,Unnamed: 0,Unnamed: 0.1,Unnamed: 0.1.1,Unnamed: 0.1.1.1,Unnamed: 0.1.1.1.1,Unnamed: 0.1.1.1.1.1,Unnamed: 0.1.1.1.1.1.1,Unnamed: 0.1.1.1.1.1.1.1,Unnamed: 0.1.1.1.1.1.1.1.1,Unnamed: 0.1.1.1.1.1.1.1.1.1,Unnamed: 0.1.1.1.1.1.1.1.1.1.1,Unnamed: 0.1.1.1.1.1.1.1.1.1.1.1,Unnamed: 0.1.1.1.1.1.1.1.1.1.1.1.1,Unnamed: 0.1.1.1.1.1.1.1.1.1.1.1.1.1,Unnamed: 0.1.1.1.1.1.1.1.1.1.1.1.1.1.1,Unnamed: 0.1.1.1.1.1.1.1.1.1.1.1.1.1.1.1,Unnamed: 0.1.1.1.1.1.1.1.1.1.1.1.1.1.1.1.1,Unnamed: 0.1.1.1.1.1.1.1.1.1.1.1.1.1.1.1.1.1,Unnamed: 0.1.1.1.1.1.1.1.1.1.1.1.1.1.1.1.1.1.1,Unnamed: 0.1.1.1.1.1.1.1.1.1.1.1.1.1.1.1.1.1.1.1,Unnamed: 0.1.1.1.1.1.1.1.1.1.1.1.1.1.1.1.1.1.1.1.1,Unnamed: 0.1.1.1.1.1.1.1.1.1.1.1.1.1.1.1.1.1.1.1.1.1,Unnamed: 0.1.1.1.1.1.1.1.1.1.1.1.1.1.1.1.1.1.1.1.1.1.1,Unnamed: 0.1.1.1.1.1.1.1.1.1.1.1.1.1.1.1.1.1.1.1.1.1.1.1,Unnamed: 0.1.1.1.1.1.1.1.1.1.1.1.1.1.1.1.1.1.1.1.1.1.1.1.1,Unnamed: 0.1.1.1.1.1.1.1.1.1.1.1.1.1.1.1.1.1.1.1.1.1.1.1.1.1,Unnamed: 0.1.1.1.1.1.1.1.1.1.1.1.1.1.1.1.1.1.1.1.1.1.1.1.1.1.1,Unnamed: 0.1.1.1.1.1.1.1.1.1.1.1.1.1.1.1.1.1.1.1.1.1.1.1.1.1.1.1,Unnamed: 0.1.1.1.1.1.1.1.1.1.1.1.1.1.1.1.1.1.1.1.1.1.1.1.1.1.1.1.1,Unnamed: 0.1.1.1.1.1.1.1.1.1.1.1.1.1.1.1.1.1.1.1.1.1.1.1.1.1.1.1.1.1,Unnamed: 0.1.1.1.1.1.1.1.1.1.1.1.1.1.1.1.1.1.1.1.1.1.1.1.1.1.1.1.1.1.1,Unnamed: 0.1.1.1.1.1.1.1.1.1.1.1.1.1.1.1.1.1.1.1.1.1.1.1.1.1.1.1.1.1.1.1,Unnamed: 0.1.1.1.1.1.1.1.1.1.1.1.1.1.1.1.1.1.1.1.1.1.1.1.1.1.1.1.1.1.1.1.1,Unnamed: 0.1.1.1.1.1.1.1.1.1.1.1.1.1.1.1.1.1.1.1.1.1.1.1.1.1.1.1.1.1.1.1.1.1,Unnamed: 0.1.1.1.1.1.1.1.1.1.1.1.1.1.1.1.1.1.1.1.1.1.1.1.1.1.1.1.1.1.1.1.1.1.1,Unnamed: 0.1.1.1.1.1.1.1.1.1.1.1.1.1.1.1.1.1.1.1.1.1.1.1.1.1.1.1.1.1.1.1.1.1.1.1,Unnamed: 0.1.1.1.1.1.1.1.1.1.1.1.1.1.1.1.1.1.1.1.1.1.1.1.1.1.1.1.1.1.1.1.1.1.1.1.1,Unnamed: 0.1.1.1.1.1.1.1.1.1.1.1.1.1.1.1.1.1.1.1.1.1.1.1.1.1.1.1.1.1.1.1.1.1.1.1.1.1,Unnamed: 0.1.1.1.1.1.1.1.1.1.1.1.1.1.1.1.1.1.1.1.1.1.1.1.1.1.1.1.1.1.1.1.1.1.1.1.1.1.1,Unnamed: 0.1.1.1.1.1.1.1.1.1.1.1.1.1.1.1.1.1.1.1.1.1.1.1.1.1.1.1.1.1.1.1.1.1.1.1.1.1.1.1,Unnamed: 0.1.1.1.1.1.1.1.1.1.1.1.1.1.1.1.1.1.1.1.1.1.1.1.1.1.1.1.1.1.1.1.1.1.1.1.1.1.1.1.1,Unnamed: 0.1.1.1.1.1.1.1.1.1.1.1.1.1.1.1.1.1.1.1.1.1.1.1.1.1.1.1.1.1.1.1.1.1.1.1.1.1.1.1.1.1,t,x0,x1,u,L,inst_cost,ctg,path_diff
0,0,0.0,0.0,0.0,0.0,0.0,0.0,0.0,0.0,0.0,0.0,0.0,0.0,0.0,0.0,0.0,0.0,0.0,0.0,0.0,0.0,,,,,,,,,,,,,,,,,,,,,,0.0,0.0,-1.0,9.206833027761435,0.0,0.0760068691,0.1242054876,0.3331605987
1,1,1.0,1.0,1.0,1.0,1.0,1.0,1.0,1.0,1.0,1.0,1.0,1.0,1.0,1.0,1.0,1.0,1.0,1.0,1.0,1.0,,,,,,,,,,,,,,,,,,,,,,0.1,-0.0506252816,-0.0286914157,-1.5277733151638633,0.0760068691,0.0026589501999999,0.0481986185,0.3331605987
2,2,2.0,2.0,2.0,2.0,2.0,2.0,2.0,2.0,2.0,2.0,2.0,2.0,2.0,2.0,2.0,2.0,2.0,2.0,2.0,2.0,,,,,,,,,,,,,,,,,,,,,,0.2,-0.0607460657,-0.171347963,-0.2676760603409868,0.0786658193,0.0036197377,0.0455396683,0.3331605987
3,3,3.0,3.0,3.0,3.0,3.0,3.0,3.0,3.0,3.0,3.0,3.0,3.0,3.0,3.0,3.0,3.0,3.0,3.0,3.0,3.0,,,,,,,,,,,,,,,,,,,,,,0.3,-0.0783466279,-0.1805150069,-0.3903208010187499,0.082285557,0.0044871961,0.0419199306,0.3331605987
4,4,4.0,4.0,4.0,4.0,4.0,4.0,4.0,4.0,4.0,4.0,4.0,4.0,4.0,4.0,4.0,4.0,4.0,4.0,4.0,4.0,,,,,,,,,,,,,,,,,,,,,,0.4,-0.0974130302,-0.2004806847,0.1530329583289106,0.0867727531,0.0045286878999999,0.0374327344999999,0.3331605987
5,5,5.0,5.0,5.0,5.0,5.0,5.0,5.0,5.0,5.0,5.0,5.0,5.0,5.0,5.0,5.0,5.0,5.0,5.0,5.0,5.0,,,,,,,,,,,,,,,,,,,,,,0.5,-0.1157510177,-0.1668394013,-0.5854623788001347,0.091301441,0.0052446425,0.0329040466,0.3331605987
6,6,6.0,6.0,6.0,6.0,6.0,6.0,6.0,6.0,6.0,6.0,6.0,6.0,6.0,6.0,6.0,6.0,6.0,6.0,6.0,6.0,,,,,,,,,,,,,,,,,,,,,,0.6,-0.1344600053,-0.2066766516,0.1297305932812818,0.0965460835,0.0057261073999999,0.0276594040999999,0.3331605987
7,7,7.0,7.0,7.0,7.0,7.0,7.0,7.0,7.0,7.0,7.0,7.0,7.0,7.0,7.0,7.0,7.0,7.0,7.0,7.0,7.0,,,,,,,,,,,,,,,,,,,,,,0.7,-0.1535004043,-0.1746631933,-0.2628000008870342,0.1022721909,0.0058760578999999,0.0219332966999999,0.3331605987
8,8,8.0,8.0,8.0,8.0,8.0,8.0,8.0,8.0,8.0,8.0,8.0,8.0,8.0,8.0,8.0,8.0,8.0,8.0,8.0,8.0,,,,,,,,,,,,,,,,,,,,,,0.8,-0.1713929044,-0.1830506932,-0.5192817793454453,0.1081482488,0.0073988781,0.0160572387999999,0.3331605987
9,9,9.0,9.0,9.0,9.0,9.0,9.0,9.0,9.0,9.0,9.0,9.0,9.0,9.0,9.0,9.0,9.0,9.0,9.0,9.0,9.0,,,,,,,,,,,,,,,,,,,,,,0.9,-0.1913243534,-0.2150474222,-0.1821491127118603,0.1155471269,0.0086583606999999,0.0086583606999999,0.3331605987
10,10,10.0,10.0,10.0,10.0,10.0,10.0,10.0,10.0,10.0,10.0,10.0,10.0,10.0,10.0,10.0,10.0,10.0,10.0,10.0,10.0,,,,,,,,,,,,,,,,,,,,,,0.0,0.0,-1.0,9.390424331083128,0.0,0.0771053333,0.1268597371,0.3156745138
11,11,11.0,11.0,11.0,11.0,11.0,11.0,11.0,11.0,11.0,11.0,11.0,11.0,11.0,11.0,11.0,11.0,11.0,11.0,11.0,11.0,,,,,,,,,,,,,,,,,,,,,,0.1,-0.0497371737,-0.0112203932,-1.895407948443408,0.0771053333,0.003397873,0.0497544038,0.3156745138
12,12,12.0,12.0,12.0,12.0,12.0,12.0,12.0,12.0,12.0,12.0,12.0,12.0,12.0,12.0,12.0,12.0,12.0,12.0,12.0,12.0,,,,,,,,,,,,,,,,,,,,,,0.2,-0.0599737801,-0.1905245817,-0.1358699410083549,0.0805032063,0.0040242340999999,0.0463565308,0.3156745138
13,13,13.0,13.0,13.0,13.0,13.0,13.0,13.0,13.0,13.0,13.0,13.0,13.0,13.0,13.0,13.0,13.0,13.0,13.0,13.0,13.0,,,,,,,,,,,,,,,,,,,,,,0.3,-0.0787619231,-0.1853234327,-0.3438756802324103,0.0845274404,0.0045682266999999,0.0423322967,0.3156745138
14,14,14.0,14.0,14.0,14.0,14.0,14.0,14.0,14.0,14.0,14.0,14.0,14.0,14.0,14.0,14.0,14.0,14.0,14.0,14.0,14.0,,,,,,,,,,,,,,,,,,,,,,0.4,-0.0980612345,-0.2004116894,-0.031372857011817,0.0890956671,0.0048634003999999,0.03776407,0.3156745138
15,15,15.0,15.0,15.0,15.0,15.0,15.0,15.0,15.0,15.0,15.0,15.0,15.0,15.0,15.0,15.0,15.0,15.0,15.0,15.0,15.0,,,,,,,,,,,,,,,,,,,,,,0.5,-0.1172847233,-0.1843254862,-0.1549609311170726,0.0939590675,0.0049594011,0.0329006696,0.3156745138
16,16,16.0,16.0,16.0,16.0,16.0,16.0,16.0,16.0,16.0,16.0,16.0,16.0,16.0,16.0,16.0,16.0,16.0,16.0,16.0,16.0,,,,,,,,,,,,,,,,,,,,,,0.6,-0.1355752506,-0.1815310521,-0.4019469494656139,0.0989184686,0.0058842410999999,0.0279412685,0.3156745138
17,17,17.0,17.0,17.0,17.0,17.0,17.0,17.0,17.0,17.0,17.0,17.0,17.0,17.0,17.0,17.0,17.0,17.0,17.0,17.0,17.0,,,,,,,,,,,,,,,,,,,,,,0.7,-0.154794481,-0.2025065166,-0.0828636339619539,0.1048027097,0.0065911473999999,0.0220570274,0.3156745138
18,18,18.0,18.0,18.0,18.0,18.0,18.0,18.0,18.0,18.0,18.0,18.0,18.0,18.0,18.0,18.0,18.0,18.0,18.0,18.0,18.0,,,,,,,,,,,,,,,,,,,,,,0.8,-0.1744665002,-0.1911208608,-0.3450993836253009,0.1113938571,0.0074034224,0.01546588,0.3156745138
19,19,19.0,19.0,19.0,19.0,19.0,19.0,19.0,19.0,19.0,19.0,19.0,19.0,19.0,19.0,19.0,19.0,19.0,19.0,19.0,19.0,,,,,,,,,,,,,,,,,,,,,,0.9,-0.1943232497,-0.2057740497,-0.0248142192107257,0.1187972795,0.0080624576,0.0080624576,0.3156745138
20,20,20.0,20.0,20.0,20.0,20.0,20.0,20.0,20.0,20.0,20.0,20.0,20.0,20.0,20.0,20.0,20.0,20.0,20.0,20.0,20.0,,,,,,,,,,,,,,,,,,,,,,0.0,0.0,-1.0,9.17399393847961,0.0,0.0758161426,0.1258448243,0.3060872096
21,21,21.0,21.0,21.0,21.0,21.0,21.0,21.0,21.0,21.0,21.0,21.0,21.0,21.0,21.0,21.0,21.0,21.0,21.0,21.0,21.0,,,,,,,,,,,,,,,,,,,,,,0.1,-0.050784138,-0.0318164682,-1.6902505469405058,0.0758161426,0.0031958724,0.0500286816999999,0.3060872096
22,22,22.0,22.0,22.0,22.0,22.0,22.0,22.0,22.0,22.0,22.0,22.0,22.0,22.0,22.0,22.0,22.0,22.0,22.0,22.0,22.0,,,,,,,,,,,,,,,,,,,,,,0.2,-0.0619882813,-0.1896373795,0.0236409773541012,0.079012015,0.003727805,0.0468328092999999,0.3060872096
23,23,23.0,23.0,23.0,23.0,23.0,23.0,23.0,23.0,23.0,23.0,23.0,23.0,23.0,23.0,23.0,23.0,23.0,23.0,23.0,23.0,,,,,,,,,,,,,,,,,,,,,,0.3,-0.0799203034,-0.1693412597,-0.2254940399929635,0.08273982,0.0037716255999999,0.0431050042999999,0.3060872096
24,24,24.0,24.0,24.0,24.0,24.0,24.0,24.0,24.0,24.0,24.0,24.0,24.0,24.0,24.0,24.0,24.0,24.0,24.0,24.0,24.0,,,,,,,,,,,,,,,,,,,,,,0.4,-0.0971258208,-0.1746851463,-0.3767350509254958,0.0865114456,0.0046070401999999,0.0393333786999999,0.3060872096
25,25,25.0,25.0,25.0,25.0,25.0,25.0,25.0,25.0,25.0,25.0,25.0,25.0,25.0,25.0,25.0,25.0,25.0,25.0,25.0,25.0,,,,,,,,,,,,,,,,,,,,,,0.5,-0.1155716818,-0.1939127904,-0.2807747748333136,0.0911184858,0.0055409867,0.0347263384999999,0.3060872096
26,26,26.0,26.0,26.0,26.0,26.0,26.0,26.0,26.0,26.0,26.0,26.0,26.0,26.0,26.0,26.0,26.0,26.0,26.0,26.0,26.0,,,,,,,,,,,,,,,,,,,,,,0.6,-0.1353830928,-0.2021788569,-0.1952914687413317,0.0966594725,0.0062131969,0.0291853517999999,0.3060872096
27,27,27.0,27.0,27.0,27.0,27.0,27.0,27.0,27.0,27.0,27.0,27.0,27.0,27.0,27.0,27.0,27.0,27.0,27.0,27.0,27.0,,,,,,,,,,,,,,,,,,,,,,0.7,-0.1555676682,-0.2015234284,-0.3059867727646146,0.1028726694,0.0070681360999999,0.0229721548999999,0.3060872096
28,28,28.0,28.0,28.0,28.0,28.0,28.0,28.0,28.0,28.0,28.0,28.0,28.0,28.0,28.0,28.0,28.0,28.0,28.0,28.0,28.0,,,,,,,,,,,,,,,,,,,,,,0.8,-0.1762252215,-0.2114645524,0.0429390794328225,0.1099408055,0.0074495722,0.0159040187999999,0.3060872096
29,29,29.0,29.0,29.0,29.0,29.0,29.0,29.0,29.0,29.0,29.0,29.0,29.0,29.0,29.0,29.0,29.0,29.0,29.0,29.0,29.0,,,,,,,,,,,,,,,,,,,,,,0.9,-0.1961411657,-0.1872547002,-0.491627453219517,0.1173903777,0.0084544465999999,0.0084544465999999,0.3060872096
30,30,30.0,30.0,30.0,30.0,30.0,30.0,30.0,30.0,30.0,30.0,30.0,30.0,30.0,30.0,30.0,30.0,30.0,30.0,30.0,30.0,,,,,,,,,,,,,,,,,,,,,,0.0,0.0,-1.0,9.30593858312923,0.0,0.0765930563,0.1260195354,0.3180638075999999
31,31,31.0,31.0,31.0,31.0,31.0,31.0,31.0,31.0,31.0,31.0,31.0,31.0,31.0,31.0,31.0,31.0,31.0,31.0,31.0,31.0,,,,,,,,,,,,,,,,,,,,,,0.1,-0.0501458666,-0.0192602751,-1.6018123904826138,0.0765930563,0.0026788405999999,0.0494264790999999,0.3180638075999999
32,32,32.0,32.0,32.0,32.0,32.0,32.0,32.0,32.0,32.0,32.0,32.0,32.0,32.0,32.0,32.0,32.0,32.0,32.0,32.0,32.0,,,,,,,,,,,,,,,,,,,,,,0.2,-0.0597273647,-0.169860016,-0.3856001372750427,0.0792718969,0.0038014499999999,0.0467476384999999,0.3180638075999999
33,33,33.0,33.0,33.0,33.0,33.0,33.0,33.0,33.0,33.0,33.0,33.0,33.0,33.0,33.0,33.0,33.0,33.0,33.0,33.0,33.0,,,,,,,,,,,,,,,,,,,,,,0.3,-0.0777569908,-0.1903904037,-0.3066221959498028,0.0830733469,0.0046586051,0.0429461884999999,0.3180638075999999
34,34,34.0,34.0,34.0,34.0,34.0,34.0,34.0,34.0,34.0,34.0,34.0,34.0,34.0,34.0,34.0,34.0,34.0,34.0,34.0,34.0,,,,,,,,,,,,,,,,,,,,,,0.4,-0.0973579677,-0.2014516464,0.0036229540026994,0.087731952,0.0048216534,0.0382875833999999,0.3180638075999999
35,35,35.0,35.0,35.0,35.0,35.0,35.0,35.0,35.0,35.0,35.0,35.0,35.0,35.0,35.0,35.0,35.0,35.0,35.0,35.0,35.0,,,,,,,,,,,,,,,,,,,,,,0.5,-0.1165111263,-0.1819361924,-0.2862699051184442,0.0925536054,0.0051230483999999,0.0334659299999999,0.3180638075999999
36,36,36.0,36.0,36.0,36.0,36.0,36.0,36.0,36.0,36.0,36.0,36.0,36.0,36.0,36.0,36.0,36.0,36.0,36.0,36.0,36.0,,,,,,,,,,,,,,,,,,,,,,0.6,-0.135209373,-0.1918649362,-0.1427384504828734,0.0976766538,0.0056985222,0.0283428815999999,0.3180638075999999
37,37,37.0,37.0,37.0,37.0,37.0,37.0,37.0,37.0,37.0,37.0,37.0,37.0,37.0,37.0,37.0,37.0,37.0,37.0,37.0,37.0,,,,,,,,,,,,,,,,,,,,,,0.7,-0.1541582785,-0.1871898758,-0.366147572519873,0.103375176,0.0065916983999999,0.0226443593999999,0.3180638075999999
38,38,38.0,38.0,38.0,38.0,38.0,38.0,38.0,38.0,38.0,38.0,38.0,38.0,38.0,38.0,38.0,38.0,38.0,38.0,38.0,38.0,,,,,,,,,,,,,,,,,,,,,,0.8,-0.1737428022,-0.2042201093,-0.3170539028126091,0.1099668744,0.0078422047,0.0160526609999999,0.3180638075999999
39,39,39.0,39.0,39.0,39.0,39.0,39.0,39.0,39.0,39.0,39.0,39.0,39.0,39.0,39.0,39.0,39.0,39.0,39.0,39.0,39.0,,,,,,,,,,,,,,,,,,,,,,0.9,-0.1947104817,-0.2149578201,0.0971260821968515,0.1178090791,0.0082104562999999,0.0082104562999999,0.3180638075999999
40,40,40.0,40.0,40.0,40.0,40.0,40.0,40.0,40.0,40.0,40.0,40.0,40.0,40.0,40.0,40.0,40.0,40.0,40.0,40.0,40.0,,,,,,,,,,,,,,,,,,,,,,0.0,0.0,-1.0,9.238103572157591,0.0,0.0761901093,0.1252162146,0.2968361127
41,41,41.0,41.0,41.0,41.0,41.0,41.0,41.0,41.0,41.0,41.0,41.0,41.0,41.0,41.0,41.0,41.0,41.0,41.0,41.0,41.0,,,,,,,,,,,,,,,,,,,,,,0.1,-0.0504740129,-0.0257156299,-1.5785555092611183,0.0761901093,0.0027400818,0.0490261052999999,0.2968361127
42,42,42.0,42.0,42.0,42.0,42.0,42.0,42.0,42.0,42.0,42.0,42.0,42.0,42.0,42.0,42.0,42.0,42.0,42.0,42.0,42.0,,,,,,,,,,,,,,,,,,,,,,0.2,-0.0605573039,-0.1734878898,-0.0974135669583509,0.0789301911,0.0033688279999999,0.0462860234999999,0.2968361127
43,43,43.0,43.0,43.0,43.0,43.0,43.0,43.0,43.0,43.0,43.0,43.0,43.0,43.0,43.0,43.0,43.0,43.0,43.0,43.0,43.0,,,,,,,,,,,,,,,,,,,,,,0.3,-0.0775382415,-0.1662483089,-0.3665005484598876,0.0822990191,0.0039107477,0.0429171954999999,0.2968361127
44,44,44.0,44.0,44.0,44.0,44.0,44.0,44.0,44.0,44.0,44.0,44.0,44.0,44.0,44.0,44.0,44.0,44.0,44.0,44.0,44.0,,,,,,,,,,,,,,,,,,,,,,0.4,-0.0951317549,-0.1853048503,-0.3729731237778008,0.0862097668,0.0049501302,0.0390064477999999,0.2968361127
45,45,45.0,45.0,45.0,45.0,45.0,45.0,45.0,45.0,45.0,45.0,45.0,45.0,45.0,45.0,45.0,45.0,45.0,45.0,45.0,45.0,,,,,,,,,,,,,,,,,,,,,,0.5,-0.1145700303,-0.2031638873,-0.2479783598506689,0.091159897,0.0058081071999999,0.0340563175999999,0.2968361127
46,46,46.0,46.0,46.0,46.0,46.0,46.0,46.0,46.0,46.0,46.0,46.0,46.0,46.0,46.0,46.0,46.0,46.0,46.0,46.0,46.0,,,,,,,,,,,,,,,,,,,,,,0.6,-0.1351031795,-0.2074285741,0.0015355360047218,0.0969680042,0.0060065774,0.0282482103999999,0.2968361127
47,47,47.0,47.0,47.0,47.0,47.0,47.0,47.0,47.0,47.0,47.0,47.0,47.0,47.0,47.0,47.0,47.0,47.0,47.0,47.0,47.0,,,,,,,,,,,,,,,,,,,,,,0.7,-0.1548352904,-0.1875429096,-0.1942966155655347,0.1029745816,0.0062484139999999,0.0222416329999999,0.2968361127
48,48,48.0,48.0,48.0,48.0,48.0,48.0,48.0,48.0,48.0,48.0,48.0,48.0,48.0,48.0,48.0,48.0,48.0,48.0,48.0,48.0,,,,,,,,,,,,,,,,,,,,,,0.8,-0.1736222382,-0.1881856234,-0.5099384102585536,0.1092229956,0.0076620443999999,0.0159932189999999,0.2968361127
49,49,49.0,49.0,49.0,49.0,49.0,49.0,49.0,49.0,49.0,49.0,49.0,49.0,49.0,49.0,49.0,49.0,49.0,49.0,49.0,49.0,,,,,,,,,,,,,,,,,,,,,,0.9,-0.1939971324,-0.2188045702,0.1001229119011302,0.11688504,0.0083311745999999,0.0083311745999999,0.2968361127
50,50,50.0,50.0,50.0,50.0,50.0,50.0,50.0,50.0,50.0,50.0,50.0,50.0,50.0,50.0,50.0,50.0,50.0,50.0,50.0,50.0,,,,,,,,,,,,,,,,,,,,,,0.0,0.0,-1.0,9.344919271934568,0.0,0.076827978,0.1240495794,0.3290163511
51,51,51.0,51.0,51.0,51.0,51.0,51.0,51.0,51.0,51.0,51.0,51.0,51.0,51.0,51.0,51.0,51.0,51.0,51.0,51.0,51.0,,,,,,,,,,,,,,,,,,,,,,0.1,-0.0499573007,-0.0155507721,-1.7143247175094114,0.076827978,0.0029292720999999,0.0472216013999999,0.3290163511
52,52,52.0,52.0,52.0,52.0,52.0,52.0,52.0,52.0,52.0,52.0,52.0,52.0,52.0,52.0,52.0,52.0,52.0,52.0,52.0,52.0,,,,,,,,,,,,,,,,,,,,,,0.2,-0.0597300592,-0.1772104853,-0.0353100019256553,0.0797572501,0.0033738878999999,0.0442923293,0.3290163511
53,53,53.0,53.0,53.0,53.0,53.0,53.0,53.0,53.0,53.0,53.0,53.0,53.0,53.0,53.0,53.0,53.0,53.0,53.0,53.0,53.0,,,,,,,,,,,,,,,,,,,,,,0.3,-0.0767649295,-0.1637066152,-0.4871037559324024,0.083131138,0.004076499,0.0409184414,0.3290163511
54,54,54.0,54.0,54.0,54.0,54.0,54.0,54.0,54.0,54.0,54.0,54.0,54.0,54.0,54.0,54.0,54.0,54.0,54.0,54.0,54.0,,,,,,,,,,,,,,,,,,,,,,0.4,-0.0946999957,-0.1944819246,0.0524454960689613,0.087207637,0.0044228056999999,0.0368419423999999,0.3290163511
55,55,55.0,55.0,55.0,55.0,55.0,55.0,55.0,55.0,55.0,55.0,55.0,55.0,55.0,55.0,55.0,55.0,55.0,55.0,55.0,55.0,,,,,,,,,,,,,,,,,,,,,,0.5,-0.1129537219,-0.1709836489,-0.348565477381891,0.0916304427,0.0047738828,0.0324191367,0.3290163511
56,56,56.0,56.0,56.0,56.0,56.0,56.0,56.0,56.0,56.0,56.0,56.0,56.0,56.0,56.0,56.0,56.0,56.0,56.0,56.0,56.0,,,,,,,,,,,,,,,,,,,,,,0.6,-0.1309110266,-0.1878828919,-0.3344842816845071,0.0964043255,0.0058375719,0.0276452539,0.3290163511
57,57,57.0,57.0,57.0,57.0,57.0,57.0,57.0,57.0,57.0,57.0,57.0,57.0,57.0,57.0,57.0,57.0,57.0,57.0,57.0,57.0,,,,,,,,,,,,,,,,,,,,,,0.7,-0.1504083779,-0.2018339687,0.0447808753682757,0.1022418974,0.0061782457999999,0.0218076819999999,0.3290163511
58,58,58.0,58.0,58.0,58.0,58.0,58.0,58.0,58.0,58.0,58.0,58.0,58.0,58.0,58.0,58.0,58.0,58.0,58.0,58.0,58.0,,,,,,,,,,,,,,,,,,,,,,0.8,-0.1693989168,-0.1783653423,-0.4958657210217753,0.1084201432,0.0070848225999999,0.0156294362,0.3290163511
59,59,59.0,59.0,59.0,59.0,59.0,59.0,59.0,59.0,59.0,59.0,59.0,59.0,59.0,59.0,59.0,59.0,59.0,59.0,59.0,59.0,,,,,,,,,,,,,,,,,,,,,,0.9,-0.1887712185,-0.2085796127,-0.2934414776835995,0.1155049658,0.0085446136,0.0085446136,0.3290163511
60,60,60.0,60.0,60.0,60.0,60.0,60.0,60.0,60.0,60.0,60.0,60.0,60.0,60.0,60.0,60.0,60.0,60.0,60.0,60.0,,,,,,,,,,,,,,,,,,,,,,,0.0,0.0,-1.0,13.847724799610509,0.0,0.1205286207,2.506065741,2.3786101601
61,61,61.0,61.0,61.0,61.0,61.0,61.0,61.0,61.0,61.0,61.0,61.0,61.0,61.0,61.0,61.0,61.0,61.0,61.0,61.0,,,,,,,,,,,,,,,,,,,,,,,0.1,-0.0281753487,0.4129478286,10.338941626241134,0.1205286207,0.1407208035,2.3855371203,2.3786101601
62,62,62.0,62.0,62.0,62.0,62.0,62.0,62.0,62.0,62.0,62.0,62.0,62.0,62.0,62.0,62.0,62.0,62.0,62.0,62.0,,,,,,,,,,,,,,,,,,,,,,,0.2,0.0611356086,1.357531034,7.731077385191349,0.2612494242,0.3126287151999999,2.2448163168,2.3786101601
63,63,63.0,63.0,63.0,63.0,63.0,63.0,63.0,63.0,63.0,63.0,63.0,63.0,63.0,63.0,63.0,63.0,63.0,63.0,63.0,,,,,,,,,,,,,,,,,,,,,,,0.3,0.2277202211,1.96405416,1.9068468517284447,0.5738781394,0.3974208894,1.9321876016,2.3786101601
64,64,64.0,64.0,64.0,64.0,64.0,64.0,64.0,64.0,64.0,64.0,64.0,64.0,64.0,64.0,64.0,64.0,64.0,64.0,64.0,,,,,,,,,,,,,,,,,,,,,,,0.4,0.4238489062,1.9586101601,0.4702332475104778,0.9712990288,0.38348064,1.5347667122000002,2.3786101601
65,65,65.0,65.0,65.0,65.0,65.0,65.0,65.0,65.0,65.0,65.0,65.0,65.0,65.0,65.0,65.0,65.0,65.0,65.0,65.0,,,,,,,,,,,,,,,,,,,,,,,0.5,0.6125102447,1.8169721463,-1.1022800905557415,1.3547796688,0.3311044156,1.1512860722,2.3786101601
66,66,66.0,66.0,66.0,66.0,66.0,66.0,66.0,66.0,66.0,66.0,66.0,66.0,66.0,66.0,66.0,66.0,66.0,66.0,66.0,,,,,,,,,,,,,,,,,,,,,,,0.6,0.7800857823,1.5391685997,-1.7252612073608429,1.6858840844,0.2657828686999999,0.8201816566,2.3786101601
67,67,67.0,67.0,67.0,67.0,67.0,67.0,67.0,67.0,67.0,67.0,67.0,67.0,67.0,67.0,67.0,67.0,67.0,67.0,67.0,,,,,,,,,,,,,,,,,,,,,,,0.7,0.9182113261,1.2285169351,-1.8296435347514488,1.9516669531,0.2142395817,0.5543987879000001,2.3786101601
68,68,68.0,68.0,68.0,68.0,68.0,68.0,68.0,68.0,68.0,68.0,68.0,68.0,68.0,68.0,68.0,68.0,68.0,68.0,68.0,,,,,,,,,,,,,,,,,,,,,,,0.8,1.0262695704,0.9374943373,-2.0308853242942706,2.1659065348,0.1799362321000002,0.3401592062,2.3786101601
69,69,69.0,69.0,69.0,69.0,69.0,69.0,69.0,69.0,69.0,69.0,69.0,69.0,69.0,69.0,69.0,69.0,69.0,69.0,69.0,,,,,,,,,,,,,,,,,,,,,,,0.9,1.1056596893,0.6550156861,-1.6108405771147825,2.3458427669,0.1602229740999998,0.1602229740999998,2.3786101601
70,70,70.0,70.0,70.0,70.0,70.0,70.0,70.0,70.0,70.0,70.0,70.0,70.0,70.0,70.0,70.0,70.0,70.0,70.0,70.0,,,,,,,,,,,,,,,,,,,,,,,0.0,0.0,-1.0,13.63731679723503,0.0,0.1177550879,2.5212679599,2.3860305181
71,71,71.0,71.0,71.0,71.0,71.0,71.0,71.0,71.0,71.0,71.0,71.0,71.0,71.0,71.0,71.0,71.0,71.0,71.0,71.0,,,,,,,,,,,,,,,,,,,,,,,0.1,-0.0291931801,0.3929248599,10.379064756939606,0.1177550879,0.1381938078,2.403512872,2.3860305181
72,72,72.0,72.0,72.0,72.0,72.0,72.0,72.0,72.0,72.0,72.0,72.0,72.0,72.0,72.0,72.0,72.0,72.0,72.0,72.0,,,,,,,,,,,,,,,,,,,,,,,0.2,0.0584064327,1.3432317228,8.06301050056366,0.2559488957,0.3163299938999999,2.2653190642,2.3860305181
73,73,73.0,73.0,73.0,73.0,73.0,73.0,73.0,73.0,73.0,73.0,73.0,73.0,73.0,73.0,73.0,73.0,73.0,73.0,73.0,,,,,,,,,,,,,,,,,,,,,,,0.3,0.2252359848,1.9827032207,1.8075010661280977,0.5722788896,0.4022223288000001,1.9489890703,2.3860305181
74,74,74.0,74.0,74.0,74.0,74.0,74.0,74.0,74.0,74.0,74.0,74.0,74.0,74.0,74.0,74.0,74.0,74.0,74.0,74.0,,,,,,,,,,,,,,,,,,,,,,,0.4,0.4226587939,1.9660305181,0.1589359490843042,0.9745012184,0.3803094937999999,1.5467667415,2.3860305181
75,75,75.0,75.0,75.0,75.0,75.0,75.0,75.0,75.0,75.0,75.0,75.0,75.0,75.0,75.0,75.0,75.0,75.0,75.0,75.0,,,,,,,,,,,,,,,,,,,,,,,0.5,0.6105203965,1.7940625105,-0.7930161383307419,1.3548107122,0.3280216273,1.1664572477,2.3860305181
76,76,76.0,76.0,76.0,76.0,76.0,76.0,76.0,76.0,76.0,76.0,76.0,76.0,76.0,76.0,76.0,76.0,76.0,76.0,76.0,,,,,,,,,,,,,,,,,,,,,,,0.6,0.7774118358,1.5478694573,-1.4677577484392224,1.6828323395,0.2707180406,0.8384356203999999,2.3860305181
77,77,77.0,77.0,77.0,77.0,77.0,77.0,77.0,77.0,77.0,77.0,77.0,77.0,77.0,77.0,77.0,77.0,77.0,77.0,77.0,,,,,,,,,,,,,,,,,,,,,,,0.7,0.9176110276,1.2608944907,-1.887318027924836,1.9535503801,0.2206985218999999,0.5677175797999998,2.3860305181
78,78,78.0,78.0,78.0,78.0,78.0,78.0,78.0,78.0,78.0,78.0,78.0,78.0,78.0,78.0,78.0,78.0,78.0,78.0,78.0,,,,,,,,,,,,,,,,,,,,,,,0.8,1.0284714072,0.9613023083,-2.043865603758732,2.174248902,0.1842414900000002,0.3470190578999998,2.3860305181
79,79,79.0,79.0,79.0,79.0,79.0,79.0,79.0,79.0,79.0,79.0,79.0,79.0,79.0,79.0,79.0,79.0,79.0,79.0,79.0,,,,,,,,,,,,,,,,,,,,,,,0.9,1.1100643647,0.6753227904,-1.8337128758730985,2.358490392,0.1627775678999996,0.1627775678999996,2.3860305181
80,80,80.0,80.0,80.0,80.0,80.0,80.0,80.0,80.0,80.0,80.0,80.0,80.0,80.0,80.0,80.0,80.0,80.0,80.0,80.0,,,,,,,,,,,,,,,,,,,,,,,0.0,0.0,-1.0,13.642139198954688,0.0,0.1178178523,2.5293931851,2.4084253054
81,81,81.0,81.0,81.0,81.0,81.0,81.0,81.0,81.0,81.0,81.0,81.0,81.0,81.0,81.0,81.0,81.0,81.0,81.0,81.0,,,,,,,,,,,,,,,,,,,,,,,0.1,-0.0291698522,0.3933837721,10.283815135892311,0.1178178523,0.1363364198999999,2.4115753328,2.4084253054
82,82,82.0,82.0,82.0,82.0,82.0,82.0,82.0,82.0,82.0,82.0,82.0,82.0,82.0,82.0,82.0,82.0,82.0,82.0,82.0,,,,,,,,,,,,,,,,,,,,,,,0.2,0.0580126696,1.3345827639,7.950605398244363,0.2541542722,0.3107529195,2.2752389129,2.4084253054
83,83,83.0,83.0,83.0,83.0,83.0,83.0,83.0,83.0,83.0,83.0,83.0,83.0,83.0,83.0,83.0,83.0,83.0,83.0,83.0,,,,,,,,,,,,,,,,,,,,,,,0.3,0.223475414,1.9641805593,2.218952194409723,0.5649071917,0.4038251717,1.9644859934,2.4084253054
84,84,84.0,84.0,84.0,84.0,84.0,84.0,84.0,84.0,84.0,84.0,84.0,84.0,84.0,84.0,84.0,84.0,84.0,84.0,84.0,,,,,,,,,,,,,,,,,,,,,,,0.4,0.4211258874,1.9884253054,0.1144088821640334,0.9687323634,0.3875085322,1.5606608217,2.4084253054
85,85,85.0,85.0,85.0,85.0,85.0,85.0,85.0,85.0,85.0,85.0,85.0,85.0,85.0,85.0,85.0,85.0,85.0,85.0,85.0,,,,,,,,,,,,,,,,,,,,,,,0.5,0.6109032333,1.8100888476,-0.7207490347723893,1.3562408956,0.3344207368999998,1.1731522895,2.4084253054
86,86,86.0,86.0,86.0,86.0,86.0,86.0,86.0,86.0,86.0,86.0,86.0,86.0,86.0,86.0,86.0,86.0,86.0,86.0,86.0,,,,,,,,,,,,,,,,,,,,,,,0.6,0.779669365,1.5692478125,-1.7293065201322897,1.6906616325,0.2739234290000001,0.8387315526000001,2.4084253054
87,87,87.0,87.0,87.0,87.0,87.0,87.0,87.0,87.0,87.0,87.0,87.0,87.0,87.0,87.0,87.0,87.0,87.0,87.0,87.0,,,,,,,,,,,,,,,,,,,,,,,0.7,0.9206377507,1.2553487748,-1.872815068191772,1.9645850615,0.2201920514999999,0.5648081236,2.4084253054
88,88,88.0,88.0,88.0,88.0,88.0,88.0,88.0,88.0,88.0,88.0,88.0,88.0,88.0,88.0,88.0,88.0,88.0,88.0,88.0,,,,,,,,,,,,,,,,,,,,,,,0.8,1.0310405452,0.9576644734,-2.1691219058053965,2.184777113,0.1834854389,0.3446160721,2.4084253054
89,89,89.0,89.0,89.0,89.0,89.0,89.0,89.0,89.0,89.0,89.0,89.0,89.0,89.0,89.0,89.0,89.0,89.0,89.0,89.0,,,,,,,,,,,,,,,,,,,,,,,0.9,1.1116813966,0.6601114315,-1.911264402311757,2.3682625519,0.1611306331999999,0.1611306331999999,2.4084253054
90,90,90.0,90.0,90.0,90.0,90.0,90.0,90.0,90.0,90.0,90.0,90.0,90.0,90.0,90.0,90.0,90.0,90.0,90.0,90.0,,,,,,,,,,,,,,,,,,,,,,,0.0,0.0,-1.0,13.757862659616194,0.0,0.1193353125,2.5010581431,2.3739677693
91,91,91.0,91.0,91.0,91.0,91.0,91.0,91.0,91.0,91.0,91.0,91.0,91.0,91.0,91.0,91.0,91.0,91.0,91.0,91.0,,,,,,,,,,,,,,,,,,,,,,,0.1,-0.0286100494,0.4043963154,10.346561011080924,0.1193353125,0.1394396091999999,2.3817228306,2.3739677693
92,92,92.0,92.0,92.0,92.0,92.0,92.0,92.0,92.0,92.0,92.0,92.0,92.0,92.0,92.0,92.0,92.0,92.0,92.0,92.0,,,,,,,,,,,,,,,,,,,,,,,0.2,0.0599239822,1.3505183849,7.898124625329727,0.2587749217,0.3145378373,2.2422832214,2.3739677693
93,93,93.0,93.0,93.0,93.0,93.0,93.0,93.0,93.0,93.0,93.0,93.0,93.0,93.0,93.0,93.0,93.0,93.0,93.0,93.0,,,,,,,,,,,,,,,,,,,,,,,0.3,0.2266493301,1.9736054995,1.7672458840691747,0.573312759,0.3980306818,1.9277453841,2.3739677693
94,94,94.0,94.0,94.0,94.0,94.0,94.0,94.0,94.0,94.0,94.0,94.0,94.0,94.0,94.0,94.0,94.0,94.0,94.0,94.0,,,,,,,,,,,,,,,,,,,,,,,0.4,0.4230116487,1.9539677693,0.2784735323648434,0.9713434408,0.3781582586999999,1.5297147022999995,2.3739677693
95,95,95.0,95.0,95.0,95.0,95.0,95.0,95.0,95.0,95.0,95.0,95.0,95.0,95.0,95.0,95.0,95.0,95.0,95.0,95.0,,,,,,,,,,,,,,,,,,,,,,,0.5,0.6103035728,1.7945231985,-0.791010491581815,1.3495016995,0.3281716323999999,1.1515564436,2.3739677693
96,96,96.0,96.0,96.0,96.0,96.0,96.0,96.0,96.0,96.0,96.0,96.0,96.0,96.0,96.0,96.0,96.0,96.0,96.0,96.0,,,,,,,,,,,,,,,,,,,,,,,0.6,0.7772485516,1.5484771705,-1.6545144609303826,1.6776733319,0.2686572822000002,0.8233848112,2.3739677693
97,97,97.0,97.0,97.0,97.0,97.0,97.0,97.0,97.0,97.0,97.0,97.0,97.0,97.0,97.0,97.0,97.0,97.0,97.0,97.0,,,,,,,,,,,,,,,,,,,,,,,0.7,0.9166021531,1.2436721229,-1.9759868621661247,1.9463306141,0.2159706209,0.5547275289999998,2.3739677693
98,98,98.0,98.0,98.0,98.0,98.0,98.0,98.0,98.0,98.0,98.0,98.0,98.0,98.0,98.0,98.0,98.0,98.0,98.0,98.0,,,,,,,,,,,,,,,,,,,,,,,0.8,1.0253946474,0.9372809424,-2.041682125754797,2.162301235,0.1796549347999998,0.3387569080999997,2.3739677693
99,99,99.0,99.0,99.0,99.0,99.0,99.0,99.0,99.0,99.0,99.0,99.0,99.0,99.0,99.0,99.0,99.0,99.0,99.0,99.0,,,,,,,,,,,,,,,,,,,,,,,0.9,1.10471223,0.6537951472,-1.8289400712290744,2.3419561698,0.1591019732999998,0.1591019732999998,2.3739677693
100,100,100.0,100.0,100.0,100.0,100.0,100.0,100.0,100.0,100.0,100.0,100.0,100.0,100.0,100.0,100.0,100.0,100.0,100.0,100.0,,,,,,,,,,,,,,,,,,,,,,,0.0,0.0,-1.0,13.86581621150949,0.0,0.1207704442,2.5318942427000004,2.3881056669
101,101,101.0,101.0,101.0,101.0,101.0,101.0,101.0,101.0,101.0,101.0,101.0,101.0,101.0,101.0,101.0,101.0,101.0,101.0,101.0,,,,,,,,,,,,,,,,,,,,,,,0.1,-0.0280878329,0.4146694541,10.544421069698132,0.1207704442,0.1452589222999999,2.4111237985,2.3881056669
102,102,102.0,102.0,102.0,102.0,102.0,102.0,102.0,102.0,102.0,102.0,102.0,102.0,102.0,102.0,102.0,102.0,102.0,102.0,102.0,,,,,,,,,,,,,,,,,,,,,,,0.2,0.0623809487,1.3786427794,7.622178163687621,0.2660293665,0.3166921565,2.2658648762,2.3881056669
103,103,103.0,103.0,103.0,103.0,103.0,103.0,103.0,103.0,103.0,103.0,103.0,103.0,103.0,103.0,103.0,103.0,103.0,103.0,103.0,,,,,,,,,,,,,,,,,,,,,,,0.3,0.2304478183,1.9727937262,1.9235300881399005,0.582721523,0.4012510895,1.9491727197,2.3881056669
104,104,104.0,104.0,104.0,104.0,104.0,104.0,104.0,104.0,104.0,104.0,104.0,104.0,104.0,104.0,104.0,104.0,104.0,104.0,104.0,,,,,,,,,,,,,,,,,,,,,,,0.4,0.4274888864,1.9681056669,0.1278818746413056,0.9839726125,0.3809999551999999,1.5479216301999998,2.3881056669
105,105,105.0,105.0,105.0,105.0,105.0,105.0,105.0,105.0,105.0,105.0,105.0,105.0,105.0,105.0,105.0,105.0,105.0,105.0,105.0,,,,,,,,,,,,,,,,,,,,,,,0.5,0.6153977528,1.792984988,-0.7872235094235069,1.3649725677,0.328440853,1.166921675,2.3881056669
106,106,106.0,106.0,106.0,106.0,106.0,106.0,106.0,106.0,106.0,106.0,106.0,106.0,106.0,106.0,106.0,106.0,106.0,106.0,106.0,,,,,,,,,,,,,,,,,,,,,,,0.6,0.7822146749,1.5474457149,-1.4485272507692493,1.6934134207,0.2716495554,0.838480822,2.3881056669
107,107,107.0,107.0,107.0,107.0,107.0,107.0,107.0,107.0,107.0,107.0,107.0,107.0,107.0,107.0,107.0,107.0,107.0,107.0,107.0,,,,,,,,,,,,,,,,,,,,,,,0.7,0.9224665698,1.262341095,-1.9688030769494973,1.9650629761,0.2212639525999997,0.5668312665999999,2.3881056669
108,108,108.0,108.0,108.0,108.0,108.0,108.0,108.0,108.0,108.0,108.0,108.0,108.0,108.0,108.0,108.0,108.0,108.0,108.0,108.0,,,,,,,,,,,,,,,,,,,,,,,0.8,1.0330704059,0.9548569511,-2.157779601575782,2.1863269287,0.1835230625000004,0.3455673140000002,2.3881056669
109,109,109.0,109.0,109.0,109.0,109.0,109.0,109.0,109.0,109.0,109.0,109.0,109.0,109.0,109.0,109.0,109.0,109.0,109.0,109.0,,,,,,,,,,,,,,,,,,,,,,,0.9,1.1134989514,0.6586504455,-1.7161147103758072,2.3698499912,0.1620442514999998,0.1620442514999998,2.3881056669
110,110,110.0,110.0,110.0,110.0,110.0,110.0,110.0,110.0,110.0,110.0,110.0,110.0,110.0,110.0,110.0,110.0,110.0,110.0,110.0,,,,,,,,,,,,,,,,,,,,,,,0.0,0.0,-1.0,13.6191960773157,0.0,0.1175195802,2.5035649984000004,2.3788842037
111,111,111.0,111.0,111.0,111.0,111.0,111.0,111.0,111.0,111.0,111.0,111.0,111.0,111.0,111.0,111.0,111.0,111.0,111.0,111.0,,,,,,,,,,,,,,,,,,,,,,,0.1,-0.0292808376,0.3912004454,10.438207782889574,0.1175195802,0.1391154006,2.3860454182,2.3788842037
112,112,112.0,112.0,112.0,112.0,112.0,112.0,112.0,112.0,112.0,112.0,112.0,112.0,112.0,112.0,112.0,112.0,112.0,112.0,112.0,,,,,,,,,,,,,,,,,,,,,,,0.2,0.058440775,1.347299611,7.998932404448903,0.2566349808,0.3160077380999999,2.2469300176,2.3788842037
113,113,113.0,113.0,113.0,113.0,113.0,113.0,113.0,113.0,113.0,113.0,113.0,113.0,113.0,113.0,113.0,113.0,113.0,113.0,113.0,,,,,,,,,,,,,,,,,,,,,,,0.3,0.2253474653,1.9802861611,1.7553874682390864,0.5726427189,0.4002223057,1.9309222795,2.3788842037
114,114,114.0,114.0,114.0,114.0,114.0,114.0,114.0,114.0,114.0,114.0,114.0,114.0,114.0,114.0,114.0,114.0,114.0,114.0,114.0,,,,,,,,,,,,,,,,,,,,,,,0.4,0.4222881696,1.9588842037,0.3284250050588429,0.9728650246,0.3807851386999999,1.5306999738,2.3788842037
115,115,115.0,115.0,115.0,115.0,115.0,115.0,115.0,115.0,115.0,115.0,115.0,115.0,115.0,115.0,115.0,115.0,115.0,115.0,115.0,,,,,,,,,,,,,,,,,,,,,,,0.5,0.6102895834,1.8037252904,-0.8788705444553756,1.3536501633,0.3298317199,1.1499148351,2.3788842037
116,116,116.0,116.0,116.0,116.0,116.0,116.0,116.0,116.0,116.0,116.0,116.0,116.0,116.0,116.0,116.0,116.0,116.0,116.0,116.0,,,,,,,,,,,,,,,,,,,,,,,0.6,0.7776852415,1.5484425778,-1.7574632262369754,1.6834818832,0.2675330905999999,0.8200831151999999,2.3788842037
117,117,117.0,117.0,117.0,117.0,117.0,117.0,117.0,117.0,117.0,117.0,117.0,117.0,117.0,117.0,117.0,117.0,117.0,117.0,117.0,,,,,,,,,,,,,,,,,,,,,,,0.7,0.9165375437,1.233843953,-1.9165299659727308,1.9510149738,0.2143295338999999,0.5525500245999999,2.3788842037
118,118,118.0,118.0,118.0,118.0,118.0,118.0,118.0,118.0,118.0,118.0,118.0,118.0,118.0,118.0,118.0,118.0,118.0,118.0,118.0,,,,,,,,,,,,,,,,,,,,,,,0.8,1.0246824067,0.9340460935,-2.028990414424107,2.1653445077,0.1790503295999999,0.3382204906999999,2.3788842037
119,119,119.0,119.0,119.0,119.0,119.0,119.0,119.0,119.0,119.0,119.0,119.0,119.0,119.0,119.0,119.0,119.0,119.0,119.0,119.0,,,,,,,,,,,,,,,,,,,,,,,0.9,1.1037535479,0.6520759108,-1.689157587859718,2.3443948373,0.1591701611,0.1591701611,2.3788842037
120,120,120.0,120.0,120.0,120.0,120.0,120.0,120.0,120.0,120.0,120.0,120.0,120.0,120.0,120.0,120.0,120.0,120.0,120.0,,,,,,,,,,,,,,,,,,,,,,,,0.0,0.0,-1.0,4.280765156800647,0.0,0.0669197204,4.3992463194,2.6122095746
121,121,121.0,121.0,121.0,121.0,121.0,121.0,121.0,121.0,121.0,121.0,121.0,121.0,121.0,121.0,121.0,121.0,121.0,121.0,,,,,,,,,,,,,,,,,,,,,,,,0.1,-0.0744547345,-0.4974687499,4.36646838721362,0.0669197204,0.019033705,4.332326599000001,2.6122095746
122,122,122.0,122.0,122.0,122.0,122.0,122.0,122.0,122.0,122.0,122.0,122.0,122.0,122.0,122.0,122.0,122.0,122.0,122.0,,,,,,,,,,,,,,,,,,,,,,,,0.2,-0.100672716,-0.0346039296,4.57177679445982,0.0859534254,0.0164985885999999,4.313292894000001,2.6122095746
123,123,123.0,123.0,123.0,123.0,123.0,123.0,123.0,123.0,123.0,123.0,123.0,123.0,123.0,123.0,123.0,123.0,123.0,123.0,,,,,,,,,,,,,,,,,,,,,,,,0.3,-0.0818501198,0.4037511536,5.11499348679689,0.102452014,0.0549801857,4.296794305400001,2.6122095746
124,124,124.0,124.0,124.0,124.0,124.0,124.0,124.0,124.0,124.0,124.0,124.0,124.0,124.0,124.0,124.0,124.0,124.0,124.0,,,,,,,,,,,,,,,,,,,,,,,,0.4,-0.0186847558,0.8520851383,5.778391245674518,0.1574321997,0.1376232128,4.241814119700001,2.6122095746
125,125,125.0,125.0,125.0,125.0,125.0,125.0,125.0,125.0,125.0,125.0,125.0,125.0,125.0,125.0,125.0,125.0,125.0,125.0,,,,,,,,,,,,,,,,,,,,,,,,0.5,0.0903543194,1.3208851877,6.249891661838923,0.2950554125,0.267418386,4.1041909069,2.6122095746
126,126,126.0,126.0,126.0,126.0,126.0,126.0,126.0,126.0,126.0,126.0,126.0,126.0,126.0,126.0,126.0,126.0,126.0,126.0,,,,,,,,,,,,,,,,,,,,,,,,0.6,0.2462864975,1.7899421758,6.903179866365851,0.5624737985,0.4530432767,3.8367725209,2.6122095746
127,127,127.0,127.0,127.0,127.0,127.0,127.0,127.0,127.0,127.0,127.0,127.0,127.0,127.0,127.0,127.0,127.0,127.0,127.0,,,,,,,,,,,,,,,,,,,,,,,,0.7,0.4500154371,2.2765312228,7.92325096296882,1.0155170752,0.7172684112000001,3.3837292442000004,2.6122095746
128,128,128.0,128.0,128.0,128.0,128.0,128.0,128.0,128.0,128.0,128.0,128.0,128.0,128.0,128.0,128.0,128.0,128.0,128.0,,,,,,,,,,,,,,,,,,,,,,,,0.8,0.7049835932,2.813888163,8.891072905453356,1.7327854864,1.0822094195999998,2.6664608330000004,2.6122095746
129,129,129.0,129.0,129.0,129.0,129.0,129.0,129.0,129.0,129.0,129.0,129.0,129.0,129.0,129.0,129.0,129.0,129.0,129.0,,,,,,,,,,,,,,,,,,,,,,,,0.9,1.0157694721,3.3922095746,10.188130462319894,2.814994906,1.5842514134000003,1.5842514134000003,2.6122095746
130,130,130.0,130.0,130.0,130.0,130.0,130.0,130.0,130.0,130.0,130.0,130.0,130.0,130.0,130.0,130.0,130.0,130.0,130.0,,,,,,,,,,,,,,,,,,,,,,,,0.0,0.0,-1.0,4.052308389502145,0.0,0.0674520409,4.3865339589,2.6108012151
131,131,131.0,131.0,131.0,131.0,131.0,131.0,131.0,131.0,131.0,131.0,131.0,131.0,131.0,131.0,131.0,131.0,131.0,131.0,,,,,,,,,,,,,,,,,,,,,,,,0.1,-0.0755598753,-0.5192092858,4.490174073335894,0.0674520409,0.020519363,4.319081918,2.6108012151
132,132,132.0,132.0,132.0,132.0,132.0,132.0,132.0,132.0,132.0,132.0,132.0,132.0,132.0,132.0,132.0,132.0,132.0,132.0,,,,,,,,,,,,,,,,,,,,,,,,0.2,-0.1032483262,-0.0425034275,4.691646039677468,0.0879714039,0.0171325396,4.298562555,2.6108012151
133,133,133.0,133.0,133.0,133.0,133.0,133.0,133.0,133.0,133.0,133.0,133.0,133.0,133.0,133.0,133.0,133.0,133.0,133.0,,,,,,,,,,,,,,,,,,,,,,,,0.3,-0.0845976112,0.4080104614,5.0210229533826665,0.1051039435,0.0544024007,4.2814300154,2.6108012151
134,134,134.0,134.0,134.0,134.0,134.0,134.0,134.0,134.0,134.0,134.0,134.0,134.0,134.0,134.0,134.0,134.0,134.0,134.0,,,,,,,,,,,,,,,,,,,,,,,,0.4,-0.0214814952,0.8469966408,5.506778846503846,0.1595063442,0.1319845342999999,4.2270276147,2.6108012151
135,135,135.0,135.0,135.0,135.0,135.0,135.0,135.0,135.0,135.0,135.0,135.0,135.0,135.0,135.0,135.0,135.0,135.0,135.0,,,,,,,,,,,,,,,,,,,,,,,,0.5,0.0857594366,1.2904335936,6.362104229587825,0.2914908785,0.2607484865,4.0950430804,2.6108012151
136,136,136.0,136.0,136.0,136.0,136.0,136.0,136.0,136.0,136.0,136.0,136.0,136.0,136.0,136.0,136.0,136.0,136.0,136.0,,,,,,,,,,,,,,,,,,,,,,,,0.6,0.239336581,1.7730668722,6.979516310846921,0.552239365,0.4480980385000001,3.8342945939,2.6108012151
137,137,137.0,137.0,137.0,137.0,137.0,137.0,137.0,137.0,137.0,137.0,137.0,137.0,137.0,137.0,137.0,137.0,137.0,137.0,,,,,,,,,,,,,,,,,,,,,,,,0.7,0.4418288969,2.2685261873,7.921779291993707,1.0003374035,0.7123683966999999,3.3861965554,2.6108012151
138,138,138.0,138.0,138.0,138.0,138.0,138.0,138.0,138.0,138.0,138.0,138.0,138.0,138.0,138.0,138.0,138.0,138.0,138.0,,,,,,,,,,,,,,,,,,,,,,,,0.8,0.6960281697,2.8065048438,8.946476604909035,1.7127058002,1.0784900237,2.6738281587,2.6108012151
139,139,139.0,139.0,139.0,139.0,139.0,139.0,139.0,139.0,139.0,139.0,139.0,139.0,139.0,139.0,139.0,139.0,139.0,139.0,,,,,,,,,,,,,,,,,,,,,,,,0.9,1.0063794588,3.3908012151,10.488055101099054,2.7911958239,1.5953381350000004,1.5953381350000004,2.6108012151
140,140,140.0,140.0,140.0,140.0,140.0,140.0,140.0,140.0,140.0,140.0,140.0,140.0,140.0,140.0,140.0,140.0,140.0,140.0,,,,,,,,,,,,,,,,,,,,,,,,0.0,0.0,-1.0,4.394606003274225,0.0,0.066686037,5.5275470143,2.9632578635
141,141,141.0,141.0,141.0,141.0,141.0,141.0,141.0,141.0,141.0,141.0,141.0,141.0,141.0,141.0,141.0,141.0,141.0,141.0,,,,,,,,,,,,,,,,,,,,,,,,0.1,-0.07390404,-0.4866353597,4.475685688512073,0.066686037,0.0187728204999999,5.460860977299999,2.9632578635
142,142,142.0,142.0,142.0,142.0,142.0,142.0,142.0,142.0,142.0,142.0,142.0,142.0,142.0,142.0,142.0,142.0,142.0,142.0,,,,,,,,,,,,,,,,,,,,,,,,0.2,-0.0985627583,-0.0144080725,4.73054039241259,0.0854588575,0.0183583063999999,5.4420881568,2.9632578635
143,143,143.0,143.0,143.0,143.0,143.0,143.0,143.0,143.0,143.0,143.0,143.0,143.0,143.0,143.0,143.0,143.0,143.0,143.0,,,,,,,,,,,,,,,,,,,,,,,,0.3,-0.0770502662,0.4371334747,7.605213601824353,0.1038171639,0.0944855865,5.4237298504,2.9632578635
144,144,144.0,144.0,144.0,144.0,144.0,144.0,144.0,144.0,144.0,144.0,144.0,144.0,144.0,144.0,144.0,144.0,144.0,144.0,,,,,,,,,,,,,,,,,,,,,,,,0.4,0.0013380794,1.1192664892,6.0186458558792975,0.1983027504,0.2044490910999999,5.3292442639,2.9632578635
145,145,145.0,145.0,145.0,145.0,145.0,145.0,145.0,145.0,145.0,145.0,145.0,145.0,145.0,145.0,145.0,145.0,145.0,145.0,,,,,,,,,,,,,,,,,,,,,,,,0.5,0.1369651134,1.5855040408,6.756420192136325,0.4027518415,0.3671284081,5.1247951728,2.9632578635
146,146,146.0,146.0,146.0,146.0,146.0,146.0,146.0,146.0,146.0,146.0,146.0,146.0,146.0,146.0,146.0,146.0,146.0,146.0,,,,,,,,,,,,,,,,,,,,,,,,0.6,0.320529401,2.0775817724,7.356565772222801,0.7698802496,0.5926321482,4.7576667647,2.9632578635
147,147,147.0,147.0,147.0,147.0,147.0,147.0,147.0,147.0,147.0,147.0,147.0,147.0,147.0,147.0,147.0,147.0,147.0,147.0,,,,,,,,,,,,,,,,,,,,,,,,0.7,0.5538239524,2.5799437982,8.331308293099946,1.3625123978,0.9027084232999998,4.1650346165,2.9632578635
148,148,148.0,148.0,148.0,148.0,148.0,148.0,148.0,148.0,148.0,148.0,148.0,148.0,148.0,148.0,148.0,148.0,148.0,148.0,,,,,,,,,,,,,,,,,,,,,,,,0.8,0.8396394599,3.12725912,9.600367667995558,2.2652208211,1.3351836105,3.2623261932,2.9632578635
149,149,149.0,149.0,149.0,149.0,149.0,149.0,149.0,149.0,149.0,149.0,149.0,149.0,149.0,149.0,149.0,149.0,149.0,149.0,,,,,,,,,,,,,,,,,,,,,,,,0.9,1.1836774833,3.7432578635,10.880108087736858,3.6004044316,1.9271425827,1.9271425827,2.9632578635
150,150,150.0,150.0,150.0,150.0,150.0,150.0,150.0,150.0,150.0,150.0,150.0,150.0,150.0,150.0,150.0,150.0,150.0,150.0,,,,,,,,,,,,,,,,,,,,,,,,0.0,0.0,-1.0,4.194154475607777,0.0,0.0671115797,4.539111087799999,2.6661300076
151,151,151.0,151.0,151.0,151.0,151.0,151.0,151.0,151.0,151.0,151.0,151.0,151.0,151.0,151.0,151.0,151.0,151.0,151.0,,,,,,,,,,,,,,,,,,,,,,,,0.1,-0.0748737065,-0.5057108459,4.261541399998531,0.0671115797,0.0192236372,4.4719995081,2.6661300076
152,152,152.0,152.0,152.0,152.0,152.0,152.0,152.0,152.0,152.0,152.0,152.0,152.0,152.0,152.0,152.0,152.0,152.0,152.0,,,,,,,,,,,,,,,,,,,,,,,,0.2,-0.102383603,-0.0520468095,4.751035241442076,0.0863352169,0.0172250786,4.4527758709,2.6661300076
153,153,153.0,153.0,153.0,153.0,153.0,153.0,153.0,153.0,153.0,153.0,153.0,153.0,153.0,153.0,153.0,153.0,153.0,153.0,,,,,,,,,,,,,,,,,,,,,,,,0.3,-0.0843537829,0.4050268946,5.234774033243952,0.1035602955,0.0566011602,4.4355507923,2.6661300076
154,154,154.0,154.0,154.0,154.0,154.0,154.0,154.0,154.0,154.0,154.0,154.0,154.0,154.0,154.0,154.0,154.0,154.0,154.0,,,,,,,,,,,,,,,,,,,,,,,,0.4,-0.0204875875,0.8646381025,5.652765886292688,0.1601614557,0.1380795272,4.3789496321,2.6661300076
155,155,155.0,155.0,155.0,155.0,155.0,155.0,155.0,155.0,155.0,155.0,155.0,155.0,155.0,155.0,155.0,155.0,155.0,155.0,,,,,,,,,,,,,,,,,,,,,,,,0.5,0.0891383522,1.3202887514,6.515842321001876,0.2982409829,0.2731464336,4.2408701049,2.6661300076
156,156,156.0,156.0,156.0,156.0,156.0,156.0,156.0,156.0,156.0,156.0,156.0,156.0,156.0,156.0,156.0,156.0,156.0,156.0,,,,,,,,,,,,,,,,,,,,,,,,0.6,0.2463002859,1.8147110498,7.139331952384601,0.5713874165,0.4693711689000001,3.9677236713,2.6661300076
157,157,157.0,157.0,157.0,157.0,157.0,157.0,157.0,157.0,157.0,157.0,157.0,157.0,157.0,157.0,157.0,157.0,157.0,157.0,,,,,,,,,,,,,,,,,,,,,,,,0.7,0.4535286668,2.3214158642,7.905095500476244,1.0407585854,0.7392485749,3.4983525024,2.6661300076
158,158,158.0,158.0,158.0,158.0,158.0,158.0,158.0,158.0,158.0,158.0,158.0,158.0,158.0,158.0,158.0,158.0,158.0,158.0,,,,,,,,,,,,,,,,,,,,,,,,0.8,0.7126803536,2.8527737274,9.087949706206842,1.7800071603,1.1149914157999998,2.7591039275,2.6661300076
159,159,159.0,159.0,159.0,159.0,159.0,159.0,159.0,159.0,159.0,159.0,159.0,159.0,159.0,159.0,159.0,159.0,159.0,159.0,,,,,,,,,,,,,,,,,,,,,,,,0.9,1.0281190441,3.4461300076,10.556801962955737,2.8949985761,1.6441125117000004,1.6441125117000004,2.6661300076
160,160,160.0,160.0,160.0,160.0,160.0,160.0,160.0,160.0,160.0,160.0,160.0,160.0,160.0,160.0,160.0,160.0,160.0,160.0,,,,,,,,,,,,,,,,,,,,,,,,0.0,0.0,-1.0,4.103170804739112,0.0,0.0673262122,4.595164750100001,2.6772929548
161,161,161.0,161.0,161.0,161.0,161.0,161.0,161.0,161.0,161.0,161.0,161.0,161.0,161.0,161.0,161.0,161.0,161.0,161.0,,,,,,,,,,,,,,,,,,,,,,,,0.1,-0.0753138325,-0.514369087,4.516256568945673,0.0673262122,0.020321418,4.527838537900001,2.6772929548
162,162,162.0,162.0,162.0,162.0,162.0,162.0,162.0,162.0,162.0,162.0,162.0,162.0,162.0,162.0,162.0,162.0,162.0,162.0,,,,,,,,,,,,,,,,,,,,,,,,0.2,-0.1024155057,-0.0356417569,4.781897350287126,0.0876476302,0.0180134032999999,4.507517119900001,2.6772929548
163,163,163.0,163.0,163.0,163.0,163.0,163.0,163.0,163.0,163.0,163.0,163.0,163.0,163.0,163.0,163.0,163.0,163.0,163.0,,,,,,,,,,,,,,,,,,,,,,,,0.3,-0.0826752309,0.4228077033,5.286663627890905,0.1056610335,0.0593920662,4.489503716600001,2.6772929548
164,164,164.0,164.0,164.0,164.0,164.0,164.0,164.0,164.0,164.0,164.0,164.0,164.0,164.0,164.0,164.0,164.0,164.0,164.0,,,,,,,,,,,,,,,,,,,,,,,,0.4,-0.0168659562,0.8856647914,5.699694295260038,0.1650530997,0.1433342923999999,4.430111650400001,2.6772929548
165,165,165.0,165.0,165.0,165.0,165.0,165.0,165.0,165.0,165.0,165.0,165.0,165.0,165.0,165.0,165.0,165.0,165.0,165.0,,,,,,,,,,,,,,,,,,,,,,,,0.5,0.0949879506,1.3437803141,6.332424612082546,0.3083873921,0.2762919818,4.286777358000001,2.6772929548
166,166,166.0,166.0,166.0,166.0,166.0,166.0,166.0,166.0,166.0,166.0,166.0,166.0,166.0,166.0,166.0,166.0,166.0,166.0,,,,,,,,,,,,,,,,,,,,,,,,0.6,0.2534981349,1.818512591,7.339827898694288,0.5846793739,0.4770642024,4.010485376200001,2.6772929548
167,167,167.0,167.0,167.0,167.0,167.0,167.0,167.0,167.0,167.0,167.0,167.0,167.0,167.0,167.0,167.0,167.0,167.0,167.0,,,,,,,,,,,,,,,,,,,,,,,,0.7,0.4620581468,2.343935369,7.916777462694034,1.0617435763,0.7519148143999999,3.5334211738000008,2.6772929548
168,168,168.0,168.0,168.0,168.0,168.0,168.0,168.0,168.0,168.0,168.0,168.0,168.0,168.0,168.0,168.0,168.0,168.0,168.0,,,,,,,,,,,,,,,,,,,,,,,,0.8,0.7234093514,2.8742619107,9.000936852606484,1.8136583907,1.126409264,2.7815063594000007,2.6772929548
169,169,169.0,169.0,169.0,169.0,169.0,169.0,169.0,169.0,169.0,169.0,169.0,169.0,169.0,169.0,169.0,169.0,169.0,169.0,,,,,,,,,,,,,,,,,,,,,,,,0.9,1.0404719925,3.4572929548,10.552381097488745,2.9400676547,1.6550970954000004,1.6550970954000004,2.6772929548
170,170,170.0,170.0,170.0,170.0,170.0,170.0,170.0,170.0,170.0,170.0,170.0,170.0,170.0,170.0,170.0,170.0,170.0,170.0,,,,,,,,,,,,,,,,,,,,,,,,0.0,0.0,-1.0,4.106119696868402,0.0,0.0673190454,4.6084109923000005,2.7056654004
171,171,171.0,171.0,171.0,171.0,171.0,171.0,171.0,171.0,171.0,171.0,171.0,171.0,171.0,171.0,171.0,171.0,171.0,171.0,,,,,,,,,,,,,,,,,,,,,,,,0.1,-0.0752995675,-0.5140884628,4.521784211763381,0.0673190454,0.0203207358,4.541091946900001,2.7056654004
172,172,172.0,172.0,172.0,172.0,172.0,172.0,172.0,172.0,172.0,172.0,172.0,172.0,172.0,172.0,172.0,172.0,172.0,172.0,,,,,,,,,,,,,,,,,,,,,,,,0.2,-0.1023477962,-0.0348618129,4.661763085677136,0.0876397812,0.0171633367,4.5207712111000005,2.7056654004
173,173,173.0,173.0,173.0,173.0,173.0,173.0,173.0,173.0,173.0,173.0,173.0,173.0,173.0,173.0,173.0,173.0,173.0,173.0,,,,,,,,,,,,,,,,,,,,,,,,0.3,-0.0831144396,0.412081139,5.280509503060414,0.1048031179,0.0580005760999999,4.5036078744,2.7056654004
174,174,174.0,174.0,174.0,174.0,174.0,174.0,174.0,174.0,174.0,174.0,174.0,174.0,174.0,174.0,174.0,174.0,174.0,174.0,,,,,,,,,,,,,,,,,,,,,,,,0.4,-0.0183557025,0.8753733523,5.72650566880369,0.162803694,0.1416057244,4.4456072983,2.7056654004
175,175,175.0,175.0,175.0,175.0,175.0,175.0,175.0,175.0,175.0,175.0,175.0,175.0,175.0,175.0,175.0,175.0,175.0,175.0,,,,,,,,,,,,,,,,,,,,,,,,0.5,0.0926485692,1.3370196474,6.470006851514677,0.3044094184,0.277270722,4.3040015739,2.7056654004
176,176,176.0,176.0,176.0,176.0,176.0,176.0,176.0,176.0,176.0,176.0,176.0,176.0,176.0,176.0,176.0,176.0,176.0,176.0,,,,,,,,,,,,,,,,,,,,,,,,0.6,0.2511809333,1.8254879685,7.082661751922223,0.5816801404,0.4724068810999999,4.0267308519,2.7056654004
177,177,177.0,177.0,177.0,177.0,177.0,177.0,177.0,177.0,177.0,177.0,177.0,177.0,177.0,177.0,177.0,177.0,177.0,177.0,,,,,,,,,,,,,,,,,,,,,,,,0.7,0.4591607281,2.3257743488,8.042531365104695,1.0540870215,0.7467760103000001,3.5543239708,2.7056654004
178,178,178.0,178.0,178.0,178.0,178.0,178.0,178.0,178.0,178.0,178.0,178.0,178.0,178.0,178.0,178.0,178.0,178.0,178.0,,,,,,,,,,,,,,,,,,,,,,,,0.8,0.7193919939,2.8697962195,9.341545164348766,1.8008630318,1.1369924888999998,2.8075479605,2.7056654004
179,179,179.0,179.0,179.0,179.0,179.0,179.0,179.0,179.0,179.0,179.0,179.0,179.0,179.0,179.0,179.0,179.0,179.0,179.0,,,,,,,,,,,,,,,,,,,,,,,,0.9,1.0376773295,3.4856654004,10.454502629998078,2.9378555207,1.6705554715999995,1.6705554715999995,2.7056654004
180,180,180.0,180.0,180.0,180.0,180.0,180.0,180.0,180.0,180.0,180.0,180.0,180.0,180.0,180.0,180.0,180.0,180.0,,,,,,,,,,,,,,,,,,,,,,,,,0.0,0.0,-1.0,14.559233910652512,0.0,0.1304387882,0.9474399147,1.372220805
181,181,181.0,181.0,181.0,181.0,181.0,181.0,181.0,181.0,181.0,181.0,181.0,181.0,181.0,181.0,181.0,181.0,181.0,,,,,,,,,,,,,,,,,,,,,,,,,0.1,-0.0247334816,0.4806568726,3.51047003972278,0.1304387882,0.0462297398,0.8170011265000001,1.372220805
182,182,182.0,182.0,182.0,182.0,182.0,182.0,182.0,182.0,182.0,182.0,182.0,182.0,182.0,182.0,182.0,182.0,182.0,,,,,,,,,,,,,,,,,,,,,,,,,0.2,0.0379886746,0.7689817205,1.1627887396164605,0.176668528,0.0634334909,0.7707713867000001,1.372220805
183,183,183.0,183.0,183.0,183.0,183.0,183.0,183.0,183.0,183.0,183.0,183.0,183.0,183.0,183.0,183.0,183.0,183.0,,,,,,,,,,,,,,,,,,,,,,,,,0.3,0.1167916846,0.8064575844,1.3530526728702574,0.2401020189,0.0728644161,0.7073378958000001,1.372220805
184,184,184.0,184.0,184.0,184.0,184.0,184.0,184.0,184.0,184.0,184.0,184.0,184.0,184.0,184.0,184.0,184.0,184.0,,,,,,,,,,,,,,,,,,,,,,,,,0.4,0.2000815734,0.8584729629,1.002939611308142,0.312966435,0.081386147,0.6344734797,1.372220805
185,185,185.0,185.0,185.0,185.0,185.0,185.0,185.0,185.0,185.0,185.0,185.0,185.0,185.0,185.0,185.0,185.0,185.0,,,,,,,,,,,,,,,,,,,,,,,,,0.5,0.2866276924,0.872220805,1.067209565608551,0.394352582,0.0892958341999999,0.5530873327,1.372220805
186,186,186.0,186.0,186.0,186.0,186.0,186.0,186.0,186.0,186.0,186.0,186.0,186.0,186.0,186.0,186.0,186.0,186.0,,,,,,,,,,,,,,,,,,,,,,,,,0.6,0.3747929203,0.8907765337,0.9542524295969872,0.4836484162,0.0980131064,0.4637914985,1.372220805
187,187,187.0,187.0,187.0,187.0,187.0,187.0,187.0,187.0,187.0,187.0,187.0,187.0,187.0,187.0,187.0,187.0,187.0,,,,,,,,,,,,,,,,,,,,,,,,,0.7,0.4641775566,0.8968171403,1.0563466739576606,0.5816615226,0.1083828541999999,0.3657783920999999,1.372220805
188,188,188.0,188.0,188.0,188.0,188.0,188.0,188.0,188.0,188.0,188.0,188.0,188.0,188.0,188.0,188.0,188.0,188.0,,,,,,,,,,,,,,,,,,,,,,,,,0.8,0.5546309764,0.9119983879,1.058223561298104,0.6900443768,0.1211578174999999,0.2573955379,1.372220805
189,189,189.0,189.0,189.0,189.0,189.0,189.0,189.0,189.0,189.0,189.0,189.0,189.0,189.0,189.0,189.0,189.0,189.0,,,,,,,,,,,,,,,,,,,,,,,,,0.9,0.646538154,0.9259135664,1.12091601394441,0.8112021943,0.1362377204,0.1362377204,1.372220805
190,190,190.0,190.0,190.0,190.0,190.0,190.0,190.0,190.0,190.0,190.0,190.0,190.0,190.0,190.0,190.0,190.0,190.0,,,,,,,,,,,,,,,,,,,,,,,,,0.0,0.0,-1.0,14.513367825396031,0.0,0.1297752204,0.9421494002000002,1.3758009111
191,191,191.0,191.0,191.0,191.0,191.0,191.0,191.0,191.0,191.0,191.0,191.0,191.0,191.0,191.0,191.0,191.0,191.0,,,,,,,,,,,,,,,,,,,,,,,,,0.1,-0.024955355,0.4762921375,3.51917000862953,0.1297752204,0.0457987195,0.8123741798000002,1.3758009111
192,192,192.0,192.0,192.0,192.0,192.0,192.0,192.0,192.0,192.0,192.0,192.0,192.0,192.0,192.0,192.0,192.0,192.0,,,,,,,,,,,,,,,,,,,,,,,,,0.2,0.037393527,0.7658602564,1.1414962048159585,0.1755739399,0.0627664890999999,0.7665754603000001,1.3758009111
193,193,193.0,193.0,193.0,193.0,193.0,193.0,193.0,193.0,193.0,193.0,193.0,193.0,193.0,193.0,193.0,193.0,193.0,,,,,,,,,,,,,,,,,,,,,,,,,0.3,0.1157965004,0.8016069035,1.3136701178454189,0.238340429,0.0716854845,0.7038089712000001,1.3758009111
194,194,194.0,194.0,194.0,194.0,194.0,194.0,194.0,194.0,194.0,194.0,194.0,194.0,194.0,194.0,194.0,194.0,194.0,,,,,,,,,,,,,,,,,,,,,,,,,0.4,0.1984342746,0.850336141,1.1179279455820126,0.3100259135,0.0810447585999999,0.6321234867000001,1.3758009111
195,195,195.0,195.0,195.0,195.0,195.0,195.0,195.0,195.0,195.0,195.0,195.0,195.0,195.0,195.0,195.0,195.0,195.0,,,,,,,,,,,,,,,,,,,,,,,,,0.5,0.2847622992,0.8758009111,0.9985889917416124,0.3910706721,0.0891197229999999,0.5510787281,1.3758009111
196,196,196.0,196.0,196.0,196.0,196.0,196.0,196.0,196.0,196.0,196.0,196.0,196.0,196.0,196.0,196.0,196.0,196.0,,,,,,,,,,,,,,,,,,,,,,,,,0.6,0.3729363103,0.8874857991,1.025283838747573,0.4801903951,0.0979799275,0.4619590051,1.3758009111
197,197,197.0,197.0,197.0,197.0,197.0,197.0,197.0,197.0,197.0,197.0,197.0,197.0,197.0,197.0,197.0,197.0,197.0,,,,,,,,,,,,,,,,,,,,,,,,,0.7,0.4623513117,0.9005991815,0.9339786012074632,0.5781703226,0.1076523183,0.3639790776,1.3758009111
198,198,198.0,198.0,198.0,198.0,198.0,198.0,198.0,198.0,198.0,198.0,198.0,198.0,198.0,198.0,198.0,198.0,198.0,,,,,,,,,,,,,,,,,,,,,,,,,0.8,0.5525726991,0.9037756543,1.1706368657151665,0.6858226409,0.1205758219,0.2563267593,1.3758009111
199,199,199.0,199.0,199.0,199.0,199.0,199.0,199.0,199.0,199.0,199.0,199.0,199.0,199.0,199.0,199.0,199.0,199.0,,,,,,,,,,,,,,,,,,,,,,,,,0.9,0.6442411591,0.9291708809,1.0467202486619394,0.8063984628,0.1357509374,0.1357509374,1.3758009111
200,200,200.0,200.0,200.0,200.0,200.0,200.0,200.0,200.0,200.0,200.0,200.0,200.0,200.0,200.0,200.0,200.0,200.0,,,,,,,,,,,,,,,,,,,,,,,,,0.0,0.0,-1.0,14.632459142485184,0.0,0.1315052376,0.978209706,1.3768021575
201,201,201.0,201.0,201.0,201.0,201.0,201.0,201.0,201.0,201.0,201.0,201.0,201.0,201.0,201.0,201.0,201.0,201.0,,,,,,,,,,,,,,,,,,,,,,,,,0.1,-0.0243792605,0.4876251747,3.443186530981857,0.1315052376,0.0463878443,0.8467044684000001,1.3768021575
202,202,202.0,202.0,202.0,202.0,202.0,202.0,202.0,202.0,202.0,202.0,202.0,202.0,202.0,202.0,202.0,202.0,202.0,,,,,,,,,,,,,,,,,,,,,,,,,0.2,0.038680539,0.7688840283,1.1911598271322652,0.1778930819,0.0636816701,0.8003166241000002,1.3768021575
203,203,203.0,203.0,203.0,203.0,203.0,203.0,203.0,203.0,203.0,203.0,203.0,203.0,203.0,203.0,203.0,203.0,203.0,,,,,,,,,,,,,,,,,,,,,,,,,0.3,0.1176117073,0.8090688427,1.3626989666290297,0.241574752,0.0734015465999999,0.7366349540000001,1.3768021575
204,204,204.0,204.0,204.0,204.0,204.0,204.0,204.0,204.0,204.0,204.0,204.0,204.0,204.0,204.0,204.0,204.0,204.0,,,,,,,,,,,,,,,,,,,,,,,,,0.4,0.2011967532,0.8617536936,1.0198876844336795,0.3149762986,0.0821515175,0.6632334074000001,1.3768021575
205,205,205.0,205.0,205.0,205.0,205.0,205.0,205.0,205.0,205.0,205.0,205.0,205.0,205.0,205.0,205.0,205.0,205.0,,,,,,,,,,,,,,,,,,,,,,,,,0.5,0.2881370576,0.8768021575,1.1280549305219725,0.3971278161,0.0907799926,0.5810818899000001,1.3768021575
206,206,206.0,206.0,206.0,206.0,206.0,206.0,206.0,206.0,206.0,206.0,206.0,206.0,206.0,206.0,206.0,206.0,206.0,,,,,,,,,,,,,,,,,,,,,,,,,0.6,0.3770325673,0.9007121409,1.1085102415892674,0.4879078087,0.1014806267999999,0.4903018973,1.3768021575
207,207,207.0,207.0,207.0,207.0,207.0,207.0,207.0,207.0,207.0,207.0,207.0,207.0,207.0,207.0,207.0,207.0,207.0,,,,,,,,,,,,,,,,,,,,,,,,,0.7,0.4681087464,0.920486986,1.2414358468231952,0.5893884355,0.1149505364999999,0.3888212705,1.3768021575
208,208,208.0,208.0,208.0,208.0,208.0,208.0,208.0,208.0,208.0,208.0,208.0,208.0,208.0,208.0,208.0,208.0,208.0,,,,,,,,,,,,,,,,,,,,,,,,,0.8,0.5617100045,0.9510293125,1.0940112118443843,0.704338972,0.1295910726,0.273870734,1.3768021575
209,209,209.0,209.0,209.0,209.0,209.0,209.0,209.0,209.0,209.0,209.0,209.0,209.0,209.0,209.0,209.0,209.0,209.0,,,,,,,,,,,,,,,,,,,,,,,,,0.9,0.6575045887,0.9646358495,1.0474365079681829,0.8339300446,0.1442796614,0.1442796614,1.3768021575
210,210,210.0,210.0,210.0,210.0,210.0,210.0,210.0,210.0,210.0,210.0,210.0,210.0,210.0,210.0,210.0,210.0,210.0,,,,,,,,,,,,,,,,,,,,,,,,,0.0,0.0,-1.0,14.311734957299764,0.0,0.1268985149,0.9558595986,1.360182152
211,211,211.0,211.0,211.0,211.0,211.0,211.0,211.0,211.0,211.0,211.0,211.0,211.0,211.0,211.0,211.0,211.0,211.0,,,,,,,,,,,,,,,,,,,,,,,,,0.1,-0.0259307375,0.4571042332,3.6854347020362894,0.1268985149,0.0452197397999999,0.8289610837000001,1.360182152
212,212,212.0,212.0,212.0,212.0,212.0,212.0,212.0,212.0,212.0,212.0,212.0,212.0,212.0,212.0,212.0,212.0,212.0,,,,,,,,,,,,,,,,,,,,,,,,,0.2,0.035396466,0.7643205,1.1925423832651056,0.1721182547,0.0629569307,0.7837413439,1.360182152
213,213,213.0,213.0,213.0,213.0,213.0,213.0,213.0,213.0,213.0,213.0,213.0,213.0,213.0,213.0,213.0,213.0,213.0,,,,,,,,,,,,,,,,,,,,,,,,,0.3,0.1138998374,0.8050713668,1.1338511242796048,0.2350751854,0.0705009710999999,0.7207844132000001,1.360182152
214,214,214.0,214.0,214.0,214.0,214.0,214.0,214.0,214.0,214.0,214.0,214.0,214.0,214.0,214.0,214.0,214.0,214.0,,,,,,,,,,,,,,,,,,,,,,,,,0.4,0.1959971947,0.836359122,1.0866989741458986,0.3055761565,0.0783204286,0.6502834421000001,1.360182152
215,215,215.0,215.0,215.0,215.0,215.0,215.0,215.0,215.0,215.0,215.0,215.0,215.0,215.0,215.0,215.0,215.0,215.0,,,,,,,,,,,,,,,,,,,,,,,,,0.5,0.2808440622,0.860182152,1.1495459945972517,0.3838965851,0.0876690916999999,0.5719630135,1.360182152
216,216,216.0,216.0,216.0,216.0,216.0,216.0,216.0,216.0,216.0,216.0,216.0,216.0,216.0,216.0,216.0,216.0,216.0,,,,,,,,,,,,,,,,,,,,,,,,,0.6,0.3682619138,0.8877188998,1.13876648676239,0.4715656768,0.098759442,0.4842939218,1.360182152
217,217,217.0,217.0,217.0,217.0,217.0,217.0,217.0,217.0,217.0,217.0,217.0,217.0,217.0,217.0,217.0,217.0,217.0,,,,,,,,,,,,,,,,,,,,,,,,,0.7,0.4582479414,0.9116095209,1.248272627838945,0.5703251188,0.1123980950999999,0.3855344798,1.360182152
218,218,218.0,218.0,218.0,218.0,218.0,218.0,218.0,218.0,218.0,218.0,218.0,218.0,218.0,218.0,218.0,218.0,218.0,,,,,,,,,,,,,,,,,,,,,,,,,0.8,0.5510374715,0.9436472535,1.2332967097560008,0.6827232139,0.1283976852999999,0.2731363847,1.360182152
219,219,219.0,219.0,219.0,219.0,219.0,219.0,219.0,219.0,219.0,219.0,219.0,219.0,219.0,219.0,219.0,219.0,219.0,,,,,,,,,,,,,,,,,,,,,,,,,0.9,0.6468033342,0.9712110618,1.112116354406254,0.8111208992,0.1447386994,0.1447386994,1.360182152
220,220,220.0,220.0,220.0,220.0,220.0,220.0,220.0,220.0,220.0,220.0,220.0,220.0,220.0,220.0,220.0,220.0,220.0,,,,,,,,,,,,,,,,,,,,,,,,,0.0,0.0,-1.0,14.358343738063844,0.0,0.1275576324,0.9529380486,1.3604735167
221,221,221.0,221.0,221.0,221.0,221.0,221.0,221.0,221.0,221.0,221.0,221.0,221.0,221.0,221.0,221.0,221.0,221.0,,,,,,,,,,,,,,,,,,,,,,,,,0.1,-0.0257052713,0.4615396451,3.424880745665821,0.1275576324,0.0431476210999999,0.8253804162,1.3604735167
222,222,222.0,222.0,222.0,222.0,222.0,222.0,222.0,222.0,222.0,222.0,222.0,222.0,222.0,222.0,222.0,222.0,222.0,,,,,,,,,,,,,,,,,,,,,,,,,0.2,0.0347836091,0.7435388393,1.227879073433251,0.1707052535,0.0601740047,0.7822327951,1.3604735167
223,223,223.0,223.0,223.0,223.0,223.0,223.0,223.0,223.0,223.0,223.0,223.0,223.0,223.0,223.0,223.0,223.0,223.0,,,,,,,,,,,,,,,,,,,,,,,,,0.3,0.1114804923,0.7896298634,1.2466811738898127,0.2308792582,0.0690421709999999,0.7220587904,1.3604735167
224,224,224.0,224.0,224.0,224.0,224.0,224.0,224.0,224.0,224.0,224.0,224.0,224.0,224.0,224.0,224.0,224.0,224.0,,,,,,,,,,,,,,,,,,,,,,,,,0.4,0.1926541183,0.8331243548,1.120517957657663,0.2999214292,0.0779515669,0.6530166194,1.3604735167
225,225,225.0,225.0,225.0,225.0,225.0,225.0,225.0,225.0,225.0,225.0,225.0,225.0,225.0,225.0,225.0,225.0,225.0,,,,,,,,,,,,,,,,,,,,,,,,,0.5,0.2773567522,0.8604735167,1.236462479235002,0.3778729961,0.0883483205999999,0.5750650525,1.3604735167
226,226,226.0,226.0,226.0,226.0,226.0,226.0,226.0,226.0,226.0,226.0,226.0,226.0,226.0,226.0,226.0,226.0,226.0,,,,,,,,,,,,,,,,,,,,,,,,,0.6,0.3652227431,0.8962537737,1.2672318300715797,0.4662213167,0.1013233050999999,0.4867167319,1.3604735167
227,227,227.0,227.0,227.0,227.0,227.0,227.0,227.0,227.0,227.0,227.0,227.0,227.0,227.0,227.0,227.0,227.0,227.0,,,,,,,,,,,,,,,,,,,,,,,,,0.7,0.4566423118,0.931557388,1.1482089705423326,0.5675446218,0.1148415993,0.3853934268,1.3604735167
228,228,228.0,228.0,228.0,228.0,228.0,228.0,228.0,228.0,228.0,228.0,228.0,228.0,228.0,228.0,228.0,228.0,228.0,,,,,,,,,,,,,,,,,,,,,,,,,0.8,0.5508457535,0.9521748434,1.115041574669846,0.6823862211,0.1287174799999999,0.2705518274999999,1.3604735167
229,229,229.0,229.0,229.0,229.0,229.0,229.0,229.0,229.0,229.0,229.0,229.0,229.0,229.0,229.0,229.0,229.0,229.0,,,,,,,,,,,,,,,,,,,,,,,,,0.9,0.6468510825,0.9676736718,0.9023497719393606,0.8111037011,0.1418343475,0.1418343475,1.3604735167
230,230,230.0,230.0,230.0,230.0,230.0,230.0,230.0,230.0,230.0,230.0,230.0,230.0,230.0,230.0,230.0,230.0,230.0,,,,,,,,,,,,,,,,,,,,,,,,,0.0,0.0,-1.0,14.530203045487385,0.0,0.1300183882,0.9417615084,1.3676852915
231,231,231.0,231.0,231.0,231.0,231.0,231.0,231.0,231.0,231.0,231.0,231.0,231.0,231.0,231.0,231.0,231.0,231.0,,,,,,,,,,,,,,,,,,,,,,,,,0.1,-0.024873916,0.4778942205,3.519341796425844,0.1300183882,0.0459903352999999,0.8117431202,1.3676852915
232,232,232.0,232.0,232.0,232.0,232.0,232.0,232.0,232.0,232.0,232.0,232.0,232.0,232.0,232.0,232.0,232.0,232.0,,,,,,,,,,,,,,,,,,,,,,,,,0.2,0.0376282554,0.7673262288,1.1157478830292056,0.1760087235,0.0627634425,0.7657527849,1.3676852915
233,233,233.0,233.0,233.0,233.0,233.0,233.0,233.0,233.0,233.0,233.0,233.0,233.0,233.0,233.0,233.0,233.0,233.0,,,,,,,,,,,,,,,,,,,,,,,,,0.3,0.1160461893,0.8004830832,1.194481710248002,0.238772166,0.0704028304,0.7029893424,1.3676852915
234,234,234.0,234.0,234.0,234.0,234.0,234.0,234.0,234.0,234.0,234.0,234.0,234.0,234.0,234.0,234.0,234.0,234.0,,,,,,,,,,,,,,,,,,,,,,,,,0.4,0.198000146,0.8379772975,1.1501581655565032,0.3091749964,0.0792836054,0.6325865119999999,1.3676852915
235,235,235.0,235.0,235.0,235.0,235.0,235.0,235.0,235.0,235.0,235.0,235.0,235.0,235.0,235.0,235.0,235.0,235.0,,,,,,,,,,,,,,,,,,,,,,,,,0.5,0.2833079685,0.8676852915,1.1704531746853206,0.3884586018,0.0893133592999999,0.5533029065999999,1.3676852915
236,236,236.0,236.0,236.0,236.0,236.0,236.0,236.0,236.0,236.0,236.0,236.0,236.0,236.0,236.0,236.0,236.0,236.0,,,,,,,,,,,,,,,,,,,,,,,,,0.6,0.3715409701,0.8964976075,0.944619574684784,0.4777719611,0.0986469515,0.4639895472999999,1.3676852915
237,237,237.0,237.0,237.0,237.0,237.0,237.0,237.0,237.0,237.0,237.0,237.0,237.0,237.0,237.0,237.0,237.0,237.0,,,,,,,,,,,,,,,,,,,,,,,,,0.7,0.4614234621,0.9010770729,1.0523061001800575,0.5764189126,0.1088189263,0.3653425957999999,1.3676852915
238,238,238.0,238.0,238.0,238.0,238.0,238.0,238.0,238.0,238.0,238.0,238.0,238.0,238.0,238.0,238.0,238.0,238.0,,,,,,,,,,,,,,,,,,,,,,,,,0.8,0.5522627235,0.9154684215,0.9574568479272028,0.6852378389,0.1204823673999999,0.2565236694999999,1.3676852915
239,239,239.0,239.0,239.0,239.0,239.0,239.0,239.0,239.0,239.0,239.0,239.0,239.0,239.0,239.0,239.0,239.0,239.0,,,,,,,,,,,,,,,,,,,,,,,,,0.9,0.6440126775,0.9194641523,1.248935130141372,0.8057202063,0.1360413020999999,0.1360413020999999,1.3676852915
240,240,240.0,240.0,240.0,240.0,240.0,240.0,240.0,240.0,240.0,240.0,240.0,240.0,240.0,240.0,240.0,240.0,,,,,,,,,,,,,,,,,,,,,,,,,,0.0,0.0,-1.0,0.8851306243754105,0.0,0.0835421872,0.6650587864000002,-2.5
241,241,241.0,241.0,241.0,241.0,241.0,241.0,241.0,241.0,241.0,241.0,241.0,241.0,241.0,241.0,241.0,241.0,,,,,,,,,,,,,,,,,,,,,,,,,,0.1,-0.090880832,-0.8206061056,0.0166664678799041,0.0835421872,0.0626641527,0.5815165992000001,-1.6006061056000005
242,242,242.0,242.0,242.0,242.0,242.0,242.0,242.0,242.0,242.0,242.0,242.0,242.0,242.0,242.0,242.0,242.0,,,,,,,,,,,,,,,,,,,,,,,,,,0.2,-0.1688911993,-0.7409290915,-0.3733830838335476,0.1462063399,0.0566347500999999,0.5188524465000001,-0.9609290915
243,243,243.0,243.0,243.0,243.0,243.0,243.0,243.0,243.0,243.0,243.0,243.0,243.0,243.0,243.0,243.0,243.0,,,,,,,,,,,,,,,,,,,,,,,,,,0.3,-0.2412061955,-0.7059524037,-0.6636789814960514,0.20284109,0.0574523374,0.4622176964,-0.5259524037000001
244,244,244.0,244.0,244.0,244.0,244.0,244.0,244.0,244.0,244.0,244.0,244.0,244.0,244.0,244.0,244.0,244.0,,,,,,,,,,,,,,,,,,,,,,,,,,0.4,-0.3115969595,-0.7019295378,-0.3315969883488998,0.2602934274,0.0588698396999999,0.404765359,-0.2819295377999999
245,245,245.0,245.0,245.0,245.0,245.0,245.0,245.0,245.0,245.0,245.0,245.0,245.0,245.0,245.0,245.0,245.0,,,,,,,,,,,,,,,,,,,,,,,,,,0.5,-0.3799984578,-0.6666877384,-0.6653110410135328,0.3191632671,0.0617810551,0.3458955193,-0.1666877383999999
246,246,246.0,246.0,246.0,246.0,246.0,246.0,246.0,246.0,246.0,246.0,246.0,246.0,246.0,246.0,246.0,246.0,,,,,,,,,,,,,,,,,,,,,,,,,,0.6,-0.446660572,-0.6665567282,-0.3573138785858804,0.3809443222,0.0655551057,0.2841144642,-0.2465567281999999
247,247,247.0,247.0,247.0,247.0,247.0,247.0,247.0,247.0,247.0,247.0,247.0,247.0,247.0,247.0,247.0,247.0,,,,,,,,,,,,,,,,,,,,,,,,,,0.7,-0.5118203404,-0.6371283477,-0.2846854995591955,0.4464994279,0.0680282682,0.2185593585,-0.4571283476999999
248,248,248.0,248.0,248.0,248.0,248.0,248.0,248.0,248.0,248.0,248.0,248.0,248.0,248.0,248.0,248.0,248.0,,,,,,,,,,,,,,,,,,,,,,,,,,0.8,-0.5738283648,-0.6035888733,-0.5395989473937144,0.5145276961,0.072705672,0.1505310903,-0.8235888733000002
249,249,249.0,249.0,249.0,249.0,249.0,249.0,249.0,249.0,249.0,249.0,249.0,249.0,249.0,249.0,249.0,249.0,,,,,,,,,,,,,,,,,,,,,,,,,,0.9,-0.6338777467,-0.5974993861,-0.2590184453744329,0.5872333681,0.0778254183,0.0778254183,-1.3774993861000002
250,250,250.0,250.0,250.0,250.0,250.0,250.0,250.0,250.0,250.0,250.0,250.0,250.0,250.0,250.0,250.0,250.0,,,,,,,,,,,,,,,,,,,,,,,,,,0.0,0.0,-1.0,0.6753916978854698,0.0,0.0851814032,0.6625233469,-2.5
251,251,251.0,251.0,251.0,251.0,251.0,251.0,251.0,251.0,251.0,251.0,251.0,251.0,251.0,251.0,251.0,251.0,,,,,,,,,,,,,,,,,,,,,,,,,,0.1,-0.0918954279,-0.8405654023,0.100134814764166,0.0851814032,0.065089173,0.5773419437,-1.6205654023000002
252,252,252.0,252.0,252.0,252.0,252.0,252.0,252.0,252.0,252.0,252.0,252.0,252.0,252.0,252.0,252.0,252.0,,,,,,,,,,,,,,,,,,,,,,,,,,0.2,-0.171401402,-0.7510459467,-0.5409004279248522,0.1502705762,0.0594377309999999,0.5122527707,-0.9710459467
253,253,253.0,253.0,253.0,253.0,253.0,253.0,253.0,253.0,253.0,253.0,253.0,253.0,253.0,253.0,253.0,253.0,,,,,,,,,,,,,,,,,,,,,,,,,,0.3,-0.2454894484,-0.7310479432,-0.2084811179763809,0.2097083072,0.0578016693999999,0.4528150397,-0.5510479432000001
254,254,254.0,254.0,254.0,254.0,254.0,254.0,254.0,254.0,254.0,254.0,254.0,254.0,254.0,254.0,254.0,254.0,,,,,,,,,,,,,,,,,,,,,,,,,,0.4,-0.316066361,-0.6813191423,-0.3628470934426588,0.2675099766,0.056677498,0.3950133703,-0.2613191423
255,255,255.0,255.0,255.0,255.0,255.0,255.0,255.0,255.0,255.0,255.0,255.0,255.0,255.0,255.0,255.0,255.0,,,,,,,,,,,,,,,,,,,,,,,,,,0.5,-0.3826576934,-0.6510125192,-0.5887444649875686,0.3241874746,0.0594305421999999,0.3383358723,-0.1510125192
256,256,256.0,256.0,256.0,256.0,256.0,256.0,256.0,256.0,256.0,256.0,256.0,256.0,256.0,256.0,256.0,256.0,,,,,,,,,,,,,,,,,,,,,,,,,,0.6,-0.4474577333,-0.6450869258,-0.3837057055827539,0.3836180168,0.0630822500999999,0.2789053301,-0.2250869258
257,257,257.0,257.0,257.0,257.0,257.0,257.0,257.0,257.0,257.0,257.0,257.0,257.0,257.0,257.0,257.0,257.0,,,,,,,,,,,,,,,,,,,,,,,,,,0.7,-0.5107020503,-0.6202131795,-0.3861877200419771,0.4467002669,0.0664890471,0.21582308,-0.4402131794999998
258,258,258.0,258.0,258.0,258.0,258.0,258.0,258.0,258.0,258.0,258.0,258.0,258.0,258.0,258.0,258.0,258.0,,,,,,,,,,,,,,,,,,,,,,,,,,0.8,-0.571591382,-0.5979426197,-0.6186418400967114,0.513189314,0.0722780856999999,0.1493340329,-0.8179426197000002
259,259,259.0,259.0,259.0,259.0,259.0,259.0,259.0,259.0,259.0,259.0,259.0,259.0,259.0,259.0,259.0,259.0,,,,,,,,,,,,,,,,,,,,,,,,,,0.9,-0.6314857611,-0.5999124247,-0.1357798739556908,0.5854673997,0.0770559472,0.0770559472,-1.3799124247
260,260,260.0,260.0,260.0,260.0,260.0,260.0,260.0,260.0,260.0,260.0,260.0,260.0,260.0,260.0,260.0,260.0,,,,,,,,,,,,,,,,,,,,,,,,,,0.0,0.0,-1.0,1.038630385126032,0.0,0.0823876771,0.6620496841999999,-2.5
261,261,261.0,261.0,261.0,261.0,261.0,261.0,261.0,261.0,261.0,261.0,261.0,261.0,261.0,261.0,261.0,261.0,,,,,,,,,,,,,,,,,,,,,,,,,,0.1,-0.0901382892,-0.8059986723,-0.4700531345344607,0.0823876771,0.0642287761,0.5796620070999999,-1.5859986723
262,262,262.0,262.0,262.0,262.0,262.0,262.0,262.0,262.0,262.0,262.0,262.0,262.0,262.0,262.0,262.0,262.0,,,,,,,,,,,,,,,,,,,,,,,,,,0.2,-0.1691131266,-0.7740291483,-0.2845569531209139,0.1466164532,0.0606942595999999,0.5154332309999999,-0.9940291483
263,263,263.0,263.0,263.0,263.0,263.0,263.0,263.0,263.0,263.0,263.0,263.0,263.0,263.0,263.0,263.0,263.0,,,,,,,,,,,,,,,,,,,,,,,,,,0.3,-0.2441483373,-0.727449633,-0.2551410744155036,0.2073107128,0.0575632469,0.4547389713999999,-0.547449633
264,264,264.0,264.0,264.0,264.0,264.0,264.0,264.0,264.0,264.0,264.0,264.0,264.0,264.0,264.0,264.0,264.0,,,,,,,,,,,,,,,,,,,,,,,,,,0.4,-0.3146085398,-0.6825035379,-0.7420682763208879,0.2648739597,0.0594595506,0.3971757245,-0.2625035378999999
265,265,265.0,265.0,265.0,265.0,265.0,265.0,265.0,265.0,265.0,265.0,265.0,265.0,265.0,265.0,265.0,265.0,,,,,,,,,,,,,,,,,,,,,,,,,,0.5,-0.3831469582,-0.6881719472,-0.2834825715836717,0.3243335103,0.0621721111999999,0.3377161738999999,-0.1881719471999999
266,266,266.0,266.0,266.0,266.0,266.0,266.0,266.0,266.0,266.0,266.0,266.0,266.0,266.0,266.0,266.0,266.0,,,,,,,,,,,,,,,,,,,,,,,,,,0.6,-0.4500065101,-0.6496606524,-0.2238796999032585,0.3865056215,0.0628568151999999,0.2755440627,-0.2296606524
267,267,267.0,267.0,267.0,267.0,267.0,267.0,267.0,267.0,267.0,267.0,267.0,267.0,267.0,267.0,267.0,267.0,,,,,,,,,,,,,,,,,,,,,,,,,,0.7,-0.5129129436,-0.6091421889,-0.4872442383113045,0.4493624367,0.0660446425999999,0.2126872475,-0.4291421888999999
268,268,268.0,268.0,268.0,268.0,268.0,268.0,268.0,268.0,268.0,268.0,268.0,268.0,268.0,268.0,268.0,268.0,,,,,,,,,,,,,,,,,,,,,,,,,,0.8,-0.5732375492,-0.5975420072,-0.3819770059026078,0.5154070793,0.0709085069,0.1466426049,-0.8175420072000001
269,269,269.0,269.0,269.0,269.0,269.0,269.0,269.0,269.0,269.0,269.0,269.0,269.0,269.0,269.0,269.0,269.0,,,,,,,,,,,,,,,,,,,,,,,,,,0.9,-0.6319491055,-0.5770281514,-0.3473148143050022,0.5863155862,0.0757340979999999,0.0757340979999999,-1.3570281514000002
270,270,270.0,270.0,270.0,270.0,270.0,270.0,270.0,270.0,270.0,270.0,270.0,270.0,270.0,270.0,270.0,270.0,,,,,,,,,,,,,,,,,,,,,,,,,,0.0,0.0,-1.0,1.021529013370445,0.0,0.0825144116,0.6672586834,-2.5
271,271,271.0,271.0,271.0,271.0,271.0,271.0,271.0,271.0,271.0,271.0,271.0,271.0,271.0,271.0,271.0,271.0,,,,,,,,,,,,,,,,,,,,,,,,,,0.1,-0.0902210157,-0.8076260829,-0.122954206261476,0.0825144116,0.0617554774999999,0.5847442718,-1.5876260829000004
272,272,272.0,272.0,272.0,272.0,272.0,272.0,272.0,272.0,272.0,272.0,272.0,272.0,272.0,272.0,272.0,272.0,,,,,,,,,,,,,,,,,,,,,,,,,,0.2,-0.1676715749,-0.7424709444,-0.633767162240355,0.1442698891,0.058782209,0.5229887943,-0.9624709444
273,273,273.0,273.0,273.0,273.0,273.0,273.0,273.0,273.0,273.0,273.0,273.0,273.0,273.0,273.0,273.0,273.0,,,,,,,,,,,,,,,,,,,,,,,,,,0.3,-0.2413928302,-0.7321264053,-0.2422136593315799,0.2030520981,0.057961124,0.4642065853,-0.5521264053
274,274,274.0,274.0,274.0,274.0,274.0,274.0,274.0,274.0,274.0,274.0,274.0,274.0,274.0,274.0,274.0,274.0,,,,,,,,,,,,,,,,,,,,,,,,,,0.4,-0.3122357503,-0.6855048511,-0.6443004680228877,0.2610132221,0.0589690433,0.4062454613,-0.2655048511
275,275,275.0,275.0,275.0,275.0,275.0,275.0,275.0,275.0,275.0,275.0,275.0,275.0,275.0,275.0,275.0,275.0,,,,,,,,,,,,,,,,,,,,,,,,,,0.5,-0.380586961,-0.6815836872,-0.5177079781542727,0.3199822654,0.0627279145999999,0.347276418,-0.1815836871999999
276,276,276.0,276.0,276.0,276.0,276.0,276.0,276.0,276.0,276.0,276.0,276.0,276.0,276.0,276.0,276.0,276.0,,,,,,,,,,,,,,,,,,,,,,,,,,0.6,-0.4479526005,-0.6659888456,-0.4394068148244404,0.38271018,0.0661673955,0.2845485034,-0.2459888456
277,277,277.0,277.0,277.0,277.0,277.0,277.0,277.0,277.0,277.0,277.0,277.0,277.0,277.0,277.0,277.0,277.0,,,,,,,,,,,,,,,,,,,,,,,,,,0.7,-0.5134554385,-0.644426689,-0.3148178841725364,0.4488775755,0.0693078352,0.2183811079,-0.4644266889999998
278,278,278.0,278.0,278.0,278.0,278.0,278.0,278.0,278.0,278.0,278.0,278.0,278.0,278.0,278.0,278.0,278.0,,,,,,,,,,,,,,,,,,,,,,,,,,0.8,-0.5763037454,-0.6130601706,-0.2153700024830508,0.5181854107,0.0720887549,0.1490732727,-0.8330601706000001
279,279,279.0,279.0,279.0,279.0,279.0,279.0,279.0,279.0,279.0,279.0,279.0,279.0,279.0,279.0,279.0,279.0,,,,,,,,,,,,,,,,,,,,,,,,,,0.9,-0.6356861593,-0.5752147569,-0.5045654589399287,0.5902741656,0.0769845178,0.0769845178,-1.3552147569000002
280,280,280.0,280.0,280.0,280.0,280.0,280.0,280.0,280.0,280.0,280.0,280.0,280.0,280.0,280.0,280.0,280.0,,,,,,,,,,,,,,,,,,,,,,,,,,0.0,0.0,-1.0,0.7002401533937426,0.0,0.0849834808,0.67153937,-2.5
281,281,281.0,281.0,281.0,281.0,281.0,281.0,281.0,281.0,281.0,281.0,281.0,281.0,281.0,281.0,281.0,281.0,,,,,,,,,,,,,,,,,,,,,,,,,,0.1,-0.0917752255,-0.8382007592,-0.1324259847386072,0.0849834808,0.0665079428,0.5865558892,-1.6182007592000005
282,282,282.0,282.0,282.0,282.0,282.0,282.0,282.0,282.0,282.0,282.0,282.0,282.0,282.0,282.0,282.0,282.0,,,,,,,,,,,,,,,,,,,,,,,,,,0.2,-0.1721811692,-0.7710374139,-0.2449656770833451,0.1514914236,0.0600928008999999,0.5200479464,-0.9910374139
283,283,283.0,283.0,283.0,283.0,283.0,283.0,283.0,283.0,283.0,283.0,283.0,283.0,283.0,283.0,283.0,283.0,,,,,,,,,,,,,,,,,,,,,,,,,,0.3,-0.2467401653,-0.7209749855,-0.3041854116162811,0.2115842245,0.0571736738,0.4599551454999999,-0.5409749855000001
284,284,284.0,284.0,284.0,284.0,284.0,284.0,284.0,284.0,284.0,284.0,284.0,284.0,284.0,284.0,284.0,284.0,,,,,,,,,,,,,,,,,,,,,,,,,,0.4,-0.3168216616,-0.6813120304,-0.4538281293788802,0.2687578983,0.0573618134999999,0.4027814716999999,-0.2613120303999999
285,285,285.0,285.0,285.0,285.0,285.0,285.0,285.0,285.0,285.0,285.0,285.0,285.0,285.0,285.0,285.0,285.0,,,,,,,,,,,,,,,,,,,,,,,,,,0.5,-0.3838524305,-0.6596640745,-0.6153653484286503,0.3261197118,0.0608282239999999,0.3454196582,-0.1596640744999999
286,286,286.0,286.0,286.0,286.0,286.0,286.0,286.0,286.0,286.0,286.0,286.0,286.0,286.0,286.0,286.0,286.0,,,,,,,,,,,,,,,,,,,,,,,,,,0.6,-0.4496045494,-0.6554484904,-0.3418054361217556,0.3869479358,0.0643150809,0.2845914342,-0.2354484903999999
287,287,287.0,287.0,287.0,287.0,287.0,287.0,287.0,287.0,287.0,287.0,287.0,287.0,287.0,287.0,287.0,287.0,,,,,,,,,,,,,,,,,,,,,,,,,,0.7,-0.5136322136,-0.6256013698,-0.5880469186005142,0.4512630167,0.0688028494,0.2202763532999999,-0.4456013697999998
288,288,288.0,288.0,288.0,288.0,288.0,288.0,288.0,288.0,288.0,288.0,288.0,288.0,288.0,288.0,288.0,288.0,,,,,,,,,,,,,,,,,,,,,,,,,,0.8,-0.5760107014,-0.6220275739,-0.3017918641525699,0.5200658661,0.0736684339,0.1514735038999999,-0.8420275739000002
289,289,289.0,289.0,289.0,289.0,289.0,289.0,289.0,289.0,289.0,289.0,289.0,289.0,289.0,289.0,289.0,289.0,,,,,,,,,,,,,,,,,,,,,,,,,,0.9,-0.6366645052,-0.5915529564,-0.3091793055943219,0.5937343,0.0778050699999999,0.0778050699999999,-1.3715529564000004
290,290,290.0,290.0,290.0,290.0,290.0,290.0,290.0,290.0,290.0,290.0,290.0,290.0,290.0,290.0,290.0,290.0,,,,,,,,,,,,,,,,,,,,,,,,,,0.0,0.0,-1.0,0.7935264852289958,0.0,0.084249339,0.6661851569,-2.5
291,291,291.0,291.0,291.0,291.0,291.0,291.0,291.0,291.0,291.0,291.0,291.0,291.0,291.0,291.0,291.0,291.0,,,,,,,,,,,,,,,,,,,,,,,,,,0.1,-0.0913239593,-0.8293233922,-0.2968247428796124,0.084249339,0.0664311502999999,0.5819358179,-1.6093233922000003
292,292,292.0,292.0,292.0,292.0,292.0,292.0,292.0,292.0,292.0,292.0,292.0,292.0,292.0,292.0,292.0,292.0,,,,,,,,,,,,,,,,,,,,,,,,,,0.2,-0.1716803763,-0.7786494494,-0.1250178952343778,0.1506804893,0.0602836428999999,0.5155046676,-0.9986494494
293,293,293.0,293.0,293.0,293.0,293.0,293.0,293.0,293.0,293.0,293.0,293.0,293.0,293.0,293.0,293.0,293.0,,,,,,,,,,,,,,,,,,,,,,,,,,0.3,-0.2463835355,-0.7164480798,-0.6281029237839246,0.2109641322,0.0589157886,0.4552210247,-0.5364480798000001
294,294,294.0,294.0,294.0,294.0,294.0,294.0,294.0,294.0,294.0,294.0,294.0,294.0,294.0,294.0,294.0,294.0,,,,,,,,,,,,,,,,,,,,,,,,,,0.4,-0.3176010189,-0.7080408887,-0.1820307916919616,0.2698799208,0.0590706592999999,0.3963052361,-0.2880408887
295,295,295.0,295.0,295.0,295.0,295.0,295.0,295.0,295.0,295.0,295.0,295.0,295.0,295.0,295.0,295.0,295.0,,,,,,,,,,,,,,,,,,,,,,,,,,0.5,-0.3858605752,-0.6579844117,-0.3795564988630314,0.3289505801,0.0591506950999999,0.3372345768,-0.1579844117
296,296,296.0,296.0,296.0,296.0,296.0,296.0,296.0,296.0,296.0,296.0,296.0,296.0,296.0,296.0,296.0,296.0,,,,,,,,,,,,,,,,,,,,,,,,,,0.6,-0.4503121621,-0.6314884746,-0.4647653441792332,0.3881012752,0.0622037316,0.2780838817,-0.2114884745999999
297,297,297.0,297.0,297.0,297.0,297.0,297.0,297.0,297.0,297.0,297.0,297.0,297.0,297.0,297.0,297.0,297.0,,,,,,,,,,,,,,,,,,,,,,,,,,0.7,-0.5126545352,-0.615622636,-0.5009311779709754,0.4503050068,0.0668889428999999,0.2158801501,-0.4356226359999998
298,298,298.0,298.0,298.0,298.0,298.0,298.0,298.0,298.0,298.0,298.0,298.0,298.0,298.0,298.0,298.0,298.0,,,,,,,,,,,,,,,,,,,,,,,,,,0.8,-0.5736620408,-0.6047082482,-0.3642234905167008,0.5171939497,0.0716963492,0.1489912072,-0.8247082482000002
299,299,299.0,299.0,299.0,299.0,299.0,299.0,299.0,299.0,299.0,299.0,299.0,299.0,299.0,299.0,299.0,299.0,,,,,,,,,,,,,,,,,,,,,,,,,,0.9,-0.6329696817,-0.5818229563,-0.4893834785803609,0.5888902989,0.077294858,0.077294858,-1.3618229563000002
300,300,300.0,300.0,300.0,300.0,300.0,300.0,300.0,300.0,300.0,300.0,300.0,300.0,300.0,300.0,300.0,,,,,,,,,,,,,,,,,,,,,,,,,,,0.0,0.0,-1.0,0.1352692217279138,0.0,0.089730668,0.5594501116,-2.5
301,301,301.0,301.0,301.0,301.0,301.0,301.0,301.0,301.0,301.0,301.0,301.0,301.0,301.0,301.0,301.0,,,,,,,,,,,,,,,,,,,,,,,,,,,0.1,-0.0945082247,-0.8919648532,-0.0591663943653722,0.089730668,0.0745477176,0.4697194436,-1.6719648532000002
302,302,302.0,302.0,302.0,302.0,302.0,302.0,302.0,302.0,302.0,302.0,302.0,302.0,302.0,302.0,302.0,,,,,,,,,,,,,,,,,,,,,,,,,,,0.2,-0.1796761117,-0.8127136056,0.2803032487503445,0.1642783856,0.0626899101,0.395171726,-1.0327136056
303,303,303.0,303.0,303.0,303.0,303.0,303.0,303.0,303.0,303.0,303.0,303.0,303.0,303.0,303.0,303.0,,,,,,,,,,,,,,,,,,,,,,,,,,,0.3,-0.2556602932,-0.7086990992,0.1938189399756453,0.2269682957,0.0527331946,0.3324818159,-0.5286990992
304,304,304.0,304.0,304.0,304.0,304.0,304.0,304.0,304.0,304.0,304.0,304.0,304.0,304.0,304.0,304.0,,,,,,,,,,,,,,,,,,,,,,,,,,,0.4,-0.3221643353,-0.6228131631,-0.0410986127496088,0.2797014903,0.0478351005999999,0.2797486213,-0.2028131630999999
305,305,305.0,305.0,305.0,305.0,305.0,305.0,305.0,305.0,305.0,305.0,305.0,305.0,305.0,305.0,305.0,,,,,,,,,,,,,,,,,,,,,,,,,,,0.5,-0.3816316688,-0.5674556909,0.1405089486905975,0.3275365909,0.0452188424,0.2319135207,-0.0674556909
306,306,306.0,306.0,306.0,306.0,306.0,306.0,306.0,306.0,306.0,306.0,306.0,306.0,306.0,306.0,306.0,,,,,,,,,,,,,,,,,,,,,,,,,,,0.6,-0.4349526206,-0.5000838442,-0.1393836297994945,0.3727554333,0.0444352010999999,0.1866946783,-0.0800838441999999
307,307,307.0,307.0,307.0,307.0,307.0,307.0,307.0,307.0,307.0,307.0,307.0,307.0,307.0,307.0,307.0,,,,,,,,,,,,,,,,,,,,,,,,,,,0.7,-0.4832163448,-0.465758483,-0.0081366115356328,0.4171906344,0.0452920987,0.1422594772,-0.2857584829999998
308,308,308.0,308.0,308.0,308.0,308.0,308.0,308.0,308.0,308.0,308.0,308.0,308.0,308.0,308.0,308.0,,,,,,,,,,,,,,,,,,,,,,,,,,,0.8,-0.5275787603,-0.4222097286,-0.1938964172982072,0.4624827331,0.0470083838,0.0969673785,-0.6422097286000001
309,309,309.0,309.0,309.0,309.0,309.0,309.0,309.0,309.0,309.0,309.0,309.0,309.0,309.0,309.0,309.0,,,,,,,,,,,,,,,,,,,,,,,,,,,0.9,-0.5686956151,-0.4004825155,-0.2073679677138691,0.5094911169,0.0499589946999999,0.0499589946999999,-1.1804825155000005
310,310,310.0,310.0,310.0,310.0,310.0,310.0,310.0,310.0,310.0,310.0,310.0,310.0,310.0,310.0,310.0,,,,,,,,,,,,,,,,,,,,,,,,,,,0.0,0.0,-1.0,0.1629632515629836,0.0,0.089486021,0.5829454455,-2.5
311,311,311.0,311.0,311.0,311.0,311.0,311.0,311.0,311.0,311.0,311.0,311.0,311.0,311.0,311.0,311.0,,,,,,,,,,,,,,,,,,,,,,,,,,,0.1,-0.0943742651,-0.8893294097,0.0416439265623712,0.089486021,0.0732947381,0.4934594245,-1.6693294097000002
312,312,312.0,312.0,312.0,312.0,312.0,312.0,312.0,312.0,312.0,312.0,312.0,312.0,312.0,312.0,312.0,,,,,,,,,,,,,,,,,,,,,,,,,,,0.2,-0.1788036943,-0.8007355878,0.0539188448353496,0.1627807591,0.0625015848999999,0.4201646864,-1.0207355878
313,313,313.0,313.0,313.0,313.0,313.0,313.0,313.0,313.0,313.0,313.0,313.0,313.0,313.0,313.0,313.0,,,,,,,,,,,,,,,,,,,,,,,,,,,0.3,-0.2547431024,-0.7194042953,-0.0455960569333591,0.225282344,0.0556329987,0.3576631015,-0.5394042953000001
314,314,314.0,314.0,314.0,314.0,314.0,314.0,314.0,314.0,314.0,314.0,314.0,314.0,314.0,314.0,314.0,,,,,,,,,,,,,,,,,,,,,,,,,,,0.4,-0.3234240289,-0.6552829745,-0.0256802025055717,0.2809153427,0.0517176910999999,0.3020301028,-0.2352829744999999
315,315,315.0,315.0,315.0,315.0,315.0,315.0,315.0,315.0,315.0,315.0,315.0,315.0,315.0,315.0,315.0,,,,,,,,,,,,,,,,,,,,,,,,,,,0.5,-0.3859066857,-0.595368338,-0.0606709844773545,0.3326330338,0.0496904203,0.2503124117,-0.095368338
316,316,316.0,316.0,316.0,316.0,316.0,316.0,316.0,316.0,316.0,316.0,316.0,316.0,316.0,316.0,316.0,,,,,,,,,,,,,,,,,,,,,,,,,,,0.6,-0.4428570632,-0.5444850589,0.1210098291193777,0.3823234541,0.0483034059999999,0.2006219914,-0.1244850588999999
317,317,317.0,317.0,317.0,317.0,317.0,317.0,317.0,317.0,317.0,317.0,317.0,317.0,317.0,317.0,317.0,,,,,,,,,,,,,,,,,,,,,,,,,,,0.7,-0.4940864687,-0.4811546705,-0.1539414100203464,0.4306268601,0.0484835808999999,0.1523185854,-0.3011546704999998
318,318,318.0,318.0,318.0,318.0,318.0,318.0,318.0,318.0,318.0,318.0,318.0,318.0,318.0,318.0,318.0,,,,,,,,,,,,,,,,,,,,,,,,,,,0.8,-0.5406193226,-0.4500159576,-0.1643543759241114,0.479110441,0.0507210753,0.1038350045,-0.6700159576000002
319,319,319.0,319.0,319.0,319.0,319.0,319.0,319.0,319.0,319.0,319.0,319.0,319.0,319.0,319.0,319.0,,,,,,,,,,,,,,,,,,,,,,,,,,,0.9,-0.5842393837,-0.4228313341,-0.0806539327090426,0.5298315163,0.0531139292,0.0531139292,-1.2028313341000003
320,320,320.0,320.0,320.0,320.0,320.0,320.0,320.0,320.0,320.0,320.0,320.0,320.0,320.0,320.0,320.0,,,,,,,,,,,,,,,,,,,,,,,,,,,0.0,0.0,-1.0,0.2823408782697887,0.0,0.0884452116,0.5502944968,-2.5
321,321,321.0,321.0,321.0,321.0,321.0,321.0,321.0,321.0,321.0,321.0,321.0,321.0,321.0,321.0,321.0,,,,,,,,,,,,,,,,,,,,,,,,,,,0.1,-0.0937967861,-0.8779691261,0.1857640949938983,0.0884452116,0.0703202928999999,0.4618492852,-1.6579691261000002
322,322,322.0,322.0,322.0,322.0,322.0,322.0,322.0,322.0,322.0,322.0,322.0,322.0,322.0,322.0,322.0,,,,,,,,,,,,,,,,,,,,,,,,,,,0.2,-0.1764479707,-0.7767415319,0.0950791733430461,0.1587655045,0.0586406025,0.3915289923,-0.9967415319
323,323,323.0,323.0,323.0,323.0,323.0,323.0,323.0,323.0,323.0,323.0,323.0,323.0,323.0,323.0,323.0,,,,,,,,,,,,,,,,,,,,,,,,,,,0.3,-0.2499049457,-0.6937766396,0.0768050216959908,0.217406107,0.0512109687,0.3328883898,-0.5137766396000001
324,324,324.0,324.0,324.0,324.0,324.0,324.0,324.0,324.0,324.0,324.0,324.0,324.0,324.0,324.0,324.0,,,,,,,,,,,,,,,,,,,,,,,,,,,0.4,-0.3155549743,-0.6204461089,-0.2002664521741717,0.2686170757,0.0480420521,0.2816774211,-0.2004461088999999
325,325,325.0,325.0,325.0,325.0,325.0,325.0,325.0,325.0,325.0,325.0,325.0,325.0,325.0,325.0,325.0,,,,,,,,,,,,,,,,,,,,,,,,,,,0.5,-0.3755670076,-0.5804607208,-0.0747092526146149,0.3166591278,0.0472640252,0.2336353689999999,-0.0804607208
326,326,326.0,326.0,326.0,326.0,326.0,326.0,326.0,326.0,326.0,326.0,326.0,326.0,326.0,326.0,326.0,,,,,,,,,,,,,,,,,,,,,,,,,,,0.6,-0.4311666435,-0.5323320101,0.0993176057888288,0.363923153,0.0460970089,0.1863713437999999,-0.1123320100999999
327,327,327.0,327.0,327.0,327.0,327.0,327.0,327.0,327.0,327.0,327.0,327.0,327.0,327.0,327.0,327.0,,,,,,,,,,,,,,,,,,,,,,,,,,,0.7,-0.4813444628,-0.4722224303,0.0957087831399296,0.4100201619,0.0452308952,0.1402743348999999,-0.2922224302999998
328,328,328.0,328.0,328.0,328.0,328.0,328.0,328.0,328.0,328.0,328.0,328.0,328.0,328.0,328.0,328.0,,,,,,,,,,,,,,,,,,,,,,,,,,,0.8,-0.525819623,-0.4181763917,-0.1034055303586898,0.4552510571,0.0460990046999999,0.0950434396999999,-0.6381763917000002
329,329,329.0,329.0,329.0,329.0,329.0,329.0,329.0,329.0,329.0,329.0,329.0,329.0,329.0,329.0,329.0,,,,,,,,,,,,,,,,,,,,,,,,,,,0.9,-0.5661149432,-0.3882216246,-0.2703847573383015,0.5013500618,0.048944435,0.048944435,-1.1682216246
330,330,330.0,330.0,330.0,330.0,330.0,330.0,330.0,330.0,330.0,330.0,330.0,330.0,330.0,330.0,330.0,,,,,,,,,,,,,,,,,,,,,,,,,,,0.0,0.0,-1.0,0.0518541005597739,0.0,0.0904753838,0.564283512,-2.5
331,331,331.0,331.0,331.0,331.0,331.0,331.0,331.0,331.0,331.0,331.0,331.0,331.0,331.0,331.0,331.0,,,,,,,,,,,,,,,,,,,,,,,,,,,0.1,-0.0949117385,-0.8999028514,0.2813220535538362,0.0904753838,0.0731327151,0.4738081282,-1.6799028514000005
332,332,332.0,332.0,332.0,332.0,332.0,332.0,332.0,332.0,332.0,332.0,332.0,332.0,332.0,332.0,332.0,,,,,,,,,,,,,,,,,,,,,,,,,,,0.2,-0.1791879394,-0.7874944452,-0.0967166024388584,0.1636080989,0.0616798228,0.4006754131,-1.0074944452
333,333,333.0,333.0,333.0,333.0,333.0,333.0,333.0,333.0,333.0,333.0,333.0,333.0,333.0,333.0,333.0,,,,,,,,,,,,,,,,,,,,,,,,,,,0.3,-0.2545958843,-0.7217581606,0.156423299182683,0.2252879217,0.0546172775,0.3389955903,-0.5417581606
334,334,334.0,334.0,334.0,334.0,334.0,334.0,334.0,334.0,334.0,334.0,334.0,334.0,334.0,334.0,334.0,,,,,,,,,,,,,,,,,,,,,,,,,,,0.4,-0.3225235598,-0.6381881551,-0.0994780294877407,0.2799051992,0.0500284001999999,0.2843783128,-0.2181881551
335,335,335.0,335.0,335.0,335.0,335.0,335.0,335.0,335.0,335.0,335.0,335.0,335.0,335.0,335.0,335.0,,,,,,,,,,,,,,,,,,,,,,,,,,,0.5,-0.3837364197,-0.5869230982,0.0502252437568373,0.3299335994,0.0479610688,0.2343499126,-0.0869230981999999
336,336,336.0,336.0,336.0,336.0,336.0,336.0,336.0,336.0,336.0,336.0,336.0,336.0,336.0,336.0,336.0,,,,,,,,,,,,,,,,,,,,,,,,,,,0.6,-0.4393466851,-0.5262903084,0.1350392924164651,0.3778946682,0.0460800620999999,0.1863888438,-0.1062903083999999
337,337,337.0,337.0,337.0,337.0,337.0,337.0,337.0,337.0,337.0,337.0,337.0,337.0,337.0,337.0,337.0,,,,,,,,,,,,,,,,,,,,,,,,,,,0.7,-0.4887767703,-0.463356294,0.0847778524143679,0.4239747303,0.0452432111,0.1403087817,-0.2833562939999998
338,338,338.0,338.0,338.0,338.0,338.0,338.0,338.0,338.0,338.0,338.0,338.0,338.0,338.0,338.0,338.0,,,,,,,,,,,,,,,,,,,,,,,,,,,0.8,-0.5324611085,-0.4111941705,-0.0803895209510147,0.4692179414,0.0461664439999999,0.0950655706,-0.6311941705000002
339,339,339.0,339.0,339.0,339.0,339.0,339.0,339.0,339.0,339.0,339.0,339.0,339.0,339.0,339.0,339.0,,,,,,,,,,,,,,,,,,,,,,,,,,,0.9,-0.5719806651,-0.379713566,-0.2523261744750497,0.5153843854,0.0488991266,0.0488991266,-1.1597135660000002
340,340,340.0,340.0,340.0,340.0,340.0,340.0,340.0,340.0,340.0,340.0,340.0,340.0,340.0,340.0,340.0,,,,,,,,,,,,,,,,,,,,,,,,,,,0.0,0.0,-1.0,0.015200751836669,0.0,0.0908061829,0.5875365594,-2.5
341,341,341.0,341.0,341.0,341.0,341.0,341.0,341.0,341.0,341.0,341.0,341.0,341.0,341.0,341.0,341.0,,,,,,,,,,,,,,,,,,,,,,,,,,,0.1,-0.0950890461,-0.9033908787,-0.0171773768610522,0.0908061829,0.0760977102999999,0.4967303765,-1.6833908787000005
342,342,342.0,342.0,342.0,342.0,342.0,342.0,342.0,342.0,342.0,342.0,342.0,342.0,342.0,342.0,342.0,,,,,,,,,,,,,,,,,,,,,,,,,,,0.2,-0.1811411448,-0.8190565177,0.0893433260451512,0.1669038932,0.0650644271,0.4206326662,-1.0390565177
343,343,343.0,343.0,343.0,343.0,343.0,343.0,343.0,343.0,343.0,343.0,343.0,343.0,343.0,343.0,343.0,,,,,,,,,,,,,,,,,,,,,,,,,,,0.3,-0.2586526618,-0.7326106681,-0.0588996515824351,0.2319683203,0.0577341595999999,0.3555682391,-0.5526106681
344,344,344.0,344.0,344.0,344.0,344.0,344.0,344.0,344.0,344.0,344.0,344.0,344.0,344.0,344.0,344.0,,,,,,,,,,,,,,,,,,,,,,,,,,,0.4,-0.3286546955,-0.6684985996,0.251813199841418,0.2897024799,0.0520651097,0.2978340795,-0.2484985995999999
345,345,345.0,345.0,345.0,345.0,345.0,345.0,345.0,345.0,345.0,345.0,345.0,345.0,345.0,345.0,345.0,,,,,,,,,,,,,,,,,,,,,,,,,,,0.5,-0.3910526637,-0.5809193114,0.0440482674799799,0.3417675896,0.0479446498,0.2457689698,-0.0809193113999999
346,346,346.0,346.0,346.0,346.0,346.0,346.0,346.0,346.0,346.0,346.0,346.0,346.0,346.0,346.0,346.0,,,,,,,,,,,,,,,,,,,,,,,,,,,0.6,-0.4461214861,-0.5214456623,-0.0956830586888353,0.3897122394,0.0473560537,0.19782432,-0.1014456622999999
347,347,347.0,347.0,347.0,347.0,347.0,347.0,347.0,347.0,347.0,347.0,347.0,347.0,347.0,347.0,347.0,,,,,,,,,,,,,,,,,,,,,,,,,,,0.7,-0.4962066598,-0.4809287944,-0.0290643418548468,0.4370682931,0.0480984313999999,0.1504682663,-0.3009287943999998
348,348,348.0,348.0,348.0,348.0,348.0,348.0,348.0,348.0,348.0,348.0,348.0,348.0,348.0,348.0,348.0,,,,,,,,,,,,,,,,,,,,,,,,,,,0.8,-0.5421139606,-0.4379279277,-0.1490158896074296,0.4851667245,0.0497643249,0.1023698349,-0.6579279277000002
349,349,349.0,349.0,349.0,349.0,349.0,349.0,349.0,349.0,349.0,349.0,349.0,349.0,349.0,349.0,349.0,,,,,,,,,,,,,,,,,,,,,,,,,,,0.9,-0.5845095192,-0.4104339581,-0.1959583595754866,0.5349310494,0.05260551,0.05260551,-1.1904339581000003
350,350,350.0,350.0,350.0,350.0,350.0,350.0,350.0,350.0,350.0,350.0,350.0,350.0,350.0,350.0,350.0,,,,,,,,,,,,,,,,,,,,,,,,,,,0.0,0.0,-1.0,0.2089328537389103,0.0,0.0890824959,0.5450800257999999,-2.5
351,351,351.0,351.0,351.0,351.0,351.0,351.0,351.0,351.0,351.0,351.0,351.0,351.0,351.0,351.0,351.0,,,,,,,,,,,,,,,,,,,,,,,,,,,0.1,-0.0941518911,-0.8849548235,0.2622926863357299,0.0890824959,0.0708550695999999,0.4559975299,-1.6649548235000002
352,352,352.0,352.0,352.0,352.0,352.0,352.0,352.0,352.0,352.0,352.0,352.0,352.0,352.0,352.0,352.0,,,,,,,,,,,,,,,,,,,,,,,,,,,0.2,-0.1770976518,-0.7757797942,0.2261417167728623,0.1599375655,0.0576348389,0.3851424603,-0.9957797942
353,353,353.0,353.0,353.0,353.0,353.0,353.0,353.0,353.0,353.0,353.0,353.0,353.0,353.0,353.0,353.0,,,,,,,,,,,,,,,,,,,,,,,,,,,0.3,-0.2498290398,-0.6804342345,-0.0049824059542528,0.2175724044,0.050023434,0.3275076214,-0.5004342345
354,354,354.0,354.0,354.0,354.0,354.0,354.0,354.0,354.0,354.0,354.0,354.0,354.0,354.0,354.0,354.0,,,,,,,,,,,,,,,,,,,,,,,,,,,0.4,-0.3146050128,-0.6161565021,0.1366907882135704,0.2675958384,0.0455363573,0.2774841874,-0.1961565020999999
355,355,355.0,355.0,355.0,355.0,355.0,355.0,355.0,355.0,355.0,355.0,355.0,355.0,355.0,355.0,355.0,,,,,,,,,,,,,,,,,,,,,,,,,,,0.5,-0.3725788674,-0.5445135687,-0.2394809003352714,0.3131321957,0.0440683612999999,0.2319478301,-0.0445135687
356,356,356.0,356.0,356.0,356.0,356.0,356.0,356.0,356.0,356.0,356.0,356.0,356.0,356.0,356.0,356.0,,,,,,,,,,,,,,,,,,,,,,,,,,,0.6,-0.4255547255,-0.5154858006,-0.075186675378126,0.357200557,0.0447654713,0.1878794688,-0.0954858006
357,357,357.0,357.0,357.0,357.0,357.0,357.0,357.0,357.0,357.0,357.0,357.0,357.0,357.0,357.0,357.0,,,,,,,,,,,,,,,,,,,,,,,,,,,0.7,-0.4749735659,-0.4735856277,-0.1317394703966275,0.4019660283,0.0457348696,0.1431139975,-0.2935856276999998
358,358,358.0,358.0,358.0,358.0,358.0,358.0,358.0,358.0,358.0,358.0,358.0,358.0,358.0,358.0,358.0,,,,,,,,,,,,,,,,,,,,,,,,,,,0.8,-0.5206787212,-0.4410544195,-0.1188271981687596,0.4477008979,0.0475316440999999,0.0973791279,-0.6610544195000002
359,359,359.0,359.0,359.0,359.0,359.0,359.0,359.0,359.0,359.0,359.0,359.0,359.0,359.0,359.0,359.0,,,,,,,,,,,,,,,,,,,,,,,,,,,0.9,-0.5632257403,-0.4103901202,-0.1420189018756728,0.495232542,0.0498474838,0.0498474838,-1.1903901202000002
360,360,360.0,360.0,360.0,360.0,360.0,360.0,360.0,360.0,360.0,360.0,360.0,360.0,360.0,360.0,,,,,,,,,,,,,,,,,,,,,,,,,,,,0.0,0.0,-1.0,-19.883306121563304,0.0,0.5916749122,2.2975089059,0.7499325832
361,361,361.0,361.0,361.0,361.0,361.0,361.0,361.0,361.0,361.0,361.0,361.0,361.0,361.0,361.0,,,,,,,,,,,,,,,,,,,,,,,,,,,,0.1,-0.1913464441,-2.7969841681,13.36411493077159,0.5916749122,0.5247532775999999,1.7058339937,0.7499325832
362,362,362.0,362.0,362.0,362.0,362.0,362.0,362.0,362.0,362.0,362.0,362.0,362.0,362.0,362.0,,,,,,,,,,,,,,,,,,,,,,,,,,,,0.2,-0.3928669392,-1.2590521799,6.671857250706856,1.1164281898,0.1233173971000001,1.1810807161,0.7499325832
363,363,363.0,363.0,363.0,363.0,363.0,363.0,363.0,363.0,363.0,363.0,363.0,363.0,363.0,363.0,,,,,,,,,,,,,,,,,,,,,,,,,,,,0.3,-0.4804070416,-0.5043263524,4.361395351538751,1.2397455869,0.0433113003999998,1.057763319,0.7499325832
364,364,364.0,364.0,364.0,364.0,364.0,364.0,364.0,364.0,364.0,364.0,364.0,364.0,364.0,364.0,,,,,,,,,,,,,,,,,,,,,,,,,,,,0.4,-0.5073023631,-0.0412914958,3.018988607861223,1.2830568873,0.0318440711,1.0144520186,0.7499325832
365,365,365.0,365.0,365.0,365.0,365.0,365.0,365.0,365.0,365.0,365.0,365.0,365.0,365.0,365.0,,,,,,,,,,,,,,,,,,,,,,,,,,,,0.5,-0.4966275812,0.2499325832,-20.071341703537243,1.3149009584,0.3131297924,0.9826079475,0.7499325832
366,366,366.0,366.0,366.0,366.0,366.0,366.0,366.0,366.0,366.0,366.0,366.0,366.0,366.0,366.0,,,,,,,,,,,,,,,,,,,,,,,,,,,,0.6,-0.5699367606,-1.6838924078,12.333207962722556,1.6280307508,0.2319925462999998,0.6694781551,0.7499325832
367,367,367.0,367.0,367.0,367.0,367.0,367.0,367.0,367.0,367.0,367.0,367.0,367.0,367.0,367.0,,,,,,,,,,,,,,,,,,,,,,,,,,,,0.7,-0.6705194424,-0.3499889298,3.549023988634058,1.8600232971,0.0565261235,0.4374856088000001,0.7499325832
368,368,368.0,368.0,368.0,368.0,368.0,368.0,368.0,368.0,368.0,368.0,368.0,368.0,368.0,368.0,,,,,,,,,,,,,,,,,,,,,,,,,,,,0.8,-0.6866579452,0.0210519719,2.765473034725635,1.9165494206,0.0531553308999999,0.3809594853,0.7499325832
369,369,369.0,369.0,369.0,369.0,369.0,369.0,369.0,369.0,369.0,369.0,369.0,369.0,369.0,369.0,,,,,,,,,,,,,,,,,,,,,,,,,,,,0.9,-0.6712768173,0.2822181475,-20.00791175841941,1.9697047515,0.3278041544000001,0.3278041544000001,0.7499325832
370,370,370.0,370.0,370.0,370.0,370.0,370.0,370.0,370.0,370.0,370.0,370.0,370.0,370.0,370.0,,,,,,,,,,,,,,,,,,,,,,,,,,,,0.0,0.0,-1.0,-19.883939477856256,0.0,0.5917010623,2.2773209652,0.7538626176000001
371,371,371.0,371.0,371.0,371.0,371.0,371.0,371.0,371.0,371.0,371.0,371.0,371.0,371.0,371.0,,,,,,,,,,,,,,,,,,,,,,,,,,,,0.1,-0.1913495079,-2.7970444399,13.542598016702716,0.5917010623,0.5241228497,1.6856199029,0.7538626176000001
372,372,372.0,372.0,372.0,372.0,372.0,372.0,372.0,372.0,372.0,372.0,372.0,372.0,372.0,372.0,,,,,,,,,,,,,,,,,,,,,,,,,,,,0.2,-0.3920123415,-1.2421218046,6.4848113911254455,1.115823912,0.1204921041,1.1614970532,0.7538626176000001
373,373,373.0,373.0,373.0,373.0,373.0,373.0,373.0,373.0,373.0,373.0,373.0,373.0,373.0,373.0,,,,,,,,,,,,,,,,,,,,,,,,,,,,0.3,-0.478846124,-0.506806883,4.418509765069234,1.2363160161,0.0434319811000001,1.0410049491,0.7538626176000001
374,374,374.0,374.0,374.0,374.0,374.0,374.0,374.0,374.0,374.0,374.0,374.0,374.0,374.0,374.0,,,,,,,,,,,,,,,,,,,,,,,,,,,,0.4,-0.5057012104,-0.0381008201,3.0299487618883285,1.2797479972,0.0317796389999998,0.9975729679999998,0.7538626176000001
375,375,375.0,375.0,375.0,375.0,375.0,375.0,375.0,375.0,375.0,375.0,375.0,375.0,375.0,375.0,,,,,,,,,,,,,,,,,,,,,,,,,,,,0.5,-0.4946697719,0.2538626176,-19.867091244770315,1.3115276362,0.3062038224000001,0.965793329,0.7538626176000001
376,376,376.0,376.0,376.0,376.0,376.0,376.0,376.0,376.0,376.0,376.0,376.0,376.0,376.0,376.0,,,,,,,,,,,,,,,,,,,,,,,,,,,,0.6,-0.5666169101,-1.6608993687,12.465594781365128,1.6177314586,0.2276671540999999,0.6595895065999999,0.7538626176000001
377,377,377.0,377.0,377.0,377.0,377.0,377.0,377.0,377.0,377.0,377.0,377.0,377.0,377.0,377.0,,,,,,,,,,,,,,,,,,,,,,,,,,,,0.7,-0.6643711041,-0.3165856966,3.641897724184632,1.8453986127,0.0547804391999999,0.4319223525,0.7538626176000001
378,378,378.0,378.0,378.0,378.0,378.0,378.0,378.0,378.0,378.0,378.0,378.0,378.0,378.0,378.0,,,,,,,,,,,,,,,,,,,,,,,,,,,,0.8,-0.6768813114,0.0601142831,2.378164858723353,1.9001790519,0.0511065087,0.3771419133,0.7538626176000001
379,379,379.0,379.0,379.0,379.0,379.0,379.0,379.0,379.0,379.0,379.0,379.0,379.0,379.0,379.0,,,,,,,,,,,,,,,,,,,,,,,,,,,,0.9,-0.6596564733,0.2807059309,-19.995100275940967,1.9512855606,0.3260354046,0.3260354046,0.7538626176000001
380,380,380.0,380.0,380.0,380.0,380.0,380.0,380.0,380.0,380.0,380.0,380.0,380.0,380.0,380.0,,,,,,,,,,,,,,,,,,,,,,,,,,,,0.0,0.0,-1.0,-19.847518385323497,0.0,0.5901983617,2.285282278,0.7354738134000001
381,381,381.0,381.0,381.0,381.0,381.0,381.0,381.0,381.0,381.0,381.0,381.0,381.0,381.0,381.0,,,,,,,,,,,,,,,,,,,,,,,,,,,,0.1,-0.1911733238,-2.7935785147,13.619291111157716,0.5901983617,0.5225068877000001,1.6950839163,0.7354738134000001
382,382,382.0,382.0,382.0,382.0,382.0,382.0,382.0,382.0,382.0,382.0,382.0,382.0,382.0,382.0,,,,,,,,,,,,,,,,,,,,,,,,,,,,0.2,-0.3911353346,-1.2316873928,6.361075819356678,1.1127052494,0.1187541389999999,1.1725770286,0.7354738134000001
383,383,383.0,383.0,383.0,383.0,383.0,383.0,383.0,383.0,383.0,383.0,383.0,383.0,383.0,383.0,,,,,,,,,,,,,,,,,,,,,,,,,,,,0.3,-0.4775747117,-0.5091404337,4.181786067719253,1.2314593884,0.0429210666999999,1.0538228896,0.7354738134000001
384,384,384.0,384.0,384.0,384.0,384.0,384.0,384.0,384.0,384.0,384.0,384.0,384.0,384.0,384.0,,,,,,,,,,,,,,,,,,,,,,,,,,,,0.4,-0.5057970246,-0.0627395141,3.0709855795134766,1.2743804551,0.0316307036,1.0109018229,0.7354738134000001
385,385,385.0,385.0,385.0,385.0,385.0,385.0,385.0,385.0,385.0,385.0,385.0,385.0,385.0,385.0,,,,,,,,,,,,,,,,,,,,,,,,,,,,0.5,-0.4969117942,0.2354738134,-19.92981963287352,1.3060111587,0.3109195865999998,0.9792711193,0.7354738134000001
386,386,386.0,386.0,386.0,386.0,386.0,386.0,386.0,386.0,386.0,386.0,386.0,386.0,386.0,386.0,,,,,,,,,,,,,,,,,,,,,,,,,,,,0.6,-0.5709123145,-1.6835076295,12.303562969792951,1.6169307453,0.2319060402000001,0.6683515327,0.7354738134000001
387,387,387.0,387.0,387.0,387.0,387.0,387.0,387.0,387.0,387.0,387.0,387.0,387.0,387.0,387.0,,,,,,,,,,,,,,,,,,,,,,,,,,,,0.7,-0.671601785,-0.352461862,3.6966862955844304,1.8488367855,0.0571298686999999,0.4364454924999998,0.7354738134000001
388,388,388.0,388.0,388.0,388.0,388.0,388.0,388.0,388.0,388.0,388.0,388.0,388.0,388.0,388.0,,,,,,,,,,,,,,,,,,,,,,,,,,,,0.8,-0.6872612724,0.0328662549,2.6576766876164903,1.9059666542,0.0530315596999999,0.3793156237999999,0.7354738134000001
389,389,389.0,389.0,389.0,389.0,389.0,389.0,389.0,389.0,389.0,389.0,389.0,389.0,389.0,389.0,,,,,,,,,,,,,,,,,,,,,,,,,,,,0.9,-0.6712773417,0.2826499929,-19.9592446661024,1.9589982139,0.3262840641,0.3262840641,0.7354738134000001
390,390,390.0,390.0,390.0,390.0,390.0,390.0,390.0,390.0,390.0,390.0,390.0,390.0,390.0,390.0,,,,,,,,,,,,,,,,,,,,,,,,,,,,0.0,0.0,-1.0,-20.06074920209084,0.0,0.5990266035,2.3241247115,0.7270735785
391,391,391.0,391.0,391.0,391.0,391.0,391.0,391.0,391.0,391.0,391.0,391.0,391.0,391.0,391.0,,,,,,,,,,,,,,,,,,,,,,,,,,,,0.1,-0.1922048105,-2.8138701097,13.42203081080733,0.5990266035,0.5311779201,1.725098108,0.7270735785
392,392,392.0,392.0,392.0,392.0,392.0,392.0,392.0,392.0,392.0,392.0,392.0,392.0,392.0,392.0,,,,,,,,,,,,,,,,,,,,,,,,,,,,0.2,-0.3950520523,-1.2688197868,6.684430192133121,1.1302045236,0.1251921524999999,1.1939201879,0.7270735785
393,393,393.0,393.0,393.0,393.0,393.0,393.0,393.0,393.0,393.0,393.0,393.0,393.0,393.0,393.0,,,,,,,,,,,,,,,,,,,,,,,,,,,,0.3,-0.4834608448,-0.5119679751,4.472462467713749,1.2553966761,0.0443166240000001,1.0687280354000002,0.7270735785
394,394,394.0,394.0,394.0,394.0,394.0,394.0,394.0,394.0,394.0,394.0,394.0,394.0,394.0,394.0,,,,,,,,,,,,,,,,,,,,,,,,,,,,0.4,-0.5105460835,-0.0376364896,2.7440254516389,1.2997133001,0.0310847267999998,1.0244114114,0.7270735785
395,395,395.0,395.0,395.0,395.0,395.0,395.0,395.0,395.0,395.0,395.0,395.0,395.0,395.0,395.0,,,,,,,,,,,,,,,,,,,,,,,,,,,,0.5,-0.5008536064,0.2270735785,-19.967856386400367,1.3307980269,0.3136902427000001,0.9933266846000002,0.7270735785
396,396,396.0,396.0,396.0,396.0,396.0,396.0,396.0,396.0,396.0,396.0,396.0,396.0,396.0,396.0,,,,,,,,,,,,,,,,,,,,,,,,,,,,0.6,-0.5758375518,-1.6947281148,12.50108553889537,1.6444882696,0.2356796969999999,0.6796364419,0.7270735785
397,397,397.0,397.0,397.0,397.0,397.0,397.0,397.0,397.0,397.0,397.0,397.0,397.0,397.0,397.0,,,,,,,,,,,,,,,,,,,,,,,,,,,,0.7,-0.6766392934,-0.3438178193,3.574846872741506,1.8801679666,0.0571956651,0.4439567449000001,0.7270735785
398,398,398.0,398.0,398.0,398.0,398.0,398.0,398.0,398.0,398.0,398.0,398.0,398.0,398.0,398.0,,,,,,,,,,,,,,,,,,,,,,,,,,,,0.8,-0.6920655756,0.0290931502,2.70020436868903,1.9373636317,0.0537881959999999,0.3867610798000001,0.7270735785
399,399,399.0,399.0,399.0,399.0,399.0,399.0,399.0,399.0,399.0,399.0,399.0,399.0,399.0,399.0,,,,,,,,,,,,,,,,,,,,,,,,,,,,0.9,-0.6762349953,0.2832830068,-20.16123149216116,1.9911518277,0.3329728838000001,0.3329728838000001,0.7270735785
400,400,400.0,400.0,400.0,400.0,400.0,400.0,400.0,400.0,400.0,400.0,400.0,400.0,400.0,400.0,,,,,,,,,,,,,,,,,,,,,,,,,,,,0.0,0.0,-1.0,-20.042857544279386,0.0,0.5982830174,2.3227314306,0.7213000281999999
401,401,401.0,401.0,401.0,401.0,401.0,401.0,401.0,401.0,401.0,401.0,401.0,401.0,401.0,401.0,,,,,,,,,,,,,,,,,,,,,,,,,,,,0.1,-0.192118261,-2.8121674934,13.468778657597571,0.5982830174,0.5303274364999999,1.7244484132000002,0.7213000281999999
402,402,402.0,402.0,402.0,402.0,402.0,402.0,402.0,402.0,402.0,402.0,402.0,402.0,402.0,402.0,,,,,,,,,,,,,,,,,,,,,,,,,,,,0.2,-0.3945773387,-1.26283055,6.449214867806927,1.1286104539,0.124336486,1.1941209767000005,0.7213000281999999
403,403,403.0,403.0,403.0,403.0,403.0,403.0,403.0,403.0,403.0,403.0,403.0,403.0,403.0,403.0,,,,,,,,,,,,,,,,,,,,,,,,,,,,0.3,-0.483554014,-0.5289323879,4.267996336639607,1.2529469399,0.0448894203,1.0697844907000005,0.7213000281999999
404,404,404.0,404.0,404.0,404.0,404.0,404.0,404.0,404.0,404.0,404.0,404.0,404.0,404.0,404.0,,,,,,,,,,,,,,,,,,,,,,,,,,,,0.4,-0.5132427635,-0.0724440047,3.0143158166757646,1.2978363602,0.0320512108999999,1.0248950704000002,0.7213000281999999
405,405,405.0,405.0,405.0,405.0,405.0,405.0,405.0,405.0,405.0,405.0,405.0,405.0,405.0,405.0,,,,,,,,,,,,,,,,,,,,,,,,,,,,0.5,-0.5055552148,0.2213000282,-19.92472412888928,1.3298875711,0.3137108625,0.9928438595000002,0.7213000281999999
406,406,406.0,406.0,406.0,406.0,406.0,406.0,406.0,406.0,406.0,406.0,406.0,406.0,406.0,406.0,,,,,,,,,,,,,,,,,,,,,,,,,,,,0.6,-0.5808799265,-1.6958476729,12.44611839835116,1.6435984336,0.2362956545999999,0.6791329970000002,0.7213000281999999
407,407,407.0,407.0,407.0,407.0,407.0,407.0,407.0,407.0,407.0,407.0,407.0,407.0,407.0,407.0,,,,,,,,,,,,,,,,,,,,,,,,,,,,0.7,-0.6820541073,-0.3500616523,3.715809963860365,1.8798940882,0.0585288283,0.4428373424000003,0.7213000281999999
408,408,408.0,408.0,408.0,408.0,408.0,408.0,408.0,408.0,408.0,408.0,408.0,408.0,408.0,408.0,,,,,,,,,,,,,,,,,,,,,,,,,,,,0.8,-0.6973926542,0.0368578909,2.5966430857759817,1.9384229165,0.0542501270999999,0.3843085141000002,0.7213000281999999
409,409,409.0,409.0,409.0,409.0,409.0,409.0,409.0,409.0,409.0,409.0,409.0,409.0,409.0,409.0,,,,,,,,,,,,,,,,,,,,,,,,,,,,0.9,-0.6813239893,0.2804535346,-20.02835874556315,1.9926730436,0.3300583870000002,0.3300583870000002,0.7213000281999999
410,410,410.0,410.0,410.0,410.0,410.0,410.0,410.0,410.0,410.0,410.0,410.0,410.0,410.0,410.0,,,,,,,,,,,,,,,,,,,,,,,,,,,,0.0,0.0,-1.0,-20.164300970800603,0.0,0.6033404513,2.328047513,0.7269735336
411,411,411.0,411.0,411.0,411.0,411.0,411.0,411.0,411.0,411.0,411.0,411.0,411.0,411.0,411.0,,,,,,,,,,,,,,,,,,,,,,,,,,,,0.1,-0.1927057337,-2.8237243634,13.616346846678772,0.6033404513,0.5343399671,1.7247070617,0.7269735336
412,412,412.0,412.0,412.0,412.0,412.0,412.0,412.0,412.0,412.0,412.0,412.0,412.0,412.0,412.0,,,,,,,,,,,,,,,,,,,,,,,,,,,,0.2,-0.3955507442,-1.2592446682,6.589457751467623,1.1376804184,0.1236566248999999,1.1903670946,0.7269735336
413,413,413.0,413.0,413.0,413.0,413.0,413.0,413.0,413.0,413.0,413.0,413.0,413.0,413.0,413.0,,,,,,,,,,,,,,,,,,,,,,,,,,,,0.3,-0.4835077647,-0.5123418726,4.17653723617536,1.2613370433,0.0436930326,1.0667104697,0.7269735336
414,414,414.0,414.0,414.0,414.0,414.0,414.0,414.0,414.0,414.0,414.0,414.0,414.0,414.0,414.0,,,,,,,,,,,,,,,,,,,,,,,,,,,,0.4,-0.5120601305,-0.0661357832,3.013954637392109,1.3050300759,0.0319903075,1.0230174371,0.7269735336
415,415,415.0,415.0,415.0,415.0,415.0,415.0,415.0,415.0,415.0,415.0,415.0,415.0,415.0,415.0,,,,,,,,,,,,,,,,,,,,,,,,,,,,0.5,-0.5037739835,0.2269735336,-19.92202056665326,1.3370203834,0.3126167381,0.9910271296,0.7269735336
416,416,416.0,416.0,416.0,416.0,416.0,416.0,416.0,416.0,416.0,416.0,416.0,416.0,416.0,416.0,,,,,,,,,,,,,,,,,,,,,,,,,,,,0.6,-0.5785457225,-1.6904567841,12.179034645238566,1.6496371215,0.2337375809999999,0.6784103914999999,0.7269735336
417,417,417.0,417.0,417.0,417.0,417.0,417.0,417.0,417.0,417.0,417.0,417.0,417.0,417.0,417.0,,,,,,,,,,,,,,,,,,,,,,,,,,,,0.7,-0.6804988885,-0.3706001535,3.928324433046436,1.8833747025,0.0596562301999998,0.4446728104999999,0.7269735336
418,418,418.0,418.0,418.0,418.0,418.0,418.0,418.0,418.0,418.0,418.0,418.0,418.0,418.0,418.0,,,,,,,,,,,,,,,,,,,,,,,,,,,,0.8,-0.6967639444,0.0384973457,2.4345600912071275,1.9430309327,0.0535216124999999,0.3850165803000001,0.7269735336
419,419,419.0,419.0,419.0,419.0,419.0,419.0,419.0,419.0,419.0,419.0,419.0,419.0,419.0,419.0,,,,,,,,,,,,,,,,,,,,,,,,,,,,0.9,-0.6813233137,0.2665127241,-20.01193275713724,1.9965525452,0.3314949678000001,0.3314949678000001,0.7269735336
420,420,420.0,420.0,420.0,420.0,420.0,420.0,420.0,420.0,420.0,420.0,420.0,420.0,420.0,,,,,,,,,,,,,,,,,,,,,,,,,,,,,0.0,0.0,-1.0,2.5086380154853143,0.0,0.0732643658,0.1775803179,0.4611924069999999
421,421,421.0,421.0,421.0,421.0,421.0,421.0,421.0,421.0,421.0,421.0,421.0,421.0,421.0,,,,,,,,,,,,,,,,,,,,,,,,,,,,,0.1,-0.0830272482,-0.6661089503,1.1957641339112604,0.0732643658,0.0354704308,0.1043159521,0.4611924069999999
422,422,422.0,422.0,422.0,422.0,422.0,422.0,422.0,422.0,422.0,422.0,422.0,422.0,422.0,,,,,,,,,,,,,,,,,,,,,,,,,,,,,0.2,-0.140631484,-0.4889283011,0.7047633109427622,0.1087347966,0.0216245114999999,0.0688455213,0.4611924069999999
423,423,423.0,423.0,423.0,423.0,423.0,423.0,423.0,423.0,423.0,423.0,423.0,423.0,423.0,,,,,,,,,,,,,,,,,,,,,,,,,,,,,0.3,-0.1837499168,-0.3753335372,1.993758593595611,0.1303593081,0.0131613661,0.0472210098,0.4611924069999999
424,424,424.0,424.0,424.0,424.0,424.0,424.0,424.0,424.0,424.0,424.0,424.0,424.0,424.0,,,,,,,,,,,,,,,,,,,,,,,,,,,,,0.4,-0.2098229747,-0.1498846199,1.0173494774338252,0.1435206742,0.0061342429999999,0.0340596437,0.4611924069999999
425,425,425.0,425.0,425.0,425.0,425.0,425.0,425.0,425.0,425.0,425.0,425.0,425.0,425.0,,,,,,,,,,,,,,,,,,,,,,,,,,,,,0.5,-0.2191650539,-0.038807593,0.4304196788885345,0.1496549172,0.0049903726,0.0279254007,0.4611924069999999
426,426,426.0,426.0,426.0,426.0,426.0,426.0,426.0,426.0,426.0,426.0,426.0,426.0,426.0,,,,,,,,,,,,,,,,,,,,,,,,,,,,,0.6,-0.2207760654,0.0058453864,0.6507670738361147,0.1546452898,0.0051956247999999,0.0229350281,0.4611924069999999
427,427,427.0,427.0,427.0,427.0,427.0,427.0,427.0,427.0,427.0,427.0,427.0,427.0,427.0,,,,,,,,,,,,,,,,,,,,,,,,,,,,,0.7,-0.2170717653,0.0672177937,0.4306264211562481,0.1598409146,0.0053643569,0.0177394033,0.4611924069999999
428,428,428.0,428.0,428.0,428.0,428.0,428.0,428.0,428.0,428.0,428.0,428.0,428.0,428.0,,,,,,,,,,,,,,,,,,,,,,,,,,,,,0.8,-0.2085920551,0.1018007256,0.4689571219228612,0.1652052715,0.0056679322,0.0123750464,0.4611924069999999
429,429,429.0,429.0,429.0,429.0,429.0,429.0,429.0,429.0,429.0,429.0,429.0,429.0,429.0,,,,,,,,,,,,,,,,,,,,,,,,,,,,,0.9,-0.1966361953,0.136740578,0.7753933053635647,0.1708732037,0.0067071142,0.0067071142,0.4611924069999999
430,430,430.0,430.0,430.0,430.0,430.0,430.0,430.0,430.0,430.0,430.0,430.0,430.0,430.0,,,,,,,,,,,,,,,,,,,,,,,,,,,,,0.0,0.0,-1.0,2.4402750197834786,0.0,0.0736110358,0.1732124168,0.4544282678
431,431,431.0,431.0,431.0,431.0,431.0,431.0,431.0,431.0,431.0,431.0,431.0,431.0,431.0,,,,,,,,,,,,,,,,,,,,,,,,,,,,,0.1,-0.0833579485,-0.6726145495,1.5725706335581766,0.0736110358,0.0347381348999999,0.0996013809999999,0.4544282678
432,432,432.0,432.0,432.0,432.0,432.0,432.0,432.0,432.0,432.0,432.0,432.0,432.0,432.0,,,,,,,,,,,,,,,,,,,,,,,,,,,,,0.2,-0.1397585034,-0.4589569312,0.8098333101398618,0.1083491707,0.0188499645999999,0.0648632461,0.4544282678
433,433,433.0,433.0,433.0,433.0,433.0,433.0,433.0,433.0,433.0,433.0,433.0,433.0,433.0,,,,,,,,,,,,,,,,,,,,,,,,,,,,,0.3,-0.179516516,-0.3382155877,1.9294739815507824,0.1271991353,0.0111906516,0.0460132815,0.4544282678
434,434,434.0,434.0,434.0,434.0,434.0,434.0,434.0,434.0,434.0,434.0,434.0,434.0,434.0,,,,,,,,,,,,,,,,,,,,,,,,,,,,,0.4,-0.2023683085,-0.1224163969,0.6850917631418298,0.1383897869,0.0052716327999999,0.0348226298999999,0.4544282678
435,435,435.0,435.0,435.0,435.0,435.0,435.0,435.0,435.0,435.0,435.0,435.0,435.0,435.0,,,,,,,,,,,,,,,,,,,,,,,,,,,,,0.5,-0.210703797,-0.0455717322,0.7552449394906047,0.1436614197,0.0048192087,0.0295509971,0.4544282678
436,436,436.0,436.0,436.0,436.0,436.0,436.0,436.0,436.0,436.0,436.0,436.0,436.0,436.0,,,,,,,,,,,,,,,,,,,,,,,,,,,,,0.6,-0.211387139,0.0306361038,0.4951357305348263,0.1484806284,0.0047934069999999,0.0247317883999999,0.4544282678
437,437,437.0,437.0,437.0,437.0,437.0,437.0,437.0,437.0,437.0,437.0,437.0,437.0,437.0,,,,,,,,,,,,,,,,,,,,,,,,,,,,,0.7,-0.2060765752,0.0748391131,0.8117813975677162,0.1532740354,0.0056381285999999,0.0199383813999999,0.4544282678
438,438,438.0,438.0,438.0,438.0,438.0,438.0,438.0,438.0,438.0,438.0,438.0,438.0,438.0,,,,,,,,,,,,,,,,,,,,,,,,,,,,,0.8,-0.1950280418,0.1449687194,0.6337488240230138,0.158912164,0.0065607772,0.0143002527999999,0.4544282678
439,439,439.0,439.0,439.0,439.0,439.0,439.0,439.0,439.0,439.0,439.0,439.0,439.0,439.0,,,,,,,,,,,,,,,,,,,,,,,,,,,,,0.9,-0.1781671772,0.1914827372,0.6955105838752438,0.1654729412,0.0077394755999999,0.0077394755999999,0.4544282678
440,440,440.0,440.0,440.0,440.0,440.0,440.0,440.0,440.0,440.0,440.0,440.0,440.0,440.0,,,,,,,,,,,,,,,,,,,,,,,,,,,,,0.0,0.0,-1.0,2.313121525642484,0.0,0.0742759774,0.185814917,0.4800776927
441,441,441.0,441.0,441.0,441.0,441.0,441.0,441.0,441.0,441.0,441.0,441.0,441.0,441.0,,,,,,,,,,,,,,,,,,,,,,,,,,,,,0.1,-0.0839730432,-0.6847148042,1.3933659165112362,0.0742759774,0.0367713281999999,0.1115389396,0.4800776927
442,442,442.0,442.0,442.0,442.0,442.0,442.0,442.0,442.0,442.0,442.0,442.0,442.0,442.0,,,,,,,,,,,,,,,,,,,,,,,,,,,,,0.2,-0.1423919778,-0.4869592779,0.6171842335372394,0.1110473056,0.0218149212,0.0747676114,0.4800776927
443,443,443.0,443.0,443.0,443.0,443.0,443.0,443.0,443.0,443.0,443.0,443.0,443.0,443.0,,,,,,,,,,,,,,,,,,,,,,,,,,,,,0.3,-0.1857466921,-0.3818861404,2.05247059724678,0.1328622268,0.0135707979999999,0.0529526901999999,0.4800776927
444,444,444.0,444.0,444.0,444.0,444.0,444.0,444.0,444.0,444.0,444.0,444.0,444.0,444.0,,,,,,,,,,,,,,,,,,,,,,,,,,,,,0.4,-0.2121592982,-0.1502264745,1.219053107924895,0.1464330248,0.0063185179999999,0.0393818921999999,0.4800776927
445,445,445.0,445.0,445.0,445.0,445.0,445.0,445.0,445.0,445.0,445.0,445.0,445.0,445.0,,,,,,,,,,,,,,,,,,,,,,,,,,,,,0.5,-0.2205581546,-0.0199223073,0.6402987207894559,0.1527515428,0.0051134636,0.0330633741999999,0.4800776927
446,446,446.0,446.0,446.0,446.0,446.0,446.0,446.0,446.0,446.0,446.0,446.0,446.0,446.0,,,,,,,,,,,,,,,,,,,,,,,,,,,,,0.6,-0.219356609,0.0429060192,0.6161762982898653,0.1578650064,0.0053917059999999,0.0279499105999999,0.4800776927
447,447,447.0,447.0,447.0,447.0,447.0,447.0,447.0,447.0,447.0,447.0,447.0,447.0,447.0,,,,,,,,,,,,,,,,,,,,,,,,,,,,,0.7,-0.2122929029,0.0974599429,0.6733869434778134,0.1632567124,0.0060870962,0.0225582045999999,0.4800776927
448,448,448.0,448.0,448.0,448.0,448.0,448.0,448.0,448.0,448.0,448.0,448.0,448.0,448.0,,,,,,,,,,,,,,,,,,,,,,,,,,,,,0.8,-0.1997609186,0.1522666529,0.7974589936964408,0.1693438086,0.0073706392999999,0.0164711083999999,0.4800776927
449,449,449.0,449.0,449.0,449.0,449.0,449.0,449.0,449.0,449.0,449.0,449.0,449.0,449.0,,,,,,,,,,,,,,,,,,,,,,,,,,,,,0.9,-0.1814134195,0.2136650532,0.8029709560070164,0.1767144479,0.0091004691,0.0091004691,0.4800776927
450,450,450.0,450.0,450.0,450.0,450.0,450.0,450.0,450.0,450.0,450.0,450.0,450.0,450.0,,,,,,,,,,,,,,,,,,,,,,,,,,,,,0.0,0.0,-1.0,2.440021005362925,0.0,0.073612338,0.182396776,0.4545183165
451,451,451.0,451.0,451.0,451.0,451.0,451.0,451.0,451.0,451.0,451.0,451.0,451.0,451.0,,,,,,,,,,,,,,,,,,,,,,,,,,,,,0.1,-0.0833591773,-0.6726387221,1.2054729255178096,0.073612338,0.0361666722,0.108784438,0.4545183165
452,452,452.0,452.0,452.0,452.0,452.0,452.0,452.0,452.0,452.0,452.0,452.0,452.0,452.0,,,,,,,,,,,,,,,,,,,,,,,,,,,,,0.2,-0.1415378376,-0.4939127693,0.6624691570968302,0.1097790102,0.0222194165,0.0726177658,0.4545183165
453,453,453.0,453.0,453.0,453.0,453.0,453.0,453.0,453.0,453.0,453.0,453.0,453.0,453.0,,,,,,,,,,,,,,,,,,,,,,,,,,,,,0.3,-0.1853352008,-0.3838684904,2.26121124570039,0.1319984267,0.0136482058,0.0503983493,0.4545183165
454,454,454.0,454.0,454.0,454.0,454.0,454.0,454.0,454.0,454.0,454.0,454.0,454.0,454.0,,,,,,,,,,,,,,,,,,,,,,,,,,,,,0.4,-0.2109266904,-0.1321558762,0.77864425487012,0.1456466325,0.0058106163999999,0.0367501435,0.4545183165
455,455,455.0,455.0,455.0,455.0,455.0,455.0,455.0,455.0,455.0,455.0,455.0,455.0,455.0,,,,,,,,,,,,,,,,,,,,,,,,,,,,,0.5,-0.2197364576,-0.0454816835,0.7415683902439039,0.1514572489,0.0051994992999999,0.0309395271,0.4545183165
456,456,456.0,456.0,456.0,456.0,456.0,456.0,456.0,456.0,456.0,456.0,456.0,456.0,456.0,,,,,,,,,,,,,,,,,,,,,,,,,,,,,0.6,-0.2204773909,0.0294160888,0.674162667534133,0.1566567482,0.0053767653,0.0257400278,0.4545183165
457,457,457.0,457.0,457.0,457.0,457.0,457.0,457.0,457.0,457.0,457.0,457.0,457.0,457.0,,,,,,,,,,,,,,,,,,,,,,,,,,,,,0.7,-0.2144168647,0.0907718294,0.5175859353289851,0.1620335135,0.0057660060999999,0.0203632625,0.4545183165
458,458,458.0,458.0,458.0,458.0,458.0,458.0,458.0,458.0,458.0,458.0,458.0,458.0,458.0,,,,,,,,,,,,,,,,,,,,,,,,,,,,,0.8,-0.2032751444,0.1313887026,0.805627682862271,0.1677995196,0.0068772743999999,0.0145972564,0.4545183165
459,459,459.0,459.0,459.0,459.0,459.0,459.0,459.0,459.0,459.0,459.0,459.0,459.0,459.0,,,,,,,,,,,,,,,,,,,,,,,,,,,,,0.9,-0.1868748627,0.1955511892,0.5172235873637065,0.174676794,0.007719982,0.007719982,0.4545183165
460,460,460.0,460.0,460.0,460.0,460.0,460.0,460.0,460.0,460.0,460.0,460.0,460.0,460.0,,,,,,,,,,,,,,,,,,,,,,,,,,,,,0.0,0.0,-1.0,2.4870889002593177,0.0,0.0733728215,0.1757418329,0.4706803944
461,461,461.0,461.0,461.0,461.0,461.0,461.0,461.0,461.0,461.0,461.0,461.0,461.0,461.0,,,,,,,,,,,,,,,,,,,,,,,,,,,,,0.1,-0.0831314902,-0.6681596198,1.2329614856763649,0.0733728215,0.0355475259,0.1023690114,0.4706803944
462,462,462.0,462.0,462.0,462.0,462.0,462.0,462.0,462.0,462.0,462.0,462.0,462.0,462.0,,,,,,,,,,,,,,,,,,,,,,,,,,,,,0.2,-0.1407509339,-0.4872440275,0.9106759386910748,0.1089203474,0.0208364164999999,0.0668214855,0.4706803944
463,463,463.0,463.0,463.0,463.0,463.0,463.0,463.0,463.0,463.0,463.0,463.0,463.0,463.0,,,,,,,,,,,,,,,,,,,,,,,,,,,,,0.3,-0.1827130024,-0.3542143651,2.109256630190572,0.1297567639,0.0120696094,0.045985069,0.4706803944
464,464,464.0,464.0,464.0,464.0,464.0,464.0,464.0,464.0,464.0,464.0,464.0,464.0,464.0,,,,,,,,,,,,,,,,,,,,,,,,,,,,,0.4,-0.2062175971,-0.1197841074,0.8308470297459157,0.1418263733,0.0053960864,0.0339154596,0.4706803944
465,465,465.0,465.0,465.0,465.0,465.0,465.0,465.0,465.0,465.0,465.0,465.0,465.0,465.0,,,,,,,,,,,,,,,,,,,,,,,,,,,,,0.5,-0.2135973959,-0.0293196056,0.3955068371519776,0.1472224597,0.0046951386999999,0.0285193732,0.4706803944
466,466,466.0,466.0,466.0,466.0,466.0,466.0,466.0,466.0,466.0,466.0,466.0,466.0,466.0,,,,,,,,,,,,,,,,,,,,,,,,,,,,,0.6,-0.2144743652,0.0111080474,0.6685780707279132,0.1519175984,0.0049708807,0.0238242345,0.4706803944
467,467,467.0,467.0,467.0,467.0,467.0,467.0,467.0,467.0,467.0,467.0,467.0,467.0,467.0,,,,,,,,,,,,,,,,,,,,,,,,,,,,,0.7,-0.2101830925,0.0736745817,0.7607307753998228,0.1568884791,0.005687365,0.0188533538,0.4706803944
468,468,468.0,468.0,468.0,468.0,468.0,468.0,468.0,468.0,468.0,468.0,468.0,468.0,468.0,,,,,,,,,,,,,,,,,,,,,,,,,,,,,0.8,-0.1994923484,0.1390569152,0.4687690050257775,0.1625758441,0.0062093185999999,0.0131659888,0.4706803944
469,469,469.0,469.0,469.0,469.0,469.0,469.0,469.0,469.0,469.0,469.0,469.0,469.0,469.0,,,,,,,,,,,,,,,,,,,,,,,,,,,,,0.9,-0.1839917297,0.170433197,0.6197680700193466,0.1687851627,0.0069566702,0.0069566702,0.4706803944
470,470,470.0,470.0,470.0,470.0,470.0,470.0,470.0,470.0,470.0,470.0,470.0,470.0,470.0,,,,,,,,,,,,,,,,,,,,,,,,,,,,,0.0,0.0,-1.0,2.35998778612343,0.0,0.0740278455,0.1764654346,0.4452813477
471,471,471.0,471.0,471.0,471.0,471.0,471.0,471.0,471.0,471.0,471.0,471.0,471.0,471.0,,,,,,,,,,,,,,,,,,,,,,,,,,,,,0.1,-0.0837463315,-0.6802548899,1.606964477038861,0.0740278455,0.0354593001,0.1024375891,0.4452813477
472,472,472.0,472.0,472.0,472.0,472.0,472.0,472.0,472.0,472.0,472.0,472.0,472.0,472.0,,,,,,,,,,,,,,,,,,,,,,,,,,,,,0.2,-0.1407075836,-0.4625971901,0.5125426348189304,0.1094871456,0.0201077165999999,0.066978289,0.4452813477
473,473,473.0,473.0,473.0,473.0,473.0,473.0,473.0,473.0,473.0,473.0,473.0,473.0,473.0,,,,,,,,,,,,,,,,,,,,,,,,,,,,,0.3,-0.1822501333,-0.3698003769,1.967202154079241,0.1295948622,0.0128229941,0.0468705724,0.4452813477
474,474,474.0,474.0,474.0,474.0,474.0,474.0,474.0,474.0,474.0,474.0,474.0,474.0,474.0,,,,,,,,,,,,,,,,,,,,,,,,,,,,,0.4,-0.207925106,-0.1474051888,0.8265744771713678,0.1424178563,0.0059873749999999,0.0340475782999999,0.4452813477
475,475,475.0,475.0,475.0,475.0,475.0,475.0,475.0,475.0,475.0,475.0,475.0,475.0,475.0,,,,,,,,,,,,,,,,,,,,,,,,,,,,,0.5,-0.2179541948,-0.0547186523,0.5057612536984901,0.1484052313,0.0050583483999999,0.0280602033,0.4452813477
476,476,476.0,476.0,476.0,476.0,476.0,476.0,476.0,476.0,476.0,476.0,476.0,476.0,476.0,,,,,,,,,,,,,,,,,,,,,,,,,,,,,0.6,-0.2207150271,-0.0013816946,0.5536768363519536,0.1534635797,0.0050761589999999,0.0230018549,0.4452813477
477,477,477.0,477.0,477.0,477.0,477.0,477.0,477.0,477.0,477.0,477.0,477.0,477.0,477.0,,,,,,,,,,,,,,,,,,,,,,,,,,,,,0.7,-0.2181681128,0.0514390747,0.5370265113007492,0.1585397387,0.0053382018,0.0179256959,0.4452813477
478,478,478.0,478.0,478.0,478.0,478.0,478.0,478.0,478.0,478.0,478.0,478.0,478.0,478.0,,,,,,,,,,,,,,,,,,,,,,,,,,,,,0.8,-0.2106754496,0.0976490627,0.5425639805839061,0.1638779405,0.0057889119999999,0.0125874940999999,0.4452813477
479,479,479.0,479.0,479.0,479.0,479.0,479.0,479.0,479.0,479.0,479.0,479.0,479.0,479.0,,,,,,,,,,,,,,,,,,,,,,,,,,,,,0.9,-0.1987584505,0.1399884616,0.7394526643142736,0.1696668525,0.0067985821,0.0067985821,0.4452813477
480,480,480.0,480.0,480.0,480.0,480.0,480.0,480.0,480.0,480.0,480.0,480.0,480.0,,,,,,,,,,,,,,,,,,,,,,,,,,,,,,0.0,0.0,-1.0,12.185670489758737,0.0,0.1005740488,6.866238184300001,3.0163079737
481,481,481.0,481.0,481.0,481.0,481.0,481.0,481.0,481.0,481.0,481.0,481.0,481.0,,,,,,,,,,,,,,,,,,,,,,,,,,,,,,0.1,-0.0362154003,0.2547824492,9.361833036747308,0.1005740488,0.0984774249,6.765664135500001,3.0163079737
482,482,482.0,482.0,482.0,482.0,482.0,482.0,482.0,482.0,482.0,482.0,482.0,482.0,,,,,,,,,,,,,,,,,,,,,,,,,,,,,,0.2,0.0333174506,1.121432902,6.859034923970094,0.1990514737,0.2228621921,6.6671867106,3.0163079737
483,483,483.0,483.0,483.0,483.0,483.0,483.0,483.0,483.0,483.0,483.0,483.0,483.0,,,,,,,,,,,,,,,,,,,,,,,,,,,,,,0.3,0.173215831,1.6674380141,5.756098944189724,0.4219136658,0.3729531404,6.4443245185,3.0163079737
484,484,484.0,484.0,484.0,484.0,484.0,484.0,484.0,484.0,484.0,484.0,484.0,484.0,,,,,,,,,,,,,,,,,,,,,,,,,,,,,,0.4,0.3597381994,2.0565255401,5.178719033310858,0.7948668062,0.523752554,6.0713713781,3.0163079737
485,485,485.0,485.0,485.0,485.0,485.0,485.0,485.0,485.0,485.0,485.0,485.0,485.0,,,,,,,,,,,,,,,,,,,,,,,,,,,,,,0.5,0.5804940955,2.3536415473,4.903659775726955,1.3186193602,0.6759035483,5.547618824100001,3.0163079737
486,486,486.0,486.0,486.0,486.0,486.0,486.0,486.0,486.0,486.0,486.0,486.0,486.0,,,,,,,,,,,,,,,,,,,,,,,,,,,,,,0.6,0.8281936467,2.5963079737,4.9990099784755655,1.9945229085,0.8418609722000001,4.871715275800001,3.0163079737
487,487,487.0,487.0,487.0,487.0,487.0,487.0,487.0,487.0,487.0,487.0,487.0,487.0,,,,,,,,,,,,,,,,,,,,,,,,,,,,,,0.7,1.0994470318,2.8249555864,5.644584309626961,2.8363838807,1.0493044252,4.0298543036000005,3.0163079737
488,488,488.0,488.0,488.0,488.0,488.0,488.0,488.0,488.0,488.0,488.0,488.0,488.0,,,,,,,,,,,,,,,,,,,,,,,,,,,,,,0.8,1.3955812394,3.0932798097,6.435031740719072,3.8856883059,1.3239211183,2.9805498784,3.0163079737
489,489,489.0,489.0,489.0,489.0,489.0,489.0,489.0,489.0,489.0,489.0,489.0,489.0,,,,,,,,,,,,,,,,,,,,,,,,,,,,,,0.9,1.7210730106,3.4112912127,6.645357202844002,5.2096094242,1.6566287601000005,1.6566287601000005,3.0163079737
490,490,490.0,490.0,490.0,490.0,490.0,490.0,490.0,490.0,490.0,490.0,490.0,490.0,,,,,,,,,,,,,,,,,,,,,,,,,,,,,,0.0,0.0,-1.0,12.324575495063549,0.0,0.1020703785,6.8757012177,3.0046793939
491,491,491.0,491.0,491.0,491.0,491.0,491.0,491.0,491.0,491.0,491.0,491.0,491.0,,,,,,,,,,,,,,,,,,,,,,,,,,,,,,0.1,-0.0355434587,0.2680010082,9.485547534190326,0.1020703785,0.1024118196,6.7736308392,3.0046793939
492,492,492.0,492.0,492.0,492.0,492.0,492.0,492.0,492.0,492.0,492.0,492.0,492.0,,,,,,,,,,,,,,,,,,,,,,,,,,,,,,0.2,0.035845764,1.1451665389,6.973202834829197,0.2044821981,0.2317588356,6.6712190196,3.0046793939
493,493,493.0,493.0,493.0,493.0,493.0,493.0,493.0,493.0,493.0,493.0,493.0,493.0,,,,,,,,,,,,,,,,,,,,,,,,,,,,,,0.3,0.1785549675,1.6997776189,5.671954296068181,0.4362410337,0.3828039905,6.439460184,3.0046793939
494,494,494.0,494.0,494.0,494.0,494.0,494.0,494.0,494.0,494.0,494.0,494.0,494.0,,,,,,,,,,,,,,,,,,,,,,,,,,,,,,0.4,0.3677478294,2.0777801866,5.007810693019882,0.8190450242,0.5289200703999999,6.056656193499999,3.0046793939
495,495,495.0,495.0,495.0,495.0,495.0,495.0,495.0,495.0,495.0,495.0,495.0,495.0,,,,,,,,,,,,,,,,,,,,,,,,,,,,,,0.5,0.5896996079,2.3566094774,4.75324285574079,1.3479650946,0.6742019459999999,5.5277361231,3.0046793939
496,496,496.0,496.0,496.0,496.0,496.0,496.0,496.0,496.0,496.0,496.0,496.0,496.0,,,,,,,,,,,,,,,,,,,,,,,,,,,,,,0.6,0.8369539769,2.5846793939,4.985558569040262,2.0221670406,0.8370249602,4.853534177099999,3.0046793939
497,497,497.0,497.0,497.0,497.0,497.0,497.0,497.0,497.0,497.0,497.0,497.0,497.0,,,,,,,,,,,,,,,,,,,,,,,,,,,,,,0.7,1.1070356622,2.8131535656,5.759389830309941,2.8591920008,1.0484521204000004,4.016509216899999,3.0046793939
498,498,498.0,498.0,498.0,498.0,498.0,498.0,498.0,498.0,498.0,498.0,498.0,498.0,,,,,,,,,,,,,,,,,,,,,,,,,,,,,,0.8,1.4026020429,3.0935261679,6.2238095982407335,3.9076441212,1.3180717854999997,2.9680570964999995,3.0046793939
499,499,499.0,499.0,499.0,499.0,499.0,499.0,499.0,499.0,499.0,499.0,499.0,499.0,,,,,,,,,,,,,,,,,,,,,,,,,,,,,,0.9,1.7270955344,3.3914136362,6.7613732492220695,5.2257159067,1.649985311,1.649985311,3.0046793939
500,500,500.0,500.0,500.0,500.0,500.0,500.0,500.0,500.0,500.0,500.0,500.0,500.0,,,,,,,,,,,,,,,,,,,,,,,,,,,,,,0.0,0.0,-1.0,12.158660272794302,0.0,0.1002867156,6.9756487457,3.0394232014
501,501,501.0,501.0,501.0,501.0,501.0,501.0,501.0,501.0,501.0,501.0,501.0,501.0,,,,,,,,,,,,,,,,,,,,,,,,,,,,,,0.1,-0.03634606,0.2522120872,9.35097866984198,0.1002867156,0.0979523191,6.8753620301,3.0394232014
502,502,502.0,502.0,502.0,502.0,502.0,502.0,502.0,502.0,502.0,502.0,502.0,502.0,,,,,,,,,,,,,,,,,,,,,,,,,,,,,,0.2,0.0328896817,1.1180742126,7.178997464583465,0.1982390347,0.2288489613999999,6.777409711,3.0394232014
503,503,503.0,503.0,503.0,503.0,503.0,503.0,503.0,503.0,503.0,503.0,503.0,503.0,,,,,,,,,,,,,,,,,,,,,,,,,,,,,,0.3,0.1740162316,1.6948474091,5.563782105086395,0.4270879961,0.3781216693000001,6.5485607496,3.0394232014
504,504,504.0,504.0,504.0,504.0,504.0,504.0,504.0,504.0,504.0,504.0,504.0,504.0,,,,,,,,,,,,,,,,,,,,,,,,,,,,,,0.4,0.3622166455,2.0630252057,5.284569852374252,0.8052096654,0.5296406319,6.1704390803,3.0394232014
505,505,505.0,505.0,505.0,505.0,505.0,505.0,505.0,505.0,505.0,505.0,505.0,505.0,,,,,,,,,,,,,,,,,,,,,,,,,,,,,,0.5,0.5841031108,2.3695957256,4.846537502192291,1.3348502973,0.6823745700999999,5.6407984484,3.0394232014
506,506,506.0,506.0,506.0,506.0,506.0,506.0,506.0,506.0,506.0,506.0,506.0,506.0,,,,,,,,,,,,,,,,,,,,,,,,,,,,,,0.6,0.8330445903,2.6053079964,5.275631609378439,2.0172248674,0.8564555952999999,4.9584238783,3.0394232014
507,507,507.0,507.0,507.0,507.0,507.0,507.0,507.0,507.0,507.0,507.0,507.0,507.0,,,,,,,,,,,,,,,,,,,,,,,,,,,,,,0.7,1.1064925462,2.8594232014,5.680415880980685,2.8736804627,1.0722896395,4.101968283,3.0394232014
508,508,508.0,508.0,508.0,508.0,508.0,508.0,508.0,508.0,508.0,508.0,508.0,508.0,,,,,,,,,,,,,,,,,,,,,,,,,,,,,,0.8,1.406080136,3.1278771998,6.4026782813532925,3.9459701022,1.3479950032,3.0296786435,3.0394232014
509,509,509.0,509.0,509.0,509.0,509.0,509.0,509.0,509.0,509.0,509.0,509.0,509.0,,,,,,,,,,,,,,,,,,,,,,,,,,,,,,0.9,1.7347078073,3.4395173565,6.647723002807584,5.2939651054,1.6816836403000002,1.6816836403000002,3.0394232014
510,510,510.0,510.0,510.0,510.0,510.0,510.0,510.0,510.0,510.0,510.0,510.0,510.0,,,,,,,,,,,,,,,,,,,,,,,,,,,,,,0.0,0.0,-1.0,12.383406597883075,0.0,0.1027135482,6.9216302356,3.0319214165
511,511,511.0,511.0,511.0,511.0,511.0,511.0,511.0,511.0,511.0,511.0,511.0,511.0,,,,,,,,,,,,,,,,,,,,,,,,,,,,,,0.1,-0.035258868,0.2735995278,9.189093417445775,0.1027135482,0.0979504441,6.818916687400001,3.0319214165
512,512,512.0,512.0,512.0,512.0,512.0,512.0,512.0,512.0,512.0,512.0,512.0,512.0,,,,,,,,,,,,,,,,,,,,,,,,,,,,,,0.2,0.0352290516,1.1220209499,7.025172767746107,0.2006639923,0.2266198749,6.7209662433,3.0319214165
513,513,513.0,513.0,513.0,513.0,513.0,513.0,513.0,513.0,513.0,513.0,513.0,513.0,,,,,,,,,,,,,,,,,,,,,,,,,,,,,,0.3,0.1759870613,1.683780217,5.814878276447178,0.4272838672,0.3804151851,6.4943463684000005,3.0319214165
514,514,514.0,514.0,514.0,514.0,514.0,514.0,514.0,514.0,514.0,514.0,514.0,514.0,,,,,,,,,,,,,,,,,,,,,,,,,,,,,,0.4,0.3643489363,2.0769061697,5.356073661864368,0.8076990523,0.5377559746,6.1139311833,3.0319214165
515,515,515.0,515.0,515.0,515.0,515.0,515.0,515.0,515.0,515.0,515.0,515.0,515.0,,,,,,,,,,,,,,,,,,,,,,,,,,,,,,0.5,0.5879022435,2.3889602287,4.731909454566091,1.3454550269,0.6888578741999998,5.5761752087000005,3.0319214165
516,516,516.0,516.0,516.0,516.0,516.0,516.0,516.0,516.0,516.0,516.0,516.0,516.0,,,,,,,,,,,,,,,,,,,,,,,,,,,,,,0.6,0.8381320011,2.6119214165,5.021102575057139,2.0343129011,0.8527228483,4.8873173345000005,3.0319214165
517,517,517.0,517.0,517.0,517.0,517.0,517.0,517.0,517.0,517.0,517.0,517.0,517.0,,,,,,,,,,,,,,,,,,,,,,,,,,,,,,0.7,1.1109780635,2.8411856116,5.570055142340369,2.8870357494,1.0589327172000005,4.0345944862000005,3.0319214165
518,518,518.0,518.0,518.0,518.0,518.0,518.0,518.0,518.0,518.0,518.0,518.0,518.0,,,,,,,,,,,,,,,,,,,,,,,,,,,,,,0.8,1.4082962453,3.1008729441,6.11330009891294,3.9459684666,1.3202420742000005,2.975661769,3.0319214165
519,519,519.0,519.0,519.0,519.0,519.0,519.0,519.0,519.0,519.0,519.0,519.0,519.0,,,,,,,,,,,,,,,,,,,,,,,,,,,,,,0.9,1.7329543171,3.3875448821,6.900329084546393,5.2662105408,1.6554196948,1.6554196948,3.0319214165
520,520,520.0,520.0,520.0,520.0,520.0,520.0,520.0,520.0,520.0,520.0,520.0,520.0,,,,,,,,,,,,,,,,,,,,,,,,,,,,,,0.0,0.0,-1.0,12.50978925515888,0.0,0.104114183,6.8880548706,3.0026247685
521,521,521.0,521.0,521.0,521.0,521.0,521.0,521.0,521.0,521.0,521.0,521.0,521.0,,,,,,,,,,,,,,,,,,,,,,,,,,,,,,0.1,-0.0346475023,0.2856264278,9.176329863277616,0.104114183,0.0993378531,6.7839406876,3.0026247685
522,522,522.0,522.0,522.0,522.0,522.0,522.0,522.0,522.0,522.0,522.0,522.0,522.0,,,,,,,,,,,,,,,,,,,,,,,,,,,,,,0.2,0.0369231852,1.1316887266,6.784572994585365,0.2034520361,0.2240898343,6.684602834500001,3.0026247685
523,523,523.0,523.0,523.0,523.0,523.0,523.0,523.0,523.0,523.0,523.0,523.0,523.0,,,,,,,,,,,,,,,,,,,,,,,,,,,,,,0.3,0.1774373193,1.669631892,5.6833605973265096,0.4275418704,0.3721806336,6.460513000200001,3.0026247685
524,524,524.0,524.0,524.0,524.0,524.0,524.0,524.0,524.0,524.0,524.0,524.0,524.0,,,,,,,,,,,,,,,,,,,,,,,,,,,,,,0.4,0.3638165971,2.0515886739,5.367991857968226,0.799722504,0.5272064578,6.0883323666,3.0026247685
525,525,525.0,525.0,525.0,525.0,525.0,525.0,525.0,525.0,525.0,525.0,525.0,525.0,,,,,,,,,,,,,,,,,,,,,,,,,,,,,,0.5,0.5850182793,2.3671861775,4.558506757321484,1.3269289618,0.6729069279,5.5611259088,3.0026247685
526,526,526.0,526.0,526.0,526.0,526.0,526.0,526.0,526.0,526.0,526.0,526.0,526.0,,,,,,,,,,,,,,,,,,,,,,,,,,,,,,0.6,0.8323371453,2.5757179872,5.170292993308767,1.9998358897,0.8373376705000002,4.8882189809000005,3.0026247685
527,527,527.0,527.0,527.0,527.0,527.0,527.0,527.0,527.0,527.0,527.0,527.0,527.0,,,,,,,,,,,,,,,,,,,,,,,,,,,,,,0.7,1.1024596634,2.8226247685,5.880063441345354,2.8371735602,1.0570320693,4.0508813104,3.0026247685
528,528,528.0,528.0,528.0,528.0,528.0,528.0,528.0,528.0,528.0,528.0,528.0,528.0,,,,,,,,,,,,,,,,,,,,,,,,,,,,,,0.8,1.3995110984,3.1135796776,6.178579234579017,3.8942056295,1.3280777085000004,2.9938492411000004,3.0026247685
529,529,529.0,529.0,529.0,529.0,529.0,529.0,529.0,529.0,529.0,529.0,529.0,529.0,,,,,,,,,,,,,,,,,,,,,,,,,,,,,,0.9,1.7256941934,3.4052545061,6.918409005433818,5.222283338,1.6657715326,1.6657715326,3.0026247685
530,530,530.0,530.0,530.0,530.0,530.0,530.0,530.0,530.0,530.0,530.0,530.0,530.0,,,,,,,,,,,,,,,,,,,,,,,,,,,,,,0.0,0.0,-1.0,12.24660722151996,0.0,0.101226631,6.8807711816,2.9952947705
531,531,531.0,531.0,531.0,531.0,531.0,531.0,531.0,531.0,531.0,531.0,531.0,531.0,,,,,,,,,,,,,,,,,,,,,,,,,,,,,,0.1,-0.0359206238,0.260581346,9.35624278426747,0.101226631,0.0991417063,6.7795445506,2.9952947705
532,532,532.0,532.0,532.0,532.0,532.0,532.0,532.0,532.0,532.0,532.0,532.0,532.0,,,,,,,,,,,,,,,,,,,,,,,,,,,,,,0.2,0.0341370223,1.1261479782,7.110252445607084,0.2003683373,0.2295512414999999,6.6804028443,2.9952947705
533,533,533.0,533.0,533.0,533.0,533.0,533.0,533.0,533.0,533.0,533.0,533.0,533.0,,,,,,,,,,,,,,,,,,,,,,,,,,,,,,0.3,0.1756993407,1.6956109044,5.618850325765519,0.4299195788,0.3798361254,6.450851602799999,2.9952947705
534,534,534.0,534.0,534.0,534.0,534.0,534.0,534.0,534.0,534.0,534.0,534.0,534.0,,,,,,,,,,,,,,,,,,,,,,,,,,,,,,0.4,0.3642387998,2.068956478,5.053605695149787,0.8097557042,0.5260658809,6.0710154774,2.9952947705
535,535,535.0,535.0,535.0,535.0,535.0,535.0,535.0,535.0,535.0,535.0,535.0,535.0,,,,,,,,,,,,,,,,,,,,,,,,,,,,,,0.5,0.5855724311,2.3529834161,4.66718486894689,1.3358215851,0.6693747560000001,5.5449495965,2.9952947705
536,536,536.0,536.0,536.0,536.0,536.0,536.0,536.0,536.0,536.0,536.0,536.0,536.0,,,,,,,,,,,,,,,,,,,,,,,,,,,,,,0.6,0.8320654403,2.5732088938,5.117124239814773,2.0051963411,0.8342727367,4.8755748405,2.9952947705
537,537,537.0,537.0,537.0,537.0,537.0,537.0,537.0,537.0,537.0,537.0,537.0,537.0,,,,,,,,,,,,,,,,,,,,,,,,,,,,,,0.7,1.1016919876,2.8152947705,5.73342758452096,2.8394690778,1.0474323626,4.0413021038,2.9952947705
538,538,538.0,538.0,538.0,538.0,538.0,538.0,538.0,538.0,538.0,538.0,538.0,538.0,,,,,,,,,,,,,,,,,,,,,,,,,,,,,,0.8,1.3973365704,3.0929929462,6.403610140948979,3.8869014404,1.3230620523,2.9938697412,2.9952947705
539,539,539.0,539.0,539.0,539.0,539.0,539.0,539.0,539.0,539.0,539.0,539.0,539.0,,,,,,,,,,,,,,,,,,,,,,,,,,,,,,0.9,1.7226490531,3.4080414775,7.017615683291408,5.2099634927,1.6708076889,1.6708076889,2.9952947705
540,540,540.0,540.0,540.0,540.0,540.0,540.0,540.0,540.0,540.0,540.0,540.0,,,,,,,,,,,,,,,,,,,,,,,,,,,,,,,0.0,0.0,-1.0,0.6272459188658458,0.0,0.0855677395,0.377293323,0.1654773225
541,541,541.0,541.0,541.0,541.0,541.0,541.0,541.0,541.0,541.0,541.0,541.0,,,,,,,,,,,,,,,,,,,,,,,,,,,,,,,0.1,-0.0921283292,-0.8451470789,0.5283008835245027,0.0855677395,0.0627172727,0.2917255835,0.1654773225
542,542,542.0,542.0,542.0,542.0,542.0,542.0,542.0,542.0,542.0,542.0,542.0,,,,,,,,,,,,,,,,,,,,,,,,,,,,,,,0.2,-0.1699990941,-0.7144462257,0.5709755024832095,0.1482850122,0.0470145065999999,0.2290083108,0.1654773225
543,543,543.0,543.0,543.0,543.0,543.0,543.0,543.0,543.0,543.0,543.0,543.0,,,,,,,,,,,,,,,,,,,,,,,,,,,,,,,0.3,-0.2352255856,-0.5921221839,0.5634415702299902,0.1952995188,0.0359512258,0.1819938042,0.1654773225
544,544,544.0,544.0,544.0,544.0,544.0,544.0,544.0,544.0,544.0,544.0,544.0,,,,,,,,,,,,,,,,,,,,,,,,,,,,,,,0.4,-0.2888478757,-0.4821557368,0.8206794642409463,0.2312507446,0.0277085840999999,0.1460425784,0.1654773225
545,545,545.0,545.0,545.0,545.0,545.0,545.0,545.0,545.0,545.0,545.0,545.0,,,,,,,,,,,,,,,,,,,,,,,,,,,,,,,0.5,-0.3307611296,-0.3581745365,0.7310336506199709,0.2589593287,0.0217302643,0.1183339943,0.1654773225
546,546,546.0,546.0,546.0,546.0,546.0,546.0,546.0,546.0,546.0,546.0,546.0,,,,,,,,,,,,,,,,,,,,,,,,,,,,,,,0.6,-0.3613096235,-0.2545226775,0.8310995547441185,0.280689593,0.0183778404999999,0.09660373,0.1654773225
547,547,547.0,547.0,547.0,547.0,547.0,547.0,547.0,547.0,547.0,547.0,547.0,,,,,,,,,,,,,,,,,,,,,,,,,,,,,,,0.7,-0.3815107136,-0.1512116319,0.7937408945339859,0.2990674335,0.0165149638,0.0782258895,0.1654773225
548,548,548.0,548.0,548.0,548.0,548.0,548.0,548.0,548.0,548.0,548.0,548.0,,,,,,,,,,,,,,,,,,,,,,,,,,,,,,,0.8,-0.3920608958,-0.0612873603,-3.725248316258471,0.3155823973,0.0297325958999999,0.0617109257,0.1654773225
549,549,549.0,549.0,549.0,549.0,549.0,549.0,549.0,549.0,549.0,549.0,549.0,,,,,,,,,,,,,,,,,,,,,,,,,,,,,,,0.9,-0.4159137422,-0.4099593455,0.6821235759564279,0.3453149932,0.0319783298,0.0319783298,0.1654773225
550,550,550.0,550.0,550.0,550.0,550.0,550.0,550.0,550.0,550.0,550.0,550.0,,,,,,,,,,,,,,,,,,,,,,,,,,,,,,,0.0,0.0,-1.0,0.5581490464390076,0.0,0.0861287549,0.4445247637,0.1536567255
551,551,551.0,551.0,551.0,551.0,551.0,551.0,551.0,551.0,551.0,551.0,551.0,,,,,,,,,,,,,,,,,,,,,,,,,,,,,,,0.1,-0.0924625797,-0.8517225156,0.5087670151942518,0.0861287549,0.063850422,0.3583960088,0.1536567255
552,552,552.0,552.0,552.0,552.0,552.0,552.0,552.0,552.0,552.0,552.0,552.0,,,,,,,,,,,,,,,,,,,,,,,,,,,,,,,0.2,-0.1710535735,-0.7222548203,0.5144543561460275,0.1499791769,0.0483743789999999,0.2945455868,0.1536567255
553,553,553.0,553.0,553.0,553.0,553.0,553.0,553.0,553.0,553.0,553.0,553.0,,,,,,,,,,,,,,,,,,,,,,,,,,,,,,,0.3,-0.2372965679,-0.6045663903,0.6881748932653766,0.1983535559,0.0368119486999999,0.2461712077999999,0.1536567255
554,554,554.0,554.0,554.0,554.0,554.0,554.0,554.0,554.0,554.0,554.0,554.0,,,,,,,,,,,,,,,,,,,,,,,,,,,,,,,0.4,-0.2914996945,-0.4815457744,0.804439982166884,0.2351655046,0.0278746806,0.2093592591,0.1536567255
555,555,555.0,555.0,555.0,555.0,555.0,555.0,555.0,555.0,555.0,555.0,555.0,,,,,,,,,,,,,,,,,,,,,,,,,,,,,,,0.5,-0.3334334615,-0.3591680091,0.6162646394703043,0.2630401852,0.0222394871,0.1814845785,0.1536567255
556,556,556.0,556.0,556.0,556.0,556.0,556.0,556.0,556.0,556.0,556.0,556.0,,,,,,,,,,,,,,,,,,,,,,,,,,,,,,,0.6,-0.3646317322,-0.2663432745,0.6244333436037792,0.2852796723,0.0194182799,0.1592450913999999,0.1536567255
557,557,557.0,557.0,557.0,557.0,557.0,557.0,557.0,557.0,557.0,557.0,557.0,,,,,,,,,,,,,,,,,,,,,,,,,,,,,,,0.7,-0.3869569937,-0.1815746786,0.5015990569261092,0.3046979522,0.0179658127999999,0.1398268114999999,0.1536567255
558,558,558.0,558.0,558.0,558.0,558.0,558.0,558.0,558.0,558.0,558.0,558.0,,,,,,,,,,,,,,,,,,,,,,,,,,,,,,,0.8,-0.4018099882,-0.1165617784,-6.297148482701928,0.322663765,0.0574395543,0.1218609987,0.1536567255
559,559,559.0,559.0,559.0,559.0,559.0,559.0,559.0,559.0,559.0,559.0,559.0,,,,,,,,,,,,,,,,,,,,,,,,,,,,,,,0.9,-0.4433641474,-0.7047224675,0.5626217621560896,0.3801033193,0.0644214443999999,0.0644214443999999,0.1536567255
560,560,560.0,560.0,560.0,560.0,560.0,560.0,560.0,560.0,560.0,560.0,560.0,,,,,,,,,,,,,,,,,,,,,,,,,,,,,,,0.0,0.0,-1.0,0.5337627096276703,0.0,0.0863286003,0.4476857164,0.1528251362
561,561,561.0,561.0,561.0,561.0,561.0,561.0,561.0,561.0,561.0,561.0,561.0,,,,,,,,,,,,,,,,,,,,,,,,,,,,,,,0.1,-0.0925805467,-0.8540431824,0.6341929099771217,0.0863286003,0.0633446735999999,0.3613571161,0.1528251362
562,562,562.0,562.0,562.0,562.0,562.0,562.0,562.0,562.0,562.0,562.0,562.0,,,,,,,,,,,,,,,,,,,,,,,,,,,,,,,0.2,-0.1707856439,-0.7124187941,0.6903150468564478,0.1496732739,0.0461340042,0.2980124425,0.1528251362
563,563,563.0,563.0,563.0,563.0,563.0,563.0,563.0,563.0,563.0,563.0,563.0,,,,,,,,,,,,,,,,,,,,,,,,,,,,,,,0.3,-0.2352419043,-0.578931029,0.458460984174032,0.1958072781,0.0350576800999999,0.2518784383,0.1528251362
564,564,564.0,564.0,564.0,564.0,564.0,564.0,564.0,564.0,564.0,564.0,564.0,,,,,,,,,,,,,,,,,,,,,,,,,,,,,,,0.4,-0.288116729,-0.480210106,0.5431639204787349,0.2308649582,0.0284315067999999,0.2168207582,0.1528251362
565,565,565.0,565.0,565.0,565.0,565.0,565.0,565.0,565.0,565.0,565.0,565.0,,,,,,,,,,,,,,,,,,,,,,,,,,,,,,,0.5,-0.3311873144,-0.3828231285,0.8324472883775984,0.259296465,0.0231012613,0.1883892514,0.1528251362
566,566,566.0,566.0,566.0,566.0,566.0,566.0,566.0,566.0,566.0,566.0,566.0,,,,,,,,,,,,,,,,,,,,,,,,,,,,,,,0.6,-0.3635908502,-0.2671748638,0.5692494544289344,0.2823977263,0.0194655931,0.1652879901,0.1528251362
567,567,567.0,567.0,567.0,567.0,567.0,567.0,567.0,567.0,567.0,567.0,567.0,,,,,,,,,,,,,,,,,,,,,,,,,,,,,,,0.7,-0.3862621943,-0.1875785743,0.5414582978449107,0.3018633194,0.018068499,0.145822397,0.1528251362
568,568,568.0,568.0,568.0,568.0,568.0,568.0,568.0,568.0,568.0,568.0,568.0,,,,,,,,,,,,,,,,,,,,,,,,,,,,,,,0.8,-0.4014937212,-0.1182012176,-6.458764865993676,0.3199318184,0.0594126797999999,0.1277538979999999,0.1528251362
569,569,569.0,569.0,569.0,569.0,569.0,569.0,569.0,569.0,569.0,569.0,569.0,,,,,,,,,,,,,,,,,,,,,,,,,,,,,,,0.9,-0.443985683,-0.7215857424,0.2820360627074,0.3793444982,0.0683412182,0.0683412182,0.1528251362
570,570,570.0,570.0,570.0,570.0,570.0,570.0,570.0,570.0,570.0,570.0,570.0,,,,,,,,,,,,,,,,,,,,,,,,,,,,,,,0.0,0.0,-1.0,0.6032127761163639,0.0,0.0857619936,0.4145455127999999,0.1615372638
571,571,571.0,571.0,571.0,571.0,571.0,571.0,571.0,571.0,571.0,571.0,571.0,,,,,,,,,,,,,,,,,,,,,,,,,,,,,,,0.1,-0.0922445876,-0.8474341348,0.6146328199670812,0.0857619936,0.0624765362999999,0.3287835192,0.1615372638
572,572,572.0,572.0,572.0,572.0,572.0,572.0,572.0,572.0,572.0,572.0,572.0,,,,,,,,,,,,,,,,,,,,,,,,,,,,,,,0.2,-0.1699153711,-0.7083000693,0.7365930295963677,0.1482385299,0.0453387418,0.2663069829,0.1615372638
573,573,573.0,573.0,573.0,573.0,573.0,573.0,573.0,573.0,573.0,573.0,573.0,,,,,,,,,,,,,,,,,,,,,,,,,,,,,,,0.3,-0.2337558169,-0.5708003206,0.6381648303650542,0.1935772717,0.0333597801,0.2209682411,0.1615372638
574,574,574.0,574.0,574.0,574.0,574.0,574.0,574.0,574.0,574.0,574.0,574.0,,,,,,,,,,,,,,,,,,,,,,,,,,,,,,,0.4,-0.2849875992,-0.4557520552,0.5960667008383229,0.2269370518,0.0260344797,0.187608461,0.1615372638
575,575,575.0,575.0,575.0,575.0,575.0,575.0,575.0,575.0,575.0,575.0,575.0,,,,,,,,,,,,,,,,,,,,,,,,,,,,,,,0.5,-0.3254747767,-0.3556582076,0.6657036776863993,0.2529715315,0.0213558712999999,0.1615739813,0.1615372638
576,576,576.0,576.0,576.0,576.0,576.0,576.0,576.0,576.0,576.0,576.0,576.0,,,,,,,,,,,,,,,,,,,,,,,,,,,,,,,0.6,-0.3560998804,-0.2584627362,0.7024784783710609,0.2743274028,0.0183161883999999,0.14021811,0.1615372638
577,577,577.0,577.0,577.0,577.0,577.0,577.0,577.0,577.0,577.0,577.0,577.0,,,,,,,,,,,,,,,,,,,,,,,,,,,,,,,0.7,-0.3772976662,-0.1670171025,0.531279212135347,0.2926435912,0.0167399972,0.1219019216,0.1615372638
578,578,578.0,578.0,578.0,578.0,578.0,578.0,578.0,578.0,578.0,578.0,578.0,,,,,,,,,,,,,,,,,,,,,,,,,,,,,,,0.8,-0.3906216858,-0.1005651617,-5.789744408285992,0.3093835884,0.0497313997999999,0.1051619244,0.1615372638
579,579,579.0,579.0,579.0,579.0,579.0,579.0,579.0,579.0,579.0,579.0,579.0,,,,,,,,,,,,,,,,,,,,,,,,,,,,,,,0.9,-0.4281990371,-0.6419622512,0.5513202120750154,0.3591149882,0.0554305246,0.0554305246,0.1615372638
580,580,580.0,580.0,580.0,580.0,580.0,580.0,580.0,580.0,580.0,580.0,580.0,,,,,,,,,,,,,,,,,,,,,,,,,,,,,,,0.0,0.0,-1.0,0.7939906534828711,0.0,0.0842457215,0.3622336051,0.1796742468
581,581,581.0,581.0,581.0,581.0,581.0,581.0,581.0,581.0,581.0,581.0,581.0,,,,,,,,,,,,,,,,,,,,,,,,,,,,,,,0.1,-0.0913217139,-0.8292792207,0.5246936048006032,0.0842457215,0.0603659572,0.2779878836,0.1796742468
582,582,582.0,582.0,582.0,582.0,582.0,582.0,582.0,582.0,582.0,582.0,582.0,,,,,,,,,,,,,,,,,,,,,,,,,,,,,,,0.2,-0.1676999025,-0.7004316717,0.5061585407997706,0.1446116787,0.0455271849,0.2176219264,0.1796742468
583,583,583.0,583.0,583.0,583.0,583.0,583.0,583.0,583.0,583.0,583.0,583.0,,,,,,,,,,,,,,,,,,,,,,,,,,,,,,,0.3,-0.2319062797,-0.5856094404,0.8106697179316096,0.1901388636,0.0340409117999999,0.1720947415,0.1796742468
584,584,584.0,584.0,584.0,584.0,584.0,584.0,584.0,584.0,584.0,584.0,584.0,,,,,,,,,,,,,,,,,,,,,,,,,,,,,,,0.4,-0.2837128569,-0.4527358914,0.6141950992611229,0.2241797754,0.0256570242999999,0.1380538297,0.1796742468
585,585,585.0,585.0,585.0,585.0,585.0,585.0,585.0,585.0,585.0,585.0,585.0,,,,,,,,,,,,,,,,,,,,,,,,,,,,,,,0.5,-0.3238253113,-0.351203927,0.8139408197737745,0.2498367997,0.020659231,0.1123968054,0.1796742468
586,586,586.0,586.0,586.0,586.0,586.0,586.0,586.0,586.0,586.0,586.0,586.0,,,,,,,,,,,,,,,,,,,,,,,,,,,,,,,0.6,-0.3533094032,-0.2403257532,0.7654623550859816,0.2704960307,0.0172740793,0.0917375744,0.1796742468
587,587,587.0,587.0,587.0,587.0,587.0,587.0,587.0,587.0,587.0,587.0,587.0,,,,,,,,,,,,,,,,,,,,,,,,,,,,,,,0.7,-0.3724769888,-0.1446119321,0.777367550802857,0.28777011,0.0156718012,0.0744634951,0.1796742468
588,588,588.0,588.0,588.0,588.0,588.0,588.0,588.0,588.0,588.0,588.0,588.0,,,,,,,,,,,,,,,,,,,,,,,,,,,,,,,0.8,-0.3824783263,-0.0568738395,-3.64834725828884,0.3034419112,0.0282515649999999,0.0587916939,0.1796742468
589,589,589.0,589.0,589.0,589.0,589.0,589.0,589.0,589.0,589.0,589.0,589.0,,,,,,,,,,,,,,,,,,,,,,,,,,,,,,,0.9,-0.4055391684,-0.3986477232,0.5870362983187208,0.3316934762,0.0305401289,0.0305401289,0.1796742468
590,590,590.0,590.0,590.0,590.0,590.0,590.0,590.0,590.0,590.0,590.0,590.0,,,,,,,,,,,,,,,,,,,,,,,,,,,,,,,0.0,0.0,-1.0,0.5541372902562037,0.0,0.086161565,0.470850856,0.117301568
591,591,591.0,591.0,591.0,591.0,591.0,591.0,591.0,591.0,591.0,591.0,591.0,,,,,,,,,,,,,,,,,,,,,,,,,,,,,,,0.1,-0.0924819863,-0.8521042847,0.4705820079629024,0.086161565,0.0641749547,0.384689291,0.117301568
592,592,592.0,592.0,592.0,592.0,592.0,592.0,592.0,592.0,592.0,592.0,592.0,,,,,,,,,,,,,,,,,,,,,,,,,,,,,,,0.2,-0.171294027,-0.7262340432,0.520905742955099,0.1503365197,0.0488589613999999,0.3205143363,0.117301568
593,593,593.0,593.0,593.0,593.0,593.0,593.0,593.0,593.0,593.0,593.0,593.0,,,,,,,,,,,,,,,,,,,,,,,,,,,,,,,0.3,-0.2378844866,-0.6075530093,0.6615857592358932,0.1991954811,0.037280294,0.2716553749,0.117301568
594,594,594.0,594.0,594.0,594.0,594.0,594.0,594.0,594.0,594.0,594.0,594.0,,,,,,,,,,,,,,,,,,,,,,,,,,,,,,,0.4,-0.2925004498,-0.4867784702,0.5960359675508221,0.2364757751,0.0290795194999999,0.2343750808999999,0.117301568
595,595,595.0,595.0,595.0,595.0,595.0,595.0,595.0,595.0,595.0,595.0,595.0,,,,,,,,,,,,,,,,,,,,,,,,,,,,,,,0.5,-0.3359403307,-0.3837349925,0.4678232345415068,0.2655552946,0.0244208793999999,0.2052955614,0.117301568
596,596,596.0,596.0,596.0,596.0,596.0,596.0,596.0,596.0,596.0,596.0,596.0,,,,,,,,,,,,,,,,,,,,,,,,,,,,,,,0.6,-0.3701945678,-0.302698432,0.6057050702219189,0.289976174,0.02168082,0.180874682,0.117301568
597,597,597.0,597.0,597.0,597.0,597.0,597.0,597.0,597.0,597.0,597.0,597.0,,,,,,,,,,,,,,,,,,,,,,,,,,,,,,,0.7,-0.3960700829,-0.2162524098,0.7150022048391781,0.311656994,0.0196875065,0.1591938619999999,0.117301568
598,598,598.0,598.0,598.0,598.0,598.0,598.0,598.0,598.0,598.0,598.0,598.0,,,,,,,,,,,,,,,,,,,,,,,,,,,,,,,0.8,-0.4131907559,-0.1276315164,-6.789958638404388,0.3313445005,0.065185575,0.1395063554999999,0.117301568
599,599,599.0,599.0,599.0,599.0,599.0,599.0,599.0,599.0,599.0,599.0,599.0,,,,,,,,,,,,,,,,,,,,,,,,,,,,,,,0.9,-0.458182369,-0.7616357671,0.4169001794096326,0.3965300755,0.0743207804999999,0.0743207804999999,0.117301568
600,600,600.0,600.0,600.0,600.0,600.0,600.0,600.0,600.0,600.0,600.0,,,,,,,,,,,,,,,,,,,,,,,,,,,,,,,,0.0,0.0,-1.0,5.132114498845036,0.0,0.0656805608,1.8879864334,1.7984583356
601,601,601.0,601.0,601.0,601.0,601.0,601.0,601.0,601.0,601.0,601.0,,,,,,,,,,,,,,,,,,,,,,,,,,,,,,,,0.1,-0.0703363989,-0.4164521512,7.56648081527164,0.0656805608,0.0341382063,1.8223058726,1.7984583356
602,602,602.0,602.0,602.0,602.0,602.0,602.0,602.0,602.0,602.0,602.0,,,,,,,,,,,,,,,,,,,,,,,,,,,,,,,,0.2,-0.0733648317,0.3432243631,5.253272526541454,0.0998187671,0.0496053993,1.7881676663,1.7984583356
603,603,603.0,603.0,603.0,603.0,603.0,603.0,603.0,603.0,603.0,603.0,,,,,,,,,,,,,,,,,,,,,,,,,,,,,,,,0.3,-0.0152904953,0.8104772794,3.765651337922176,0.1494241664,0.0988179231,1.7385622669999998,1.7984583356
604,604,604.0,604.0,604.0,604.0,604.0,604.0,604.0,604.0,604.0,604.0,,,,,,,,,,,,,,,,,,,,,,,,,,,,,,,,0.4,0.0800526828,1.0916992351,0.5245249309517053,0.2482420895,0.1153102994,1.6397443439,1.7984583356
605,605,605.0,605.0,605.0,605.0,605.0,605.0,605.0,605.0,605.0,605.0,,,,,,,,,,,,,,,,,,,,,,,,,,,,,,,,0.5,0.1864790234,1.0377253875,4.618260398390541,0.3635523889,0.1643519124999999,1.5244340445,1.7984583356
606,606,606.0,606.0,606.0,606.0,606.0,606.0,606.0,606.0,606.0,606.0,,,,,,,,,,,,,,,,,,,,,,,,,,,,,,,,0.6,0.3075721152,1.3784583356,1.4079602718034665,0.5279043014,0.2057371381999999,1.360082132,1.7984583356
607,607,607.0,607.0,607.0,607.0,607.0,607.0,607.0,607.0,607.0,607.0,,,,,,,,,,,,,,,,,,,,,,,,,,,,,,,,0.7,0.4455606603,1.3812658177,5.064062913392956,0.7336414396,0.2843304303,1.1543449938,1.7984583356
608,608,608.0,608.0,608.0,608.0,608.0,608.0,608.0,608.0,608.0,608.0,,,,,,,,,,,,,,,,,,,,,,,,,,,,,,,,0.8,0.6015025051,1.7317302642,2.89981399383155,1.0179718699,0.3719627092999999,0.8700145635000001,1.7984583356
609,609,609.0,609.0,609.0,609.0,609.0,609.0,609.0,609.0,609.0,609.0,,,,,,,,,,,,,,,,,,,,,,,,,,,,,,,,0.9,0.7803257381,1.8428884306,5.362609808956023,1.3899345792,0.4980518542000001,0.4980518542000001,1.7984583356
610,610,610.0,610.0,610.0,610.0,610.0,610.0,610.0,610.0,610.0,610.0,,,,,,,,,,,,,,,,,,,,,,,,,,,,,,,,0.0,0.0,-1.0,5.497047783969132,0.0,0.0655087171,1.9292606283,1.7776095769000002
611,611,611.0,611.0,611.0,611.0,611.0,611.0,611.0,611.0,611.0,611.0,,,,,,,,,,,,,,,,,,,,,,,,,,,,,,,,0.1,-0.0685710618,-0.3817241598,7.573678641980192,0.0655087171,0.03401587,1.8637519112,1.7776095769000002
612,612,612.0,612.0,612.0,612.0,612.0,612.0,612.0,612.0,612.0,612.0,,,,,,,,,,,,,,,,,,,,,,,,,,,,,,,,0.2,-0.0682598701,0.3753325127,5.223084965112145,0.0995245871,0.0528084225,1.8297360412,1.7776095769000002
613,613,613.0,613.0,613.0,613.0,613.0,613.0,613.0,613.0,613.0,613.0,,,,,,,,,,,,,,,,,,,,,,,,,,,,,,,,0.3,-0.0072760152,0.8366571543,3.129720519085616,0.1523330096,0.0953070150999999,1.7769276187,1.7776095769000002
614,614,614.0,614.0,614.0,614.0,614.0,614.0,614.0,614.0,614.0,614.0,,,,,,,,,,,,,,,,,,,,,,,,,,,,,,,,0.4,0.0874822073,1.0548709837,1.467262728385459,0.2476400247,0.1186947967,1.6816206036,1.7776095769000002
615,615,615.0,615.0,615.0,615.0,615.0,615.0,615.0,615.0,615.0,615.0,,,,,,,,,,,,,,,,,,,,,,,,,,,,,,,,0.5,0.1949641973,1.0941152665,3.8629971786143193,0.3663348214,0.1654404274,1.5629258069,1.7776095769000002
616,616,616.0,616.0,616.0,616.0,616.0,616.0,616.0,616.0,616.0,616.0,,,,,,,,,,,,,,,,,,,,,,,,,,,,,,,,0.6,0.3177696048,1.3576095769,2.269712593743892,0.5317752488,0.2142752752,1.3974853795,1.7776095769000002
617,617,617.0,617.0,617.0,617.0,617.0,617.0,617.0,617.0,617.0,617.0,,,,,,,,,,,,,,,,,,,,,,,,,,,,,,,,0.7,0.4579427271,1.444407714,4.608469665481171,0.746050524,0.295432462,1.1832101043,1.7776095769000002
618,618,618.0,618.0,618.0,618.0,618.0,618.0,618.0,618.0,618.0,618.0,,,,,,,,,,,,,,,,,,,,,,,,,,,,,,,,0.8,0.6176894198,1.7455079878,2.903203248935696,1.041482986,0.3790951366999999,0.8877776422999999,1.7776095769000002
619,619,619.0,619.0,619.0,619.0,619.0,619.0,619.0,619.0,619.0,619.0,,,,,,,,,,,,,,,,,,,,,,,,,,,,,,,,0.9,0.7978401608,1.8556775718,5.459259965232329,1.4205781227,0.5086825056,0.5086825056,1.7776095769000002
620,620,620.0,620.0,620.0,620.0,620.0,620.0,620.0,620.0,620.0,620.0,,,,,,,,,,,,,,,,,,,,,,,,,,,,,,,,0.0,0.0,-1.0,5.476935691899359,0.0,0.0655126205,1.8863980348000005,1.7905264321
621,621,621.0,621.0,621.0,621.0,621.0,621.0,621.0,621.0,621.0,621.0,,,,,,,,,,,,,,,,,,,,,,,,,,,,,,,,0.1,-0.0686683526,-0.3836380782,7.244132714451007,0.0655126205,0.0312204214,1.8208854143000004,1.7905264321
622,622,622.0,622.0,622.0,622.0,622.0,622.0,622.0,622.0,622.0,622.0,,,,,,,,,,,,,,,,,,,,,,,,,,,,,,,,0.2,-0.0701334459,0.3422402865,5.244047324459191,0.0967330419,0.0493607598,1.7896649929000004,1.7905264321
623,623,623.0,623.0,623.0,623.0,623.0,623.0,623.0,623.0,623.0,623.0,,,,,,,,,,,,,,,,,,,,,,,,,,,,,,,,0.3,-0.0121973813,0.8087089544,3.851509994581981,0.1460938017,0.0996765709999999,1.7403042331000005,1.7905264321
624,624,624.0,624.0,624.0,624.0,624.0,624.0,624.0,624.0,624.0,624.0,,,,,,,,,,,,,,,,,,,,,,,,,,,,,,,,0.4,0.0833928527,1.0982697199,0.6463092524407666,0.2457703727,0.1180786355,1.6406276621000002,1.7905264321
625,625,625.0,625.0,625.0,625.0,625.0,625.0,625.0,625.0,625.0,625.0,,,,,,,,,,,,,,,,,,,,,,,,,,,,,,,,0.5,0.1910335198,1.055259978,4.368184617422899,0.3638490082,0.1644500221,1.5225490266,1.7905264321
626,626,626.0,626.0,626.0,626.0,626.0,626.0,626.0,626.0,626.0,626.0,,,,,,,,,,,,,,,,,,,,,,,,,,,,,,,,0.6,0.3125855274,1.3705264321,1.5894837705225489,0.5282990303,0.2067267647999999,1.3580990045,1.7905264321
627,627,627.0,627.0,627.0,627.0,627.0,627.0,627.0,627.0,627.0,627.0,,,,,,,,,,,,,,,,,,,,,,,,,,,,,,,,0.7,0.4506973457,1.3913629909,4.86271659579379,0.7350257951,0.2837304370000001,1.1513722397,1.7905264321
628,628,628.0,628.0,628.0,628.0,628.0,628.0,628.0,628.0,628.0,628.0,,,,,,,,,,,,,,,,,,,,,,,,,,,,,,,,0.8,0.6066260671,1.721705929,3.01478504934084,1.0187562321,0.3715720754999998,0.8676418026999999,1.7905264321
629,629,629.0,629.0,629.0,629.0,629.0,629.0,629.0,629.0,629.0,629.0,,,,,,,,,,,,,,,,,,,,,,,,,,,,,,,,0.9,0.7850514769,1.8447590242,5.22393733219059,1.3903283076,0.4960697272000001,0.4960697272000001,1.7905264321
630,630,630.0,630.0,630.0,630.0,630.0,630.0,630.0,630.0,630.0,630.0,,,,,,,,,,,,,,,,,,,,,,,,,,,,,,,,0.0,0.0,-1.0,5.290293085663257,0.0,0.0655795415,1.8995495331000003,1.7819631672000005
631,631,631.0,631.0,631.0,631.0,631.0,631.0,631.0,631.0,631.0,631.0,,,,,,,,,,,,,,,,,,,,,,,,,,,,,,,,0.1,-0.0695712208,-0.4013994706,7.554148298111111,0.0655795415,0.0339248390999999,1.8339699916000003,1.7819631672000005
632,632,632.0,632.0,632.0,632.0,632.0,632.0,632.0,632.0,632.0,632.0,,,,,,,,,,,,,,,,,,,,,,,,,,,,,,,,0.2,-0.0712268591,0.3556709975,5.226641823275624,0.0995043806,0.0506500117,1.8000451525000003,1.7819631672000005
633,633,633.0,633.0,633.0,633.0,633.0,633.0,633.0,633.0,633.0,633.0,,,,,,,,,,,,,,,,,,,,,,,,,,,,,,,,0.3,-0.0120968938,0.8192052145,3.51328983739523,0.1501543923,0.0970652676,1.7493951408000004,1.7819631672000005
634,634,634.0,634.0,634.0,634.0,634.0,634.0,634.0,634.0,634.0,634.0,,,,,,,,,,,,,,,,,,,,,,,,,,,,,,,,0.4,0.0828560878,1.0755812166,1.041055848046169,0.2472196599,0.1178321517,1.6523298732000002,1.7819631672000005
635,635,635.0,635.0,635.0,635.0,635.0,635.0,635.0,635.0,635.0,635.0,,,,,,,,,,,,,,,,,,,,,,,,,,,,,,,,0.5,0.1902471971,1.0722956921,4.116213636349302,0.3650518116,0.1642161536999999,1.5344977215000002,1.7819631672000005
636,636,636.0,636.0,636.0,636.0,636.0,636.0,636.0,636.0,636.0,636.0,,,,,,,,,,,,,,,,,,,,,,,,,,,,,,,,0.6,0.3122010857,1.3619631672,1.854385775944614,0.5292679653,0.20846152,1.3702815678000002,1.7819631672000005
637,637,637.0,637.0,637.0,637.0,637.0,637.0,637.0,637.0,637.0,637.0,,,,,,,,,,,,,,,,,,,,,,,,,,,,,,,,0.7,0.450779426,1.4088234045,4.794577371090515,0.7377294853,0.2876180843,1.1618200478,1.7819631672000005
638,638,638.0,638.0,638.0,638.0,638.0,638.0,638.0,638.0,638.0,638.0,,,,,,,,,,,,,,,,,,,,,,,,,,,,,,,,0.8,0.6080401065,1.7310204611,2.9342542966707628,1.0253475696,0.3733336625999999,0.8742019635,1.7819631672000005
639,639,639.0,639.0,639.0,639.0,639.0,639.0,639.0,639.0,639.0,639.0,,,,,,,,,,,,,,,,,,,,,,,,,,,,,,,,0.9,0.7869623756,1.8455236217,5.38648743939211,1.3986812322,0.5008683009000001,0.5008683009000001,1.7819631672000005
640,640,640.0,640.0,640.0,640.0,640.0,640.0,640.0,640.0,640.0,640.0,,,,,,,,,,,,,,,,,,,,,,,,,,,,,,,,0.0,0.0,-1.0,5.209483401546806,0.0,0.0656260212,1.866363348,1.7726514501
641,641,641.0,641.0,641.0,641.0,641.0,641.0,641.0,641.0,641.0,641.0,,,,,,,,,,,,,,,,,,,,,,,,,,,,,,,,0.1,-0.069962131,-0.4090895288,7.344615645948807,0.0656260212,0.0322300523,1.8007373268,1.7726514501
642,642,642.0,642.0,642.0,642.0,642.0,642.0,642.0,642.0,642.0,642.0,,,,,,,,,,,,,,,,,,,,,,,,,,,,,,,,0.2,-0.0733631722,0.328773077,5.088117136336268,0.0978560735,0.0461707053,1.7685072745,1.7726514501
643,643,643.0,643.0,643.0,643.0,643.0,643.0,643.0,643.0,643.0,643.0,,,,,,,,,,,,,,,,,,,,,,,,,,,,,,,,0.3,-0.0174629677,0.7816845861,4.263557861012693,0.1440267788,0.1004259073999999,1.7223365692,1.7726514501
644,644,644.0,644.0,644.0,644.0,644.0,644.0,644.0,644.0,644.0,644.0,,,,,,,,,,,,,,,,,,,,,,,,,,,,,,,,0.4,0.0775487563,1.1130286482,0.3255509598386256,0.2444526862,0.1174855787999999,1.6219106618,1.7726514501
645,645,645.0,645.0,645.0,645.0,645.0,645.0,645.0,645.0,645.0,645.0,,,,,,,,,,,,,,,,,,,,,,,,,,,,,,,,0.5,0.1850423562,1.0380901443,4.3436048497355575,0.361938265,0.1597680001999999,1.504425083,1.7726514501
646,646,646.0,646.0,646.0,646.0,646.0,646.0,646.0,646.0,646.0,646.0,,,,,,,,,,,,,,,,,,,,,,,,,,,,,,,,0.6,0.3048415353,1.3526514501,1.9761763845625089,0.5217062652,0.2073085582,1.3446570828,1.7726514501
647,647,647.0,647.0,647.0,647.0,647.0,647.0,647.0,647.0,647.0,647.0,,,,,,,,,,,,,,,,,,,,,,,,,,,,,,,,0.7,0.4431228947,1.4119877292,4.825342974143599,0.7290148234,0.2884190056,1.1373485246,1.7726514501
648,648,648.0,648.0,648.0,648.0,648.0,648.0,648.0,648.0,648.0,648.0,,,,,,,,,,,,,,,,,,,,,,,,,,,,,,,,0.8,0.6008335253,1.736811396,2.5083309724818297,1.017433829,0.3656717865999999,0.8489295189999999,1.7726514501
649,649,649.0,649.0,649.0,649.0,649.0,649.0,649.0,649.0,649.0,649.0,,,,,,,,,,,,,,,,,,,,,,,,,,,,,,,,0.9,0.7782466242,1.8102313943,5.293737817553073,1.3831056156,0.4832577324,0.4832577324,1.7726514501
650,650,650.0,650.0,650.0,650.0,650.0,650.0,650.0,650.0,650.0,650.0,,,,,,,,,,,,,,,,,,,,,,,,,,,,,,,,0.0,0.0,-1.0,5.227762144439407,0.0,0.065614582,1.8802727129,1.7816497577
651,651,651.0,651.0,651.0,651.0,651.0,651.0,651.0,651.0,651.0,651.0,,,,,,,,,,,,,,,,,,,,,,,,,,,,,,,,0.1,-0.0698737091,-0.4073500764,7.551696083264138,0.065614582,0.0339421831999999,1.8146581309,1.7816497577
652,652,652.0,652.0,652.0,652.0,652.0,652.0,652.0,652.0,652.0,652.0,,,,,,,,,,,,,,,,,,,,,,,,,,,,,,,,0.2,-0.0721074848,0.3500533076,5.088487089960895,0.0995567652,0.0484448214,1.7807159477,1.7816497577
653,653,653.0,653.0,653.0,653.0,653.0,653.0,653.0,653.0,653.0,653.0,,,,,,,,,,,,,,,,,,,,,,,,,,,,,,,,0.3,-0.0141804274,0.8009749592,3.9583397393846695,0.1480015866,0.0997147753999999,1.7322711263,1.7816497577
654,654,654.0,654.0,654.0,654.0,654.0,654.0,654.0,654.0,654.0,654.0,,,,,,,,,,,,,,,,,,,,,,,,,,,,,,,,0.4,0.0811905576,1.1014379481,0.4688499339966969,0.247716362,0.1167343244,1.6325563509,1.7816497577
655,655,655.0,655.0,655.0,655.0,655.0,655.0,655.0,655.0,655.0,655.0,,,,,,,,,,,,,,,,,,,,,,,,,,,,,,,,0.5,0.1882743449,1.0412391542,4.408220224286276,0.3644506864,0.1617239147,1.5158220265,1.7816497577
656,656,656.0,656.0,656.0,656.0,656.0,656.0,656.0,656.0,656.0,656.0,,,,,,,,,,,,,,,,,,,,,,,,,,,,,,,,0.6,0.3086857638,1.3616497577,1.661509912514206,0.5261746011,0.2051578466,1.3540981118,1.7816497577
657,657,657.0,657.0,657.0,657.0,657.0,657.0,657.0,657.0,657.0,657.0,,,,,,,,,,,,,,,,,,,,,,,,,,,,,,,,0.7,0.4463012705,1.3901852422,4.971033335686334,0.7313324477,0.2851605338999998,1.1489402652,1.7816497577
658,658,658.0,658.0,658.0,658.0,658.0,658.0,658.0,658.0,658.0,658.0,,,,,,,,,,,,,,,,,,,,,,,,,,,,,,,,0.8,0.6026418873,1.7309479591,2.7688533274446328,1.0164929816,0.3691633979000002,0.8637797313000002,1.7816497577
659,659,659.0,659.0,659.0,659.0,659.0,659.0,659.0,659.0,659.0,659.0,,,,,,,,,,,,,,,,,,,,,,,,,,,,,,,,0.9,0.7807571919,1.8297179872,5.426208309194434,1.3856563795,0.4946163334,0.4946163334,1.7816497577
660,660,660.0,660.0,660.0,660.0,660.0,660.0,660.0,660.0,660.0,,,,,,,,,,,,,,,,,,,,,,,,,,,,,,,,,0.0,0.0,-1.0,2.35954340320306,0.0,0.0740301816,0.1675972691,0.3892419906
661,661,661.0,661.0,661.0,661.0,661.0,661.0,661.0,661.0,661.0,,,,,,,,,,,,,,,,,,,,,,,,,,,,,,,,,0.1,-0.0837484812,-0.6802971785,1.68991898559738,0.0740301816,0.0351708692,0.0935670875,0.3892419906
662,662,662.0,662.0,662.0,662.0,662.0,662.0,662.0,662.0,662.0,,,,,,,,,,,,,,,,,,,,,,,,,,,,,,,,,0.2,-0.1403124719,-0.4547412892,2.1181960979486267,0.1092010508,0.0161844777,0.0583962183,0.3892419906
663,663,663.0,663.0,663.0,663.0,663.0,663.0,663.0,663.0,663.0,,,,,,,,,,,,,,,,,,,,,,,,,,,,,,,,,0.3,-0.1733402645,-0.2098938868,0.5692263342159363,0.1253855285,0.0065087300999999,0.0422117405999999,0.3892419906
664,664,664.0,664.0,664.0,664.0,664.0,664.0,664.0,664.0,664.0,,,,,,,,,,,,,,,,,,,,,,,,,,,,,,,,,0.4,-0.1905607133,-0.1357508046,0.1268809198989171,0.1318942586,0.0054063916,0.0357030104999999,0.3892419906
665,665,665.0,665.0,665.0,665.0,665.0,665.0,665.0,665.0,665.0,,,,,,,,,,,,,,,,,,,,,,,,,,,,,,,,,0.5,-0.2028654165,-0.1107580094,-0.1641275195076926,0.1373006502,0.0056461953999999,0.0302966188999999,0.3892419906
666,666,666.0,666.0,666.0,666.0,666.0,666.0,666.0,666.0,666.0,,,,,,,,,,,,,,,,,,,,,,,,,,,,,,,,,0.6,-0.214199341,-0.1158368368,0.1947908054125142,0.1429468456,0.0058607739999999,0.0246504234999999,0.3892419906
667,667,667.0,667.0,667.0,667.0,667.0,667.0,667.0,667.0,667.0,,,,,,,,,,,,,,,,,,,,,,,,,,,,,,,,,0.7,-0.2242804006,-0.0862766967,-0.0731681762970205,0.1488076196,0.0059614461999999,0.0187896495,0.3892419906
668,668,668.0,668.0,668.0,668.0,668.0,668.0,668.0,668.0,668.0,,,,,,,,,,,,,,,,,,,,,,,,,,,,,,,,,0.8,-0.2328447852,-0.0850291297,-0.0212933947788472,0.1547690658,0.0062891600999999,0.0128282033,0.3892419906
669,669,669.0,669.0,669.0,669.0,669.0,669.0,669.0,669.0,669.0,,,,,,,,,,,,,,,,,,,,,,,,,,,,,,,,,0.9,-0.2410394222,-0.0789638322,0.028705712848475,0.1610582259,0.0065390432,0.0065390432,0.3892419906
670,670,670.0,670.0,670.0,670.0,670.0,670.0,670.0,670.0,670.0,,,,,,,,,,,,,,,,,,,,,,,,,,,,,,,,,0.0,0.0,-1.0,2.3087362835574914,0.0,0.074299377,0.16827278,0.3953642976
671,671,671.0,671.0,671.0,671.0,671.0,671.0,671.0,671.0,671.0,,,,,,,,,,,,,,,,,,,,,,,,,,,,,,,,,0.1,-0.0839942565,-0.6851321151,1.894103957056348,0.074299377,0.0350236069,0.093973403,0.3953642976
672,672,672.0,672.0,672.0,672.0,672.0,672.0,672.0,672.0,672.0,,,,,,,,,,,,,,,,,,,,,,,,,,,,,,,,,0.2,-0.1400306243,-0.4396853516,1.8070868896083727,0.1093229839,0.0154870408999999,0.0589497961,0.3953642976
673,673,673.0,673.0,673.0,673.0,673.0,673.0,673.0,673.0,673.0,,,,,,,,,,,,,,,,,,,,,,,,,,,,,,,,,0.3,-0.1731306263,-0.2258766607,0.7006536166909929,0.1248100248,0.0069368821999999,0.0434627552,0.3953642976
674,674,674.0,674.0,674.0,674.0,674.0,674.0,674.0,674.0,674.0,,,,,,,,,,,,,,,,,,,,,,,,,,,,,,,,,0.4,-0.1912362671,-0.1377056582,0.2098042206036578,0.131746907,0.0053967461,0.036525873,0.3953642976
675,675,675.0,675.0,675.0,675.0,675.0,675.0,675.0,675.0,675.0,,,,,,,,,,,,,,,,,,,,,,,,,,,,,,,,,0.5,-0.2033258009,-0.1046357024,-0.0184360412872694,0.1371436531,0.0053547741999999,0.0311291268999999,0.3953642976
676,676,676.0,676.0,676.0,676.0,676.0,676.0,676.0,676.0,676.0,,,,,,,,,,,,,,,,,,,,,,,,,,,,,,,,,0.6,-0.2133727657,-0.0964323417,-0.0778192348352632,0.1424984273,0.0056761493999999,0.0257743527,0.3953642976
677,677,677.0,677.0,677.0,677.0,677.0,677.0,677.0,677.0,677.0,,,,,,,,,,,,,,,,,,,,,,,,,,,,,,,,,0.7,-0.222926124,-0.0946609068,-0.1153143695649305,0.1481745767,0.0061069924999999,0.0200982033,0.3953642976
678,678,678.0,678.0,678.0,678.0,678.0,678.0,678.0,678.0,678.0,,,,,,,,,,,,,,,,,,,,,,,,,,,,,,,,,0.8,-0.2324920728,-0.096626395,-0.190826128518791,0.1542815692,0.0066832869,0.0139912108,0.3953642976
679,679,679.0,679.0,679.0,679.0,679.0,679.0,679.0,679.0,679.0,,,,,,,,,,,,,,,,,,,,,,,,,,,,,,,,,0.9,-0.2426100511,-0.1055910295,-0.1391615949938904,0.1609648561,0.0073079239,0.0073079239,0.3953642976
680,680,680.0,680.0,680.0,680.0,680.0,680.0,680.0,680.0,680.0,,,,,,,,,,,,,,,,,,,,,,,,,,,,,,,,,0.0,0.0,-1.0,2.368385953942151,0.0,0.0739837576,0.1673511833,0.3762062444
681,681,681.0,681.0,681.0,681.0,681.0,681.0,681.0,681.0,681.0,,,,,,,,,,,,,,,,,,,,,,,,,,,,,,,,,0.1,-0.0837057061,-0.6794556985,1.920463742663456,0.0739837576,0.0343237117999999,0.0933674257,0.3762062444
682,682,682.0,682.0,682.0,682.0,682.0,682.0,682.0,682.0,682.0,,,,,,,,,,,,,,,,,,,,,,,,,,,,,,,,,0.2,-0.1390743781,-0.4320406523,1.884727149486859,0.1083074694,0.0148900048,0.0590437139,0.3762062444
683,683,683.0,683.0,683.0,683.0,683.0,683.0,683.0,683.0,683.0,,,,,,,,,,,,,,,,,,,,,,,,,,,,,,,,,0.3,-0.1710713094,-0.211571006,0.4443186049245228,0.1231974742,0.0066291559,0.0441537091,0.3762062444
684,684,684.0,684.0,684.0,684.0,684.0,684.0,684.0,684.0,684.0,,,,,,,,,,,,,,,,,,,,,,,,,,,,,,,,,0.4,-0.1890555928,-0.1491548621,0.1173469360884964,0.1298266301,0.0057153584999999,0.0375245532,0.3762062444
685,685,685.0,685.0,685.0,685.0,685.0,685.0,685.0,685.0,685.0,,,,,,,,,,,,,,,,,,,,,,,,,,,,,,,,,0.5,-0.2026820057,-0.1237937556,-0.0500180078933727,0.1355419886,0.0058061537,0.0318091947,0.3762062444
686,686,686.0,686.0,686.0,686.0,686.0,686.0,686.0,686.0,686.0,,,,,,,,,,,,,,,,,,,,,,,,,,,,,,,,,0.6,-0.2147048884,-0.1167726736,0.1352220934070463,0.1413481423,0.0059544926,0.026003041,0.3762062444
687,687,687.0,687.0,687.0,687.0,687.0,687.0,687.0,687.0,687.0,,,,,,,,,,,,,,,,,,,,,,,,,,,,,,,,,0.7,-0.225163196,-0.0927921567,-0.1121610588425406,0.1473026349,0.0061680114,0.0200485484,0.3762062444
688,688,688.0,688.0,688.0,688.0,688.0,688.0,688.0,688.0,688.0,,,,,,,,,,,,,,,,,,,,,,,,,,,,,,,,,0.8,-0.2345360574,-0.0946354012,-0.1588593456125088,0.1534706463,0.0066990186999999,0.0138805369999999,0.3762062444
689,689,689.0,689.0,689.0,689.0,689.0,689.0,689.0,689.0,689.0,,,,,,,,,,,,,,,,,,,,,,,,,,,,,,,,,0.9,-0.2443102316,-0.1007471616,-0.0498234053240977,0.160169665,0.0071815183,0.0071815183,0.3762062444
690,690,690.0,690.0,690.0,690.0,690.0,690.0,690.0,690.0,690.0,,,,,,,,,,,,,,,,,,,,,,,,,,,,,,,,,0.0,0.0,-1.0,2.2581665695316,0.0,0.0745714667,0.1697748379,0.3948679134
691,691,691.0,691.0,691.0,691.0,691.0,691.0,691.0,691.0,691.0,,,,,,,,,,,,,,,,,,,,,,,,,,,,,,,,,0.1,-0.0842388834,-0.6899444597,1.778452516642176,0.0745714667,0.0359357925999999,0.0952033712,0.3948679134
692,692,692.0,692.0,692.0,692.0,692.0,692.0,692.0,692.0,692.0,,,,,,,,,,,,,,,,,,,,,,,,,,,,,,,,,0.2,-0.1412926607,-0.4550454307,1.9282372659493208,0.1105072593,0.0164064404,0.0592675786,0.3948679134
693,693,693.0,693.0,693.0,693.0,693.0,693.0,693.0,693.0,693.0,,,,,,,,,,,,,,,,,,,,,,,,,,,,,,,,,0.3,-0.1752683107,-0.2282460541,0.463020459901954,0.1269136997,0.0073844000999999,0.0428611382,0.3948679134
694,694,694.0,694.0,694.0,694.0,694.0,694.0,694.0,694.0,694.0,,,,,,,,,,,,,,,,,,,,,,,,,,,,,,,,,0.4,-0.1947489668,-0.162463352,0.4399926910976702,0.1342980998,0.005979085,0.0354767381,0.3948679134
695,695,695.0,695.0,695.0,695.0,695.0,695.0,695.0,695.0,695.0,,,,,,,,,,,,,,,,,,,,,,,,,,,,,,,,,0.5,-0.2080809631,-0.1051320866,0.1745223696979498,0.1402771848,0.0053928593999999,0.0294976530999999,0.3948679134
696,696,696.0,696.0,696.0,696.0,696.0,696.0,696.0,696.0,696.0,,,,,,,,,,,,,,,,,,,,,,,,,,,,,,,,,0.6,-0.2172413798,-0.0785194329,0.0751352899735634,0.1456700442,0.0053908197,0.0241047937,0.3948679134
697,697,697.0,697.0,697.0,697.0,697.0,697.0,697.0,697.0,697.0,,,,,,,,,,,,,,,,,,,,,,,,,,,,,,,,,0.7,-0.2243501068,-0.0638971769,-0.1756801533226459,0.1510608639,0.0056830903999999,0.0187139739999999,0.3948679134
698,698,698.0,698.0,698.0,698.0,698.0,698.0,698.0,698.0,698.0,,,,,,,,,,,,,,,,,,,,,,,,,,,,,,,,,0.8,-0.2312804762,-0.0745348229,-0.2691443814117578,0.1567439543,0.00628214,0.0130308836,0.3948679134
699,699,699.0,699.0,699.0,699.0,699.0,699.0,699.0,699.0,699.0,,,,,,,,,,,,,,,,,,,,,,,,,,,,,,,,,0.9,-0.2396753503,-0.0930543869,-0.0011083657823533,0.1630260943,0.0067487435999999,0.0067487435999999,0.3948679134
700,700,700.0,700.0,700.0,700.0,700.0,700.0,700.0,700.0,700.0,,,,,,,,,,,,,,,,,,,,,,,,,,,,,,,,,0.0,0.0,-1.0,2.0331956525827373,0.0,0.0758322559,0.1770648766,0.3756213540999999
701,701,701.0,701.0,701.0,701.0,701.0,701.0,701.0,701.0,701.0,,,,,,,,,,,,,,,,,,,,,,,,,,,,,,,,,0.1,-0.0853271659,-0.7113532689,1.884170318371792,0.0758322559,0.0379890849,0.1012326207,0.3756213540999999
702,702,702.0,702.0,702.0,702.0,702.0,702.0,702.0,702.0,702.0,,,,,,,,,,,,,,,,,,,,,,,,,,,,,,,,,0.2,-0.1439068596,-0.4643565433,1.9470146086177529,0.1138213408,0.0170982631999999,0.0632435358,0.3756213540999999
703,703,703.0,703.0,703.0,703.0,703.0,703.0,703.0,703.0,703.0,,,,,,,,,,,,,,,,,,,,,,,,,,,,,,,,,0.3,-0.1786777462,-0.2348841958,0.6572842379271302,0.130919604,0.0075259203,0.0461452726,0.3756213540999999
704,704,704.0,704.0,704.0,704.0,704.0,704.0,704.0,704.0,704.0,,,,,,,,,,,,,,,,,,,,,,,,,,,,,,,,,0.4,-0.1978503644,-0.1499831539,0.1190763640434376,0.1384455243,0.0060890910999999,0.0386193522999999,0.3756213540999999
705,705,705.0,705.0,705.0,705.0,705.0,705.0,705.0,705.0,705.0,,,,,,,,,,,,,,,,,,,,,,,,,,,,,,,,,0.5,-0.211547236,-0.1243786459,0.1439053243233948,0.1445346154,0.0059810641999999,0.0325302611999999,0.3756213540999999
706,706,706.0,706.0,706.0,706.0,706.0,706.0,706.0,706.0,706.0,,,,,,,,,,,,,,,,,,,,,,,,,,,,,,,,,0.6,-0.2226873408,-0.0988480086,-0.0429526262211655,0.1505156796,0.0061037027999999,0.0265491969999999,0.3756213540999999
707,707,707.0,707.0,707.0,707.0,707.0,707.0,707.0,707.0,707.0,,,,,,,,,,,,,,,,,,,,,,,,,,,,,,,,,0.7,-0.2323018047,-0.0935288074,-0.162357422476201,0.1566193824,0.0065736765999999,0.0204454941999999,0.3756213540999999
708,708,708.0,708.0,708.0,708.0,708.0,708.0,708.0,708.0,708.0,,,,,,,,,,,,,,,,,,,,,,,,,,,,,,,,,0.8,-0.2419875969,-0.1000787574,0.1449146394722719,0.163193059,0.0068748989999999,0.0138718176,0.3756213540999999
709,709,709.0,709.0,709.0,709.0,709.0,709.0,709.0,709.0,709.0,,,,,,,,,,,,,,,,,,,,,,,,,,,,,,,,,0.9,-0.2508103602,-0.0767645301,0.0207971844854931,0.170067958,0.0069969186,0.0069969186,0.3756213540999999
710,710,710.0,710.0,710.0,710.0,710.0,710.0,710.0,710.0,710.0,,,,,,,,,,,,,,,,,,,,,,,,,,,,,,,,,0.0,0.0,-1.0,2.158318864547712,0.0,0.0751208602,0.1739211094,0.3919292714
711,711,711.0,711.0,711.0,711.0,711.0,711.0,711.0,711.0,711.0,,,,,,,,,,,,,,,,,,,,,,,,,,,,,,,,,0.1,-0.0847218886,-0.699446225,1.8113637208126552,0.0751208602,0.0368876549,0.0988002492,0.3919292714
712,712,712.0,712.0,712.0,712.0,712.0,712.0,712.0,712.0,712.0,,,,,,,,,,,,,,,,,,,,,,,,,,,,,,,,,0.2,-0.1425206732,-0.4605110683,1.8798074710830173,0.1120085151,0.0168682453999999,0.0619125943,0.3919292714
713,713,713.0,713.0,713.0,713.0,713.0,713.0,713.0,713.0,713.0,,,,,,,,,,,,,,,,,,,,,,,,,,,,,,,,,0.3,-0.1772507244,-0.23780027,0.6287710013193333,0.1288767605,0.0076186434,0.0450443489,0.3919292714
714,714,714.0,714.0,714.0,714.0,714.0,714.0,714.0,714.0,714.0,,,,,,,,,,,,,,,,,,,,,,,,,,,,,,,,,0.4,-0.1968387733,-0.1553351209,0.3413348163607539,0.1364954039,0.0059558261999999,0.0374257054999999,0.3919292714
715,715,715.0,715.0,715.0,715.0,715.0,715.0,715.0,715.0,715.0,,,,,,,,,,,,,,,,,,,,,,,,,,,,,,,,,0.5,-0.209969684,-0.1080707286,-0.0624083923520331,0.1424512301,0.005759099,0.0314698793,0.3919292714
716,716,716.0,716.0,716.0,716.0,716.0,716.0,716.0,716.0,716.0,,,,,,,,,,,,,,,,,,,,,,,,,,,,,,,,,0.6,-0.2205559208,-0.103725331,0.1905301080744679,0.1482103291,0.0059005701999999,0.0257107802999999,0.3919292714
717,717,717.0,717.0,717.0,717.0,717.0,717.0,717.0,717.0,717.0,,,,,,,,,,,,,,,,,,,,,,,,,,,,,,,,,0.7,-0.2295050212,-0.0757232198,-0.2579564349395397,0.1541108993,0.0062073784,0.0198102101,0.3919292714
718,718,718.0,718.0,718.0,718.0,718.0,718.0,718.0,718.0,718.0,,,,,,,,,,,,,,,,,,,,,,,,,,,,,,,,,0.8,-0.237958859,-0.0930650255,0.0680980848032841,0.1603182777,0.0066053358,0.0136028316999999,0.3919292714
719,719,719.0,719.0,719.0,719.0,719.0,719.0,719.0,719.0,719.0,,,,,,,,,,,,,,,,,,,,,,,,,,,,,,,,,0.9,-0.2464858577,-0.0777282183,-0.1977320873880001,0.1669236135,0.0069974958999999,0.0069974958999999,0.3919292714
720,720,720.0,720.0,720.0,720.0,720.0,720.0,720.0,720.0,,,,,,,,,,,,,,,,,,,,,,,,,,,,,,,,,,0.0,0.0,-1.0,1.3775081110223972,0.0,0.0799740377,0.3056394169,0.2544378354
721,721,721.0,721.0,721.0,721.0,721.0,721.0,721.0,721.0,,,,,,,,,,,,,,,,,,,,,,,,,,,,,,,,,,0.1,-0.0884989962,-0.7737501927,1.158129393321798,0.0799740377,0.0488103664,0.2256653792,0.2544378354
722,722,722.0,722.0,722.0,722.0,722.0,722.0,722.0,722.0,,,,,,,,,,,,,,,,,,,,,,,,,,,,,,,,,,0.2,-0.1565287694,-0.5899074802,0.9143859039651164,0.1287844041,0.030724157,0.1768550128,0.2544378354
723,723,723.0,723.0,723.0,723.0,723.0,723.0,723.0,723.0,,,,,,,,,,,,,,,,,,,,,,,,,,,,,,,,,,0.3,-0.20824261,-0.4467550491,0.7262643498995671,0.1595085611,0.0208201603,0.1461308558,0.2544378354
724,724,724.0,724.0,724.0,724.0,724.0,724.0,724.0,724.0,,,,,,,,,,,,,,,,,,,,,,,,,,,,,,,,,,0.4,-0.2472437539,-0.3351274703,0.5553254955544442,0.1803287214,0.0156439737,0.1253106955,0.2544378354
725,725,725.0,725.0,725.0,725.0,725.0,725.0,725.0,725.0,,,,,,,,,,,,,,,,,,,,,,,,,,,,,,,,,,0.5,-0.2764490502,-0.2503896245,0.6410055784379989,0.1959726951,0.0128316149999999,0.1096667218,0.2544378354
726,726,726.0,726.0,726.0,726.0,726.0,726.0,726.0,726.0,,,,,,,,,,,,,,,,,,,,,,,,,,,,,,,,,,0.6,-0.2971759521,-0.1655621646,0.4350521111356146,0.2088043101,0.0112579362999999,0.0968351068,0.2544378354
727,727,727.0,727.0,727.0,727.0,727.0,727.0,727.0,727.0,,,,,,,,,,,,,,,,,,,,,,,,,,,,,,,,,,0.7,-0.3108271663,-0.1084057394,0.5044284991237877,0.2200622464,0.0107148569,0.0855771705,0.2544378354
728,728,728.0,728.0,728.0,728.0,728.0,728.0,728.0,728.0,,,,,,,,,,,,,,,,,,,,,,,,,,,,,,,,,,0.8,-0.3187033234,-0.0500867324,-5.211036200427681,0.2307771033,0.0354431176999999,0.0748623136,0.2544378354
729,729,729.0,729.0,729.0,729.0,729.0,729.0,729.0,729.0,,,,,,,,,,,,,,,,,,,,,,,,,,,,,,,,,,0.9,-0.3486776673,-0.5412160085,0.2493476441287722,0.266220221,0.0394191959,0.0394191959,0.2544378354
730,730,730.0,730.0,730.0,730.0,730.0,730.0,730.0,730.0,,,,,,,,,,,,,,,,,,,,,,,,,,,,,,,,,,0.0,0.0,-1.0,1.0550221337087722,0.0,0.0822666462,0.2934785299,0.1896228080999999
731,731,731.0,731.0,731.0,731.0,731.0,731.0,731.0,731.0,,,,,,,,,,,,,,,,,,,,,,,,,,,,,,,,,,0.1,-0.0900589955,-0.8044387912,1.1030681949753622,0.0822666462,0.0532607674,0.2112118837,0.1896228080999999
732,732,732.0,732.0,732.0,732.0,732.0,732.0,732.0,732.0,,,,,,,,,,,,,,,,,,,,,,,,,,,,,,,,,,0.2,-0.1612755028,-0.6229154644,0.7631795708270478,0.1355274136,0.0349765821999999,0.1579511163,0.1896228080999999
733,733,733.0,733.0,733.0,733.0,733.0,733.0,733.0,733.0,,,,,,,,,,,,,,,,,,,,,,,,,,,,,,,,,,0.3,-0.2168619167,-0.4910110934,0.4466094825770321,0.1705039958,0.0257979888999999,0.1229745341,0.1896228080999999
734,734,734.0,734.0,734.0,734.0,734.0,734.0,734.0,734.0,,,,,,,,,,,,,,,,,,,,,,,,,,,,,,,,,,0.4,-0.2614273915,-0.4017846703,0.558754883502109,0.1963019847,0.0206989363,0.0971765452,0.1896228080999999
735,735,735.0,735.0,735.0,735.0,735.0,735.0,735.0,735.0,,,,,,,,,,,,,,,,,,,,,,,,,,,,,,,,,,0.5,-0.2969593815,-0.3103771919,0.4329433697816984,0.217000921,0.0173612358999999,0.0764776089,0.1896228080999999
736,736,736.0,736.0,736.0,736.0,736.0,736.0,736.0,736.0,,,,,,,,,,,,,,,,,,,,,,,,,,,,,,,,,,0.6,-0.3244014102,-0.2396408262,0.4514016388550002,0.2343621569,0.0156336444999999,0.059116373,0.1896228080999999
737,737,737.0,737.0,737.0,737.0,737.0,737.0,737.0,737.0,,,,,,,,,,,,,,,,,,,,,,,,,,,,,,,,,,0.7,-0.345022639,-0.1738794336,0.3727771629586597,0.2499958014,0.0147167777,0.0434827285,0.1896228080999999
738,738,738.0,738.0,738.0,738.0,738.0,738.0,738.0,738.0,,,,,,,,,,,,,,,,,,,,,,,,,,,,,,,,,,0.8,-0.3597667612,-0.1218575951,0.3107465724100411,0.2647125791,0.0144160205,0.0287659507999999,0.1896228080999999
739,739,739.0,739.0,739.0,739.0,739.0,739.0,739.0,739.0,,,,,,,,,,,,,,,,,,,,,,,,,,,,,,,,,,0.9,-0.3698601866,-0.0806895125,0.3954146294904592,0.2791285996,0.0143499302999999,0.0143499302999999,0.1896228080999999
740,740,740.0,740.0,740.0,740.0,740.0,740.0,740.0,740.0,,,,,,,,,,,,,,,,,,,,,,,,,,,,,,,,,,0.0,0.0,-1.0,1.3444582156083291,0.0,0.0802012441,0.281674161,0.1965336498
741,741,741.0,741.0,741.0,741.0,741.0,741.0,741.0,741.0,,,,,,,,,,,,,,,,,,,,,,,,,,,,,,,,,,0.1,-0.0886588717,-0.7768953067,0.8519464974782782,0.0802012441,0.0508973599999999,0.2014729168999999,0.1965336498
742,742,742.0,742.0,742.0,742.0,742.0,742.0,742.0,742.0,,,,,,,,,,,,,,,,,,,,,,,,,,,,,,,,,,0.2,-0.1584690475,-0.6218904812,0.925571123702666,0.1310986041,0.0340569416,0.1505755569,0.1965336498
743,743,743.0,743.0,743.0,743.0,743.0,743.0,743.0,743.0,,,,,,,,,,,,,,,,,,,,,,,,,,,,,,,,,,0.3,-0.2131723658,-0.4746300505,0.4760589622334,0.1651555457,0.0241094641,0.1165186152999999,0.1965336498
744,744,744.0,744.0,744.0,744.0,744.0,744.0,744.0,744.0,,,,,,,,,,,,,,,,,,,,,,,,,,,,,,,,,,0.4,-0.25603652,-0.3841600001,0.4637950234534439,0.1892650098,0.0194464874,0.0924091511999999,0.1965336498
745,745,745.0,745.0,745.0,745.0,745.0,745.0,745.0,745.0,,,,,,,,,,,,,,,,,,,,,,,,,,,,,,,,,,0.5,-0.2903506676,-0.3034663502,0.3738198901791457,0.2087114972,0.0167060106999999,0.0729626637999999,0.1965336498
746,746,746.0,746.0,746.0,746.0,746.0,746.0,746.0,746.0,,,,,,,,,,,,,,,,,,,,,,,,,,,,,,,,,,0.6,-0.3174210588,-0.23901397,0.5562208167097815,0.2254175079,0.0149910421999999,0.0562566530999999,0.1965336498
747,747,747.0,747.0,747.0,747.0,747.0,747.0,747.0,747.0,,,,,,,,,,,,,,,,,,,,,,,,,,,,,,,,,,0.7,-0.3374755663,-0.1633373807,0.3158497041990346,0.2404085501,0.0139262666,0.0412656108999999,0.1965336498
748,748,748.0,748.0,748.0,748.0,748.0,748.0,748.0,748.0,,,,,,,,,,,,,,,,,,,,,,,,,,,,,,,,,,0.8,-0.3514912779,-0.1177366988,0.3444527642944779,0.2543348167,0.0137042876999999,0.0273393442999999,0.1965336498
749,749,749.0,749.0,749.0,749.0,749.0,749.0,749.0,749.0,,,,,,,,,,,,,,,,,,,,,,,,,,,,,,,,,,0.9,-0.3610293565,-0.0737533437,0.2644837199874258,0.2680391044,0.0136350565999999,0.0136350565999999,0.1965336498
750,750,750.0,750.0,750.0,750.0,750.0,750.0,750.0,750.0,,,,,,,,,,,,,,,,,,,,,,,,,,,,,,,,,,0.0,0.0,-1.0,1.411156376151624,0.0,0.0797446391,0.2787938332,0.1945424372999999
751,751,751.0,751.0,751.0,751.0,751.0,751.0,751.0,751.0,,,,,,,,,,,,,,,,,,,,,,,,,,,,,,,,,,0.1,-0.0883362292,-0.7705481332,1.023783182302043,0.0797446391,0.0490937246999999,0.1990491941,0.1945424372999999
752,752,752.0,752.0,752.0,752.0,752.0,752.0,752.0,752.0,,,,,,,,,,,,,,,,,,,,,,,,,,,,,,,,,,0.2,-0.1567111503,-0.5997948938,0.6274226479158687,0.1288383638,0.0329525905,0.1499554694,0.1945424372999999
753,753,753.0,753.0,753.0,753.0,753.0,753.0,753.0,753.0,,,,,,,,,,,,,,,,,,,,,,,,,,,,,,,,,,0.3,-0.2107540644,-0.483009715,0.5821534890890326,0.1617909543,0.0243252545999999,0.1170028789,0.1945424372999999
754,754,754.0,754.0,754.0,754.0,754.0,754.0,754.0,754.0,,,,,,,,,,,,,,,,,,,,,,,,,,,,,,,,,,0.4,-0.2539024218,-0.3816460087,0.4189668109654115,0.1861162089,0.0192863621,0.0926776243,0.1945424372999999
755,755,755.0,755.0,755.0,755.0,755.0,755.0,755.0,755.0,,,,,,,,,,,,,,,,,,,,,,,,,,,,,,,,,,0.5,-0.2881941866,-0.3054575627,0.3566534609232902,0.205402571,0.0167233119999999,0.0733912622,0.1945424372999999
756,756,756.0,756.0,756.0,756.0,756.0,756.0,756.0,756.0,,,,,,,,,,,,,,,,,,,,,,,,,,,,,,,,,,0.6,-0.3155371122,-0.2424492911,0.5553986308603328,0.222125883,0.0150124888,0.0566679502,0.1945424372999999
757,757,757.0,757.0,757.0,757.0,757.0,757.0,757.0,757.0,,,,,,,,,,,,,,,,,,,,,,,,,,,,,,,,,,0.7,-0.3359225109,-0.1665240293,0.1900479167605989,0.2371383718,0.0140686446999999,0.0416554614,0.1945424372999999
758,758,758.0,758.0,758.0,758.0,758.0,758.0,758.0,758.0,,,,,,,,,,,,,,,,,,,,,,,,,,,,,,,,,,0.8,-0.3508500727,-0.1325916758,0.460807665444253,0.2512070165,0.0139233551999999,0.0275868167,0.1945424372999999
759,759,759.0,759.0,759.0,759.0,759.0,759.0,759.0,759.0,,,,,,,,,,,,,,,,,,,,,,,,,,,,,,,,,,0.9,-0.3612389089,-0.0761220731,0.3311891091310281,0.2651303717,0.0136634615,0.0136634615,0.1945424372999999
760,760,760.0,760.0,760.0,760.0,760.0,760.0,760.0,760.0,,,,,,,,,,,,,,,,,,,,,,,,,,,,,,,,,,0.0,0.0,-1.0,1.136212795239425,0.0,0.0816735796,0.2837251634,0.1960484122
761,761,761.0,761.0,761.0,761.0,761.0,761.0,761.0,761.0,,,,,,,,,,,,,,,,,,,,,,,,,,,,,,,,,,0.1,-0.0896662422,-0.7967124783,1.1651009050776246,0.0816735796,0.0518599736999999,0.2020515838,0.1960484122
762,762,762.0,762.0,762.0,762.0,762.0,762.0,762.0,762.0,,,,,,,,,,,,,,,,,,,,,,,,,,,,,,,,,,0.2,-0.1598474376,-0.6100211923,0.8028340246447765,0.1335335533,0.0333746598,0.1501916100999999,0.1960484122
763,763,763.0,763.0,763.0,763.0,763.0,763.0,763.0,763.0,,,,,,,,,,,,,,,,,,,,,,,,,,,,,,,,,,0.3,-0.2140149737,-0.4755702538,0.5906631844831943,0.1669082131,0.0238245116999999,0.1168169502999999,0.1960484122
764,764,764.0,764.0,764.0,764.0,764.0,764.0,764.0,764.0,,,,,,,,,,,,,,,,,,,,,,,,,,,,,,,,,,0.4,-0.2564142105,-0.3741046986,0.3630866956868516,0.1907327248,0.0190742473999999,0.0929924385999999,0.1960484122
765,765,765.0,765.0,765.0,765.0,765.0,765.0,765.0,765.0,,,,,,,,,,,,,,,,,,,,,,,,,,,,,,,,,,0.5,-0.2902586517,-0.3039515878,0.4716521985919616,0.2098069722,0.0165146446999999,0.0739181911999999,0.1960484122
766,766,766.0,766.0,766.0,766.0,766.0,766.0,766.0,766.0,,,,,,,,,,,,,,,,,,,,,,,,,,,,,,,,,,0.6,-0.3169019394,-0.2301430802,0.3979133009177057,0.2263216169,0.0148209306,0.0574035464999999,0.1960484122
767,767,767.0,767.0,767.0,767.0,767.0,767.0,767.0,767.0,,,,,,,,,,,,,,,,,,,,,,,,,,,,,,,,,,0.7,-0.3368780862,-0.1703756034,0.188319312271575,0.2411425475,0.0142606678999999,0.0425826158999999,0.1960484122
768,768,768.0,768.0,768.0,768.0,768.0,768.0,768.0,768.0,,,,,,,,,,,,,,,,,,,,,,,,,,,,,,,,,,0.8,-0.3521805396,-0.1362412187,0.3020412147539865,0.2554032154,0.0142213179,0.0283219479999999,0.1960484122
769,769,769.0,769.0,769.0,769.0,769.0,769.0,769.0,769.0,,,,,,,,,,,,,,,,,,,,,,,,,,,,,,,,,,0.9,-0.363684994,-0.0945326428,0.4347319212410476,0.2696245333,0.0141006300999999,0.0141006300999999,0.1960484122
770,770,770.0,770.0,770.0,770.0,770.0,770.0,770.0,770.0,,,,,,,,,,,,,,,,,,,,,,,,,,,,,,,,,,0.0,0.0,-1.0,1.354500588306657,0.0,0.080132018,0.302424988,0.1623205576
771,771,771.0,771.0,771.0,771.0,771.0,771.0,771.0,771.0,,,,,,,,,,,,,,,,,,,,,,,,,,,,,,,,,,0.1,-0.0886102925,-0.7759396486,0.8264641399454056,0.080132018,0.0509133737,0.22229297,0.1623205576
772,772,772.0,772.0,772.0,772.0,772.0,772.0,772.0,772.0,,,,,,,,,,,,,,,,,,,,,,,,,,,,,,,,,,0.2,-0.1584527938,-0.6234507333,0.6134708464996423,0.1310453917,0.0356160621999999,0.1713795963,0.1623205576
773,773,773.0,773.0,773.0,773.0,773.0,773.0,773.0,773.0,,,,,,,,,,,,,,,,,,,,,,,,,,,,,,,,,,0.3,-0.2148143502,-0.5057420923,0.5265524167792298,0.1666614539,0.0266967284999999,0.1357635341,0.1623205576
774,774,774.0,774.0,774.0,774.0,774.0,774.0,774.0,774.0,,,,,,,,,,,,,,,,,,,,,,,,,,,,,,,,,,0.4,-0.2603949438,-0.4075062571,0.3262563036850214,0.1933581824,0.0217610629999999,0.1090668056,0.1623205576
775,775,775.0,775.0,775.0,775.0,775.0,775.0,775.0,775.0,,,,,,,,,,,,,,,,,,,,,,,,,,,,,,,,,,0.5,-0.2975961281,-0.3376794424,0.3580116747218681,0.2151192454,0.019170356,0.0873057426,0.1623205576
776,776,776.0,776.0,776.0,776.0,776.0,776.0,776.0,776.0,,,,,,,,,,,,,,,,,,,,,,,,,,,,,,,,,,0.6,-0.3279988097,-0.2714755933,0.3144308846023246,0.2342896014,0.0175939092,0.0681353866,0.1623205576
777,777,777.0,777.0,777.0,777.0,777.0,777.0,777.0,777.0,,,,,,,,,,,,,,,,,,,,,,,,,,,,,,,,,,0.7,-0.352312187,-0.2157191275,0.3560151719061641,0.2518835106,0.0167442511999999,0.0505414773999999,0.1623205576
778,778,778.0,778.0,778.0,778.0,778.0,778.0,778.0,778.0,,,,,,,,,,,,,,,,,,,,,,,,,,,,,,,,,,0.8,-0.3711183915,-0.1613114058,-0.0064804802260401,0.2686277618,0.0167289507,0.0337972262,0.1623205576
779,779,779.0,779.0,779.0,779.0,779.0,779.0,779.0,779.0,,,,,,,,,,,,,,,,,,,,,,,,,,,,,,,,,,0.9,-0.3865009454,-0.1465769,0.308555307981356,0.2853567125,0.0170682755,0.0170682755,0.1623205576
780,780,780.0,780.0,780.0,780.0,780.0,780.0,780.0,,,,,,,,,,,,,,,,,,,,,,,,,,,,,,,,,,,0.0,0.0,-1.0,0.2057220259297851,0.0,0.0891105696,0.1796926666,0.5292025146
781,781,781.0,781.0,781.0,781.0,781.0,781.0,781.0,,,,,,,,,,,,,,,,,,,,,,,,,,,,,,,,,,,0.1,-0.0941674232,-0.8852603742,4.531503357006704,0.0891105696,0.0530354419,0.090582097,0.5292025146
782,782,782.0,782.0,782.0,782.0,782.0,782.0,782.0,,,,,,,,,,,,,,,,,,,,,,,,,,,,,,,,,,,0.2,-0.15649031,-0.3697871517,2.042625601491019,0.1421460115,0.0118619741999999,0.0375466550999999,0.5292025146
783,783,783.0,783.0,783.0,783.0,783.0,783.0,783.0,,,,,,,,,,,,,,,,,,,,,,,,,,,,,,,,,,,0.3,-0.181799172,-0.1402157295,1.1624514246015647,0.1540079857,0.0048853774,0.0256846809,0.5292025146
784,784,784.0,784.0,784.0,784.0,784.0,784.0,784.0,,,,,,,,,,,,,,,,,,,,,,,,,,,,,,,,,,,0.4,-0.1895191854,-0.0162505736,0.4613855619191823,0.1588933631,0.0037214591999999,0.0207993035,0.5292025146
785,785,785.0,785.0,785.0,785.0,785.0,785.0,785.0,,,,,,,,,,,,,,,,,,,,,,,,,,,,,,,,,,,0.5,-0.1888337175,0.0292025146,0.1686297648451125,0.1626148223,0.0036474004,0.0170778443,0.5292025146
786,786,786.0,786.0,786.0,786.0,786.0,786.0,786.0,,,,,,,,,,,,,,,,,,,,,,,,,,,,,,,,,,,0.6,-0.18523907,0.0424708436,0.0045672972895448,0.1662622227,0.0035208018,0.0134304439,0.5292025146
787,787,787.0,787.0,787.0,787.0,787.0,787.0,787.0,,,,,,,,,,,,,,,,,,,,,,,,,,,,,,,,,,,0.7,-0.18117531,0.0388638133,0.2232405861572921,0.1697830245,0.003457672,0.0099096421,0.5292025146
788,788,788.0,788.0,788.0,788.0,788.0,788.0,788.0,,,,,,,,,,,,,,,,,,,,,,,,,,,,,,,,,,,0.8,-0.1763971025,0.0564096644,0.1110089894823859,0.1732406965,0.0033651750999999,0.0064519700999999,0.5292025146
789,789,789.0,789.0,789.0,789.0,789.0,789.0,789.0,,,,,,,,,,,,,,,,,,,,,,,,,,,,,,,,,,,0.9,-0.1704920439,0.0616055048,-0.1763840476803186,0.1766058716,0.003086795,0.003086795,0.5292025146
790,790,790.0,790.0,790.0,790.0,790.0,790.0,790.0,,,,,,,,,,,,,,,,,,,,,,,,,,,,,,,,,,,0.0,0.0,-1.0,-0.0566777945709757,0.0,0.0914612792,0.2673320798,0.48486723
791,791,791.0,791.0,791.0,791.0,791.0,791.0,791.0,,,,,,,,,,,,,,,,,,,,,,,,,,,,,,,,,,,0.1,-0.0954367576,-0.9102310219,0.2533292308643064,0.0914612792,0.0750507158,0.1758708006,0.48486723
792,792,792.0,792.0,792.0,792.0,792.0,792.0,792.0,,,,,,,,,,,,,,,,,,,,,,,,,,,,,,,,,,,0.2,-0.1808312272,-0.7995036292,4.257940880457767,0.166511995,0.0463268296,0.1008200848,0.48486723
793,793,793.0,793.0,793.0,793.0,793.0,793.0,793.0,,,,,,,,,,,,,,,,,,,,,,,,,,,,,,,,,,,0.3,-0.236316651,-0.3182241173,1.8478854560343467,0.2128388246,0.0128062345999999,0.0544932552,0.48486723
794,794,794.0,794.0,794.0,794.0,794.0,794.0,794.0,,,,,,,,,,,,,,,,,,,,,,,,,,,,,,,,,,,0.4,-0.257660679,-0.1120915437,0.9067835664000048,0.2256450592,0.0077280141,0.0416870206,0.48486723
795,795,795.0,795.0,795.0,795.0,795.0,795.0,795.0,,,,,,,,,,,,,,,,,,,,,,,,,,,,,,,,,,,0.5,-0.263941096,-0.01513277,0.6448153526909731,0.2333730733,0.0072188413,0.0339590065,0.48486723
796,796,796.0,796.0,796.0,796.0,796.0,796.0,796.0,,,,,,,,,,,,,,,,,,,,,,,,,,,,,,,,,,,0.6,-0.2622620199,0.047669689,0.3720830510552884,0.2405919146,0.0072052746999999,0.0267401652,0.48486723
797,797,797.0,797.0,797.0,797.0,797.0,797.0,797.0,,,,,,,,,,,,,,,,,,,,,,,,,,,,,,,,,,,0.7,-0.2559257291,0.0785417034,0.1645314960519951,0.2477971893,0.0070418033999999,0.0195348905,0.48486723
798,798,798.0,798.0,798.0,798.0,798.0,798.0,798.0,,,,,,,,,,,,,,,,,,,,,,,,,,,,,,,,,,,0.8,-0.2476558986,0.0867250225,-0.1973958033359888,0.2548389927,0.0065020116,0.0124930871,0.48486723
799,799,799.0,799.0,799.0,799.0,799.0,799.0,799.0,,,,,,,,,,,,,,,,,,,,,,,,,,,,,,,,,,,0.9,-0.2403574686,0.0596870122,0.0562027020638155,0.2613410043,0.0059910754999999,0.0059910754999999,0.48486723
800,800,800.0,800.0,800.0,800.0,800.0,800.0,800.0,,,,,,,,,,,,,,,,,,,,,,,,,,,,,,,,,,,0.0,0.0,-1.0,-0.0872852447152306,0.0,0.0917427418,0.2666335667,0.5047050989
801,801,801.0,801.0,801.0,801.0,801.0,801.0,801.0,,,,,,,,,,,,,,,,,,,,,,,,,,,,,,,,,,,0.1,-0.0955848184,-0.9131437061,0.3086580952702431,0.0917427418,0.0750985666,0.1748908249,0.5047050989
802,802,802.0,802.0,802.0,802.0,802.0,802.0,802.0,,,,,,,,,,,,,,,,,,,,,,,,,,,,,,,,,,,0.2,-0.1809888175,-0.7968738975,4.23494552689197,0.1668413084,0.0460583514,0.0997922582999999,0.5047050989
803,803,803.0,803.0,803.0,803.0,803.0,803.0,803.0,,,,,,,,,,,,,,,,,,,,,,,,,,,,,,,,,,,0.3,-0.2363352275,-0.3180329347,1.969701854846955,0.2128996598,0.0128156138999999,0.0537339068999999,0.5047050989
804,804,804.0,804.0,804.0,804.0,804.0,804.0,804.0,,,,,,,,,,,,,,,,,,,,,,,,,,,,,,,,,,,0.4,-0.2570719984,-0.1003259784,1.0033725211264222,0.2257152737,0.0075916464,0.0409182929999999,0.5047050989
805,805,805.0,805.0,805.0,805.0,805.0,805.0,805.0,,,,,,,,,,,,,,,,,,,,,,,,,,,,,,,,,,,0.5,-0.2617658235,0.0047050989,0.3653907500357415,0.2333069201,0.0069348659,0.0333266465999999,0.5047050989
806,806,806.0,806.0,806.0,806.0,806.0,806.0,806.0,,,,,,,,,,,,,,,,,,,,,,,,,,,,,,,,,,,0.6,-0.2595505435,0.0390288938,0.3014537479423937,0.240241786,0.0069321479999999,0.0263917806999999,0.5047050989
807,807,807.0,807.0,807.0,807.0,807.0,807.0,807.0,,,,,,,,,,,,,,,,,,,,,,,,,,,,,,,,,,,0.7,-0.2543781971,0.0640019222,0.0826317615284735,0.247173934,0.0067325453999999,0.0194596326999999,0.5047050989
808,808,808.0,808.0,808.0,808.0,808.0,808.0,808.0,,,,,,,,,,,,,,,,,,,,,,,,,,,,,,,,,,,0.8,-0.2478879832,0.0657748845,0.2632719135693738,0.2539064794,0.0065726925999999,0.0127270872999999,0.5047050989
809,809,809.0,809.0,809.0,809.0,809.0,809.0,809.0,,,,,,,,,,,,,,,,,,,,,,,,,,,,,,,,,,,0.9,-0.2403551227,0.0845692154,-0.1309944305295552,0.260479172,0.0061543947,0.0061543947,0.5047050989
810,810,810.0,810.0,810.0,810.0,810.0,810.0,810.0,,,,,,,,,,,,,,,,,,,,,,,,,,,,,,,,,,,0.0,0.0,-1.0,0.0238089381080469,0.0,0.0907282979,0.2621867417,0.5191475365
811,811,811.0,811.0,811.0,811.0,811.0,811.0,811.0,,,,,,,,,,,,,,,,,,,,,,,,,,,,,,,,,,,0.1,-0.0950474047,-0.9025717015,0.2344261460476239,0.0907282979,0.0739357558,0.1714584438,0.5191475365
812,812,812.0,812.0,812.0,812.0,812.0,812.0,812.0,,,,,,,,,,,,,,,,,,,,,,,,,,,,,,,,,,,0.2,-0.1798044356,-0.794372056,4.3877810086539295,0.1646640537,0.0456940452,0.097522688,0.5191475365
813,813,813.0,813.0,813.0,813.0,813.0,813.0,813.0,,,,,,,,,,,,,,,,,,,,,,,,,,,,,,,,,,,0.3,-0.2341734337,-0.301224957,1.832251711998616,0.2103580989,0.0119876312999999,0.0518286427999999,0.5191475365
814,814,814.0,814.0,814.0,814.0,814.0,814.0,814.0,,,,,,,,,,,,,,,,,,,,,,,,,,,,,,,,,,,0.4,-0.2539756236,-0.0981975959,1.1349021912853283,0.2223457302,0.0075066796999999,0.0398410114999999,0.5191475365
815,815,815.0,815.0,815.0,815.0,815.0,815.0,815.0,,,,,,,,,,,,,,,,,,,,,,,,,,,,,,,,,,,0.5,-0.2578305369,0.0191475365,0.1744393373988966,0.2298524099,0.0066735817,0.0323343318,0.5191475365
816,816,816.0,816.0,816.0,816.0,816.0,816.0,816.0,,,,,,,,,,,,,,,,,,,,,,,,,,,,,,,,,,,0.6,-0.2551645734,0.0339255068,0.1453289669890029,0.2365259916,0.0065816266999999,0.0256607500999999,0.5191475365
817,817,817.0,817.0,817.0,817.0,817.0,817.0,817.0,,,,,,,,,,,,,,,,,,,,,,,,,,,,,,,,,,,0.7,-0.2512331218,0.0445269518,0.3207284013446736,0.2431076183,0.0065706588,0.0190791234,0.5191475365
818,818,818.0,818.0,818.0,818.0,818.0,818.0,818.0,,,,,,,,,,,,,,,,,,,,,,,,,,,,,,,,,,,0.8,-0.245444336,0.0708110062,0.1655708402391175,0.2496782771,0.0064275283999999,0.0125084645999999,0.5191475365
819,819,819.0,819.0,819.0,819.0,819.0,819.0,819.0,,,,,,,,,,,,,,,,,,,,,,,,,,,,,,,,,,,0.9,-0.2379050459,0.0798288001,0.0371239436943225,0.2561058055,0.0060809361999999,0.0060809361999999,0.5191475365
820,820,820.0,820.0,820.0,820.0,820.0,820.0,820.0,,,,,,,,,,,,,,,,,,,,,,,,,,,,,,,,,,,0.0,0.0,-1.0,-0.0730582400612993,0.0,0.0916117225,0.2721909242,0.5180381328
821,821,821.0,821.0,821.0,821.0,821.0,821.0,821.0,,,,,,,,,,,,,,,,,,,,,,,,,,,,,,,,,,,0.1,-0.0955159964,-0.9117898276,0.0530411666979784,0.0916117225,0.0769237034,0.1805792017,0.5180381328
822,822,822.0,822.0,822.0,822.0,822.0,822.0,822.0,,,,,,,,,,,,,,,,,,,,,,,,,,,,,,,,,,,0.2,-0.1820276841,-0.8199740232,4.376722369307091,0.1685354259,0.0485761901,0.1036554983,0.5180381328
823,823,823.0,823.0,823.0,823.0,823.0,823.0,823.0,,,,,,,,,,,,,,,,,,,,,,,,,,,,,,,,,,,0.3,-0.2388865032,-0.3254429672,1.94200353793166,0.217111616,0.0132563562999999,0.0550793082,0.5180381328
824,824,824.0,824.0,824.0,824.0,824.0,824.0,824.0,,,,,,,,,,,,,,,,,,,,,,,,,,,,,,,,,,,0.4,-0.2604622075,-0.1096669091,1.2322975701945655,0.2303679723,0.0080533546,0.0418229519,0.5180381328
825,825,825.0,825.0,825.0,825.0,825.0,825.0,825.0,,,,,,,,,,,,,,,,,,,,,,,,,,,,,,,,,,,0.5,-0.2649374924,0.0180381328,0.359307372042169,0.2384213269,0.0071349854999999,0.0337695973,0.5180381328
826,826,826.0,826.0,826.0,826.0,826.0,826.0,826.0,,,,,,,,,,,,,,,,,,,,,,,,,,,,,,,,,,,0.6,-0.2614828191,0.0505141967,0.1119792227939934,0.2455563124,0.0069935035999999,0.0266346118,0.5180381328
827,827,827.0,827.0,827.0,827.0,827.0,827.0,827.0,,,,,,,,,,,,,,,,,,,,,,,,,,,,,,,,,,,0.7,-0.25613428,0.0563635799,0.05412954417113,0.252549816,0.0067353588,0.0196411082,0.5180381328
828,828,828.0,828.0,828.0,828.0,828.0,828.0,828.0,,,,,,,,,,,,,,,,,,,,,,,,,,,,,,,,,,,0.8,-0.2505087094,0.0561509637,0.2227286654638672,0.2592851748,0.0065616967,0.0129057494,0.5180381328
829,829,829.0,829.0,829.0,829.0,829.0,829.0,829.0,,,,,,,,,,,,,,,,,,,,,,,,,,,,,,,,,,,0.9,-0.2440878138,0.0720029346,0.1253520822390711,0.2658468715,0.0063440526999999,0.0063440526999999,0.5180381328
830,830,830.0,830.0,830.0,830.0,830.0,830.0,830.0,,,,,,,,,,,,,,,,,,,,,,,,,,,,,,,,,,,0.0,0.0,-1.0,-0.1623630161417752,0.0,0.0924394418,0.2776194181,0.512487308
831,831,831.0,831.0,831.0,831.0,831.0,831.0,831.0,,,,,,,,,,,,,,,,,,,,,,,,,,,,,,,,,,,0.1,-0.09594799,-0.9202883117,-0.0165315912914942,0.0924394418,0.078937008,0.1851799763,0.512487308
832,832,832.0,832.0,832.0,832.0,832.0,832.0,832.0,,,,,,,,,,,,,,,,,,,,,,,,,,,,,,,,,,,0.2,-0.1836049683,-0.8342844925,4.440119043909499,0.1713764498,0.0502225489,0.1062429683,0.512487308
833,833,833.0,833.0,833.0,833.0,833.0,833.0,833.0,,,,,,,,,,,,,,,,,,,,,,,,,,,,,,,,,,,0.3,-0.2415189324,-0.3323586239,2.076960019399438,0.2215989987,0.0137188431,0.0560204194,0.512487308
834,834,834.0,834.0,834.0,834.0,834.0,834.0,834.0,,,,,,,,,,,,,,,,,,,,,,,,,,,,,,,,,,,0.4,-0.2630999082,-0.1030816462,1.111352699565752,0.2353178418,0.0080166133999999,0.0423015763,0.512487308
835,835,835.0,835.0,835.0,835.0,835.0,835.0,835.0,,,,,,,,,,,,,,,,,,,,,,,,,,,,,,,,,,,0.5,-0.2675335924,0.012487308,0.5422194040610679,0.2433344552,0.0073917215999999,0.0342849629,0.512487308
836,836,836.0,836.0,836.0,836.0,836.0,836.0,836.0,,,,,,,,,,,,,,,,,,,,,,,,,,,,,,,,,,,0.6,-0.263722379,0.062898035,0.0370845659348382,0.2507261768,0.0071734675,0.0268932413,0.512487308
837,837,837.0,837.0,837.0,837.0,837.0,837.0,837.0,,,,,,,,,,,,,,,,,,,,,,,,,,,,,,,,,,,0.7,-0.2575573487,0.0604414613,-0.0525359797668679,0.2578996443,0.0067930821999999,0.0197197738,0.512487308
838,838,838.0,838.0,838.0,838.0,838.0,838.0,838.0,,,,,,,,,,,,,,,,,,,,,,,,,,,,,,,,,,,0.8,-0.2520596429,0.0496901575,0.1049858604566572,0.2646927265,0.0065043771,0.0129266916,0.512487308
839,839,839.0,839.0,839.0,839.0,839.0,839.0,839.0,,,,,,,,,,,,,,,,,,,,,,,,,,,,,,,,,,,0.9,-0.2468233757,0.0549524763,0.2868505001226464,0.2711971036,0.0064223145,0.0064223145,0.512487308
840,840,840.0,840.0,840.0,840.0,840.0,840.0,,,,,,,,,,,,,,,,,,,,,,,,,,,,,,,,,,,,0.0,0.0,-1.0,5.48428416042515,0.0,0.0655110807,1.6188370139,1.6934837199
841,841,841.0,841.0,841.0,841.0,841.0,841.0,,,,,,,,,,,,,,,,,,,,,,,,,,,,,,,,,,,,0.1,-0.0686328048,-0.3829387792,4.8117580620246745,0.0655110807,0.0159769090999999,1.5533259332,1.6934837199
842,842,842.0,842.0,842.0,842.0,842.0,842.0,,,,,,,,,,,,,,,,,,,,,,,,,,,,,,,,,,,,0.2,-0.0817977624,0.1114019847,4.07714612473409,0.0814879898,0.0191887041,1.5373490241,1.6934837199
843,843,843.0,843.0,843.0,843.0,843.0,843.0,,,,,,,,,,,,,,,,,,,,,,,,,,,,,,,,,,,,0.3,-0.0514736204,0.4887924552,3.566041786240965,0.1006766939,0.0478159487,1.51816032,1.6934837199
844,844,844.0,844.0,844.0,844.0,844.0,844.0,,,,,,,,,,,,,,,,,,,,,,,,,,,,,,,,,,,,0.4,0.0122914774,0.781631536,3.50191524631885,0.1484926426,0.0904686479999999,1.4703443713,1.6934837199
845,845,845.0,845.0,845.0,845.0,845.0,845.0,,,,,,,,,,,,,,,,,,,,,,,,,,,,,,,,,,,,0.5,0.1036137821,1.0405007559,3.48876328485173,0.2389612906,0.1435104799,1.3798757233,1.6934837199
846,846,846.0,846.0,846.0,846.0,846.0,846.0,,,,,,,,,,,,,,,,,,,,,,,,,,,,,,,,,,,,0.6,0.2195071465,1.2734837199,3.269718014957466,0.3824717705,0.20171076,1.2363652434,1.6934837199
847,847,847.0,847.0,847.0,847.0,847.0,847.0,,,,,,,,,,,,,,,,,,,,,,,,,,,,,,,,,,,,0.7,0.3565121111,1.4634505569,3.3080378977935228,0.5841825305,0.2657334312,1.0346544833999998,1.6934837199
848,848,848.0,848.0,848.0,848.0,848.0,848.0,,,,,,,,,,,,,,,,,,,,,,,,,,,,,,,,,,,,0.8,0.5117801066,1.6389863511,3.548721739505301,0.8499159617,0.3422082525999999,0.7689210521999998,1.6934837199
849,849,849.0,849.0,849.0,849.0,849.0,849.0,,,,,,,,,,,,,,,,,,,,,,,,,,,,,,,,,,,,0.9,0.6849166747,1.820721957,3.396704290071624,1.1921242143,0.4267127995999999,0.4267127995999999,1.6934837199
850,850,850.0,850.0,850.0,850.0,850.0,850.0,,,,,,,,,,,,,,,,,,,,,,,,,,,,,,,,,,,,0.0,0.0,-1.0,5.875007160200369,0.0,0.0655583335,1.6616749057,1.6967346132
851,851,851.0,851.0,851.0,851.0,851.0,851.0,,,,,,,,,,,,,,,,,,,,,,,,,,,,,,,,,,,,0.1,-0.0667427144,-0.3457565696,4.75008076547942,0.0655583335,0.0148009998,1.5961165722,1.6967346132
852,852,852.0,852.0,852.0,852.0,852.0,852.0,,,,,,,,,,,,,,,,,,,,,,,,,,,,,,,,,,,,0.2,-0.0766676776,0.1391764702,4.102823909595478,0.0803593333,0.0209621051999999,1.5813155724,1.6967346132
853,853,853.0,853.0,853.0,853.0,853.0,853.0,,,,,,,,,,,,,,,,,,,,,,,,,,,,,,,,,,,,0.3,-0.0435762124,0.5163673959,3.8509149120601975,0.1013214385,0.0542319028,1.5603534672,1.6967346132
854,854,854.0,854.0,854.0,854.0,854.0,854.0,,,,,,,,,,,,,,,,,,,,,,,,,,,,,,,,,,,,0.4,0.0241910759,0.8336915988,3.3264032755957387,0.1555533413,0.0976302694,1.5061215644,1.6967346132
855,855,855.0,855.0,855.0,855.0,855.0,855.0,,,,,,,,,,,,,,,,,,,,,,,,,,,,,,,,,,,,0.5,0.1196185257,1.0709044766,3.233836115540176,0.2531836107,0.1470068016999999,1.408491295,1.6967346132
856,856,856.0,856.0,856.0,856.0,856.0,856.0,,,,,,,,,,,,,,,,,,,,,,,,,,,,,,,,,,,,0.6,0.2371720006,1.2767346132,3.367045437823807,0.4001904124,0.2052707771999999,1.2614844933,1.6967346132
857,857,857.0,857.0,857.0,857.0,857.0,857.0,,,,,,,,,,,,,,,,,,,,,,,,,,,,,,,,,,,,0.7,0.3749571349,1.4756540227,3.2504449937665827,0.6054611896,0.2699518016000001,1.0562137161,1.6967346132
858,858,858.0,858.0,858.0,858.0,858.0,858.0,,,,,,,,,,,,,,,,,,,,,,,,,,,,,,,,,,,,0.8,0.5311078296,1.6445478274,3.53661824511379,0.8754129912,0.3461691379999999,0.7862619144999999,1.6967346132
859,859,859.0,859.0,859.0,859.0,859.0,859.0,,,,,,,,,,,,,,,,,,,,,,,,,,,,,,,,,,,,0.9,0.7047150376,1.8246024439,3.786900464716935,1.2215821292,0.4400927765,0.4400927765,1.6967346132
860,860,860.0,860.0,860.0,860.0,860.0,860.0,,,,,,,,,,,,,,,,,,,,,,,,,,,,,,,,,,,,0.0,0.0,-1.0,5.673117562670679,0.0,0.0655030401,1.5879499828000003,1.6708781564
861,861,861.0,861.0,861.0,861.0,861.0,861.0,,,,,,,,,,,,,,,,,,,,,,,,,,,,,,,,,,,,0.1,-0.0677193387,-0.364968905,4.717871058273714,0.0655030401,0.0151020385999999,1.5224469427000002,1.6708781564
862,862,862.0,862.0,862.0,862.0,862.0,862.0,,,,,,,,,,,,,,,,,,,,,,,,,,,,,,,,,,,,0.2,-0.0796284074,0.1187272695,3.949515019713071,0.0806050787,0.0186137573,1.5073449041000002,1.6708781564
863,863,863.0,863.0,863.0,863.0,863.0,863.0,,,,,,,,,,,,,,,,,,,,,,,,,,,,,,,,,,,,0.3,-0.0492245832,0.4832749473,3.549547643070857,0.099218836,0.0469755879999999,1.4887311468000002,1.6708781564
864,864,864.0,864.0,864.0,864.0,864.0,864.0,,,,,,,,,,,,,,,,,,,,,,,,,,,,,,,,,,,,0.4,0.0139356665,0.7750694619,3.395799051339173,0.146194424,0.0880086515,1.4417555588000002,1.6708781564
865,865,865.0,865.0,865.0,865.0,865.0,865.0,,,,,,,,,,,,,,,,,,,,,,,,,,,,,,,,,,,,0.5,0.1041201799,1.0244648536,3.4036912070536944,0.2342030755,0.1387220079,1.3537469073,1.6708781564
866,866,866.0,866.0,866.0,866.0,866.0,866.0,,,,,,,,,,,,,,,,,,,,,,,,,,,,,,,,,,,,0.6,0.2180759978,1.2508781564,3.375066771375306,0.3729250834,0.197491397,1.2150248994,1.6708781564
867,867,867.0,867.0,867.0,867.0,867.0,867.0,,,,,,,,,,,,,,,,,,,,,,,,,,,,,,,,,,,,0.7,0.3534393716,1.4530214597,3.3370719213358053,0.5704164804,0.2628960258999999,1.0175335024,1.6708781564
868,868,868.0,868.0,868.0,868.0,868.0,868.0,,,,,,,,,,,,,,,,,,,,,,,,,,,,,,,,,,,,0.8,0.507855359,1.6323126645,3.303900130096263,0.8333125063,0.3344802928999999,0.7546374765000001,1.6708781564
869,869,869.0,869.0,869.0,869.0,869.0,869.0,,,,,,,,,,,,,,,,,,,,,,,,,,,,,,,,,,,,0.9,0.6791725684,1.7913854681,3.625302041263671,1.1677927992,0.4201571836000002,0.4201571836000002,1.6708781564
870,870,870.0,870.0,870.0,870.0,870.0,870.0,,,,,,,,,,,,,,,,,,,,,,,,,,,,,,,,,,,,0.0,0.0,-1.0,5.819306830604912,0.0,0.0655364832,1.6170587611000002,1.6940692669
871,871,871.0,871.0,871.0,871.0,871.0,871.0,,,,,,,,,,,,,,,,,,,,,,,,,,,,,,,,,,,,0.1,-0.0670121601,-0.3510571568,4.695335656724111,0.0655364832,0.0146726829,1.5515222779000002,1.6940692669
872,872,872.0,872.0,872.0,872.0,872.0,872.0,,,,,,,,,,,,,,,,,,,,,,,,,,,,,,,,,,,,0.2,-0.0777063657,0.1291706144,4.05867806356212,0.0802091661,0.0200237584999999,1.536849595,1.6940692669
873,873,873.0,873.0,873.0,873.0,873.0,873.0,,,,,,,,,,,,,,,,,,,,,,,,,,,,,,,,,,,,0.3,-0.0457806718,0.5031127269,3.884364636075925,0.1002329246,0.0529132533,1.5168258365,1.6940692669
874,874,874.0,874.0,874.0,874.0,874.0,874.0,,,,,,,,,,,,,,,,,,,,,,,,,,,,,,,,,,,,0.4,0.0208870728,0.8248814459,3.2688522733249705,0.1531461779,0.0952495660999999,1.4639125832,1.6940692669
875,875,875.0,875.0,875.0,875.0,875.0,875.0,,,,,,,,,,,,,,,,,,,,,,,,,,,,,,,,,,,,0.5,0.1151977327,1.0574560133,3.333700221301311,0.248395744,0.1453332945,1.3686630171,1.6940692669
876,876,876.0,876.0,876.0,876.0,876.0,876.0,,,,,,,,,,,,,,,,,,,,,,,,,,,,,,,,,,,,0.6,0.2319545013,1.2740692669,3.118574706885948,0.3937290385,0.2000519089999999,1.2233297226,1.6940692669
877,877,877.0,877.0,877.0,877.0,877.0,877.0,,,,,,,,,,,,,,,,,,,,,,,,,,,,,,,,,,,,0.7,0.3682840434,1.4495971955,3.4204135068738992,0.5937809475,0.2647354201,1.0232778136,1.6940692669
878,878,878.0,878.0,878.0,878.0,878.0,878.0,,,,,,,,,,,,,,,,,,,,,,,,,,,,,,,,,,,,0.8,0.5227772993,1.6371452902,3.2989732769204583,0.8585163676,0.3377759283999999,0.7585423935,1.6940692669
879,879,879.0,879.0,879.0,879.0,879.0,879.0,,,,,,,,,,,,,,,,,,,,,,,,,,,,,,,,,,,,0.9,0.6945305152,1.795289402,3.48110934725598,1.196292296,0.4207664651,0.4207664651,1.6940692669
880,880,880.0,880.0,880.0,880.0,880.0,880.0,,,,,,,,,,,,,,,,,,,,,,,,,,,,,,,,,,,,0.0,0.0,-1.0,5.661301757207787,0.0,0.0655018492,1.5503326907,1.6570318972
881,881,881.0,881.0,881.0,881.0,881.0,881.0,,,,,,,,,,,,,,,,,,,,,,,,,,,,,,,,,,,,0.1,-0.0677764967,-0.3660933276,4.537335063455016,0.0655018492,0.0143810008,1.4848308415,1.6570318972
882,882,882.0,882.0,882.0,882.0,882.0,882.0,,,,,,,,,,,,,,,,,,,,,,,,,,,,,,,,,,,,0.2,-0.0806658965,0.1005295785,3.9333863183672384,0.07988285,0.0175091748,1.4704498407,1.6570318972
883,883,883.0,883.0,883.0,883.0,883.0,883.0,,,,,,,,,,,,,,,,,,,,,,,,,,,,,,,,,,,,0.3,-0.0520718153,0.4652741292,3.7334717329087166,0.0973920248,0.0467221679,1.4529406659,1.6570318972
884,884,884.0,884.0,884.0,884.0,884.0,884.0,,,,,,,,,,,,,,,,,,,,,,,,,,,,,,,,,,,,0.4,0.0102652362,0.776284251,3.292012323785393,0.1441141927,0.0868827191,1.406218498,1.6570318972
885,885,885.0,885.0,885.0,885.0,885.0,885.0,,,,,,,,,,,,,,,,,,,,,,,,,,,,,,,,,,,,0.5,0.1000633464,1.0156873732,3.3416492997395326,0.2309969118,0.1357730637,1.3193357789,1.6570318972
886,886,886.0,886.0,886.0,886.0,886.0,886.0,,,,,,,,,,,,,,,,,,,,,,,,,,,,,,,,,,,,0.6,0.2128837524,1.2370318972,3.228339228939487,0.3667699755,0.1911705580999999,1.1835627152,1.6570318972
887,887,887.0,887.0,887.0,887.0,887.0,887.0,,,,,,,,,,,,,,,,,,,,,,,,,,,,,,,,,,,,0.7,0.3462197005,1.4265298719,3.1631072523684938,0.5579405336,0.2512639345,0.9923921571,1.6570318972
888,888,888.0,888.0,888.0,888.0,888.0,888.0,,,,,,,,,,,,,,,,,,,,,,,,,,,,,,,,,,,,0.8,0.497273142,1.5917871557,3.627659329516858,0.8092044681,0.3264949157,0.7411282225999999,1.6570318972
889,889,889.0,889.0,889.0,889.0,889.0,889.0,,,,,,,,,,,,,,,,,,,,,,,,,,,,,,,,,,,,0.9,0.6662997949,1.7855264357,3.561625691426829,1.1356993838,0.4146333068999999,0.4146333068999999,1.6570318972
890,890,890.0,890.0,890.0,890.0,890.0,890.0,,,,,,,,,,,,,,,,,,,,,,,,,,,,,,,,,,,,0.0,0.0,-1.0,5.505051417826408,0.0,0.0655073695,1.6054581539999997,1.6925702681
891,891,891.0,891.0,891.0,891.0,891.0,891.0,,,,,,,,,,,,,,,,,,,,,,,,,,,,,,,,,,,,0.1,-0.0685323449,-0.3809625133,4.617669497990931,0.0655073695,0.0151164084999999,1.5399507844999998,1.6925702681
892,892,892.0,892.0,892.0,892.0,892.0,892.0,,,,,,,,,,,,,,,,,,,,,,,,,,,,,,,,,,,,0.2,-0.0824481235,0.0947202151,4.024751317407183,0.080623778,0.0178932682,1.5248343759999998,1.6925702681
893,893,893.0,893.0,893.0,893.0,893.0,893.0,,,,,,,,,,,,,,,,,,,,,,,,,,,,,,,,,,,,0.3,-0.0539649025,0.4687121258,3.8831845043629727,0.0985170462,0.0486962533,1.5069411078,1.6925702681
894,894,894.0,894.0,894.0,894.0,894.0,894.0,,,,,,,,,,,,,,,,,,,,,,,,,,,,,,,,,,,,0.4,0.0094235409,0.7936421329,3.3330585372003325,0.1472132995,0.0903895281,1.4582448545,1.6925702681
895,895,895.0,895.0,895.0,895.0,895.0,895.0,,,,,,,,,,,,,,,,,,,,,,,,,,,,,,,,,,,,0.5,0.1010718768,1.0352996507,3.528618259442751,0.2376028276,0.1428807246,1.3678553264,1.6925702681
896,896,896.0,896.0,896.0,896.0,896.0,896.0,,,,,,,,,,,,,,,,,,,,,,,,,,,,,,,,,,,,0.6,0.2166630854,1.2725702681,3.335452129012981,0.3804835522,0.2024238809,1.2249746018,1.6925702681
897,897,897.0,897.0,897.0,897.0,897.0,897.0,,,,,,,,,,,,,,,,,,,,,,,,,,,,,,,,,,,,0.7,0.3538991072,1.4688794592,3.14867957066694,0.5829074331,0.2641603862999999,1.0225507209,1.6925702681
898,898,898.0,898.0,898.0,898.0,898.0,898.0,,,,,,,,,,,,,,,,,,,,,,,,,,,,,,,,,,,,0.8,0.5089128593,1.6287336641,3.410979046201133,0.8470678194,0.3356029111999999,0.7583903345999999,1.6925702681
899,899,899.0,899.0,899.0,899.0,899.0,899.0,,,,,,,,,,,,,,,,,,,,,,,,,,,,,,,,,,,,0.9,0.6804074355,1.7983369925,3.620639341642836,1.1826707306,0.4227874234,0.4227874234,1.6925702681
900,900,900.0,900.0,900.0,900.0,900.0,,,,,,,,,,,,,,,,,,,,,,,,,,,,,,,,,,,,,0.0,0.0,-1.0,4.329974808394523,0.0,0.066816139,1.7782753089000003,1.6909880023
901,901,901.0,901.0,901.0,901.0,901.0,,,,,,,,,,,,,,,,,,,,,,,,,,,,,,,,,,,,,0.1,-0.0742166881,-0.4927858311,5.619604738664572,0.066816139,0.0232884067,1.7114591699000004,1.6909880023
902,902,902.0,902.0,902.0,902.0,902.0,,,,,,,,,,,,,,,,,,,,,,,,,,,,,,,,,,,,,0.2,-0.0939270863,0.088885041,3.657463289053507,0.0901045457,0.0151943451,1.6881707632000005,1.6909880023
903,903,903.0,903.0,903.0,903.0,903.0,,,,,,,,,,,,,,,,,,,,,,,,,,,,,,,,,,,,,0.3,-0.0677758814,0.428480165,3.509212120323739,0.1052988908,0.0404238179999999,1.6729764181000002,1.6909880023
904,904,904.0,904.0,904.0,904.0,904.0,,,,,,,,,,,,,,,,,,,,,,,,,,,,,,,,,,,,,0.4,-0.0100250751,0.7216505707,3.71567827035465,0.1457227088,0.08281695,1.6325526001,1.6909880023
905,905,905.0,905.0,905.0,905.0,905.0,,,,,,,,,,,,,,,,,,,,,,,,,,,,,,,,,,,,,0.5,0.0766233839,1.0065699388,3.7851628172493874,0.2285396588,0.1397673046999999,1.5497356501,1.6909880023
906,906,906.0,906.0,906.0,906.0,906.0,,,,,,,,,,,,,,,,,,,,,,,,,,,,,,,,,,,,,0.6,0.1907216021,1.2709880023,3.7245315779552346,0.3683069635,0.2073413512,1.4099683454,1.6909880023
907,907,907.0,907.0,907.0,907.0,907.0,,,,,,,,,,,,,,,,,,,,,,,,,,,,,,,,,,,,,0.7,0.3296892069,1.5044735553,3.944411809744977,0.5756483147,0.2884187223,1.2026269942,1.6909880023
908,908,908.0,908.0,908.0,908.0,908.0,,,,,,,,,,,,,,,,,,,,,,,,,,,,,,,,,,,,,0.8,0.4919394694,1.7366644738,4.440576715288744,0.864067037,0.3934563206,0.9142082719,1.6909880023
909,909,909.0,909.0,909.0,909.0,909.0,,,,,,,,,,,,,,,,,,,,,,,,,,,,,,,,,,,,,0.9,0.67868522,1.9939763947,4.54457383109921,1.2575233576,0.5207519513000001,0.5207519513000001,1.6909880023
910,910,910.0,910.0,910.0,910.0,910.0,,,,,,,,,,,,,,,,,,,,,,,,,,,,,,,,,,,,,0.0,0.0,-1.0,4.382265230949948,0.0,0.0667103562,1.8371528755,1.7165162074000002
911,911,911.0,911.0,911.0,911.0,911.0,,,,,,,,,,,,,,,,,,,,,,,,,,,,,,,,,,,,,0.1,-0.0739637375,-0.4878097394,5.602014172111685,0.0667103562,0.0230089349,1.7704425193,1.7165162074000002
912,912,912.0,912.0,912.0,912.0,912.0,,,,,,,,,,,,,,,,,,,,,,,,,,,,,,,,,,,,,0.2,-0.0932856908,0.0917136311,3.807257679484531,0.0897192911,0.0163473182,1.7474335844,1.7165162074000002
913,913,913.0,913.0,913.0,913.0,913.0,,,,,,,,,,,,,,,,,,,,,,,,,,,,,,,,,,,,,0.3,-0.0661406919,0.4452944001,3.710418757285357,0.1060666093,0.0442573494,1.7310862662,1.7165162074000002
914,914,914.0,914.0,914.0,914.0,914.0,,,,,,,,,,,,,,,,,,,,,,,,,,,,,,,,,,,,,0.4,-0.0058164792,0.7560120631,3.52860457048294,0.1503239587,0.0862386147,1.6868289168,1.7165162074000002
915,915,915.0,915.0,915.0,915.0,915.0,,,,,,,,,,,,,,,,,,,,,,,,,,,,,,,,,,,,,0.5,0.0831969114,1.0198591296,3.625352110957572,0.2365625734,0.1404176625,1.6005903021,1.7165162074000002
916,916,916.0,916.0,916.0,916.0,916.0,,,,,,,,,,,,,,,,,,,,,,,,,,,,,,,,,,,,,0.6,0.197786694,1.2678045582,4.091515377871773,0.3769802359,0.2134336329,1.4601726396,1.7165162074000002
917,917,917.0,917.0,917.0,917.0,917.0,,,,,,,,,,,,,,,,,,,,,,,,,,,,,,,,,,,,,0.7,0.3382265825,1.5365162074,4.088437708114236,0.5904138688,0.3022003999,1.2467390067,1.7165162074000002
918,918,918.0,918.0,918.0,918.0,918.0,,,,,,,,,,,,,,,,,,,,,,,,,,,,,,,,,,,,,0.8,0.5042228197,1.779363741,4.271928324386748,0.8926142687,0.4065430566999999,0.9445386068,1.7165162074000002
919,919,919.0,919.0,919.0,919.0,919.0,,,,,,,,,,,,,,,,,,,,,,,,,,,,,,,,,,,,,0.9,0.6942165744,2.0165628188,4.754268698281791,1.2991573254,0.5379955501,0.5379955501,1.7165162074000002
920,920,920.0,920.0,920.0,920.0,920.0,,,,,,,,,,,,,,,,,,,,,,,,,,,,,,,,,,,,,0.0,0.0,-1.0,4.450412018818094,0.0,0.0665791435,1.8314875056000004,1.7076137419
921,921,921.0,921.0,921.0,921.0,921.0,,,,,,,,,,,,,,,,,,,,,,,,,,,,,,,,,,,,,0.1,-0.073634083,-0.4813247152,5.54396386502068,0.0665791435,0.0224877932,1.7649083621000003,1.7076137419
922,922,922.0,922.0,922.0,922.0,922.0,,,,,,,,,,,,,,,,,,,,,,,,,,,,,,,,,,,,,0.2,-0.0926197182,0.0920573066,3.884620688801255,0.0890669367,0.0168979620999999,1.7424205689000003,1.7076137419
923,923,923.0,923.0,923.0,923.0,923.0,,,,,,,,,,,,,,,,,,,,,,,,,,,,,,,,,,,,,0.3,-0.0650677769,0.4529674341,3.743423671805021,0.1059648988,0.0454639640999999,1.7255226068000002,1.7076137419
924,924,924.0,924.0,924.0,924.0,924.0,,,,,,,,,,,,,,,,,,,,,,,,,,,,,,,,,,,,,0.4,-0.0038537199,0.7660957444,3.724045642301203,0.1514288629,0.0904791744,1.6800586427000002,1.7076137419
925,925,925.0,925.0,925.0,925.0,925.0,,,,,,,,,,,,,,,,,,,,,,,,,,,,,,,,,,,,,0.5,0.0870646919,1.0475818967,3.5699163192265053,0.2419080373,0.145822695,1.5895794683000002,1.7076137419
926,926,926.0,926.0,926.0,926.0,926.0,,,,,,,,,,,,,,,,,,,,,,,,,,,,,,,,,,,,,0.6,0.2040244787,1.2876137419,3.770020031023483,0.3877307323,0.213320815,1.4437567733,1.7076137419
927,927,927.0,927.0,927.0,927.0,927.0,,,,,,,,,,,,,,,,,,,,,,,,,,,,,,,,,,,,,0.7,0.3447942708,1.5238459529,4.076332155631061,0.6010515473,0.2984679005,1.2304359583,1.7076137419
928,928,928.0,928.0,928.0,928.0,928.0,,,,,,,,,,,,,,,,,,,,,,,,,,,,,,,,,,,,,0.8,0.5095261197,1.7667473196,4.288605851573602,0.8995194478,0.4029468665999999,0.9319680578,1.7076137419
929,929,929.0,929.0,929.0,929.0,929.0,,,,,,,,,,,,,,,,,,,,,,,,,,,,,,,,,,,,,0.9,0.6983995045,2.0067345199,4.540313894394979,1.3024663144,0.5290211912,0.5290211912,1.7076137419
930,930,930.0,930.0,930.0,930.0,930.0,,,,,,,,,,,,,,,,,,,,,,,,,,,,,,,,,,,,,0.0,0.0,-1.0,4.645955053161554,0.0,0.0662443993,1.9462022538,1.7648346954000005
931,931,931.0,931.0,931.0,931.0,931.0,,,,,,,,,,,,,,,,,,,,,,,,,,,,,,,,,,,,,0.1,-0.0726881595,-0.4627163352,5.567826110242387,0.0662443993,0.0219111689,1.8799578545,1.7648346954000005
932,932,932.0,932.0,932.0,932.0,932.0,,,,,,,,,,,,,,,,,,,,,,,,,,,,,,,,,,,,,0.2,-0.0897875416,0.111165658,3.652586936547293,0.0881555682,0.0162191968999999,1.8580466856,1.7648346954000005
933,933,933.0,933.0,933.0,933.0,933.0,,,,,,,,,,,,,,,,,,,,,,,,,,,,,,,,,,,,,0.3,-0.0615396647,0.4481764747,3.778347899543802,0.1043747651,0.0452406132999999,1.8418274887,1.7648346954000005
934,934,934.0,934.0,934.0,934.0,934.0,,,,,,,,,,,,,,,,,,,,,,,,,,,,,,,,,,,,,0.4,-0.000612585,0.765084185,3.845483114426947,0.1496153784,0.091918687,1.7965868754,1.7648346954000005
935,935,935.0,935.0,935.0,935.0,935.0,,,,,,,,,,,,,,,,,,,,,,,,,,,,,,,,,,,,,0.5,0.0907970125,1.0582228989,3.8770080737174593,0.2415340654,0.1531351182999999,1.7046681884,1.7648346954000005
936,936,936.0,936.0,936.0,936.0,936.0,,,,,,,,,,,,,,,,,,,,,,,,,,,,,,,,,,,,,0.6,0.2102549578,1.3264657609,4.04149211969495,0.3946691837,0.2293150998,1.5515330701,1.7648346954000005
937,937,937.0,937.0,937.0,937.0,937.0,,,,,,,,,,,,,,,,,,,,,,,,,,,,,,,,,,,,,0.7,0.3560352354,1.5848346954,4.20912353654853,0.6239842835,0.321963358,1.3222179703,1.7648346954000005
938,938,938.0,938.0,938.0,938.0,938.0,,,,,,,,,,,,,,,,,,,,,,,,,,,,,,,,,,,,,0.8,0.5272133091,1.8345689752,4.397440773928151,0.9459476415,0.4329029926,1.0002546123,1.7648346954000005
939,939,939.0,939.0,939.0,939.0,939.0,,,,,,,,,,,,,,,,,,,,,,,,,,,,,,,,,,,,,0.9,0.7230675664,2.0784587953,4.698376312572459,1.3788506341,0.5673516196999999,0.5673516196999999,1.7648346954000005
940,940,940.0,940.0,940.0,940.0,940.0,,,,,,,,,,,,,,,,,,,,,,,,,,,,,,,,,,,,,0.0,0.0,-1.0,4.4188724544944495,0.0,0.066638936,1.8709736913,1.7274957674000002
941,941,941.0,941.0,941.0,941.0,941.0,,,,,,,,,,,,,,,,,,,,,,,,,,,,,,,,,,,,,0.1,-0.073786653,-0.4843261015,5.556104755880055,0.066638936,0.0226605983,1.8043347553,1.7274957674000002
942,942,942.0,942.0,942.0,942.0,942.0,,,,,,,,,,,,,,,,,,,,,,,,,,,,,,,,,,,,,0.2,-0.0929991774,0.0904968985,3.764068015286675,0.0892995343,0.0159824327,1.781674157,1.7274957674000002
943,943,943.0,943.0,943.0,943.0,943.0,,,,,,,,,,,,,,,,,,,,,,,,,,,,,,,,,,,,,0.3,-0.0661788923,0.4400834149,3.5140142495557365,0.105281967,0.0417360833999999,1.7656917243,1.7274957674000002
944,944,944.0,944.0,944.0,944.0,944.0,,,,,,,,,,,,,,,,,,,,,,,,,,,,,,,,,,,,,0.4,-0.0073006609,0.7326066084,3.76619624862856,0.1470180504,0.085294383,1.7239556409,1.7274957674000002
945,945,945.0,945.0,945.0,945.0,945.0,,,,,,,,,,,,,,,,,,,,,,,,,,,,,,,,,,,,,0.5,0.0806347834,1.021290789,3.861083225367139,0.2323124334,0.1442827577,1.6386612579,1.7274957674000002
946,946,946.0,946.0,946.0,946.0,946.0,,,,,,,,,,,,,,,,,,,,,,,,,,,,,,,,,,,,,0.6,0.1965011353,1.2915327597,3.9812768552712976,0.3765951911,0.217794333,1.4943785001999998,1.7274957674000002
947,947,947.0,947.0,947.0,947.0,947.0,,,,,,,,,,,,,,,,,,,,,,,,,,,,,,,,,,,,,0.7,0.3386658131,1.5474957674,4.219983956864741,0.5943895241,0.3085085793,1.2765841671999998,1.7274957674000002
948,948,948.0,948.0,948.0,948.0,948.0,,,,,,,,,,,,,,,,,,,,,,,,,,,,,,,,,,,,,0.8,0.506343156,1.8018168202,4.400132240716931,0.9028981034,0.4181097478000001,0.9680755879,1.7274957674000002
949,949,949.0,949.0,949.0,949.0,949.0,,,,,,,,,,,,,,,,,,,,,,,,,,,,,,,,,,,,,0.9,0.6990936596,2.0490795406,4.661384462319393,1.3210078512,0.5499658400999998,0.5499658400999998,1.7274957674000002
950,950,950.0,950.0,950.0,950.0,950.0,,,,,,,,,,,,,,,,,,,,,,,,,,,,,,,,,,,,,0.0,0.0,-1.0,4.440813981698732,0.0,0.0665971688,1.8679949128,1.7300814433
951,951,951.0,951.0,951.0,951.0,951.0,,,,,,,,,,,,,,,,,,,,,,,,,,,,,,,,,,,,,0.1,-0.0736805127,-0.4822380892,5.3641465650725975,0.0665971688,0.021726284,1.801397744,1.7300814433
952,952,952.0,952.0,952.0,952.0,952.0,,,,,,,,,,,,,,,,,,,,,,,,,,,,,,,,,,,,,0.2,-0.0936229185,0.0741189732,3.954852549161632,0.0883234528,0.0165180478,1.77967146,1.7300814433
953,953,953.0,953.0,953.0,953.0,953.0,,,,,,,,,,,,,,,,,,,,,,,,,,,,,,,,,,,,,0.3,-0.0674382904,0.4434196,3.6198079948646313,0.1048415006,0.0431533007999999,1.7631534122,1.7300814433
954,954,954.0,954.0,954.0,954.0,954.0,,,,,,,,,,,,,,,,,,,,,,,,,,,,,,,,,,,,,0.4,-0.0077308105,0.7456929196,3.669800509047624,0.1479948014,0.086264398,1.7200001114,1.7300814433
955,955,955.0,955.0,955.0,955.0,955.0,,,,,,,,,,,,,,,,,,,,,,,,,,,,,,,,,,,,,0.5,0.0809836538,1.0239585062,3.88508753515017,0.2342591994,0.1452584891,1.6337357134,1.7300814433
956,956,956.0,956.0,956.0,956.0,956.0,,,,,,,,,,,,,,,,,,,,,,,,,,,,,,,,,,,,,0.6,0.1972199916,1.2962309219,3.963776313850155,0.3795176885,0.2187973186999999,1.4884772243,1.7300814433
957,957,957.0,957.0,957.0,957.0,957.0,,,,,,,,,,,,,,,,,,,,,,,,,,,,,,,,,,,,,0.7,0.3397471016,1.5500814433,4.1558561583957125,0.5983150072,0.3080909192,1.2696799056,1.7300814433
958,958,958.0,958.0,958.0,958.0,958.0,,,,,,,,,,,,,,,,,,,,,,,,,,,,,,,,,,,,,0.8,0.5073602962,1.7980538646,4.2648921256584735,0.9064059264,0.4136515164000001,0.9615889864,1.7300814433
959,959,959.0,959.0,959.0,959.0,959.0,,,,,,,,,,,,,,,,,,,,,,,,,,,,,,,,,,,,,0.9,0.6990986191,2.0328047541,4.84371059502122,1.3200574428,0.5479374699999999,0.5479374699999999,1.7300814433
960,960,960.0,960.0,960.0,960.0,,,,,,,,,,,,,,,,,,,,,,,,,,,,,,,,,,,,,,0.0,0.0,-1.0,3.825815517359153,0.0,0.0680632416,0.176256244,0.2410607772999999
961,961,961.0,961.0,961.0,961.0,,,,,,,,,,,,,,,,,,,,,,,,,,,,,,,,,,,,,,0.1,-0.0766555159,-0.5407629324,1.714365522780338,0.0680632416,0.0215034682999999,0.1081930024,0.2410607772999999
962,962,962.0,962.0,962.0,962.0,,,,,,,,,,,,,,,,,,,,,,,,,,,,,,,,,,,,,,0.2,-0.1198228105,-0.3261590855,0.2741094079944498,0.0895667099,0.0107268352,0.0866895341,0.2410607772999999
963,963,963.0,963.0,963.0,963.0,,,,,,,,,,,,,,,,,,,,,,,,,,,,,,,,,,,,,,0.3,-0.1495349669,-0.2690359883,-0.2050300816021956,0.1002935451,0.0097527633999999,0.0759626989,0.2410607772999999
964,964,964.0,964.0,964.0,964.0,,,,,,,,,,,,,,,,,,,,,,,,,,,,,,,,,,,,,,0.4,-0.1761289663,-0.2629449971,-0.2208512931527974,0.1100463085,0.0104176014999999,0.0662099355,0.2410607772999999
965,965,965.0,965.0,965.0,965.0,,,,,,,,,,,,,,,,,,,,,,,,,,,,,,,,,,,,,,0.5,-0.20221987,-0.2589392227,0.0897050694035679,0.12046391,0.0104834897,0.055792334,0.2410607772999999
966,966,966.0,966.0,966.0,966.0,,,,,,,,,,,,,,,,,,,,,,,,,,,,,,,,,,,,,,0.6,-0.2264273632,-0.2257612226,-0.03804090467085,0.1309473997,0.0103388939,0.0453088443,0.2410607772999999
967,967,967.0,967.0,967.0,967.0,,,,,,,,,,,,,,,,,,,,,,,,,,,,,,,,,,,,,,0.7,-0.2480956215,-0.2078970547,-0.1973044449962364,0.1412862936,0.0110050476999999,0.0349699504,0.2410607772999999
968,968,968.0,968.0,968.0,968.0,,,,,,,,,,,,,,,,,,,,,,,,,,,,,,,,,,,,,,0.8,-0.2688341207,-0.206889,-0.0492446384148985,0.1522913413,0.0117569611,0.0239649027,0.2410607772999999
969,969,969.0,969.0,969.0,969.0,,,,,,,,,,,,,,,,,,,,,,,,,,,,,,,,,,,,,,0.9,-0.2887607465,-0.191886838,0.0082963504984116,0.1640483024,0.0122079415999999,0.0122079415999999,0.2410607772999999
970,970,970.0,970.0,970.0,970.0,,,,,,,,,,,,,,,,,,,,,,,,,,,,,,,,,,,,,,0.0,0.0,-1.0,3.7231036186332913,0.0,0.0683675844,0.1836371146,0.2370831805
971,971,971.0,971.0,971.0,971.0,,,,,,,,,,,,,,,,,,,,,,,,,,,,,,,,,,,,,,0.1,-0.0771523714,-0.5505372667,1.6361109094905486,0.0683675844,0.0225194222,0.1152695302,0.2370831805
972,972,972.0,972.0,972.0,972.0,,,,,,,,,,,,,,,,,,,,,,,,,,,,,,,,,,,,,,0.2,-0.121628365,-0.3424501822,0.195958910660044,0.0908870066,0.0119615223999999,0.092750108,0.2370831805
973,973,973.0,973.0,973.0,973.0,,,,,,,,,,,,,,,,,,,,,,,,,,,,,,,,,,,,,,0.3,-0.1532688703,-0.2912137858,-0.1176420675156969,0.102848529,0.0108216761,0.0807885856,0.2370831805
974,974,974.0,974.0,974.0,974.0,,,,,,,,,,,,,,,,,,,,,,,,,,,,,,,,,,,,,,0.4,-0.1815506379,-0.274696225,-0.1509150634917601,0.1136702051,0.0110448905,0.0699669095,0.2370831805
975,975,975.0,975.0,975.0,975.0,,,,,,,,,,,,,,,,,,,,,,,,,,,,,,,,,,,,,,0.5,-0.2084215497,-0.2629168195,0.0915991793280126,0.1247150956,0.0109427029999999,0.058922019,0.2370831805
976,976,976.0,976.0,976.0,976.0,,,,,,,,,,,,,,,,,,,,,,,,,,,,,,,,,,,,,,0.6,-0.2329984024,-0.2291800489,-0.0472754227691972,0.1356577986,0.0108261195,0.047979316,0.2370831805
977,977,977.0,977.0,977.0,977.0,,,,,,,,,,,,,,,,,,,,,,,,,,,,,,,,,,,,,,0.7,-0.2550366819,-0.2118693117,-0.1744692863947756,0.1464839181,0.0114845386,0.0371531965,0.2370831805
978,978,978.0,978.0,978.0,978.0,,,,,,,,,,,,,,,,,,,,,,,,,,,,,,,,,,,,,,0.8,-0.2760428111,-0.2083101111,-0.1989914300575406,0.1579684567,0.0125492759999999,0.0256686579,0.2370831805
979,979,979.0,979.0,979.0,979.0,,,,,,,,,,,,,,,,,,,,,,,,,,,,,,,,,,,,,,0.9,-0.2968287785,-0.2074232867,0.1055654754998294,0.1705177327,0.0131193819,0.0131193819,0.2370831805
980,980,980.0,980.0,980.0,980.0,,,,,,,,,,,,,,,,,,,,,,,,,,,,,,,,,,,,,,0.0,0.0,-1.0,3.961129968521522,0.0,0.067688097,0.1766721139,0.2483871100999999
981,981,981.0,981.0,981.0,981.0,,,,,,,,,,,,,,,,,,,,,,,,,,,,,,,,,,,,,,0.1,-0.0760009434,-0.5278860598,1.443109928697023,0.067688097,0.0210430009999999,0.1089840169,0.2483871100999999
982,982,982.0,982.0,982.0,982.0,,,,,,,,,,,,,,,,,,,,,,,,,,,,,,,,,,,,,,0.2,-0.1192550157,-0.3403209946,0.3269460141067644,0.088731098,0.0114113991,0.0879410159,0.2483871100999999
983,983,983.0,983.0,983.0,983.0,,,,,,,,,,,,,,,,,,,,,,,,,,,,,,,,,,,,,,0.3,-0.1500592608,-0.276822148,-0.131828692358756,0.1001424971,0.0099746601999999,0.0765296168,0.2483871100999999
984,984,984.0,984.0,984.0,984.0,,,,,,,,,,,,,,,,,,,,,,,,,,,,,,,,,,,,,,0.4,-0.1770401191,-0.263024159,-0.1431115409987926,0.1101171573,0.0102432175999999,0.0665549566,0.2483871100999999
985,985,985.0,985.0,985.0,985.0,,,,,,,,,,,,,,,,,,,,,,,,,,,,,,,,,,,,,,0.5,-0.2027625423,-0.2516128899,-0.1965014558654857,0.1203603749,0.0108557388,0.056311739,0.2483871100999999
986,986,986.0,986.0,986.0,986.0,,,,,,,,,,,,,,,,,,,,,,,,,,,,,,,,,,,,,,0.6,-0.2276572974,-0.2463682804,0.1038362332614778,0.1312161137,0.0110144128,0.0454560002,0.2483871100999999
987,987,987.0,987.0,987.0,987.0,,,,,,,,,,,,,,,,,,,,,,,,,,,,,,,,,,,,,,0.7,-0.2506001768,-0.2130417776,0.0107392736206388,0.1422305265,0.0109028531999999,0.0344415874,0.2483871100999999
988,988,988.0,988.0,988.0,988.0,,,,,,,,,,,,,,,,,,,,,,,,,,,,,,,,,,,,,,0.8,-0.2708220689,-0.1917459582,-0.1320132664603936,0.1531333797,0.0114364178,0.0235387342,0.2483871100999999
989,989,989.0,989.0,989.0,989.0,,,,,,,,,,,,,,,,,,,,,,,,,,,,,,,,,,,,,,0.9,-0.2897079451,-0.1860614087,-0.0217568604571041,0.1645697975,0.0121023164,0.0121023164,0.2483871100999999
990,990,990.0,990.0,990.0,990.0,,,,,,,,,,,,,,,,,,,,,,,,,,,,,,,,,,,,,,0.0,0.0,-1.0,3.721294839561763,0.0,0.068373101,0.181619317,0.2402736408
991,991,991.0,991.0,991.0,991.0,,,,,,,,,,,,,,,,,,,,,,,,,,,,,,,,,,,,,,0.1,-0.0771611213,-0.5507093948,1.6611503445001587,0.068373101,0.0224754517999999,0.113246216,0.2402736408
992,992,992.0,992.0,992.0,992.0,,,,,,,,,,,,,,,,,,,,,,,,,,,,,,,,,,,,,,0.2,-0.1215323687,-0.3402231129,0.2905524510612056,0.0908485528,0.0115632739999999,0.0907707642,0.2402736408
993,993,993.0,993.0,993.0,993.0,,,,,,,,,,,,,,,,,,,,,,,,,,,,,,,,,,,,,,0.3,-0.1525033515,-0.280196885,-0.1295774636984232,0.1024118268,0.0102289207,0.0792074902,0.2402736408
994,994,994.0,994.0,994.0,994.0,,,,,,,,,,,,,,,,,,,,,,,,,,,,,,,,,,,,,,0.4,-0.1797944696,-0.2658635133,-0.2013727236659781,0.1126407475,0.0106541284,0.0689785695,0.2402736408
995,995,995.0,995.0,995.0,995.0,,,,,,,,,,,,,,,,,,,,,,,,,,,,,,,,,,,,,,0.5,-0.206068896,-0.2597263592,-0.1309185630596665,0.1232948759,0.0112306873,0.0583244411,0.2402736408
996,996,996.0,996.0,996.0,996.0,,,,,,,,,,,,,,,,,,,,,,,,,,,,,,,,,,,,,,0.6,-0.2314185523,-0.2474685593,0.0134891759415642,0.1345255632,0.0114480140999999,0.0470937538,0.2402736408
997,997,997.0,997.0,997.0,997.0,,,,,,,,,,,,,,,,,,,,,,,,,,,,,,,,,,,,,,0.7,-0.2549032265,-0.2226349674,0.0674567099992477,0.1459735773,0.0114162884,0.0356457397,0.2402736408
998,998,998.0,998.0,998.0,998.0,,,,,,,,,,,,,,,,,,,,,,,,,,,,,,,,,,,,,,0.8,-0.2757636177,-0.1950289052,-0.0782438181224667,0.1573898657,0.0117348215,0.0242294513,0.2402736408
999,999,999.0,999.0,999.0,999.0,,,,,,,,,,,,,,,,,,,,,,,,,,,,,,,,,,,,,,0.9,-0.2947018972,-0.1839150076,-0.1125090982991937,0.1691246872,0.0124946297999999,0.0124946297999999,0.2402736408
1000,1000,1000.0,1000.0,1000.0,1000.0,,,,,,,,,,,,,,,,,,,,,,,,,,,,,,,,,,,,,,0.0,0.0,-1.0,3.739108767892029,0.0,0.0683192184,0.180255785,0.2678473979
1001,1001,1001.0,1001.0,1001.0,1001.0,,,,,,,,,,,,,,,,,,,,,,,,,,,,,,,,,,,,,,0.1,-0.0770749526,-0.5490141706,1.46966597676169,0.0683192184,0.0228022009,0.1119365666,0.2678473979
1002,1002,1002.0,1002.0,1002.0,1002.0,,,,,,,,,,,,,,,,,,,,,,,,,,,,,,,,,,,,,,0.2,-0.1222111681,-0.3569113575,0.1805701904538656,0.0911214193,0.0129345546999999,0.0891343657,0.2678473979
1003,1003,1003.0,1003.0,1003.0,1003.0,,,,,,,,,,,,,,,,,,,,,,,,,,,,,,,,,,,,,,0.3,-0.1553022772,-0.3057632293,0.1115616436382185,0.104055974,0.0110685541,0.076199811,0.2678473979
1004,1004,1004.0,1004.0,1004.0,1004.0,,,,,,,,,,,,,,,,,,,,,,,,,,,,,,,,,,,,,,0.4,-0.1838598718,-0.2660494704,0.0901490067931519,0.1151245281,0.0100744904999999,0.0651312569,0.2678473979
1005,1005,1005.0,1005.0,1005.0,1005.0,,,,,,,,,,,,,,,,,,,,,,,,,,,,,,,,,,,,,,0.5,-0.2087418393,-0.2321526021,-0.1387513434193751,0.1251990186,0.0100452444,0.0550567664,0.2678473979
1006,1006,1006.0,1006.0,1006.0,1006.0,,,,,,,,,,,,,,,,,,,,,,,,,,,,,,,,,,,,,,0.6,-0.2315054176,-0.2232641582,0.058680488987773,0.135244263,0.0102724080999999,0.045011522,0.2678473979
1007,1007,1007.0,1007.0,1007.0,1007.0,,,,,,,,,,,,,,,,,,,,,,,,,,,,,,,,,,,,,,0.7,-0.2524681307,-0.1964333962,-0.2207629259931893,0.1455166711,0.0108146752,0.0347391139,0.2678473979
1008,1008,1008.0,1008.0,1008.0,1008.0,,,,,,,,,,,,,,,,,,,,,,,,,,,,,,,,,,,,,,0.8,-0.2722290676,-0.1987487519,-0.1116635312146043,0.1563313463,0.0117484656999999,0.0239244386999999,0.2678473979
1009,1009,1009.0,1009.0,1009.0,1009.0,,,,,,,,,,,,,,,,,,,,,,,,,,,,,,,,,,,,,,0.9,-0.2916829581,-0.1904612145,0.0965425503226057,0.168079812,0.012175973,0.012175973,0.2678473979
1010,1010,1010.0,1010.0,1010.0,1010.0,,,,,,,,,,,,,,,,,,,,,,,,,,,,,,,,,,,,,,0.0,0.0,-1.0,3.936063630991218,0.0,0.0677553524,0.1786632005,0.2611487583
1011,1011,1011.0,1011.0,1011.0,1011.0,,,,,,,,,,,,,,,,,,,,,,,,,,,,,,,,,,,,,,0.1,-0.0761221997,-0.5302714372,1.3437499048982813,0.0677553524,0.0215020215,0.1109078481,0.2611487583
1012,1012,1012.0,1012.0,1012.0,1012.0,,,,,,,,,,,,,,,,,,,,,,,,,,,,,,,,,,,,,,0.2,-0.1200839166,-0.3519347298,0.3642555321100945,0.0892573739,0.0120442524999999,0.0894058266,0.2611487583
1013,1013,1013.0,1013.0,1013.0,1013.0,,,,,,,,,,,,,,,,,,,,,,,,,,,,,,,,,,,,,,0.3,-0.1518128708,-0.2837802224,-0.1245200122495662,0.1013016264,0.010384945,0.0773615741,0.2611487583
1014,1014,1014.0,1014.0,1014.0,1014.0,,,,,,,,,,,,,,,,,,,,,,,,,,,,,,,,,,,,,,0.4,-0.1794205185,-0.2686245759,0.0442426104142431,0.1116865714,0.0101391124999999,0.0669766291,0.2611487583
1015,1015,1015.0,1015.0,1015.0,1015.0,,,,,,,,,,,,,,,,,,,,,,,,,,,,,,,,,,,,,,0.5,-0.2047695917,-0.2388512417,-0.2225355230702635,0.1218256839,0.0103923098999999,0.0568375166,0.2611487583
1016,1016,1016.0,1016.0,1016.0,1016.0,,,,,,,,,,,,,,,,,,,,,,,,,,,,,,,,,,,,,,0.6,-0.2285758139,-0.2372985718,-0.1162678570024566,0.1322179938,0.011140885,0.0464452067,0.2611487583
1017,1017,1017.0,1017.0,1017.0,1017.0,,,,,,,,,,,,,,,,,,,,,,,,,,,,,,,,,,,,,,0.7,-0.2517203723,-0.2257807991,0.1407406007933236,0.1433588788,0.0112383567999999,0.0353043217,0.2611487583
1018,1018,1018.0,1018.0,1018.0,1018.0,,,,,,,,,,,,,,,,,,,,,,,,,,,,,,,,,,,,,,0.8,-0.2725255636,-0.1909015477,-0.1741029860877215,0.1545972356,0.01158675,0.0240659649,0.2611487583
1019,1019,1019.0,1019.0,1019.0,1019.0,,,,,,,,,,,,,,,,,,,,,,,,,,,,,,,,,,,,,,0.9,-0.2915345301,-0.1893028799,-0.0986324807128164,0.1661839856,0.0124792149,0.0124792149,0.2611487583
1020,1020,1020.0,1020.0,1020.0,,,,,,,,,,,,,,,,,,,,,,,,,,,,,,,,,,,,,,,0.0,0.0,-1.0,6.498389569165543,0.0,0.066145825,1.9667066815,1.8238131139
1021,1021,1021.0,1021.0,1021.0,,,,,,,,,,,,,,,,,,,,,,,,,,,,,,,,,,,,,,,0.1,-0.0637271548,-0.2864338883,4.140279159323043,0.066145825,0.0110749344999999,1.9005608565,1.8238131139
1022,1022,1022.0,1022.0,1022.0,,,,,,,,,,,,,,,,,,,,,,,,,,,,,,,,,,,,,,,0.2,-0.0709566836,0.1348235564,4.013887295596375,0.0772207595,0.0199343787,1.889485922,1.8238131139
1023,1023,1023.0,1023.0,1023.0,,,,,,,,,,,,,,,,,,,,,,,,,,,,,,,,,,,,,,,0.3,-0.0387097315,0.503965334,4.176828413354766,0.0971551382,0.0562488454999999,1.8695515433,1.8238131139
1024,1024,1024.0,1024.0,1024.0,,,,,,,,,,,,,,,,,,,,,,,,,,,,,,,,,,,,,,,0.4,0.02945391,0.8534845338,4.038839241761647,0.1534039837,0.1111249285,1.8133026978,1.8238131139
1025,1025,1025.0,1025.0,1025.0,,,,,,,,,,,,,,,,,,,,,,,,,,,,,,,,,,,,,,,0.5,0.1302111976,1.1566111703,3.754291304930285,0.2645289122,0.1758123654999999,1.7021777693,1.8238131139
1026,1026,1026.0,1026.0,1026.0,,,,,,,,,,,,,,,,,,,,,,,,,,,,,,,,,,,,,,,0.6,0.2584383845,1.4038131139,3.6952338559109417,0.4403412777,0.2478803154,1.5263654038,1.8238131139
1027,1027,1027.0,1027.0,1027.0,,,,,,,,,,,,,,,,,,,,,,,,,,,,,,,,,,,,,,,0.7,0.4099042237,1.6218706603,3.839842425693501,0.6882215931,0.3314575543,1.2784850884,1.8238131139
1028,1028,1028.0,1028.0,1028.0,,,,,,,,,,,,,,,,,,,,,,,,,,,,,,,,,,,,,,,0.8,0.5828204357,1.8329386908,3.613842028489665,1.0196791474,0.4212501334,0.9470275341,1.8238131139
1029,1029,1029.0,1029.0,1029.0,,,,,,,,,,,,,,,,,,,,,,,,,,,,,,,,,,,,,,,0.9,0.7747290497,2.0024142797,3.975862550664884,1.4409292808,0.5257774007,0.5257774007,1.8238131139
1030,1030,1030.0,1030.0,1030.0,,,,,,,,,,,,,,,,,,,,,,,,,,,,,,,,,,,,,,,0.0,0.0,-1.0,6.500977576513729,0.0,0.0661495757,1.9986564726,1.8598238599
1031,1031,1031.0,1031.0,1031.0,,,,,,,,,,,,,,,,,,,,,,,,,,,,,,,,,,,,,,,0.1,-0.0637146355,-0.2861876068,4.134867391203537,0.0661495757,0.0110489401,1.9325068969000003,1.8598238599
1032,1032,1032.0,1032.0,1032.0,,,,,,,,,,,,,,,,,,,,,,,,,,,,,,,,,,,,,,,0.2,-0.0709469065,0.1345314033,4.338851148730787,0.0771985158,0.0225044212999999,1.9214579568000003,1.8598238599
1033,1033,1033.0,1033.0,1033.0,,,,,,,,,,,,,,,,,,,,,,,,,,,,,,,,,,,,,,,0.3,-0.0371557508,0.5346253624,4.126255716024766,0.0997029371,0.0597091342999999,1.8989535355,1.8598238599
1034,1034,1034.0,1034.0,1034.0,,,,,,,,,,,,,,,,,,,,,,,,,,,,,,,,,,,,,,,0.4,0.0336809705,0.8764142127,4.13594674891788,0.1594120714,0.1170648286999999,1.8392444012,1.8598238599
1035,1035,1035.0,1035.0,1035.0,,,,,,,,,,,,,,,,,,,,,,,,,,,,,,,,,,,,,,,0.5,0.1370899981,1.18659986,3.847561739283884,0.2764769001,0.1851174975,1.7221795725000002,1.8598238599
1036,1036,1036.0,1036.0,1036.0,,,,,,,,,,,,,,,,,,,,,,,,,,,,,,,,,,,,,,,0.6,0.2686221721,1.4398238599,3.509307544308555,0.4615943976,0.2556505176,1.537062075,1.8598238599
1037,1037,1037.0,1037.0,1037.0,,,,,,,,,,,,,,,,,,,,,,,,,,,,,,,,,,,,,,,0.7,0.4226154858,1.6367613007,3.5408946004858466,0.7172449152,0.3314532750000001,1.2814115574,1.8598238599
1038,1038,1038.0,1038.0,1038.0,,,,,,,,,,,,,,,,,,,,,,,,,,,,,,,,,,,,,,,0.8,0.5955025912,1.8179636554,3.8143592924000376,1.0486981902,0.4219898425999999,0.9499582824,1.8598238599
1039,1039,1039.0,1039.0,1039.0,,,,,,,,,,,,,,,,,,,,,,,,,,,,,,,,,,,,,,,0.9,0.7869560443,2.0079461315,3.886119094146608,1.4706880328,0.5279684398,0.5279684398,1.8598238599
1040,1040,1040.0,1040.0,1040.0,,,,,,,,,,,,,,,,,,,,,,,,,,,,,,,,,,,,,,,0.0,0.0,-1.0,6.473862105646659,0.0,0.0661108161,2.0147271191,1.8387897762
1041,1041,1041.0,1041.0,1041.0,,,,,,,,,,,,,,,,,,,,,,,,,,,,,,,,,,,,,,,0.1,-0.0638458044,-0.288767985,4.431887066379075,0.0661108161,0.0123666928,1.948616303,1.8387897762
1042,1042,1042.0,1042.0,1042.0,,,,,,,,,,,,,,,,,,,,,,,,,,,,,,,,,,,,,,,0.2,-0.0698868547,0.1604617719,4.3743578211205945,0.0784775089,0.0244931266999999,1.9362496102,1.8387897762
1043,1043,1043.0,1043.0,1043.0,,,,,,,,,,,,,,,,,,,,,,,,,,,,,,,,,,,,,,,0.3,-0.0334563008,0.5614670001,4.027038189440283,0.1029706356,0.0622194990999999,1.9117564835,1.8387897762
1044,1044,1044.0,1044.0,1044.0,,,,,,,,,,,,,,,,,,,,,,,,,,,,,,,,,,,,,,,0.4,0.0394548073,0.8912597109,3.917786608483496,0.1651901347,0.1169223784,1.8495369844,1.8387897762
1045,1045,1045.0,1045.0,1045.0,,,,,,,,,,,,,,,,,,,,,,,,,,,,,,,,,,,,,,,0.5,0.1432212055,1.1792719736,3.6962045482598977,0.2821125131,0.1809722213999999,1.7326146059999998,1.8387897762
1046,1046,1046.0,1046.0,1046.0,,,,,,,,,,,,,,,,,,,,,,,,,,,,,,,,,,,,,,,0.6,0.2733238577,1.4187897762,3.7421698880145926,0.4630847345,0.254170062,1.5516423845999998,1.8387897762
1047,1047,1047.0,1047.0,1047.0,,,,,,,,,,,,,,,,,,,,,,,,,,,,,,,,,,,,,,,0.7,0.426441959,1.6398886637,3.755405840183512,0.7172547965,0.3373798753999999,1.2974723225999998,1.8387897762
1048,1048,1048.0,1048.0,1048.0,,,,,,,,,,,,,,,,,,,,,,,,,,,,,,,,,,,,,,,0.8,0.600664344,1.8412068627,3.720674938190625,1.0546346719,0.4292230599,0.9600924472,1.8387897762
1049,1049,1049.0,1049.0,1049.0,,,,,,,,,,,,,,,,,,,,,,,,,,,,,,,,,,,,,,,0.9,0.7938765301,2.0200621704,3.753183968735785,1.4838577318,0.5308693872999999,0.5308693872999999,1.8387897762
1050,1050,1050.0,1050.0,1050.0,,,,,,,,,,,,,,,,,,,,,,,,,,,,,,,,,,,,,,,0.0,0.0,-1.0,6.3171325989500895,0.0,0.0659101201,1.9802166833,1.8312481594
1051,1051,1051.0,1051.0,1051.0,,,,,,,,,,,,,,,,,,,,,,,,,,,,,,,,,,,,,,,0.1,-0.0646039706,-0.3036827696,4.407139862470485,0.0659101201,0.0124815532,1.9143065632,1.8312481594
1052,1052,1052.0,1052.0,1052.0,,,,,,,,,,,,,,,,,,,,,,,,,,,,,,,,,,,,,,,0.2,-0.0721840306,0.1446112768,4.14485398159473,0.0783916733,0.0215811963999999,1.90182501,1.8312481594
1053,1053,1053.0,1053.0,1053.0,,,,,,,,,,,,,,,,,,,,,,,,,,,,,,,,,,,,,,,0.3,-0.0383720568,0.5252847011,4.384673072746271,0.0999728697,0.0614744047,1.8802438136,1.8312481594
1054,1054,1054.0,1054.0,1054.0,,,,,,,,,,,,,,,,,,,,,,,,,,,,,,,,,,,,,,,0.4,0.032825828,0.8925541236,3.777775264076601,0.1614472744,0.1150561584,1.8187694089,1.8312481594
1055,1055,1055.0,1055.0,1055.0,,,,,,,,,,,,,,,,,,,,,,,,,,,,,,,,,,,,,,,0.5,0.1360381752,1.1671193028,3.732506374453336,0.2765034328,0.1782686368,1.7037132504999997,1.8312481594
1056,1056,1056.0,1056.0,1056.0,,,,,,,,,,,,,,,,,,,,,,,,,,,,,,,,,,,,,,,0.6,0.265159956,1.4112481594,3.613552619978188,0.4547720696,0.2489664879,1.5254446136999995,1.8312481594
1057,1057,1057.0,1057.0,1057.0,,,,,,,,,,,,,,,,,,,,,,,,,,,,,,,,,,,,,,,0.7,0.4169382065,1.6208251709,3.807525794488247,0.7037385575,0.3311292417999999,1.2764781257999998,1.8312481594
1058,1058,1058.0,1058.0,1058.0,,,,,,,,,,,,,,,,,,,,,,,,,,,,,,,,,,,,,,,0.8,0.5895985855,1.8289173713,3.672056641027896,1.0348677993,0.4220003968000001,0.945348884,1.8312481594
1059,1059,1059.0,1059.0,1059.0,,,,,,,,,,,,,,,,,,,,,,,,,,,,,,,,,,,,,,,0.9,0.7814061055,2.0043155155,3.798823163310574,1.4568681961,0.5233484871999998,0.5233484871999998,1.8312481594
1060,1060,1060.0,1060.0,1060.0,,,,,,,,,,,,,,,,,,,,,,,,,,,,,,,,,,,,,,,0.0,0.0,-1.0,6.442430195032329,0.0,0.066067377,1.9816039611000005,1.8332307284
1061,1061,1061.0,1061.0,1061.0,,,,,,,,,,,,,,,,,,,,,,,,,,,,,,,,,,,,,,,0.1,-0.0639978537,-0.2917591268,4.360738571736883,0.066067377,0.012091258,1.9155365841000005,1.8332307284
1062,1062,1062.0,1062.0,1062.0,,,,,,,,,,,,,,,,,,,,,,,,,,,,,,,,,,,,,,,0.2,-0.0706676916,0.1509845683,4.303843562147008,0.078158635,0.0232727574999999,1.9034453261,1.8332307284
1063,1063,1063.0,1063.0,1063.0,,,,,,,,,,,,,,,,,,,,,,,,,,,,,,,,,,,,,,,0.3,-0.0354801198,0.5461813527,4.036079928865548,0.1014313925,0.0602303577999999,1.8801725686,1.8332307284
1064,1064,1064.0,1064.0,1064.0,,,,,,,,,,,,,,,,,,,,,,,,,,,,,,,,,,,,,,,0.4,0.0360200885,0.8782891373,3.902967065449761,0.1616617503,0.1140968726,1.8199422108,1.8332307284
1065,1065,1065.0,1065.0,1065.0,,,,,,,,,,,,,,,,,,,,,,,,,,,,,,,,,,,,,,,0.5,0.1384805079,1.1661254244,3.762789983790129,0.2757586229,0.1786261535999999,1.7058453382,1.8332307284
1066,1066,1066.0,1066.0,1066.0,,,,,,,,,,,,,,,,,,,,,,,,,,,,,,,,,,,,,,,0.6,0.2676542023,1.4132307284,3.660936823919436,0.4543847765,0.2506071122,1.5272191846,1.8332307284
1067,1067,1067.0,1067.0,1067.0,,,,,,,,,,,,,,,,,,,,,,,,,,,,,,,,,,,,,,,0.7,0.4198503352,1.6271282779,3.6638471985179017,0.7049918887,0.3305158303,1.2766120724,1.8332307284
1068,1068,1068.0,1068.0,1068.0,,,,,,,,,,,,,,,,,,,,,,,,,,,,,,,,,,,,,,,0.8,0.5924155072,1.8209478258,3.752400244167323,1.035507719,0.4212568620000001,0.9460962421,1.8332307284
1069,1069,1069.0,1069.0,1069.0,,,,,,,,,,,,,,,,,,,,,,,,,,,,,,,,,,,,,,,0.9,0.783853254,2.0047501034,3.834561675194588,1.456764581,0.5248393801,0.5248393801,1.8332307284
1070,1070,1070.0,1070.0,1070.0,,,,,,,,,,,,,,,,,,,,,,,,,,,,,,,,,,,,,,,0.0,0.0,-1.0,6.125927174535653,0.0,0.0657191486,1.8922427508,1.7911835926
1071,1071,1071.0,1071.0,1071.0,,,,,,,,,,,,,,,,,,,,,,,,,,,,,,,,,,,,,,,0.1,-0.0655289098,-0.3218783727,4.298974582482142,0.0657191486,0.0123692903,1.8265236022,1.7911835926
1072,1072,1072.0,1072.0,1072.0,,,,,,,,,,,,,,,,,,,,,,,,,,,,,,,,,,,,,,,0.2,-0.075363751,0.1178539267,4.090361168281175,0.0780884389,0.0195729640999999,1.8141543119,1.7911835926
1073,1073,1073.0,1073.0,1073.0,,,,,,,,,,,,,,,,,,,,,,,,,,,,,,,,,,,,,,,0.3,-0.0443617022,0.4958879947,4.232637939994293,0.097661403,0.0558538968,1.7945813478,1.7911835926
1074,1074,1074.0,1074.0,1074.0,,,,,,,,,,,,,,,,,,,,,,,,,,,,,,,,,,,,,,,0.4,0.0233032431,0.8514868434,3.7946769055744913,0.1535152998,0.1072111565999999,1.738727451,1.7911835926
1075,1075,1075.0,1075.0,1075.0,,,,,,,,,,,,,,,,,,,,,,,,,,,,,,,,,,,,,,,0.5,0.1226893686,1.1315684085,3.649524350714633,0.2607264564,0.1677253529,1.6315162944,1.7911835926
1076,1076,1076.0,1076.0,1076.0,,,,,,,,,,,,,,,,,,,,,,,,,,,,,,,,,,,,,,,0.6,0.2480266196,1.3711835926,3.787761316003659,0.4284518093,0.2395114808,1.4637909415,1.7911835926
1077,1077,1077.0,1077.0,1077.0,,,,,,,,,,,,,,,,,,,,,,,,,,,,,,,,,,,,,,,0.7,0.3968349413,1.6011514025,3.5903252008742346,0.6679632901,0.3181456201,1.2242794607,1.7911835926
1078,1078,1078.0,1078.0,1078.0,,,,,,,,,,,,,,,,,,,,,,,,,,,,,,,,,,,,,,,0.8,0.5665724496,1.7904464142,3.632387036223534,0.9861089102,0.4038596857000001,0.9061338406,1.7911835926
1079,1079,1079.0,1079.0,1079.0,,,,,,,,,,,,,,,,,,,,,,,,,,,,,,,,,,,,,,,0.9,0.7545270871,1.9657304804,3.763827640501308,1.3899685959,0.5022741548999998,0.5022741548999998,1.7911835926
1080,1080,1080.0,1080.0,,,,,,,,,,,,,,,,,,,,,,,,,,,,,,,,,,,,,,,,0.0,0.0,-1.0,-20.159991535878497,0.0,0.6031605788,41.64249055349999,-2.5
1081,1081,1081.0,1081.0,,,,,,,,,,,,,,,,,,,,,,,,,,,,,,,,,,,,,,,,0.1,-0.1926848871,-2.8233142665,-20.077537554335663,0.6031605788,1.5763111335,41.03932997469999,-3.6033142665
1082,1082,1082.0,1082.0,,,,,,,,,,,,,,,,,,,,,,,,,,,,,,,,,,,,,,,,0.2,-0.5584821941,-4.4652707149,-19.98312414958165,2.1794717123,3.0058198339000004,39.46301884119999,-4.6852707149
1083,1083,1083.0,1083.0,,,,,,,,,,,,,,,,,,,,,,,,,,,,,,,,,,,,,,,,0.3,-1.0800755931,-5.9419897309,-18.33532139995408,5.1852915462,4.6576351376,36.45719900729999,-5.7619897309
1084,1084,1084.0,1084.0,,,,,,,,,,,,,,,,,,,,,,,,,,,,,,,,,,,,,,,,0.4,-1.734226288,-7.121371176,-6.073479592774157,9.8429266838,5.458366915699999,31.799563869699995,-6.701371176
1085,1085,1085.0,1085.0,,,,,,,,,,,,,,,,,,,,,,,,,,,,,,,,,,,,,,,,0.5,-2.441294301,-7.0216511222,-2.6970988775131737,15.3012935995,5.425741475400002,26.341196954,-6.5216511222
1086,1086,1086.0,1086.0,,,,,,,,,,,,,,,,,,,,,,,,,,,,,,,,,,,,,,,,0.6,-3.1225410893,-6.6101142217,-2.012416609256972,20.7270350749,5.274484098599999,20.915455478599995,-6.1901142217
1087,1087,1087.0,1087.0,,,,,,,,,,,,,,,,,,,,,,,,,,,,,,,,,,,,,,,,0.7,-3.7613114597,-6.1725855122,-1.4676756508007724,26.0015191735,5.190198094100001,15.640971379999996,-5.9925855122
1088,1088,1088.0,1088.0,,,,,,,,,,,,,,,,,,,,,,,,,,,,,,,,,,,,,,,,0.8,-4.3558104785,-5.7248540585,-1.232928357464545,31.1917172676,5.186229509499999,10.450773285899997,-5.944854058500001
1089,1089,1089.0,1089.0,,,,,,,,,,,,,,,,,,,,,,,,,,,,,,,,,,,,,,,,0.9,-4.906567028,-5.2973903448,-1.0584073726512595,36.3779467771,5.2645437763999965,5.2645437763999965,-6.0773903448
1090,1090,1090.0,1090.0,,,,,,,,,,,,,,,,,,,,,,,,,,,,,,,,,,,,,,,,0.0,0.0,-1.0,-20.144928847785657,0.0,0.6025321101,41.6019926212,-2.5
1091,1091,1091.0,1091.0,,,,,,,,,,,,,,,,,,,,,,,,,,,,,,,,,,,,,,,,0.1,-0.1926120226,-2.8218808622,-19.81754046960141,0.6025321101,1.5602272581000003,40.9994605111,-3.6018808622000003
1092,1092,1092.0,1092.0,,,,,,,,,,,,,,,,,,,,,,,,,,,,,,,,,,,,,,,,0.2,-0.5570152088,-4.439231723,-20.16310419186202,2.1627593682,2.9927805845,39.439233253,-4.659231723
1093,1093,1093.0,1093.0,,,,,,,,,,,,,,,,,,,,,,,,,,,,,,,,,,,,,,,,0.3,-1.0770010958,-5.9355562551,-18.29512465027396,5.1555399527,4.645316558999999,36.4464526685,-5.7555562551
1094,1094,1094.0,1094.0,,,,,,,,,,,,,,,,,,,,,,,,,,,,,,,,,,,,,,,,0.4,-1.7303451167,-7.1117246992,-6.275240920387366,9.8008565117,5.4587267875,31.8011361095,-6.6917246992
1095,1095,1095.0,1095.0,,,,,,,,,,,,,,,,,,,,,,,,,,,,,,,,,,,,,,,,0.5,-2.4374711531,-7.0321227549,-2.624800809468084,15.2595832992,5.432515658900002,26.342409322,-6.5321227549
1096,1096,1096.0,1096.0,,,,,,,,,,,,,,,,,,,,,,,,,,,,,,,,,,,,,,,,0.6,-3.1193647228,-6.6127092661,-1.9699562231446988,20.6920989581,5.272813216199999,20.9098936631,-6.1927092661000005
1097,1097,1097.0,1097.0,,,,,,,,,,,,,,,,,,,,,,,,,,,,,,,,,,,,,,,,0.7,-3.7581766457,-6.1708929656,-1.3606618589821746,25.9649121743,5.179296324500001,15.637080446899995,-5.9908929656000005
1098,1098,1098.0,1098.0,,,,,,,,,,,,,,,,,,,,,,,,,,,,,,,,,,,,,,,,0.8,-4.3519969312,-5.713138866,-1.4587141343794123,31.1442084988,5.1824094302,10.457784122399996,-5.933138866
1099,1099,1099.0,1099.0,,,,,,,,,,,,,,,,,,,,,,,,,,,,,,,,,,,,,,,,0.9,-4.9027308454,-5.3082763652,-1.1296068872475455,36.326617929,5.275374692199996,5.275374692199996,-6.0882763652000005
1100,1100,1100.0,1100.0,,,,,,,,,,,,,,,,,,,,,,,,,,,,,,,,,,,,,,,,0.0,0.0,-1.0,-19.86333916778374,0.0,0.5908508486,41.4756676594,-2.5
1101,1101,1101.0,1101.0,,,,,,,,,,,,,,,,,,,,,,,,,,,,,,,,,,,,,,,,0.1,-0.1912498556,-2.7950840612,-19.89789227681825,0.5908508486,1.5461982929999998,40.8848168108,-3.5750840612
1102,1102,1102.0,1102.0,,,,,,,,,,,,,,,,,,,,,,,,,,,,,,,,,,,,,,,,0.2,-0.5534916796,-4.4226314648,-19.83467677533468,2.1370491416,2.9518214410000003,39.3386185178,-4.6426314648
1103,1103,1103.0,1103.0,,,,,,,,,,,,,,,,,,,,,,,,,,,,,,,,,,,,,,,,0.3,-1.0703091082,-5.8892817138,-18.56067236519991,5.0888705826,4.607744139099999,36.3867970768,-5.7092817138
1104,1104,1104.0,1104.0,,,,,,,,,,,,,,,,,,,,,,,,,,,,,,,,,,,,,,,,0.4,-1.720534086,-7.0951239725,-6.216432238009155,9.6966147217,5.4275588698,31.7790529377,-6.6751239725
1105,1105,1105.0,1105.0,,,,,,,,,,,,,,,,,,,,,,,,,,,,,,,,,,,,,,,,0.5,-2.4257958718,-7.0115054105,-3.108428153025351,15.1241735915,5.432136383900001,26.351494067900003,-6.5115054105
1106,1106,1106.0,1106.0,,,,,,,,,,,,,,,,,,,,,,,,,,,,,,,,,,,,,,,,0.6,-3.108066793,-6.6400773047,-1.6881257815601802,20.5563099754,5.281234293999997,20.919357684,-6.2200773047
1107,1107,1107.0,1107.0,,,,,,,,,,,,,,,,,,,,,,,,,,,,,,,,,,,,,,,,0.7,-3.7481197964,-6.1688368794,-1.5710588912101613,25.8375442694,5.1812755408000015,15.638123390000004,-5.988836879399999
1108,1108,1108.0,1108.0,,,,,,,,,,,,,,,,,,,,,,,,,,,,,,,,,,,,,,,,0.8,-4.3427621883,-5.7313003766,-1.3090935757807187,31.0188198102,5.185438356500001,10.456847849200004,-5.951300376600001
1109,1109,1109.0,1109.0,,,,,,,,,,,,,,,,,,,,,,,,,,,,,,,,,,,,,,,,0.9,-4.894500617,-5.3104713055,-1.1736904583523458,36.2042581667,5.271409492700002,5.271409492700002,-6.0904713055
1110,1110,1110.0,1110.0,,,,,,,,,,,,,,,,,,,,,,,,,,,,,,,,,,,,,,,,0.0,0.0,-1.0,-19.98523719857769,0.0,0.5958918116,41.5729423243,-2.5
1111,1111,1111.0,1111.0,,,,,,,,,,,,,,,,,,,,,,,,,,,,,,,,,,,,,,,,0.1,-0.1918395273,-2.8066841925,-20.058581034211468,0.5958918116,1.5635725429999998,40.9770505127,-3.5866841925000004
1112,1112,1112.0,1112.0,,,,,,,,,,,,,,,,,,,,,,,,,,,,,,,,,,,,,,,,0.2,-0.5559625684,-4.4484192549,-20.144881382191915,2.1594643546,3.0004344539000005,39.4134779697,-4.6684192549
1113,1113,1113.0,1113.0,,,,,,,,,,,,,,,,,,,,,,,,,,,,,,,,,,,,,,,,0.3,-1.0767346164,-5.9421353451,-18.198466114870016,5.1598988085,4.645404905,36.4130435158,-5.7621353451
1114,1114,1114.0,1114.0,,,,,,,,,,,,,,,,,,,,,,,,,,,,,,,,,,,,,,,,0.4,-1.7302371433,-7.1084794297,-6.240600267119247,9.8053037135,5.451639203499999,31.7676386108,-6.6884794297
1115,1115,1115.0,1115.0,,,,,,,,,,,,,,,,,,,,,,,,,,,,,,,,,,,,,,,,0.5,-2.4368867796,-7.0258898201,-2.779964585657015,15.256942917,5.4346252483000015,26.3159994073,-6.5258898201
1116,1116,1116.0,1116.0,,,,,,,,,,,,,,,,,,,,,,,,,,,,,,,,,,,,,,,,0.6,-3.1189377555,-6.6218353028,-1.6947123473280832,20.6915681653,5.2662969583,20.881374159,-6.2018353028
1117,1117,1117.0,1117.0,,,,,,,,,,,,,,,,,,,,,,,,,,,,,,,,,,,,,,,,0.7,-3.7572866631,-6.1529576299,-1.6709606305925,25.9578651236,5.176074939899998,15.6150772007,-5.9729576299
1118,1118,1118.0,1118.0,,,,,,,,,,,,,,,,,,,,,,,,,,,,,,,,,,,,,,,,0.8,-4.3509012082,-5.7264391479,-1.0909632763000583,31.1339400635,5.175582135600003,10.439002260800002,-5.9464391479
1119,1119,1119.0,1119.0,,,,,,,,,,,,,,,,,,,,,,,,,,,,,,,,,,,,,,,,0.9,-4.9011222413,-5.2853144424,-1.3843762903999304,36.3095221991,5.2634201252,5.2634201252,-6.0653144424
1120,1120,1120.0,1120.0,,,,,,,,,,,,,,,,,,,,,,,,,,,,,,,,,,,,,,,,0.0,0.0,-1.0,-19.89681310773806,0.0,0.5922327303,41.5306469114,-2.5
1121,1121,1121.0,1121.0,,,,,,,,,,,,,,,,,,,,,,,,,,,,,,,,,,,,,,,,0.1,-0.191411783,-2.7982695278,-20.11119178819274,0.5922327303,1.5607560324,40.9384141811,-3.5782695278000003
1122,1122,1122.0,1122.0,,,,,,,,,,,,,,,,,,,,,,,,,,,,,,,,,,,,,,,,0.2,-0.554988563,-4.4458119266,-19.83167173264712,2.1529887627,2.9748280819,39.3776581487,-4.6658119266
1123,1123,1123.0,1123.0,,,,,,,,,,,,,,,,,,,,,,,,,,,,,,,,,,,,,,,,0.3,-1.0739975753,-5.9099700876,-18.625257394637007,5.1278168446,4.6401022124,36.4028300668,-5.7299700876
1124,1124,1124.0,1124.0,,,,,,,,,,,,,,,,,,,,,,,,,,,,,,,,,,,,,,,,0.4,-1.7265037367,-7.1199896656,-6.258595028853503,9.767919057,5.4671784885,31.7627278544,-6.6999896656
1125,1125,1125.0,1125.0,,,,,,,,,,,,,,,,,,,,,,,,,,,,,,,,,,,,,,,,0.5,-2.4343357654,-7.0380171398,-2.749295044915393,15.2350975455,5.447188338299998,26.2955493659,-6.5380171398
1126,1126,1126.0,1126.0,,,,,,,,,,,,,,,,,,,,,,,,,,,,,,,,,,,,,,,,0.6,-3.1173924473,-6.6298899624,-1.5532083020958782,20.6822858838,5.266275289900001,20.8483610276,-6.2098899624
1127,1127,1127.0,1127.0,,,,,,,,,,,,,,,,,,,,,,,,,,,,,,,,,,,,,,,,0.7,-3.755823371,-6.1467798689,-1.541426648453602,25.9485611737,5.159934577400001,15.582085737699998,-5.9667798689
1128,1128,1128.0,1128.0,,,,,,,,,,,,,,,,,,,,,,,,,,,,,,,,,,,,,,,,0.8,-4.3482234199,-5.7085224848,-1.3946820303371967,31.1084957511,5.1703080778000015,10.422151160299997,-5.9285224848
1129,1129,1129.0,1129.0,,,,,,,,,,,,,,,,,,,,,,,,,,,,,,,,,,,,,,,,0.9,-4.8982082804,-5.2980058273,-0.9668286768536672,36.2788038289,5.251843082499995,5.251843082499995,-6.0780058273
1130,1130,1130.0,1130.0,,,,,,,,,,,,,,,,,,,,,,,,,,,,,,,,,,,,,,,,0.0,0.0,-1.0,-20.01795568071972,0.0,0.5972489468,41.371945548700005,-2.5
1131,1131,1131.0,1131.0,,,,,,,,,,,,,,,,,,,,,,,,,,,,,,,,,,,,,,,,0.1,-0.1919978003,-2.8097977678,-19.821574179002656,0.5972489468,1.5520304484000005,40.7746966019,-3.5897977678000004
1132,1132,1132.0,1132.0,,,,,,,,,,,,,,,,,,,,,,,,,,,,,,,,,,,,,,,,0.2,-0.5552706407,-4.4286823453,-20.08420465689281,2.1492793952,2.9762455797,39.2226661535,-4.6486823453
1133,1133,1133.0,1133.0,,,,,,,,,,,,,,,,,,,,,,,,,,,,,,,,,,,,,,,,0.3,-1.0738709532,-5.9185024984,-18.18858992367542,5.1255249749,4.614140142699999,36.2464205738,-5.7385024984
1134,1134,1134.0,1134.0,,,,,,,,,,,,,,,,,,,,,,,,,,,,,,,,,,,,,,,,0.4,-1.7250767417,-7.0861557023,-6.158730284727491,9.7396651176,5.4128996293,31.6322804311,-6.6661557023
1135,1135,1135.0,1135.0,,,,,,,,,,,,,,,,,,,,,,,,,,,,,,,,,,,,,,,,0.5,-2.4292059543,-6.9978995182,-2.8338323772414737,15.1525647469,5.397005242899999,26.2193808018,-6.4978995182
1136,1136,1136.0,1136.0,,,,,,,,,,,,,,,,,,,,,,,,,,,,,,,,,,,,,,,,0.6,-3.1088538604,-6.6016348499,-1.892681829459848,20.5495699898,5.246795920300002,20.8223755589,-6.1816348499
1137,1137,1137.0,1137.0,,,,,,,,,,,,,,,,,,,,,,,,,,,,,,,,,,,,,,,,0.7,-3.7462381046,-6.1535187886,-1.7114211081891653,25.7963659101,5.170198661000001,15.575579638599995,-5.9735187886
1138,1138,1138.0,1138.0,,,,,,,,,,,,,,,,,,,,,,,,,,,,,,,,,,,,,,,,0.8,-4.3401017745,-5.7307972295,-1.0342315354259777,30.9665645711,5.167231414599996,10.405380977599997,-5.950797229500001
1139,1139,1139.0,1139.0,,,,,,,,,,,,,,,,,,,,,,,,,,,,,,,,,,,,,,,,0.9,-4.8904630906,-5.2838590669,-1.1364160436320196,36.1337959857,5.238149563,5.238149563,-6.0638590669
1140,1140,1140.0,,,,,,,,,,,,,,,,,,,,,,,,,,,,,,,,,,,,,,,,,0.0,0.0,-1.0,8.454260896800518,0.0,0.072074698,1.630562612,1.7222465877
1141,1141,1141.0,,,,,,,,,,,,,,,,,,,,,,,,,,,,,,,,,,,,,,,,,0.1,-0.0542657876,-0.1003081227,7.066647220020107,0.072074698,0.0351478302999999,1.558487914,1.7222465877
1142,1142,1142.0,,,,,,,,,,,,,,,,,,,,,,,,,,,,,,,,,,,,,,,,,0.2,-0.0296270441,0.5817178558,4.446912251804034,0.1072225283,0.0701565054,1.5233400837000002,1.7222465877
1143,1143,1143.0,,,,,,,,,,,,,,,,,,,,,,,,,,,,,,,,,,,,,,,,,0.3,0.0472422971,0.9495397397,3.032204781591829,0.1773790337,0.1162892063999999,1.4531835783000002,1.7222465877
1144,1144,1144.0,,,,,,,,,,,,,,,,,,,,,,,,,,,,,,,,,,,,,,,,,0.4,0.1522709902,1.1477315248,1.912027451430021,0.2936682401,0.1467902635,1.3368943719000002,1.7222465877
1145,1145,1145.0,,,,,,,,,,,,,,,,,,,,,,,,,,,,,,,,,,,,,,,,,0.5,0.2707410538,1.2204642063,2.079860077975908,0.4404585036,0.1727251602,1.1901041084,1.7222465877
1146,1146,1146.0,,,,,,,,,,,,,,,,,,,,,,,,,,,,,,,,,,,,,,,,,0.6,0.3969446803,1.3022465877,2.0521230598835345,0.6131836638,0.2029246917999999,1.0173789482000002,1.7222465877
1147,1147,1147.0,,,,,,,,,,,,,,,,,,,,,,,,,,,,,,,,,,,,,,,,,0.7,0.5307966152,1.3736069587,2.0711230666250087,0.8161083556,0.2364848039,0.8144542564000001,1.7222465877
1148,1148,1148.0,,,,,,,,,,,,,,,,,,,,,,,,,,,,,,,,,,,,,,,,,0.8,0.6715311623,1.4399847183,1.9428549509294464,1.0525931595,0.2719154608,0.5779694525000001,1.7222465877
1149,1149,1149.0,,,,,,,,,,,,,,,,,,,,,,,,,,,,,,,,,,,,,,,,,0.9,0.8179617518,1.487839624,1.7178867950950922,1.3245086203,0.3060539917,0.3060539917,1.7222465877
1150,1150,1150.0,,,,,,,,,,,,,,,,,,,,,,,,,,,,,,,,,,,,,,,,,0.0,0.0,-1.0,8.363304286294161,0.0,0.0716615935,1.6090978462,1.7278717058000002
1151,1151,1151.0,,,,,,,,,,,,,,,,,,,,,,,,,,,,,,,,,,,,,,,,,0.1,-0.0547057827,-0.1089637886,7.059418298868391,0.0716615935,0.0346905638,1.5374362527,1.7278717058000002
1152,1152,1152.0,,,,,,,,,,,,,,,,,,,,,,,,,,,,,,,,,,,,,,,,,0.2,-0.0309257044,0.5731979629,4.435998886177607,0.1063521573,0.0687836588,1.5027456889000002,1.7278717058000002
1153,1153,1153.0,,,,,,,,,,,,,,,,,,,,,,,,,,,,,,,,,,,,,,,,,0.3,0.0450800666,0.9407920805,2.7705948626153623,0.1751358161,0.1110308028,1.4339620301000002,1.7278717058000002
1154,1154,1154.0,,,,,,,,,,,,,,,,,,,,,,,,,,,,,,,,,,,,,,,,,0.4,0.1480107961,1.1149208373,2.282959384942933,0.2861666189,0.1442763649,1.3229312273000002,1.7278717058000002
1155,1155,1155.0,,,,,,,,,,,,,,,,,,,,,,,,,,,,,,,,,,,,,,,,,0.5,0.2651532764,1.2260742955,2.085628174888872,0.4304429838,0.1738086838,1.1786548624000002,1.7278717058000002
1156,1156,1156.0,,,,,,,,,,,,,,,,,,,,,,,,,,,,,,,,,,,,,,,,,0.6,0.3919186836,1.3078717058,1.9954967545924955,0.6042516676,0.2030575987999999,1.0048461786,1.7278717058000002
1157,1157,1157.0,,,,,,,,,,,,,,,,,,,,,,,,,,,,,,,,,,,,,,,,,0.7,0.5260320244,1.3733080404,1.9429678068871223,0.8073092664,0.2337963336,0.8017885798000001,1.7278717058000002
1158,1158,1158.0,,,,,,,,,,,,,,,,,,,,,,,,,,,,,,,,,,,,,,,,,0.8,0.6661182481,1.4275185975,1.989440614518455,1.0411056,0.2683236550999999,0.5679922462,1.7278717058000002
1159,1159,1159.0,,,,,,,,,,,,,,,,,,,,,,,,,,,,,,,,,,,,,,,,,0.9,0.8115878238,1.4809930831,1.5193689733907043,1.3094292551,0.2996685911000001,0.2996685911000001,1.7278717058000002
1160,1160,1160.0,,,,,,,,,,,,,,,,,,,,,,,,,,,,,,,,,,,,,,,,,0.0,0.0,-1.0,8.426903319665628,0.0,0.0719490368,1.6054701136,1.7389211882
1161,1161,1161.0,,,,,,,,,,,,,,,,,,,,,,,,,,,,,,,,,,,,,,,,,0.1,-0.0543981276,-0.1029115404,7.051714800331268,0.0719490368,0.0348750009999999,1.5335210768,1.7389211882
1162,1162,1162.0,,,,,,,,,,,,,,,,,,,,,,,,,,,,,,,,,,,,,,,,,0.2,-0.0300793665,0.5779411785,4.500557776644991,0.1068240378,0.0702760429,1.4986460758,1.7389211882
1163,1163,1163.0,,,,,,,,,,,,,,,,,,,,,,,,,,,,,,,,,,,,,,,,,0.3,0.0466900799,0.9512275098,2.9566652054559155,0.1771000807,0.115597435,1.4283700329,1.7389211882
1164,1164,1164.0,,,,,,,,,,,,,,,,,,,,,,,,,,,,,,,,,,,,,,,,,0.4,0.1515139701,1.1420701401,2.078503829720875,0.2926975157,0.1477454485,1.3127725979,1.7389211882
1165,1165,1165.0,,,,,,,,,,,,,,,,,,,,,,,,,,,,,,,,,,,,,,,,,0.5,0.2702505375,1.2311839557,2.1531553855466368,0.4404429642,0.1763901235,1.1650271494,1.7389211882
1166,1166,1166.0,,,,,,,,,,,,,,,,,,,,,,,,,,,,,,,,,,,,,,,,,0.6,0.3978288435,1.3189211882,1.791536863328165,0.6168330877,0.2033909354999999,0.9886370259,1.7389211882
1167,1167,1167.0,,,,,,,,,,,,,,,,,,,,,,,,,,,,,,,,,,,,,,,,,0.7,0.5320070868,1.3638966313,1.867173252572781,0.8202240232,0.2307689505000001,0.7852460904,1.7389211882
1168,1168,1168.0,,,,,,,,,,,,,,,,,,,,,,,,,,,,,,,,,,,,,,,,,0.8,0.6708310699,1.4117899734,1.8411349555381729,1.0509929737,0.2621809891,0.5544771398999999,1.7389211882
1169,1169,1169.0,,,,,,,,,,,,,,,,,,,,,,,,,,,,,,,,,,,,,,,,,0.9,0.81408654,1.4526479988,1.5420215683447551,1.3131739628,0.2922961507999999,0.2922961507999999,1.7389211882
1170,1170,1170.0,,,,,,,,,,,,,,,,,,,,,,,,,,,,,,,,,,,,,,,,,0.0,0.0,-1.0,8.200656750637176,0.0,0.0709562931,1.6337198929,1.7335430123
1171,1171,1171.0,,,,,,,,,,,,,,,,,,,,,,,,,,,,,,,,,,,,,,,,,0.1,-0.0554925769,-0.1244417481,7.414827650272028,0.0709562931,0.0378015042,1.5627635998,1.7335430123
1172,1172,1172.0,,,,,,,,,,,,,,,,,,,,,,,,,,,,,,,,,,,,,,,,,0.2,-0.0314661577,0.5930145978,4.406870454399729,0.1087577973,0.0713119588,1.5249620956,1.7335430123
1173,1173,1173.0,,,,,,,,,,,,,,,,,,,,,,,,,,,,,,,,,,,,,,,,,0.3,0.0462845117,0.9559509738,2.805309330664378,0.1800697561,0.1145154421,1.4536501368,1.7335430123
1174,1174,1174.0,,,,,,,,,,,,,,,,,,,,,,,,,,,,,,,,,,,,,,,,,0.4,0.1508257276,1.131940691,2.199612631054737,0.2945851982,0.1470851574,1.3391346947,1.7335430123
1175,1175,1175.0,,,,,,,,,,,,,,,,,,,,,,,,,,,,,,,,,,,,,,,,,0.5,0.2691846694,1.2335430123,1.94512349669048,0.4416703556,0.1738615617,1.1920495373,1.7335430123
1176,1176,1176.0,,,,,,,,,,,,,,,,,,,,,,,,,,,,,,,,,,,,,,,,,0.6,0.3959811435,1.3012588878,2.159440290150818,0.6155319173,0.2042272926999999,1.0181879756,1.7335430123
1177,1177,1177.0,,,,,,,,,,,,,,,,,,,,,,,,,,,,,,,,,,,,,,,,,0.7,0.5302581989,1.3829258615,2.010991791514341,0.81975921,0.2380151276,0.8139606829000001,1.7335430123
1178,1178,1178.0,,,,,,,,,,,,,,,,,,,,,,,,,,,,,,,,,,,,,,,,,0.8,0.6715887132,1.4426945263,1.875015133070482,1.0577743376,0.2715866394999999,0.5759455553000001,1.7335430123
1179,1179,1179.0,,,,,,,,,,,,,,,,,,,,,,,,,,,,,,,,,,,,,,,,,0.9,0.8179490691,1.4838356838,1.6865704650916424,1.3293609771,0.3043589158000002,0.3043589158000002,1.7335430123
1180,1180,1180.0,,,,,,,,,,,,,,,,,,,,,,,,,,,,,,,,,,,,,,,,,0.0,0.0,-1.0,8.300735444860656,0.0,0.0713852,1.6154603728,1.7379055466
1181,1181,1181.0,,,,,,,,,,,,,,,,,,,,,,,,,,,,,,,,,,,,,,,,,0.1,-0.0550084544,-0.1149180011,7.18962688018632,0.0713852,0.0358007948,1.5440751728,1.7379055466
1182,1182,1182.0,,,,,,,,,,,,,,,,,,,,,,,,,,,,,,,,,,,,,,,,,0.2,-0.0311651211,0.5802013536,4.464965752729862,0.1071859948,0.0701591753,1.508274378,1.7379055466
1183,1183,1183.0,,,,,,,,,,,,,,,,,,,,,,,,,,,,,,,,,,,,,,,,,0.3,0.0456472356,0.9498855722,3.0011053131111862,0.1773451701,0.1159069334,1.4381152027,1.7379055466
1184,1184,1184.0,,,,,,,,,,,,,,,,,,,,,,,,,,,,,,,,,,,,,,,,,0.4,0.1505583986,1.1450849405,2.120470636141827,0.2932521035,0.1489748588,1.3222082693,1.7379055466
1185,1185,1185.0,,,,,,,,,,,,,,,,,,,,,,,,,,,,,,,,,,,,,,,,,0.5,0.2697848561,1.2379055466,2.008096371710801,0.4422269623,0.1758853604999999,1.1732334105,1.7379055466
1186,1186,1186.0,,,,,,,,,,,,,,,,,,,,,,,,,,,,,,,,,,,,,,,,,0.6,0.3973011042,1.3111989357,2.028490476129817,0.6181123228,0.2049241954,0.9973480500000002,1.7379055466
1187,1187,1187.0,,,,,,,,,,,,,,,,,,,,,,,,,,,,,,,,,,,,,,,,,0.7,0.5318906592,1.3794584283,1.7836310917776703,0.8230365182,0.2336735276,0.7924238546000001,1.7379055466
1188,1188,1188.0,,,,,,,,,,,,,,,,,,,,,,,,,,,,,,,,,,,,,,,,,0.8,0.6717914706,1.417920726,1.8543331484283043,1.0567100458,0.2642559761999998,0.558750327,1.7379055466
1189,1189,1189.0,,,,,,,,,,,,,,,,,,,,,,,,,,,,,,,,,,,,,,,,,0.9,0.8156942011,1.4594513104,1.5396529508041676,1.320966022,0.2944943508000002,0.2944943508000002,1.7379055466
1190,1190,1190.0,,,,,,,,,,,,,,,,,,,,,,,,,,,,,,,,,,,,,,,,,0.0,0.0,-1.0,8.27441671266047,0.0,0.0712708336,1.6465694777,1.7616385292
1191,1191,1191.0,,,,,,,,,,,,,,,,,,,,,,,,,,,,,,,,,,,,,,,,,0.1,-0.0551357691,-0.1174225596,7.272330168381455,0.0712708336,0.0365718753,1.5752986441,1.7616385292
1192,1192,1192.0,,,,,,,,,,,,,,,,,,,,,,,,,,,,,,,,,,,,,,,,,0.2,-0.0311307057,0.5858053938,4.21579222274886,0.1078427089,0.0679043085,1.5387267688,1.7616385292
1193,1193,1193.0,,,,,,,,,,,,,,,,,,,,,,,,,,,,,,,,,,,,,,,,,0.3,0.0450095922,0.9312443182,3.0690094138455786,0.1757470174,0.1130984714999999,1.4708224603,1.7616385292
1194,1194,1194.0,,,,,,,,,,,,,,,,,,,,,,,,,,,,,,,,,,,,,,,,,0.4,0.1484752845,1.1346795672,2.322927101627087,0.2888454889,0.149338602,1.3577239888,1.7616385292
1195,1195,1195.0,,,,,,,,,,,,,,,,,,,,,,,,,,,,,,,,,,,,,,,,,0.5,0.2676913962,1.2477561657,2.234302725915416,0.4381840909,0.1815379351,1.2083853867999998,1.7616385292
1196,1196,1196.0,,,,,,,,,,,,,,,,,,,,,,,,,,,,,,,,,,,,,,,,,0.6,0.3972393053,1.3416385292,1.884962998519759,0.619722026,0.2107180333999999,1.0268474517,1.7616385292
1197,1197,1197.0,,,,,,,,,,,,,,,,,,,,,,,,,,,,,,,,,,,,,,,,,0.7,0.53403133,1.3933428044,1.8435142737432269,0.8304400594,0.2386731648000001,0.8161294183,1.7616385292
1198,1198,1198.0,,,,,,,,,,,,,,,,,,,,,,,,,,,,,,,,,,,,,,,,,0.8,0.6755430689,1.4361824928,1.9686570131192955,1.0691132242,0.2718519107999999,0.5774562534999998,1.7616385292
1199,1199,1199.0,,,,,,,,,,,,,,,,,,,,,,,,,,,,,,,,,,,,,,,,,0.9,0.8217365923,1.4868546707,1.667283258378974,1.340965135,0.3056043426999999,0.3056043426999999,1.7616385292
1200,1200,,,,,,,,,,,,,,,,,,,,,,,,,,,,,,,,,,,,,,,,,,0.0,0.0,-1.0,4.661640376336464,0.0,0.0662202316,3.2904237205,-2.5
1201,1201,,,,,,,,,,,,,,,,,,,,,,,,,,,,,,,,,,,,,,,,,,0.1,-0.0726122831,-0.4612236793,2.827370792501835,0.0662202316,0.014765491,3.2242034889,-1.2412236793000002
1202,1202,,,,,,,,,,,,,,,,,,,,,,,,,,,,,,,,,,,,,,,,,,0.2,-0.1028263478,-0.1482725353,-10.343153631453486,0.0809857226,0.1041216023,3.2094379979000003,-0.3682725353
1203,1203,,,,,,,,,,,,,,,,,,,,,,,,,,,,,,,,,,,,,,,,,,0.3,-0.1669704989,-1.1184437474,-19.810786181057,0.1851073249,0.6384789395,3.1053163956000005,-0.9384437474
1204,1204,,,,,,,,,,,,,,,,,,,,,,,,,,,,,,,,,,,,,,,,,,0.4,-0.3692375462,-2.8972553181,3.5840858320856976,0.8235862644,0.7030726937,2.4668374561000004,-2.4772553181
1205,1205,,,,,,,,,,,,,,,,,,,,,,,,,,,,,,,,,,,,,,,,,,0.5,-0.6276102214,-2.2804740598,2.617493405822909,1.5266589581,0.4770138442,1.7637647624,-1.7804740598
1206,1206,,,,,,,,,,,,,,,,,,,,,,,,,,,,,,,,,,,,,,,,,,0.6,-0.8319640797,-1.8143708608,1.7776690606736745,2.0036728023,0.3559968823999999,1.2867509182,-1.3943708608
1207,1207,,,,,,,,,,,,,,,,,,,,,,,,,,,,,,,,,,,,,,,,,,0.7,-0.996025044,-1.4725429905,1.151565332023683,2.3596696847,0.2959043177999998,0.9307540358000002,-1.2925429905
1208,1208,,,,,,,,,,,,,,,,,,,,,,,,,,,,,,,,,,,,,,,,,,0.8,-1.1305856688,-1.2228258325,-2.3682923654462664,2.6555740025,0.3088973403000001,0.6348497180000003,-1.4428258325000003
1209,1209,,,,,,,,,,,,,,,,,,,,,,,,,,,,,,,,,,,,,,,,,,0.9,-1.2584087394,-1.3318319984,0.8408339507592631,2.9644713428,0.3259523777000002,0.3259523777000002,-2.1118319984000005
1210,1210,,,,,,,,,,,,,,,,,,,,,,,,,,,,,,,,,,,,,,,,,,0.0,0.0,-1.0,4.472110317939442,0.0,0.0665389436,3.2378640085,-2.5
1211,1211,,,,,,,,,,,,,,,,,,,,,,,,,,,,,,,,,,,,,,,,,,0.1,-0.0735291192,-0.479259849,2.8934774660335765,0.0665389436,0.015891699,3.1713250649,-1.2592598490000002
1212,1212,,,,,,,,,,,,,,,,,,,,,,,,,,,,,,,,,,,,,,,,,,0.2,-0.1051397668,-0.1583014548,-10.075052211832196,0.0824306426,0.1005841152,3.1554333659,-0.3783014548
1213,1213,,,,,,,,,,,,,,,,,,,,,,,,,,,,,,,,,,,,,,,,,,0.3,-0.1689413756,-1.1020050672,-20.12868311481324,0.1830147578,0.6457574862000001,3.0548492507,-0.9220050672
1214,1214,,,,,,,,,,,,,,,,,,,,,,,,,,,,,,,,,,,,,,,,,,0.4,-0.3711818761,-2.9126328781,3.751332469831668,0.828772244,0.7074995865,2.4090917645,-2.4926328781
1215,1215,,,,,,,,,,,,,,,,,,,,,,,,,,,,,,,,,,,,,,,,,,0.5,-0.6302088795,-2.2784726277,2.624972585415537,1.5362718305,0.4764768430999999,1.7015921779999998,-1.7784726276999998
1216,1216,,,,,,,,,,,,,,,,,,,,,,,,,,,,,,,,,,,,,,,,,,0.6,-0.8343360961,-1.8118481526,1.676387002965277,2.0127486736,0.3570311149999998,1.2251153349,-1.3918481526000002
1217,1217,,,,,,,,,,,,,,,,,,,,,,,,,,,,,,,,,,,,,,,,,,0.7,-0.9986469383,-1.4798986102,1.0585219182033578,2.3697797886,0.2995467963,0.8680842199000001,-1.2998986102
1218,1218,,,,,,,,,,,,,,,,,,,,,,,,,,,,,,,,,,,,,,,,,,0.8,-1.1343576416,-1.238335715,1.0976608227847855,2.6693265849,0.2699587532,0.5685374236,-1.4583357150000005
1219,1219,,,,,,,,,,,,,,,,,,,,,,,,,,,,,,,,,,,,,,,,,,0.9,-1.2468913361,-1.0160359382,-3.053728383507201,2.9392853381,0.2985786703999999,0.2985786703999999,-1.7960359382000002
1220,1220,,,,,,,,,,,,,,,,,,,,,,,,,,,,,,,,,,,,,,,,,,0.0,0.0,-1.0,4.587196179696431,0.0,0.0663384771,0.3519050232,0.2922647113
1221,1221,,,,,,,,,,,,,,,,,,,,,,,,,,,,,,,,,,,,,,,,,,0.1,-0.0729724008,-0.4683079813,2.731325107004077,0.0663384771,0.0151722703999999,0.2855665461,0.2922647113
1222,1222,,,,,,,,,,,,,,,,,,,,,,,,,,,,,,,,,,,,,,,,,,0.2,-0.1043252392,-0.1638226321,-9.588748438659849,0.0815107475,0.0927507577,0.2703942757,0.2922647113
1223,1223,,,,,,,,,,,,,,,,,,,,,,,,,,,,,,,,,,,,,,,,,,0.3,-0.1662997984,-1.0607229168,4.617356007779683,0.1742615052,0.0793463525,0.177643518,0.2922647113
1224,1224,,,,,,,,,,,,,,,,,,,,,,,,,,,,,,,,,,,,,,,,,,0.4,-0.2449048546,-0.5203822598,2.765015988152439,0.2536078577,0.0247660086,0.0982971655,0.2922647113
1225,1225,,,,,,,,,,,,,,,,,,,,,,,,,,,,,,,,,,,,,,,,,,0.5,-0.2810502269,-0.2077352887,-0.0812376476272683,0.2783738663,0.0125547541,0.0735311569,0.2922647113
1226,1226,,,,,,,,,,,,,,,,,,,,,,,,,,,,,,,,,,,,,,,,,,0.6,-0.3012123303,-0.1956969501,-0.2313599319101425,0.2909286204,0.0136038604,0.0609764027999999,0.2922647113
1227,1227,,,,,,,,,,,,,,,,,,,,,,,,,,,,,,,,,,,,,,,,,,0.7,-0.320954292,-0.1990909815,0.1521673869531405,0.3045324808,0.0142520787,0.0473725423999999,0.2922647113
1228,1228,,,,,,,,,,,,,,,,,,,,,,,,,,,,,,,,,,,,,,,,,,0.8,-0.3391643659,-0.165664169,1.603483159808718,0.3187845595,0.0140363022999999,0.0331204636999999,0.2922647113
1229,1229,,,,,,,,,,,,,,,,,,,,,,,,,,,,,,,,,,,,,,,,,,0.9,-0.3471726615,0.0026924427,-2.894100939335089,0.3328208618,0.0190841614,0.0190841614,0.2922647113
1230,1230,,,,,,,,,,,,,,,,,,,,,,,,,,,,,,,,,,,,,,,,,,0.0,0.0,-1.0,4.4109451598554505,0.0,0.0666542179,0.3493782881999999,0.3180010207
1231,1231,,,,,,,,,,,,,,,,,,,,,,,,,,,,,,,,,,,,,,,,,,0.1,-0.0738250007,-0.4850804834,2.940231506788378,0.0666542179,0.0162727444999999,0.2827240702999999,0.3180010207
1232,1232,,,,,,,,,,,,,,,,,,,,,,,,,,,,,,,,,,,,,,,,,,0.2,-0.105763386,-0.1591189473,-9.692200567679842,0.0829269624,0.0940038208,0.2664513257999999,0.3180010207
1233,1233,,,,,,,,,,,,,,,,,,,,,,,,,,,,,,,,,,,,,,,,,,0.3,-0.1677907725,-1.0663116176,4.9067309886273245,0.1769307832,0.0796799772999999,0.172447505,0.3180010207
1234,1234,,,,,,,,,,,,,,,,,,,,,,,,,,,,,,,,,,,,,,,,,,0.4,-0.2455278367,-0.4979014546,2.8217066704002383,0.2566107605,0.0232240405,0.0927675277,0.3180010207
1235,1235,,,,,,,,,,,,,,,,,,,,,,,,,,,,,,,,,,,,,,,,,,0.5,-0.2792596449,-0.1819989793,-0.3371722569755951,0.279834801,0.0119830820999999,0.0695434871999999,0.3180010207
1236,1236,,,,,,,,,,,,,,,,,,,,,,,,,,,,,,,,,,,,,,,,,,0.6,-0.2982096715,-0.1967661784,-0.0974129710691829,0.2918178831,0.0131732277,0.0575604050999999,0.3180010207
1237,1237,,,,,,,,,,,,,,,,,,,,,,,,,,,,,,,,,,,,,,,,,,0.7,-0.3174061849,-0.1873109621,-0.0326786825321745,0.3049911108,0.0139007533999999,0.0443871773999999,0.3180010207
1238,1238,,,,,,,,,,,,,,,,,,,,,,,,,,,,,,,,,,,,,,,,,,0.8,-0.3353898037,-0.1725952116,1.8243592561486337,0.3188918642,0.0141554371,0.030486424,0.3180010207
1239,1239,,,,,,,,,,,,,,,,,,,,,,,,,,,,,,,,,,,,,,,,,,0.9,-0.3429892073,0.0174401177,-2.4115870706222964,0.3330473013,0.0163309869,0.0163309869,0.3180010207
1240,1240,,,,,,,,,,,,,,,,,,,,,,,,,,,,,,,,,,,,,,,,,,0.0,0.0,-1.0,4.671921156099068,0.0,0.0662046073,3.2390285595999995,-2.5
1241,1241,,,,,,,,,,,,,,,,,,,,,,,,,,,,,,,,,,,,,,,,,,0.1,-0.0725625506,-0.4602453338,2.738445353776683,0.0662046073,0.0146798553,3.1728239522999995,-1.2402453338000003
1242,1242,,,,,,,,,,,,,,,,,,,,,,,,,,,,,,,,,,,,,,,,,,0.2,-0.1031136831,-0.1558496659,-9.944422330017376,0.0808844626,0.097928097,3.158144097,-0.3758496658999999
1243,1243,,,,,,,,,,,,,,,,,,,,,,,,,,,,,,,,,,,,,,,,,,0.3,-0.1660500621,-1.08735552,-20.01736745325435,0.1788125596,0.6352687292,3.060216,-0.90735552
1244,1244,,,,,,,,,,,,,,,,,,,,,,,,,,,,,,,,,,,,,,,,,,0.4,-0.3663579935,-2.8887843338,3.5342036550366918,0.8140812888,0.6995982668,2.4249472708,-2.4687843338
1245,1245,,,,,,,,,,,,,,,,,,,,,,,,,,,,,,,,,,,,,,,,,,0.5,-0.6241658465,-2.2775561153,2.375913214883524,1.5136795556,0.4794195053999999,1.725349004,-1.7775561153
1246,1246,,,,,,,,,,,,,,,,,,,,,,,,,,,,,,,,,,,,,,,,,,0.6,-0.8294106514,-1.8347199889,1.75057674006642,1.993099061,0.3624984085000002,1.2459294986,-1.4147199889
1247,1247,,,,,,,,,,,,,,,,,,,,,,,,,,,,,,,,,,,,,,,,,,0.7,-0.9955391425,-1.4935338238,1.0525396184177358,2.3555974695,0.3026438622,0.8834310900999998,-1.3135338237999998
1248,1248,,,,,,,,,,,,,,,,,,,,,,,,,,,,,,,,,,,,,,,,,,0.8,-1.1325763407,-1.2512426638,0.8112715176644762,2.6582413317,0.2753864905999998,0.5807872278999997,-1.4712426638000002
1249,1249,,,,,,,,,,,,,,,,,,,,,,,,,,,,,,,,,,,,,,,,,,0.9,-1.2477237993,-1.0549680534,-2.89991101058414,2.9336278223,0.3054007372999998,0.3054007372999998,-1.8349680534000004
1250,1250,,,,,,,,,,,,,,,,,,,,,,,,,,,,,,,,,,,,,,,,,,0.0,0.0,-1.0,4.522972756593186,0.0,0.0664477013,3.222800298,-2.5
1251,1251,,,,,,,,,,,,,,,,,,,,,,,,,,,,,,,,,,,,,,,,,,0.1,-0.0732830763,-0.474419648,2.82743938104265,0.0664477013,0.0155711395,3.1563525967,-1.2544196480000005
1252,1252,,,,,,,,,,,,,,,,,,,,,,,,,,,,,,,,,,,,,,,,,,0.2,-0.1047525718,-0.1602062145,-9.745938029568087,0.0820188408,0.0950321659,3.1407814572,-0.3802062145
1253,1253,,,,,,,,,,,,,,,,,,,,,,,,,,,,,,,,,,,,,,,,,,0.3,-0.1671433761,-1.0724092131,-20.107111087089727,0.1770510067,0.6334426581999999,3.0457492913,-0.8924092131000001
1254,1254,,,,,,,,,,,,,,,,,,,,,,,,,,,,,,,,,,,,,,,,,,0.4,-0.3664631059,-2.883800592,3.508007047217993,0.8104936649,0.6976742484000001,2.4123066331,-2.463800592
1255,1255,,,,,,,,,,,,,,,,,,,,,,,,,,,,,,,,,,,,,,,,,,0.5,-0.6239234167,-2.2755395765,2.559694944762537,1.5081679133,0.4754807149,1.7146323847,-1.7755395765
1256,1256,,,,,,,,,,,,,,,,,,,,,,,,,,,,,,,,,,,,,,,,,,0.6,-0.8280872929,-1.8154062058,1.5581006036189011,1.9836486282,0.3587059039999998,1.2391516698,-1.3954062058
1257,1257,,,,,,,,,,,,,,,,,,,,,,,,,,,,,,,,,,,,,,,,,,0.7,-0.9933089257,-1.4943745127,1.128287404324454,2.3423545322,0.3014788283,0.8804457658000002,-1.3143745127
1258,1258,,,,,,,,,,,,,,,,,,,,,,,,,,,,,,,,,,,,,,,,,,0.8,-1.1300596929,-1.2447950051,0.7545525146278707,2.6438333605,0.2738906815000002,0.5789669375000002,-1.4647950051000005
1259,1259,,,,,,,,,,,,,,,,,,,,,,,,,,,,,,,,,,,,,,,,,,0.9,-1.2448679648,-1.0545314817,-2.935258361646932,2.917724042,0.305076256,0.305076256,-1.8345314817
1260,,,,,,,,,,,,,,,,,,,,,,,,,,,,,,,,,,,,,,,,,,,0.0,0.0,-1.0,2.794087594670547,0.0,0.0718988163,0.1374019035,0.5708342553
1261,,,,,,,,,,,,,,,,,,,,,,,,,,,,,,,,,,,,,,,,,,,0.1,-0.0816464141,-0.6389448264,1.4713709671814101,0.0718988163,0.031477956099999996,0.0655030872,0.5708342553
1262,,,,,,,,,,,,,,,,,,,,,,,,,,,,,,,,,,,,,,,,,,,0.2,-0.1353324161,-0.4381217277,4.190861913668548,0.1033767724,0.0172320076,0.03402513110000001,0.5708342553
1263,,,,,,,,,,,,,,,,,,,,,,,,,,,,,,,,,,,,,,,,,,,0.3,-0.1567522646,0.0023843122,0.4102945820971392,0.12060878,0.0025783248000000036,0.016793123500000007,0.5708342553
1264,,,,,,,,,,,,,,,,,,,,,,,,,,,,,,,,,,,,,,,,,,,0.4,-0.1545405956,0.0412021013,0.35258660905291705,0.1231871048,0.002695923900000008,0.014214798700000003,0.5708342553
1265,,,,,,,,,,,,,,,,,,,,,,,,,,,,,,,,,,,,,,,,,,,0.5,-0.1489140886,0.0708342553,0.09592775913849849,0.1258830287,0.0026363063999999825,0.011518874799999995,0.5708342553
1266,,,,,,,,,,,,,,,,,,,,,,,,,,,,,,,,,,,,,,,,,,,0.6,-0.1417093394,0.073222282,0.2672583895331775,0.1285193351,0.002618573900000004,0.008882568400000013,0.5708342553
1267,,,,,,,,,,,,,,,,,,,,,,,,,,,,,,,,,,,,,,,,,,,0.7,-0.1334484916,0.0916872731,-0.2027119943986726,0.131137909,0.0023003108000000105,0.006263994500000009,0.5708342553
1268,,,,,,,,,,,,,,,,,,,,,,,,,,,,,,,,,,,,,,,,,,,0.8,-0.1257038962,0.0636714783,0.2907461225425837,0.1334382198,0.0020960949999999923,0.003963683699999998,0.5708342553
1269,,,,,,,,,,,,,,,,,,,,,,,,,,,,,,,,,,,,,,,,,,,0.9,-0.1182385317,0.0852807261,-0.15438650438239468,0.1355343148,0.0018675887000000058,0.0018675887000000058,0.5708342553
1270,,,,,,,,,,,,,,,,,,,,,,,,,,,,,,,,,,,,,,,,,,,0.0,0.0,-1.0,2.6157556810290203,0.0,0.0727363873,0.1396276399,0.572928985
1271,,,,,,,,,,,,,,,,,,,,,,,,,,,,,,,,,,,,,,,,,,,0.1,-0.0825090752,-0.6559153567,1.6346557612717367,0.0727363873,0.03271630760000001,0.06689125259999999,0.572928985
1272,,,,,,,,,,,,,,,,,,,,,,,,,,,,,,,,,,,,,,,,,,,0.2,-0.13702016,-0.4379386958,3.892173072207651,0.1054526949,0.01652038389999999,0.034174944999999984,0.572928985
1273,,,,,,,,,,,,,,,,,,,,,,,,,,,,,,,,,,,,,,,,,,,0.3,-0.1598674715,-0.0258740771,1.0013085799344499,0.1219730788,0.003181470399999997,0.017654561099999994,0.572928985
1274,,,,,,,,,,,,,,,,,,,,,,,,,,,,,,,,,,,,,,,,,,,0.4,-0.1574860245,0.071875334,0.08294699383370137,0.1251545492,0.002895976100000003,0.014473090699999996,0.572928985
1275,,,,,,,,,,,,,,,,,,,,,,,,,,,,,,,,,,,,,,,,,,,0.5,-0.1502449762,0.072928985,0.23431156054935248,0.1280505253,0.002823212200000008,0.011577114599999994,0.572928985
1276,,,,,,,,,,,,,,,,,,,,,,,,,,,,,,,,,,,,,,,,,,,0.6,-0.1421714453,0.0882866102,-0.23364404992523313,0.1308737375,0.0024767269000000036,0.008753902399999985,0.572928985
1277,,,,,,,,,,,,,,,,,,,,,,,,,,,,,,,,,,,,,,,,,,,0.7,-0.1348998373,0.0576505972,0.04336598326644514,0.1333504644,0.002069193499999983,0.006277175499999982,0.572928985
1278,,,,,,,,,,,,,,,,,,,,,,,,,,,,,,,,,,,,,,,,,,,0.8,-0.1292038147,0.0562911729,0.39121684613417124,0.1354196579,0.0021946359000000193,0.004207981999999999,0.572928985
1279,,,,,,,,,,,,,,,,,,,,,,,,,,,,,,,,,,,,,,,,,,,0.9,-0.1219545357,0.0881635786,-0.11507507327860624,0.1376142938,0.0020133460999999797,0.0020133460999999797,0.572928985
1280,,,,,,,,,,,,,,,,,,,,,,,,,,,,,,,,,,,,,,,,,,,0.0,0.0,-1.0,2.79690775524431,0.0,0.0718859818,0.1343099672,0.5651390245
1281,,,,,,,,,,,,,,,,,,,,,,,,,,,,,,,,,,,,,,,,,,,0.1,-0.0816327718,-0.6386764527,1.702247801471254,0.0718859818,0.030698367899999995,0.06242398539999999,0.5651390245
1282,,,,,,,,,,,,,,,,,,,,,,,,,,,,,,,,,,,,,,,,,,,0.2,-0.1341763869,-0.4159080574,3.8425667779736665,0.1025843497,0.0153528037,0.0317256175,0.5651390245
1283,,,,,,,,,,,,,,,,,,,,,,,,,,,,,,,,,,,,,,,,,,,0.3,-0.1551671723,-0.0106605942,0.6985385354488218,0.1179371534,0.002726349100000011,0.016372813799999997,0.5651390245
1284,,,,,,,,,,,,,,,,,,,,,,,,,,,,,,,,,,,,,,,,,,,0.4,-0.1528025414,0.0568286284,0.1441557557855106,0.1206635025,0.00262858299999999,0.013646464699999986,0.5651390245
1285,,,,,,,,,,,,,,,,,,,,,,,,,,,,,,,,,,,,,,,,,,,0.5,-0.1466973619,0.0651390245,0.1243275312626693,0.1232920855,0.0025255605000000098,0.011017881699999996,0.5651390245
1286,,,,,,,,,,,,,,,,,,,,,,,,,,,,,,,,,,,,,,,,,,,0.6,-0.1398971678,0.0707715835,0.008439874299733335,0.125817646,0.002321954799999998,0.008492321199999986,0.5651390245
1287,,,,,,,,,,,,,,,,,,,,,,,,,,,,,,,,,,,,,,,,,,,0.7,-0.133121506,0.0648399091,0.35172637588432015,0.1281396008,0.0023630399000000024,0.006170366399999988,0.5651390245
1288,,,,,,,,,,,,,,,,,,,,,,,,,,,,,,,,,,,,,,,,,,,0.8,-0.1252498447,0.0921408855,-0.22719674982616747,0.1305026407,0.002090175100000008,0.0038073264999999856,0.5651390245
1289,,,,,,,,,,,,,,,,,,,,,,,,,,,,,,,,,,,,,,,,,,,0.9,-0.1175805298,0.0617518955,0.09668851764484425,0.1325928158,0.0017171513999999777,0.0017171513999999777,0.5651390245
1290,,,,,,,,,,,,,,,,,,,,,,,,,,,,,,,,,,,,,,,,,,,0.0,0.0,-1.0,2.7927570479109565,0.0,0.071904876,0.1344480068,0.5648960415
1291,,,,,,,,,,,,,,,,,,,,,,,,,,,,,,,,,,,,,,,,,,,0.1,-0.0816528505,-0.6390714447,1.7183764689974421,0.071904876,0.030689587399999996,0.06254313079999999,0.5648960415
1292,,,,,,,,,,,,,,,,,,,,,,,,,,,,,,,,,,,,,,,,,,,0.2,-0.134156033,-0.4147306154,3.6937953990257677,0.1025944634,0.014961329499999995,0.03185354339999999,0.5648960415
1293,,,,,,,,,,,,,,,,,,,,,,,,,,,,,,,,,,,,,,,,,,,0.3,-0.1557544393,-0.0237526691,0.7779755738186502,0.1175557929,0.0027962633999999986,0.016892213899999994,0.5648960415
1294,,,,,,,,,,,,,,,,,,,,,,,,,,,,,,,,,,,,,,,,,,,0.4,-0.1542515566,0.0525420056,0.18236210262902428,0.1203520563,0.002656790500000006,0.014095950499999996,0.5648960415
1295,,,,,,,,,,,,,,,,,,,,,,,,,,,,,,,,,,,,,,,,,,,0.5,-0.1483693823,0.0648960415,0.04389826105128014,0.1230088468,0.0025165717000000115,0.01143915999999999,0.5648960415
1296,,,,,,,,,,,,,,,,,,,,,,,,,,,,,,,,,,,,,,,,,,,0.6,-0.1419812854,0.0628977707,0.13933342147901961,0.1255254185,0.002378086999999973,0.008922588299999978,0.5648960415
1297,,,,,,,,,,,,,,,,,,,,,,,,,,,,,,,,,,,,,,,,,,,0.7,-0.1353219821,0.0701718096,0.041857183021678304,0.1279035055,0.00221344380000002,0.006544501300000005,0.5648960415
1298,,,,,,,,,,,,,,,,,,,,,,,,,,,,,,,,,,,,,,,,,,,0.8,-0.1284417118,0.0674772576,0.33778814379933847,0.1301169493,0.002265245199999988,0.004331057499999985,0.5648960415
1299,,,,,,,,,,,,,,,,,,,,,,,,,,,,,,,,,,,,,,,,,,,0.9,-0.1203865248,0.0932008849,-0.08834423250812276,0.1323821945,0.0020658122999999973,0.0020658122999999973,0.5648960415
1300,,,,,,,,,,,,,,,,,,,,,,,,,,,,,,,,,,,,,,,,,,,0.0,0.0,-1.0,2.6190936223514827,0.0,0.0727202333,0.1382604855,0.5585340756
1301,,,,,,,,,,,,,,,,,,,,,,,,,,,,,,,,,,,,,,,,,,,0.1,-0.0824929282,-0.6555977096,1.732010991278445,0.0727202333,0.03236587839999999,0.0655402522,0.5585340756
1302,,,,,,,,,,,,,,,,,,,,,,,,,,,,,,,,,,,,,,,,,,,0.2,-0.1365028369,-0.4283867018,4.108037048824341,0.1050861117,0.016626704000000006,0.033174373800000004,0.5585340756
1303,,,,,,,,,,,,,,,,,,,,,,,,,,,,,,,,,,,,,,,,,,,0.3,-0.1573969337,0.0033110999,0.6128554319878357,0.1217128157,0.0027644871999999987,0.016547669799999998,0.5585340756
1304,,,,,,,,,,,,,,,,,,,,,,,,,,,,,,,,,,,,,,,,,,,0.4,-0.1541171658,0.0613168752,0.032075033667853525,0.1244773029,0.0026428464000000096,0.013783182599999999,0.5585340756
1305,,,,,,,,,,,,,,,,,,,,,,,,,,,,,,,,,,,,,,,,,,,0.5,-0.1481268628,0.0585340756,0.12340730409891373,0.1271201493,0.0024938051999999766,0.01114033619999999,0.5585340756
1306,,,,,,,,,,,,,,,,,,,,,,,,,,,,,,,,,,,,,,,,,,,0.6,-0.1419598794,0.0647078226,0.23824904062323066,0.1296139545,0.002482128900000019,0.008646531000000013,0.5585340756
1307,,,,,,,,,,,,,,,,,,,,,,,,,,,,,,,,,,,,,,,,,,,0.7,-0.1346496192,0.0812224664,-0.05131714264188778,0.1320960834,0.0022738304999999903,0.006164402099999994,0.5585340756
1308,,,,,,,,,,,,,,,,,,,,,,,,,,,,,,,,,,,,,,,,,,,0.8,-0.1271684147,0.0686095477,0.09247639061907995,0.1343699139,0.002021581500000008,0.0038905716000000035,0.5585340756
1309,,,,,,,,,,,,,,,,,,,,,,,,,,,,,,,,,,,,,,,,,,,0.9,-0.1201920604,0.0708808325,0.0748322499019741,0.1363914954,0.0018689900999999953,0.0018689900999999953,0.5585340756
1310,,,,,,,,,,,,,,,,,,,,,,,,,,,,,,,,,,,,,,,,,,,0.0,0.0,-1.0,2.4323812990663893,0.0,0.073651553,0.1439910291,0.552556984
1311,,,,,,,,,,,,,,,,,,,,,,,,,,,,,,,,,,,,,,,,,,,0.1,-0.0833961338,-0.6733657363,1.6333872533951168,0.073651553,0.0346052862,0.0703394761,0.552556984
1312,,,,,,,,,,,,,,,,,,,,,,,,,,,,,,,,,,,,,,,,,,,0.2,-0.1395739782,-0.4538491666,4.014450496822775,0.1082568392,0.017621857899999996,0.035734189900000005,0.552556984
1313,,,,,,,,,,,,,,,,,,,,,,,,,,,,,,,,,,,,,,,,,,,0.3,-0.1633438642,-0.0286342309,0.9935695074508621,0.1258786971,0.003276614499999997,0.01811233200000001,0.552556984
1314,,,,,,,,,,,,,,,,,,,,,,,,,,,,,,,,,,,,,,,,,,,0.4,-0.1612625941,0.0686414498,-0.10037924629172619,0.1291553116,0.0028728415000000007,0.014835717500000012,0.552556984
1315,,,,,,,,,,,,,,,,,,,,,,,,,,,,,,,,,,,,,,,,,,,0.5,-0.1552160529,0.052556984,0.1279878083809239,0.1320281531,0.0026493428000000097,0.011962876000000011,0.552556984
1316,,,,,,,,,,,,,,,,,,,,,,,,,,,,,,,,,,,,,,,,,,,0.6,-0.1495956147,0.0597353265,0.005937738397849501,0.1346774959,0.0024789256999999953,0.009313533200000002,0.552556984
1317,,,,,,,,,,,,,,,,,,,,,,,,,,,,,,,,,,,,,,,,,,,0.7,-0.1438822938,0.0546157795,0.35347786516954127,0.1371564216,0.0025254157000000055,0.006834607500000006,0.552556984
1318,,,,,,,,,,,,,,,,,,,,,,,,,,,,,,,,,,,,,,,,,,,0.8,-0.1369750521,0.0830563244,-0.1736413364422035,0.1396818373,0.0022947111999999936,0.004309191800000001,0.552556984
1319,,,,,,,,,,,,,,,,,,,,,,,,,,,,,,,,,,,,,,,,,,,0.9,-0.1299111726,0.0586283112,0.14472770557287024,0.1419765485,0.002014480600000007,0.002014480600000007,0.552556984
1320,1320,1320.0,1320.0,1320.0,1320.0,1320.0,1320.0,1320.0,1320.0,1320.0,1320.0,1320.0,1320.0,1320.0,1320.0,1320.0,1320.0,1320.0,1320.0,1320.0,1320.0,1320.0,1320.0,1320.0,1320.0,1320.0,1320.0,1320.0,1320.0,1320.0,1320.0,1320.0,1320.0,1320.0,1320.0,1320.0,1320.0,1320.0,1320.0,1320.0,1320.0,0.0,0.0,0.0,-1.0,-16.223413209045418,0.0,0.4514152589,29.7718561709,-2.5
1321,1321,1321.0,1321.0,1321.0,1321.0,1321.0,1321.0,1321.0,1321.0,1321.0,1321.0,1321.0,1321.0,1321.0,1321.0,1321.0,1321.0,1321.0,1321.0,1321.0,1321.0,1321.0,1321.0,1321.0,1321.0,1321.0,1321.0,1321.0,1321.0,1321.0,1321.0,1321.0,1321.0,1321.0,1321.0,1321.0,1321.0,1321.0,1321.0,1321.0,1321.0,1.0,0.1,-0.1736420145,-2.4486993064,-11.127165645175472,0.4514152589,0.9007352509,29.320440912,-3.2286993064
1322,1322,1322.0,1322.0,1322.0,1322.0,1322.0,1322.0,1322.0,1322.0,1322.0,1322.0,1322.0,1322.0,1322.0,1322.0,1322.0,1322.0,1322.0,1322.0,1322.0,1322.0,1322.0,1322.0,1322.0,1322.0,1322.0,1322.0,1322.0,1322.0,1322.0,1322.0,1322.0,1322.0,1322.0,1322.0,1322.0,1322.0,1322.0,1322.0,1322.0,1322.0,2.0,0.2,-0.460493317,-3.2745645684,-5.602319840340524,1.3521505098,1.2037912137000002,28.4197056611,-3.4945645684000004
1323,1323,1323.0,1323.0,1323.0,1323.0,1323.0,1323.0,1323.0,1323.0,1323.0,1323.0,1323.0,1323.0,1323.0,1323.0,1323.0,1323.0,1323.0,1323.0,1323.0,1323.0,1323.0,1323.0,1323.0,1323.0,1323.0,1323.0,1323.0,1323.0,1323.0,1323.0,1323.0,1323.0,1323.0,1323.0,1323.0,1323.0,1323.0,1323.0,1323.0,1323.0,3.0,0.3,-0.7992099118,-3.4960799577,-18.22711892961172,2.5559417235,2.0548606756,27.2159144474,-3.3160799577000004
1324,1324,1324.0,1324.0,1324.0,1324.0,1324.0,1324.0,1324.0,1324.0,1324.0,1324.0,1324.0,1324.0,1324.0,1324.0,1324.0,1324.0,1324.0,1324.0,1324.0,1324.0,1324.0,1324.0,1324.0,1324.0,1324.0,1324.0,1324.0,1324.0,1324.0,1324.0,1324.0,1324.0,1324.0,1324.0,1324.0,1324.0,1324.0,1324.0,1324.0,1324.0,4.0,0.4,-1.2200781154,-4.897923647,-19.517409604292705,4.6108023991,3.5725964763,25.1610537718,-4.477923647
1325,1325,1325.0,1325.0,1325.0,1325.0,1325.0,1325.0,1325.0,1325.0,1325.0,1325.0,1325.0,1325.0,1325.0,1325.0,1325.0,1325.0,1325.0,1325.0,1325.0,1325.0,1325.0,1325.0,1325.0,1325.0,1325.0,1325.0,1325.0,1325.0,1325.0,1325.0,1325.0,1325.0,1325.0,1325.0,1325.0,1325.0,1325.0,1325.0,1325.0,1325.0,5.0,0.5,-1.7805910661,-6.2891516568,-5.781609772559882,8.1833988754,4.3831069107000005,21.5884572955,-5.7891516568
1326,1326,1326.0,1326.0,1326.0,1326.0,1326.0,1326.0,1326.0,1326.0,1326.0,1326.0,1326.0,1326.0,1326.0,1326.0,1326.0,1326.0,1326.0,1326.0,1326.0,1326.0,1326.0,1326.0,1326.0,1326.0,1326.0,1326.0,1326.0,1326.0,1326.0,1326.0,1326.0,1326.0,1326.0,1326.0,1326.0,1326.0,1326.0,1326.0,1326.0,1326.0,6.0,0.6,-2.4070510576,-6.2408526425,7.206543505334263,12.5665057861,3.894893646999998,17.2053503848,-5.8208526425
1327,1327,1327.0,1327.0,1327.0,1327.0,1327.0,1327.0,1327.0,1327.0,1327.0,1327.0,1327.0,1327.0,1327.0,1327.0,1327.0,1327.0,1327.0,1327.0,1327.0,1327.0,1327.0,1327.0,1327.0,1327.0,1327.0,1327.0,1327.0,1327.0,1327.0,1327.0,1327.0,1327.0,1327.0,1327.0,1327.0,1327.0,1327.0,1327.0,1327.0,1327.0,7.0,0.7,-2.9660855314,-4.9611638182,-2.128451826306339,16.4613994331,3.3621486676,13.310456737800004,-4.7811638182
1328,1328,1328.0,1328.0,1328.0,1328.0,1328.0,1328.0,1328.0,1328.0,1328.0,1328.0,1328.0,1328.0,1328.0,1328.0,1328.0,1328.0,1328.0,1328.0,1328.0,1328.0,1328.0,1328.0,1328.0,1328.0,1328.0,1328.0,1328.0,1328.0,1328.0,1328.0,1328.0,1328.0,1328.0,1328.0,1328.0,1328.0,1328.0,1328.0,1328.0,1328.0,8.0,0.8,-3.4484989487,-4.6915955835,-18.34361262419938,19.8235481007,4.421997758000003,9.948308070200005,-4.9115955835000005
1329,1329,1329.0,1329.0,1329.0,1329.0,1329.0,1329.0,1329.0,1329.0,1329.0,1329.0,1329.0,1329.0,1329.0,1329.0,1329.0,1329.0,1329.0,1329.0,1329.0,1329.0,1329.0,1329.0,1329.0,1329.0,1329.0,1329.0,1329.0,1329.0,1329.0,1329.0,1329.0,1329.0,1329.0,1329.0,1329.0,1329.0,1329.0,1329.0,1329.0,1329.0,9.0,0.9,-3.9836988417,-5.9907569529,-7.223436594249515,24.2455458587,5.5263103122,5.5263103122,-6.7707569529
1330,1330,1330.0,1330.0,1330.0,1330.0,1330.0,1330.0,1330.0,1330.0,1330.0,1330.0,1330.0,1330.0,1330.0,1330.0,1330.0,1330.0,1330.0,1330.0,1330.0,1330.0,1330.0,1330.0,1330.0,1330.0,1330.0,1330.0,1330.0,1330.0,1330.0,1330.0,1330.0,1330.0,1330.0,1330.0,1330.0,1330.0,1330.0,1330.0,1330.0,1330.0,0.0,0.0,0.0,-1.0,-17.99075255474877,0.0,0.516436663,4.2032765733,-2.5
1331,1331,1331.0,1331.0,1331.0,1331.0,1331.0,1331.0,1331.0,1331.0,1331.0,1331.0,1331.0,1331.0,1331.0,1331.0,1331.0,1331.0,1331.0,1331.0,1331.0,1331.0,1331.0,1331.0,1331.0,1331.0,1331.0,1331.0,1331.0,1331.0,1331.0,1331.0,1331.0,1331.0,1331.0,1331.0,1331.0,1331.0,1331.0,1331.0,1331.0,1331.0,1.0,0.1,-0.182191373,-2.6168838825,13.25559321441648,0.516436663,0.4573095218999999,3.6868399103,-3.3968838825
1332,1332,1332.0,1332.0,1332.0,1332.0,1332.0,1332.0,1332.0,1332.0,1332.0,1332.0,1332.0,1332.0,1332.0,1332.0,1332.0,1332.0,1332.0,1332.0,1332.0,1332.0,1332.0,1332.0,1332.0,1332.0,1332.0,1332.0,1332.0,1332.0,1332.0,1332.0,1332.0,1332.0,1332.0,1332.0,1332.0,1332.0,1332.0,1332.0,1332.0,1332.0,2.0,0.2,-0.3670980208,-1.1064179133,-19.042848279223847,0.9737461849,0.6160147081,3.2295303884,-1.3264179133
1333,1333,1333.0,1333.0,1333.0,1333.0,1333.0,1333.0,1333.0,1333.0,1333.0,1333.0,1333.0,1333.0,1333.0,1333.0,1333.0,1333.0,1333.0,1333.0,1333.0,1333.0,1333.0,1333.0,1333.0,1333.0,1333.0,1333.0,1333.0,1333.0,1333.0,1333.0,1333.0,1333.0,1333.0,1333.0,1333.0,1333.0,1333.0,1333.0,1333.0,1333.0,3.0,0.3,-0.5645056995,-2.8132950625,18.075874244171047,1.589760893,0.5666277353999998,2.6135156803,-2.6332950625
1334,1334,1334.0,1334.0,1334.0,1334.0,1334.0,1334.0,1334.0,1334.0,1334.0,1334.0,1334.0,1334.0,1334.0,1334.0,1334.0,1334.0,1334.0,1334.0,1334.0,1334.0,1334.0,1334.0,1334.0,1334.0,1334.0,1334.0,1334.0,1334.0,1334.0,1334.0,1334.0,1334.0,1334.0,1334.0,1334.0,1334.0,1334.0,1334.0,1334.0,1334.0,4.0,0.4,-0.7447855748,-0.8254277627,-5.806523971920786,2.1563886284,0.1956207932000002,2.0468879449000004,-0.4054277626999999
1335,1335,1335.0,1335.0,1335.0,1335.0,1335.0,1335.0,1335.0,1335.0,1335.0,1335.0,1335.0,1335.0,1335.0,1335.0,1335.0,1335.0,1335.0,1335.0,1335.0,1335.0,1335.0,1335.0,1335.0,1335.0,1335.0,1335.0,1335.0,1335.0,1335.0,1335.0,1335.0,1335.0,1335.0,1335.0,1335.0,1335.0,1335.0,1335.0,1335.0,1335.0,5.0,0.5,-0.8514230901,-1.2994426446,-12.559121734151702,2.3520094216,0.5161614752000001,1.8512671517,-0.7994426446
1336,1336,1336.0,1336.0,1336.0,1336.0,1336.0,1336.0,1336.0,1336.0,1336.0,1336.0,1336.0,1336.0,1336.0,1336.0,1336.0,1336.0,1336.0,1336.0,1336.0,1336.0,1336.0,1336.0,1336.0,1336.0,1336.0,1336.0,1336.0,1336.0,1336.0,1336.0,1336.0,1336.0,1336.0,1336.0,1336.0,1336.0,1336.0,1336.0,1336.0,1336.0,6.0,0.6,-1.0358351364,-2.3709427718,6.40876848950175,2.8681708968,0.5354404796999996,1.3351056765,-1.9509427718
1337,1337,1337.0,1337.0,1337.0,1337.0,1337.0,1337.0,1337.0,1337.0,1337.0,1337.0,1337.0,1337.0,1337.0,1337.0,1337.0,1337.0,1337.0,1337.0,1337.0,1337.0,1337.0,1337.0,1337.0,1337.0,1337.0,1337.0,1337.0,1337.0,1337.0,1337.0,1337.0,1337.0,1337.0,1337.0,1337.0,1337.0,1337.0,1337.0,1337.0,1337.0,7.0,0.7,-1.2304585088,-1.5354425504,16.126801735174297,3.4036113765,0.3634714635000002,0.7996651968000004,-1.3554425503999998
1338,1338,1338.0,1338.0,1338.0,1338.0,1338.0,1338.0,1338.0,1338.0,1338.0,1338.0,1338.0,1338.0,1338.0,1338.0,1338.0,1338.0,1338.0,1338.0,1338.0,1338.0,1338.0,1338.0,1338.0,1338.0,1338.0,1338.0,1338.0,1338.0,1338.0,1338.0,1338.0,1338.0,1338.0,1338.0,1338.0,1338.0,1338.0,1338.0,1338.0,1338.0,8.0,0.8,-1.2985634009,0.1453425152,-4.279723407477057,3.76708284,0.1797174495,0.4361937333000001,-0.0746574848000002
1339,1339,1339.0,1339.0,1339.0,1339.0,1339.0,1339.0,1339.0,1339.0,1339.0,1339.0,1339.0,1339.0,1339.0,1339.0,1339.0,1339.0,1339.0,1339.0,1339.0,1339.0,1339.0,1339.0,1339.0,1339.0,1339.0,1339.0,1339.0,1339.0,1339.0,1339.0,1339.0,1339.0,1339.0,1339.0,1339.0,1339.0,1339.0,1339.0,1339.0,1339.0,9.0,0.9,-1.305434773,-0.2757584534,11.640339224226429,3.9468002895,0.2564762838000001,0.2564762838000001,-1.0557584534000002
1340,1340,1340.0,1340.0,1340.0,1340.0,1340.0,1340.0,1340.0,1340.0,1340.0,1340.0,1340.0,1340.0,1340.0,1340.0,1340.0,1340.0,1340.0,1340.0,1340.0,1340.0,1340.0,1340.0,1340.0,1340.0,1340.0,1340.0,1340.0,1340.0,1340.0,1340.0,1340.0,1340.0,1340.0,1340.0,1340.0,1340.0,1340.0,1340.0,1340.0,1340.0,0.0,0.0,0.0,-1.0,-17.533091805441213,0.0,0.4991136169,9.0896593053,-2.5
1341,1341,1341.0,1341.0,1341.0,1341.0,1341.0,1341.0,1341.0,1341.0,1341.0,1341.0,1341.0,1341.0,1341.0,1341.0,1341.0,1341.0,1341.0,1341.0,1341.0,1341.0,1341.0,1341.0,1341.0,1341.0,1341.0,1341.0,1341.0,1341.0,1341.0,1341.0,1341.0,1341.0,1341.0,1341.0,1341.0,1341.0,1341.0,1341.0,1341.0,1341.0,1.0,0.1,-0.1799774767,-2.5733317038,-3.375926366604656,0.4991136169,0.6982598629,8.5905456884,-3.3533317038000003
1342,1342,1342.0,1342.0,1342.0,1342.0,1342.0,1342.0,1342.0,1342.0,1342.0,1342.0,1342.0,1342.0,1342.0,1342.0,1342.0,1342.0,1342.0,1342.0,1342.0,1342.0,1342.0,1342.0,1342.0,1342.0,1342.0,1342.0,1342.0,1342.0,1342.0,1342.0,1342.0,1342.0,1342.0,1342.0,1342.0,1342.0,1342.0,1342.0,1342.0,1342.0,2.0,0.2,-0.4411932026,-2.6497086146,-18.376832640577625,1.1973734798,1.3875481381,7.8922858255,-2.8697086146000004
1343,1343,1343.0,1343.0,1343.0,1343.0,1343.0,1343.0,1343.0,1343.0,1343.0,1343.0,1343.0,1343.0,1343.0,1343.0,1343.0,1343.0,1343.0,1343.0,1343.0,1343.0,1343.0,1343.0,1343.0,1343.0,1343.0,1343.0,1343.0,1343.0,1343.0,1343.0,1343.0,1343.0,1343.0,1343.0,1343.0,1343.0,1343.0,1343.0,1343.0,1343.0,3.0,0.3,-0.7822427388,-4.1463423425,7.08217449592199,2.5849216179,1.4283012092999998,6.5047376874,-3.9663423425
1344,1344,1344.0,1344.0,1344.0,1344.0,1344.0,1344.0,1344.0,1344.0,1344.0,1344.0,1344.0,1344.0,1344.0,1344.0,1344.0,1344.0,1344.0,1344.0,1344.0,1344.0,1344.0,1344.0,1344.0,1344.0,1344.0,1344.0,1344.0,1344.0,1344.0,1344.0,1344.0,1344.0,1344.0,1344.0,1344.0,1344.0,1344.0,1344.0,1344.0,1344.0,4.0,0.4,-1.1425599374,-3.0778076943,-0.4224455170640695,4.0132228272,1.0381748040000005,5.0764364781,-2.6578076943
1345,1345,1345.0,1345.0,1345.0,1345.0,1345.0,1345.0,1345.0,1345.0,1345.0,1345.0,1345.0,1345.0,1345.0,1345.0,1345.0,1345.0,1345.0,1345.0,1345.0,1345.0,1345.0,1345.0,1345.0,1345.0,1345.0,1345.0,1345.0,1345.0,1345.0,1345.0,1345.0,1345.0,1345.0,1345.0,1345.0,1345.0,1345.0,1345.0,1345.0,1345.0,5.0,0.5,-1.437495566,-2.8251166173,-6.375591782294476,5.0513976312,1.1712192272,4.038261674099999,-2.3251166173
1346,1346,1346.0,1346.0,1346.0,1346.0,1346.0,1346.0,1346.0,1346.0,1346.0,1346.0,1346.0,1346.0,1346.0,1346.0,1346.0,1346.0,1346.0,1346.0,1346.0,1346.0,1346.0,1346.0,1346.0,1346.0,1346.0,1346.0,1346.0,1346.0,1346.0,1346.0,1346.0,1346.0,1346.0,1346.0,1346.0,1346.0,1346.0,1346.0,1346.0,1346.0,6.0,0.6,-1.7371823665,-3.1629889951,16.41494603512197,6.2226168584,1.0023680587999992,2.8670424469,-2.7429889951
1347,1347,1347.0,1347.0,1347.0,1347.0,1347.0,1347.0,1347.0,1347.0,1347.0,1347.0,1347.0,1347.0,1347.0,1347.0,1347.0,1347.0,1347.0,1347.0,1347.0,1347.0,1347.0,1347.0,1347.0,1347.0,1347.0,1347.0,1347.0,1347.0,1347.0,1347.0,1347.0,1347.0,1347.0,1347.0,1347.0,1347.0,1347.0,1347.0,1347.0,1347.0,7.0,0.7,-1.9587748746,-1.2999018835,-5.87719781285735,7.2249849172,0.6630684201000001,1.8646743881,-1.1199018835
1348,1348,1348.0,1348.0,1348.0,1348.0,1348.0,1348.0,1348.0,1348.0,1348.0,1348.0,1348.0,1348.0,1348.0,1348.0,1348.0,1348.0,1348.0,1348.0,1348.0,1348.0,1348.0,1348.0,1348.0,1348.0,1348.0,1348.0,1348.0,1348.0,1348.0,1348.0,1348.0,1348.0,1348.0,1348.0,1348.0,1348.0,1348.0,1348.0,1348.0,1348.0,8.0,0.8,-2.1109074138,-1.7354891256,10.346346044499306,7.8880533373,0.6715628573000005,1.201605968,-1.9554891256
1349,1349,1349.0,1349.0,1349.0,1349.0,1349.0,1349.0,1349.0,1349.0,1349.0,1349.0,1349.0,1349.0,1349.0,1349.0,1349.0,1349.0,1349.0,1349.0,1349.0,1349.0,1349.0,1349.0,1349.0,1349.0,1349.0,1349.0,1349.0,1349.0,1349.0,1349.0,1349.0,1349.0,1349.0,1349.0,1349.0,1349.0,1349.0,1349.0,1349.0,1349.0,9.0,0.9,-2.2260129353,-0.5857489997,2.167420400139917,8.5596161946,0.5300431106999994,0.5300431106999994,-1.3657489997000003
1350,1350,1350.0,1350.0,1350.0,1350.0,1350.0,1350.0,1350.0,1350.0,1350.0,1350.0,1350.0,1350.0,1350.0,1350.0,1350.0,1350.0,1350.0,1350.0,1350.0,1350.0,1350.0,1350.0,1350.0,1350.0,1350.0,1350.0,1350.0,1350.0,1350.0,1350.0,1350.0,1350.0,1350.0,1350.0,1350.0,1350.0,1350.0,1350.0,1350.0,1350.0,0.0,0.0,0.0,-1.0,-3.522860548622809,0.0,0.1329809458,2.0650087198,0.3087471788
1351,1351,1351.0,1351.0,1351.0,1351.0,1351.0,1351.0,1351.0,1351.0,1351.0,1351.0,1351.0,1351.0,1351.0,1351.0,1351.0,1351.0,1351.0,1351.0,1351.0,1351.0,1351.0,1351.0,1351.0,1351.0,1351.0,1351.0,1351.0,1351.0,1351.0,1351.0,1351.0,1351.0,1351.0,1351.0,1351.0,1351.0,1351.0,1351.0,1351.0,1351.0,1.0,0.1,-0.1122041354,-1.2400819195,3.919371229353917,0.1329809458,0.1106301945,1.932027774,0.3087471788
1352,1352,1352.0,1352.0,1352.0,1352.0,1352.0,1352.0,1352.0,1352.0,1352.0,1352.0,1352.0,1352.0,1352.0,1352.0,1352.0,1352.0,1352.0,1352.0,1352.0,1352.0,1352.0,1352.0,1352.0,1352.0,1352.0,1352.0,1352.0,1352.0,1352.0,1352.0,1352.0,1352.0,1352.0,1352.0,1352.0,1352.0,1352.0,1352.0,1352.0,1352.0,2.0,0.2,-0.211253946,-0.749094986,-16.592525416431002,0.2436111403,0.3940011388,1.8213975795,0.3087471788
1353,1353,1353.0,1353.0,1353.0,1353.0,1353.0,1353.0,1353.0,1353.0,1353.0,1353.0,1353.0,1353.0,1353.0,1353.0,1353.0,1353.0,1353.0,1353.0,1353.0,1353.0,1353.0,1353.0,1353.0,1353.0,1353.0,1353.0,1353.0,1353.0,1353.0,1353.0,1353.0,1353.0,1353.0,1353.0,1353.0,1353.0,1353.0,1353.0,1353.0,1353.0,3.0,0.3,-0.3628047387,-2.2567967349,2.501689764057147,0.6376122791,0.4377911335000001,1.4273964407,0.3087471788
1354,1354,1354.0,1354.0,1354.0,1354.0,1354.0,1354.0,1354.0,1354.0,1354.0,1354.0,1354.0,1354.0,1354.0,1354.0,1354.0,1354.0,1354.0,1354.0,1354.0,1354.0,1354.0,1354.0,1354.0,1354.0,1354.0,1354.0,1354.0,1354.0,1354.0,1354.0,1354.0,1354.0,1354.0,1354.0,1354.0,1354.0,1354.0,1354.0,1354.0,1354.0,4.0,0.4,-0.5654658011,-1.8039666961,15.142965919793994,1.0754034126,0.2727198615999999,0.9896053071999996,0.3087471788
1355,1355,1355.0,1355.0,1355.0,1355.0,1355.0,1355.0,1355.0,1355.0,1355.0,1355.0,1355.0,1355.0,1355.0,1355.0,1355.0,1355.0,1355.0,1355.0,1355.0,1355.0,1355.0,1355.0,1355.0,1355.0,1355.0,1355.0,1355.0,1355.0,1355.0,1355.0,1355.0,1355.0,1355.0,1355.0,1355.0,1355.0,1355.0,1355.0,1355.0,1355.0,5.0,0.5,-0.6638830839,-0.1912528212,-2.616247636020009,1.3481232742,0.0592830022999999,0.7168854455999998,0.3087471788
1356,1356,1356.0,1356.0,1356.0,1356.0,1356.0,1356.0,1356.0,1356.0,1356.0,1356.0,1356.0,1356.0,1356.0,1356.0,1356.0,1356.0,1356.0,1356.0,1356.0,1356.0,1356.0,1356.0,1356.0,1356.0,1356.0,1356.0,1356.0,1356.0,1356.0,1356.0,1356.0,1356.0,1356.0,1356.0,1356.0,1356.0,1356.0,1356.0,1356.0,1356.0,6.0,0.6,-0.694738703,-0.4220219658,-7.874882707748348,1.4074062765,0.1494866568999999,0.6576024432999998,0.3087471788
1357,1357,1357.0,1357.0,1357.0,1357.0,1357.0,1357.0,1357.0,1357.0,1357.0,1357.0,1357.0,1357.0,1357.0,1357.0,1357.0,1357.0,1357.0,1357.0,1357.0,1357.0,1357.0,1357.0,1357.0,1357.0,1357.0,1357.0,1357.0,1357.0,1357.0,1357.0,1357.0,1357.0,1357.0,1357.0,1357.0,1357.0,1357.0,1357.0,1357.0,1357.0,7.0,0.7,-0.7729931198,-1.1312558197,0.2187101112388099,1.5568929334,0.1823356666,0.5081157863999999,0.3087471788
1358,1358,1358.0,1358.0,1358.0,1358.0,1358.0,1358.0,1358.0,1358.0,1358.0,1358.0,1358.0,1358.0,1358.0,1358.0,1358.0,1358.0,1358.0,1358.0,1358.0,1358.0,1358.0,1358.0,1358.0,1358.0,1358.0,1358.0,1358.0,1358.0,1358.0,1358.0,1358.0,1358.0,1358.0,1358.0,1358.0,1358.0,1358.0,1358.0,1358.0,1358.0,8.0,0.8,-0.879588646,-1.0027892825,14.33937302587239,1.7392286,0.2092359171,0.3257801197999999,0.3087471788
1359,1359,1359.0,1359.0,1359.0,1359.0,1359.0,1359.0,1359.0,1359.0,1359.0,1359.0,1359.0,1359.0,1359.0,1359.0,1359.0,1359.0,1359.0,1359.0,1359.0,1359.0,1359.0,1359.0,1359.0,1359.0,1359.0,1359.0,1359.0,1359.0,1359.0,1359.0,1359.0,1359.0,1359.0,1359.0,1359.0,1359.0,1359.0,1359.0,1359.0,1359.0,9.0,0.9,-0.9056512118,0.4572105859,3.075173950256982,1.9484645171,0.1165442026999998,0.1165442026999998,0.3087471788
1360,1360,1360.0,1360.0,1360.0,1360.0,1360.0,1360.0,1360.0,1360.0,1360.0,1360.0,1360.0,1360.0,1360.0,1360.0,1360.0,1360.0,1360.0,1360.0,1360.0,1360.0,1360.0,1360.0,1360.0,1360.0,1360.0,1360.0,1360.0,1360.0,1360.0,1360.0,1360.0,1360.0,1360.0,1360.0,1360.0,1360.0,1360.0,1360.0,1360.0,1360.0,0.0,0.0,0.0,-1.0,-11.05623219595122,0.0,0.2903335475,9.7673413391,-2.5
1361,1361,1361.0,1361.0,1361.0,1361.0,1361.0,1361.0,1361.0,1361.0,1361.0,1361.0,1361.0,1361.0,1361.0,1361.0,1361.0,1361.0,1361.0,1361.0,1361.0,1361.0,1361.0,1361.0,1361.0,1361.0,1361.0,1361.0,1361.0,1361.0,1361.0,1361.0,1361.0,1361.0,1361.0,1361.0,1361.0,1361.0,1361.0,1361.0,1361.0,1361.0,1.0,0.1,-0.1486462005,-1.9569770191,-14.56737894013639,0.2903335475,0.7847281533000001,9.4770077916,-2.7369770191
1362,1362,1362.0,1362.0,1362.0,1362.0,1362.0,1362.0,1362.0,1362.0,1362.0,1362.0,1362.0,1362.0,1362.0,1362.0,1362.0,1362.0,1362.0,1362.0,1362.0,1362.0,1362.0,1362.0,1362.0,1362.0,1362.0,1362.0,1362.0,1362.0,1362.0,1362.0,1362.0,1362.0,1362.0,1362.0,1362.0,1362.0,1362.0,1362.0,1362.0,1362.0,2.0,0.2,-0.4053457093,-3.1570154043,-4.902770470775728,1.0750617008,1.0958756543,8.6922796383,-3.3770154043
1363,1363,1363.0,1363.0,1363.0,1363.0,1363.0,1363.0,1363.0,1363.0,1363.0,1363.0,1363.0,1363.0,1363.0,1363.0,1363.0,1363.0,1363.0,1363.0,1363.0,1363.0,1363.0,1363.0,1363.0,1363.0,1363.0,1363.0,1363.0,1363.0,1363.0,1363.0,1363.0,1363.0,1363.0,1363.0,1363.0,1363.0,1363.0,1363.0,1363.0,1363.0,3.0,0.3,-0.7294921281,-3.3231460326,-11.390038133185351,2.1709373551,1.5324405260000002,7.596403984,-3.1431460326
1364,1364,1364.0,1364.0,1364.0,1364.0,1364.0,1364.0,1364.0,1364.0,1364.0,1364.0,1364.0,1364.0,1364.0,1364.0,1364.0,1364.0,1364.0,1364.0,1364.0,1364.0,1364.0,1364.0,1364.0,1364.0,1364.0,1364.0,1364.0,1364.0,1364.0,1364.0,1364.0,1364.0,1364.0,1364.0,1364.0,1364.0,1364.0,1364.0,1364.0,1364.0,4.0,0.4,-1.1008288533,-4.0908131207,13.704114321255425,3.7033778811,1.3248807050999996,6.063963458,-3.6708131207
1365,1365,1365.0,1365.0,1365.0,1365.0,1365.0,1365.0,1365.0,1365.0,1365.0,1365.0,1365.0,1365.0,1365.0,1365.0,1365.0,1365.0,1365.0,1365.0,1365.0,1365.0,1365.0,1365.0,1365.0,1365.0,1365.0,1365.0,1365.0,1365.0,1365.0,1365.0,1365.0,1365.0,1365.0,1365.0,1365.0,1365.0,1365.0,1365.0,1365.0,1365.0,5.0,0.5,-1.4238287035,-2.3974018384,6.783346803045653,5.0282585862,0.6449307516000005,4.7390827529,-1.8974018384
1366,1366,1366.0,1366.0,1366.0,1366.0,1366.0,1366.0,1366.0,1366.0,1366.0,1366.0,1366.0,1366.0,1366.0,1366.0,1366.0,1366.0,1366.0,1366.0,1366.0,1366.0,1366.0,1366.0,1366.0,1366.0,1366.0,1366.0,1366.0,1366.0,1366.0,1366.0,1366.0,1366.0,1366.0,1366.0,1366.0,1366.0,1366.0,1366.0,1366.0,1366.0,6.0,0.6,-1.6191578582,-1.5237380034,-12.644610362871308,5.6731893378,0.8083045726,4.0941520013,-1.1037380034000002
1367,1367,1367.0,1367.0,1367.0,1367.0,1367.0,1367.0,1367.0,1367.0,1367.0,1367.0,1367.0,1367.0,1367.0,1367.0,1367.0,1367.0,1367.0,1367.0,1367.0,1367.0,1367.0,1367.0,1367.0,1367.0,1367.0,1367.0,1367.0,1367.0,1367.0,1367.0,1367.0,1367.0,1367.0,1367.0,1367.0,1367.0,1367.0,1367.0,1367.0,1367.0,7.0,0.7,-1.8253267627,-2.5820301352,2.862633811374621,6.4814939104,0.9229234734,3.2858474286999995,-2.4020301352
1368,1368,1368.0,1368.0,1368.0,1368.0,1368.0,1368.0,1368.0,1368.0,1368.0,1368.0,1368.0,1368.0,1368.0,1368.0,1368.0,1368.0,1368.0,1368.0,1368.0,1368.0,1368.0,1368.0,1368.0,1368.0,1368.0,1368.0,1368.0,1368.0,1368.0,1368.0,1368.0,1368.0,1368.0,1368.0,1368.0,1368.0,1368.0,1368.0,1368.0,1368.0,8.0,0.8,-2.0571919849,-2.0639015319,-6.110179129950311,7.4044173838,1.0005041414000004,2.3629239552999994,-2.2839015319
1369,1369,1369.0,1369.0,1369.0,1369.0,1369.0,1369.0,1369.0,1369.0,1369.0,1369.0,1369.0,1369.0,1369.0,1369.0,1369.0,1369.0,1369.0,1369.0,1369.0,1369.0,1369.0,1369.0,1369.0,1369.0,1369.0,1369.0,1369.0,1369.0,1369.0,1369.0,1369.0,1369.0,1369.0,1369.0,1369.0,1369.0,1369.0,1369.0,1369.0,1369.0,9.0,0.9,-2.2831551949,-2.4489562348,-8.165227514908588,8.4049215252,1.362419813899999,1.362419813899999,-3.2289562348
1370,1370,1370.0,1370.0,1370.0,1370.0,1370.0,1370.0,1370.0,1370.0,1370.0,1370.0,1370.0,1370.0,1370.0,1370.0,1370.0,1370.0,1370.0,1370.0,1370.0,1370.0,1370.0,1370.0,1370.0,1370.0,1370.0,1370.0,1370.0,1370.0,1370.0,1370.0,1370.0,1370.0,1370.0,1370.0,1370.0,1370.0,1370.0,1370.0,1370.0,1370.0,0.0,0.0,0.0,-1.0,-16.317320448540798,0.0,0.4547428737,21.0361066122,-2.5
1371,1371,1371.0,1371.0,1371.0,1371.0,1371.0,1371.0,1371.0,1371.0,1371.0,1371.0,1371.0,1371.0,1371.0,1371.0,1371.0,1371.0,1371.0,1371.0,1371.0,1371.0,1371.0,1371.0,1371.0,1371.0,1371.0,1371.0,1371.0,1371.0,1371.0,1371.0,1371.0,1371.0,1371.0,1371.0,1371.0,1371.0,1371.0,1371.0,1371.0,1371.0,1.0,0.1,-0.1740962831,-2.4576357618,-8.899859919664062,0.4547428737,0.8197134387999999,20.5813637385,-3.2376357618000005
1372,1372,1372.0,1372.0,1372.0,1372.0,1372.0,1372.0,1372.0,1372.0,1372.0,1372.0,1372.0,1372.0,1372.0,1372.0,1372.0,1372.0,1372.0,1372.0,1372.0,1372.0,1372.0,1372.0,1372.0,1372.0,1372.0,1372.0,1372.0,1372.0,1372.0,1372.0,1372.0,1372.0,1372.0,1372.0,1372.0,1372.0,1372.0,1372.0,1372.0,1372.0,2.0,0.2,-0.4510237101,-3.0706943267,-0.9543945849851524,1.2744563125,0.9187531625000004,19.7616502997,-3.2906943267
1373,1373,1373.0,1373.0,1373.0,1373.0,1373.0,1373.0,1373.0,1373.0,1373.0,1373.0,1373.0,1373.0,1373.0,1373.0,1373.0,1373.0,1373.0,1373.0,1373.0,1373.0,1373.0,1373.0,1373.0,1373.0,1373.0,1373.0,1373.0,1373.0,1373.0,1373.0,1373.0,1373.0,1373.0,1373.0,1373.0,1373.0,1373.0,1373.0,1373.0,1373.0,3.0,0.3,-0.7478556968,-2.8693017985,-8.012373947059057,2.193209475,1.0881098688999995,18.8428971372,-2.6893017985
1374,1374,1374.0,1374.0,1374.0,1374.0,1374.0,1374.0,1374.0,1374.0,1374.0,1374.0,1374.0,1374.0,1374.0,1374.0,1374.0,1374.0,1374.0,1374.0,1374.0,1374.0,1374.0,1374.0,1374.0,1374.0,1374.0,1374.0,1374.0,1374.0,1374.0,1374.0,1374.0,1374.0,1374.0,1374.0,1374.0,1374.0,1374.0,1374.0,1374.0,1374.0,4.0,0.4,-1.0596640554,-3.3587308346,-10.514530114768842,3.2813193439,1.5864747554000005,17.754787268300003,-2.9387308346000003
1375,1375,1375.0,1375.0,1375.0,1375.0,1375.0,1375.0,1375.0,1375.0,1375.0,1375.0,1375.0,1375.0,1375.0,1375.0,1375.0,1375.0,1375.0,1375.0,1375.0,1375.0,1375.0,1375.0,1375.0,1375.0,1375.0,1375.0,1375.0,1375.0,1375.0,1375.0,1375.0,1375.0,1375.0,1375.0,1375.0,1375.0,1375.0,1375.0,1375.0,1375.0,5.0,0.5,-1.4301527829,-4.0396951186,-4.938480857715453,4.8677940993,1.9477461358,16.168312512900002,-3.5396951186
1376,1376,1376.0,1376.0,1376.0,1376.0,1376.0,1376.0,1376.0,1376.0,1376.0,1376.0,1376.0,1376.0,1376.0,1376.0,1376.0,1376.0,1376.0,1376.0,1376.0,1376.0,1376.0,1376.0,1376.0,1376.0,1376.0,1376.0,1376.0,1376.0,1376.0,1376.0,1376.0,1376.0,1376.0,1376.0,1376.0,1376.0,1376.0,1376.0,1376.0,1376.0,6.0,0.6,-1.8384699462,-4.125226041,-17.222297723382034,6.8155402351,2.8545844605,14.2205663771,-3.705226041
1377,1377,1377.0,1377.0,1377.0,1377.0,1377.0,1377.0,1377.0,1377.0,1377.0,1377.0,1377.0,1377.0,1377.0,1377.0,1377.0,1377.0,1377.0,1377.0,1377.0,1377.0,1377.0,1377.0,1377.0,1377.0,1377.0,1377.0,1377.0,1377.0,1377.0,1377.0,1377.0,1377.0,1377.0,1377.0,1377.0,1377.0,1377.0,1377.0,1377.0,1377.0,7.0,0.7,-2.3143485824,-5.3715771772,-16.81694371040855,9.6701246956,4.3418581037,11.3659819166,-5.191577177199999
1378,1378,1378.0,1378.0,1378.0,1378.0,1378.0,1378.0,1378.0,1378.0,1378.0,1378.0,1378.0,1378.0,1378.0,1378.0,1378.0,1378.0,1378.0,1378.0,1378.0,1378.0,1378.0,1378.0,1378.0,1378.0,1378.0,1378.0,1378.0,1378.0,1378.0,1378.0,1378.0,1378.0,1378.0,1378.0,1378.0,1378.0,1378.0,1378.0,1378.0,1378.0,8.0,0.8,-2.9068724428,-6.4607476878,15.28903830044797,14.0119827993,4.100882816199999,7.024123812900001,-6.6807476878
1379,1379,1379.0,1379.0,1379.0,1379.0,1379.0,1379.0,1379.0,1379.0,1379.0,1379.0,1379.0,1379.0,1379.0,1379.0,1379.0,1379.0,1379.0,1379.0,1379.0,1379.0,1379.0,1379.0,1379.0,1379.0,1379.0,1379.0,1379.0,1379.0,1379.0,1379.0,1379.0,1379.0,1379.0,1379.0,1379.0,1379.0,1379.0,1379.0,1379.0,1379.0,9.0,0.9,-3.4477350482,-4.3909812524,4.421160101183585,18.1128656155,2.9232409967000024,2.9232409967000024,-5.1709812524
1380,1380,1380.0,1380.0,1380.0,1380.0,1380.0,1380.0,1380.0,1380.0,1380.0,1380.0,1380.0,1380.0,1380.0,1380.0,1380.0,1380.0,1380.0,1380.0,1380.0,1380.0,1380.0,1380.0,1380.0,1380.0,1380.0,1380.0,1380.0,1380.0,1380.0,1380.0,1380.0,1380.0,1380.0,1380.0,1380.0,1380.0,1380.0,1380.0,1380.0,1380.0,0.0,0.0,0.0,-1.0,-12.733965090037316,0.0,0.3378935616,3.2725938942000004,-2.5
1381,1381,1381.0,1381.0,1381.0,1381.0,1381.0,1381.0,1381.0,1381.0,1381.0,1381.0,1381.0,1381.0,1381.0,1381.0,1381.0,1381.0,1381.0,1381.0,1381.0,1381.0,1381.0,1381.0,1381.0,1381.0,1381.0,1381.0,1381.0,1381.0,1381.0,1381.0,1381.0,1381.0,1381.0,1381.0,1381.0,1381.0,1381.0,1381.0,1381.0,1381.0,1.0,0.1,-0.1567620955,-2.1166344135,-0.8804589661473301,0.3378935616,0.4307028196999999,2.9347003326000003,-2.8966344135
1382,1382,1382.0,1382.0,1382.0,1382.0,1382.0,1382.0,1382.0,1382.0,1382.0,1382.0,1382.0,1382.0,1382.0,1382.0,1382.0,1382.0,1382.0,1382.0,1382.0,1382.0,1382.0,1382.0,1382.0,1382.0,1382.0,1382.0,1382.0,1382.0,1382.0,1382.0,1382.0,1382.0,1382.0,1382.0,1382.0,1382.0,1382.0,1382.0,1382.0,1382.0,2.0,0.2,-0.3624456403,-1.9989967653,13.181917436652263,0.7685963813,0.2834944637,2.5039975129000003,-2.2189967653
1383,1383,1383.0,1383.0,1383.0,1383.0,1383.0,1383.0,1383.0,1383.0,1383.0,1383.0,1383.0,1383.0,1383.0,1383.0,1383.0,1383.0,1383.0,1383.0,1383.0,1383.0,1383.0,1383.0,1383.0,1383.0,1383.0,1383.0,1383.0,1383.0,1383.0,1383.0,1383.0,1383.0,1383.0,1383.0,1383.0,1383.0,1383.0,1383.0,1383.0,1383.0,3.0,0.3,-0.4889088974,-0.5543417645,-10.476374395820567,1.052090845,0.1977585579,2.2205030492000004,-0.3743417645
1384,1384,1384.0,1384.0,1384.0,1384.0,1384.0,1384.0,1384.0,1384.0,1384.0,1384.0,1384.0,1384.0,1384.0,1384.0,1384.0,1384.0,1384.0,1384.0,1384.0,1384.0,1384.0,1384.0,1384.0,1384.0,1384.0,1384.0,1384.0,1384.0,1384.0,1384.0,1384.0,1384.0,1384.0,1384.0,1384.0,1384.0,1384.0,1384.0,1384.0,1384.0,4.0,0.4,-0.5923400919,-1.4985480097,6.684505282438291,1.2498494029,0.1918602543999998,2.0227444913,-1.0785480097
1385,1385,1385.0,1385.0,1385.0,1385.0,1385.0,1385.0,1385.0,1385.0,1385.0,1385.0,1385.0,1385.0,1385.0,1385.0,1385.0,1385.0,1385.0,1385.0,1385.0,1385.0,1385.0,1385.0,1385.0,1385.0,1385.0,1385.0,1385.0,1385.0,1385.0,1385.0,1385.0,1385.0,1385.0,1385.0,1385.0,1385.0,1385.0,1385.0,1385.0,1385.0,5.0,0.5,-0.7026101793,-0.719827394,-1.6708284281236097,1.4417096573,0.1149461669,1.8308842369,-0.2198273939999999
1386,1386,1386.0,1386.0,1386.0,1386.0,1386.0,1386.0,1386.0,1386.0,1386.0,1386.0,1386.0,1386.0,1386.0,1386.0,1386.0,1386.0,1386.0,1386.0,1386.0,1386.0,1386.0,1386.0,1386.0,1386.0,1386.0,1386.0,1386.0,1386.0,1386.0,1386.0,1386.0,1386.0,1386.0,1386.0,1386.0,1386.0,1386.0,1386.0,1386.0,1386.0,6.0,0.6,-0.7791928298,-0.8103275863,-12.942957764715452,1.5566558242,0.3607220406,1.71593807,-0.3903275863
1387,1387,1387.0,1387.0,1387.0,1387.0,1387.0,1387.0,1387.0,1387.0,1387.0,1387.0,1387.0,1387.0,1387.0,1387.0,1387.0,1387.0,1387.0,1387.0,1387.0,1387.0,1387.0,1387.0,1387.0,1387.0,1387.0,1387.0,1387.0,1387.0,1387.0,1387.0,1387.0,1387.0,1387.0,1387.0,1387.0,1387.0,1387.0,1387.0,1387.0,1387.0,7.0,0.7,-0.9189161642,-1.9649000284,-0.2635526900112594,1.9173778648,0.4578650303,1.3552160294,-1.7849000283999998
1388,1388,1388.0,1388.0,1388.0,1388.0,1388.0,1388.0,1388.0,1388.0,1388.0,1388.0,1388.0,1388.0,1388.0,1388.0,1388.0,1388.0,1388.0,1388.0,1388.0,1388.0,1388.0,1388.0,1388.0,1388.0,1388.0,1388.0,1388.0,1388.0,1388.0,1388.0,1388.0,1388.0,1388.0,1388.0,1388.0,1388.0,1388.0,1388.0,1388.0,1388.0,8.0,0.8,-1.1071760251,-1.8029954364,4.076919072588833,2.3752428951,0.3827972528000001,0.8973509990999999,-2.0229954364000005
1389,1389,1389.0,1389.0,1389.0,1389.0,1389.0,1389.0,1389.0,1389.0,1389.0,1389.0,1389.0,1389.0,1389.0,1389.0,1389.0,1389.0,1389.0,1389.0,1389.0,1389.0,1389.0,1389.0,1389.0,1389.0,1389.0,1389.0,1389.0,1389.0,1389.0,1389.0,1389.0,1389.0,1389.0,1389.0,1389.0,1389.0,1389.0,1389.0,1389.0,1389.0,9.0,0.9,-1.2590322385,-1.2434473158,-10.082044384105068,2.7580401479,0.5145537462999998,0.5145537462999998,-2.0234473158000004
1390,1390,1390.0,1390.0,1390.0,1390.0,1390.0,1390.0,1390.0,1390.0,1390.0,1390.0,1390.0,1390.0,1390.0,1390.0,1390.0,1390.0,1390.0,1390.0,1390.0,1390.0,1390.0,1390.0,1390.0,1390.0,1390.0,1390.0,1390.0,1390.0,1390.0,1390.0,1390.0,1390.0,1390.0,1390.0,1390.0,1390.0,1390.0,1390.0,1390.0,1390.0,0.0,0.0,0.0,-1.0,-6.553101424014404,0.0,0.1852227635,3.6406216222,3.1199346598
1391,1391,1391.0,1391.0,1391.0,1391.0,1391.0,1391.0,1391.0,1391.0,1391.0,1391.0,1391.0,1391.0,1391.0,1391.0,1391.0,1391.0,1391.0,1391.0,1391.0,1391.0,1391.0,1391.0,1391.0,1391.0,1391.0,1391.0,1391.0,1391.0,1391.0,1391.0,1391.0,1391.0,1391.0,1391.0,1391.0,1391.0,1391.0,1391.0,1391.0,1391.0,1.0,0.1,-0.126862676,-1.5284474664,-9.700957560180932,0.1852227635,0.4271898181,3.4553988587,3.1199346598
1392,1392,1392.0,1392.0,1392.0,1392.0,1392.0,1392.0,1392.0,1392.0,1392.0,1392.0,1392.0,1392.0,1392.0,1392.0,1392.0,1392.0,1392.0,1392.0,1392.0,1392.0,1392.0,1392.0,1392.0,1392.0,1392.0,1392.0,1392.0,1392.0,1392.0,1392.0,1392.0,1392.0,1392.0,1392.0,1392.0,1392.0,1392.0,1392.0,1392.0,1392.0,2.0,0.2,-0.3192412284,-2.30616467,7.106035725966684,0.6124125816,0.3923626512999999,3.0282090406,3.1199346598
1393,1393,1393.0,1393.0,1393.0,1393.0,1393.0,1393.0,1393.0,1393.0,1393.0,1393.0,1393.0,1393.0,1393.0,1393.0,1393.0,1393.0,1393.0,1393.0,1393.0,1393.0,1393.0,1393.0,1393.0,1393.0,1393.0,1393.0,1393.0,1393.0,1393.0,1393.0,1393.0,1393.0,1393.0,1393.0,1393.0,1393.0,1393.0,1393.0,1393.0,1393.0,3.0,0.3,-0.50432695,-1.4104753758,4.264970907218956,1.0047752329,0.1726627514000001,2.6358463893,3.1199346598
1394,1394,1394.0,1394.0,1394.0,1394.0,1394.0,1394.0,1394.0,1394.0,1394.0,1394.0,1394.0,1394.0,1394.0,1394.0,1394.0,1394.0,1394.0,1394.0,1394.0,1394.0,1394.0,1394.0,1394.0,1394.0,1394.0,1394.0,1394.0,1394.0,1394.0,1394.0,1394.0,1394.0,1394.0,1394.0,1394.0,1394.0,1394.0,1394.0,1394.0,1394.0,4.0,0.4,-0.6179201579,-0.8703850772,6.428421518597801,1.1774379843,0.0936598860999999,2.4631836378999994,3.1199346598
1395,1395,1395.0,1395.0,1395.0,1395.0,1395.0,1395.0,1395.0,1395.0,1395.0,1395.0,1395.0,1395.0,1395.0,1395.0,1395.0,1395.0,1395.0,1395.0,1395.0,1395.0,1395.0,1395.0,1395.0,1395.0,1395.0,1395.0,1395.0,1395.0,1395.0,1395.0,1395.0,1395.0,1395.0,1395.0,1395.0,1395.0,1395.0,1395.0,1395.0,1395.0,5.0,0.5,-0.6696512809,-0.1758118024,0.2394486663835877,1.2710978704,0.0484054257999999,2.3695237518,3.1199346598
1396,1396,1396.0,1396.0,1396.0,1396.0,1396.0,1396.0,1396.0,1396.0,1396.0,1396.0,1396.0,1396.0,1396.0,1396.0,1396.0,1396.0,1396.0,1396.0,1396.0,1396.0,1396.0,1396.0,1396.0,1396.0,1396.0,1396.0,1396.0,1396.0,1396.0,1396.0,1396.0,1396.0,1396.0,1396.0,1396.0,1396.0,1396.0,1396.0,1396.0,1396.0,6.0,0.6,-0.6852237131,-0.1362945035,19.888634516694168,1.3195032962,0.3408794294999999,2.321118326,3.1199346598
1397,1397,1397.0,1397.0,1397.0,1397.0,1397.0,1397.0,1397.0,1397.0,1397.0,1397.0,1397.0,1397.0,1397.0,1397.0,1397.0,1397.0,1397.0,1397.0,1397.0,1397.0,1397.0,1397.0,1397.0,1397.0,1397.0,1397.0,1397.0,1397.0,1397.0,1397.0,1397.0,1397.0,1397.0,1397.0,1397.0,1397.0,1397.0,1397.0,1397.0,1397.0,7.0,0.7,-0.6019843048,1.7693295398,18.27376953065462,1.6603827257,0.8710759994999999,1.9802388965,3.1199346598
1398,1398,1398.0,1398.0,1398.0,1398.0,1398.0,1398.0,1398.0,1398.0,1398.0,1398.0,1398.0,1398.0,1398.0,1398.0,1398.0,1398.0,1398.0,1398.0,1398.0,1398.0,1398.0,1398.0,1398.0,1398.0,1398.0,1398.0,1398.0,1398.0,1398.0,1398.0,1398.0,1398.0,1398.0,1398.0,1398.0,1398.0,1398.0,1398.0,1398.0,1398.0,8.0,0.8,-0.3452124717,3.3399346598,-13.099352428645917,2.5314587252,0.7584779903000003,1.109162897,3.1199346598
1399,1399,1399.0,1399.0,1399.0,1399.0,1399.0,1399.0,1399.0,1399.0,1399.0,1399.0,1399.0,1399.0,1399.0,1399.0,1399.0,1399.0,1399.0,1399.0,1399.0,1399.0,1399.0,1399.0,1399.0,1399.0,1399.0,1399.0,1399.0,1399.0,1399.0,1399.0,1399.0,1399.0,1399.0,1399.0,1399.0,1399.0,1399.0,1399.0,1399.0,1399.0,9.0,0.9,-0.0907427102,1.7755296554,3.42985320573748,3.2899367155,0.3506849066999997,0.3506849066999997,3.1199346598
1400,1400,1400.0,1400.0,1400.0,1400.0,1400.0,1400.0,1400.0,1400.0,1400.0,1400.0,1400.0,1400.0,1400.0,1400.0,1400.0,1400.0,1400.0,1400.0,1400.0,1400.0,1400.0,1400.0,1400.0,1400.0,1400.0,1400.0,1400.0,1400.0,1400.0,1400.0,1400.0,1400.0,1400.0,1400.0,1400.0,1400.0,1400.0,1400.0,1400.0,1400.0,0.0,0.0,0.0,-1.0,-1.7060562508613373,0.0,0.1087914102,19.4124641505,-2.5
1401,1401,1401.0,1401.0,1401.0,1401.0,1401.0,1401.0,1401.0,1401.0,1401.0,1401.0,1401.0,1401.0,1401.0,1401.0,1401.0,1401.0,1401.0,1401.0,1401.0,1401.0,1401.0,1401.0,1401.0,1401.0,1401.0,1401.0,1401.0,1401.0,1401.0,1401.0,1401.0,1401.0,1401.0,1401.0,1401.0,1401.0,1401.0,1401.0,1401.0,1401.0,1.0,0.1,-0.1034155097,-1.0671901154,-8.400005966601416,0.1087914102,0.244535188,19.3036727403,-1.8471901154000003
1402,1402,1402.0,1402.0,1402.0,1402.0,1402.0,1402.0,1402.0,1402.0,1402.0,1402.0,1402.0,1402.0,1402.0,1402.0,1402.0,1402.0,1402.0,1402.0,1402.0,1402.0,1402.0,1402.0,1402.0,1402.0,1402.0,1402.0,1402.0,1402.0,1402.0,1402.0,1402.0,1402.0,1402.0,1402.0,1402.0,1402.0,1402.0,1402.0,1402.0,1402.0,2.0,0.2,-0.2456064149,-1.7649998068,6.229375639122239,0.3533265982,0.2246437143999999,19.0591375523,-1.9849998068
1403,1403,1403.0,1403.0,1403.0,1403.0,1403.0,1403.0,1403.0,1403.0,1403.0,1403.0,1403.0,1403.0,1403.0,1403.0,1403.0,1403.0,1403.0,1403.0,1403.0,1403.0,1403.0,1403.0,1403.0,1403.0,1403.0,1403.0,1403.0,1403.0,1403.0,1403.0,1403.0,1403.0,1403.0,1403.0,1403.0,1403.0,1403.0,1403.0,1403.0,1403.0,3.0,0.3,-0.3834342596,-1.0042343982,-18.93019188975503,0.5779703126,0.5753467029000001,18.8344938379,-0.8242343982
1404,1404,1404.0,1404.0,1404.0,1404.0,1404.0,1404.0,1404.0,1404.0,1404.0,1404.0,1404.0,1404.0,1404.0,1404.0,1404.0,1404.0,1404.0,1404.0,1404.0,1404.0,1404.0,1404.0,1404.0,1404.0,1404.0,1404.0,1404.0,1404.0,1404.0,1404.0,1404.0,1404.0,1404.0,1404.0,1404.0,1404.0,1404.0,1404.0,1404.0,1404.0,4.0,0.4,-0.5705730452,-2.7101148016,-7.3771038440665215,1.1533170155,0.9424430160999996,18.259147135,-2.2901148016
1405,1405,1405.0,1405.0,1405.0,1405.0,1405.0,1405.0,1405.0,1405.0,1405.0,1405.0,1405.0,1405.0,1405.0,1405.0,1405.0,1405.0,1405.0,1405.0,1405.0,1405.0,1405.0,1405.0,1405.0,1405.0,1405.0,1405.0,1405.0,1405.0,1405.0,1405.0,1405.0,1405.0,1405.0,1405.0,1405.0,1405.0,1405.0,1405.0,1405.0,1405.0,5.0,0.5,-0.8641606857,-3.1542375455,-11.493777397438167,2.0957600316,1.4452604423000004,17.3167041189,-2.6542375455
1406,1406,1406.0,1406.0,1406.0,1406.0,1406.0,1406.0,1406.0,1406.0,1406.0,1406.0,1406.0,1406.0,1406.0,1406.0,1406.0,1406.0,1406.0,1406.0,1406.0,1406.0,1406.0,1406.0,1406.0,1406.0,1406.0,1406.0,1406.0,1406.0,1406.0,1406.0,1406.0,1406.0,1406.0,1406.0,1406.0,1406.0,1406.0,1406.0,1406.0,1406.0,6.0,0.6,-1.2199263013,-3.9478496697,-12.00600388475006,3.5410204739,2.1646982267,15.8714436766,-3.5278496697
1407,1407,1407.0,1407.0,1407.0,1407.0,1407.0,1407.0,1407.0,1407.0,1407.0,1407.0,1407.0,1407.0,1407.0,1407.0,1407.0,1407.0,1407.0,1407.0,1407.0,1407.0,1407.0,1407.0,1407.0,1407.0,1407.0,1407.0,1407.0,1407.0,1407.0,1407.0,1407.0,1407.0,1407.0,1407.0,1407.0,1407.0,1407.0,1407.0,1407.0,1407.0,7.0,0.7,-1.653690635,-4.7146857245,-16.628633662425525,5.7057187006,3.315132305999999,13.7067454499,-4.534685724499999
1408,1408,1408.0,1408.0,1408.0,1408.0,1408.0,1408.0,1408.0,1408.0,1408.0,1408.0,1408.0,1408.0,1408.0,1408.0,1408.0,1408.0,1408.0,1408.0,1408.0,1408.0,1408.0,1408.0,1408.0,1408.0,1408.0,1408.0,1408.0,1408.0,1408.0,1408.0,1408.0,1408.0,1408.0,1408.0,1408.0,1408.0,1408.0,1408.0,1408.0,1408.0,8.0,0.8,-2.1827920074,-5.8484477183,-12.234953971128096,9.0208510066,4.490265669000001,10.3916131439,-6.0684477183
1409,1409,1409.0,1409.0,1409.0,1409.0,1409.0,1409.0,1409.0,1409.0,1409.0,1409.0,1409.0,1409.0,1409.0,1409.0,1409.0,1409.0,1409.0,1409.0,1409.0,1409.0,1409.0,1409.0,1409.0,1409.0,1409.0,1409.0,1409.0,1409.0,1409.0,1409.0,1409.0,1409.0,1409.0,1409.0,1409.0,1409.0,1409.0,1409.0,1409.0,1409.0,9.0,0.9,-2.7985304071,-6.4562047157,-15.915627696236436,13.5111166756,5.9013474749,5.9013474749,-7.2362047157
1410,1410,1410.0,1410.0,1410.0,1410.0,1410.0,1410.0,1410.0,1410.0,1410.0,1410.0,1410.0,1410.0,1410.0,1410.0,1410.0,1410.0,1410.0,1410.0,1410.0,1410.0,1410.0,1410.0,1410.0,1410.0,1410.0,1410.0,1410.0,1410.0,1410.0,1410.0,1410.0,1410.0,1410.0,1410.0,1410.0,1410.0,1410.0,1410.0,1410.0,1410.0,0.0,0.0,0.0,-1.0,-0.4100551159615904,0.0,0.0948032836,4.5162526382,-2.5
1411,1411,1411.0,1411.0,1411.0,1411.0,1411.0,1411.0,1411.0,1411.0,1411.0,1411.0,1411.0,1411.0,1411.0,1411.0,1411.0,1411.0,1411.0,1411.0,1411.0,1411.0,1411.0,1411.0,1411.0,1411.0,1411.0,1411.0,1411.0,1411.0,1411.0,1411.0,1411.0,1411.0,1411.0,1411.0,1411.0,1411.0,1411.0,1411.0,1411.0,1411.0,1.0,0.1,-0.0971461896,-0.943859322,0.4137699228995153,0.0948032836,0.079429855,4.4214493546,-1.7238593220000002
1412,1412,1412.0,1412.0,1412.0,1412.0,1412.0,1412.0,1412.0,1412.0,1412.0,1412.0,1412.0,1412.0,1412.0,1412.0,1412.0,1412.0,1412.0,1412.0,1412.0,1412.0,1412.0,1412.0,1412.0,1412.0,1412.0,1412.0,1412.0,1412.0,1412.0,1412.0,1412.0,1412.0,1412.0,1412.0,1412.0,1412.0,1412.0,1412.0,1412.0,1412.0,2.0,0.2,-0.1849646964,-0.8146638229,4.887581419484299,0.1742331386,0.0481391119,4.3420194996,-1.0346638228999998
1413,1413,1413.0,1413.0,1413.0,1413.0,1413.0,1413.0,1413.0,1413.0,1413.0,1413.0,1413.0,1413.0,1413.0,1413.0,1413.0,1413.0,1413.0,1413.0,1413.0,1413.0,1413.0,1413.0,1413.0,1413.0,1413.0,1413.0,1413.0,1413.0,1413.0,1413.0,1413.0,1413.0,1413.0,1413.0,1413.0,1413.0,1413.0,1413.0,1413.0,1413.0,3.0,0.3,-0.2388469451,-0.2720234323,-14.109889335561206,0.2223722505,0.2102570993,4.2938803877,-0.0920234323
1414,1414,1414.0,1414.0,1414.0,1414.0,1414.0,1414.0,1414.0,1414.0,1414.0,1414.0,1414.0,1414.0,1414.0,1414.0,1414.0,1414.0,1414.0,1414.0,1414.0,1414.0,1414.0,1414.0,1414.0,1414.0,1414.0,1414.0,1414.0,1414.0,1414.0,1414.0,1414.0,1414.0,1414.0,1414.0,1414.0,1414.0,1414.0,1414.0,1414.0,1414.0,4.0,0.4,-0.3329888045,-1.5888705064,-19.3013463070604,0.4326293498,0.8280597952,4.0836232884,-1.1688705063999998
1415,1415,1415.0,1415.0,1415.0,1415.0,1415.0,1415.0,1415.0,1415.0,1415.0,1415.0,1415.0,1415.0,1415.0,1415.0,1415.0,1415.0,1415.0,1415.0,1415.0,1415.0,1415.0,1415.0,1415.0,1415.0,1415.0,1415.0,1415.0,1415.0,1415.0,1415.0,1415.0,1415.0,1415.0,1415.0,1415.0,1415.0,1415.0,1415.0,1415.0,1415.0,5.0,0.5,-0.5775584919,-3.2744354497,-5.639533338577074,1.260689145,1.2212347231,3.2555634932000004,-2.7744354497
1416,1416,1416.0,1416.0,1416.0,1416.0,1416.0,1416.0,1416.0,1416.0,1416.0,1416.0,1416.0,1416.0,1416.0,1416.0,1416.0,1416.0,1416.0,1416.0,1416.0,1416.0,1416.0,1416.0,1416.0,1416.0,1416.0,1416.0,1416.0,1416.0,1416.0,1416.0,1416.0,1416.0,1416.0,1416.0,1416.0,1416.0,1416.0,1416.0,1416.0,1416.0,6.0,0.6,-0.9164426326,-3.4995046429,18.883114995215024,2.4819238681,0.9119605591000002,2.0343287701,-3.0795046429
1417,1417,1417.0,1417.0,1417.0,1417.0,1417.0,1417.0,1417.0,1417.0,1417.0,1417.0,1417.0,1417.0,1417.0,1417.0,1417.0,1417.0,1417.0,1417.0,1417.0,1417.0,1417.0,1417.0,1417.0,1417.0,1417.0,1417.0,1417.0,1417.0,1417.0,1417.0,1417.0,1417.0,1417.0,1417.0,1417.0,1417.0,1417.0,1417.0,1417.0,1417.0,7.0,0.7,-1.1581190472,-1.3695167287,-6.924735201489721,3.3938844272,0.4475890416999997,1.122368211,-1.1895167287
1418,1418,1418.0,1418.0,1418.0,1418.0,1418.0,1418.0,1418.0,1418.0,1418.0,1418.0,1418.0,1418.0,1418.0,1418.0,1418.0,1418.0,1418.0,1418.0,1418.0,1418.0,1418.0,1418.0,1418.0,1418.0,1418.0,1418.0,1418.0,1418.0,1418.0,1418.0,1418.0,1418.0,1418.0,1418.0,1418.0,1418.0,1418.0,1418.0,1418.0,1418.0,8.0,0.8,-1.3219436962,-1.8981655999,17.57360760803912,3.8414734689,0.4664182242000003,0.6747791693000003,-2.1181655999
1419,1419,1419.0,1419.0,1419.0,1419.0,1419.0,1419.0,1419.0,1419.0,1419.0,1419.0,1419.0,1419.0,1419.0,1419.0,1419.0,1419.0,1419.0,1419.0,1419.0,1419.0,1419.0,1419.0,1419.0,1419.0,1419.0,1419.0,1419.0,1419.0,1419.0,1419.0,1419.0,1419.0,1419.0,1419.0,1419.0,1419.0,1419.0,1419.0,1419.0,1419.0,9.0,0.9,-1.417567146,-0.0451813893,3.4442594867060947,4.3078916931,0.2083609450999999,0.2083609450999999,-0.8251813893000002
1420,1420,1420.0,1420.0,1420.0,1420.0,1420.0,1420.0,1420.0,1420.0,1420.0,1420.0,1420.0,1420.0,1420.0,1420.0,1420.0,1420.0,1420.0,1420.0,1420.0,1420.0,1420.0,1420.0,1420.0,1420.0,1420.0,1420.0,1420.0,1420.0,1420.0,1420.0,1420.0,1420.0,1420.0,1420.0,1420.0,1420.0,1420.0,1420.0,1420.0,1420.0,0.0,0.0,0.0,-1.0,13.005145202912928,0.0,0.109853402,2.9048327741,-2.5
1421,1421,1421.0,1421.0,1421.0,1421.0,1421.0,1421.0,1421.0,1421.0,1421.0,1421.0,1421.0,1421.0,1421.0,1421.0,1421.0,1421.0,1421.0,1421.0,1421.0,1421.0,1421.0,1421.0,1421.0,1421.0,1421.0,1421.0,1421.0,1421.0,1421.0,1421.0,1421.0,1421.0,1421.0,1421.0,1421.0,1421.0,1421.0,1421.0,1421.0,1421.0,1.0,0.1,-0.0322512584,0.3327657787,-2.719357089334707,0.109853402,0.0078729936999999,2.7949793721,-0.4472342213000002
1422,1422,1422.0,1422.0,1422.0,1422.0,1422.0,1422.0,1422.0,1422.0,1422.0,1422.0,1422.0,1422.0,1422.0,1422.0,1422.0,1422.0,1422.0,1422.0,1422.0,1422.0,1422.0,1422.0,1422.0,1422.0,1422.0,1422.0,1422.0,1422.0,1422.0,1422.0,1422.0,1422.0,1422.0,1422.0,1422.0,1422.0,1422.0,1422.0,1422.0,1422.0,2.0,0.2,-0.0137390277,0.0423178391,-3.073477165345139,0.1177263957,0.0066600276,2.7871063784,-0.1776821609
1423,1423,1423.0,1423.0,1423.0,1423.0,1423.0,1423.0,1423.0,1423.0,1423.0,1423.0,1423.0,1423.0,1423.0,1423.0,1423.0,1423.0,1423.0,1423.0,1423.0,1423.0,1423.0,1423.0,1423.0,1423.0,1423.0,1423.0,1423.0,1423.0,1423.0,1423.0,1423.0,1423.0,1423.0,1423.0,1423.0,1423.0,1423.0,1423.0,1423.0,1423.0,3.0,0.3,-0.0245796167,-0.2541892885,-14.916872920664456,0.1243864233,0.2207640589,2.7804463508,-0.0741892885
1424,1424,1424.0,1424.0,1424.0,1424.0,1424.0,1424.0,1424.0,1424.0,1424.0,1424.0,1424.0,1424.0,1424.0,1424.0,1424.0,1424.0,1424.0,1424.0,1424.0,1424.0,1424.0,1424.0,1424.0,1424.0,1424.0,1424.0,1424.0,1424.0,1424.0,1424.0,1424.0,1424.0,1424.0,1424.0,1424.0,1424.0,1424.0,1424.0,1424.0,1424.0,4.0,0.4,-0.1209280541,-1.6495281431,-10.554996697209091,0.3451504822,0.4995708706,2.5596822919,-1.2295281431
1425,1425,1425.0,1425.0,1425.0,1425.0,1425.0,1425.0,1425.0,1425.0,1425.0,1425.0,1425.0,1425.0,1425.0,1425.0,1425.0,1425.0,1425.0,1425.0,1425.0,1425.0,1425.0,1425.0,1425.0,1425.0,1425.0,1425.0,1425.0,1425.0,1425.0,1425.0,1425.0,1425.0,1425.0,1425.0,1425.0,1425.0,1425.0,1425.0,1425.0,1425.0,5.0,0.5,-0.3289603474,-2.4969955195,-1.7735583248223108,0.8447213528,0.6287538680999999,2.0601114213,-1.9969955195
1426,1426,1426.0,1426.0,1426.0,1426.0,1426.0,1426.0,1426.0,1426.0,1426.0,1426.0,1426.0,1426.0,1426.0,1426.0,1426.0,1426.0,1426.0,1426.0,1426.0,1426.0,1426.0,1426.0,1426.0,1426.0,1426.0,1426.0,1426.0,1426.0,1426.0,1426.0,1426.0,1426.0,1426.0,1426.0,1426.0,1426.0,1426.0,1426.0,1426.0,1426.0,6.0,0.6,-0.575160515,-2.4281511844,1.097483291952685,1.4734752209,0.5593658045999998,1.4313575532,-2.0081511844
1427,1427,1427.0,1427.0,1427.0,1427.0,1427.0,1427.0,1427.0,1427.0,1427.0,1427.0,1427.0,1427.0,1427.0,1427.0,1427.0,1427.0,1427.0,1427.0,1427.0,1427.0,1427.0,1427.0,1427.0,1427.0,1427.0,1427.0,1427.0,1427.0,1427.0,1427.0,1427.0,1427.0,1427.0,1427.0,1427.0,1427.0,1427.0,1427.0,1427.0,1427.0,7.0,0.7,-0.8009206513,-2.092642719,10.496839514394342,2.0328410255,0.3656964184000002,0.8719917486000002,-1.912642719
1428,1428,1428.0,1428.0,1428.0,1428.0,1428.0,1428.0,1428.0,1428.0,1428.0,1428.0,1428.0,1428.0,1428.0,1428.0,1428.0,1428.0,1428.0,1428.0,1428.0,1428.0,1428.0,1428.0,1428.0,1428.0,1428.0,1428.0,1428.0,1428.0,1428.0,1428.0,1428.0,1428.0,1428.0,1428.0,1428.0,1428.0,1428.0,1428.0,1428.0,1428.0,8.0,0.8,-0.949284491,-0.8945949278,14.921067805491248,2.3985374439,0.2256346422000001,0.5062953302,-1.1145949278000002
1429,1429,1429.0,1429.0,1429.0,1429.0,1429.0,1429.0,1429.0,1429.0,1429.0,1429.0,1429.0,1429.0,1429.0,1429.0,1429.0,1429.0,1429.0,1429.0,1429.0,1429.0,1429.0,1429.0,1429.0,1429.0,1429.0,1429.0,1429.0,1429.0,1429.0,1429.0,1429.0,1429.0,1429.0,1429.0,1429.0,1429.0,1429.0,1429.0,1429.0,1429.0,9.0,0.9,-0.9622370323,0.6104643941,-17.64341108139209,2.6241720861,0.2806606879999997,0.2806606879999997,-0.1695356059000001
1430,1430,1430.0,1430.0,1430.0,1430.0,1430.0,1430.0,1430.0,1430.0,1430.0,1430.0,1430.0,1430.0,1430.0,1430.0,1430.0,1430.0,1430.0,1430.0,1430.0,1430.0,1430.0,1430.0,1430.0,1430.0,1430.0,1430.0,1430.0,1430.0,1430.0,1430.0,1430.0,1430.0,1430.0,1430.0,1430.0,1430.0,1430.0,1430.0,1430.0,1430.0,0.0,0.0,0.0,-1.0,-19.42856430930693,0.0,0.5730671345,6.747375656400001,4.60943112
1431,1431,1431.0,1431.0,1431.0,1431.0,1431.0,1431.0,1431.0,1431.0,1431.0,1431.0,1431.0,1431.0,1431.0,1431.0,1431.0,1431.0,1431.0,1431.0,1431.0,1431.0,1431.0,1431.0,1431.0,1431.0,1431.0,1431.0,1431.0,1431.0,1431.0,1431.0,1431.0,1431.0,1431.0,1431.0,1431.0,1431.0,1431.0,1431.0,1431.0,1431.0,1.0,0.1,-0.189146668,-2.753709763,7.774846429863604,0.5730671345,0.5523334189,6.1743085219000005,4.60943112
1432,1432,1432.0,1432.0,1432.0,1432.0,1432.0,1432.0,1432.0,1432.0,1432.0,1432.0,1432.0,1432.0,1432.0,1432.0,1432.0,1432.0,1432.0,1432.0,1432.0,1432.0,1432.0,1432.0,1432.0,1432.0,1432.0,1432.0,1432.0,1432.0,1432.0,1432.0,1432.0,1432.0,1432.0,1432.0,1432.0,1432.0,1432.0,1432.0,1432.0,1432.0,2.0,0.2,-0.4135866249,-1.7517851631,12.60113270459631,1.1254005534,0.2296910502,5.6219751030000005,4.60943112
1433,1433,1433.0,1433.0,1433.0,1433.0,1433.0,1433.0,1433.0,1433.0,1433.0,1433.0,1433.0,1433.0,1433.0,1433.0,1433.0,1433.0,1433.0,1433.0,1433.0,1433.0,1433.0,1433.0,1433.0,1433.0,1433.0,1433.0,1433.0,1433.0,1433.0,1433.0,1433.0,1433.0,1433.0,1433.0,1433.0,1433.0,1433.0,1433.0,1433.0,1433.0,3.0,0.3,-0.5193340887,-0.3859244288,11.45506133926576,1.3550916036,0.1066637551,5.392284052800001,4.60943112
1434,1434,1434.0,1434.0,1434.0,1434.0,1434.0,1434.0,1434.0,1434.0,1434.0,1434.0,1434.0,1434.0,1434.0,1434.0,1434.0,1434.0,1434.0,1434.0,1434.0,1434.0,1434.0,1434.0,1434.0,1434.0,1434.0,1434.0,1434.0,1434.0,1434.0,1434.0,1434.0,1434.0,1434.0,1434.0,1434.0,1434.0,1434.0,1434.0,1434.0,1434.0,4.0,0.4,-0.5006468329,0.7408944493,12.604629554694624,1.4617553587,0.2828134298,5.2856202977,4.60943112
1435,1435,1435.0,1435.0,1435.0,1435.0,1435.0,1435.0,1435.0,1435.0,1435.0,1435.0,1435.0,1435.0,1435.0,1435.0,1435.0,1435.0,1435.0,1435.0,1435.0,1435.0,1435.0,1435.0,1435.0,1435.0,1435.0,1435.0,1435.0,1435.0,1435.0,1435.0,1435.0,1435.0,1435.0,1435.0,1435.0,1435.0,1435.0,1435.0,1435.0,1435.0,5.0,0.5,-0.3691675587,1.8698781306,19.94935859082017,1.7445687885,0.9835549636,5.0028068679,4.60943112
1436,1436,1436.0,1436.0,1436.0,1436.0,1436.0,1436.0,1436.0,1436.0,1436.0,1436.0,1436.0,1436.0,1436.0,1436.0,1436.0,1436.0,1436.0,1436.0,1436.0,1436.0,1436.0,1436.0,1436.0,1436.0,1436.0,1436.0,1436.0,1436.0,1436.0,1436.0,1436.0,1436.0,1436.0,1436.0,1436.0,1436.0,1436.0,1436.0,1436.0,1436.0,6.0,0.6,-0.0947217396,3.5903681706,12.407519133505538,2.7281237521,1.6987110859999994,4.0192519043,4.60943112
1437,1437,1437.0,1437.0,1437.0,1437.0,1437.0,1437.0,1437.0,1437.0,1437.0,1437.0,1437.0,1437.0,1437.0,1437.0,1437.0,1437.0,1437.0,1437.0,1437.0,1437.0,1437.0,1437.0,1437.0,1437.0,1437.0,1437.0,1437.0,1437.0,1437.0,1437.0,1437.0,1437.0,1437.0,1437.0,1437.0,1437.0,1437.0,1437.0,1437.0,1437.0,7.0,0.7,0.3069672243,4.42943112,-10.30509336237763,4.4268348381,1.4774353920000003,2.3205408183000005,4.60943112
1438,1438,1438.0,1438.0,1438.0,1438.0,1438.0,1438.0,1438.0,1438.0,1438.0,1438.0,1438.0,1438.0,1438.0,1438.0,1438.0,1438.0,1438.0,1438.0,1438.0,1438.0,1438.0,1438.0,1438.0,1438.0,1438.0,1438.0,1438.0,1438.0,1438.0,1438.0,1438.0,1438.0,1438.0,1438.0,1438.0,1438.0,1438.0,1438.0,1438.0,1438.0,8.0,0.8,0.6786332983,3.0272557098,-17.201227983541308,5.9042702301,0.6624289982000002,0.8431054263000002,4.60943112
1439,1439,1439.0,1439.0,1439.0,1439.0,1439.0,1439.0,1439.0,1439.0,1439.0,1439.0,1439.0,1439.0,1439.0,1439.0,1439.0,1439.0,1439.0,1439.0,1439.0,1439.0,1439.0,1439.0,1439.0,1439.0,1439.0,1439.0,1439.0,1439.0,1439.0,1439.0,1439.0,1439.0,1439.0,1439.0,1439.0,1439.0,1439.0,1439.0,1439.0,1439.0,9.0,0.9,0.8835052384,1.1022609714,-1.9924309246598493,6.5666992283,0.1806764280999999,0.1806764280999999,4.60943112
1440,1440,1440.0,1440.0,1440.0,1440.0,1440.0,1440.0,1440.0,1440.0,1440.0,1440.0,1440.0,1440.0,1440.0,1440.0,1440.0,1440.0,1440.0,1440.0,1440.0,1440.0,1440.0,1440.0,1440.0,1440.0,1440.0,1440.0,1440.0,1440.0,1440.0,1440.0,1440.0,1440.0,1440.0,1440.0,1440.0,1440.0,1440.0,1440.0,1440.0,1440.0,0.0,0.0,0.0,-1.0,-18.56614429085364,0.0,0.5386975709,10.9371358521,-2.5
1441,1441,1441.0,1441.0,1441.0,1441.0,1441.0,1441.0,1441.0,1441.0,1441.0,1441.0,1441.0,1441.0,1441.0,1441.0,1441.0,1441.0,1441.0,1441.0,1441.0,1441.0,1441.0,1441.0,1441.0,1441.0,1441.0,1441.0,1441.0,1441.0,1441.0,1441.0,1441.0,1441.0,1441.0,1441.0,1441.0,1441.0,1441.0,1441.0,1441.0,1441.0,1.0,0.1,-0.1849747817,-2.6716396474,-13.440972538678388,0.5386975709,1.1304946159,10.3984382812,-3.4516396474000004
1442,1442,1442.0,1442.0,1442.0,1442.0,1442.0,1442.0,1442.0,1442.0,1442.0,1442.0,1442.0,1442.0,1442.0,1442.0,1442.0,1442.0,1442.0,1442.0,1442.0,1442.0,1442.0,1442.0,1442.0,1442.0,1442.0,1442.0,1442.0,1442.0,1442.0,1442.0,1442.0,1442.0,1442.0,1442.0,1442.0,1442.0,1442.0,1442.0,1442.0,1442.0,2.0,0.2,-0.5042344975,-3.6964771854,5.1119117490755,1.6691921868,1.1348834495,9.2679436653,-3.9164771854
1443,1443,1443.0,1443.0,1443.0,1443.0,1443.0,1443.0,1443.0,1443.0,1443.0,1443.0,1443.0,1443.0,1443.0,1443.0,1443.0,1443.0,1443.0,1443.0,1443.0,1443.0,1443.0,1443.0,1443.0,1443.0,1443.0,1443.0,1443.0,1443.0,1443.0,1443.0,1443.0,1443.0,1443.0,1443.0,1443.0,1443.0,1443.0,1443.0,1443.0,1443.0,3.0,0.3,-0.831272597,-2.858247911,-15.350344306151396,2.8040756363,1.428413984,8.1330602158,-2.678247911
1444,1444,1444.0,1444.0,1444.0,1444.0,1444.0,1444.0,1444.0,1444.0,1444.0,1444.0,1444.0,1444.0,1444.0,1444.0,1444.0,1444.0,1444.0,1444.0,1444.0,1444.0,1444.0,1444.0,1444.0,1444.0,1444.0,1444.0,1444.0,1444.0,1444.0,1444.0,1444.0,1444.0,1444.0,1444.0,1444.0,1444.0,1444.0,1444.0,1444.0,1444.0,4.0,0.4,-1.1775268811,-4.0470280576,10.563956094289187,4.2324896203,1.3724704843,6.704646231800001,-3.627028057600001
1445,1445,1445.0,1445.0,1445.0,1445.0,1445.0,1445.0,1445.0,1445.0,1445.0,1445.0,1445.0,1445.0,1445.0,1445.0,1445.0,1445.0,1445.0,1445.0,1445.0,1445.0,1445.0,1445.0,1445.0,1445.0,1445.0,1445.0,1445.0,1445.0,1445.0,1445.0,1445.0,1445.0,1445.0,1445.0,1445.0,1445.0,1445.0,1445.0,1445.0,1445.0,5.0,0.5,-1.5115504667,-2.6566088625,6.39368768287072,5.6049601046,0.7849328695000004,5.332175747500001,-2.1566088625
1446,1446,1446.0,1446.0,1446.0,1446.0,1446.0,1446.0,1446.0,1446.0,1446.0,1446.0,1446.0,1446.0,1446.0,1446.0,1446.0,1446.0,1446.0,1446.0,1446.0,1446.0,1446.0,1446.0,1446.0,1446.0,1446.0,1446.0,1446.0,1446.0,1446.0,1446.0,1446.0,1446.0,1446.0,1446.0,1446.0,1446.0,1446.0,1446.0,1446.0,1446.0,6.0,0.6,-1.7334316807,-1.7953588803,0.775119270728478,6.3898929741,0.6111484115999994,4.5472428780000005,-1.3753588803
1447,1447,1447.0,1447.0,1447.0,1447.0,1447.0,1447.0,1447.0,1447.0,1447.0,1447.0,1447.0,1447.0,1447.0,1447.0,1447.0,1447.0,1447.0,1447.0,1447.0,1447.0,1447.0,1447.0,1447.0,1447.0,1447.0,1447.0,1447.0,1447.0,1447.0,1447.0,1447.0,1447.0,1447.0,1447.0,1447.0,1447.0,1447.0,1447.0,1447.0,1447.0,7.0,0.7,-1.9005337701,-1.5507448638,-10.05004575372826,7.0010413857,0.8379700893000006,3.936094466400001,-1.3707448638
1448,1448,1448.0,1448.0,1448.0,1448.0,1448.0,1448.0,1448.0,1448.0,1448.0,1448.0,1448.0,1448.0,1448.0,1448.0,1448.0,1448.0,1448.0,1448.0,1448.0,1448.0,1448.0,1448.0,1448.0,1448.0,1448.0,1448.0,1448.0,1448.0,1448.0,1448.0,1448.0,1448.0,1448.0,1448.0,1448.0,1448.0,1448.0,1448.0,1448.0,1448.0,8.0,0.8,-2.0967213123,-2.359561897,-14.393871834913,7.839011475,1.479797501399999,3.0981243771000004,-2.579561897
1449,1449,1449.0,1449.0,1449.0,1449.0,1449.0,1449.0,1449.0,1449.0,1449.0,1449.0,1449.0,1449.0,1449.0,1449.0,1449.0,1449.0,1449.0,1449.0,1449.0,1449.0,1449.0,1449.0,1449.0,1449.0,1449.0,1449.0,1449.0,1449.0,1449.0,1449.0,1449.0,1449.0,1449.0,1449.0,1449.0,1449.0,1449.0,1449.0,1449.0,1449.0,9.0,0.9,-2.3908925739,-3.5047778188,5.361080212604815,9.3188089764,1.618326875700001,1.618326875700001,-4.2847778188
1450,1450,1450.0,1450.0,1450.0,1450.0,1450.0,1450.0,1450.0,1450.0,1450.0,1450.0,1450.0,1450.0,1450.0,1450.0,1450.0,1450.0,1450.0,1450.0,1450.0,1450.0,1450.0,1450.0,1450.0,1450.0,1450.0,1450.0,1450.0,1450.0,1450.0,1450.0,1450.0,1450.0,1450.0,1450.0,1450.0,1450.0,1450.0,1450.0,1450.0,1450.0,0.0,0.0,0.0,-1.0,-16.219485410175544,0.0,0.451276388,9.6450184109,-2.5
1451,1451,1451.0,1451.0,1451.0,1451.0,1451.0,1451.0,1451.0,1451.0,1451.0,1451.0,1451.0,1451.0,1451.0,1451.0,1451.0,1451.0,1451.0,1451.0,1451.0,1451.0,1451.0,1451.0,1451.0,1451.0,1451.0,1451.0,1451.0,1451.0,1451.0,1451.0,1451.0,1451.0,1451.0,1451.0,1451.0,1451.0,1451.0,1451.0,1451.0,1451.0,1.0,0.1,-0.1736230141,-2.4483255269,-6.542435717970792,0.451276388,0.7327433095,9.1937420229,-3.2283255269000004
1452,1452,1452.0,1452.0,1452.0,1452.0,1452.0,1452.0,1452.0,1452.0,1452.0,1452.0,1452.0,1452.0,1452.0,1452.0,1452.0,1452.0,1452.0,1452.0,1452.0,1452.0,1452.0,1452.0,1452.0,1452.0,1452.0,1452.0,1452.0,1452.0,1452.0,1452.0,1452.0,1452.0,1452.0,1452.0,1452.0,1452.0,1452.0,1452.0,1452.0,1452.0,2.0,0.2,-0.4382605203,-2.8379315926,-12.286530274474451,1.1840196975,1.2042951426,8.4609987134,-3.0579315926
1453,1453,1453.0,1453.0,1453.0,1453.0,1453.0,1453.0,1453.0,1453.0,1453.0,1453.0,1453.0,1453.0,1453.0,1453.0,1453.0,1453.0,1453.0,1453.0,1453.0,1453.0,1453.0,1453.0,1453.0,1453.0,1453.0,1453.0,1453.0,1453.0,1453.0,1453.0,1453.0,1453.0,1453.0,1453.0,1453.0,1453.0,1453.0,1453.0,1453.0,1453.0,3.0,0.3,-0.7677601554,-3.7370849849,18.374493203587512,2.3883148401,1.0022237872000002,7.256703570800001,-3.5570849849000004
1454,1454,1454.0,1454.0,1454.0,1454.0,1454.0,1454.0,1454.0,1454.0,1454.0,1454.0,1454.0,1454.0,1454.0,1454.0,1454.0,1454.0,1454.0,1454.0,1454.0,1454.0,1454.0,1454.0,1454.0,1454.0,1454.0,1454.0,1454.0,1454.0,1454.0,1454.0,1454.0,1454.0,1454.0,1454.0,1454.0,1454.0,1454.0,1454.0,1454.0,1454.0,4.0,0.4,-1.0345057224,-1.6328900975,-5.167258866441106,3.3905386273,0.4658230762999999,6.254479783600001,-1.2128900975
1455,1455,1455.0,1455.0,1455.0,1455.0,1455.0,1455.0,1455.0,1455.0,1455.0,1455.0,1455.0,1455.0,1455.0,1455.0,1455.0,1455.0,1455.0,1455.0,1455.0,1455.0,1455.0,1455.0,1455.0,1455.0,1455.0,1455.0,1455.0,1455.0,1455.0,1455.0,1455.0,1455.0,1455.0,1455.0,1455.0,1455.0,1455.0,1455.0,1455.0,1455.0,5.0,0.5,-1.2148917712,-1.9692299353,-17.439468327956554,3.8563617036,1.0884328213999996,5.7886567073,-1.4692299353
1456,1456,1456.0,1456.0,1456.0,1456.0,1456.0,1456.0,1456.0,1456.0,1456.0,1456.0,1456.0,1456.0,1456.0,1456.0,1456.0,1456.0,1456.0,1456.0,1456.0,1456.0,1456.0,1456.0,1456.0,1456.0,1456.0,1456.0,1456.0,1456.0,1456.0,1456.0,1456.0,1456.0,1456.0,1456.0,1456.0,1456.0,1456.0,1456.0,1456.0,1456.0,6.0,0.6,-1.486650791,-3.4414177484,11.844915438518552,4.944794525,1.0854110419000005,4.700223885900001,-3.0214177484
1457,1457,1457.0,1457.0,1457.0,1457.0,1457.0,1457.0,1457.0,1457.0,1457.0,1457.0,1457.0,1457.0,1457.0,1457.0,1457.0,1457.0,1457.0,1457.0,1457.0,1457.0,1457.0,1457.0,1457.0,1457.0,1457.0,1457.0,1457.0,1457.0,1457.0,1457.0,1457.0,1457.0,1457.0,1457.0,1457.0,1457.0,1457.0,1457.0,1457.0,1457.0,7.0,0.7,-1.7568464295,-1.986730566,-7.00534003250851,6.0302055669,0.8715003962000001,3.614812844,-1.806730566
1458,1458,1458.0,1458.0,1458.0,1458.0,1458.0,1458.0,1458.0,1458.0,1458.0,1458.0,1458.0,1458.0,1458.0,1458.0,1458.0,1458.0,1458.0,1458.0,1458.0,1458.0,1458.0,1458.0,1458.0,1458.0,1458.0,1458.0,1458.0,1458.0,1458.0,1458.0,1458.0,1458.0,1458.0,1458.0,1458.0,1458.0,1458.0,1458.0,1458.0,1458.0,8.0,0.8,-1.9797963692,-2.4643146295,-1.7907438592258202,6.9017059631,1.0352728967999996,2.7433124478,-2.6843146295
1459,1459,1459.0,1459.0,1459.0,1459.0,1459.0,1459.0,1459.0,1459.0,1459.0,1459.0,1459.0,1459.0,1459.0,1459.0,1459.0,1459.0,1459.0,1459.0,1459.0,1459.0,1459.0,1459.0,1459.0,1459.0,1459.0,1459.0,1459.0,1459.0,1459.0,1459.0,1459.0,1459.0,1459.0,1459.0,1459.0,1459.0,1459.0,1459.0,1459.0,1459.0,9.0,0.9,-2.2229697275,-2.4002156572,-17.426663933748998,7.9369788599,1.7080395510000006,1.7080395510000006,-3.1802156572
1460,1460,1460.0,1460.0,1460.0,1460.0,1460.0,1460.0,1460.0,1460.0,1460.0,1460.0,1460.0,1460.0,1460.0,1460.0,1460.0,1460.0,1460.0,1460.0,1460.0,1460.0,1460.0,1460.0,1460.0,1460.0,1460.0,1460.0,1460.0,1460.0,1460.0,1460.0,1460.0,1460.0,1460.0,1460.0,1460.0,1460.0,1460.0,1460.0,1460.0,1460.0,0.0,0.0,0.0,-1.0,-14.18889485078649,0.0,0.3828291178,12.9321994737,-2.5
1461,1461,1461.0,1461.0,1461.0,1461.0,1461.0,1461.0,1461.0,1461.0,1461.0,1461.0,1461.0,1461.0,1461.0,1461.0,1461.0,1461.0,1461.0,1461.0,1461.0,1461.0,1461.0,1461.0,1461.0,1461.0,1461.0,1461.0,1461.0,1461.0,1461.0,1461.0,1461.0,1461.0,1461.0,1461.0,1461.0,1461.0,1461.0,1461.0,1461.0,1461.0,1.0,0.1,-0.1638001989,-2.2550892861,-0.6102580459216256,0.3828291178,0.4815749824,12.5493703559,-3.0350892861000003
1462,1462,1462.0,1462.0,1462.0,1462.0,1462.0,1462.0,1462.0,1462.0,1462.0,1462.0,1462.0,1462.0,1462.0,1462.0,1462.0,1462.0,1462.0,1462.0,1462.0,1462.0,1462.0,1462.0,1462.0,1462.0,1462.0,1462.0,1462.0,1462.0,1462.0,1462.0,1462.0,1462.0,1462.0,1462.0,1462.0,1462.0,1462.0,1462.0,1462.0,1462.0,2.0,0.2,-0.3813523931,-2.0985628966,-13.69268740001569,0.8644041002,0.8372459526,12.0677953735,-2.3185628966
1463,1463,1463.0,1463.0,1463.0,1463.0,1463.0,1463.0,1463.0,1463.0,1463.0,1463.0,1463.0,1463.0,1463.0,1463.0,1463.0,1463.0,1463.0,1463.0,1463.0,1463.0,1463.0,1463.0,1463.0,1463.0,1463.0,1463.0,1463.0,1463.0,1463.0,1463.0,1463.0,1463.0,1463.0,1463.0,1463.0,1463.0,1463.0,1463.0,1463.0,1463.0,3.0,0.3,-0.6472943129,-3.2018897168,-7.4183345272720125,1.7016500528,1.2561113751,11.2305494209,-3.0218897168
1464,1464,1464.0,1464.0,1464.0,1464.0,1464.0,1464.0,1464.0,1464.0,1464.0,1464.0,1464.0,1464.0,1464.0,1464.0,1464.0,1464.0,1464.0,1464.0,1464.0,1464.0,1464.0,1464.0,1464.0,1464.0,1464.0,1464.0,1464.0,1464.0,1464.0,1464.0,1464.0,1464.0,1464.0,1464.0,1464.0,1464.0,1464.0,1464.0,1464.0,1464.0,4.0,0.4,-0.9878799744,-3.603137508,-9.798572373265484,2.9577614279,1.7141931776,9.9744380458,-3.183137508
1465,1465,1465.0,1465.0,1465.0,1465.0,1465.0,1465.0,1465.0,1465.0,1465.0,1465.0,1465.0,1465.0,1465.0,1465.0,1465.0,1465.0,1465.0,1465.0,1465.0,1465.0,1465.0,1465.0,1465.0,1465.0,1465.0,1465.0,1465.0,1465.0,1465.0,1465.0,1465.0,1465.0,1465.0,1465.0,1465.0,1465.0,1465.0,1465.0,1465.0,1465.0,5.0,0.5,-1.378162597,-4.1927121228,-5.904427107218746,4.6719546055,2.1001787907,8.260244868200001,-3.6927121228
1466,1466,1466.0,1466.0,1466.0,1466.0,1466.0,1466.0,1466.0,1466.0,1466.0,1466.0,1466.0,1466.0,1466.0,1466.0,1466.0,1466.0,1466.0,1466.0,1466.0,1466.0,1466.0,1466.0,1466.0,1466.0,1466.0,1466.0,1466.0,1466.0,1466.0,1466.0,1466.0,1466.0,1466.0,1466.0,1466.0,1466.0,1466.0,1466.0,1466.0,1466.0,6.0,0.6,-1.8057139259,-4.3556035046,4.041799815437024,6.7721333962,1.978488272399999,6.160066077500001,-3.9356035046
1467,1467,1467.0,1467.0,1467.0,1467.0,1467.0,1467.0,1467.0,1467.0,1467.0,1467.0,1467.0,1467.0,1467.0,1467.0,1467.0,1467.0,1467.0,1467.0,1467.0,1467.0,1467.0,1467.0,1467.0,1467.0,1467.0,1467.0,1467.0,1467.0,1467.0,1467.0,1467.0,1467.0,1467.0,1467.0,1467.0,1467.0,1467.0,1467.0,1467.0,1467.0,7.0,0.7,-2.2006524493,-3.5564849996,9.746495963744463,8.7506216686,1.4655841775000005,4.181577805100002,-3.3764849996
1468,1468,1468.0,1468.0,1468.0,1468.0,1468.0,1468.0,1468.0,1468.0,1468.0,1468.0,1468.0,1468.0,1468.0,1468.0,1468.0,1468.0,1468.0,1468.0,1468.0,1468.0,1468.0,1468.0,1468.0,1468.0,1468.0,1468.0,1468.0,1468.0,1468.0,1468.0,1468.0,1468.0,1468.0,1468.0,1468.0,1468.0,1468.0,1468.0,1468.0,1468.0,8.0,0.8,-2.4919493237,-2.2905385289,-7.838911812517182,10.2162058461,1.3724964503,2.7159936276000014,-2.5105385289
1469,1469,1469.0,1469.0,1469.0,1469.0,1469.0,1469.0,1469.0,1469.0,1469.0,1469.0,1469.0,1469.0,1469.0,1469.0,1469.0,1469.0,1469.0,1469.0,1469.0,1469.0,1469.0,1469.0,1469.0,1469.0,1469.0,1469.0,1469.0,1469.0,1469.0,1469.0,1469.0,1469.0,1469.0,1469.0,1469.0,1469.0,1469.0,1469.0,1469.0,1469.0,9.0,0.9,-2.7478426507,-2.818536383,19.39921677494577,11.5887022964,1.3434971773000015,1.3434971773000015,-3.5985363830000003
1470,1470,1470.0,1470.0,1470.0,1470.0,1470.0,1470.0,1470.0,1470.0,1470.0,1470.0,1470.0,1470.0,1470.0,1470.0,1470.0,1470.0,1470.0,1470.0,1470.0,1470.0,1470.0,1470.0,1470.0,1470.0,1470.0,1470.0,1470.0,1470.0,1470.0,1470.0,1470.0,1470.0,1470.0,1470.0,1470.0,1470.0,1470.0,1470.0,1470.0,1470.0,0.0,0.0,0.0,-1.0,-1.455734495111784,0.0,0.1058776139,1.8657766496,1.0606111884999998
1471,1471,1471.0,1471.0,1471.0,1471.0,1471.0,1471.0,1471.0,1471.0,1471.0,1471.0,1471.0,1471.0,1471.0,1471.0,1471.0,1471.0,1471.0,1471.0,1471.0,1471.0,1471.0,1471.0,1471.0,1471.0,1471.0,1471.0,1471.0,1471.0,1471.0,1471.0,1471.0,1471.0,1471.0,1471.0,1471.0,1471.0,1471.0,1471.0,1471.0,1471.0,1.0,0.1,-0.1022045916,-1.0433688579,7.4857739881759855,0.1058776139,0.0753039554,1.7598990356999995,1.0606111884999998
1472,1472,1472.0,1472.0,1472.0,1472.0,1472.0,1472.0,1472.0,1472.0,1472.0,1472.0,1472.0,1472.0,1472.0,1472.0,1472.0,1472.0,1472.0,1472.0,1472.0,1472.0,1472.0,1472.0,1472.0,1472.0,1472.0,1472.0,1472.0,1472.0,1472.0,1472.0,1472.0,1472.0,1472.0,1472.0,1472.0,1472.0,1472.0,1472.0,1472.0,1472.0,2.0,0.2,-0.1652824528,-0.2317135979,9.12047572928379,0.1811815693,0.0556809067999999,1.6845950802999998,1.0606111884999998
1473,1473,1473.0,1473.0,1473.0,1473.0,1473.0,1473.0,1473.0,1473.0,1473.0,1473.0,1473.0,1473.0,1473.0,1473.0,1473.0,1473.0,1473.0,1473.0,1473.0,1473.0,1473.0,1473.0,1473.0,1473.0,1473.0,1473.0,1473.0,1473.0,1473.0,1473.0,1473.0,1473.0,1473.0,1473.0,1473.0,1473.0,1473.0,1473.0,1473.0,1473.0,3.0,0.3,-0.1432133979,0.6582649201,-6.670961164649189,0.2368624761,0.0370305110999999,1.6289141735,1.0606111884999998
1474,1474,1474.0,1474.0,1474.0,1474.0,1474.0,1474.0,1474.0,1474.0,1474.0,1474.0,1474.0,1474.0,1474.0,1474.0,1474.0,1474.0,1474.0,1474.0,1474.0,1474.0,1474.0,1474.0,1474.0,1474.0,1474.0,1474.0,1474.0,1474.0,1474.0,1474.0,1474.0,1474.0,1474.0,1474.0,1474.0,1474.0,1474.0,1474.0,1474.0,1474.0,4.0,0.4,-0.1128414364,-0.0392031578,-13.383903450486091,0.2738929872,0.1517938542,1.5918836624,1.0606111884999998
1475,1475,1475.0,1475.0,1475.0,1475.0,1475.0,1475.0,1475.0,1475.0,1475.0,1475.0,1475.0,1475.0,1475.0,1475.0,1475.0,1475.0,1475.0,1475.0,1475.0,1475.0,1475.0,1475.0,1475.0,1475.0,1475.0,1475.0,1475.0,1475.0,1475.0,1475.0,1475.0,1475.0,1475.0,1475.0,1475.0,1475.0,1475.0,1475.0,1475.0,1475.0,5.0,0.5,-0.1813156381,-1.3091193011,19.179295796137296,0.4256868414,0.2302804861999999,1.4400898081999998,1.0606111884999998
1476,1476,1476.0,1476.0,1476.0,1476.0,1476.0,1476.0,1476.0,1476.0,1476.0,1476.0,1476.0,1476.0,1476.0,1476.0,1476.0,1476.0,1476.0,1476.0,1476.0,1476.0,1476.0,1476.0,1476.0,1476.0,1476.0,1476.0,1476.0,1476.0,1476.0,1476.0,1476.0,1476.0,1476.0,1476.0,1476.0,1476.0,1476.0,1476.0,1476.0,1476.0,6.0,0.6,-0.2131165482,0.6406111885,-7.177326762317673,0.6559673276,0.0410207277999999,1.209809322,1.0606111884999998
1477,1477,1477.0,1477.0,1477.0,1477.0,1477.0,1477.0,1477.0,1477.0,1477.0,1477.0,1477.0,1477.0,1477.0,1477.0,1477.0,1477.0,1477.0,1477.0,1477.0,1477.0,1477.0,1477.0,1477.0,1477.0,1477.0,1477.0,1477.0,1477.0,1477.0,1477.0,1477.0,1477.0,1477.0,1477.0,1477.0,1477.0,1477.0,1477.0,1477.0,1477.0,7.0,0.7,-0.1868739023,-0.1033641336,-19.04946265756123,0.6969880554,0.317598344,1.1687885942,1.0606111884999998
1478,1478,1478.0,1478.0,1478.0,1478.0,1478.0,1478.0,1478.0,1478.0,1478.0,1478.0,1478.0,1478.0,1478.0,1478.0,1478.0,1478.0,1478.0,1478.0,1478.0,1478.0,1478.0,1478.0,1478.0,1478.0,1478.0,1478.0,1478.0,1478.0,1478.0,1478.0,1478.0,1478.0,1478.0,1478.0,1478.0,1478.0,1478.0,1478.0,1478.0,1478.0,8.0,0.8,-0.2888604585,-1.9063238432,-3.779914648821503,1.0145863994,0.4215197423000001,0.8511902501999999,1.0606111884999998
1479,1479,1479.0,1479.0,1479.0,1479.0,1479.0,1479.0,1479.0,1479.0,1479.0,1479.0,1479.0,1479.0,1479.0,1479.0,1479.0,1479.0,1479.0,1479.0,1479.0,1479.0,1479.0,1479.0,1479.0,1479.0,1479.0,1479.0,1479.0,1479.0,1479.0,1479.0,1479.0,1479.0,1479.0,1479.0,1479.0,1479.0,1479.0,1479.0,1479.0,1479.0,9.0,0.9,-0.4885562112,-2.0846195554,-0.0384592818026305,1.4361061417,0.4296705078999998,0.4296705078999998,1.0606111884999998
1480,1480,1480.0,1480.0,1480.0,1480.0,1480.0,1480.0,1480.0,1480.0,1480.0,1480.0,1480.0,1480.0,1480.0,1480.0,1480.0,1480.0,1480.0,1480.0,1480.0,1480.0,1480.0,1480.0,1480.0,1480.0,1480.0,1480.0,1480.0,1480.0,1480.0,1480.0,1480.0,1480.0,1480.0,1480.0,1480.0,1480.0,1480.0,1480.0,1480.0,1480.0,0.0,0.0,0.0,-1.0,-4.087354723224497,0.0,0.1415855293,12.2598010812,-2.5
1481,1481,1481.0,1481.0,1481.0,1481.0,1481.0,1481.0,1481.0,1481.0,1481.0,1481.0,1481.0,1481.0,1481.0,1481.0,1481.0,1481.0,1481.0,1481.0,1481.0,1481.0,1481.0,1481.0,1481.0,1481.0,1481.0,1481.0,1481.0,1481.0,1481.0,1481.0,1481.0,1481.0,1481.0,1481.0,1481.0,1481.0,1481.0,1481.0,1481.0,1481.0,1.0,0.1,-0.1149348305,-1.2938006418,6.669813464888929,0.1415855293,0.1124255918,12.1182155519,-2.0738006418
1482,1482,1482.0,1482.0,1482.0,1482.0,1482.0,1482.0,1482.0,1482.0,1482.0,1482.0,1482.0,1482.0,1482.0,1482.0,1482.0,1482.0,1482.0,1482.0,1482.0,1482.0,1482.0,1482.0,1482.0,1482.0,1482.0,1482.0,1482.0,1482.0,1482.0,1482.0,1482.0,1482.0,1482.0,1482.0,1482.0,1482.0,1482.0,1482.0,1482.0,1482.0,2.0,0.2,-0.2057915663,-0.5359625596,-12.718144891074266,0.2540111211,0.2251741421999999,12.0057899601,-0.7559625596
1483,1483,1483.0,1483.0,1483.0,1483.0,1483.0,1483.0,1483.0,1483.0,1483.0,1483.0,1483.0,1483.0,1483.0,1483.0,1483.0,1483.0,1483.0,1483.0,1483.0,1483.0,1483.0,1483.0,1483.0,1483.0,1483.0,1483.0,1483.0,1483.0,1483.0,1483.0,1483.0,1483.0,1483.0,1483.0,1483.0,1483.0,1483.0,1483.0,1483.0,1483.0,3.0,0.3,-0.3183181098,-1.6952505051,-18.948789525807296,0.4791852633,0.8611435890000001,11.7806158179,-1.5152505051
1484,1484,1484.0,1484.0,1484.0,1484.0,1484.0,1484.0,1484.0,1484.0,1484.0,1484.0,1484.0,1484.0,1484.0,1484.0,1484.0,1484.0,1484.0,1484.0,1484.0,1484.0,1484.0,1484.0,1484.0,1484.0,1484.0,1484.0,1484.0,1484.0,1484.0,1484.0,1484.0,1484.0,1484.0,1484.0,1484.0,1484.0,1484.0,1484.0,1484.0,1484.0,4.0,0.4,-0.5713057312,-3.3371418363,-18.84342373239556,1.3403288523,1.9259087428,10.919472228899998,-2.9171418363
1485,1485,1485.0,1485.0,1485.0,1485.0,1485.0,1485.0,1485.0,1485.0,1485.0,1485.0,1485.0,1485.0,1485.0,1485.0,1485.0,1485.0,1485.0,1485.0,1485.0,1485.0,1485.0,1485.0,1485.0,1485.0,1485.0,1485.0,1485.0,1485.0,1485.0,1485.0,1485.0,1485.0,1485.0,1485.0,1485.0,1485.0,1485.0,1485.0,1485.0,1485.0,5.0,0.5,-0.9800302782,-4.8127596626,-16.578825016090576,3.2662375951,3.2005343514,8.9935634861,-4.3127596626
1486,1486,1486.0,1486.0,1486.0,1486.0,1486.0,1486.0,1486.0,1486.0,1486.0,1486.0,1486.0,1486.0,1486.0,1486.0,1486.0,1486.0,1486.0,1486.0,1486.0,1486.0,1486.0,1486.0,1486.0,1486.0,1486.0,1486.0,1486.0,1486.0,1486.0,1486.0,1486.0,1486.0,1486.0,1486.0,1486.0,1486.0,1486.0,1486.0,1486.0,1486.0,6.0,0.6,-1.5182230884,-5.9324493539,18.08989822004559,6.4667719465,2.8000643415000006,5.793029134699999,-5.5124493539
1487,1487,1487.0,1487.0,1487.0,1487.0,1487.0,1487.0,1487.0,1487.0,1487.0,1487.0,1487.0,1487.0,1487.0,1487.0,1487.0,1487.0,1487.0,1487.0,1487.0,1487.0,1487.0,1487.0,1487.0,1487.0,1487.0,1487.0,1487.0,1487.0,1487.0,1487.0,1487.0,1487.0,1487.0,1487.0,1487.0,1487.0,1487.0,1487.0,1487.0,1487.0,7.0,0.7,-1.9952619193,-3.6464207011,12.290086433142172,9.266836288,1.3852247428000002,2.9929647931999988,-3.4664207011
1488,1488,1488.0,1488.0,1488.0,1488.0,1488.0,1488.0,1488.0,1488.0,1488.0,1488.0,1488.0,1488.0,1488.0,1488.0,1488.0,1488.0,1488.0,1488.0,1488.0,1488.0,1488.0,1488.0,1488.0,1488.0,1488.0,1488.0,1488.0,1488.0,1488.0,1488.0,1488.0,1488.0,1488.0,1488.0,1488.0,1488.0,1488.0,1488.0,1488.0,1488.0,8.0,0.8,-2.2828130203,-2.1298609567,16.250723060547074,10.6520610308,0.8683392447999996,1.6077400503999986,-2.3498609567
1489,1489,1489.0,1489.0,1489.0,1489.0,1489.0,1489.0,1489.0,1489.0,1489.0,1489.0,1489.0,1489.0,1489.0,1489.0,1489.0,1489.0,1489.0,1489.0,1489.0,1489.0,1489.0,1489.0,1489.0,1489.0,1489.0,1489.0,1489.0,1489.0,1489.0,1489.0,1489.0,1489.0,1489.0,1489.0,1489.0,1489.0,1489.0,1489.0,1489.0,1489.0,9.0,0.9,-2.4068857303,-0.3807159407,15.93174742672396,11.5204002756,0.739400805599999,0.739400805599999,-1.1607159407000005
1490,1490,1490.0,1490.0,1490.0,1490.0,1490.0,1490.0,1490.0,1490.0,1490.0,1490.0,1490.0,1490.0,1490.0,1490.0,1490.0,1490.0,1490.0,1490.0,1490.0,1490.0,1490.0,1490.0,1490.0,1490.0,1490.0,1490.0,1490.0,1490.0,1490.0,1490.0,1490.0,1490.0,1490.0,1490.0,1490.0,1490.0,1490.0,1490.0,1490.0,1490.0,0.0,0.0,0.0,-1.0,-4.5261282753511445,0.0,0.1486303504,6.941591348100002,-2.5
1491,1491,1491.0,1491.0,1491.0,1491.0,1491.0,1491.0,1491.0,1491.0,1491.0,1491.0,1491.0,1491.0,1491.0,1491.0,1491.0,1491.0,1491.0,1491.0,1491.0,1491.0,1491.0,1491.0,1491.0,1491.0,1491.0,1491.0,1491.0,1491.0,1491.0,1491.0,1491.0,1491.0,1491.0,1491.0,1491.0,1491.0,1491.0,1491.0,1491.0,1491.0,1.0,0.1,-0.1170573611,-1.3355554665,13.043210212266338,0.1486303504,0.1442334099,6.792960997700002,-2.1155554665
1492,1492,1492.0,1492.0,1492.0,1492.0,1492.0,1492.0,1492.0,1492.0,1492.0,1492.0,1492.0,1492.0,1492.0,1492.0,1492.0,1492.0,1492.0,1492.0,1492.0,1492.0,1492.0,1492.0,1492.0,1492.0,1492.0,1492.0,1492.0,1492.0,1492.0,1492.0,1492.0,1492.0,1492.0,1492.0,1492.0,1492.0,1492.0,1492.0,1492.0,1492.0,2.0,0.2,-0.1810568095,0.0327650032,-7.502123011570866,0.2928637603,0.0471128795999999,6.648727587800002,-0.1872349968
1493,1493,1493.0,1493.0,1493.0,1493.0,1493.0,1493.0,1493.0,1493.0,1493.0,1493.0,1493.0,1493.0,1493.0,1493.0,1493.0,1493.0,1493.0,1493.0,1493.0,1493.0,1493.0,1493.0,1493.0,1493.0,1493.0,1493.0,1493.0,1493.0,1493.0,1493.0,1493.0,1493.0,1493.0,1493.0,1493.0,1493.0,1493.0,1493.0,1493.0,1493.0,3.0,0.3,-0.2142297045,-0.6842744029,-6.731890319947063,0.3399766399,0.1275877341,6.601614708200001,-0.5042744029
1494,1494,1494.0,1494.0,1494.0,1494.0,1494.0,1494.0,1494.0,1494.0,1494.0,1494.0,1494.0,1494.0,1494.0,1494.0,1494.0,1494.0,1494.0,1494.0,1494.0,1494.0,1494.0,1494.0,1494.0,1494.0,1494.0,1494.0,1494.0,1494.0,1494.0,1494.0,1494.0,1494.0,1494.0,1494.0,1494.0,1494.0,1494.0,1494.0,1494.0,1494.0,4.0,0.4,-0.3119119936,-1.2597811459,-13.779197093768127,0.467564374,0.4706457188,6.474026974100001,-0.8397811458999999
1495,1495,1495.0,1495.0,1495.0,1495.0,1495.0,1495.0,1495.0,1495.0,1495.0,1495.0,1495.0,1495.0,1495.0,1495.0,1495.0,1495.0,1495.0,1495.0,1495.0,1495.0,1495.0,1495.0,1495.0,1495.0,1495.0,1495.0,1495.0,1495.0,1495.0,1495.0,1495.0,1495.0,1495.0,1495.0,1495.0,1495.0,1495.0,1495.0,1495.0,1495.0,5.0,0.5,-0.4984517455,-2.4511611033,14.553454353041808,0.9382100928,0.4283768561,6.003381255300001,-1.9511611033
1496,1496,1496.0,1496.0,1496.0,1496.0,1496.0,1496.0,1496.0,1496.0,1496.0,1496.0,1496.0,1496.0,1496.0,1496.0,1496.0,1496.0,1496.0,1496.0,1496.0,1496.0,1496.0,1496.0,1496.0,1496.0,1496.0,1496.0,1496.0,1496.0,1496.0,1496.0,1496.0,1496.0,1496.0,1496.0,1496.0,1496.0,1496.0,1496.0,1496.0,1496.0,6.0,0.6,-0.6613094318,-0.8329579817,-12.466969601052948,1.3665869489,0.3350118849000001,5.575004399200001,-0.4129579817
1497,1497,1497.0,1497.0,1497.0,1497.0,1497.0,1497.0,1497.0,1497.0,1497.0,1497.0,1497.0,1497.0,1497.0,1497.0,1497.0,1497.0,1497.0,1497.0,1497.0,1497.0,1497.0,1497.0,1497.0,1497.0,1497.0,1497.0,1497.0,1497.0,1497.0,1497.0,1497.0,1497.0,1497.0,1497.0,1497.0,1497.0,1497.0,1497.0,1497.0,1497.0,7.0,0.7,-0.8008837117,-1.9400806619,-14.70042704455544,1.7015988338,0.8592781967999998,5.239992514300001,-1.7600806618999998
1498,1498,1498.0,1498.0,1498.0,1498.0,1498.0,1498.0,1498.0,1498.0,1498.0,1498.0,1498.0,1498.0,1498.0,1498.0,1498.0,1498.0,1498.0,1498.0,1498.0,1498.0,1498.0,1498.0,1498.0,1498.0,1498.0,1498.0,1498.0,1498.0,1498.0,1498.0,1498.0,1498.0,1498.0,1498.0,1498.0,1498.0,1498.0,1498.0,1498.0,1498.0,8.0,0.8,-1.05661889,-3.1543881881,-19.484500898423725,2.5608770306,1.9210105573000005,4.380714317500001,-3.3743881881
1499,1499,1499.0,1499.0,1499.0,1499.0,1499.0,1499.0,1499.0,1499.0,1499.0,1499.0,1499.0,1499.0,1499.0,1499.0,1499.0,1499.0,1499.0,1499.0,1499.0,1499.0,1499.0,1499.0,1499.0,1499.0,1499.0,1499.0,1499.0,1499.0,1499.0,1499.0,1499.0,1499.0,1499.0,1499.0,1499.0,1499.0,1499.0,1499.0,1499.0,1499.0,9.0,0.9,-1.4510532678,-4.7084039001,-3.616469606089933,4.4818875879,2.4597037602,2.4597037602,-5.488403900100001
1500,1500,1500.0,1500.0,1500.0,1500.0,1500.0,1500.0,1500.0,1500.0,1500.0,1500.0,1500.0,1500.0,1500.0,1500.0,1500.0,1500.0,1500.0,1500.0,1500.0,1500.0,1500.0,1500.0,1500.0,1500.0,1500.0,1500.0,1500.0,1500.0,1500.0,1500.0,1500.0,1500.0,1500.0,1500.0,1500.0,1500.0,1500.0,1500.0,1500.0,1500.0,0.0,0.0,0.0,-1.0,-17.76367173314888,0.0,0.5077989534,22.9296208659,-2.5
1501,1501,1501.0,1501.0,1501.0,1501.0,1501.0,1501.0,1501.0,1501.0,1501.0,1501.0,1501.0,1501.0,1501.0,1501.0,1501.0,1501.0,1501.0,1501.0,1501.0,1501.0,1501.0,1501.0,1501.0,1501.0,1501.0,1501.0,1501.0,1501.0,1501.0,1501.0,1501.0,1501.0,1501.0,1501.0,1501.0,1501.0,1501.0,1501.0,1501.0,1501.0,1.0,0.1,-0.1810928882,-2.5952742851,-18.023611888321444,0.5077989534,1.3092399553,22.4218219125,-3.3752742851
1502,1502,1502.0,1502.0,1502.0,1502.0,1502.0,1502.0,1502.0,1502.0,1502.0,1502.0,1502.0,1502.0,1502.0,1502.0,1502.0,1502.0,1502.0,1502.0,1502.0,1502.0,1502.0,1502.0,1502.0,1502.0,1502.0,1502.0,1502.0,1502.0,1502.0,1502.0,1502.0,1502.0,1502.0,1502.0,1502.0,1502.0,1502.0,1502.0,1502.0,1502.0,2.0,0.2,-0.5152536256,-4.0634747366,-18.85433487202608,1.8170389087,2.5351471789,21.1125819572,-4.2834747366
1503,1503,1503.0,1503.0,1503.0,1503.0,1503.0,1503.0,1503.0,1503.0,1503.0,1503.0,1503.0,1503.0,1503.0,1503.0,1503.0,1503.0,1503.0,1503.0,1503.0,1503.0,1503.0,1503.0,1503.0,1503.0,1503.0,1503.0,1503.0,1503.0,1503.0,1503.0,1503.0,1503.0,1503.0,1503.0,1503.0,1503.0,1503.0,1503.0,1503.0,1503.0,3.0,0.3,-0.9931504479,-5.4710114015,7.334232085502247,4.3521860876,2.5502221164000005,18.5774347783,-5.2910114015000005
1504,1504,1504.0,1504.0,1504.0,1504.0,1504.0,1504.0,1504.0,1504.0,1504.0,1504.0,1504.0,1504.0,1504.0,1504.0,1504.0,1504.0,1504.0,1504.0,1504.0,1504.0,1504.0,1504.0,1504.0,1504.0,1504.0,1504.0,1504.0,1504.0,1504.0,1504.0,1504.0,1504.0,1504.0,1504.0,1504.0,1504.0,1504.0,1504.0,1504.0,1504.0,4.0,0.4,-1.4783072664,-4.2524313744,-16.357214177797697,6.902408204,2.780017791899999,16.0272126619,-3.832431374400001
1505,1505,1505.0,1505.0,1505.0,1505.0,1505.0,1505.0,1505.0,1505.0,1505.0,1505.0,1505.0,1505.0,1505.0,1505.0,1505.0,1505.0,1505.0,1505.0,1505.0,1505.0,1505.0,1505.0,1505.0,1505.0,1505.0,1505.0,1505.0,1505.0,1505.0,1505.0,1505.0,1505.0,1505.0,1505.0,1505.0,1505.0,1505.0,1505.0,1505.0,1505.0,5.0,0.5,-1.9621063997,-5.4043536589,-8.586049131612828,9.6824259959,3.630286359700001,13.24719487,-4.9043536589
1506,1506,1506.0,1506.0,1506.0,1506.0,1506.0,1506.0,1506.0,1506.0,1506.0,1506.0,1506.0,1506.0,1506.0,1506.0,1506.0,1506.0,1506.0,1506.0,1506.0,1506.0,1506.0,1506.0,1506.0,1506.0,1506.0,1506.0,1506.0,1506.0,1506.0,1506.0,1506.0,1506.0,1506.0,1506.0,1506.0,1506.0,1506.0,1506.0,1506.0,1506.0,6.0,0.6,-2.5179321652,-5.7071328066,19.92173997484226,13.3127123556,3.0080773461999986,9.616908510299998,-5.2871328066
1507,1507,1507.0,1507.0,1507.0,1507.0,1507.0,1507.0,1507.0,1507.0,1507.0,1507.0,1507.0,1507.0,1507.0,1507.0,1507.0,1507.0,1507.0,1507.0,1507.0,1507.0,1507.0,1507.0,1507.0,1507.0,1507.0,1507.0,1507.0,1507.0,1507.0,1507.0,1507.0,1507.0,1507.0,1507.0,1507.0,1507.0,1507.0,1507.0,1507.0,1507.0,7.0,0.7,-2.9646682729,-3.2682227014,11.878013900506769,16.3207897018,1.6944024229999997,6.6088311641,-3.0882227014
1508,1508,1508.0,1508.0,1508.0,1508.0,1508.0,1508.0,1508.0,1508.0,1508.0,1508.0,1508.0,1508.0,1508.0,1508.0,1508.0,1508.0,1508.0,1508.0,1508.0,1508.0,1508.0,1508.0,1508.0,1508.0,1508.0,1508.0,1508.0,1508.0,1508.0,1508.0,1508.0,1508.0,1508.0,1508.0,1508.0,1508.0,1508.0,1508.0,1508.0,1508.0,8.0,0.8,-3.2182217219,-1.8268678623,-15.42438879043032,18.0151921248,1.860811914100001,4.9144287411,-2.0468678623
1509,1509,1509.0,1509.0,1509.0,1509.0,1509.0,1509.0,1509.0,1509.0,1509.0,1509.0,1509.0,1509.0,1509.0,1509.0,1509.0,1509.0,1509.0,1509.0,1509.0,1509.0,1509.0,1509.0,1509.0,1509.0,1509.0,1509.0,1509.0,1509.0,1509.0,1509.0,1509.0,1509.0,1509.0,1509.0,1509.0,1509.0,1509.0,1509.0,1509.0,1509.0,9.0,0.9,-3.4666841859,-3.1208442773,-19.15292205090594,19.8760040389,3.053616826999999,3.053616826999999,-3.9008442773
1510,1510,1510.0,1510.0,1510.0,1510.0,1510.0,1510.0,1510.0,1510.0,1510.0,1510.0,1510.0,1510.0,1510.0,1510.0,1510.0,1510.0,1510.0,1510.0,1510.0,1510.0,1510.0,1510.0,1510.0,1510.0,1510.0,1510.0,1510.0,1510.0,1510.0,1510.0,1510.0,1510.0,1510.0,1510.0,1510.0,1510.0,1510.0,1510.0,1510.0,1510.0,0.0,0.0,0.0,-1.0,1.0619946407993623,0.0,0.0822152956,3.4599466093,0.1000826778
1511,1511,1511.0,1511.0,1511.0,1511.0,1511.0,1511.0,1511.0,1511.0,1511.0,1511.0,1511.0,1511.0,1511.0,1511.0,1511.0,1511.0,1511.0,1511.0,1511.0,1511.0,1511.0,1511.0,1511.0,1511.0,1511.0,1511.0,1511.0,1511.0,1511.0,1511.0,1511.0,1511.0,1511.0,1511.0,1511.0,1511.0,1511.0,1511.0,1511.0,1511.0,1.0,0.1,-0.0900252665,-0.8037752694,11.00609706360832,0.0822152956,0.0777344769,3.3777313137,0.1000826778
1512,1512,1512.0,1512.0,1512.0,1512.0,1512.0,1512.0,1512.0,1512.0,1512.0,1512.0,1512.0,1512.0,1512.0,1512.0,1512.0,1512.0,1512.0,1512.0,1512.0,1512.0,1512.0,1512.0,1512.0,1512.0,1512.0,1512.0,1512.0,1512.0,1512.0,1512.0,1512.0,1512.0,1512.0,1512.0,1512.0,1512.0,1512.0,1512.0,1512.0,1512.0,2.0,0.2,-0.1132735074,0.3200826778,-13.674541860637287,0.1599497725,0.1224656376999999,3.2999968368,0.1000826778
1513,1513,1513.0,1513.0,1513.0,1513.0,1513.0,1513.0,1513.0,1513.0,1513.0,1513.0,1513.0,1513.0,1513.0,1513.0,1513.0,1513.0,1513.0,1513.0,1513.0,1513.0,1513.0,1513.0,1513.0,1513.0,1513.0,1513.0,1513.0,1513.0,1513.0,1513.0,1513.0,1513.0,1513.0,1513.0,1513.0,1513.0,1513.0,1513.0,1513.0,1513.0,3.0,0.3,-0.1489630864,-1.0116819292,-11.379142182499052,0.2824154102,0.3067057252,3.1775311991,0.1000826778
1514,1514,1514.0,1514.0,1514.0,1514.0,1514.0,1514.0,1514.0,1514.0,1514.0,1514.0,1514.0,1514.0,1514.0,1514.0,1514.0,1514.0,1514.0,1514.0,1514.0,1514.0,1514.0,1514.0,1514.0,1514.0,1514.0,1514.0,1514.0,1514.0,1514.0,1514.0,1514.0,1514.0,1514.0,1514.0,1514.0,1514.0,1514.0,1514.0,1514.0,1514.0,4.0,0.4,-0.3002830103,-1.9982762236,12.066883258842765,0.5891211354,0.2757987409,2.8708254739,0.1000826778
1515,1515,1515.0,1515.0,1515.0,1515.0,1515.0,1515.0,1515.0,1515.0,1515.0,1515.0,1515.0,1515.0,1515.0,1515.0,1515.0,1515.0,1515.0,1515.0,1515.0,1515.0,1515.0,1515.0,1515.0,1515.0,1515.0,1515.0,1515.0,1515.0,1515.0,1515.0,1515.0,1515.0,1515.0,1515.0,1515.0,1515.0,1515.0,1515.0,1515.0,1515.0,5.0,0.5,-0.4320715871,-0.6597993209,-14.38634163372329,0.8649198763,0.3168494444999999,2.595026733,0.1000826778
1516,1516,1516.0,1516.0,1516.0,1516.0,1516.0,1516.0,1516.0,1516.0,1516.0,1516.0,1516.0,1516.0,1516.0,1516.0,1516.0,1516.0,1516.0,1516.0,1516.0,1516.0,1516.0,1516.0,1516.0,1516.0,1516.0,1516.0,1516.0,1516.0,1516.0,1516.0,1516.0,1516.0,1516.0,1516.0,1516.0,1516.0,1516.0,1516.0,1516.0,1516.0,6.0,0.6,-0.5644525335,-1.9660525379,-2.377286120810375,1.1817693208,0.4415796169000001,2.2781772885,0.1000826778
1517,1517,1517.0,1517.0,1517.0,1517.0,1517.0,1517.0,1517.0,1517.0,1517.0,1517.0,1517.0,1517.0,1517.0,1517.0,1517.0,1517.0,1517.0,1517.0,1517.0,1517.0,1517.0,1517.0,1517.0,1517.0,1517.0,1517.0,1517.0,1517.0,1517.0,1517.0,1517.0,1517.0,1517.0,1517.0,1517.0,1517.0,1517.0,1517.0,1517.0,1517.0,7.0,0.7,-0.7630470451,-2.0051866383,-12.928891280544596,1.6233489377,0.8126647796999997,1.8365976716,0.1000826778
1518,1518,1518.0,1518.0,1518.0,1518.0,1518.0,1518.0,1518.0,1518.0,1518.0,1518.0,1518.0,1518.0,1518.0,1518.0,1518.0,1518.0,1518.0,1518.0,1518.0,1518.0,1518.0,1518.0,1518.0,1518.0,1518.0,1518.0,1518.0,1518.0,1518.0,1518.0,1518.0,1518.0,1518.0,1518.0,1518.0,1518.0,1518.0,1518.0,1518.0,1518.0,8.0,0.8,-1.0164082238,-3.0447145877,16.092078474924506,2.4360137174,0.7359014264000003,1.0239328919000004,0.1000826778
1519,1519,1519.0,1519.0,1519.0,1519.0,1519.0,1519.0,1519.0,1519.0,1519.0,1519.0,1519.0,1519.0,1519.0,1519.0,1519.0,1519.0,1519.0,1519.0,1519.0,1519.0,1519.0,1519.0,1519.0,1519.0,1519.0,1519.0,1519.0,1519.0,1519.0,1519.0,1519.0,1519.0,1519.0,1519.0,1519.0,1519.0,1519.0,1519.0,1519.0,1519.0,9.0,0.9,-1.2283071207,-1.2236078433,1.2951804998936396,3.1719151438,0.2880314655,0.2880314655,0.1000826778
1520,1520,1520.0,1520.0,1520.0,1520.0,1520.0,1520.0,1520.0,1520.0,1520.0,1520.0,1520.0,1520.0,1520.0,1520.0,1520.0,1520.0,1520.0,1520.0,1520.0,1520.0,1520.0,1520.0,1520.0,1520.0,1520.0,1520.0,1520.0,1520.0,1520.0,1520.0,1520.0,1520.0,1520.0,1520.0,1520.0,1520.0,1520.0,1520.0,1520.0,1520.0,0.0,0.0,0.0,-1.0,-18.474477431167923,0.0,0.5351152569,4.3022875822,-2.5
1521,1521,1521.0,1521.0,1521.0,1521.0,1521.0,1521.0,1521.0,1521.0,1521.0,1521.0,1521.0,1521.0,1521.0,1521.0,1521.0,1521.0,1521.0,1521.0,1521.0,1521.0,1521.0,1521.0,1521.0,1521.0,1521.0,1521.0,1521.0,1521.0,1521.0,1521.0,1521.0,1521.0,1521.0,1521.0,1521.0,1521.0,1521.0,1521.0,1521.0,1521.0,1.0,0.1,-0.1845313507,-2.6629163924,8.852906461732086,0.5351152569,0.5019625069,3.7671723253,-3.4429163924000004
1522,1522,1522.0,1522.0,1522.0,1522.0,1522.0,1522.0,1522.0,1522.0,1522.0,1522.0,1522.0,1522.0,1522.0,1522.0,1522.0,1522.0,1522.0,1522.0,1522.0,1522.0,1522.0,1522.0,1522.0,1522.0,1522.0,1522.0,1522.0,1522.0,1522.0,1522.0,1522.0,1522.0,1522.0,1522.0,1522.0,1522.0,1522.0,1522.0,1522.0,1522.0,2.0,0.2,-0.3951161926,-1.5670409044,12.401885946748664,1.0370777638,0.1914549582,3.2652098184,-1.7870409044
1523,1523,1523.0,1523.0,1523.0,1523.0,1523.0,1523.0,1523.0,1523.0,1523.0,1523.0,1523.0,1523.0,1523.0,1523.0,1523.0,1523.0,1523.0,1523.0,1523.0,1523.0,1523.0,1523.0,1523.0,1523.0,1523.0,1523.0,1523.0,1523.0,1523.0,1523.0,1523.0,1523.0,1523.0,1523.0,1523.0,1523.0,1523.0,1523.0,1523.0,1523.0,3.0,0.3,-0.4842467539,-0.2377217484,-19.8686497561828,1.228532722,0.3954483902000001,3.0737548602,-0.0577217484
1524,1524,1524.0,1524.0,1524.0,1524.0,1524.0,1524.0,1524.0,1524.0,1524.0,1524.0,1524.0,1524.0,1524.0,1524.0,1524.0,1524.0,1524.0,1524.0,1524.0,1524.0,1524.0,1524.0,1524.0,1524.0,1524.0,1524.0,1524.0,1524.0,1524.0,1524.0,1524.0,1524.0,1524.0,1524.0,1524.0,1524.0,1524.0,1524.0,1524.0,1524.0,4.0,0.4,-0.6029818772,-2.1058516007,11.66603870517989,1.6239811122,0.3368402264999999,2.67830647,-1.6858516007
1525,1525,1525.0,1525.0,1525.0,1525.0,1525.0,1525.0,1525.0,1525.0,1525.0,1525.0,1525.0,1525.0,1525.0,1525.0,1525.0,1525.0,1525.0,1525.0,1525.0,1525.0,1525.0,1525.0,1525.0,1525.0,1525.0,1525.0,1525.0,1525.0,1525.0,1525.0,1525.0,1525.0,1525.0,1525.0,1525.0,1525.0,1525.0,1525.0,1525.0,1525.0,5.0,0.5,-0.7469467599,-0.7952828474,-18.62009157691522,1.9608213387,0.5388407025000002,2.3414662435,-0.2952828474
1526,1526,1526.0,1526.0,1526.0,1526.0,1526.0,1526.0,1526.0,1526.0,1526.0,1526.0,1526.0,1526.0,1526.0,1526.0,1526.0,1526.0,1526.0,1526.0,1526.0,1526.0,1526.0,1526.0,1526.0,1526.0,1526.0,1526.0,1526.0,1526.0,1526.0,1526.0,1526.0,1526.0,1526.0,1526.0,1526.0,1526.0,1526.0,1526.0,1526.0,1526.0,6.0,0.6,-0.9127010974,-2.4915376677,13.645252967529244,2.4996620412,0.507946886,1.802625541,-2.0715376677
1527,1527,1527.0,1527.0,1527.0,1527.0,1527.0,1527.0,1527.0,1527.0,1527.0,1527.0,1527.0,1527.0,1527.0,1527.0,1527.0,1527.0,1527.0,1527.0,1527.0,1527.0,1527.0,1527.0,1527.0,1527.0,1527.0,1527.0,1527.0,1527.0,1527.0,1527.0,1527.0,1527.0,1527.0,1527.0,1527.0,1527.0,1527.0,1527.0,1527.0,1527.0,7.0,0.7,-1.0837946016,-0.9559188667,-7.389533392619292,3.0076089272,0.3215650058999997,1.2946786549999998,-0.7759188666999999
1528,1528,1528.0,1528.0,1528.0,1528.0,1528.0,1528.0,1528.0,1528.0,1528.0,1528.0,1528.0,1528.0,1528.0,1528.0,1528.0,1528.0,1528.0,1528.0,1528.0,1528.0,1528.0,1528.0,1528.0,1528.0,1528.0,1528.0,1528.0,1528.0,1528.0,1528.0,1528.0,1528.0,1528.0,1528.0,1528.0,1528.0,1528.0,1528.0,1528.0,1528.0,8.0,0.8,-1.2105077045,-1.5681591031,-5.534525535388575,3.3291739331,0.4943295860000001,0.9731136491,-1.7881591031
1529,1529,1529.0,1529.0,1529.0,1529.0,1529.0,1529.0,1529.0,1529.0,1529.0,1529.0,1529.0,1529.0,1529.0,1529.0,1529.0,1529.0,1529.0,1529.0,1529.0,1529.0,1529.0,1529.0,1529.0,1529.0,1529.0,1529.0,1529.0,1529.0,1529.0,1529.0,1529.0,1529.0,1529.0,1529.0,1529.0,1529.0,1529.0,1529.0,1529.0,1529.0,9.0,0.9,-1.386510419,-1.9456089421,15.829594898687212,3.8235035191,0.4787840631,0.4787840631,-2.7256089421
1530,1530,1530.0,1530.0,1530.0,1530.0,1530.0,1530.0,1530.0,1530.0,1530.0,1530.0,1530.0,1530.0,1530.0,1530.0,1530.0,1530.0,1530.0,1530.0,1530.0,1530.0,1530.0,1530.0,1530.0,1530.0,1530.0,1530.0,1530.0,1530.0,1530.0,1530.0,1530.0,1530.0,1530.0,1530.0,1530.0,1530.0,1530.0,1530.0,1530.0,1530.0,0.0,0.0,0.0,-1.0,9.959264809750334,0.0,0.0808554806,7.5544218703000015,-2.5
1531,1531,1531.0,1531.0,1531.0,1531.0,1531.0,1531.0,1531.0,1531.0,1531.0,1531.0,1531.0,1531.0,1531.0,1531.0,1531.0,1531.0,1531.0,1531.0,1531.0,1531.0,1531.0,1531.0,1531.0,1531.0,1531.0,1531.0,1531.0,1531.0,1531.0,1531.0,1531.0,1531.0,1531.0,1531.0,1531.0,1531.0,1531.0,1531.0,1531.0,1531.0,1.0,0.1,-0.0469854544,0.0429119354,-13.637240986014811,0.0808554806,0.1458912257,7.473566389700001,-0.7370880646000002
1532,1532,1532.0,1532.0,1532.0,1532.0,1532.0,1532.0,1532.0,1532.0,1532.0,1532.0,1532.0,1532.0,1532.0,1532.0,1532.0,1532.0,1532.0,1532.0,1532.0,1532.0,1532.0,1532.0,1532.0,1532.0,1532.0,1532.0,1532.0,1532.0,1532.0,1532.0,1532.0,1532.0,1532.0,1532.0,1532.0,1532.0,1532.0,1532.0,1532.0,1532.0,2.0,0.2,-0.1088708675,-1.2589267501,-11.69880054163903,0.2267467063,0.3916313344,7.327675164000001,-1.4789267501
1533,1533,1533.0,1533.0,1533.0,1533.0,1533.0,1533.0,1533.0,1533.0,1533.0,1533.0,1533.0,1533.0,1533.0,1533.0,1533.0,1533.0,1533.0,1533.0,1533.0,1533.0,1533.0,1533.0,1533.0,1533.0,1533.0,1533.0,1533.0,1533.0,1533.0,1533.0,1533.0,1533.0,1533.0,1533.0,1533.0,1533.0,1533.0,1533.0,1533.0,1533.0,3.0,0.3,-0.2852655732,-2.2524120986,-7.241349580299602,0.6183780407,0.6669766201999999,6.936043829600001,-2.0724120986
1534,1534,1534.0,1534.0,1534.0,1534.0,1534.0,1534.0,1534.0,1534.0,1534.0,1534.0,1534.0,1534.0,1534.0,1534.0,1534.0,1534.0,1534.0,1534.0,1534.0,1534.0,1534.0,1534.0,1534.0,1534.0,1534.0,1534.0,1534.0,1534.0,1534.0,1534.0,1534.0,1534.0,1534.0,1534.0,1534.0,1534.0,1534.0,1534.0,1534.0,1534.0,4.0,0.4,-0.5346403651,-2.7271722647,7.611392979958303,1.2853546609,0.5762176745,6.269067209400001,-2.3071722647
1535,1535,1535.0,1535.0,1535.0,1535.0,1535.0,1535.0,1535.0,1535.0,1535.0,1535.0,1535.0,1535.0,1535.0,1535.0,1535.0,1535.0,1535.0,1535.0,1535.0,1535.0,1535.0,1535.0,1535.0,1535.0,1535.0,1535.0,1535.0,1535.0,1535.0,1535.0,1535.0,1535.0,1535.0,1535.0,1535.0,1535.0,1535.0,1535.0,1535.0,1535.0,5.0,0.5,-0.757345633,-1.7433276988,-5.085462009375901,1.8615723354,0.4492200229,5.692849534900001,-1.2433276988
1536,1536,1536.0,1536.0,1536.0,1536.0,1536.0,1536.0,1536.0,1536.0,1536.0,1536.0,1536.0,1536.0,1536.0,1536.0,1536.0,1536.0,1536.0,1536.0,1536.0,1536.0,1536.0,1536.0,1536.0,1536.0,1536.0,1536.0,1536.0,1536.0,1536.0,1536.0,1536.0,1536.0,1536.0,1536.0,1536.0,1536.0,1536.0,1536.0,1536.0,1536.0,6.0,0.6,-0.9478457468,-2.061373786,-3.901580403117592,2.3107923583,0.5817436236,5.243629512,-1.641373786
1537,1537,1537.0,1537.0,1537.0,1537.0,1537.0,1537.0,1537.0,1537.0,1537.0,1537.0,1537.0,1537.0,1537.0,1537.0,1537.0,1537.0,1537.0,1537.0,1537.0,1537.0,1537.0,1537.0,1537.0,1537.0,1537.0,1537.0,1537.0,1537.0,1537.0,1537.0,1537.0,1537.0,1537.0,1537.0,1537.0,1537.0,1537.0,1537.0,1537.0,1537.0,7.0,0.7,-1.1628850029,-2.2364925702,-13.320730885974744,2.8925359819,1.0345244062,4.6618858884,-2.0564925702
1538,1538,1538.0,1538.0,1538.0,1538.0,1538.0,1538.0,1538.0,1538.0,1538.0,1538.0,1538.0,1538.0,1538.0,1538.0,1538.0,1538.0,1538.0,1538.0,1538.0,1538.0,1538.0,1538.0,1538.0,1538.0,1538.0,1538.0,1538.0,1538.0,1538.0,1538.0,1538.0,1538.0,1538.0,1538.0,1538.0,1538.0,1538.0,1538.0,1538.0,1538.0,8.0,0.8,-1.440153361,-3.2912973007,-15.055615499603366,3.9270603881,1.8789664131,3.6273614822,-3.5112973007000003
1539,1539,1539.0,1539.0,1539.0,1539.0,1539.0,1539.0,1539.0,1539.0,1539.0,1539.0,1539.0,1539.0,1539.0,1539.0,1539.0,1539.0,1539.0,1539.0,1539.0,1539.0,1539.0,1539.0,1539.0,1539.0,1539.0,1539.0,1539.0,1539.0,1539.0,1539.0,1539.0,1539.0,1539.0,1539.0,1539.0,1539.0,1539.0,1539.0,1539.0,1539.0,9.0,0.9,-1.8261920288,-4.4108201828,15.31151405638451,5.8060268012,1.7483950691,1.7483950691,-5.1908201828000005
1540,1540,1540.0,1540.0,1540.0,1540.0,1540.0,1540.0,1540.0,1540.0,1540.0,1540.0,1540.0,1540.0,1540.0,1540.0,1540.0,1540.0,1540.0,1540.0,1540.0,1540.0,1540.0,1540.0,1540.0,1540.0,1540.0,1540.0,1540.0,1540.0,1540.0,1540.0,1540.0,1540.0,1540.0,1540.0,1540.0,1540.0,1540.0,1540.0,1540.0,1540.0,0.0,0.0,0.0,-1.0,1.0566199316492373,0.0,0.0822548719,4.5304305603,-2.5
1541,1541,1541.0,1541.0,1541.0,1541.0,1541.0,1541.0,1541.0,1541.0,1541.0,1541.0,1541.0,1541.0,1541.0,1541.0,1541.0,1541.0,1541.0,1541.0,1541.0,1541.0,1541.0,1541.0,1541.0,1541.0,1541.0,1541.0,1541.0,1541.0,1541.0,1541.0,1541.0,1541.0,1541.0,1541.0,1541.0,1541.0,1541.0,1541.0,1541.0,1541.0,1.0,0.1,-0.0900512662,-0.8042867406,9.850170098677577,0.0822548719,0.0667079364,4.4481756884,-1.5842867406000003
1542,1542,1542.0,1542.0,1542.0,1542.0,1542.0,1542.0,1542.0,1542.0,1542.0,1542.0,1542.0,1542.0,1542.0,1542.0,1542.0,1542.0,1542.0,1542.0,1542.0,1542.0,1542.0,1542.0,1542.0,1542.0,1542.0,1542.0,1542.0,1542.0,1542.0,1542.0,1542.0,1542.0,1542.0,1542.0,1542.0,1542.0,1542.0,1542.0,1542.0,1542.0,2.0,0.2,-0.1189398825,0.2096188855,-4.363497616570813,0.1489628083,0.0124548681999999,4.381467752,-0.0103811145
1543,1543,1543.0,1543.0,1543.0,1543.0,1543.0,1543.0,1543.0,1543.0,1543.0,1543.0,1543.0,1543.0,1543.0,1543.0,1543.0,1543.0,1543.0,1543.0,1543.0,1543.0,1543.0,1543.0,1543.0,1543.0,1543.0,1543.0,1543.0,1543.0,1543.0,1543.0,1543.0,1543.0,1543.0,1543.0,1543.0,1543.0,1543.0,1543.0,1543.0,1543.0,3.0,0.3,-0.120100071,-0.2255706877,-5.856229064251872,0.1614176765,0.0463313075,4.3690128838,-0.0455706877
1544,1544,1544.0,1544.0,1544.0,1544.0,1544.0,1544.0,1544.0,1544.0,1544.0,1544.0,1544.0,1544.0,1544.0,1544.0,1544.0,1544.0,1544.0,1544.0,1544.0,1544.0,1544.0,1544.0,1544.0,1544.0,1544.0,1544.0,1544.0,1544.0,1544.0,1544.0,1544.0,1544.0,1544.0,1544.0,1544.0,1544.0,1544.0,1544.0,1544.0,1544.0,4.0,0.4,-0.1698949882,-0.7613986768,-16.8287555305084,0.207748984,0.4035063618,4.3226815763,-0.3413986767999999
1545,1545,1545.0,1545.0,1545.0,1545.0,1545.0,1545.0,1545.0,1545.0,1545.0,1545.0,1545.0,1545.0,1545.0,1545.0,1545.0,1545.0,1545.0,1545.0,1545.0,1545.0,1545.0,1545.0,1545.0,1545.0,1545.0,1545.0,1545.0,1545.0,1545.0,1545.0,1545.0,1545.0,1545.0,1545.0,1545.0,1545.0,1545.0,1545.0,1545.0,1545.0,5.0,0.5,-0.3237593759,-2.2904098422,4.3628034353714895,0.6112553458,0.4189812297,3.9191752145,-1.7904098422
1546,1546,1546.0,1546.0,1546.0,1546.0,1546.0,1546.0,1546.0,1546.0,1546.0,1546.0,1546.0,1546.0,1546.0,1546.0,1546.0,1546.0,1546.0,1546.0,1546.0,1546.0,1546.0,1546.0,1546.0,1546.0,1546.0,1546.0,1546.0,1546.0,1546.0,1546.0,1546.0,1546.0,1546.0,1546.0,1546.0,1546.0,1546.0,1546.0,1546.0,1546.0,6.0,0.6,-0.5206161486,-1.657272726,-8.252962642799826,1.0302365755,0.4659779190999999,3.5001939848,-1.237272726
1547,1547,1547.0,1547.0,1547.0,1547.0,1547.0,1547.0,1547.0,1547.0,1547.0,1547.0,1547.0,1547.0,1547.0,1547.0,1547.0,1547.0,1547.0,1547.0,1547.0,1547.0,1547.0,1547.0,1547.0,1547.0,1547.0,1547.0,1547.0,1547.0,1547.0,1547.0,1547.0,1547.0,1547.0,1547.0,1547.0,1547.0,1547.0,1547.0,1547.0,1547.0,7.0,0.7,-0.7182495368,-2.284935602,-18.11686425109048,1.4962144946,1.1881924477,3.0342160657,-2.104935602
1548,1548,1548.0,1548.0,1548.0,1548.0,1548.0,1548.0,1548.0,1548.0,1548.0,1548.0,1548.0,1548.0,1548.0,1548.0,1548.0,1548.0,1548.0,1548.0,1548.0,1548.0,1548.0,1548.0,1548.0,1548.0,1548.0,1548.0,1548.0,1548.0,1548.0,1548.0,1548.0,1548.0,1548.0,1548.0,1548.0,1548.0,1548.0,1548.0,1548.0,1548.0,8.0,0.8,-1.0233287369,-3.791542827,12.790816340175162,2.6844069423,1.1375845288000002,1.8460236180000005,-4.011542827
1549,1549,1549.0,1549.0,1549.0,1549.0,1549.0,1549.0,1549.0,1549.0,1549.0,1549.0,1549.0,1549.0,1549.0,1549.0,1549.0,1549.0,1549.0,1549.0,1549.0,1549.0,1549.0,1549.0,1549.0,1549.0,1549.0,1549.0,1549.0,1549.0,1549.0,1549.0,1549.0,1549.0,1549.0,1549.0,1549.0,1549.0,1549.0,1549.0,1549.0,1549.0,9.0,0.9,-1.3222672394,-2.2135226905,-2.6338508034345764,3.8219914711,0.7084390892000001,0.7084390892000001,-2.9935226905000003
1550,1550,1550.0,1550.0,1550.0,1550.0,1550.0,1550.0,1550.0,1550.0,1550.0,1550.0,1550.0,1550.0,1550.0,1550.0,1550.0,1550.0,1550.0,1550.0,1550.0,1550.0,1550.0,1550.0,1550.0,1550.0,1550.0,1550.0,1550.0,1550.0,1550.0,1550.0,1550.0,1550.0,1550.0,1550.0,1550.0,1550.0,1550.0,1550.0,1550.0,1550.0,0.0,0.0,0.0,-1.0,-3.2202976305658595,0.0,0.1285813379,3.1294816992,3.2833165834
1551,1551,1551.0,1551.0,1551.0,1551.0,1551.0,1551.0,1551.0,1551.0,1551.0,1551.0,1551.0,1551.0,1551.0,1551.0,1551.0,1551.0,1551.0,1551.0,1551.0,1551.0,1551.0,1551.0,1551.0,1551.0,1551.0,1551.0,1551.0,1551.0,1551.0,1551.0,1551.0,1551.0,1551.0,1551.0,1551.0,1551.0,1551.0,1551.0,1551.0,1551.0,1.0,0.1,-0.1107405365,-1.2112892266,9.526440695517824,0.1285813379,0.1043516384,3.0009003613,3.2833165834
1552,1552,1552.0,1552.0,1552.0,1552.0,1552.0,1552.0,1552.0,1552.0,1552.0,1552.0,1552.0,1552.0,1552.0,1552.0,1552.0,1552.0,1552.0,1552.0,1552.0,1552.0,1552.0,1552.0,1552.0,1552.0,1552.0,1552.0,1552.0,1552.0,1552.0,1552.0,1552.0,1552.0,1552.0,1552.0,1552.0,1552.0,1552.0,1552.0,1552.0,1552.0,2.0,0.2,-0.179926573,-0.1894591205,5.208054238107277,0.2329329763,0.0195376569,2.8965487229,3.2833165834
1553,1553,1553.0,1553.0,1553.0,1553.0,1553.0,1553.0,1553.0,1553.0,1553.0,1553.0,1553.0,1553.0,1553.0,1553.0,1553.0,1553.0,1553.0,1553.0,1553.0,1553.0,1553.0,1553.0,1553.0,1553.0,1553.0,1553.0,1553.0,1553.0,1553.0,1553.0,1553.0,1553.0,1553.0,1553.0,1553.0,1553.0,1553.0,1553.0,1553.0,1553.0,3.0,0.3,-0.1727625414,0.3241822717,4.895985506536178,0.2524706332,0.0455504944999999,2.877011066,3.2833165834
1554,1554,1554.0,1554.0,1554.0,1554.0,1554.0,1554.0,1554.0,1554.0,1554.0,1554.0,1554.0,1554.0,1554.0,1554.0,1554.0,1554.0,1554.0,1554.0,1554.0,1554.0,1554.0,1554.0,1554.0,1554.0,1554.0,1554.0,1554.0,1554.0,1554.0,1554.0,1554.0,1554.0,1554.0,1554.0,1554.0,1554.0,1554.0,1554.0,1554.0,1554.0,4.0,0.4,-0.118228602,0.759246883,9.104496621390254,0.2980211277,0.1825027059,2.8314605715,3.2833165834
1555,1555,1555.0,1555.0,1555.0,1555.0,1555.0,1555.0,1555.0,1555.0,1555.0,1555.0,1555.0,1555.0,1555.0,1555.0,1555.0,1555.0,1555.0,1555.0,1555.0,1555.0,1555.0,1555.0,1555.0,1555.0,1555.0,1555.0,1555.0,1555.0,1555.0,1555.0,1555.0,1555.0,1555.0,1555.0,1555.0,1555.0,1555.0,1555.0,1555.0,1555.0,5.0,0.5,-0.0019344521,1.5534023952,15.31841545914451,0.4805238336,0.6255179731,2.6489578656,3.2833165834
1556,1556,1556.0,1556.0,1556.0,1556.0,1556.0,1556.0,1556.0,1556.0,1556.0,1556.0,1556.0,1556.0,1556.0,1556.0,1556.0,1556.0,1556.0,1556.0,1556.0,1556.0,1556.0,1556.0,1556.0,1556.0,1556.0,1556.0,1556.0,1556.0,1556.0,1556.0,1556.0,1556.0,1556.0,1556.0,1556.0,1556.0,1556.0,1556.0,1556.0,1556.0,6.0,0.6,0.2199929056,2.8633165834,-13.36350884476614,1.1060418067,0.5528271407,2.0234398925,3.2833165834
1557,1557,1557.0,1557.0,1557.0,1557.0,1557.0,1557.0,1557.0,1557.0,1557.0,1557.0,1557.0,1557.0,1557.0,1557.0,1557.0,1557.0,1557.0,1557.0,1557.0,1557.0,1557.0,1557.0,1557.0,1557.0,1557.0,1557.0,1557.0,1557.0,1557.0,1557.0,1557.0,1557.0,1557.0,1557.0,1557.0,1557.0,1557.0,1557.0,1557.0,1557.0,7.0,0.7,0.4278287795,1.3191298251,17.01894738527701,1.6588689474,0.6228094296,1.4706127517999998,3.2833165834
1558,1558,1558.0,1558.0,1558.0,1558.0,1558.0,1558.0,1558.0,1558.0,1558.0,1558.0,1558.0,1558.0,1558.0,1558.0,1558.0,1558.0,1558.0,1558.0,1558.0,1558.0,1558.0,1558.0,1558.0,1558.0,1558.0,1558.0,1558.0,1558.0,1558.0,1558.0,1558.0,1558.0,1558.0,1558.0,1558.0,1558.0,1558.0,1558.0,1558.0,1558.0,8.0,0.8,0.6356883381,2.8131650049,-14.10565138080357,2.281678377,0.5753866553,0.8478033221999999,3.2833165834
1559,1559,1559.0,1559.0,1559.0,1559.0,1559.0,1559.0,1559.0,1559.0,1559.0,1559.0,1559.0,1559.0,1559.0,1559.0,1559.0,1559.0,1559.0,1559.0,1559.0,1559.0,1559.0,1559.0,1559.0,1559.0,1559.0,1559.0,1559.0,1559.0,1559.0,1559.0,1559.0,1559.0,1559.0,1559.0,1559.0,1559.0,1559.0,1559.0,1559.0,1559.0,9.0,0.9,0.835161483,1.203126722,4.199784572419503,2.8570650323,0.2724166668999999,0.2724166668999999,3.2833165834
1560,1560,1560.0,1560.0,1560.0,1560.0,1560.0,1560.0,1560.0,1560.0,1560.0,1560.0,1560.0,1560.0,1560.0,1560.0,1560.0,1560.0,1560.0,1560.0,1560.0,1560.0,1560.0,1560.0,1560.0,1560.0,1560.0,1560.0,1560.0,1560.0,1560.0,1560.0,1560.0,1560.0,1560.0,1560.0,1560.0,1560.0,1560.0,1560.0,1560.0,1560.0,0.0,0.0,0.0,-1.0,-13.067962327772452,0.0,0.3479058489,4.0443248851,-2.5
1561,1561,1561.0,1561.0,1561.0,1561.0,1561.0,1561.0,1561.0,1561.0,1561.0,1561.0,1561.0,1561.0,1561.0,1561.0,1561.0,1561.0,1561.0,1561.0,1561.0,1561.0,1561.0,1561.0,1561.0,1561.0,1561.0,1561.0,1561.0,1561.0,1561.0,1561.0,1561.0,1561.0,1561.0,1561.0,1561.0,1561.0,1561.0,1561.0,1561.0,1561.0,1.0,0.1,-0.1583777797,-2.148418453,6.569918488173947,0.3479058489,0.3320394411,3.6964190362,-2.9284184530000004
1562,1562,1562.0,1562.0,1562.0,1562.0,1562.0,1562.0,1562.0,1562.0,1562.0,1562.0,1562.0,1562.0,1562.0,1562.0,1562.0,1562.0,1562.0,1562.0,1562.0,1562.0,1562.0,1562.0,1562.0,1562.0,1562.0,1562.0,1562.0,1562.0,1562.0,1562.0,1562.0,1562.0,1562.0,1562.0,1562.0,1562.0,1562.0,1562.0,1562.0,1562.0,2.0,0.2,-0.3310454214,-1.3187589625,0.5502889216604459,0.67994529,0.1669425708999999,3.3643795951,-1.5387589625
1563,1563,1563.0,1563.0,1563.0,1563.0,1563.0,1563.0,1563.0,1563.0,1563.0,1563.0,1563.0,1563.0,1563.0,1563.0,1563.0,1563.0,1563.0,1563.0,1563.0,1563.0,1563.0,1563.0,1563.0,1563.0,1563.0,1563.0,1563.0,1563.0,1563.0,1563.0,1563.0,1563.0,1563.0,1563.0,1563.0,1563.0,1563.0,1563.0,1563.0,1563.0,3.0,0.3,-0.4538799331,-1.1408955587,-0.3589514329897838,0.8468878609,0.1478626676,3.1974370242,-0.9608955587
1564,1564,1564.0,1564.0,1564.0,1564.0,1564.0,1564.0,1564.0,1564.0,1564.0,1564.0,1564.0,1564.0,1564.0,1564.0,1564.0,1564.0,1564.0,1564.0,1564.0,1564.0,1564.0,1564.0,1564.0,1564.0,1564.0,1564.0,1564.0,1564.0,1564.0,1564.0,1564.0,1564.0,1564.0,1564.0,1564.0,1564.0,1564.0,1564.0,1564.0,1564.0,4.0,0.4,-0.5641868958,-1.0664837393,-18.90545529622948,0.9947505285,0.6171066287,3.0495743566,-0.6464837392999999
1565,1565,1565.0,1565.0,1565.0,1565.0,1565.0,1565.0,1565.0,1565.0,1565.0,1565.0,1565.0,1565.0,1565.0,1565.0,1565.0,1565.0,1565.0,1565.0,1565.0,1565.0,1565.0,1565.0,1565.0,1565.0,1565.0,1565.0,1565.0,1565.0,1565.0,1565.0,1565.0,1565.0,1565.0,1565.0,1565.0,1565.0,1565.0,1565.0,1565.0,1565.0,5.0,0.5,-0.7571297338,-2.7640864309,13.088079993334446,1.6118571572,0.5794639357,2.4324677279,-2.2640864309
1566,1566,1566.0,1566.0,1566.0,1566.0,1566.0,1566.0,1566.0,1566.0,1566.0,1566.0,1566.0,1566.0,1566.0,1566.0,1566.0,1566.0,1566.0,1566.0,1566.0,1566.0,1566.0,1566.0,1566.0,1566.0,1566.0,1566.0,1566.0,1566.0,1566.0,1566.0,1566.0,1566.0,1566.0,1566.0,1566.0,1566.0,1566.0,1566.0,1566.0,1566.0,6.0,0.6,-0.9568549249,-1.2555532405,-9.80888145574886,2.1913210929,0.4393406062,1.8530037922,-0.8355532405
1567,1567,1567.0,1567.0,1567.0,1567.0,1567.0,1567.0,1567.0,1567.0,1567.0,1567.0,1567.0,1567.0,1567.0,1567.0,1567.0,1567.0,1567.0,1567.0,1567.0,1567.0,1567.0,1567.0,1567.0,1567.0,1567.0,1567.0,1567.0,1567.0,1567.0,1567.0,1567.0,1567.0,1567.0,1567.0,1567.0,1567.0,1567.0,1567.0,1567.0,1567.0,7.0,0.7,-1.123786294,-2.0695100169,1.3362951342563498,2.6306616991,0.5141406881999999,1.413663186,-1.8895100169
1568,1568,1568.0,1568.0,1568.0,1568.0,1568.0,1568.0,1568.0,1568.0,1568.0,1568.0,1568.0,1568.0,1568.0,1568.0,1568.0,1568.0,1568.0,1568.0,1568.0,1568.0,1568.0,1568.0,1568.0,1568.0,1568.0,1568.0,1568.0,1568.0,1568.0,1568.0,1568.0,1568.0,1568.0,1568.0,1568.0,1568.0,1568.0,1568.0,1568.0,1568.0,8.0,0.8,-1.3142620969,-1.7454047007,-0.1037135458105673,3.1448023873,0.4736764673000002,0.8995224978,-1.9654047007
1569,1569,1569.0,1569.0,1569.0,1569.0,1569.0,1569.0,1569.0,1569.0,1569.0,1569.0,1569.0,1569.0,1569.0,1569.0,1569.0,1569.0,1569.0,1569.0,1569.0,1569.0,1569.0,1569.0,1569.0,1569.0,1569.0,1569.0,1569.0,1569.0,1569.0,1569.0,1569.0,1569.0,1569.0,1569.0,1569.0,1569.0,1569.0,1569.0,1569.0,1569.0,9.0,0.9,-1.4808613692,-1.5891767829,3.906927301953594,3.6184788546,0.4258460304999998,0.4258460304999998,-2.3691767829000003
1570,1570,1570.0,1570.0,1570.0,1570.0,1570.0,1570.0,1570.0,1570.0,1570.0,1570.0,1570.0,1570.0,1570.0,1570.0,1570.0,1570.0,1570.0,1570.0,1570.0,1570.0,1570.0,1570.0,1570.0,1570.0,1570.0,1570.0,1570.0,1570.0,1570.0,1570.0,1570.0,1570.0,1570.0,1570.0,1570.0,1570.0,1570.0,1570.0,1570.0,1570.0,0.0,0.0,0.0,-1.0,-7.144211168496192,0.0,0.1971473827,6.7563235864,-2.5
1571,1571,1571.0,1571.0,1571.0,1571.0,1571.0,1571.0,1571.0,1571.0,1571.0,1571.0,1571.0,1571.0,1571.0,1571.0,1571.0,1571.0,1571.0,1571.0,1571.0,1571.0,1571.0,1571.0,1571.0,1571.0,1571.0,1571.0,1571.0,1571.0,1571.0,1571.0,1571.0,1571.0,1571.0,1571.0,1571.0,1571.0,1571.0,1571.0,1571.0,1571.0,1.0,0.1,-0.1297221186,-1.5846989983,-9.976117213479242,0.1971473827,0.456620569,6.5591762037,-2.3646989983
1572,1572,1572.0,1572.0,1572.0,1572.0,1572.0,1572.0,1572.0,1572.0,1572.0,1572.0,1572.0,1572.0,1572.0,1572.0,1572.0,1572.0,1572.0,1572.0,1572.0,1572.0,1572.0,1572.0,1572.0,1572.0,1572.0,1572.0,1572.0,1572.0,1572.0,1572.0,1572.0,1572.0,1572.0,1572.0,1572.0,1572.0,1572.0,1572.0,1572.0,1572.0,2.0,0.2,-0.3287848087,-2.3832480295,-10.21601167629296,0.6537679517,0.8416230338,6.1025556347,-2.6032480295
1573,1573,1573.0,1573.0,1573.0,1573.0,1573.0,1573.0,1573.0,1573.0,1573.0,1573.0,1573.0,1573.0,1573.0,1573.0,1573.0,1573.0,1573.0,1573.0,1573.0,1573.0,1573.0,1573.0,1573.0,1573.0,1573.0,1573.0,1573.0,1573.0,1573.0,1573.0,1573.0,1573.0,1573.0,1573.0,1573.0,1573.0,1573.0,1573.0,1573.0,1573.0,3.0,0.3,-0.6049998153,-3.1286341905,-10.189120737867036,1.4953909855,1.3206289968999998,5.2609326009,-2.9486341905
1574,1574,1574.0,1574.0,1574.0,1574.0,1574.0,1574.0,1574.0,1574.0,1574.0,1574.0,1574.0,1574.0,1574.0,1574.0,1574.0,1574.0,1574.0,1574.0,1574.0,1574.0,1574.0,1574.0,1574.0,1574.0,1574.0,1574.0,1574.0,1574.0,1574.0,1574.0,1574.0,1574.0,1574.0,1574.0,1574.0,1574.0,1574.0,1574.0,1574.0,1574.0,4.0,0.4,-0.9520177501,-3.8005283296,19.186894653548222,2.8160199824,1.0693953719000002,3.940303604,-3.3805283296
1575,1575,1575.0,1575.0,1575.0,1575.0,1575.0,1575.0,1575.0,1575.0,1575.0,1575.0,1575.0,1575.0,1575.0,1575.0,1575.0,1575.0,1575.0,1575.0,1575.0,1575.0,1575.0,1575.0,1575.0,1575.0,1575.0,1575.0,1575.0,1575.0,1575.0,1575.0,1575.0,1575.0,1575.0,1575.0,1575.0,1575.0,1575.0,1575.0,1575.0,1575.0,5.0,0.5,-1.2208708478,-1.6129857665,3.3292616663813703,3.8854153543,0.3636134837,2.8709082321,-1.1129857665
1576,1576,1576.0,1576.0,1576.0,1576.0,1576.0,1576.0,1576.0,1576.0,1576.0,1576.0,1576.0,1576.0,1576.0,1576.0,1576.0,1576.0,1576.0,1576.0,1576.0,1576.0,1576.0,1576.0,1576.0,1576.0,1576.0,1576.0,1576.0,1576.0,1576.0,1576.0,1576.0,1576.0,1576.0,1576.0,1576.0,1576.0,1576.0,1576.0,1576.0,1576.0,6.0,0.6,-1.358261808,-1.1426686396,4.074240258471956,4.249028838,0.2876377402000001,2.5072947484,-0.7226686396
1577,1577,1577.0,1577.0,1577.0,1577.0,1577.0,1577.0,1577.0,1577.0,1577.0,1577.0,1577.0,1577.0,1577.0,1577.0,1577.0,1577.0,1577.0,1577.0,1577.0,1577.0,1577.0,1577.0,1577.0,1577.0,1577.0,1577.0,1577.0,1577.0,1577.0,1577.0,1577.0,1577.0,1577.0,1577.0,1577.0,1577.0,1577.0,1577.0,1577.0,1577.0,7.0,0.7,-1.4472936429,-0.6462127789,1.573772568392986,4.5366665782,0.2485286787999996,2.2196570082,-0.4662127788999998
1578,1578,1578.0,1578.0,1578.0,1578.0,1578.0,1578.0,1578.0,1578.0,1578.0,1578.0,1578.0,1578.0,1578.0,1578.0,1578.0,1578.0,1578.0,1578.0,1578.0,1578.0,1578.0,1578.0,1578.0,1578.0,1578.0,1578.0,1578.0,1578.0,1578.0,1578.0,1578.0,1578.0,1578.0,1578.0,1578.0,1578.0,1578.0,1578.0,1578.0,1578.0,8.0,0.8,-1.5011775458,-0.4349516191,-18.63122751718516,4.785195257,0.6126911246000004,1.9711283294,-0.6549516191000002
1579,1579,1579.0,1579.0,1579.0,1579.0,1579.0,1579.0,1579.0,1579.0,1579.0,1579.0,1579.0,1579.0,1579.0,1579.0,1579.0,1579.0,1579.0,1579.0,1579.0,1579.0,1579.0,1579.0,1579.0,1579.0,1579.0,1579.0,1579.0,1579.0,1579.0,1579.0,1579.0,1579.0,1579.0,1579.0,1579.0,1579.0,1579.0,1579.0,1579.0,1579.0,9.0,0.9,-1.6326957046,-2.166556212,-18.09525544880041,5.3978863816,1.3584372047999995,1.3584372047999995,-2.9465562120000004
1580,1580,1580.0,1580.0,1580.0,1580.0,1580.0,1580.0,1580.0,1580.0,1580.0,1580.0,1580.0,1580.0,1580.0,1580.0,1580.0,1580.0,1580.0,1580.0,1580.0,1580.0,1580.0,1580.0,1580.0,1580.0,1580.0,1580.0,1580.0,1580.0,1580.0,1580.0,1580.0,1580.0,1580.0,1580.0,1580.0,1580.0,1580.0,1580.0,1580.0,1580.0,0.0,0.0,0.0,-1.0,-19.82141680688318,0.0,0.5891227564,7.995792734600001,-2.5
1581,1581,1581.0,1581.0,1581.0,1581.0,1581.0,1581.0,1581.0,1581.0,1581.0,1581.0,1581.0,1581.0,1581.0,1581.0,1581.0,1581.0,1581.0,1581.0,1581.0,1581.0,1581.0,1581.0,1581.0,1581.0,1581.0,1581.0,1581.0,1581.0,1581.0,1581.0,1581.0,1581.0,1581.0,1581.0,1581.0,1581.0,1581.0,1581.0,1581.0,1581.0,1.0,0.1,-0.1910470596,-2.7910946211,-7.062051213859032,0.5891227564,0.9370760427,7.406669978200001,-3.5710946211000003
1582,1582,1582.0,1582.0,1582.0,1582.0,1582.0,1582.0,1582.0,1582.0,1582.0,1582.0,1582.0,1582.0,1582.0,1582.0,1582.0,1582.0,1582.0,1582.0,1582.0,1582.0,1582.0,1582.0,1582.0,1582.0,1582.0,1582.0,1582.0,1582.0,1582.0,1582.0,1582.0,1582.0,1582.0,1582.0,1582.0,1582.0,1582.0,1582.0,1582.0,1582.0,2.0,0.2,-0.4908169669,-3.1975298352,-7.585524622517381,1.5261987991,1.2371374502,6.469593935500001,-3.4175298352
1583,1583,1583.0,1583.0,1583.0,1583.0,1583.0,1583.0,1583.0,1583.0,1583.0,1583.0,1583.0,1583.0,1583.0,1583.0,1583.0,1583.0,1583.0,1583.0,1583.0,1583.0,1583.0,1583.0,1583.0,1583.0,1583.0,1583.0,1583.0,1583.0,1583.0,1583.0,1583.0,1583.0,1583.0,1583.0,1583.0,1583.0,1583.0,1583.0,1583.0,1583.0,3.0,0.3,-0.8317966339,-3.6151026305,11.884831934522712,2.7633362493,1.0079206713,5.2324564853,-3.4351026305000003
1584,1584,1584.0,1584.0,1584.0,1584.0,1584.0,1584.0,1584.0,1584.0,1584.0,1584.0,1584.0,1584.0,1584.0,1584.0,1584.0,1584.0,1584.0,1584.0,1584.0,1584.0,1584.0,1584.0,1584.0,1584.0,1584.0,1584.0,1584.0,1584.0,1584.0,1584.0,1584.0,1584.0,1584.0,1584.0,1584.0,1584.0,1584.0,1584.0,1584.0,1584.0,4.0,0.4,-1.118327256,-2.1400888149,-11.790641996501527,3.7712569206,0.9107223545999998,4.224535814,-1.7200888149
1585,1585,1585.0,1585.0,1585.0,1585.0,1585.0,1585.0,1585.0,1585.0,1585.0,1585.0,1585.0,1585.0,1585.0,1585.0,1585.0,1585.0,1585.0,1585.0,1585.0,1585.0,1585.0,1585.0,1585.0,1585.0,1585.0,1585.0,1585.0,1585.0,1585.0,1585.0,1585.0,1585.0,1585.0,1585.0,1585.0,1585.0,1585.0,1585.0,1585.0,1585.0,5.0,0.5,-1.3790199111,-3.0584603594,-2.022118511458032,4.6819792752,1.1420519351000005,3.3138134594000004,-2.5584603594
1586,1586,1586.0,1586.0,1586.0,1586.0,1586.0,1586.0,1586.0,1586.0,1586.0,1586.0,1586.0,1586.0,1586.0,1586.0,1586.0,1586.0,1586.0,1586.0,1586.0,1586.0,1586.0,1586.0,1586.0,1586.0,1586.0,1586.0,1586.0,1586.0,1586.0,1586.0,1586.0,1586.0,1586.0,1586.0,1586.0,1586.0,1586.0,1586.0,1586.0,1586.0,6.0,0.6,-1.6798527099,-2.9598394117,19.76496958960596,5.8240312103,0.9014778802,2.1717615243,-2.5398394117
1587,1587,1587.0,1587.0,1587.0,1587.0,1587.0,1587.0,1587.0,1587.0,1587.0,1587.0,1587.0,1587.0,1587.0,1587.0,1587.0,1587.0,1587.0,1587.0,1587.0,1587.0,1587.0,1587.0,1587.0,1587.0,1587.0,1587.0,1587.0,1587.0,1587.0,1587.0,1587.0,1587.0,1587.0,1587.0,1587.0,1587.0,1587.0,1587.0,1587.0,1587.0,7.0,0.7,-1.8659072815,-0.7972878812,6.348372359248316,6.7255090905,0.4031936480000002,1.2702836441,-0.6172878811999999
1588,1588,1588.0,1588.0,1588.0,1588.0,1588.0,1588.0,1588.0,1588.0,1588.0,1588.0,1588.0,1588.0,1588.0,1588.0,1588.0,1588.0,1588.0,1588.0,1588.0,1588.0,1588.0,1588.0,1588.0,1588.0,1588.0,1588.0,1588.0,1588.0,1588.0,1588.0,1588.0,1588.0,1588.0,1588.0,1588.0,1588.0,1588.0,1588.0,1588.0,1588.0,8.0,0.8,-1.9110694513,-0.1172884755,-1.3674908134888355,7.1287027385,0.3724598277999993,0.8670899960999998,-0.3372884755000002
1589,1589,1589.0,1589.0,1589.0,1589.0,1589.0,1589.0,1589.0,1589.0,1589.0,1589.0,1589.0,1589.0,1589.0,1589.0,1589.0,1589.0,1589.0,1589.0,1589.0,1589.0,1589.0,1589.0,1589.0,1589.0,1589.0,1589.0,1589.0,1589.0,1589.0,1589.0,1589.0,1589.0,1589.0,1589.0,1589.0,1589.0,1589.0,1589.0,1589.0,1589.0,9.0,0.9,-1.9288458945,-0.2362611137,13.651847413581711,7.5011625663,0.4946301683000005,0.4946301683000005,-1.0162611137000002
1590,1590,1590.0,1590.0,1590.0,1590.0,1590.0,1590.0,1590.0,1590.0,1590.0,1590.0,1590.0,1590.0,1590.0,1590.0,1590.0,1590.0,1590.0,1590.0,1590.0,1590.0,1590.0,1590.0,1590.0,1590.0,1590.0,1590.0,1590.0,1590.0,1590.0,1590.0,1590.0,1590.0,1590.0,1590.0,1590.0,1590.0,1590.0,1590.0,1590.0,1590.0,0.0,0.0,0.0,-1.0,18.793510857378138,0.0,0.2063769176,2.7625622077,2.6915309687
1591,1591,1591.0,1591.0,1591.0,1591.0,1591.0,1591.0,1591.0,1591.0,1591.0,1591.0,1591.0,1591.0,1591.0,1591.0,1591.0,1591.0,1591.0,1591.0,1591.0,1591.0,1591.0,1591.0,1591.0,1591.0,1591.0,1591.0,1591.0,1591.0,1591.0,1591.0,1591.0,1591.0,1591.0,1591.0,1591.0,1591.0,1591.0,1591.0,1591.0,1591.0,1.0,0.1,-0.0042505131,0.8836015988,2.247653675087644,0.2063769176,0.0930906414,2.5561852901,2.6915309687
1592,1592,1592.0,1592.0,1592.0,1592.0,1592.0,1592.0,1592.0,1592.0,1592.0,1592.0,1592.0,1592.0,1592.0,1592.0,1592.0,1592.0,1592.0,1592.0,1592.0,1592.0,1592.0,1592.0,1592.0,1592.0,1592.0,1592.0,1592.0,1592.0,1592.0,1592.0,1592.0,1592.0,1592.0,1592.0,1592.0,1592.0,1592.0,1592.0,1592.0,1592.0,2.0,0.2,0.0907081873,1.013408266,-4.749653441672596,0.299467559,0.0695410035,2.4630946487,2.6915309687
1593,1593,1593.0,1593.0,1593.0,1593.0,1593.0,1593.0,1593.0,1593.0,1593.0,1593.0,1593.0,1593.0,1593.0,1593.0,1593.0,1593.0,1593.0,1593.0,1593.0,1593.0,1593.0,1593.0,1593.0,1593.0,1593.0,1593.0,1593.0,1593.0,1593.0,1593.0,1593.0,1593.0,1593.0,1593.0,1593.0,1593.0,1593.0,1593.0,1593.0,1593.0,3.0,0.3,0.1641706768,0.4649804323,16.960744637155592,0.3690085625,0.3285968877999999,2.3935536452,2.6915309687
1594,1594,1594.0,1594.0,1594.0,1594.0,1594.0,1594.0,1594.0,1594.0,1594.0,1594.0,1594.0,1594.0,1594.0,1594.0,1594.0,1594.0,1594.0,1594.0,1594.0,1594.0,1594.0,1594.0,1594.0,1594.0,1594.0,1594.0,1594.0,1594.0,1594.0,1594.0,1594.0,1594.0,1594.0,1594.0,1594.0,1594.0,1594.0,1594.0,1594.0,1594.0,4.0,0.4,0.2904656186,2.0347599542,3.682156921785872,0.6976054503,0.4700432327999999,2.0649567574,2.6915309687
1595,1595,1595.0,1595.0,1595.0,1595.0,1595.0,1595.0,1595.0,1595.0,1595.0,1595.0,1595.0,1595.0,1595.0,1595.0,1595.0,1595.0,1595.0,1595.0,1595.0,1595.0,1595.0,1595.0,1595.0,1595.0,1595.0,1595.0,1595.0,1595.0,1595.0,1595.0,1595.0,1595.0,1595.0,1595.0,1595.0,1595.0,1595.0,1595.0,1595.0,1595.0,5.0,0.5,0.5019102963,2.1915309687,-4.447090868259913,1.1676486831,0.3994242785000002,1.5949135246,2.6915309687
1596,1596,1596.0,1596.0,1596.0,1596.0,1596.0,1596.0,1596.0,1596.0,1596.0,1596.0,1596.0,1596.0,1596.0,1596.0,1596.0,1596.0,1596.0,1596.0,1596.0,1596.0,1596.0,1596.0,1596.0,1596.0,1596.0,1596.0,1596.0,1596.0,1596.0,1596.0,1596.0,1596.0,1596.0,1596.0,1596.0,1596.0,1596.0,1596.0,1596.0,1596.0,6.0,0.6,0.6889495926,1.5597825856,-17.967181391356213,1.5670729616,0.2821115407999999,1.1954892460999995,2.6915309687
1597,1597,1597.0,1597.0,1597.0,1597.0,1597.0,1597.0,1597.0,1597.0,1597.0,1597.0,1597.0,1597.0,1597.0,1597.0,1597.0,1597.0,1597.0,1597.0,1597.0,1597.0,1597.0,1597.0,1597.0,1597.0,1597.0,1597.0,1597.0,1597.0,1597.0,1597.0,1597.0,1597.0,1597.0,1597.0,1597.0,1597.0,1597.0,1597.0,1597.0,1597.0,7.0,0.7,0.7504677635,-0.2984537245,-18.22451550198776,1.8491845024,0.3762048979000001,0.9133777052999998,2.6915309687
1598,1598,1598.0,1598.0,1598.0,1598.0,1598.0,1598.0,1598.0,1598.0,1598.0,1598.0,1598.0,1598.0,1598.0,1598.0,1598.0,1598.0,1598.0,1598.0,1598.0,1598.0,1598.0,1598.0,1598.0,1598.0,1598.0,1598.0,1598.0,1598.0,1598.0,1598.0,1598.0,1598.0,1598.0,1598.0,1598.0,1598.0,1598.0,1598.0,1598.0,1598.0,8.0,0.8,0.6339067574,-2.0043442686,9.108447623259632,2.2253894003,0.2965713245999999,0.5371728073999997,2.6915309687
1599,1599,1599.0,1599.0,1599.0,1599.0,1599.0,1599.0,1599.0,1599.0,1599.0,1599.0,1599.0,1599.0,1599.0,1599.0,1599.0,1599.0,1599.0,1599.0,1599.0,1599.0,1599.0,1599.0,1599.0,1599.0,1599.0,1599.0,1599.0,1599.0,1599.0,1599.0,1599.0,1599.0,1599.0,1599.0,1599.0,1599.0,1599.0,1599.0,1599.0,1599.0,9.0,0.9,0.4872293912,-0.9468221401,19.34204350767233,2.5219607249,0.2406014827999998,0.2406014827999998,2.6915309687
1600,1600,1600.0,1600.0,1600.0,1600.0,1600.0,1600.0,1600.0,1600.0,1600.0,1600.0,1600.0,1600.0,1600.0,1600.0,1600.0,1600.0,1600.0,1600.0,1600.0,1600.0,1600.0,1600.0,1600.0,1600.0,1600.0,1600.0,1600.0,1600.0,1600.0,1600.0,1600.0,1600.0,1600.0,1600.0,1600.0,1600.0,1600.0,1600.0,1600.0,1600.0,0.0,0.0,0.0,-1.0,-8.055096290142338,0.0,0.2166309666,3.6032629854999993,-2.5
1601,1601,1601.0,1601.0,1601.0,1601.0,1601.0,1601.0,1601.0,1601.0,1601.0,1601.0,1601.0,1601.0,1601.0,1601.0,1601.0,1601.0,1601.0,1601.0,1601.0,1601.0,1601.0,1601.0,1601.0,1601.0,1601.0,1601.0,1601.0,1601.0,1601.0,1601.0,1601.0,1601.0,1601.0,1601.0,1601.0,1601.0,1601.0,1601.0,1601.0,1601.0,1.0,0.1,-0.1341284506,-1.6713811784,-5.720842699312065,0.2166309666,0.3715916693,3.3866320188999994,-2.4513811784
1602,1602,1602.0,1602.0,1602.0,1602.0,1602.0,1602.0,1602.0,1602.0,1602.0,1602.0,1602.0,1602.0,1602.0,1602.0,1602.0,1602.0,1602.0,1602.0,1602.0,1602.0,1602.0,1602.0,1602.0,1602.0,1602.0,1602.0,1602.0,1602.0,1602.0,1602.0,1602.0,1602.0,1602.0,1602.0,1602.0,1602.0,1602.0,1602.0,1602.0,1602.0,2.0,0.2,-0.3208555917,-2.0567383072,13.804754765722803,0.5882226359,0.2965117413,3.0150403496,-2.2767383072
1603,1603,1603.0,1603.0,1603.0,1603.0,1603.0,1603.0,1603.0,1603.0,1603.0,1603.0,1603.0,1603.0,1603.0,1603.0,1603.0,1603.0,1603.0,1603.0,1603.0,1603.0,1603.0,1603.0,1603.0,1603.0,1603.0,1603.0,1603.0,1603.0,1603.0,1603.0,1603.0,1603.0,1603.0,1603.0,1603.0,1603.0,1603.0,1603.0,1603.0,1603.0,3.0,0.3,-0.4498007605,-0.5473176619,-4.260688595550754,0.8847343772,0.086359442,2.7185286083,-0.3673176619
1604,1604,1604.0,1604.0,1604.0,1604.0,1604.0,1604.0,1604.0,1604.0,1604.0,1604.0,1604.0,1604.0,1604.0,1604.0,1604.0,1604.0,1604.0,1604.0,1604.0,1604.0,1604.0,1604.0,1604.0,1604.0,1604.0,1604.0,1604.0,1604.0,1604.0,1604.0,1604.0,1604.0,1604.0,1604.0,1604.0,1604.0,1604.0,1604.0,1604.0,1604.0,4.0,0.4,-0.5224951648,-0.9006921171,-5.376821025016669,0.9710938192,0.1739290143999998,2.6321691663,-0.4806921170999999
1605,1605,1605.0,1605.0,1605.0,1605.0,1605.0,1605.0,1605.0,1605.0,1605.0,1605.0,1605.0,1605.0,1605.0,1605.0,1605.0,1605.0,1605.0,1605.0,1605.0,1605.0,1605.0,1605.0,1605.0,1605.0,1605.0,1605.0,1605.0,1605.0,1605.0,1605.0,1605.0,1605.0,1605.0,1605.0,1605.0,1605.0,1605.0,1605.0,1605.0,1605.0,5.0,0.5,-0.6342173152,-1.3266520692,-13.484192138583976,1.1450228336,0.5208890527000001,2.4582401519,-0.8266520691999999
1606,1606,1606.0,1606.0,1606.0,1606.0,1606.0,1606.0,1606.0,1606.0,1606.0,1606.0,1606.0,1606.0,1606.0,1606.0,1606.0,1606.0,1606.0,1606.0,1606.0,1606.0,1606.0,1606.0,1606.0,1606.0,1606.0,1606.0,1606.0,1606.0,1606.0,1606.0,1606.0,1606.0,1606.0,1606.0,1606.0,1606.0,1606.0,1606.0,1606.0,1606.0,6.0,0.6,-0.8256936299,-2.4835949684,4.324112898891322,1.6659118863,0.5654571000000002,1.9373510992,-2.0635949684
1607,1607,1607.0,1607.0,1607.0,1607.0,1607.0,1607.0,1607.0,1607.0,1607.0,1607.0,1607.0,1607.0,1607.0,1607.0,1607.0,1607.0,1607.0,1607.0,1607.0,1607.0,1607.0,1607.0,1607.0,1607.0,1607.0,1607.0,1607.0,1607.0,1607.0,1607.0,1607.0,1607.0,1607.0,1607.0,1607.0,1607.0,1607.0,1607.0,1607.0,1607.0,7.0,0.7,-1.0411213944,-1.835755914,3.803645106497168,2.2313689863,0.3804038046999998,1.3718939991999997,-1.6557559139999998
1608,1608,1608.0,1608.0,1608.0,1608.0,1608.0,1608.0,1608.0,1608.0,1608.0,1608.0,1608.0,1608.0,1608.0,1608.0,1608.0,1608.0,1608.0,1608.0,1608.0,1608.0,1608.0,1608.0,1608.0,1608.0,1608.0,1608.0,1608.0,1608.0,1608.0,1608.0,1608.0,1608.0,1608.0,1608.0,1608.0,1608.0,1608.0,1608.0,1608.0,1608.0,8.0,0.8,-1.197417132,-1.2990956657,2.1246257928669507,2.611772791,0.289681136,0.9914901945,-1.5190956657
1609,1609,1609.0,1609.0,1609.0,1609.0,1609.0,1609.0,1609.0,1609.0,1609.0,1609.0,1609.0,1609.0,1609.0,1609.0,1609.0,1609.0,1609.0,1609.0,1609.0,1609.0,1609.0,1609.0,1609.0,1609.0,1609.0,1609.0,1609.0,1609.0,1609.0,1609.0,1609.0,1609.0,1609.0,1609.0,1609.0,1609.0,1609.0,1609.0,1609.0,1609.0,9.0,0.9,-1.3107648786,-0.9732853399,-18.061213808988825,2.901453927,0.7018090584999999,0.7018090584999999,-1.7532853399
1610,1610,1610.0,1610.0,1610.0,1610.0,1610.0,1610.0,1610.0,1610.0,1610.0,1610.0,1610.0,1610.0,1610.0,1610.0,1610.0,1610.0,1610.0,1610.0,1610.0,1610.0,1610.0,1610.0,1610.0,1610.0,1610.0,1610.0,1610.0,1610.0,1610.0,1610.0,1610.0,1610.0,1610.0,1610.0,1610.0,1610.0,1610.0,1610.0,1610.0,1610.0,0.0,0.0,0.0,-1.0,3.003052753669323,0.0,0.0709827132,3.3415421254,-2.5
1611,1611,1611.0,1611.0,1611.0,1611.0,1611.0,1611.0,1611.0,1611.0,1611.0,1611.0,1611.0,1611.0,1611.0,1611.0,1611.0,1611.0,1611.0,1611.0,1611.0,1611.0,1611.0,1611.0,1611.0,1611.0,1611.0,1611.0,1611.0,1611.0,1611.0,1611.0,1611.0,1611.0,1611.0,1611.0,1611.0,1611.0,1611.0,1611.0,1611.0,1611.0,1.0,0.1,-0.0806355623,-0.6190591623,-8.847486471369717,0.0709827132,0.1493466727,3.2705594122,-1.3990591623000004
1612,1612,1612.0,1612.0,1612.0,1612.0,1612.0,1612.0,1612.0,1612.0,1612.0,1612.0,1612.0,1612.0,1612.0,1612.0,1612.0,1612.0,1612.0,1612.0,1612.0,1612.0,1612.0,1612.0,1612.0,1612.0,1612.0,1612.0,1612.0,1612.0,1612.0,1612.0,1612.0,1612.0,1612.0,1612.0,1612.0,1612.0,1612.0,1612.0,1612.0,1612.0,2.0,0.2,-0.1823458169,-1.4020975548,-16.440466699772607,0.2203293859,0.6137632375,3.1212127395,-1.6220975548
1613,1613,1613.0,1613.0,1613.0,1613.0,1613.0,1613.0,1613.0,1613.0,1613.0,1613.0,1613.0,1613.0,1613.0,1613.0,1613.0,1613.0,1613.0,1613.0,1613.0,1613.0,1613.0,1613.0,1613.0,1613.0,1613.0,1613.0,1613.0,1613.0,1613.0,1613.0,1613.0,1613.0,1613.0,1613.0,1613.0,1613.0,1613.0,1613.0,1613.0,1613.0,3.0,0.3,-0.3953024474,-2.8331875943,6.782318684969066,0.8340926234,0.6183865947999999,2.507449502,-2.6531875943000003
1614,1614,1614.0,1614.0,1614.0,1614.0,1614.0,1614.0,1614.0,1614.0,1614.0,1614.0,1614.0,1614.0,1614.0,1614.0,1614.0,1614.0,1614.0,1614.0,1614.0,1614.0,1614.0,1614.0,1614.0,1614.0,1614.0,1614.0,1614.0,1614.0,1614.0,1614.0,1614.0,1614.0,1614.0,1614.0,1614.0,1614.0,1614.0,1614.0,1614.0,1614.0,4.0,0.4,-0.6321069863,-1.9181511869,4.917797705956968,1.4524792182,0.3192326761000001,1.8890629072000005,-1.4981511869
1615,1615,1615.0,1615.0,1615.0,1615.0,1615.0,1615.0,1615.0,1615.0,1615.0,1615.0,1615.0,1615.0,1615.0,1615.0,1615.0,1615.0,1615.0,1615.0,1615.0,1615.0,1615.0,1615.0,1615.0,1615.0,1615.0,1615.0,1615.0,1615.0,1615.0,1615.0,1615.0,1615.0,1615.0,1615.0,1615.0,1615.0,1615.0,1615.0,1615.0,1615.0,5.0,0.5,-0.7908539632,-1.2676244394,-10.125788973075023,1.7717118943,0.4205655367999998,1.5698302311,-0.7676244394
1616,1616,1616.0,1616.0,1616.0,1616.0,1616.0,1616.0,1616.0,1616.0,1616.0,1616.0,1616.0,1616.0,1616.0,1616.0,1616.0,1616.0,1616.0,1616.0,1616.0,1616.0,1616.0,1616.0,1616.0,1616.0,1616.0,1616.0,1616.0,1616.0,1616.0,1616.0,1616.0,1616.0,1616.0,1616.0,1616.0,1616.0,1616.0,1616.0,1616.0,1616.0,6.0,0.6,-0.9604670703,-2.1105902297,11.575174504537271,2.1922774311,0.4000780734,1.1492646943000002,-1.6905902297000002
1617,1617,1617.0,1617.0,1617.0,1617.0,1617.0,1617.0,1617.0,1617.0,1617.0,1617.0,1617.0,1617.0,1617.0,1617.0,1617.0,1617.0,1617.0,1617.0,1617.0,1617.0,1617.0,1617.0,1617.0,1617.0,1617.0,1617.0,1617.0,1617.0,1617.0,1617.0,1617.0,1617.0,1617.0,1617.0,1617.0,1617.0,1617.0,1617.0,1617.0,1617.0,7.0,0.7,-1.1053224798,-0.8082173697,-0.2482126705684848,2.5923555045,0.1921866452,0.7491866209000002,-0.6282173696999999
1618,1618,1618.0,1618.0,1618.0,1618.0,1618.0,1618.0,1618.0,1618.0,1618.0,1618.0,1618.0,1618.0,1618.0,1618.0,1618.0,1618.0,1618.0,1618.0,1618.0,1618.0,1618.0,1618.0,1618.0,1618.0,1618.0,1618.0,1618.0,1618.0,1618.0,1618.0,1618.0,1618.0,1618.0,1618.0,1618.0,1618.0,1618.0,1618.0,1618.0,1618.0,8.0,0.8,-1.1834364451,-0.7549246715,4.99364117165279,2.7845421497,0.1845718290999998,0.5569999757000001,-0.9749246715000002
1619,1619,1619.0,1619.0,1619.0,1619.0,1619.0,1619.0,1619.0,1619.0,1619.0,1619.0,1619.0,1619.0,1619.0,1619.0,1619.0,1619.0,1619.0,1619.0,1619.0,1619.0,1619.0,1619.0,1619.0,1619.0,1619.0,1619.0,1619.0,1619.0,1619.0,1619.0,1619.0,1619.0,1619.0,1619.0,1619.0,1619.0,1619.0,1619.0,1619.0,1619.0,9.0,0.9,-1.2311207881,-0.2078762113,-14.921106801781567,2.9691139788,0.3724281466000003,0.3724281466000003,-0.9878762113000004
1620,1620,1620.0,1620.0,1620.0,1620.0,1620.0,1620.0,1620.0,1620.0,1620.0,1620.0,1620.0,1620.0,1620.0,1620.0,1620.0,1620.0,1620.0,1620.0,1620.0,1620.0,1620.0,1620.0,1620.0,1620.0,1620.0,1620.0,1620.0,1620.0,1620.0,1620.0,1620.0,1620.0,1620.0,1620.0,1620.0,1620.0,1620.0,1620.0,1620.0,1620.0,0.0,0.0,0.0,-1.0,-19.89360853856485,0.0,0.5921003597,11.3762144765,-2.5
1621,1621,1621.0,1621.0,1621.0,1621.0,1621.0,1621.0,1621.0,1621.0,1621.0,1621.0,1621.0,1621.0,1621.0,1621.0,1621.0,1621.0,1621.0,1621.0,1621.0,1621.0,1621.0,1621.0,1621.0,1621.0,1621.0,1621.0,1621.0,1621.0,1621.0,1621.0,1621.0,1621.0,1621.0,1621.0,1621.0,1621.0,1621.0,1621.0,1621.0,1621.0,1.0,0.1,-0.1913962812,-2.7979645727,-6.483752091435031,0.5921003597,0.9199734477,10.7841141168,-3.5779645727000005
1622,1622,1622.0,1622.0,1622.0,1622.0,1622.0,1622.0,1622.0,1622.0,1622.0,1622.0,1622.0,1622.0,1622.0,1622.0,1622.0,1622.0,1622.0,1622.0,1622.0,1622.0,1622.0,1622.0,1622.0,1622.0,1622.0,1622.0,1622.0,1622.0,1622.0,1622.0,1622.0,1622.0,1622.0,1622.0,1622.0,1622.0,1622.0,1622.0,1622.0,1622.0,2.0,0.2,-0.4890224504,-3.1487136126,5.692976092951767,1.5120738074,0.8030596914999999,9.8641406691,-3.3687136126
1623,1623,1623.0,1623.0,1623.0,1623.0,1623.0,1623.0,1623.0,1623.0,1623.0,1623.0,1623.0,1623.0,1623.0,1623.0,1623.0,1623.0,1623.0,1623.0,1623.0,1623.0,1623.0,1623.0,1623.0,1623.0,1623.0,1623.0,1623.0,1623.0,1623.0,1623.0,1623.0,1623.0,1623.0,1623.0,1623.0,1623.0,1623.0,1623.0,1623.0,1623.0,3.0,0.3,-0.7611228594,-2.3073155943,-0.4963166376183814,2.3151334989,0.5697992735000001,9.0610809776,-2.1273155943
1624,1624,1624.0,1624.0,1624.0,1624.0,1624.0,1624.0,1624.0,1624.0,1624.0,1624.0,1624.0,1624.0,1624.0,1624.0,1624.0,1624.0,1624.0,1624.0,1624.0,1624.0,1624.0,1624.0,1624.0,1624.0,1624.0,1624.0,1624.0,1624.0,1624.0,1624.0,1624.0,1624.0,1624.0,1624.0,1624.0,1624.0,1624.0,1624.0,1624.0,1624.0,4.0,0.4,-0.9830938339,-2.1349762836,-15.446711306739129,2.8849327724,1.0290960705,8.491281704099999,-1.7149762836
1625,1625,1625.0,1625.0,1625.0,1625.0,1625.0,1625.0,1625.0,1625.0,1625.0,1625.0,1625.0,1625.0,1625.0,1625.0,1625.0,1625.0,1625.0,1625.0,1625.0,1625.0,1625.0,1625.0,1625.0,1625.0,1625.0,1625.0,1625.0,1625.0,1625.0,1625.0,1625.0,1625.0,1625.0,1625.0,1625.0,1625.0,1625.0,1625.0,1625.0,1625.0,5.0,0.5,-1.2609858786,-3.4017553695,9.02361006602867,3.9140288429,1.0364697176999995,7.462185633599999,-2.9017553695
1626,1626,1626.0,1626.0,1626.0,1626.0,1626.0,1626.0,1626.0,1626.0,1626.0,1626.0,1626.0,1626.0,1626.0,1626.0,1626.0,1626.0,1626.0,1626.0,1626.0,1626.0,1626.0,1626.0,1626.0,1626.0,1626.0,1626.0,1626.0,1626.0,1626.0,1626.0,1626.0,1626.0,1626.0,1626.0,1626.0,1626.0,1626.0,1626.0,1626.0,1626.0,6.0,0.6,-1.5410550429,-2.2193251987,-2.332372192104746,4.9504985606,0.7710852123,6.4257159159,-1.7993251987
1627,1627,1627.0,1627.0,1627.0,1627.0,1627.0,1627.0,1627.0,1627.0,1627.0,1627.0,1627.0,1627.0,1627.0,1627.0,1627.0,1627.0,1627.0,1627.0,1627.0,1627.0,1627.0,1627.0,1627.0,1627.0,1627.0,1627.0,1627.0,1627.0,1627.0,1627.0,1627.0,1627.0,1627.0,1627.0,1627.0,1627.0,1627.0,1627.0,1627.0,1627.0,7.0,0.7,-1.7635343942,-2.2300830665,-16.444975998563006,5.7215837729,1.3627787838000005,5.6546307036,-2.0500830665
1628,1628,1628.0,1628.0,1628.0,1628.0,1628.0,1628.0,1628.0,1628.0,1628.0,1628.0,1628.0,1628.0,1628.0,1628.0,1628.0,1628.0,1628.0,1628.0,1628.0,1628.0,1628.0,1628.0,1628.0,1628.0,1628.0,1628.0,1628.0,1628.0,1628.0,1628.0,1628.0,1628.0,1628.0,1628.0,1628.0,1628.0,1628.0,1628.0,1628.0,1628.0,8.0,0.8,-2.0553061232,-3.5828089374,-13.025542914910355,7.0843625567,2.2309132151,4.291851919799999,-3.8028089374
1629,1629,1629.0,1629.0,1629.0,1629.0,1629.0,1629.0,1629.0,1629.0,1629.0,1629.0,1629.0,1629.0,1629.0,1629.0,1629.0,1629.0,1629.0,1629.0,1629.0,1629.0,1629.0,1629.0,1629.0,1629.0,1629.0,1629.0,1629.0,1629.0,1629.0,1629.0,1629.0,1629.0,1629.0,1629.0,1629.0,1629.0,1629.0,1629.0,1629.0,1629.0,9.0,0.9,-2.4592654225,-4.4814039296,17.419644416445152,9.3152757718,2.0609387047,2.0609387047,-5.2614039296
1630,1630,1630.0,1630.0,1630.0,1630.0,1630.0,1630.0,1630.0,1630.0,1630.0,1630.0,1630.0,1630.0,1630.0,1630.0,1630.0,1630.0,1630.0,1630.0,1630.0,1630.0,1630.0,1630.0,1630.0,1630.0,1630.0,1630.0,1630.0,1630.0,1630.0,1630.0,1630.0,1630.0,1630.0,1630.0,1630.0,1630.0,1630.0,1630.0,1630.0,1630.0,0.0,0.0,0.0,-1.0,-10.115677802970309,0.0,0.2656654669,3.0291203384,0.4325604641999998
1631,1631,1631.0,1631.0,1631.0,1631.0,1631.0,1631.0,1631.0,1631.0,1631.0,1631.0,1631.0,1631.0,1631.0,1631.0,1631.0,1631.0,1631.0,1631.0,1631.0,1631.0,1631.0,1631.0,1631.0,1631.0,1631.0,1631.0,1631.0,1631.0,1631.0,1631.0,1631.0,1631.0,1631.0,1631.0,1631.0,1631.0,1631.0,1631.0,1631.0,1631.0,1.0,0.1,-0.1440963461,-1.8674714342,-13.964082182400638,0.2656654669,0.7171977887000001,2.7634548715,0.4325604641999998
1632,1632,1632.0,1632.0,1632.0,1632.0,1632.0,1632.0,1632.0,1632.0,1632.0,1632.0,1632.0,1632.0,1632.0,1632.0,1632.0,1632.0,1632.0,1632.0,1632.0,1632.0,1632.0,1632.0,1632.0,1632.0,1632.0,1632.0,1632.0,1632.0,1632.0,1632.0,1632.0,1632.0,1632.0,1632.0,1632.0,1632.0,1632.0,1632.0,1632.0,1632.0,2.0,0.2,-0.3893598015,-3.0186161971,16.812451558690405,0.9828632556,0.6212461814,2.0462570828,0.4325604641999998
1633,1633,1633.0,1633.0,1633.0,1633.0,1633.0,1633.0,1633.0,1633.0,1633.0,1633.0,1633.0,1633.0,1633.0,1633.0,1633.0,1633.0,1633.0,1633.0,1633.0,1633.0,1633.0,1633.0,1633.0,1633.0,1633.0,1633.0,1633.0,1633.0,1633.0,1633.0,1633.0,1633.0,1633.0,1633.0,1633.0,1633.0,1633.0,1633.0,1633.0,1633.0,3.0,0.3,-0.5952902681,-1.1314405745,-0.2070963958168832,1.604109437,0.1605786955999999,1.4250109014,0.4325604641999998
1634,1634,1634.0,1634.0,1634.0,1634.0,1634.0,1634.0,1634.0,1634.0,1634.0,1634.0,1634.0,1634.0,1634.0,1634.0,1634.0,1634.0,1634.0,1634.0,1634.0,1634.0,1634.0,1634.0,1634.0,1634.0,1634.0,1634.0,1634.0,1634.0,1634.0,1634.0,1634.0,1634.0,1634.0,1634.0,1634.0,1634.0,1634.0,1634.0,1634.0,1634.0,4.0,0.4,-0.7039629778,-1.0434775044,-8.539280858876257,1.7646881326,0.2976026696000002,1.2644322058,0.4325604641999998
1635,1635,1635.0,1635.0,1635.0,1635.0,1635.0,1635.0,1635.0,1635.0,1635.0,1635.0,1635.0,1635.0,1635.0,1635.0,1635.0,1635.0,1635.0,1635.0,1635.0,1635.0,1635.0,1635.0,1635.0,1635.0,1635.0,1635.0,1635.0,1635.0,1635.0,1635.0,1635.0,1635.0,1635.0,1635.0,1635.0,1635.0,1635.0,1635.0,1635.0,1635.0,5.0,0.5,-0.8445710773,-1.7567974908,16.631195669862535,2.0622908022,0.3205494469999999,0.9668295361999996,0.4325604641999998
1636,1636,1636.0,1636.0,1636.0,1636.0,1636.0,1636.0,1636.0,1636.0,1636.0,1636.0,1636.0,1636.0,1636.0,1636.0,1636.0,1636.0,1636.0,1636.0,1636.0,1636.0,1636.0,1636.0,1636.0,1636.0,1636.0,1636.0,1636.0,1636.0,1636.0,1636.0,1636.0,1636.0,1636.0,1636.0,1636.0,1636.0,1636.0,1636.0,1636.0,1636.0,6.0,0.6,-0.9313004146,-0.0069485866,-6.324454715920611,2.3828402492,0.1215091446,0.6462800891999998,0.4325604641999998
1637,1637,1637.0,1637.0,1637.0,1637.0,1637.0,1637.0,1637.0,1637.0,1637.0,1637.0,1637.0,1637.0,1637.0,1637.0,1637.0,1637.0,1637.0,1637.0,1637.0,1637.0,1637.0,1637.0,1637.0,1637.0,1637.0,1637.0,1637.0,1637.0,1637.0,1637.0,1637.0,1637.0,1637.0,1637.0,1637.0,1637.0,1637.0,1637.0,1637.0,1637.0,7.0,0.7,-0.9625556633,-0.6081388095,12.639703971121598,2.5043493938,0.1876092659999999,0.5247709445999997,0.4325604641999998
1638,1638,1638.0,1638.0,1638.0,1638.0,1638.0,1638.0,1638.0,1638.0,1638.0,1638.0,1638.0,1638.0,1638.0,1638.0,1638.0,1638.0,1638.0,1638.0,1638.0,1638.0,1638.0,1638.0,1638.0,1638.0,1638.0,1638.0,1638.0,1638.0,1638.0,1638.0,1638.0,1638.0,1638.0,1638.0,1638.0,1638.0,1638.0,1638.0,1638.0,1638.0,8.0,0.8,-0.9592845398,0.6525604642,-10.15310878405617,2.6919586598,0.1511965953,0.3371616785999998,0.4325604641999998
1639,1639,1639.0,1639.0,1639.0,1639.0,1639.0,1639.0,1639.0,1639.0,1639.0,1639.0,1639.0,1639.0,1639.0,1639.0,1639.0,1639.0,1639.0,1639.0,1639.0,1639.0,1639.0,1639.0,1639.0,1639.0,1639.0,1639.0,1639.0,1639.0,1639.0,1639.0,1639.0,1639.0,1639.0,1639.0,1639.0,1639.0,1639.0,1639.0,1639.0,1639.0,9.0,0.9,-0.9463000439,-0.3757349101,12.5045916120703,2.8431552551,0.1859650832999997,0.1859650832999997,0.4325604641999998
1640,1640,1640.0,1640.0,1640.0,1640.0,1640.0,1640.0,1640.0,1640.0,1640.0,1640.0,1640.0,1640.0,1640.0,1640.0,1640.0,1640.0,1640.0,1640.0,1640.0,1640.0,1640.0,1640.0,1640.0,1640.0,1640.0,1640.0,1640.0,1640.0,1640.0,1640.0,1640.0,1640.0,1640.0,1640.0,1640.0,1640.0,1640.0,1640.0,1640.0,1640.0,0.0,0.0,0.0,-1.0,-15.137250905564944,0.0,0.4139650913,3.3885188518,-2.5
1641,1641,1641.0,1641.0,1641.0,1641.0,1641.0,1641.0,1641.0,1641.0,1641.0,1641.0,1641.0,1641.0,1641.0,1641.0,1641.0,1641.0,1641.0,1641.0,1641.0,1641.0,1641.0,1641.0,1641.0,1641.0,1641.0,1641.0,1641.0,1641.0,1641.0,1641.0,1641.0,1641.0,1641.0,1641.0,1641.0,1641.0,1641.0,1641.0,1641.0,1641.0,1.0,0.1,-0.1683877935,-2.345337297,13.18643944155805,0.4139650913,0.366224819,2.9745537605,-3.125337297
1642,1642,1642.0,1642.0,1642.0,1642.0,1642.0,1642.0,1642.0,1642.0,1642.0,1642.0,1642.0,1642.0,1642.0,1642.0,1642.0,1642.0,1642.0,1642.0,1642.0,1642.0,1642.0,1642.0,1642.0,1642.0,1642.0,1642.0,1642.0,1642.0,1642.0,1642.0,1642.0,1642.0,1642.0,1642.0,1642.0,1642.0,1642.0,1642.0,1642.0,1642.0,2.0,0.2,-0.3277878888,-0.8672932576,-8.555665995611918,0.7801899103,0.2094721751,2.6083289415,-1.0872932575999998
1643,1643,1643.0,1643.0,1643.0,1643.0,1643.0,1643.0,1643.0,1643.0,1643.0,1643.0,1643.0,1643.0,1643.0,1643.0,1643.0,1643.0,1643.0,1643.0,1643.0,1643.0,1643.0,1643.0,1643.0,1643.0,1643.0,1643.0,1643.0,1643.0,1643.0,1643.0,1643.0,1643.0,1643.0,1643.0,1643.0,1643.0,1643.0,1643.0,1643.0,1643.0,3.0,0.3,-0.451709091,-1.5989386549,8.889906679737493,0.9896620854,0.1935488729999999,2.3988567664,-1.4189386549
1644,1644,1644.0,1644.0,1644.0,1644.0,1644.0,1644.0,1644.0,1644.0,1644.0,1644.0,1644.0,1644.0,1644.0,1644.0,1644.0,1644.0,1644.0,1644.0,1644.0,1644.0,1644.0,1644.0,1644.0,1644.0,1644.0,1644.0,1644.0,1644.0,1644.0,1644.0,1644.0,1644.0,1644.0,1644.0,1644.0,1644.0,1644.0,1644.0,1644.0,1644.0,4.0,0.4,-0.5608641151,-0.6007929629,-10.900627290153908,1.1832109584,0.2252308385000001,2.2053078934,-0.1807929628999999
1645,1645,1645.0,1645.0,1645.0,1645.0,1645.0,1645.0,1645.0,1645.0,1645.0,1645.0,1645.0,1645.0,1645.0,1645.0,1645.0,1645.0,1645.0,1645.0,1645.0,1645.0,1645.0,1645.0,1645.0,1645.0,1645.0,1645.0,1645.0,1645.0,1645.0,1645.0,1645.0,1645.0,1645.0,1645.0,1645.0,1645.0,1645.0,1645.0,1645.0,1645.0,5.0,0.5,-0.6707680021,-1.5809518049,5.481595982395206,1.4084417969,0.2270203283999998,1.9800770549,-1.0809518049
1646,1646,1646.0,1646.0,1646.0,1646.0,1646.0,1646.0,1646.0,1646.0,1646.0,1646.0,1646.0,1646.0,1646.0,1646.0,1646.0,1646.0,1646.0,1646.0,1646.0,1646.0,1646.0,1646.0,1646.0,1646.0,1646.0,1646.0,1646.0,1646.0,1646.0,1646.0,1646.0,1646.0,1646.0,1646.0,1646.0,1646.0,1646.0,1646.0,1646.0,1646.0,6.0,0.6,-0.7946988266,-0.9088613821,-15.95868804385605,1.6354621253,0.4873499086999999,1.7530567265,-0.4888613820999999
1647,1647,1647.0,1647.0,1647.0,1647.0,1647.0,1647.0,1647.0,1647.0,1647.0,1647.0,1647.0,1647.0,1647.0,1647.0,1647.0,1647.0,1647.0,1647.0,1647.0,1647.0,1647.0,1647.0,1647.0,1647.0,1647.0,1647.0,1647.0,1647.0,1647.0,1647.0,1647.0,1647.0,1647.0,1647.0,1647.0,1647.0,1647.0,1647.0,1647.0,1647.0,7.0,0.7,-0.958387238,-2.3410417751,19.07779365546253,2.122812034,0.4953124732000002,1.2657068178,-2.1610417751
1648,1648,1648.0,1648.0,1648.0,1648.0,1648.0,1648.0,1648.0,1648.0,1648.0,1648.0,1648.0,1648.0,1648.0,1648.0,1648.0,1648.0,1648.0,1648.0,1648.0,1648.0,1648.0,1648.0,1648.0,1648.0,1648.0,1648.0,1648.0,1648.0,1648.0,1648.0,1648.0,1648.0,1648.0,1648.0,1648.0,1648.0,1648.0,1648.0,1648.0,1648.0,8.0,0.8,-1.08887957,-0.3027700776,-15.508295805691542,2.6181245072,0.3730212208999997,0.7703943445999997,-0.5227700776000002
1649,1649,1649.0,1649.0,1649.0,1649.0,1649.0,1649.0,1649.0,1649.0,1649.0,1649.0,1649.0,1649.0,1649.0,1649.0,1649.0,1649.0,1649.0,1649.0,1649.0,1649.0,1649.0,1649.0,1649.0,1649.0,1649.0,1649.0,1649.0,1649.0,1649.0,1649.0,1649.0,1649.0,1649.0,1649.0,1649.0,1649.0,1649.0,1649.0,1649.0,1649.0,9.0,0.9,-1.1927117368,-1.7497674914,16.917901504452793,2.9911457281,0.3973731237,0.3973731237,-2.5297674914000003
1650,1650,1650.0,1650.0,1650.0,1650.0,1650.0,1650.0,1650.0,1650.0,1650.0,1650.0,1650.0,1650.0,1650.0,1650.0,1650.0,1650.0,1650.0,1650.0,1650.0,1650.0,1650.0,1650.0,1650.0,1650.0,1650.0,1650.0,1650.0,1650.0,1650.0,1650.0,1650.0,1650.0,1650.0,1650.0,1650.0,1650.0,1650.0,1650.0,1650.0,1650.0,0.0,0.0,0.0,-1.0,-11.41844189623276,0.0,0.3002154557,10.836838282700002,-2.5
1651,1651,1651.0,1651.0,1651.0,1651.0,1651.0,1651.0,1651.0,1651.0,1651.0,1651.0,1651.0,1651.0,1651.0,1651.0,1651.0,1651.0,1651.0,1651.0,1651.0,1651.0,1651.0,1651.0,1651.0,1651.0,1651.0,1651.0,1651.0,1651.0,1651.0,1651.0,1651.0,1651.0,1651.0,1651.0,1651.0,1651.0,1651.0,1651.0,1651.0,1651.0,1.0,0.1,-0.1503983602,-1.9914458294,-12.012850090222056,0.3002154557,0.7005023462,10.536622827000002,-2.7714458294
1652,1652,1652.0,1652.0,1652.0,1652.0,1652.0,1652.0,1652.0,1652.0,1652.0,1652.0,1652.0,1652.0,1652.0,1652.0,1652.0,1652.0,1652.0,1652.0,1652.0,1652.0,1652.0,1652.0,1652.0,1652.0,1652.0,1652.0,1652.0,1652.0,1652.0,1652.0,1652.0,1652.0,1652.0,1652.0,1652.0,1652.0,1652.0,1652.0,1652.0,1652.0,2.0,0.2,-0.3980206577,-2.9451085409,-7.587600344940441,1.0007178019,1.0665018759999998,9.836120480800002,-3.1651085409000004
1653,1653,1653.0,1653.0,1653.0,1653.0,1653.0,1653.0,1653.0,1653.0,1653.0,1653.0,1653.0,1653.0,1653.0,1653.0,1653.0,1653.0,1653.0,1653.0,1653.0,1653.0,1653.0,1653.0,1653.0,1653.0,1653.0,1653.0,1653.0,1653.0,1653.0,1653.0,1653.0,1653.0,1653.0,1653.0,1653.0,1653.0,1653.0,1653.0,1653.0,1653.0,3.0,0.3,-0.7149893367,-3.3868998964,-9.454448153526103,2.0672196779,1.4831052483000002,8.769618604800002,-3.2068998964000004
1654,1654,1654.0,1654.0,1654.0,1654.0,1654.0,1654.0,1654.0,1654.0,1654.0,1654.0,1654.0,1654.0,1654.0,1654.0,1654.0,1654.0,1654.0,1654.0,1654.0,1654.0,1654.0,1654.0,1654.0,1654.0,1654.0,1654.0,1654.0,1654.0,1654.0,1654.0,1654.0,1654.0,1654.0,1654.0,1654.0,1654.0,1654.0,1654.0,1654.0,1654.0,4.0,0.4,-1.0830305618,-3.9643034867,0.7354107608389917,3.5503249262,1.5618131356999996,7.2865133565,-3.5443034867
1655,1655,1655.0,1655.0,1655.0,1655.0,1655.0,1655.0,1655.0,1655.0,1655.0,1655.0,1655.0,1655.0,1655.0,1655.0,1655.0,1655.0,1655.0,1655.0,1655.0,1655.0,1655.0,1655.0,1655.0,1655.0,1655.0,1655.0,1655.0,1655.0,1655.0,1655.0,1655.0,1655.0,1655.0,1655.0,1655.0,1655.0,1655.0,1655.0,1655.0,1655.0,5.0,0.5,-1.4567272814,-3.517065691,10.81971763299624,5.1121380619,1.130929469000001,5.724700220800001,-3.017065691
1656,1656,1656.0,1656.0,1656.0,1656.0,1656.0,1656.0,1656.0,1656.0,1656.0,1656.0,1656.0,1656.0,1656.0,1656.0,1656.0,1656.0,1656.0,1656.0,1656.0,1656.0,1656.0,1656.0,1656.0,1656.0,1656.0,1656.0,1656.0,1656.0,1656.0,1656.0,1656.0,1656.0,1656.0,1656.0,1656.0,1656.0,1656.0,1656.0,1656.0,1656.0,6.0,0.6,-1.7390811069,-2.1527401022,-19.72569959428068,6.2430675309,1.4719692335999994,4.5937707518,-1.7327401022000002
1657,1657,1657.0,1657.0,1657.0,1657.0,1657.0,1657.0,1657.0,1657.0,1657.0,1657.0,1657.0,1657.0,1657.0,1657.0,1657.0,1657.0,1657.0,1657.0,1657.0,1657.0,1657.0,1657.0,1657.0,1657.0,1657.0,1657.0,1657.0,1657.0,1657.0,1657.0,1657.0,1657.0,1657.0,1657.0,1657.0,1657.0,1657.0,1657.0,1657.0,1657.0,7.0,0.7,-2.0393628843,-3.8250282842,12.852294672769148,7.7150367645,1.5008940822999994,3.1218015182000007,-3.6450282842
1658,1658,1658.0,1658.0,1658.0,1658.0,1658.0,1658.0,1658.0,1658.0,1658.0,1658.0,1658.0,1658.0,1658.0,1658.0,1658.0,1658.0,1658.0,1658.0,1658.0,1658.0,1658.0,1658.0,1658.0,1658.0,1658.0,1658.0,1658.0,1658.0,1658.0,1658.0,1658.0,1658.0,1658.0,1658.0,1658.0,1658.0,1658.0,1658.0,1658.0,1658.0,8.0,0.8,-2.3411908763,-2.2379708249,13.593869600763036,9.2159308468,0.9174024585000016,1.6209074359000013,-2.4579708249000003
1659,1659,1659.0,1659.0,1659.0,1659.0,1659.0,1659.0,1659.0,1659.0,1659.0,1659.0,1659.0,1659.0,1659.0,1659.0,1659.0,1659.0,1659.0,1659.0,1659.0,1659.0,1659.0,1659.0,1659.0,1659.0,1659.0,1659.0,1659.0,1659.0,1659.0,1659.0,1659.0,1659.0,1659.0,1659.0,1659.0,1659.0,1659.0,1659.0,1659.0,1659.0,9.0,0.9,-2.4884026944,-0.7313720468,11.186718101126472,10.1333333053,0.7035049773999997,0.7035049773999997,-1.5113720468000005
1660,1660,1660.0,1660.0,1660.0,1660.0,1660.0,1660.0,1660.0,1660.0,1660.0,1660.0,1660.0,1660.0,1660.0,1660.0,1660.0,1660.0,1660.0,1660.0,1660.0,1660.0,1660.0,1660.0,1660.0,1660.0,1660.0,1660.0,1660.0,1660.0,1660.0,1660.0,1660.0,1660.0,1660.0,1660.0,1660.0,1660.0,1660.0,1660.0,1660.0,1660.0,0.0,0.0,0.0,-1.0,-6.79184565256422,0.0,0.189970766,2.385428251,-2.5
1661,1661,1661.0,1661.0,1661.0,1661.0,1661.0,1661.0,1661.0,1661.0,1661.0,1661.0,1661.0,1661.0,1661.0,1661.0,1661.0,1661.0,1661.0,1661.0,1661.0,1661.0,1661.0,1661.0,1661.0,1661.0,1661.0,1661.0,1661.0,1661.0,1661.0,1661.0,1661.0,1661.0,1661.0,1661.0,1661.0,1661.0,1661.0,1661.0,1661.0,1661.0,1.0,0.1,-0.128017583,-1.5511669822,12.539254476522792,0.189970766,0.1726117627,2.195457485,-2.3311669822
1662,1662,1662.0,1662.0,1662.0,1662.0,1662.0,1662.0,1662.0,1662.0,1662.0,1662.0,1662.0,1662.0,1662.0,1662.0,1662.0,1662.0,1662.0,1662.0,1662.0,1662.0,1662.0,1662.0,1662.0,1662.0,1662.0,1662.0,1662.0,1662.0,1662.0,1662.0,1662.0,1662.0,1662.0,1662.0,1662.0,1662.0,1662.0,1662.0,1662.0,1662.0,2.0,0.2,-0.2149730246,-0.210286093,-11.97914877012928,0.3625825287,0.1490144854,2.0228457223,-0.430286093
1663,1663,1663.0,1663.0,1663.0,1663.0,1663.0,1663.0,1663.0,1663.0,1663.0,1663.0,1663.0,1663.0,1663.0,1663.0,1663.0,1663.0,1663.0,1663.0,1663.0,1663.0,1663.0,1663.0,1663.0,1663.0,1663.0,1663.0,1663.0,1663.0,1663.0,1663.0,1663.0,1663.0,1663.0,1663.0,1663.0,1663.0,1663.0,1663.0,1663.0,1663.0,3.0,0.3,-0.2929325347,-1.3302414599,6.693710396945178,0.5115970141,0.1280874642999999,1.8738312369,-1.1502414599000002
1664,1664,1664.0,1664.0,1664.0,1664.0,1664.0,1664.0,1664.0,1664.0,1664.0,1664.0,1664.0,1664.0,1664.0,1664.0,1664.0,1664.0,1664.0,1664.0,1664.0,1664.0,1664.0,1664.0,1664.0,1664.0,1664.0,1664.0,1664.0,1664.0,1664.0,1664.0,1664.0,1664.0,1664.0,1664.0,1664.0,1664.0,1664.0,1664.0,1664.0,1664.0,4.0,0.4,-0.3871414865,-0.5666614685,-6.264546377423962,0.6396844784,0.1111203077,1.7457437726,-0.1466614684999999
1665,1665,1665.0,1665.0,1665.0,1665.0,1665.0,1665.0,1665.0,1665.0,1665.0,1665.0,1665.0,1665.0,1665.0,1665.0,1665.0,1665.0,1665.0,1665.0,1665.0,1665.0,1665.0,1665.0,1665.0,1665.0,1665.0,1665.0,1665.0,1665.0,1665.0,1665.0,1665.0,1665.0,1665.0,1665.0,1665.0,1665.0,1665.0,1665.0,1665.0,1665.0,5.0,0.5,-0.4713704511,-1.1088871416,-1.4535261022166992,0.7508047861,0.1556747502,1.6346234649,-0.6088871415999999
1666,1666,1666.0,1666.0,1666.0,1666.0,1666.0,1666.0,1666.0,1666.0,1666.0,1666.0,1666.0,1666.0,1666.0,1666.0,1666.0,1666.0,1666.0,1666.0,1666.0,1666.0,1666.0,1666.0,1666.0,1666.0,1666.0,1666.0,1666.0,1666.0,1666.0,1666.0,1666.0,1666.0,1666.0,1666.0,1666.0,1666.0,1666.0,1666.0,1666.0,1666.0,6.0,0.6,-0.5839259214,-1.1416842815,2.2850534119535126,0.9064795363,0.1391979942999999,1.4789487147,-0.7216842814999999
1667,1667,1667.0,1667.0,1667.0,1667.0,1667.0,1667.0,1667.0,1667.0,1667.0,1667.0,1667.0,1667.0,1667.0,1667.0,1667.0,1667.0,1667.0,1667.0,1667.0,1667.0,1667.0,1667.0,1667.0,1667.0,1667.0,1667.0,1667.0,1667.0,1667.0,1667.0,1667.0,1667.0,1667.0,1667.0,1667.0,1667.0,1667.0,1667.0,1667.0,1667.0,7.0,0.7,-0.6815179712,-0.8155868905,-4.2855369828210055,1.0456775306,0.1598770219,1.3397507204,-0.6355868904999998
1668,1668,1668.0,1668.0,1668.0,1668.0,1668.0,1668.0,1668.0,1668.0,1668.0,1668.0,1668.0,1668.0,1668.0,1668.0,1668.0,1668.0,1668.0,1668.0,1668.0,1668.0,1668.0,1668.0,1668.0,1668.0,1668.0,1668.0,1668.0,1668.0,1668.0,1668.0,1668.0,1668.0,1668.0,1668.0,1668.0,1668.0,1668.0,1668.0,1668.0,1668.0,8.0,0.8,-0.7798622929,-1.1457962671,-16.523890825583194,1.2055545525,0.5860924912000001,1.1798736985,-1.3657962671
1669,1669,1669.0,1669.0,1669.0,1669.0,1669.0,1669.0,1669.0,1669.0,1669.0,1669.0,1669.0,1669.0,1669.0,1669.0,1669.0,1669.0,1669.0,1669.0,1669.0,1669.0,1669.0,1669.0,1669.0,1669.0,1669.0,1669.0,1669.0,1669.0,1669.0,1669.0,1669.0,1669.0,1669.0,1669.0,1669.0,1669.0,1669.0,1669.0,1669.0,1669.0,9.0,0.9,-0.9688321865,-2.609215456,8.323490912791542,1.7916470437,0.5937812073,0.5937812073,-3.389215456
1670,1670,1670.0,1670.0,1670.0,1670.0,1670.0,1670.0,1670.0,1670.0,1670.0,1670.0,1670.0,1670.0,1670.0,1670.0,1670.0,1670.0,1670.0,1670.0,1670.0,1670.0,1670.0,1670.0,1670.0,1670.0,1670.0,1670.0,1670.0,1670.0,1670.0,1670.0,1670.0,1670.0,1670.0,1670.0,1670.0,1670.0,1670.0,1670.0,1670.0,1670.0,0.0,0.0,0.0,-1.0,17.91123003501835,0.0,0.1881586545,8.7867270445,0.0196414776999998
1671,1671,1671.0,1671.0,1671.0,1671.0,1671.0,1671.0,1671.0,1671.0,1671.0,1671.0,1671.0,1671.0,1671.0,1671.0,1671.0,1671.0,1671.0,1671.0,1671.0,1671.0,1671.0,1671.0,1671.0,1671.0,1671.0,1671.0,1671.0,1671.0,1671.0,1671.0,1671.0,1671.0,1671.0,1671.0,1671.0,1671.0,1671.0,1671.0,1671.0,1671.0,1.0,0.1,-0.0085184742,0.7996414777,-14.853470101789773,0.1881586545,0.1289876311999999,8.598568389999999,0.0196414776999998
1672,1672,1672.0,1672.0,1672.0,1672.0,1672.0,1672.0,1672.0,1672.0,1672.0,1672.0,1672.0,1672.0,1672.0,1672.0,1672.0,1672.0,1672.0,1672.0,1672.0,1672.0,1672.0,1672.0,1672.0,1672.0,1672.0,1672.0,1672.0,1672.0,1672.0,1672.0,1672.0,1672.0,1672.0,1672.0,1672.0,1672.0,1672.0,1672.0,1672.0,1672.0,2.0,0.2,-0.0042749688,-0.6899490379,-5.683266463860059,0.3171462857,0.1050913433,8.4695807588,0.0196414776999998
1673,1673,1673.0,1673.0,1673.0,1673.0,1673.0,1673.0,1673.0,1673.0,1673.0,1673.0,1673.0,1673.0,1673.0,1673.0,1673.0,1673.0,1673.0,1673.0,1673.0,1673.0,1673.0,1673.0,1673.0,1673.0,1673.0,1673.0,1673.0,1673.0,1673.0,1673.0,1673.0,1673.0,1673.0,1673.0,1673.0,1673.0,1673.0,1673.0,1673.0,1673.0,3.0,0.3,-0.0974246784,-1.1651259746,-5.001703556097933,0.422237629,0.1988366648,8.3644894155,0.0196414776999998
1674,1674,1674.0,1674.0,1674.0,1674.0,1674.0,1674.0,1674.0,1674.0,1674.0,1674.0,1674.0,1674.0,1674.0,1674.0,1674.0,1674.0,1674.0,1674.0,1674.0,1674.0,1674.0,1674.0,1674.0,1674.0,1674.0,1674.0,1674.0,1674.0,1674.0,1674.0,1674.0,1674.0,1674.0,1674.0,1674.0,1674.0,1674.0,1674.0,1674.0,1674.0,4.0,0.4,-0.2324964243,-1.5302245844,-18.78302603461339,0.6210742938,0.7699276713000001,8.1656527507,0.0196414776999998
1675,1675,1675.0,1675.0,1675.0,1675.0,1675.0,1675.0,1675.0,1675.0,1675.0,1675.0,1675.0,1675.0,1675.0,1675.0,1675.0,1675.0,1675.0,1675.0,1675.0,1675.0,1675.0,1675.0,1675.0,1675.0,1675.0,1675.0,1675.0,1675.0,1675.0,1675.0,1675.0,1675.0,1675.0,1675.0,1675.0,1675.0,1675.0,1675.0,1675.0,1675.0,5.0,0.5,-0.468977885,-3.1720457271,2.6613952869930344,1.3910019651,0.8801404144,7.3957250794,0.0196414776999998
1676,1676,1676.0,1676.0,1676.0,1676.0,1676.0,1676.0,1676.0,1676.0,1676.0,1676.0,1676.0,1676.0,1676.0,1676.0,1676.0,1676.0,1676.0,1676.0,1676.0,1676.0,1676.0,1676.0,1676.0,1676.0,1676.0,1676.0,1676.0,1676.0,1676.0,1676.0,1676.0,1676.0,1676.0,1676.0,1676.0,1676.0,1676.0,1676.0,1676.0,1676.0,6.0,0.6,-0.7579638082,-2.6169202753,-7.744745373283015,2.2711423795,0.9339542439999996,6.515584665,0.0196414776999998
1677,1677,1677.0,1677.0,1677.0,1677.0,1677.0,1677.0,1677.0,1677.0,1677.0,1677.0,1677.0,1677.0,1677.0,1677.0,1677.0,1677.0,1677.0,1677.0,1677.0,1677.0,1677.0,1677.0,1677.0,1677.0,1677.0,1677.0,1677.0,1677.0,1677.0,1677.0,1677.0,1677.0,1677.0,1677.0,1677.0,1677.0,1677.0,1677.0,1677.0,1677.0,7.0,0.7,-1.0444613121,-3.1048973087,-13.368763830750288,3.2050966235,1.5433630686000002,5.581630421,0.0196414776999998
1678,1678,1678.0,1678.0,1678.0,1678.0,1678.0,1678.0,1678.0,1678.0,1678.0,1678.0,1678.0,1678.0,1678.0,1678.0,1678.0,1678.0,1678.0,1678.0,1678.0,1678.0,1678.0,1678.0,1678.0,1678.0,1678.0,1678.0,1678.0,1678.0,1678.0,1678.0,1678.0,1678.0,1678.0,1678.0,1678.0,1678.0,1678.0,1678.0,1678.0,1678.0,8.0,0.8,-1.4046017171,-4.0816332868,-8.627850702941489,4.7484596921,2.1518363418,4.038267352399999,0.0196414776999998
1679,1679,1679.0,1679.0,1679.0,1679.0,1679.0,1679.0,1679.0,1679.0,1679.0,1679.0,1679.0,1679.0,1679.0,1679.0,1679.0,1679.0,1679.0,1679.0,1679.0,1679.0,1679.0,1679.0,1679.0,1679.0,1679.0,1679.0,1679.0,1679.0,1679.0,1679.0,1679.0,1679.0,1679.0,1679.0,1679.0,1679.0,1679.0,1679.0,1679.0,1679.0,9.0,0.9,-1.8347565021,-4.514263572,12.058539171682227,6.9002960339,1.886431010599999,1.886431010599999,0.0196414776999998
1680,1680,1680.0,1680.0,1680.0,1680.0,1680.0,1680.0,1680.0,1680.0,1680.0,1680.0,1680.0,1680.0,1680.0,1680.0,1680.0,1680.0,1680.0,1680.0,1680.0,1680.0,1680.0,1680.0,1680.0,1680.0,1680.0,1680.0,1680.0,1680.0,1680.0,1680.0,1680.0,1680.0,1680.0,1680.0,1680.0,1680.0,1680.0,1680.0,1680.0,1680.0,0.0,0.0,0.0,-1.0,-17.641646200853558,0.0,0.5031918451,4.4436719308,-2.5
1681,1681,1681.0,1681.0,1681.0,1681.0,1681.0,1681.0,1681.0,1681.0,1681.0,1681.0,1681.0,1681.0,1681.0,1681.0,1681.0,1681.0,1681.0,1681.0,1681.0,1681.0,1681.0,1681.0,1681.0,1681.0,1681.0,1681.0,1681.0,1681.0,1681.0,1681.0,1681.0,1681.0,1681.0,1681.0,1681.0,1681.0,1681.0,1681.0,1681.0,1681.0,1.0,0.1,-0.1805025997,-2.5836620204,9.83108668268556,0.5031918451,0.4619375346,3.9404800857,-3.3636620204
1682,1682,1682.0,1682.0,1682.0,1682.0,1682.0,1682.0,1682.0,1682.0,1682.0,1682.0,1682.0,1682.0,1682.0,1682.0,1682.0,1682.0,1682.0,1682.0,1682.0,1682.0,1682.0,1682.0,1682.0,1682.0,1682.0,1682.0,1682.0,1682.0,1682.0,1682.0,1682.0,1682.0,1682.0,1682.0,1682.0,1682.0,1682.0,1682.0,1682.0,1682.0,2.0,0.2,-0.378813507,-1.4022424448,8.137172440029289,0.9651293797,0.1473390620999999,3.4785425511,-1.6222424448
1683,1683,1683.0,1683.0,1683.0,1683.0,1683.0,1683.0,1683.0,1683.0,1683.0,1683.0,1683.0,1683.0,1683.0,1683.0,1683.0,1683.0,1683.0,1683.0,1683.0,1683.0,1683.0,1683.0,1683.0,1683.0,1683.0,1683.0,1683.0,1683.0,1683.0,1683.0,1683.0,1683.0,1683.0,1683.0,1683.0,1683.0,1683.0,1683.0,1683.0,1683.0,3.0,0.3,-0.4728916273,-0.4944470805,-9.30199121632186,1.1124684418,0.1601285426000001,3.331203489,-0.3144470805000001
1684,1684,1684.0,1684.0,1684.0,1684.0,1684.0,1684.0,1684.0,1684.0,1684.0,1684.0,1684.0,1684.0,1684.0,1684.0,1684.0,1684.0,1684.0,1684.0,1684.0,1684.0,1684.0,1684.0,1684.0,1684.0,1684.0,1684.0,1684.0,1684.0,1684.0,1684.0,1684.0,1684.0,1684.0,1684.0,1684.0,1684.0,1684.0,1684.0,1684.0,1684.0,4.0,0.4,-0.5649421142,-1.3325957153,-18.653909014963777,1.2725969844,0.7116526096,3.1710749464,-0.9125957153
1685,1685,1685.0,1685.0,1685.0,1685.0,1685.0,1685.0,1685.0,1685.0,1685.0,1685.0,1685.0,1685.0,1685.0,1685.0,1685.0,1685.0,1685.0,1685.0,1685.0,1685.0,1685.0,1685.0,1685.0,1685.0,1685.0,1685.0,1685.0,1685.0,1685.0,1685.0,1685.0,1685.0,1685.0,1685.0,1685.0,1685.0,1685.0,1685.0,1685.0,1685.0,5.0,0.5,-0.7819921131,-2.9809366179,19.778304779272183,1.984249594,0.6683354537000001,2.4594223368,-2.4809366179
1686,1686,1686.0,1686.0,1686.0,1686.0,1686.0,1686.0,1686.0,1686.0,1686.0,1686.0,1686.0,1686.0,1686.0,1686.0,1686.0,1686.0,1686.0,1686.0,1686.0,1686.0,1686.0,1686.0,1686.0,1686.0,1686.0,1686.0,1686.0,1686.0,1686.0,1686.0,1686.0,1686.0,1686.0,1686.0,1686.0,1686.0,1686.0,1686.0,1686.0,1686.0,6.0,0.6,-0.969989844,-0.815108409,-6.028813703477631,2.6525850477,0.2381243605999996,1.7910868830999995,-0.395108409
1687,1687,1687.0,1687.0,1687.0,1687.0,1687.0,1687.0,1687.0,1687.0,1687.0,1687.0,1687.0,1687.0,1687.0,1687.0,1687.0,1687.0,1687.0,1687.0,1687.0,1687.0,1687.0,1687.0,1687.0,1687.0,1687.0,1687.0,1687.0,1687.0,1687.0,1687.0,1687.0,1687.0,1687.0,1687.0,1687.0,1687.0,1687.0,1687.0,1687.0,1687.0,7.0,0.7,-1.076721015,-1.3112586084,-14.195753107369654,2.8907094083,0.6231635332000001,1.5529625225,-1.1312586083999998
1688,1688,1688.0,1688.0,1688.0,1688.0,1688.0,1688.0,1688.0,1688.0,1688.0,1688.0,1688.0,1688.0,1688.0,1688.0,1688.0,1688.0,1688.0,1688.0,1688.0,1688.0,1688.0,1688.0,1688.0,1688.0,1688.0,1688.0,1688.0,1688.0,1688.0,1688.0,1688.0,1688.0,1688.0,1688.0,1688.0,1688.0,1688.0,1688.0,1688.0,1688.0,8.0,0.8,-1.2701742224,-2.5373807117,13.100195208720235,3.5138729415,0.6098374012000001,0.9297989893,-2.7573807117
1689,1689,1689.0,1689.0,1689.0,1689.0,1689.0,1689.0,1689.0,1689.0,1689.0,1689.0,1689.0,1689.0,1689.0,1689.0,1689.0,1689.0,1689.0,1689.0,1689.0,1689.0,1689.0,1689.0,1689.0,1689.0,1689.0,1689.0,1689.0,1689.0,1689.0,1689.0,1689.0,1689.0,1689.0,1689.0,1689.0,1689.0,1689.0,1689.0,1689.0,1689.0,9.0,0.9,-1.4482670062,-1.049268407,0.4805639980401395,4.1237103427,0.3199615880999999,0.3199615880999999,-1.8292684070000005
1690,1690,1690.0,1690.0,1690.0,1690.0,1690.0,1690.0,1690.0,1690.0,1690.0,1690.0,1690.0,1690.0,1690.0,1690.0,1690.0,1690.0,1690.0,1690.0,1690.0,1690.0,1690.0,1690.0,1690.0,1690.0,1690.0,1690.0,1690.0,1690.0,1690.0,1690.0,1690.0,1690.0,1690.0,1690.0,1690.0,1690.0,1690.0,1690.0,1690.0,1690.0,0.0,0.0,0.0,-1.0,-19.808112188521463,0.0,0.5885749186,14.811437024,-2.5
1691,1691,1691.0,1691.0,1691.0,1691.0,1691.0,1691.0,1691.0,1691.0,1691.0,1691.0,1691.0,1691.0,1691.0,1691.0,1691.0,1691.0,1691.0,1691.0,1691.0,1691.0,1691.0,1691.0,1691.0,1691.0,1691.0,1691.0,1691.0,1691.0,1691.0,1691.0,1691.0,1691.0,1691.0,1691.0,1691.0,1691.0,1691.0,1691.0,1691.0,1691.0,1.0,0.1,-0.1909826996,-2.7898285193,-12.809086906133857,0.5885749186,1.174767187,14.2228621054,-3.5698285193
1692,1692,1692.0,1692.0,1692.0,1692.0,1692.0,1692.0,1692.0,1692.0,1692.0,1692.0,1692.0,1692.0,1692.0,1692.0,1692.0,1692.0,1692.0,1692.0,1692.0,1692.0,1692.0,1692.0,1692.0,1692.0,1692.0,1692.0,1692.0,1692.0,1692.0,1692.0,1692.0,1692.0,1692.0,1692.0,1692.0,1692.0,1692.0,1692.0,1692.0,1692.0,2.0,0.2,-0.5184328948,-3.7432870146,-16.316365384541033,1.7633421056,2.0928935083,13.0480949184,-3.9632870146
1693,1693,1693.0,1693.0,1693.0,1693.0,1693.0,1693.0,1693.0,1693.0,1693.0,1693.0,1693.0,1693.0,1693.0,1693.0,1693.0,1693.0,1693.0,1693.0,1693.0,1693.0,1693.0,1693.0,1693.0,1693.0,1693.0,1693.0,1693.0,1693.0,1693.0,1693.0,1693.0,1693.0,1693.0,1693.0,1693.0,1693.0,1693.0,1693.0,1693.0,1693.0,3.0,0.3,-0.9535826463,-4.9397738016,-0.5774984453563405,3.8562356139,2.3820124978,10.9552014101,-4.759773801600001
1694,1694,1694.0,1694.0,1694.0,1694.0,1694.0,1694.0,1694.0,1694.0,1694.0,1694.0,1694.0,1694.0,1694.0,1694.0,1694.0,1694.0,1694.0,1694.0,1694.0,1694.0,1694.0,1694.0,1694.0,1694.0,1694.0,1694.0,1694.0,1694.0,1694.0,1694.0,1694.0,1694.0,1694.0,1694.0,1694.0,1694.0,1694.0,1694.0,1694.0,1694.0,4.0,0.4,-1.4264578956,-4.5246483968,17.801583979712426,6.2382481117,1.644887604,8.573188912300001,-4.1046483968
1695,1695,1695.0,1695.0,1695.0,1695.0,1695.0,1695.0,1695.0,1695.0,1695.0,1695.0,1695.0,1695.0,1695.0,1695.0,1695.0,1695.0,1695.0,1695.0,1695.0,1695.0,1695.0,1695.0,1695.0,1695.0,1695.0,1695.0,1695.0,1695.0,1695.0,1695.0,1695.0,1695.0,1695.0,1695.0,1695.0,1695.0,1695.0,1695.0,1695.0,1695.0,5.0,0.5,-1.7709216223,-2.4000262722,-6.588149308967619,7.8831357157,1.0611000113000006,6.9283013083,-1.9000262722
1696,1696,1696.0,1696.0,1696.0,1696.0,1696.0,1696.0,1696.0,1696.0,1696.0,1696.0,1696.0,1696.0,1696.0,1696.0,1696.0,1696.0,1696.0,1696.0,1696.0,1696.0,1696.0,1696.0,1696.0,1696.0,1696.0,1696.0,1696.0,1696.0,1696.0,1696.0,1696.0,1696.0,1696.0,1696.0,1696.0,1696.0,1696.0,1696.0,1696.0,1696.0,6.0,0.6,-2.0311834544,-2.7985793709,3.505051537980819,8.944235727,1.0984212351,5.867201296999999,-2.3785793709000003
1697,1697,1697.0,1697.0,1697.0,1697.0,1697.0,1697.0,1697.0,1697.0,1697.0,1697.0,1697.0,1697.0,1697.0,1697.0,1697.0,1697.0,1697.0,1697.0,1697.0,1697.0,1697.0,1697.0,1697.0,1697.0,1697.0,1697.0,1697.0,1697.0,1697.0,1697.0,1697.0,1697.0,1697.0,1697.0,1697.0,1697.0,1697.0,1697.0,1697.0,1697.0,7.0,0.7,-2.2805484687,-2.1987092029,-4.479664624248665,10.0426569621,1.1172700202999994,4.768780061899999,-2.0187092029
1698,1698,1698.0,1698.0,1698.0,1698.0,1698.0,1698.0,1698.0,1698.0,1698.0,1698.0,1698.0,1698.0,1698.0,1698.0,1698.0,1698.0,1698.0,1698.0,1698.0,1698.0,1698.0,1698.0,1698.0,1698.0,1698.0,1698.0,1698.0,1698.0,1698.0,1698.0,1698.0,1698.0,1698.0,1698.0,1698.0,1698.0,1698.0,1698.0,1698.0,1698.0,8.0,0.8,-2.5114520139,-2.4157721201,-16.00068907807252,11.1599269824,1.7915563537000008,3.6515100416,-2.6357721201000004
1699,1699,1699.0,1699.0,1699.0,1699.0,1699.0,1699.0,1699.0,1699.0,1699.0,1699.0,1699.0,1699.0,1699.0,1699.0,1699.0,1699.0,1699.0,1699.0,1699.0,1699.0,1699.0,1699.0,1699.0,1699.0,1699.0,1699.0,1699.0,1699.0,1699.0,1699.0,1699.0,1699.0,1699.0,1699.0,1699.0,1699.0,1699.0,1699.0,1699.0,1699.0,9.0,0.9,-2.8187452189,-3.7085478229,11.242812271216923,12.9514833361,1.8599536878999992,1.8599536878999992,-4.4885478229
1700,1700,1700.0,1700.0,1700.0,1700.0,1700.0,1700.0,1700.0,1700.0,1700.0,1700.0,1700.0,1700.0,1700.0,1700.0,1700.0,1700.0,1700.0,1700.0,1700.0,1700.0,1700.0,1700.0,1700.0,1700.0,1700.0,1700.0,1700.0,1700.0,1700.0,1700.0,1700.0,1700.0,1700.0,1700.0,1700.0,1700.0,1700.0,1700.0,1700.0,1700.0,0.0,0.0,0.0,-1.0,-18.003068300394606,0.0,0.5169075179,9.032908142,-2.5
1701,1701,1701.0,1701.0,1701.0,1701.0,1701.0,1701.0,1701.0,1701.0,1701.0,1701.0,1701.0,1701.0,1701.0,1701.0,1701.0,1701.0,1701.0,1701.0,1701.0,1701.0,1701.0,1701.0,1701.0,1701.0,1701.0,1701.0,1701.0,1701.0,1701.0,1701.0,1701.0,1701.0,1701.0,1701.0,1701.0,1701.0,1701.0,1701.0,1701.0,1701.0,1.0,0.1,-0.1822509494,-2.6180558806,7.990239426433288,0.5169075179,0.4925945921999999,8.5160006241,-3.3980558806000003
1702,1702,1702.0,1702.0,1702.0,1702.0,1702.0,1702.0,1702.0,1702.0,1702.0,1702.0,1702.0,1702.0,1702.0,1702.0,1702.0,1702.0,1702.0,1702.0,1702.0,1702.0,1702.0,1702.0,1702.0,1702.0,1702.0,1702.0,1702.0,1702.0,1702.0,1702.0,1702.0,1702.0,1702.0,1702.0,1702.0,1702.0,1702.0,1702.0,1702.0,1702.0,2.0,0.2,-0.392739795,-1.6085430924,12.731454404880123,1.0095021101,0.2005652166,8.0234060319,-1.8285430924
1703,1703,1703.0,1703.0,1703.0,1703.0,1703.0,1703.0,1703.0,1703.0,1703.0,1703.0,1703.0,1703.0,1703.0,1703.0,1703.0,1703.0,1703.0,1703.0,1703.0,1703.0,1703.0,1703.0,1703.0,1703.0,1703.0,1703.0,1703.0,1703.0,1703.0,1703.0,1703.0,1703.0,1703.0,1703.0,1703.0,1703.0,1703.0,1703.0,1703.0,1703.0,3.0,0.3,-0.4842255512,-0.2439118957,-14.08705854716767,1.2100673267,0.2241487431,7.8228408153,-0.0639118957
1704,1704,1704.0,1704.0,1704.0,1704.0,1704.0,1704.0,1704.0,1704.0,1704.0,1704.0,1704.0,1704.0,1704.0,1704.0,1704.0,1704.0,1704.0,1704.0,1704.0,1704.0,1704.0,1704.0,1704.0,1704.0,1704.0,1704.0,1704.0,1704.0,1704.0,1704.0,1704.0,1704.0,1704.0,1704.0,1704.0,1704.0,1704.0,1704.0,1704.0,1704.0,4.0,0.4,-0.5755816227,-1.5612616789,-9.712126186747572,1.4342160698,0.4793883181,7.5986920722,-1.1412616789
1705,1705,1705.0,1705.0,1705.0,1705.0,1705.0,1705.0,1705.0,1705.0,1705.0,1705.0,1705.0,1705.0,1705.0,1705.0,1705.0,1705.0,1705.0,1705.0,1705.0,1705.0,1705.0,1705.0,1705.0,1705.0,1705.0,1705.0,1705.0,1705.0,1705.0,1705.0,1705.0,1705.0,1705.0,1705.0,1705.0,1705.0,1705.0,1705.0,1705.0,1705.0,5.0,0.5,-0.771136932,-2.3369189883,-15.676501206116544,1.9136043879,1.1091544917,7.119303754100001,-1.8369189883
1706,1706,1706.0,1706.0,1706.0,1706.0,1706.0,1706.0,1706.0,1706.0,1706.0,1706.0,1706.0,1706.0,1706.0,1706.0,1706.0,1706.0,1706.0,1706.0,1706.0,1706.0,1706.0,1706.0,1706.0,1706.0,1706.0,1706.0,1706.0,1706.0,1706.0,1706.0,1706.0,1706.0,1706.0,1706.0,1706.0,1706.0,1706.0,1706.0,1706.0,1706.0,6.0,0.6,-1.0693579492,-3.6063480917,11.203417943231424,3.0227588796,1.0653956101,6.010149262400001,-3.1863480917
1707,1707,1707.0,1707.0,1707.0,1707.0,1707.0,1707.0,1707.0,1707.0,1707.0,1707.0,1707.0,1707.0,1707.0,1707.0,1707.0,1707.0,1707.0,1707.0,1707.0,1707.0,1707.0,1707.0,1707.0,1707.0,1707.0,1707.0,1707.0,1707.0,1707.0,1707.0,1707.0,1707.0,1707.0,1707.0,1707.0,1707.0,1707.0,1707.0,1707.0,1707.0,7.0,0.7,-1.3583519032,-2.1970123434,-10.65713757369763,4.0881544897,0.9616344058,4.9447536523,-2.0170123434
1708,1708,1708.0,1708.0,1708.0,1708.0,1708.0,1708.0,1708.0,1708.0,1708.0,1708.0,1708.0,1708.0,1708.0,1708.0,1708.0,1708.0,1708.0,1708.0,1708.0,1708.0,1708.0,1708.0,1708.0,1708.0,1708.0,1708.0,1708.0,1708.0,1708.0,1708.0,1708.0,1708.0,1708.0,1708.0,1708.0,1708.0,1708.0,1708.0,1708.0,1708.0,8.0,0.8,-1.6189782925,-3.0020997115,-12.168572329820826,5.0497888955,1.5867888574000002,3.9831192465,-3.2220997115000003
1709,1709,1709.0,1709.0,1709.0,1709.0,1709.0,1709.0,1709.0,1709.0,1709.0,1709.0,1709.0,1709.0,1709.0,1709.0,1709.0,1709.0,1709.0,1709.0,1709.0,1709.0,1709.0,1709.0,1709.0,1709.0,1709.0,1709.0,1709.0,1709.0,1709.0,1709.0,1709.0,1709.0,1709.0,1709.0,1709.0,1709.0,1709.0,1709.0,1709.0,1709.0,9.0,0.9,-1.9635303015,-3.8744049354,-12.460346006686953,6.6365777529,2.3963303891,2.3963303891,-4.6544049354000006
1710,1710,1710.0,1710.0,1710.0,1710.0,1710.0,1710.0,1710.0,1710.0,1710.0,1710.0,1710.0,1710.0,1710.0,1710.0,1710.0,1710.0,1710.0,1710.0,1710.0,1710.0,1710.0,1710.0,1710.0,1710.0,1710.0,1710.0,1710.0,1710.0,1710.0,1710.0,1710.0,1710.0,1710.0,1710.0,1710.0,1710.0,1710.0,1710.0,1710.0,1710.0,0.0,0.0,0.0,-1.0,16.02682822107385,0.0,0.1534702012,1.271778311,1.3845156997
1711,1711,1711.0,1711.0,1711.0,1711.0,1711.0,1711.0,1711.0,1711.0,1711.0,1711.0,1711.0,1711.0,1711.0,1711.0,1711.0,1711.0,1711.0,1711.0,1711.0,1711.0,1711.0,1711.0,1711.0,1711.0,1711.0,1711.0,1711.0,1711.0,1711.0,1711.0,1711.0,1711.0,1711.0,1711.0,1711.0,1711.0,1711.0,1711.0,1711.0,1711.0,1.0,0.1,-0.0176341143,0.6203169364,9.591987847457052,0.1534702012,0.1634065408,1.1183081098,1.3845156997
1712,1712,1712.0,1712.0,1712.0,1712.0,1712.0,1712.0,1712.0,1712.0,1712.0,1712.0,1712.0,1712.0,1712.0,1712.0,1712.0,1712.0,1712.0,1712.0,1712.0,1712.0,1712.0,1712.0,1712.0,1712.0,1712.0,1712.0,1712.0,1712.0,1712.0,1712.0,1712.0,1712.0,1712.0,1712.0,1712.0,1712.0,1712.0,1712.0,1712.0,1712.0,2.0,0.2,0.0877972962,1.4740843106,-17.34315857988335,0.316876742,0.2106435688999999,0.954901569,1.3845156997
1713,1713,1713.0,1713.0,1713.0,1713.0,1713.0,1713.0,1713.0,1713.0,1713.0,1713.0,1713.0,1713.0,1713.0,1713.0,1713.0,1713.0,1713.0,1713.0,1713.0,1713.0,1713.0,1713.0,1713.0,1713.0,1713.0,1713.0,1713.0,1713.0,1713.0,1713.0,1713.0,1713.0,1713.0,1713.0,1713.0,1713.0,1713.0,1713.0,1713.0,1713.0,3.0,0.3,0.1441788599,-0.3166131111,-9.268463198984085,0.5275203109,0.1065412363,0.7442580001000001,1.3845156997
1714,1714,1714.0,1714.0,1714.0,1714.0,1714.0,1714.0,1714.0,1714.0,1714.0,1714.0,1714.0,1714.0,1714.0,1714.0,1714.0,1714.0,1714.0,1714.0,1714.0,1714.0,1714.0,1714.0,1714.0,1714.0,1714.0,1714.0,1714.0,1714.0,1714.0,1714.0,1714.0,1714.0,1714.0,1714.0,1714.0,1714.0,1714.0,1714.0,1714.0,1714.0,4.0,0.4,0.0692138022,-1.1684943732,8.936612923386171,0.6340615472,0.0939455988,0.6377167638000001,1.3845156997
1715,1715,1715.0,1715.0,1715.0,1715.0,1715.0,1715.0,1715.0,1715.0,1715.0,1715.0,1715.0,1715.0,1715.0,1715.0,1715.0,1715.0,1715.0,1715.0,1715.0,1715.0,1715.0,1715.0,1715.0,1715.0,1715.0,1715.0,1715.0,1715.0,1715.0,1715.0,1715.0,1715.0,1715.0,1715.0,1715.0,1715.0,1715.0,1715.0,1715.0,1715.0,5.0,0.5,0.001246952,-0.2068662307,-1.209758382612268,0.728007146,0.0073466122999999,0.543771165,1.3845156997
1716,1716,1716.0,1716.0,1716.0,1716.0,1716.0,1716.0,1716.0,1716.0,1716.0,1716.0,1716.0,1716.0,1716.0,1716.0,1716.0,1716.0,1716.0,1716.0,1716.0,1716.0,1716.0,1716.0,1716.0,1716.0,1716.0,1716.0,1716.0,1716.0,1716.0,1716.0,1716.0,1716.0,1716.0,1716.0,1716.0,1716.0,1716.0,1716.0,1716.0,1716.0,6.0,0.6,-0.0242910302,-0.3023040868,15.531858295064552,0.7353537583,0.1610754934999999,0.5364245527,1.3845156997
1717,1717,1717.0,1717.0,1717.0,1717.0,1717.0,1717.0,1717.0,1717.0,1717.0,1717.0,1717.0,1717.0,1717.0,1717.0,1717.0,1717.0,1717.0,1717.0,1717.0,1717.0,1717.0,1717.0,1717.0,1717.0,1717.0,1717.0,1717.0,1717.0,1717.0,1717.0,1717.0,1717.0,1717.0,1717.0,1717.0,1717.0,1717.0,1717.0,1717.0,1717.0,7.0,0.7,0.0220750129,1.2045156997,-6.704598505120947,0.8964292518,0.095290014,0.3753490592,1.3845156997
1718,1718,1718.0,1718.0,1718.0,1718.0,1718.0,1718.0,1718.0,1718.0,1718.0,1718.0,1718.0,1718.0,1718.0,1718.0,1718.0,1718.0,1718.0,1718.0,1718.0,1718.0,1718.0,1718.0,1718.0,1718.0,1718.0,1718.0,1718.0,1718.0,1718.0,1718.0,1718.0,1718.0,1718.0,1718.0,1718.0,1718.0,1718.0,1718.0,1718.0,1718.0,8.0,0.8,0.1042669034,0.4518639587,-14.886317125107349,0.9917192658,0.1380208706999999,0.2800590452,1.3845156997
1719,1719,1719.0,1719.0,1719.0,1719.0,1719.0,1719.0,1719.0,1719.0,1719.0,1719.0,1719.0,1719.0,1719.0,1719.0,1719.0,1719.0,1719.0,1719.0,1719.0,1719.0,1719.0,1719.0,1719.0,1719.0,1719.0,1719.0,1719.0,1719.0,1719.0,1719.0,1719.0,1719.0,1719.0,1719.0,1719.0,1719.0,1719.0,1719.0,1719.0,1719.0,9.0,0.9,0.075256194,-1.0077570445,-4.024653239395386,1.1297401365,0.1420381745000001,0.1420381745000001,1.3845156997
1720,1720,1720.0,1720.0,1720.0,1720.0,1720.0,1720.0,1720.0,1720.0,1720.0,1720.0,1720.0,1720.0,1720.0,1720.0,1720.0,1720.0,1720.0,1720.0,1720.0,1720.0,1720.0,1720.0,1720.0,1720.0,1720.0,1720.0,1720.0,1720.0,1720.0,1720.0,1720.0,1720.0,1720.0,1720.0,1720.0,1720.0,1720.0,1720.0,1720.0,1720.0,0.0,0.0,0.0,-1.0,-12.104913072910808,0.0,0.3195270227,21.1338108888,-2.5
1721,1721,1721.0,1721.0,1721.0,1721.0,1721.0,1721.0,1721.0,1721.0,1721.0,1721.0,1721.0,1721.0,1721.0,1721.0,1721.0,1721.0,1721.0,1721.0,1721.0,1721.0,1721.0,1721.0,1721.0,1721.0,1721.0,1721.0,1721.0,1721.0,1721.0,1721.0,1721.0,1721.0,1721.0,1721.0,1721.0,1721.0,1721.0,1721.0,1721.0,1721.0,1.0,0.1,-0.1537191081,-2.0567721991,-11.864802298967623,0.3195270227,0.7263179347,20.8142838661,-2.8367721991000003
1722,1722,1722.0,1722.0,1722.0,1722.0,1722.0,1722.0,1722.0,1722.0,1722.0,1722.0,1722.0,1722.0,1722.0,1722.0,1722.0,1722.0,1722.0,1722.0,1722.0,1722.0,1722.0,1722.0,1722.0,1722.0,1722.0,1722.0,1722.0,1722.0,1722.0,1722.0,1722.0,1722.0,1722.0,1722.0,1722.0,1722.0,1722.0,1722.0,1722.0,1722.0,2.0,0.2,-0.4068418628,-2.9901296743,-13.901054731419586,1.0458449574,1.3771864045000002,20.0879659314,-3.2101296743
1723,1723,1723.0,1723.0,1723.0,1723.0,1723.0,1723.0,1723.0,1723.0,1723.0,1723.0,1723.0,1723.0,1723.0,1723.0,1723.0,1723.0,1723.0,1723.0,1723.0,1723.0,1723.0,1723.0,1723.0,1723.0,1723.0,1723.0,1723.0,1723.0,1723.0,1723.0,1723.0,1723.0,1723.0,1723.0,1723.0,1723.0,1723.0,1723.0,1723.0,1723.0,3.0,0.3,-0.7586353155,-4.0284416949,-2.0495582913743995,2.4230313619,1.6418619755,18.7107795269,-3.8484416949
1724,1724,1724.0,1724.0,1724.0,1724.0,1724.0,1724.0,1724.0,1724.0,1724.0,1724.0,1724.0,1724.0,1724.0,1724.0,1724.0,1724.0,1724.0,1724.0,1724.0,1724.0,1724.0,1724.0,1724.0,1724.0,1724.0,1724.0,1724.0,1724.0,1724.0,1724.0,1724.0,1724.0,1724.0,1724.0,1724.0,1724.0,1724.0,1724.0,1724.0,1724.0,4.0,0.4,-1.1519067719,-3.8401260676,-11.836959784371444,4.0648933374,2.0472183305,17.0689175514,-3.4201260676
1725,1725,1725.0,1725.0,1725.0,1725.0,1725.0,1725.0,1725.0,1725.0,1725.0,1725.0,1725.0,1725.0,1725.0,1725.0,1725.0,1725.0,1725.0,1725.0,1725.0,1725.0,1725.0,1725.0,1725.0,1725.0,1725.0,1725.0,1725.0,1725.0,1725.0,1725.0,1725.0,1725.0,1725.0,1725.0,1725.0,1725.0,1725.0,1725.0,1725.0,1725.0,5.0,0.5,-1.5746034536,-4.6011253643,-18.94197050186486,6.1121116679,3.3349487384000005,15.0216992209,-4.1011253643
1726,1726,1726.0,1726.0,1726.0,1726.0,1726.0,1726.0,1726.0,1726.0,1726.0,1726.0,1726.0,1726.0,1726.0,1726.0,1726.0,1726.0,1726.0,1726.0,1726.0,1726.0,1726.0,1726.0,1726.0,1726.0,1726.0,1726.0,1726.0,1726.0,1726.0,1726.0,1726.0,1726.0,1726.0,1726.0,1726.0,1726.0,1726.0,1726.0,1726.0,1726.0,6.0,0.6,-2.1040887215,-5.9658371466,17.159524978200565,9.4470604063,3.0982843908,11.6867504825,-5.5458371466
1727,1727,1727.0,1727.0,1727.0,1727.0,1727.0,1727.0,1727.0,1727.0,1727.0,1727.0,1727.0,1727.0,1727.0,1727.0,1727.0,1727.0,1727.0,1727.0,1727.0,1727.0,1727.0,1727.0,1727.0,1727.0,1727.0,1727.0,1727.0,1727.0,1727.0,1727.0,1727.0,1727.0,1727.0,1727.0,1727.0,1727.0,1727.0,1727.0,1727.0,1727.0,7.0,0.7,-2.5888057524,-3.7651676178,-18.55050830427494,12.5453447971,2.9822396817999994,8.588466091699999,-3.5851676178
1728,1728,1728.0,1728.0,1728.0,1728.0,1728.0,1728.0,1728.0,1728.0,1728.0,1728.0,1728.0,1728.0,1728.0,1728.0,1728.0,1728.0,1728.0,1728.0,1728.0,1728.0,1728.0,1728.0,1728.0,1728.0,1728.0,1728.0,1728.0,1728.0,1728.0,1728.0,1728.0,1728.0,1728.0,1728.0,1728.0,1728.0,1728.0,1728.0,1728.0,1728.0,8.0,0.8,-3.0368453757,-5.172178825,11.042282307987886,15.5275844789,3.0764298345000007,5.6062264099,-5.392178825
1729,1729,1729.0,1729.0,1729.0,1729.0,1729.0,1729.0,1729.0,1729.0,1729.0,1729.0,1729.0,1729.0,1729.0,1729.0,1729.0,1729.0,1729.0,1729.0,1729.0,1729.0,1729.0,1729.0,1729.0,1729.0,1729.0,1729.0,1729.0,1729.0,1729.0,1729.0,1729.0,1729.0,1729.0,1729.0,1729.0,1729.0,1729.0,1729.0,1729.0,1729.0,9.0,0.9,-3.4756277842,-3.6291681857,-0.0567208435947037,18.6040143134,2.529796575399999,2.529796575399999,-4.4091681857000005
1730,1730,1730.0,1730.0,1730.0,1730.0,1730.0,1730.0,1730.0,1730.0,1730.0,1730.0,1730.0,1730.0,1730.0,1730.0,1730.0,1730.0,1730.0,1730.0,1730.0,1730.0,1730.0,1730.0,1730.0,1730.0,1730.0,1730.0,1730.0,1730.0,1730.0,1730.0,1730.0,1730.0,1730.0,1730.0,1730.0,1730.0,1730.0,1730.0,1730.0,1730.0,0.0,0.0,0.0,-1.0,-5.867215301972152,0.0,0.1720956461,10.6591971796,-2.5
1731,1731,1731.0,1731.0,1731.0,1731.0,1731.0,1731.0,1731.0,1731.0,1731.0,1731.0,1731.0,1731.0,1731.0,1731.0,1731.0,1731.0,1731.0,1731.0,1731.0,1731.0,1731.0,1731.0,1731.0,1731.0,1731.0,1731.0,1731.0,1731.0,1731.0,1731.0,1731.0,1731.0,1731.0,1731.0,1731.0,1731.0,1731.0,1731.0,1731.0,1731.0,1.0,0.1,-0.123544758,-1.4631767722,-1.7552118538686976,0.1720956461,0.2238594666,10.4871015335,-2.2431767722
1732,1732,1732.0,1732.0,1732.0,1732.0,1732.0,1732.0,1732.0,1732.0,1732.0,1732.0,1732.0,1732.0,1732.0,1732.0,1732.0,1732.0,1732.0,1732.0,1732.0,1732.0,1732.0,1732.0,1732.0,1732.0,1732.0,1732.0,1732.0,1732.0,1732.0,1732.0,1732.0,1732.0,1732.0,1732.0,1732.0,1732.0,1732.0,1732.0,1732.0,1732.0,2.0,0.2,-0.2712751296,-1.490967586,-16.714434708510954,0.3959551127,0.6674499261,10.2632420669,-1.710967586
1733,1733,1733.0,1733.0,1733.0,1733.0,1733.0,1733.0,1733.0,1733.0,1733.0,1733.0,1733.0,1733.0,1733.0,1733.0,1733.0,1733.0,1733.0,1733.0,1733.0,1733.0,1733.0,1733.0,1733.0,1733.0,1733.0,1733.0,1733.0,1733.0,1733.0,1733.0,1733.0,1733.0,1733.0,1733.0,1733.0,1733.0,1733.0,1733.0,1733.0,1733.0,3.0,0.3,-0.4940141535,-2.9396720329,-15.373690395649351,1.0634050388,1.4285891410999998,9.5957921408,-2.7596720329
1734,1734,1734.0,1734.0,1734.0,1734.0,1734.0,1734.0,1734.0,1734.0,1734.0,1734.0,1734.0,1734.0,1734.0,1734.0,1734.0,1734.0,1734.0,1734.0,1734.0,1734.0,1734.0,1734.0,1734.0,1734.0,1734.0,1734.0,1734.0,1734.0,1734.0,1734.0,1734.0,1734.0,1734.0,1734.0,1734.0,1734.0,1734.0,1734.0,1734.0,1734.0,4.0,0.4,-0.8481298983,-4.1229253277,13.473450167406703,2.4919941799,1.2906353925,8.1672029997,-3.7029253277
1735,1735,1735.0,1735.0,1735.0,1735.0,1735.0,1735.0,1735.0,1735.0,1735.0,1735.0,1735.0,1735.0,1735.0,1735.0,1735.0,1735.0,1735.0,1735.0,1735.0,1735.0,1735.0,1735.0,1735.0,1735.0,1735.0,1735.0,1735.0,1735.0,1735.0,1735.0,1735.0,1735.0,1735.0,1735.0,1735.0,1735.0,1735.0,1735.0,1735.0,1735.0,5.0,0.5,-1.175301429,-2.4484087802,-18.575814500378893,3.7826295724,1.4106684051000005,6.8765676072,-1.9484087802
1736,1736,1736.0,1736.0,1736.0,1736.0,1736.0,1736.0,1736.0,1736.0,1736.0,1736.0,1736.0,1736.0,1736.0,1736.0,1736.0,1736.0,1736.0,1736.0,1736.0,1736.0,1736.0,1736.0,1736.0,1736.0,1736.0,1736.0,1736.0,1736.0,1736.0,1736.0,1736.0,1736.0,1736.0,1736.0,1736.0,1736.0,1736.0,1736.0,1736.0,1736.0,6.0,0.6,-1.4981572941,-3.9831343652,12.503944165774442,5.1932979775,1.3933979921999995,5.465899202099999,-3.5631343652000003
1737,1737,1737.0,1737.0,1737.0,1737.0,1737.0,1737.0,1737.0,1737.0,1737.0,1737.0,1737.0,1737.0,1737.0,1737.0,1737.0,1737.0,1737.0,1737.0,1737.0,1737.0,1737.0,1737.0,1737.0,1737.0,1737.0,1737.0,1737.0,1737.0,1737.0,1737.0,1737.0,1737.0,1737.0,1737.0,1737.0,1737.0,1737.0,1737.0,1737.0,1737.0,7.0,0.7,-1.8167160694,-2.4141811733,-17.61785601947478,6.5866959697,1.5504903282999996,4.0725012099,-2.2341811733
1738,1738,1738.0,1738.0,1738.0,1738.0,1738.0,1738.0,1738.0,1738.0,1738.0,1738.0,1738.0,1738.0,1738.0,1738.0,1738.0,1738.0,1738.0,1738.0,1738.0,1738.0,1738.0,1738.0,1738.0,1738.0,1738.0,1738.0,1738.0,1738.0,1738.0,1738.0,1738.0,1738.0,1738.0,1738.0,1738.0,1738.0,1738.0,1738.0,1738.0,1738.0,8.0,0.8,-2.131680764,-3.8610020807,14.195864216160416,8.137186298,1.5455244712000002,2.5220108816,-4.0810020807
1739,1739,1739.0,1739.0,1739.0,1739.0,1739.0,1739.0,1739.0,1739.0,1739.0,1739.0,1739.0,1739.0,1739.0,1739.0,1739.0,1739.0,1739.0,1739.0,1739.0,1739.0,1739.0,1739.0,1739.0,1739.0,1739.0,1739.0,1739.0,1739.0,1739.0,1739.0,1739.0,1739.0,1739.0,1739.0,1739.0,1739.0,1739.0,1739.0,1739.0,1739.0,9.0,0.9,-2.4304326971,-2.142663726,5.094327863498531,9.6827107692,0.9764864103999996,0.9764864103999996,-2.922663726
1740,1740,1740.0,1740.0,1740.0,1740.0,1740.0,1740.0,1740.0,1740.0,1740.0,1740.0,1740.0,1740.0,1740.0,1740.0,1740.0,1740.0,1740.0,1740.0,1740.0,1740.0,1740.0,1740.0,1740.0,1740.0,1740.0,1740.0,1740.0,1740.0,1740.0,1740.0,1740.0,1740.0,1740.0,1740.0,1740.0,1740.0,1740.0,1740.0,1740.0,1740.0,0.0,0.0,0.0,-1.0,-7.088472399897562,0.0,0.1959986369,24.283256165600005,-2.5
1741,1741,1741.0,1741.0,1741.0,1741.0,1741.0,1741.0,1741.0,1741.0,1741.0,1741.0,1741.0,1741.0,1741.0,1741.0,1741.0,1741.0,1741.0,1741.0,1741.0,1741.0,1741.0,1741.0,1741.0,1741.0,1741.0,1741.0,1741.0,1741.0,1741.0,1741.0,1741.0,1741.0,1741.0,1741.0,1741.0,1741.0,1741.0,1741.0,1741.0,1741.0,1.0,0.1,-0.1294524906,-1.5793947494,-16.180268548831233,0.1959986369,0.6752569958,24.087257528700004,-2.3593947494000003
1742,1742,1742.0,1742.0,1742.0,1742.0,1742.0,1742.0,1742.0,1742.0,1742.0,1742.0,1742.0,1742.0,1742.0,1742.0,1742.0,1742.0,1742.0,1742.0,1742.0,1742.0,1742.0,1742.0,1742.0,1742.0,1742.0,1742.0,1742.0,1742.0,1742.0,1742.0,1742.0,1742.0,1742.0,1742.0,1742.0,1742.0,1742.0,1742.0,1742.0,1742.0,2.0,0.2,-0.3580225025,-2.9688515924,-15.064465401889963,0.8712556327,1.4163133496999998,23.4120005329,-3.1888515924
1743,1743,1743.0,1743.0,1743.0,1743.0,1743.0,1743.0,1743.0,1743.0,1743.0,1743.0,1743.0,1743.0,1743.0,1743.0,1743.0,1743.0,1743.0,1743.0,1743.0,1743.0,1743.0,1743.0,1743.0,1743.0,1743.0,1743.0,1743.0,1743.0,1743.0,1743.0,1743.0,1743.0,1743.0,1743.0,1743.0,1743.0,1743.0,1743.0,1743.0,1743.0,3.0,0.3,-0.7134191598,-4.1199014752,-16.086634790595586,2.2875689824,2.4380477527,21.9956871832,-3.9399014752
1744,1744,1744.0,1744.0,1744.0,1744.0,1744.0,1744.0,1744.0,1744.0,1744.0,1744.0,1744.0,1744.0,1744.0,1744.0,1744.0,1744.0,1744.0,1744.0,1744.0,1744.0,1744.0,1744.0,1744.0,1744.0,1744.0,1744.0,1744.0,1744.0,1744.0,1744.0,1744.0,1744.0,1744.0,1744.0,1744.0,1744.0,1744.0,1744.0,1744.0,1744.0,4.0,0.4,-1.1832971314,-5.2586869827,-8.641301382946377,4.7256167351,3.1915606526,19.5576394305,-4.8386869827
1745,1745,1745.0,1745.0,1745.0,1745.0,1745.0,1745.0,1745.0,1745.0,1745.0,1745.0,1745.0,1745.0,1745.0,1745.0,1745.0,1745.0,1745.0,1745.0,1745.0,1745.0,1745.0,1745.0,1745.0,1745.0,1745.0,1745.0,1745.0,1745.0,1745.0,1745.0,1745.0,1745.0,1745.0,1745.0,1745.0,1745.0,1745.0,1745.0,1745.0,1745.0,5.0,0.5,-1.7255290629,-5.5805851896,-9.063658582736016,7.9171773877,3.7540410262,16.3660787779,-5.0805851896
1746,1746,1746.0,1746.0,1746.0,1746.0,1746.0,1746.0,1746.0,1746.0,1746.0,1746.0,1746.0,1746.0,1746.0,1746.0,1746.0,1746.0,1746.0,1746.0,1746.0,1746.0,1746.0,1746.0,1746.0,1746.0,1746.0,1746.0,1746.0,1746.0,1746.0,1746.0,1746.0,1746.0,1746.0,1746.0,1746.0,1746.0,1746.0,1746.0,1746.0,1746.0,6.0,0.6,-2.3004364056,-5.912043705,6.308721489509679,11.6712184139,3.528341125599999,12.6120377517,-5.492043705
1747,1747,1747.0,1747.0,1747.0,1747.0,1747.0,1747.0,1747.0,1747.0,1747.0,1747.0,1747.0,1747.0,1747.0,1747.0,1747.0,1747.0,1747.0,1747.0,1747.0,1747.0,1747.0,1747.0,1747.0,1747.0,1747.0,1747.0,1747.0,1747.0,1747.0,1747.0,1747.0,1747.0,1747.0,1747.0,1747.0,1747.0,1747.0,1747.0,1747.0,1747.0,7.0,0.7,-2.8325237125,-4.7490842493,4.226851806242827,15.1995595395,2.8119176712000016,9.083696626100002,-4.5690842493
1748,1748,1748.0,1748.0,1748.0,1748.0,1748.0,1748.0,1748.0,1748.0,1748.0,1748.0,1748.0,1748.0,1748.0,1748.0,1748.0,1748.0,1748.0,1748.0,1748.0,1748.0,1748.0,1748.0,1748.0,1748.0,1748.0,1748.0,1748.0,1748.0,1748.0,1748.0,1748.0,1748.0,1748.0,1748.0,1748.0,1748.0,1748.0,1748.0,1748.0,1748.0,8.0,0.8,-3.2640120906,-3.8949106905,-4.401396495704146,18.0114772107,2.7440493012000005,6.2717789549,-4.1149106905
1749,1749,1749.0,1749.0,1749.0,1749.0,1749.0,1749.0,1749.0,1749.0,1749.0,1749.0,1749.0,1749.0,1749.0,1749.0,1749.0,1749.0,1749.0,1749.0,1749.0,1749.0,1749.0,1749.0,1749.0,1749.0,1749.0,1749.0,1749.0,1749.0,1749.0,1749.0,1749.0,1749.0,1749.0,1749.0,1749.0,1749.0,1749.0,1749.0,1749.0,1749.0,9.0,0.9,-3.6559530129,-3.9431094178,-13.3411565591963,20.7555265119,3.5277296537,3.5277296537,-4.7231094178
1750,1750,1750.0,1750.0,1750.0,1750.0,1750.0,1750.0,1750.0,1750.0,1750.0,1750.0,1750.0,1750.0,1750.0,1750.0,1750.0,1750.0,1750.0,1750.0,1750.0,1750.0,1750.0,1750.0,1750.0,1750.0,1750.0,1750.0,1750.0,1750.0,1750.0,1750.0,1750.0,1750.0,1750.0,1750.0,1750.0,1750.0,1750.0,1750.0,1750.0,1750.0,0.0,0.0,0.0,-1.0,6.43430326464803,0.0,0.0660564059,2.6606768506000003,2.2663621489
1751,1751,1751.0,1751.0,1751.0,1751.0,1751.0,1751.0,1751.0,1751.0,1751.0,1751.0,1751.0,1751.0,1751.0,1751.0,1751.0,1751.0,1751.0,1751.0,1751.0,1751.0,1751.0,1751.0,1751.0,1751.0,1751.0,1751.0,1751.0,1751.0,1751.0,1751.0,1751.0,1751.0,1751.0,1751.0,1751.0,1751.0,1751.0,1751.0,1751.0,1751.0,1.0,0.1,-0.0640371671,-0.2925325065,11.548740409587523,0.0660564059,0.0854837108,2.5946204447000003,2.2663621489
1752,1752,1752.0,1752.0,1752.0,1752.0,1752.0,1752.0,1752.0,1752.0,1752.0,1752.0,1752.0,1752.0,1752.0,1752.0,1752.0,1752.0,1752.0,1752.0,1752.0,1752.0,1752.0,1752.0,1752.0,1752.0,1752.0,1752.0,1752.0,1752.0,1752.0,1752.0,1752.0,1752.0,1752.0,1752.0,1752.0,1752.0,1752.0,1752.0,1752.0,1752.0,2.0,0.2,-0.0360092336,0.8343136011,9.516490854492575,0.1515401167,0.2084700048,2.5091367339,2.2663621489
1753,1753,1753.0,1753.0,1753.0,1753.0,1753.0,1753.0,1753.0,1753.0,1753.0,1753.0,1753.0,1753.0,1753.0,1753.0,1753.0,1753.0,1753.0,1753.0,1753.0,1753.0,1753.0,1753.0,1753.0,1753.0,1753.0,1753.0,1753.0,1753.0,1753.0,1753.0,1753.0,1753.0,1753.0,1753.0,1753.0,1753.0,1753.0,1753.0,1753.0,1753.0,3.0,0.3,0.0894214279,1.660532025,2.1209493407991005,0.3600101215,0.2886855365999999,2.3006667291,2.2663621489
1754,1754,1754.0,1754.0,1754.0,1754.0,1754.0,1754.0,1754.0,1754.0,1754.0,1754.0,1754.0,1754.0,1754.0,1754.0,1754.0,1754.0,1754.0,1754.0,1754.0,1754.0,1754.0,1754.0,1754.0,1754.0,1754.0,1754.0,1754.0,1754.0,1754.0,1754.0,1754.0,1754.0,1754.0,1754.0,1754.0,1754.0,1754.0,1754.0,1754.0,1754.0,4.0,0.4,0.2577017342,1.7043466528,0.8728526853276364,0.6486956581,0.2892611691,2.0119811925,2.2663621489
1755,1755,1755.0,1755.0,1755.0,1755.0,1755.0,1755.0,1755.0,1755.0,1755.0,1755.0,1755.0,1755.0,1755.0,1755.0,1755.0,1755.0,1755.0,1755.0,1755.0,1755.0,1755.0,1755.0,1755.0,1755.0,1755.0,1755.0,1755.0,1755.0,1755.0,1755.0,1755.0,1755.0,1755.0,1755.0,1755.0,1755.0,1755.0,1755.0,1755.0,1755.0,5.0,0.5,0.4241141023,1.6252195532,3.949052972240175,0.9379568272,0.3363204086000001,1.7227200234,2.2663621489
1756,1756,1756.0,1756.0,1756.0,1756.0,1756.0,1756.0,1756.0,1756.0,1756.0,1756.0,1756.0,1756.0,1756.0,1756.0,1756.0,1756.0,1756.0,1756.0,1756.0,1756.0,1756.0,1756.0,1756.0,1756.0,1756.0,1756.0,1756.0,1756.0,1756.0,1756.0,1756.0,1756.0,1756.0,1756.0,1756.0,1756.0,1756.0,1756.0,1756.0,1756.0,6.0,0.6,0.5978768038,1.8463621489,-6.915401553276318,1.2742772358,0.2779225087999999,1.3863996147999995,2.2663621489
1757,1757,1757.0,1757.0,1757.0,1757.0,1757.0,1757.0,1757.0,1757.0,1757.0,1757.0,1757.0,1757.0,1757.0,1757.0,1757.0,1757.0,1757.0,1757.0,1757.0,1757.0,1757.0,1757.0,1757.0,1757.0,1757.0,1757.0,1757.0,1757.0,1757.0,1757.0,1757.0,1757.0,1757.0,1757.0,1757.0,1757.0,1757.0,1757.0,1757.0,1757.0,7.0,0.7,0.7401288123,1.0125699851,10.703759600436896,1.5521997446,0.3490568410999999,1.1084771059999998,2.2663621489
1758,1758,1758.0,1758.0,1758.0,1758.0,1758.0,1758.0,1758.0,1758.0,1758.0,1758.0,1758.0,1758.0,1758.0,1758.0,1758.0,1758.0,1758.0,1758.0,1758.0,1758.0,1758.0,1758.0,1758.0,1758.0,1758.0,1758.0,1758.0,1758.0,1758.0,1758.0,1758.0,1758.0,1758.0,1758.0,1758.0,1758.0,1758.0,1758.0,1758.0,1758.0,8.0,0.8,0.8882657936,1.9348089638,-18.435236315908192,1.9012565857,0.3820675205999999,0.7594202648999999,2.2663621489
1759,1759,1759.0,1759.0,1759.0,1759.0,1759.0,1759.0,1759.0,1759.0,1759.0,1759.0,1759.0,1759.0,1759.0,1759.0,1759.0,1759.0,1759.0,1759.0,1759.0,1759.0,1759.0,1759.0,1759.0,1759.0,1759.0,1759.0,1759.0,1759.0,1759.0,1759.0,1759.0,1759.0,1759.0,1759.0,1759.0,1759.0,1759.0,1759.0,1759.0,1759.0,9.0,0.9,0.9832082859,-0.00365716,18.44098483777089,2.2833241063,0.3773527443,0.3773527443,2.2663621489
1760,1760,1760.0,1760.0,1760.0,1760.0,1760.0,1760.0,1760.0,1760.0,1760.0,1760.0,1760.0,1760.0,1760.0,1760.0,1760.0,1760.0,1760.0,1760.0,1760.0,1760.0,1760.0,1760.0,1760.0,1760.0,1760.0,1760.0,1760.0,1760.0,1760.0,1760.0,1760.0,1760.0,1760.0,1760.0,1760.0,1760.0,1760.0,1760.0,1760.0,1760.0,0.0,0.0,0.0,-1.0,1.4447243904137397,0.0,0.0795175102,7.0499052802,-2.5
1761,1761,1761.0,1761.0,1761.0,1761.0,1761.0,1761.0,1761.0,1761.0,1761.0,1761.0,1761.0,1761.0,1761.0,1761.0,1761.0,1761.0,1761.0,1761.0,1761.0,1761.0,1761.0,1761.0,1761.0,1761.0,1761.0,1761.0,1761.0,1761.0,1761.0,1761.0,1761.0,1761.0,1761.0,1761.0,1761.0,1761.0,1761.0,1761.0,1761.0,1761.0,1.0,0.1,-0.0881738467,-0.7673537143,8.7577596397076,0.0795175102,0.0558366932999999,6.97038777,-1.5473537143000002
1762,1762,1762.0,1762.0,1762.0,1762.0,1762.0,1762.0,1762.0,1762.0,1762.0,1762.0,1762.0,1762.0,1762.0,1762.0,1762.0,1762.0,1762.0,1762.0,1762.0,1762.0,1762.0,1762.0,1762.0,1762.0,1762.0,1762.0,1762.0,1762.0,1762.0,1762.0,1762.0,1762.0,1762.0,1762.0,1762.0,1762.0,1762.0,1762.0,1762.0,1762.0,2.0,0.2,-0.1188322663,0.1390806693,-18.155407354901723,0.1353542035,0.2477558677,6.9145510767000005,-0.0809193307
1763,1763,1763.0,1763.0,1763.0,1763.0,1763.0,1763.0,1763.0,1763.0,1763.0,1763.0,1763.0,1763.0,1763.0,1763.0,1763.0,1763.0,1763.0,1763.0,1763.0,1763.0,1763.0,1763.0,1763.0,1763.0,1763.0,1763.0,1763.0,1763.0,1763.0,1763.0,1763.0,1763.0,1763.0,1763.0,1763.0,1763.0,1763.0,1763.0,1763.0,1763.0,3.0,0.3,-0.193422288,-1.6018700445,-7.335746769001442,0.3831100712,0.3908386623,6.666795209,-1.4218700445
1764,1764,1764.0,1764.0,1764.0,1764.0,1764.0,1764.0,1764.0,1764.0,1764.0,1764.0,1764.0,1764.0,1764.0,1764.0,1764.0,1764.0,1764.0,1764.0,1764.0,1764.0,1764.0,1764.0,1764.0,1764.0,1764.0,1764.0,1764.0,1764.0,1764.0,1764.0,1764.0,1764.0,1764.0,1764.0,1764.0,1764.0,1764.0,1764.0,1764.0,1764.0,4.0,0.4,-0.3813462957,-2.1475207137,-17.853027679169216,0.7739487335,1.0503490467,6.2759565467,-1.7275207137000002
1765,1765,1765.0,1765.0,1765.0,1765.0,1765.0,1765.0,1765.0,1765.0,1765.0,1765.0,1765.0,1765.0,1765.0,1765.0,1765.0,1765.0,1765.0,1765.0,1765.0,1765.0,1765.0,1765.0,1765.0,1765.0,1765.0,1765.0,1765.0,1765.0,1765.0,1765.0,1765.0,1765.0,1765.0,1765.0,1765.0,1765.0,1765.0,1765.0,1765.0,1765.0,5.0,0.5,-0.6720724561,-3.6420973212,-8.063621301274218,1.8242977802,1.5962845693,5.2256075,-3.1420973212
1766,1766,1766.0,1766.0,1766.0,1766.0,1766.0,1766.0,1766.0,1766.0,1766.0,1766.0,1766.0,1766.0,1766.0,1766.0,1766.0,1766.0,1766.0,1766.0,1766.0,1766.0,1766.0,1766.0,1766.0,1766.0,1766.0,1766.0,1766.0,1766.0,1766.0,1766.0,1766.0,1766.0,1766.0,1766.0,1766.0,1766.0,1766.0,1766.0,1766.0,1766.0,6.0,0.6,-1.0576713293,-4.0628605781,2.1861898333107,3.4205823495,1.5771133574,3.6293229307,-3.6428605781
1767,1767,1767.0,1767.0,1767.0,1767.0,1767.0,1767.0,1767.0,1767.0,1767.0,1767.0,1767.0,1767.0,1767.0,1767.0,1767.0,1767.0,1767.0,1767.0,1767.0,1767.0,1767.0,1767.0,1767.0,1767.0,1767.0,1767.0,1767.0,1767.0,1767.0,1767.0,1767.0,1767.0,1767.0,1767.0,1767.0,1767.0,1767.0,1767.0,1767.0,1767.0,7.0,0.7,-1.4337280988,-3.4681848253,12.382089728179146,4.9976957069,1.0760852773999998,2.0522095733,-3.2881848253
1768,1768,1768.0,1768.0,1768.0,1768.0,1768.0,1768.0,1768.0,1768.0,1768.0,1768.0,1768.0,1768.0,1768.0,1768.0,1768.0,1768.0,1768.0,1768.0,1768.0,1768.0,1768.0,1768.0,1768.0,1768.0,1768.0,1768.0,1768.0,1768.0,1768.0,1768.0,1768.0,1768.0,1768.0,1768.0,1768.0,1768.0,1768.0,1768.0,1768.0,1768.0,8.0,0.8,-1.7038724159,-1.9598315353,10.215659731792789,6.0737809843,0.5690185746000003,0.9761242959,-2.1798315353
1769,1769,1769.0,1769.0,1769.0,1769.0,1769.0,1769.0,1769.0,1769.0,1769.0,1769.0,1769.0,1769.0,1769.0,1769.0,1769.0,1769.0,1769.0,1769.0,1769.0,1769.0,1769.0,1769.0,1769.0,1769.0,1769.0,1769.0,1769.0,1769.0,1769.0,1769.0,1769.0,1769.0,1769.0,1769.0,1769.0,1769.0,1769.0,1769.0,1769.0,1769.0,9.0,0.9,-1.8409575892,-0.8011803889,0.6031128664878551,6.6427995589,0.4071057212999998,0.4071057212999998,-1.5811803889000002
1770,1770,1770.0,1770.0,1770.0,1770.0,1770.0,1770.0,1770.0,1770.0,1770.0,1770.0,1770.0,1770.0,1770.0,1770.0,1770.0,1770.0,1770.0,1770.0,1770.0,1770.0,1770.0,1770.0,1770.0,1770.0,1770.0,1770.0,1770.0,1770.0,1770.0,1770.0,1770.0,1770.0,1770.0,1770.0,1770.0,1770.0,1770.0,1770.0,1770.0,1770.0,0.0,0.0,0.0,-1.0,-2.706084996614329,0.0,0.121444517,2.6608707426,-2.5
1771,1771,1771.0,1771.0,1771.0,1771.0,1771.0,1771.0,1771.0,1771.0,1771.0,1771.0,1771.0,1771.0,1771.0,1771.0,1771.0,1771.0,1771.0,1771.0,1771.0,1771.0,1771.0,1771.0,1771.0,1771.0,1771.0,1771.0,1771.0,1771.0,1771.0,1771.0,1771.0,1771.0,1771.0,1771.0,1771.0,1771.0,1771.0,1771.0,1771.0,1771.0,1.0,0.1,-0.1082530777,-1.162355422,5.060088631320326,0.121444517,0.0924199363999999,2.5394262256,-1.9423554220000003
1772,1772,1772.0,1772.0,1772.0,1772.0,1772.0,1772.0,1772.0,1772.0,1772.0,1772.0,1772.0,1772.0,1772.0,1772.0,1772.0,1772.0,1772.0,1772.0,1772.0,1772.0,1772.0,1772.0,1772.0,1772.0,1772.0,1772.0,1772.0,1772.0,1772.0,1772.0,1772.0,1772.0,1772.0,1772.0,1772.0,1772.0,1772.0,1772.0,1772.0,1772.0,2.0,0.2,-0.1943880589,-0.5702115776,-14.712025247981336,0.2138644534,0.2868229106,2.4470062892,-0.7902115775999999
1773,1773,1773.0,1773.0,1773.0,1773.0,1773.0,1773.0,1773.0,1773.0,1773.0,1773.0,1773.0,1773.0,1773.0,1773.0,1773.0,1773.0,1773.0,1773.0,1773.0,1773.0,1773.0,1773.0,1773.0,1773.0,1773.0,1773.0,1773.0,1773.0,1773.0,1773.0,1773.0,1773.0,1773.0,1773.0,1773.0,1773.0,1773.0,1773.0,1773.0,1773.0,3.0,0.3,-0.3198190464,-1.9159831149,-6.899743929029697,0.500687364,0.509315816,2.1601833786,-1.7359831149
1774,1774,1774.0,1774.0,1774.0,1774.0,1774.0,1774.0,1774.0,1774.0,1774.0,1774.0,1774.0,1774.0,1774.0,1774.0,1774.0,1774.0,1774.0,1774.0,1774.0,1774.0,1774.0,1774.0,1774.0,1774.0,1774.0,1774.0,1774.0,1774.0,1774.0,1774.0,1774.0,1774.0,1774.0,1774.0,1774.0,1774.0,1774.0,1774.0,1774.0,1774.0,4.0,0.4,-0.5355257069,-2.3902508473,1.6997681905713191,1.01000318,0.525815841,1.6508675625999998,-1.9702508473
1775,1775,1775.0,1775.0,1775.0,1775.0,1775.0,1775.0,1775.0,1775.0,1775.0,1775.0,1775.0,1775.0,1775.0,1775.0,1775.0,1775.0,1775.0,1775.0,1775.0,1775.0,1775.0,1775.0,1775.0,1775.0,1775.0,1775.0,1775.0,1775.0,1775.0,1775.0,1775.0,1775.0,1775.0,1775.0,1775.0,1775.0,1775.0,1775.0,1775.0,1775.0,5.0,0.5,-0.7547660569,-2.0010336782,1.1593021418672933,1.535819021,0.4154712932,1.1250517215999998,-1.5010336782000002
1776,1776,1776.0,1776.0,1776.0,1776.0,1776.0,1776.0,1776.0,1776.0,1776.0,1776.0,1776.0,1776.0,1776.0,1776.0,1776.0,1776.0,1776.0,1776.0,1776.0,1776.0,1776.0,1776.0,1776.0,1776.0,1776.0,1776.0,1776.0,1776.0,1776.0,1776.0,1776.0,1776.0,1776.0,1776.0,1776.0,1776.0,1776.0,1776.0,1776.0,1776.0,6.0,0.6,-0.9395815218,-1.7002879992,9.129405345965512,1.9512903142,0.2904338404,0.7095804283999998,-1.2802879992
1777,1777,1777.0,1777.0,1777.0,1777.0,1777.0,1777.0,1777.0,1777.0,1777.0,1777.0,1777.0,1777.0,1777.0,1777.0,1777.0,1777.0,1777.0,1777.0,1777.0,1777.0,1777.0,1777.0,1777.0,1777.0,1777.0,1777.0,1777.0,1777.0,1777.0,1777.0,1777.0,1777.0,1777.0,1777.0,1777.0,1777.0,1777.0,1777.0,1777.0,1777.0,7.0,0.7,-1.0572225805,-0.6697064059,7.081371829238176,2.2417241546,0.1545297909999998,0.4191465879999998,-0.4897064058999998
1778,1778,1778.0,1778.0,1778.0,1778.0,1778.0,1778.0,1778.0,1778.0,1778.0,1778.0,1778.0,1778.0,1778.0,1778.0,1778.0,1778.0,1778.0,1778.0,1778.0,1778.0,1778.0,1778.0,1778.0,1778.0,1778.0,1778.0,1778.0,1778.0,1778.0,1778.0,1778.0,1778.0,1778.0,1778.0,1778.0,1778.0,1778.0,1778.0,1778.0,1778.0,8.0,0.8,-1.0866979699,0.0679061665,3.792293326308357,2.3962539456,0.1304423084000001,0.2646167969999999,-0.1520938335000001
1779,1779,1779.0,1779.0,1779.0,1779.0,1779.0,1779.0,1779.0,1779.0,1779.0,1779.0,1779.0,1779.0,1779.0,1779.0,1779.0,1779.0,1779.0,1779.0,1779.0,1779.0,1779.0,1779.0,1779.0,1779.0,1779.0,1779.0,1779.0,1779.0,1779.0,1779.0,1779.0,1779.0,1779.0,1779.0,1779.0,1779.0,1779.0,1779.0,1779.0,1779.0,9.0,0.9,-1.0618909191,0.4223284483,-6.203394764953671,2.526696254,0.1341744885999998,0.1341744885999998,-0.3576715517000002
1780,1780,1780.0,1780.0,1780.0,1780.0,1780.0,1780.0,1780.0,1780.0,1780.0,1780.0,1780.0,1780.0,1780.0,1780.0,1780.0,1780.0,1780.0,1780.0,1780.0,1780.0,1780.0,1780.0,1780.0,1780.0,1780.0,1780.0,1780.0,1780.0,1780.0,1780.0,1780.0,1780.0,1780.0,1780.0,1780.0,1780.0,1780.0,1780.0,1780.0,1780.0,0.0,0.0,0.0,-1.0,-5.08148044717592,0.0,0.1579940328,13.0691483034,-2.5
1781,1781,1781.0,1781.0,1781.0,1781.0,1781.0,1781.0,1781.0,1781.0,1781.0,1781.0,1781.0,1781.0,1781.0,1781.0,1781.0,1781.0,1781.0,1781.0,1781.0,1781.0,1781.0,1781.0,1781.0,1781.0,1781.0,1781.0,1781.0,1781.0,1781.0,1781.0,1781.0,1781.0,1781.0,1781.0,1781.0,1781.0,1781.0,1781.0,1781.0,1781.0,1.0,0.1,-0.1197438321,-1.3884042126,-1.7643662298617642,0.1579940328,0.2031835618,12.9111542706,-2.1684042126000005
1782,1782,1782.0,1782.0,1782.0,1782.0,1782.0,1782.0,1782.0,1782.0,1782.0,1782.0,1782.0,1782.0,1782.0,1782.0,1782.0,1782.0,1782.0,1782.0,1782.0,1782.0,1782.0,1782.0,1782.0,1782.0,1782.0,1782.0,1782.0,1782.0,1782.0,1782.0,1782.0,1782.0,1782.0,1782.0,1782.0,1782.0,1782.0,1782.0,1782.0,1782.0,2.0,0.2,-0.2604029359,-1.4241817318,-9.701191427364453,0.3611775946,0.3973191472,12.7079707088,-1.6441817318
1783,1783,1783.0,1783.0,1783.0,1783.0,1783.0,1783.0,1783.0,1783.0,1783.0,1783.0,1783.0,1783.0,1783.0,1783.0,1783.0,1783.0,1783.0,1783.0,1783.0,1783.0,1783.0,1783.0,1783.0,1783.0,1783.0,1783.0,1783.0,1783.0,1783.0,1783.0,1783.0,1783.0,1783.0,1783.0,1783.0,1783.0,1783.0,1783.0,1783.0,1783.0,3.0,0.3,-0.4428604665,-2.211843344,-17.538511507076056,0.7584967418,1.0778804225999998,12.310651561600002,-2.0318433440000003
1784,1784,1784.0,1784.0,1784.0,1784.0,1784.0,1784.0,1784.0,1784.0,1784.0,1784.0,1784.0,1784.0,1784.0,1784.0,1784.0,1784.0,1784.0,1784.0,1784.0,1784.0,1784.0,1784.0,1784.0,1784.0,1784.0,1784.0,1784.0,1784.0,1784.0,1784.0,1784.0,1784.0,1784.0,1784.0,1784.0,1784.0,1784.0,1784.0,1784.0,1784.0,4.0,0.4,-0.7381862881,-3.670368673,-3.4125339327024022,1.8363771644,1.4298392029000002,11.232771139000002,-3.250368673
1785,1785,1785.0,1785.0,1785.0,1785.0,1785.0,1785.0,1785.0,1785.0,1785.0,1785.0,1785.0,1785.0,1785.0,1785.0,1785.0,1785.0,1785.0,1785.0,1785.0,1785.0,1785.0,1785.0,1785.0,1785.0,1785.0,1785.0,1785.0,1785.0,1785.0,1785.0,1785.0,1785.0,1785.0,1785.0,1785.0,1785.0,1785.0,1785.0,1785.0,1785.0,5.0,0.5,-1.1039758794,-3.6458324751,5.547271171553092,3.2662163673,1.2089567133,9.802931936100002,-3.1458324751
1786,1786,1786.0,1786.0,1786.0,1786.0,1786.0,1786.0,1786.0,1786.0,1786.0,1786.0,1786.0,1786.0,1786.0,1786.0,1786.0,1786.0,1786.0,1786.0,1786.0,1786.0,1786.0,1786.0,1786.0,1786.0,1786.0,1786.0,1786.0,1786.0,1786.0,1786.0,1786.0,1786.0,1786.0,1786.0,1786.0,1786.0,1786.0,1786.0,1786.0,1786.0,6.0,0.6,-1.4240882027,-2.7709930345,-4.034758404450658,4.4751730806,1.0558707310999995,8.593975222800001,-2.3509930345
1787,1787,1787.0,1787.0,1787.0,1787.0,1787.0,1787.0,1787.0,1787.0,1787.0,1787.0,1787.0,1787.0,1787.0,1787.0,1787.0,1787.0,1787.0,1787.0,1787.0,1787.0,1787.0,1787.0,1787.0,1787.0,1787.0,1787.0,1787.0,1787.0,1787.0,1787.0,1787.0,1787.0,1787.0,1787.0,1787.0,1787.0,1787.0,1787.0,1787.0,1787.0,7.0,0.7,-1.7072993379,-2.8912577398,-14.65867978797711,5.5310438117,1.6664494376,7.5381044917,-2.7112577398
1788,1788,1788.0,1788.0,1788.0,1788.0,1788.0,1788.0,1788.0,1788.0,1788.0,1788.0,1788.0,1788.0,1788.0,1788.0,1788.0,1788.0,1788.0,1788.0,1788.0,1788.0,1788.0,1788.0,1788.0,1788.0,1788.0,1788.0,1788.0,1788.0,1788.0,1788.0,1788.0,1788.0,1788.0,1788.0,1788.0,1788.0,1788.0,1788.0,1788.0,1788.0,8.0,0.8,-2.0533490643,-4.0110759922,-9.289113505976443,7.1974932493,2.378862862300001,5.8716550541000005,-4.231075992200001
1789,1789,1789.0,1789.0,1789.0,1789.0,1789.0,1789.0,1789.0,1789.0,1789.0,1789.0,1789.0,1789.0,1789.0,1789.0,1789.0,1789.0,1789.0,1789.0,1789.0,1789.0,1789.0,1789.0,1789.0,1789.0,1789.0,1789.0,1789.0,1789.0,1789.0,1789.0,1789.0,1789.0,1789.0,1789.0,1789.0,1789.0,1789.0,1789.0,1789.0,1789.0,9.0,0.9,-2.4799888109,-4.5133475962,-16.601466122948242,9.5763561116,3.4927921918,3.4927921918,-5.2933475962
1790,1790,1790.0,1790.0,1790.0,1790.0,1790.0,1790.0,1790.0,1790.0,1790.0,1790.0,1790.0,1790.0,1790.0,1790.0,1790.0,1790.0,1790.0,1790.0,1790.0,1790.0,1790.0,1790.0,1790.0,1790.0,1790.0,1790.0,1790.0,1790.0,1790.0,1790.0,1790.0,1790.0,1790.0,1790.0,1790.0,1790.0,1790.0,1790.0,1790.0,1790.0,0.0,0.0,0.0,-1.0,12.12658227645661,0.0,0.0999470069,6.276147832600001,3.847996738
1791,1791,1791.0,1791.0,1791.0,1791.0,1791.0,1791.0,1791.0,1791.0,1791.0,1791.0,1791.0,1791.0,1791.0,1791.0,1791.0,1791.0,1791.0,1791.0,1791.0,1791.0,1791.0,1791.0,1791.0,1791.0,1791.0,1791.0,1791.0,1791.0,1791.0,1791.0,1791.0,1791.0,1791.0,1791.0,1791.0,1791.0,1791.0,1791.0,1791.0,1791.0,1.0,0.1,-0.0365012346,0.2491594623,1.8000718009990957,0.0999470069,0.0123664643999999,6.176200825700001,3.847996738
1792,1792,1792.0,1792.0,1792.0,1792.0,1792.0,1792.0,1792.0,1792.0,1792.0,1792.0,1792.0,1792.0,1792.0,1792.0,1792.0,1792.0,1792.0,1792.0,1792.0,1792.0,1792.0,1792.0,1792.0,1792.0,1792.0,1792.0,1792.0,1792.0,1792.0,1792.0,1792.0,1792.0,1792.0,1792.0,1792.0,1792.0,1792.0,1792.0,1792.0,1792.0,2.0,0.2,-0.0040829546,0.3967483624,-5.9026648985449945,0.1123134713,0.0212660305,6.163834361300001,3.847996738
1793,1793,1793.0,1793.0,1793.0,1793.0,1793.0,1793.0,1793.0,1793.0,1793.0,1793.0,1793.0,1793.0,1793.0,1793.0,1793.0,1793.0,1793.0,1793.0,1793.0,1793.0,1793.0,1793.0,1793.0,1793.0,1793.0,1793.0,1793.0,1793.0,1793.0,1793.0,1793.0,1793.0,1793.0,1793.0,1793.0,1793.0,1793.0,1793.0,1793.0,1793.0,3.0,0.3,0.0051189881,-0.2027200702,10.117078033590996,0.1335795018,0.068027247,6.142568330800001,3.847996738
1794,1794,1794.0,1794.0,1794.0,1794.0,1794.0,1794.0,1794.0,1794.0,1794.0,1794.0,1794.0,1794.0,1794.0,1794.0,1794.0,1794.0,1794.0,1794.0,1794.0,1794.0,1794.0,1794.0,1794.0,1794.0,1794.0,1794.0,1794.0,1794.0,1794.0,1794.0,1794.0,1794.0,1794.0,1794.0,1794.0,1794.0,1794.0,1794.0,1794.0,1794.0,4.0,0.4,0.0347681405,0.7793385807,18.183423624989903,0.2016067488,0.4522832468,6.074541083800002,3.847996738
1795,1795,1795.0,1795.0,1795.0,1795.0,1795.0,1795.0,1795.0,1795.0,1795.0,1795.0,1795.0,1795.0,1795.0,1795.0,1795.0,1795.0,1795.0,1795.0,1795.0,1795.0,1795.0,1795.0,1795.0,1795.0,1795.0,1795.0,1795.0,1795.0,1795.0,1795.0,1795.0,1795.0,1795.0,1795.0,1795.0,1795.0,1795.0,1795.0,1795.0,1795.0,5.0,0.5,0.1968928069,2.4355562769,11.475570067234344,0.6538899956,0.9091455982,5.622257837000001,3.847996738
1796,1796,1796.0,1796.0,1796.0,1796.0,1796.0,1796.0,1796.0,1796.0,1796.0,1796.0,1796.0,1796.0,1796.0,1796.0,1796.0,1796.0,1796.0,1796.0,1796.0,1796.0,1796.0,1796.0,1796.0,1796.0,1796.0,1796.0,1796.0,1796.0,1796.0,1796.0,1796.0,1796.0,1796.0,1796.0,1796.0,1796.0,1796.0,1796.0,1796.0,1796.0,6.0,0.6,0.484178748,3.2958273425,-6.15862667387384,1.5630355938,0.8722195857999999,4.713112238800001,3.847996738
1797,1797,1797.0,1797.0,1797.0,1797.0,1797.0,1797.0,1797.0,1797.0,1797.0,1797.0,1797.0,1797.0,1797.0,1797.0,1797.0,1797.0,1797.0,1797.0,1797.0,1797.0,1797.0,1797.0,1797.0,1797.0,1797.0,1797.0,1797.0,1797.0,1797.0,1797.0,1797.0,1797.0,1797.0,1797.0,1797.0,1797.0,1797.0,1797.0,1797.0,1797.0,7.0,0.7,0.7680263339,2.3961170892,19.96478316552667,2.4352551796,1.3610896385000002,3.840892653000001,3.847996738
1798,1798,1798.0,1798.0,1798.0,1798.0,1798.0,1798.0,1798.0,1798.0,1798.0,1798.0,1798.0,1798.0,1798.0,1798.0,1798.0,1798.0,1798.0,1798.0,1798.0,1798.0,1798.0,1798.0,1798.0,1798.0,1798.0,1798.0,1798.0,1798.0,1798.0,1798.0,1798.0,1798.0,1798.0,1798.0,1798.0,1798.0,1798.0,1798.0,1798.0,1798.0,8.0,0.8,1.0926250017,4.067996738,-11.693018573364364,3.7963448181,1.3420871467999995,2.4798030145000003,3.847996738
1799,1799,1799.0,1799.0,1799.0,1799.0,1799.0,1799.0,1799.0,1799.0,1799.0,1799.0,1799.0,1799.0,1799.0,1799.0,1799.0,1799.0,1799.0,1799.0,1799.0,1799.0,1799.0,1799.0,1799.0,1799.0,1799.0,1799.0,1799.0,1799.0,1799.0,1799.0,1799.0,1799.0,1799.0,1799.0,1799.0,1799.0,1799.0,1799.0,1799.0,1799.0,9.0,0.9,1.4231820772,2.5681378051,9.525504454438462,5.1384319649,1.1377158677000008,1.1377158677000008,3.847996738
1800,1800,1800.0,1800.0,1800.0,1800.0,1800.0,1800.0,1800.0,1800.0,1800.0,1800.0,1800.0,1800.0,1800.0,1800.0,1800.0,1800.0,1800.0,1800.0,1800.0,1800.0,1800.0,1800.0,1800.0,1800.0,1800.0,1800.0,1800.0,1800.0,1800.0,1800.0,1800.0,1800.0,1800.0,1800.0,1800.0,1800.0,1800.0,1800.0,1800.0,1800.0,0.0,0.0,0.0,-1.0,2.665587954494121,0.0,0.0724972807,3.2981731516999995,-2.5
1801,1801,1801.0,1801.0,1801.0,1801.0,1801.0,1801.0,1801.0,1801.0,1801.0,1801.0,1801.0,1801.0,1801.0,1801.0,1801.0,1801.0,1801.0,1801.0,1801.0,1801.0,1801.0,1801.0,1801.0,1801.0,1801.0,1801.0,1801.0,1801.0,1801.0,1801.0,1801.0,1801.0,1801.0,1801.0,1801.0,1801.0,1801.0,1801.0,1801.0,1801.0,1.0,0.1,-0.0822680205,-0.651173184,5.571697696599042,0.0724972807,0.0318111825,3.2256758709999995,-1.4311731840000004
1802,1802,1802.0,1802.0,1802.0,1802.0,1802.0,1802.0,1802.0,1802.0,1802.0,1802.0,1802.0,1802.0,1802.0,1802.0,1802.0,1802.0,1802.0,1802.0,1802.0,1802.0,1802.0,1802.0,1802.0,1802.0,1802.0,1802.0,1802.0,1802.0,1802.0,1802.0,1802.0,1802.0,1802.0,1802.0,1802.0,1802.0,1802.0,1802.0,1802.0,1802.0,2.0,0.2,-0.1172827149,-0.05898872,-16.84955953074067,0.1043084632,0.2413716324,3.1938646885,-0.2789887199999999
1803,1803,1803.0,1803.0,1803.0,1803.0,1803.0,1803.0,1803.0,1803.0,1803.0,1803.0,1803.0,1803.0,1803.0,1803.0,1803.0,1803.0,1803.0,1803.0,1803.0,1803.0,1803.0,1803.0,1803.0,1803.0,1803.0,1803.0,1803.0,1803.0,1803.0,1803.0,1803.0,1803.0,1803.0,1803.0,1803.0,1803.0,1803.0,1803.0,1803.0,1803.0,3.0,0.3,-0.2044045993,-1.6568227887,-7.533313162162756,0.3456800956,0.4168898369,2.9524930561,-1.4768227887
1804,1804,1804.0,1804.0,1804.0,1804.0,1804.0,1804.0,1804.0,1804.0,1804.0,1804.0,1804.0,1804.0,1804.0,1804.0,1804.0,1804.0,1804.0,1804.0,1804.0,1804.0,1804.0,1804.0,1804.0,1804.0,1804.0,1804.0,1804.0,1804.0,1804.0,1804.0,1804.0,1804.0,1804.0,1804.0,1804.0,1804.0,1804.0,1804.0,1804.0,1804.0,4.0,0.4,-0.398513846,-2.2160448582,7.026101107096828,0.7625699325,0.3687447255999999,2.5356032192,-1.7960448582
1805,1805,1805.0,1805.0,1805.0,1805.0,1805.0,1805.0,1805.0,1805.0,1805.0,1805.0,1805.0,1805.0,1805.0,1805.0,1805.0,1805.0,1805.0,1805.0,1805.0,1805.0,1805.0,1805.0,1805.0,1805.0,1805.0,1805.0,1805.0,1805.0,1805.0,1805.0,1805.0,1805.0,1805.0,1805.0,1805.0,1805.0,1805.0,1805.0,1805.0,1805.0,5.0,0.5,-0.575410213,-1.3365383805,-12.233858895893691,1.1313146581,0.4749716765,2.1668584936,-0.8365383805
1806,1806,1806.0,1806.0,1806.0,1806.0,1806.0,1806.0,1806.0,1806.0,1806.0,1806.0,1806.0,1806.0,1806.0,1806.0,1806.0,1806.0,1806.0,1806.0,1806.0,1806.0,1806.0,1806.0,1806.0,1806.0,1806.0,1806.0,1806.0,1806.0,1806.0,1806.0,1806.0,1806.0,1806.0,1806.0,1806.0,1806.0,1806.0,1806.0,1806.0,1806.0,6.0,0.6,-0.761778944,-2.373555539,0.1035153948665943,1.6062863346,0.5856328494,1.6918868171,-1.953555539
1807,1807,1807.0,1807.0,1807.0,1807.0,1807.0,1807.0,1807.0,1807.0,1807.0,1807.0,1807.0,1807.0,1807.0,1807.0,1807.0,1807.0,1807.0,1807.0,1807.0,1807.0,1807.0,1807.0,1807.0,1807.0,1807.0,1807.0,1807.0,1807.0,1807.0,1807.0,1807.0,1807.0,1807.0,1807.0,1807.0,1807.0,1807.0,1807.0,1807.0,1807.0,7.0,0.7,-0.9871518476,-2.137831096,17.07290921493383,2.191919184,0.4327227872999999,1.1062539676999998,-1.957831096
1808,1808,1808.0,1808.0,1808.0,1808.0,1808.0,1808.0,1808.0,1808.0,1808.0,1808.0,1808.0,1808.0,1808.0,1808.0,1808.0,1808.0,1808.0,1808.0,1808.0,1808.0,1808.0,1808.0,1808.0,1808.0,1808.0,1808.0,1808.0,1808.0,1808.0,1808.0,1808.0,1808.0,1808.0,1808.0,1808.0,1808.0,1808.0,1808.0,1808.0,1808.0,8.0,0.8,-1.1080045907,-0.3096874314,-11.695738662030578,2.6246419713,0.2826988871,0.6735311803999999,-0.5296874314000002
1809,1809,1809.0,1809.0,1809.0,1809.0,1809.0,1809.0,1809.0,1809.0,1809.0,1809.0,1809.0,1809.0,1809.0,1809.0,1809.0,1809.0,1809.0,1809.0,1809.0,1809.0,1809.0,1809.0,1809.0,1809.0,1809.0,1809.0,1809.0,1809.0,1809.0,1809.0,1809.0,1809.0,1809.0,1809.0,1809.0,1809.0,1809.0,1809.0,1809.0,1809.0,9.0,0.9,-1.1940524301,-1.3932134581,-3.504175048467157,2.9073408584,0.3908322932999999,0.3908322932999999,-2.1732134581
1810,1810,1810.0,1810.0,1810.0,1810.0,1810.0,1810.0,1810.0,1810.0,1810.0,1810.0,1810.0,1810.0,1810.0,1810.0,1810.0,1810.0,1810.0,1810.0,1810.0,1810.0,1810.0,1810.0,1810.0,1810.0,1810.0,1810.0,1810.0,1810.0,1810.0,1810.0,1810.0,1810.0,1810.0,1810.0,1810.0,1810.0,1810.0,1810.0,1810.0,1810.0,0.0,0.0,0.0,-1.0,-4.430441114915338,0.0,0.1470674435,6.367755402500001,-2.5
1811,1811,1811.0,1811.0,1811.0,1811.0,1811.0,1811.0,1811.0,1811.0,1811.0,1811.0,1811.0,1811.0,1811.0,1811.0,1811.0,1811.0,1811.0,1811.0,1811.0,1811.0,1811.0,1811.0,1811.0,1811.0,1811.0,1811.0,1811.0,1811.0,1811.0,1811.0,1811.0,1811.0,1811.0,1811.0,1811.0,1811.0,1811.0,1811.0,1811.0,1811.0,1.0,0.1,-0.1165944822,-1.3264496293,-11.307113870827878,0.1470674435,0.4030236849999999,6.220687959000001,-2.1064496293
1812,1812,1812.0,1812.0,1812.0,1812.0,1812.0,1812.0,1812.0,1812.0,1812.0,1812.0,1812.0,1812.0,1812.0,1812.0,1812.0,1812.0,1812.0,1812.0,1812.0,1812.0,1812.0,1812.0,1812.0,1812.0,1812.0,1812.0,1812.0,1812.0,1812.0,1812.0,1812.0,1812.0,1812.0,1812.0,1812.0,1812.0,1812.0,1812.0,1812.0,1812.0,2.0,0.2,-0.2975200439,-2.2762354547,-6.699055036324641,0.5500911285,0.6620505226000001,5.817664274000001,-2.4962354547
1813,1813,1813.0,1813.0,1813.0,1813.0,1813.0,1813.0,1813.0,1813.0,1813.0,1813.0,1813.0,1813.0,1813.0,1813.0,1813.0,1813.0,1813.0,1813.0,1813.0,1813.0,1813.0,1813.0,1813.0,1813.0,1813.0,1813.0,1813.0,1813.0,1813.0,1813.0,1813.0,1813.0,1813.0,1813.0,1813.0,1813.0,1813.0,1813.0,1813.0,1813.0,3.0,0.3,-0.5465386321,-2.6971223701,9.73027237416352,1.2121416511,0.5423796600999999,5.155613751400001,-2.5171223701
1814,1814,1814.0,1814.0,1814.0,1814.0,1814.0,1814.0,1814.0,1814.0,1814.0,1814.0,1814.0,1814.0,1814.0,1814.0,1814.0,1814.0,1814.0,1814.0,1814.0,1814.0,1814.0,1814.0,1814.0,1814.0,1814.0,1814.0,1814.0,1814.0,1814.0,1814.0,1814.0,1814.0,1814.0,1814.0,1814.0,1814.0,1814.0,1814.0,1814.0,1814.0,4.0,0.4,-0.7561343779,-1.5144993869,-16.209135098636832,1.7545213112,0.7165215265000002,4.613234091300001,-1.0944993869
1815,1815,1815.0,1815.0,1815.0,1815.0,1815.0,1815.0,1815.0,1815.0,1815.0,1815.0,1815.0,1815.0,1815.0,1815.0,1815.0,1815.0,1815.0,1815.0,1815.0,1815.0,1815.0,1815.0,1815.0,1815.0,1815.0,1815.0,1815.0,1815.0,1815.0,1815.0,1815.0,1815.0,1815.0,1815.0,1815.0,1815.0,1815.0,1815.0,1815.0,1815.0,5.0,0.5,-0.9786684156,-2.912878859,-7.539295874986491,2.4710428377,1.1428475655,3.8967125648,-2.412878859
1816,1816,1816.0,1816.0,1816.0,1816.0,1816.0,1816.0,1816.0,1816.0,1816.0,1816.0,1816.0,1816.0,1816.0,1816.0,1816.0,1816.0,1816.0,1816.0,1816.0,1816.0,1816.0,1816.0,1816.0,1816.0,1816.0,1816.0,1816.0,1816.0,1816.0,1816.0,1816.0,1816.0,1816.0,1816.0,1816.0,1816.0,1816.0,1816.0,1816.0,1816.0,6.0,0.6,-1.2923350346,-3.3531418276,6.484585735934427,3.6138904032,1.0653967123,2.7538649993,-2.9331418276
1817,1817,1817.0,1817.0,1817.0,1817.0,1817.0,1817.0,1817.0,1817.0,1817.0,1817.0,1817.0,1817.0,1817.0,1817.0,1817.0,1817.0,1817.0,1817.0,1817.0,1817.0,1817.0,1817.0,1817.0,1817.0,1817.0,1817.0,1817.0,1817.0,1817.0,1817.0,1817.0,1817.0,1817.0,1817.0,1817.0,1817.0,1817.0,1817.0,1817.0,1817.0,7.0,0.7,-1.5800603283,-2.4169579603,9.399095918686772,4.6792871155,0.6783501031999997,1.688468287,-2.2369579603
1818,1818,1818.0,1818.0,1818.0,1818.0,1818.0,1818.0,1818.0,1818.0,1818.0,1818.0,1818.0,1818.0,1818.0,1818.0,1818.0,1818.0,1818.0,1818.0,1818.0,1818.0,1818.0,1818.0,1818.0,1818.0,1818.0,1818.0,1818.0,1818.0,1818.0,1818.0,1818.0,1818.0,1818.0,1818.0,1818.0,1818.0,1818.0,1818.0,1818.0,1818.0,8.0,0.8,-1.7645972799,-1.2925114167,14.844164176096337,5.3576372187,0.4811399816000001,1.0101181838000004,-1.5125114167000002
1819,1819,1819.0,1819.0,1819.0,1819.0,1819.0,1819.0,1819.0,1819.0,1819.0,1819.0,1819.0,1819.0,1819.0,1819.0,1819.0,1819.0,1819.0,1819.0,1819.0,1819.0,1819.0,1819.0,1819.0,1819.0,1819.0,1819.0,1819.0,1819.0,1819.0,1819.0,1819.0,1819.0,1819.0,1819.0,1819.0,1819.0,1819.0,1819.0,1819.0,1819.0,9.0,0.9,-1.8157888657,0.2430965866,-16.67181264996121,5.8387772003,0.5289782022000002,0.5289782022000002,-0.5369034134000003
1820,1820,1820.0,1820.0,1820.0,1820.0,1820.0,1820.0,1820.0,1820.0,1820.0,1820.0,1820.0,1820.0,1820.0,1820.0,1820.0,1820.0,1820.0,1820.0,1820.0,1820.0,1820.0,1820.0,1820.0,1820.0,1820.0,1820.0,1820.0,1820.0,1820.0,1820.0,1820.0,1820.0,1820.0,1820.0,1820.0,1820.0,1820.0,1820.0,1820.0,1820.0,0.0,0.0,0.0,-1.0,-12.102748550228752,0.0,0.3194649314,23.8422134228,-2.5
1821,1821,1821.0,1821.0,1821.0,1821.0,1821.0,1821.0,1821.0,1821.0,1821.0,1821.0,1821.0,1821.0,1821.0,1821.0,1821.0,1821.0,1821.0,1821.0,1821.0,1821.0,1821.0,1821.0,1821.0,1821.0,1821.0,1821.0,1821.0,1821.0,1821.0,1821.0,1821.0,1821.0,1821.0,1821.0,1821.0,1821.0,1821.0,1821.0,1821.0,1821.0,1.0,0.1,-0.1537086374,-2.0565662176,-6.631578665649055,0.3194649314,0.5498445195,23.5227484914,-2.8365662176
1822,1822,1822.0,1822.0,1822.0,1822.0,1822.0,1822.0,1822.0,1822.0,1822.0,1822.0,1822.0,1822.0,1822.0,1822.0,1822.0,1822.0,1822.0,1822.0,1822.0,1822.0,1822.0,1822.0,1822.0,1822.0,1822.0,1822.0,1822.0,1822.0,1822.0,1822.0,1822.0,1822.0,1822.0,1822.0,1822.0,1822.0,1822.0,1822.0,1822.0,1822.0,2.0,0.2,-0.3814962684,-2.4919364532,-15.682265203035794,0.8693094509,1.1444392256000002,22.9729039719,-2.7119364532
1823,1823,1823.0,1823.0,1823.0,1823.0,1823.0,1823.0,1823.0,1823.0,1823.0,1823.0,1823.0,1823.0,1823.0,1823.0,1823.0,1823.0,1823.0,1823.0,1823.0,1823.0,1823.0,1823.0,1823.0,1823.0,1823.0,1823.0,1823.0,1823.0,1823.0,1823.0,1823.0,1823.0,1823.0,1823.0,1823.0,1823.0,1823.0,1823.0,1823.0,1823.0,3.0,0.3,-0.6944970445,-3.7471621974,-5.644023478502763,2.0137486765,1.5694797485,21.8284647463,-3.5671621974
1824,1824,1824.0,1824.0,1824.0,1824.0,1824.0,1824.0,1824.0,1824.0,1824.0,1824.0,1824.0,1824.0,1824.0,1824.0,1824.0,1824.0,1824.0,1824.0,1824.0,1824.0,1824.0,1824.0,1824.0,1824.0,1824.0,1824.0,1824.0,1824.0,1824.0,1824.0,1824.0,1824.0,1824.0,1824.0,1824.0,1824.0,1824.0,1824.0,1824.0,1824.0,4.0,0.4,-1.078388602,-3.9276729877,-5.805534131345436,3.583228425,1.7965963388,20.2589849978,-3.5076729877
1825,1825,1825.0,1825.0,1825.0,1825.0,1825.0,1825.0,1825.0,1825.0,1825.0,1825.0,1825.0,1825.0,1825.0,1825.0,1825.0,1825.0,1825.0,1825.0,1825.0,1825.0,1825.0,1825.0,1825.0,1825.0,1825.0,1825.0,1825.0,1825.0,1825.0,1825.0,1825.0,1825.0,1825.0,1825.0,1825.0,1825.0,1825.0,1825.0,1825.0,1825.0,5.0,0.5,-1.4802398188,-4.106375184,-2.210018438472524,5.3798247638,1.8988807717,18.462388659,-3.606375184
1826,1826,1826.0,1826.0,1826.0,1826.0,1826.0,1826.0,1826.0,1826.0,1826.0,1826.0,1826.0,1826.0,1826.0,1826.0,1826.0,1826.0,1826.0,1826.0,1826.0,1826.0,1826.0,1826.0,1826.0,1826.0,1826.0,1826.0,1826.0,1826.0,1826.0,1826.0,1826.0,1826.0,1826.0,1826.0,1826.0,1826.0,1826.0,1826.0,1826.0,1826.0,6.0,0.6,-1.8817045074,-3.9259123394,-14.68466776403857,7.2787055355,2.534321566999999,16.5635078873,-3.5059123394
1827,1827,1827.0,1827.0,1827.0,1827.0,1827.0,1827.0,1827.0,1827.0,1827.0,1827.0,1827.0,1827.0,1827.0,1827.0,1827.0,1827.0,1827.0,1827.0,1827.0,1827.0,1827.0,1827.0,1827.0,1827.0,1827.0,1827.0,1827.0,1827.0,1827.0,1827.0,1827.0,1827.0,1827.0,1827.0,1827.0,1827.0,1827.0,1827.0,1827.0,1827.0,7.0,0.7,-2.3263403239,-4.9497432992,-15.208521628958868,9.8130271025,3.7630302314,14.0291863203,-4.7697432992
1828,1828,1828.0,1828.0,1828.0,1828.0,1828.0,1828.0,1828.0,1828.0,1828.0,1828.0,1828.0,1828.0,1828.0,1828.0,1828.0,1828.0,1828.0,1828.0,1828.0,1828.0,1828.0,1828.0,1828.0,1828.0,1828.0,1828.0,1828.0,1828.0,1828.0,1828.0,1828.0,1828.0,1828.0,1828.0,1828.0,1828.0,1828.0,1828.0,1828.0,1828.0,8.0,0.8,-2.8709407904,-5.9259949956,-8.147026029628627,13.5760573339,4.6822880038,10.2661560889,-6.145994995600001
1829,1829,1829.0,1829.0,1829.0,1829.0,1829.0,1829.0,1829.0,1829.0,1829.0,1829.0,1829.0,1829.0,1829.0,1829.0,1829.0,1829.0,1829.0,1829.0,1829.0,1829.0,1829.0,1829.0,1829.0,1829.0,1829.0,1829.0,1829.0,1829.0,1829.0,1829.0,1829.0,1829.0,1829.0,1829.0,1829.0,1829.0,1829.0,1829.0,1829.0,1829.0,9.0,0.9,-3.4742834019,-6.1373549871,-11.28725118564364,18.2583453377,5.583868085100001,5.583868085100001,-6.9173549871
1830,1830,1830.0,1830.0,1830.0,1830.0,1830.0,1830.0,1830.0,1830.0,1830.0,1830.0,1830.0,1830.0,1830.0,1830.0,1830.0,1830.0,1830.0,1830.0,1830.0,1830.0,1830.0,1830.0,1830.0,1830.0,1830.0,1830.0,1830.0,1830.0,1830.0,1830.0,1830.0,1830.0,1830.0,1830.0,1830.0,1830.0,1830.0,1830.0,1830.0,1830.0,0.0,0.0,0.0,-1.0,-14.98737349625696,0.0,0.4089474598,3.2159971350000003,3.3034786438
1831,1831,1831.0,1831.0,1831.0,1831.0,1831.0,1831.0,1831.0,1831.0,1831.0,1831.0,1831.0,1831.0,1831.0,1831.0,1831.0,1831.0,1831.0,1831.0,1831.0,1831.0,1831.0,1831.0,1831.0,1831.0,1831.0,1831.0,1831.0,1831.0,1831.0,1831.0,1831.0,1831.0,1831.0,1831.0,1831.0,1831.0,1831.0,1831.0,1831.0,1831.0,1.0,0.1,-0.1676627739,-2.3310745758,0.4457092600047758,0.4089474598,0.4914796938,2.8070496752,3.3034786438
1832,1832,1832.0,1832.0,1832.0,1832.0,1832.0,1832.0,1832.0,1832.0,1832.0,1832.0,1832.0,1832.0,1832.0,1832.0,1832.0,1832.0,1832.0,1832.0,1832.0,1832.0,1832.0,1832.0,1832.0,1832.0,1832.0,1832.0,1832.0,1832.0,1832.0,1832.0,1832.0,1832.0,1832.0,1832.0,1832.0,1832.0,1832.0,1832.0,1832.0,1832.0,2.0,0.2,-0.3873379142,-2.0668285094,13.225571808832877,0.9004271536,0.3030619729,2.3155699814,3.3034786438
1833,1833,1833.0,1833.0,1833.0,1833.0,1833.0,1833.0,1833.0,1833.0,1833.0,1833.0,1833.0,1833.0,1833.0,1833.0,1833.0,1833.0,1833.0,1833.0,1833.0,1833.0,1833.0,1833.0,1833.0,1833.0,1833.0,1833.0,1833.0,1833.0,1833.0,1833.0,1833.0,1833.0,1833.0,1833.0,1833.0,1833.0,1833.0,1833.0,1833.0,1833.0,3.0,0.3,-0.5200450418,-0.611564201,13.192271145393107,1.2034891265,0.1296108633999999,2.0125080085,3.3034786438
1834,1834,1834.0,1834.0,1834.0,1834.0,1834.0,1834.0,1834.0,1834.0,1834.0,1834.0,1834.0,1834.0,1834.0,1834.0,1834.0,1834.0,1834.0,1834.0,1834.0,1834.0,1834.0,1834.0,1834.0,1834.0,1834.0,1834.0,1834.0,1834.0,1834.0,1834.0,1834.0,1834.0,1834.0,1834.0,1834.0,1834.0,1834.0,1834.0,1834.0,1834.0,4.0,0.4,-0.5144265387,0.7020444105,8.856175277842407,1.3330999899,0.1862890632,1.8828971451,3.3034786438
1835,1835,1835.0,1835.0,1835.0,1835.0,1835.0,1835.0,1835.0,1835.0,1835.0,1835.0,1835.0,1835.0,1835.0,1835.0,1835.0,1835.0,1835.0,1835.0,1835.0,1835.0,1835.0,1835.0,1835.0,1835.0,1835.0,1835.0,1835.0,1835.0,1835.0,1835.0,1835.0,1835.0,1835.0,1835.0,1835.0,1835.0,1835.0,1835.0,1835.0,1835.0,5.0,0.5,-0.4047773524,1.478012752,16.247114899801154,1.5193890531,0.6389495369,1.6966080818999998,3.3034786438
1836,1836,1836.0,1836.0,1836.0,1836.0,1836.0,1836.0,1836.0,1836.0,1836.0,1836.0,1836.0,1836.0,1836.0,1836.0,1836.0,1836.0,1836.0,1836.0,1836.0,1836.0,1836.0,1836.0,1836.0,1836.0,1836.0,1836.0,1836.0,1836.0,1836.0,1836.0,1836.0,1836.0,1836.0,1836.0,1836.0,1836.0,1836.0,1836.0,1836.0,1836.0,6.0,0.6,-0.1855317542,2.8834786438,-9.997825845979854,2.15833859,0.574233167,1.0576585449999998,3.3034786438
1837,1837,1837.0,1837.0,1837.0,1837.0,1837.0,1837.0,1837.0,1837.0,1837.0,1837.0,1837.0,1837.0,1837.0,1837.0,1837.0,1837.0,1837.0,1837.0,1837.0,1837.0,1837.0,1837.0,1837.0,1837.0,1837.0,1837.0,1837.0,1837.0,1837.0,1837.0,1837.0,1837.0,1837.0,1837.0,1837.0,1837.0,1837.0,1837.0,1837.0,1837.0,7.0,0.7,0.040503874,1.657660431,-1.3002339638645566,2.732571757,0.2324963947,0.4834253779999997,3.3034786438
1838,1838,1838.0,1838.0,1838.0,1838.0,1838.0,1838.0,1838.0,1838.0,1838.0,1838.0,1838.0,1838.0,1838.0,1838.0,1838.0,1838.0,1838.0,1838.0,1838.0,1838.0,1838.0,1838.0,1838.0,1838.0,1838.0,1838.0,1838.0,1838.0,1838.0,1838.0,1838.0,1838.0,1838.0,1838.0,1838.0,1838.0,1838.0,1838.0,1838.0,1838.0,8.0,0.8,0.1919614259,1.3761794827,-11.406400860517314,2.9650681517,0.1406284666999999,0.2509289832999997,3.3034786438
1839,1839,1839.0,1839.0,1839.0,1839.0,1839.0,1839.0,1839.0,1839.0,1839.0,1839.0,1839.0,1839.0,1839.0,1839.0,1839.0,1839.0,1839.0,1839.0,1839.0,1839.0,1839.0,1839.0,1839.0,1839.0,1839.0,1839.0,1839.0,1839.0,1839.0,1839.0,1839.0,1839.0,1839.0,1839.0,1839.0,1839.0,1839.0,1839.0,1839.0,1839.0,9.0,0.9,0.267744901,0.1597559215,-12.123179044881752,3.1056966184,0.1103005165999997,0.1103005165999997,3.3034786438
1840,1840,1840.0,1840.0,1840.0,1840.0,1840.0,1840.0,1840.0,1840.0,1840.0,1840.0,1840.0,1840.0,1840.0,1840.0,1840.0,1840.0,1840.0,1840.0,1840.0,1840.0,1840.0,1840.0,1840.0,1840.0,1840.0,1840.0,1840.0,1840.0,1840.0,1840.0,1840.0,1840.0,1840.0,1840.0,1840.0,1840.0,1840.0,1840.0,1840.0,1840.0,0.0,0.0,0.0,-1.0,2.7595201263625,0.0,0.0720571783,3.3612305453,-2.5
1841,1841,1841.0,1841.0,1841.0,1841.0,1841.0,1841.0,1841.0,1841.0,1841.0,1841.0,1841.0,1841.0,1841.0,1841.0,1841.0,1841.0,1841.0,1841.0,1841.0,1841.0,1841.0,1841.0,1841.0,1841.0,1841.0,1841.0,1841.0,1841.0,1841.0,1841.0,1841.0,1841.0,1841.0,1841.0,1841.0,1841.0,1841.0,1841.0,1841.0,1841.0,1.0,0.1,-0.0818136314,-0.642234356,-10.472107614818851,0.0720571783,0.1888524405999999,3.289173367,-1.422234356
1842,1842,1842.0,1842.0,1842.0,1842.0,1842.0,1842.0,1842.0,1842.0,1842.0,1842.0,1842.0,1842.0,1842.0,1842.0,1842.0,1842.0,1842.0,1842.0,1842.0,1842.0,1842.0,1842.0,1842.0,1842.0,1842.0,1842.0,1842.0,1842.0,1842.0,1842.0,1842.0,1842.0,1842.0,1842.0,1842.0,1842.0,1842.0,1842.0,1842.0,1842.0,2.0,0.2,-0.1935882712,-1.5776704776,-3.839067050802626,0.2609096189,0.3002366277,3.1003209264,-1.7976704776
1843,1843,1843.0,1843.0,1843.0,1843.0,1843.0,1843.0,1843.0,1843.0,1843.0,1843.0,1843.0,1843.0,1843.0,1843.0,1843.0,1843.0,1843.0,1843.0,1843.0,1843.0,1843.0,1843.0,1843.0,1843.0,1843.0,1843.0,1843.0,1843.0,1843.0,1843.0,1843.0,1843.0,1843.0,1843.0,1843.0,1843.0,1843.0,1843.0,1843.0,1843.0,3.0,0.3,-0.3622947866,-1.7928706674,4.596856156424632,0.5611462466,0.2534843602,2.8000842987,-1.6128706674
1844,1844,1844.0,1844.0,1844.0,1844.0,1844.0,1844.0,1844.0,1844.0,1844.0,1844.0,1844.0,1844.0,1844.0,1844.0,1844.0,1844.0,1844.0,1844.0,1844.0,1844.0,1844.0,1844.0,1844.0,1844.0,1844.0,1844.0,1844.0,1844.0,1844.0,1844.0,1844.0,1844.0,1844.0,1844.0,1844.0,1844.0,1844.0,1844.0,1844.0,1844.0,4.0,0.4,-0.5106720748,-1.1848077635,3.962112507227357,0.8146306068,0.1290336173999999,2.5465999385,-0.7648077635
1845,1845,1845.0,1845.0,1845.0,1845.0,1845.0,1845.0,1845.0,1845.0,1845.0,1845.0,1845.0,1845.0,1845.0,1845.0,1845.0,1845.0,1845.0,1845.0,1845.0,1845.0,1845.0,1845.0,1845.0,1845.0,1845.0,1845.0,1845.0,1845.0,1845.0,1845.0,1845.0,1845.0,1845.0,1845.0,1845.0,1845.0,1845.0,1845.0,1845.0,1845.0,5.0,0.5,-0.6042551533,-0.6950134342,-3.78370502701396,0.9436642242,0.1207197281,2.4175663211,-0.1950134341999999
1846,1846,1846.0,1846.0,1846.0,1846.0,1846.0,1846.0,1846.0,1846.0,1846.0,1846.0,1846.0,1846.0,1846.0,1846.0,1846.0,1846.0,1846.0,1846.0,1846.0,1846.0,1846.0,1846.0,1846.0,1846.0,1846.0,1846.0,1846.0,1846.0,1846.0,1846.0,1846.0,1846.0,1846.0,1846.0,1846.0,1846.0,1846.0,1846.0,1846.0,1846.0,6.0,0.6,-0.6886978266,-0.9889412637,-7.797644019574372,1.0643839523,0.2639700335999999,2.296846593,-0.5689412637
1847,1847,1847.0,1847.0,1847.0,1847.0,1847.0,1847.0,1847.0,1847.0,1847.0,1847.0,1847.0,1847.0,1847.0,1847.0,1847.0,1847.0,1847.0,1847.0,1847.0,1847.0,1847.0,1847.0,1847.0,1847.0,1847.0,1847.0,1847.0,1847.0,1847.0,1847.0,1847.0,1847.0,1847.0,1847.0,1847.0,1847.0,1847.0,1847.0,1847.0,1847.0,7.0,0.7,-0.8205285097,-1.6368749825,-3.3160752481633047,1.3283539859,0.3830670404,2.0328765594,-1.4568749824999998
1848,1848,1848.0,1848.0,1848.0,1848.0,1848.0,1848.0,1848.0,1848.0,1848.0,1848.0,1848.0,1848.0,1848.0,1848.0,1848.0,1848.0,1848.0,1848.0,1848.0,1848.0,1848.0,1848.0,1848.0,1848.0,1848.0,1848.0,1848.0,1848.0,1848.0,1848.0,1848.0,1848.0,1848.0,1848.0,1848.0,1848.0,1848.0,1848.0,1848.0,1848.0,8.0,0.8,-0.9923390517,-1.7966719653,-14.171697893145826,1.7114210263,0.8077066504000001,1.6498095190000002,-2.0166719653000005
1849,1849,1849.0,1849.0,1849.0,1849.0,1849.0,1849.0,1849.0,1849.0,1849.0,1849.0,1849.0,1849.0,1849.0,1849.0,1849.0,1849.0,1849.0,1849.0,1849.0,1849.0,1849.0,1849.0,1849.0,1849.0,1849.0,1849.0,1849.0,1849.0,1849.0,1849.0,1849.0,1849.0,1849.0,1849.0,1849.0,1849.0,1849.0,1849.0,1849.0,1849.0,9.0,0.9,-1.2318694054,-2.974311401,6.8450669478923984,2.5191276767,0.8421028686,0.8421028686,-3.754311401
1850,1850,1850.0,1850.0,1850.0,1850.0,1850.0,1850.0,1850.0,1850.0,1850.0,1850.0,1850.0,1850.0,1850.0,1850.0,1850.0,1850.0,1850.0,1850.0,1850.0,1850.0,1850.0,1850.0,1850.0,1850.0,1850.0,1850.0,1850.0,1850.0,1850.0,1850.0,1850.0,1850.0,1850.0,1850.0,1850.0,1850.0,1850.0,1850.0,1850.0,1850.0,0.0,0.0,0.0,-1.0,3.653102644701612,0.0,0.0685849468,22.2688555746,-2.5
1851,1851,1851.0,1851.0,1851.0,1851.0,1851.0,1851.0,1851.0,1851.0,1851.0,1851.0,1851.0,1851.0,1851.0,1851.0,1851.0,1851.0,1851.0,1851.0,1851.0,1851.0,1851.0,1851.0,1851.0,1851.0,1851.0,1851.0,1851.0,1851.0,1851.0,1851.0,1851.0,1851.0,1851.0,1851.0,1851.0,1851.0,1851.0,1851.0,1851.0,1851.0,1.0,0.1,-0.0774909954,-0.5571987401,-15.229593597510394,0.0685849468,0.2945398024,22.2002706278,-1.3371987401000005
1852,1852,1852.0,1852.0,1852.0,1852.0,1852.0,1852.0,1852.0,1852.0,1852.0,1852.0,1852.0,1852.0,1852.0,1852.0,1852.0,1852.0,1852.0,1852.0,1852.0,1852.0,1852.0,1852.0,1852.0,1852.0,1852.0,1852.0,1852.0,1852.0,1852.0,1852.0,1852.0,1852.0,1852.0,1852.0,1852.0,1852.0,1852.0,1852.0,1852.0,1852.0,2.0,0.2,-0.2041873782,-1.953461717,-9.83540314303399,0.3631247492,0.6085152717,21.9057308254,-2.173461717
1853,1853,1853.0,1853.0,1853.0,1853.0,1853.0,1853.0,1853.0,1853.0,1853.0,1853.0,1853.0,1853.0,1853.0,1853.0,1853.0,1853.0,1853.0,1853.0,1853.0,1853.0,1853.0,1853.0,1853.0,1853.0,1853.0,1853.0,1853.0,1853.0,1853.0,1853.0,1853.0,1853.0,1853.0,1853.0,1853.0,1853.0,1853.0,1853.0,1853.0,1853.0,3.0,0.3,-0.4376617875,-2.7035276221,-19.507661369370304,0.9716400209,1.4851530752000002,21.2972155537,-2.5235276221000005
1854,1854,1854.0,1854.0,1854.0,1854.0,1854.0,1854.0,1854.0,1854.0,1854.0,1854.0,1854.0,1854.0,1854.0,1854.0,1854.0,1854.0,1854.0,1854.0,1854.0,1854.0,1854.0,1854.0,1854.0,1854.0,1854.0,1854.0,1854.0,1854.0,1854.0,1854.0,1854.0,1854.0,1854.0,1854.0,1854.0,1854.0,1854.0,1854.0,1854.0,1854.0,4.0,0.4,-0.7893031639,-4.3026523826,6.136874047522479,2.4567930961,1.5679925033000002,19.8120624785,-3.8826523826
1855,1855,1855.0,1855.0,1855.0,1855.0,1855.0,1855.0,1855.0,1855.0,1855.0,1855.0,1855.0,1855.0,1855.0,1855.0,1855.0,1855.0,1855.0,1855.0,1855.0,1855.0,1855.0,1855.0,1855.0,1855.0,1855.0,1855.0,1855.0,1855.0,1855.0,1855.0,1855.0,1855.0,1855.0,1855.0,1855.0,1855.0,1855.0,1855.0,1855.0,1855.0,5.0,0.5,-1.1690684784,-3.3091996633,-17.364926863068852,4.0247855994,1.9425715649,18.2440699752,-2.8091996633
1856,1856,1856.0,1856.0,1856.0,1856.0,1856.0,1856.0,1856.0,1856.0,1856.0,1856.0,1856.0,1856.0,1856.0,1856.0,1856.0,1856.0,1856.0,1856.0,1856.0,1856.0,1856.0,1856.0,1856.0,1856.0,1856.0,1856.0,1856.0,1856.0,1856.0,1856.0,1856.0,1856.0,1856.0,1856.0,1856.0,1856.0,1856.0,1856.0,1856.0,1856.0,6.0,0.6,-1.5679818778,-4.6467789503,-15.99078649899563,5.9673571643,3.169963128,16.3014984103,-4.2267789503
1857,1857,1857.0,1857.0,1857.0,1857.0,1857.0,1857.0,1857.0,1857.0,1857.0,1857.0,1857.0,1857.0,1857.0,1857.0,1857.0,1857.0,1857.0,1857.0,1857.0,1857.0,1857.0,1857.0,1857.0,1857.0,1857.0,1857.0,1857.0,1857.0,1857.0,1857.0,1857.0,1857.0,1857.0,1857.0,1857.0,1857.0,1857.0,1857.0,1857.0,1857.0,7.0,0.7,-2.0875355445,-5.7263039334,0.9558172861779396,9.1373202923,3.4839289425000004,13.1315352823,-5.546303933399999
1858,1858,1858.0,1858.0,1858.0,1858.0,1858.0,1858.0,1858.0,1858.0,1858.0,1858.0,1858.0,1858.0,1858.0,1858.0,1858.0,1858.0,1858.0,1858.0,1858.0,1858.0,1858.0,1858.0,1858.0,1858.0,1858.0,1858.0,1858.0,1858.0,1858.0,1858.0,1858.0,1858.0,1858.0,1858.0,1858.0,1858.0,1858.0,1858.0,1858.0,1858.0,8.0,0.8,-2.6278416628,-5.0904160865,-16.017177144229493,12.6212492348,4.138297742399999,9.6476063398,-5.3104160865
1859,1859,1859.0,1859.0,1859.0,1859.0,1859.0,1859.0,1859.0,1859.0,1859.0,1859.0,1859.0,1859.0,1859.0,1859.0,1859.0,1859.0,1859.0,1859.0,1859.0,1859.0,1859.0,1859.0,1859.0,1859.0,1859.0,1859.0,1859.0,1859.0,1859.0,1859.0,1859.0,1859.0,1859.0,1859.0,1859.0,1859.0,1859.0,1859.0,1859.0,1859.0,9.0,0.9,-3.1897405376,-6.1302349262,-13.142527915517434,16.7595469772,5.5093085974000005,5.5093085974000005,-6.9102349262
1860,1860,1860.0,1860.0,1860.0,1860.0,1860.0,1860.0,1860.0,1860.0,1860.0,1860.0,1860.0,1860.0,1860.0,1860.0,1860.0,1860.0,1860.0,1860.0,1860.0,1860.0,1860.0,1860.0,1860.0,1860.0,1860.0,1860.0,1860.0,1860.0,1860.0,1860.0,1860.0,1860.0,1860.0,1860.0,1860.0,1860.0,1860.0,1860.0,1860.0,1860.0,0.0,0.0,0.0,-1.0,-2.632785037845565,0.0,0.1204620549,3.7935395477,-2.5
1861,1861,1861.0,1861.0,1861.0,1861.0,1861.0,1861.0,1861.0,1861.0,1861.0,1861.0,1861.0,1861.0,1861.0,1861.0,1861.0,1861.0,1861.0,1861.0,1861.0,1861.0,1861.0,1861.0,1861.0,1861.0,1861.0,1861.0,1861.0,1861.0,1861.0,1861.0,1861.0,1861.0,1861.0,1861.0,1861.0,1861.0,1861.0,1861.0,1861.0,1861.0,1.0,0.1,-0.1078984975,-1.1553800062,-8.889574297764318,0.1204620549,0.2813401149,3.6730774928,-1.9353800062
1862,1862,1862.0,1862.0,1862.0,1862.0,1862.0,1862.0,1862.0,1862.0,1862.0,1862.0,1862.0,1862.0,1862.0,1862.0,1862.0,1862.0,1862.0,1862.0,1862.0,1862.0,1862.0,1862.0,1862.0,1862.0,1862.0,1862.0,1862.0,1862.0,1862.0,1862.0,1862.0,1862.0,1862.0,1862.0,1862.0,1862.0,1862.0,1862.0,1862.0,1862.0,2.0,0.2,-0.2608500405,-1.8913858931,2.1981065699392346,0.4018021698,0.3028964194999999,3.3917373779,-2.1113858931
1863,1863,1863.0,1863.0,1863.0,1863.0,1863.0,1863.0,1863.0,1863.0,1863.0,1863.0,1863.0,1863.0,1863.0,1863.0,1863.0,1863.0,1863.0,1863.0,1863.0,1863.0,1863.0,1863.0,1863.0,1863.0,1863.0,1863.0,1863.0,1863.0,1863.0,1863.0,1863.0,1863.0,1863.0,1863.0,1863.0,1863.0,1863.0,1863.0,1863.0,1863.0,3.0,0.3,-0.4302061134,-1.5022191632,-8.68583764398307,0.7046985893,0.4107766482000001,3.0888409584,-1.3222191632
1864,1864,1864.0,1864.0,1864.0,1864.0,1864.0,1864.0,1864.0,1864.0,1864.0,1864.0,1864.0,1864.0,1864.0,1864.0,1864.0,1864.0,1864.0,1864.0,1864.0,1864.0,1864.0,1864.0,1864.0,1864.0,1864.0,1864.0,1864.0,1864.0,1864.0,1864.0,1864.0,1864.0,1864.0,1864.0,1864.0,1864.0,1864.0,1864.0,1864.0,1864.0,4.0,0.4,-0.6151781888,-2.1858308522,6.851312559253053,1.1154752375,0.3860525334999998,2.6780643102,-1.7658308522
1865,1865,1865.0,1865.0,1865.0,1865.0,1865.0,1865.0,1865.0,1865.0,1865.0,1865.0,1865.0,1865.0,1865.0,1865.0,1865.0,1865.0,1865.0,1865.0,1865.0,1865.0,1865.0,1865.0,1865.0,1865.0,1865.0,1865.0,1865.0,1865.0,1865.0,1865.0,1865.0,1865.0,1865.0,1865.0,1865.0,1865.0,1865.0,1865.0,1865.0,1865.0,5.0,0.5,-0.7900449385,-1.3258328466,1.640216486301135,1.501527771,0.2144286948,2.2920117767000003,-0.8258328466
1866,1866,1866.0,1866.0,1866.0,1866.0,1866.0,1866.0,1866.0,1866.0,1866.0,1866.0,1866.0,1866.0,1866.0,1866.0,1866.0,1866.0,1866.0,1866.0,1866.0,1866.0,1866.0,1866.0,1866.0,1866.0,1866.0,1866.0,1866.0,1866.0,1866.0,1866.0,1866.0,1866.0,1866.0,1866.0,1866.0,1866.0,1866.0,1866.0,1866.0,1866.0,6.0,0.6,-0.9082803155,-1.0435758209,-4.36061522942035,1.7159564658,0.2487151468999999,2.0775830819000003,-0.6235758208999999
1867,1867,1867.0,1867.0,1867.0,1867.0,1867.0,1867.0,1867.0,1867.0,1867.0,1867.0,1867.0,1867.0,1867.0,1867.0,1867.0,1867.0,1867.0,1867.0,1867.0,1867.0,1867.0,1867.0,1867.0,1867.0,1867.0,1867.0,1867.0,1867.0,1867.0,1867.0,1867.0,1867.0,1867.0,1867.0,1867.0,1867.0,1867.0,1867.0,1867.0,1867.0,7.0,0.7,-1.0286838332,-1.3592338261,-16.99021425883579,1.9646716127,0.7365261446000002,1.828867935,-1.1792338261
1868,1868,1868.0,1868.0,1868.0,1868.0,1868.0,1868.0,1868.0,1868.0,1868.0,1868.0,1868.0,1868.0,1868.0,1868.0,1868.0,1868.0,1868.0,1868.0,1868.0,1868.0,1868.0,1868.0,1868.0,1868.0,1868.0,1868.0,1868.0,1868.0,1868.0,1868.0,1868.0,1868.0,1868.0,1868.0,1868.0,1868.0,1868.0,1868.0,1868.0,1868.0,8.0,0.8,-1.240220803,-2.8467182822,11.889367847383486,2.7011977573,0.7273705049999997,1.0923417904,-3.0667182822
1869,1869,1869.0,1869.0,1869.0,1869.0,1869.0,1869.0,1869.0,1869.0,1869.0,1869.0,1869.0,1869.0,1869.0,1869.0,1869.0,1869.0,1869.0,1869.0,1869.0,1869.0,1869.0,1869.0,1869.0,1869.0,1869.0,1869.0,1869.0,1869.0,1869.0,1869.0,1869.0,1869.0,1869.0,1869.0,1869.0,1869.0,1869.0,1869.0,1869.0,1869.0,9.0,0.9,-1.45360817,-1.4443941305,7.520323342173011,3.4285682623,0.3649712854000002,0.3649712854000002,-2.2243941305000003
1870,1870,1870.0,1870.0,1870.0,1870.0,1870.0,1870.0,1870.0,1870.0,1870.0,1870.0,1870.0,1870.0,1870.0,1870.0,1870.0,1870.0,1870.0,1870.0,1870.0,1870.0,1870.0,1870.0,1870.0,1870.0,1870.0,1870.0,1870.0,1870.0,1870.0,1870.0,1870.0,1870.0,1870.0,1870.0,1870.0,1870.0,1870.0,1870.0,1870.0,1870.0,0.0,0.0,0.0,-1.0,14.071058989108288,0.0,0.1235509997,2.6003762444,2.0046351772
1871,1871,1871.0,1871.0,1871.0,1871.0,1871.0,1871.0,1871.0,1871.0,1871.0,1871.0,1871.0,1871.0,1871.0,1871.0,1871.0,1871.0,1871.0,1871.0,1871.0,1871.0,1871.0,1871.0,1871.0,1871.0,1871.0,1871.0,1871.0,1871.0,1871.0,1871.0,1871.0,1871.0,1871.0,1871.0,1871.0,1871.0,1871.0,1871.0,1871.0,1871.0,1.0,0.1,-0.0270949878,0.4342008867,19.24867869369605,0.1235509997,0.3929087953999999,2.4768252447,2.0046351772
1872,1872,1872.0,1872.0,1872.0,1872.0,1872.0,1872.0,1872.0,1872.0,1872.0,1872.0,1872.0,1872.0,1872.0,1872.0,1872.0,1872.0,1872.0,1872.0,1872.0,1872.0,1872.0,1872.0,1872.0,1872.0,1872.0,1872.0,1872.0,1872.0,1872.0,1872.0,1872.0,1872.0,1872.0,1872.0,1872.0,1872.0,1872.0,1872.0,1872.0,1872.0,2.0,0.2,0.1073385911,2.2246351772,-2.8600541914386923,0.5164597951,0.4023051663,2.0839164493,2.0046351772
1873,1873,1873.0,1873.0,1873.0,1873.0,1873.0,1873.0,1873.0,1873.0,1873.0,1873.0,1873.0,1873.0,1873.0,1873.0,1873.0,1873.0,1873.0,1873.0,1873.0,1873.0,1873.0,1873.0,1873.0,1873.0,1873.0,1873.0,1873.0,1873.0,1873.0,1873.0,1873.0,1873.0,1873.0,1873.0,1873.0,1873.0,1873.0,1873.0,1873.0,1873.0,3.0,0.3,0.3052055006,1.7407628486,-18.99541291228969,0.9187649614,0.2801778560000001,1.681611283,2.0046351772
1874,1874,1874.0,1874.0,1874.0,1874.0,1874.0,1874.0,1874.0,1874.0,1874.0,1874.0,1874.0,1874.0,1874.0,1874.0,1874.0,1874.0,1874.0,1874.0,1874.0,1874.0,1874.0,1874.0,1874.0,1874.0,1874.0,1874.0,1874.0,1874.0,1874.0,1874.0,1874.0,1874.0,1874.0,1874.0,1874.0,1874.0,1874.0,1874.0,1874.0,1874.0,4.0,0.4,0.3789722472,-0.2325451893,-1.443446239545466,1.1989428174,0.0229848094,1.401433427,2.0046351772
1875,1875,1875.0,1875.0,1875.0,1875.0,1875.0,1875.0,1875.0,1875.0,1875.0,1875.0,1875.0,1875.0,1875.0,1875.0,1875.0,1875.0,1875.0,1875.0,1875.0,1875.0,1875.0,1875.0,1875.0,1875.0,1875.0,1875.0,1875.0,1875.0,1875.0,1875.0,1875.0,1875.0,1875.0,1875.0,1875.0,1875.0,1875.0,1875.0,1875.0,1875.0,5.0,0.5,0.3498602288,-0.3477777949,-7.8544242467916945,1.2219276268,0.0959391420999999,1.3784486176,2.0046351772
1876,1876,1876.0,1876.0,1876.0,1876.0,1876.0,1876.0,1876.0,1876.0,1876.0,1876.0,1876.0,1876.0,1876.0,1876.0,1876.0,1876.0,1876.0,1876.0,1876.0,1876.0,1876.0,1876.0,1876.0,1876.0,1876.0,1876.0,1876.0,1876.0,1876.0,1876.0,1876.0,1876.0,1876.0,1876.0,1876.0,1876.0,1876.0,1876.0,1876.0,1876.0,6.0,0.6,0.2787698274,-1.0621298181,-12.914068722999277,1.3178667689,0.3659471904,1.2825094755,2.0046351772
1877,1877,1877.0,1877.0,1877.0,1877.0,1877.0,1877.0,1877.0,1877.0,1877.0,1877.0,1877.0,1877.0,1877.0,1877.0,1877.0,1877.0,1877.0,1877.0,1877.0,1877.0,1877.0,1877.0,1877.0,1877.0,1877.0,1877.0,1877.0,1877.0,1877.0,1877.0,1877.0,1877.0,1877.0,1877.0,1877.0,1877.0,1877.0,1877.0,1877.0,1877.0,7.0,0.7,0.115224254,-2.189991117,-1.986990124702896,1.6838139593,0.4776948535,0.9165622851,2.0046351772
1878,1878,1878.0,1878.0,1878.0,1878.0,1878.0,1878.0,1878.0,1878.0,1878.0,1878.0,1878.0,1878.0,1878.0,1878.0,1878.0,1878.0,1878.0,1878.0,1878.0,1878.0,1878.0,1878.0,1878.0,1878.0,1878.0,1878.0,1878.0,1878.0,1878.0,1878.0,1878.0,1878.0,1878.0,1878.0,1878.0,1878.0,1878.0,1878.0,1878.0,1878.0,8.0,0.8,-0.1027929177,-2.1706729578,7.723745517893079,2.1615088128,0.3275652366999999,0.4388674315999998,2.0046351772
1879,1879,1879.0,1879.0,1879.0,1879.0,1879.0,1879.0,1879.0,1879.0,1879.0,1879.0,1879.0,1879.0,1879.0,1879.0,1879.0,1879.0,1879.0,1879.0,1879.0,1879.0,1879.0,1879.0,1879.0,1879.0,1879.0,1879.0,1879.0,1879.0,1879.0,1879.0,1879.0,1879.0,1879.0,1879.0,1879.0,1879.0,1879.0,1879.0,1879.0,1879.0,9.0,0.9,-0.2719967725,-1.2290945512,8.638025955748525,2.4890740495,0.1113021948999999,0.1113021948999999,2.0046351772
1880,1880,1880.0,1880.0,1880.0,1880.0,1880.0,1880.0,1880.0,1880.0,1880.0,1880.0,1880.0,1880.0,1880.0,1880.0,1880.0,1880.0,1880.0,1880.0,1880.0,1880.0,1880.0,1880.0,1880.0,1880.0,1880.0,1880.0,1880.0,1880.0,1880.0,1880.0,1880.0,1880.0,1880.0,1880.0,1880.0,1880.0,1880.0,1880.0,1880.0,1880.0,0.0,0.0,0.0,-1.0,-13.67315933741815,0.0,0.366508293,19.4478380984,-2.5
1881,1881,1881.0,1881.0,1881.0,1881.0,1881.0,1881.0,1881.0,1881.0,1881.0,1881.0,1881.0,1881.0,1881.0,1881.0,1881.0,1881.0,1881.0,1881.0,1881.0,1881.0,1881.0,1881.0,1881.0,1881.0,1881.0,1881.0,1881.0,1881.0,1881.0,1881.0,1881.0,1881.0,1881.0,1881.0,1881.0,1881.0,1881.0,1881.0,1881.0,1881.0,1.0,0.1,-0.1613053708,-2.206010563,-10.38644001015888,0.366508293,0.7445719323000001,19.0813298054,-2.986010563
1882,1882,1882.0,1882.0,1882.0,1882.0,1882.0,1882.0,1882.0,1882.0,1882.0,1882.0,1882.0,1882.0,1882.0,1882.0,1882.0,1882.0,1882.0,1882.0,1882.0,1882.0,1882.0,1882.0,1882.0,1882.0,1882.0,1882.0,1882.0,1882.0,1882.0,1882.0,1882.0,1882.0,1882.0,1882.0,1882.0,1882.0,1882.0,1882.0,1882.0,1882.0,2.0,0.2,-0.4214785864,-2.9844813483,-13.591495779412934,1.1110802253,1.3597602495,18.3367578731,-3.2044813483
1883,1883,1883.0,1883.0,1883.0,1883.0,1883.0,1883.0,1883.0,1883.0,1883.0,1883.0,1883.0,1883.0,1883.0,1883.0,1883.0,1883.0,1883.0,1883.0,1883.0,1883.0,1883.0,1883.0,1883.0,1883.0,1883.0,1883.0,1883.0,1883.0,1883.0,1883.0,1883.0,1883.0,1883.0,1883.0,1883.0,1883.0,1883.0,1883.0,1883.0,1883.0,3.0,0.3,-0.7712370358,-3.9938724769,-11.052722084700694,2.4708404748,2.0424383508999995,16.9769976236,-3.8138724769
1884,1884,1884.0,1884.0,1884.0,1884.0,1884.0,1884.0,1884.0,1884.0,1884.0,1884.0,1884.0,1884.0,1884.0,1884.0,1884.0,1884.0,1884.0,1884.0,1884.0,1884.0,1884.0,1884.0,1884.0,1884.0,1884.0,1884.0,1884.0,1884.0,1884.0,1884.0,1884.0,1884.0,1884.0,1884.0,1884.0,1884.0,1884.0,1884.0,1884.0,1884.0,4.0,0.4,-1.2047708771,-4.6656108441,-2.2215266392061395,4.5132788257,2.2781767474000008,14.9345592727,-4.2456108441
1885,1885,1885.0,1885.0,1885.0,1885.0,1885.0,1885.0,1885.0,1885.0,1885.0,1885.0,1885.0,1885.0,1885.0,1885.0,1885.0,1885.0,1885.0,1885.0,1885.0,1885.0,1885.0,1885.0,1885.0,1885.0,1885.0,1885.0,1885.0,1885.0,1885.0,1885.0,1885.0,1885.0,1885.0,1885.0,1885.0,1885.0,1885.0,1885.0,1885.0,1885.0,5.0,0.5,-1.65950924,-4.4330251451,-18.42955579790324,6.7914555731,3.1605806105000003,12.656382525299998,-3.9330251451
1886,1886,1886.0,1886.0,1886.0,1886.0,1886.0,1886.0,1886.0,1886.0,1886.0,1886.0,1886.0,1886.0,1886.0,1886.0,1886.0,1886.0,1886.0,1886.0,1886.0,1886.0,1886.0,1886.0,1886.0,1886.0,1886.0,1886.0,1886.0,1886.0,1886.0,1886.0,1886.0,1886.0,1886.0,1886.0,1886.0,1886.0,1886.0,1886.0,1886.0,1886.0,6.0,0.6,-2.1705188454,-5.7649711195,0.0539178129309974,9.9520361836,3.6118277475,9.495801914799998,-5.3449711195
1887,1887,1887.0,1887.0,1887.0,1887.0,1887.0,1887.0,1887.0,1887.0,1887.0,1887.0,1887.0,1887.0,1887.0,1887.0,1887.0,1887.0,1887.0,1887.0,1887.0,1887.0,1887.0,1887.0,1887.0,1887.0,1887.0,1887.0,1887.0,1887.0,1887.0,1887.0,1887.0,1887.0,1887.0,1887.0,1887.0,1887.0,1887.0,1887.0,1887.0,1887.0,7.0,0.7,-2.7188674943,-5.2112306893,17.051844752822547,13.5638639311,2.7597197940000004,5.883974167299998,-5.031230689299999
1888,1888,1888.0,1888.0,1888.0,1888.0,1888.0,1888.0,1888.0,1888.0,1888.0,1888.0,1888.0,1888.0,1888.0,1888.0,1888.0,1888.0,1888.0,1888.0,1888.0,1888.0,1888.0,1888.0,1888.0,1888.0,1888.0,1888.0,1888.0,1888.0,1888.0,1888.0,1888.0,1888.0,1888.0,1888.0,1888.0,1888.0,1888.0,1888.0,1888.0,1888.0,8.0,0.8,-3.1322952224,-3.0926184859,10.917632958722043,16.3235837251,1.7235044504,3.1242543732999977,-3.3126184859000003
1889,1889,1889.0,1889.0,1889.0,1889.0,1889.0,1889.0,1889.0,1889.0,1889.0,1889.0,1889.0,1889.0,1889.0,1889.0,1889.0,1889.0,1889.0,1889.0,1889.0,1889.0,1889.0,1889.0,1889.0,1889.0,1889.0,1889.0,1889.0,1889.0,1889.0,1889.0,1889.0,1889.0,1889.0,1889.0,1889.0,1889.0,1889.0,1889.0,1889.0,1889.0,9.0,0.9,-3.3737834835,-1.7593669289,14.629542881184255,18.0470881755,1.4007499228999976,1.4007499228999976,-2.5393669289000003
1890,1890,1890.0,1890.0,1890.0,1890.0,1890.0,1890.0,1890.0,1890.0,1890.0,1890.0,1890.0,1890.0,1890.0,1890.0,1890.0,1890.0,1890.0,1890.0,1890.0,1890.0,1890.0,1890.0,1890.0,1890.0,1890.0,1890.0,1890.0,1890.0,1890.0,1890.0,1890.0,1890.0,1890.0,1890.0,1890.0,1890.0,1890.0,1890.0,1890.0,1890.0,0.0,0.0,0.0,-1.0,-2.5352075504089058,0.0,0.1191677018,12.651832247400002,-2.5
1891,1891,1891.0,1891.0,1891.0,1891.0,1891.0,1891.0,1891.0,1891.0,1891.0,1891.0,1891.0,1891.0,1891.0,1891.0,1891.0,1891.0,1891.0,1891.0,1891.0,1891.0,1891.0,1891.0,1891.0,1891.0,1891.0,1891.0,1891.0,1891.0,1891.0,1891.0,1891.0,1891.0,1891.0,1891.0,1891.0,1891.0,1891.0,1891.0,1891.0,1891.0,1.0,0.1,-0.1074264717,-1.1460942834,-17.295276289893273,0.1191677018,0.5446498826999999,12.5326645456,-1.9260942834000003
1892,1892,1892.0,1892.0,1892.0,1892.0,1892.0,1892.0,1892.0,1892.0,1892.0,1892.0,1892.0,1892.0,1892.0,1892.0,1892.0,1892.0,1892.0,1892.0,1892.0,1892.0,1892.0,1892.0,1892.0,1892.0,1892.0,1892.0,1892.0,1892.0,1892.0,1892.0,1892.0,1892.0,1892.0,1892.0,1892.0,1892.0,1892.0,1892.0,1892.0,1892.0,2.0,0.2,-0.3001562478,-2.6828921363,4.05663175214616,0.6638175845,0.5855274685000001,11.9880146629,-2.9028921363
1893,1893,1893.0,1893.0,1893.0,1893.0,1893.0,1893.0,1893.0,1893.0,1893.0,1893.0,1893.0,1893.0,1893.0,1893.0,1893.0,1893.0,1893.0,1893.0,1893.0,1893.0,1893.0,1893.0,1893.0,1893.0,1893.0,1893.0,1893.0,1893.0,1893.0,1893.0,1893.0,1893.0,1893.0,1893.0,1893.0,1893.0,1893.0,1893.0,1893.0,1893.0,3.0,0.3,-0.5358436497,-2.0415415591,-14.47103114004253,1.249345053,0.8587035818999997,11.4024871944,-1.8615415591
1894,1894,1894.0,1894.0,1894.0,1894.0,1894.0,1894.0,1894.0,1894.0,1894.0,1894.0,1894.0,1894.0,1894.0,1894.0,1894.0,1894.0,1894.0,1894.0,1894.0,1894.0,1894.0,1894.0,1894.0,1894.0,1894.0,1894.0,1894.0,1894.0,1894.0,1894.0,1894.0,1894.0,1894.0,1894.0,1894.0,1894.0,1894.0,1894.0,1894.0,1894.0,4.0,0.4,-0.800124426,-3.2243638969,-10.69892374858843,2.1080486349,1.4432000967,10.5437836125,-2.8043638969
1895,1895,1895.0,1895.0,1895.0,1895.0,1895.0,1895.0,1895.0,1895.0,1895.0,1895.0,1895.0,1895.0,1895.0,1895.0,1895.0,1895.0,1895.0,1895.0,1895.0,1895.0,1895.0,1895.0,1895.0,1895.0,1895.0,1895.0,1895.0,1895.0,1895.0,1895.0,1895.0,1895.0,1895.0,1895.0,1895.0,1895.0,1895.0,1895.0,1895.0,1895.0,5.0,0.5,-1.1587175027,-3.9356631949,-11.376792332361036,3.5512487316,2.1027209125,9.1005835158,-3.4356631949
1896,1896,1896.0,1896.0,1896.0,1896.0,1896.0,1896.0,1896.0,1896.0,1896.0,1896.0,1896.0,1896.0,1896.0,1896.0,1896.0,1896.0,1896.0,1896.0,1896.0,1896.0,1896.0,1896.0,1896.0,1896.0,1896.0,1896.0,1896.0,1896.0,1896.0,1896.0,1896.0,1896.0,1896.0,1896.0,1896.0,1896.0,1896.0,1896.0,1896.0,1896.0,6.0,0.6,-1.5882784025,-4.6437815285,14.438161805985644,5.6539696441,1.8374538859,6.9978626033,-4.2237815285
1897,1897,1897.0,1897.0,1897.0,1897.0,1897.0,1897.0,1897.0,1897.0,1897.0,1897.0,1897.0,1897.0,1897.0,1897.0,1897.0,1897.0,1897.0,1897.0,1897.0,1897.0,1897.0,1897.0,1897.0,1897.0,1897.0,1897.0,1897.0,1897.0,1897.0,1897.0,1897.0,1897.0,1897.0,1897.0,1897.0,1897.0,1897.0,1897.0,1897.0,1897.0,7.0,0.7,-1.9603494921,-2.8278942582,-14.997006570138748,7.49142353,1.7419804686000004,5.1604087174,-2.6478942582
1898,1898,1898.0,1898.0,1898.0,1898.0,1898.0,1898.0,1898.0,1898.0,1898.0,1898.0,1898.0,1898.0,1898.0,1898.0,1898.0,1898.0,1898.0,1898.0,1898.0,1898.0,1898.0,1898.0,1898.0,1898.0,1898.0,1898.0,1898.0,1898.0,1898.0,1898.0,1898.0,1898.0,1898.0,1898.0,1898.0,1898.0,1898.0,1898.0,1898.0,1898.0,8.0,0.8,-2.3020060077,-3.9859383996,8.956254290046004,9.2334039986,1.7977475693000002,3.4184282488,-4.205938399600001
1899,1899,1899.0,1899.0,1899.0,1899.0,1899.0,1899.0,1899.0,1899.0,1899.0,1899.0,1899.0,1899.0,1899.0,1899.0,1899.0,1899.0,1899.0,1899.0,1899.0,1899.0,1899.0,1899.0,1899.0,1899.0,1899.0,1899.0,1899.0,1899.0,1899.0,1899.0,1899.0,1899.0,1899.0,1899.0,1899.0,1899.0,1899.0,1899.0,1899.0,1899.0,9.0,0.9,-2.6379935399,-2.7543254384,-5.436122254689423,11.0311515679,1.6206806794999995,1.6206806794999995,-3.5343254384
1900,1900,1900.0,1900.0,1900.0,1900.0,1900.0,1900.0,1900.0,1900.0,1900.0,1900.0,1900.0,1900.0,1900.0,1900.0,1900.0,1900.0,1900.0,1900.0,1900.0,1900.0,1900.0,1900.0,1900.0,1900.0,1900.0,1900.0,1900.0,1900.0,1900.0,1900.0,1900.0,1900.0,1900.0,1900.0,1900.0,1900.0,1900.0,1900.0,1900.0,1900.0,0.0,0.0,0.0,-1.0,-2.404262220719051,0.0,0.1174549572,5.682796620300001,-2.5
1901,1901,1901.0,1901.0,1901.0,1901.0,1901.0,1901.0,1901.0,1901.0,1901.0,1901.0,1901.0,1901.0,1901.0,1901.0,1901.0,1901.0,1901.0,1901.0,1901.0,1901.0,1901.0,1901.0,1901.0,1901.0,1901.0,1901.0,1901.0,1901.0,1901.0,1901.0,1901.0,1901.0,1901.0,1901.0,1901.0,1901.0,1901.0,1901.0,1901.0,1901.0,1.0,0.1,-0.1067930432,-1.1336331789,-13.707308626418737,0.1174549572,0.4129238951,5.565341663100002,-1.9136331789000005
1902,1902,1902.0,1902.0,1902.0,1902.0,1902.0,1902.0,1902.0,1902.0,1902.0,1902.0,1902.0,1902.0,1902.0,1902.0,1902.0,1902.0,1902.0,1902.0,1902.0,1902.0,1902.0,1902.0,1902.0,1902.0,1902.0,1902.0,1902.0,1902.0,1902.0,1902.0,1902.0,1902.0,1902.0,1902.0,1902.0,1902.0,1902.0,1902.0,1902.0,1902.0,2.0,0.2,-0.2809804954,-2.3301765894,3.300404150615577,0.5303788523,0.4467283862,5.152417768000001,-2.5501765894000004
1903,1903,1903.0,1903.0,1903.0,1903.0,1903.0,1903.0,1903.0,1903.0,1903.0,1903.0,1903.0,1903.0,1903.0,1903.0,1903.0,1903.0,1903.0,1903.0,1903.0,1903.0,1903.0,1903.0,1903.0,1903.0,1903.0,1903.0,1903.0,1903.0,1903.0,1903.0,1903.0,1903.0,1903.0,1903.0,1903.0,1903.0,1903.0,1903.0,1903.0,1903.0,3.0,0.3,-0.4867607645,-1.7943559052,-6.664331728305562,0.9771072385,0.4705560773,4.705689381800001,-1.6143559052
1904,1904,1904.0,1904.0,1904.0,1904.0,1904.0,1904.0,1904.0,1904.0,1904.0,1904.0,1904.0,1904.0,1904.0,1904.0,1904.0,1904.0,1904.0,1904.0,1904.0,1904.0,1904.0,1904.0,1904.0,1904.0,1904.0,1904.0,1904.0,1904.0,1904.0,1904.0,1904.0,1904.0,1904.0,1904.0,1904.0,1904.0,1904.0,1904.0,1904.0,1904.0,4.0,0.4,-0.6897544882,-2.2577953543,-9.18088438894696,1.4476633158,0.7847708409,4.235133304500001,-1.8377953543
1905,1905,1905.0,1905.0,1905.0,1905.0,1905.0,1905.0,1905.0,1905.0,1905.0,1905.0,1905.0,1905.0,1905.0,1905.0,1905.0,1905.0,1905.0,1905.0,1905.0,1905.0,1905.0,1905.0,1905.0,1905.0,1905.0,1905.0,1905.0,1905.0,1905.0,1905.0,1905.0,1905.0,1905.0,1905.0,1905.0,1905.0,1905.0,1905.0,1905.0,1905.0,5.0,0.5,-0.9490239282,-2.9166143532,7.878498873840847,2.2324341567,0.7296904403999998,3.4503624636000003,-2.4166143532
1906,1906,1906.0,1906.0,1906.0,1906.0,1906.0,1906.0,1906.0,1906.0,1906.0,1906.0,1906.0,1906.0,1906.0,1906.0,1906.0,1906.0,1906.0,1906.0,1906.0,1906.0,1906.0,1906.0,1906.0,1906.0,1906.0,1906.0,1906.0,1906.0,1906.0,1906.0,1906.0,1906.0,1906.0,1906.0,1906.0,1906.0,1906.0,1906.0,1906.0,1906.0,6.0,0.6,-1.1884650591,-1.8893233349,-2.764010000178793,2.9621245971,0.5422682488000001,2.720672023200001,-1.4693233349
1907,1907,1907.0,1907.0,1907.0,1907.0,1907.0,1907.0,1907.0,1907.0,1907.0,1907.0,1907.0,1907.0,1907.0,1907.0,1907.0,1907.0,1907.0,1907.0,1907.0,1907.0,1907.0,1907.0,1907.0,1907.0,1907.0,1907.0,1907.0,1907.0,1907.0,1907.0,1907.0,1907.0,1907.0,1907.0,1907.0,1907.0,1907.0,1907.0,1907.0,1907.0,7.0,0.7,-1.3816284686,-1.9725609254,2.776275526313423,3.5043928459,0.5263932040999997,2.1784037744000004,-1.7925609254
1908,1908,1908.0,1908.0,1908.0,1908.0,1908.0,1908.0,1908.0,1908.0,1908.0,1908.0,1908.0,1908.0,1908.0,1908.0,1908.0,1908.0,1908.0,1908.0,1908.0,1908.0,1908.0,1908.0,1908.0,1908.0,1908.0,1908.0,1908.0,1908.0,1908.0,1908.0,1908.0,1908.0,1908.0,1908.0,1908.0,1908.0,1908.0,1908.0,1908.0,1908.0,8.0,0.8,-1.5559126245,-1.5206492169,-13.55869982131205,4.03078605,0.8182267641000003,1.6520105703000008,-1.7406492169000003
1909,1909,1909.0,1909.0,1909.0,1909.0,1909.0,1909.0,1909.0,1909.0,1909.0,1909.0,1909.0,1909.0,1909.0,1909.0,1909.0,1909.0,1909.0,1909.0,1909.0,1909.0,1909.0,1909.0,1909.0,1909.0,1909.0,1909.0,1909.0,1909.0,1909.0,1909.0,1909.0,1909.0,1909.0,1909.0,1909.0,1909.0,1909.0,1909.0,1909.0,1909.0,9.0,0.9,-1.7662106429,-2.6662211806,10.41355569272804,4.8490128141,0.8337838062000005,0.8337838062000005,-3.4462211806000003
1910,1910,1910.0,1910.0,1910.0,1910.0,1910.0,1910.0,1910.0,1910.0,1910.0,1910.0,1910.0,1910.0,1910.0,1910.0,1910.0,1910.0,1910.0,1910.0,1910.0,1910.0,1910.0,1910.0,1910.0,1910.0,1910.0,1910.0,1910.0,1910.0,1910.0,1910.0,1910.0,1910.0,1910.0,1910.0,1910.0,1910.0,1910.0,1910.0,1910.0,1910.0,0.0,0.0,0.0,-1.0,-14.814699710493882,0.0,0.4032117559,4.6877925997,0.3825257223
1911,1911,1911.0,1911.0,1911.0,1911.0,1911.0,1911.0,1911.0,1911.0,1911.0,1911.0,1911.0,1911.0,1911.0,1911.0,1911.0,1911.0,1911.0,1911.0,1911.0,1911.0,1911.0,1911.0,1911.0,1911.0,1911.0,1911.0,1911.0,1911.0,1911.0,1911.0,1911.0,1911.0,1911.0,1911.0,1911.0,1911.0,1911.0,1911.0,1911.0,1911.0,1.0,0.1,-0.1668274786,-2.3146424925,-4.725385300523319,0.4032117559,0.6114061657,4.2845808438,0.3825257223
1912,1912,1912.0,1912.0,1912.0,1912.0,1912.0,1912.0,1912.0,1912.0,1912.0,1912.0,1912.0,1912.0,1912.0,1912.0,1912.0,1912.0,1912.0,1912.0,1912.0,1912.0,1912.0,1912.0,1912.0,1912.0,1912.0,1912.0,1912.0,1912.0,1912.0,1912.0,1912.0,1912.0,1912.0,1912.0,1912.0,1912.0,1912.0,1912.0,1912.0,1912.0,2.0,0.2,-0.4099535006,-2.5440550005,3.705665668176074,1.0146179216,0.5405393976000001,3.6731746781,0.3825257223
1913,1913,1913.0,1913.0,1913.0,1913.0,1913.0,1913.0,1913.0,1913.0,1913.0,1913.0,1913.0,1913.0,1913.0,1913.0,1913.0,1913.0,1913.0,1913.0,1913.0,1913.0,1913.0,1913.0,1913.0,1913.0,1913.0,1913.0,1913.0,1913.0,1913.0,1913.0,1913.0,1913.0,1913.0,1913.0,1913.0,1913.0,1913.0,1913.0,1913.0,1913.0,3.0,0.3,-0.6341264863,-1.949315448,18.14094608701897,1.5551573192,0.3394783780999999,3.1326352805,0.3825257223
1914,1914,1914.0,1914.0,1914.0,1914.0,1914.0,1914.0,1914.0,1914.0,1914.0,1914.0,1914.0,1914.0,1914.0,1914.0,1914.0,1914.0,1914.0,1914.0,1914.0,1914.0,1914.0,1914.0,1914.0,1914.0,1914.0,1914.0,1914.0,1914.0,1914.0,1914.0,1914.0,1914.0,1914.0,1914.0,1914.0,1914.0,1914.0,1914.0,1914.0,1914.0,4.0,0.4,-0.7318730479,-0.0374742777,-19.82152498849624,1.8946356973,0.3836345897999997,2.7931569024,0.3825257223
1915,1915,1915.0,1915.0,1915.0,1915.0,1915.0,1915.0,1915.0,1915.0,1915.0,1915.0,1915.0,1915.0,1915.0,1915.0,1915.0,1915.0,1915.0,1915.0,1915.0,1915.0,1915.0,1915.0,1915.0,1915.0,1915.0,1915.0,1915.0,1915.0,1915.0,1915.0,1915.0,1915.0,1915.0,1915.0,1915.0,1915.0,1915.0,1915.0,1915.0,1915.0,5.0,0.5,-0.8313241993,-1.9201756251,16.126029329645554,2.2782702871,0.3449937409000001,2.4095223126,0.3825257223
1916,1916,1916.0,1916.0,1916.0,1916.0,1916.0,1916.0,1916.0,1916.0,1916.0,1916.0,1916.0,1916.0,1916.0,1916.0,1916.0,1916.0,1916.0,1916.0,1916.0,1916.0,1916.0,1916.0,1916.0,1916.0,1916.0,1916.0,1916.0,1916.0,1916.0,1916.0,1916.0,1916.0,1916.0,1916.0,1916.0,1916.0,1916.0,1916.0,1916.0,1916.0,6.0,0.6,-0.9360447398,-0.2028521517,2.028373255115884,2.623264028,0.0921780555000002,2.0645285717,0.3825257223
1917,1917,1917.0,1917.0,1917.0,1917.0,1917.0,1917.0,1917.0,1917.0,1917.0,1917.0,1917.0,1917.0,1917.0,1917.0,1917.0,1917.0,1917.0,1917.0,1917.0,1917.0,1917.0,1917.0,1917.0,1917.0,1917.0,1917.0,1917.0,1917.0,1917.0,1917.0,1917.0,1917.0,1917.0,1917.0,1917.0,1917.0,1917.0,1917.0,1917.0,1917.0,7.0,0.7,-0.9455370081,0.0094774421,-12.62059707376438,2.7154420835,0.2211250734999996,1.9723505162,0.3825257223
1918,1918,1918.0,1918.0,1918.0,1918.0,1918.0,1918.0,1918.0,1918.0,1918.0,1918.0,1918.0,1918.0,1918.0,1918.0,1918.0,1918.0,1918.0,1918.0,1918.0,1918.0,1918.0,1918.0,1918.0,1918.0,1918.0,1918.0,1918.0,1918.0,1918.0,1918.0,1918.0,1918.0,1918.0,1918.0,1918.0,1918.0,1918.0,1918.0,1918.0,1918.0,8.0,0.8,-1.0056862149,-1.1924330584,-19.44352614929477,2.936567157,0.7651216080000003,1.7512254427,0.3825257223
1919,1919,1919.0,1919.0,1919.0,1919.0,1919.0,1919.0,1919.0,1919.0,1919.0,1919.0,1919.0,1919.0,1919.0,1919.0,1919.0,1919.0,1919.0,1919.0,1919.0,1919.0,1919.0,1919.0,1919.0,1919.0,1919.0,1919.0,1919.0,1919.0,1919.0,1919.0,1919.0,1919.0,1919.0,1919.0,1919.0,1919.0,1919.0,1919.0,1919.0,1919.0,9.0,0.9,-1.2132175273,-2.929254361,-0.8731704020203281,3.701688765,0.9861038346999996,0.9861038346999996,0.3825257223
1920,1920,1920.0,1920.0,1920.0,1920.0,1920.0,1920.0,1920.0,1920.0,1920.0,1920.0,1920.0,1920.0,1920.0,1920.0,1920.0,1920.0,1920.0,1920.0,1920.0,1920.0,1920.0,1920.0,1920.0,1920.0,1920.0,1920.0,1920.0,1920.0,1920.0,1920.0,1920.0,1920.0,1920.0,1920.0,1920.0,1920.0,1920.0,1920.0,1920.0,1920.0,0.0,0.0,0.0,-1.0,4.732053890949214,0.0,0.0661166144,5.0082279953,-2.5
1921,1921,1921.0,1921.0,1921.0,1921.0,1921.0,1921.0,1921.0,1921.0,1921.0,1921.0,1921.0,1921.0,1921.0,1921.0,1921.0,1921.0,1921.0,1921.0,1921.0,1921.0,1921.0,1921.0,1921.0,1921.0,1921.0,1921.0,1921.0,1921.0,1921.0,1921.0,1921.0,1921.0,1921.0,1921.0,1921.0,1921.0,1921.0,1921.0,1921.0,1921.0,1.0,0.1,-0.0722716593,-0.4545229516,-3.0337607419655583,0.0661166144,0.0396736114,4.9421113809,-1.2345229516000005
1922,1922,1922.0,1922.0,1922.0,1922.0,1922.0,1922.0,1922.0,1922.0,1922.0,1922.0,1922.0,1922.0,1922.0,1922.0,1922.0,1922.0,1922.0,1922.0,1922.0,1922.0,1922.0,1922.0,1922.0,1922.0,1922.0,1922.0,1922.0,1922.0,1922.0,1922.0,1922.0,1922.0,1922.0,1922.0,1922.0,1922.0,1922.0,1922.0,1922.0,1922.0,2.0,0.2,-0.1302008079,-0.6999698772,-16.71811757803011,0.1057902258,0.3804635593,4.9024377695000005,-0.9199698772
1923,1923,1923.0,1923.0,1923.0,1923.0,1923.0,1923.0,1923.0,1923.0,1923.0,1923.0,1923.0,1923.0,1923.0,1923.0,1923.0,1923.0,1923.0,1923.0,1923.0,1923.0,1923.0,1923.0,1923.0,1923.0,1923.0,1923.0,1923.0,1923.0,1923.0,1923.0,1923.0,1923.0,1923.0,1923.0,1923.0,1923.0,1923.0,1923.0,1923.0,1923.0,3.0,0.3,-0.2776842755,-2.2242981674,-14.744660067401975,0.4862537851,0.9388155353,4.521974210200001,-2.0442981674
1924,1924,1924.0,1924.0,1924.0,1924.0,1924.0,1924.0,1924.0,1924.0,1924.0,1924.0,1924.0,1924.0,1924.0,1924.0,1924.0,1924.0,1924.0,1924.0,1924.0,1924.0,1924.0,1924.0,1924.0,1924.0,1924.0,1924.0,1924.0,1924.0,1924.0,1924.0,1924.0,1924.0,1924.0,1924.0,1924.0,1924.0,1924.0,1924.0,1924.0,1924.0,4.0,0.4,-0.5606803493,-3.4157681003,8.478997244659809,1.4250693204,0.9047773280000002,3.5831586749000004,-2.9957681003000003
1925,1925,1925.0,1925.0,1925.0,1925.0,1925.0,1925.0,1925.0,1925.0,1925.0,1925.0,1925.0,1925.0,1925.0,1925.0,1925.0,1925.0,1925.0,1925.0,1925.0,1925.0,1925.0,1925.0,1925.0,1925.0,1925.0,1925.0,1925.0,1925.0,1925.0,1925.0,1925.0,1925.0,1925.0,1925.0,1925.0,1925.0,1925.0,1925.0,1925.0,1925.0,5.0,0.5,-0.8447172058,-2.2838315194,-4.360685260089454,2.3298466484,0.6714021008,2.6783813469,-1.7838315194
1926,1926,1926.0,1926.0,1926.0,1926.0,1926.0,1926.0,1926.0,1926.0,1926.0,1926.0,1926.0,1926.0,1926.0,1926.0,1926.0,1926.0,1926.0,1926.0,1926.0,1926.0,1926.0,1926.0,1926.0,1926.0,1926.0,1926.0,1926.0,1926.0,1926.0,1926.0,1926.0,1926.0,1926.0,1926.0,1926.0,1926.0,1926.0,1926.0,1926.0,1926.0,6.0,0.6,-1.083145859,-2.4814713922,18.202538127160544,3.0012487492,0.5551705755,2.0069792461,-2.0614713922
1927,1927,1927.0,1927.0,1927.0,1927.0,1927.0,1927.0,1927.0,1927.0,1927.0,1927.0,1927.0,1927.0,1927.0,1927.0,1927.0,1927.0,1927.0,1927.0,1927.0,1927.0,1927.0,1927.0,1927.0,1927.0,1927.0,1927.0,1927.0,1927.0,1927.0,1927.0,1927.0,1927.0,1927.0,1927.0,1927.0,1927.0,1927.0,1927.0,1927.0,1927.0,7.0,0.7,-1.2312358192,-0.5131276193,-17.65116001387696,3.5564193247,0.5232971790000001,1.4518086706000002,-0.3331276192999998
1928,1928,1928.0,1928.0,1928.0,1928.0,1928.0,1928.0,1928.0,1928.0,1928.0,1928.0,1928.0,1928.0,1928.0,1928.0,1928.0,1928.0,1928.0,1928.0,1928.0,1928.0,1928.0,1928.0,1928.0,1928.0,1928.0,1928.0,1928.0,1928.0,1928.0,1928.0,1928.0,1928.0,1928.0,1928.0,1928.0,1928.0,1928.0,1928.0,1928.0,1928.0,8.0,0.8,-1.3654523846,-2.1440270553,9.446606690939555,4.0797165037,0.5170109285999995,0.9285114916,-2.3640270553
1929,1929,1929.0,1929.0,1929.0,1929.0,1929.0,1929.0,1929.0,1929.0,1929.0,1929.0,1929.0,1929.0,1929.0,1929.0,1929.0,1929.0,1929.0,1929.0,1929.0,1929.0,1929.0,1929.0,1929.0,1929.0,1929.0,1929.0,1929.0,1929.0,1929.0,1929.0,1929.0,1929.0,1929.0,1929.0,1929.0,1929.0,1929.0,1929.0,1929.0,1929.0,9.0,0.9,-1.5237862969,-1.0410324739,-4.743044028347612,4.5967274323,0.4115005630000006,0.4115005630000006,-1.8210324739000003
1930,1930,1930.0,1930.0,1930.0,1930.0,1930.0,1930.0,1930.0,1930.0,1930.0,1930.0,1930.0,1930.0,1930.0,1930.0,1930.0,1930.0,1930.0,1930.0,1930.0,1930.0,1930.0,1930.0,1930.0,1930.0,1930.0,1930.0,1930.0,1930.0,1930.0,1930.0,1930.0,1930.0,1930.0,1930.0,1930.0,1930.0,1930.0,1930.0,1930.0,1930.0,0.0,0.0,0.0,-1.0,-8.570001272477562,0.0,0.2282392534,6.9916746997,-2.5
1931,1931,1931.0,1931.0,1931.0,1931.0,1931.0,1931.0,1931.0,1931.0,1931.0,1931.0,1931.0,1931.0,1931.0,1931.0,1931.0,1931.0,1931.0,1931.0,1931.0,1931.0,1931.0,1931.0,1931.0,1931.0,1931.0,1931.0,1931.0,1931.0,1931.0,1931.0,1931.0,1931.0,1931.0,1931.0,1931.0,1931.0,1931.0,1931.0,1931.0,1931.0,1.0,0.1,-0.1366192612,-1.7203808661,5.810581584879408,0.2282392534,0.2096366002999999,6.7634354463,-2.5003808661000004
1932,1932,1932.0,1932.0,1932.0,1932.0,1932.0,1932.0,1932.0,1932.0,1932.0,1932.0,1932.0,1932.0,1932.0,1932.0,1932.0,1932.0,1932.0,1932.0,1932.0,1932.0,1932.0,1932.0,1932.0,1932.0,1932.0,1932.0,1932.0,1932.0,1932.0,1932.0,1932.0,1932.0,1932.0,1932.0,1932.0,1932.0,1932.0,1932.0,1932.0,1932.0,2.0,0.2,-0.2722269849,-1.0037149839,-4.398314101784756,0.4378758537,0.157814662,6.553798846,-1.2237149839
1933,1933,1933.0,1933.0,1933.0,1933.0,1933.0,1933.0,1933.0,1933.0,1933.0,1933.0,1933.0,1933.0,1933.0,1933.0,1933.0,1933.0,1933.0,1933.0,1933.0,1933.0,1933.0,1933.0,1933.0,1933.0,1933.0,1933.0,1933.0,1933.0,1933.0,1933.0,1933.0,1933.0,1933.0,1933.0,1933.0,1933.0,1933.0,1933.0,1933.0,1933.0,3.0,0.3,-0.3890196001,-1.3267537789,2.71611713453278,0.5956905157,0.1531283167,6.3959841840000005,-1.1467537789
1934,1934,1934.0,1934.0,1934.0,1934.0,1934.0,1934.0,1934.0,1934.0,1934.0,1934.0,1934.0,1934.0,1934.0,1934.0,1934.0,1934.0,1934.0,1934.0,1934.0,1934.0,1934.0,1934.0,1934.0,1934.0,1934.0,1934.0,1934.0,1934.0,1934.0,1934.0,1934.0,1934.0,1934.0,1934.0,1934.0,1934.0,1934.0,1934.0,1934.0,1934.0,4.0,0.4,-0.5021380334,-0.942023632,-15.260367067987994,0.7488188324,0.4321247216999999,6.2428558673,-0.522023632
1935,1935,1935.0,1935.0,1935.0,1935.0,1935.0,1935.0,1935.0,1935.0,1935.0,1935.0,1935.0,1935.0,1935.0,1935.0,1935.0,1935.0,1935.0,1935.0,1935.0,1935.0,1935.0,1935.0,1935.0,1935.0,1935.0,1935.0,1935.0,1935.0,1935.0,1935.0,1935.0,1935.0,1935.0,1935.0,1935.0,1935.0,1935.0,1935.0,1935.0,1935.0,5.0,0.5,-0.6656042048,-2.3045941675,-11.926184469716672,1.1809435541,0.90948763,5.8107311456,-1.8045941675
1936,1936,1936.0,1936.0,1936.0,1936.0,1936.0,1936.0,1936.0,1936.0,1936.0,1936.0,1936.0,1936.0,1936.0,1936.0,1936.0,1936.0,1936.0,1936.0,1936.0,1936.0,1936.0,1936.0,1936.0,1936.0,1936.0,1936.0,1936.0,1936.0,1936.0,1936.0,1936.0,1936.0,1936.0,1936.0,1936.0,1936.0,1936.0,1936.0,1936.0,1936.0,6.0,0.6,-0.9426072648,-3.2202095545,-14.622132966146882,2.0904311841,1.6664469771,4.9012435156,-2.8002095545
1937,1937,1937.0,1937.0,1937.0,1937.0,1937.0,1937.0,1937.0,1937.0,1937.0,1937.0,1937.0,1937.0,1937.0,1937.0,1937.0,1937.0,1937.0,1937.0,1937.0,1937.0,1937.0,1937.0,1937.0,1937.0,1937.0,1937.0,1937.0,1937.0,1937.0,1937.0,1937.0,1937.0,1937.0,1937.0,1937.0,1937.0,1937.0,1937.0,1937.0,1937.0,7.0,0.7,-1.3197841081,-4.3052460078,16.815193093029578,3.7568781612,1.4793360194000005,3.2347965385,-4.1252460078
1938,1938,1938.0,1938.0,1938.0,1938.0,1938.0,1938.0,1938.0,1938.0,1938.0,1938.0,1938.0,1938.0,1938.0,1938.0,1938.0,1938.0,1938.0,1938.0,1938.0,1938.0,1938.0,1938.0,1938.0,1938.0,1938.0,1938.0,1938.0,1938.0,1938.0,1938.0,1938.0,1938.0,1938.0,1938.0,1938.0,1938.0,1938.0,1938.0,1938.0,1938.0,8.0,0.8,-1.648140481,-2.2953703256,-3.069906800800556,5.2362141806,0.8606569406000002,1.7554605190999997,-2.5153703256
1939,1939,1939.0,1939.0,1939.0,1939.0,1939.0,1939.0,1939.0,1939.0,1939.0,1939.0,1939.0,1939.0,1939.0,1939.0,1939.0,1939.0,1939.0,1939.0,1939.0,1939.0,1939.0,1939.0,1939.0,1939.0,1939.0,1939.0,1939.0,1939.0,1939.0,1939.0,1939.0,1939.0,1939.0,1939.0,1939.0,1939.0,1939.0,1939.0,1939.0,1939.0,9.0,0.9,-1.8814240177,-2.3690774689,0.587959136257453,6.0968711212,0.8948035784999995,0.8948035784999995,-3.1490774689000003
1940,1940,1940.0,1940.0,1940.0,1940.0,1940.0,1940.0,1940.0,1940.0,1940.0,1940.0,1940.0,1940.0,1940.0,1940.0,1940.0,1940.0,1940.0,1940.0,1940.0,1940.0,1940.0,1940.0,1940.0,1940.0,1940.0,1940.0,1940.0,1940.0,1940.0,1940.0,1940.0,1940.0,1940.0,1940.0,1940.0,1940.0,1940.0,1940.0,1940.0,1940.0,0.0,0.0,0.0,-1.0,-9.398803327221232,0.0,0.2478262059,12.654325570999998,-2.5
1941,1941,1941.0,1941.0,1941.0,1941.0,1941.0,1941.0,1941.0,1941.0,1941.0,1941.0,1941.0,1941.0,1941.0,1941.0,1941.0,1941.0,1941.0,1941.0,1941.0,1941.0,1941.0,1941.0,1941.0,1941.0,1941.0,1941.0,1941.0,1941.0,1941.0,1941.0,1941.0,1941.0,1941.0,1941.0,1941.0,1941.0,1941.0,1941.0,1941.0,1941.0,1.0,0.1,-0.1406285228,-1.7992518099,-11.483893608662685,0.2478262059,0.5937788969,12.406499365099998,-2.5792518099000006
1942,1942,1942.0,1942.0,1942.0,1942.0,1942.0,1942.0,1942.0,1942.0,1942.0,1942.0,1942.0,1942.0,1942.0,1942.0,1942.0,1942.0,1942.0,1942.0,1942.0,1942.0,1942.0,1942.0,1942.0,1942.0,1942.0,1942.0,1942.0,1942.0,1942.0,1942.0,1942.0,1942.0,1942.0,1942.0,1942.0,1942.0,1942.0,1942.0,1942.0,1942.0,2.0,0.2,-0.3674023563,-2.7208673373,-12.213184153659697,0.8416051028,1.120421077,11.812720468199998,-2.9408673373000003
1943,1943,1943.0,1943.0,1943.0,1943.0,1943.0,1943.0,1943.0,1943.0,1943.0,1943.0,1943.0,1943.0,1943.0,1943.0,1943.0,1943.0,1943.0,1943.0,1943.0,1943.0,1943.0,1943.0,1943.0,1943.0,1943.0,1943.0,1943.0,1943.0,1943.0,1943.0,1943.0,1943.0,1943.0,1943.0,1943.0,1943.0,1943.0,1943.0,1943.0,1943.0,3.0,0.3,-0.6854073099,-3.624180799,14.384152928200692,1.9620261798,0.9565935209999998,10.6922993912,-3.444180799
1944,1944,1944.0,1944.0,1944.0,1944.0,1944.0,1944.0,1944.0,1944.0,1944.0,1944.0,1944.0,1944.0,1944.0,1944.0,1944.0,1944.0,1944.0,1944.0,1944.0,1944.0,1944.0,1944.0,1944.0,1944.0,1944.0,1944.0,1944.0,1944.0,1944.0,1944.0,1944.0,1944.0,1944.0,1944.0,1944.0,1944.0,1944.0,1944.0,1944.0,1944.0,4.0,0.4,-0.9607115711,-1.910461245,-14.421390842564934,2.9186197008,0.8650861704000001,9.7357058702,-1.490461245
1945,1945,1945.0,1945.0,1945.0,1945.0,1945.0,1945.0,1945.0,1945.0,1945.0,1945.0,1945.0,1945.0,1945.0,1945.0,1945.0,1945.0,1945.0,1945.0,1945.0,1945.0,1945.0,1945.0,1945.0,1945.0,1945.0,1945.0,1945.0,1945.0,1945.0,1945.0,1945.0,1945.0,1945.0,1945.0,1945.0,1945.0,1945.0,1945.0,1945.0,1945.0,5.0,0.5,-1.2122783079,-3.1010335925,9.020407843222936,3.7837058712,0.8662706295000002,8.870619699799999,-2.6010335925
1946,1946,1946.0,1946.0,1946.0,1946.0,1946.0,1946.0,1946.0,1946.0,1946.0,1946.0,1946.0,1946.0,1946.0,1946.0,1946.0,1946.0,1946.0,1946.0,1946.0,1946.0,1946.0,1946.0,1946.0,1946.0,1946.0,1946.0,1946.0,1946.0,1946.0,1946.0,1946.0,1946.0,1946.0,1946.0,1946.0,1946.0,1946.0,1946.0,1946.0,1946.0,6.0,0.6,-1.4637454181,-1.9475256979,-18.271250376114008,4.6499765007,1.1889305302999995,8.004349070299998,-1.5275256978999998
1947,1947,1947.0,1947.0,1947.0,1947.0,1947.0,1947.0,1947.0,1947.0,1947.0,1947.0,1947.0,1947.0,1947.0,1947.0,1947.0,1947.0,1947.0,1947.0,1947.0,1947.0,1947.0,1947.0,1947.0,1947.0,1947.0,1947.0,1947.0,1947.0,1947.0,1947.0,1947.0,1947.0,1947.0,1947.0,1947.0,1947.0,1947.0,1947.0,1947.0,1947.0,7.0,0.7,-1.7374626805,-3.5009334732,-14.724450302598102,5.838907031,2.1273368155000005,6.81541854,-3.3209334732
1948,1948,1948.0,1948.0,1948.0,1948.0,1948.0,1948.0,1948.0,1948.0,1948.0,1948.0,1948.0,1948.0,1948.0,1948.0,1948.0,1948.0,1948.0,1948.0,1948.0,1948.0,1948.0,1948.0,1948.0,1948.0,1948.0,1948.0,1948.0,1948.0,1948.0,1948.0,1948.0,1948.0,1948.0,1948.0,1948.0,1948.0,1948.0,1948.0,1948.0,1948.0,8.0,0.8,-2.1418488661,-4.5689923179,-1.4290452186759808,7.9662438465,2.5138780951,4.688081724499999,-4.7889923179
1949,1949,1949.0,1949.0,1949.0,1949.0,1949.0,1949.0,1949.0,1949.0,1949.0,1949.0,1949.0,1949.0,1949.0,1949.0,1949.0,1949.0,1949.0,1949.0,1949.0,1949.0,1949.0,1949.0,1949.0,1949.0,1949.0,1949.0,1949.0,1949.0,1949.0,1949.0,1949.0,1949.0,1949.0,1949.0,1949.0,1949.0,1949.0,1949.0,1949.0,1949.0,9.0,0.9,-2.5835588103,-4.2701868955,7.750596525310605,10.4801219416,2.174203629399999,2.174203629399999,-5.0501868955
1950,1950,1950.0,1950.0,1950.0,1950.0,1950.0,1950.0,1950.0,1950.0,1950.0,1950.0,1950.0,1950.0,1950.0,1950.0,1950.0,1950.0,1950.0,1950.0,1950.0,1950.0,1950.0,1950.0,1950.0,1950.0,1950.0,1950.0,1950.0,1950.0,1950.0,1950.0,1950.0,1950.0,1950.0,1950.0,1950.0,1950.0,1950.0,1950.0,1950.0,1950.0,0.0,0.0,0.0,-1.0,-15.305632571534783,0.0,0.4196456162,3.3222822644000005,3.2288264289
1951,1951,1951.0,1951.0,1951.0,1951.0,1951.0,1951.0,1951.0,1951.0,1951.0,1951.0,1951.0,1951.0,1951.0,1951.0,1951.0,1951.0,1951.0,1951.0,1951.0,1951.0,1951.0,1951.0,1951.0,1951.0,1951.0,1951.0,1951.0,1951.0,1951.0,1951.0,1951.0,1951.0,1951.0,1951.0,1951.0,1951.0,1951.0,1951.0,1951.0,1951.0,1.0,0.1,-0.169202326,-2.3613609311,19.555636701146383,0.4196456162,0.4032327305,2.902636648200001,3.2288264289
1952,1952,1952.0,1952.0,1952.0,1952.0,1952.0,1952.0,1952.0,1952.0,1952.0,1952.0,1952.0,1952.0,1952.0,1952.0,1952.0,1952.0,1952.0,1952.0,1952.0,1952.0,1952.0,1952.0,1952.0,1952.0,1952.0,1952.0,1952.0,1952.0,1952.0,1952.0,1952.0,1952.0,1952.0,1952.0,1952.0,1952.0,1952.0,1952.0,1952.0,1952.0,2.0,0.2,-0.2993167418,-0.2756828453,14.418690699331345,0.8228783467,0.1475594938,2.4994039177000005,3.2288264289
1953,1953,1953.0,1953.0,1953.0,1953.0,1953.0,1953.0,1953.0,1953.0,1953.0,1953.0,1953.0,1953.0,1953.0,1953.0,1953.0,1953.0,1953.0,1953.0,1953.0,1953.0,1953.0,1953.0,1953.0,1953.0,1953.0,1953.0,1953.0,1953.0,1953.0,1953.0,1953.0,1953.0,1953.0,1953.0,1953.0,1953.0,1953.0,1953.0,1953.0,1953.0,3.0,0.3,-0.2558021988,1.1226716817,18.84134411153274,0.9704378405,0.5964021704,2.3518444239000003,3.2288264289
1954,1954,1954.0,1954.0,1954.0,1954.0,1954.0,1954.0,1954.0,1954.0,1954.0,1954.0,1954.0,1954.0,1954.0,1954.0,1954.0,1954.0,1954.0,1954.0,1954.0,1954.0,1954.0,1954.0,1954.0,1954.0,1954.0,1954.0,1954.0,1954.0,1954.0,1954.0,1954.0,1954.0,1954.0,1954.0,1954.0,1954.0,1954.0,1954.0,1954.0,1954.0,4.0,0.4,-0.0578225349,2.8088264289,-5.79733715592873,1.5668400109,0.5957458507000002,1.7554422535,3.2288264289
1955,1955,1955.0,1955.0,1955.0,1955.0,1955.0,1955.0,1955.0,1955.0,1955.0,1955.0,1955.0,1955.0,1955.0,1955.0,1955.0,1955.0,1955.0,1955.0,1955.0,1955.0,1955.0,1955.0,1955.0,1955.0,1955.0,1955.0,1955.0,1955.0,1955.0,1955.0,1955.0,1955.0,1955.0,1955.0,1955.0,1955.0,1955.0,1955.0,1955.0,1955.0,5.0,0.5,0.1814284181,1.9898417604,-0.9202007218935152,2.1625858616,0.3508804743999998,1.1596964028,3.2288264289
1956,1956,1956.0,1956.0,1956.0,1956.0,1956.0,1956.0,1956.0,1956.0,1956.0,1956.0,1956.0,1956.0,1956.0,1956.0,1956.0,1956.0,1956.0,1956.0,1956.0,1956.0,1956.0,1956.0,1956.0,1956.0,1956.0,1956.0,1956.0,1956.0,1956.0,1956.0,1956.0,1956.0,1956.0,1956.0,1956.0,1956.0,1956.0,1956.0,1956.0,1956.0,6.0,0.6,0.3663354797,1.7129146266,-17.409120492288906,2.513466336,0.2589778948000001,0.8088159284,3.2288264289
1957,1957,1957.0,1957.0,1957.0,1957.0,1957.0,1957.0,1957.0,1957.0,1957.0,1957.0,1957.0,1957.0,1957.0,1957.0,1957.0,1957.0,1957.0,1957.0,1957.0,1957.0,1957.0,1957.0,1957.0,1957.0,1957.0,1957.0,1957.0,1957.0,1957.0,1957.0,1957.0,1957.0,1957.0,1957.0,1957.0,1957.0,1957.0,1957.0,1957.0,1957.0,7.0,0.7,0.4451256646,-0.1067876076,-15.78302047375185,2.7724442308,0.2351653141,0.5498380335999999,3.2288264289
1958,1958,1958.0,1958.0,1958.0,1958.0,1958.0,1958.0,1958.0,1958.0,1958.0,1958.0,1958.0,1958.0,1958.0,1958.0,1958.0,1958.0,1958.0,1958.0,1958.0,1958.0,1958.0,1958.0,1958.0,1958.0,1958.0,1958.0,1958.0,1958.0,1958.0,1958.0,1958.0,1958.0,1958.0,1958.0,1958.0,1958.0,1958.0,1958.0,1958.0,1958.0,8.0,0.8,0.3586144332,-1.5985784236,18.15594023636754,3.0076095449,0.2453191700999997,0.3146727194999998,3.2288264289
1959,1959,1959.0,1959.0,1959.0,1959.0,1959.0,1959.0,1959.0,1959.0,1959.0,1959.0,1959.0,1959.0,1959.0,1959.0,1959.0,1959.0,1959.0,1959.0,1959.0,1959.0,1959.0,1959.0,1959.0,1959.0,1959.0,1959.0,1959.0,1959.0,1959.0,1959.0,1959.0,1959.0,1959.0,1959.0,1959.0,1959.0,1959.0,1959.0,1959.0,1959.0,9.0,0.9,0.2943171307,0.2813129026,6.594450135443836,3.252928715,0.0693535494000001,0.0693535494000001,3.2288264289
1960,1960,1960.0,1960.0,1960.0,1960.0,1960.0,1960.0,1960.0,1960.0,1960.0,1960.0,1960.0,1960.0,1960.0,1960.0,1960.0,1960.0,1960.0,1960.0,1960.0,1960.0,1960.0,1960.0,1960.0,1960.0,1960.0,1960.0,1960.0,1960.0,1960.0,1960.0,1960.0,1960.0,1960.0,1960.0,1960.0,1960.0,1960.0,1960.0,1960.0,1960.0,0.0,0.0,0.0,-1.0,10.079676766108156,0.0,0.0817165301,3.7876682522,-2.5
1961,1961,1961.0,1961.0,1961.0,1961.0,1961.0,1961.0,1961.0,1961.0,1961.0,1961.0,1961.0,1961.0,1961.0,1961.0,1961.0,1961.0,1961.0,1961.0,1961.0,1961.0,1961.0,1961.0,1961.0,1961.0,1961.0,1961.0,1961.0,1961.0,1961.0,1961.0,1961.0,1961.0,1961.0,1961.0,1961.0,1961.0,1961.0,1961.0,1961.0,1961.0,1.0,0.1,-0.0464029715,0.0543706481,-13.13717325493962,0.0817165301,0.1339555284,3.7059517221,-0.7256293519000002
1962,1962,1962.0,1962.0,1962.0,1962.0,1962.0,1962.0,1962.0,1962.0,1962.0,1962.0,1962.0,1962.0,1962.0,1962.0,1962.0,1962.0,1962.0,1962.0,1962.0,1962.0,1962.0,1962.0,1962.0,1962.0,1962.0,1962.0,1962.0,1962.0,1962.0,1962.0,1962.0,1962.0,1962.0,1962.0,1962.0,1962.0,1962.0,1962.0,1962.0,1962.0,2.0,0.2,-0.1047789177,-1.2009707312,-3.7289333138654257,0.2156720585,0.1855361184999999,3.5719961937,-1.4209707312
1963,1963,1963.0,1963.0,1963.0,1963.0,1963.0,1963.0,1963.0,1963.0,1963.0,1963.0,1963.0,1963.0,1963.0,1963.0,1963.0,1963.0,1963.0,1963.0,1963.0,1963.0,1963.0,1963.0,1963.0,1963.0,1963.0,1963.0,1963.0,1963.0,1963.0,1963.0,1963.0,1963.0,1963.0,1963.0,1963.0,1963.0,1963.0,1963.0,1963.0,1963.0,3.0,0.3,-0.2371048111,-1.4415381692,-5.283483454235638,0.401208177,0.2900833314,3.3864600752,-1.2615381692
1964,1964,1964.0,1964.0,1964.0,1964.0,1964.0,1964.0,1964.0,1964.0,1964.0,1964.0,1964.0,1964.0,1964.0,1964.0,1964.0,1964.0,1964.0,1964.0,1964.0,1964.0,1964.0,1964.0,1964.0,1964.0,1964.0,1964.0,1964.0,1964.0,1964.0,1964.0,1964.0,1964.0,1964.0,1964.0,1964.0,1964.0,1964.0,1964.0,1964.0,1964.0,4.0,0.4,-0.3998434523,-1.8071478734,-2.855515545544165,0.6912915084,0.3738103629,3.0963767438,-1.3871478734
1965,1965,1965.0,1965.0,1965.0,1965.0,1965.0,1965.0,1965.0,1965.0,1965.0,1965.0,1965.0,1965.0,1965.0,1965.0,1965.0,1965.0,1965.0,1965.0,1965.0,1965.0,1965.0,1965.0,1965.0,1965.0,1965.0,1965.0,1965.0,1965.0,1965.0,1965.0,1965.0,1965.0,1965.0,1965.0,1965.0,1965.0,1965.0,1965.0,1965.0,1965.0,5.0,0.5,-0.5856296014,-1.9069132788,-1.3127894168629195,1.0651018713,0.4001792991999999,2.7225663809,-1.4069132788
1966,1966,1966.0,1966.0,1966.0,1966.0,1966.0,1966.0,1966.0,1966.0,1966.0,1966.0,1966.0,1966.0,1966.0,1966.0,1966.0,1966.0,1966.0,1966.0,1966.0,1966.0,1966.0,1966.0,1966.0,1966.0,1966.0,1966.0,1966.0,1966.0,1966.0,1966.0,1966.0,1966.0,1966.0,1966.0,1966.0,1966.0,1966.0,1966.0,1966.0,1966.0,6.0,0.6,-0.7734470408,-1.8503747811,-7.700752225997007,1.4652811705,0.5643906542999999,2.3223870817,-1.4303747810999998
1967,1967,1967.0,1967.0,1967.0,1967.0,1967.0,1967.0,1967.0,1967.0,1967.0,1967.0,1967.0,1967.0,1967.0,1967.0,1967.0,1967.0,1967.0,1967.0,1967.0,1967.0,1967.0,1967.0,1967.0,1967.0,1967.0,1967.0,1967.0,1967.0,1967.0,1967.0,1967.0,1967.0,1967.0,1967.0,1967.0,1967.0,1967.0,1967.0,1967.0,1967.0,7.0,0.7,-0.9867852469,-2.4071117976,4.332626069994564,2.0296718248,0.5664319782000002,1.7579964274000002,-2.2271117976
1968,1968,1968.0,1968.0,1968.0,1968.0,1968.0,1968.0,1968.0,1968.0,1968.0,1968.0,1968.0,1968.0,1968.0,1968.0,1968.0,1968.0,1968.0,1968.0,1968.0,1968.0,1968.0,1968.0,1968.0,1968.0,1968.0,1968.0,1968.0,1968.0,1968.0,1968.0,1968.0,1968.0,1968.0,1968.0,1968.0,1968.0,1968.0,1968.0,1968.0,1968.0,8.0,0.8,-1.1948937578,-1.7657406797,-7.303781707811607,2.596103803,0.6098746414999998,1.1915644492,-1.9857406797
1969,1969,1969.0,1969.0,1969.0,1969.0,1969.0,1969.0,1969.0,1969.0,1969.0,1969.0,1969.0,1969.0,1969.0,1969.0,1969.0,1969.0,1969.0,1969.0,1969.0,1969.0,1969.0,1969.0,1969.0,1969.0,1969.0,1969.0,1969.0,1969.0,1969.0,1969.0,1969.0,1969.0,1969.0,1969.0,1969.0,1969.0,1969.0,1969.0,1969.0,1969.0,9.0,0.9,-1.3982576128,-2.2927549955,8.584359623405817,3.2059784445,0.5816898077000001,0.5816898077000001,-3.0727549955000004
1970,1970,1970.0,1970.0,1970.0,1970.0,1970.0,1970.0,1970.0,1970.0,1970.0,1970.0,1970.0,1970.0,1970.0,1970.0,1970.0,1970.0,1970.0,1970.0,1970.0,1970.0,1970.0,1970.0,1970.0,1970.0,1970.0,1970.0,1970.0,1970.0,1970.0,1970.0,1970.0,1970.0,1970.0,1970.0,1970.0,1970.0,1970.0,1970.0,1970.0,1970.0,0.0,0.0,0.0,-1.0,-10.868537382025456,0.0,0.285296401,23.1803509161,-2.5
1971,1971,1971.0,1971.0,1971.0,1971.0,1971.0,1971.0,1971.0,1971.0,1971.0,1971.0,1971.0,1971.0,1971.0,1971.0,1971.0,1971.0,1971.0,1971.0,1971.0,1971.0,1971.0,1971.0,1971.0,1971.0,1971.0,1971.0,1971.0,1971.0,1971.0,1971.0,1971.0,1971.0,1971.0,1971.0,1971.0,1971.0,1971.0,1971.0,1971.0,1971.0,1.0,0.1,-0.1477382422,-1.939115496,-15.076829109736316,0.285296401,0.7971919317000001,22.8950545151,-2.719115496000001
1972,1972,1972.0,1972.0,1972.0,1972.0,1972.0,1972.0,1972.0,1972.0,1972.0,1972.0,1972.0,1972.0,1972.0,1972.0,1972.0,1972.0,1972.0,1972.0,1972.0,1972.0,1972.0,1972.0,1972.0,1972.0,1972.0,1972.0,1972.0,1972.0,1972.0,1972.0,1972.0,1972.0,1972.0,1972.0,1972.0,1972.0,1972.0,1972.0,1972.0,1972.0,2.0,0.2,-0.405202353,-3.1893342961,5.071688233591818,1.0824883327,0.8272988891999999,22.0978625834,-3.4093342961
1973,1973,1973.0,1973.0,1973.0,1973.0,1973.0,1973.0,1973.0,1973.0,1973.0,1973.0,1973.0,1973.0,1973.0,1973.0,1973.0,1973.0,1973.0,1973.0,1973.0,1973.0,1973.0,1973.0,1973.0,1973.0,1973.0,1973.0,1973.0,1973.0,1973.0,1973.0,1973.0,1973.0,1973.0,1973.0,1973.0,1973.0,1973.0,1973.0,1973.0,1973.0,3.0,0.3,-0.6841738711,-2.4031939547,-16.888583498155384,1.9097872219,1.1912170917999998,21.2705636942,-2.2231939547
1974,1974,1974.0,1974.0,1974.0,1974.0,1974.0,1974.0,1974.0,1974.0,1974.0,1974.0,1974.0,1974.0,1974.0,1974.0,1974.0,1974.0,1974.0,1974.0,1974.0,1974.0,1974.0,1974.0,1974.0,1974.0,1974.0,1974.0,1974.0,1974.0,1974.0,1974.0,1974.0,1974.0,1974.0,1974.0,1974.0,1974.0,1974.0,1974.0,1974.0,1974.0,4.0,0.4,-0.9945651307,-3.7816610449,-17.899227540805107,3.1010043137,2.3157354151,20.0793466024,-3.3616610449
1975,1975,1975.0,1975.0,1975.0,1975.0,1975.0,1975.0,1975.0,1975.0,1975.0,1975.0,1975.0,1975.0,1975.0,1975.0,1975.0,1975.0,1975.0,1975.0,1975.0,1975.0,1975.0,1975.0,1975.0,1975.0,1975.0,1975.0,1975.0,1975.0,1975.0,1975.0,1975.0,1975.0,1975.0,1975.0,1975.0,1975.0,1975.0,1975.0,1975.0,1975.0,5.0,0.5,-1.4410238293,-5.1251251004,-15.69218287372319,5.4167397288,3.604949382600001,17.7636111873,-4.6251251004
1976,1976,1976.0,1976.0,1976.0,1976.0,1976.0,1976.0,1976.0,1976.0,1976.0,1976.0,1976.0,1976.0,1976.0,1976.0,1976.0,1976.0,1976.0,1976.0,1976.0,1976.0,1976.0,1976.0,1976.0,1976.0,1976.0,1976.0,1976.0,1976.0,1976.0,1976.0,1976.0,1976.0,1976.0,1976.0,1976.0,1976.0,1976.0,1976.0,1976.0,1976.0,6.0,0.6,-2.0046522286,-6.1307149885,3.53457515081233,9.0216891114,3.750022549199999,14.1586618047,-5.7107149885
1977,1977,1977.0,1977.0,1977.0,1977.0,1977.0,1977.0,1977.0,1977.0,1977.0,1977.0,1977.0,1977.0,1977.0,1977.0,1977.0,1977.0,1977.0,1977.0,1977.0,1977.0,1977.0,1977.0,1977.0,1977.0,1977.0,1977.0,1977.0,1977.0,1977.0,1977.0,1977.0,1977.0,1977.0,1977.0,1977.0,1977.0,1977.0,1977.0,1977.0,1977.0,7.0,0.7,-2.5709686253,-5.2109410767,-11.508903849843447,12.7717116606,3.921502200600001,10.4086392555,-5.0309410767
1978,1978,1978.0,1978.0,1978.0,1978.0,1978.0,1978.0,1978.0,1978.0,1978.0,1978.0,1978.0,1978.0,1978.0,1978.0,1978.0,1978.0,1978.0,1978.0,1978.0,1978.0,1978.0,1978.0,1978.0,1978.0,1978.0,1978.0,1978.0,1978.0,1978.0,1978.0,1978.0,1978.0,1978.0,1978.0,1978.0,1978.0,1978.0,1978.0,1978.0,1978.0,8.0,0.8,-3.1225289214,-5.8102711656,13.982045444998988,16.6932138612,3.627329618800001,6.4871370549,-6.0302711656
1979,1979,1979.0,1979.0,1979.0,1979.0,1979.0,1979.0,1979.0,1979.0,1979.0,1979.0,1979.0,1979.0,1979.0,1979.0,1979.0,1979.0,1979.0,1979.0,1979.0,1979.0,1979.0,1979.0,1979.0,1979.0,1979.0,1979.0,1979.0,1979.0,1979.0,1979.0,1979.0,1979.0,1979.0,1979.0,1979.0,1979.0,1979.0,1979.0,1979.0,1979.0,9.0,0.9,-3.6078129467,-3.9267825958,-0.5041593400147271,20.32054348,2.8598074360999988,2.8598074360999988,-4.7067825958
1980,1980,1980.0,1980.0,1980.0,1980.0,1980.0,1980.0,1980.0,1980.0,1980.0,1980.0,1980.0,1980.0,1980.0,1980.0,1980.0,1980.0,1980.0,1980.0,1980.0,1980.0,1980.0,1980.0,1980.0,1980.0,1980.0,1980.0,1980.0,1980.0,1980.0,1980.0,1980.0,1980.0,1980.0,1980.0,1980.0,1980.0,1980.0,1980.0,1980.0,1980.0,0.0,0.0,0.0,-1.0,-4.737734386841424,0.0,0.1521392857,19.454213647,-2.5
1981,1981,1981.0,1981.0,1981.0,1981.0,1981.0,1981.0,1981.0,1981.0,1981.0,1981.0,1981.0,1981.0,1981.0,1981.0,1981.0,1981.0,1981.0,1981.0,1981.0,1981.0,1981.0,1981.0,1981.0,1981.0,1981.0,1981.0,1981.0,1981.0,1981.0,1981.0,1981.0,1981.0,1981.0,1981.0,1981.0,1981.0,1981.0,1981.0,1981.0,1981.0,1.0,0.1,-0.1180809885,-1.3556924502,-11.49109953862193,0.1521392857,0.4189206887,19.3020743613,-2.1356924502000005
1982,1982,1982.0,1982.0,1982.0,1982.0,1982.0,1982.0,1982.0,1982.0,1982.0,1982.0,1982.0,1982.0,1982.0,1982.0,1982.0,1982.0,1982.0,1982.0,1982.0,1982.0,1982.0,1982.0,1982.0,1982.0,1982.0,1982.0,1982.0,1982.0,1982.0,1982.0,1982.0,1982.0,1982.0,1982.0,1982.0,1982.0,1982.0,1982.0,1982.0,1982.0,2.0,0.2,-0.3026793877,-2.3202040048,-11.928863722646934,0.5710599744,0.8732599162000001,18.8831536726,-2.5402040048
1983,1983,1983.0,1983.0,1983.0,1983.0,1983.0,1983.0,1983.0,1983.0,1983.0,1983.0,1983.0,1983.0,1983.0,1983.0,1983.0,1983.0,1983.0,1983.0,1983.0,1983.0,1983.0,1983.0,1983.0,1983.0,1983.0,1983.0,1983.0,1983.0,1983.0,1983.0,1983.0,1983.0,1983.0,1983.0,1983.0,1983.0,1983.0,1983.0,1983.0,1983.0,3.0,0.3,-0.5811807401,-3.2345890247,-12.488341339540616,1.4443198906,1.4989116591,18.0098937564,-3.0545890247000003
1984,1984,1984.0,1984.0,1984.0,1984.0,1984.0,1984.0,1984.0,1984.0,1984.0,1984.0,1984.0,1984.0,1984.0,1984.0,1984.0,1984.0,1984.0,1984.0,1984.0,1984.0,1984.0,1984.0,1984.0,1984.0,1984.0,1984.0,1984.0,1984.0,1984.0,1984.0,1984.0,1984.0,1984.0,1984.0,1984.0,1984.0,1984.0,1984.0,1984.0,1984.0,4.0,0.4,-0.9494035338,-4.115200365,0.9380986735035748,2.9432315497,1.6334437918999996,16.5109820973,-3.695200365
1985,1985,1985.0,1985.0,1985.0,1985.0,1985.0,1985.0,1985.0,1985.0,1985.0,1985.0,1985.0,1985.0,1985.0,1985.0,1985.0,1985.0,1985.0,1985.0,1985.0,1985.0,1985.0,1985.0,1985.0,1985.0,1985.0,1985.0,1985.0,1985.0,1985.0,1985.0,1985.0,1985.0,1985.0,1985.0,1985.0,1985.0,1985.0,1985.0,1985.0,1985.0,5.0,0.5,-1.3364789717,-3.6343150598,-2.2006938006888355,4.5766753416,1.5043324392000006,14.8775383054,-3.1343150598
1986,1986,1986.0,1986.0,1986.0,1986.0,1986.0,1986.0,1986.0,1986.0,1986.0,1986.0,1986.0,1986.0,1986.0,1986.0,1986.0,1986.0,1986.0,1986.0,1986.0,1986.0,1986.0,1986.0,1986.0,1986.0,1986.0,1986.0,1986.0,1986.0,1986.0,1986.0,1986.0,1986.0,1986.0,1986.0,1986.0,1986.0,1986.0,1986.0,1986.0,1986.0,6.0,0.6,-1.6929760029,-3.4978874086,-10.324039186609957,6.0810077808,1.8765153542,13.3732058662,-3.0778874086
1987,1987,1987.0,1987.0,1987.0,1987.0,1987.0,1987.0,1987.0,1987.0,1987.0,1987.0,1987.0,1987.0,1987.0,1987.0,1987.0,1987.0,1987.0,1987.0,1987.0,1987.0,1987.0,1987.0,1987.0,1987.0,1987.0,1987.0,1987.0,1987.0,1987.0,1987.0,1987.0,1987.0,1987.0,1987.0,1987.0,1987.0,1987.0,1987.0,1987.0,1987.0,7.0,0.7,-2.0757858113,-4.1474815189,-13.022119597689992,7.957523135,2.715063978900001,11.496690512,-3.9674815189
1988,1988,1988.0,1988.0,1988.0,1988.0,1988.0,1988.0,1988.0,1988.0,1988.0,1988.0,1988.0,1988.0,1988.0,1988.0,1988.0,1988.0,1988.0,1988.0,1988.0,1988.0,1988.0,1988.0,1988.0,1988.0,1988.0,1988.0,1988.0,1988.0,1988.0,1988.0,1988.0,1988.0,1988.0,1988.0,1988.0,1988.0,1988.0,1988.0,1988.0,1988.0,8.0,0.8,-2.5334643902,-4.9920148997,-19.614538750786902,10.6725871139,4.247320585099999,8.781626533099999,-5.2120148997
1989,1989,1989.0,1989.0,1989.0,1989.0,1989.0,1989.0,1989.0,1989.0,1989.0,1989.0,1989.0,1989.0,1989.0,1989.0,1989.0,1989.0,1989.0,1989.0,1989.0,1989.0,1989.0,1989.0,1989.0,1989.0,1989.0,1989.0,1989.0,1989.0,1989.0,1989.0,1989.0,1989.0,1989.0,1989.0,1989.0,1989.0,1989.0,1989.0,1989.0,1989.0,9.0,0.9,-3.103401137,-6.3835320279,6.034983412683879,14.919907699,4.534305948,4.534305948,-7.1635320279000005
1990,1990,1990.0,1990.0,1990.0,1990.0,1990.0,1990.0,1990.0,1990.0,1990.0,1990.0,1990.0,1990.0,1990.0,1990.0,1990.0,1990.0,1990.0,1990.0,1990.0,1990.0,1990.0,1990.0,1990.0,1990.0,1990.0,1990.0,1990.0,1990.0,1990.0,1990.0,1990.0,1990.0,1990.0,1990.0,1990.0,1990.0,1990.0,1990.0,1990.0,1990.0,0.0,0.0,0.0,-1.0,-14.096576439624258,0.0,0.3798759769,5.1832724542,3.2713503806
1991,1991,1991.0,1991.0,1991.0,1991.0,1991.0,1991.0,1991.0,1991.0,1991.0,1991.0,1991.0,1991.0,1991.0,1991.0,1991.0,1991.0,1991.0,1991.0,1991.0,1991.0,1991.0,1991.0,1991.0,1991.0,1991.0,1991.0,1991.0,1991.0,1991.0,1991.0,1991.0,1991.0,1991.0,1991.0,1991.0,1991.0,1991.0,1991.0,1991.0,1991.0,1.0,0.1,-0.1633536162,-2.2463040278,-5.825606180873457,0.3798759769,0.6117213879999999,4.8033964773,3.2713503806
1992,1992,1992.0,1992.0,1992.0,1992.0,1992.0,1992.0,1992.0,1992.0,1992.0,1992.0,1992.0,1992.0,1992.0,1992.0,1992.0,1992.0,1992.0,1992.0,1992.0,1992.0,1992.0,1992.0,1992.0,1992.0,1992.0,1992.0,1992.0,1992.0,1992.0,1992.0,1992.0,1992.0,1992.0,1992.0,1992.0,1992.0,1992.0,1992.0,1992.0,1992.0,2.0,0.2,-0.4052986187,-2.5869196434,18.78936978840745,0.9915973649,0.4773311993000001,4.1916750893,3.2713503806
1993,1993,1993.0,1993.0,1993.0,1993.0,1993.0,1993.0,1993.0,1993.0,1993.0,1993.0,1993.0,1993.0,1993.0,1993.0,1993.0,1993.0,1993.0,1993.0,1993.0,1993.0,1993.0,1993.0,1993.0,1993.0,1993.0,1993.0,1993.0,1993.0,1993.0,1993.0,1993.0,1993.0,1993.0,1993.0,1993.0,1993.0,1993.0,1993.0,1993.0,1993.0,3.0,0.3,-0.5605845487,-0.5526967345,10.8729285568171,1.4689285642,0.1014109857999998,3.71434389,3.2713503806
1994,1994,1994.0,1994.0,1994.0,1994.0,1994.0,1994.0,1994.0,1994.0,1994.0,1994.0,1994.0,1994.0,1994.0,1994.0,1994.0,1994.0,1994.0,1994.0,1994.0,1994.0,1994.0,1994.0,1994.0,1994.0,1994.0,1994.0,1994.0,1994.0,1994.0,1994.0,1994.0,1994.0,1994.0,1994.0,1994.0,1994.0,1994.0,1994.0,1994.0,1994.0,4.0,0.4,-0.5605836939,0.5345952664,16.55590044635815,1.57033955,0.3538638387000001,3.6129329042,3.2713503806
1995,1995,1995.0,1995.0,1995.0,1995.0,1995.0,1995.0,1995.0,1995.0,1995.0,1995.0,1995.0,1995.0,1995.0,1995.0,1995.0,1995.0,1995.0,1995.0,1995.0,1995.0,1995.0,1995.0,1995.0,1995.0,1995.0,1995.0,1995.0,1995.0,1995.0,1995.0,1995.0,1995.0,1995.0,1995.0,1995.0,1995.0,1995.0,1995.0,1995.0,1995.0,5.0,0.5,-0.4296225688,2.059224186,10.383149443009238,1.9242033887,0.6755323469999999,3.2590690655,3.2713503806
1996,1996,1996.0,1996.0,1996.0,1996.0,1996.0,1996.0,1996.0,1996.0,1996.0,1996.0,1996.0,1996.0,1996.0,1996.0,1996.0,1996.0,1996.0,1996.0,1996.0,1996.0,1996.0,1996.0,1996.0,1996.0,1996.0,1996.0,1996.0,1996.0,1996.0,1996.0,1996.0,1996.0,1996.0,1996.0,1996.0,1996.0,1996.0,1996.0,1996.0,1996.0,6.0,0.6,-0.1834338192,2.8513503806,4.676062096275615,2.5997357357,0.8761853446000001,2.5835367185,3.2713503806
1997,1997,1997.0,1997.0,1997.0,1997.0,1997.0,1997.0,1997.0,1997.0,1997.0,1997.0,1997.0,1997.0,1997.0,1997.0,1997.0,1997.0,1997.0,1997.0,1997.0,1997.0,1997.0,1997.0,1997.0,1997.0,1997.0,1997.0,1997.0,1997.0,1997.0,1997.0,1997.0,1997.0,1997.0,1997.0,1997.0,1997.0,1997.0,1997.0,1997.0,1997.0,7.0,0.7,0.1105280447,3.0249947263,-1.4219769702107783,3.4759210803,0.7991796484,1.7073513739,3.2713503806
1998,1998,1998.0,1998.0,1998.0,1998.0,1998.0,1998.0,1998.0,1998.0,1998.0,1998.0,1998.0,1998.0,1998.0,1998.0,1998.0,1998.0,1998.0,1998.0,1998.0,1998.0,1998.0,1998.0,1998.0,1998.0,1998.0,1998.0,1998.0,1998.0,1998.0,1998.0,1998.0,1998.0,1998.0,1998.0,1998.0,1998.0,1998.0,1998.0,1998.0,1998.0,8.0,0.8,0.3915156414,2.6018094326,-4.307684979691761,4.2751007287,0.5535609569000002,0.9081717255,3.2713503806
1999,1999,1999.0,1999.0,1999.0,1999.0,1999.0,1999.0,1999.0,1999.0,1999.0,1999.0,1999.0,1999.0,1999.0,1999.0,1999.0,1999.0,1999.0,1999.0,1999.0,1999.0,1999.0,1999.0,1999.0,1999.0,1999.0,1999.0,1999.0,1999.0,1999.0,1999.0,1999.0,1999.0,1999.0,1999.0,1999.0,1999.0,1999.0,1999.0,1999.0,1999.0,9.0,0.9,0.6182732793,1.9442832968,-2.460929845396951,4.8286616856,0.3546107685999997,0.3546107685999997,3.2713503806
2000,2000,2000.0,2000.0,2000.0,2000.0,2000.0,2000.0,2000.0,2000.0,2000.0,2000.0,2000.0,2000.0,2000.0,2000.0,2000.0,2000.0,2000.0,2000.0,2000.0,2000.0,2000.0,2000.0,2000.0,2000.0,2000.0,2000.0,2000.0,2000.0,2000.0,2000.0,2000.0,2000.0,2000.0,2000.0,2000.0,2000.0,2000.0,2000.0,2000.0,2000.0,0.0,0.0,0.0,-1.0,-0.5152825287692409,0.0,0.0958374345,11.2517324419,-2.5
2001,2001,2001.0,2001.0,2001.0,2001.0,2001.0,2001.0,2001.0,2001.0,2001.0,2001.0,2001.0,2001.0,2001.0,2001.0,2001.0,2001.0,2001.0,2001.0,2001.0,2001.0,2001.0,2001.0,2001.0,2001.0,2001.0,2001.0,2001.0,2001.0,2001.0,2001.0,2001.0,2001.0,2001.0,2001.0,2001.0,2001.0,2001.0,2001.0,2001.0,2001.0,1.0,0.1,-0.0976552088,-0.9538730441,-1.3829323993635398,0.0958374345,0.0981725141999999,11.1558950074,-1.7338730441
2002,2002,2002.0,2002.0,2002.0,2002.0,2002.0,2002.0,2002.0,2002.0,2002.0,2002.0,2002.0,2002.0,2002.0,2002.0,2002.0,2002.0,2002.0,2002.0,2002.0,2002.0,2002.0,2002.0,2002.0,2002.0,2002.0,2002.0,2002.0,2002.0,2002.0,2002.0,2002.0,2002.0,2002.0,2002.0,2002.0,2002.0,2002.0,2002.0,2002.0,2002.0,2.0,0.2,-0.1951180369,-0.9947034559,-16.11507980978694,0.1940099487,0.4525642910999999,11.0577224932,-1.2147034559
2003,2003,2003.0,2003.0,2003.0,2003.0,2003.0,2003.0,2003.0,2003.0,2003.0,2003.0,2003.0,2003.0,2003.0,2003.0,2003.0,2003.0,2003.0,2003.0,2003.0,2003.0,2003.0,2003.0,2003.0,2003.0,2003.0,2003.0,2003.0,2003.0,2003.0,2003.0,2003.0,2003.0,2003.0,2003.0,2003.0,2003.0,2003.0,2003.0,2003.0,2003.0,3.0,0.3,-0.3677319756,-2.4335974982,-19.779375120200022,0.6465742398,1.317052092,10.6051582021,-2.2535974982000004
2004,2004,2004.0,2004.0,2004.0,2004.0,2004.0,2004.0,2004.0,2004.0,2004.0,2004.0,2004.0,2004.0,2004.0,2004.0,2004.0,2004.0,2004.0,2004.0,2004.0,2004.0,2004.0,2004.0,2004.0,2004.0,2004.0,2004.0,2004.0,2004.0,2004.0,2004.0,2004.0,2004.0,2004.0,2004.0,2004.0,2004.0,2004.0,2004.0,2004.0,2004.0,4.0,0.4,-0.6950004972,-4.0842664887,-19.20562284169096,1.9636263318,2.6081135789,9.2881061101,-3.6642664887
2005,2005,2005.0,2005.0,2005.0,2005.0,2005.0,2005.0,2005.0,2005.0,2005.0,2005.0,2005.0,2005.0,2005.0,2005.0,2005.0,2005.0,2005.0,2005.0,2005.0,2005.0,2005.0,2005.0,2005.0,2005.0,2005.0,2005.0,2005.0,2005.0,2005.0,2005.0,2005.0,2005.0,2005.0,2005.0,2005.0,2005.0,2005.0,2005.0,2005.0,2005.0,5.0,0.5,-1.1765751181,-5.5232541519,12.378151479191873,4.5717399107,2.4743027,6.6799925312,-5.0232541519
2006,2006,2006.0,2006.0,2006.0,2006.0,2006.0,2006.0,2006.0,2006.0,2006.0,2006.0,2006.0,2006.0,2006.0,2006.0,2006.0,2006.0,2006.0,2006.0,2006.0,2006.0,2006.0,2006.0,2006.0,2006.0,2006.0,2006.0,2006.0,2006.0,2006.0,2006.0,2006.0,2006.0,2006.0,2006.0,2006.0,2006.0,2006.0,2006.0,2006.0,2006.0,6.0,0.6,-1.6423039416,-3.8197101804,9.346474216510138,7.0460426107,1.3989357290000006,4.2056898312,-3.3997101804
2007,2007,2007.0,2007.0,2007.0,2007.0,2007.0,2007.0,2007.0,2007.0,2007.0,2007.0,2007.0,2007.0,2007.0,2007.0,2007.0,2007.0,2007.0,2007.0,2007.0,2007.0,2007.0,2007.0,2007.0,2007.0,2007.0,2007.0,2007.0,2007.0,2007.0,2007.0,2007.0,2007.0,2007.0,2007.0,2007.0,2007.0,2007.0,2007.0,2007.0,2007.0,7.0,0.7,-1.9605850017,-2.5667816987,9.998602146378737,8.4449783397,0.8738181900999997,2.8067541022,-2.3867816987
2008,2008,2008.0,2008.0,2008.0,2008.0,2008.0,2008.0,2008.0,2008.0,2008.0,2008.0,2008.0,2008.0,2008.0,2008.0,2008.0,2008.0,2008.0,2008.0,2008.0,2008.0,2008.0,2008.0,2008.0,2008.0,2008.0,2008.0,2008.0,2008.0,2008.0,2008.0,2008.0,2008.0,2008.0,2008.0,2008.0,2008.0,2008.0,2008.0,2008.0,2008.0,8.0,0.8,-2.1564790596,-1.3710274262,-12.380650210061006,9.3187965298,0.9515589361999996,1.9329359121,-1.5910274262
2009,2009,2009.0,2009.0,2009.0,2009.0,2009.0,2009.0,2009.0,2009.0,2009.0,2009.0,2009.0,2009.0,2009.0,2009.0,2009.0,2009.0,2009.0,2009.0,2009.0,2009.0,2009.0,2009.0,2009.0,2009.0,2009.0,2009.0,2009.0,2009.0,2009.0,2009.0,2009.0,2009.0,2009.0,2009.0,2009.0,2009.0,2009.0,2009.0,2009.0,2009.0,9.0,0.9,-2.3468391163,-2.4187323905,15.963724651483057,10.270355466,0.9813769759,0.9813769759,-3.1987323905000005
2010,2010,2010.0,2010.0,2010.0,2010.0,2010.0,2010.0,2010.0,2010.0,2010.0,2010.0,2010.0,2010.0,2010.0,2010.0,2010.0,2010.0,2010.0,2010.0,2010.0,2010.0,2010.0,2010.0,2010.0,2010.0,2010.0,2010.0,2010.0,2010.0,2010.0,2010.0,2010.0,2010.0,2010.0,2010.0,2010.0,2010.0,2010.0,2010.0,2010.0,2010.0,0.0,0.0,0.0,-1.0,-13.074525841051171,0.0,0.3481044146,7.3758392171,-2.5
2011,2011,2011.0,2011.0,2011.0,2011.0,2011.0,2011.0,2011.0,2011.0,2011.0,2011.0,2011.0,2011.0,2011.0,2011.0,2011.0,2011.0,2011.0,2011.0,2011.0,2011.0,2011.0,2011.0,2011.0,2011.0,2011.0,2011.0,2011.0,2011.0,2011.0,2011.0,2011.0,2011.0,2011.0,2011.0,2011.0,2011.0,2011.0,2011.0,2011.0,2011.0,1.0,0.1,-0.1584095302,-2.1490430539,1.1583264665458444,0.3481044146,0.4042436753,7.0277348025,-2.9290430539
2012,2012,2012.0,2012.0,2012.0,2012.0,2012.0,2012.0,2012.0,2012.0,2012.0,2012.0,2012.0,2012.0,2012.0,2012.0,2012.0,2012.0,2012.0,2012.0,2012.0,2012.0,2012.0,2012.0,2012.0,2012.0,2012.0,2012.0,2012.0,2012.0,2012.0,2012.0,2012.0,2012.0,2012.0,2012.0,2012.0,2012.0,2012.0,2012.0,2012.0,2012.0,2.0,0.2,-0.357314705,-1.8343052325,-0.3303958978652375,0.7523480899,0.3307371995,6.6234911272,-2.0543052325
2013,2013,2013.0,2013.0,2013.0,2013.0,2013.0,2013.0,2013.0,2013.0,2013.0,2013.0,2013.0,2013.0,2013.0,2013.0,2013.0,2013.0,2013.0,2013.0,2013.0,2013.0,2013.0,2013.0,2013.0,2013.0,2013.0,2013.0,2013.0,2013.0,2013.0,2013.0,2013.0,2013.0,2013.0,2013.0,2013.0,2013.0,2013.0,2013.0,2013.0,2013.0,3.0,0.3,-0.5334703687,-1.6911891585,0.7447297933041312,1.0830852894,0.2861824182999999,6.292753927700001,-1.5111891585
2014,2014,2014.0,2014.0,2014.0,2014.0,2014.0,2014.0,2014.0,2014.0,2014.0,2014.0,2014.0,2014.0,2014.0,2014.0,2014.0,2014.0,2014.0,2014.0,2014.0,2014.0,2014.0,2014.0,2014.0,2014.0,2014.0,2014.0,2014.0,2014.0,2014.0,2014.0,2014.0,2014.0,2014.0,2014.0,2014.0,2014.0,2014.0,2014.0,2014.0,2014.0,4.0,0.4,-0.6908057019,-1.459380846,-2.391468698157027,1.3692677077,0.2880241723000001,6.0065715094000005,-1.0393808459999998
2015,2015,2015.0,2015.0,2015.0,2015.0,2015.0,2015.0,2015.0,2015.0,2015.0,2015.0,2015.0,2015.0,2015.0,2015.0,2015.0,2015.0,2015.0,2015.0,2015.0,2015.0,2015.0,2015.0,2015.0,2015.0,2015.0,2015.0,2015.0,2015.0,2015.0,2015.0,2015.0,2015.0,2015.0,2015.0,2015.0,2015.0,2015.0,2015.0,2015.0,2015.0,5.0,0.5,-0.8412526822,-1.5480807356,-9.96836980175802,1.65729188,0.5246406212999999,5.7185473371,-1.0480807356
2016,2016,2016.0,2016.0,2016.0,2016.0,2016.0,2016.0,2016.0,2016.0,2016.0,2016.0,2016.0,2016.0,2016.0,2016.0,2016.0,2016.0,2016.0,2016.0,2016.0,2016.0,2016.0,2016.0,2016.0,2016.0,2016.0,2016.0,2016.0,2016.0,2016.0,2016.0,2016.0,2016.0,2016.0,2016.0,2016.0,2016.0,2016.0,2016.0,2016.0,2016.0,6.0,0.6,-1.0367932177,-2.3493771802,-1.1517535277956803,2.1819325013,0.6590625078999999,5.193906715800001,-1.9293771802
2017,2017,2017.0,2017.0,2017.0,2017.0,2017.0,2017.0,2017.0,2017.0,2017.0,2017.0,2017.0,2017.0,2017.0,2017.0,2017.0,2017.0,2017.0,2017.0,2017.0,2017.0,2017.0,2017.0,2017.0,2017.0,2017.0,2017.0,2017.0,2017.0,2017.0,2017.0,2017.0,2017.0,2017.0,2017.0,2017.0,2017.0,2017.0,2017.0,2017.0,2017.0,7.0,0.7,-1.2659375101,-2.2354082406,-8.65634856007166,2.8409950092,0.882032932,4.534844207900001,-2.0554082406
2018,2018,2018.0,2018.0,2018.0,2018.0,2018.0,2018.0,2018.0,2018.0,2018.0,2018.0,2018.0,2018.0,2018.0,2018.0,2018.0,2018.0,2018.0,2018.0,2018.0,2018.0,2018.0,2018.0,2018.0,2018.0,2018.0,2018.0,2018.0,2018.0,2018.0,2018.0,2018.0,2018.0,2018.0,2018.0,2018.0,2018.0,2018.0,2018.0,2018.0,2018.0,8.0,0.8,-1.5205390779,-2.8464415288,-19.50666870509948,3.7230279412,1.8318832819000008,3.6528112759,-3.0664415288
2019,2019,2019.0,2019.0,2019.0,2019.0,2019.0,2019.0,2019.0,2019.0,2019.0,2019.0,2019.0,2019.0,2019.0,2019.0,2019.0,2019.0,2019.0,2019.0,2019.0,2019.0,2019.0,2019.0,2019.0,2019.0,2019.0,2019.0,2019.0,2019.0,2019.0,2019.0,2019.0,2019.0,2019.0,2019.0,2019.0,2019.0,2019.0,2019.0,2019.0,2019.0,9.0,0.9,-1.8857756962,-4.431871781,13.39259193962932,5.5549112231,1.820927994,1.820927994,-5.211871781
2020,2020,2020.0,2020.0,2020.0,2020.0,2020.0,2020.0,2020.0,2020.0,2020.0,2020.0,2020.0,2020.0,2020.0,2020.0,2020.0,2020.0,2020.0,2020.0,2020.0,2020.0,2020.0,2020.0,2020.0,2020.0,2020.0,2020.0,2020.0,2020.0,2020.0,2020.0,2020.0,2020.0,2020.0,2020.0,2020.0,2020.0,2020.0,2020.0,2020.0,2020.0,0.0,0.0,0.0,-1.0,-11.94107596387318,0.0,0.3148486636,7.8857334534,-2.5
2021,2021,2021.0,2021.0,2021.0,2021.0,2021.0,2021.0,2021.0,2021.0,2021.0,2021.0,2021.0,2021.0,2021.0,2021.0,2021.0,2021.0,2021.0,2021.0,2021.0,2021.0,2021.0,2021.0,2021.0,2021.0,2021.0,2021.0,2021.0,2021.0,2021.0,2021.0,2021.0,2021.0,2021.0,2021.0,2021.0,2021.0,2021.0,2021.0,2021.0,2021.0,1.0,0.1,-0.1529265596,-2.0411810368,-11.744756471796704,0.3148486636,0.7142353484999999,7.5708847898,-2.8211810368
2022,2022,2022.0,2022.0,2022.0,2022.0,2022.0,2022.0,2022.0,2022.0,2022.0,2022.0,2022.0,2022.0,2022.0,2022.0,2022.0,2022.0,2022.0,2022.0,2022.0,2022.0,2022.0,2022.0,2022.0,2022.0,2022.0,2022.0,2022.0,2022.0,2022.0,2022.0,2022.0,2022.0,2022.0,2022.0,2022.0,2022.0,2022.0,2022.0,2022.0,2022.0,2.0,0.2,-0.4039849072,-2.9645983364,17.649285437552834,1.0290840121,0.6021176639000001,6.8566494413,-3.1845983364
2023,2023,2023.0,2023.0,2023.0,2023.0,2023.0,2023.0,2023.0,2023.0,2023.0,2023.0,2023.0,2023.0,2023.0,2023.0,2023.0,2023.0,2023.0,2023.0,2023.0,2023.0,2023.0,2023.0,2023.0,2023.0,2023.0,2023.0,2023.0,2023.0,2023.0,2023.0,2023.0,2023.0,2023.0,2023.0,2023.0,2023.0,2023.0,2023.0,2023.0,2023.0,3.0,0.3,-0.6007267803,-1.0029279196,-8.732432144628191,1.631201676,0.2763773161999998,6.2545317774,-0.8229279196000001
2024,2024,2024.0,2024.0,2024.0,2024.0,2024.0,2024.0,2024.0,2024.0,2024.0,2024.0,2024.0,2024.0,2024.0,2024.0,2024.0,2024.0,2024.0,2024.0,2024.0,2024.0,2024.0,2024.0,2024.0,2024.0,2024.0,2024.0,2024.0,2024.0,2024.0,2024.0,2024.0,2024.0,2024.0,2024.0,2024.0,2024.0,2024.0,2024.0,2024.0,2024.0,4.0,0.4,-0.7384104252,-1.7384874891,-11.44439286714793,1.9075789922,0.6312767763,5.9781544612,-1.3184874890999998
2025,2025,2025.0,2025.0,2025.0,2025.0,2025.0,2025.0,2025.0,2025.0,2025.0,2025.0,2025.0,2025.0,2025.0,2025.0,2025.0,2025.0,2025.0,2025.0,2025.0,2025.0,2025.0,2025.0,2025.0,2025.0,2025.0,2025.0,2025.0,2025.0,2025.0,2025.0,2025.0,2025.0,2025.0,2025.0,2025.0,2025.0,2025.0,2025.0,2025.0,2025.0,5.0,0.5,-0.9592106965,-2.6621265045,5.919685126569519,2.5388557685,0.6446892292999999,5.3468776849,-2.1621265045
2026,2026,2026.0,2026.0,2026.0,2026.0,2026.0,2026.0,2026.0,2026.0,2026.0,2026.0,2026.0,2026.0,2026.0,2026.0,2026.0,2026.0,2026.0,2026.0,2026.0,2026.0,2026.0,2026.0,2026.0,2026.0,2026.0,2026.0,2026.0,2026.0,2026.0,2026.0,2026.0,2026.0,2026.0,2026.0,2026.0,2026.0,2026.0,2026.0,2026.0,2026.0,6.0,0.6,-1.1839098124,-1.845458876,-0.007860255967806,3.1835449978,0.4711687008000003,4.7021884556,-1.425458876
2027,2027,2027.0,2027.0,2027.0,2027.0,2027.0,2027.0,2027.0,2027.0,2027.0,2027.0,2027.0,2027.0,2027.0,2027.0,2027.0,2027.0,2027.0,2027.0,2027.0,2027.0,2027.0,2027.0,2027.0,2027.0,2027.0,2027.0,2027.0,2027.0,2027.0,2027.0,2027.0,2027.0,2027.0,2027.0,2027.0,2027.0,2027.0,2027.0,2027.0,2027.0,7.0,0.7,-1.359566708,-1.6705880059,-14.722285446968094,3.6547136986,0.8659903231000001,4.2310197548,-1.4905880058999998
2028,2028,2028.0,2028.0,2028.0,2028.0,2028.0,2028.0,2028.0,2028.0,2028.0,2028.0,2028.0,2028.0,2028.0,2028.0,2028.0,2028.0,2028.0,2028.0,2028.0,2028.0,2028.0,2028.0,2028.0,2028.0,2028.0,2028.0,2028.0,2028.0,2028.0,2028.0,2028.0,2028.0,2028.0,2028.0,2028.0,2028.0,2028.0,2028.0,2028.0,2028.0,8.0,0.8,-1.5897620403,-2.9126212184,-16.179917008718164,4.5207040217,1.7173080014999993,3.3650294317,-3.1326212184
2029,2029,2029.0,2029.0,2029.0,2029.0,2029.0,2029.0,2029.0,2029.0,2029.0,2029.0,2029.0,2029.0,2029.0,2029.0,2029.0,2029.0,2029.0,2029.0,2029.0,2029.0,2029.0,2029.0,2029.0,2029.0,2029.0,2029.0,2029.0,2029.0,2029.0,2029.0,2029.0,2029.0,2029.0,2029.0,2029.0,2029.0,2029.0,2029.0,2029.0,2029.0,9.0,0.9,-1.9452036271,-4.1751713324,14.910737334808204,6.2380120232,1.6477214302000007,1.6477214302000007,-4.9551713324
2030,2030,2030.0,2030.0,2030.0,2030.0,2030.0,2030.0,2030.0,2030.0,2030.0,2030.0,2030.0,2030.0,2030.0,2030.0,2030.0,2030.0,2030.0,2030.0,2030.0,2030.0,2030.0,2030.0,2030.0,2030.0,2030.0,2030.0,2030.0,2030.0,2030.0,2030.0,2030.0,2030.0,2030.0,2030.0,2030.0,2030.0,2030.0,2030.0,2030.0,2030.0,0.0,0.0,0.0,-1.0,7.00021819834593,0.0,0.0670760367,5.1528293699,3.6861843819
2031,2031,2031.0,2031.0,2031.0,2031.0,2031.0,2031.0,2031.0,2031.0,2031.0,2031.0,2031.0,2031.0,2031.0,2031.0,2031.0,2031.0,2031.0,2031.0,2031.0,2031.0,2031.0,2031.0,2031.0,2031.0,2031.0,2031.0,2031.0,2031.0,2031.0,2031.0,2031.0,2031.0,2031.0,2031.0,2031.0,2031.0,2031.0,2031.0,2031.0,2031.0,1.0,0.1,-0.0612996,-0.2386785802,6.811721866977543,0.0670760367,0.0283817353,5.0857533332,3.6861843819
2032,2032,2032.0,2032.0,2032.0,2032.0,2032.0,2032.0,2032.0,2032.0,2032.0,2032.0,2032.0,2032.0,2032.0,2032.0,2032.0,2032.0,2032.0,2032.0,2032.0,2032.0,2032.0,2032.0,2032.0,2032.0,2032.0,2032.0,2032.0,2032.0,2032.0,2032.0,2032.0,2032.0,2032.0,2032.0,2032.0,2032.0,2032.0,2032.0,2032.0,2032.0,2.0,0.2,-0.0510617274,0.4322557339,-1.2129704237809804,0.095457772,0.0134914829999999,5.0573715979000005,3.6861843819
2033,2033,2033.0,2033.0,2033.0,2033.0,2033.0,2033.0,2033.0,2033.0,2033.0,2033.0,2033.0,2033.0,2033.0,2033.0,2033.0,2033.0,2033.0,2033.0,2033.0,2033.0,2033.0,2033.0,2033.0,2033.0,2033.0,2033.0,2033.0,2033.0,2033.0,2033.0,2033.0,2033.0,2033.0,2033.0,2033.0,2033.0,2033.0,2033.0,2033.0,2033.0,3.0,0.3,-0.0157947045,0.2756916686,-4.134658968894893,0.108949255,0.0104130104,5.0438801149,3.6861843819
2034,2034,2034.0,2034.0,2034.0,2034.0,2034.0,2034.0,2034.0,2034.0,2034.0,2034.0,2034.0,2034.0,2034.0,2034.0,2034.0,2034.0,2034.0,2034.0,2034.0,2034.0,2034.0,2034.0,2034.0,2034.0,2034.0,2034.0,2034.0,2034.0,2034.0,2034.0,2034.0,2034.0,2034.0,2034.0,2034.0,2034.0,2034.0,2034.0,2034.0,2034.0,4.0,0.4,-0.0095602398,-0.1440086929,-3.611208423883422,0.1193622654,0.0172036130999999,5.033467104500001,3.6861843819
2035,2035,2035.0,2035.0,2035.0,2035.0,2035.0,2035.0,2035.0,2035.0,2035.0,2035.0,2035.0,2035.0,2035.0,2035.0,2035.0,2035.0,2035.0,2035.0,2035.0,2035.0,2035.0,2035.0,2035.0,2035.0,2035.0,2035.0,2035.0,2035.0,2035.0,2035.0,2035.0,2035.0,2035.0,2035.0,2035.0,2035.0,2035.0,2035.0,2035.0,2035.0,5.0,0.5,-0.0407334028,-0.4739563724,17.220475380283403,0.1365658785,0.1866321748,5.0162634914,3.6861843819
2036,2036,2036.0,2036.0,2036.0,2036.0,2036.0,2036.0,2036.0,2036.0,2036.0,2036.0,2036.0,2036.0,2036.0,2036.0,2036.0,2036.0,2036.0,2036.0,2036.0,2036.0,2036.0,2036.0,2036.0,2036.0,2036.0,2036.0,2036.0,2036.0,2036.0,2036.0,2036.0,2036.0,2036.0,2036.0,2036.0,2036.0,2036.0,2036.0,2036.0,2036.0,6.0,0.6,-0.0025336818,1.2098914447,6.029275398233889,0.3231980533,0.2287668744,4.8296313166,3.6861843819
2037,2037,2037.0,2037.0,2037.0,2037.0,2037.0,2037.0,2037.0,2037.0,2037.0,2037.0,2037.0,2037.0,2037.0,2037.0,2037.0,2037.0,2037.0,2037.0,2037.0,2037.0,2037.0,2037.0,2037.0,2037.0,2037.0,2037.0,2037.0,2037.0,2037.0,2037.0,2037.0,2037.0,2037.0,2037.0,2037.0,2037.0,2037.0,2037.0,2037.0,2037.0,7.0,0.7,0.1417688862,1.6685164165,15.900050048359423,0.5519649277,0.7038457112000001,4.600864442200001,3.6861843819
2038,2038,2038.0,2038.0,2038.0,2038.0,2038.0,2038.0,2038.0,2038.0,2038.0,2038.0,2038.0,2038.0,2038.0,2038.0,2038.0,2038.0,2038.0,2038.0,2038.0,2038.0,2038.0,2038.0,2038.0,2038.0,2038.0,2038.0,2038.0,2038.0,2038.0,2038.0,2038.0,2038.0,2038.0,2038.0,2038.0,2038.0,2038.0,2038.0,2038.0,2038.0,8.0,0.8,0.3774644005,3.0228259071,18.19011582798068,1.2558106389,1.6257419172999998,3.897018731,3.6861843819
2039,2039,2039.0,2039.0,2039.0,2039.0,2039.0,2039.0,2039.0,2039.0,2039.0,2039.0,2039.0,2039.0,2039.0,2039.0,2039.0,2039.0,2039.0,2039.0,2039.0,2039.0,2039.0,2039.0,2039.0,2039.0,2039.0,2039.0,2039.0,2039.0,2039.0,2039.0,2039.0,2039.0,2039.0,2039.0,2039.0,2039.0,2039.0,2039.0,2039.0,2039.0,9.0,0.9,0.7531175084,4.4661843819,7.809054856812775,2.8815525562,2.2712768137,2.2712768137,3.6861843819
2040,2040,2040.0,2040.0,2040.0,2040.0,2040.0,2040.0,2040.0,2040.0,2040.0,2040.0,2040.0,2040.0,2040.0,2040.0,2040.0,2040.0,2040.0,2040.0,2040.0,2040.0,2040.0,2040.0,2040.0,2040.0,2040.0,2040.0,2040.0,2040.0,2040.0,2040.0,2040.0,2040.0,2040.0,2040.0,2040.0,2040.0,2040.0,2040.0,2040.0,2040.0,0.0,0.0,0.0,-1.0,-13.776204709214156,0.0,0.3697347978,11.2237844612,-2.5
2041,2041,2041.0,2041.0,2041.0,2041.0,2041.0,2041.0,2041.0,2041.0,2041.0,2041.0,2041.0,2041.0,2041.0,2041.0,2041.0,2041.0,2041.0,2041.0,2041.0,2041.0,2041.0,2041.0,2041.0,2041.0,2041.0,2041.0,2041.0,2041.0,2041.0,2041.0,2041.0,2041.0,2041.0,2041.0,2041.0,2041.0,2041.0,2041.0,2041.0,2041.0,1.0,0.1,-0.1618038443,-2.2158166267,1.2850175104885508,0.3697347978,0.4280255158,10.8540496634,-2.9958166267000004
2042,2042,2042.0,2042.0,2042.0,2042.0,2042.0,2042.0,2042.0,2042.0,2042.0,2042.0,2042.0,2042.0,2042.0,2042.0,2042.0,2042.0,2042.0,2042.0,2042.0,2042.0,2042.0,2042.0,2042.0,2042.0,2042.0,2042.0,2042.0,2042.0,2042.0,2042.0,2042.0,2042.0,2042.0,2042.0,2042.0,2042.0,2042.0,2042.0,2042.0,2042.0,2.0,0.2,-0.366450507,-1.8826682128,-17.741852766821367,0.7977603136,0.9027763773,10.4260241476,-2.1026682128000003
2043,2043,2043.0,2043.0,2043.0,2043.0,2043.0,2043.0,2043.0,2043.0,2043.0,2043.0,2043.0,2043.0,2043.0,2043.0,2043.0,2043.0,2043.0,2043.0,2043.0,2043.0,2043.0,2043.0,2043.0,2043.0,2043.0,2043.0,2043.0,2043.0,2043.0,2043.0,2043.0,2043.0,2043.0,2043.0,2043.0,2043.0,2043.0,2043.0,2043.0,2043.0,3.0,0.3,-0.631434819,-3.3918691776,-16.484469557515467,1.7005366909,1.8380105076,9.5232477703,-3.2118691776
2044,2044,2044.0,2044.0,2044.0,2044.0,2044.0,2044.0,2044.0,2044.0,2044.0,2044.0,2044.0,2044.0,2044.0,2044.0,2044.0,2044.0,2044.0,2044.0,2044.0,2044.0,2044.0,2044.0,2044.0,2044.0,2044.0,2044.0,2044.0,2044.0,2044.0,2044.0,2044.0,2044.0,2044.0,2044.0,2044.0,2044.0,2044.0,2044.0,2044.0,2044.0,4.0,0.4,-1.0339561208,-4.6377948315,6.278590327466517,3.5385471985,1.8748655398,7.685237262699999,-4.2177948315
2045,2045,2045.0,2045.0,2045.0,2045.0,2045.0,2045.0,2045.0,2045.0,2045.0,2045.0,2045.0,2045.0,2045.0,2045.0,2045.0,2045.0,2045.0,2045.0,2045.0,2045.0,2045.0,2045.0,2045.0,2045.0,2045.0,2045.0,2045.0,2045.0,2045.0,2045.0,2045.0,2045.0,2045.0,2045.0,2045.0,2045.0,2045.0,2045.0,2045.0,2045.0,5.0,0.5,-1.444928474,-3.5989634456,12.685211758497688,5.4134127383,1.1469273228,5.810371722899999,-3.0989634456
2046,2046,2046.0,2046.0,2046.0,2046.0,2046.0,2046.0,2046.0,2046.0,2046.0,2046.0,2046.0,2046.0,2046.0,2046.0,2046.0,2046.0,2046.0,2046.0,2046.0,2046.0,2046.0,2046.0,2046.0,2046.0,2046.0,2046.0,2046.0,2046.0,2046.0,2046.0,2046.0,2046.0,2046.0,2046.0,2046.0,2046.0,2046.0,2046.0,2046.0,2046.0,6.0,0.6,-1.7260517047,-2.0493190391,10.868968696275225,6.5603400611,0.6014288849999998,4.6634444001,-1.6293190391
2047,2047,2047.0,2047.0,2047.0,2047.0,2047.0,2047.0,2047.0,2047.0,2047.0,2047.0,2047.0,2047.0,2047.0,2047.0,2047.0,2047.0,2047.0,2047.0,2047.0,2047.0,2047.0,2047.0,2047.0,2047.0,2047.0,2047.0,2047.0,2047.0,2047.0,2047.0,2047.0,2047.0,2047.0,2047.0,2047.0,2047.0,2047.0,2047.0,2047.0,2047.0,7.0,0.7,-1.8684924101,-0.819981464,-19.94970823950166,7.1617689461,0.9081015075000004,4.0620155151,-0.6399814639999999
2048,2048,2048.0,2048.0,2048.0,2048.0,2048.0,2048.0,2048.0,2048.0,2048.0,2048.0,2048.0,2048.0,2048.0,2048.0,2048.0,2048.0,2048.0,2048.0,2048.0,2048.0,2048.0,2048.0,2048.0,2048.0,2048.0,2048.0,2048.0,2048.0,2048.0,2048.0,2048.0,2048.0,2048.0,2048.0,2048.0,2048.0,2048.0,2048.0,2048.0,2048.0,8.0,0.8,-2.0430287257,-2.6404159724,-4.230294767213042,8.0698704536,1.2223555556,3.153914007599999,-2.8604159724
2049,2049,2049.0,2049.0,2049.0,2049.0,2049.0,2049.0,2049.0,2049.0,2049.0,2049.0,2049.0,2049.0,2049.0,2049.0,2049.0,2049.0,2049.0,2049.0,2049.0,2049.0,2049.0,2049.0,2049.0,2049.0,2049.0,2049.0,2049.0,2049.0,2049.0,2049.0,2049.0,2049.0,2049.0,2049.0,2049.0,2049.0,2049.0,2049.0,2049.0,2049.0,9.0,0.9,-2.3147606214,-2.7917135534,-15.990628123199194,9.2922260092,1.931558451999999,1.931558451999999,-3.5717135534000004
2050,2050,2050.0,2050.0,2050.0,2050.0,2050.0,2050.0,2050.0,2050.0,2050.0,2050.0,2050.0,2050.0,2050.0,2050.0,2050.0,2050.0,2050.0,2050.0,2050.0,2050.0,2050.0,2050.0,2050.0,2050.0,2050.0,2050.0,2050.0,2050.0,2050.0,2050.0,2050.0,2050.0,2050.0,2050.0,2050.0,2050.0,2050.0,2050.0,2050.0,2050.0,0.0,0.0,0.0,-1.0,15.62092004450247,0.0,0.1467511164,10.0440145603,-2.5
2051,2051,2051.0,2051.0,2051.0,2051.0,2051.0,2051.0,2051.0,2051.0,2051.0,2051.0,2051.0,2051.0,2051.0,2051.0,2051.0,2051.0,2051.0,2051.0,2051.0,2051.0,2051.0,2051.0,2051.0,2051.0,2051.0,2051.0,2051.0,2051.0,2051.0,2051.0,2051.0,2051.0,2051.0,2051.0,2051.0,2051.0,2051.0,2051.0,2051.0,2051.0,1.0,0.1,-0.0195976618,0.5816896663,-9.51846745116927,0.1467511164,0.0538714218,9.8972634439,-0.1983103337000002
2052,2052,2052.0,2052.0,2052.0,2052.0,2052.0,2052.0,2052.0,2052.0,2052.0,2052.0,2052.0,2052.0,2052.0,2052.0,2052.0,2052.0,2052.0,2052.0,2052.0,2052.0,2052.0,2052.0,2052.0,2052.0,2052.0,2052.0,2052.0,2052.0,2052.0,2052.0,2052.0,2052.0,2052.0,2052.0,2052.0,2052.0,2052.0,2052.0,2052.0,2052.0,2.0,0.2,-0.0102873709,-0.3794673698,-4.612850311632339,0.2006225382,0.046286031,9.8433920221,-0.5994673697999999
2053,2053,2053.0,2053.0,2053.0,2053.0,2053.0,2053.0,2053.0,2053.0,2053.0,2053.0,2053.0,2053.0,2053.0,2053.0,2053.0,2053.0,2053.0,2053.0,2053.0,2053.0,2053.0,2053.0,2053.0,2053.0,2053.0,2053.0,2053.0,2053.0,2053.0,2053.0,2053.0,2053.0,2053.0,2053.0,2053.0,2053.0,2053.0,2053.0,2053.0,2053.0,3.0,0.3,-0.0687127514,-0.7823270204,-19.376283670341948,0.2469085692,0.4987994776,9.7971059911,-0.6023270204000001
2054,2054,2054.0,2054.0,2054.0,2054.0,2054.0,2054.0,2054.0,2054.0,2054.0,2054.0,2054.0,2054.0,2054.0,2054.0,2054.0,2054.0,2054.0,2054.0,2054.0,2054.0,2054.0,2054.0,2054.0,2054.0,2054.0,2054.0,2054.0,2054.0,2054.0,2054.0,2054.0,2054.0,2054.0,2054.0,2054.0,2054.0,2054.0,2054.0,2054.0,2054.0,4.0,0.4,-0.2368921545,-2.5517759844,-10.825128967339769,0.7457080468,0.9501931829,9.2983065135,-2.1317759844
2055,2055,2055.0,2055.0,2055.0,2055.0,2055.0,2055.0,2055.0,2055.0,2055.0,2055.0,2055.0,2055.0,2055.0,2055.0,2055.0,2055.0,2055.0,2055.0,2055.0,2055.0,2055.0,2055.0,2055.0,2055.0,2055.0,2055.0,2055.0,2055.0,2055.0,2055.0,2055.0,2055.0,2055.0,2055.0,2055.0,2055.0,2055.0,2055.0,2055.0,2055.0,5.0,0.5,-0.5320914124,-3.3390896232,-17.641728047957706,1.6959012297,1.849450434,8.3481133306,-2.8390896232
2056,2056,2056.0,2056.0,2056.0,2056.0,2056.0,2056.0,2056.0,2056.0,2056.0,2056.0,2056.0,2056.0,2056.0,2056.0,2056.0,2056.0,2056.0,2056.0,2056.0,2056.0,2056.0,2056.0,2056.0,2056.0,2056.0,2056.0,2056.0,2056.0,2056.0,2056.0,2056.0,2056.0,2056.0,2056.0,2056.0,2056.0,2056.0,2056.0,2056.0,2056.0,6.0,0.6,-0.9351882178,-4.7001656226,10.435613168747796,3.5453516637,1.7787757127,6.498662896600001,-4.2801656226
2057,2057,2057.0,2057.0,2057.0,2057.0,2057.0,2057.0,2057.0,2057.0,2057.0,2057.0,2057.0,2057.0,2057.0,2057.0,2057.0,2057.0,2057.0,2057.0,2057.0,2057.0,2057.0,2057.0,2057.0,2057.0,2057.0,2057.0,2057.0,2057.0,2057.0,2057.0,2057.0,2057.0,2057.0,2057.0,2057.0,2057.0,2057.0,2057.0,2057.0,2057.0,7.0,0.7,-1.3319866816,-3.2598058419,2.6890182958882782,5.3241273764,1.1109276120000002,4.719887183900001,-3.0798058419
2058,2058,2058.0,2058.0,2058.0,2058.0,2058.0,2058.0,2058.0,2058.0,2058.0,2058.0,2058.0,2058.0,2058.0,2058.0,2058.0,2058.0,2058.0,2058.0,2058.0,2058.0,2058.0,2058.0,2058.0,2058.0,2058.0,2058.0,2058.0,2058.0,2058.0,2058.0,2058.0,2058.0,2058.0,2058.0,2058.0,2058.0,2058.0,2058.0,2058.0,2058.0,8.0,0.8,-1.6291902699,-2.693700424,-18.59174620716775,6.4350549884,1.712273152499999,3.6089595719000007,-2.9137004240000004
2059,2059,2059.0,2059.0,2059.0,2059.0,2059.0,2059.0,2059.0,2059.0,2059.0,2059.0,2059.0,2059.0,2059.0,2059.0,2059.0,2059.0,2059.0,2059.0,2059.0,2059.0,2059.0,2059.0,2059.0,2059.0,2059.0,2059.0,2059.0,2059.0,2059.0,2059.0,2059.0,2059.0,2059.0,2059.0,2059.0,2059.0,2059.0,2059.0,2059.0,2059.0,9.0,0.9,-1.9754658594,-4.2065994552,5.305772004091587,8.1473281409,1.8966864194000017,1.8966864194000017,-4.9865994552
2060,2060,2060.0,2060.0,2060.0,2060.0,2060.0,2060.0,2060.0,2060.0,2060.0,2060.0,2060.0,2060.0,2060.0,2060.0,2060.0,2060.0,2060.0,2060.0,2060.0,2060.0,2060.0,2060.0,2060.0,2060.0,2060.0,2060.0,2060.0,2060.0,2060.0,2060.0,2060.0,2060.0,2060.0,2060.0,2060.0,2060.0,2060.0,2060.0,2060.0,2060.0,0.0,0.0,0.0,-1.0,-2.366210164722851,0.0,0.1169624542,7.350842014500001,-2.5
2061,2061,2061.0,2061.0,2061.0,2061.0,2061.0,2061.0,2061.0,2061.0,2061.0,2061.0,2061.0,2061.0,2061.0,2061.0,2061.0,2061.0,2061.0,2061.0,2061.0,2061.0,2061.0,2061.0,2061.0,2061.0,2061.0,2061.0,2061.0,2061.0,2061.0,2061.0,2061.0,2061.0,2061.0,2061.0,2061.0,2061.0,2061.0,2061.0,2061.0,2061.0,1.0,0.1,-0.1066089685,-1.130012048,-0.278054250754689,0.1169624542,0.1213568003,7.233879560300001,-1.910012048
2062,2062,2062.0,2062.0,2062.0,2062.0,2062.0,2062.0,2062.0,2062.0,2062.0,2062.0,2062.0,2062.0,2062.0,2062.0,2062.0,2062.0,2062.0,2062.0,2062.0,2062.0,2062.0,2062.0,2062.0,2062.0,2062.0,2062.0,2062.0,2062.0,2062.0,2062.0,2062.0,2062.0,2062.0,2062.0,2062.0,2062.0,2062.0,2062.0,2062.0,2062.0,2.0,0.2,-0.2154890004,-1.0489374411,-0.4136213400083512,0.2383192545,0.1110007261,7.112522760000001,-1.2689374411
2063,2063,2063.0,2063.0,2063.0,2063.0,2063.0,2063.0,2063.0,2063.0,2063.0,2063.0,2063.0,2063.0,2063.0,2063.0,2063.0,2063.0,2063.0,2063.0,2063.0,2063.0,2063.0,2063.0,2063.0,2063.0,2063.0,2063.0,2063.0,2063.0,2063.0,2063.0,2063.0,2063.0,2063.0,2063.0,2063.0,2063.0,2063.0,2063.0,2063.0,2063.0,3.0,0.3,-0.3173095378,-0.9884790378,-17.028299546608352,0.3493199806,0.4913960882,7.001522033900001,-0.8084790378000001
2064,2064,2064.0,2064.0,2064.0,2064.0,2064.0,2064.0,2064.0,2064.0,2064.0,2064.0,2064.0,2064.0,2064.0,2064.0,2064.0,2064.0,2064.0,2064.0,2064.0,2064.0,2064.0,2064.0,2064.0,2064.0,2064.0,2064.0,2064.0,2064.0,2064.0,2064.0,2064.0,2064.0,2064.0,2064.0,2064.0,2064.0,2064.0,2064.0,2064.0,2064.0,4.0,0.4,-0.4937487543,-2.5148697759,-2.7309725054032725,0.8407160688,0.6804143171,6.5101259457000005,-2.0948697759
2065,2065,2065.0,2065.0,2065.0,2065.0,2065.0,2065.0,2065.0,2065.0,2065.0,2065.0,2065.0,2065.0,2065.0,2065.0,2065.0,2065.0,2065.0,2065.0,2065.0,2065.0,2065.0,2065.0,2065.0,2065.0,2065.0,2065.0,2065.0,2065.0,2065.0,2065.0,2065.0,2065.0,2065.0,2065.0,2065.0,2065.0,2065.0,2065.0,2065.0,2065.0,5.0,0.5,-0.7462810562,-2.5354347246,-19.08500165439562,1.5211303859,1.3976027263,5.8297116286,-2.0354347246
2066,2066,2066.0,2066.0,2066.0,2066.0,2066.0,2066.0,2066.0,2066.0,2066.0,2066.0,2066.0,2066.0,2066.0,2066.0,2066.0,2066.0,2066.0,2066.0,2066.0,2066.0,2066.0,2066.0,2066.0,2066.0,2066.0,2066.0,2066.0,2066.0,2066.0,2066.0,2066.0,2066.0,2066.0,2066.0,2066.0,2066.0,2066.0,2066.0,2066.0,2066.0,6.0,0.6,-1.0798816857,-4.1103342605,9.952662722415717,2.9187331122,1.4013517407,4.4321089023,-3.6903342605
2067,2067,2067.0,2067.0,2067.0,2067.0,2067.0,2067.0,2067.0,2067.0,2067.0,2067.0,2067.0,2067.0,2067.0,2067.0,2067.0,2067.0,2067.0,2067.0,2067.0,2067.0,2067.0,2067.0,2067.0,2067.0,2067.0,2067.0,2067.0,2067.0,2067.0,2067.0,2067.0,2067.0,2067.0,2067.0,2067.0,2067.0,2067.0,2067.0,2067.0,2067.0,7.0,0.7,-1.4228865167,-2.7720631572,-5.08103831894192,4.3200848529,1.0906104901000004,3.0307571616000004,-2.5920631572
2068,2068,2068.0,2068.0,2068.0,2068.0,2068.0,2068.0,2068.0,2068.0,2068.0,2068.0,2068.0,2068.0,2068.0,2068.0,2068.0,2068.0,2068.0,2068.0,2068.0,2068.0,2068.0,2068.0,2068.0,2068.0,2068.0,2068.0,2068.0,2068.0,2068.0,2068.0,2068.0,2068.0,2068.0,2068.0,2068.0,2068.0,2068.0,2068.0,2068.0,2068.0,8.0,0.8,-1.7112623177,-2.9917911882,16.715076246961388,5.410695343,0.9193443107999996,1.9401466715,-3.2117911882000003
2069,2069,2069.0,2069.0,2069.0,2069.0,2069.0,2069.0,2069.0,2069.0,2069.0,2069.0,2069.0,2069.0,2069.0,2069.0,2069.0,2069.0,2069.0,2069.0,2069.0,2069.0,2069.0,2069.0,2069.0,2069.0,2069.0,2069.0,2069.0,2069.0,2069.0,2069.0,2069.0,2069.0,2069.0,2069.0,2069.0,2069.0,2069.0,2069.0,2069.0,2069.0,9.0,0.9,-1.9151111076,-1.1164347736,-19.552322570239845,6.3300396538,1.0208023607000003,1.0208023607000003,-1.8964347736
2070,2070,2070.0,2070.0,2070.0,2070.0,2070.0,2070.0,2070.0,2070.0,2070.0,2070.0,2070.0,2070.0,2070.0,2070.0,2070.0,2070.0,2070.0,2070.0,2070.0,2070.0,2070.0,2070.0,2070.0,2070.0,2070.0,2070.0,2070.0,2070.0,2070.0,2070.0,2070.0,2070.0,2070.0,2070.0,2070.0,2070.0,2070.0,2070.0,2070.0,2070.0,0.0,0.0,0.0,-1.0,12.812073443326504,0.0,0.1075691932,1.4049807618,1.2899663696
2071,2071,2071.0,2071.0,2071.0,2071.0,2071.0,2071.0,2071.0,2071.0,2071.0,2071.0,2071.0,2071.0,2071.0,2071.0,2071.0,2071.0,2071.0,2071.0,2071.0,2071.0,2071.0,2071.0,2071.0,2071.0,2071.0,2071.0,2071.0,2071.0,2071.0,2071.0,2071.0,2071.0,2071.0,2071.0,2071.0,2071.0,2071.0,2071.0,2071.0,2071.0,1.0,0.1,-0.0331852273,0.3143925716,-16.121398204405327,0.1075691932,0.1736556496,1.2974115686,1.2899663696
2072,2072,2072.0,2072.0,2072.0,2072.0,2072.0,2072.0,2072.0,2072.0,2072.0,2072.0,2072.0,2072.0,2072.0,2072.0,2072.0,2072.0,2072.0,2072.0,2072.0,2072.0,2072.0,2072.0,2072.0,2072.0,2072.0,2072.0,2072.0,2072.0,2072.0,2072.0,2072.0,2072.0,2072.0,2072.0,2072.0,2072.0,2072.0,2072.0,2072.0,2072.0,2.0,0.2,-0.0812527585,-1.2496797176,12.007827657592344,0.2812248428,0.1238919566,1.1237559190000002,1.2899663696
2073,2073,2073.0,2073.0,2073.0,2073.0,2073.0,2073.0,2073.0,2073.0,2073.0,2073.0,2073.0,2073.0,2073.0,2073.0,2073.0,2073.0,2073.0,2073.0,2073.0,2073.0,2073.0,2073.0,2073.0,2073.0,2073.0,2073.0,2073.0,2073.0,2073.0,2073.0,2073.0,2073.0,2073.0,2073.0,2073.0,2073.0,2073.0,2073.0,2073.0,2073.0,3.0,0.3,-0.142088628,0.0119389176,-8.360411944835192,0.4051167994,0.0581068721999999,0.9998639624,1.2899663696
2074,2074,2074.0,2074.0,2074.0,2074.0,2074.0,2074.0,2074.0,2074.0,2074.0,2074.0,2074.0,2074.0,2074.0,2074.0,2074.0,2074.0,2074.0,2074.0,2074.0,2074.0,2074.0,2074.0,2074.0,2074.0,2074.0,2074.0,2074.0,2074.0,2074.0,2074.0,2074.0,2074.0,2074.0,2074.0,2074.0,2074.0,2074.0,2074.0,2074.0,2074.0,4.0,0.4,-0.1813952974,-0.7847956074,6.031392649848723,0.4632236716,0.0468119451999999,0.9417570902,1.2899663696
2075,2075,2075.0,2075.0,2075.0,2075.0,2075.0,2075.0,2075.0,2075.0,2075.0,2075.0,2075.0,2075.0,2075.0,2075.0,2075.0,2075.0,2075.0,2075.0,2075.0,2075.0,2075.0,2075.0,2075.0,2075.0,2075.0,2075.0,2075.0,2075.0,2075.0,2075.0,2075.0,2075.0,2075.0,2075.0,2075.0,2075.0,2075.0,2075.0,2075.0,2075.0,5.0,0.5,-0.2269021038,-0.136149536,10.436449970367796,0.5100356168,0.0816803156,0.8949451450000001,1.2899663696
2076,2076,2076.0,2076.0,2076.0,2076.0,2076.0,2076.0,2076.0,2076.0,2076.0,2076.0,2076.0,2076.0,2076.0,2076.0,2076.0,2076.0,2076.0,2076.0,2076.0,2076.0,2076.0,2076.0,2076.0,2076.0,2076.0,2076.0,2076.0,2076.0,2076.0,2076.0,2076.0,2076.0,2076.0,2076.0,2076.0,2076.0,2076.0,2076.0,2076.0,2076.0,6.0,0.6,-0.1893730125,0.8699663696,-15.457173805862796,0.5917159324,0.1431981718,0.8132648294000001,1.2899663696
2077,2077,2077.0,2077.0,2077.0,2077.0,2077.0,2077.0,2077.0,2077.0,2077.0,2077.0,2077.0,2077.0,2077.0,2077.0,2077.0,2077.0,2077.0,2077.0,2077.0,2077.0,2077.0,2077.0,2077.0,2077.0,2077.0,2077.0,2077.0,2077.0,2077.0,2077.0,2077.0,2077.0,2077.0,2077.0,2077.0,2077.0,2077.0,2077.0,2077.0,2077.0,7.0,0.7,-0.1813575007,-0.6837665227,2.296523266266384,0.7349141042,0.0368869157,0.6700666576000001,1.2899663696
2078,2078,2078.0,2078.0,2078.0,2078.0,2078.0,2078.0,2078.0,2078.0,2078.0,2078.0,2078.0,2078.0,2078.0,2078.0,2078.0,2078.0,2078.0,2078.0,2078.0,2078.0,2078.0,2078.0,2078.0,2078.0,2078.0,2078.0,2078.0,2078.0,2078.0,2078.0,2078.0,2078.0,2078.0,2078.0,2078.0,2078.0,2078.0,2078.0,2078.0,2078.0,8.0,0.8,-0.235317227,-0.4001544697,19.012126169548907,0.7718010199,0.2432423027999999,0.6331797419,1.2899663696
2079,2079,2079.0,2079.0,2079.0,2079.0,2079.0,2079.0,2079.0,2079.0,2079.0,2079.0,2079.0,2079.0,2079.0,2079.0,2079.0,2079.0,2079.0,2079.0,2079.0,2079.0,2079.0,2079.0,2079.0,2079.0,2079.0,2079.0,2079.0,2079.0,2079.0,2079.0,2079.0,2079.0,2079.0,2079.0,2079.0,2079.0,2079.0,2079.0,2079.0,2079.0,9.0,0.9,-0.1814273855,1.4471683057,9.547685158219302,1.0150433227,0.3899374391000001,0.3899374391000001,1.2899663696
2080,2080,2080.0,2080.0,2080.0,2080.0,2080.0,2080.0,2080.0,2080.0,2080.0,2080.0,2080.0,2080.0,2080.0,2080.0,2080.0,2080.0,2080.0,2080.0,2080.0,2080.0,2080.0,2080.0,2080.0,2080.0,2080.0,2080.0,2080.0,2080.0,2080.0,2080.0,2080.0,2080.0,2080.0,2080.0,2080.0,2080.0,2080.0,2080.0,2080.0,2080.0,0.0,0.0,0.0,-1.0,6.818040793212923,0.0,0.0666911796,4.282186958,-2.5
2081,2081,2081.0,2081.0,2081.0,2081.0,2081.0,2081.0,2081.0,2081.0,2081.0,2081.0,2081.0,2081.0,2081.0,2081.0,2081.0,2081.0,2081.0,2081.0,2081.0,2081.0,2081.0,2081.0,2081.0,2081.0,2081.0,2081.0,2081.0,2081.0,2081.0,2081.0,2081.0,2081.0,2081.0,2081.0,2081.0,2081.0,2081.0,2081.0,2081.0,2081.0,1.0,0.1,-0.0621808682,-0.2560150525,-5.427214432066805,0.0666911796,0.0430828438,4.215495778399999,-1.0360150525000005
2082,2082,2082.0,2082.0,2082.0,2082.0,2082.0,2082.0,2082.0,2082.0,2082.0,2082.0,2082.0,2082.0,2082.0,2082.0,2082.0,2082.0,2082.0,2082.0,2082.0,2082.0,2082.0,2082.0,2082.0,2082.0,2082.0,2082.0,2082.0,2082.0,2082.0,2082.0,2082.0,2082.0,2082.0,2082.0,2082.0,2082.0,2082.0,2082.0,2082.0,2082.0,2.0,0.2,-0.1127976137,-0.7481197501,-19.714910557401765,0.1097740234,0.5024262318,4.1724129346,-0.9681197501
2083,2083,2083.0,2083.0,2083.0,2083.0,2083.0,2083.0,2083.0,2083.0,2083.0,2083.0,2083.0,2083.0,2083.0,2083.0,2083.0,2083.0,2083.0,2083.0,2083.0,2083.0,2083.0,2083.0,2083.0,2083.0,2083.0,2083.0,2083.0,2083.0,2083.0,2083.0,2083.0,2083.0,2083.0,2083.0,2083.0,2083.0,2083.0,2083.0,2083.0,2083.0,3.0,0.3,-0.2793598862,-2.5530485334,-7.232868900995664,0.6122002552,0.818168152,3.6699867028,-2.3730485334000004
2084,2084,2084.0,2084.0,2084.0,2084.0,2084.0,2084.0,2084.0,2084.0,2084.0,2084.0,2084.0,2084.0,2084.0,2084.0,2084.0,2084.0,2084.0,2084.0,2084.0,2084.0,2084.0,2084.0,2084.0,2084.0,2084.0,2084.0,2084.0,2084.0,2084.0,2084.0,2084.0,2084.0,2084.0,2084.0,2084.0,2084.0,2084.0,2084.0,2084.0,2084.0,4.0,0.4,-0.5573031306,-2.9983921792,12.308597663458066,1.4303684072,0.6502382043999999,2.8518185508,-2.5783921792
2085,2085,2085.0,2085.0,2085.0,2085.0,2085.0,2085.0,2085.0,2085.0,2085.0,2085.0,2085.0,2085.0,2085.0,2085.0,2085.0,2085.0,2085.0,2085.0,2085.0,2085.0,2085.0,2085.0,2085.0,2085.0,2085.0,2085.0,2085.0,2085.0,2085.0,2085.0,2085.0,2085.0,2085.0,2085.0,2085.0,2085.0,2085.0,2085.0,2085.0,2085.0,5.0,0.5,-0.7830960503,-1.5417394931,-10.097151404965894,2.0806066116,0.5156581502000002,2.2015803464,-1.0417394931
2086,2086,2086.0,2086.0,2086.0,2086.0,2086.0,2086.0,2086.0,2086.0,2086.0,2086.0,2086.0,2086.0,2086.0,2086.0,2086.0,2086.0,2086.0,2086.0,2086.0,2086.0,2086.0,2086.0,2086.0,2086.0,2086.0,2086.0,2086.0,2086.0,2086.0,2086.0,2086.0,2086.0,2086.0,2086.0,2086.0,2086.0,2086.0,2086.0,2086.0,2086.0,6.0,0.6,-0.9786561398,-2.3558945441,0.7196804503717971,2.5962647618,0.6076383879999998,1.6859221961999995,-1.9358945441
2087,2087,2087.0,2087.0,2087.0,2087.0,2087.0,2087.0,2087.0,2087.0,2087.0,2087.0,2087.0,2087.0,2087.0,2087.0,2087.0,2087.0,2087.0,2087.0,2087.0,2087.0,2087.0,2087.0,2087.0,2087.0,2087.0,2087.0,2087.0,2087.0,2087.0,2087.0,2087.0,2087.0,2087.0,2087.0,2087.0,2087.0,2087.0,2087.0,2087.0,2087.0,7.0,0.7,-1.199367712,-2.0632149268,15.706219028230969,3.2039031498,0.4543777067999999,1.0782838081999997,-1.8832149268
2088,2088,2088.0,2088.0,2088.0,2088.0,2088.0,2088.0,2088.0,2088.0,2088.0,2088.0,2088.0,2088.0,2088.0,2088.0,2088.0,2088.0,2088.0,2088.0,2088.0,2088.0,2088.0,2088.0,2088.0,2088.0,2088.0,2088.0,2088.0,2088.0,2088.0,2088.0,2088.0,2088.0,2088.0,2088.0,2088.0,2088.0,2088.0,2088.0,2088.0,2088.0,8.0,0.8,-1.3197310272,-0.3722297088,-9.593277028949174,3.6582808566,0.3025960289,0.6239061013999998,-0.5922297088000001
2089,2089,2089.0,2089.0,2089.0,2089.0,2089.0,2089.0,2089.0,2089.0,2089.0,2089.0,2089.0,2089.0,2089.0,2089.0,2089.0,2089.0,2089.0,2089.0,2089.0,2089.0,2089.0,2089.0,2089.0,2089.0,2089.0,2089.0,2089.0,2089.0,2089.0,2089.0,2089.0,2089.0,2089.0,2089.0,2089.0,2089.0,2089.0,2089.0,2089.0,2089.0,9.0,0.9,-1.4015600994,-1.2497283395,3.973222260292548,3.9608768855,0.3213100724999997,0.3213100724999997,-2.0297283395
2090,2090,2090.0,2090.0,2090.0,2090.0,2090.0,2090.0,2090.0,2090.0,2090.0,2090.0,2090.0,2090.0,2090.0,2090.0,2090.0,2090.0,2090.0,2090.0,2090.0,2090.0,2090.0,2090.0,2090.0,2090.0,2090.0,2090.0,2090.0,2090.0,2090.0,2090.0,2090.0,2090.0,2090.0,2090.0,2090.0,2090.0,2090.0,2090.0,2090.0,2090.0,0.0,0.0,0.0,-1.0,-1.7718935942004812,0.0,0.1095746257,8.6616091806,-2.5
2091,2091,2091.0,2091.0,2091.0,2091.0,2091.0,2091.0,2091.0,2091.0,2091.0,2091.0,2091.0,2091.0,2091.0,2091.0,2091.0,2091.0,2091.0,2091.0,2091.0,2091.0,2091.0,2091.0,2091.0,2091.0,2091.0,2091.0,2091.0,2091.0,2091.0,2091.0,2091.0,2091.0,2091.0,2091.0,2091.0,2091.0,2091.0,2091.0,2091.0,2091.0,1.0,0.1,-0.1037339943,-1.0734553651,-16.230872936954775,0.1095746257,0.4790557621,8.552034554899999,-1.8534553651000003
2092,2092,2092.0,2092.0,2092.0,2092.0,2092.0,2092.0,2092.0,2092.0,2092.0,2092.0,2092.0,2092.0,2092.0,2092.0,2092.0,2092.0,2092.0,2092.0,2092.0,2092.0,2092.0,2092.0,2092.0,2092.0,2092.0,2092.0,2092.0,2092.0,2092.0,2092.0,2092.0,2092.0,2092.0,2092.0,2092.0,2092.0,2092.0,2092.0,2092.0,2092.0,2.0,0.2,-0.2844023,-2.5158743531,-15.78037136814618,0.5886303878,1.1542670537,8.072978792799999,-2.7358743531
2093,2093,2093.0,2093.0,2093.0,2093.0,2093.0,2093.0,2093.0,2093.0,2093.0,2093.0,2093.0,2093.0,2093.0,2093.0,2093.0,2093.0,2093.0,2093.0,2093.0,2093.0,2093.0,2093.0,2093.0,2093.0,2093.0,2093.0,2093.0,2093.0,2093.0,2093.0,2093.0,2093.0,2093.0,2093.0,2093.0,2093.0,2093.0,2093.0,2093.0,2093.0,3.0,0.3,-0.6001555285,-3.7781582615,10.839203911260029,1.7428974415,1.0773592923,6.918711739099999,-3.5981582615
2094,2094,2094.0,2094.0,2094.0,2094.0,2094.0,2094.0,2094.0,2094.0,2094.0,2094.0,2094.0,2094.0,2094.0,2094.0,2094.0,2094.0,2094.0,2094.0,2094.0,2094.0,2094.0,2094.0,2094.0,2094.0,2094.0,2094.0,2094.0,2094.0,2094.0,2094.0,2094.0,2094.0,2094.0,2094.0,2094.0,2094.0,2094.0,2094.0,2094.0,2094.0,4.0,0.4,-0.9072610624,-2.3871323365,-2.369877375873614,2.8202567338,0.6781201632,5.841352446799999,-1.9671323365
2095,2095,2095.0,2095.0,2095.0,2095.0,2095.0,2095.0,2095.0,2095.0,2095.0,2095.0,2095.0,2095.0,2095.0,2095.0,2095.0,2095.0,2095.0,2095.0,2095.0,2095.0,2095.0,2095.0,2095.0,2095.0,2095.0,2095.0,2095.0,2095.0,2095.0,2095.0,2095.0,2095.0,2095.0,2095.0,2095.0,2095.0,2095.0,2095.0,2095.0,2095.0,5.0,0.5,-1.1458908363,-2.3854903001,4.223687179715103,3.498376897,0.5966788081000001,5.163232283599999,-1.8854903001
2096,2096,2096.0,2096.0,2096.0,2096.0,2096.0,2096.0,2096.0,2096.0,2096.0,2096.0,2096.0,2096.0,2096.0,2096.0,2096.0,2096.0,2096.0,2096.0,2096.0,2096.0,2096.0,2096.0,2096.0,2096.0,2096.0,2096.0,2096.0,2096.0,2096.0,2096.0,2096.0,2096.0,2096.0,2096.0,2096.0,2096.0,2096.0,2096.0,2096.0,2096.0,6.0,0.6,-1.3524688651,-1.7565435534,-11.844237817177504,4.0950557051,0.7942271208999996,4.566553475499999,-1.3365435534
2097,2097,2097.0,2097.0,2097.0,2097.0,2097.0,2097.0,2097.0,2097.0,2097.0,2097.0,2097.0,2097.0,2097.0,2097.0,2097.0,2097.0,2097.0,2097.0,2097.0,2097.0,2097.0,2097.0,2097.0,2097.0,2097.0,2097.0,2097.0,2097.0,2097.0,2097.0,2097.0,2097.0,2097.0,2097.0,2097.0,2097.0,2097.0,2097.0,2097.0,2097.0,7.0,0.7,-1.5769216581,-2.7165145421,-13.203015642504475,4.889282826,1.4348249792,3.7723263546,-2.5365145421
2098,2098,2098.0,2098.0,2098.0,2098.0,2098.0,2098.0,2098.0,2098.0,2098.0,2098.0,2098.0,2098.0,2098.0,2098.0,2098.0,2098.0,2098.0,2098.0,2098.0,2098.0,2098.0,2098.0,2098.0,2098.0,2098.0,2098.0,2098.0,2098.0,2098.0,2098.0,2098.0,2098.0,2098.0,2098.0,2098.0,2098.0,2098.0,2098.0,2098.0,2098.0,8.0,0.8,-1.8993006999,-3.7144370645,19.456684724947337,6.3241078052,1.3221910964,2.3375013754,-3.9344370645
2099,2099,2099.0,2099.0,2099.0,2099.0,2099.0,2099.0,2099.0,2099.0,2099.0,2099.0,2099.0,2099.0,2099.0,2099.0,2099.0,2099.0,2099.0,2099.0,2099.0,2099.0,2099.0,2099.0,2099.0,2099.0,2099.0,2099.0,2099.0,2099.0,2099.0,2099.0,2099.0,2099.0,2099.0,2099.0,2099.0,2099.0,2099.0,2099.0,2099.0,2099.0,9.0,0.9,-2.158656277,-1.5094130149,-12.61383924962644,7.6462989016,1.0153102789999997,1.0153102789999997,-2.2894130149
2100,2100,2100.0,2100.0,2100.0,2100.0,2100.0,2100.0,2100.0,2100.0,2100.0,2100.0,2100.0,2100.0,2100.0,2100.0,2100.0,2100.0,2100.0,2100.0,2100.0,2100.0,2100.0,2100.0,2100.0,2100.0,2100.0,2100.0,2100.0,2100.0,2100.0,2100.0,2100.0,2100.0,2100.0,2100.0,2100.0,2100.0,2100.0,2100.0,2100.0,2100.0,0.0,0.0,0.0,-1.0,9.628962517009215,0.0,0.0786141096,2.1416044578,-2.5
2101,2101,2101.0,2101.0,2101.0,2101.0,2101.0,2101.0,2101.0,2101.0,2101.0,2101.0,2101.0,2101.0,2101.0,2101.0,2101.0,2101.0,2101.0,2101.0,2101.0,2101.0,2101.0,2101.0,2101.0,2101.0,2101.0,2101.0,2101.0,2101.0,2101.0,2101.0,2101.0,2101.0,2101.0,2101.0,2101.0,2101.0,2101.0,2101.0,2101.0,2101.0,1.0,0.1,-0.0485832647,0.0114795164,-11.33713608556392,0.0786141096,0.1033413824,2.0629903482,-0.7685204836000002
2102,2102,2102.0,2102.0,2102.0,2102.0,2102.0,2102.0,2102.0,2102.0,2102.0,2102.0,2102.0,2102.0,2102.0,2102.0,2102.0,2102.0,2102.0,2102.0,2102.0,2102.0,2102.0,2102.0,2102.0,2102.0,2102.0,2102.0,2102.0,2102.0,2102.0,2102.0,2102.0,2102.0,2102.0,2102.0,2102.0,2102.0,2102.0,2102.0,2102.0,2102.0,2.0,0.2,-0.1023333057,-1.0684840512,6.821345815689771,0.181955492,0.0772172837999999,1.9596489658,-1.2884840512
2103,2103,2103.0,2103.0,2103.0,2103.0,2103.0,2103.0,2103.0,2103.0,2103.0,2103.0,2103.0,2103.0,2103.0,2103.0,2103.0,2103.0,2103.0,2103.0,2103.0,2103.0,2103.0,2103.0,2103.0,2103.0,2103.0,2103.0,2103.0,2103.0,2103.0,2103.0,2103.0,2103.0,2103.0,2103.0,2103.0,2103.0,2103.0,2103.0,2103.0,2103.0,3.0,0.3,-0.1710153054,-0.3176674699,-17.852160669760792,0.2591727758,0.3232363951,1.882431682,-0.1376674699
2104,2104,2104.0,2104.0,2104.0,2104.0,2104.0,2104.0,2104.0,2104.0,2104.0,2104.0,2104.0,2104.0,2104.0,2104.0,2104.0,2104.0,2104.0,2104.0,2104.0,2104.0,2104.0,2104.0,2104.0,2104.0,2104.0,2104.0,2104.0,2104.0,2104.0,2104.0,2104.0,2104.0,2104.0,2104.0,2104.0,2104.0,2104.0,2104.0,2104.0,2104.0,4.0,0.4,-0.2876037008,-1.9862951415,1.9175321518743085,0.5824091709,0.3408255406,1.5591952869,-1.5662951415
2105,2105,2105.0,2105.0,2105.0,2105.0,2105.0,2105.0,2105.0,2105.0,2105.0,2105.0,2105.0,2105.0,2105.0,2105.0,2105.0,2105.0,2105.0,2105.0,2105.0,2105.0,2105.0,2105.0,2105.0,2105.0,2105.0,2105.0,2105.0,2105.0,2105.0,2105.0,2105.0,2105.0,2105.0,2105.0,2105.0,2105.0,2105.0,2105.0,2105.0,2105.0,5.0,0.5,-0.4673488758,-1.6147967512,-6.229084062286487,0.9232347115,0.3899846523,1.2183697463,-1.1147967512
2106,2106,2106.0,2106.0,2106.0,2106.0,2106.0,2106.0,2106.0,2106.0,2106.0,2106.0,2106.0,2106.0,2106.0,2106.0,2106.0,2106.0,2106.0,2106.0,2106.0,2106.0,2106.0,2106.0,2106.0,2106.0,2106.0,2106.0,2106.0,2106.0,2106.0,2106.0,2106.0,2106.0,2106.0,2106.0,2106.0,2106.0,2106.0,2106.0,2106.0,2106.0,6.0,0.6,-0.65114982,-2.0539042134,11.841670424436572,1.3132193638,0.3292330684,0.8283850940000002,-1.6339042134
2107,2107,2107.0,2107.0,2107.0,2107.0,2107.0,2107.0,2107.0,2107.0,2107.0,2107.0,2107.0,2107.0,2107.0,2107.0,2107.0,2107.0,2107.0,2107.0,2107.0,2107.0,2107.0,2107.0,2107.0,2107.0,2107.0,2107.0,2107.0,2107.0,2107.0,2107.0,2107.0,2107.0,2107.0,2107.0,2107.0,2107.0,2107.0,2107.0,2107.0,2107.0,7.0,0.7,-0.7893216229,-0.731565368,2.952295126495166,1.6424524322,0.1032588279999999,0.4991520256000001,-0.5515653679999999
2108,2108,2108.0,2108.0,2108.0,2108.0,2108.0,2108.0,2108.0,2108.0,2108.0,2108.0,2108.0,2108.0,2108.0,2108.0,2108.0,2108.0,2108.0,2108.0,2108.0,2108.0,2108.0,2108.0,2108.0,2108.0,2108.0,2108.0,2108.0,2108.0,2108.0,2108.0,2108.0,2108.0,2108.0,2108.0,2108.0,2108.0,2108.0,2108.0,2108.0,2108.0,8.0,0.8,-0.8446584971,-0.3809989811,8.873317564944077,1.7457112602,0.1183022919,0.3958931976000002,-0.6009989811000003
2109,2109,2109.0,2109.0,2109.0,2109.0,2109.0,2109.0,2109.0,2109.0,2109.0,2109.0,2109.0,2109.0,2109.0,2109.0,2109.0,2109.0,2109.0,2109.0,2109.0,2109.0,2109.0,2109.0,2109.0,2109.0,2109.0,2109.0,2109.0,2109.0,2109.0,2109.0,2109.0,2109.0,2109.0,2109.0,2109.0,2109.0,2109.0,2109.0,2109.0,2109.0,9.0,0.9,-0.8379915735,0.4996658518,-18.12184102510305,1.8640135521,0.2775909057000001,0.2775909057000001,-0.2803341482000002
2110,2110,2110.0,2110.0,2110.0,2110.0,2110.0,2110.0,2110.0,2110.0,2110.0,2110.0,2110.0,2110.0,2110.0,2110.0,2110.0,2110.0,2110.0,2110.0,2110.0,2110.0,2110.0,2110.0,2110.0,2110.0,2110.0,2110.0,2110.0,2110.0,2110.0,2110.0,2110.0,2110.0,2110.0,2110.0,2110.0,2110.0,2110.0,2110.0,2110.0,2110.0,0.0,0.0,0.0,-1.0,19.11119265370995,0.0,0.2132454982,1.24267139,1.4563329565
2111,2111,2111.0,2111.0,2111.0,2111.0,2111.0,2111.0,2111.0,2111.0,2111.0,2111.0,2111.0,2111.0,2111.0,2111.0,2111.0,2111.0,2111.0,2111.0,2111.0,2111.0,2111.0,2111.0,2111.0,2111.0,2111.0,2111.0,2111.0,2111.0,2111.0,2111.0,2111.0,2111.0,2111.0,2111.0,2111.0,2111.0,2111.0,2111.0,2111.0,2111.0,1.0,0.1,-0.0027137534,0.9138330188,-17.196544460880823,0.2132454982,0.1727738596,1.0294258918,1.4563329565
2112,2112,2112.0,2112.0,2112.0,2112.0,2112.0,2112.0,2112.0,2112.0,2112.0,2112.0,2112.0,2112.0,2112.0,2112.0,2112.0,2112.0,2112.0,2112.0,2112.0,2112.0,2112.0,2112.0,2112.0,2112.0,2112.0,2112.0,2112.0,2112.0,2112.0,2112.0,2112.0,2112.0,2112.0,2112.0,2112.0,2112.0,2112.0,2112.0,2112.0,2112.0,2.0,0.2,0.0010620872,-0.809597268,-8.744668339306552,0.3860193578,0.1858113556,0.8566520322,1.4563329565
2113,2113,2113.0,2113.0,2113.0,2113.0,2113.0,2113.0,2113.0,2113.0,2113.0,2113.0,2113.0,2113.0,2113.0,2113.0,2113.0,2113.0,2113.0,2113.0,2113.0,2113.0,2113.0,2113.0,2113.0,2113.0,2113.0,2113.0,2113.0,2113.0,2113.0,2113.0,2113.0,2113.0,2113.0,2113.0,2113.0,2113.0,2113.0,2113.0,2113.0,2113.0,3.0,0.3,-0.118282873,-1.5647191416,10.517349783956377,0.5718307134,0.1656231242,0.6708406765999999,1.4563329565
2114,2114,2114.0,2114.0,2114.0,2114.0,2114.0,2114.0,2114.0,2114.0,2114.0,2114.0,2114.0,2114.0,2114.0,2114.0,2114.0,2114.0,2114.0,2114.0,2114.0,2114.0,2114.0,2114.0,2114.0,2114.0,2114.0,2114.0,2114.0,2114.0,2114.0,2114.0,2114.0,2114.0,2114.0,2114.0,2114.0,2114.0,2114.0,2114.0,2114.0,2114.0,4.0,0.4,-0.2163087729,-0.4149582634,13.99502423437194,0.7374538376,0.1261326780999999,0.5052175523999999,1.4563329565
2115,2115,2115.0,2115.0,2115.0,2115.0,2115.0,2115.0,2115.0,2115.0,2115.0,2115.0,2115.0,2115.0,2115.0,2115.0,2115.0,2115.0,2115.0,2115.0,2115.0,2115.0,2115.0,2115.0,2115.0,2115.0,2115.0,2115.0,2115.0,2115.0,2115.0,2115.0,2115.0,2115.0,2115.0,2115.0,2115.0,2115.0,2115.0,2115.0,2115.0,2115.0,5.0,0.5,-0.1880975694,0.9563329565,-9.187504783875404,0.8635865157,0.074127366,0.3790848742999999,1.4563329565
2116,2116,2116.0,2116.0,2116.0,2116.0,2116.0,2116.0,2116.0,2116.0,2116.0,2116.0,2116.0,2116.0,2116.0,2116.0,2116.0,2116.0,2116.0,2116.0,2116.0,2116.0,2116.0,2116.0,2116.0,2116.0,2116.0,2116.0,2116.0,2116.0,2116.0,2116.0,2116.0,2116.0,2116.0,2116.0,2116.0,2116.0,2116.0,2116.0,2116.0,2116.0,6.0,0.6,-0.1415342577,-0.0089808335,7.139708506885309,0.9377138817,0.0423956036999999,0.3049575082999999,1.4563329565
2117,2117,2117.0,2117.0,2117.0,2117.0,2117.0,2117.0,2117.0,2117.0,2117.0,2117.0,2117.0,2117.0,2117.0,2117.0,2117.0,2117.0,2117.0,2117.0,2117.0,2117.0,2117.0,2117.0,2117.0,2117.0,2117.0,2117.0,2117.0,2117.0,2117.0,2117.0,2117.0,2117.0,2117.0,2117.0,2117.0,2117.0,2117.0,2117.0,2117.0,2117.0,7.0,0.7,-0.107851062,0.6713068215,6.53629495929551,0.9801094854,0.1156609073,0.2625619045999999,1.4563329565
2118,2118,2118.0,2118.0,2118.0,2118.0,2118.0,2118.0,2118.0,2118.0,2118.0,2118.0,2118.0,2118.0,2118.0,2118.0,2118.0,2118.0,2118.0,2118.0,2118.0,2118.0,2118.0,2118.0,2118.0,2118.0,2118.0,2118.0,2118.0,2118.0,2118.0,2118.0,2118.0,2118.0,2118.0,2118.0,2118.0,2118.0,2118.0,2118.0,2118.0,2118.0,8.0,0.8,-0.0123491098,1.2294343652,-9.793533636648464,1.0957703927,0.1057317104999999,0.1469009972999999,1.4563329565
2119,2119,2119.0,2119.0,2119.0,2119.0,2119.0,2119.0,2119.0,2119.0,2119.0,2119.0,2119.0,2119.0,2119.0,2119.0,2119.0,2119.0,2119.0,2119.0,2119.0,2119.0,2119.0,2119.0,2119.0,2119.0,2119.0,2119.0,2119.0,2119.0,2119.0,2119.0,2119.0,2119.0,2119.0,2119.0,2119.0,2119.0,2119.0,2119.0,2119.0,2119.0,9.0,0.9,0.0572715908,0.180460301,-7.928906791929791,1.2015021032,0.0411692867999999,0.0411692867999999,1.4563329565
2120,2120,2120.0,2120.0,2120.0,2120.0,2120.0,2120.0,2120.0,2120.0,2120.0,2120.0,2120.0,2120.0,2120.0,2120.0,2120.0,2120.0,2120.0,2120.0,2120.0,2120.0,2120.0,2120.0,2120.0,2120.0,2120.0,2120.0,2120.0,2120.0,2120.0,2120.0,2120.0,2120.0,2120.0,2120.0,2120.0,2120.0,2120.0,2120.0,2120.0,2120.0,0.0,0.0,0.0,-1.0,-19.508655401121963,0.0,0.5763201042,7.425920268899999,-2.5
2121,2121,2121.0,2121.0,2121.0,2121.0,2121.0,2121.0,2121.0,2121.0,2121.0,2121.0,2121.0,2121.0,2121.0,2121.0,2121.0,2121.0,2121.0,2121.0,2121.0,2121.0,2121.0,2121.0,2121.0,2121.0,2121.0,2121.0,2121.0,2121.0,2121.0,2121.0,2121.0,2121.0,2121.0,2121.0,2121.0,2121.0,2121.0,2121.0,2121.0,2121.0,1.0,0.1,-0.1895341021,-2.761331438,-1.052878198703496,0.5763201042,0.7294591108,6.849600164699999,-3.5413314380000003
2122,2122,2122.0,2122.0,2122.0,2122.0,2122.0,2122.0,2122.0,2122.0,2122.0,2122.0,2122.0,2122.0,2122.0,2122.0,2122.0,2122.0,2122.0,2122.0,2122.0,2122.0,2122.0,2122.0,2122.0,2122.0,2122.0,2122.0,2122.0,2122.0,2122.0,2122.0,2122.0,2122.0,2122.0,2122.0,2122.0,2122.0,2122.0,2122.0,2122.0,2122.0,2.0,0.2,-0.4574027437,-2.5987506162,-9.060662684191062,1.305779215,0.9282416682,6.120141053899999,-2.8187506162
2123,2123,2123.0,2123.0,2123.0,2123.0,2123.0,2123.0,2123.0,2123.0,2123.0,2123.0,2123.0,2123.0,2123.0,2123.0,2123.0,2123.0,2123.0,2123.0,2123.0,2123.0,2123.0,2123.0,2123.0,2123.0,2123.0,2123.0,2123.0,2123.0,2123.0,2123.0,2123.0,2123.0,2123.0,2123.0,2123.0,2123.0,2123.0,2123.0,2123.0,2123.0,3.0,0.3,-0.7485364865,-3.2136831419,-4.30945692235305,2.2340208832,1.160386554,5.191899385699999,-3.0336831419
2124,2124,2124.0,2124.0,2124.0,2124.0,2124.0,2124.0,2124.0,2124.0,2124.0,2124.0,2124.0,2124.0,2124.0,2124.0,2124.0,2124.0,2124.0,2124.0,2124.0,2124.0,2124.0,2124.0,2124.0,2124.0,2124.0,2124.0,2124.0,2124.0,2124.0,2124.0,2124.0,2124.0,2124.0,2124.0,2124.0,2124.0,2124.0,2124.0,2124.0,2124.0,4.0,0.4,-1.0752054813,-3.3179598393,5.36917398071861,3.3944074372,1.0110312399000003,4.0315128317,-2.8979598393
2125,2125,2125.0,2125.0,2125.0,2125.0,2125.0,2125.0,2125.0,2125.0,2125.0,2125.0,2125.0,2125.0,2125.0,2125.0,2125.0,2125.0,2125.0,2125.0,2125.0,2125.0,2125.0,2125.0,2125.0,2125.0,2125.0,2125.0,2125.0,2125.0,2125.0,2125.0,2125.0,2125.0,2125.0,2125.0,2125.0,2125.0,2125.0,2125.0,2125.0,2125.0,5.0,0.5,-1.3649781145,-2.4912698081,12.541891108281938,4.4054386771,0.6217981421999994,3.0204815917999994,-1.9912698081
2126,2126,2126.0,2126.0,2126.0,2126.0,2126.0,2126.0,2126.0,2126.0,2126.0,2126.0,2126.0,2126.0,2126.0,2126.0,2126.0,2126.0,2126.0,2126.0,2126.0,2126.0,2126.0,2126.0,2126.0,2126.0,2126.0,2126.0,2126.0,2126.0,2126.0,2126.0,2126.0,2126.0,2126.0,2126.0,2126.0,2126.0,2126.0,2126.0,2126.0,2126.0,6.0,0.6,-1.5413834189,-1.0606753928,-6.717341519473688,5.0272368193,0.4603398052000003,2.3986834496,-0.6406753927999999
2127,2127,2127.0,2127.0,2127.0,2127.0,2127.0,2127.0,2127.0,2127.0,2127.0,2127.0,2127.0,2127.0,2127.0,2127.0,2127.0,2127.0,2127.0,2127.0,2127.0,2127.0,2127.0,2127.0,2127.0,2127.0,2127.0,2127.0,2127.0,2127.0,2127.0,2127.0,2127.0,2127.0,2127.0,2127.0,2127.0,2127.0,2127.0,2127.0,2127.0,2127.0,7.0,0.7,-1.6748132456,-1.5989797181,10.696590587729723,5.4875766245,0.4705097534,1.9383436444,-1.4189797181
2128,2128,2128.0,2128.0,2128.0,2128.0,2128.0,2128.0,2128.0,2128.0,2128.0,2128.0,2128.0,2128.0,2128.0,2128.0,2128.0,2128.0,2128.0,2128.0,2128.0,2128.0,2128.0,2128.0,2128.0,2128.0,2128.0,2128.0,2128.0,2128.0,2128.0,2128.0,2128.0,2128.0,2128.0,2128.0,2128.0,2128.0,2128.0,2128.0,2128.0,2128.0,8.0,0.8,-1.7752333298,-0.4289005751,-17.42861048585612,5.9580863779,0.6632127326999999,1.4678338909999995,-0.6489005751000002
2129,2129,2129.0,2129.0,2129.0,2129.0,2129.0,2129.0,2129.0,2129.0,2129.0,2129.0,2129.0,2129.0,2129.0,2129.0,2129.0,2129.0,2129.0,2129.0,2129.0,2129.0,2129.0,2129.0,2129.0,2129.0,2129.0,2129.0,2129.0,2129.0,2129.0,2129.0,2129.0,2129.0,2129.0,2129.0,2129.0,2129.0,2129.0,2129.0,2129.0,2129.0,9.0,0.9,-1.9003576105,-2.046637343,-1.2332085355457352,6.6212991106,0.8046211582999998,0.8046211582999998,-2.826637343
2130,2130,2130.0,2130.0,2130.0,2130.0,2130.0,2130.0,2130.0,2130.0,2130.0,2130.0,2130.0,2130.0,2130.0,2130.0,2130.0,2130.0,2130.0,2130.0,2130.0,2130.0,2130.0,2130.0,2130.0,2130.0,2130.0,2130.0,2130.0,2130.0,2130.0,2130.0,2130.0,2130.0,2130.0,2130.0,2130.0,2130.0,2130.0,2130.0,2130.0,2130.0,0.0,0.0,0.0,-1.0,-17.383679361915508,0.0,0.4935316306,8.0216158568,-2.5
2131,2131,2131.0,2131.0,2131.0,2131.0,2131.0,2131.0,2131.0,2131.0,2131.0,2131.0,2131.0,2131.0,2131.0,2131.0,2131.0,2131.0,2131.0,2131.0,2131.0,2131.0,2131.0,2131.0,2131.0,2131.0,2131.0,2131.0,2131.0,2131.0,2131.0,2131.0,2131.0,2131.0,2131.0,2131.0,2131.0,2131.0,2131.0,2131.0,2131.0,2131.0,1.0,0.1,-0.1792547063,-2.5591132299,-3.2376040140249884,0.4935316306,0.687154898,7.5280842262,-3.3391132299
2132,2132,2132.0,2132.0,2132.0,2132.0,2132.0,2132.0,2132.0,2132.0,2132.0,2132.0,2132.0,2132.0,2132.0,2132.0,2132.0,2132.0,2132.0,2132.0,2132.0,2132.0,2132.0,2132.0,2132.0,2132.0,2132.0,2132.0,2132.0,2132.0,2132.0,2132.0,2132.0,2132.0,2132.0,2132.0,2132.0,2132.0,2132.0,2132.0,2132.0,2132.0,2.0,0.2,-0.4384482316,-2.623680106,-9.88827365877885,1.1806865286,0.9725443299000004,6.8409293282,-2.843680106
2133,2133,2133.0,2133.0,2133.0,2133.0,2133.0,2133.0,2133.0,2133.0,2133.0,2133.0,2133.0,2133.0,2133.0,2133.0,2133.0,2133.0,2133.0,2133.0,2133.0,2133.0,2133.0,2133.0,2133.0,2133.0,2133.0,2133.0,2133.0,2133.0,2133.0,2133.0,2133.0,2133.0,2133.0,2133.0,2133.0,2133.0,2133.0,2133.0,2133.0,2133.0,3.0,0.3,-0.7359577068,-3.3149979966,4.984886509852096,2.1532308585,0.946067479,5.8683849983,-3.1349979966
2134,2134,2134.0,2134.0,2134.0,2134.0,2134.0,2134.0,2134.0,2134.0,2134.0,2134.0,2134.0,2134.0,2134.0,2134.0,2134.0,2134.0,2134.0,2134.0,2134.0,2134.0,2134.0,2134.0,2134.0,2134.0,2134.0,2134.0,2134.0,2134.0,2134.0,2134.0,2134.0,2134.0,2134.0,2134.0,2134.0,2134.0,2134.0,2134.0,2134.0,2134.0,4.0,0.4,-1.0273074798,-2.5251595727,0.0819082293264372,3.0992983375,0.7086305606000001,4.9223175193,-2.1051595727
2135,2135,2135.0,2135.0,2135.0,2135.0,2135.0,2135.0,2135.0,2135.0,2135.0,2135.0,2135.0,2135.0,2135.0,2135.0,2135.0,2135.0,2135.0,2135.0,2135.0,2135.0,2135.0,2135.0,2135.0,2135.0,2135.0,2135.0,2135.0,2135.0,2135.0,2135.0,2135.0,2135.0,2135.0,2135.0,2135.0,2135.0,2135.0,2135.0,2135.0,2135.0,5.0,0.5,-1.2672119359,-2.2770642937,-7.118964086557064,3.8079288981,0.8512076875999997,4.2136869587,-1.7770642937
2136,2136,2136.0,2136.0,2136.0,2136.0,2136.0,2136.0,2136.0,2136.0,2136.0,2136.0,2136.0,2136.0,2136.0,2136.0,2136.0,2136.0,2136.0,2136.0,2136.0,2136.0,2136.0,2136.0,2136.0,2136.0,2136.0,2136.0,2136.0,2136.0,2136.0,2136.0,2136.0,2136.0,2136.0,2136.0,2136.0,2136.0,2136.0,2136.0,2136.0,2136.0,6.0,0.6,-1.5183405216,-2.7378321166,6.067765204127085,4.6591365857,0.8284482745000004,3.3624792711000007,-2.3178321166
2137,2137,2137.0,2137.0,2137.0,2137.0,2137.0,2137.0,2137.0,2137.0,2137.0,2137.0,2137.0,2137.0,2137.0,2137.0,2137.0,2137.0,2137.0,2137.0,2137.0,2137.0,2137.0,2137.0,2137.0,2137.0,2137.0,2137.0,2137.0,2137.0,2137.0,2137.0,2137.0,2137.0,2137.0,2137.0,2137.0,2137.0,2137.0,2137.0,2137.0,2137.0,7.0,0.7,-1.7495277378,-1.89986838,4.253226700898672,5.4875848602,0.6053639329999996,2.5340309966000003,-1.71986838
2138,2138,2138.0,2138.0,2138.0,2138.0,2138.0,2138.0,2138.0,2138.0,2138.0,2138.0,2138.0,2138.0,2138.0,2138.0,2138.0,2138.0,2138.0,2138.0,2138.0,2138.0,2138.0,2138.0,2138.0,2138.0,2138.0,2138.0,2138.0,2138.0,2138.0,2138.0,2138.0,2138.0,2138.0,2138.0,2138.0,2138.0,2138.0,2138.0,2138.0,2138.0,8.0,0.8,-1.9097494252,-1.3143240226,-15.082924182981658,6.0929487932,0.9197233793000006,1.9286670636000007,-1.5343240226
2139,2139,2139.0,2139.0,2139.0,2139.0,2139.0,2139.0,2139.0,2139.0,2139.0,2139.0,2139.0,2139.0,2139.0,2139.0,2139.0,2139.0,2139.0,2139.0,2139.0,2139.0,2139.0,2139.0,2139.0,2139.0,2139.0,2139.0,2139.0,2139.0,2139.0,2139.0,2139.0,2139.0,2139.0,2139.0,2139.0,2139.0,2139.0,2139.0,2139.0,2139.0,9.0,0.9,-2.1077858423,-2.6245800237,5.82454243440796,7.0126721725,1.0089436843,1.0089436843,-3.4045800237000003
2140,2140,2140.0,2140.0,2140.0,2140.0,2140.0,2140.0,2140.0,2140.0,2140.0,2140.0,2140.0,2140.0,2140.0,2140.0,2140.0,2140.0,2140.0,2140.0,2140.0,2140.0,2140.0,2140.0,2140.0,2140.0,2140.0,2140.0,2140.0,2140.0,2140.0,2140.0,2140.0,2140.0,2140.0,2140.0,2140.0,2140.0,2140.0,2140.0,2140.0,2140.0,0.0,0.0,0.0,-1.0,10.461676741918112,0.0,0.0846036042,4.9032444983,-2.5
2141,2141,2141.0,2141.0,2141.0,2141.0,2141.0,2141.0,2141.0,2141.0,2141.0,2141.0,2141.0,2141.0,2141.0,2141.0,2141.0,2141.0,2141.0,2141.0,2141.0,2141.0,2141.0,2141.0,2141.0,2141.0,2141.0,2141.0,2141.0,2141.0,2141.0,2141.0,2141.0,2141.0,2141.0,2141.0,2141.0,2141.0,2141.0,2141.0,2141.0,2141.0,1.0,0.1,-0.0445550779,0.0907227521,-4.493481329876943,0.0846036042,0.0136254284999999,4.8186408941000005,-0.6892772479000002
2142,2142,2142.0,2142.0,2142.0,2142.0,2142.0,2142.0,2142.0,2142.0,2142.0,2142.0,2142.0,2142.0,2142.0,2142.0,2142.0,2142.0,2142.0,2142.0,2142.0,2142.0,2142.0,2142.0,2142.0,2142.0,2142.0,2142.0,2142.0,2142.0,2142.0,2142.0,2142.0,2142.0,2142.0,2142.0,2142.0,2142.0,2142.0,2142.0,2142.0,2142.0,2.0,0.2,-0.0576585098,-0.345521949,-10.624446094856106,0.0982290327,0.1363361283,4.8050154656,-0.565521949
2143,2143,2143.0,2143.0,2143.0,2143.0,2143.0,2143.0,2143.0,2143.0,2143.0,2143.0,2143.0,2143.0,2143.0,2143.0,2143.0,2143.0,2143.0,2143.0,2143.0,2143.0,2143.0,2143.0,2143.0,2143.0,2143.0,2143.0,2143.0,2143.0,2143.0,2143.0,2143.0,2143.0,2143.0,2143.0,2143.0,2143.0,2143.0,2143.0,2143.0,2143.0,3.0,0.3,-0.1419341522,-1.3236909161,-5.0113728076486375,0.234565161,0.243980021,4.6686793373,-1.1436909161
2144,2144,2144.0,2144.0,2144.0,2144.0,2144.0,2144.0,2144.0,2144.0,2144.0,2144.0,2144.0,2144.0,2144.0,2144.0,2144.0,2144.0,2144.0,2144.0,2144.0,2144.0,2144.0,2144.0,2144.0,2144.0,2144.0,2144.0,2144.0,2144.0,2144.0,2144.0,2144.0,2144.0,2144.0,2144.0,2144.0,2144.0,2144.0,2144.0,2144.0,2144.0,4.0,0.4,-0.2921421059,-1.6746202432,-19.43670153752383,0.478545182,0.8716593768,4.424699316300001,-1.2546202431999998
2145,2145,2145.0,2145.0,2145.0,2145.0,2145.0,2145.0,2145.0,2145.0,2145.0,2145.0,2145.0,2145.0,2145.0,2145.0,2145.0,2145.0,2145.0,2145.0,2145.0,2145.0,2145.0,2145.0,2145.0,2145.0,2145.0,2145.0,2145.0,2145.0,2145.0,2145.0,2145.0,2145.0,2145.0,2145.0,2145.0,2145.0,2145.0,2145.0,2145.0,2145.0,5.0,0.5,-0.5455267284,-3.3649057744,2.3002647394598696,1.3502045588,1.0108484478000002,3.5530399395000005,-2.8649057744
2146,2146,2146.0,2146.0,2146.0,2146.0,2146.0,2146.0,2146.0,2146.0,2146.0,2146.0,2146.0,2146.0,2146.0,2146.0,2146.0,2146.0,2146.0,2146.0,2146.0,2146.0,2146.0,2146.0,2146.0,2146.0,2146.0,2146.0,2146.0,2146.0,2146.0,2146.0,2146.0,2146.0,2146.0,2146.0,2146.0,2146.0,2146.0,2146.0,2146.0,2146.0,6.0,0.6,-0.8546126888,-2.8257933401,-6.990637916847099,2.3610530066,1.0434854837999996,2.5421914917,-2.4057933401
2147,2147,2147.0,2147.0,2147.0,2147.0,2147.0,2147.0,2147.0,2147.0,2147.0,2147.0,2147.0,2147.0,2147.0,2147.0,2147.0,2147.0,2147.0,2147.0,2147.0,2147.0,2147.0,2147.0,2147.0,2147.0,2147.0,2147.0,2147.0,2147.0,2147.0,2147.0,2147.0,2147.0,2147.0,2147.0,2147.0,2147.0,2147.0,2147.0,2147.0,2147.0,7.0,0.7,-1.1573380668,-3.2221317537,19.15199464864162,3.4045384904,0.8438109690000002,1.4987060079000003,-3.0421317537
2148,2148,2148.0,2148.0,2148.0,2148.0,2148.0,2148.0,2148.0,2148.0,2148.0,2148.0,2148.0,2148.0,2148.0,2148.0,2148.0,2148.0,2148.0,2148.0,2148.0,2148.0,2148.0,2148.0,2148.0,2148.0,2148.0,2148.0,2148.0,2148.0,2148.0,2148.0,2148.0,2148.0,2148.0,2148.0,2148.0,2148.0,2148.0,2148.0,2148.0,2148.0,8.0,0.8,-1.3713183762,-1.0929519794,13.72752341864745,4.2483494594,0.3214690619000002,0.6548950389000003,-1.3129519794000002
2149,2149,2149.0,2149.0,2149.0,2149.0,2149.0,2149.0,2149.0,2149.0,2149.0,2149.0,2149.0,2149.0,2149.0,2149.0,2149.0,2149.0,2149.0,2149.0,2149.0,2149.0,2149.0,2149.0,2149.0,2149.0,2149.0,2149.0,2149.0,2149.0,2149.0,2149.0,2149.0,2149.0,2149.0,2149.0,2149.0,2149.0,2149.0,2149.0,2149.0,2149.0,9.0,0.9,-1.4089207438,0.3174027299,11.264580334480817,4.5698185213,0.3334259770000001,0.3334259770000001,-0.4625972701000003
2150,2150,2150.0,2150.0,2150.0,2150.0,2150.0,2150.0,2150.0,2150.0,2150.0,2150.0,2150.0,2150.0,2150.0,2150.0,2150.0,2150.0,2150.0,2150.0,2150.0,2150.0,2150.0,2150.0,2150.0,2150.0,2150.0,2150.0,2150.0,2150.0,2150.0,2150.0,2150.0,2150.0,2150.0,2150.0,2150.0,2150.0,2150.0,2150.0,2150.0,2150.0,0.0,0.0,0.0,-1.0,13.885729044473322,0.0,0.1210372271,1.3387972831,2.2111596745
2151,2151,2151.0,2151.0,2151.0,2151.0,2151.0,2151.0,2151.0,2151.0,2151.0,2151.0,2151.0,2151.0,2151.0,2151.0,2151.0,2151.0,2151.0,2151.0,2151.0,2151.0,2151.0,2151.0,2151.0,2151.0,2151.0,2151.0,2151.0,2151.0,2151.0,2151.0,2151.0,2151.0,2151.0,2151.0,2151.0,2151.0,2151.0,2151.0,2151.0,2151.0,1.0,0.1,-0.0279915062,0.4165644107,-5.054586340098911,0.1210372271,0.0173690811999999,1.217760056,2.2111596745
2152,2152,2152.0,2152.0,2152.0,2152.0,2152.0,2152.0,2152.0,2152.0,2152.0,2152.0,2152.0,2152.0,2152.0,2152.0,2152.0,2152.0,2152.0,2152.0,2152.0,2152.0,2152.0,2152.0,2152.0,2152.0,2152.0,2152.0,2152.0,2152.0,2152.0,2152.0,2152.0,2152.0,2152.0,2152.0,2152.0,2152.0,2152.0,2152.0,2152.0,2152.0,2.0,0.2,-0.012801266,-0.1040844636,-2.17889354568954,0.1384063083,0.0069283538,1.2003909748,2.2111596745
2153,2153,2153.0,2153.0,2153.0,2153.0,2153.0,2153.0,2153.0,2153.0,2153.0,2153.0,2153.0,2153.0,2153.0,2153.0,2153.0,2153.0,2153.0,2153.0,2153.0,2153.0,2153.0,2153.0,2153.0,2153.0,2153.0,2153.0,2153.0,2153.0,2153.0,2153.0,2153.0,2153.0,2153.0,2153.0,2153.0,2153.0,2153.0,2153.0,2153.0,2153.0,3.0,0.3,-0.0332463282,-0.3015287559,5.726295849451862,0.1453346621,0.0192954352999999,1.193462621,2.2111596745
2154,2154,2154.0,2154.0,2154.0,2154.0,2154.0,2154.0,2154.0,2154.0,2154.0,2154.0,2154.0,2154.0,2154.0,2154.0,2154.0,2154.0,2154.0,2154.0,2154.0,2154.0,2154.0,2154.0,2154.0,2154.0,2154.0,2154.0,2154.0,2154.0,2154.0,2154.0,2154.0,2154.0,2154.0,2154.0,2154.0,2154.0,2154.0,2154.0,2154.0,2154.0,4.0,0.4,-0.0342401005,0.2720946013,13.345973473533,0.1646300974,0.1838427537999999,1.1741671857,2.2111596745
2155,2155,2155.0,2155.0,2155.0,2155.0,2155.0,2155.0,2155.0,2155.0,2155.0,2155.0,2155.0,2155.0,2155.0,2155.0,2155.0,2155.0,2155.0,2155.0,2155.0,2155.0,2155.0,2155.0,2155.0,2155.0,2155.0,2155.0,2155.0,2155.0,2155.0,2155.0,2155.0,2155.0,2155.0,2155.0,2155.0,2155.0,2155.0,2155.0,2155.0,2155.0,5.0,0.5,0.0562131827,1.5162386655,1.8538363802787927,0.3484728512,0.2385577371,0.9903244319,2.2111596745
2156,2156,2156.0,2156.0,2156.0,2156.0,2156.0,2156.0,2156.0,2156.0,2156.0,2156.0,2156.0,2156.0,2156.0,2156.0,2156.0,2156.0,2156.0,2156.0,2156.0,2156.0,2156.0,2156.0,2156.0,2156.0,2156.0,2156.0,2156.0,2156.0,2156.0,2156.0,2156.0,2156.0,2156.0,2156.0,2156.0,2156.0,2156.0,2156.0,2156.0,2156.0,6.0,0.6,0.2094701365,1.5483653497,6.621725242510603,0.5870305883,0.3546142566,0.7517666947999999,2.2111596745
2157,2157,2157.0,2157.0,2157.0,2157.0,2157.0,2157.0,2157.0,2157.0,2157.0,2157.0,2157.0,2157.0,2157.0,2157.0,2157.0,2157.0,2157.0,2157.0,2157.0,2157.0,2157.0,2157.0,2157.0,2157.0,2157.0,2157.0,2157.0,2157.0,2157.0,2157.0,2157.0,2157.0,2157.0,2157.0,2157.0,2157.0,2157.0,2157.0,2157.0,2157.0,7.0,0.7,0.3888483359,2.0311596745,-17.027040145254134,0.9416448449,0.3166188290999999,0.3971524381999999,2.2111596745
2158,2158,2158.0,2158.0,2158.0,2158.0,2158.0,2158.0,2158.0,2158.0,2158.0,2158.0,2158.0,2158.0,2158.0,2158.0,2158.0,2158.0,2158.0,2158.0,2158.0,2158.0,2158.0,2158.0,2158.0,2158.0,2158.0,2158.0,2158.0,2158.0,2158.0,2158.0,2158.0,2158.0,2158.0,2158.0,2158.0,2158.0,2158.0,2158.0,2158.0,2158.0,8.0,0.8,0.4997718322,0.2175321638,-1.8167074364700893,1.258263674,0.0291250961,0.0805336090999999,2.2111596745
2159,2159,2159.0,2159.0,2159.0,2159.0,2159.0,2159.0,2159.0,2159.0,2159.0,2159.0,2159.0,2159.0,2159.0,2159.0,2159.0,2159.0,2159.0,2159.0,2159.0,2159.0,2159.0,2159.0,2159.0,2159.0,2159.0,2159.0,2159.0,2159.0,2159.0,2159.0,2159.0,2159.0,2159.0,2159.0,2159.0,2159.0,2159.0,2159.0,2159.0,2159.0,9.0,0.9,0.5116853588,0.0239478935,5.329731694414157,1.2873887701,0.0514085129999999,0.0514085129999999,2.2111596745
2160,2160,2160.0,2160.0,2160.0,2160.0,2160.0,2160.0,2160.0,2160.0,2160.0,2160.0,2160.0,2160.0,2160.0,2160.0,2160.0,2160.0,2160.0,2160.0,2160.0,2160.0,2160.0,2160.0,2160.0,2160.0,2160.0,2160.0,2160.0,2160.0,2160.0,2160.0,2160.0,2160.0,2160.0,2160.0,2160.0,2160.0,2160.0,2160.0,2160.0,2160.0,0.0,0.0,0.0,-1.0,-17.099320550483274,0.0,0.4830081873,9.4458921785,-2.5
2161,2161,2161.0,2161.0,2161.0,2161.0,2161.0,2161.0,2161.0,2161.0,2161.0,2161.0,2161.0,2161.0,2161.0,2161.0,2161.0,2161.0,2161.0,2161.0,2161.0,2161.0,2161.0,2161.0,2161.0,2161.0,2161.0,2161.0,2161.0,2161.0,2161.0,2161.0,2161.0,2161.0,2161.0,2161.0,2161.0,2161.0,2161.0,2161.0,2161.0,2161.0,1.0,0.1,-0.1778791434,-2.5320529116,11.449024128463424,0.4830081873,0.4328919697,8.9628839912,-3.3120529116000004
2162,2162,2162.0,2162.0,2162.0,2162.0,2162.0,2162.0,2162.0,2162.0,2162.0,2162.0,2162.0,2162.0,2162.0,2162.0,2162.0,2162.0,2162.0,2162.0,2162.0,2162.0,2162.0,2162.0,2162.0,2162.0,2162.0,2162.0,2162.0,2162.0,2162.0,2162.0,2162.0,2162.0,2162.0,2162.0,2162.0,2162.0,2162.0,2162.0,2162.0,2162.0,2.0,0.2,-0.3634521856,-1.2015774566,-5.816198584940713,0.915900157,0.2402758607999999,8.5299920215,-1.4215774566
2163,2163,2163.0,2163.0,2163.0,2163.0,2163.0,2163.0,2163.0,2163.0,2163.0,2163.0,2163.0,2163.0,2163.0,2163.0,2163.0,2163.0,2163.0,2163.0,2163.0,2163.0,2163.0,2163.0,2163.0,2163.0,2163.0,2163.0,2163.0,2163.0,2163.0,2163.0,2163.0,2163.0,2163.0,2163.0,2163.0,2163.0,2163.0,2163.0,2163.0,2163.0,3.0,0.3,-0.505932816,-1.6407166847,0.6216043661791062,1.1561760178,0.2693946103,8.2897161607,-1.4607166847000002
2164,2164,2164.0,2164.0,2164.0,2164.0,2164.0,2164.0,2164.0,2164.0,2164.0,2164.0,2164.0,2164.0,2164.0,2164.0,2164.0,2164.0,2164.0,2164.0,2164.0,2164.0,2164.0,2164.0,2164.0,2164.0,2164.0,2164.0,2164.0,2164.0,2164.0,2164.0,2164.0,2164.0,2164.0,2164.0,2164.0,2164.0,2164.0,2164.0,2164.0,2164.0,4.0,0.4,-0.6590606659,-1.4254283982,-8.902244720465667,1.4255706281,0.4186153369000001,8.020321550399999,-1.0054283982
2165,2165,2165.0,2165.0,2165.0,2165.0,2165.0,2165.0,2165.0,2165.0,2165.0,2165.0,2165.0,2165.0,2165.0,2165.0,2165.0,2165.0,2165.0,2165.0,2165.0,2165.0,2165.0,2165.0,2165.0,2165.0,2165.0,2165.0,2165.0,2165.0,2165.0,2165.0,2165.0,2165.0,2165.0,2165.0,2165.0,2165.0,2165.0,2165.0,2165.0,2165.0,5.0,0.5,-0.837771998,-2.1369415381,-1.178714545999327,1.844185965,0.5271278947999998,7.601706213499999,-1.6369415381
2166,2166,2166.0,2166.0,2166.0,2166.0,2166.0,2166.0,2166.0,2166.0,2166.0,2166.0,2166.0,2166.0,2166.0,2166.0,2166.0,2166.0,2166.0,2166.0,2166.0,2166.0,2166.0,2166.0,2166.0,2166.0,2166.0,2166.0,2166.0,2166.0,2166.0,2166.0,2166.0,2166.0,2166.0,2166.0,2166.0,2166.0,2166.0,2166.0,2166.0,2166.0,6.0,0.6,-1.0468313123,-2.0457536784,-18.04416075918356,2.3713138598,1.1159176197000005,7.0745783187,-1.6257536784000002
2167,2167,2167.0,2167.0,2167.0,2167.0,2167.0,2167.0,2167.0,2167.0,2167.0,2167.0,2167.0,2167.0,2167.0,2167.0,2167.0,2167.0,2167.0,2167.0,2167.0,2167.0,2167.0,2167.0,2167.0,2167.0,2167.0,2167.0,2167.0,2167.0,2167.0,2167.0,2167.0,2167.0,2167.0,2167.0,2167.0,2167.0,2167.0,2167.0,2167.0,2167.0,7.0,0.7,-1.3287976421,-3.5682034246,-10.60074234196884,3.4872314795,1.8193771626,5.958660698999999,-3.3882034246
2168,2168,2168.0,2168.0,2168.0,2168.0,2168.0,2168.0,2168.0,2168.0,2168.0,2168.0,2168.0,2168.0,2168.0,2168.0,2168.0,2168.0,2168.0,2168.0,2168.0,2168.0,2168.0,2168.0,2168.0,2168.0,2168.0,2168.0,2168.0,2168.0,2168.0,2168.0,2168.0,2168.0,2168.0,2168.0,2168.0,2168.0,2168.0,2168.0,2168.0,2168.0,8.0,0.8,-1.7196373665,-4.2374379343,6.419492445864638,5.3066086421,1.7819944875000004,4.1392835364,-4.4574379343
2169,2169,2169.0,2169.0,2169.0,2169.0,2169.0,2169.0,2169.0,2169.0,2169.0,2169.0,2169.0,2169.0,2169.0,2169.0,2169.0,2169.0,2169.0,2169.0,2169.0,2169.0,2169.0,2169.0,2169.0,2169.0,2169.0,2169.0,2169.0,2169.0,2169.0,2169.0,2169.0,2169.0,2169.0,2169.0,2169.0,2169.0,2169.0,2169.0,2169.0,2169.0,9.0,0.9,-2.0918290652,-3.223296991,-19.786494001448588,7.0886031296,2.3572890489,2.3572890489,-4.003296991
2170,2170,2170.0,2170.0,2170.0,2170.0,2170.0,2170.0,2170.0,2170.0,2170.0,2170.0,2170.0,2170.0,2170.0,2170.0,2170.0,2170.0,2170.0,2170.0,2170.0,2170.0,2170.0,2170.0,2170.0,2170.0,2170.0,2170.0,2170.0,2170.0,2170.0,2170.0,2170.0,2170.0,2170.0,2170.0,2170.0,2170.0,2170.0,2170.0,2170.0,2170.0,0.0,0.0,0.0,-1.0,-3.06462620497944,0.0,0.1263755169,7.6392290293,-2.5
2171,2171,2171.0,2171.0,2171.0,2171.0,2171.0,2171.0,2171.0,2171.0,2171.0,2171.0,2171.0,2171.0,2171.0,2171.0,2171.0,2171.0,2171.0,2171.0,2171.0,2171.0,2171.0,2171.0,2171.0,2171.0,2171.0,2171.0,2171.0,2171.0,2171.0,2171.0,2171.0,2171.0,2171.0,2171.0,2171.0,2171.0,2171.0,2171.0,2171.0,2171.0,1.0,0.1,-0.1099874966,-1.1964751239,10.17093422606534,0.1263755169,0.1056078942999999,7.5128535124,-1.9764751239
2172,2172,2172.0,2172.0,2172.0,2172.0,2172.0,2172.0,2172.0,2172.0,2172.0,2172.0,2172.0,2172.0,2172.0,2172.0,2172.0,2172.0,2172.0,2172.0,2172.0,2172.0,2172.0,2172.0,2172.0,2172.0,2172.0,2172.0,2172.0,2172.0,2172.0,2172.0,2172.0,2172.0,2172.0,2172.0,2172.0,2172.0,2172.0,2172.0,2172.0,2172.0,2.0,0.2,-0.1746461003,-0.1147230976,-16.803306198876555,0.2319834112,0.2515835222,7.4072456181,-0.3347230975999999
2173,2173,2173.0,2173.0,2173.0,2173.0,2173.0,2173.0,2173.0,2173.0,2173.0,2173.0,2173.0,2173.0,2173.0,2173.0,2173.0,2173.0,2173.0,2173.0,2173.0,2173.0,2173.0,2173.0,2173.0,2173.0,2173.0,2173.0,2173.0,2173.0,2173.0,2173.0,2173.0,2173.0,2173.0,2173.0,2173.0,2173.0,2173.0,2173.0,2173.0,2173.0,3.0,0.3,-0.2668480564,-1.7028517613,1.0900843499732602,0.4835669334,0.2592435176,7.1556620959,-1.5228517613
2174,2174,2174.0,2174.0,2174.0,2174.0,2174.0,2174.0,2174.0,2174.0,2174.0,2174.0,2174.0,2174.0,2174.0,2174.0,2174.0,2174.0,2174.0,2174.0,2174.0,2174.0,2174.0,2174.0,2174.0,2174.0,2174.0,2174.0,2174.0,2174.0,2174.0,2174.0,2174.0,2174.0,2174.0,2174.0,2174.0,2174.0,2174.0,2174.0,2174.0,2174.0,4.0,0.4,-0.4236227343,-1.4370686485,-0.1590408213108531,0.742810451,0.2137671371,6.8964185783000005,-1.0170686485
2175,2175,2175.0,2175.0,2175.0,2175.0,2175.0,2175.0,2175.0,2175.0,2175.0,2175.0,2175.0,2175.0,2175.0,2175.0,2175.0,2175.0,2175.0,2175.0,2175.0,2175.0,2175.0,2175.0,2175.0,2175.0,2175.0,2175.0,2175.0,2175.0,2175.0,2175.0,2175.0,2175.0,2175.0,2175.0,2175.0,2175.0,2175.0,2175.0,2175.0,2175.0,5.0,0.5,-0.5611472279,-1.315448237,-18.06938578249976,0.9565775881,0.6795517382,6.6826514412,-0.815448237
2176,2176,2176.0,2176.0,2176.0,2176.0,2176.0,2176.0,2176.0,2176.0,2176.0,2176.0,2176.0,2176.0,2176.0,2176.0,2176.0,2176.0,2176.0,2176.0,2176.0,2176.0,2176.0,2176.0,2176.0,2176.0,2176.0,2176.0,2176.0,2176.0,2176.0,2176.0,2176.0,2176.0,2176.0,2176.0,2176.0,2176.0,2176.0,2176.0,2176.0,2176.0,6.0,0.6,-0.7737378514,-2.9097961918,6.55734510529539,1.6361293263,0.7116012791999997,6.003099703,-2.4897961918
2177,2177,2177.0,2177.0,2177.0,2177.0,2177.0,2177.0,2177.0,2177.0,2177.0,2177.0,2177.0,2177.0,2177.0,2177.0,2177.0,2177.0,2177.0,2177.0,2177.0,2177.0,2177.0,2177.0,2177.0,2177.0,2177.0,2177.0,2177.0,2177.0,2177.0,2177.0,2177.0,2177.0,2177.0,2177.0,2177.0,2177.0,2177.0,2177.0,2177.0,2177.0,7.0,0.7,-1.0189209447,-2.0088785879,-19.16313459450158,2.3477306055,1.1439341792000004,5.2914984238,-1.8288785879
2178,2178,2178.0,2178.0,2178.0,2178.0,2178.0,2178.0,2178.0,2178.0,2178.0,2178.0,2178.0,2178.0,2178.0,2178.0,2178.0,2178.0,2178.0,2178.0,2178.0,2178.0,2178.0,2178.0,2178.0,2178.0,2178.0,2178.0,2178.0,2178.0,2178.0,2178.0,2178.0,2178.0,2178.0,2178.0,2178.0,2178.0,2178.0,2178.0,2178.0,2178.0,8.0,0.8,-1.3027910924,-3.6413218996,-6.525675895477697,3.4916647847,1.6744743602999996,4.1475642446,-3.8613218996
2179,2179,2179.0,2179.0,2179.0,2179.0,2179.0,2179.0,2179.0,2179.0,2179.0,2179.0,2179.0,2179.0,2179.0,2179.0,2179.0,2179.0,2179.0,2179.0,2179.0,2179.0,2179.0,2179.0,2179.0,2179.0,2179.0,2179.0,2179.0,2179.0,2179.0,2179.0,2179.0,2179.0,2179.0,2179.0,2179.0,2179.0,2179.0,2179.0,2179.0,2179.0,9.0,0.9,-1.6808758361,-3.9158047456,-15.143114039815156,5.166139145,2.4730898843,2.4730898843,-4.6958047456
2180,2180,2180.0,2180.0,2180.0,2180.0,2180.0,2180.0,2180.0,2180.0,2180.0,2180.0,2180.0,2180.0,2180.0,2180.0,2180.0,2180.0,2180.0,2180.0,2180.0,2180.0,2180.0,2180.0,2180.0,2180.0,2180.0,2180.0,2180.0,2180.0,2180.0,2180.0,2180.0,2180.0,2180.0,2180.0,2180.0,2180.0,2180.0,2180.0,2180.0,2180.0,0.0,0.0,0.0,-1.0,0.5434685435541908,0.0,0.0862489459,10.7882831412,-2.5
2181,2181,2181.0,2181.0,2181.0,2181.0,2181.0,2181.0,2181.0,2181.0,2181.0,2181.0,2181.0,2181.0,2181.0,2181.0,2181.0,2181.0,2181.0,2181.0,2181.0,2181.0,2181.0,2181.0,2181.0,2181.0,2181.0,2181.0,2181.0,2181.0,2181.0,2181.0,2181.0,2181.0,2181.0,2181.0,2181.0,2181.0,2181.0,2181.0,2181.0,2181.0,1.0,0.1,-0.0925335955,-0.8531195502,-5.151759673134615,0.0862489459,0.129365697,10.7020341953,-1.6331195502000002
2182,2182,2182.0,2182.0,2182.0,2182.0,2182.0,2182.0,2182.0,2182.0,2182.0,2182.0,2182.0,2182.0,2182.0,2182.0,2182.0,2182.0,2182.0,2182.0,2182.0,2182.0,2182.0,2182.0,2182.0,2182.0,2182.0,2182.0,2182.0,2182.0,2182.0,2182.0,2182.0,2182.0,2182.0,2182.0,2182.0,2182.0,2182.0,2182.0,2182.0,2182.0,2.0,0.2,-0.1986398682,-1.2621892448,-14.255084529128554,0.2156146429,0.4801228352,10.5726684983,-1.4821892448
2183,2183,2183.0,2183.0,2183.0,2183.0,2183.0,2183.0,2183.0,2183.0,2183.0,2183.0,2183.0,2183.0,2183.0,2183.0,2183.0,2183.0,2183.0,2183.0,2183.0,2183.0,2183.0,2183.0,2183.0,2183.0,2183.0,2183.0,2183.0,2183.0,2183.0,2183.0,2183.0,2183.0,2183.0,2183.0,2183.0,2183.0,2183.0,2183.0,2183.0,2183.0,3.0,0.3,-0.3877108507,-2.4986267151,-7.92117777321228,0.6957374781,0.8236969692000001,10.0925456631,-2.3186267151
2184,2184,2184.0,2184.0,2184.0,2184.0,2184.0,2184.0,2184.0,2184.0,2184.0,2184.0,2184.0,2184.0,2184.0,2184.0,2184.0,2184.0,2184.0,2184.0,2184.0,2184.0,2184.0,2184.0,2184.0,2184.0,2184.0,2184.0,2184.0,2184.0,2184.0,2184.0,2184.0,2184.0,2184.0,2184.0,2184.0,2184.0,2184.0,2184.0,2184.0,2184.0,4.0,0.4,-0.6638046751,-3.0146506681,-6.997443168294485,1.5194344473,1.1226312566,9.2688486939,-2.5946506681
2185,2185,2185.0,2185.0,2185.0,2185.0,2185.0,2185.0,2185.0,2185.0,2185.0,2185.0,2185.0,2185.0,2185.0,2185.0,2185.0,2185.0,2185.0,2185.0,2185.0,2185.0,2185.0,2185.0,2185.0,2185.0,2185.0,2185.0,2185.0,2185.0,2185.0,2185.0,2185.0,2185.0,2185.0,2185.0,2185.0,2185.0,2185.0,2185.0,2185.0,2185.0,5.0,0.5,-0.984536143,-3.393663517,-19.6331423629444,2.6420657039,2.1000762873999994,8.1462174373,-2.893663517
2186,2186,2186.0,2186.0,2186.0,2186.0,2186.0,2186.0,2186.0,2186.0,2186.0,2186.0,2186.0,2186.0,2186.0,2186.0,2186.0,2186.0,2186.0,2186.0,2186.0,2186.0,2186.0,2186.0,2186.0,2186.0,2186.0,2186.0,2186.0,2186.0,2186.0,2186.0,2186.0,2186.0,2186.0,2186.0,2186.0,2186.0,2186.0,2186.0,2186.0,2186.0,6.0,0.6,-1.4024596206,-4.9390542757,1.352782939980841,4.7421419913,2.422446108200001,6.046141149900001,-4.5190542757
2187,2187,2187.0,2187.0,2187.0,2187.0,2187.0,2187.0,2187.0,2187.0,2187.0,2187.0,2187.0,2187.0,2187.0,2187.0,2187.0,2187.0,2187.0,2187.0,2187.0,2187.0,2187.0,2187.0,2187.0,2187.0,2187.0,2187.0,2187.0,2187.0,2187.0,2187.0,2187.0,2187.0,2187.0,2187.0,2187.0,2187.0,2187.0,2187.0,2187.0,2187.0,7.0,0.7,-1.8659296785,-4.3403059238,14.832979818740135,7.1645880995,1.7244418127999994,3.623695041700001,-4.160305923799999
2188,2188,2188.0,2188.0,2188.0,2188.0,2188.0,2188.0,2188.0,2188.0,2188.0,2188.0,2188.0,2188.0,2188.0,2188.0,2188.0,2188.0,2188.0,2188.0,2188.0,2188.0,2188.0,2188.0,2188.0,2188.0,2188.0,2188.0,2188.0,2188.0,2188.0,2188.0,2188.0,2188.0,2188.0,2188.0,2188.0,2188.0,2188.0,2188.0,2188.0,2188.0,8.0,0.8,-2.2072113596,-2.5157262608,11.17710482542376,8.8890299123,0.9543254215,1.899253228900001,-2.7357262608000004
2189,2189,2189.0,2189.0,2189.0,2189.0,2189.0,2189.0,2189.0,2189.0,2189.0,2189.0,2189.0,2189.0,2189.0,2189.0,2189.0,2189.0,2189.0,2189.0,2189.0,2189.0,2189.0,2189.0,2189.0,2189.0,2189.0,2189.0,2189.0,2189.0,2189.0,2189.0,2189.0,2189.0,2189.0,2189.0,2189.0,2189.0,2189.0,2189.0,2189.0,2189.0,9.0,0.9,-2.3925459554,-1.2126811825,-10.416365791372488,9.8433553338,0.9449278074000008,0.9449278074000008,-1.9926811825
2190,2190,2190.0,2190.0,2190.0,2190.0,2190.0,2190.0,2190.0,2190.0,2190.0,2190.0,2190.0,2190.0,2190.0,2190.0,2190.0,2190.0,2190.0,2190.0,2190.0,2190.0,2190.0,2190.0,2190.0,2190.0,2190.0,2190.0,2190.0,2190.0,2190.0,2190.0,2190.0,2190.0,2190.0,2190.0,2190.0,2190.0,2190.0,2190.0,2190.0,2190.0,0.0,0.0,0.0,-1.0,18.50111355376103,0.0,0.2001994923,1.9099607728000003,2.1284490566
2191,2191,2191.0,2191.0,2191.0,2191.0,2191.0,2191.0,2191.0,2191.0,2191.0,2191.0,2191.0,2191.0,2191.0,2191.0,2191.0,2191.0,2191.0,2191.0,2191.0,2191.0,2191.0,2191.0,2191.0,2191.0,2191.0,2191.0,2191.0,2191.0,2191.0,2191.0,2191.0,2191.0,2191.0,2191.0,2191.0,2191.0,2191.0,2191.0,2191.0,2191.0,1.0,0.1,-0.005664961,0.8557763164,-5.981665340068911,0.2001994923,0.0490737644,1.7097612805000004,2.1284490566
2192,2192,2192.0,2192.0,2192.0,2192.0,2192.0,2192.0,2192.0,2192.0,2192.0,2192.0,2192.0,2192.0,2192.0,2192.0,2192.0,2192.0,2192.0,2192.0,2192.0,2192.0,2192.0,2192.0,2192.0,2192.0,2192.0,2192.0,2192.0,2192.0,2192.0,2192.0,2192.0,2192.0,2192.0,2192.0,2192.0,2192.0,2192.0,2192.0,2192.0,2192.0,2.0,0.2,0.0468371145,0.2051077068,18.524717415387805,0.2492732567,0.3168568405999999,1.6606875161000003,2.1284490566
2193,2193,2193.0,2193.0,2193.0,2193.0,2193.0,2193.0,2193.0,2193.0,2193.0,2193.0,2193.0,2193.0,2193.0,2193.0,2193.0,2193.0,2193.0,2193.0,2193.0,2193.0,2193.0,2193.0,2193.0,2193.0,2193.0,2193.0,2193.0,2193.0,2193.0,2193.0,2193.0,2193.0,2193.0,2193.0,2193.0,2193.0,2193.0,2193.0,2193.0,2193.0,3.0,0.3,0.1559675064,1.9484490566,-12.812103658456468,0.5661300973,0.256285501,1.3438306755000002,2.1284490566
2194,2194,2194.0,2194.0,2194.0,2194.0,2194.0,2194.0,2194.0,2194.0,2194.0,2194.0,2194.0,2194.0,2194.0,2194.0,2194.0,2194.0,2194.0,2194.0,2194.0,2194.0,2194.0,2194.0,2194.0,2194.0,2194.0,2194.0,2194.0,2194.0,2194.0,2194.0,2194.0,2194.0,2194.0,2194.0,2194.0,2194.0,2194.0,2194.0,2194.0,2194.0,4.0,0.4,0.2794094524,0.5437967446,9.382738560798913,0.8224155983,0.1546511425,1.0875451745000002,2.1284490566
2195,2195,2195.0,2195.0,2195.0,2195.0,2195.0,2195.0,2195.0,2195.0,2195.0,2195.0,2195.0,2195.0,2195.0,2195.0,2195.0,2195.0,2195.0,2195.0,2195.0,2195.0,2195.0,2195.0,2195.0,2195.0,2195.0,2195.0,2195.0,2195.0,2195.0,2195.0,2195.0,2195.0,2195.0,2195.0,2195.0,2195.0,2195.0,2195.0,2195.0,2195.0,5.0,0.5,0.376546771,1.3849332821,0.0835623486734107,0.9770667408,0.1947285994000001,0.932894032,2.1284490566
2196,2196,2196.0,2196.0,2196.0,2196.0,2196.0,2196.0,2196.0,2196.0,2196.0,2196.0,2196.0,2196.0,2196.0,2196.0,2196.0,2196.0,2196.0,2196.0,2196.0,2196.0,2196.0,2196.0,2196.0,2196.0,2196.0,2196.0,2196.0,2196.0,2196.0,2196.0,2196.0,2196.0,2196.0,2196.0,2196.0,2196.0,2196.0,2196.0,2196.0,2196.0,6.0,0.6,0.5087452832,1.2610910048,-13.509610869524876,1.1717953402,0.1676246964999999,0.7381654326,2.1284490566
2197,2197,2197.0,2197.0,2197.0,2197.0,2197.0,2197.0,2197.0,2197.0,2197.0,2197.0,2197.0,2197.0,2197.0,2197.0,2197.0,2197.0,2197.0,2197.0,2197.0,2197.0,2197.0,2197.0,2197.0,2197.0,2197.0,2197.0,2197.0,2197.0,2197.0,2197.0,2197.0,2197.0,2197.0,2197.0,2197.0,2197.0,2197.0,2197.0,2197.0,2197.0,7.0,0.7,0.5634023238,-0.1445271228,13.02256561902879,1.3394200367,0.1555058736000001,0.5705407361000001,2.1284490566
2198,2198,2198.0,2198.0,2198.0,2198.0,2198.0,2198.0,2198.0,2198.0,2198.0,2198.0,2198.0,2198.0,2198.0,2198.0,2198.0,2198.0,2198.0,2198.0,2198.0,2198.0,2198.0,2198.0,2198.0,2198.0,2198.0,2198.0,2198.0,2198.0,2198.0,2198.0,2198.0,2198.0,2198.0,2198.0,2198.0,2198.0,2198.0,2198.0,2198.0,2198.0,8.0,0.8,0.6126443292,1.1084874338,-16.35868398135285,1.4949259103,0.2047033475999999,0.4150348625,2.1284490566
2199,2199,2199.0,2199.0,2199.0,2199.0,2199.0,2199.0,2199.0,2199.0,2199.0,2199.0,2199.0,2199.0,2199.0,2199.0,2199.0,2199.0,2199.0,2199.0,2199.0,2199.0,2199.0,2199.0,2199.0,2199.0,2199.0,2199.0,2199.0,2199.0,2199.0,2199.0,2199.0,2199.0,2199.0,2199.0,2199.0,2199.0,2199.0,2199.0,2199.0,2199.0,9.0,0.9,0.6389972336,-0.5537338687,16.68378788067531,1.6996292579,0.2103315149,0.2103315149,2.1284490566
2200,2200,2200.0,2200.0,2200.0,2200.0,2200.0,2200.0,2200.0,2200.0,2200.0,2200.0,2200.0,2200.0,2200.0,2200.0,2200.0,2200.0,2200.0,2200.0,2200.0,2200.0,2200.0,2200.0,2200.0,2200.0,2200.0,2200.0,2200.0,2200.0,2200.0,2200.0,2200.0,2200.0,2200.0,2200.0,2200.0,2200.0,2200.0,2200.0,2200.0,2200.0,0.0,0.0,0.0,-1.0,-2.368434885028797,0.0,0.1169911839,3.6418737841,-2.5
2201,2201,2201.0,2201.0,2201.0,2201.0,2201.0,2201.0,2201.0,2201.0,2201.0,2201.0,2201.0,2201.0,2201.0,2201.0,2201.0,2201.0,2201.0,2201.0,2201.0,2201.0,2201.0,2201.0,2201.0,2201.0,2201.0,2201.0,2201.0,2201.0,2201.0,2201.0,2201.0,2201.0,2201.0,2201.0,2201.0,2201.0,2201.0,2201.0,2201.0,2201.0,1.0,0.1,-0.1066197304,-1.1302237581,9.137404217271309,0.1169911839,0.0920167658,3.5248826002,-1.9102237581000003
2202,2202,2202.0,2202.0,2202.0,2202.0,2202.0,2202.0,2202.0,2202.0,2202.0,2202.0,2202.0,2202.0,2202.0,2202.0,2202.0,2202.0,2202.0,2202.0,2202.0,2202.0,2202.0,2202.0,2202.0,2202.0,2202.0,2202.0,2202.0,2202.0,2202.0,2202.0,2202.0,2202.0,2202.0,2202.0,2202.0,2202.0,2202.0,2202.0,2202.0,2202.0,2.0,0.2,-0.1699733018,-0.1531297649,-6.225990449927622,0.2090079497,0.045668893,3.4328658344000003,-0.3731297648999999
2203,2203,2203.0,2203.0,2203.0,2203.0,2203.0,2203.0,2203.0,2203.0,2203.0,2203.0,2203.0,2203.0,2203.0,2203.0,2203.0,2203.0,2203.0,2203.0,2203.0,2203.0,2203.0,2203.0,2203.0,2203.0,2203.0,2203.0,2203.0,2203.0,2203.0,2203.0,2203.0,2203.0,2203.0,2203.0,2203.0,2203.0,2203.0,2203.0,2203.0,2203.0,3.0,0.3,-0.2146632381,-0.7310388737,-15.284429988235749,0.2546768427,0.3464550424,3.3871969414,-0.5510388737
2204,2204,2204.0,2204.0,2204.0,2204.0,2204.0,2204.0,2204.0,2204.0,2204.0,2204.0,2204.0,2204.0,2204.0,2204.0,2204.0,2204.0,2204.0,2204.0,2204.0,2204.0,2204.0,2204.0,2204.0,2204.0,2204.0,2204.0,2204.0,2204.0,2204.0,2204.0,2204.0,2204.0,2204.0,2204.0,2204.0,2204.0,2204.0,2204.0,2204.0,2204.0,4.0,0.4,-0.3581679595,-2.1159771511,-6.235741633439421,0.6011318851,0.5793690031000001,3.040741899,-1.6959771511
2205,2205,2205.0,2205.0,2205.0,2205.0,2205.0,2205.0,2205.0,2205.0,2205.0,2205.0,2205.0,2205.0,2205.0,2205.0,2205.0,2205.0,2205.0,2205.0,2205.0,2205.0,2205.0,2205.0,2205.0,2205.0,2205.0,2205.0,2205.0,2205.0,2205.0,2205.0,2205.0,2205.0,2205.0,2205.0,2205.0,2205.0,2205.0,2205.0,2205.0,2205.0,5.0,0.5,-0.5896947035,-2.5080245704,-8.6929880212911,1.1805008882,0.8819664170000001,2.4613728959,-2.0080245704
2206,2206,2206.0,2206.0,2206.0,2206.0,2206.0,2206.0,2206.0,2206.0,2206.0,2206.0,2206.0,2206.0,2206.0,2206.0,2206.0,2206.0,2206.0,2206.0,2206.0,2206.0,2206.0,2206.0,2206.0,2206.0,2206.0,2206.0,2206.0,2206.0,2206.0,2206.0,2206.0,2206.0,2206.0,2206.0,2206.0,2206.0,2206.0,2206.0,2206.0,2206.0,6.0,0.6,-0.8704158078,-3.0966022682,8.980464097678535,2.0624673052,0.7841878166999998,1.5794064788999995,-2.6766022682
2207,2207,2207.0,2207.0,2207.0,2207.0,2207.0,2207.0,2207.0,2207.0,2207.0,2207.0,2207.0,2207.0,2207.0,2207.0,2207.0,2207.0,2207.0,2207.0,2207.0,2207.0,2207.0,2207.0,2207.0,2207.0,2207.0,2207.0,2207.0,2207.0,2207.0,2207.0,2207.0,2207.0,2207.0,2207.0,2207.0,2207.0,2207.0,2207.0,2207.0,2207.0,7.0,0.7,-1.1216542333,-1.947317433,19.25504600174457,2.8466551219,0.4446361303000001,0.7952186621999999,-1.767317433
2208,2208,2208.0,2208.0,2208.0,2208.0,2208.0,2208.0,2208.0,2208.0,2208.0,2208.0,2208.0,2208.0,2208.0,2208.0,2208.0,2208.0,2208.0,2208.0,2208.0,2208.0,2208.0,2208.0,2208.0,2208.0,2208.0,2208.0,2208.0,2208.0,2208.0,2208.0,2208.0,2208.0,2208.0,2208.0,2208.0,2208.0,2208.0,2208.0,2208.0,2208.0,8.0,0.8,-1.2138212798,0.0703542137,6.696318459483145,3.2912912522,0.1849094443999996,0.3505825318999997,-0.1496457863000002
2209,2209,2209.0,2209.0,2209.0,2209.0,2209.0,2209.0,2209.0,2209.0,2209.0,2209.0,2209.0,2209.0,2209.0,2209.0,2209.0,2209.0,2209.0,2209.0,2209.0,2209.0,2209.0,2209.0,2209.0,2209.0,2209.0,2209.0,2209.0,2209.0,2209.0,2209.0,2209.0,2209.0,2209.0,2209.0,2209.0,2209.0,2209.0,2209.0,2209.0,2209.0,9.0,0.9,-1.1747332462,0.700898026,-5.263941115274943,3.4762006966,0.1656730875000001,0.1656730875000001,-0.0791019740000003
2210,2210,2210.0,2210.0,2210.0,2210.0,2210.0,2210.0,2210.0,2210.0,2210.0,2210.0,2210.0,2210.0,2210.0,2210.0,2210.0,2210.0,2210.0,2210.0,2210.0,2210.0,2210.0,2210.0,2210.0,2210.0,2210.0,2210.0,2210.0,2210.0,2210.0,2210.0,2210.0,2210.0,2210.0,2210.0,2210.0,2210.0,2210.0,2210.0,2210.0,2210.0,0.0,0.0,0.0,-1.0,-8.234773197269188,0.0,0.2206329121,4.5580458127,-2.5
2211,2211,2211.0,2211.0,2211.0,2211.0,2211.0,2211.0,2211.0,2211.0,2211.0,2211.0,2211.0,2211.0,2211.0,2211.0,2211.0,2211.0,2211.0,2211.0,2211.0,2211.0,2211.0,2211.0,2211.0,2211.0,2211.0,2211.0,2211.0,2211.0,2211.0,2211.0,2211.0,2211.0,2211.0,2211.0,2211.0,2211.0,2211.0,2211.0,2211.0,2211.0,1.0,0.1,-0.1349976229,-1.6884796968,10.490355418768658,0.2206329121,0.191157305,4.3374129006,-2.4684796968
2212,2212,2212.0,2212.0,2212.0,2212.0,2212.0,2212.0,2212.0,2212.0,2212.0,2212.0,2212.0,2212.0,2212.0,2212.0,2212.0,2212.0,2212.0,2212.0,2212.0,2212.0,2212.0,2212.0,2212.0,2212.0,2212.0,2212.0,2212.0,2212.0,2212.0,2212.0,2212.0,2212.0,2212.0,2212.0,2212.0,2212.0,2212.0,2212.0,2212.0,2212.0,2.0,0.2,-0.2449314784,-0.5295102995,-8.787849717636309,0.4117902171,0.1382499407,4.1462555956,-0.7495102994999999
2213,2213,2213.0,2213.0,2213.0,2213.0,2213.0,2213.0,2213.0,2213.0,2213.0,2213.0,2213.0,2213.0,2213.0,2213.0,2213.0,2213.0,2213.0,2213.0,2213.0,2213.0,2213.0,2213.0,2213.0,2213.0,2213.0,2213.0,2213.0,2213.0,2213.0,2213.0,2213.0,2213.0,2213.0,2213.0,2213.0,2213.0,2213.0,2213.0,2213.0,2213.0,3.0,0.3,-0.3378315024,-1.3153952472,-10.460149733904949,0.5500401578,0.3877615218,4.0080056549,-1.1353952472
2214,2214,2214.0,2214.0,2214.0,2214.0,2214.0,2214.0,2214.0,2214.0,2214.0,2214.0,2214.0,2214.0,2214.0,2214.0,2214.0,2214.0,2214.0,2214.0,2214.0,2214.0,2214.0,2214.0,2214.0,2214.0,2214.0,2214.0,2214.0,2214.0,2214.0,2214.0,2214.0,2214.0,2214.0,2214.0,2214.0,2214.0,2214.0,2214.0,2214.0,2214.0,4.0,0.4,-0.513608017,-2.185633706,-10.48734163713802,0.9378016796,0.7706218627,3.6202441331,-1.765633706
2215,2215,2215.0,2215.0,2215.0,2215.0,2215.0,2215.0,2215.0,2215.0,2215.0,2215.0,2215.0,2215.0,2215.0,2215.0,2215.0,2215.0,2215.0,2215.0,2215.0,2215.0,2215.0,2215.0,2215.0,2215.0,2215.0,2215.0,2215.0,2215.0,2215.0,2215.0,2215.0,2215.0,2215.0,2215.0,2215.0,2215.0,2215.0,2215.0,2215.0,2215.0,5.0,0.5,-0.772330228,-2.9756456587,8.991584299969489,1.7084235423,0.7074439779999999,2.8496222703999994,-2.4756456587
2216,2216,2216.0,2216.0,2216.0,2216.0,2216.0,2216.0,2216.0,2216.0,2216.0,2216.0,2216.0,2216.0,2216.0,2216.0,2216.0,2216.0,2216.0,2216.0,2216.0,2216.0,2216.0,2216.0,2216.0,2216.0,2216.0,2216.0,2216.0,2216.0,2216.0,2216.0,2216.0,2216.0,2216.0,2216.0,2216.0,2216.0,2216.0,2216.0,2216.0,2216.0,6.0,0.6,-1.0120043169,-1.8368131398,-2.665592660703034,2.4158675203,0.4783213382000002,2.1421782924,-1.4168131398
2217,2217,2217.0,2217.0,2217.0,2217.0,2217.0,2217.0,2217.0,2217.0,2217.0,2217.0,2217.0,2217.0,2217.0,2217.0,2217.0,2217.0,2217.0,2217.0,2217.0,2217.0,2217.0,2217.0,2217.0,2217.0,2217.0,2217.0,2217.0,2217.0,2217.0,2217.0,2217.0,2217.0,2217.0,2217.0,2217.0,2217.0,2217.0,2217.0,2217.0,2217.0,7.0,0.7,-1.1996947627,-1.9156819601,-1.295872241941197,2.8941888585,0.5243173767,1.6638569541999997,-1.7356819600999998
2218,2218,2218.0,2218.0,2218.0,2218.0,2218.0,2218.0,2218.0,2218.0,2218.0,2218.0,2218.0,2218.0,2218.0,2218.0,2218.0,2218.0,2218.0,2218.0,2218.0,2218.0,2218.0,2218.0,2218.0,2218.0,2218.0,2218.0,2218.0,2218.0,2218.0,2218.0,2218.0,2218.0,2218.0,2218.0,2218.0,2218.0,2218.0,2218.0,2218.0,2218.0,8.0,0.8,-1.388264725,-1.856699222,2.368117379082083,3.4185062352,0.4947328499999996,1.1395395774999997,-2.076699222
2219,2219,2219.0,2219.0,2219.0,2219.0,2219.0,2219.0,2219.0,2219.0,2219.0,2219.0,2219.0,2219.0,2219.0,2219.0,2219.0,2219.0,2219.0,2219.0,2219.0,2219.0,2219.0,2219.0,2219.0,2219.0,2219.0,2219.0,2219.0,2219.0,2219.0,2219.0,2219.0,2219.0,2219.0,2219.0,2219.0,2219.0,2219.0,2219.0,2219.0,2219.0,9.0,0.9,-1.5534976627,-1.4546545464,-9.005472625671484,3.9132390852,0.6448067274999998,0.6448067274999998,-2.2346545464000003
2220,2220,2220.0,2220.0,2220.0,2220.0,2220.0,2220.0,2220.0,2220.0,2220.0,2220.0,2220.0,2220.0,2220.0,2220.0,2220.0,2220.0,2220.0,2220.0,2220.0,2220.0,2220.0,2220.0,2220.0,2220.0,2220.0,2220.0,2220.0,2220.0,2220.0,2220.0,2220.0,2220.0,2220.0,2220.0,2220.0,2220.0,2220.0,2220.0,2220.0,2220.0,0.0,0.0,0.0,-1.0,-14.27900438929948,0.0,0.385724914,6.911036359099999,-2.5
2221,2221,2221.0,2221.0,2221.0,2221.0,2221.0,2221.0,2221.0,2221.0,2221.0,2221.0,2221.0,2221.0,2221.0,2221.0,2221.0,2221.0,2221.0,2221.0,2221.0,2221.0,2221.0,2221.0,2221.0,2221.0,2221.0,2221.0,2221.0,2221.0,2221.0,2221.0,2221.0,2221.0,2221.0,2221.0,2221.0,2221.0,2221.0,2221.0,2221.0,2221.0,1.0,0.1,-0.1642360964,-2.2636643425,0.5864269168058271,0.385724914,0.4605045893,6.525311445099999,-3.0436643425
2222,2222,2222.0,2222.0,2222.0,2222.0,2222.0,2222.0,2222.0,2222.0,2222.0,2222.0,2222.0,2222.0,2222.0,2222.0,2222.0,2222.0,2222.0,2222.0,2222.0,2222.0,2222.0,2222.0,2222.0,2222.0,2222.0,2222.0,2222.0,2222.0,2222.0,2222.0,2222.0,2222.0,2222.0,2222.0,2222.0,2222.0,2222.0,2222.0,2222.0,2222.0,2.0,0.2,-0.3768156013,-1.992442146,-7.998365687897264,0.8462295033,0.5799798484,6.064806855799999,-2.212442146
2223,2223,2223.0,2223.0,2223.0,2223.0,2223.0,2223.0,2223.0,2223.0,2223.0,2223.0,2223.0,2223.0,2223.0,2223.0,2223.0,2223.0,2223.0,2223.0,2223.0,2223.0,2223.0,2223.0,2223.0,2223.0,2223.0,2223.0,2223.0,2223.0,2223.0,2223.0,2223.0,2223.0,2223.0,2223.0,2223.0,2223.0,2223.0,2223.0,2223.0,2223.0,3.0,0.3,-0.6051129863,-2.5639813298,-6.142551959501956,1.4262093517,0.8242566084,5.484827007399999,-2.3839813298
2224,2224,2224.0,2224.0,2224.0,2224.0,2224.0,2224.0,2224.0,2224.0,2224.0,2224.0,2224.0,2224.0,2224.0,2224.0,2224.0,2224.0,2224.0,2224.0,2224.0,2224.0,2224.0,2224.0,2224.0,2224.0,2224.0,2224.0,2224.0,2224.0,2224.0,2224.0,2224.0,2224.0,2224.0,2224.0,2224.0,2224.0,2224.0,2224.0,2224.0,2224.0,4.0,0.4,-0.8788220561,-2.9045274559,-4.6184327107264025,2.2504659601,1.0095496722,4.660570398999999,-2.4845274559
2225,2225,2225.0,2225.0,2225.0,2225.0,2225.0,2225.0,2225.0,2225.0,2225.0,2225.0,2225.0,2225.0,2225.0,2225.0,2225.0,2225.0,2225.0,2225.0,2225.0,2225.0,2225.0,2225.0,2225.0,2225.0,2225.0,2225.0,2225.0,2225.0,2225.0,2225.0,2225.0,2225.0,2225.0,2225.0,2225.0,2225.0,2225.0,2225.0,2225.0,2225.0,5.0,0.5,-1.1775655293,-3.0676272538,4.699001916290516,3.2600156323,0.9146451779999998,3.6510207268,-2.5676272538
2226,2226,2226.0,2226.0,2226.0,2226.0,2226.0,2226.0,2226.0,2226.0,2226.0,2226.0,2226.0,2226.0,2226.0,2226.0,2226.0,2226.0,2226.0,2226.0,2226.0,2226.0,2226.0,2226.0,2226.0,2226.0,2226.0,2226.0,2226.0,2226.0,2226.0,2226.0,2226.0,2226.0,2226.0,2226.0,2226.0,2226.0,2226.0,2226.0,2226.0,2226.0,6.0,0.6,-1.4467581341,-2.3285344574,0.9141542871166876,4.1746608103,0.7159300965000002,2.7363755488,-1.9085344574
2227,2227,2227.0,2227.0,2227.0,2227.0,2227.0,2227.0,2227.0,2227.0,2227.0,2227.0,2227.0,2227.0,2227.0,2227.0,2227.0,2227.0,2227.0,2227.0,2227.0,2227.0,2227.0,2227.0,2227.0,2227.0,2227.0,2227.0,2227.0,2227.0,2227.0,2227.0,2227.0,2227.0,2227.0,2227.0,2227.0,2227.0,2227.0,2227.0,2227.0,2227.0,7.0,0.7,-1.6639255547,-2.019951608,-0.8279660120730306,4.8905909068,0.6966449765,2.0204454523,-1.839951608
2228,2228,2228.0,2228.0,2228.0,2228.0,2228.0,2228.0,2228.0,2228.0,2228.0,2228.0,2228.0,2228.0,2228.0,2228.0,2228.0,2228.0,2228.0,2228.0,2228.0,2228.0,2228.0,2228.0,2228.0,2228.0,2228.0,2228.0,2228.0,2228.0,2228.0,2228.0,2228.0,2228.0,2228.0,2228.0,2228.0,2228.0,2228.0,2228.0,2228.0,2228.0,8.0,0.8,-1.8601549882,-1.9065187757,1.5533438345485848,5.5872358833,0.6850229116,1.3238004757999997,-2.1265187757
2229,2229,2229.0,2229.0,2229.0,2229.0,2229.0,2229.0,2229.0,2229.0,2229.0,2229.0,2229.0,2229.0,2229.0,2229.0,2229.0,2229.0,2229.0,2229.0,2229.0,2229.0,2229.0,2229.0,2229.0,2229.0,2229.0,2229.0,2229.0,2229.0,2229.0,2229.0,2229.0,2229.0,2229.0,2229.0,2229.0,2229.0,2229.0,2229.0,2229.0,2229.0,9.0,0.9,-2.0340705113,-1.5772688692,2.4871470831148272,6.2722587949,0.6387775641999998,0.6387775641999998,-2.3572688692000003
2230,2230,2230.0,2230.0,2230.0,2230.0,2230.0,2230.0,2230.0,2230.0,2230.0,2230.0,2230.0,2230.0,2230.0,2230.0,2230.0,2230.0,2230.0,2230.0,2230.0,2230.0,2230.0,2230.0,2230.0,2230.0,2230.0,2230.0,2230.0,2230.0,2230.0,2230.0,2230.0,2230.0,2230.0,2230.0,2230.0,2230.0,2230.0,2230.0,2230.0,2230.0,0.0,0.0,0.0,-1.0,18.12807579889894,0.0,0.192519443,1.2738948776,0.9147662579999998
2231,2231,2231.0,2231.0,2231.0,2231.0,2231.0,2231.0,2231.0,2231.0,2231.0,2231.0,2231.0,2231.0,2231.0,2231.0,2231.0,2231.0,2231.0,2231.0,2231.0,2231.0,2231.0,2231.0,2231.0,2231.0,2231.0,2231.0,2231.0,2231.0,2231.0,2231.0,2231.0,2231.0,2231.0,2231.0,2231.0,2231.0,2231.0,2231.0,2231.0,2231.0,1.0,0.1,-0.0074695006,0.8202770805,-15.336807758858535,0.192519443,0.1374640280999999,1.0813754346000002,0.9147662579999998
2232,2232,2232.0,2232.0,2232.0,2232.0,2232.0,2232.0,2232.0,2232.0,2232.0,2232.0,2232.0,2232.0,2232.0,2232.0,2232.0,2232.0,2232.0,2232.0,2232.0,2232.0,2232.0,2232.0,2232.0,2232.0,2232.0,2232.0,2232.0,2232.0,2232.0,2232.0,2232.0,2232.0,2232.0,2232.0,2232.0,2232.0,2232.0,2232.0,2232.0,2232.0,2.0,0.2,-0.0036003708,-0.7172728252,-4.686344202228492,0.3299834711,0.0951274797,0.9439114065000002,0.9147662579999998
2233,2233,2233.0,2233.0,2233.0,2233.0,2233.0,2233.0,2233.0,2233.0,2233.0,2233.0,2233.0,2233.0,2233.0,2233.0,2233.0,2233.0,2233.0,2233.0,2233.0,2233.0,2233.0,2233.0,2233.0,2233.0,2233.0,2233.0,2233.0,2233.0,2233.0,2233.0,2233.0,2233.0,2233.0,2233.0,2233.0,2233.0,2233.0,2233.0,2233.0,2233.0,3.0,0.3,-0.0945276846,-1.0949799316,3.934934754673197,0.4251109508,0.0842362279,0.8487839268000001,0.9147662579999998
2234,2234,2234.0,2234.0,2234.0,2234.0,2234.0,2234.0,2234.0,2234.0,2234.0,2234.0,2234.0,2234.0,2234.0,2234.0,2234.0,2234.0,2234.0,2234.0,2234.0,2234.0,2234.0,2234.0,2234.0,2234.0,2234.0,2234.0,2234.0,2234.0,2234.0,2234.0,2234.0,2234.0,2234.0,2234.0,2234.0,2234.0,2234.0,2234.0,2234.0,2234.0,4.0,0.4,-0.1796939543,-0.6163201864,8.292207143656821,0.5093471787,0.0476537500999999,0.7645476989000001,0.9147662579999998
2235,2235,2235.0,2235.0,2235.0,2235.0,2235.0,2235.0,2235.0,2235.0,2235.0,2235.0,2235.0,2235.0,2235.0,2235.0,2235.0,2235.0,2235.0,2235.0,2235.0,2235.0,2235.0,2235.0,2235.0,2235.0,2235.0,2235.0,2235.0,2235.0,2235.0,2235.0,2235.0,2235.0,2235.0,2235.0,2235.0,2235.0,2235.0,2235.0,2235.0,2235.0,5.0,0.5,-0.1982318116,0.2314383852,-7.406242611696987,0.5570009288,0.0376984611,0.7168939488000001,0.9147662579999998
2236,2236,2236.0,2236.0,2236.0,2236.0,2236.0,2236.0,2236.0,2236.0,2236.0,2236.0,2236.0,2236.0,2236.0,2236.0,2236.0,2236.0,2236.0,2236.0,2236.0,2236.0,2236.0,2236.0,2236.0,2236.0,2236.0,2236.0,2236.0,2236.0,2236.0,2236.0,2236.0,2236.0,2236.0,2236.0,2236.0,2236.0,2236.0,2236.0,2236.0,2236.0,6.0,0.6,-0.2120346027,-0.4953830849,6.123911402452293,0.5946993899,0.0302394150999999,0.6791954877,0.9147662579999998
2237,2237,2237.0,2237.0,2237.0,2237.0,2237.0,2237.0,2237.0,2237.0,2237.0,2237.0,2237.0,2237.0,2237.0,2237.0,2237.0,2237.0,2237.0,2237.0,2237.0,2237.0,2237.0,2237.0,2237.0,2237.0,2237.0,2237.0,2237.0,2237.0,2237.0,2237.0,2237.0,2237.0,2237.0,2237.0,2237.0,2237.0,2237.0,2237.0,2237.0,2237.0,7.0,0.7,-0.2295526822,0.1345261349,10.645381182049135,0.624938805,0.1106089664999999,0.6489560726000001,0.9147662579999998
2238,2238,2238.0,2238.0,2238.0,2238.0,2238.0,2238.0,2238.0,2238.0,2238.0,2238.0,2238.0,2238.0,2238.0,2238.0,2238.0,2238.0,2238.0,2238.0,2238.0,2238.0,2238.0,2238.0,2238.0,2238.0,2238.0,2238.0,2238.0,2238.0,2238.0,2238.0,2238.0,2238.0,2238.0,2238.0,2238.0,2238.0,2238.0,2238.0,2238.0,2238.0,8.0,0.8,-0.1652546871,1.134766258,-18.13626785837588,0.7355477715,0.1985507503,0.5383471061000001,0.9147662579999998
2239,2239,2239.0,2239.0,2239.0,2239.0,2239.0,2239.0,2239.0,2239.0,2239.0,2239.0,2239.0,2239.0,2239.0,2239.0,2239.0,2239.0,2239.0,2239.0,2239.0,2239.0,2239.0,2239.0,2239.0,2239.0,2239.0,2239.0,2239.0,2239.0,2239.0,2239.0,2239.0,2239.0,2239.0,2239.0,2239.0,2239.0,2239.0,2239.0,2239.0,2239.0,9.0,0.9,-0.1450001045,-0.6991151104,-15.4542526988191,0.9340985218,0.3397963558000001,0.3397963558000001,0.9147662579999998
2240,2240,2240.0,2240.0,2240.0,2240.0,2240.0,2240.0,2240.0,2240.0,2240.0,2240.0,2240.0,2240.0,2240.0,2240.0,2240.0,2240.0,2240.0,2240.0,2240.0,2240.0,2240.0,2240.0,2240.0,2240.0,2240.0,2240.0,2240.0,2240.0,2240.0,2240.0,2240.0,2240.0,2240.0,2240.0,2240.0,2240.0,2240.0,2240.0,2240.0,2240.0,0.0,0.0,0.0,-1.0,-17.23644548644738,0.0,0.488066576,26.321535941000004,-2.5
2241,2241,2241.0,2241.0,2241.0,2241.0,2241.0,2241.0,2241.0,2241.0,2241.0,2241.0,2241.0,2241.0,2241.0,2241.0,2241.0,2241.0,2241.0,2241.0,2241.0,2241.0,2241.0,2241.0,2241.0,2241.0,2241.0,2241.0,2241.0,2241.0,2241.0,2241.0,2241.0,2241.0,2241.0,2241.0,2241.0,2241.0,2241.0,2241.0,2241.0,2241.0,1.0,0.1,-0.1785424741,-2.5451020746,-7.599935730740137,0.488066576,0.8195184783,25.833469365000003,-3.3251020746
2242,2242,2242.0,2242.0,2242.0,2242.0,2242.0,2242.0,2242.0,2242.0,2242.0,2242.0,2242.0,2242.0,2242.0,2242.0,2242.0,2242.0,2242.0,2242.0,2242.0,2242.0,2242.0,2242.0,2242.0,2242.0,2242.0,2242.0,2242.0,2242.0,2242.0,2242.0,2242.0,2242.0,2242.0,2242.0,2242.0,2242.0,2242.0,2242.0,2242.0,2242.0,2.0,0.2,-0.4575050289,-3.0261330929,-2.308570157139652,1.3075850543,0.9352323433,25.0139508867,-3.2461330929
2243,2243,2243.0,2243.0,2243.0,2243.0,2243.0,2243.0,2243.0,2243.0,2243.0,2243.0,2243.0,2243.0,2243.0,2243.0,2243.0,2243.0,2243.0,2243.0,2243.0,2243.0,2243.0,2243.0,2243.0,2243.0,2243.0,2243.0,2243.0,2243.0,2243.0,2243.0,2243.0,2243.0,2243.0,2243.0,2243.0,2243.0,2243.0,2243.0,2243.0,2243.0,3.0,0.3,-0.7566471658,-2.9578479716,-5.315677309844986,2.2428173976,1.041511701,24.0787185434,-2.7778479716
2244,2244,2244.0,2244.0,2244.0,2244.0,2244.0,2244.0,2244.0,2244.0,2244.0,2244.0,2244.0,2244.0,2244.0,2244.0,2244.0,2244.0,2244.0,2244.0,2244.0,2244.0,2244.0,2244.0,2244.0,2244.0,2244.0,2244.0,2244.0,2244.0,2244.0,2244.0,2244.0,2244.0,2244.0,2244.0,2244.0,2244.0,2244.0,2244.0,2244.0,2244.0,4.0,0.4,-1.0638376453,-3.1822252231,-8.060789913482527,3.2843290986,1.3552037409,23.0372068424,-2.7622252231
2245,2245,2245.0,2245.0,2245.0,2245.0,2245.0,2245.0,2245.0,2245.0,2245.0,2245.0,2245.0,2245.0,2245.0,2245.0,2245.0,2245.0,2245.0,2245.0,2245.0,2245.0,2245.0,2245.0,2245.0,2245.0,2245.0,2245.0,2245.0,2245.0,2245.0,2245.0,2245.0,2245.0,2245.0,2245.0,2245.0,2245.0,2245.0,2245.0,2245.0,2245.0,5.0,0.5,-1.405658473,-3.6464833867,-18.594299997929504,4.6395328395,2.3605875384,21.6820031015,-3.1464833867
2246,2246,2246.0,2246.0,2246.0,2246.0,2246.0,2246.0,2246.0,2246.0,2246.0,2246.0,2246.0,2246.0,2246.0,2246.0,2246.0,2246.0,2246.0,2246.0,2246.0,2246.0,2246.0,2246.0,2246.0,2246.0,2246.0,2246.0,2246.0,2246.0,2246.0,2246.0,2246.0,2246.0,2246.0,2246.0,2246.0,2246.0,2246.0,2246.0,2246.0,2246.0,6.0,0.6,-1.8426156558,-5.0689562038,-19.19627538969409,7.0001203779,3.9600535722,19.3214155631,-4.6489562038
2247,2247,2247.0,2247.0,2247.0,2247.0,2247.0,2247.0,2247.0,2247.0,2247.0,2247.0,2247.0,2247.0,2247.0,2247.0,2247.0,2247.0,2247.0,2247.0,2247.0,2247.0,2247.0,2247.0,2247.0,2247.0,2247.0,2247.0,2247.0,2247.0,2247.0,2247.0,2247.0,2247.0,2247.0,2247.0,2247.0,2247.0,2247.0,2247.0,2247.0,2247.0,7.0,0.7,-2.4178510928,-6.4133483058,-9.52744246881602,10.9601739501,5.111043541499999,15.3613619909,-6.2333483058
2248,2248,2248.0,2248.0,2248.0,2248.0,2248.0,2248.0,2248.0,2248.0,2248.0,2248.0,2248.0,2248.0,2248.0,2248.0,2248.0,2248.0,2248.0,2248.0,2248.0,2248.0,2248.0,2248.0,2248.0,2248.0,2248.0,2248.0,2248.0,2248.0,2248.0,2248.0,2248.0,2248.0,2248.0,2248.0,2248.0,2248.0,2248.0,2248.0,2248.0,2248.0,8.0,0.8,-3.0742497702,-6.7096938752,0.0271887947636315,16.0712174916,5.237273378600001,10.250318449400002,-6.9296938752
2249,2249,2249.0,2249.0,2249.0,2249.0,2249.0,2249.0,2249.0,2249.0,2249.0,2249.0,2249.0,2249.0,2249.0,2249.0,2249.0,2249.0,2249.0,2249.0,2249.0,2249.0,2249.0,2249.0,2249.0,2249.0,2249.0,2249.0,2249.0,2249.0,2249.0,2249.0,2249.0,2249.0,2249.0,2249.0,2249.0,2249.0,2249.0,2249.0,2249.0,2249.0,9.0,0.9,-3.7126299531,-6.0685948128,-1.1777046027358864,21.3084908702,5.0130450708000005,5.0130450708000005,-6.8485948128
2250,2250,2250.0,2250.0,2250.0,2250.0,2250.0,2250.0,2250.0,2250.0,2250.0,2250.0,2250.0,2250.0,2250.0,2250.0,2250.0,2250.0,2250.0,2250.0,2250.0,2250.0,2250.0,2250.0,2250.0,2250.0,2250.0,2250.0,2250.0,2250.0,2250.0,2250.0,2250.0,2250.0,2250.0,2250.0,2250.0,2250.0,2250.0,2250.0,2250.0,2250.0,0.0,0.0,0.0,-1.0,16.39820337832765,0.0,0.1598514545,5.828661687100001,-2.5
2251,2251,2251.0,2251.0,2251.0,2251.0,2251.0,2251.0,2251.0,2251.0,2251.0,2251.0,2251.0,2251.0,2251.0,2251.0,2251.0,2251.0,2251.0,2251.0,2251.0,2251.0,2251.0,2251.0,2251.0,2251.0,2251.0,2251.0,2251.0,2251.0,2251.0,2251.0,2251.0,2251.0,2251.0,2251.0,2251.0,2251.0,2251.0,2251.0,2251.0,2251.0,1.0,0.1,-0.0158376174,0.6556579552,-7.376912306281497,0.1598514545,0.0392198426,5.668810232600001,-0.1243420448000001
2252,2252,2252.0,2252.0,2252.0,2252.0,2252.0,2252.0,2252.0,2252.0,2252.0,2252.0,2252.0,2252.0,2252.0,2252.0,2252.0,2252.0,2252.0,2252.0,2252.0,2252.0,2252.0,2252.0,2252.0,2252.0,2252.0,2252.0,2252.0,2252.0,2252.0,2252.0,2252.0,2252.0,2252.0,2252.0,2252.0,2252.0,2252.0,2252.0,2252.0,2252.0,2.0,0.2,0.0108712827,-0.1087421755,-10.347596468949526,0.1990712971,0.0979778473999999,5.6295903900000015,-0.3287421754999999
2253,2253,2253.0,2253.0,2253.0,2253.0,2253.0,2253.0,2253.0,2253.0,2253.0,2253.0,2253.0,2253.0,2253.0,2253.0,2253.0,2253.0,2253.0,2253.0,2253.0,2253.0,2253.0,2253.0,2253.0,2253.0,2253.0,2253.0,2253.0,2253.0,2253.0,2253.0,2253.0,2253.0,2253.0,2253.0,2253.0,2253.0,2253.0,2253.0,2253.0,2253.0,3.0,0.3,-0.0495325258,-1.0830980139,-10.392428244662655,0.2970491445,0.2972899704,5.531612542600001,-0.9030980139
2254,2254,2254.0,2254.0,2254.0,2254.0,2254.0,2254.0,2254.0,2254.0,2254.0,2254.0,2254.0,2254.0,2254.0,2254.0,2254.0,2254.0,2254.0,2254.0,2254.0,2254.0,2254.0,2254.0,2254.0,2254.0,2254.0,2254.0,2254.0,2254.0,2254.0,2254.0,2254.0,2254.0,2254.0,2254.0,2254.0,2254.0,2254.0,2254.0,2254.0,2254.0,4.0,0.4,-0.2028754431,-1.9689979211,-11.861909715467682,0.5943391149,0.6873712011,5.234322572200001,-1.5489979210999998
2255,2255,2255.0,2255.0,2255.0,2255.0,2255.0,2255.0,2255.0,2255.0,2255.0,2255.0,2255.0,2255.0,2255.0,2255.0,2255.0,2255.0,2255.0,2255.0,2255.0,2255.0,2255.0,2255.0,2255.0,2255.0,2255.0,2255.0,2255.0,2255.0,2255.0,2255.0,2255.0,2255.0,2255.0,2255.0,2255.0,2255.0,2255.0,2255.0,2255.0,2255.0,5.0,0.5,-0.4476312103,-2.9104331254,-16.24874395440594,1.281710316,1.4485683115,4.5469513711000005,-2.4104331254
2256,2256,2256.0,2256.0,2256.0,2256.0,2256.0,2256.0,2256.0,2256.0,2256.0,2256.0,2256.0,2256.0,2256.0,2256.0,2256.0,2256.0,2256.0,2256.0,2256.0,2256.0,2256.0,2256.0,2256.0,2256.0,2256.0,2256.0,2256.0,2256.0,2256.0,2256.0,2256.0,2256.0,2256.0,2256.0,2256.0,2256.0,2256.0,2256.0,2256.0,2256.0,6.0,0.6,-0.8031975095,-4.1797412216,9.642089526742993,2.7302786275,1.3926773498,3.0983830596,-3.7597412216
2257,2257,2257.0,2257.0,2257.0,2257.0,2257.0,2257.0,2257.0,2257.0,2257.0,2257.0,2257.0,2257.0,2257.0,2257.0,2257.0,2257.0,2257.0,2257.0,2257.0,2257.0,2257.0,2257.0,2257.0,2257.0,2257.0,2257.0,2257.0,2257.0,2257.0,2257.0,2257.0,2257.0,2257.0,2257.0,2257.0,2257.0,2257.0,2257.0,2257.0,2257.0,7.0,0.7,-1.1543096513,-2.8644201271,12.23455523855855,4.1229559773,0.7098889055999997,1.7057057098,-2.6844201271
2258,2258,2258.0,2258.0,2258.0,2258.0,2258.0,2258.0,2258.0,2258.0,2258.0,2258.0,2258.0,2258.0,2258.0,2258.0,2258.0,2258.0,2258.0,2258.0,2258.0,2258.0,2258.0,2258.0,2258.0,2258.0,2258.0,2258.0,2258.0,2258.0,2258.0,2258.0,2258.0,2258.0,2258.0,2258.0,2258.0,2258.0,2258.0,2258.0,2258.0,2258.0,8.0,0.8,-1.3677118767,-1.4275623779,1.3852567269642222,4.8328448829,0.3742770254000005,0.9958168042000004,-1.6475623779000002
2259,2259,2259.0,2259.0,2259.0,2259.0,2259.0,2259.0,2259.0,2259.0,2259.0,2259.0,2259.0,2259.0,2259.0,2259.0,2259.0,2259.0,2259.0,2259.0,2259.0,2259.0,2259.0,2259.0,2259.0,2259.0,2259.0,2259.0,2259.0,2259.0,2259.0,2259.0,2259.0,2259.0,2259.0,2259.0,2259.0,2259.0,2259.0,2259.0,2259.0,2259.0,9.0,0.9,-1.4968617247,-1.1598868572,-12.308626633217363,5.2071219083,0.6215397787999999,0.6215397787999999,-1.9398868572000003
2260,2260,2260.0,2260.0,2260.0,2260.0,2260.0,2260.0,2260.0,2260.0,2260.0,2260.0,2260.0,2260.0,2260.0,2260.0,2260.0,2260.0,2260.0,2260.0,2260.0,2260.0,2260.0,2260.0,2260.0,2260.0,2260.0,2260.0,2260.0,2260.0,2260.0,2260.0,2260.0,2260.0,2260.0,2260.0,2260.0,2260.0,2260.0,2260.0,2260.0,2260.0,0.0,0.0,0.0,-1.0,4.232224586252208,0.0,0.0670257504,7.9068384841,-2.5
2261,2261,2261.0,2261.0,2261.0,2261.0,2261.0,2261.0,2261.0,2261.0,2261.0,2261.0,2261.0,2261.0,2261.0,2261.0,2261.0,2261.0,2261.0,2261.0,2261.0,2261.0,2261.0,2261.0,2261.0,2261.0,2261.0,2261.0,2261.0,2261.0,2261.0,2261.0,2261.0,2261.0,2261.0,2261.0,2261.0,2261.0,2261.0,2261.0,2261.0,2261.0,1.0,0.1,-0.0746895455,-0.5020879959,1.1738031350067857,0.0670257504,0.0195834270999999,7.8398127337,-1.2820879959000002
2262,2262,2262.0,2262.0,2262.0,2262.0,2262.0,2262.0,2262.0,2262.0,2262.0,2262.0,2262.0,2262.0,2262.0,2262.0,2262.0,2262.0,2262.0,2262.0,2262.0,2262.0,2262.0,2262.0,2262.0,2262.0,2262.0,2262.0,2262.0,2262.0,2262.0,2262.0,2262.0,2262.0,2262.0,2262.0,2262.0,2262.0,2262.0,2262.0,2262.0,2262.0,2.0,0.2,-0.1167913563,-0.3426058715,-2.63938286352873,0.0866091775,0.0263786311,7.8202293066,-0.5626058715
2263,2263,2263.0,2263.0,2263.0,2263.0,2263.0,2263.0,2263.0,2263.0,2263.0,2263.0,2263.0,2263.0,2263.0,2263.0,2263.0,2263.0,2263.0,2263.0,2263.0,2263.0,2263.0,2263.0,2263.0,2263.0,2263.0,2263.0,2263.0,2263.0,2263.0,2263.0,2263.0,2263.0,2263.0,2263.0,2263.0,2263.0,2263.0,2263.0,2263.0,2263.0,3.0,0.3,-0.1621624161,-0.5611730981,-17.086215970113958,0.1129878086,0.3565579271999999,7.7938506755,-0.3811730981000001
2264,2264,2264.0,2264.0,2264.0,2264.0,2264.0,2264.0,2264.0,2264.0,2264.0,2264.0,2264.0,2264.0,2264.0,2264.0,2264.0,2264.0,2264.0,2264.0,2264.0,2264.0,2264.0,2264.0,2264.0,2264.0,2264.0,2264.0,2264.0,2264.0,2264.0,2264.0,2264.0,2264.0,2264.0,2264.0,2264.0,2264.0,2264.0,2264.0,2264.0,2264.0,4.0,0.4,-0.2982182519,-2.1337388593,2.968551031771064,0.4695457358,0.3784450207,7.4372927483,-1.7137388593000005
2265,2265,2265.0,2265.0,2265.0,2265.0,2265.0,2265.0,2265.0,2265.0,2265.0,2265.0,2265.0,2265.0,2265.0,2265.0,2265.0,2265.0,2265.0,2265.0,2265.0,2265.0,2265.0,2265.0,2265.0,2265.0,2265.0,2265.0,2265.0,2265.0,2265.0,2265.0,2265.0,2265.0,2265.0,2265.0,2265.0,2265.0,2265.0,2265.0,2265.0,2265.0,5.0,0.5,-0.4869102989,-1.6481917092,-15.203403511359372,0.8479907565,0.6956531809,7.0588477276,-1.1481917092
2266,2266,2266.0,2266.0,2266.0,2266.0,2266.0,2266.0,2266.0,2266.0,2266.0,2266.0,2266.0,2266.0,2266.0,2266.0,2266.0,2266.0,2266.0,2266.0,2266.0,2266.0,2266.0,2266.0,2266.0,2266.0,2266.0,2266.0,2266.0,2266.0,2266.0,2266.0,2266.0,2266.0,2266.0,2266.0,2266.0,2266.0,2266.0,2266.0,2266.0,2266.0,6.0,0.6,-0.7173016862,-2.938140673,5.468779320695496,1.5436439374,0.7339921348,6.3631945467,-2.518140673
2267,2267,2267.0,2267.0,2267.0,2267.0,2267.0,2267.0,2267.0,2267.0,2267.0,2267.0,2267.0,2267.0,2267.0,2267.0,2267.0,2267.0,2267.0,2267.0,2267.0,2267.0,2267.0,2267.0,2267.0,2267.0,2267.0,2267.0,2267.0,2267.0,2267.0,2267.0,2267.0,2267.0,2267.0,2267.0,2267.0,2267.0,2267.0,2267.0,2267.0,2267.0,7.0,0.7,-0.9704479658,-2.1381164613,-17.123403456521626,2.2776360722,1.1053005263000002,5.6292024119,-1.9581164613
2268,2268,2268.0,2268.0,2268.0,2268.0,2268.0,2268.0,2268.0,2268.0,2268.0,2268.0,2268.0,2268.0,2268.0,2268.0,2268.0,2268.0,2268.0,2268.0,2268.0,2268.0,2268.0,2268.0,2268.0,2268.0,2268.0,2268.0,2268.0,2268.0,2268.0,2268.0,2268.0,2268.0,2268.0,2268.0,2268.0,2268.0,2268.0,2268.0,2268.0,2268.0,8.0,0.8,-1.2567496881,-3.5641550847,-19.2188874499584,3.3829365985,2.2854977486,4.523901885599999,-3.7841550847
2269,2269,2269.0,2269.0,2269.0,2269.0,2269.0,2269.0,2269.0,2269.0,2269.0,2269.0,2269.0,2269.0,2269.0,2269.0,2269.0,2269.0,2269.0,2269.0,2269.0,2269.0,2269.0,2269.0,2269.0,2269.0,2269.0,2269.0,2269.0,2269.0,2269.0,2269.0,2269.0,2269.0,2269.0,2269.0,2269.0,2269.0,2269.0,2269.0,2269.0,2269.0,9.0,0.9,-1.6888936675,-5.0538998503,12.439159394825758,5.6684343471,2.238404137,2.238404137,-5.8338998503
2270,2270,2270.0,2270.0,2270.0,2270.0,2270.0,2270.0,2270.0,2270.0,2270.0,2270.0,2270.0,2270.0,2270.0,2270.0,2270.0,2270.0,2270.0,2270.0,2270.0,2270.0,2270.0,2270.0,2270.0,2270.0,2270.0,2270.0,2270.0,2270.0,2270.0,2270.0,2270.0,2270.0,2270.0,2270.0,2270.0,2270.0,2270.0,2270.0,2270.0,2270.0,0.0,0.0,0.0,-1.0,19.34455858164812,0.0,0.2183952444,2.4426703548,1.9939267542
2271,2271,2271.0,2271.0,2271.0,2271.0,2271.0,2271.0,2271.0,2271.0,2271.0,2271.0,2271.0,2271.0,2271.0,2271.0,2271.0,2271.0,2271.0,2271.0,2271.0,2271.0,2271.0,2271.0,2271.0,2271.0,2271.0,2271.0,2271.0,2271.0,2271.0,2271.0,2271.0,2271.0,2271.0,2271.0,2271.0,2271.0,2271.0,2271.0,2271.0,2271.0,1.0,0.1,-0.0015848649,0.9360407231,8.671778436185665,0.2183952444,0.214269184,2.2242751104000003,1.9939267542
2272,2272,2272.0,2272.0,2272.0,2272.0,2272.0,2272.0,2272.0,2272.0,2272.0,2272.0,2272.0,2272.0,2272.0,2272.0,2272.0,2272.0,2272.0,2272.0,2272.0,2272.0,2272.0,2272.0,2272.0,2272.0,2272.0,2272.0,2272.0,2272.0,2272.0,2272.0,2272.0,2272.0,2272.0,2272.0,2272.0,2272.0,2272.0,2272.0,2272.0,2272.0,2.0,0.2,0.1294401846,1.6721935172,3.1615730589764084,0.4326644284,0.3142998115,2.0100059264000003,1.9939267542
2273,2273,2273.0,2273.0,2273.0,2273.0,2273.0,2273.0,2273.0,2273.0,2273.0,2273.0,2273.0,2273.0,2273.0,2273.0,2273.0,2273.0,2273.0,2273.0,2273.0,2273.0,2273.0,2273.0,2273.0,2273.0,2273.0,2273.0,2273.0,2273.0,2273.0,2273.0,2273.0,2273.0,2273.0,2273.0,2273.0,2273.0,2273.0,2273.0,2273.0,2273.0,3.0,0.3,0.3038642534,1.8139267542,-16.582623816363288,0.7469642399,0.2617794276999998,1.6957061149,1.9939267542
2274,2274,2274.0,2274.0,2274.0,2274.0,2274.0,2274.0,2274.0,2274.0,2274.0,2274.0,2274.0,2274.0,2274.0,2274.0,2274.0,2274.0,2274.0,2274.0,2274.0,2274.0,2274.0,2274.0,2274.0,2274.0,2274.0,2274.0,2274.0,2274.0,2274.0,2274.0,2274.0,2274.0,2274.0,2274.0,2274.0,2274.0,2274.0,2274.0,2274.0,2274.0,4.0,0.4,0.3962651354,0.0632634906,-9.982357589913631,1.0087436676,0.0899965070000001,1.4339266872000005,1.9939267542
2275,2275,2275.0,2275.0,2275.0,2275.0,2275.0,2275.0,2275.0,2275.0,2275.0,2275.0,2275.0,2275.0,2275.0,2275.0,2275.0,2275.0,2275.0,2275.0,2275.0,2275.0,2275.0,2275.0,2275.0,2275.0,2275.0,2275.0,2275.0,2275.0,2275.0,2275.0,2275.0,2275.0,2275.0,2275.0,2275.0,2275.0,2275.0,2275.0,2275.0,2275.0,5.0,0.5,0.3539966292,-0.8927037621,-15.530449111965137,1.0987401746,0.4013910529,1.3439301802,1.9939267542
2276,2276,2276.0,2276.0,2276.0,2276.0,2276.0,2276.0,2276.0,2276.0,2276.0,2276.0,2276.0,2276.0,2276.0,2276.0,2276.0,2276.0,2276.0,2276.0,2276.0,2276.0,2276.0,2276.0,2276.0,2276.0,2276.0,2276.0,2276.0,2276.0,2276.0,2276.0,2276.0,2276.0,2276.0,2276.0,2276.0,2276.0,2276.0,2276.0,2276.0,2276.0,6.0,0.6,0.193917427,-2.2856694712,12.791016088900136,1.5001312275,0.3424672918,0.9425391273,1.9939267542
2277,2277,2277.0,2277.0,2277.0,2277.0,2277.0,2277.0,2277.0,2277.0,2277.0,2277.0,2277.0,2277.0,2277.0,2277.0,2277.0,2277.0,2277.0,2277.0,2277.0,2277.0,2277.0,2277.0,2277.0,2277.0,2277.0,2277.0,2277.0,2277.0,2277.0,2277.0,2277.0,2277.0,2277.0,2277.0,2277.0,2277.0,2277.0,2277.0,2277.0,2277.0,7.0,0.7,0.0382827056,-0.8509331408,0.154261395443946,1.8425985193,0.0645124065,0.6000718355000001,1.9939267542
2278,2278,2278.0,2278.0,2278.0,2278.0,2278.0,2278.0,2278.0,2278.0,2278.0,2278.0,2278.0,2278.0,2278.0,2278.0,2278.0,2278.0,2278.0,2278.0,2278.0,2278.0,2278.0,2278.0,2278.0,2278.0,2278.0,2278.0,2278.0,2278.0,2278.0,2278.0,2278.0,2278.0,2278.0,2278.0,2278.0,2278.0,2278.0,2278.0,2278.0,2278.0,8.0,0.8,-0.0419480935,-0.7552762023,-12.958298213073398,1.9071109258,0.2773993455000001,0.5355594290000001,1.9939267542
2279,2279,2279.0,2279.0,2279.0,2279.0,2279.0,2279.0,2279.0,2279.0,2279.0,2279.0,2279.0,2279.0,2279.0,2279.0,2279.0,2279.0,2279.0,2279.0,2279.0,2279.0,2279.0,2279.0,2279.0,2279.0,2279.0,2279.0,2279.0,2279.0,2279.0,2279.0,2279.0,2279.0,2279.0,2279.0,2279.0,2279.0,2279.0,2279.0,2279.0,2279.0,9.0,0.9,-0.176506834,-1.916547283,6.961321276098296,2.1845102713,0.2581600834999999,0.2581600834999999,1.9939267542
2280,2280,2280.0,2280.0,2280.0,2280.0,2280.0,2280.0,2280.0,2280.0,2280.0,2280.0,2280.0,2280.0,2280.0,2280.0,2280.0,2280.0,2280.0,2280.0,2280.0,2280.0,2280.0,2280.0,2280.0,2280.0,2280.0,2280.0,2280.0,2280.0,2280.0,2280.0,2280.0,2280.0,2280.0,2280.0,2280.0,2280.0,2280.0,2280.0,2280.0,2280.0,0.0,0.0,0.0,-1.0,-11.864572811878151,0.0,0.3126790115,3.6531501892,-2.5
2281,2281,2281.0,2281.0,2281.0,2281.0,2281.0,2281.0,2281.0,2281.0,2281.0,2281.0,2281.0,2281.0,2281.0,2281.0,2281.0,2281.0,2281.0,2281.0,2281.0,2281.0,2281.0,2281.0,2281.0,2281.0,2281.0,2281.0,2281.0,2281.0,2281.0,2281.0,2281.0,2281.0,2281.0,2281.0,2281.0,2281.0,2281.0,2281.0,2281.0,2281.0,1.0,0.1,-0.1525564819,-2.0339007993,-3.2226244743157224,0.3126790115,0.4496248684,3.3404711777,-2.8139007993000003
2282,2282,2282.0,2282.0,2282.0,2282.0,2282.0,2282.0,2282.0,2282.0,2282.0,2282.0,2282.0,2282.0,2282.0,2282.0,2282.0,2282.0,2282.0,2282.0,2282.0,2282.0,2282.0,2282.0,2282.0,2282.0,2282.0,2282.0,2282.0,2282.0,2282.0,2282.0,2282.0,2282.0,2282.0,2282.0,2282.0,2282.0,2282.0,2282.0,2282.0,2282.0,2.0,0.2,-0.3616969722,-2.1470227564,-3.921614403558866,0.7623038799,0.5291855825999999,2.8908463093,-2.3670227564
2283,2283,2283.0,2283.0,2283.0,2283.0,2283.0,2283.0,2283.0,2283.0,2283.0,2283.0,2283.0,2283.0,2283.0,2283.0,2283.0,2283.0,2283.0,2283.0,2283.0,2283.0,2283.0,2283.0,2283.0,2283.0,2283.0,2283.0,2283.0,2283.0,2283.0,2283.0,2283.0,2283.0,2283.0,2283.0,2283.0,2283.0,2283.0,2283.0,2283.0,2283.0,3.0,0.3,-0.5849838454,-2.3158973236,-7.143834357253107,1.2914894625,0.7280076817999999,2.3616607267,-2.1358973236
2284,2284,2284.0,2284.0,2284.0,2284.0,2284.0,2284.0,2284.0,2284.0,2284.0,2284.0,2284.0,2284.0,2284.0,2284.0,2284.0,2284.0,2284.0,2284.0,2284.0,2284.0,2284.0,2284.0,2284.0,2284.0,2284.0,2284.0,2284.0,2284.0,2284.0,2284.0,2284.0,2284.0,2284.0,2284.0,2284.0,2284.0,2284.0,2284.0,2284.0,2284.0,4.0,0.4,-0.839927548,-2.7753370567,17.707701786802176,2.0194971443,0.5965282030000001,1.6336530449,-2.3553370567000003
2285,2285,2285.0,2285.0,2285.0,2285.0,2285.0,2285.0,2285.0,2285.0,2285.0,2285.0,2285.0,2285.0,2285.0,2285.0,2285.0,2285.0,2285.0,2285.0,2285.0,2285.0,2285.0,2285.0,2285.0,2285.0,2285.0,2285.0,2285.0,2285.0,2285.0,2285.0,2285.0,2285.0,2285.0,2285.0,2285.0,2285.0,2285.0,2285.0,2285.0,2285.0,5.0,0.5,-1.0183763218,-0.8261181042,-0.0589856394329189,2.6160253473,0.1743828778000002,1.0371248419,-0.3261181042
2286,2286,2286.0,2286.0,2286.0,2286.0,2286.0,2286.0,2286.0,2286.0,2286.0,2286.0,2286.0,2286.0,2286.0,2286.0,2286.0,2286.0,2286.0,2286.0,2286.0,2286.0,2286.0,2286.0,2286.0,2286.0,2286.0,2286.0,2286.0,2286.0,2286.0,2286.0,2286.0,2286.0,2286.0,2286.0,2286.0,2286.0,2286.0,2286.0,2286.0,2286.0,6.0,0.6,-1.09727821,-0.7531147799,3.1387091252666224,2.7904082251,0.1653830224999999,0.8627419640999996,-0.3331147798999999
2287,2287,2287.0,2287.0,2287.0,2287.0,2287.0,2287.0,2287.0,2287.0,2287.0,2287.0,2287.0,2287.0,2287.0,2287.0,2287.0,2287.0,2287.0,2287.0,2287.0,2287.0,2287.0,2287.0,2287.0,2287.0,2287.0,2287.0,2287.0,2287.0,2287.0,2287.0,2287.0,2287.0,2287.0,2287.0,2287.0,2287.0,2287.0,2287.0,2287.0,2287.0,7.0,0.7,-1.1537640706,-0.3827580068,-1.5666242015675105,2.9557912476,0.1587387652999998,0.6973589415999997,-0.2027580067999998
2288,2288,2288.0,2288.0,2288.0,2288.0,2288.0,2288.0,2288.0,2288.0,2288.0,2288.0,2288.0,2288.0,2288.0,2288.0,2288.0,2288.0,2288.0,2288.0,2288.0,2288.0,2288.0,2288.0,2288.0,2288.0,2288.0,2288.0,2288.0,2288.0,2288.0,2288.0,2288.0,2288.0,2288.0,2288.0,2288.0,2288.0,2288.0,2288.0,2288.0,2288.0,8.0,0.8,-1.1977654167,-0.4954190809,8.801045306153028,3.1145300129,0.1912545007999999,0.5386201762999998,-0.7154190809000002
2289,2289,2289.0,2289.0,2289.0,2289.0,2289.0,2289.0,2289.0,2289.0,2289.0,2289.0,2289.0,2289.0,2289.0,2289.0,2289.0,2289.0,2289.0,2289.0,2289.0,2289.0,2289.0,2289.0,2289.0,2289.0,2289.0,2289.0,2289.0,2289.0,2289.0,2289.0,2289.0,2289.0,2289.0,2289.0,2289.0,2289.0,2289.0,2289.0,2289.0,2289.0,9.0,0.9,-1.2023368037,0.3892568367,-17.520517337135555,3.3057845137,0.3473656754999998,0.3473656754999998,-0.3907431633000002
2290,2290,2290.0,2290.0,2290.0,2290.0,2290.0,2290.0,2290.0,2290.0,2290.0,2290.0,2290.0,2290.0,2290.0,2290.0,2290.0,2290.0,2290.0,2290.0,2290.0,2290.0,2290.0,2290.0,2290.0,2290.0,2290.0,2290.0,2290.0,2290.0,2290.0,2290.0,2290.0,2290.0,2290.0,2290.0,2290.0,2290.0,2290.0,2290.0,2290.0,2290.0,0.0,0.0,0.0,-1.0,0.3531770231968139,0.0,0.0878385318,4.1890618649,-2.5
2291,2291,2291.0,2291.0,2291.0,2291.0,2291.0,2291.0,2291.0,2291.0,2291.0,2291.0,2291.0,2291.0,2291.0,2291.0,2291.0,2291.0,2291.0,2291.0,2291.0,2291.0,2291.0,2291.0,2291.0,2291.0,2291.0,2291.0,2291.0,2291.0,2291.0,2291.0,2291.0,2291.0,2291.0,2291.0,2291.0,2291.0,2291.0,2291.0,2291.0,2291.0,1.0,0.1,-0.0934541224,-0.8712281753,-2.621748264412517,0.0878385318,0.0970763811,4.1012233331,-1.6512281753000002
2292,2292,2292.0,2292.0,2292.0,2292.0,2292.0,2292.0,2292.0,2292.0,2292.0,2292.0,2292.0,2292.0,2292.0,2292.0,2292.0,2292.0,2292.0,2292.0,2292.0,2292.0,2292.0,2292.0,2292.0,2292.0,2292.0,2292.0,2292.0,2292.0,2292.0,2292.0,2292.0,2292.0,2292.0,2292.0,2292.0,2292.0,2292.0,2292.0,2292.0,2292.0,2.0,0.2,-0.1890449453,-1.0378121789,-14.360018454147836,0.1849149129,0.4066323765,4.004146952,-1.2578121789
2293,2293,2293.0,2293.0,2293.0,2293.0,2293.0,2293.0,2293.0,2293.0,2293.0,2293.0,2293.0,2293.0,2293.0,2293.0,2293.0,2293.0,2293.0,2293.0,2293.0,2293.0,2293.0,2293.0,2293.0,2293.0,2293.0,2293.0,2293.0,2293.0,2293.0,2293.0,2293.0,2293.0,2293.0,2293.0,2293.0,2293.0,2293.0,2293.0,2293.0,2293.0,3.0,0.3,-0.357271237,-2.3055877325,-17.436281130189467,0.5915472894,1.1174300364,3.5975145755,-2.1255877325
2294,2294,2294.0,2294.0,2294.0,2294.0,2294.0,2294.0,2294.0,2294.0,2294.0,2294.0,2294.0,2294.0,2294.0,2294.0,2294.0,2294.0,2294.0,2294.0,2294.0,2294.0,2294.0,2294.0,2294.0,2294.0,2294.0,2294.0,2294.0,2294.0,2294.0,2294.0,2294.0,2294.0,2294.0,2294.0,2294.0,2294.0,2294.0,2294.0,2294.0,2294.0,4.0,0.4,-0.6610234947,-3.7454635878,12.68935864026215,1.7089773258,1.0396270198,2.4800845391,-3.3254635878000003
2295,2295,2295.0,2295.0,2295.0,2295.0,2295.0,2295.0,2295.0,2295.0,2295.0,2295.0,2295.0,2295.0,2295.0,2295.0,2295.0,2295.0,2295.0,2295.0,2295.0,2295.0,2295.0,2295.0,2295.0,2295.0,2295.0,2295.0,2295.0,2295.0,2295.0,2295.0,2295.0,2295.0,2295.0,2295.0,2295.0,2295.0,2295.0,2295.0,2295.0,2295.0,5.0,0.5,-0.9560677471,-2.1814834714,10.5852381317929,2.7486043456,0.422187149,1.4404575193000002,-1.6814834714
2296,2296,2296.0,2296.0,2296.0,2296.0,2296.0,2296.0,2296.0,2296.0,2296.0,2296.0,2296.0,2296.0,2296.0,2296.0,2296.0,2296.0,2296.0,2296.0,2296.0,2296.0,2296.0,2296.0,2296.0,2296.0,2296.0,2296.0,2296.0,2296.0,2296.0,2296.0,2296.0,2296.0,2296.0,2296.0,2296.0,2296.0,2296.0,2296.0,2296.0,2296.0,6.0,0.6,-1.112458311,-0.9665690944,-1.174418043347174,3.1707914946,0.2309792120999998,1.0182703703000002,-0.5465690944
2297,2297,2297.0,2297.0,2297.0,2297.0,2297.0,2297.0,2297.0,2297.0,2297.0,2297.0,2297.0,2297.0,2297.0,2297.0,2297.0,2297.0,2297.0,2297.0,2297.0,2297.0,2297.0,2297.0,2297.0,2297.0,2297.0,2297.0,2297.0,2297.0,2297.0,2297.0,2297.0,2297.0,2297.0,2297.0,2297.0,2297.0,2297.0,2297.0,2297.0,2297.0,7.0,0.7,-1.210120091,-0.9863491187,-1.2193987509052135,3.4017707067,0.2590764926000002,0.7872911582000004,-0.8063491186999998
2298,2298,2298.0,2298.0,2298.0,2298.0,2298.0,2298.0,2298.0,2298.0,2298.0,2298.0,2298.0,2298.0,2298.0,2298.0,2298.0,2298.0,2298.0,2298.0,2298.0,2298.0,2298.0,2298.0,2298.0,2298.0,2298.0,2298.0,2298.0,2298.0,2298.0,2298.0,2298.0,2298.0,2298.0,2298.0,2298.0,2298.0,2298.0,2298.0,2298.0,2298.0,8.0,0.8,-1.309881683,-1.0085274018,5.818773030853922,3.6608471993,0.2485340887,0.5282146656000002,-1.2285274018
2299,2299,2299.0,2299.0,2299.0,2299.0,2299.0,2299.0,2299.0,2299.0,2299.0,2299.0,2299.0,2299.0,2299.0,2299.0,2299.0,2299.0,2299.0,2299.0,2299.0,2299.0,2299.0,2299.0,2299.0,2299.0,2299.0,2299.0,2299.0,2299.0,2299.0,2299.0,2299.0,2299.0,2299.0,2299.0,2299.0,2299.0,2299.0,2299.0,2299.0,2299.0,9.0,0.9,-1.3777084952,-0.3588232865,-7.502020143424151,3.909381288,0.2796805769000001,0.2796805769000001,-1.1388232865000003
2300,2300,2300.0,2300.0,2300.0,2300.0,2300.0,2300.0,2300.0,2300.0,2300.0,2300.0,2300.0,2300.0,2300.0,2300.0,2300.0,2300.0,2300.0,2300.0,2300.0,2300.0,2300.0,2300.0,2300.0,2300.0,2300.0,2300.0,2300.0,2300.0,2300.0,2300.0,2300.0,2300.0,2300.0,2300.0,2300.0,2300.0,2300.0,2300.0,2300.0,2300.0,0.0,0.0,0.0,-1.0,14.541412495516193,0.0,0.130180552,11.8158687822,-2.5
2301,2301,2301.0,2301.0,2301.0,2301.0,2301.0,2301.0,2301.0,2301.0,2301.0,2301.0,2301.0,2301.0,2301.0,2301.0,2301.0,2301.0,2301.0,2301.0,2301.0,2301.0,2301.0,2301.0,2301.0,2301.0,2301.0,2301.0,2301.0,2301.0,2301.0,2301.0,2301.0,2301.0,2301.0,2301.0,2301.0,2301.0,2301.0,2301.0,2301.0,2301.0,1.0,0.1,-0.0248196912,0.4789609408,-19.93854577993846,0.130180552,0.2562505825,11.6856882302,-0.3010390592000003
2302,2302,2302.0,2302.0,2302.0,2302.0,2302.0,2302.0,2302.0,2302.0,2302.0,2302.0,2302.0,2302.0,2302.0,2302.0,2302.0,2302.0,2302.0,2302.0,2302.0,2302.0,2302.0,2302.0,2302.0,2302.0,2302.0,2302.0,2302.0,2302.0,2302.0,2302.0,2302.0,2302.0,2302.0,2302.0,2302.0,2302.0,2302.0,2302.0,2302.0,2302.0,2.0,0.2,-0.0756916084,-1.46402172,-7.474894178776324,0.3864311345,0.3413677036,11.4294376477,-1.68402172
2303,2303,2303.0,2303.0,2303.0,2303.0,2303.0,2303.0,2303.0,2303.0,2303.0,2303.0,2303.0,2303.0,2303.0,2303.0,2303.0,2303.0,2303.0,2303.0,2303.0,2303.0,2303.0,2303.0,2303.0,2303.0,2303.0,2303.0,2303.0,2303.0,2303.0,2303.0,2303.0,2303.0,2303.0,2303.0,2303.0,2303.0,2303.0,2303.0,2303.0,2303.0,3.0,0.3,-0.251170886,-2.0360318604,-17.303113138965234,0.7277988381,0.9520249133,11.0880699441,-1.8560318604
2304,2304,2304.0,2304.0,2304.0,2304.0,2304.0,2304.0,2304.0,2304.0,2304.0,2304.0,2304.0,2304.0,2304.0,2304.0,2304.0,2304.0,2304.0,2304.0,2304.0,2304.0,2304.0,2304.0,2304.0,2304.0,2304.0,2304.0,2304.0,2304.0,2304.0,2304.0,2304.0,2304.0,2304.0,2304.0,2304.0,2304.0,2304.0,2304.0,2304.0,2304.0,4.0,0.4,-0.5286273263,-3.488886734,-8.618545365596905,1.6798237514,1.4874401124,10.1360450308,-3.068886734
2305,2305,2305.0,2305.0,2305.0,2305.0,2305.0,2305.0,2305.0,2305.0,2305.0,2305.0,2305.0,2305.0,2305.0,2305.0,2305.0,2305.0,2305.0,2305.0,2305.0,2305.0,2305.0,2305.0,2305.0,2305.0,2305.0,2305.0,2305.0,2305.0,2305.0,2305.0,2305.0,2305.0,2305.0,2305.0,2305.0,2305.0,2305.0,2305.0,2305.0,2305.0,5.0,0.5,-0.9023304864,-3.9770381103,-4.356839507971593,3.1672638638,1.7285607328999997,8.6486049184,-3.4770381103
2306,2306,2306.0,2306.0,2306.0,2306.0,2306.0,2306.0,2306.0,2306.0,2306.0,2306.0,2306.0,2306.0,2306.0,2306.0,2306.0,2306.0,2306.0,2306.0,2306.0,2306.0,2306.0,2306.0,2306.0,2306.0,2306.0,2306.0,2306.0,2306.0,2306.0,2306.0,2306.0,2306.0,2306.0,2306.0,2306.0,2306.0,2306.0,2306.0,2306.0,2306.0,6.0,0.6,-1.3018715685,-4.0131809791,4.189426774811302,4.8958245967,1.5445291496999998,6.920044185500001,-3.5931809791000004
2307,2307,2307.0,2307.0,2307.0,2307.0,2307.0,2307.0,2307.0,2307.0,2307.0,2307.0,2307.0,2307.0,2307.0,2307.0,2307.0,2307.0,2307.0,2307.0,2307.0,2307.0,2307.0,2307.0,2307.0,2307.0,2307.0,2307.0,2307.0,2307.0,2307.0,2307.0,2307.0,2307.0,2307.0,2307.0,2307.0,2307.0,2307.0,2307.0,2307.0,2307.0,7.0,0.7,-1.6635101587,-3.2325997114,-0.2628591742038111,6.4403537464,1.2870022074000005,5.375515035800001,-3.0525997114
2308,2308,2308.0,2308.0,2308.0,2308.0,2308.0,2308.0,2308.0,2308.0,2308.0,2308.0,2308.0,2308.0,2308.0,2308.0,2308.0,2308.0,2308.0,2308.0,2308.0,2308.0,2308.0,2308.0,2308.0,2308.0,2308.0,2308.0,2308.0,2308.0,2308.0,2308.0,2308.0,2308.0,2308.0,2308.0,2308.0,2308.0,2308.0,2308.0,2308.0,2308.0,8.0,0.8,-1.9724042842,-2.9499915033,-18.7699458869616,7.7273559538,2.0368783549000007,4.088512828400001,-3.1699915033000003
2309,2309,2309.0,2309.0,2309.0,2309.0,2309.0,2309.0,2309.0,2309.0,2309.0,2309.0,2309.0,2309.0,2309.0,2309.0,2309.0,2309.0,2309.0,2309.0,2309.0,2309.0,2309.0,2309.0,2309.0,2309.0,2309.0,2309.0,2309.0,2309.0,2309.0,2309.0,2309.0,2309.0,2309.0,2309.0,2309.0,2309.0,2309.0,2309.0,2309.0,2309.0,9.0,0.9,-2.3439312498,-4.4554591264,13.263379910015722,9.7642343087,2.0516344735,2.0516344735,-5.2354591264
2310,2310,2310.0,2310.0,2310.0,2310.0,2310.0,2310.0,2310.0,2310.0,2310.0,2310.0,2310.0,2310.0,2310.0,2310.0,2310.0,2310.0,2310.0,2310.0,2310.0,2310.0,2310.0,2310.0,2310.0,2310.0,2310.0,2310.0,2310.0,2310.0,2310.0,2310.0,2310.0,2310.0,2310.0,2310.0,2310.0,2310.0,2310.0,2310.0,2310.0,2310.0,0.0,0.0,0.0,-1.0,6.404721706780659,0.0,0.0660173752,3.4132254602,0.3086950533999997
2311,2311,2311.0,2311.0,2311.0,2311.0,2311.0,2311.0,2311.0,2311.0,2311.0,2311.0,2311.0,2311.0,2311.0,2311.0,2311.0,2311.0,2311.0,2311.0,2311.0,2311.0,2311.0,2311.0,2311.0,2311.0,2311.0,2311.0,2311.0,2311.0,2311.0,2311.0,2311.0,2311.0,2311.0,2311.0,2311.0,2311.0,2311.0,2311.0,2311.0,2311.0,1.0,0.1,-0.0641802654,-0.2953475639,-19.059194358497564,0.0660173752,0.3542446372,3.347208085,0.3086950533999997
2312,2312,2312.0,2312.0,2312.0,2312.0,2312.0,2312.0,2312.0,2312.0,2312.0,2312.0,2312.0,2312.0,2312.0,2312.0,2312.0,2312.0,2312.0,2312.0,2312.0,2312.0,2312.0,2312.0,2312.0,2312.0,2312.0,2312.0,2312.0,2312.0,2312.0,2312.0,2312.0,2312.0,2312.0,2312.0,2312.0,2312.0,2312.0,2312.0,2312.0,2312.0,2.0,0.2,-0.1844835943,-2.0809636709,-15.246616292593306,0.4202620124,0.8782018135,2.9929634478,0.3086950533999997
2313,2313,2313.0,2313.0,2313.0,2313.0,2313.0,2313.0,2313.0,2313.0,2313.0,2313.0,2313.0,2313.0,2313.0,2313.0,2313.0,2313.0,2313.0,2313.0,2313.0,2313.0,2313.0,2313.0,2313.0,2313.0,2313.0,2313.0,2313.0,2313.0,2313.0,2313.0,2313.0,2313.0,2313.0,2313.0,2313.0,2313.0,2313.0,2313.0,2313.0,2313.0,3.0,0.3,-0.4562676344,-3.3338412601,12.57081286016907,1.2984638259,0.7919509870000001,2.1147616343,0.3086950533999997
2314,2314,2314.0,2314.0,2314.0,2314.0,2314.0,2314.0,2314.0,2314.0,2314.0,2314.0,2314.0,2314.0,2314.0,2314.0,2314.0,2314.0,2314.0,2314.0,2314.0,2314.0,2314.0,2314.0,2314.0,2314.0,2314.0,2314.0,2314.0,2314.0,2314.0,2314.0,2314.0,2314.0,2314.0,2314.0,2314.0,2314.0,2314.0,2314.0,2314.0,2314.0,4.0,0.4,-0.7127142997,-1.8203133087,11.419745705608214,2.0904148129,0.2789345655999997,1.3228106473,0.3086950533999997
2315,2315,2315.0,2315.0,2315.0,2315.0,2315.0,2315.0,2315.0,2315.0,2315.0,2315.0,2315.0,2315.0,2315.0,2315.0,2315.0,2315.0,2315.0,2315.0,2315.0,2315.0,2315.0,2315.0,2315.0,2315.0,2315.0,2315.0,2315.0,2315.0,2315.0,2315.0,2315.0,2315.0,2315.0,2315.0,2315.0,2315.0,2315.0,2315.0,2315.0,2315.0,5.0,0.5,-0.8306979492,-0.5603550886,-1.010709727993525,2.3693493785,0.1083125716999999,1.0438760817,0.3086950533999997
2316,2316,2316.0,2316.0,2316.0,2316.0,2316.0,2316.0,2316.0,2316.0,2316.0,2316.0,2316.0,2316.0,2316.0,2316.0,2316.0,2316.0,2316.0,2316.0,2316.0,2316.0,2316.0,2316.0,2316.0,2316.0,2316.0,2316.0,2316.0,2316.0,2316.0,2316.0,2316.0,2316.0,2316.0,2316.0,2316.0,2316.0,2316.0,2316.0,2316.0,2316.0,6.0,0.6,-0.8889105988,-0.6032134119,-6.62163141106609,2.4776619502,0.1909841000000001,0.9355635100000002,0.3086950533999997
2317,2317,2317.0,2317.0,2317.0,2317.0,2317.0,2317.0,2317.0,2317.0,2317.0,2317.0,2317.0,2317.0,2317.0,2317.0,2317.0,2317.0,2317.0,2317.0,2317.0,2317.0,2317.0,2317.0,2317.0,2317.0,2317.0,2317.0,2317.0,2317.0,2317.0,2317.0,2317.0,2317.0,2317.0,2317.0,2317.0,2317.0,2317.0,2317.0,2317.0,2317.0,7.0,0.7,-0.9783455999,-1.1759415519,16.7369446195148,2.6686460502,0.2754728533000001,0.74457941,0.3086950533999997
2318,2318,2318.0,2318.0,2318.0,2318.0,2318.0,2318.0,2318.0,2318.0,2318.0,2318.0,2318.0,2318.0,2318.0,2318.0,2318.0,2318.0,2318.0,2318.0,2318.0,2318.0,2318.0,2318.0,2318.0,2318.0,2318.0,2318.0,2318.0,2318.0,2318.0,2318.0,2318.0,2318.0,2318.0,2318.0,2318.0,2318.0,2318.0,2318.0,2318.0,2318.0,8.0,0.8,-1.0092877432,0.5286950534,-15.8130578044892,2.9441189035,0.2539386833999999,0.4691065566999999,0.3086950533999997
2319,2319,2319.0,2319.0,2319.0,2319.0,2319.0,2319.0,2319.0,2319.0,2319.0,2319.0,2319.0,2319.0,2319.0,2319.0,2319.0,2319.0,2319.0,2319.0,2319.0,2319.0,2319.0,2319.0,2319.0,2319.0,2319.0,2319.0,2319.0,2319.0,2319.0,2319.0,2319.0,2319.0,2319.0,2319.0,2319.0,2319.0,2319.0,2319.0,2319.0,2319.0,9.0,0.9,-1.0354700187,-1.0264284516,-0.1882645251112009,3.1980575869,0.2151678732999999,0.2151678732999999,0.3086950533999997
2320,2320,2320.0,2320.0,2320.0,2320.0,2320.0,2320.0,2320.0,2320.0,2320.0,2320.0,2320.0,2320.0,2320.0,2320.0,2320.0,2320.0,2320.0,2320.0,2320.0,2320.0,2320.0,2320.0,2320.0,2320.0,2320.0,2320.0,2320.0,2320.0,2320.0,2320.0,2320.0,2320.0,2320.0,2320.0,2320.0,2320.0,2320.0,2320.0,2320.0,2320.0,0.0,0.0,0.0,-1.0,-4.937581434395248,0.0,0.1555198261,18.812603124999995,-2.5
2321,2321,2321.0,2321.0,2321.0,2321.0,2321.0,2321.0,2321.0,2321.0,2321.0,2321.0,2321.0,2321.0,2321.0,2321.0,2321.0,2321.0,2321.0,2321.0,2321.0,2321.0,2321.0,2321.0,2321.0,2321.0,2321.0,2321.0,2321.0,2321.0,2321.0,2321.0,2321.0,2321.0,2321.0,2321.0,2321.0,2321.0,2321.0,2321.0,2321.0,2321.0,1.0,0.1,-0.1190477323,-1.3747104111,-13.8749325970076,0.1555198261,0.5045082603,18.657083298899995,-2.1547104111
2322,2322,2322.0,2322.0,2322.0,2322.0,2322.0,2322.0,2322.0,2322.0,2322.0,2322.0,2322.0,2322.0,2322.0,2322.0,2322.0,2322.0,2322.0,2322.0,2322.0,2322.0,2322.0,2322.0,2322.0,2322.0,2322.0,2322.0,2322.0,2322.0,2322.0,2322.0,2322.0,2322.0,2322.0,2322.0,2322.0,2322.0,2322.0,2322.0,2322.0,2322.0,2.0,0.2,-0.3169875812,-2.5642638219,14.583473959999516,0.6600280864,0.4471339871000001,18.152575038599995,-2.7842638219
2323,2323,2323.0,2323.0,2323.0,2323.0,2323.0,2323.0,2323.0,2323.0,2323.0,2323.0,2323.0,2323.0,2323.0,2323.0,2323.0,2323.0,2323.0,2323.0,2323.0,2323.0,2323.0,2323.0,2323.0,2323.0,2323.0,2323.0,2323.0,2323.0,2323.0,2323.0,2323.0,2323.0,2323.0,2323.0,2323.0,2323.0,2323.0,2323.0,2323.0,2323.0,3.0,0.3,-0.4904631931,-0.9324408141,-15.856190630406068,1.1071620735,0.4479512028999999,17.705441051499996,-0.7524408141000001
2324,2324,2324.0,2324.0,2324.0,2324.0,2324.0,2324.0,2324.0,2324.0,2324.0,2324.0,2324.0,2324.0,2324.0,2324.0,2324.0,2324.0,2324.0,2324.0,2324.0,2324.0,2324.0,2324.0,2324.0,2324.0,2324.0,2324.0,2324.0,2324.0,2324.0,2324.0,2324.0,2324.0,2324.0,2324.0,2324.0,2324.0,2324.0,2324.0,2324.0,2324.0,4.0,0.4,-0.6558996162,-2.352623454,3.140210294209176,1.5551132764,0.5015489742000001,17.257489848599995,-1.932623454
2325,2325,2325.0,2325.0,2325.0,2325.0,2325.0,2325.0,2325.0,2325.0,2325.0,2325.0,2325.0,2325.0,2325.0,2325.0,2325.0,2325.0,2325.0,2325.0,2325.0,2325.0,2325.0,2325.0,2325.0,2325.0,2325.0,2325.0,2325.0,2325.0,2325.0,2325.0,2325.0,2325.0,2325.0,2325.0,2325.0,2325.0,2325.0,2325.0,2325.0,2325.0,5.0,0.5,-0.8645907959,-1.8299112448,-19.154496914026858,2.0566622506,1.0153755303,16.755940874399997,-1.3299112448
2326,2326,2326.0,2326.0,2326.0,2326.0,2326.0,2326.0,2326.0,2326.0,2326.0,2326.0,2326.0,2326.0,2326.0,2326.0,2326.0,2326.0,2326.0,2326.0,2326.0,2326.0,2326.0,2326.0,2326.0,2326.0,2326.0,2326.0,2326.0,2326.0,2326.0,2326.0,2326.0,2326.0,2326.0,2326.0,2326.0,2326.0,2326.0,2326.0,2326.0,2326.0,6.0,0.6,-1.1313881876,-3.4785635446,-19.768566244417368,3.0720377809,2.2146809389999995,15.740565344099998,-3.0585635446
2327,2327,2327.0,2327.0,2327.0,2327.0,2327.0,2327.0,2327.0,2327.0,2327.0,2327.0,2327.0,2327.0,2327.0,2327.0,2327.0,2327.0,2327.0,2327.0,2327.0,2327.0,2327.0,2327.0,2327.0,2327.0,2327.0,2327.0,2327.0,2327.0,2327.0,2327.0,2327.0,2327.0,2327.0,2327.0,2327.0,2327.0,2327.0,2327.0,2327.0,2327.0,7.0,0.7,-1.5580460763,-5.0287622803,-11.8728609403533,5.2867187199,3.280670628800001,13.5258844051,-4.848762280299999
2328,2328,2328.0,2328.0,2328.0,2328.0,2328.0,2328.0,2328.0,2328.0,2328.0,2328.0,2328.0,2328.0,2328.0,2328.0,2328.0,2328.0,2328.0,2328.0,2328.0,2328.0,2328.0,2328.0,2328.0,2328.0,2328.0,2328.0,2328.0,2328.0,2328.0,2328.0,2328.0,2328.0,2328.0,2328.0,2328.0,2328.0,2328.0,2328.0,2328.0,2328.0,8.0,0.8,-2.0940298272,-5.6800646234,-12.90961211521601,8.5673893487,4.2972633474,10.245213776299998,-5.9000646234000005
2329,2329,2329.0,2329.0,2329.0,2329.0,2329.0,2329.0,2329.0,2329.0,2329.0,2329.0,2329.0,2329.0,2329.0,2329.0,2329.0,2329.0,2329.0,2329.0,2329.0,2329.0,2329.0,2329.0,2329.0,2329.0,2329.0,2329.0,2329.0,2329.0,2329.0,2329.0,2329.0,2329.0,2329.0,2329.0,2329.0,2329.0,2329.0,2329.0,2329.0,2329.0,9.0,0.9,-2.6970080056,-6.3680476566,-18.538216645601903,12.8646526961,5.947950428899999,5.947950428899999,-7.1480476566
2330,2330,2330.0,2330.0,2330.0,2330.0,2330.0,2330.0,2330.0,2330.0,2330.0,2330.0,2330.0,2330.0,2330.0,2330.0,2330.0,2330.0,2330.0,2330.0,2330.0,2330.0,2330.0,2330.0,2330.0,2330.0,2330.0,2330.0,2330.0,2330.0,2330.0,2330.0,2330.0,2330.0,2330.0,2330.0,2330.0,2330.0,2330.0,2330.0,2330.0,2330.0,0.0,0.0,0.0,-1.0,-13.9893733223842,0.0,0.3764640183,19.2850027644,-2.5
2331,2331,2331.0,2331.0,2331.0,2331.0,2331.0,2331.0,2331.0,2331.0,2331.0,2331.0,2331.0,2331.0,2331.0,2331.0,2331.0,2331.0,2331.0,2331.0,2331.0,2331.0,2331.0,2331.0,2331.0,2331.0,2331.0,2331.0,2331.0,2331.0,2331.0,2331.0,2331.0,2331.0,2331.0,2331.0,2331.0,2331.0,2331.0,2331.0,2331.0,2331.0,1.0,0.1,-0.1628350299,-2.2361023023,-16.035464469258706,0.3764640183,0.9955770659,18.9085387461,-3.0161023023
2332,2332,2332.0,2332.0,2332.0,2332.0,2332.0,2332.0,2332.0,2332.0,2332.0,2332.0,2332.0,2332.0,2332.0,2332.0,2332.0,2332.0,2332.0,2332.0,2332.0,2332.0,2332.0,2332.0,2332.0,2332.0,2332.0,2332.0,2332.0,2332.0,2332.0,2332.0,2332.0,2332.0,2332.0,2332.0,2332.0,2332.0,2332.0,2332.0,2332.0,2332.0,2.0,0.2,-0.4531985309,-3.5492852482,-6.178821543329249,1.3720410842,1.4127108267,17.9129616802,-3.7692852482
2333,2333,2333.0,2333.0,2333.0,2333.0,2333.0,2333.0,2333.0,2333.0,2333.0,2333.0,2333.0,2333.0,2333.0,2333.0,2333.0,2333.0,2333.0,2333.0,2333.0,2333.0,2333.0,2333.0,2333.0,2333.0,2333.0,2333.0,2333.0,2333.0,2333.0,2333.0,2333.0,2333.0,2333.0,2333.0,2333.0,2333.0,2333.0,2333.0,2333.0,2333.0,3.0,0.3,-0.8208471188,-3.7995188147,9.169532113172654,2.7847519109,1.1597811551,16.5002508535,-3.6195188147
2334,2334,2334.0,2334.0,2334.0,2334.0,2334.0,2334.0,2334.0,2334.0,2334.0,2334.0,2334.0,2334.0,2334.0,2334.0,2334.0,2334.0,2334.0,2334.0,2334.0,2334.0,2334.0,2334.0,2334.0,2334.0,2334.0,2334.0,2334.0,2334.0,2334.0,2334.0,2334.0,2334.0,2334.0,2334.0,2334.0,2334.0,2334.0,2334.0,2334.0,2334.0,4.0,0.4,-1.1380622787,-2.5653504435,-1.460807807727342,3.944533066,0.7925629291999998,15.3404696984,-2.1453504435
2335,2335,2335.0,2335.0,2335.0,2335.0,2335.0,2335.0,2335.0,2335.0,2335.0,2335.0,2335.0,2335.0,2335.0,2335.0,2335.0,2335.0,2335.0,2335.0,2335.0,2335.0,2335.0,2335.0,2335.0,2335.0,2335.0,2335.0,2335.0,2335.0,2335.0,2335.0,2335.0,2335.0,2335.0,2335.0,2335.0,2335.0,2335.0,2335.0,2335.0,2335.0,5.0,0.5,-1.3892541876,-2.4602393153,-15.132399762895671,4.7370959952,1.3068497011,14.5479067692,-1.9602393153
2336,2336,2336.0,2336.0,2336.0,2336.0,2336.0,2336.0,2336.0,2336.0,2336.0,2336.0,2336.0,2336.0,2336.0,2336.0,2336.0,2336.0,2336.0,2336.0,2336.0,2336.0,2336.0,2336.0,2336.0,2336.0,2336.0,2336.0,2336.0,2336.0,2336.0,2336.0,2336.0,2336.0,2336.0,2336.0,2336.0,2336.0,2336.0,2336.0,2336.0,2336.0,6.0,0.6,-1.69657867,-3.6661548092,-19.214045653488924,6.0439456963,2.5195337895000005,13.241057068100002,-3.2461548092
2337,2337,2337.0,2337.0,2337.0,2337.0,2337.0,2337.0,2337.0,2337.0,2337.0,2337.0,2337.0,2337.0,2337.0,2337.0,2337.0,2337.0,2337.0,2337.0,2337.0,2337.0,2337.0,2337.0,2337.0,2337.0,2337.0,2337.0,2337.0,2337.0,2337.0,2337.0,2337.0,2337.0,2337.0,2337.0,2337.0,2337.0,2337.0,2337.0,2337.0,2337.0,7.0,0.7,-2.1384058098,-5.1457322347,-5.715985459753705,8.5634794858,3.269306372499999,10.7215232786,-4.965732234699999
2338,2338,2338.0,2338.0,2338.0,2338.0,2338.0,2338.0,2338.0,2338.0,2338.0,2338.0,2338.0,2338.0,2338.0,2338.0,2338.0,2338.0,2338.0,2338.0,2338.0,2338.0,2338.0,2338.0,2338.0,2338.0,2338.0,2338.0,2338.0,2338.0,2338.0,2338.0,2338.0,2338.0,2338.0,2338.0,2338.0,2338.0,2338.0,2338.0,2338.0,2338.0,8.0,0.8,-2.6557374309,-5.1999991596,-6.231621002487415,11.8327858583,3.629113847600001,7.452216906100002,-5.4199991596
2339,2339,2339.0,2339.0,2339.0,2339.0,2339.0,2339.0,2339.0,2339.0,2339.0,2339.0,2339.0,2339.0,2339.0,2339.0,2339.0,2339.0,2339.0,2339.0,2339.0,2339.0,2339.0,2339.0,2339.0,2339.0,2339.0,2339.0,2339.0,2339.0,2339.0,2339.0,2339.0,2339.0,2339.0,2339.0,2339.0,2339.0,2339.0,2339.0,2339.0,2339.0,9.0,0.9,-3.1807270064,-5.2981716844,-1.8850451990210004,15.4618997059,3.823103058500001,3.823103058500001,-6.0781716844
2340,2340,2340.0,2340.0,2340.0,2340.0,2340.0,2340.0,2340.0,2340.0,2340.0,2340.0,2340.0,2340.0,2340.0,2340.0,2340.0,2340.0,2340.0,2340.0,2340.0,2340.0,2340.0,2340.0,2340.0,2340.0,2340.0,2340.0,2340.0,2340.0,2340.0,2340.0,2340.0,2340.0,2340.0,2340.0,2340.0,2340.0,2340.0,2340.0,2340.0,2340.0,0.0,0.0,0.0,-1.0,3.644455786641153,0.0,0.0686123472,5.812755063200001,-2.5
2341,2341,2341.0,2341.0,2341.0,2341.0,2341.0,2341.0,2341.0,2341.0,2341.0,2341.0,2341.0,2341.0,2341.0,2341.0,2341.0,2341.0,2341.0,2341.0,2341.0,2341.0,2341.0,2341.0,2341.0,2341.0,2341.0,2341.0,2341.0,2341.0,2341.0,2341.0,2341.0,2341.0,2341.0,2341.0,2341.0,2341.0,2341.0,2341.0,2341.0,2341.0,1.0,0.1,-0.0775328239,-0.5580215974,-2.713740272532569,0.0686123472,0.0491207256999999,5.744142716000001,-1.3380215974000005
2342,2342,2342.0,2342.0,2342.0,2342.0,2342.0,2342.0,2342.0,2342.0,2342.0,2342.0,2342.0,2342.0,2342.0,2342.0,2342.0,2342.0,2342.0,2342.0,2342.0,2342.0,2342.0,2342.0,2342.0,2342.0,2342.0,2342.0,2342.0,2342.0,2342.0,2342.0,2342.0,2342.0,2342.0,2342.0,2342.0,2342.0,2342.0,2342.0,2342.0,2342.0,2.0,0.2,-0.1437630976,-0.763165351,0.1238106036558939,0.1177330729,0.0552451111999999,5.695021990300001,-0.983165351
2343,2343,2343.0,2343.0,2343.0,2343.0,2343.0,2343.0,2343.0,2343.0,2343.0,2343.0,2343.0,2343.0,2343.0,2343.0,2343.0,2343.0,2343.0,2343.0,2343.0,2343.0,2343.0,2343.0,2343.0,2343.0,2343.0,2343.0,2343.0,2343.0,2343.0,2343.0,2343.0,2343.0,2343.0,2343.0,2343.0,2343.0,2343.0,2343.0,2343.0,2343.0,3.0,0.3,-0.2157890295,-0.6787583588,0.4674415115680794,0.1729781841,0.045235906,5.639776879100001,-0.4987583588000001
2344,2344,2344.0,2344.0,2344.0,2344.0,2344.0,2344.0,2344.0,2344.0,2344.0,2344.0,2344.0,2344.0,2344.0,2344.0,2344.0,2344.0,2344.0,2344.0,2344.0,2344.0,2344.0,2344.0,2344.0,2344.0,2344.0,2344.0,2344.0,2344.0,2344.0,2344.0,2344.0,2344.0,2344.0,2344.0,2344.0,2344.0,2344.0,2344.0,2344.0,2344.0,4.0,0.4,-0.2781202056,-0.5696830315,-5.315442377228482,0.2182140901,0.0896404754,5.594540973100001,-0.1496830314999999
2345,2345,2345.0,2345.0,2345.0,2345.0,2345.0,2345.0,2345.0,2345.0,2345.0,2345.0,2345.0,2345.0,2345.0,2345.0,2345.0,2345.0,2345.0,2345.0,2345.0,2345.0,2345.0,2345.0,2345.0,2345.0,2345.0,2345.0,2345.0,2345.0,2345.0,2345.0,2345.0,2345.0,2345.0,2345.0,2345.0,2345.0,2345.0,2345.0,2345.0,2345.0,5.0,0.5,-0.3580457291,-1.0213017456,-19.56489838809498,0.3078545655,0.6049461389999999,5.5049004977000005,-0.5213017456
2346,2346,2346.0,2346.0,2346.0,2346.0,2346.0,2346.0,2346.0,2346.0,2346.0,2346.0,2346.0,2346.0,2346.0,2346.0,2346.0,2346.0,2346.0,2346.0,2346.0,2346.0,2346.0,2346.0,2346.0,2346.0,2346.0,2346.0,2346.0,2346.0,2346.0,2346.0,2346.0,2346.0,2346.0,2346.0,2346.0,2346.0,2346.0,2346.0,2346.0,2346.0,6.0,0.6,-0.549879029,-2.7859582846,6.396264189947409,0.9128007045,0.6211274818000001,4.8999543587000005,-2.3659582846
2347,2347,2347.0,2347.0,2347.0,2347.0,2347.0,2347.0,2347.0,2347.0,2347.0,2347.0,2347.0,2347.0,2347.0,2347.0,2347.0,2347.0,2347.0,2347.0,2347.0,2347.0,2347.0,2347.0,2347.0,2347.0,2347.0,2347.0,2347.0,2347.0,2347.0,2347.0,2347.0,2347.0,2347.0,2347.0,2347.0,2347.0,2347.0,2347.0,2347.0,2347.0,7.0,0.7,-0.7840566077,-1.9121542869,-9.11123300654339,1.5339281863,0.6362399524999998,4.2788268769,-1.7321542869
2348,2348,2348.0,2348.0,2348.0,2348.0,2348.0,2348.0,2348.0,2348.0,2348.0,2348.0,2348.0,2348.0,2348.0,2348.0,2348.0,2348.0,2348.0,2348.0,2348.0,2348.0,2348.0,2348.0,2348.0,2348.0,2348.0,2348.0,2348.0,2348.0,2348.0,2348.0,2348.0,2348.0,2348.0,2348.0,2348.0,2348.0,2348.0,2348.0,2348.0,2348.0,8.0,0.8,-1.010096997,-2.5972371983,-19.722875861877448,2.1701681388,1.5275097738000003,3.6425869244,-2.8172371983000004
2349,2349,2349.0,2349.0,2349.0,2349.0,2349.0,2349.0,2349.0,2349.0,2349.0,2349.0,2349.0,2349.0,2349.0,2349.0,2349.0,2349.0,2349.0,2349.0,2349.0,2349.0,2349.0,2349.0,2349.0,2349.0,2349.0,2349.0,2349.0,2349.0,2349.0,2349.0,2349.0,2349.0,2349.0,2349.0,2349.0,2349.0,2349.0,2349.0,2349.0,2349.0,9.0,0.9,-1.3526645667,-4.2269572148,-5.789293242347693,3.6976779126,2.1150771506,2.1150771506,-5.0069572148
2350,2350,2350.0,2350.0,2350.0,2350.0,2350.0,2350.0,2350.0,2350.0,2350.0,2350.0,2350.0,2350.0,2350.0,2350.0,2350.0,2350.0,2350.0,2350.0,2350.0,2350.0,2350.0,2350.0,2350.0,2350.0,2350.0,2350.0,2350.0,2350.0,2350.0,2350.0,2350.0,2350.0,2350.0,2350.0,2350.0,2350.0,2350.0,2350.0,2350.0,2350.0,0.0,0.0,0.0,-1.0,19.475465492831965,0.0,0.2213226234,1.5808200419,1.3940974053
2351,2351,2351.0,2351.0,2351.0,2351.0,2351.0,2351.0,2351.0,2351.0,2351.0,2351.0,2351.0,2351.0,2351.0,2351.0,2351.0,2351.0,2351.0,2351.0,2351.0,2351.0,2351.0,2351.0,2351.0,2351.0,2351.0,2351.0,2351.0,2351.0,2351.0,2351.0,2351.0,2351.0,2351.0,2351.0,2351.0,2351.0,2351.0,2351.0,2351.0,2351.0,1.0,0.1,-0.0009516134,0.9484981627,-2.506874011886584,0.2213226234,0.0653113280999999,1.3594974185,1.3940974053
2352,2352,2352.0,2352.0,2352.0,2352.0,2352.0,2352.0,2352.0,2352.0,2352.0,2352.0,2352.0,2352.0,2352.0,2352.0,2352.0,2352.0,2352.0,2352.0,2352.0,2352.0,2352.0,2352.0,2352.0,2352.0,2352.0,2352.0,2352.0,2352.0,2352.0,2352.0,2352.0,2352.0,2352.0,2352.0,2352.0,2352.0,2352.0,2352.0,2352.0,2352.0,2.0,0.2,0.0771831233,0.6196760248,-3.867969637037,0.2866339515,0.0262391438,1.2941860904,1.3940974053
2353,2353,2353.0,2353.0,2353.0,2353.0,2353.0,2353.0,2353.0,2353.0,2353.0,2353.0,2353.0,2353.0,2353.0,2353.0,2353.0,2353.0,2353.0,2353.0,2353.0,2353.0,2353.0,2353.0,2353.0,2353.0,2353.0,2353.0,2353.0,2353.0,2353.0,2353.0,2353.0,2353.0,2353.0,2353.0,2353.0,2353.0,2353.0,2353.0,2353.0,2353.0,3.0,0.3,0.1174421068,0.1926200776,-6.080428668219643,0.3128730953,0.0240514755999999,1.2679469466,1.3940974053
2354,2354,2354.0,2354.0,2354.0,2354.0,2354.0,2354.0,2354.0,2354.0,2354.0,2354.0,2354.0,2354.0,2354.0,2354.0,2354.0,2354.0,2354.0,2354.0,2354.0,2354.0,2354.0,2354.0,2354.0,2354.0,2354.0,2354.0,2354.0,2354.0,2354.0,2354.0,2354.0,2354.0,2354.0,2354.0,2354.0,2354.0,2354.0,2354.0,2354.0,2354.0,4.0,0.4,0.1063587951,-0.4043394776,13.240066256995966,0.3369245709,0.1094168267999999,1.243895471,1.3940974053
2355,2355,2355.0,2355.0,2355.0,2355.0,2355.0,2355.0,2355.0,2355.0,2355.0,2355.0,2355.0,2355.0,2355.0,2355.0,2355.0,2355.0,2355.0,2355.0,2355.0,2355.0,2355.0,2355.0,2355.0,2355.0,2355.0,2355.0,2355.0,2355.0,2355.0,2355.0,2355.0,2355.0,2355.0,2355.0,2355.0,2355.0,2355.0,2355.0,2355.0,2355.0,5.0,0.5,0.131928538,0.8940974053,-14.993187975817758,0.4463413977,0.1352985804,1.1344786442,1.3940974053
2356,2356,2356.0,2356.0,2356.0,2356.0,2356.0,2356.0,2356.0,2356.0,2356.0,2356.0,2356.0,2356.0,2356.0,2356.0,2356.0,2356.0,2356.0,2356.0,2356.0,2356.0,2356.0,2356.0,2356.0,2356.0,2356.0,2356.0,2356.0,2356.0,2356.0,2356.0,2356.0,2356.0,2356.0,2356.0,2356.0,2356.0,2356.0,2356.0,2356.0,2356.0,6.0,0.6,0.1444848412,-0.6177776955,-18.38715432316533,0.5816399781,0.4120311393,0.9991800638,1.3940974053
2357,2357,2357.0,2357.0,2357.0,2357.0,2357.0,2357.0,2357.0,2357.0,2357.0,2357.0,2357.0,2357.0,2357.0,2357.0,2357.0,2357.0,2357.0,2357.0,2357.0,2357.0,2357.0,2357.0,2357.0,2357.0,2357.0,2357.0,2357.0,2357.0,2357.0,2357.0,2357.0,2357.0,2357.0,2357.0,2357.0,2357.0,2357.0,2357.0,2357.0,2357.0,7.0,0.7,-0.0032508212,-2.3087574655,6.545171671386623,0.9936711174,0.3823287299999999,0.5871489245,1.3940974053
2358,2358,2358.0,2358.0,2358.0,2358.0,2358.0,2358.0,2358.0,2358.0,2358.0,2358.0,2358.0,2358.0,2358.0,2358.0,2358.0,2358.0,2358.0,2358.0,2358.0,2358.0,2358.0,2358.0,2358.0,2358.0,2358.0,2358.0,2358.0,2358.0,2358.0,2358.0,2358.0,2358.0,2358.0,2358.0,2358.0,2358.0,2358.0,2358.0,2358.0,2358.0,8.0,0.8,-0.1912964102,-1.4661947093,6.459634478348505,1.3759998474,0.1492807580000001,0.2048201945000001,1.3940974053
2359,2359,2359.0,2359.0,2359.0,2359.0,2359.0,2359.0,2359.0,2359.0,2359.0,2359.0,2359.0,2359.0,2359.0,2359.0,2359.0,2359.0,2359.0,2359.0,2359.0,2359.0,2359.0,2359.0,2359.0,2359.0,2359.0,2359.0,2359.0,2359.0,2359.0,2359.0,2359.0,2359.0,2359.0,2359.0,2359.0,2359.0,2359.0,2359.0,2359.0,2359.0,9.0,0.9,-0.2995753283,-0.7119523434,0.2509730503639389,1.5252806054,0.0555394364999999,0.0555394364999999,1.3940974053
2360,2360,2360.0,2360.0,2360.0,2360.0,2360.0,2360.0,2360.0,2360.0,2360.0,2360.0,2360.0,2360.0,2360.0,2360.0,2360.0,2360.0,2360.0,2360.0,2360.0,2360.0,2360.0,2360.0,2360.0,2360.0,2360.0,2360.0,2360.0,2360.0,2360.0,2360.0,2360.0,2360.0,2360.0,2360.0,2360.0,2360.0,2360.0,2360.0,2360.0,2360.0,0.0,0.0,0.0,-1.0,-10.57497247810124,0.0,0.2775324435,14.1211623451,-2.5
2361,2361,2361.0,2361.0,2361.0,2361.0,2361.0,2361.0,2361.0,2361.0,2361.0,2361.0,2361.0,2361.0,2361.0,2361.0,2361.0,2361.0,2361.0,2361.0,2361.0,2361.0,2361.0,2361.0,2361.0,2361.0,2361.0,2361.0,2361.0,2361.0,2361.0,2361.0,2361.0,2361.0,2361.0,2361.0,2361.0,2361.0,2361.0,2361.0,2361.0,2361.0,1.0,0.1,-0.1463181462,-1.9111791016,-19.929952622270143,0.2775324435,1.0055154197,13.8436299016,-2.6911791016000004
2362,2362,2362.0,2362.0,2362.0,2362.0,2362.0,2362.0,2362.0,2362.0,2362.0,2362.0,2362.0,2362.0,2362.0,2362.0,2362.0,2362.0,2362.0,2362.0,2362.0,2362.0,2362.0,2362.0,2362.0,2362.0,2362.0,2362.0,2362.0,2362.0,2362.0,2362.0,2362.0,2362.0,2362.0,2362.0,2362.0,2362.0,2362.0,2362.0,2362.0,2362.0,2.0,0.2,-0.4246003527,-3.6258921573,-17.047352025740995,1.2830478632,2.0275119793,12.8381144819,-3.8458921573
2363,2363,2363.0,2363.0,2363.0,2363.0,2363.0,2363.0,2363.0,2363.0,2363.0,2363.0,2363.0,2363.0,2363.0,2363.0,2363.0,2363.0,2363.0,2363.0,2363.0,2363.0,2363.0,2363.0,2363.0,2363.0,2363.0,2363.0,2363.0,2363.0,2363.0,2363.0,2363.0,2363.0,2363.0,2363.0,2363.0,2363.0,2363.0,2363.0,2363.0,2363.0,3.0,0.3,-0.8521147675,-4.9031129451,-6.5751824808762205,3.3105598425,2.628931798,10.8106025026,-4.7231129451000005
2364,2364,2364.0,2364.0,2364.0,2364.0,2364.0,2364.0,2364.0,2364.0,2364.0,2364.0,2364.0,2364.0,2364.0,2364.0,2364.0,2364.0,2364.0,2364.0,2364.0,2364.0,2364.0,2364.0,2364.0,2364.0,2364.0,2364.0,2364.0,2364.0,2364.0,2364.0,2364.0,2364.0,2364.0,2364.0,2364.0,2364.0,2364.0,2364.0,2364.0,2364.0,4.0,0.4,-1.3505141554,-5.0622318053,18.49509679372749,5.9394916405,1.9979642215,8.1816707046,-4.6422318053
2365,2365,2365.0,2365.0,2365.0,2365.0,2365.0,2365.0,2365.0,2365.0,2365.0,2365.0,2365.0,2365.0,2365.0,2365.0,2365.0,2365.0,2365.0,2365.0,2365.0,2365.0,2365.0,2365.0,2365.0,2365.0,2365.0,2365.0,2365.0,2365.0,2365.0,2365.0,2365.0,2365.0,2365.0,2365.0,2365.0,2365.0,2365.0,2365.0,2365.0,2365.0,5.0,0.5,-1.7427809145,-2.8204553668,6.622986743150264,7.937455862,0.9369096300000006,6.1837064831,-2.3204553668
2366,2366,2366.0,2366.0,2366.0,2366.0,2366.0,2366.0,2366.0,2366.0,2366.0,2366.0,2366.0,2366.0,2366.0,2366.0,2366.0,2366.0,2366.0,2366.0,2366.0,2366.0,2366.0,2366.0,2366.0,2366.0,2366.0,2366.0,2366.0,2366.0,2366.0,2366.0,2366.0,2366.0,2366.0,2366.0,2366.0,2366.0,2366.0,2366.0,2366.0,2366.0,6.0,0.6,-1.9791446945,-1.9217929125,-2.766937904755956,8.874365492,0.8206572610999991,5.246796853099999,-1.5017929125
2367,2367,2367.0,2367.0,2367.0,2367.0,2367.0,2367.0,2367.0,2367.0,2367.0,2367.0,2367.0,2367.0,2367.0,2367.0,2367.0,2367.0,2367.0,2367.0,2367.0,2367.0,2367.0,2367.0,2367.0,2367.0,2367.0,2367.0,2367.0,2367.0,2367.0,2367.0,2367.0,2367.0,2367.0,2367.0,2367.0,2367.0,2367.0,2367.0,2367.0,2367.0,7.0,0.7,-2.1754111275,-2.00222027,-13.310365964567016,9.6950227531,1.2748359082,4.426139592,-1.82222027
2368,2368,2368.0,2368.0,2368.0,2368.0,2368.0,2368.0,2368.0,2368.0,2368.0,2368.0,2368.0,2368.0,2368.0,2368.0,2368.0,2368.0,2368.0,2368.0,2368.0,2368.0,2368.0,2368.0,2368.0,2368.0,2368.0,2368.0,2368.0,2368.0,2368.0,2368.0,2368.0,2368.0,2368.0,2368.0,2368.0,2368.0,2368.0,2368.0,2368.0,2368.0,8.0,0.8,-2.4303354428,-3.0783325511,4.70593772530188,10.9698586613,1.4075203653,3.1513036838,-3.2983325511
2369,2369,2369.0,2369.0,2369.0,2369.0,2369.0,2369.0,2369.0,2369.0,2369.0,2369.0,2369.0,2369.0,2369.0,2369.0,2369.0,2369.0,2369.0,2369.0,2369.0,2369.0,2369.0,2369.0,2369.0,2369.0,2369.0,2369.0,2369.0,2369.0,2369.0,2369.0,2369.0,2369.0,2369.0,2369.0,2369.0,2369.0,2369.0,2369.0,2369.0,2369.0,9.0,0.9,-2.7005132196,-2.3375610018,-13.738266888949644,12.3773790266,1.7437833185000002,1.7437833185000002,-3.1175610018000004
2370,2370,2370.0,2370.0,2370.0,2370.0,2370.0,2370.0,2370.0,2370.0,2370.0,2370.0,2370.0,2370.0,2370.0,2370.0,2370.0,2370.0,2370.0,2370.0,2370.0,2370.0,2370.0,2370.0,2370.0,2370.0,2370.0,2370.0,2370.0,2370.0,2370.0,2370.0,2370.0,2370.0,2370.0,2370.0,2370.0,2370.0,2370.0,2370.0,2370.0,2370.0,0.0,0.0,0.0,-1.0,-19.480560531342725,0.0,0.5751778233,20.4224388552,-2.5
2371,2371,2371.0,2371.0,2371.0,2371.0,2371.0,2371.0,2371.0,2371.0,2371.0,2371.0,2371.0,2371.0,2371.0,2371.0,2371.0,2371.0,2371.0,2371.0,2371.0,2371.0,2371.0,2371.0,2371.0,2371.0,2371.0,2371.0,2371.0,2371.0,2371.0,2371.0,2371.0,2371.0,2371.0,2371.0,2371.0,2371.0,2371.0,2371.0,2371.0,2371.0,1.0,0.1,-0.1893981954,-2.7586578577,-18.20007613391892,0.5751778233,1.4260013995999998,19.8472610319,-3.5386578577
2372,2372,2372.0,2372.0,2372.0,2372.0,2372.0,2372.0,2372.0,2372.0,2372.0,2372.0,2372.0,2372.0,2372.0,2372.0,2372.0,2372.0,2372.0,2372.0,2372.0,2372.0,2372.0,2372.0,2372.0,2372.0,2372.0,2372.0,2372.0,2372.0,2372.0,2372.0,2372.0,2372.0,2372.0,2372.0,2372.0,2372.0,2372.0,2372.0,2372.0,2372.0,2.0,0.2,-0.5399605673,-4.2281030992,-12.404554462056518,2.0011792229,2.2800320285000004,18.4212596323,-4.4481030992
2373,2373,2373.0,2373.0,2373.0,2373.0,2373.0,2373.0,2373.0,2373.0,2373.0,2373.0,2373.0,2373.0,2373.0,2373.0,2373.0,2373.0,2373.0,2373.0,2373.0,2373.0,2373.0,2373.0,2373.0,2373.0,2373.0,2373.0,2373.0,2373.0,2373.0,2373.0,2373.0,2373.0,2373.0,2373.0,2373.0,2373.0,2373.0,2373.0,2373.0,2373.0,3.0,0.3,-1.0023238219,-5.0061952908,-5.896799672565951,4.2812112514,2.7263665927,16.141227603799997,-4.8261952908
2374,2374,2374.0,2374.0,2374.0,2374.0,2374.0,2374.0,2374.0,2374.0,2374.0,2374.0,2374.0,2374.0,2374.0,2374.0,2374.0,2374.0,2374.0,2374.0,2374.0,2374.0,2374.0,2374.0,2374.0,2374.0,2374.0,2374.0,2374.0,2374.0,2374.0,2374.0,2374.0,2374.0,2374.0,2374.0,2374.0,2374.0,2374.0,2374.0,2374.0,2374.0,4.0,0.4,-1.5072516677,-5.0909474123,7.196225420290453,7.0075778441,2.3642621155000008,13.4148610111,-4.6709474123
2375,2375,2375.0,2375.0,2375.0,2375.0,2375.0,2375.0,2375.0,2375.0,2375.0,2375.0,2375.0,2375.0,2375.0,2375.0,2375.0,2375.0,2375.0,2375.0,2375.0,2375.0,2375.0,2375.0,2375.0,2375.0,2375.0,2375.0,2375.0,2375.0,2375.0,2375.0,2375.0,2375.0,2375.0,2375.0,2375.0,2375.0,2375.0,2375.0,2375.0,2375.0,5.0,0.5,-1.9569081494,-3.9216683885,-9.207385525030944,9.3718399596,2.258233257499999,11.0505988956,-3.4216683885
2376,2376,2376.0,2376.0,2376.0,2376.0,2376.0,2376.0,2376.0,2376.0,2376.0,2376.0,2376.0,2376.0,2376.0,2376.0,2376.0,2376.0,2376.0,2376.0,2376.0,2376.0,2376.0,2376.0,2376.0,2376.0,2376.0,2376.0,2376.0,2376.0,2376.0,2376.0,2376.0,2376.0,2376.0,2376.0,2376.0,2376.0,2376.0,2376.0,2376.0,2376.0,6.0,0.6,-2.3746442689,-4.4246708216,1.6317067625195172,11.6300732171,2.3813691300999995,8.7923656381,-4.0046708216
2377,2377,2377.0,2377.0,2377.0,2377.0,2377.0,2377.0,2377.0,2377.0,2377.0,2377.0,2377.0,2377.0,2377.0,2377.0,2377.0,2377.0,2377.0,2377.0,2377.0,2377.0,2377.0,2377.0,2377.0,2377.0,2377.0,2377.0,2377.0,2377.0,2377.0,2377.0,2377.0,2377.0,2377.0,2377.0,2377.0,2377.0,2377.0,2377.0,2377.0,2377.0,7.0,0.7,-2.7878143341,-3.8483300801,6.0291937159279065,14.0114423472,2.0411478742,6.410996508,-3.6683300801
2378,2378,2378.0,2378.0,2378.0,2378.0,2378.0,2378.0,2378.0,2378.0,2378.0,2378.0,2378.0,2378.0,2378.0,2378.0,2378.0,2378.0,2378.0,2378.0,2378.0,2378.0,2378.0,2378.0,2378.0,2378.0,2378.0,2378.0,2378.0,2378.0,2378.0,2378.0,2378.0,2378.0,2378.0,2378.0,2378.0,2378.0,2378.0,2378.0,2378.0,2378.0,8.0,0.8,-3.1248659428,-2.9083590998,-8.394481204001298,16.0525902214,2.1209422854000017,4.3698486338,-3.1283590998000004
2379,2379,2379.0,2379.0,2379.0,2379.0,2379.0,2379.0,2379.0,2379.0,2379.0,2379.0,2379.0,2379.0,2379.0,2379.0,2379.0,2379.0,2379.0,2379.0,2379.0,2379.0,2379.0,2379.0,2379.0,2379.0,2379.0,2379.0,2379.0,2379.0,2379.0,2379.0,2379.0,2379.0,2379.0,2379.0,2379.0,2379.0,2379.0,2379.0,2379.0,2379.0,9.0,0.9,-3.4422397103,-3.4304334527,4.169854730129746,18.1735325068,2.2489063483999985,2.2489063483999985,-4.2104334527
2380,2380,2380.0,2380.0,2380.0,2380.0,2380.0,2380.0,2380.0,2380.0,2380.0,2380.0,2380.0,2380.0,2380.0,2380.0,2380.0,2380.0,2380.0,2380.0,2380.0,2380.0,2380.0,2380.0,2380.0,2380.0,2380.0,2380.0,2380.0,2380.0,2380.0,2380.0,2380.0,2380.0,2380.0,2380.0,2380.0,2380.0,2380.0,2380.0,2380.0,2380.0,0.0,0.0,0.0,-1.0,6.194824168369792,0.0,0.065781143,14.4166259575,-2.5
2381,2381,2381.0,2381.0,2381.0,2381.0,2381.0,2381.0,2381.0,2381.0,2381.0,2381.0,2381.0,2381.0,2381.0,2381.0,2381.0,2381.0,2381.0,2381.0,2381.0,2381.0,2381.0,2381.0,2381.0,2381.0,2381.0,2381.0,2381.0,2381.0,2381.0,2381.0,2381.0,2381.0,2381.0,2381.0,2381.0,2381.0,2381.0,2381.0,2381.0,2381.0,1.0,0.1,-0.0651956276,-0.3153219556,-15.560282937588212,0.065781143,0.2506469652,14.350844814499998,-1.0953219556000002
2382,2382,2382.0,2382.0,2382.0,2382.0,2382.0,2382.0,2382.0,2382.0,2382.0,2382.0,2382.0,2382.0,2382.0,2382.0,2382.0,2382.0,2382.0,2382.0,2382.0,2382.0,2382.0,2382.0,2382.0,2382.0,2382.0,2382.0,2382.0,2382.0,2382.0,2382.0,2382.0,2382.0,2382.0,2382.0,2382.0,2382.0,2382.0,2382.0,2382.0,2382.0,2.0,0.2,-0.1704740697,-1.7660718072,7.468528371757806,0.3164281082,0.2144820780999999,14.1001978493,-1.9860718072
2383,2383,2383.0,2383.0,2383.0,2383.0,2383.0,2383.0,2383.0,2383.0,2383.0,2383.0,2383.0,2383.0,2383.0,2383.0,2383.0,2383.0,2383.0,2383.0,2383.0,2383.0,2383.0,2383.0,2383.0,2383.0,2383.0,2383.0,2383.0,2383.0,2383.0,2383.0,2383.0,2383.0,2383.0,2383.0,2383.0,2383.0,2383.0,2383.0,2383.0,2383.0,3.0,0.3,-0.3024096319,-0.8872834079,-11.159869807520586,0.5309101863,0.2752104753,13.8857157712,-0.7072834079000001
2384,2384,2384.0,2384.0,2384.0,2384.0,2384.0,2384.0,2384.0,2384.0,2384.0,2384.0,2384.0,2384.0,2384.0,2384.0,2384.0,2384.0,2384.0,2384.0,2384.0,2384.0,2384.0,2384.0,2384.0,2384.0,2384.0,2384.0,2384.0,2384.0,2384.0,2384.0,2384.0,2384.0,2384.0,2384.0,2384.0,2384.0,2384.0,2384.0,2384.0,2384.0,4.0,0.4,-0.4408307675,-1.864849253,-10.874303007401547,0.8061206616,0.6251119633000001,13.6105052959,-1.444849253
2385,2385,2385.0,2385.0,2385.0,2385.0,2385.0,2385.0,2385.0,2385.0,2385.0,2385.0,2385.0,2385.0,2385.0,2385.0,2385.0,2385.0,2385.0,2385.0,2385.0,2385.0,2385.0,2385.0,2385.0,2385.0,2385.0,2385.0,2385.0,2385.0,2385.0,2385.0,2385.0,2385.0,2385.0,2385.0,2385.0,2385.0,2385.0,2385.0,2385.0,2385.0,5.0,0.5,-0.6708981745,-2.7222121467,-10.61063740238982,1.4312326249,1.0923673959,12.9853933326,-2.2222121467
2386,2386,2386.0,2386.0,2386.0,2386.0,2386.0,2386.0,2386.0,2386.0,2386.0,2386.0,2386.0,2386.0,2386.0,2386.0,2386.0,2386.0,2386.0,2386.0,2386.0,2386.0,2386.0,2386.0,2386.0,2386.0,2386.0,2386.0,2386.0,2386.0,2386.0,2386.0,2386.0,2386.0,2386.0,2386.0,2386.0,2386.0,2386.0,2386.0,2386.0,2386.0,6.0,0.6,-0.9812790121,-3.4728950494,-12.964836712086129,2.5236000208,1.7752144584999998,11.8930259367,-3.0528950494
2387,2387,2387.0,2387.0,2387.0,2387.0,2387.0,2387.0,2387.0,2387.0,2387.0,2387.0,2387.0,2387.0,2387.0,2387.0,2387.0,2387.0,2387.0,2387.0,2387.0,2387.0,2387.0,2387.0,2387.0,2387.0,2387.0,2387.0,2387.0,2387.0,2387.0,2387.0,2387.0,2387.0,2387.0,2387.0,2387.0,2387.0,2387.0,2387.0,2387.0,2387.0,7.0,0.7,-1.3744850296,-4.3761727031,-11.89237588040859,4.2988144793,2.5811737662,10.1178114782,-4.1961727031
2388,2388,2388.0,2388.0,2388.0,2388.0,2388.0,2388.0,2388.0,2388.0,2388.0,2388.0,2388.0,2388.0,2388.0,2388.0,2388.0,2388.0,2388.0,2388.0,2388.0,2388.0,2388.0,2388.0,2388.0,2388.0,2388.0,2388.0,2388.0,2388.0,2388.0,2388.0,2388.0,2388.0,2388.0,2388.0,2388.0,2388.0,2388.0,2388.0,2388.0,2388.0,8.0,0.8,-1.8484600005,-5.0914353203,-8.002760772427377,6.8799882455,3.2168830545,7.536637712000001,-5.311435320299999
2389,2389,2389.0,2389.0,2389.0,2389.0,2389.0,2389.0,2389.0,2389.0,2389.0,2389.0,2389.0,2389.0,2389.0,2389.0,2389.0,2389.0,2389.0,2389.0,2389.0,2389.0,2389.0,2389.0,2389.0,2389.0,2389.0,2389.0,2389.0,2389.0,2389.0,2389.0,2389.0,2389.0,2389.0,2389.0,2389.0,2389.0,2389.0,2389.0,2389.0,2389.0,9.0,0.9,-2.3716865366,-5.3684848613,-16.178112840992647,10.0968713,4.319754657500001,4.319754657500001,-6.1484848613
2390,2390,2390.0,2390.0,2390.0,2390.0,2390.0,2390.0,2390.0,2390.0,2390.0,2390.0,2390.0,2390.0,2390.0,2390.0,2390.0,2390.0,2390.0,2390.0,2390.0,2390.0,2390.0,2390.0,2390.0,2390.0,2390.0,2390.0,2390.0,2390.0,2390.0,2390.0,2390.0,2390.0,2390.0,2390.0,2390.0,2390.0,2390.0,2390.0,2390.0,2390.0,0.0,0.0,0.0,-1.0,16.12504358006123,0.0,0.1551360843,2.6468782482,2.915233267
2391,2391,2391.0,2391.0,2391.0,2391.0,2391.0,2391.0,2391.0,2391.0,2391.0,2391.0,2391.0,2391.0,2391.0,2391.0,2391.0,2391.0,2391.0,2391.0,2391.0,2391.0,2391.0,2391.0,2391.0,2391.0,2391.0,2391.0,2391.0,2391.0,2391.0,2391.0,2391.0,2391.0,2391.0,2391.0,2391.0,2391.0,2391.0,2391.0,2391.0,2391.0,1.0,0.1,-0.0171590055,0.6296633635,-3.108469125077118,0.1551360843,0.0260546254999999,2.4917421639,2.915233267
2392,2392,2392.0,2392.0,2392.0,2392.0,2392.0,2392.0,2392.0,2392.0,2392.0,2392.0,2392.0,2392.0,2392.0,2392.0,2392.0,2392.0,2392.0,2392.0,2392.0,2392.0,2392.0,2392.0,2392.0,2392.0,2392.0,2392.0,2392.0,2392.0,2392.0,2392.0,2392.0,2392.0,2392.0,2392.0,2392.0,2392.0,2392.0,2392.0,2392.0,2392.0,2.0,0.2,0.0277244223,0.2739330232,12.81512665164216,0.1811907098,0.1719758784,2.4656875384,2.915233267
2393,2393,2393.0,2393.0,2393.0,2393.0,2393.0,2393.0,2393.0,2393.0,2393.0,2393.0,2393.0,2393.0,2393.0,2393.0,2393.0,2393.0,2393.0,2393.0,2393.0,2393.0,2393.0,2393.0,2393.0,2393.0,2393.0,2393.0,2393.0,2393.0,2393.0,2393.0,2393.0,2393.0,2393.0,2393.0,2393.0,2393.0,2393.0,2393.0,2393.0,2393.0,3.0,0.3,0.1157847274,1.4673853833,-9.242617769955968,0.3531665882,0.1445106664,2.29371166,2.915233267
2394,2394,2394.0,2394.0,2394.0,2394.0,2394.0,2394.0,2394.0,2394.0,2394.0,2394.0,2394.0,2394.0,2394.0,2394.0,2394.0,2394.0,2394.0,2394.0,2394.0,2394.0,2394.0,2394.0,2394.0,2394.0,2394.0,2394.0,2394.0,2394.0,2394.0,2394.0,2394.0,2394.0,2394.0,2394.0,2394.0,2394.0,2394.0,2394.0,2394.0,2394.0,4.0,0.4,0.2107145068,0.4481938268,18.970009778070064,0.4976772546,0.39358095,2.1492009936,2.915233267
2395,2395,2395.0,2395.0,2395.0,2395.0,2395.0,2395.0,2395.0,2395.0,2395.0,2395.0,2395.0,2395.0,2395.0,2395.0,2395.0,2395.0,2395.0,2395.0,2395.0,2395.0,2395.0,2395.0,2395.0,2395.0,2395.0,2395.0,2395.0,2395.0,2395.0,2395.0,2395.0,2395.0,2395.0,2395.0,2395.0,2395.0,2395.0,2395.0,2395.0,2395.0,5.0,0.5,0.3451316524,2.2107776591,5.199932011869592,0.8912582046,0.5906450552999999,1.7556200436,2.915233267
2396,2396,2396.0,2396.0,2396.0,2396.0,2396.0,2396.0,2396.0,2396.0,2396.0,2396.0,2396.0,2396.0,2396.0,2396.0,2396.0,2396.0,2396.0,2396.0,2396.0,2396.0,2396.0,2396.0,2396.0,2396.0,2396.0,2396.0,2396.0,2396.0,2396.0,2396.0,2396.0,2396.0,2396.0,2396.0,2396.0,2396.0,2396.0,2396.0,2396.0,2396.0,6.0,0.6,0.5806692456,2.495233267,-11.42195029366501,1.4819032599,0.4587129152,1.1649749883000002,2.915233267
2397,2397,2397.0,2397.0,2397.0,2397.0,2397.0,2397.0,2397.0,2397.0,2397.0,2397.0,2397.0,2397.0,2397.0,2397.0,2397.0,2397.0,2397.0,2397.0,2397.0,2397.0,2397.0,2397.0,2397.0,2397.0,2397.0,2397.0,2397.0,2397.0,2397.0,2397.0,2397.0,2397.0,2397.0,2397.0,2397.0,2397.0,2397.0,2397.0,2397.0,2397.0,7.0,0.7,0.762869364,1.1708381193,5.724401628340267,1.9406161751,0.2803221711000001,0.7062620731000002,2.915233267
2398,2398,2398.0,2398.0,2398.0,2398.0,2398.0,2398.0,2398.0,2398.0,2398.0,2398.0,2398.0,2398.0,2398.0,2398.0,2398.0,2398.0,2398.0,2398.0,2398.0,2398.0,2398.0,2398.0,2398.0,2398.0,2398.0,2398.0,2398.0,2398.0,2398.0,2398.0,2398.0,2398.0,2398.0,2398.0,2398.0,2398.0,2398.0,2398.0,2398.0,2398.0,8.0,0.8,0.9019807187,1.6041669275,-9.723445755110468,2.2209383462,0.2614888833999997,0.4259399020000001,2.915233267
2399,2399,2399.0,2399.0,2399.0,2399.0,2399.0,2399.0,2399.0,2399.0,2399.0,2399.0,2399.0,2399.0,2399.0,2399.0,2399.0,2399.0,2399.0,2399.0,2399.0,2399.0,2399.0,2399.0,2399.0,2399.0,2399.0,2399.0,2399.0,2399.0,2399.0,2399.0,2399.0,2399.0,2399.0,2399.0,2399.0,2399.0,2399.0,2399.0,2399.0,2399.0,9.0,0.9,1.0076010058,0.5262020648,-10.236143336582266,2.4824272296,0.1644510186000003,0.1644510186000003,2.915233267
2400,2400,2400.0,2400.0,2400.0,2400.0,2400.0,2400.0,2400.0,2400.0,2400.0,2400.0,2400.0,2400.0,2400.0,2400.0,2400.0,2400.0,2400.0,2400.0,2400.0,2400.0,2400.0,2400.0,2400.0,2400.0,2400.0,2400.0,2400.0,2400.0,2400.0,2400.0,2400.0,2400.0,2400.0,2400.0,2400.0,2400.0,2400.0,2400.0,2400.0,0.0,,0.0,0.0,-1.0,13.808665878065058,0.0,0.1200083376,64.56700577069999,10.4973527209
2401,2401,2401.0,2401.0,2401.0,2401.0,2401.0,2401.0,2401.0,2401.0,2401.0,2401.0,2401.0,2401.0,2401.0,2401.0,2401.0,2401.0,2401.0,2401.0,2401.0,2401.0,2401.0,2401.0,2401.0,2401.0,2401.0,2401.0,2401.0,2401.0,2401.0,2401.0,2401.0,2401.0,2401.0,2401.0,2401.0,2401.0,2401.0,2401.0,2401.0,1.0,,0.1,-0.028364293,0.4092308808,20.01904632289813,0.1200083376,0.4139850374,64.4469974331,10.4973527209
2402,2402,2402.0,2402.0,2402.0,2402.0,2402.0,2402.0,2402.0,2402.0,2402.0,2402.0,2402.0,2402.0,2402.0,2402.0,2402.0,2402.0,2402.0,2402.0,2402.0,2402.0,2402.0,2402.0,2402.0,2402.0,2402.0,2402.0,2402.0,2402.0,2402.0,2402.0,2402.0,2402.0,2402.0,2402.0,2402.0,2402.0,2402.0,2402.0,2402.0,2.0,,0.2,0.1074196738,2.2753515463,19.840176173252843,0.533993375,1.2037374192,64.0330123957,10.4973527209
2403,2403,2403.0,2403.0,2403.0,2403.0,2403.0,2403.0,2403.0,2403.0,2403.0,2403.0,2403.0,2403.0,2403.0,2403.0,2403.0,2403.0,2403.0,2403.0,2403.0,2403.0,2403.0,2403.0,2403.0,2403.0,2403.0,2403.0,2403.0,2403.0,2403.0,2403.0,2403.0,2403.0,2403.0,2403.0,2403.0,2403.0,2403.0,2403.0,2403.0,3.0,,0.3,0.4199232134,3.946865624,19.90557910688984,1.7377307942,2.4873309508,62.8292749765,10.4973527209
2404,2404,2404.0,2404.0,2404.0,2404.0,2404.0,2404.0,2404.0,2404.0,2404.0,2404.0,2404.0,2404.0,2404.0,2404.0,2404.0,2404.0,2404.0,2404.0,2404.0,2404.0,2404.0,2404.0,2404.0,2404.0,2404.0,2404.0,2404.0,2404.0,2404.0,2404.0,2404.0,2404.0,2404.0,2404.0,2404.0,2404.0,2404.0,2404.0,2404.0,4.0,,0.4,0.8918085652,5.4655381829,19.806876212109003,4.225061745,4.149769300600001,60.3419440257,10.4973527209
2405,2405,2405.0,2405.0,2405.0,2405.0,2405.0,2405.0,2405.0,2405.0,2405.0,2405.0,2405.0,2405.0,2405.0,2405.0,2405.0,2405.0,2405.0,2405.0,2405.0,2405.0,2405.0,2405.0,2405.0,2405.0,2405.0,2405.0,2405.0,2405.0,2405.0,2405.0,2405.0,2405.0,2405.0,2405.0,2405.0,2405.0,2405.0,2405.0,2405.0,5.0,,0.5,1.5077369039,6.8302974654,19.96200222223872,8.3748310456,6.1402399052,56.1921747251,10.4973527209
2406,2406,2406.0,2406.0,2406.0,2406.0,2406.0,2406.0,2406.0,2406.0,2406.0,2406.0,2406.0,2406.0,2406.0,2406.0,2406.0,2406.0,2406.0,2406.0,2406.0,2406.0,2406.0,2406.0,2406.0,2406.0,2406.0,2406.0,2406.0,2406.0,2406.0,2406.0,2406.0,2406.0,2406.0,2406.0,2406.0,2406.0,2406.0,2406.0,2406.0,6.0,,0.6,2.2542901112,8.0799444804,19.94729916346209,14.5150709508,8.4219865738,50.051934819900005,10.4973527209
2407,2407,2407.0,2407.0,2407.0,2407.0,2407.0,2407.0,2407.0,2407.0,2407.0,2407.0,2407.0,2407.0,2407.0,2407.0,2407.0,2407.0,2407.0,2407.0,2407.0,2407.0,2407.0,2407.0,2407.0,2407.0,2407.0,2407.0,2407.0,2407.0,2407.0,2407.0,2407.0,2407.0,2407.0,2407.0,2407.0,2407.0,2407.0,2407.0,2407.0,7.0,,0.7,3.1196914574,9.2092730505,19.82225290344565,22.9370575246,10.960042710099998,41.62994824610001,10.4973527209
2408,2408,2408.0,2408.0,2408.0,2408.0,2408.0,2408.0,2408.0,2408.0,2408.0,2408.0,2408.0,2408.0,2408.0,2408.0,2408.0,2408.0,2408.0,2408.0,2408.0,2408.0,2408.0,2408.0,2408.0,2408.0,2408.0,2408.0,2408.0,2408.0,2408.0,2408.0,2408.0,2408.0,2408.0,2408.0,2408.0,2408.0,2408.0,2408.0,2408.0,8.0,,0.8,4.0919572334,10.2192325648,19.867992453276308,33.8971002347,13.766165651900003,30.66990553600001,10.4973527209
2409,2409,2409.0,2409.0,2409.0,2409.0,2409.0,2409.0,2409.0,2409.0,2409.0,2409.0,2409.0,2409.0,2409.0,2409.0,2409.0,2409.0,2409.0,2409.0,2409.0,2409.0,2409.0,2409.0,2409.0,2409.0,2409.0,2409.0,2409.0,2409.0,2409.0,2409.0,2409.0,2409.0,2409.0,2409.0,2409.0,2409.0,2409.0,2409.0,2409.0,9.0,,0.9,5.1605533423,11.1374357013,20.17368293765565,47.6632658866,16.903739884100005,16.903739884100005,10.4973527209
2410,2410,2410.0,2410.0,2410.0,2410.0,2410.0,2410.0,2410.0,2410.0,2410.0,2410.0,2410.0,2410.0,2410.0,2410.0,2410.0,2410.0,2410.0,2410.0,2410.0,2410.0,2410.0,2410.0,2410.0,2410.0,2410.0,2410.0,2410.0,2410.0,2410.0,2410.0,2410.0,2410.0,2410.0,2410.0,2410.0,2410.0,2410.0,2410.0,2410.0,0.0,,0.0,0.0,-1.0,14.044709476101968,0.0,0.1231902081,65.5745920422,10.5704084835
2411,2411,2411.0,2411.0,2411.0,2411.0,2411.0,2411.0,2411.0,2411.0,2411.0,2411.0,2411.0,2411.0,2411.0,2411.0,2411.0,2411.0,2411.0,2411.0,2411.0,2411.0,2411.0,2411.0,2411.0,2411.0,2411.0,2411.0,2411.0,2411.0,2411.0,2411.0,2411.0,2411.0,2411.0,2411.0,2411.0,2411.0,2411.0,2411.0,2411.0,1.0,,0.1,-0.0272224514,0.431693399,19.86903677973551,0.1231902081,0.4143537251,65.4514018341,10.5704084835
2412,2412,2412.0,2412.0,2412.0,2412.0,2412.0,2412.0,2412.0,2412.0,2412.0,2412.0,2412.0,2412.0,2412.0,2412.0,2412.0,2412.0,2412.0,2412.0,2412.0,2412.0,2412.0,2412.0,2412.0,2412.0,2412.0,2412.0,2412.0,2412.0,2412.0,2412.0,2412.0,2412.0,2412.0,2412.0,2412.0,2412.0,2412.0,2412.0,2412.0,2.0,,0.2,0.1099734402,2.2814011854,20.0090166363766,0.5375439332,1.2164215161,65.037048109,10.5704084835
2413,2413,2413.0,2413.0,2413.0,2413.0,2413.0,2413.0,2413.0,2413.0,2413.0,2413.0,2413.0,2413.0,2413.0,2413.0,2413.0,2413.0,2413.0,2413.0,2413.0,2413.0,2413.0,2413.0,2413.0,2413.0,2413.0,2413.0,2413.0,2413.0,2413.0,2413.0,2413.0,2413.0,2413.0,2413.0,2413.0,2413.0,2413.0,2413.0,2413.0,3.0,,0.3,0.4238694307,3.9684068585,20.199769519320984,1.7539654493,2.5275246389,63.82062659289999,10.5704084835
2414,2414,2414.0,2414.0,2414.0,2414.0,2414.0,2414.0,2414.0,2414.0,2414.0,2414.0,2414.0,2414.0,2414.0,2414.0,2414.0,2414.0,2414.0,2414.0,2414.0,2414.0,2414.0,2414.0,2414.0,2414.0,2414.0,2414.0,2414.0,2414.0,2414.0,2414.0,2414.0,2414.0,2414.0,2414.0,2414.0,2414.0,2414.0,2414.0,2414.0,4.0,,0.4,0.8992278217,5.5130254195,19.994732630490205,4.2814900882,4.223418066700001,61.293101954,10.5704084835
2415,2415,2415.0,2415.0,2415.0,2415.0,2415.0,2415.0,2415.0,2415.0,2415.0,2415.0,2415.0,2415.0,2415.0,2415.0,2415.0,2415.0,2415.0,2415.0,2415.0,2415.0,2415.0,2415.0,2415.0,2415.0,2415.0,2415.0,2415.0,2415.0,2415.0,2415.0,2415.0,2415.0,2415.0,2415.0,2415.0,2415.0,2415.0,2415.0,2415.0,5.0,,0.5,1.5205839077,6.8911425965,20.142108804112787,8.5049081549,6.250121134999999,57.0696838873,10.5704084835
2416,2416,2416.0,2416.0,2416.0,2416.0,2416.0,2416.0,2416.0,2416.0,2416.0,2416.0,2416.0,2416.0,2416.0,2416.0,2416.0,2416.0,2416.0,2416.0,2416.0,2416.0,2416.0,2416.0,2416.0,2416.0,2416.0,2416.0,2416.0,2416.0,2416.0,2416.0,2416.0,2416.0,2416.0,2416.0,2416.0,2416.0,2416.0,2416.0,2416.0,6.0,,0.6,2.2737985452,8.1521388394,19.908988447863205,14.7550292899,8.549608602000001,50.8195627523,10.5704084835
2417,2417,2417.0,2417.0,2417.0,2417.0,2417.0,2417.0,2417.0,2417.0,2417.0,2417.0,2417.0,2417.0,2417.0,2417.0,2417.0,2417.0,2417.0,2417.0,2417.0,2417.0,2417.0,2417.0,2417.0,2417.0,2417.0,2417.0,2417.0,2417.0,2417.0,2417.0,2417.0,2417.0,2417.0,2417.0,2417.0,2417.0,2417.0,2417.0,2417.0,7.0,,0.7,3.1458847724,9.270951457,20.038672399315065,23.3046378919,11.121021757999998,42.2699541503,10.5704084835
2418,2418,2418.0,2418.0,2418.0,2418.0,2418.0,2418.0,2418.0,2418.0,2418.0,2418.0,2418.0,2418.0,2418.0,2418.0,2418.0,2418.0,2418.0,2418.0,2418.0,2418.0,2418.0,2418.0,2418.0,2418.0,2418.0,2418.0,2418.0,2418.0,2418.0,2418.0,2418.0,2418.0,2418.0,2418.0,2418.0,2418.0,2418.0,2418.0,2418.0,8.0,,0.8,4.1250669155,10.2956365538,20.181414061945524,34.4256596499,13.9961253449,31.1489323923,10.5704084835
2419,2419,2419.0,2419.0,2419.0,2419.0,2419.0,2419.0,2419.0,2419.0,2419.0,2419.0,2419.0,2419.0,2419.0,2419.0,2419.0,2419.0,2419.0,2419.0,2419.0,2419.0,2419.0,2419.0,2419.0,2419.0,2419.0,2419.0,2419.0,2419.0,2419.0,2419.0,2419.0,2419.0,2419.0,2419.0,2419.0,2419.0,2419.0,2419.0,2419.0,9.0,,0.9,5.2024499279,11.2363949476,20.000441094779468,48.4217849948,17.152807047399996,17.152807047399996,10.5704084835
2420,2420,2420.0,2420.0,2420.0,2420.0,2420.0,2420.0,2420.0,2420.0,2420.0,2420.0,2420.0,2420.0,2420.0,2420.0,2420.0,2420.0,2420.0,2420.0,2420.0,2420.0,2420.0,2420.0,2420.0,2420.0,2420.0,2420.0,2420.0,2420.0,2420.0,2420.0,2420.0,2420.0,2420.0,2420.0,2420.0,2420.0,2420.0,2420.0,2420.0,0.0,,0.0,0.0,-1.0,14.070278619949043,0.0,0.1235402983,65.6190376013,10.5762974984
2421,2421,2421.0,2421.0,2421.0,2421.0,2421.0,2421.0,2421.0,2421.0,2421.0,2421.0,2421.0,2421.0,2421.0,2421.0,2421.0,2421.0,2421.0,2421.0,2421.0,2421.0,2421.0,2421.0,2421.0,2421.0,2421.0,2421.0,2421.0,2421.0,2421.0,2421.0,2421.0,2421.0,2421.0,2421.0,2421.0,2421.0,2421.0,2421.0,2421.0,1.0,,0.1,-0.0270987628,0.4341266248,19.879163336314,0.1235402983,0.415350113,65.495497303,10.5762974984
2422,2422,2422.0,2422.0,2422.0,2422.0,2422.0,2422.0,2422.0,2422.0,2422.0,2422.0,2422.0,2422.0,2422.0,2422.0,2422.0,2422.0,2422.0,2422.0,2422.0,2422.0,2422.0,2422.0,2422.0,2422.0,2422.0,2422.0,2422.0,2422.0,2422.0,2422.0,2422.0,2422.0,2422.0,2422.0,2422.0,2422.0,2422.0,2422.0,2422.0,2.0,,0.2,0.1103776672,2.2845665284,20.073995567966485,0.5388904113,1.2217944663,65.08014718999999,10.5762974984
2423,2423,2423.0,2423.0,2423.0,2423.0,2423.0,2423.0,2423.0,2423.0,2423.0,2423.0,2423.0,2423.0,2423.0,2423.0,2423.0,2423.0,2423.0,2423.0,2423.0,2423.0,2423.0,2423.0,2423.0,2423.0,2423.0,2423.0,2423.0,2423.0,2423.0,2423.0,2423.0,2423.0,2423.0,2423.0,2423.0,2423.0,2423.0,2423.0,2423.0,3.0,,0.3,0.4248892101,3.9774545423,19.932154890935458,1.7606848776,2.5174917286,63.8583527237,10.5762974984
2424,2424,2424.0,2424.0,2424.0,2424.0,2424.0,2424.0,2424.0,2424.0,2424.0,2424.0,2424.0,2424.0,2424.0,2424.0,2424.0,2424.0,2424.0,2424.0,2424.0,2424.0,2424.0,2424.0,2424.0,2424.0,2424.0,2424.0,2424.0,2424.0,2424.0,2424.0,2424.0,2424.0,2424.0,2424.0,2424.0,2424.0,2424.0,2424.0,2424.0,4.0,,0.4,0.8998140396,5.4957452019,20.070630360249684,4.2781766062,4.2092431028,61.3408609951,10.5762974984
2425,2425,2425.0,2425.0,2425.0,2425.0,2425.0,2425.0,2425.0,2425.0,2425.0,2425.0,2425.0,2425.0,2425.0,2425.0,2425.0,2425.0,2425.0,2425.0,2425.0,2425.0,2425.0,2425.0,2425.0,2425.0,2425.0,2425.0,2425.0,2425.0,2425.0,2425.0,2425.0,2425.0,2425.0,2425.0,2425.0,2425.0,2425.0,2425.0,2425.0,5.0,,0.5,1.5198928344,6.8827294431,20.199356447046835,8.487419709,6.2431355544,57.13161789229999,10.5762974984
2426,2426,2426.0,2426.0,2426.0,2426.0,2426.0,2426.0,2426.0,2426.0,2426.0,2426.0,2426.0,2426.0,2426.0,2426.0,2426.0,2426.0,2426.0,2426.0,2426.0,2426.0,2426.0,2426.0,2426.0,2426.0,2426.0,2426.0,2426.0,2426.0,2426.0,2426.0,2426.0,2426.0,2426.0,2426.0,2426.0,2426.0,2426.0,2426.0,2426.0,6.0,,0.6,2.2725837837,8.1499741385,20.119071327187065,14.7305552634,8.567815930800002,50.8884823379,10.5762974984
2427,2427,2427.0,2427.0,2427.0,2427.0,2427.0,2427.0,2427.0,2427.0,2427.0,2427.0,2427.0,2427.0,2427.0,2427.0,2427.0,2427.0,2427.0,2427.0,2427.0,2427.0,2427.0,2427.0,2427.0,2427.0,2427.0,2427.0,2427.0,2427.0,2427.0,2427.0,2427.0,2427.0,2427.0,2427.0,2427.0,2427.0,2427.0,2427.0,2427.0,7.0,,0.7,3.1454802666,9.2889847883,20.05850638355837,23.2983711942,11.157333676,42.32066640709999,10.5762974984
2428,2428,2428.0,2428.0,2428.0,2428.0,2428.0,2428.0,2428.0,2428.0,2428.0,2428.0,2428.0,2428.0,2428.0,2428.0,2428.0,2428.0,2428.0,2428.0,2428.0,2428.0,2428.0,2428.0,2428.0,2428.0,2428.0,2428.0,2428.0,2428.0,2428.0,2428.0,2428.0,2428.0,2428.0,2428.0,2428.0,2428.0,2428.0,2428.0,2428.0,8.0,,0.8,4.1264744676,10.3138412257,19.9459743234182,34.4557048702,14.005603110399996,31.16333273109999,10.5762974984
2429,2429,2429.0,2429.0,2429.0,2429.0,2429.0,2429.0,2429.0,2429.0,2429.0,2429.0,2429.0,2429.0,2429.0,2429.0,2429.0,2429.0,2429.0,2429.0,2429.0,2429.0,2429.0,2429.0,2429.0,2429.0,2429.0,2429.0,2429.0,2429.0,2429.0,2429.0,2429.0,2429.0,2429.0,2429.0,2429.0,2429.0,2429.0,2429.0,2429.0,9.0,,0.9,5.2044510268,11.2304620989,20.11873559642868,48.4613079806,17.157729620699996,17.157729620699996,10.5762974984
2430,2430,2430.0,2430.0,2430.0,2430.0,2430.0,2430.0,2430.0,2430.0,2430.0,2430.0,2430.0,2430.0,2430.0,2430.0,2430.0,2430.0,2430.0,2430.0,2430.0,2430.0,2430.0,2430.0,2430.0,2430.0,2430.0,2430.0,2430.0,2430.0,2430.0,2430.0,2430.0,2430.0,2430.0,2430.0,2430.0,2430.0,2430.0,2430.0,2430.0,0.0,,0.0,0.0,-1.0,14.089732500991795,0.0,0.1238073683,65.55566070530001,10.5563704131
2431,2431,2431.0,2431.0,2431.0,2431.0,2431.0,2431.0,2431.0,2431.0,2431.0,2431.0,2431.0,2431.0,2431.0,2431.0,2431.0,2431.0,2431.0,2431.0,2431.0,2431.0,2431.0,2431.0,2431.0,2431.0,2431.0,2431.0,2431.0,2431.0,2431.0,2431.0,2431.0,2431.0,2431.0,2431.0,2431.0,2431.0,2431.0,2431.0,2431.0,1.0,,0.1,-0.0270046562,0.4359779063,20.10196267443415,0.1238073683,0.423925412,65.431853337,10.5563704131
2432,2432,2432.0,2432.0,2432.0,2432.0,2432.0,2432.0,2432.0,2432.0,2432.0,2432.0,2432.0,2432.0,2432.0,2432.0,2432.0,2432.0,2432.0,2432.0,2432.0,2432.0,2432.0,2432.0,2432.0,2432.0,2432.0,2432.0,2432.0,2432.0,2432.0,2432.0,2432.0,2432.0,2432.0,2432.0,2432.0,2432.0,2432.0,2432.0,2432.0,2.0,,0.2,0.1117257201,2.3074437974,19.92749196740308,0.5477327803,1.2277900542,65.007927925,10.5563704131
2433,2433,2433.0,2433.0,2433.0,2433.0,2433.0,2433.0,2433.0,2433.0,2433.0,2433.0,2433.0,2433.0,2433.0,2433.0,2433.0,2433.0,2433.0,2433.0,2433.0,2433.0,2433.0,2433.0,2433.0,2433.0,2433.0,2433.0,2433.0,2433.0,2433.0,2433.0,2433.0,2433.0,2433.0,2433.0,2433.0,2433.0,2433.0,2433.0,2433.0,3.0,,0.3,0.427705624,3.9842130903,19.80341821338467,1.7755228345,2.5151852591,63.7801378708,10.5563704131
2434,2434,2434.0,2434.0,2434.0,2434.0,2434.0,2434.0,2434.0,2434.0,2434.0,2434.0,2434.0,2434.0,2434.0,2434.0,2434.0,2434.0,2434.0,2434.0,2434.0,2434.0,2434.0,2434.0,2434.0,2434.0,2434.0,2434.0,2434.0,2434.0,2434.0,2434.0,2434.0,2434.0,2434.0,2434.0,2434.0,2434.0,2434.0,2434.0,2434.0,4.0,,0.4,0.9026508585,5.4896096771,20.03557003374405,4.2907080936,4.199725937099999,61.2649526117,10.5563704131
2435,2435,2435.0,2435.0,2435.0,2435.0,2435.0,2435.0,2435.0,2435.0,2435.0,2435.0,2435.0,2435.0,2435.0,2435.0,2435.0,2435.0,2435.0,2435.0,2435.0,2435.0,2435.0,2435.0,2435.0,2435.0,2435.0,2435.0,2435.0,2435.0,2435.0,2435.0,2435.0,2435.0,2435.0,2435.0,2435.0,2435.0,2435.0,2435.0,2435.0,5.0,,0.5,1.5219761728,6.8738413662,20.175513519523868,8.4904340307,6.228768994100001,57.065226674600005,10.5563704131
2436,2436,2436.0,2436.0,2436.0,2436.0,2436.0,2436.0,2436.0,2436.0,2436.0,2436.0,2436.0,2436.0,2436.0,2436.0,2436.0,2436.0,2436.0,2436.0,2436.0,2436.0,2436.0,2436.0,2436.0,2436.0,2436.0,2436.0,2436.0,2436.0,2436.0,2436.0,2436.0,2436.0,2436.0,2436.0,2436.0,2436.0,2436.0,2436.0,2436.0,6.0,,0.6,2.2737056493,8.1396632416,20.060254733949296,14.7192030248,8.5447322535,50.8364576805,10.5563704131
2437,2437,2437.0,2437.0,2437.0,2437.0,2437.0,2437.0,2437.0,2437.0,2437.0,2437.0,2437.0,2437.0,2437.0,2437.0,2437.0,2437.0,2437.0,2437.0,2437.0,2437.0,2437.0,2437.0,2437.0,2437.0,2437.0,2437.0,2437.0,2437.0,2437.0,2437.0,2437.0,2437.0,2437.0,2437.0,2437.0,2437.0,2437.0,2437.0,2437.0,7.0,,0.7,3.1453363984,9.2740579659,20.17411080762549,23.2639352783,11.1424770257,42.291725427,10.5563704131
2438,2438,2438.0,2438.0,2438.0,2438.0,2438.0,2438.0,2438.0,2438.0,2438.0,2438.0,2438.0,2438.0,2438.0,2438.0,2438.0,2438.0,2438.0,2438.0,2438.0,2438.0,2438.0,2438.0,2438.0,2438.0,2438.0,2438.0,2438.0,2438.0,2438.0,2438.0,2438.0,2438.0,2438.0,2438.0,2438.0,2438.0,2438.0,2438.0,2438.0,8.0,,0.8,4.1254693371,10.311336108,20.053148524087547,34.406412304,14.0130641672,31.1492484013,10.5563704131
2439,2439,2439.0,2439.0,2439.0,2439.0,2439.0,2439.0,2439.0,2439.0,2439.0,2439.0,2439.0,2439.0,2439.0,2439.0,2439.0,2439.0,2439.0,2439.0,2439.0,2439.0,2439.0,2439.0,2439.0,2439.0,2439.0,2439.0,2439.0,2439.0,2439.0,2439.0,2439.0,2439.0,2439.0,2439.0,2439.0,2439.0,2439.0,2439.0,2439.0,9.0,,0.9,5.2037259397,11.2383943579,19.833914118071323,48.4194764712,17.1361842341,17.1361842341,10.5563704131
2440,2440,2440.0,2440.0,2440.0,2440.0,2440.0,2440.0,2440.0,2440.0,2440.0,2440.0,2440.0,2440.0,2440.0,2440.0,2440.0,2440.0,2440.0,2440.0,2440.0,2440.0,2440.0,2440.0,2440.0,2440.0,2440.0,2440.0,2440.0,2440.0,2440.0,2440.0,2440.0,2440.0,2440.0,2440.0,2440.0,2440.0,2440.0,2440.0,2440.0,0.0,,0.0,0.0,-1.0,14.091357088139128,0.0,0.123829699,65.96325086950002,10.6004442312
2441,2441,2441.0,2441.0,2441.0,2441.0,2441.0,2441.0,2441.0,2441.0,2441.0,2441.0,2441.0,2441.0,2441.0,2441.0,2441.0,2441.0,2441.0,2441.0,2441.0,2441.0,2441.0,2441.0,2441.0,2441.0,2441.0,2441.0,2441.0,2441.0,2441.0,2441.0,2441.0,2441.0,2441.0,2441.0,2441.0,2441.0,2441.0,2441.0,2441.0,1.0,,0.1,-0.0269967974,0.4361325062,20.123646349469475,0.123829699,0.4247580187,65.83942117050002,10.6004442312
2442,2442,2442.0,2442.0,2442.0,2442.0,2442.0,2442.0,2442.0,2442.0,2442.0,2442.0,2442.0,2442.0,2442.0,2442.0,2442.0,2442.0,2442.0,2442.0,2442.0,2442.0,2442.0,2442.0,2442.0,2442.0,2442.0,2442.0,2442.0,2442.0,2442.0,2442.0,2442.0,2442.0,2442.0,2442.0,2442.0,2442.0,2442.0,2442.0,2442.0,2.0,,0.2,0.111853184,2.3096471597,20.021706360066805,0.5485877177,1.234150342,65.41466315180001,10.6004442312
2443,2443,2443.0,2443.0,2443.0,2443.0,2443.0,2443.0,2443.0,2443.0,2443.0,2443.0,2443.0,2443.0,2443.0,2443.0,2443.0,2443.0,2443.0,2443.0,2443.0,2443.0,2443.0,2443.0,2443.0,2443.0,2443.0,2443.0,2443.0,2443.0,2443.0,2443.0,2443.0,2443.0,2443.0,2443.0,2443.0,2443.0,2443.0,2443.0,2443.0,3.0,,0.3,0.4284985199,3.9951724599,20.165848351474512,1.7827380597,2.5501877264,64.1805128098,10.6004442312
2444,2444,2444.0,2444.0,2444.0,2444.0,2444.0,2444.0,2444.0,2444.0,2444.0,2444.0,2444.0,2444.0,2444.0,2444.0,2444.0,2444.0,2444.0,2444.0,2444.0,2444.0,2444.0,2444.0,2444.0,2444.0,2444.0,2444.0,2444.0,2444.0,2444.0,2444.0,2444.0,2444.0,2444.0,2444.0,2444.0,2444.0,2444.0,2444.0,2444.0,4.0,,0.4,0.9062399015,5.5340159134,19.973458704368426,4.3329257861,4.2484061297,61.6303250834,10.6004442312
2445,2445,2445.0,2445.0,2445.0,2445.0,2445.0,2445.0,2445.0,2445.0,2445.0,2445.0,2445.0,2445.0,2445.0,2445.0,2445.0,2445.0,2445.0,2445.0,2445.0,2445.0,2445.0,2445.0,2445.0,2445.0,2445.0,2445.0,2445.0,2445.0,2445.0,2445.0,2445.0,2445.0,2445.0,2445.0,2445.0,2445.0,2445.0,2445.0,2445.0,5.0,,0.5,1.529491103,6.9081105824,20.05228690231691,8.5813319158,6.269536030099999,57.3819189537,10.6004442312
2446,2446,2446.0,2446.0,2446.0,2446.0,2446.0,2446.0,2446.0,2446.0,2446.0,2446.0,2446.0,2446.0,2446.0,2446.0,2446.0,2446.0,2446.0,2446.0,2446.0,2446.0,2446.0,2446.0,2446.0,2446.0,2446.0,2446.0,2446.0,2446.0,2446.0,2446.0,2446.0,2446.0,2446.0,2446.0,2446.0,2446.0,2446.0,2446.0,2446.0,6.0,,0.6,2.2838859532,8.1589444223,20.18862642912476,14.8508679459,8.596547600800001,51.1123829236,10.6004442312
2447,2447,2447.0,2447.0,2447.0,2447.0,2447.0,2447.0,2447.0,2447.0,2447.0,2447.0,2447.0,2447.0,2447.0,2447.0,2447.0,2447.0,2447.0,2447.0,2447.0,2447.0,2447.0,2447.0,2447.0,2447.0,2447.0,2447.0,2447.0,2447.0,2447.0,2447.0,2447.0,2447.0,2447.0,2447.0,2447.0,2447.0,2447.0,2447.0,2447.0,7.0,,0.7,3.1579725267,9.3037204918,20.12897438140036,23.4474155467,11.202781811100005,42.5158353228,10.6004442312
2448,2448,2448.0,2448.0,2448.0,2448.0,2448.0,2448.0,2448.0,2448.0,2448.0,2448.0,2448.0,2448.0,2448.0,2448.0,2448.0,2448.0,2448.0,2448.0,2448.0,2448.0,2448.0,2448.0,2448.0,2448.0,2448.0,2448.0,2448.0,2448.0,2448.0,2448.0,2448.0,2448.0,2448.0,2448.0,2448.0,2448.0,2448.0,2448.0,2448.0,8.0,,0.8,4.1407098824,10.3338805743,20.04873523361988,34.6501973578,14.074055719899995,31.3130535117,10.6004442312
2449,2449,2449.0,2449.0,2449.0,2449.0,2449.0,2449.0,2449.0,2449.0,2449.0,2449.0,2449.0,2449.0,2449.0,2449.0,2449.0,2449.0,2449.0,2449.0,2449.0,2449.0,2449.0,2449.0,2449.0,2449.0,2449.0,2449.0,2449.0,2449.0,2449.0,2449.0,2449.0,2449.0,2449.0,2449.0,2449.0,2449.0,2449.0,2449.0,2449.0,9.0,,0.9,5.2210905038,11.2583734762,20.10708695387936,48.7242530777,17.238997791800003,17.238997791800003,10.6004442312
2450,2450,2450.0,2450.0,2450.0,2450.0,2450.0,2450.0,2450.0,2450.0,2450.0,2450.0,2450.0,2450.0,2450.0,2450.0,2450.0,2450.0,2450.0,2450.0,2450.0,2450.0,2450.0,2450.0,2450.0,2450.0,2450.0,2450.0,2450.0,2450.0,2450.0,2450.0,2450.0,2450.0,2450.0,2450.0,2450.0,2450.0,2450.0,2450.0,2450.0,0.0,,0.0,0.0,-1.0,13.968902840098009,0.0,0.1221584955,65.23550433489999,10.5147318122
2451,2451,2451.0,2451.0,2451.0,2451.0,2451.0,2451.0,2451.0,2451.0,2451.0,2451.0,2451.0,2451.0,2451.0,2451.0,2451.0,2451.0,2451.0,2451.0,2451.0,2451.0,2451.0,2451.0,2451.0,2451.0,2451.0,2451.0,2451.0,2451.0,2451.0,2451.0,2451.0,2451.0,2451.0,2451.0,2451.0,2451.0,2451.0,2451.0,2451.0,1.0,,0.1,-0.0275891598,0.4244794438,20.01338656848949,0.1221584955,0.4177084757,65.11334583939998,10.5147318122
2452,2452,2452.0,2452.0,2452.0,2452.0,2452.0,2452.0,2452.0,2452.0,2452.0,2452.0,2452.0,2452.0,2452.0,2452.0,2452.0,2452.0,2452.0,2452.0,2452.0,2452.0,2452.0,2452.0,2452.0,2452.0,2452.0,2452.0,2452.0,2452.0,2452.0,2452.0,2452.0,2452.0,2452.0,2452.0,2452.0,2452.0,2452.0,2452.0,2452.0,2.0,,0.2,0.1096185137,2.2886104272,20.003502810375693,0.5398669712,1.2204237348999998,64.69563736369999,10.5147318122
2453,2453,2453.0,2453.0,2453.0,2453.0,2453.0,2453.0,2453.0,2453.0,2453.0,2453.0,2453.0,2453.0,2453.0,2453.0,2453.0,2453.0,2453.0,2453.0,2453.0,2453.0,2453.0,2453.0,2453.0,2453.0,2453.0,2453.0,2453.0,2453.0,2453.0,2453.0,2453.0,2453.0,2453.0,2453.0,2453.0,2453.0,2453.0,2453.0,2453.0,3.0,,0.3,0.4241738816,3.9744053403,20.157846263799723,1.7602907061,2.5301329526,63.47521362879999,10.5147318122
2454,2454,2454.0,2454.0,2454.0,2454.0,2454.0,2454.0,2454.0,2454.0,2454.0,2454.0,2454.0,2454.0,2454.0,2454.0,2454.0,2454.0,2454.0,2454.0,2454.0,2454.0,2454.0,2454.0,2454.0,2454.0,2454.0,2454.0,2454.0,2454.0,2454.0,2454.0,2454.0,2454.0,2454.0,2454.0,2454.0,2454.0,2454.0,2454.0,2454.0,4.0,,0.4,0.8999003034,5.5144635449,19.95105700484505,4.2904236587,4.221665911500001,60.94508067619999,10.5147318122
2455,2455,2455.0,2455.0,2455.0,2455.0,2455.0,2455.0,2455.0,2455.0,2455.0,2455.0,2455.0,2455.0,2455.0,2455.0,2455.0,2455.0,2455.0,2455.0,2455.0,2455.0,2455.0,2455.0,2455.0,2455.0,2455.0,2455.0,2455.0,2455.0,2455.0,2455.0,2455.0,2455.0,2455.0,2455.0,2455.0,2455.0,2455.0,2455.0,2455.0,5.0,,0.5,1.5211824837,6.8882870651,19.97367533951528,8.5120895702,6.230114598,56.7234147647,10.5147318122
2456,2456,2456.0,2456.0,2456.0,2456.0,2456.0,2456.0,2456.0,2456.0,2456.0,2456.0,2456.0,2456.0,2456.0,2456.0,2456.0,2456.0,2456.0,2456.0,2456.0,2456.0,2456.0,2456.0,2456.0,2456.0,2456.0,2456.0,2456.0,2456.0,2456.0,2456.0,2456.0,2456.0,2456.0,2456.0,2456.0,2456.0,2456.0,2456.0,2456.0,6.0,,0.6,2.2733106012,8.1335264816,19.813602329153504,14.7422041682,8.507821647099998,50.4933001667,10.5147318122
2457,2457,2457.0,2457.0,2457.0,2457.0,2457.0,2457.0,2457.0,2457.0,2457.0,2457.0,2457.0,2457.0,2457.0,2457.0,2457.0,2457.0,2457.0,2457.0,2457.0,2457.0,2457.0,2457.0,2457.0,2457.0,2457.0,2457.0,2457.0,2457.0,2457.0,2457.0,2457.0,2457.0,2457.0,2457.0,2457.0,2457.0,2457.0,2457.0,2457.0,7.0,,0.7,3.1431642026,9.245033113,19.96988056965585,23.2500258153,11.061827303999998,41.9854785196,10.5147318122
2458,2458,2458.0,2458.0,2458.0,2458.0,2458.0,2458.0,2458.0,2458.0,2458.0,2458.0,2458.0,2458.0,2458.0,2458.0,2458.0,2458.0,2458.0,2458.0,2458.0,2458.0,2458.0,2458.0,2458.0,2458.0,2458.0,2458.0,2458.0,2458.0,2458.0,2458.0,2458.0,2458.0,2458.0,2458.0,2458.0,2458.0,2458.0,2458.0,2458.0,8.0,,0.8,4.1195471058,10.2656382668,19.99704210176725,34.3118531193,13.904769759500006,30.923651215600003,10.5147318122
2459,2459,2459.0,2459.0,2459.0,2459.0,2459.0,2459.0,2459.0,2459.0,2459.0,2459.0,2459.0,2459.0,2459.0,2459.0,2459.0,2459.0,2459.0,2459.0,2459.0,2459.0,2459.0,2459.0,2459.0,2459.0,2459.0,2459.0,2459.0,2459.0,2459.0,2459.0,2459.0,2459.0,2459.0,2459.0,2459.0,2459.0,2459.0,2459.0,2459.0,9.0,,0.9,5.1931835228,11.19170606,19.840289129699,48.2166228788,17.018881456099997,17.018881456099997,10.5147318122
2460,2460,2460.0,2460.0,2460.0,2460.0,2460.0,2460.0,2460.0,2460.0,2460.0,2460.0,2460.0,2460.0,2460.0,2460.0,2460.0,2460.0,2460.0,2460.0,2460.0,2460.0,2460.0,2460.0,2460.0,2460.0,2460.0,2460.0,2460.0,2460.0,2460.0,2460.0,2460.0,2460.0,2460.0,2460.0,2460.0,2460.0,2460.0,2460.0,0.0,,,0.0,0.0,-1.0,10.773083903458224,0.0,0.0871320459,16.1868445325,5.0724190303
2461,2461,2461.0,2461.0,2461.0,2461.0,2461.0,2461.0,2461.0,2461.0,2461.0,2461.0,2461.0,2461.0,2461.0,2461.0,2461.0,2461.0,2461.0,2461.0,2461.0,2461.0,2461.0,2461.0,2461.0,2461.0,2461.0,2461.0,2461.0,2461.0,2461.0,2461.0,2461.0,2461.0,2461.0,2461.0,2461.0,2461.0,2461.0,2461.0,1.0,,,0.1,-0.0430486712,0.1203570616,9.910869479618633,0.0871320459,0.0917002511,16.0997124866,5.0724190303
2462,2462,2462.0,2462.0,2462.0,2462.0,2462.0,2462.0,2462.0,2462.0,2462.0,2462.0,2462.0,2462.0,2462.0,2462.0,2462.0,2462.0,2462.0,2462.0,2462.0,2462.0,2462.0,2462.0,2462.0,2462.0,2462.0,2462.0,2462.0,2462.0,2462.0,2462.0,2462.0,2462.0,2462.0,2462.0,2462.0,2462.0,2462.0,2462.0,2.0,,,0.2,0.0163478321,1.0520475062,9.516436975433702,0.178832297,0.2651502305,16.0080122355,5.0724190303
2463,2463,2463.0,2463.0,2463.0,2463.0,2463.0,2463.0,2463.0,2463.0,2463.0,2463.0,2463.0,2463.0,2463.0,2463.0,2463.0,2463.0,2463.0,2463.0,2463.0,2463.0,2463.0,2463.0,2463.0,2463.0,2463.0,2463.0,2463.0,2463.0,2463.0,2463.0,2463.0,2463.0,2463.0,2463.0,2463.0,2463.0,2463.0,2463.0,3.0,,,0.3,0.1624983654,1.8575406705,9.22873693614194,0.4439825275,0.5444731519,15.742862005,5.0724190303
2464,2464,2464.0,2464.0,2464.0,2464.0,2464.0,2464.0,2464.0,2464.0,2464.0,2464.0,2464.0,2464.0,2464.0,2464.0,2464.0,2464.0,2464.0,2464.0,2464.0,2464.0,2464.0,2464.0,2464.0,2464.0,2464.0,2464.0,2464.0,2464.0,2464.0,2464.0,2464.0,2464.0,2464.0,2464.0,2464.0,2464.0,2464.0,2464.0,4.0,,,0.4,0.3839099744,2.5590027551,9.327447578211808,0.9884556794,0.9081371882,15.1983888531,5.0724190303
2465,2465,2465.0,2465.0,2465.0,2465.0,2465.0,2465.0,2465.0,2465.0,2465.0,2465.0,2465.0,2465.0,2465.0,2465.0,2465.0,2465.0,2465.0,2465.0,2465.0,2465.0,2465.0,2465.0,2465.0,2465.0,2465.0,2465.0,2465.0,2465.0,2465.0,2465.0,2465.0,2465.0,2465.0,2465.0,2465.0,2465.0,2465.0,2465.0,5.0,,,0.5,0.6725517875,3.2031056997,10.052081930082378,1.8965928676,1.3755280356,14.2902516649,5.0724190303
2466,2466,2466.0,2466.0,2466.0,2466.0,2466.0,2466.0,2466.0,2466.0,2466.0,2466.0,2466.0,2466.0,2466.0,2466.0,2466.0,2466.0,2466.0,2466.0,2466.0,2466.0,2466.0,2466.0,2466.0,2466.0,2466.0,2466.0,2466.0,2466.0,2466.0,2466.0,2466.0,2466.0,2466.0,2466.0,2466.0,2466.0,2466.0,2466.0,6.0,,,0.6,1.0259933256,3.8548723546,10.583093357256962,3.2721209032,1.9596223535,12.9147236293,5.0724190303
2467,2467,2467.0,2467.0,2467.0,2467.0,2467.0,2467.0,2467.0,2467.0,2467.0,2467.0,2467.0,2467.0,2467.0,2467.0,2467.0,2467.0,2467.0,2467.0,2467.0,2467.0,2467.0,2467.0,2467.0,2467.0,2467.0,2467.0,2467.0,2467.0,2467.0,2467.0,2467.0,2467.0,2467.0,2467.0,2467.0,2467.0,2467.0,2467.0,7.0,,,0.7,1.444027055,4.495147961,11.840045485472926,5.2317432567,2.7113228971000005,10.9551012758,5.0724190303
2468,2468,2468.0,2468.0,2468.0,2468.0,2468.0,2468.0,2468.0,2468.0,2468.0,2468.0,2468.0,2468.0,2468.0,2468.0,2468.0,2468.0,2468.0,2468.0,2468.0,2468.0,2468.0,2468.0,2468.0,2468.0,2468.0,2468.0,2468.0,2468.0,2468.0,2468.0,2468.0,2468.0,2468.0,2468.0,2468.0,2468.0,2468.0,2468.0,8.0,,,0.8,1.9290705768,5.1941089878,12.111829904509635,7.9430661538,3.6202548115000006,8.2437783787,5.0724190303
2469,2469,2469.0,2469.0,2469.0,2469.0,2469.0,2469.0,2469.0,2469.0,2469.0,2469.0,2469.0,2469.0,2469.0,2469.0,2469.0,2469.0,2469.0,2469.0,2469.0,2469.0,2469.0,2469.0,2469.0,2469.0,2469.0,2469.0,2469.0,2469.0,2469.0,2469.0,2469.0,2469.0,2469.0,2469.0,2469.0,2469.0,2469.0,2469.0,9.0,,,0.9,2.4819435247,5.8524190303,11.83745399429021,11.5633209653,4.6235235672,4.6235235672,5.0724190303
2470,2470,2470.0,2470.0,2470.0,2470.0,2470.0,2470.0,2470.0,2470.0,2470.0,2470.0,2470.0,2470.0,2470.0,2470.0,2470.0,2470.0,2470.0,2470.0,2470.0,2470.0,2470.0,2470.0,2470.0,2470.0,2470.0,2470.0,2470.0,2470.0,2470.0,2470.0,2470.0,2470.0,2470.0,2470.0,2470.0,2470.0,2470.0,2470.0,0.0,,,0.0,0.0,-1.0,10.666589664493532,0.0,0.0862497014,16.3420543698,5.0731712167
2471,2471,2471.0,2471.0,2471.0,2471.0,2471.0,2471.0,2471.0,2471.0,2471.0,2471.0,2471.0,2471.0,2471.0,2471.0,2471.0,2471.0,2471.0,2471.0,2471.0,2471.0,2471.0,2471.0,2471.0,2471.0,2471.0,2471.0,2471.0,2471.0,2471.0,2471.0,2471.0,2471.0,2471.0,2471.0,2471.0,2471.0,2471.0,2471.0,1.0,,,0.1,-0.0435638284,0.1102227948,9.910976990277012,0.0862497014,0.0905840684999999,16.2558046684,5.0731712167
2472,2472,2472.0,2472.0,2472.0,2472.0,2472.0,2472.0,2472.0,2472.0,2472.0,2472.0,2472.0,2472.0,2472.0,2472.0,2472.0,2472.0,2472.0,2472.0,2472.0,2472.0,2472.0,2472.0,2472.0,2472.0,2472.0,2472.0,2472.0,2472.0,2472.0,2472.0,2472.0,2472.0,2472.0,2472.0,2472.0,2472.0,2472.0,2472.0,2.0,,,0.2,0.0148687943,1.0428878712,9.7374939268086,0.1768337699,0.2681296158,16.1652205999,5.0731712167
2473,2473,2473.0,2473.0,2473.0,2473.0,2473.0,2473.0,2473.0,2473.0,2473.0,2473.0,2473.0,2473.0,2473.0,2473.0,2473.0,2473.0,2473.0,2473.0,2473.0,2473.0,2473.0,2473.0,2473.0,2473.0,2473.0,2473.0,2473.0,2473.0,2473.0,2473.0,2473.0,2473.0,2473.0,2473.0,2473.0,2473.0,2473.0,2473.0,3.0,,,0.3,0.1612170181,1.8702890401,9.269818024790354,0.4449633857,0.5511301835,15.8970909841,5.0731712167
2474,2474,2474.0,2474.0,2474.0,2474.0,2474.0,2474.0,2474.0,2474.0,2474.0,2474.0,2474.0,2474.0,2474.0,2474.0,2474.0,2474.0,2474.0,2474.0,2474.0,2474.0,2474.0,2474.0,2474.0,2474.0,2474.0,2474.0,2474.0,2474.0,2474.0,2474.0,2474.0,2474.0,2474.0,2474.0,2474.0,2474.0,2474.0,2474.0,4.0,,,0.4,0.3840405269,2.5744473337,9.516168071163666,0.9960935692,0.9240417258,15.3459608006,5.0731712167
2475,2475,2475.0,2475.0,2475.0,2475.0,2475.0,2475.0,2475.0,2475.0,2475.0,2475.0,2475.0,2475.0,2475.0,2475.0,2475.0,2475.0,2475.0,2475.0,2475.0,2475.0,2475.0,2475.0,2475.0,2475.0,2475.0,2475.0,2475.0,2475.0,2475.0,2475.0,2475.0,2475.0,2475.0,2475.0,2475.0,2475.0,2475.0,2475.0,5.0,,,0.5,0.6750650042,3.2350396636,9.999834859471967,1.920135295,1.3953808112,14.4219190748,5.0731712167
2476,2476,2476.0,2476.0,2476.0,2476.0,2476.0,2476.0,2476.0,2476.0,2476.0,2476.0,2476.0,2476.0,2476.0,2476.0,2476.0,2476.0,2476.0,2476.0,2476.0,2476.0,2476.0,2476.0,2476.0,2476.0,2476.0,2476.0,2476.0,2476.0,2476.0,2476.0,2476.0,2476.0,2476.0,2476.0,2476.0,2476.0,2476.0,2476.0,6.0,,,0.6,1.0312925634,3.8787955903,10.796853091751396,3.3155161062,1.9915976409,13.0265382636,5.0731712167
2477,2477,2477.0,2477.0,2477.0,2477.0,2477.0,2477.0,2477.0,2477.0,2477.0,2477.0,2477.0,2477.0,2477.0,2477.0,2477.0,2477.0,2477.0,2477.0,2477.0,2477.0,2477.0,2477.0,2477.0,2477.0,2477.0,2477.0,2477.0,2477.0,2477.0,2477.0,2477.0,2477.0,2477.0,2477.0,2477.0,2477.0,2477.0,2477.0,7.0,,,0.7,1.4526366075,4.5371368554,11.777534726868822,5.3071137471,2.7500184232,11.0349406227,5.0731712167
2478,2478,2478.0,2478.0,2478.0,2478.0,2478.0,2478.0,2478.0,2478.0,2478.0,2478.0,2478.0,2478.0,2478.0,2478.0,2478.0,2478.0,2478.0,2478.0,2478.0,2478.0,2478.0,2478.0,2478.0,2478.0,2478.0,2478.0,2478.0,2478.0,2478.0,2478.0,2478.0,2478.0,2478.0,2478.0,2478.0,2478.0,2478.0,2478.0,8.0,,,0.8,1.9413735362,5.2261533993,11.815051053545298,8.0571321703,3.6401495906,8.2849221995,5.0731712167
2479,2479,2479.0,2479.0,2479.0,2479.0,2479.0,2479.0,2479.0,2479.0,2479.0,2479.0,2479.0,2479.0,2479.0,2479.0,2479.0,2479.0,2479.0,2479.0,2479.0,2479.0,2479.0,2479.0,2479.0,2479.0,2479.0,2479.0,2479.0,2479.0,2479.0,2479.0,2479.0,2479.0,2479.0,2479.0,2479.0,2479.0,2479.0,2479.0,9.0,,,0.9,2.4958608243,5.8531712167,12.00912302371648,11.6972817609,4.6447726089,4.6447726089,5.0731712167
2480,2480,2480.0,2480.0,2480.0,2480.0,2480.0,2480.0,2480.0,2480.0,2480.0,2480.0,2480.0,2480.0,2480.0,2480.0,2480.0,2480.0,2480.0,2480.0,2480.0,2480.0,2480.0,2480.0,2480.0,2480.0,2480.0,2480.0,2480.0,2480.0,2480.0,2480.0,2480.0,2480.0,2480.0,2480.0,2480.0,2480.0,2480.0,2480.0,0.0,,,0.0,0.0,-1.0,10.58349488742625,0.0,0.0855739897,16.127929368699995,5.0328721195
2481,2481,2481.0,2481.0,2481.0,2481.0,2481.0,2481.0,2481.0,2481.0,2481.0,2481.0,2481.0,2481.0,2481.0,2481.0,2481.0,2481.0,2481.0,2481.0,2481.0,2481.0,2481.0,2481.0,2481.0,2481.0,2481.0,2481.0,2481.0,2481.0,2481.0,2481.0,2481.0,2481.0,2481.0,2481.0,2481.0,2481.0,2481.0,2481.0,1.0,,,0.1,-0.0439657926,0.1023152813,9.924552353850297,0.0855739897,0.0899552810999999,16.042355378999996,5.0328721195
2482,2482,2482.0,2482.0,2482.0,2482.0,2482.0,2482.0,2482.0,2482.0,2482.0,2482.0,2482.0,2482.0,2482.0,2482.0,2482.0,2482.0,2482.0,2482.0,2482.0,2482.0,2482.0,2482.0,2482.0,2482.0,2482.0,2482.0,2482.0,2482.0,2482.0,2482.0,2482.0,2482.0,2482.0,2482.0,2482.0,2482.0,2482.0,2482.0,2.0,,,0.2,0.0137800008,1.0370247233,9.706166933750191,0.1755292708,0.2656954339,15.952400097899996,5.0328721195
2483,2483,2483.0,2483.0,2483.0,2483.0,2483.0,2483.0,2483.0,2483.0,2483.0,2483.0,2483.0,2483.0,2483.0,2483.0,2483.0,2483.0,2483.0,2483.0,2483.0,2483.0,2483.0,2483.0,2483.0,2483.0,2483.0,2483.0,2483.0,2483.0,2483.0,2483.0,2483.0,2483.0,2483.0,2483.0,2483.0,2483.0,2483.0,2483.0,3.0,,,0.3,0.1594187329,1.8620026846,9.18664439349292,0.4412247047,0.5448579997,15.686704663999995,5.0328721195
2484,2484,2484.0,2484.0,2484.0,2484.0,2484.0,2484.0,2484.0,2484.0,2484.0,2484.0,2484.0,2484.0,2484.0,2484.0,2484.0,2484.0,2484.0,2484.0,2484.0,2484.0,2484.0,2484.0,2484.0,2484.0,2484.0,2484.0,2484.0,2484.0,2484.0,2484.0,2484.0,2484.0,2484.0,2484.0,2484.0,2484.0,2484.0,2484.0,4.0,,,0.4,0.3810513454,2.5590345114,9.505831214844266,0.9860827044,0.914744503,15.141846664299996,5.0328721195
2485,2485,2485.0,2485.0,2485.0,2485.0,2485.0,2485.0,2485.0,2485.0,2485.0,2485.0,2485.0,2485.0,2485.0,2485.0,2485.0,2485.0,2485.0,2485.0,2485.0,2485.0,2485.0,2485.0,2485.0,2485.0,2485.0,2485.0,2485.0,2485.0,2485.0,2485.0,2485.0,2485.0,2485.0,2485.0,2485.0,2485.0,2485.0,2485.0,5.0,,,0.5,0.6705590948,3.2201098835,9.955173659224556,1.9008272074,1.3823644254999998,14.227102161299998,5.0328721195
2486,2486,2486.0,2486.0,2486.0,2486.0,2486.0,2486.0,2486.0,2486.0,2486.0,2486.0,2486.0,2486.0,2486.0,2486.0,2486.0,2486.0,2486.0,2486.0,2486.0,2486.0,2486.0,2486.0,2486.0,2486.0,2486.0,2486.0,2486.0,2486.0,2486.0,2486.0,2486.0,2486.0,2486.0,2486.0,2486.0,2486.0,2486.0,2486.0,6.0,,,0.6,1.025149857,3.8610364873,10.60370487369843,3.2831916329,1.965477018,12.844737735799995,5.0328721195
2487,2487,2487.0,2487.0,2487.0,2487.0,2487.0,2487.0,2487.0,2487.0,2487.0,2487.0,2487.0,2487.0,2487.0,2487.0,2487.0,2487.0,2487.0,2487.0,2487.0,2487.0,2487.0,2487.0,2487.0,2487.0,2487.0,2487.0,2487.0,2487.0,2487.0,2487.0,2487.0,2487.0,2487.0,2487.0,2487.0,2487.0,2487.0,2487.0,7.0,,,0.7,1.4438698876,4.502686944,11.575566560903884,5.2486686509,2.7024014131,10.879260717799998,5.0328721195
2488,2488,2488.0,2488.0,2488.0,2488.0,2488.0,2488.0,2488.0,2488.0,2488.0,2488.0,2488.0,2488.0,2488.0,2488.0,2488.0,2488.0,2488.0,2488.0,2488.0,2488.0,2488.0,2488.0,2488.0,2488.0,2488.0,2488.0,2488.0,2488.0,2488.0,2488.0,2488.0,2488.0,2488.0,2488.0,2488.0,2488.0,2488.0,2488.0,8.0,,,0.8,1.9283514897,5.175761998,11.870712595525848,7.951070064,3.5841051433000004,8.176859304699999,5.0328721195
2489,2489,2489.0,2489.0,2489.0,2489.0,2489.0,2489.0,2489.0,2489.0,2489.0,2489.0,2489.0,2489.0,2489.0,2489.0,2489.0,2489.0,2489.0,2489.0,2489.0,2489.0,2489.0,2489.0,2489.0,2489.0,2489.0,2489.0,2489.0,2489.0,2489.0,2489.0,2489.0,2489.0,2489.0,2489.0,2489.0,2489.0,2489.0,2489.0,9.0,,,0.9,2.4783126277,5.8128721195,12.089671405878423,11.5351752073,4.592754161399999,4.592754161399999,5.0328721195
2490,2490,2490.0,2490.0,2490.0,2490.0,2490.0,2490.0,2490.0,2490.0,2490.0,2490.0,2490.0,2490.0,2490.0,2490.0,2490.0,2490.0,2490.0,2490.0,2490.0,2490.0,2490.0,2490.0,2490.0,2490.0,2490.0,2490.0,2490.0,2490.0,2490.0,2490.0,2490.0,2490.0,2490.0,2490.0,2490.0,2490.0,2490.0,2490.0,0.0,,,0.0,0.0,-1.0,10.876760916128774,0.0,0.0880088967,16.0363136069,5.0163902844
2491,2491,2491.0,2491.0,2491.0,2491.0,2491.0,2491.0,2491.0,2491.0,2491.0,2491.0,2491.0,2491.0,2491.0,2491.0,2491.0,2491.0,2491.0,2491.0,2491.0,2491.0,2491.0,2491.0,2491.0,2491.0,2491.0,2491.0,2491.0,2491.0,2491.0,2491.0,2491.0,2491.0,2491.0,2491.0,2491.0,2491.0,2491.0,2491.0,1.0,,,0.1,-0.042547143,0.1302232346,9.86276388256124,0.0880088967,0.0919800155999999,15.948304710199997,5.0163902844
2492,2492,2492.0,2492.0,2492.0,2492.0,2492.0,2492.0,2492.0,2492.0,2492.0,2492.0,2492.0,2492.0,2492.0,2492.0,2492.0,2492.0,2492.0,2492.0,2492.0,2492.0,2492.0,2492.0,2492.0,2492.0,2492.0,2492.0,2492.0,2492.0,2492.0,2492.0,2492.0,2492.0,2492.0,2492.0,2492.0,2492.0,2492.0,2492.0,2.0,,,0.2,0.0175555444,1.0563969355,9.670395840198706,0.1799889123,0.2702515151,15.856324694599996,5.0163902844
2493,2493,2493.0,2493.0,2493.0,2493.0,2493.0,2493.0,2493.0,2493.0,2493.0,2493.0,2493.0,2493.0,2493.0,2493.0,2493.0,2493.0,2493.0,2493.0,2493.0,2493.0,2493.0,2493.0,2493.0,2493.0,2493.0,2493.0,2493.0,2493.0,2493.0,2493.0,2493.0,2493.0,2493.0,2493.0,2493.0,2493.0,2493.0,2493.0,3.0,,,0.3,0.1648647266,1.8761273373,9.157627217893909,0.4502404274,0.5502244727000001,15.586073179499996,5.0163902844
2494,2494,2494.0,2494.0,2494.0,2494.0,2494.0,2494.0,2494.0,2494.0,2494.0,2494.0,2494.0,2494.0,2494.0,2494.0,2494.0,2494.0,2494.0,2494.0,2494.0,2494.0,2494.0,2494.0,2494.0,2494.0,2494.0,2494.0,2494.0,2494.0,2494.0,2494.0,2494.0,2494.0,2494.0,2494.0,2494.0,2494.0,2494.0,2494.0,4.0,,,0.4,0.3877011096,2.5690536761,9.212459174553764,1.0004649001,0.9096841971999998,15.035848706799996,5.0163902844
2495,2495,2495.0,2495.0,2495.0,2495.0,2495.0,2495.0,2495.0,2495.0,2495.0,2495.0,2495.0,2495.0,2495.0,2495.0,2495.0,2495.0,2495.0,2495.0,2495.0,2495.0,2495.0,2495.0,2495.0,2495.0,2495.0,2495.0,2495.0,2495.0,2495.0,2495.0,2495.0,2495.0,2495.0,2495.0,2495.0,2495.0,2495.0,2495.0,5.0,,,0.5,0.6767434084,3.2012572948,9.801278091774966,1.9101490973,1.3636035881,14.126164509599995,5.0163902844
2496,2496,2496.0,2496.0,2496.0,2496.0,2496.0,2496.0,2496.0,2496.0,2496.0,2496.0,2496.0,2496.0,2496.0,2496.0,2496.0,2496.0,2496.0,2496.0,2496.0,2496.0,2496.0,2496.0,2496.0,2496.0,2496.0,2496.0,2496.0,2496.0,2496.0,2496.0,2496.0,2496.0,2496.0,2496.0,2496.0,2496.0,2496.0,2496.0,6.0,,,0.6,1.0287956605,3.8293328518,10.76155529027272,3.2737526854,1.9491109644,12.762560921499997,5.0163902844
2497,2497,2497.0,2497.0,2497.0,2497.0,2497.0,2497.0,2497.0,2497.0,2497.0,2497.0,2497.0,2497.0,2497.0,2497.0,2497.0,2497.0,2497.0,2497.0,2497.0,2497.0,2497.0,2497.0,2497.0,2497.0,2497.0,2497.0,2497.0,2497.0,2497.0,2497.0,2497.0,2497.0,2497.0,2497.0,2497.0,2497.0,2497.0,2497.0,7.0,,,0.7,1.4452619225,4.4890221188,11.534660582329314,5.2228636498,2.6876157634,10.813449957099998,5.0163902844
2498,2498,2498.0,2498.0,2498.0,2498.0,2498.0,2498.0,2498.0,2498.0,2498.0,2498.0,2498.0,2498.0,2498.0,2498.0,2498.0,2498.0,2498.0,2498.0,2498.0,2498.0,2498.0,2498.0,2498.0,2498.0,2498.0,2498.0,2498.0,2498.0,2498.0,2498.0,2498.0,2498.0,2498.0,2498.0,2498.0,2498.0,2498.0,2498.0,8.0,,,0.8,1.9282452656,5.159504834,11.852094466924768,7.9104794132,3.5654808385,8.125834193699998,5.0163902844
2499,2499,2499.0,2499.0,2499.0,2499.0,2499.0,2499.0,2499.0,2499.0,2499.0,2499.0,2499.0,2499.0,2499.0,2499.0,2499.0,2499.0,2499.0,2499.0,2499.0,2499.0,2499.0,2499.0,2499.0,2499.0,2499.0,2499.0,2499.0,2499.0,2499.0,2499.0,2499.0,2499.0,2499.0,2499.0,2499.0,2499.0,2499.0,2499.0,9.0,,,0.9,2.4765692618,5.7963902844,11.92741838530949,11.4759602517,4.560353355199998,4.560353355199998,5.0163902844
2500,2500,2500.0,2500.0,2500.0,2500.0,2500.0,2500.0,2500.0,2500.0,2500.0,2500.0,2500.0,2500.0,2500.0,2500.0,2500.0,2500.0,2500.0,2500.0,2500.0,2500.0,2500.0,2500.0,2500.0,2500.0,2500.0,2500.0,2500.0,2500.0,2500.0,2500.0,2500.0,2500.0,2500.0,2500.0,2500.0,2500.0,2500.0,2500.0,0.0,,,0.0,0.0,-1.0,10.620746096379229,0.0,0.0858755266,15.9137591427,5.000405155699999
2501,2501,2501.0,2501.0,2501.0,2501.0,2501.0,2501.0,2501.0,2501.0,2501.0,2501.0,2501.0,2501.0,2501.0,2501.0,2501.0,2501.0,2501.0,2501.0,2501.0,2501.0,2501.0,2501.0,2501.0,2501.0,2501.0,2501.0,2501.0,2501.0,2501.0,2501.0,2501.0,2501.0,2501.0,2501.0,2501.0,2501.0,2501.0,2501.0,1.0,,,0.1,-0.0437855929,0.1058602025,10.111512359676892,0.0858755266,0.0935505060999999,15.8278836161,5.000405155699999
2502,2502,2502.0,2502.0,2502.0,2502.0,2502.0,2502.0,2502.0,2502.0,2502.0,2502.0,2502.0,2502.0,2502.0,2502.0,2502.0,2502.0,2502.0,2502.0,2502.0,2502.0,2502.0,2502.0,2502.0,2502.0,2502.0,2502.0,2502.0,2502.0,2502.0,2502.0,2502.0,2502.0,2502.0,2502.0,2502.0,2502.0,2502.0,2502.0,2.0,,,0.2,0.015201948,1.0580238977,9.383066833700951,0.1794260327,0.2634721781,15.73433311,5.000405155699999
2503,2503,2503.0,2503.0,2503.0,2503.0,2503.0,2503.0,2503.0,2503.0,2503.0,2503.0,2503.0,2503.0,2503.0,2503.0,2503.0,2503.0,2503.0,2503.0,2503.0,2503.0,2503.0,2503.0,2503.0,2503.0,2503.0,2503.0,2503.0,2503.0,2503.0,2503.0,2503.0,2503.0,2503.0,2503.0,2503.0,2503.0,2503.0,2503.0,3.0,,,0.3,0.1612760453,1.8502564837,9.141759124371855,0.4428982108,0.5385701833,15.4708609319,5.000405155699999
2504,2504,2504.0,2504.0,2504.0,2504.0,2504.0,2504.0,2504.0,2504.0,2504.0,2504.0,2504.0,2504.0,2504.0,2504.0,2504.0,2504.0,2504.0,2504.0,2504.0,2504.0,2504.0,2504.0,2504.0,2504.0,2504.0,2504.0,2504.0,2504.0,2504.0,2504.0,2504.0,2504.0,2504.0,2504.0,2504.0,2504.0,2504.0,2504.0,4.0,,,0.4,0.3815737302,2.5441347112,9.509057568960865,0.9814683941,0.9066675947,14.9322907486,5.000405155699999
2505,2505,2505.0,2505.0,2505.0,2505.0,2505.0,2505.0,2505.0,2505.0,2505.0,2505.0,2505.0,2505.0,2505.0,2505.0,2505.0,2505.0,2505.0,2505.0,2505.0,2505.0,2505.0,2505.0,2505.0,2505.0,2505.0,2505.0,2505.0,2505.0,2505.0,2505.0,2505.0,2505.0,2505.0,2505.0,2505.0,2505.0,2505.0,2505.0,5.0,,,0.5,0.6696791776,3.2069350207,9.657107944742815,1.8881359888,1.3597558712000002,14.0256231539,5.000405155699999
2506,2506,2506.0,2506.0,2506.0,2506.0,2506.0,2506.0,2506.0,2506.0,2506.0,2506.0,2506.0,2506.0,2506.0,2506.0,2506.0,2506.0,2506.0,2506.0,2506.0,2506.0,2506.0,2506.0,2506.0,2506.0,2506.0,2506.0,2506.0,2506.0,2506.0,2506.0,2506.0,2506.0,2506.0,2506.0,2506.0,2506.0,2506.0,2506.0,6.0,,,0.6,1.021574772,3.8207502208,10.55349838109326,3.24789186,1.9295638436,12.6658672827,5.000405155699999
2507,2507,2507.0,2507.0,2507.0,2507.0,2507.0,2507.0,2507.0,2507.0,2507.0,2507.0,2507.0,2507.0,2507.0,2507.0,2507.0,2507.0,2507.0,2507.0,2507.0,2507.0,2507.0,2507.0,2507.0,2507.0,2507.0,2507.0,2507.0,2507.0,2507.0,2507.0,2507.0,2507.0,2507.0,2507.0,2507.0,2507.0,2507.0,2507.0,7.0,,,0.7,1.436217862,4.4614569689,11.572698882351563,5.1774557036,2.661146165,10.7363034391,5.000405155699999
2508,2508,2508.0,2508.0,2508.0,2508.0,2508.0,2508.0,2508.0,2508.0,2508.0,2508.0,2508.0,2508.0,2508.0,2508.0,2508.0,2508.0,2508.0,2508.0,2508.0,2508.0,2508.0,2508.0,2508.0,2508.0,2508.0,2508.0,2508.0,2508.0,2508.0,2508.0,2508.0,2508.0,2508.0,2508.0,2508.0,2508.0,2508.0,2508.0,8.0,,,0.8,1.9167620245,5.1381826947,11.886850322842728,7.8386018686,3.540105454200001,8.0751572741,5.000405155699999
2509,2509,2509.0,2509.0,2509.0,2509.0,2509.0,2509.0,2509.0,2509.0,2509.0,2509.0,2509.0,2509.0,2509.0,2509.0,2509.0,2509.0,2509.0,2509.0,2509.0,2509.0,2509.0,2509.0,2509.0,2509.0,2509.0,2509.0,2509.0,2509.0,2509.0,2509.0,2509.0,2509.0,2509.0,2509.0,2509.0,2509.0,2509.0,2509.0,9.0,,,0.9,2.4632245958,5.7804051557,11.941639689249431,11.3787073228,4.5350518199,4.5350518199,5.000405155699999
2510,2510,2510.0,2510.0,2510.0,2510.0,2510.0,2510.0,2510.0,2510.0,2510.0,2510.0,2510.0,2510.0,2510.0,2510.0,2510.0,2510.0,2510.0,2510.0,2510.0,2510.0,2510.0,2510.0,2510.0,2510.0,2510.0,2510.0,2510.0,2510.0,2510.0,2510.0,2510.0,2510.0,2510.0,2510.0,2510.0,2510.0,2510.0,2510.0,0.0,,,0.0,0.0,-1.0,10.59530924319238,0.0,0.0856693798,16.0068404146,5.0105009402
2511,2511,2511.0,2511.0,2511.0,2511.0,2511.0,2511.0,2511.0,2511.0,2511.0,2511.0,2511.0,2511.0,2511.0,2511.0,2511.0,2511.0,2511.0,2511.0,2511.0,2511.0,2511.0,2511.0,2511.0,2511.0,2511.0,2511.0,2511.0,2511.0,2511.0,2511.0,2511.0,2511.0,2511.0,2511.0,2511.0,2511.0,2511.0,2511.0,1.0,,,0.1,-0.0439086416,0.1034395659,9.759190709446756,0.0856693798,0.0872876777,15.9211710348,5.0105009402
2512,2512,2512.0,2512.0,2512.0,2512.0,2512.0,2512.0,2512.0,2512.0,2512.0,2512.0,2512.0,2512.0,2512.0,2512.0,2512.0,2512.0,2512.0,2512.0,2512.0,2512.0,2512.0,2512.0,2512.0,2512.0,2512.0,2512.0,2512.0,2512.0,2512.0,2512.0,2512.0,2512.0,2512.0,2512.0,2512.0,2512.0,2512.0,2512.0,2.0,,,0.2,0.0131442181,1.0223057772,9.615399886359018,0.1729570575,0.2593664284999999,15.8338833571,5.0105009402
2513,2513,2513.0,2513.0,2513.0,2513.0,2513.0,2513.0,2513.0,2513.0,2513.0,2513.0,2513.0,2513.0,2513.0,2513.0,2513.0,2513.0,2513.0,2513.0,2513.0,2513.0,2513.0,2513.0,2513.0,2513.0,2513.0,2513.0,2513.0,2513.0,2513.0,2513.0,2513.0,2513.0,2513.0,2513.0,2513.0,2513.0,2513.0,2513.0,3.0,,,0.3,0.1569431794,1.8400468045,9.285159383423911,0.432323486,0.5385956922999999,15.5745169286,5.0105009402
2514,2514,2514.0,2514.0,2514.0,2514.0,2514.0,2514.0,2514.0,2514.0,2514.0,2514.0,2514.0,2514.0,2514.0,2514.0,2514.0,2514.0,2514.0,2514.0,2514.0,2514.0,2514.0,2514.0,2514.0,2514.0,2514.0,2514.0,2514.0,2514.0,2514.0,2514.0,2514.0,2514.0,2514.0,2514.0,2514.0,2514.0,2514.0,2514.0,4.0,,,0.4,0.3769629711,2.5485429511,9.55140665637018,0.9709191783,0.9102672147,15.0359212363,5.0105009402
2515,2515,2515.0,2515.0,2515.0,2515.0,2515.0,2515.0,2515.0,2515.0,2515.0,2515.0,2515.0,2515.0,2515.0,2515.0,2515.0,2515.0,2515.0,2515.0,2515.0,2515.0,2515.0,2515.0,2515.0,2515.0,2515.0,2515.0,2515.0,2515.0,2515.0,2515.0,2515.0,2515.0,2515.0,2515.0,2515.0,2515.0,2515.0,2515.0,5.0,,,0.5,0.6656927878,3.2149538001,9.8679420035965,1.881186393,1.3740641102000002,14.1256540216,5.0105009402
2516,2516,2516.0,2516.0,2516.0,2516.0,2516.0,2516.0,2516.0,2516.0,2516.0,2516.0,2516.0,2516.0,2516.0,2516.0,2516.0,2516.0,2516.0,2516.0,2516.0,2516.0,2516.0,2516.0,2516.0,2516.0,2516.0,2516.0,2516.0,2516.0,2516.0,2516.0,2516.0,2516.0,2516.0,2516.0,2516.0,2516.0,2516.0,2516.0,6.0,,,0.6,1.0193709227,3.8480698655,10.602014406286788,3.2552505032,1.9535034867,12.7515899114,5.0105009402
2517,2517,2517.0,2517.0,2517.0,2517.0,2517.0,2517.0,2517.0,2517.0,2517.0,2517.0,2517.0,2517.0,2517.0,2517.0,2517.0,2517.0,2517.0,2517.0,2517.0,2517.0,2517.0,2517.0,2517.0,2517.0,2517.0,2517.0,2517.0,2517.0,2517.0,2517.0,2517.0,2517.0,2517.0,2517.0,2517.0,2517.0,2517.0,2517.0,7.0,,,0.7,1.436848879,4.4907933498,11.536848870189722,5.2087539899,2.6865816387,10.7980864247,5.0105009402
2518,2518,2518.0,2518.0,2518.0,2518.0,2518.0,2518.0,2518.0,2518.0,2518.0,2518.0,2518.0,2518.0,2518.0,2518.0,2518.0,2518.0,2518.0,2518.0,2518.0,2518.0,2518.0,2518.0,2518.0,2518.0,2518.0,2518.0,2518.0,2518.0,2518.0,2518.0,2518.0,2518.0,2518.0,2518.0,2518.0,2518.0,2518.0,2518.0,8.0,,,0.8,1.9200113746,5.1613157412,11.772988812663876,7.8953356286,3.5585272214000003,8.111504786,5.0105009402
2519,2519,2519.0,2519.0,2519.0,2519.0,2519.0,2519.0,2519.0,2519.0,2519.0,2519.0,2519.0,2519.0,2519.0,2519.0,2519.0,2519.0,2519.0,2519.0,2519.0,2519.0,2519.0,2519.0,2519.0,2519.0,2519.0,2519.0,2519.0,2519.0,2519.0,2519.0,2519.0,2519.0,2519.0,2519.0,2519.0,2519.0,2519.0,2519.0,9.0,,,0.9,2.468125057,5.7905009402,11.986391606851337,11.45386285,4.552977564599999,4.552977564599999,5.0105009402
2520,2520,2520.0,2520.0,2520.0,2520.0,2520.0,2520.0,2520.0,2520.0,2520.0,2520.0,2520.0,2520.0,2520.0,2520.0,2520.0,2520.0,2520.0,2520.0,2520.0,2520.0,2520.0,2520.0,2520.0,2520.0,2520.0,2520.0,2520.0,2520.0,2520.0,2520.0,2520.0,2520.0,2520.0,2520.0,2520.0,2520.0,2520.0,0.0,,,,0.0,0.0,-1.0,19.94198694135199,0.0,0.231980952,70.85105696189999,10.7263685518
2521,2521,2521.0,2521.0,2521.0,2521.0,2521.0,2521.0,2521.0,2521.0,2521.0,2521.0,2521.0,2521.0,2521.0,2521.0,2521.0,2521.0,2521.0,2521.0,2521.0,2521.0,2521.0,2521.0,2521.0,2521.0,2521.0,2521.0,2521.0,2521.0,2521.0,2521.0,2521.0,2521.0,2521.0,2521.0,2521.0,2521.0,2521.0,1.0,,,,0.1,0.0013051455,0.9928935487,20.17930150063185,0.231980952,0.6013983267999999,70.61907600989998,10.7263685518
2522,2522,2522.0,2522.0,2522.0,2522.0,2522.0,2522.0,2522.0,2522.0,2522.0,2522.0,2522.0,2522.0,2522.0,2522.0,2522.0,2522.0,2522.0,2522.0,2522.0,2522.0,2522.0,2522.0,2522.0,2522.0,2522.0,2522.0,2522.0,2522.0,2522.0,2522.0,2522.0,2522.0,2522.0,2522.0,2522.0,2522.0,2522.0,2.0,,,,0.2,0.193407172,2.8187216722,19.816570735294544,0.8333792788,1.5580363527000003,70.01767768309999,10.7263685518
2523,2523,2523.0,2523.0,2523.0,2523.0,2523.0,2523.0,2523.0,2523.0,2523.0,2523.0,2523.0,2523.0,2523.0,2523.0,2523.0,2523.0,2523.0,2523.0,2523.0,2523.0,2523.0,2523.0,2523.0,2523.0,2523.0,2523.0,2523.0,2523.0,2523.0,2523.0,2523.0,2523.0,2523.0,2523.0,2523.0,2523.0,2523.0,3.0,,,,0.3,0.5575049683,4.4362809495,20.061792875052426,2.3914156315,2.9825238994000003,68.45964133039999,10.7263685518
2524,2524,2524.0,2524.0,2524.0,2524.0,2524.0,2524.0,2524.0,2524.0,2524.0,2524.0,2524.0,2524.0,2524.0,2524.0,2524.0,2524.0,2524.0,2524.0,2524.0,2524.0,2524.0,2524.0,2524.0,2524.0,2524.0,2524.0,2524.0,2524.0,2524.0,2524.0,2524.0,2524.0,2524.0,2524.0,2524.0,2524.0,2524.0,4.0,,,,0.4,1.0767198956,5.9232453097,20.096275601525644,5.3739395309,4.7833060328,65.477117431,10.7263685518
2525,2525,2525.0,2525.0,2525.0,2525.0,2525.0,2525.0,2525.0,2525.0,2525.0,2525.0,2525.0,2525.0,2525.0,2525.0,2525.0,2525.0,2525.0,2525.0,2525.0,2525.0,2525.0,2525.0,2525.0,2525.0,2525.0,2525.0,2525.0,2525.0,2525.0,2525.0,2525.0,2525.0,2525.0,2525.0,2525.0,2525.0,2525.0,5.0,,,,0.5,1.7376046082,7.2719881572,19.8858923244698,10.1572455637,6.877956509599999,60.6938113982,10.7263685518
2526,2526,2526.0,2526.0,2526.0,2526.0,2526.0,2526.0,2526.0,2526.0,2526.0,2526.0,2526.0,2526.0,2526.0,2526.0,2526.0,2526.0,2526.0,2526.0,2526.0,2526.0,2526.0,2526.0,2526.0,2526.0,2526.0,2526.0,2526.0,2526.0,2526.0,2526.0,2526.0,2526.0,2526.0,2526.0,2526.0,2526.0,2526.0,6.0,,,,0.6,2.5258219734,8.4723600245,19.91915489612944,17.0352020733,9.2430537254,53.8158548886,10.7263685518
2527,2527,2527.0,2527.0,2527.0,2527.0,2527.0,2527.0,2527.0,2527.0,2527.0,2527.0,2527.0,2527.0,2527.0,2527.0,2527.0,2527.0,2527.0,2527.0,2527.0,2527.0,2527.0,2527.0,2527.0,2527.0,2527.0,2527.0,2527.0,2527.0,2527.0,2527.0,2527.0,2527.0,2527.0,2527.0,2527.0,2527.0,2527.0,7.0,,,,0.7,3.4284303674,9.5616671201,19.77298511939861,26.2782557987,11.8624882364,44.5728011632,10.7263685518
2528,2528,2528.0,2528.0,2528.0,2528.0,2528.0,2528.0,2528.0,2528.0,2528.0,2528.0,2528.0,2528.0,2528.0,2528.0,2528.0,2528.0,2528.0,2528.0,2528.0,2528.0,2528.0,2528.0,2528.0,2528.0,2528.0,2528.0,2528.0,2528.0,2528.0,2528.0,2528.0,2528.0,2528.0,2528.0,2528.0,2528.0,2528.0,8.0,,,,0.8,4.4339923036,10.5334036958,19.866921225872662,38.1407440351,14.7568110574,32.7103129268,10.7263685518
2529,2529,2529.0,2529.0,2529.0,2529.0,2529.0,2529.0,2529.0,2529.0,2529.0,2529.0,2529.0,2529.0,2529.0,2529.0,2529.0,2529.0,2529.0,2529.0,2529.0,2529.0,2529.0,2529.0,2529.0,2529.0,2529.0,2529.0,2529.0,2529.0,2529.0,2529.0,2529.0,2529.0,2529.0,2529.0,2529.0,2529.0,2529.0,9.0,,,,0.9,5.5324793093,11.4216088126,19.87824246397405,52.8975550925,17.9535018694,17.9535018694,10.7263685518
2530,2530,2530.0,2530.0,2530.0,2530.0,2530.0,2530.0,2530.0,2530.0,2530.0,2530.0,2530.0,2530.0,2530.0,2530.0,2530.0,2530.0,2530.0,2530.0,2530.0,2530.0,2530.0,2530.0,2530.0,2530.0,2530.0,2530.0,2530.0,2530.0,2530.0,2530.0,2530.0,2530.0,2530.0,2530.0,2530.0,2530.0,2530.0,0.0,,,,0.0,0.0,-1.0,20.05286910819227,0.0,0.2345660388,71.2254163295,10.7730119306
2531,2531,2531.0,2531.0,2531.0,2531.0,2531.0,2531.0,2531.0,2531.0,2531.0,2531.0,2531.0,2531.0,2531.0,2531.0,2531.0,2531.0,2531.0,2531.0,2531.0,2531.0,2531.0,2531.0,2531.0,2531.0,2531.0,2531.0,2531.0,2531.0,2531.0,2531.0,2531.0,2531.0,2531.0,2531.0,2531.0,2531.0,2531.0,1.0,,,,0.1,0.0018415289,1.003445382,20.055451629761084,0.2345660388,0.6000897648000001,70.99085029070001,10.7730119306
2532,2532,2532.0,2532.0,2532.0,2532.0,2532.0,2532.0,2532.0,2532.0,2532.0,2532.0,2532.0,2532.0,2532.0,2532.0,2532.0,2532.0,2532.0,2532.0,2532.0,2532.0,2532.0,2532.0,2532.0,2532.0,2532.0,2532.0,2532.0,2532.0,2532.0,2532.0,2532.0,2532.0,2532.0,2532.0,2532.0,2532.0,2532.0,2.0,,,,0.2,0.1943485957,2.8164834781,20.08212446492344,0.8346558036,1.5719336353000002,70.3907605259,10.7730119306
2533,2533,2533.0,2533.0,2533.0,2533.0,2533.0,2533.0,2533.0,2533.0,2533.0,2533.0,2533.0,2533.0,2533.0,2533.0,2533.0,2533.0,2533.0,2533.0,2533.0,2533.0,2533.0,2533.0,2533.0,2533.0,2533.0,2533.0,2533.0,2533.0,2533.0,2533.0,2533.0,2533.0,2533.0,2533.0,2533.0,2533.0,2533.0,3.0,,,,0.3,0.5595180921,4.4595264282,19.846483255018647,2.4065894389,2.9902968330999995,68.81882689060001,10.7730119306
2534,2534,2534.0,2534.0,2534.0,2534.0,2534.0,2534.0,2534.0,2534.0,2534.0,2534.0,2534.0,2534.0,2534.0,2534.0,2534.0,2534.0,2534.0,2534.0,2534.0,2534.0,2534.0,2534.0,2534.0,2534.0,2534.0,2534.0,2534.0,2534.0,2534.0,2534.0,2534.0,2534.0,2534.0,2534.0,2534.0,2534.0,2534.0,4.0,,,,0.4,1.0799036069,5.9237892388,20.15979052065182,5.396886272,4.790396487400001,65.8285300575,10.7730119306
2535,2535,2535.0,2535.0,2535.0,2535.0,2535.0,2535.0,2535.0,2535.0,2535.0,2535.0,2535.0,2535.0,2535.0,2535.0,2535.0,2535.0,2535.0,2535.0,2535.0,2535.0,2535.0,2535.0,2535.0,2535.0,2535.0,2535.0,2535.0,2535.0,2535.0,2535.0,2535.0,2535.0,2535.0,2535.0,2535.0,2535.0,2535.0,5.0,,,,0.5,1.7411473194,7.2785245784,20.10608319431784,10.1872827594,6.9112087728,61.03813357010001,10.7730119306
2536,2536,2536.0,2536.0,2536.0,2536.0,2536.0,2536.0,2536.0,2536.0,2536.0,2536.0,2536.0,2536.0,2536.0,2536.0,2536.0,2536.0,2536.0,2536.0,2536.0,2536.0,2536.0,2536.0,2536.0,2536.0,2536.0,2536.0,2536.0,2536.0,2536.0,2536.0,2536.0,2536.0,2536.0,2536.0,2536.0,2536.0,2536.0,6.0,,,,0.6,2.5310518593,8.499228358,19.87403225655891,17.0984915322,9.2881749789,54.126924797300006,10.7730119306
2537,2537,2537.0,2537.0,2537.0,2537.0,2537.0,2537.0,2537.0,2537.0,2537.0,2537.0,2537.0,2537.0,2537.0,2537.0,2537.0,2537.0,2537.0,2537.0,2537.0,2537.0,2537.0,2537.0,2537.0,2537.0,2537.0,2537.0,2537.0,2537.0,2537.0,2537.0,2537.0,2537.0,2537.0,2537.0,2537.0,2537.0,2537.0,7.0,,,,0.7,3.4359988435,9.5816845995,19.87613013533011,26.3866665111,11.9199424123,44.8387498184,10.7730119306
2538,2538,2538.0,2538.0,2538.0,2538.0,2538.0,2538.0,2538.0,2538.0,2538.0,2538.0,2538.0,2538.0,2538.0,2538.0,2538.0,2538.0,2538.0,2538.0,2538.0,2538.0,2538.0,2538.0,2538.0,2538.0,2538.0,2538.0,2538.0,2538.0,2538.0,2538.0,2538.0,2538.0,2538.0,2538.0,2538.0,2538.0,2538.0,8.0,,,,0.8,4.4439646428,10.5613318137,19.997966358121545,38.3066089234,14.843549461900004,32.91880740610001,10.7730119306
2539,2539,2539.0,2539.0,2539.0,2539.0,2539.0,2539.0,2539.0,2539.0,2539.0,2539.0,2539.0,2539.0,2539.0,2539.0,2539.0,2539.0,2539.0,2539.0,2539.0,2539.0,2539.0,2539.0,2539.0,2539.0,2539.0,2539.0,2539.0,2539.0,2539.0,2539.0,2539.0,2539.0,2539.0,2539.0,2539.0,2539.0,2539.0,9.0,,,,0.9,5.5457432537,11.4593498386,20.009532050666653,53.1501583853,18.075257944200004,18.075257944200004,10.7730119306
2540,2540,2540.0,2540.0,2540.0,2540.0,2540.0,2540.0,2540.0,2540.0,2540.0,2540.0,2540.0,2540.0,2540.0,2540.0,2540.0,2540.0,2540.0,2540.0,2540.0,2540.0,2540.0,2540.0,2540.0,2540.0,2540.0,2540.0,2540.0,2540.0,2540.0,2540.0,2540.0,2540.0,2540.0,2540.0,2540.0,2540.0,2540.0,0.0,,,,0.0,0.0,-1.0,19.939756443784034,0.0,0.2319291549,70.6979821707,10.742500681
2541,2541,2541.0,2541.0,2541.0,2541.0,2541.0,2541.0,2541.0,2541.0,2541.0,2541.0,2541.0,2541.0,2541.0,2541.0,2541.0,2541.0,2541.0,2541.0,2541.0,2541.0,2541.0,2541.0,2541.0,2541.0,2541.0,2541.0,2541.0,2541.0,2541.0,2541.0,2541.0,2541.0,2541.0,2541.0,2541.0,2541.0,2541.0,1.0,,,,0.1,0.0012943556,0.9926812888,19.97938345730876,0.2319291549,0.5930164948,70.4660530158,10.742500681
2542,2542,2542.0,2542.0,2542.0,2542.0,2542.0,2542.0,2542.0,2542.0,2542.0,2542.0,2542.0,2542.0,2542.0,2542.0,2542.0,2542.0,2542.0,2542.0,2542.0,2542.0,2542.0,2542.0,2542.0,2542.0,2542.0,2542.0,2542.0,2542.0,2542.0,2542.0,2542.0,2542.0,2542.0,2542.0,2542.0,2542.0,2542.0,2.0,,,,0.2,0.1924090959,2.7995048943,20.11104555258112,0.8249456497,1.5616724448,69.873036521,10.742500681
2543,2543,2543.0,2543.0,2543.0,2543.0,2543.0,2543.0,2543.0,2543.0,2543.0,2543.0,2543.0,2543.0,2543.0,2543.0,2543.0,2543.0,2543.0,2543.0,2543.0,2543.0,2543.0,2543.0,2543.0,2543.0,2543.0,2543.0,2543.0,2543.0,2543.0,2543.0,2543.0,2543.0,2543.0,2543.0,2543.0,2543.0,2543.0,3.0,,,,0.3,0.5561027706,4.4469157747,19.94845324406932,2.3866180945,2.9846140381,68.31136407620001,10.742500681
2544,2544,2544.0,2544.0,2544.0,2544.0,2544.0,2544.0,2544.0,2544.0,2544.0,2544.0,2544.0,2544.0,2544.0,2544.0,2544.0,2544.0,2544.0,2544.0,2544.0,2544.0,2544.0,2544.0,2544.0,2544.0,2544.0,2544.0,2544.0,2544.0,2544.0,2544.0,2544.0,2544.0,2544.0,2544.0,2544.0,2544.0,2544.0,4.0,,,,0.4,1.0757814876,5.9220823822,19.84510015270672,5.3712321326,4.7598292244,65.3267500381,10.742500681
2545,2545,2545.0,2545.0,2545.0,2545.0,2545.0,2545.0,2545.0,2545.0,2545.0,2545.0,2545.0,2545.0,2545.0,2545.0,2545.0,2545.0,2545.0,2545.0,2545.0,2545.0,2545.0,2545.0,2545.0,2545.0,2545.0,2545.0,2545.0,2545.0,2545.0,2545.0,2545.0,2545.0,2545.0,2545.0,2545.0,2545.0,2545.0,5.0,,,,0.5,1.7353411703,7.2470327147,19.88821699772504,10.131061357,6.839349394700001,60.5669208137,10.742500681
2546,2546,2546.0,2546.0,2546.0,2546.0,2546.0,2546.0,2546.0,2546.0,2546.0,2546.0,2546.0,2546.0,2546.0,2546.0,2546.0,2546.0,2546.0,2546.0,2546.0,2546.0,2546.0,2546.0,2546.0,2546.0,2546.0,2546.0,2546.0,2546.0,2546.0,2546.0,2546.0,2546.0,2546.0,2546.0,2546.0,2546.0,2546.0,6.0,,,,0.6,2.521194953,8.4500006318,19.81696818309913,16.9704107517,9.190096853499998,53.727571419,10.742500681
2547,2547,2547.0,2547.0,2547.0,2547.0,2547.0,2547.0,2547.0,2547.0,2547.0,2547.0,2547.0,2547.0,2547.0,2547.0,2547.0,2547.0,2547.0,2547.0,2547.0,2547.0,2547.0,2547.0,2547.0,2547.0,2547.0,2547.0,2547.0,2547.0,2547.0,2547.0,2547.0,2547.0,2547.0,2547.0,2547.0,2547.0,2547.0,7.0,,,,0.7,3.4211812521,9.531711151,19.960870667238808,26.1605076052,11.820935902300004,44.537474565500005,10.742500681
2548,2548,2548.0,2548.0,2548.0,2548.0,2548.0,2548.0,2548.0,2548.0,2548.0,2548.0,2548.0,2548.0,2548.0,2548.0,2548.0,2548.0,2548.0,2548.0,2548.0,2548.0,2548.0,2548.0,2548.0,2548.0,2548.0,2548.0,2548.0,2548.0,2548.0,2548.0,2548.0,2548.0,2548.0,2548.0,2548.0,2548.0,2548.0,8.0,,,,0.8,4.4248013572,10.5241781126,20.00745771885569,37.9814435075,14.746116367699996,32.7165386632,10.742500681
2549,2549,2549.0,2549.0,2549.0,2549.0,2549.0,2549.0,2549.0,2549.0,2549.0,2549.0,2549.0,2549.0,2549.0,2549.0,2549.0,2549.0,2549.0,2549.0,2549.0,2549.0,2549.0,2549.0,2549.0,2549.0,2549.0,2549.0,2549.0,2549.0,2549.0,2549.0,2549.0,2549.0,2549.0,2549.0,2549.0,2549.0,2549.0,9.0,,,,0.9,5.5230902384,11.4266350034,19.99997334088906,52.7275598752,17.9704222955,17.9704222955,10.742500681
2550,2550,2550.0,2550.0,2550.0,2550.0,2550.0,2550.0,2550.0,2550.0,2550.0,2550.0,2550.0,2550.0,2550.0,2550.0,2550.0,2550.0,2550.0,2550.0,2550.0,2550.0,2550.0,2550.0,2550.0,2550.0,2550.0,2550.0,2550.0,2550.0,2550.0,2550.0,2550.0,2550.0,2550.0,2550.0,2550.0,2550.0,2550.0,0.0,,,,0.0,0.0,-1.0,19.99816543106056,0.0,0.2332881975,70.9471710075,10.7516200835
2551,2551,2551.0,2551.0,2551.0,2551.0,2551.0,2551.0,2551.0,2551.0,2551.0,2551.0,2551.0,2551.0,2551.0,2551.0,2551.0,2551.0,2551.0,2551.0,2551.0,2551.0,2551.0,2551.0,2551.0,2551.0,2551.0,2551.0,2551.0,2551.0,2551.0,2551.0,2551.0,2551.0,2551.0,2551.0,2551.0,2551.0,2551.0,1.0,,,,0.1,0.0015769043,0.9982396388,19.84239393352377,0.2332881975,0.5893759194,70.71388281,10.7516200835
2552,2552,2552.0,2552.0,2552.0,2552.0,2552.0,2552.0,2552.0,2552.0,2552.0,2552.0,2552.0,2552.0,2552.0,2552.0,2552.0,2552.0,2552.0,2552.0,2552.0,2552.0,2552.0,2552.0,2552.0,2552.0,2552.0,2552.0,2552.0,2552.0,2552.0,2552.0,2552.0,2552.0,2552.0,2552.0,2552.0,2552.0,2552.0,2.0,,,,0.2,0.1925579158,2.7914980207,20.06163605956354,0.8226641169,1.5532720403,70.1245068906,10.7516200835
2553,2553,2553.0,2553.0,2553.0,2553.0,2553.0,2553.0,2553.0,2553.0,2553.0,2553.0,2553.0,2553.0,2553.0,2553.0,2553.0,2553.0,2553.0,2553.0,2553.0,2553.0,2553.0,2553.0,2553.0,2553.0,2553.0,2553.0,2553.0,2553.0,2553.0,2553.0,2553.0,2553.0,2553.0,2553.0,2553.0,2553.0,2553.0,3.0,,,,0.3,0.5552506206,4.4349689218,20.07431198201048,2.3759361572,2.9817696098,68.5712348503,10.7516200835
2554,2554,2554.0,2554.0,2554.0,2554.0,2554.0,2554.0,2554.0,2554.0,2554.0,2554.0,2554.0,2554.0,2554.0,2554.0,2554.0,2554.0,2554.0,2554.0,2554.0,2554.0,2554.0,2554.0,2554.0,2554.0,2554.0,2554.0,2554.0,2554.0,2554.0,2554.0,2554.0,2554.0,2554.0,2554.0,2554.0,2554.0,2554.0,4.0,,,,0.4,1.0744012736,5.923249467,19.97092740837466,5.357705767,4.7717924916,65.5894652405,10.7516200835
2555,2555,2555.0,2555.0,2555.0,2555.0,2555.0,2555.0,2555.0,2555.0,2555.0,2555.0,2555.0,2555.0,2555.0,2555.0,2555.0,2555.0,2555.0,2555.0,2555.0,2555.0,2555.0,2555.0,2555.0,2555.0,2555.0,2555.0,2555.0,2555.0,2555.0,2555.0,2555.0,2555.0,2555.0,2555.0,2555.0,2555.0,2555.0,5.0,,,,0.5,1.7346806991,7.2600627823,19.989781705824377,10.1294982586,6.868864541199999,60.81767274890001,10.7516200835
2556,2556,2556.0,2556.0,2556.0,2556.0,2556.0,2556.0,2556.0,2556.0,2556.0,2556.0,2556.0,2556.0,2556.0,2556.0,2556.0,2556.0,2556.0,2556.0,2556.0,2556.0,2556.0,2556.0,2556.0,2556.0,2556.0,2556.0,2556.0,2556.0,2556.0,2556.0,2556.0,2556.0,2556.0,2556.0,2556.0,2556.0,2556.0,6.0,,,,0.6,2.5222657697,8.4714558823,19.882022287579264,16.9983627998,9.2352815018,53.94880820770001,10.7516200835
2557,2557,2557.0,2557.0,2557.0,2557.0,2557.0,2557.0,2557.0,2557.0,2557.0,2557.0,2557.0,2557.0,2557.0,2557.0,2557.0,2557.0,2557.0,2557.0,2557.0,2557.0,2557.0,2557.0,2557.0,2557.0,2557.0,2557.0,2557.0,2557.0,2557.0,2557.0,2557.0,2557.0,2557.0,2557.0,2557.0,2557.0,2557.0,7.0,,,,0.7,3.4246085016,9.5573153791,20.02436285081484,26.2336443016,11.881195158,44.71352670590001,10.7516200835
2558,2558,2558.0,2558.0,2558.0,2558.0,2558.0,2558.0,2558.0,2558.0,2558.0,2558.0,2558.0,2558.0,2558.0,2558.0,2558.0,2558.0,2558.0,2558.0,2558.0,2558.0,2558.0,2558.0,2558.0,2558.0,2558.0,2558.0,2558.0,2558.0,2558.0,2558.0,2558.0,2558.0,2558.0,2558.0,2558.0,2558.0,2558.0,8.0,,,,0.8,4.4309723167,10.5533878492,19.991994456317386,38.1148394596,14.8127941196,32.832331547900004,10.7516200835
2559,2559,2559.0,2559.0,2559.0,2559.0,2559.0,2559.0,2559.0,2559.0,2559.0,2559.0,2559.0,2559.0,2559.0,2559.0,2559.0,2559.0,2559.0,2559.0,2559.0,2559.0,2559.0,2559.0,2559.0,2559.0,2559.0,2559.0,2559.0,2559.0,2559.0,2559.0,2559.0,2559.0,2559.0,2559.0,2559.0,2559.0,2559.0,9.0,,,,0.9,5.5319660977,11.4515935138,19.85849012234492,52.9276335792,18.019537428300005,18.019537428300005,10.7516200835
2560,2560,2560.0,2560.0,2560.0,2560.0,2560.0,2560.0,2560.0,2560.0,2560.0,2560.0,2560.0,2560.0,2560.0,2560.0,2560.0,2560.0,2560.0,2560.0,2560.0,2560.0,2560.0,2560.0,2560.0,2560.0,2560.0,2560.0,2560.0,2560.0,2560.0,2560.0,2560.0,2560.0,2560.0,2560.0,2560.0,2560.0,2560.0,0.0,,,,0.0,0.0,-1.0,20.10660002156964,0.0,0.235825876,70.80963577520001,10.7271398814
2561,2561,2561.0,2561.0,2561.0,2561.0,2561.0,2561.0,2561.0,2561.0,2561.0,2561.0,2561.0,2561.0,2561.0,2561.0,2561.0,2561.0,2561.0,2561.0,2561.0,2561.0,2561.0,2561.0,2561.0,2561.0,2561.0,2561.0,2561.0,2561.0,2561.0,2561.0,2561.0,2561.0,2561.0,2561.0,2561.0,2561.0,2561.0,1.0,,,,0.1,0.0021014477,1.0085585544,20.01540183000753,0.235825876,0.6002941944,70.5738098992,10.7271398814
2562,2562,2562.0,2562.0,2562.0,2562.0,2562.0,2562.0,2562.0,2562.0,2562.0,2562.0,2562.0,2562.0,2562.0,2562.0,2562.0,2562.0,2562.0,2562.0,2562.0,2562.0,2562.0,2562.0,2562.0,2562.0,2562.0,2562.0,2562.0,2562.0,2562.0,2562.0,2562.0,2562.0,2562.0,2562.0,2562.0,2562.0,2562.0,2.0,,,,0.2,0.1949013604,2.8172988248,20.029190248632844,0.8361200704,1.5694647561,69.9735157048,10.7271398814
2563,2563,2563.0,2563.0,2563.0,2563.0,2563.0,2563.0,2563.0,2563.0,2563.0,2563.0,2563.0,2563.0,2563.0,2563.0,2563.0,2563.0,2563.0,2563.0,2563.0,2563.0,2563.0,2563.0,2563.0,2563.0,2563.0,2563.0,2563.0,2563.0,2563.0,2563.0,2563.0,2563.0,2563.0,2563.0,2563.0,2563.0,2563.0,3.0,,,,0.3,0.5598923817,4.4552268283,20.048949235208887,2.4055848265,3.0008426791,68.40405094869999,10.7271398814
2564,2564,2564.0,2564.0,2564.0,2564.0,2564.0,2564.0,2564.0,2564.0,2564.0,2564.0,2564.0,2564.0,2564.0,2564.0,2564.0,2564.0,2564.0,2564.0,2564.0,2564.0,2564.0,2564.0,2564.0,2564.0,2564.0,2564.0,2564.0,2564.0,2564.0,2564.0,2564.0,2564.0,2564.0,2564.0,2564.0,2564.0,2564.0,4.0,,,,0.4,1.0808481363,5.9391659972,19.818673133746547,5.4064275056,4.780646752599999,65.40320826959999,10.7271398814
2565,2565,2565.0,2565.0,2565.0,2565.0,2565.0,2565.0,2565.0,2565.0,2565.0,2565.0,2565.0,2565.0,2565.0,2565.0,2565.0,2565.0,2565.0,2565.0,2565.0,2565.0,2565.0,2565.0,2565.0,2565.0,2565.0,2565.0,2565.0,2565.0,2565.0,2565.0,2565.0,2565.0,2565.0,2565.0,2565.0,2565.0,2565.0,5.0,,,,0.5,1.7419057017,7.2599757452,19.92145934541593,10.1870742582,6.865048068100002,60.622561517,10.7271398814
2566,2566,2566.0,2566.0,2566.0,2566.0,2566.0,2566.0,2566.0,2566.0,2566.0,2566.0,2566.0,2566.0,2566.0,2566.0,2566.0,2566.0,2566.0,2566.0,2566.0,2566.0,2566.0,2566.0,2566.0,2566.0,2566.0,2566.0,2566.0,2566.0,2566.0,2566.0,2566.0,2566.0,2566.0,2566.0,2566.0,2566.0,2566.0,6.0,,,,0.6,2.5291519816,8.4648753998,19.84771834321251,17.0521223263,9.224116144299998,53.75751344889999,10.7271398814
2567,2567,2567.0,2567.0,2567.0,2567.0,2567.0,2567.0,2567.0,2567.0,2567.0,2567.0,2567.0,2567.0,2567.0,2567.0,2567.0,2567.0,2567.0,2567.0,2567.0,2567.0,2567.0,2567.0,2567.0,2567.0,2567.0,2567.0,2567.0,2567.0,2567.0,2567.0,2567.0,2567.0,2567.0,2567.0,2567.0,2567.0,2567.0,7.0,,,,0.7,3.430702551,9.5480966648,19.82010076897882,26.2762384706,11.843448931799998,44.5333973046,10.7271398814
2568,2568,2568.0,2568.0,2568.0,2568.0,2568.0,2568.0,2568.0,2568.0,2568.0,2568.0,2568.0,2568.0,2568.0,2568.0,2568.0,2568.0,2568.0,2568.0,2568.0,2568.0,2568.0,2568.0,2568.0,2568.0,2568.0,2568.0,2568.0,2568.0,2568.0,2568.0,2568.0,2568.0,2568.0,2568.0,2568.0,2568.0,2568.0,8.0,,,,0.8,4.4352009889,10.5256083038,19.86900016874176,38.1196874024,14.741612585300004,32.6899483728,10.7271398814
2569,2569,2569.0,2569.0,2569.0,2569.0,2569.0,2569.0,2569.0,2569.0,2569.0,2569.0,2569.0,2569.0,2569.0,2569.0,2569.0,2569.0,2569.0,2569.0,2569.0,2569.0,2569.0,2569.0,2569.0,2569.0,2569.0,2569.0,2569.0,2569.0,2569.0,2569.0,2569.0,2569.0,2569.0,2569.0,2569.0,2569.0,2569.0,9.0,,,,0.9,5.5329562113,11.4147530982,19.951533808169,52.8612999877,17.948335787499992,17.948335787499992,10.7271398814
2570,2570,2570.0,2570.0,2570.0,2570.0,2570.0,2570.0,2570.0,2570.0,2570.0,2570.0,2570.0,2570.0,2570.0,2570.0,2570.0,2570.0,2570.0,2570.0,2570.0,2570.0,2570.0,2570.0,2570.0,2570.0,2570.0,2570.0,2570.0,2570.0,2570.0,2570.0,2570.0,2570.0,2570.0,2570.0,2570.0,2570.0,2570.0,0.0,,,,0.0,0.0,-1.0,20.11059462828659,0.0,0.2359197249,71.45739357410001,10.803455416
2571,2571,2571.0,2571.0,2571.0,2571.0,2571.0,2571.0,2571.0,2571.0,2571.0,2571.0,2571.0,2571.0,2571.0,2571.0,2571.0,2571.0,2571.0,2571.0,2571.0,2571.0,2571.0,2571.0,2571.0,2571.0,2571.0,2571.0,2571.0,2571.0,2571.0,2571.0,2571.0,2571.0,2571.0,2571.0,2571.0,2571.0,2571.0,1.0,,,,0.1,0.0021207713,1.0089386915,20.15852067098005,0.2359197249,0.6064012845,71.22147384920001,10.803455416
2572,2572,2572.0,2572.0,2572.0,2572.0,2572.0,2572.0,2572.0,2572.0,2572.0,2572.0,2572.0,2572.0,2572.0,2572.0,2572.0,2572.0,2572.0,2572.0,2572.0,2572.0,2572.0,2572.0,2572.0,2572.0,2572.0,2572.0,2572.0,2572.0,2572.0,2572.0,2572.0,2572.0,2572.0,2572.0,2572.0,2572.0,2572.0,2.0,,,,0.2,0.1956491845,2.8312623454,19.87891304396854,0.8423210094,1.5705280633999998,70.61507256470001,10.803455416
2573,2573,2573.0,2573.0,2573.0,2573.0,2573.0,2573.0,2573.0,2573.0,2573.0,2573.0,2573.0,2573.0,2573.0,2573.0,2573.0,2573.0,2573.0,2573.0,2573.0,2573.0,2573.0,2573.0,2573.0,2573.0,2573.0,2573.0,2573.0,2573.0,2573.0,2573.0,2573.0,2573.0,2573.0,2573.0,2573.0,2573.0,2573.0,3.0,,,,0.3,0.561242058,4.4535607763,19.97402349500804,2.4128490728,2.9939267217,69.04454450130001,10.803455416
2574,2574,2574.0,2574.0,2574.0,2574.0,2574.0,2574.0,2574.0,2574.0,2574.0,2574.0,2574.0,2574.0,2574.0,2574.0,2574.0,2574.0,2574.0,2574.0,2574.0,2574.0,2574.0,2574.0,2574.0,2574.0,2574.0,2574.0,2574.0,2574.0,2574.0,2574.0,2574.0,2574.0,2574.0,2574.0,2574.0,2574.0,2574.0,4.0,,,,0.4,1.0816768177,5.9305283661,20.15234319359573,5.4067757945,4.798815571,66.0506177796,10.803455416
2575,2575,2575.0,2575.0,2575.0,2575.0,2575.0,2575.0,2575.0,2575.0,2575.0,2575.0,2575.0,2575.0,2575.0,2575.0,2575.0,2575.0,2575.0,2575.0,2575.0,2575.0,2575.0,2575.0,2575.0,2575.0,2575.0,2575.0,2575.0,2575.0,2575.0,2575.0,2575.0,2575.0,2575.0,2575.0,2575.0,2575.0,2575.0,5.0,,,,0.5,1.7435258178,7.2839136854,20.039584614166728,10.2055913655,6.913834880400001,61.2518022086,10.803455416
2576,2576,2576.0,2576.0,2576.0,2576.0,2576.0,2576.0,2576.0,2576.0,2576.0,2576.0,2576.0,2576.0,2576.0,2576.0,2576.0,2576.0,2576.0,2576.0,2576.0,2576.0,2576.0,2576.0,2576.0,2576.0,2576.0,2576.0,2576.0,2576.0,2576.0,2576.0,2576.0,2576.0,2576.0,2576.0,2576.0,2576.0,2576.0,6.0,,,,0.6,2.5336215179,8.4977764467,20.17499031416908,17.1194262459,9.3203929699,54.3379673282,10.803455416
2577,2577,2577.0,2577.0,2577.0,2577.0,2577.0,2577.0,2577.0,2577.0,2577.0,2577.0,2577.0,2577.0,2577.0,2577.0,2577.0,2577.0,2577.0,2577.0,2577.0,2577.0,2577.0,2577.0,2577.0,2577.0,2577.0,2577.0,2577.0,2577.0,2577.0,2577.0,2577.0,2577.0,2577.0,2577.0,2577.0,2577.0,2577.0,7.0,,,,0.7,3.4398861759,9.6090108201,19.8342664303687,26.4398192158,11.971487353599995,45.0175743583,10.803455416
2578,2578,2578.0,2578.0,2578.0,2578.0,2578.0,2578.0,2578.0,2578.0,2578.0,2578.0,2578.0,2578.0,2578.0,2578.0,2578.0,2578.0,2578.0,2578.0,2578.0,2578.0,2578.0,2578.0,2578.0,2578.0,2578.0,2578.0,2578.0,2578.0,2578.0,2578.0,2578.0,2578.0,2578.0,2578.0,2578.0,2578.0,2578.0,8.0,,,,0.8,4.4502499167,10.5820737224,20.01160006519377,38.4113065694,14.896137247400006,33.0460870047,10.803455416
2579,2579,2579.0,2579.0,2579.0,2579.0,2579.0,2579.0,2579.0,2579.0,2579.0,2579.0,2579.0,2579.0,2579.0,2579.0,2579.0,2579.0,2579.0,2579.0,2579.0,2579.0,2579.0,2579.0,2579.0,2579.0,2579.0,2579.0,2579.0,2579.0,2579.0,2579.0,2579.0,2579.0,2579.0,2579.0,2579.0,2579.0,2579.0,9.0,,,,0.9,5.5540683433,11.4794153022,20.13865270597493,53.3074438168,18.1499497573,18.1499497573,10.803455416
2580,2580,2580.0,2580.0,2580.0,2580.0,2580.0,2580.0,2580.0,2580.0,2580.0,2580.0,2580.0,2580.0,2580.0,2580.0,2580.0,2580.0,2580.0,2580.0,2580.0,2580.0,2580.0,2580.0,2580.0,2580.0,2580.0,2580.0,2580.0,2580.0,2580.0,2580.0,2580.0,2580.0,2580.0,2580.0,2580.0,2580.0,0.0,,,,,0.0,0.0,-1.0,16.346839600026716,0.0,0.1589555698,18.3422236022,4.797746758200001
2581,2581,2581.0,2581.0,2581.0,2581.0,2581.0,2581.0,2581.0,2581.0,2581.0,2581.0,2581.0,2581.0,2581.0,2581.0,2581.0,2581.0,2581.0,2581.0,2581.0,2581.0,2581.0,2581.0,2581.0,2581.0,2581.0,2581.0,2581.0,2581.0,2581.0,2581.0,2581.0,2581.0,2581.0,2581.0,2581.0,2581.0,1.0,,,,,0.1,-0.0160860854,0.6507700454,13.729995499653398,0.1589555698,0.2721751281,18.1832680324,4.797746758200001
2582,2582,2582.0,2582.0,2582.0,2582.0,2582.0,2582.0,2582.0,2582.0,2582.0,2582.0,2582.0,2582.0,2582.0,2582.0,2582.0,2582.0,2582.0,2582.0,2582.0,2582.0,2582.0,2582.0,2582.0,2582.0,2582.0,2582.0,2582.0,2582.0,2582.0,2582.0,2582.0,2582.0,2582.0,2582.0,2582.0,2582.0,2.0,,,,,0.2,0.1122605946,1.8954229154,11.98195105623684,0.4311306979,0.6529632080000001,17.911092904300002,4.797746758200001
2583,2583,2583.0,2583.0,2583.0,2583.0,2583.0,2583.0,2583.0,2583.0,2583.0,2583.0,2583.0,2583.0,2583.0,2583.0,2583.0,2583.0,2583.0,2583.0,2583.0,2583.0,2583.0,2583.0,2583.0,2583.0,2583.0,2583.0,2583.0,2583.0,2583.0,2583.0,2583.0,2583.0,2583.0,2583.0,2583.0,2583.0,3.0,,,,,0.3,0.3505956298,2.8552829857,9.588224725947278,1.0840939059,1.0875297811999998,17.258129696300003,4.797746758200001
2584,2584,2584.0,2584.0,2584.0,2584.0,2584.0,2584.0,2584.0,2584.0,2584.0,2584.0,2584.0,2584.0,2584.0,2584.0,2584.0,2584.0,2584.0,2584.0,2584.0,2584.0,2584.0,2584.0,2584.0,2584.0,2584.0,2584.0,2584.0,2584.0,2584.0,2584.0,2584.0,2584.0,2584.0,2584.0,2584.0,2584.0,4.0,,,,,0.4,0.6686939906,3.4960070976,7.145401153486753,2.1716236871,1.4485711079000003,16.170599915100002,4.797746758200001
2585,2585,2585.0,2585.0,2585.0,2585.0,2585.0,2585.0,2585.0,2585.0,2585.0,2585.0,2585.0,2585.0,2585.0,2585.0,2585.0,2585.0,2585.0,2585.0,2585.0,2585.0,2585.0,2585.0,2585.0,2585.0,2585.0,2585.0,2585.0,2585.0,2585.0,2585.0,2585.0,2585.0,2585.0,2585.0,2585.0,2585.0,5.0,,,,,0.5,1.0359487125,3.843292491,7.328601358070825,3.620194795,1.7908656704,14.7220288072,4.797746758200001
2586,2586,2586.0,2586.0,2586.0,2586.0,2586.0,2586.0,2586.0,2586.0,2586.0,2586.0,2586.0,2586.0,2586.0,2586.0,2586.0,2586.0,2586.0,2586.0,2586.0,2586.0,2586.0,2586.0,2586.0,2586.0,2586.0,2586.0,2586.0,2586.0,2586.0,2586.0,2586.0,2586.0,2586.0,2586.0,2586.0,2586.0,6.0,,,,,0.6,1.4371376896,4.1749636498,8.340356435638022,5.4110604654,2.2261662878,12.9311631368,4.797746758200001
2587,2587,2587.0,2587.0,2587.0,2587.0,2587.0,2587.0,2587.0,2587.0,2587.0,2587.0,2587.0,2587.0,2587.0,2587.0,2587.0,2587.0,2587.0,2587.0,2587.0,2587.0,2587.0,2587.0,2587.0,2587.0,2587.0,2587.0,2587.0,2587.0,2587.0,2587.0,2587.0,2587.0,2587.0,2587.0,2587.0,2587.0,7.0,,,,,0.7,1.8747831585,4.5713538244,9.262178855786164,7.6372267532,2.7944627332,10.704996849,4.797746758200001
2588,2588,2588.0,2588.0,2588.0,2588.0,2588.0,2588.0,2588.0,2588.0,2588.0,2588.0,2588.0,2588.0,2588.0,2588.0,2588.0,2588.0,2588.0,2588.0,2588.0,2588.0,2588.0,2588.0,2588.0,2588.0,2588.0,2588.0,2588.0,2588.0,2588.0,2588.0,2588.0,2588.0,2588.0,2588.0,2588.0,2588.0,8.0,,,,,0.8,2.3546081103,5.0177467582,10.049557956569853,10.4316894864,3.5058672109,7.910534115800001,4.797746758200001
2589,2589,2589.0,2589.0,2589.0,2589.0,2589.0,2589.0,2589.0,2589.0,2589.0,2589.0,2589.0,2589.0,2589.0,2589.0,2589.0,2589.0,2589.0,2589.0,2589.0,2589.0,2589.0,2589.0,2589.0,2589.0,2589.0,2589.0,2589.0,2589.0,2589.0,2589.0,2589.0,2589.0,2589.0,2589.0,2589.0,2589.0,9.0,,,,,0.9,2.8807210928,5.4965895713,11.242554919031146,13.9375566973,4.404666904900001,4.404666904900001,4.797746758200001
2590,2590,2590.0,2590.0,2590.0,2590.0,2590.0,2590.0,2590.0,2590.0,2590.0,2590.0,2590.0,2590.0,2590.0,2590.0,2590.0,2590.0,2590.0,2590.0,2590.0,2590.0,2590.0,2590.0,2590.0,2590.0,2590.0,2590.0,2590.0,2590.0,2590.0,2590.0,2590.0,2590.0,2590.0,2590.0,2590.0,2590.0,0.0,,,,,0.0,0.0,-1.0,16.341435366207477,0.0,0.1588615579,18.4793705847,4.805711218199999
2591,2591,2591.0,2591.0,2591.0,2591.0,2591.0,2591.0,2591.0,2591.0,2591.0,2591.0,2591.0,2591.0,2591.0,2591.0,2591.0,2591.0,2591.0,2591.0,2591.0,2591.0,2591.0,2591.0,2591.0,2591.0,2591.0,2591.0,2591.0,2591.0,2591.0,2591.0,2591.0,2591.0,2591.0,2591.0,2591.0,2591.0,1.0,,,,,0.1,-0.016112228,0.6502557646,13.68093809565424,0.1588615579,0.270671555,18.3205090268,4.805711218199999
2592,2592,2592.0,2592.0,2592.0,2592.0,2592.0,2592.0,2592.0,2592.0,2592.0,2592.0,2592.0,2592.0,2592.0,2592.0,2592.0,2592.0,2592.0,2592.0,2592.0,2592.0,2592.0,2592.0,2592.0,2592.0,2592.0,2592.0,2592.0,2592.0,2592.0,2592.0,2592.0,2592.0,2592.0,2592.0,2592.0,2592.0,2.0,,,,,0.2,0.1119482006,1.8902891456,12.19234389305136,0.4295331129,0.6583556372000001,18.0498374718,4.805711218199999
2593,2593,2593.0,2593.0,2593.0,2593.0,2593.0,2593.0,2593.0,2593.0,2593.0,2593.0,2593.0,2593.0,2593.0,2593.0,2593.0,2593.0,2593.0,2593.0,2593.0,2593.0,2593.0,2593.0,2593.0,2593.0,2593.0,2593.0,2593.0,2593.0,2593.0,2593.0,2593.0,2593.0,2593.0,2593.0,2593.0,2593.0,3.0,,,,,0.3,0.350812451,2.8706592844,9.689930703328208,1.0878887501,1.1011999355999995,17.3914818346,4.805711218199999
2594,2594,2594.0,2594.0,2594.0,2594.0,2594.0,2594.0,2594.0,2594.0,2594.0,2594.0,2594.0,2594.0,2594.0,2594.0,2594.0,2594.0,2594.0,2594.0,2594.0,2594.0,2594.0,2594.0,2594.0,2594.0,2594.0,2594.0,2594.0,2594.0,2594.0,2594.0,2594.0,2594.0,2594.0,2594.0,2594.0,2594.0,4.0,,,,,0.4,0.6708660544,3.5195987515,6.954353683675909,2.1890886857,1.4573481847000005,16.290281899,4.805711218199999
2595,2595,2595.0,2595.0,2595.0,2595.0,2595.0,2595.0,2595.0,2595.0,2595.0,2595.0,2595.0,2595.0,2595.0,2595.0,2595.0,2595.0,2595.0,2595.0,2595.0,2595.0,2595.0,2595.0,2595.0,2595.0,2595.0,2595.0,2595.0,2595.0,2595.0,2595.0,2595.0,2595.0,2595.0,2595.0,2595.0,2595.0,5.0,,,,,0.5,1.0394416189,3.8464585553,7.595598666958219,3.6464368704,1.8068276090999995,14.8329337143,4.805711218199999
2596,2596,2596.0,2596.0,2596.0,2596.0,2596.0,2596.0,2596.0,2596.0,2596.0,2596.0,2596.0,2596.0,2596.0,2596.0,2596.0,2596.0,2596.0,2596.0,2596.0,2596.0,2596.0,2596.0,2596.0,2596.0,2596.0,2596.0,2596.0,2596.0,2596.0,2596.0,2596.0,2596.0,2596.0,2596.0,2596.0,2596.0,6.0,,,,,0.6,1.4422234499,4.203236591,8.221493986366113,5.4532644795,2.2457412962000003,13.0261061052,4.805711218199999
2597,2597,2597.0,2597.0,2597.0,2597.0,2597.0,2597.0,2597.0,2597.0,2597.0,2597.0,2597.0,2597.0,2597.0,2597.0,2597.0,2597.0,2597.0,2597.0,2597.0,2597.0,2597.0,2597.0,2597.0,2597.0,2597.0,2597.0,2597.0,2597.0,2597.0,2597.0,2597.0,2597.0,2597.0,2597.0,2597.0,2597.0,7.0,,,,,0.7,1.8819844917,4.5856249478,9.21017759965098,7.6990057757,2.8078778988,10.780364809,4.805711218199999
2598,2598,2598.0,2598.0,2598.0,2598.0,2598.0,2598.0,2598.0,2598.0,2598.0,2598.0,2598.0,2598.0,2598.0,2598.0,2598.0,2598.0,2598.0,2598.0,2598.0,2598.0,2598.0,2598.0,2598.0,2598.0,2598.0,2598.0,2598.0,2598.0,2598.0,2598.0,2598.0,2598.0,2598.0,2598.0,2598.0,2598.0,8.0,,,,,0.8,2.3629159813,5.0257112182,10.258875802961716,10.5068836745,3.531556782700001,7.972486910200001,4.805711218199999
2599,2599,2599.0,2599.0,2599.0,2599.0,2599.0,2599.0,2599.0,2599.0,2599.0,2599.0,2599.0,2599.0,2599.0,2599.0,2599.0,2599.0,2599.0,2599.0,2599.0,2599.0,2599.0,2599.0,2599.0,2599.0,2599.0,2599.0,2599.0,2599.0,2599.0,2599.0,2599.0,2599.0,2599.0,2599.0,2599.0,2599.0,9.0,,,,,0.9,2.8907993619,5.5237154179,11.230428395009984,14.0384404572,4.4409301275,4.4409301275,4.805711218199999
2600,2600,2600.0,2600.0,2600.0,2600.0,2600.0,2600.0,2600.0,2600.0,2600.0,2600.0,2600.0,2600.0,2600.0,2600.0,2600.0,2600.0,2600.0,2600.0,2600.0,2600.0,2600.0,2600.0,2600.0,2600.0,2600.0,2600.0,2600.0,2600.0,2600.0,2600.0,2600.0,2600.0,2600.0,2600.0,2600.0,2600.0,0.0,,,,,0.0,0.0,-1.0,16.021413818631526,0.0,0.1533788192,18.157146211400004,4.777912571
2601,2601,2601.0,2601.0,2601.0,2601.0,2601.0,2601.0,2601.0,2601.0,2601.0,2601.0,2601.0,2601.0,2601.0,2601.0,2601.0,2601.0,2601.0,2601.0,2601.0,2601.0,2601.0,2601.0,2601.0,2601.0,2601.0,2601.0,2601.0,2601.0,2601.0,2601.0,2601.0,2601.0,2601.0,2601.0,2601.0,2601.0,1.0,,,,,0.1,-0.017660306,0.6198016879,13.563746795399984,0.1533788192,0.2601201758,18.003767392200004,4.777912571
2602,2602,2602.0,2602.0,2602.0,2602.0,2602.0,2602.0,2602.0,2602.0,2602.0,2602.0,2602.0,2602.0,2602.0,2602.0,2602.0,2602.0,2602.0,2602.0,2602.0,2602.0,2602.0,2602.0,2602.0,2602.0,2602.0,2602.0,2602.0,2602.0,2602.0,2602.0,2602.0,2602.0,2602.0,2602.0,2602.0,2602.0,2.0,,,,,0.2,0.1069351304,1.851580931,11.883697711465006,0.413498995,0.6294189408,17.743647216400003,4.777912571
2603,2603,2603.0,2603.0,2603.0,2603.0,2603.0,2603.0,2603.0,2603.0,2603.0,2603.0,2603.0,2603.0,2603.0,2603.0,2603.0,2603.0,2603.0,2603.0,2603.0,2603.0,2603.0,2603.0,2603.0,2603.0,2603.0,2603.0,2603.0,2603.0,2603.0,2603.0,2603.0,2603.0,2603.0,2603.0,2603.0,2603.0,3.0,,,,,0.3,0.3406227571,2.8062630754,9.841808376923389,1.0429179358,1.0673449944999998,17.114228275600002,4.777912571
2604,2604,2604.0,2604.0,2604.0,2604.0,2604.0,2604.0,2604.0,2604.0,2604.0,2604.0,2604.0,2604.0,2604.0,2604.0,2604.0,2604.0,2604.0,2604.0,2604.0,2604.0,2604.0,2604.0,2604.0,2604.0,2604.0,2604.0,2604.0,2604.0,2604.0,2604.0,2604.0,2604.0,2604.0,2604.0,2604.0,2604.0,4.0,,,,,0.4,0.6552829469,3.4757837233,7.023990365000489,2.1102629303,1.4267973125000002,16.0468832811,4.777912571
2605,2605,2605.0,2605.0,2605.0,2605.0,2605.0,2605.0,2605.0,2605.0,2605.0,2605.0,2605.0,2605.0,2605.0,2605.0,2605.0,2605.0,2605.0,2605.0,2605.0,2605.0,2605.0,2605.0,2605.0,2605.0,2605.0,2605.0,2605.0,2605.0,2605.0,2605.0,2605.0,2605.0,2605.0,2605.0,2605.0,2605.0,5.0,,,,,0.5,1.0200258246,3.8134398821,7.482922892765591,3.5370602428,1.7711392420000005,14.620085968600002,4.777912571
2606,2606,2606.0,2606.0,2606.0,2606.0,2606.0,2606.0,2606.0,2606.0,2606.0,2606.0,2606.0,2606.0,2606.0,2606.0,2606.0,2606.0,2606.0,2606.0,2606.0,2606.0,2606.0,2606.0,2606.0,2606.0,2606.0,2606.0,2606.0,2606.0,2606.0,2606.0,2606.0,2606.0,2606.0,2606.0,2606.0,2606.0,6.0,,,,,0.6,1.4191204704,4.1626375257,8.481819616589364,5.3081994848,2.2171333778,12.8489467266,4.777912571
2607,2607,2607.0,2607.0,2607.0,2607.0,2607.0,2607.0,2607.0,2607.0,2607.0,2607.0,2607.0,2607.0,2607.0,2607.0,2607.0,2607.0,2607.0,2607.0,2607.0,2607.0,2607.0,2607.0,2607.0,2607.0,2607.0,2607.0,2607.0,2607.0,2607.0,2607.0,2607.0,2607.0,2607.0,2607.0,2607.0,2607.0,7.0,,,,,0.7,1.8562773233,4.5736626344,9.031803164429618,7.5253328626,2.7757186614,10.631813348800002,4.777912571
2608,2608,2608.0,2608.0,2608.0,2608.0,2608.0,2608.0,2608.0,2608.0,2608.0,2608.0,2608.0,2608.0,2608.0,2608.0,2608.0,2608.0,2608.0,2608.0,2608.0,2608.0,2608.0,2608.0,2608.0,2608.0,2608.0,2608.0,2608.0,2608.0,2608.0,2608.0,2608.0,2608.0,2608.0,2608.0,2608.0,2608.0,8.0,,,,,0.8,2.3352077031,4.997912571,10.02635940783699,10.301051524,3.4739912444000005,7.856094687400001,4.777912571
2609,2609,2609.0,2609.0,2609.0,2609.0,2609.0,2609.0,2609.0,2609.0,2609.0,2609.0,2609.0,2609.0,2609.0,2609.0,2609.0,2609.0,2609.0,2609.0,2609.0,2609.0,2609.0,2609.0,2609.0,2609.0,2609.0,2609.0,2609.0,2609.0,2609.0,2609.0,2609.0,2609.0,2609.0,2609.0,2609.0,2609.0,9.0,,,,,0.9,2.859321018,5.4764351969,11.440520424644168,13.7750427684,4.382103443,4.382103443,4.777912571
2610,2610,2610.0,2610.0,2610.0,2610.0,2610.0,2610.0,2610.0,2610.0,2610.0,2610.0,2610.0,2610.0,2610.0,2610.0,2610.0,2610.0,2610.0,2610.0,2610.0,2610.0,2610.0,2610.0,2610.0,2610.0,2610.0,2610.0,2610.0,2610.0,2610.0,2610.0,2610.0,2610.0,2610.0,2610.0,2610.0,2610.0,0.0,,,,,0.0,0.0,-1.0,16.09216468151695,0.0,0.1545766672,18.0938458924,4.745607268500001
2611,2611,2611.0,2611.0,2611.0,2611.0,2611.0,2611.0,2611.0,2611.0,2611.0,2611.0,2611.0,2611.0,2611.0,2611.0,2611.0,2611.0,2611.0,2611.0,2611.0,2611.0,2611.0,2611.0,2611.0,2611.0,2611.0,2611.0,2611.0,2611.0,2611.0,2611.0,2611.0,2611.0,2611.0,2611.0,2611.0,2611.0,1.0,,,,,0.1,-0.0173180545,0.6265345226,13.859225185307476,0.1545766672,0.2699556744,17.939269225199997,4.745607268500001
2612,2612,2612.0,2612.0,2612.0,2612.0,2612.0,2612.0,2612.0,2612.0,2612.0,2612.0,2612.0,2612.0,2612.0,2612.0,2612.0,2612.0,2612.0,2612.0,2612.0,2612.0,2612.0,2612.0,2612.0,2612.0,2612.0,2612.0,2612.0,2612.0,2612.0,2612.0,2612.0,2612.0,2612.0,2612.0,2612.0,2612.0,2.0,,,,,0.2,0.1093474484,1.8857915383,11.921173637086016,0.4245323416,0.6462444650000001,17.6693135508,4.745607268500001
2613,2613,2613.0,2613.0,2613.0,2613.0,2613.0,2613.0,2613.0,2613.0,2613.0,2613.0,2613.0,2613.0,2613.0,2613.0,2613.0,2613.0,2613.0,2613.0,2613.0,2613.0,2613.0,2613.0,2613.0,2613.0,2613.0,2613.0,2613.0,2613.0,2613.0,2613.0,2613.0,2613.0,2613.0,2613.0,2613.0,2613.0,3.0,,,,,0.3,0.3464719316,2.8407844188,9.607732172507712,1.0707768066,1.0791028102999998,17.0230690858,4.745607268500001
2614,2614,2614.0,2614.0,2614.0,2614.0,2614.0,2614.0,2614.0,2614.0,2614.0,2614.0,2614.0,2614.0,2614.0,2614.0,2614.0,2614.0,2614.0,2614.0,2614.0,2614.0,2614.0,2614.0,2614.0,2614.0,2614.0,2614.0,2614.0,2614.0,2614.0,2614.0,2614.0,2614.0,2614.0,2614.0,2614.0,2614.0,4.0,,,,,0.4,0.6632849369,3.4847446308,6.951859059478509,2.1498796169,1.4313271865000003,15.9439662755,4.745607268500001
2615,2615,2615.0,2615.0,2615.0,2615.0,2615.0,2615.0,2615.0,2615.0,2615.0,2615.0,2615.0,2615.0,2615.0,2615.0,2615.0,2615.0,2615.0,2615.0,2615.0,2615.0,2615.0,2615.0,2615.0,2615.0,2615.0,2615.0,2615.0,2615.0,2615.0,2615.0,2615.0,2615.0,2615.0,2615.0,2615.0,2615.0,5.0,,,,,0.5,1.0285316291,3.8146838445,7.322678643730383,3.5812068034,1.7666508469999995,14.512639089,4.745607268500001
2616,2616,2616.0,2616.0,2616.0,2616.0,2616.0,2616.0,2616.0,2616.0,2616.0,2616.0,2616.0,2616.0,2616.0,2616.0,2616.0,2616.0,2616.0,2616.0,2616.0,2616.0,2616.0,2616.0,2616.0,2616.0,2616.0,2616.0,2616.0,2616.0,2616.0,2616.0,2616.0,2616.0,2616.0,2616.0,2616.0,2616.0,6.0,,,,,0.6,1.4269694793,4.1485138587,8.181807475515383,5.3478576504,2.1922585505,12.745988242,4.745607268500001
2617,2617,2617.0,2617.0,2617.0,2617.0,2617.0,2617.0,2617.0,2617.0,2617.0,2617.0,2617.0,2617.0,2617.0,2617.0,2617.0,2617.0,2617.0,2617.0,2617.0,2617.0,2617.0,2617.0,2617.0,2617.0,2617.0,2617.0,2617.0,2617.0,2617.0,2617.0,2617.0,2617.0,2617.0,2617.0,2617.0,2617.0,7.0,,,,,0.7,1.8613309603,4.5323331253,9.085301871556917,7.5401162009,2.742496256800001,10.5537296915,4.745607268500001
2618,2618,2618.0,2618.0,2618.0,2618.0,2618.0,2618.0,2618.0,2618.0,2618.0,2618.0,2618.0,2618.0,2618.0,2618.0,2618.0,2618.0,2618.0,2618.0,2618.0,2618.0,2618.0,2618.0,2618.0,2618.0,2618.0,2618.0,2618.0,2618.0,2618.0,2618.0,2618.0,2618.0,2618.0,2618.0,2618.0,2618.0,8.0,,,,,0.8,2.3365870042,4.9656072685,10.27712238004,10.2826124577,3.4573432008999987,7.8112334347,4.745607268500001
2619,2619,2619.0,2619.0,2619.0,2619.0,2619.0,2619.0,2619.0,2619.0,2619.0,2619.0,2619.0,2619.0,2619.0,2619.0,2619.0,2619.0,2619.0,2619.0,2619.0,2619.0,2619.0,2619.0,2619.0,2619.0,2619.0,2619.0,2619.0,2619.0,2619.0,2619.0,2619.0,2619.0,2619.0,2619.0,2619.0,2619.0,9.0,,,,,0.9,2.8588422981,5.4710642125,11.123165901734344,13.7399556586,4.353890233800001,4.353890233800001,4.745607268500001
2620,2620,2620.0,2620.0,2620.0,2620.0,2620.0,2620.0,2620.0,2620.0,2620.0,2620.0,2620.0,2620.0,2620.0,2620.0,2620.0,2620.0,2620.0,2620.0,2620.0,2620.0,2620.0,2620.0,2620.0,2620.0,2620.0,2620.0,2620.0,2620.0,2620.0,2620.0,2620.0,2620.0,2620.0,2620.0,2620.0,2620.0,0.0,,,,,0.0,0.0,-1.0,16.405565503802272,0.0,0.1599802145,18.439510598100004,4.804543325599999
2621,2621,2621.0,2621.0,2621.0,2621.0,2621.0,2621.0,2621.0,2621.0,2621.0,2621.0,2621.0,2621.0,2621.0,2621.0,2621.0,2621.0,2621.0,2621.0,2621.0,2621.0,2621.0,2621.0,2621.0,2621.0,2621.0,2621.0,2621.0,2621.0,2621.0,2621.0,2621.0,2621.0,2621.0,2621.0,2621.0,2621.0,1.0,,,,,0.1,-0.0158020037,0.6563585541,13.782812962303185,0.1599802145,0.2750288641,18.279530383600004,4.804543325599999
2622,2622,2622.0,2622.0,2622.0,2622.0,2622.0,2622.0,2622.0,2622.0,2622.0,2622.0,2622.0,2622.0,2622.0,2622.0,2622.0,2622.0,2622.0,2622.0,2622.0,2622.0,2622.0,2622.0,2622.0,2622.0,2622.0,2622.0,2622.0,2622.0,2622.0,2622.0,2622.0,2622.0,2622.0,2622.0,2622.0,2622.0,2.0,,,,,0.2,0.1133319935,1.9055058532,11.937594817366136,0.4350090786,0.6559761948,18.004501519500003,4.804543325599999
2623,2623,2623.0,2623.0,2623.0,2623.0,2623.0,2623.0,2623.0,2623.0,2623.0,2623.0,2623.0,2623.0,2623.0,2623.0,2623.0,2623.0,2623.0,2623.0,2623.0,2623.0,2623.0,2623.0,2623.0,2623.0,2623.0,2623.0,2623.0,2623.0,2623.0,2623.0,2623.0,2623.0,2623.0,2623.0,2623.0,2623.0,3.0,,,,,0.3,0.3524119774,2.8601853509,9.722646994600115,1.0909852734,1.0963135331999998,17.348525324700002,4.804543325599999
2624,2624,2624.0,2624.0,2624.0,2624.0,2624.0,2624.0,2624.0,2624.0,2624.0,2624.0,2624.0,2624.0,2624.0,2624.0,2624.0,2624.0,2624.0,2624.0,2624.0,2624.0,2624.0,2624.0,2624.0,2624.0,2624.0,2624.0,2624.0,2624.0,2624.0,2624.0,2624.0,2624.0,2624.0,2624.0,2624.0,2624.0,4.0,,,,,0.4,0.6716271168,3.513234911,6.968637891440046,2.1872988066,1.4535843659000005,16.252211791500002,4.804543325599999
2625,2625,2625.0,2625.0,2625.0,2625.0,2625.0,2625.0,2625.0,2625.0,2625.0,2625.0,2625.0,2625.0,2625.0,2625.0,2625.0,2625.0,2625.0,2625.0,2625.0,2625.0,2625.0,2625.0,2625.0,2625.0,2625.0,2625.0,2625.0,2625.0,2625.0,2625.0,2625.0,2625.0,2625.0,2625.0,2625.0,2625.0,5.0,,,,,0.5,1.0396661845,3.8420596325,7.499606626899005,3.6408831725,1.7989051302,14.7986274256,4.804543325599999
2626,2626,2626.0,2626.0,2626.0,2626.0,2626.0,2626.0,2626.0,2626.0,2626.0,2626.0,2626.0,2626.0,2626.0,2626.0,2626.0,2626.0,2626.0,2626.0,2626.0,2626.0,2626.0,2626.0,2626.0,2626.0,2626.0,2626.0,2626.0,2626.0,2626.0,2626.0,2626.0,2626.0,2626.0,2626.0,2626.0,2626.0,6.0,,,,,0.6,1.4415650513,4.1901214284,8.309692923685597,5.4397883027,2.2389277092999995,12.999722295400002,4.804543325599999
2627,2627,2627.0,2627.0,2627.0,2627.0,2627.0,2627.0,2627.0,2627.0,2627.0,2627.0,2627.0,2627.0,2627.0,2627.0,2627.0,2627.0,2627.0,2627.0,2627.0,2627.0,2627.0,2627.0,2627.0,2627.0,2627.0,2627.0,2627.0,2627.0,2627.0,2627.0,2627.0,2627.0,2627.0,2627.0,2627.0,2627.0,7.0,,,,,0.7,1.8805046514,4.5821511206,9.230935262979962,7.678716012,2.8051873499,10.7607945861,4.804543325599999
2628,2628,2628.0,2628.0,2628.0,2628.0,2628.0,2628.0,2628.0,2628.0,2628.0,2628.0,2628.0,2628.0,2628.0,2628.0,2628.0,2628.0,2628.0,2628.0,2628.0,2628.0,2628.0,2628.0,2628.0,2628.0,2628.0,2628.0,2628.0,2628.0,2628.0,2628.0,2628.0,2628.0,2628.0,2628.0,2628.0,2628.0,8.0,,,,,0.8,2.3612059727,5.0245433256,10.117748526775715,10.4839033619,3.520580710300001,7.9556072362,4.804543325599999
2629,2629,2629.0,2629.0,2629.0,2629.0,2629.0,2629.0,2629.0,2629.0,2629.0,2629.0,2629.0,2629.0,2629.0,2629.0,2629.0,2629.0,2629.0,2629.0,2629.0,2629.0,2629.0,2629.0,2629.0,2629.0,2629.0,2629.0,2629.0,2629.0,2629.0,2629.0,2629.0,2629.0,2629.0,2629.0,2629.0,2629.0,9.0,,,,,0.9,2.8882955704,5.5092285806,11.40511322497266,14.0044840722,4.4350265259,4.4350265259,4.804543325599999
2630,2630,2630.0,2630.0,2630.0,2630.0,2630.0,2630.0,2630.0,2630.0,2630.0,2630.0,2630.0,2630.0,2630.0,2630.0,2630.0,2630.0,2630.0,2630.0,2630.0,2630.0,2630.0,2630.0,2630.0,2630.0,2630.0,2630.0,2630.0,2630.0,2630.0,2630.0,2630.0,2630.0,2630.0,2630.0,2630.0,2630.0,0.0,,,,,0.0,0.0,-1.0,16.05585791016317,0.0,0.1539609622,18.281874287500003,4.796392365399999
2631,2631,2631.0,2631.0,2631.0,2631.0,2631.0,2631.0,2631.0,2631.0,2631.0,2631.0,2631.0,2631.0,2631.0,2631.0,2631.0,2631.0,2631.0,2631.0,2631.0,2631.0,2631.0,2631.0,2631.0,2631.0,2631.0,2631.0,2631.0,2631.0,2631.0,2631.0,2631.0,2631.0,2631.0,2631.0,2631.0,2631.0,1.0,,,,,0.1,-0.0174936855,0.6230794765,13.552845355248497,0.1539609622,0.2605938926,18.127913325300003,4.796392365399999
2632,2632,2632.0,2632.0,2632.0,2632.0,2632.0,2632.0,2632.0,2632.0,2632.0,2632.0,2632.0,2632.0,2632.0,2632.0,2632.0,2632.0,2632.0,2632.0,2632.0,2632.0,2632.0,2632.0,2632.0,2632.0,2632.0,2632.0,2632.0,2632.0,2632.0,2632.0,2632.0,2632.0,2632.0,2632.0,2632.0,2632.0,2.0,,,,,0.2,0.1073609389,1.8535093877,11.943480357879396,0.4145548548,0.6324590739,17.867319432700004,4.796392365399999
2633,2633,2633.0,2633.0,2633.0,2633.0,2633.0,2633.0,2633.0,2633.0,2633.0,2633.0,2633.0,2633.0,2633.0,2633.0,2633.0,2633.0,2633.0,2633.0,2633.0,2633.0,2633.0,2633.0,2633.0,2633.0,2633.0,2633.0,2633.0,2633.0,2633.0,2633.0,2633.0,2633.0,2633.0,2633.0,2633.0,2633.0,3.0,,,,,0.3,0.3415212761,2.8136970862,9.785576609467965,1.0470139287,1.0695852891000002,17.234860358800002,4.796392365399999
2634,2634,2634.0,2634.0,2634.0,2634.0,2634.0,2634.0,2634.0,2634.0,2634.0,2634.0,2634.0,2634.0,2634.0,2634.0,2634.0,2634.0,2634.0,2634.0,2634.0,2634.0,2634.0,2634.0,2634.0,2634.0,2634.0,2634.0,2634.0,2634.0,2634.0,2634.0,2634.0,2634.0,2634.0,2634.0,2634.0,2634.0,4.0,,,,,0.4,0.6566168889,3.4771591344,7.265614753874848,2.1165992178,1.4384622931999995,16.1652750697,4.796392365399999
2635,2635,2635.0,2635.0,2635.0,2635.0,2635.0,2635.0,2635.0,2635.0,2635.0,2635.0,2635.0,2635.0,2635.0,2635.0,2635.0,2635.0,2635.0,2635.0,2635.0,2635.0,2635.0,2635.0,2635.0,2635.0,2635.0,2635.0,2635.0,2635.0,2635.0,2635.0,2635.0,2635.0,2635.0,2635.0,2635.0,2635.0,5.0,,,,,0.5,1.0226595159,3.8376779828,7.304484922421132,3.555061511,1.7821188646,14.7268127765,4.796392365399999
2636,2636,2636.0,2636.0,2636.0,2636.0,2636.0,2636.0,2636.0,2636.0,2636.0,2636.0,2636.0,2636.0,2636.0,2636.0,2636.0,2636.0,2636.0,2636.0,2636.0,2636.0,2636.0,2636.0,2636.0,2636.0,2636.0,2636.0,2636.0,2636.0,2636.0,2636.0,2636.0,2636.0,2636.0,2636.0,2636.0,2636.0,6.0,,,,,0.6,1.4231975561,4.1675884348,8.256008847874647,5.3371803756,2.2109574905,12.9446939119,4.796392365399999
2637,2637,2637.0,2637.0,2637.0,2637.0,2637.0,2637.0,2637.0,2637.0,2637.0,2637.0,2637.0,2637.0,2637.0,2637.0,2637.0,2637.0,2637.0,2637.0,2637.0,2637.0,2637.0,2637.0,2637.0,2637.0,2637.0,2637.0,2637.0,2637.0,2637.0,2637.0,2637.0,2637.0,2637.0,2637.0,2637.0,2637.0,7.0,,,,,0.7,1.8597332097,4.556653666,9.387720240158778,7.5481378661,2.781593737799999,10.7337364214,4.796392365399999
2638,2638,2638.0,2638.0,2638.0,2638.0,2638.0,2638.0,2638.0,2638.0,2638.0,2638.0,2638.0,2638.0,2638.0,2638.0,2638.0,2638.0,2638.0,2638.0,2638.0,2638.0,2638.0,2638.0,2638.0,2638.0,2638.0,2638.0,2638.0,2638.0,2638.0,2638.0,2638.0,2638.0,2638.0,2638.0,2638.0,2638.0,8.0,,,,,0.8,2.3387665343,5.0163923654,10.375093003909564,10.3297316039,3.516681353000001,7.9521426836,4.796392365399999
2639,2639,2639.0,2639.0,2639.0,2639.0,2639.0,2639.0,2639.0,2639.0,2639.0,2639.0,2639.0,2639.0,2639.0,2639.0,2639.0,2639.0,2639.0,2639.0,2639.0,2639.0,2639.0,2639.0,2639.0,2639.0,2639.0,2639.0,2639.0,2639.0,2639.0,2639.0,2639.0,2639.0,2639.0,2639.0,2639.0,2639.0,9.0,,,,,0.9,2.8663253267,5.5263428734,11.331859135912698,13.8464129569,4.435461330599999,4.435461330599999,4.796392365399999
2640,2640,2640.0,2640.0,2640.0,2640.0,2640.0,2640.0,2640.0,2640.0,2640.0,2640.0,2640.0,2640.0,2640.0,2640.0,2640.0,2640.0,2640.0,2640.0,2640.0,2640.0,2640.0,2640.0,2640.0,2640.0,2640.0,2640.0,2640.0,2640.0,2640.0,2640.0,2640.0,2640.0,2640.0,2640.0,2640.0,0.0,,,,,,0.0,0.0,-1.0,-0.8886916326415604,0.0,0.0996523966,0.8109782863000001,-2.5
2641,2641,2641.0,2641.0,2641.0,2641.0,2641.0,2641.0,2641.0,2641.0,2641.0,2641.0,2641.0,2641.0,2641.0,2641.0,2641.0,2641.0,2641.0,2641.0,2641.0,2641.0,2641.0,2641.0,2641.0,2641.0,2641.0,2641.0,2641.0,2641.0,2641.0,2641.0,2641.0,2641.0,2641.0,2641.0,2641.0,1.0,,,,,,0.1,-0.0994615476,-0.9894076157,-0.6360399532007601,0.0996523966,0.0970313428,0.7113258897000001,-1.7694076157000005
2642,2642,2642.0,2642.0,2642.0,2642.0,2642.0,2642.0,2642.0,2642.0,2642.0,2642.0,2642.0,2642.0,2642.0,2642.0,2642.0,2642.0,2642.0,2642.0,2642.0,2642.0,2642.0,2642.0,2642.0,2642.0,2642.0,2642.0,2642.0,2642.0,2642.0,2642.0,2642.0,2642.0,2642.0,2642.0,2642.0,2.0,,,,,,0.2,-0.1966929785,-0.9557801801,-0.4022760753376141,0.1966837394,0.0924146396,0.6142945469000001,-1.1757801800999998
2643,2643,2643.0,2643.0,2643.0,2643.0,2643.0,2643.0,2643.0,2643.0,2643.0,2643.0,2643.0,2643.0,2643.0,2643.0,2643.0,2643.0,2643.0,2643.0,2643.0,2643.0,2643.0,2643.0,2643.0,2643.0,2643.0,2643.0,2643.0,2643.0,2643.0,2643.0,2643.0,2643.0,2643.0,2643.0,2643.0,3.0,,,,,,0.3,-0.2895935387,-0.9031072275,-0.1817449447036778,0.289098379,0.0866249251999999,0.5218799073,-0.7231072275000001
2644,2644,2644.0,2644.0,2644.0,2644.0,2644.0,2644.0,2644.0,2644.0,2644.0,2644.0,2644.0,2644.0,2644.0,2644.0,2644.0,2644.0,2644.0,2644.0,2644.0,2644.0,2644.0,2644.0,2644.0,2644.0,2644.0,2644.0,2644.0,2644.0,2644.0,2644.0,2644.0,2644.0,2644.0,2644.0,2644.0,4.0,,,,,,0.4,-0.3764147209,-0.8344605397,-0.104753236103105,0.3757233042,0.0813494354,0.4352549821,-0.4144605396999999
2645,2645,2645.0,2645.0,2645.0,2645.0,2645.0,2645.0,2645.0,2645.0,2645.0,2645.0,2645.0,2645.0,2645.0,2645.0,2645.0,2645.0,2645.0,2645.0,2645.0,2645.0,2645.0,2645.0,2645.0,2645.0,2645.0,2645.0,2645.0,2645.0,2645.0,2645.0,2645.0,2645.0,2645.0,2645.0,2645.0,5.0,,,,,,0.5,-0.4563308685,-0.7650197157,0.2102345970586321,0.4570727396,0.0759713068,0.3539055467,-0.2650197157
2646,2646,2646.0,2646.0,2646.0,2646.0,2646.0,2646.0,2646.0,2646.0,2646.0,2646.0,2646.0,2646.0,2646.0,2646.0,2646.0,2646.0,2646.0,2646.0,2646.0,2646.0,2646.0,2646.0,2646.0,2646.0,2646.0,2646.0,2646.0,2646.0,2646.0,2646.0,2646.0,2646.0,2646.0,2646.0,2646.0,6.0,,,,,,0.6,-0.5281152074,-0.672211917,0.0464597279937785,0.5330440464,0.07213075,0.2779342399,-0.252211917
2647,2647,2647.0,2647.0,2647.0,2647.0,2647.0,2647.0,2647.0,2647.0,2647.0,2647.0,2647.0,2647.0,2647.0,2647.0,2647.0,2647.0,2647.0,2647.0,2647.0,2647.0,2647.0,2647.0,2647.0,2647.0,2647.0,2647.0,2647.0,2647.0,2647.0,2647.0,2647.0,2647.0,2647.0,2647.0,2647.0,7.0,,,,,,0.7,-0.5918600706,-0.6038210811,0.2235947497052656,0.6051747964,0.0704176198999999,0.2058034898999999,-0.4238210810999998
2648,2648,2648.0,2648.0,2648.0,2648.0,2648.0,2648.0,2648.0,2648.0,2648.0,2648.0,2648.0,2648.0,2648.0,2648.0,2648.0,2648.0,2648.0,2648.0,2648.0,2648.0,2648.0,2648.0,2648.0,2648.0,2648.0,2648.0,2648.0,2648.0,2648.0,2648.0,2648.0,2648.0,2648.0,2648.0,2648.0,8.0,,,,,,0.8,-0.6482398107,-0.525081866,0.409296921609419,0.6755924163,0.0684874554,0.13538587,-0.7450818660000001
2649,2649,2649.0,2649.0,2649.0,2649.0,2649.0,2649.0,2649.0,2649.0,2649.0,2649.0,2649.0,2649.0,2649.0,2649.0,2649.0,2649.0,2649.0,2649.0,2649.0,2649.0,2649.0,2649.0,2649.0,2649.0,2649.0,2649.0,2649.0,2649.0,2649.0,2649.0,2649.0,2649.0,2649.0,2649.0,2649.0,9.0,,,,,,0.9,-0.6962282338,-0.4361637508,0.4773747153819733,0.7440798717,0.0668984146,0.0668984146,-1.2161637508000005
2650,2650,2650.0,2650.0,2650.0,2650.0,2650.0,2650.0,2650.0,2650.0,2650.0,2650.0,2650.0,2650.0,2650.0,2650.0,2650.0,2650.0,2650.0,2650.0,2650.0,2650.0,2650.0,2650.0,2650.0,2650.0,2650.0,2650.0,2650.0,2650.0,2650.0,2650.0,2650.0,2650.0,2650.0,2650.0,2650.0,0.0,,,,,,0.0,0.0,-1.0,-0.6886690025456162,0.0,0.0975807868,0.7805414241,-2.5
2651,2651,2651.0,2651.0,2651.0,2651.0,2651.0,2651.0,2651.0,2651.0,2651.0,2651.0,2651.0,2651.0,2651.0,2651.0,2651.0,2651.0,2651.0,2651.0,2651.0,2651.0,2651.0,2651.0,2651.0,2651.0,2651.0,2651.0,2651.0,2651.0,2651.0,2651.0,2651.0,2651.0,2651.0,2651.0,2651.0,1.0,,,,,,0.1,-0.0984939553,-0.970372945,-0.4262269414585663,0.0975807868,0.0914464756,0.6829606373,-1.7503729450000003
2652,2652,2652.0,2652.0,2652.0,2652.0,2652.0,2652.0,2652.0,2652.0,2652.0,2652.0,2652.0,2652.0,2652.0,2652.0,2652.0,2652.0,2652.0,2652.0,2652.0,2652.0,2652.0,2652.0,2652.0,2652.0,2652.0,2652.0,2652.0,2652.0,2652.0,2652.0,2652.0,2652.0,2652.0,2652.0,2652.0,2.0,,,,,,0.2,-0.1928990788,-0.9185905156,-0.4534794164572492,0.1890272624,0.0861519154,0.5915141617,-1.1385905156
2653,2653,2653.0,2653.0,2653.0,2653.0,2653.0,2653.0,2653.0,2653.0,2653.0,2653.0,2653.0,2653.0,2653.0,2653.0,2653.0,2653.0,2653.0,2653.0,2653.0,2653.0,2653.0,2653.0,2653.0,2653.0,2653.0,2653.0,2653.0,2653.0,2653.0,2653.0,2653.0,2653.0,2653.0,2653.0,2653.0,3.0,,,,,,0.3,-0.2825082108,-0.8743293253,-0.1539228217230852,0.2751791778,0.0811482558999999,0.5053622463,-0.6943293253
2654,2654,2654.0,2654.0,2654.0,2654.0,2654.0,2654.0,2654.0,2654.0,2654.0,2654.0,2654.0,2654.0,2654.0,2654.0,2654.0,2654.0,2654.0,2654.0,2654.0,2654.0,2654.0,2654.0,2654.0,2654.0,2654.0,2654.0,2654.0,2654.0,2654.0,2654.0,2654.0,2654.0,2654.0,2654.0,2654.0,4.0,,,,,,0.4,-0.3664562266,-0.8057735916,-0.2612192399369183,0.3563274337,0.0773305272,0.4242139904000001,-0.3857735915999999
2655,2655,2655.0,2655.0,2655.0,2655.0,2655.0,2655.0,2655.0,2655.0,2655.0,2655.0,2655.0,2655.0,2655.0,2655.0,2655.0,2655.0,2655.0,2655.0,2655.0,2655.0,2655.0,2655.0,2655.0,2655.0,2655.0,2655.0,2655.0,2655.0,2655.0,2655.0,2655.0,2655.0,2655.0,2655.0,2655.0,5.0,,,,,,0.5,-0.4443993489,-0.7539523933,-0.0208404785887974,0.4336579609,0.0748335164,0.3468834632000001,-0.2539523932999999
2656,2656,2656.0,2656.0,2656.0,2656.0,2656.0,2656.0,2656.0,2656.0,2656.0,2656.0,2656.0,2656.0,2656.0,2656.0,2656.0,2656.0,2656.0,2656.0,2656.0,2656.0,2656.0,2656.0,2656.0,2656.0,2656.0,2656.0,2656.0,2656.0,2656.0,2656.0,2656.0,2656.0,2656.0,2656.0,2656.0,6.0,,,,,,0.6,-0.5162482863,-0.6841875038,0.1704695549913407,0.5084914773,0.0715770135,0.2720499468,-0.2641875038
2657,2657,2657.0,2657.0,2657.0,2657.0,2657.0,2657.0,2657.0,2657.0,2657.0,2657.0,2657.0,2657.0,2657.0,2657.0,2657.0,2657.0,2657.0,2657.0,2657.0,2657.0,2657.0,2657.0,2657.0,2657.0,2657.0,2657.0,2657.0,2657.0,2657.0,2657.0,2657.0,2657.0,2657.0,2657.0,2657.0,7.0,,,,,,0.7,-0.5805328711,-0.6028559635,0.3068704321085528,0.5800684908,0.0684793741,0.2004729333,-0.4228559634999999
2658,2658,2658.0,2658.0,2658.0,2658.0,2658.0,2658.0,2658.0,2658.0,2658.0,2658.0,2658.0,2658.0,2658.0,2658.0,2658.0,2658.0,2658.0,2658.0,2658.0,2658.0,2658.0,2658.0,2658.0,2658.0,2658.0,2658.0,2658.0,2658.0,2658.0,2658.0,2658.0,2658.0,2658.0,2658.0,2658.0,8.0,,,,,,0.8,-0.6364179652,-0.5162838261,0.2927669873583203,0.6485478649,0.0665595565999999,0.1319935592,-0.7362838261000002
2659,2659,2659.0,2659.0,2659.0,2659.0,2659.0,2659.0,2659.0,2659.0,2659.0,2659.0,2659.0,2659.0,2659.0,2659.0,2659.0,2659.0,2659.0,2659.0,2659.0,2659.0,2659.0,2659.0,2659.0,2659.0,2659.0,2659.0,2659.0,2659.0,2659.0,2659.0,2659.0,2659.0,2659.0,2659.0,2659.0,9.0,,,,,,0.9,-0.684132843,-0.4392922496,0.4779216018650778,0.7151074215,0.0654340026000001,0.0654340026000001,-1.2192922496000005
2660,2660,2660.0,2660.0,2660.0,2660.0,2660.0,2660.0,2660.0,2660.0,2660.0,2660.0,2660.0,2660.0,2660.0,2660.0,2660.0,2660.0,2660.0,2660.0,2660.0,2660.0,2660.0,2660.0,2660.0,2660.0,2660.0,2660.0,2660.0,2660.0,2660.0,2660.0,2660.0,2660.0,2660.0,2660.0,2660.0,0.0,,,,,,0.0,0.0,-1.0,-0.6722231813670551,0.0,0.0974133385,0.7592685377,-2.5
2661,2661,2661.0,2661.0,2661.0,2661.0,2661.0,2661.0,2661.0,2661.0,2661.0,2661.0,2661.0,2661.0,2661.0,2661.0,2661.0,2661.0,2661.0,2661.0,2661.0,2661.0,2661.0,2661.0,2661.0,2661.0,2661.0,2661.0,2661.0,2661.0,2661.0,2661.0,2661.0,2661.0,2661.0,2661.0,2661.0,1.0,,,,,,0.1,-0.0984143996,-0.9688079185,-0.4185556743532463,0.0974133385,0.091087634,0.6618551992,-1.7488079185000005
2662,2662,2662.0,2662.0,2662.0,2662.0,2662.0,2662.0,2662.0,2662.0,2662.0,2662.0,2662.0,2662.0,2662.0,2662.0,2662.0,2662.0,2662.0,2662.0,2662.0,2662.0,2662.0,2662.0,2662.0,2662.0,2662.0,2662.0,2662.0,2662.0,2662.0,2662.0,2662.0,2662.0,2662.0,2662.0,2662.0,2.0,,,,,,0.2,-0.1926334834,-0.9164444022,-0.454209360923609,0.1885009725,0.0857749417,0.5707675652,-1.1364444022
2663,2663,2663.0,2663.0,2663.0,2663.0,2663.0,2663.0,2663.0,2663.0,2663.0,2663.0,2663.0,2663.0,2663.0,2663.0,2663.0,2663.0,2663.0,2663.0,2663.0,2663.0,2663.0,2663.0,2663.0,2663.0,2663.0,2663.0,2663.0,2663.0,2663.0,2663.0,2663.0,2663.0,2663.0,2663.0,2663.0,3.0,,,,,,0.3,-0.2820419167,-0.872456905,-0.0423827367990393,0.2742759142,0.0799012392999999,0.4849926235,-0.692456905
2664,2664,2664.0,2664.0,2664.0,2664.0,2664.0,2664.0,2664.0,2664.0,2664.0,2664.0,2664.0,2664.0,2664.0,2664.0,2664.0,2664.0,2664.0,2664.0,2664.0,2664.0,2664.0,2664.0,2664.0,2664.0,2664.0,2664.0,2664.0,2664.0,2664.0,2664.0,2664.0,2664.0,2664.0,2664.0,2664.0,4.0,,,,,,0.4,-0.3652721806,-0.7934649148,-0.1145254780718317,0.3541771535,0.0742527631,0.4050913842,-0.3734649148
2665,2665,2665.0,2665.0,2665.0,2665.0,2665.0,2665.0,2665.0,2665.0,2665.0,2665.0,2665.0,2665.0,2665.0,2665.0,2665.0,2665.0,2665.0,2665.0,2665.0,2665.0,2665.0,2665.0,2665.0,2665.0,2665.0,2665.0,2665.0,2665.0,2665.0,2665.0,2665.0,2665.0,2665.0,2665.0,2665.0,5.0,,,,,,0.5,-0.4413343587,-0.7288552844,-0.0157041460602613,0.4284299166,0.0710084855,0.3308386211,-0.2288552844
2666,2666,2666.0,2666.0,2666.0,2666.0,2666.0,2666.0,2666.0,2666.0,2666.0,2666.0,2666.0,2666.0,2666.0,2666.0,2666.0,2666.0,2666.0,2666.0,2666.0,2666.0,2666.0,2666.0,2666.0,2666.0,2666.0,2666.0,2666.0,2666.0,2666.0,2666.0,2666.0,2666.0,2666.0,2666.0,2666.0,6.0,,,,,,0.6,-0.5107701513,-0.6609899065,0.0394088503948182,0.4994384021,0.0688478562,0.2598301356,-0.2409899064999999
2667,2667,2667.0,2667.0,2667.0,2667.0,2667.0,2667.0,2667.0,2667.0,2667.0,2667.0,2667.0,2667.0,2667.0,2667.0,2667.0,2667.0,2667.0,2667.0,2667.0,2667.0,2667.0,2667.0,2667.0,2667.0,2667.0,2667.0,2667.0,2667.0,2667.0,2667.0,2667.0,2667.0,2667.0,2667.0,2667.0,7.0,,,,,,0.7,-0.5734811955,-0.5943379772,0.4068944229477206,0.5682862583,0.0661735561999999,0.1909822794,-0.4143379771999999
2668,2668,2668.0,2668.0,2668.0,2668.0,2668.0,2668.0,2668.0,2668.0,2668.0,2668.0,2668.0,2668.0,2668.0,2668.0,2668.0,2668.0,2668.0,2668.0,2668.0,2668.0,2668.0,2668.0,2668.0,2668.0,2668.0,2668.0,2668.0,2668.0,2668.0,2668.0,2668.0,2668.0,2668.0,2668.0,2668.0,8.0,,,,,,0.8,-0.6280718096,-0.4990579208,0.3927442977692463,0.6344598145,0.0633959265,0.1248087232,-0.7190579208000002
2669,2669,2669.0,2669.0,2669.0,2669.0,2669.0,2669.0,2669.0,2669.0,2669.0,2669.0,2669.0,2669.0,2669.0,2669.0,2669.0,2669.0,2669.0,2669.0,2669.0,2669.0,2669.0,2669.0,2669.0,2669.0,2669.0,2669.0,2669.0,2669.0,2669.0,2669.0,2669.0,2669.0,2669.0,2669.0,2669.0,9.0,,,,,,0.9,-0.6736637915,-0.4141915091,0.6589385826338068,0.697855741,0.0614127966999999,0.0614127966999999,-1.1941915091000004
2670,2670,2670.0,2670.0,2670.0,2670.0,2670.0,2670.0,2670.0,2670.0,2670.0,2670.0,2670.0,2670.0,2670.0,2670.0,2670.0,2670.0,2670.0,2670.0,2670.0,2670.0,2670.0,2670.0,2670.0,2670.0,2670.0,2670.0,2670.0,2670.0,2670.0,2670.0,2670.0,2670.0,2670.0,2670.0,2670.0,0.0,,,,,,0.0,0.0,-1.0,-0.9218708692749604,0.0,0.1000022907,0.7951248610999999,-2.5
2671,2671,2671.0,2671.0,2671.0,2671.0,2671.0,2671.0,2671.0,2671.0,2671.0,2671.0,2671.0,2671.0,2671.0,2671.0,2671.0,2671.0,2671.0,2671.0,2671.0,2671.0,2671.0,2671.0,2671.0,2671.0,2671.0,2671.0,2671.0,2671.0,2671.0,2671.0,2671.0,2671.0,2671.0,2671.0,2671.0,1.0,,,,,,0.1,-0.0996220487,-0.9925650382,-0.5391965745023766,0.1000022907,0.0966585078,0.6951225703999999,-1.7725650382000002
2672,2672,2672.0,2672.0,2672.0,2672.0,2672.0,2672.0,2672.0,2672.0,2672.0,2672.0,2672.0,2672.0,2672.0,2672.0,2672.0,2672.0,2672.0,2672.0,2672.0,2672.0,2672.0,2672.0,2672.0,2672.0,2672.0,2672.0,2672.0,2672.0,2672.0,2672.0,2672.0,2672.0,2672.0,2672.0,2672.0,2.0,,,,,,0.2,-0.1966854917,-0.9494212527,-0.2945648624895235,0.1966607985,0.0902810639,0.5984640626,-1.1694212527
2673,2673,2673.0,2673.0,2673.0,2673.0,2673.0,2673.0,2673.0,2673.0,2673.0,2673.0,2673.0,2673.0,2673.0,2673.0,2673.0,2673.0,2673.0,2673.0,2673.0,2673.0,2673.0,2673.0,2673.0,2673.0,2673.0,2673.0,2673.0,2673.0,2673.0,2673.0,2673.0,2673.0,2673.0,2673.0,2673.0,3.0,,,,,,0.3,-0.2884598908,-0.8871033399,-0.1792911132098485,0.2869418624,0.0838520696999999,0.5081829986999999,-0.7071033399000001
2674,2674,2674.0,2674.0,2674.0,2674.0,2674.0,2674.0,2674.0,2674.0,2674.0,2674.0,2674.0,2674.0,2674.0,2674.0,2674.0,2674.0,2674.0,2674.0,2674.0,2674.0,2674.0,2674.0,2674.0,2674.0,2674.0,2674.0,2674.0,2674.0,2674.0,2674.0,2674.0,2674.0,2674.0,2674.0,2674.0,4.0,,,,,,0.4,-0.3737462322,-0.8197461097,-0.0153985756773495,0.3707939321,0.0781621405999999,0.424330929,-0.3997461096999999
2675,2675,2675.0,2675.0,2675.0,2675.0,2675.0,2675.0,2675.0,2675.0,2675.0,2675.0,2675.0,2675.0,2675.0,2675.0,2675.0,2675.0,2675.0,2675.0,2675.0,2675.0,2675.0,2675.0,2675.0,2675.0,2675.0,2675.0,2675.0,2675.0,2675.0,2675.0,2675.0,2675.0,2675.0,2675.0,2675.0,5.0,,,,,,0.5,-0.45182987,-0.7432023295,-0.0598011266780895,0.4489560727,0.0743121769999999,0.3461687884,-0.2432023294999999
2676,2676,2676.0,2676.0,2676.0,2676.0,2676.0,2676.0,2676.0,2676.0,2676.0,2676.0,2676.0,2676.0,2676.0,2676.0,2676.0,2676.0,2676.0,2676.0,2676.0,2676.0,2676.0,2676.0,2676.0,2676.0,2676.0,2676.0,2676.0,2676.0,2676.0,2676.0,2676.0,2676.0,2676.0,2676.0,2676.0,6.0,,,,,,0.6,-0.5228442788,-0.6781680334,0.0975030362398406,0.5232682497,0.0719846446999999,0.2718566114,-0.2581680333999999
2677,2677,2677.0,2677.0,2677.0,2677.0,2677.0,2677.0,2677.0,2677.0,2677.0,2677.0,2677.0,2677.0,2677.0,2677.0,2677.0,2677.0,2677.0,2677.0,2677.0,2677.0,2677.0,2677.0,2677.0,2677.0,2677.0,2677.0,2677.0,2677.0,2677.0,2677.0,2677.0,2677.0,2677.0,2677.0,2677.0,7.0,,,,,,0.7,-0.5869090164,-0.6043529922,0.4698219866019328,0.5952528944,0.068606033,0.1998719667,-0.4243529921999999
2678,2678,2678.0,2678.0,2678.0,2678.0,2678.0,2678.0,2678.0,2678.0,2678.0,2678.0,2678.0,2678.0,2678.0,2678.0,2678.0,2678.0,2678.0,2678.0,2678.0,2678.0,2678.0,2678.0,2678.0,2678.0,2678.0,2678.0,2678.0,2678.0,2678.0,2678.0,2678.0,2678.0,2678.0,2678.0,2678.0,8.0,,,,,,0.8,-0.6421482447,-0.5021315652,0.2376911765002597,0.6638589274,0.0661982994,0.1312659337,-0.7221315652000002
2679,2679,2679.0,2679.0,2679.0,2679.0,2679.0,2679.0,2679.0,2679.0,2679.0,2679.0,2679.0,2679.0,2679.0,2679.0,2679.0,2679.0,2679.0,2679.0,2679.0,2679.0,2679.0,2679.0,2679.0,2679.0,2679.0,2679.0,2679.0,2679.0,2679.0,2679.0,2679.0,2679.0,2679.0,2679.0,2679.0,9.0,,,,,,0.9,-0.6887828425,-0.4317278498,0.6023931202978473,0.7300572268,0.0650676343,0.0650676343,-1.2117278498000004
2680,2680,2680.0,2680.0,2680.0,2680.0,2680.0,2680.0,2680.0,2680.0,2680.0,2680.0,2680.0,2680.0,2680.0,2680.0,2680.0,2680.0,2680.0,2680.0,2680.0,2680.0,2680.0,2680.0,2680.0,2680.0,2680.0,2680.0,2680.0,2680.0,2680.0,2680.0,2680.0,2680.0,2680.0,2680.0,2680.0,0.0,,,,,,0.0,0.0,-1.0,-0.889270816817374,0.0,0.0996584895,0.8164958986000002,-2.5
2681,2681,2681.0,2681.0,2681.0,2681.0,2681.0,2681.0,2681.0,2681.0,2681.0,2681.0,2681.0,2681.0,2681.0,2681.0,2681.0,2681.0,2681.0,2681.0,2681.0,2681.0,2681.0,2681.0,2681.0,2681.0,2681.0,2681.0,2681.0,2681.0,2681.0,2681.0,2681.0,2681.0,2681.0,2681.0,2681.0,1.0,,,,,,0.1,-0.0994643493,-0.9894627323,-0.733989437908372,0.0996584895,0.0980332264999999,0.7168374091000002,-1.7694627323000005
2682,2682,2682.0,2682.0,2682.0,2682.0,2682.0,2682.0,2682.0,2682.0,2682.0,2682.0,2682.0,2682.0,2682.0,2682.0,2682.0,2682.0,2682.0,2682.0,2682.0,2682.0,2682.0,2682.0,2682.0,2682.0,2682.0,2682.0,2682.0,2682.0,2682.0,2682.0,2682.0,2682.0,2682.0,2682.0,2682.0,2.0,,,,,,0.2,-0.1971748081,-0.9651512174,-0.5501298642013748,0.197691716,0.0955460985,0.6188041826000001,-1.1851512174
2683,2683,2683.0,2683.0,2683.0,2683.0,2683.0,2683.0,2683.0,2683.0,2683.0,2683.0,2683.0,2683.0,2683.0,2683.0,2683.0,2683.0,2683.0,2683.0,2683.0,2683.0,2683.0,2683.0,2683.0,2683.0,2683.0,2683.0,2683.0,2683.0,2683.0,2683.0,2683.0,2683.0,2683.0,2683.0,2683.0,3.0,,,,,,0.3,-0.2916823103,-0.9256567015,-0.0007641318110496,0.2932378145,0.0890508682999999,0.5232580841000001,-0.7456567015000001
2684,2684,2684.0,2684.0,2684.0,2684.0,2684.0,2684.0,2684.0,2684.0,2684.0,2684.0,2684.0,2684.0,2684.0,2684.0,2684.0,2684.0,2684.0,2684.0,2684.0,2684.0,2684.0,2684.0,2684.0,2684.0,2684.0,2684.0,2684.0,2684.0,2684.0,2684.0,2684.0,2684.0,2684.0,2684.0,2684.0,4.0,,,,,,0.4,-0.379773876,-0.8376415491,-0.0236477556170912,0.3822886828,0.0814938125999999,0.4342072158,-0.4176415490999999
2685,2685,2685.0,2685.0,2685.0,2685.0,2685.0,2685.0,2685.0,2685.0,2685.0,2685.0,2685.0,2685.0,2685.0,2685.0,2685.0,2685.0,2685.0,2685.0,2685.0,2685.0,2685.0,2685.0,2685.0,2685.0,2685.0,2685.0,2685.0,2685.0,2685.0,2685.0,2685.0,2685.0,2685.0,2685.0,2685.0,5.0,,,,,,0.5,-0.4596003949,-0.7601798058,0.0681533205774512,0.4637824954,0.0765809935999999,0.3527134032,-0.2601798058
2686,2686,2686.0,2686.0,2686.0,2686.0,2686.0,2686.0,2686.0,2686.0,2686.0,2686.0,2686.0,2686.0,2686.0,2686.0,2686.0,2686.0,2686.0,2686.0,2686.0,2686.0,2686.0,2686.0,2686.0,2686.0,2686.0,2686.0,2686.0,2686.0,2686.0,2686.0,2686.0,2686.0,2686.0,2686.0,2686.0,6.0,,,,,,0.6,-0.5316114633,-0.6813534052,0.067852186609902,0.540363489,0.0735583622,0.2761324096000001,-0.2613534051999999
2687,2687,2687.0,2687.0,2687.0,2687.0,2687.0,2687.0,2687.0,2687.0,2687.0,2687.0,2687.0,2687.0,2687.0,2687.0,2687.0,2687.0,2687.0,2687.0,2687.0,2687.0,2687.0,2687.0,2687.0,2687.0,2687.0,2687.0,2687.0,2687.0,2687.0,2687.0,2687.0,2687.0,2687.0,2687.0,2687.0,7.0,,,,,,0.7,-0.5961227698,-0.6100568801,0.4935477684150085,0.6139218512,0.0702695359999999,0.2025740474,-0.4300568800999998
2688,2688,2688.0,2688.0,2688.0,2688.0,2688.0,2688.0,2688.0,2688.0,2688.0,2688.0,2688.0,2688.0,2688.0,2688.0,2688.0,2688.0,2688.0,2688.0,2688.0,2688.0,2688.0,2688.0,2688.0,2688.0,2688.0,2688.0,2688.0,2688.0,2688.0,2688.0,2688.0,2688.0,2688.0,2688.0,2688.0,8.0,,,,,,0.8,-0.6517900227,-0.5050348504,0.3915877545834544,0.6841913872,0.0671100187000001,0.1323045114000001,-0.7250348504000002
2689,2689,2689.0,2689.0,2689.0,2689.0,2689.0,2689.0,2689.0,2689.0,2689.0,2689.0,2689.0,2689.0,2689.0,2689.0,2689.0,2689.0,2689.0,2689.0,2689.0,2689.0,2689.0,2689.0,2689.0,2689.0,2689.0,2689.0,2689.0,2689.0,2689.0,2689.0,2689.0,2689.0,2689.0,2689.0,2689.0,9.0,,,,,,0.9,-0.6979563889,-0.4197097088,0.681023137174215,0.7513014059,0.0651944927,0.0651944927,-1.1997097088000004
2690,2690,2690.0,2690.0,2690.0,2690.0,2690.0,2690.0,2690.0,2690.0,2690.0,2690.0,2690.0,2690.0,2690.0,2690.0,2690.0,2690.0,2690.0,2690.0,2690.0,2690.0,2690.0,2690.0,2690.0,2690.0,2690.0,2690.0,2690.0,2690.0,2690.0,2690.0,2690.0,2690.0,2690.0,2690.0,2690.0,0.0,,,,,,0.0,0.0,-1.0,-0.8404040691357241,0.0,0.0991463344,0.8057001526,-2.5
2691,2691,2691.0,2691.0,2691.0,2691.0,2691.0,2691.0,2691.0,2691.0,2691.0,2691.0,2691.0,2691.0,2691.0,2691.0,2691.0,2691.0,2691.0,2691.0,2691.0,2691.0,2691.0,2691.0,2691.0,2691.0,2691.0,2691.0,2691.0,2691.0,2691.0,2691.0,2691.0,2691.0,2691.0,2691.0,2691.0,1.0,,,,,,0.1,-0.0992279584,-0.9848124485,-0.4986082547270607,0.0991463344,0.0948089473,0.7065538182000001,-1.7648124485000003
2692,2692,2692.0,2692.0,2692.0,2692.0,2692.0,2692.0,2692.0,2692.0,2692.0,2692.0,2692.0,2692.0,2692.0,2692.0,2692.0,2692.0,2692.0,2692.0,2692.0,2692.0,2692.0,2692.0,2692.0,2692.0,2692.0,2692.0,2692.0,2692.0,2692.0,2692.0,2692.0,2692.0,2692.0,2692.0,2692.0,2.0,,,,,,0.2,-0.1953573088,-0.9385439236,-0.448851556601591,0.1939552817,0.0897163541999999,0.6117448709000001,-1.1585439236
2693,2693,2693.0,2693.0,2693.0,2693.0,2693.0,2693.0,2693.0,2693.0,2693.0,2693.0,2693.0,2693.0,2693.0,2693.0,2693.0,2693.0,2693.0,2693.0,2693.0,2693.0,2693.0,2693.0,2693.0,2693.0,2693.0,2693.0,2693.0,2693.0,2693.0,2693.0,2693.0,2693.0,2693.0,2693.0,2693.0,3.0,,,,,,0.3,-0.2868428712,-0.8919435168,-0.3883226135203952,0.2836716359,0.086359095,0.5220285167000001,-0.7119435168
2694,2694,2694.0,2694.0,2694.0,2694.0,2694.0,2694.0,2694.0,2694.0,2694.0,2694.0,2694.0,2694.0,2694.0,2694.0,2694.0,2694.0,2694.0,2694.0,2694.0,2694.0,2694.0,2694.0,2694.0,2694.0,2694.0,2694.0,2694.0,2694.0,2694.0,2694.0,2694.0,2694.0,2694.0,2694.0,2694.0,4.0,,,,,,0.4,-0.3736011894,-0.84401746,-0.1867828463352587,0.3700307309,0.0832760593999999,0.4356694217,-0.4240174599999999
2695,2695,2695.0,2695.0,2695.0,2695.0,2695.0,2695.0,2695.0,2695.0,2695.0,2695.0,2695.0,2695.0,2695.0,2695.0,2695.0,2695.0,2695.0,2695.0,2695.0,2695.0,2695.0,2695.0,2695.0,2695.0,2695.0,2695.0,2695.0,2695.0,2695.0,2695.0,2695.0,2695.0,2695.0,2695.0,2695.0,5.0,,,,,,0.5,-0.4548236109,-0.7814733231,0.1904541437738893,0.4533067903,0.0783148444,0.3523933623,-0.2814733230999999
2696,2696,2696.0,2696.0,2696.0,2696.0,2696.0,2696.0,2696.0,2696.0,2696.0,2696.0,2696.0,2696.0,2696.0,2696.0,2696.0,2696.0,2696.0,2696.0,2696.0,2696.0,2696.0,2696.0,2696.0,2696.0,2696.0,2696.0,2696.0,2696.0,2696.0,2696.0,2696.0,2696.0,2696.0,2696.0,2696.0,6.0,,,,,,0.6,-0.5282693954,-0.6889821243,0.1202481976438115,0.5316216347,0.0738383862999999,0.2740785179,-0.2689821243
2697,2697,2697.0,2697.0,2697.0,2697.0,2697.0,2697.0,2697.0,2697.0,2697.0,2697.0,2697.0,2697.0,2697.0,2697.0,2697.0,2697.0,2697.0,2697.0,2697.0,2697.0,2697.0,2697.0,2697.0,2697.0,2697.0,2697.0,2697.0,2697.0,2697.0,2697.0,2697.0,2697.0,2697.0,2697.0,2697.0,7.0,,,,,,0.7,-0.5932531994,-0.6119735005,0.5483770376465049,0.605460021,0.069858198,0.2002401316000001,-0.4319735004999998
2698,2698,2698.0,2698.0,2698.0,2698.0,2698.0,2698.0,2698.0,2698.0,2698.0,2698.0,2698.0,2698.0,2698.0,2698.0,2698.0,2698.0,2698.0,2698.0,2698.0,2698.0,2698.0,2698.0,2698.0,2698.0,2698.0,2698.0,2698.0,2698.0,2698.0,2698.0,2698.0,2698.0,2698.0,2698.0,2698.0,8.0,,,,,,0.8,-0.6488375994,-0.5015513967,0.4276432813981802,0.675318219,0.0662356886999999,0.1303819336,-0.7215513967000002
2699,2699,2699.0,2699.0,2699.0,2699.0,2699.0,2699.0,2699.0,2699.0,2699.0,2699.0,2699.0,2699.0,2699.0,2699.0,2699.0,2699.0,2699.0,2699.0,2699.0,2699.0,2699.0,2699.0,2699.0,2699.0,2699.0,2699.0,2699.0,2699.0,2699.0,2699.0,2699.0,2699.0,2699.0,2699.0,2699.0,9.0,,,,,,0.9,-0.6944980383,-0.4131266297,0.6989595243327584,0.7415539077,0.0641462449000001,0.0641462449000001,-1.1931266297000005
2700,2700,2700.0,2700.0,2700.0,2700.0,2700.0,2700.0,2700.0,2700.0,2700.0,2700.0,2700.0,2700.0,2700.0,2700.0,2700.0,2700.0,2700.0,2700.0,2700.0,2700.0,2700.0,2700.0,2700.0,2700.0,2700.0,2700.0,2700.0,2700.0,2700.0,2700.0,2700.0,2700.0,2700.0,2700.0,0.0,,,,,,,0.0,0.0,-1.0,7.211673691845574,0.0,0.0675901603,4.048335467999999,2.7799739297
2701,2701,2701.0,2701.0,2701.0,2701.0,2701.0,2701.0,2701.0,2701.0,2701.0,2701.0,2701.0,2701.0,2701.0,2701.0,2701.0,2701.0,2701.0,2701.0,2701.0,2701.0,2701.0,2701.0,2701.0,2701.0,2701.0,2701.0,2701.0,2701.0,2701.0,2701.0,2701.0,2701.0,2701.0,2701.0,1.0,,,,,,,0.1,-0.0602767013,-0.2185559295,7.596490250006965,0.0675901603,0.0363506295,3.9807453077,2.7799739297
2702,2702,2702.0,2702.0,2702.0,2702.0,2702.0,2702.0,2702.0,2702.0,2702.0,2702.0,2702.0,2702.0,2702.0,2702.0,2702.0,2702.0,2702.0,2702.0,2702.0,2702.0,2702.0,2702.0,2702.0,2702.0,2702.0,2702.0,2702.0,2702.0,2702.0,2702.0,2702.0,2702.0,2702.0,2702.0,2.0,,,,,,,0.2,-0.044327652,0.5251440462,7.305559416186666,0.1039407898,0.1030059661,3.9443946782,2.7799739297
2703,2703,2703.0,2703.0,2703.0,2703.0,2703.0,2703.0,2703.0,2703.0,2703.0,2703.0,2703.0,2703.0,2703.0,2703.0,2703.0,2703.0,2703.0,2703.0,2703.0,2703.0,2703.0,2703.0,2703.0,2703.0,2703.0,2703.0,2703.0,2703.0,2703.0,2703.0,2703.0,2703.0,2703.0,2703.0,3.0,,,,,,,0.3,0.0409864542,1.1703858816,7.649308437452718,0.2069467559,0.2539842608,3.8413887121,2.7799739297
2704,2704,2704.0,2704.0,2704.0,2704.0,2704.0,2704.0,2704.0,2704.0,2704.0,2704.0,2704.0,2704.0,2704.0,2704.0,2704.0,2704.0,2704.0,2704.0,2704.0,2704.0,2704.0,2704.0,2704.0,2704.0,2704.0,2704.0,2704.0,2704.0,2704.0,2704.0,2704.0,2704.0,2704.0,2704.0,4.0,,,,,,,0.4,0.1893662973,1.7869368822,6.967933876339761,0.4609310167,0.4500589657,3.5874044513,2.7799739297
2705,2705,2705.0,2705.0,2705.0,2705.0,2705.0,2705.0,2705.0,2705.0,2705.0,2705.0,2705.0,2705.0,2705.0,2705.0,2705.0,2705.0,2705.0,2705.0,2705.0,2705.0,2705.0,2705.0,2705.0,2705.0,2705.0,2705.0,2705.0,2705.0,2705.0,2705.0,2705.0,2705.0,2705.0,2705.0,5.0,,,,,,,0.5,0.3931226375,2.2799739297,-1.8210588763297668,0.9109899824,0.4616399471,3.1373454856,2.7799739297
2706,2706,2706.0,2706.0,2706.0,2706.0,2706.0,2706.0,2706.0,2706.0,2706.0,2706.0,2706.0,2706.0,2706.0,2706.0,2706.0,2706.0,2706.0,2706.0,2706.0,2706.0,2706.0,2706.0,2706.0,2706.0,2706.0,2706.0,2706.0,2706.0,2706.0,2706.0,2706.0,2706.0,2706.0,2706.0,6.0,,,,,,,0.6,0.6012819254,1.8897087541,7.847765145384861,1.3726299295,0.5579693944999999,2.6757055385,2.7799739297
2707,2707,2707.0,2707.0,2707.0,2707.0,2707.0,2707.0,2707.0,2707.0,2707.0,2707.0,2707.0,2707.0,2707.0,2707.0,2707.0,2707.0,2707.0,2707.0,2707.0,2707.0,2707.0,2707.0,2707.0,2707.0,2707.0,2707.0,2707.0,2707.0,2707.0,2707.0,2707.0,2707.0,2707.0,2707.0,7.0,,,,,,,0.7,0.8190744523,2.4566927418,-3.166230077170026,1.930599324,0.5720840172000001,2.117736144,2.7799739297
2708,2708,2708.0,2708.0,2708.0,2708.0,2708.0,2708.0,2708.0,2708.0,2708.0,2708.0,2708.0,2708.0,2708.0,2708.0,2708.0,2708.0,2708.0,2708.0,2708.0,2708.0,2708.0,2708.0,2708.0,2708.0,2708.0,2708.0,2708.0,2708.0,2708.0,2708.0,2708.0,2708.0,2708.0,2708.0,8.0,,,,,,,0.8,1.0375432556,1.9216009307,8.65424455054193,2.5026833412,0.6773228177999999,1.5456521268000003,2.7799739297
2709,2709,2709.0,2709.0,2709.0,2709.0,2709.0,2709.0,2709.0,2709.0,2709.0,2709.0,2709.0,2709.0,2709.0,2709.0,2709.0,2709.0,2709.0,2709.0,2709.0,2709.0,2709.0,2709.0,2709.0,2709.0,2709.0,2709.0,2709.0,2709.0,2709.0,2709.0,2709.0,2709.0,2709.0,2709.0,9.0,,,,,,,0.9,1.2622719534,2.5622966881,3.080386203121887,3.180006159,0.8683293090000004,0.8683293090000004,2.7799739297
2710,2710,2710.0,2710.0,2710.0,2710.0,2710.0,2710.0,2710.0,2710.0,2710.0,2710.0,2710.0,2710.0,2710.0,2710.0,2710.0,2710.0,2710.0,2710.0,2710.0,2710.0,2710.0,2710.0,2710.0,2710.0,2710.0,2710.0,2710.0,2710.0,2710.0,2710.0,2710.0,2710.0,2710.0,2710.0,0.0,,,,,,,0.0,0.0,-1.0,7.114750275692549,0.0,0.067345514,4.0155959044000005,2.7659107264
2711,2711,2711.0,2711.0,2711.0,2711.0,2711.0,2711.0,2711.0,2711.0,2711.0,2711.0,2711.0,2711.0,2711.0,2711.0,2711.0,2711.0,2711.0,2711.0,2711.0,2711.0,2711.0,2711.0,2711.0,2711.0,2711.0,2711.0,2711.0,2711.0,2711.0,2711.0,2711.0,2711.0,2711.0,2711.0,1.0,,,,,,,0.1,-0.0607455604,-0.227779412,7.436680424142309,0.067345514,0.0344876369,3.9482503904,2.7659107264
2712,2712,2712.0,2712.0,2712.0,2712.0,2712.0,2712.0,2712.0,2712.0,2712.0,2712.0,2712.0,2712.0,2712.0,2712.0,2712.0,2712.0,2712.0,2712.0,2712.0,2712.0,2712.0,2712.0,2712.0,2712.0,2712.0,2712.0,2712.0,2712.0,2712.0,2712.0,2712.0,2712.0,2712.0,2712.0,2.0,,,,,,,0.2,-0.0464473088,0.5015903788,7.42928202772408,0.1018331509,0.1012964610999999,3.9137627535,2.7659107264
2713,2713,2713.0,2713.0,2713.0,2713.0,2713.0,2713.0,2713.0,2713.0,2713.0,2713.0,2713.0,2713.0,2713.0,2713.0,2713.0,2713.0,2713.0,2713.0,2713.0,2713.0,2713.0,2713.0,2713.0,2713.0,2713.0,2713.0,2713.0,2713.0,2713.0,2713.0,2713.0,2713.0,2713.0,2713.0,3.0,,,,,,,0.3,0.0372238677,1.1608474051,7.6871129973842525,0.203129612,0.2520832392,3.8124662924,2.7659107264
2714,2714,2714.0,2714.0,2714.0,2714.0,2714.0,2714.0,2714.0,2714.0,2714.0,2714.0,2714.0,2714.0,2714.0,2714.0,2714.0,2714.0,2714.0,2714.0,2714.0,2714.0,2714.0,2714.0,2714.0,2714.0,2714.0,2714.0,2714.0,2714.0,2714.0,2714.0,2714.0,2714.0,2714.0,2714.0,4.0,,,,,,,0.4,0.1848788807,1.7819036917,6.86801031601172,0.4552128512,0.4450998993,3.5603830532,2.7659107264
2715,2715,2715.0,2715.0,2715.0,2715.0,2715.0,2715.0,2715.0,2715.0,2715.0,2715.0,2715.0,2715.0,2715.0,2715.0,2715.0,2715.0,2715.0,2715.0,2715.0,2715.0,2715.0,2715.0,2715.0,2715.0,2715.0,2715.0,2715.0,2715.0,2715.0,2715.0,2715.0,2715.0,2715.0,2715.0,5.0,,,,,,,0.5,0.3876728777,2.2659107264,-1.4778556163347836,0.9003127505,0.4616495960999999,3.1152831539,2.7659107264
2716,2716,2716.0,2716.0,2716.0,2716.0,2716.0,2716.0,2716.0,2716.0,2716.0,2716.0,2716.0,2716.0,2716.0,2716.0,2716.0,2716.0,2716.0,2716.0,2716.0,2716.0,2716.0,2716.0,2716.0,2716.0,2716.0,2716.0,2716.0,2716.0,2716.0,2716.0,2716.0,2716.0,2716.0,2716.0,6.0,,,,,,,0.6,0.5961540673,1.9096439751,7.656675235061589,1.3619623466,0.5599224281000001,2.6536335578,2.7659107264
2717,2717,2717.0,2717.0,2717.0,2717.0,2717.0,2717.0,2717.0,2717.0,2717.0,2717.0,2717.0,2717.0,2717.0,2717.0,2717.0,2717.0,2717.0,2717.0,2717.0,2717.0,2717.0,2717.0,2717.0,2717.0,2717.0,2717.0,2717.0,2717.0,2717.0,2717.0,2717.0,2717.0,2717.0,2717.0,7.0,,,,,,,0.7,0.8149192983,2.4565462677,-3.3460314450573017,1.9218847747,0.5681386178999999,2.0937111296999995,2.7659107264
2718,2718,2718.0,2718.0,2718.0,2718.0,2718.0,2718.0,2718.0,2718.0,2718.0,2718.0,2718.0,2718.0,2718.0,2718.0,2718.0,2718.0,2718.0,2718.0,2718.0,2718.0,2718.0,2718.0,2718.0,2718.0,2718.0,2718.0,2718.0,2718.0,2718.0,2718.0,2718.0,2718.0,2718.0,2718.0,8.0,,,,,,,0.8,1.0325043892,1.9043580323,8.712382549647035,2.4900233926,0.670487622,1.5255725117999996,2.7659107264
2719,2719,2719.0,2719.0,2719.0,2719.0,2719.0,2719.0,2719.0,2719.0,2719.0,2719.0,2719.0,2719.0,2719.0,2719.0,2719.0,2719.0,2719.0,2719.0,2719.0,2719.0,2719.0,2719.0,2719.0,2719.0,2719.0,2719.0,2719.0,2719.0,2719.0,2719.0,2719.0,2719.0,2719.0,2719.0,9.0,,,,,,,0.9,1.2558734457,2.5522272307,2.8556276195971457,3.1605110146,0.8550848897999996,0.8550848897999996,2.7659107264
2720,2720,2720.0,2720.0,2720.0,2720.0,2720.0,2720.0,2720.0,2720.0,2720.0,2720.0,2720.0,2720.0,2720.0,2720.0,2720.0,2720.0,2720.0,2720.0,2720.0,2720.0,2720.0,2720.0,2720.0,2720.0,2720.0,2720.0,2720.0,2720.0,2720.0,2720.0,2720.0,2720.0,2720.0,2720.0,0.0,,,,,,,0.0,0.0,-1.0,7.167659215170478,0.0,0.0674771764,4.0042664589,2.7901719432
2721,2721,2721.0,2721.0,2721.0,2721.0,2721.0,2721.0,2721.0,2721.0,2721.0,2721.0,2721.0,2721.0,2721.0,2721.0,2721.0,2721.0,2721.0,2721.0,2721.0,2721.0,2721.0,2721.0,2721.0,2721.0,2721.0,2721.0,2721.0,2721.0,2721.0,2721.0,2721.0,2721.0,2721.0,2721.0,1.0,,,,,,,0.1,-0.0604896178,-0.2227444607,7.656027372563716,0.0674771764,0.0368487101,3.9367892825,2.7901719432
2722,2722,2722.0,2722.0,2722.0,2722.0,2722.0,2722.0,2722.0,2722.0,2722.0,2722.0,2722.0,2722.0,2722.0,2722.0,2722.0,2722.0,2722.0,2722.0,2722.0,2722.0,2722.0,2722.0,2722.0,2722.0,2722.0,2722.0,2722.0,2722.0,2722.0,2722.0,2722.0,2722.0,2722.0,2722.0,2.0,,,,,,,0.2,-0.044651154,0.5270198128,7.39622692509525,0.1043258865,0.1048216758,3.8999405724,2.7901719432
2723,2723,2723.0,2723.0,2723.0,2723.0,2723.0,2723.0,2723.0,2723.0,2723.0,2723.0,2723.0,2723.0,2723.0,2723.0,2723.0,2723.0,2723.0,2723.0,2723.0,2723.0,2723.0,2723.0,2723.0,2723.0,2723.0,2723.0,2723.0,2723.0,2723.0,2723.0,2723.0,2723.0,2723.0,2723.0,3.0,,,,,,,0.3,0.0412800516,1.1807112996,7.67805000122187,0.2091475623,0.2575850240999999,3.795118896600001,2.7901719432
2724,2724,2724.0,2724.0,2724.0,2724.0,2724.0,2724.0,2724.0,2724.0,2724.0,2724.0,2724.0,2724.0,2724.0,2724.0,2724.0,2724.0,2724.0,2724.0,2724.0,2724.0,2724.0,2724.0,2724.0,2724.0,2724.0,2724.0,2724.0,2724.0,2724.0,2724.0,2724.0,2724.0,2724.0,2724.0,4.0,,,,,,,0.4,0.1907815231,1.7990148283,6.960256871493987,0.4667325864,0.4546532333,3.5375338725000005,2.7901719432
2725,2725,2725.0,2725.0,2725.0,2725.0,2725.0,2725.0,2725.0,2725.0,2725.0,2725.0,2725.0,2725.0,2725.0,2725.0,2725.0,2725.0,2725.0,2725.0,2725.0,2725.0,2725.0,2725.0,2725.0,2725.0,2725.0,2725.0,2725.0,2725.0,2725.0,2725.0,2725.0,2725.0,2725.0,2725.0,5.0,,,,,,,0.5,0.3956500953,2.2901719432,-2.21568521247783,0.9213858197,0.459037087,3.0828806392000003,2.7901719432
2726,2726,2726.0,2726.0,2726.0,2726.0,2726.0,2726.0,2726.0,2726.0,2726.0,2726.0,2726.0,2726.0,2726.0,2726.0,2726.0,2726.0,2726.0,2726.0,2726.0,2726.0,2726.0,2726.0,2726.0,2726.0,2726.0,2726.0,2726.0,2726.0,2726.0,2726.0,2726.0,2726.0,2726.0,2726.0,6.0,,,,,,,0.6,0.6028709053,1.861382612,7.769502457690016,1.3804229067,0.5440191801,2.6238435522000003,2.7901719432
2727,2727,2727.0,2727.0,2727.0,2727.0,2727.0,2727.0,2727.0,2727.0,2727.0,2727.0,2727.0,2727.0,2727.0,2727.0,2727.0,2727.0,2727.0,2727.0,2727.0,2727.0,2727.0,2727.0,2727.0,2727.0,2727.0,2727.0,2727.0,2727.0,2727.0,2727.0,2727.0,2727.0,2727.0,2727.0,7.0,,,,,,,0.7,0.8175892555,2.4236145075,-2.990266431327248,1.9244420868,0.5608565762,2.0798243721,2.7901719432
2728,2728,2728.0,2728.0,2728.0,2728.0,2728.0,2728.0,2728.0,2728.0,2728.0,2728.0,2728.0,2728.0,2728.0,2728.0,2728.0,2728.0,2728.0,2728.0,2728.0,2728.0,2728.0,2728.0,2728.0,2728.0,2728.0,2728.0,2728.0,2728.0,2728.0,2728.0,2728.0,2728.0,2728.0,2728.0,8.0,,,,,,,0.8,1.0337614573,1.9084156627,8.53530267154647,2.485298663,0.6669411518000001,1.5189677959,2.7901719432
2729,2729,2729.0,2729.0,2729.0,2729.0,2729.0,2729.0,2729.0,2729.0,2729.0,2729.0,2729.0,2729.0,2729.0,2729.0,2729.0,2729.0,2729.0,2729.0,2729.0,2729.0,2729.0,2729.0,2729.0,2729.0,2729.0,2729.0,2729.0,2729.0,2729.0,2729.0,2729.0,2729.0,2729.0,2729.0,9.0,,,,,,,0.9,1.2566600397,2.5390473474,2.9737164387035984,3.1522398148,0.8520266441,0.8520266441,2.7901719432
2730,2730,2730.0,2730.0,2730.0,2730.0,2730.0,2730.0,2730.0,2730.0,2730.0,2730.0,2730.0,2730.0,2730.0,2730.0,2730.0,2730.0,2730.0,2730.0,2730.0,2730.0,2730.0,2730.0,2730.0,2730.0,2730.0,2730.0,2730.0,2730.0,2730.0,2730.0,2730.0,2730.0,2730.0,2730.0,0.0,,,,,,,0.0,0.0,-1.0,7.179165947809672,0.0,0.0675064109,4.0087531158,2.7866706197
2731,2731,2731.0,2731.0,2731.0,2731.0,2731.0,2731.0,2731.0,2731.0,2731.0,2731.0,2731.0,2731.0,2731.0,2731.0,2731.0,2731.0,2731.0,2731.0,2731.0,2731.0,2731.0,2731.0,2731.0,2731.0,2731.0,2731.0,2731.0,2731.0,2731.0,2731.0,2731.0,2731.0,2731.0,2731.0,1.0,,,,,,,0.1,-0.0604339549,-0.2216494503,7.691618577329821,0.0675064109,0.0372493695,3.9412467049000006,2.7866706197
2732,2732,2732.0,2732.0,2732.0,2732.0,2732.0,2732.0,2732.0,2732.0,2732.0,2732.0,2732.0,2732.0,2732.0,2732.0,2732.0,2732.0,2732.0,2732.0,2732.0,2732.0,2732.0,2732.0,2732.0,2732.0,2732.0,2732.0,2732.0,2732.0,2732.0,2732.0,2732.0,2732.0,2732.0,2732.0,2.0,,,,,,,0.2,-0.0443191176,0.5313975701,7.221610259634324,0.1047557804,0.1026273748,3.9039973354000006,2.7866706197
2733,2733,2733.0,2733.0,2733.0,2733.0,2733.0,2733.0,2733.0,2733.0,2733.0,2733.0,2733.0,2733.0,2733.0,2733.0,2733.0,2733.0,2733.0,2733.0,2733.0,2733.0,2733.0,2733.0,2733.0,2733.0,2733.0,2733.0,2733.0,2733.0,2733.0,2733.0,2733.0,2733.0,2733.0,2733.0,3.0,,,,,,,0.3,0.041183993,1.1680554855,7.824527432843013,0.2073831552,0.2573867917,3.8013699606000007,2.7866706197
2734,2734,2734.0,2734.0,2734.0,2734.0,2734.0,2734.0,2734.0,2734.0,2734.0,2734.0,2734.0,2734.0,2734.0,2734.0,2734.0,2734.0,2734.0,2734.0,2734.0,2734.0,2734.0,2734.0,2734.0,2734.0,2734.0,2734.0,2734.0,2734.0,2734.0,2734.0,2734.0,2734.0,2734.0,2734.0,4.0,,,,,,,0.4,0.1901896771,1.8015025447,6.899809771204712,0.4647699469,0.4539244374999999,3.5439831689000005,2.7866706197
2735,2735,2735.0,2735.0,2735.0,2735.0,2735.0,2735.0,2735.0,2735.0,2735.0,2735.0,2735.0,2735.0,2735.0,2735.0,2735.0,2735.0,2735.0,2735.0,2735.0,2735.0,2735.0,2735.0,2735.0,2735.0,2735.0,2735.0,2735.0,2735.0,2735.0,2735.0,2735.0,2735.0,2735.0,2735.0,5.0,,,,,,,0.5,0.3950025792,2.2866706197,-2.1421774255303703,0.9186943844,0.4588476994000001,3.0900587314000005,2.7866706197
2736,2736,2736.0,2736.0,2736.0,2736.0,2736.0,2736.0,2736.0,2736.0,2736.0,2736.0,2736.0,2736.0,2736.0,2736.0,2736.0,2736.0,2736.0,2736.0,2736.0,2736.0,2736.0,2736.0,2736.0,2736.0,2736.0,2736.0,2736.0,2736.0,2736.0,2736.0,2736.0,2736.0,2736.0,2736.0,6.0,,,,,,,0.6,0.6022457785,1.8652096779,7.799390949019426,1.3775420838,0.5464092084999999,2.6312110320000004,2.7866706197
2737,2737,2737.0,2737.0,2737.0,2737.0,2737.0,2737.0,2737.0,2737.0,2737.0,2737.0,2737.0,2737.0,2737.0,2737.0,2737.0,2737.0,2737.0,2737.0,2737.0,2737.0,2737.0,2737.0,2737.0,2737.0,2737.0,2737.0,2737.0,2737.0,2737.0,2737.0,2737.0,2737.0,2737.0,2737.0,7.0,,,,,,,0.7,0.817472905,2.4299216463,-3.063936770723678,1.9239512923,0.5622138821,2.0848018235000003,2.7866706197
2738,2738,2738.0,2738.0,2738.0,2738.0,2738.0,2738.0,2738.0,2738.0,2738.0,2738.0,2738.0,2738.0,2738.0,2738.0,2738.0,2738.0,2738.0,2738.0,2738.0,2738.0,2738.0,2738.0,2738.0,2738.0,2738.0,2738.0,2738.0,2738.0,2738.0,2738.0,2738.0,2738.0,2738.0,2738.0,8.0,,,,,,,0.8,1.0338889365,1.9071119377,8.554522052164318,2.4861651744,0.6670090241,1.5225879414000003,2.7866706197
2739,2739,2739.0,2739.0,2739.0,2739.0,2739.0,2739.0,2739.0,2739.0,2739.0,2739.0,2739.0,2739.0,2739.0,2739.0,2739.0,2739.0,2739.0,2739.0,2739.0,2739.0,2739.0,2739.0,2739.0,2739.0,2739.0,2739.0,2739.0,2739.0,2739.0,2739.0,2739.0,2739.0,2739.0,2739.0,9.0,,,,,,,0.9,1.2567564252,2.5396966542,3.0864990482409027,3.1531741985,0.8555789173000004,0.8555789173000004,2.7866706197
2740,2740,2740.0,2740.0,2740.0,2740.0,2740.0,2740.0,2740.0,2740.0,2740.0,2740.0,2740.0,2740.0,2740.0,2740.0,2740.0,2740.0,2740.0,2740.0,2740.0,2740.0,2740.0,2740.0,2740.0,2740.0,2740.0,2740.0,2740.0,2740.0,2740.0,2740.0,2740.0,2740.0,2740.0,2740.0,0.0,,,,,,,0.0,0.0,-1.0,7.080843537982752,0.0,0.0672635223,4.0117129582,2.7871191415
2741,2741,2741.0,2741.0,2741.0,2741.0,2741.0,2741.0,2741.0,2741.0,2741.0,2741.0,2741.0,2741.0,2741.0,2741.0,2741.0,2741.0,2741.0,2741.0,2741.0,2741.0,2741.0,2741.0,2741.0,2741.0,2741.0,2741.0,2741.0,2741.0,2741.0,2741.0,2741.0,2741.0,2741.0,2741.0,1.0,,,,,,,0.1,-0.0609095815,-0.2310060647,7.628994942007266,0.0672635223,0.03634777,3.9444494359000006,2.7871191415
2742,2742,2742.0,2742.0,2742.0,2742.0,2742.0,2742.0,2742.0,2742.0,2742.0,2742.0,2742.0,2742.0,2742.0,2742.0,2742.0,2742.0,2742.0,2742.0,2742.0,2742.0,2742.0,2742.0,2742.0,2742.0,2742.0,2742.0,2742.0,2742.0,2742.0,2742.0,2742.0,2742.0,2742.0,2742.0,2.0,,,,,,,0.2,-0.0459880808,0.5169719288,7.249677144251149,0.1036112923,0.1007754187,3.9081016659000007,2.7871191415
2743,2743,2743.0,2743.0,2743.0,2743.0,2743.0,2743.0,2743.0,2743.0,2743.0,2743.0,2743.0,2743.0,2743.0,2743.0,2743.0,2743.0,2743.0,2743.0,2743.0,2743.0,2743.0,2743.0,2743.0,2743.0,2743.0,2743.0,2743.0,2743.0,2743.0,2743.0,2743.0,2743.0,2743.0,2743.0,3.0,,,,,,,0.3,0.0382780197,1.1576735427,7.864094921405051,0.204386711,0.2553053513,3.8073262472000007,2.7871191415
2744,2744,2744.0,2744.0,2744.0,2744.0,2744.0,2744.0,2744.0,2744.0,2744.0,2744.0,2744.0,2744.0,2744.0,2744.0,2744.0,2744.0,2744.0,2744.0,2744.0,2744.0,2744.0,2744.0,2744.0,2744.0,2744.0,2744.0,2744.0,2744.0,2744.0,2744.0,2744.0,2744.0,2744.0,2744.0,4.0,,,,,,,0.4,0.1864871355,1.795873919,6.958041820291421,0.4596920623,0.4531145214,3.5520208959000006,2.7871191415
2745,2745,2745.0,2745.0,2745.0,2745.0,2745.0,2745.0,2745.0,2745.0,2745.0,2745.0,2745.0,2745.0,2745.0,2745.0,2745.0,2745.0,2745.0,2745.0,2745.0,2745.0,2745.0,2745.0,2745.0,2745.0,2745.0,2745.0,2745.0,2745.0,2745.0,2745.0,2745.0,2745.0,2745.0,2745.0,5.0,,,,,,,0.5,0.3910460951,2.2871191415,-2.231917830448316,0.9128065837,0.4570744891999999,3.0989063745000007,2.7871191415
2746,2746,2746.0,2746.0,2746.0,2746.0,2746.0,2746.0,2746.0,2746.0,2746.0,2746.0,2746.0,2746.0,2746.0,2746.0,2746.0,2746.0,2746.0,2746.0,2746.0,2746.0,2746.0,2746.0,2746.0,2746.0,2746.0,2746.0,2746.0,2746.0,2746.0,2746.0,2746.0,2746.0,2746.0,2746.0,6.0,,,,,,,0.6,0.5978978624,1.8570755912,7.993233847131719,1.3698810729,0.5482067406,2.6418318853000007,2.7871191415
2747,2747,2747.0,2747.0,2747.0,2747.0,2747.0,2747.0,2747.0,2747.0,2747.0,2747.0,2747.0,2747.0,2747.0,2747.0,2747.0,2747.0,2747.0,2747.0,2747.0,2747.0,2747.0,2747.0,2747.0,2747.0,2747.0,2747.0,2747.0,2747.0,2747.0,2747.0,2747.0,2747.0,2747.0,2747.0,7.0,,,,,,,0.7,0.8132886268,2.4410082115,-3.1357953619689214,1.9180878135,0.5648765601999999,2.0936251447000007,2.7871191415
2748,2748,2748.0,2748.0,2748.0,2748.0,2748.0,2748.0,2748.0,2748.0,2748.0,2748.0,2748.0,2748.0,2748.0,2748.0,2748.0,2748.0,2748.0,2748.0,2748.0,2748.0,2748.0,2748.0,2748.0,2748.0,2748.0,2748.0,2748.0,2748.0,2748.0,2748.0,2748.0,2748.0,2748.0,2748.0,8.0,,,,,,,0.8,1.0304120751,1.910305227,8.704786601599992,2.4829643737,0.6723630165000003,1.5287485845000006,2.7871191415
2749,2749,2749.0,2749.0,2749.0,2749.0,2749.0,2749.0,2749.0,2749.0,2749.0,2749.0,2749.0,2749.0,2749.0,2749.0,2749.0,2749.0,2749.0,2749.0,2749.0,2749.0,2749.0,2749.0,2749.0,2749.0,2749.0,2749.0,2749.0,2749.0,2749.0,2749.0,2749.0,2749.0,2749.0,2749.0,9.0,,,,,,,0.9,1.2543103373,2.5568856249,2.8340686727556066,3.1553273902,0.8563855680000003,0.8563855680000003,2.7871191415
2750,2750,2750.0,2750.0,2750.0,2750.0,2750.0,2750.0,2750.0,2750.0,2750.0,2750.0,2750.0,2750.0,2750.0,2750.0,2750.0,2750.0,2750.0,2750.0,2750.0,2750.0,2750.0,2750.0,2750.0,2750.0,2750.0,2750.0,2750.0,2750.0,2750.0,2750.0,2750.0,2750.0,2750.0,2750.0,0.0,,,,,,,0.0,0.0,-1.0,7.138522451039779,0.0,0.0674041094,4.0759774843,2.8161988822
2751,2751,2751.0,2751.0,2751.0,2751.0,2751.0,2751.0,2751.0,2751.0,2751.0,2751.0,2751.0,2751.0,2751.0,2751.0,2751.0,2751.0,2751.0,2751.0,2751.0,2751.0,2751.0,2751.0,2751.0,2751.0,2751.0,2751.0,2751.0,2751.0,2751.0,2751.0,2751.0,2751.0,2751.0,2751.0,1.0,,,,,,,0.1,-0.0606305645,-0.2255171904,7.757910815504954,0.0674041094,0.0378336169,4.0085733749,2.8161988822
2752,2752,2752.0,2752.0,2752.0,2752.0,2752.0,2752.0,2752.0,2752.0,2752.0,2752.0,2752.0,2752.0,2752.0,2752.0,2752.0,2752.0,2752.0,2752.0,2752.0,2752.0,2752.0,2752.0,2752.0,2752.0,2752.0,2752.0,2752.0,2752.0,2752.0,2752.0,2752.0,2752.0,2752.0,2752.0,2.0,,,,,,,0.2,-0.0445631081,0.5342064347,7.456773674556517,0.1052377263,0.1070158129999999,3.970739758,2.8161988822
2753,2753,2753.0,2753.0,2753.0,2753.0,2753.0,2753.0,2753.0,2753.0,2753.0,2753.0,2753.0,2753.0,2753.0,2753.0,2753.0,2753.0,2753.0,2753.0,2753.0,2753.0,2753.0,2753.0,2753.0,2753.0,2753.0,2753.0,2753.0,2753.0,2753.0,2753.0,2753.0,2753.0,2753.0,2753.0,3.0,,,,,,,0.3,0.042344885,1.1929758091,7.783249065613501,0.2122535393,0.2635745977,3.863723945,2.8161988822
2754,2754,2754.0,2754.0,2754.0,2754.0,2754.0,2754.0,2754.0,2754.0,2754.0,2754.0,2754.0,2754.0,2754.0,2754.0,2754.0,2754.0,2754.0,2754.0,2754.0,2754.0,2754.0,2754.0,2754.0,2754.0,2754.0,2754.0,2754.0,2754.0,2754.0,2754.0,2754.0,2754.0,2754.0,2754.0,4.0,,,,,,,0.4,0.1935223708,1.8201232299,7.0330508969848005,0.475828137,0.4651660836,3.6001493473,2.8161988822
2755,2755,2755.0,2755.0,2755.0,2755.0,2755.0,2755.0,2755.0,2755.0,2755.0,2755.0,2755.0,2755.0,2755.0,2755.0,2755.0,2755.0,2755.0,2755.0,2755.0,2755.0,2755.0,2755.0,2755.0,2755.0,2755.0,2755.0,2755.0,2755.0,2755.0,2755.0,2755.0,2755.0,2755.0,2755.0,5.0,,,,,,,0.5,0.4007518082,2.3161988822,-3.017514119705972,0.9409942206,0.4564596678,3.1349832637,2.8161988822
2756,2756,2756.0,2756.0,2756.0,2756.0,2756.0,2756.0,2756.0,2756.0,2756.0,2756.0,2756.0,2756.0,2756.0,2756.0,2756.0,2756.0,2756.0,2756.0,2756.0,2756.0,2756.0,2756.0,2756.0,2756.0,2756.0,2756.0,2756.0,2756.0,2756.0,2756.0,2756.0,2756.0,2756.0,2756.0,6.0,,,,,,,0.6,0.6065702924,1.808628986,7.848152225351876,1.3974538884,0.5252065447999998,2.6785235959,2.8161988822
2757,2757,2757.0,2757.0,2757.0,2757.0,2757.0,2757.0,2757.0,2757.0,2757.0,2757.0,2757.0,2757.0,2757.0,2757.0,2757.0,2757.0,2757.0,2757.0,2757.0,2757.0,2757.0,2757.0,2757.0,2757.0,2757.0,2757.0,2757.0,2757.0,2757.0,2757.0,2757.0,2757.0,2757.0,2757.0,7.0,,,,,,,0.7,0.8166488997,2.3833656012,-1.743599122478967,1.9226604332,0.5663899857999999,2.1533170511,2.8161988822
2758,2758,2758.0,2758.0,2758.0,2758.0,2758.0,2758.0,2758.0,2758.0,2758.0,2758.0,2758.0,2758.0,2758.0,2758.0,2758.0,2758.0,2758.0,2758.0,2758.0,2758.0,2758.0,2758.0,2758.0,2758.0,2758.0,2758.0,2758.0,2758.0,2758.0,2758.0,2758.0,2758.0,2758.0,2758.0,8.0,,,,,,,0.8,1.0350215613,1.9906330274,8.476656474799778,2.489050419,0.7016897180000004,1.5869270653000005,2.8161988822
2759,2759,2759.0,2759.0,2759.0,2759.0,2759.0,2759.0,2759.0,2759.0,2759.0,2759.0,2759.0,2759.0,2759.0,2759.0,2759.0,2759.0,2759.0,2759.0,2759.0,2759.0,2759.0,2759.0,2759.0,2759.0,2759.0,2759.0,2759.0,2759.0,2759.0,2759.0,2759.0,2759.0,2759.0,2759.0,9.0,,,,,,,0.9,1.2654604582,2.607859778,2.8298101992748528,3.190740137,0.8852373472999999,0.8852373472999999,2.8161988822
2760,2760,2760.0,2760.0,2760.0,2760.0,2760.0,2760.0,2760.0,2760.0,2760.0,2760.0,2760.0,2760.0,2760.0,2760.0,2760.0,2760.0,2760.0,2760.0,2760.0,2760.0,2760.0,2760.0,2760.0,2760.0,2760.0,2760.0,2760.0,2760.0,2760.0,2760.0,2760.0,2760.0,2760.0,0.0,,,,,,,,0.0,0.0,-1.0,-0.4557059050836131,0.0,0.0952497731,0.7698657847000001,-2.5
2761,2761,2761.0,2761.0,2761.0,2761.0,2761.0,2761.0,2761.0,2761.0,2761.0,2761.0,2761.0,2761.0,2761.0,2761.0,2761.0,2761.0,2761.0,2761.0,2761.0,2761.0,2761.0,2761.0,2761.0,2761.0,2761.0,2761.0,2761.0,2761.0,2761.0,2761.0,2761.0,2761.0,2761.0,1.0,,,,,,,,0.1,-0.0973670216,-0.9482035689,-0.3236950517753524,0.0952497731,0.0864899458,0.6746160116000001,-1.7282035689000002
2762,2762,2762.0,2762.0,2762.0,2762.0,2762.0,2762.0,2762.0,2762.0,2762.0,2762.0,2762.0,2762.0,2762.0,2762.0,2762.0,2762.0,2762.0,2762.0,2762.0,2762.0,2762.0,2762.0,2762.0,2762.0,2762.0,2762.0,2762.0,2762.0,2762.0,2762.0,2762.0,2762.0,2762.0,2.0,,,,,,,,0.2,-0.1891663674,-0.8887737283,-0.1651630129361967,0.1817397189,0.0784089360999999,0.5881260658,-1.1087737283
2763,2763,2763.0,2763.0,2763.0,2763.0,2763.0,2763.0,2763.0,2763.0,2763.0,2763.0,2763.0,2763.0,2763.0,2763.0,2763.0,2763.0,2763.0,2763.0,2763.0,2763.0,2763.0,2763.0,2763.0,2763.0,2763.0,2763.0,2763.0,2763.0,2763.0,2763.0,2763.0,2763.0,2763.0,3.0,,,,,,,,0.3,-0.2745434202,-0.8199129768,-0.4120167018740051,0.260148655,0.0740955058,0.5097171297,-0.6399129768
2764,2764,2764.0,2764.0,2764.0,2764.0,2764.0,2764.0,2764.0,2764.0,2764.0,2764.0,2764.0,2764.0,2764.0,2764.0,2764.0,2764.0,2764.0,2764.0,2764.0,2764.0,2764.0,2764.0,2764.0,2764.0,2764.0,2764.0,2764.0,2764.0,2764.0,2764.0,2764.0,2764.0,2764.0,4.0,,,,,,,,0.4,-0.3545617401,-0.781096327,-0.3952673377471832,0.3342441608,0.0737120869999999,0.4356216239,-0.3610963269999999
2765,2765,2765.0,2765.0,2765.0,2765.0,2765.0,2765.0,2765.0,2765.0,2765.0,2765.0,2765.0,2765.0,2765.0,2765.0,2765.0,2765.0,2765.0,2765.0,2765.0,2765.0,2765.0,2765.0,2765.0,2765.0,2765.0,2765.0,2765.0,2765.0,2765.0,2765.0,2765.0,2765.0,2765.0,5.0,,,,,,,,0.5,-0.4308049564,-0.7443798446,0.0006724730113432,0.4079562478,0.0720495834,0.3619095369,-0.2443798445999999
2766,2766,2766.0,2766.0,2766.0,2766.0,2766.0,2766.0,2766.0,2766.0,2766.0,2766.0,2766.0,2766.0,2766.0,2766.0,2766.0,2766.0,2766.0,2766.0,2766.0,2766.0,2766.0,2766.0,2766.0,2766.0,2766.0,2766.0,2766.0,2766.0,2766.0,2766.0,2766.0,2766.0,2766.0,6.0,,,,,,,,0.6,-0.5016388728,-0.6734786808,-0.0848993401047405,0.4800058312,0.070221821,0.2898599535,-0.2534786807999999
2767,2767,2767.0,2767.0,2767.0,2767.0,2767.0,2767.0,2767.0,2767.0,2767.0,2767.0,2767.0,2767.0,2767.0,2767.0,2767.0,2767.0,2767.0,2767.0,2767.0,2767.0,2767.0,2767.0,2767.0,2767.0,2767.0,2767.0,2767.0,2767.0,2767.0,2767.0,2767.0,2767.0,2767.0,7.0,,,,,,,,0.7,-0.5661396813,-0.6174678064,-0.1499736943775818,0.5502276522,0.0709946551999999,0.2196381324999999,-0.4374678063999998
2768,2768,2768.0,2768.0,2768.0,2768.0,2768.0,2768.0,2768.0,2768.0,2768.0,2768.0,2768.0,2768.0,2768.0,2768.0,2768.0,2768.0,2768.0,2768.0,2768.0,2768.0,2768.0,2768.0,2768.0,2768.0,2768.0,2768.0,2768.0,2768.0,2768.0,2768.0,2768.0,2768.0,2768.0,8.0,,,,,,,,0.8,-0.6256252248,-0.5729796323,-0.1432040887547154,0.6212223074,0.0732577537000001,0.1486434773,-0.7929796323000002
2769,2769,2769.0,2769.0,2769.0,2769.0,2769.0,2769.0,2769.0,2769.0,2769.0,2769.0,2769.0,2769.0,2769.0,2769.0,2769.0,2769.0,2769.0,2769.0,2769.0,2769.0,2769.0,2769.0,2769.0,2769.0,2769.0,2769.0,2769.0,2769.0,2769.0,2769.0,2769.0,2769.0,2769.0,9.0,,,,,,,,0.9,-0.6808444904,-0.5320807756,0.0442393394090706,0.6944800611,0.0753857235999999,0.0753857235999999,-1.3120807756
2770,2770,2770.0,2770.0,2770.0,2770.0,2770.0,2770.0,2770.0,2770.0,2770.0,2770.0,2770.0,2770.0,2770.0,2770.0,2770.0,2770.0,2770.0,2770.0,2770.0,2770.0,2770.0,2770.0,2770.0,2770.0,2770.0,2770.0,2770.0,2770.0,2770.0,2770.0,2770.0,2770.0,2770.0,0.0,,,,,,,,0.0,0.0,-1.0,-0.5375737394005654,0.0,0.0960588388,0.7964304161999999,-2.5
2771,2771,2771.0,2771.0,2771.0,2771.0,2771.0,2771.0,2771.0,2771.0,2771.0,2771.0,2771.0,2771.0,2771.0,2771.0,2771.0,2771.0,2771.0,2771.0,2771.0,2771.0,2771.0,2771.0,2771.0,2771.0,2771.0,2771.0,2771.0,2771.0,2771.0,2771.0,2771.0,2771.0,2771.0,1.0,,,,,,,,0.1,-0.0977630412,-0.9559943328,-0.3063333508322338,0.0960588388,0.0877206755,0.7003715773999999,-1.7359943328000005
2772,2772,2772.0,2772.0,2772.0,2772.0,2772.0,2772.0,2772.0,2772.0,2772.0,2772.0,2772.0,2772.0,2772.0,2772.0,2772.0,2772.0,2772.0,2772.0,2772.0,2772.0,2772.0,2772.0,2772.0,2772.0,2772.0,2772.0,2772.0,2772.0,2772.0,2772.0,2772.0,2772.0,2772.0,2.0,,,,,,,,0.2,-0.1902197904,-0.8941709186,-0.5231985144064731,0.1837795143,0.0824792490999999,0.6126509018999999,-1.1141709186
2773,2773,2773.0,2773.0,2773.0,2773.0,2773.0,2773.0,2773.0,2773.0,2773.0,2773.0,2773.0,2773.0,2773.0,2773.0,2773.0,2773.0,2773.0,2773.0,2773.0,2773.0,2773.0,2773.0,2773.0,2773.0,2773.0,2773.0,2773.0,2773.0,2773.0,2773.0,2773.0,2773.0,2773.0,3.0,,,,,,,,0.3,-0.2778423487,-0.8588682118,-0.2850418503240957,0.2662587634,0.0794289699,0.5301716528,-0.6788682118
2774,2774,2774.0,2774.0,2774.0,2774.0,2774.0,2774.0,2774.0,2774.0,2774.0,2774.0,2774.0,2774.0,2774.0,2774.0,2774.0,2774.0,2774.0,2774.0,2774.0,2774.0,2774.0,2774.0,2774.0,2774.0,2774.0,2774.0,2774.0,2774.0,2774.0,2774.0,2774.0,2774.0,2774.0,4.0,,,,,,,,0.4,-0.3609535345,-0.804261211,-0.3245662566919813,0.3456877333,0.0771566383999999,0.4507426828999999,-0.384261211
2775,2775,2775.0,2775.0,2775.0,2775.0,2775.0,2775.0,2775.0,2775.0,2775.0,2775.0,2775.0,2775.0,2775.0,2775.0,2775.0,2775.0,2775.0,2775.0,2775.0,2775.0,2775.0,2775.0,2775.0,2775.0,2775.0,2775.0,2775.0,2775.0,2775.0,2775.0,2775.0,2775.0,2775.0,5.0,,,,,,,,0.5,-0.4390591676,-0.7586122036,0.0800826389049161,0.4228443717,0.0742797016999999,0.3735860445,-0.2586122036
2776,2776,2776.0,2776.0,2776.0,2776.0,2776.0,2776.0,2776.0,2776.0,2776.0,2776.0,2776.0,2776.0,2776.0,2776.0,2776.0,2776.0,2776.0,2776.0,2776.0,2776.0,2776.0,2776.0,2776.0,2776.0,2776.0,2776.0,2776.0,2776.0,2776.0,2776.0,2776.0,2776.0,2776.0,6.0,,,,,,,,0.6,-0.510863336,-0.6787997713,-0.1937770810738445,0.4971240734,0.0726144981999999,0.2993063428,-0.2587997713
2777,2777,2777.0,2777.0,2777.0,2777.0,2777.0,2777.0,2777.0,2777.0,2777.0,2777.0,2777.0,2777.0,2777.0,2777.0,2777.0,2777.0,2777.0,2777.0,2777.0,2777.0,2777.0,2777.0,2777.0,2777.0,2777.0,2777.0,2777.0,2777.0,2777.0,2777.0,2777.0,2777.0,2777.0,7.0,,,,,,,,0.7,-0.5763971602,-0.6326436552,-0.0788014233288479,0.5697385716,0.073623674,0.2266918446,-0.4526436551999998
2778,2778,2778.0,2778.0,2778.0,2778.0,2778.0,2778.0,2778.0,2778.0,2778.0,2778.0,2778.0,2778.0,2778.0,2778.0,2778.0,2778.0,2778.0,2778.0,2778.0,2778.0,2778.0,2778.0,2778.0,2778.0,2778.0,2778.0,2778.0,2778.0,2778.0,2778.0,2778.0,2778.0,2778.0,8.0,,,,,,,,0.8,-0.6369825879,-0.5799383698,-0.1062733192656496,0.6433622456,0.0753272518,0.1530681706,-0.7999383698000002
2779,2779,2779.0,2779.0,2779.0,2779.0,2779.0,2779.0,2779.0,2779.0,2779.0,2779.0,2779.0,2779.0,2779.0,2779.0,2779.0,2779.0,2779.0,2779.0,2779.0,2779.0,2779.0,2779.0,2779.0,2779.0,2779.0,2779.0,2779.0,2779.0,2779.0,2779.0,2779.0,2779.0,2779.0,9.0,,,,,,,,0.9,-0.6926854299,-0.5348628598,-0.0308053036406747,0.7186894974,0.0777409188,0.0777409188,-1.3148628598000005
2780,2780,2780.0,2780.0,2780.0,2780.0,2780.0,2780.0,2780.0,2780.0,2780.0,2780.0,2780.0,2780.0,2780.0,2780.0,2780.0,2780.0,2780.0,2780.0,2780.0,2780.0,2780.0,2780.0,2780.0,2780.0,2780.0,2780.0,2780.0,2780.0,2780.0,2780.0,2780.0,2780.0,2780.0,0.0,,,,,,,,0.0,0.0,-1.0,-0.6871207049504797,0.0,0.0975650036,0.8121676611000002,-2.5
2781,2781,2781.0,2781.0,2781.0,2781.0,2781.0,2781.0,2781.0,2781.0,2781.0,2781.0,2781.0,2781.0,2781.0,2781.0,2781.0,2781.0,2781.0,2781.0,2781.0,2781.0,2781.0,2781.0,2781.0,2781.0,2781.0,2781.0,2781.0,2781.0,2781.0,2781.0,2781.0,2781.0,2781.0,1.0,,,,,,,,0.1,-0.0984864655,-0.970225605,-0.3820176541803393,0.0975650036,0.0909997618,0.7146026575000002,-1.7502256050000002
2782,2782,2782.0,2782.0,2782.0,2782.0,2782.0,2782.0,2782.0,2782.0,2782.0,2782.0,2782.0,2782.0,2782.0,2782.0,2782.0,2782.0,2782.0,2782.0,2782.0,2782.0,2782.0,2782.0,2782.0,2782.0,2782.0,2782.0,2782.0,2782.0,2782.0,2782.0,2782.0,2782.0,2782.0,2.0,,,,,,,,0.2,-0.1926637139,-0.914250122,-0.3579409652112088,0.1885647654,0.0845298528999999,0.6236028957000002,-1.134250122
2783,2783,2783.0,2783.0,2783.0,2783.0,2783.0,2783.0,2783.0,2783.0,2783.0,2783.0,2783.0,2783.0,2783.0,2783.0,2783.0,2783.0,2783.0,2783.0,2783.0,2783.0,2783.0,2783.0,2783.0,2783.0,2783.0,2783.0,2783.0,2783.0,2783.0,2783.0,2783.0,2783.0,2783.0,3.0,,,,,,,,0.3,-0.2813977052,-0.8613102272,-0.3345979669713507,0.2730946183,0.0804697141,0.5390730428000001,-0.6813102272
2784,2784,2784.0,2784.0,2784.0,2784.0,2784.0,2784.0,2784.0,2784.0,2784.0,2784.0,2784.0,2784.0,2784.0,2784.0,2784.0,2784.0,2784.0,2784.0,2784.0,2784.0,2784.0,2784.0,2784.0,2784.0,2784.0,2784.0,2784.0,2784.0,2784.0,2784.0,2784.0,2784.0,2784.0,4.0,,,,,,,,0.4,-0.364981013,-0.8111867162,-0.3322403747869616,0.3535643324,0.0786046131,0.4586033287,-0.3911867162
2785,2785,2785.0,2785.0,2785.0,2785.0,2785.0,2785.0,2785.0,2785.0,2785.0,2785.0,2785.0,2785.0,2785.0,2785.0,2785.0,2785.0,2785.0,2785.0,2785.0,2785.0,2785.0,2785.0,2785.0,2785.0,2785.0,2785.0,2785.0,2785.0,2785.0,2785.0,2785.0,2785.0,2785.0,5.0,,,,,,,,0.5,-0.4437828184,-0.7656089482,-0.0865517130997943,0.4321689455,0.0769090970999999,0.3799987156,-0.2656089482
2786,2786,2786.0,2786.0,2786.0,2786.0,2786.0,2786.0,2786.0,2786.0,2786.0,2786.0,2786.0,2786.0,2786.0,2786.0,2786.0,2786.0,2786.0,2786.0,2786.0,2786.0,2786.0,2786.0,2786.0,2786.0,2786.0,2786.0,2786.0,2786.0,2786.0,2786.0,2786.0,2786.0,2786.0,6.0,,,,,,,,0.6,-0.5170588475,-0.7009880904,-0.0229700484662319,0.5090780426,0.0750810902999999,0.3030896185,-0.2809880903999999
2787,2787,2787.0,2787.0,2787.0,2787.0,2787.0,2787.0,2787.0,2787.0,2787.0,2787.0,2787.0,2787.0,2787.0,2787.0,2787.0,2787.0,2787.0,2787.0,2787.0,2787.0,2787.0,2787.0,2787.0,2787.0,2787.0,2787.0,2787.0,2787.0,2787.0,2787.0,2787.0,2787.0,2787.0,7.0,,,,,,,,0.7,-0.5838779508,-0.636465992,0.0001334245834504,0.5841591329,0.0745269409,0.2280085282,-0.4564659919999998
2788,2788,2788.0,2788.0,2788.0,2788.0,2788.0,2788.0,2788.0,2788.0,2788.0,2788.0,2788.0,2788.0,2788.0,2788.0,2788.0,2788.0,2788.0,2788.0,2788.0,2788.0,2788.0,2788.0,2788.0,2788.0,2788.0,2788.0,2788.0,2788.0,2788.0,2788.0,2788.0,2788.0,2788.0,8.0,,,,,,,,0.8,-0.6444452799,-0.5758853204,-0.0408548871711135,0.6586860738,0.0755069104,0.1534815873,-0.7958853204000002
2789,2789,2789.0,2789.0,2789.0,2789.0,2789.0,2789.0,2789.0,2789.0,2789.0,2789.0,2789.0,2789.0,2789.0,2789.0,2789.0,2789.0,2789.0,2789.0,2789.0,2789.0,2789.0,2789.0,2789.0,2789.0,2789.0,2789.0,2789.0,2789.0,2789.0,2789.0,2789.0,2789.0,2789.0,9.0,,,,,,,,0.9,-0.6994459832,-0.5249701058,-0.0859812151756992,0.7341929842,0.0779746769,0.0779746769,-1.3049701058000005
2790,2790,2790.0,2790.0,2790.0,2790.0,2790.0,2790.0,2790.0,2790.0,2790.0,2790.0,2790.0,2790.0,2790.0,2790.0,2790.0,2790.0,2790.0,2790.0,2790.0,2790.0,2790.0,2790.0,2790.0,2790.0,2790.0,2790.0,2790.0,2790.0,2790.0,2790.0,2790.0,2790.0,2790.0,0.0,,,,,,,,0.0,0.0,-1.0,-0.3396631499558627,0.0,0.0941214277,0.7543720548,-2.5
2791,2791,2791.0,2791.0,2791.0,2791.0,2791.0,2791.0,2791.0,2791.0,2791.0,2791.0,2791.0,2791.0,2791.0,2791.0,2791.0,2791.0,2791.0,2791.0,2791.0,2791.0,2791.0,2791.0,2791.0,2791.0,2791.0,2791.0,2791.0,2791.0,2791.0,2791.0,2791.0,2791.0,2791.0,1.0,,,,,,,,0.1,-0.0968056742,-0.9371606408,-0.4310755325470968,0.0941214277,0.085520914,0.6602506271,-1.7171606408000004
2792,2792,2792.0,2792.0,2792.0,2792.0,2792.0,2792.0,2792.0,2792.0,2792.0,2792.0,2792.0,2792.0,2792.0,2792.0,2792.0,2792.0,2792.0,2792.0,2792.0,2792.0,2792.0,2792.0,2792.0,2792.0,2792.0,2792.0,2792.0,2792.0,2792.0,2792.0,2792.0,2792.0,2792.0,2.0,,,,,,,,0.2,-0.1880736836,-0.8890001847,-0.344851108701392,0.1796423417,0.0799311697,0.5747297131,-1.1090001847
2793,2793,2793.0,2793.0,2793.0,2793.0,2793.0,2793.0,2793.0,2793.0,2793.0,2793.0,2793.0,2793.0,2793.0,2793.0,2793.0,2793.0,2793.0,2793.0,2793.0,2793.0,2793.0,2793.0,2793.0,2793.0,2793.0,2793.0,2793.0,2793.0,2793.0,2793.0,2793.0,2793.0,2793.0,3.0,,,,,,,,0.3,-0.2743415039,-0.8372174752,-0.3745280979288275,0.2595735114,0.0764891624999999,0.4947985434,-0.6572174752000001
2794,2794,2794.0,2794.0,2794.0,2794.0,2794.0,2794.0,2794.0,2794.0,2794.0,2794.0,2794.0,2794.0,2794.0,2794.0,2794.0,2794.0,2794.0,2794.0,2794.0,2794.0,2794.0,2794.0,2794.0,2794.0,2794.0,2794.0,2794.0,2794.0,2794.0,2794.0,2794.0,2794.0,2794.0,4.0,,,,,,,,0.4,-0.3558252217,-0.7931865672,-0.1903126977708686,0.3360626739,0.0740305151,0.4183093809,-0.3731865672
2795,2795,2795.0,2795.0,2795.0,2795.0,2795.0,2795.0,2795.0,2795.0,2795.0,2795.0,2795.0,2795.0,2795.0,2795.0,2795.0,2795.0,2795.0,2795.0,2795.0,2795.0,2795.0,2795.0,2795.0,2795.0,2795.0,2795.0,2795.0,2795.0,2795.0,2795.0,2795.0,2795.0,2795.0,5.0,,,,,,,,0.5,-0.4322275195,-0.7358155392,0.0430690935481227,0.410093189,0.0707062753999999,0.3442788658,-0.2358155391999999
2796,2796,2796.0,2796.0,2796.0,2796.0,2796.0,2796.0,2796.0,2796.0,2796.0,2796.0,2796.0,2796.0,2796.0,2796.0,2796.0,2796.0,2796.0,2796.0,2796.0,2796.0,2796.0,2796.0,2796.0,2796.0,2796.0,2796.0,2796.0,2796.0,2796.0,2796.0,2796.0,2796.0,2796.0,6.0,,,,,,,,0.6,-0.5020413508,-0.6616947986,0.0914319117828989,0.4807994644,0.067680492,0.2735725904,-0.2416947985999999
2797,2797,2797.0,2797.0,2797.0,2797.0,2797.0,2797.0,2797.0,2797.0,2797.0,2797.0,2797.0,2797.0,2797.0,2797.0,2797.0,2797.0,2797.0,2797.0,2797.0,2797.0,2797.0,2797.0,2797.0,2797.0,2797.0,2797.0,2797.0,2797.0,2797.0,2797.0,2797.0,2797.0,2797.0,7.0,,,,,,,,0.7,-0.5645678069,-0.5900251513,-0.1443602051770556,0.5484799564,0.0675741796,0.2058920984,-0.4100251512999998
2798,2798,2798.0,2798.0,2798.0,2798.0,2798.0,2798.0,2798.0,2798.0,2798.0,2798.0,2798.0,2798.0,2798.0,2798.0,2798.0,2798.0,2798.0,2798.0,2798.0,2798.0,2798.0,2798.0,2798.0,2798.0,2798.0,2798.0,2798.0,2798.0,2798.0,2798.0,2798.0,2798.0,2798.0,8.0,,,,,,,,0.8,-0.6214147059,-0.5476142728,0.0922596968174126,0.616054136,0.0687105828999999,0.1383179188,-0.7676142728000002
2799,2799,2799.0,2799.0,2799.0,2799.0,2799.0,2799.0,2799.0,2799.0,2799.0,2799.0,2799.0,2799.0,2799.0,2799.0,2799.0,2799.0,2799.0,2799.0,2799.0,2799.0,2799.0,2799.0,2799.0,2799.0,2799.0,2799.0,2799.0,2799.0,2799.0,2799.0,2799.0,2799.0,2799.0,9.0,,,,,,,,0.9,-0.6730811071,-0.4867219019,0.0900537484671599,0.6847647189,0.0696073359,0.0696073359,-1.2667219019000002
2800,2800,2800.0,2800.0,2800.0,2800.0,2800.0,2800.0,2800.0,2800.0,2800.0,2800.0,2800.0,2800.0,2800.0,2800.0,2800.0,2800.0,2800.0,2800.0,2800.0,2800.0,2800.0,2800.0,2800.0,2800.0,2800.0,2800.0,2800.0,2800.0,2800.0,2800.0,2800.0,2800.0,2800.0,0.0,,,,,,,,0.0,0.0,-1.0,-0.394980368232345,0.0,0.0946565857,0.7663849512,-2.5
2801,2801,2801.0,2801.0,2801.0,2801.0,2801.0,2801.0,2801.0,2801.0,2801.0,2801.0,2801.0,2801.0,2801.0,2801.0,2801.0,2801.0,2801.0,2801.0,2801.0,2801.0,2801.0,2801.0,2801.0,2801.0,2801.0,2801.0,2801.0,2801.0,2801.0,2801.0,2801.0,2801.0,2801.0,1.0,,,,,,,,0.1,-0.0970732667,-0.9424247701,-0.5129278998328337,0.0946565857,0.0872194415999999,0.6717283655,-1.7224247701000004
2802,2802,2802.0,2802.0,2802.0,2802.0,2802.0,2802.0,2802.0,2802.0,2802.0,2802.0,2802.0,2802.0,2802.0,2802.0,2802.0,2802.0,2802.0,2802.0,2802.0,2802.0,2802.0,2802.0,2802.0,2802.0,2802.0,2802.0,2802.0,2802.0,2802.0,2802.0,2802.0,2802.0,2802.0,2.0,,,,,,,,0.2,-0.1892381643,-0.9015526625,-0.2058563607281524,0.1818760273,0.0808833886,0.5845089239000001,-1.1215526625
2803,2803,2803.0,2803.0,2803.0,2803.0,2803.0,2803.0,2803.0,2803.0,2803.0,2803.0,2803.0,2803.0,2803.0,2803.0,2803.0,2803.0,2803.0,2803.0,2803.0,2803.0,2803.0,2803.0,2803.0,2803.0,2803.0,2803.0,2803.0,2803.0,2803.0,2803.0,2803.0,2803.0,2803.0,3.0,,,,,,,,0.3,-0.2760281542,-0.8353483087,-0.2420401837422061,0.2627594159,0.0752161625999999,0.5036255353000001,-0.6553483087
2804,2804,2804.0,2804.0,2804.0,2804.0,2804.0,2804.0,2804.0,2804.0,2804.0,2804.0,2804.0,2804.0,2804.0,2804.0,2804.0,2804.0,2804.0,2804.0,2804.0,2804.0,2804.0,2804.0,2804.0,2804.0,2804.0,2804.0,2804.0,2804.0,2804.0,2804.0,2804.0,2804.0,2804.0,4.0,,,,,,,,0.4,-0.3566928979,-0.7788875833,-0.0095869120886995,0.3379755785,0.0706523104,0.4284093727,-0.3588875832999999
2805,2805,2805.0,2805.0,2805.0,2805.0,2805.0,2805.0,2805.0,2805.0,2805.0,2805.0,2805.0,2805.0,2805.0,2805.0,2805.0,2805.0,2805.0,2805.0,2805.0,2805.0,2805.0,2805.0,2805.0,2805.0,2805.0,2805.0,2805.0,2805.0,2805.0,2805.0,2805.0,2805.0,2805.0,5.0,,,,,,,,0.5,-0.4308602198,-0.7056789527,-0.2022749589003091,0.4086278889,0.0681517883999999,0.3577570623,-0.2056789527
2806,2806,2806.0,2806.0,2806.0,2806.0,2806.0,2806.0,2806.0,2806.0,2806.0,2806.0,2806.0,2806.0,2806.0,2806.0,2806.0,2806.0,2806.0,2806.0,2806.0,2806.0,2806.0,2806.0,2806.0,2806.0,2806.0,2806.0,2806.0,2806.0,2806.0,2806.0,2806.0,2806.0,2806.0,6.0,,,,,,,,0.6,-0.4989929758,-0.6577736925,-0.213865267267649,0.4767796773,0.0687726693999999,0.2896052739,-0.2377736924999999
2807,2807,2807.0,2807.0,2807.0,2807.0,2807.0,2807.0,2807.0,2807.0,2807.0,2807.0,2807.0,2807.0,2807.0,2807.0,2807.0,2807.0,2807.0,2807.0,2807.0,2807.0,2807.0,2807.0,2807.0,2807.0,2807.0,2807.0,2807.0,2807.0,2807.0,2807.0,2807.0,2807.0,2807.0,7.0,,,,,,,,0.7,-0.5626230871,-0.6155301079,-0.1984565979542907,0.5455523467,0.0706395623,0.2208326045,-0.4355301078999998
2808,2808,2808.0,2808.0,2808.0,2808.0,2808.0,2808.0,2808.0,2808.0,2808.0,2808.0,2808.0,2808.0,2808.0,2808.0,2808.0,2808.0,2808.0,2808.0,2808.0,2808.0,2808.0,2808.0,2808.0,2808.0,2808.0,2808.0,2808.0,2808.0,2808.0,2808.0,2808.0,2808.0,2808.0,8.0,,,,,,,,0.8,-0.6221587554,-0.5758400995,-0.1978856461386855,0.616191909,0.0734376784,0.1501930422,-0.7958400995000002
2809,2809,2809.0,2809.0,2809.0,2809.0,2809.0,2809.0,2809.0,2809.0,2809.0,2809.0,2809.0,2809.0,2809.0,2809.0,2809.0,2809.0,2809.0,2809.0,2809.0,2809.0,2809.0,2809.0,2809.0,2809.0,2809.0,2809.0,2809.0,2809.0,2809.0,2809.0,2809.0,2809.0,2809.0,9.0,,,,,,,,0.9,-0.6779147272,-0.5398726923,-0.1432015251260059,0.6896295874,0.0767553638,0.0767553638,-1.3198726923
2810,2810,2810.0,2810.0,2810.0,2810.0,2810.0,2810.0,2810.0,2810.0,2810.0,2810.0,2810.0,2810.0,2810.0,2810.0,2810.0,2810.0,2810.0,2810.0,2810.0,2810.0,2810.0,2810.0,2810.0,2810.0,2810.0,2810.0,2810.0,2810.0,2810.0,2810.0,2810.0,2810.0,2810.0,0.0,,,,,,,,0.0,0.0,-1.0,-0.7070317071533672,0.0,0.09776827,0.7896594187999999,-2.5
2811,2811,2811.0,2811.0,2811.0,2811.0,2811.0,2811.0,2811.0,2811.0,2811.0,2811.0,2811.0,2811.0,2811.0,2811.0,2811.0,2811.0,2811.0,2811.0,2811.0,2811.0,2811.0,2811.0,2811.0,2811.0,2811.0,2811.0,2811.0,2811.0,2811.0,2811.0,2811.0,2811.0,2811.0,1.0,,,,,,,,0.1,-0.0985827838,-0.972120387,-0.5811531957840806,0.09776827,0.0932648867,0.6918911487999999,-1.7521203870000002
2812,2812,2812.0,2812.0,2812.0,2812.0,2812.0,2812.0,2812.0,2812.0,2812.0,2812.0,2812.0,2812.0,2812.0,2812.0,2812.0,2812.0,2812.0,2812.0,2812.0,2812.0,2812.0,2812.0,2812.0,2812.0,2812.0,2812.0,2812.0,2812.0,2812.0,2812.0,2812.0,2812.0,2812.0,2.0,,,,,,,,0.2,-0.1939036159,-0.9349148744,-0.144589490998408,0.1910331567,0.0862587365999999,0.5986262620999999,-1.1549148744
2813,2813,2813.0,2813.0,2813.0,2813.0,2813.0,2813.0,2813.0,2813.0,2813.0,2813.0,2813.0,2813.0,2813.0,2813.0,2813.0,2813.0,2813.0,2813.0,2813.0,2813.0,2813.0,2813.0,2813.0,2813.0,2813.0,2813.0,2813.0,2813.0,2813.0,2813.0,2813.0,2813.0,2813.0,3.0,,,,,,,,0.3,-0.2835720535,-0.8597053859,-0.2712407828933755,0.2772918933,0.0798189653,0.5123675255,-0.6797053859000001
2814,2814,2814.0,2814.0,2814.0,2814.0,2814.0,2814.0,2814.0,2814.0,2814.0,2814.0,2814.0,2814.0,2814.0,2814.0,2814.0,2814.0,2814.0,2814.0,2814.0,2814.0,2814.0,2814.0,2814.0,2814.0,2814.0,2814.0,2814.0,2814.0,2814.0,2814.0,2814.0,2814.0,2814.0,4.0,,,,,,,,0.4,-0.366696165,-0.8037053527,0.0008753631221659,0.3571108586,0.0750358339999999,0.4325485602,-0.3837053526999999
2815,2815,2815.0,2815.0,2815.0,2815.0,2815.0,2815.0,2815.0,2815.0,2815.0,2815.0,2815.0,2815.0,2815.0,2815.0,2815.0,2815.0,2815.0,2815.0,2815.0,2815.0,2815.0,2815.0,2815.0,2815.0,2815.0,2815.0,2815.0,2815.0,2815.0,2815.0,2815.0,2815.0,2815.0,5.0,,,,,,,,0.5,-0.4431745995,-0.7271393819,-0.1006531283660564,0.4321466926,0.0715303278999999,0.3575127262,-0.2271393819
2816,2816,2816.0,2816.0,2816.0,2816.0,2816.0,2816.0,2816.0,2816.0,2816.0,2816.0,2816.0,2816.0,2816.0,2816.0,2816.0,2816.0,2816.0,2816.0,2816.0,2816.0,2816.0,2816.0,2816.0,2816.0,2816.0,2816.0,2816.0,2816.0,2816.0,2816.0,2816.0,2816.0,2816.0,6.0,,,,,,,,0.6,-0.5128579995,-0.6675212947,0.0589538281633754,0.5036770205,0.0697739373,0.2859823983,-0.2475212946999999
2817,2817,2817.0,2817.0,2817.0,2817.0,2817.0,2817.0,2817.0,2817.0,2817.0,2817.0,2817.0,2817.0,2817.0,2817.0,2817.0,2817.0,2817.0,2817.0,2817.0,2817.0,2817.0,2817.0,2817.0,2817.0,2817.0,2817.0,2817.0,2817.0,2817.0,2817.0,2817.0,2817.0,2817.0,7.0,,,,,,,,0.7,-0.5760960395,-0.5983878719,-0.1711392722785004,0.5734509578,0.0700743011,0.216208461,-0.4183878718999998
2818,2818,2818.0,2818.0,2818.0,2818.0,2818.0,2818.0,2818.0,2818.0,2818.0,2818.0,2818.0,2818.0,2818.0,2818.0,2818.0,2818.0,2818.0,2818.0,2818.0,2818.0,2818.0,2818.0,2818.0,2818.0,2818.0,2818.0,2818.0,2818.0,2818.0,2818.0,2818.0,2818.0,2818.0,8.0,,,,,,,,0.8,-0.6338683029,-0.5577295357,-0.0393606108674932,0.6435252589,0.0720979231999999,0.1461341599,-0.7777295357000001
2819,2819,2819.0,2819.0,2819.0,2819.0,2819.0,2819.0,2819.0,2819.0,2819.0,2819.0,2819.0,2819.0,2819.0,2819.0,2819.0,2819.0,2819.0,2819.0,2819.0,2819.0,2819.0,2819.0,2819.0,2819.0,2819.0,2819.0,2819.0,2819.0,2819.0,2819.0,2819.0,2819.0,2819.0,9.0,,,,,,,,0.9,-0.687134033,-0.5083998667,0.0136525419324658,0.7156231821,0.0740362367,0.0740362367,-1.2883998667000005
2820,2820,2820.0,2820.0,2820.0,2820.0,2820.0,2820.0,2820.0,2820.0,2820.0,2820.0,2820.0,2820.0,2820.0,2820.0,2820.0,2820.0,2820.0,2820.0,2820.0,2820.0,2820.0,2820.0,2820.0,2820.0,2820.0,2820.0,2820.0,2820.0,2820.0,2820.0,2820.0,2820.0,0.0,,,,,,,,,0.0,0.0,-1.0,1.9925193534636312,0.0,0.0760689406,0.2995932136,0.1425027374
2821,2821,2821.0,2821.0,2821.0,2821.0,2821.0,2821.0,2821.0,2821.0,2821.0,2821.0,2821.0,2821.0,2821.0,2821.0,2821.0,2821.0,2821.0,2821.0,2821.0,2821.0,2821.0,2821.0,2821.0,2821.0,2821.0,2821.0,2821.0,2821.0,2821.0,2821.0,2821.0,2821.0,1.0,,,,,,,,,0.1,-0.0855239341,-0.7152241306,0.8319939639703244,0.0760689406,0.0429802497,0.223524273,0.1425027374
2822,2822,2822.0,2822.0,2822.0,2822.0,2822.0,2822.0,2822.0,2822.0,2822.0,2822.0,2822.0,2822.0,2822.0,2822.0,2822.0,2822.0,2822.0,2822.0,2822.0,2822.0,2822.0,2822.0,2822.0,2822.0,2822.0,2822.0,2822.0,2822.0,2822.0,2822.0,2822.0,2822.0,2.0,,,,,,,,,0.2,-0.1495618464,-0.5679868219,0.3456126893150799,0.1190491903,0.0306956107999999,0.1805440233,0.1425027374
2823,2823,2823.0,2823.0,2823.0,2823.0,2823.0,2823.0,2823.0,2823.0,2823.0,2823.0,2823.0,2823.0,2823.0,2823.0,2823.0,2823.0,2823.0,2823.0,2823.0,2823.0,2823.0,2823.0,2823.0,2823.0,2823.0,2823.0,2823.0,2823.0,2823.0,2823.0,2823.0,2823.0,3.0,,,,,,,,,0.3,-0.201941056,-0.4810463433,0.0209496091361182,0.1497448011,0.0259702562,0.1498484125,0.1425027374
2824,2824,2824.0,2824.0,2824.0,2824.0,2824.0,2824.0,2824.0,2824.0,2824.0,2824.0,2824.0,2824.0,2824.0,2824.0,2824.0,2824.0,2824.0,2824.0,2824.0,2824.0,2824.0,2824.0,2824.0,2824.0,2824.0,2824.0,2824.0,2824.0,2824.0,2824.0,2824.0,2824.0,4.0,,,,,,,,,0.4,-0.2476173306,-0.4332751078,0.3630230391827448,0.1757150573,0.0228915918,0.1238781563,0.1425027374
2825,2825,2825.0,2825.0,2825.0,2825.0,2825.0,2825.0,2825.0,2825.0,2825.0,2825.0,2825.0,2825.0,2825.0,2825.0,2825.0,2825.0,2825.0,2825.0,2825.0,2825.0,2825.0,2825.0,2825.0,2825.0,2825.0,2825.0,2825.0,2825.0,2825.0,2825.0,2825.0,2825.0,5.0,,,,,,,,,0.5,-0.2870928719,-0.3574972626,0.1064892698127532,0.1986066491,0.0205120139999999,0.1009865645,0.1425027374
2826,2826,2826.0,2826.0,2826.0,2826.0,2826.0,2826.0,2826.0,2826.0,2826.0,2826.0,2826.0,2826.0,2826.0,2826.0,2826.0,2826.0,2826.0,2826.0,2826.0,2826.0,2826.0,2826.0,2826.0,2826.0,2826.0,2826.0,2826.0,2826.0,2826.0,2826.0,2826.0,2826.0,6.0,,,,,,,,,0.6,-0.3205982211,-0.3133429864,-0.0130355105725277,0.2191186631,0.0202183445999999,0.0804745505,0.1425027374
2827,2827,2827.0,2827.0,2827.0,2827.0,2827.0,2827.0,2827.0,2827.0,2827.0,2827.0,2827.0,2827.0,2827.0,2827.0,2827.0,2827.0,2827.0,2827.0,2827.0,2827.0,2827.0,2827.0,2827.0,2827.0,2827.0,2827.0,2827.0,2827.0,2827.0,2827.0,2827.0,2827.0,7.0,,,,,,,,,0.7,-0.3504800387,-0.2847647198,0.1693537031275319,0.2393370077,0.0201902111,0.0602562059,0.1425027374
2828,2828,2828.0,2828.0,2828.0,2828.0,2828.0,2828.0,2828.0,2828.0,2828.0,2828.0,2828.0,2828.0,2828.0,2828.0,2828.0,2828.0,2828.0,2828.0,2828.0,2828.0,2828.0,2828.0,2828.0,2828.0,2828.0,2828.0,2828.0,2828.0,2828.0,2828.0,2828.0,2828.0,8.0,,,,,,,,,0.8,-0.3767599159,-0.2415494724,0.2448943101307565,0.2595272188,0.0198629972999999,0.0400659948,0.1425027374
2829,2829,2829.0,2829.0,2829.0,2829.0,2829.0,2829.0,2829.0,2829.0,2829.0,2829.0,2829.0,2829.0,2829.0,2829.0,2829.0,2829.0,2829.0,2829.0,2829.0,2829.0,2829.0,2829.0,2829.0,2829.0,2829.0,2829.0,2829.0,2829.0,2829.0,2829.0,2829.0,2829.0,9.0,,,,,,,,,0.9,-0.398561793,-0.1952581642,-0.0501511019820767,0.2793902161,0.0202029975,0.0202029975,0.1425027374
2830,2830,2830.0,2830.0,2830.0,2830.0,2830.0,2830.0,2830.0,2830.0,2830.0,2830.0,2830.0,2830.0,2830.0,2830.0,2830.0,2830.0,2830.0,2830.0,2830.0,2830.0,2830.0,2830.0,2830.0,2830.0,2830.0,2830.0,2830.0,2830.0,2830.0,2830.0,2830.0,2830.0,0.0,,,,,,,,,0.0,0.0,-1.0,1.913046385770554,0.0,0.0765391068,0.290886988,0.1888345178
2831,2831,2831.0,2831.0,2831.0,2831.0,2831.0,2831.0,2831.0,2831.0,2831.0,2831.0,2831.0,2831.0,2831.0,2831.0,2831.0,2831.0,2831.0,2831.0,2831.0,2831.0,2831.0,2831.0,2831.0,2831.0,2831.0,2831.0,2831.0,2831.0,2831.0,2831.0,2831.0,2831.0,1.0,,,,,,,,,0.1,-0.085908378,-0.7227869834,0.9483039583653876,0.0765391068,0.0433289664999999,0.2143478812,0.1888345178
2832,2832,2832.0,2832.0,2832.0,2832.0,2832.0,2832.0,2832.0,2832.0,2832.0,2832.0,2832.0,2832.0,2832.0,2832.0,2832.0,2832.0,2832.0,2832.0,2832.0,2832.0,2832.0,2832.0,2832.0,2832.0,2832.0,2832.0,2832.0,2832.0,2832.0,2832.0,2832.0,2832.0,2.0,,,,,,,,,0.2,-0.1501033803,-0.5637615853,0.3771887828679954,0.1198680733,0.0301422991999999,0.1710189147,0.1888345178
2833,2833,2833.0,2833.0,2833.0,2833.0,2833.0,2833.0,2833.0,2833.0,2833.0,2833.0,2833.0,2833.0,2833.0,2833.0,2833.0,2833.0,2833.0,2833.0,2833.0,2833.0,2833.0,2833.0,2833.0,2833.0,2833.0,2833.0,2833.0,2833.0,2833.0,2833.0,2833.0,2833.0,3.0,,,,,,,,,0.3,-0.2019277582,-0.4742183291,0.692355079361077,0.1500103725,0.0228174086,0.1408766155,0.1888345178
2834,2834,2834.0,2834.0,2834.0,2834.0,2834.0,2834.0,2834.0,2834.0,2834.0,2834.0,2834.0,2834.0,2834.0,2834.0,2834.0,2834.0,2834.0,2834.0,2834.0,2834.0,2834.0,2834.0,2834.0,2834.0,2834.0,2834.0,2834.0,2834.0,2834.0,2834.0,2834.0,2834.0,4.0,,,,,,,,,0.4,-0.2437064092,-0.3632041702,0.183634543529829,0.1728277811,0.0182001179,0.1180592069,0.1888345178
2835,2835,2835.0,2835.0,2835.0,2835.0,2835.0,2835.0,2835.0,2835.0,2835.0,2835.0,2835.0,2835.0,2835.0,2835.0,2835.0,2835.0,2835.0,2835.0,2835.0,2835.0,2835.0,2835.0,2835.0,2835.0,2835.0,2835.0,2835.0,2835.0,2835.0,2835.0,2835.0,2835.0,5.0,,,,,,,,,0.5,-0.2773816428,-0.3111654822,-0.1802961412052088,0.191027899,0.0178869155999999,0.099859089,0.1888345178
2836,2836,2836.0,2836.0,2836.0,2836.0,2836.0,2836.0,2836.0,2836.0,2836.0,2836.0,2836.0,2836.0,2836.0,2836.0,2836.0,2836.0,2836.0,2836.0,2836.0,2836.0,2836.0,2836.0,2836.0,2836.0,2836.0,2836.0,2836.0,2836.0,2836.0,2836.0,2836.0,2836.0,6.0,,,,,,,,,0.6,-0.3078652712,-0.2987114679,-0.1860828051872924,0.2089148146,0.0190343229,0.0819721734,0.1888345178
2837,2837,2837.0,2837.0,2837.0,2837.0,2837.0,2837.0,2837.0,2837.0,2837.0,2837.0,2837.0,2837.0,2837.0,2837.0,2837.0,2837.0,2837.0,2837.0,2837.0,2837.0,2837.0,2837.0,2837.0,2837.0,2837.0,2837.0,2837.0,2837.0,2837.0,2837.0,2837.0,2837.0,7.0,,,,,,,,,0.7,-0.3371917659,-0.2879932538,-0.1548152112915013,0.2279491375,0.0202938407999999,0.0629378505,0.1888345178
2838,2838,2838.0,2838.0,2838.0,2838.0,2838.0,2838.0,2838.0,2838.0,2838.0,2838.0,2838.0,2838.0,2838.0,2838.0,2838.0,2838.0,2838.0,2838.0,2838.0,2838.0,2838.0,2838.0,2838.0,2838.0,2838.0,2838.0,2838.0,2838.0,2838.0,2838.0,2838.0,2838.0,8.0,,,,,,,,,0.8,-0.3653471242,-0.2753194166,0.0564786438025015,0.2482429783,0.0210695867,0.0426440097,0.1888345178
2839,2839,2839.0,2839.0,2839.0,2839.0,2839.0,2839.0,2839.0,2839.0,2839.0,2839.0,2839.0,2839.0,2839.0,2839.0,2839.0,2839.0,2839.0,2839.0,2839.0,2839.0,2839.0,2839.0,2839.0,2839.0,2839.0,2839.0,2839.0,2839.0,2839.0,2839.0,2839.0,2839.0,9.0,,,,,,,,,0.9,-0.3912742733,-0.2437444031,0.0263677221638555,0.269312565,0.021574423,0.021574423,0.1888345178
2840,2840,2840.0,2840.0,2840.0,2840.0,2840.0,2840.0,2840.0,2840.0,2840.0,2840.0,2840.0,2840.0,2840.0,2840.0,2840.0,2840.0,2840.0,2840.0,2840.0,2840.0,2840.0,2840.0,2840.0,2840.0,2840.0,2840.0,2840.0,2840.0,2840.0,2840.0,2840.0,2840.0,0.0,,,,,,,,,0.0,0.0,-1.0,2.05165877245637,0.0,0.0757255999,0.2742170706,0.2058677727
2841,2841,2841.0,2841.0,2841.0,2841.0,2841.0,2841.0,2841.0,2841.0,2841.0,2841.0,2841.0,2841.0,2841.0,2841.0,2841.0,2841.0,2841.0,2841.0,2841.0,2841.0,2841.0,2841.0,2841.0,2841.0,2841.0,2841.0,2841.0,2841.0,2841.0,2841.0,2841.0,2841.0,1.0,,,,,,,,,0.1,-0.0852378482,-0.7095962746,0.974168550585368,0.0757255999,0.0415703305,0.1984914707,0.2058677727
2842,2842,2842.0,2842.0,2842.0,2842.0,2842.0,2842.0,2842.0,2842.0,2842.0,2842.0,2842.0,2842.0,2842.0,2842.0,2842.0,2842.0,2842.0,2842.0,2842.0,2842.0,2842.0,2842.0,2842.0,2842.0,2842.0,2842.0,2842.0,2842.0,2842.0,2842.0,2842.0,2842.0,2.0,,,,,,,,,0.2,-0.1480524747,-0.549364793,0.3004126132934318,0.1172959304,0.0289860175999999,0.1569211402,0.2058677727
2843,2843,2843.0,2843.0,2843.0,2843.0,2843.0,2843.0,2843.0,2843.0,2843.0,2843.0,2843.0,2843.0,2843.0,2843.0,2843.0,2843.0,2843.0,2843.0,2843.0,2843.0,2843.0,2843.0,2843.0,2843.0,2843.0,2843.0,2843.0,2843.0,2843.0,2843.0,2843.0,2843.0,3.0,,,,,,,,,0.3,-0.1988782172,-0.4684977892,0.739254692562534,0.146281948,0.0220682349999999,0.1279351226,0.2058677727
2844,2844,2844.0,2844.0,2844.0,2844.0,2844.0,2844.0,2844.0,2844.0,2844.0,2844.0,2844.0,2844.0,2844.0,2844.0,2844.0,2844.0,2844.0,2844.0,2844.0,2844.0,2844.0,2844.0,2844.0,2844.0,2844.0,2844.0,2844.0,2844.0,2844.0,2844.0,2844.0,2844.0,4.0,,,,,,,,,0.4,-0.2398856133,-0.3535649238,0.2709727394770609,0.168350183,0.0171124264,0.1058668876,0.2058677727
2845,2845,2845.0,2845.0,2845.0,2845.0,2845.0,2845.0,2845.0,2845.0,2845.0,2845.0,2845.0,2845.0,2845.0,2845.0,2845.0,2845.0,2845.0,2845.0,2845.0,2845.0,2845.0,2845.0,2845.0,2845.0,2845.0,2845.0,2845.0,2845.0,2845.0,2845.0,2845.0,2845.0,5.0,,,,,,,,,0.5,-0.2722210358,-0.2941322273,-0.2159553372550238,0.1854626094,0.0166868919,0.0887544612,0.2058677727
2846,2846,2846.0,2846.0,2846.0,2846.0,2846.0,2846.0,2846.0,2846.0,2846.0,2846.0,2846.0,2846.0,2846.0,2846.0,2846.0,2846.0,2846.0,2846.0,2846.0,2846.0,2846.0,2846.0,2846.0,2846.0,2846.0,2846.0,2846.0,2846.0,2846.0,2846.0,2846.0,2846.0,6.0,,,,,,,,,0.6,-0.301256197,-0.2866925999,-0.1071339085503128,0.2021495013,0.0176850295,0.0720675693,0.2058677727
2847,2847,2847.0,2847.0,2847.0,2847.0,2847.0,2847.0,2847.0,2847.0,2847.0,2847.0,2847.0,2847.0,2847.0,2847.0,2847.0,2847.0,2847.0,2847.0,2847.0,2847.0,2847.0,2847.0,2847.0,2847.0,2847.0,2847.0,2847.0,2847.0,2847.0,2847.0,2847.0,2847.0,7.0,,,,,,,,,0.7,-0.3290571036,-0.2696050841,0.1651092746597221,0.2198345308,0.0178970294999999,0.0543825397999999,0.2058677727
2848,2848,2848.0,2848.0,2848.0,2848.0,2848.0,2848.0,2848.0,2848.0,2848.0,2848.0,2848.0,2848.0,2848.0,2848.0,2848.0,2848.0,2848.0,2848.0,2848.0,2848.0,2848.0,2848.0,2848.0,2848.0,2848.0,2848.0,2848.0,2848.0,2848.0,2848.0,2848.0,2848.0,8.0,,,,,,,,,0.8,-0.3539148753,-0.228236385,-0.0239291100009586,0.2377315603,0.018097547,0.0364855102999999,0.2058677727
2849,2849,2849.0,2849.0,2849.0,2849.0,2849.0,2849.0,2849.0,2849.0,2849.0,2849.0,2849.0,2849.0,2849.0,2849.0,2849.0,2849.0,2849.0,2849.0,2849.0,2849.0,2849.0,2849.0,2849.0,2849.0,2849.0,2849.0,2849.0,2849.0,2849.0,2849.0,2849.0,2849.0,9.0,,,,,,,,,0.9,-0.3757505487,-0.2087936225,0.2504560216031247,0.2558291073,0.0183879632999999,0.0183879632999999,0.2058677727
2850,2850,2850.0,2850.0,2850.0,2850.0,2850.0,2850.0,2850.0,2850.0,2850.0,2850.0,2850.0,2850.0,2850.0,2850.0,2850.0,2850.0,2850.0,2850.0,2850.0,2850.0,2850.0,2850.0,2850.0,2850.0,2850.0,2850.0,2850.0,2850.0,2850.0,2850.0,2850.0,2850.0,0.0,,,,,,,,,0.0,0.0,-1.0,2.036548994099573,0.0,0.0758128632,0.3087110748,0.1387012824
2851,2851,2851.0,2851.0,2851.0,2851.0,2851.0,2851.0,2851.0,2851.0,2851.0,2851.0,2851.0,2851.0,2851.0,2851.0,2851.0,2851.0,2851.0,2851.0,2851.0,2851.0,2851.0,2851.0,2851.0,2851.0,2851.0,2851.0,2851.0,2851.0,2851.0,2851.0,2851.0,2851.0,1.0,,,,,,,,,0.1,-0.0853109443,-0.7110341562,1.006066804659448,0.0758128632,0.0415906546,0.2328982116,0.1387012824
2852,2852,2852.0,2852.0,2852.0,2852.0,2852.0,2852.0,2852.0,2852.0,2852.0,2852.0,2852.0,2852.0,2852.0,2852.0,2852.0,2852.0,2852.0,2852.0,2852.0,2852.0,2852.0,2852.0,2852.0,2852.0,2852.0,2852.0,2852.0,2852.0,2852.0,2852.0,2852.0,2852.0,2.0,,,,,,,,,0.2,-0.1481080989,-0.5476303212,0.0473961509965643,0.1174035178,0.0300161332,0.191307557,0.1387012824
2853,2853,2853.0,2853.0,2853.0,2853.0,2853.0,2853.0,2853.0,2853.0,2853.0,2853.0,2853.0,2853.0,2853.0,2853.0,2853.0,2853.0,2853.0,2853.0,2853.0,2853.0,2853.0,2853.0,2853.0,2853.0,2853.0,2853.0,2853.0,2853.0,2853.0,2853.0,2853.0,2853.0,3.0,,,,,,,,,0.3,-0.1999927308,-0.4910060742,-0.1714397882197965,0.147419651,0.0276744016999999,0.1612914237999999,0.1387012824
2854,2854,2854.0,2854.0,2854.0,2854.0,2854.0,2854.0,2854.0,2854.0,2854.0,2854.0,2854.0,2854.0,2854.0,2854.0,2854.0,2854.0,2854.0,2854.0,2854.0,2854.0,2854.0,2854.0,2854.0,2854.0,2854.0,2854.0,2854.0,2854.0,2854.0,2854.0,2854.0,2854.0,4.0,,,,,,,,,0.4,-0.2475474653,-0.4605953186,0.5828459180455918,0.1750940527,0.0243155049,0.1336170220999999,0.1387012824
2855,2855,2855.0,2855.0,2855.0,2855.0,2855.0,2855.0,2855.0,2855.0,2855.0,2855.0,2855.0,2855.0,2855.0,2855.0,2855.0,2855.0,2855.0,2855.0,2855.0,2855.0,2855.0,2855.0,2855.0,2855.0,2855.0,2855.0,2855.0,2855.0,2855.0,2855.0,2855.0,2855.0,5.0,,,,,,,,,0.5,-0.2885594745,-0.3612987176,0.1057111006182152,0.1994095576,0.0208593867999999,0.1093015171999999,0.1387012824
2856,2856,2856.0,2856.0,2856.0,2856.0,2856.0,2856.0,2856.0,2856.0,2856.0,2856.0,2856.0,2856.0,2856.0,2856.0,2856.0,2856.0,2856.0,2856.0,2856.0,2856.0,2856.0,2856.0,2856.0,2856.0,2856.0,2856.0,2856.0,2856.0,2856.0,2856.0,2856.0,2856.0,6.0,,,,,,,,,0.6,-0.3224303412,-0.3168567408,-0.1864619014780147,0.2202689444,0.0210996507,0.0884421303999999,0.1387012824
2857,2857,2857.0,2857.0,2857.0,2857.0,2857.0,2857.0,2857.0,2857.0,2857.0,2857.0,2857.0,2857.0,2857.0,2857.0,2857.0,2857.0,2857.0,2857.0,2857.0,2857.0,2857.0,2857.0,2857.0,2857.0,2857.0,2857.0,2857.0,2857.0,2857.0,2857.0,2857.0,2857.0,7.0,,,,,,,,,0.7,-0.3534854242,-0.3044478479,0.1229850133143975,0.2413685951,0.0216242665,0.0673424796999999,0.1387012824
2858,2858,2858.0,2858.0,2858.0,2858.0,2858.0,2858.0,2858.0,2858.0,2858.0,2858.0,2858.0,2858.0,2858.0,2858.0,2858.0,2858.0,2858.0,2858.0,2858.0,2858.0,2858.0,2858.0,2858.0,2858.0,2858.0,2858.0,2858.0,2858.0,2858.0,2858.0,2858.0,2858.0,8.0,,,,,,,,,0.8,-0.3818627422,-0.2637720286,-0.1306558562937445,0.2629928616,0.0222272438999999,0.0457182131999999,0.1387012824
2859,2859,2859.0,2859.0,2859.0,2859.0,2859.0,2859.0,2859.0,2859.0,2859.0,2859.0,2859.0,2859.0,2859.0,2859.0,2859.0,2859.0,2859.0,2859.0,2859.0,2859.0,2859.0,2859.0,2859.0,2859.0,2859.0,2859.0,2859.0,2859.0,2859.0,2859.0,2859.0,2859.0,9.0,,,,,,,,,0.9,-0.4075963567,-0.2511039997,-0.0619953461843204,0.2852201055,0.0234909692999999,0.0234909692999999,0.1387012824
2860,2860,2860.0,2860.0,2860.0,2860.0,2860.0,2860.0,2860.0,2860.0,2860.0,2860.0,2860.0,2860.0,2860.0,2860.0,2860.0,2860.0,2860.0,2860.0,2860.0,2860.0,2860.0,2860.0,2860.0,2860.0,2860.0,2860.0,2860.0,2860.0,2860.0,2860.0,2860.0,2860.0,0.0,,,,,,,,,0.0,0.0,-1.0,2.1326185131707187,0.0,0.0752648849,0.2932700341,0.1449814767
2861,2861,2861.0,2861.0,2861.0,2861.0,2861.0,2861.0,2861.0,2861.0,2861.0,2861.0,2861.0,2861.0,2861.0,2861.0,2861.0,2861.0,2861.0,2861.0,2861.0,2861.0,2861.0,2861.0,2861.0,2861.0,2861.0,2861.0,2861.0,2861.0,2861.0,2861.0,2861.0,2861.0,1.0,,,,,,,,,0.1,-0.0848462119,-0.7018919368,0.9020788220357112,0.0752648849,0.0409857737,0.2180051492,0.1449814767
2862,2862,2862.0,2862.0,2862.0,2862.0,2862.0,2862.0,2862.0,2862.0,2862.0,2862.0,2862.0,2862.0,2862.0,2862.0,2862.0,2862.0,2862.0,2862.0,2862.0,2862.0,2862.0,2862.0,2862.0,2862.0,2862.0,2862.0,2862.0,2862.0,2862.0,2862.0,2862.0,2862.0,2.0,,,,,,,,,0.2,-0.1472764014,-0.5492538651,0.1288926626251914,0.1162506586,0.0297520513,0.1770193755,0.1449814767
2863,2863,2863.0,2863.0,2863.0,2863.0,2863.0,2863.0,2863.0,2863.0,2863.0,2863.0,2863.0,2863.0,2863.0,2863.0,2863.0,2863.0,2863.0,2863.0,2863.0,2863.0,2863.0,2863.0,2863.0,2863.0,2863.0,2863.0,2863.0,2863.0,2863.0,2863.0,2863.0,2863.0,3.0,,,,,,,,,0.3,-0.1989213006,-0.4847196996,0.0749216858906002,0.1460027099,0.0259272956,0.1472673242,0.1449814767
2864,2864,2864.0,2864.0,2864.0,2864.0,2864.0,2864.0,2864.0,2864.0,2864.0,2864.0,2864.0,2864.0,2864.0,2864.0,2864.0,2864.0,2864.0,2864.0,2864.0,2864.0,2864.0,2864.0,2864.0,2864.0,2864.0,2864.0,2864.0,2864.0,2864.0,2864.0,2864.0,2864.0,4.0,,,,,,,,,0.4,-0.244686047,-0.4314627846,0.3718382979327094,0.1719300055,0.0225645093999999,0.1213400286,0.1449814767
2865,2865,2865.0,2865.0,2865.0,2865.0,2865.0,2865.0,2865.0,2865.0,2865.0,2865.0,2865.0,2865.0,2865.0,2865.0,2865.0,2865.0,2865.0,2865.0,2865.0,2865.0,2865.0,2865.0,2865.0,2865.0,2865.0,2865.0,2865.0,2865.0,2865.0,2865.0,2865.0,2865.0,5.0,,,,,,,,,0.5,-0.2839464785,-0.3550185233,0.0381805104077238,0.1944945149,0.0203750852,0.0987755192,0.1449814767
2866,2866,2866.0,2866.0,2866.0,2866.0,2866.0,2866.0,2866.0,2866.0,2866.0,2866.0,2866.0,2866.0,2866.0,2866.0,2866.0,2866.0,2866.0,2866.0,2866.0,2866.0,2866.0,2866.0,2866.0,2866.0,2866.0,2866.0,2866.0,2866.0,2866.0,2866.0,2866.0,2866.0,6.0,,,,,,,,,0.6,-0.3175464093,-0.3176005415,0.1584359239063358,0.2148696001,0.0197801407,0.078400434,0.1449814767
2867,2867,2867.0,2867.0,2867.0,2867.0,2867.0,2867.0,2867.0,2867.0,2867.0,2867.0,2867.0,2867.0,2867.0,2867.0,2867.0,2867.0,2867.0,2867.0,2867.0,2867.0,2867.0,2867.0,2867.0,2867.0,2867.0,2867.0,2867.0,2867.0,2867.0,2867.0,2867.0,2867.0,7.0,,,,,,,,,0.7,-0.3470038247,-0.2722995337,0.1801274676517117,0.2346497408,0.0192593434,0.0586202933,0.1449814767
2868,2868,2868.0,2868.0,2868.0,2868.0,2868.0,2868.0,2868.0,2868.0,2868.0,2868.0,2868.0,2868.0,2868.0,2868.0,2868.0,2868.0,2868.0,2868.0,2868.0,2868.0,2868.0,2868.0,2868.0,2868.0,2868.0,2868.0,2868.0,2868.0,2868.0,2868.0,2868.0,2868.0,8.0,,,,,,,,,0.8,-0.3720453499,-0.2292452618,0.0423908098042425,0.2539090842,0.0193546296999999,0.0393609499,0.1449814767
2869,2869,2869.0,2869.0,2869.0,2869.0,2869.0,2869.0,2869.0,2869.0,2869.0,2869.0,2869.0,2869.0,2869.0,2869.0,2869.0,2869.0,2869.0,2869.0,2869.0,2869.0,2869.0,2869.0,2869.0,2869.0,2869.0,2869.0,2869.0,2869.0,2869.0,2869.0,2869.0,2869.0,9.0,,,,,,,,,0.9,-0.393656148,-0.2033953827,0.0139050138652885,0.2732637139,0.0200063202,0.0200063202,0.1449814767
2870,2870,2870.0,2870.0,2870.0,2870.0,2870.0,2870.0,2870.0,2870.0,2870.0,2870.0,2870.0,2870.0,2870.0,2870.0,2870.0,2870.0,2870.0,2870.0,2870.0,2870.0,2870.0,2870.0,2870.0,2870.0,2870.0,2870.0,2870.0,2870.0,2870.0,2870.0,2870.0,2870.0,0.0,,,,,,,,,0.0,0.0,-1.0,1.9187029532407536,0.0,0.0765053041,0.3049158065,0.1621449793
2871,2871,2871.0,2871.0,2871.0,2871.0,2871.0,2871.0,2871.0,2871.0,2871.0,2871.0,2871.0,2871.0,2871.0,2871.0,2871.0,2871.0,2871.0,2871.0,2871.0,2871.0,2871.0,2871.0,2871.0,2871.0,2871.0,2871.0,2871.0,2871.0,2871.0,2871.0,2871.0,2871.0,1.0,,,,,,,,,0.1,-0.0858810149,-0.7222486898,0.7689184089872205,0.0765053041,0.0441934175999999,0.2284105024,0.1621449793
2872,2872,2872.0,2872.0,2872.0,2872.0,2872.0,2872.0,2872.0,2872.0,2872.0,2872.0,2872.0,2872.0,2872.0,2872.0,2872.0,2872.0,2872.0,2872.0,2872.0,2872.0,2872.0,2872.0,2872.0,2872.0,2872.0,2872.0,2872.0,2872.0,2872.0,2872.0,2872.0,2872.0,2.0,,,,,,,,,0.2,-0.1508925232,-0.5803453406,0.4244482098050341,0.1206987217,0.0316425587,0.1842170847999999,0.1621449793
2873,2873,2873.0,2873.0,2873.0,2873.0,2873.0,2873.0,2873.0,2873.0,2873.0,2873.0,2873.0,2873.0,2873.0,2873.0,2873.0,2873.0,2873.0,2873.0,2873.0,2873.0,2873.0,2873.0,2873.0,2873.0,2873.0,2873.0,2873.0,2873.0,2873.0,2873.0,2873.0,2873.0,3.0,,,,,,,,,0.3,-0.2040664409,-0.4847266019,-0.1761613877753887,0.1523412804,0.0273016141999999,0.1525745261,0.1621449793
2874,2874,2874.0,2874.0,2874.0,2874.0,2874.0,2874.0,2874.0,2874.0,2874.0,2874.0,2874.0,2874.0,2874.0,2874.0,2874.0,2874.0,2874.0,2874.0,2874.0,2874.0,2874.0,2874.0,2874.0,2874.0,2874.0,2874.0,2874.0,2874.0,2874.0,2874.0,2874.0,2874.0,4.0,,,,,,,,,0.4,-0.251046446,-0.4553627356,0.7794470260013571,0.1796428946,0.0234719744,0.1252729119,0.1621449793
2875,2875,2875.0,2875.0,2875.0,2875.0,2875.0,2875.0,2875.0,2875.0,2875.0,2875.0,2875.0,2875.0,2875.0,2875.0,2875.0,2875.0,2875.0,2875.0,2875.0,2875.0,2875.0,2875.0,2875.0,2875.0,2875.0,2875.0,2875.0,2875.0,2875.0,2875.0,2875.0,2875.0,5.0,,,,,,,,,0.5,-0.2906094583,-0.3378550207,0.0880165572842203,0.203114869,0.0195044054999999,0.1018009375,0.1621449793
2876,2876,2876.0,2876.0,2876.0,2876.0,2876.0,2876.0,2876.0,2876.0,2876.0,2876.0,2876.0,2876.0,2876.0,2876.0,2876.0,2876.0,2876.0,2876.0,2876.0,2876.0,2876.0,2876.0,2876.0,2876.0,2876.0,2876.0,2876.0,2876.0,2876.0,2876.0,2876.0,2876.0,6.0,,,,,,,,,0.6,-0.3223350015,-0.2973278218,-0.0448689674416972,0.2226192745,0.0194847887,0.082296532,0.1621449793
2877,2877,2877.0,2877.0,2877.0,2877.0,2877.0,2877.0,2877.0,2877.0,2877.0,2877.0,2877.0,2877.0,2877.0,2877.0,2877.0,2877.0,2877.0,2877.0,2877.0,2877.0,2877.0,2877.0,2877.0,2877.0,2877.0,2877.0,2877.0,2877.0,2877.0,2877.0,2877.0,2877.0,7.0,,,,,,,,,0.7,-0.3508468066,-0.2733029134,0.0091562987993442,0.2421040632,0.0200066389999999,0.0628117433,0.1621449793
2878,2878,2878.0,2878.0,2878.0,2878.0,2878.0,2878.0,2878.0,2878.0,2878.0,2878.0,2878.0,2878.0,2878.0,2878.0,2878.0,2878.0,2878.0,2878.0,2878.0,2878.0,2878.0,2878.0,2878.0,2878.0,2878.0,2878.0,2878.0,2878.0,2878.0,2878.0,2878.0,2878.0,8.0,,,,,,,,,0.8,-0.3768110227,-0.2464230674,-0.1391548772362312,0.2621107022,0.0209639918,0.0428051043,0.1621449793
2879,2879,2879.0,2879.0,2879.0,2879.0,2879.0,2879.0,2879.0,2879.0,2879.0,2879.0,2879.0,2879.0,2879.0,2879.0,2879.0,2879.0,2879.0,2879.0,2879.0,2879.0,2879.0,2879.0,2879.0,2879.0,2879.0,2879.0,2879.0,2879.0,2879.0,2879.0,2879.0,2879.0,9.0,,,,,,,,,0.9,-0.4009347772,-0.2362148006,0.1024777220579272,0.283074694,0.0218411124999999,0.0218411124999999,0.1621449793
2880,2880,2880.0,2880.0,2880.0,2880.0,2880.0,2880.0,2880.0,2880.0,2880.0,2880.0,2880.0,2880.0,2880.0,2880.0,2880.0,2880.0,2880.0,2880.0,2880.0,2880.0,2880.0,2880.0,2880.0,2880.0,2880.0,2880.0,2880.0,2880.0,2880.0,2880.0,2880.0,0.0,,,,,,,,,,0.0,0.0,-1.0,0.0524004792716012,0.0,0.0904704691,1.3647469746,-2.5
2881,2881,2881.0,2881.0,2881.0,2881.0,2881.0,2881.0,2881.0,2881.0,2881.0,2881.0,2881.0,2881.0,2881.0,2881.0,2881.0,2881.0,2881.0,2881.0,2881.0,2881.0,2881.0,2881.0,2881.0,2881.0,2881.0,2881.0,2881.0,2881.0,2881.0,2881.0,2881.0,1.0,,,,,,,,,,0.1,-0.0949090955,-0.8998508566,-0.3173293919478017,0.0904704691,0.0780512411999999,1.2742765055,-1.6798508566000003
2882,2882,2882.0,2882.0,2882.0,2882.0,2882.0,2882.0,2882.0,2882.0,2882.0,2882.0,2882.0,2882.0,2882.0,2882.0,2882.0,2882.0,2882.0,2882.0,2882.0,2882.0,2882.0,2882.0,2882.0,2882.0,2882.0,2882.0,2882.0,2882.0,2882.0,2882.0,2882.0,2.0,,,,,,,,,,0.2,-0.1820762786,-0.8444166127,-1.3331299791328997,0.1685217103,0.0813886619,1.1962252643,-1.0644166127
2883,2883,2883.0,2883.0,2883.0,2883.0,2883.0,2883.0,2883.0,2883.0,2883.0,2883.0,2883.0,2883.0,2883.0,2883.0,2883.0,2883.0,2883.0,2883.0,2883.0,2883.0,2883.0,2883.0,2883.0,2883.0,2883.0,2883.0,2883.0,2883.0,2883.0,2883.0,2883.0,3.0,,,,,,,,,,0.3,-0.2688820319,-0.8909238573,-1.5054482963884532,0.2499103722,0.0958789983,1.1148366024,-0.7109238573000001
2884,2884,2884.0,2884.0,2884.0,2884.0,2884.0,2884.0,2884.0,2884.0,2884.0,2884.0,2884.0,2884.0,2884.0,2884.0,2884.0,2884.0,2884.0,2884.0,2884.0,2884.0,2884.0,2884.0,2884.0,2884.0,2884.0,2884.0,2884.0,2884.0,2884.0,2884.0,2884.0,4.0,,,,,,,,,,0.4,-0.3609470218,-0.949403697,-1.8486778577615288,0.3457893705,0.1172394748999999,1.0189576041,-0.529403697
2885,2885,2885.0,2885.0,2885.0,2885.0,2885.0,2885.0,2885.0,2885.0,2885.0,2885.0,2885.0,2885.0,2885.0,2885.0,2885.0,2885.0,2885.0,2885.0,2885.0,2885.0,2885.0,2885.0,2885.0,2885.0,2885.0,2885.0,2885.0,2885.0,2885.0,2885.0,2885.0,5.0,,,,,,,,,,0.5,-0.4602371401,-1.0349813645,-2.2096690646365587,0.4630288454,0.1482579406999999,0.9017181292,-0.5349813644999999
2886,2886,2886.0,2886.0,2886.0,2886.0,2886.0,2886.0,2886.0,2886.0,2886.0,2886.0,2886.0,2886.0,2886.0,2886.0,2886.0,2886.0,2886.0,2886.0,2886.0,2886.0,2886.0,2886.0,2886.0,2886.0,2886.0,2886.0,2886.0,2886.0,2886.0,2886.0,2886.0,6.0,,,,,,,,,,0.6,-0.5694178304,-1.1467675807,-2.5153037499635387,0.6112867861,0.1901187828,0.7534601885000001,-0.7267675806999999
2887,2887,2887.0,2887.0,2887.0,2887.0,2887.0,2887.0,2887.0,2887.0,2887.0,2887.0,2887.0,2887.0,2887.0,2887.0,2887.0,2887.0,2887.0,2887.0,2887.0,2887.0,2887.0,2887.0,2887.0,2887.0,2887.0,2887.0,2887.0,2887.0,2887.0,2887.0,2887.0,7.0,,,,,,,,,,0.7,-0.6907148332,-1.2770009529,-2.694686036282743,0.8014055689,0.2422773925,0.5633414057,-1.0970009528999998
2888,2888,2888.0,2888.0,2888.0,2888.0,2888.0,2888.0,2888.0,2888.0,2888.0,2888.0,2888.0,2888.0,2888.0,2888.0,2888.0,2888.0,2888.0,2888.0,2888.0,2888.0,2888.0,2888.0,2888.0,2888.0,2888.0,2888.0,2888.0,2888.0,2888.0,2888.0,2888.0,8.0,,,,,,,,,,0.8,-0.8252729085,-1.4119114812,11.648573721269834,1.0436829614,0.2181245895999999,0.3210640132,-1.6319114812000002
2889,2889,2889.0,2889.0,2889.0,2889.0,2889.0,2889.0,2889.0,2889.0,2889.0,2889.0,2889.0,2889.0,2889.0,2889.0,2889.0,2889.0,2889.0,2889.0,2889.0,2889.0,2889.0,2889.0,2889.0,2889.0,2889.0,2889.0,2889.0,2889.0,2889.0,2889.0,2889.0,9.0,,,,,,,,,,0.9,-0.9032850411,-0.1690419765,-3.625093293447256,1.261807551,0.1029394236,0.1029394236,-0.9490419765000002
2890,2890,2890.0,2890.0,2890.0,2890.0,2890.0,2890.0,2890.0,2890.0,2890.0,2890.0,2890.0,2890.0,2890.0,2890.0,2890.0,2890.0,2890.0,2890.0,2890.0,2890.0,2890.0,2890.0,2890.0,2890.0,2890.0,2890.0,2890.0,2890.0,2890.0,2890.0,2890.0,0.0,,,,,,,,,,0.0,0.0,-1.0,0.1225697014048251,0.0,0.0898433197,1.3887452838,-2.5
2891,2891,2891.0,2891.0,2891.0,2891.0,2891.0,2891.0,2891.0,2891.0,2891.0,2891.0,2891.0,2891.0,2891.0,2891.0,2891.0,2891.0,2891.0,2891.0,2891.0,2891.0,2891.0,2891.0,2891.0,2891.0,2891.0,2891.0,2891.0,2891.0,2891.0,2891.0,2891.0,1.0,,,,,,,,,,0.1,-0.0945696576,-0.8931733723,-0.3717985254238263,0.0898433197,0.0774014022,1.2989019641,-1.6731733723000004
2892,2892,2892.0,2892.0,2892.0,2892.0,2892.0,2892.0,2892.0,2892.0,2892.0,2892.0,2892.0,2892.0,2892.0,2892.0,2892.0,2892.0,2892.0,2892.0,2892.0,2892.0,2892.0,2892.0,2892.0,2892.0,2892.0,2892.0,2892.0,2892.0,2892.0,2892.0,2892.0,2.0,,,,,,,,,,0.2,-0.1813648842,-0.8435579982,-1.1965227090804982,0.1672447219,0.0798787558999999,1.2215005619,-1.0635579982
2893,2893,2893.0,2893.0,2893.0,2893.0,2893.0,2893.0,2893.0,2893.0,2893.0,2893.0,2893.0,2893.0,2893.0,2893.0,2893.0,2893.0,2893.0,2893.0,2893.0,2893.0,2893.0,2893.0,2893.0,2893.0,2893.0,2893.0,2893.0,2893.0,2893.0,2893.0,2893.0,3.0,,,,,,,,,,0.3,-0.2674281083,-0.877147045,-1.7791219375880307,0.2471234778,0.0962800332,1.141621806,-0.697147045
2894,2894,2894.0,2894.0,2894.0,2894.0,2894.0,2894.0,2894.0,2894.0,2894.0,2894.0,2894.0,2894.0,2894.0,2894.0,2894.0,2894.0,2894.0,2894.0,2894.0,2894.0,2894.0,2894.0,2894.0,2894.0,2894.0,2894.0,2894.0,2894.0,2894.0,2894.0,2894.0,4.0,,,,,,,,,,0.4,-0.3595058867,-0.9629814603,-1.7719058009035198,0.343403511,0.1188526281,1.0453417728,-0.5429814602999999
2895,2895,2895.0,2895.0,2895.0,2895.0,2895.0,2895.0,2895.0,2895.0,2895.0,2895.0,2895.0,2895.0,2895.0,2895.0,2895.0,2895.0,2895.0,2895.0,2895.0,2895.0,2895.0,2895.0,2895.0,2895.0,2895.0,2895.0,2895.0,2895.0,2895.0,2895.0,2895.0,5.0,,,,,,,,,,0.5,-0.4597167831,-1.0399611441,-2.3400414482132144,0.4622561391,0.1509970806,0.9264891447,-0.5399611441000001
2896,2896,2896.0,2896.0,2896.0,2896.0,2896.0,2896.0,2896.0,2896.0,2896.0,2896.0,2896.0,2896.0,2896.0,2896.0,2896.0,2896.0,2896.0,2896.0,2896.0,2896.0,2896.0,2896.0,2896.0,2896.0,2896.0,2896.0,2896.0,2896.0,2896.0,2896.0,2896.0,6.0,,,,,,,,,,0.6,-0.5700020554,-1.1636800165,-2.5621492973040585,0.6132532197,0.1949217479999999,0.7754920641,-0.7436800165
2897,2897,2897.0,2897.0,2897.0,2897.0,2897.0,2897.0,2897.0,2897.0,2897.0,2897.0,2897.0,2897.0,2897.0,2897.0,2897.0,2897.0,2897.0,2897.0,2897.0,2897.0,2897.0,2897.0,2897.0,2897.0,2897.0,2897.0,2897.0,2897.0,2897.0,2897.0,2897.0,7.0,,,,,,,,,,0.7,-0.6931351099,-1.2967618919,-2.8248386032488204,0.8081749677,0.2500292609,0.5805703161000001,-1.1167618918999995
2898,2898,2898.0,2898.0,2898.0,2898.0,2898.0,2898.0,2898.0,2898.0,2898.0,2898.0,2898.0,2898.0,2898.0,2898.0,2898.0,2898.0,2898.0,2898.0,2898.0,2898.0,2898.0,2898.0,2898.0,2898.0,2898.0,2898.0,2898.0,2898.0,2898.0,2898.0,2898.0,8.0,,,,,,,,,,0.8,-0.8302032655,-1.4421775966,11.956382804850628,1.0582042286,0.2256586470999999,0.3305410552000001,-1.6621775966
2899,2899,2899.0,2899.0,2899.0,2899.0,2899.0,2899.0,2899.0,2899.0,2899.0,2899.0,2899.0,2899.0,2899.0,2899.0,2899.0,2899.0,2899.0,2899.0,2899.0,2899.0,2899.0,2899.0,2899.0,2899.0,2899.0,2899.0,2899.0,2899.0,2899.0,2899.0,2899.0,9.0,,,,,,,,,,0.9,-0.9096065972,-0.1671359844,-3.742931441986659,1.2838628757,0.1048824081000001,0.1048824081000001,-0.9471359844000002
2900,2900,2900.0,2900.0,2900.0,2900.0,2900.0,2900.0,2900.0,2900.0,2900.0,2900.0,2900.0,2900.0,2900.0,2900.0,2900.0,2900.0,2900.0,2900.0,2900.0,2900.0,2900.0,2900.0,2900.0,2900.0,2900.0,2900.0,2900.0,2900.0,2900.0,2900.0,2900.0,0.0,,,,,,,,,,0.0,0.0,-1.0,-0.0993260556605438,0.0,0.0918538842,1.3954648642000005,-2.5
2901,2901,2901.0,2901.0,2901.0,2901.0,2901.0,2901.0,2901.0,2901.0,2901.0,2901.0,2901.0,2901.0,2901.0,2901.0,2901.0,2901.0,2901.0,2901.0,2901.0,2901.0,2901.0,2901.0,2901.0,2901.0,2901.0,2901.0,2901.0,2901.0,2901.0,2901.0,2901.0,1.0,,,,,,,,,,0.1,-0.0956430648,-0.9142895408,-0.3935696539308692,0.0918538842,0.0811886016,1.3036109800000002,-1.6942895408000005
2902,2902,2902.0,2902.0,2902.0,2902.0,2902.0,2902.0,2902.0,2902.0,2902.0,2902.0,2902.0,2902.0,2902.0,2902.0,2902.0,2902.0,2902.0,2902.0,2902.0,2902.0,2902.0,2902.0,2902.0,2902.0,2902.0,2902.0,2902.0,2902.0,2902.0,2902.0,2902.0,2.0,,,,,,,,,,0.2,-0.1845531744,-0.8647363966,-1.22081962550432,0.1730424858,0.0838206212999999,1.2224223784,-1.0847363966
2903,2903,2903.0,2903.0,2903.0,2903.0,2903.0,2903.0,2903.0,2903.0,2903.0,2903.0,2903.0,2903.0,2903.0,2903.0,2903.0,2903.0,2903.0,2903.0,2903.0,2903.0,2903.0,2903.0,2903.0,2903.0,2903.0,2903.0,2903.0,2903.0,2903.0,2903.0,2903.0,3.0,,,,,,,,,,0.3,-0.2727493242,-0.8986222093,-1.754826210505799,0.2568631071,0.1002174812,1.1386017571000002,-0.7186222093000001
2904,2904,2904.0,2904.0,2904.0,2904.0,2904.0,2904.0,2904.0,2904.0,2904.0,2904.0,2904.0,2904.0,2904.0,2904.0,2904.0,2904.0,2904.0,2904.0,2904.0,2904.0,2904.0,2904.0,2904.0,2904.0,2904.0,2904.0,2904.0,2904.0,2904.0,2904.0,2904.0,4.0,,,,,,,,,,0.4,-0.3667532184,-0.9801009361,-1.6770579007550144,0.3570805883,0.1216914491,1.0383842759000002,-0.5601009361
2905,2905,2905.0,2905.0,2905.0,2905.0,2905.0,2905.0,2905.0,2905.0,2905.0,2905.0,2905.0,2905.0,2905.0,2905.0,2905.0,2905.0,2905.0,2905.0,2905.0,2905.0,2905.0,2905.0,2905.0,2905.0,2905.0,2905.0,2905.0,2905.0,2905.0,2905.0,2905.0,5.0,,,,,,,,,,0.5,-0.4681345324,-1.0464254122,-2.040237457577809,0.4787720374,0.1493067426999999,0.9166928268,-0.5464254122000001
2906,2906,2906.0,2906.0,2906.0,2906.0,2906.0,2906.0,2906.0,2906.0,2906.0,2906.0,2906.0,2906.0,2906.0,2906.0,2906.0,2906.0,2906.0,2906.0,2906.0,2906.0,2906.0,2906.0,2906.0,2906.0,2906.0,2906.0,2906.0,2906.0,2906.0,2906.0,2906.0,6.0,,,,,,,,,,0.6,-0.5775839667,-1.1409997237,-2.718262711827008,0.6280787801,0.192789647,0.7673860841000001,-0.7209997237
2907,2907,2907.0,2907.0,2907.0,2907.0,2907.0,2907.0,2907.0,2907.0,2907.0,2907.0,2907.0,2907.0,2907.0,2907.0,2907.0,2907.0,2907.0,2907.0,2907.0,2907.0,2907.0,2907.0,2907.0,2907.0,2907.0,2907.0,2907.0,2907.0,2907.0,2907.0,2907.0,7.0,,,,,,,,,,0.7,-0.6993138398,-1.2910961218,-2.682737626030636,0.8208684271,0.2471238381,0.5745964371000001,-1.1110961218
2908,2908,2908.0,2908.0,2908.0,2908.0,2908.0,2908.0,2908.0,2908.0,2908.0,2908.0,2908.0,2908.0,2908.0,2908.0,2908.0,2908.0,2908.0,2908.0,2908.0,2908.0,2908.0,2908.0,2908.0,2908.0,2908.0,2908.0,2908.0,2908.0,2908.0,2908.0,2908.0,8.0,,,,,,,,,,0.8,-0.8351554454,-1.4235282787,11.841895126838091,1.0679922652,0.2228506992999999,0.327472599,-1.6435282787000003
2909,2909,2909.0,2909.0,2909.0,2909.0,2909.0,2909.0,2909.0,2909.0,2909.0,2909.0,2909.0,2909.0,2909.0,2909.0,2909.0,2909.0,2909.0,2909.0,2909.0,2909.0,2909.0,2909.0,2909.0,2909.0,2909.0,2909.0,2909.0,2909.0,2909.0,2909.0,2909.0,9.0,,,,,,,,,,0.9,-0.9133378846,-0.1611563269,-3.6764158785088847,1.2908429645,0.1046218997000001,0.1046218997000001,-0.9411563269000004
2910,2910,2910.0,2910.0,2910.0,2910.0,2910.0,2910.0,2910.0,2910.0,2910.0,2910.0,2910.0,2910.0,2910.0,2910.0,2910.0,2910.0,2910.0,2910.0,2910.0,2910.0,2910.0,2910.0,2910.0,2910.0,2910.0,2910.0,2910.0,2910.0,2910.0,2910.0,2910.0,0.0,,,,,,,,,,0.0,0.0,-1.0,0.1657569525687633,0.0,0.0894614,1.3811727400999998,-2.5
2911,2911,2911.0,2911.0,2911.0,2911.0,2911.0,2911.0,2911.0,2911.0,2911.0,2911.0,2911.0,2911.0,2911.0,2911.0,2911.0,2911.0,2911.0,2911.0,2911.0,2911.0,2911.0,2911.0,2911.0,2911.0,2911.0,2911.0,2911.0,2911.0,2911.0,2911.0,2911.0,1.0,,,,,,,,,,0.1,-0.0943607508,-0.8890635539,-0.4714503164015437,0.0894614,0.0775879538,1.2917113400999998,-1.6690635539000005
2912,2912,2912.0,2912.0,2912.0,2912.0,2912.0,2912.0,2912.0,2912.0,2912.0,2912.0,2912.0,2912.0,2912.0,2912.0,2912.0,2912.0,2912.0,2912.0,2912.0,2912.0,2912.0,2912.0,2912.0,2912.0,2912.0,2912.0,2912.0,2912.0,2912.0,2912.0,2912.0,2.0,,,,,,,,,,0.2,-0.181247019,-0.8493223174,-1.274906712996244,0.1670493538,0.0815996272,1.2141233862999998,-1.0693223174
2913,2913,2913.0,2913.0,2913.0,2913.0,2913.0,2913.0,2913.0,2913.0,2913.0,2913.0,2913.0,2913.0,2913.0,2913.0,2913.0,2913.0,2913.0,2913.0,2913.0,2913.0,2913.0,2913.0,2913.0,2913.0,2913.0,2913.0,2913.0,2913.0,2913.0,2913.0,2913.0,3.0,,,,,,,,,,0.3,-0.2682379645,-0.8898220432,-1.4146647201851328,0.248648981,0.0946860904,1.1325237591,-0.7098220432000001
2914,2914,2914.0,2914.0,2914.0,2914.0,2914.0,2914.0,2914.0,2914.0,2914.0,2914.0,2914.0,2914.0,2914.0,2914.0,2914.0,2914.0,2914.0,2914.0,2914.0,2914.0,2914.0,2914.0,2914.0,2914.0,2914.0,2914.0,2914.0,2914.0,2914.0,2914.0,2914.0,4.0,,,,,,,,,,0.4,-0.3597589591,-0.9397675206,-1.99772837913798,0.3433350714,0.1170450882999999,1.0378376687,-0.5197675206
2915,2915,2915.0,2915.0,2915.0,2915.0,2915.0,2915.0,2915.0,2915.0,2915.0,2915.0,2915.0,2915.0,2915.0,2915.0,2915.0,2915.0,2915.0,2915.0,2915.0,2915.0,2915.0,2915.0,2915.0,2915.0,2915.0,2915.0,2915.0,2915.0,2915.0,2915.0,2915.0,5.0,,,,,,,,,,0.5,-0.4588530304,-1.0404462872,-2.2470869758637755,0.4603801597,0.1497753767999999,0.9207925804,-0.5404462872
2916,2916,2916.0,2916.0,2916.0,2916.0,2916.0,2916.0,2916.0,2916.0,2916.0,2916.0,2916.0,2916.0,2916.0,2916.0,2916.0,2916.0,2916.0,2916.0,2916.0,2916.0,2916.0,2916.0,2916.0,2916.0,2916.0,2916.0,2916.0,2916.0,2916.0,2916.0,2916.0,6.0,,,,,,,,,,0.6,-0.5687347967,-1.1552732185,-2.5983797164163978,0.6101555365,0.1932854742999999,0.7710172036,-0.7352732185
2917,2917,2917.0,2917.0,2917.0,2917.0,2917.0,2917.0,2917.0,2917.0,2917.0,2917.0,2917.0,2917.0,2917.0,2917.0,2917.0,2917.0,2917.0,2917.0,2917.0,2917.0,2917.0,2917.0,2917.0,2917.0,2917.0,2917.0,2917.0,2917.0,2917.0,2917.0,2917.0,7.0,,,,,,,,,,0.7,-0.6912430466,-1.2926029402,-2.852640991449915,0.8034410108,0.249088364,0.5777317293,-1.1126029402
2918,2918,2918.0,2918.0,2918.0,2918.0,2918.0,2918.0,2918.0,2918.0,2918.0,2918.0,2918.0,2918.0,2918.0,2918.0,2918.0,2918.0,2918.0,2918.0,2918.0,2918.0,2918.0,2918.0,2918.0,2918.0,2918.0,2918.0,2918.0,2918.0,2918.0,2918.0,2918.0,8.0,,,,,,,,,,0.8,-0.8280499177,-1.4410601683,11.944900865172984,1.0525293748,0.2250302914999999,0.3286433653,-1.6610601683
2919,2919,2919.0,2919.0,2919.0,2919.0,2919.0,2919.0,2919.0,2919.0,2919.0,2919.0,2919.0,2919.0,2919.0,2919.0,2919.0,2919.0,2919.0,2919.0,2919.0,2919.0,2919.0,2919.0,2919.0,2919.0,2919.0,2919.0,2919.0,2919.0,2919.0,2919.0,2919.0,9.0,,,,,,,,,,0.9,-0.907402455,-0.1672175445,-3.631382267802364,1.2775596663,0.1036130738,0.1036130738,-0.9472175445000004
2920,2920,2920.0,2920.0,2920.0,2920.0,2920.0,2920.0,2920.0,2920.0,2920.0,2920.0,2920.0,2920.0,2920.0,2920.0,2920.0,2920.0,2920.0,2920.0,2920.0,2920.0,2920.0,2920.0,2920.0,2920.0,2920.0,2920.0,2920.0,2920.0,2920.0,2920.0,2920.0,0.0,,,,,,,,,,0.0,0.0,-1.0,0.1311744438691797,0.0,0.0897669624,1.3588115765,-2.5
2921,2921,2921.0,2921.0,2921.0,2921.0,2921.0,2921.0,2921.0,2921.0,2921.0,2921.0,2921.0,2921.0,2921.0,2921.0,2921.0,2921.0,2921.0,2921.0,2921.0,2921.0,2921.0,2921.0,2921.0,2921.0,2921.0,2921.0,2921.0,2921.0,2921.0,2921.0,2921.0,1.0,,,,,,,,,,0.1,-0.0945280328,-0.8923545228,-0.3467201495128123,0.0897669624,0.0770452176,1.2690446141,-1.6723545228000003
2922,2922,2922.0,2922.0,2922.0,2922.0,2922.0,2922.0,2922.0,2922.0,2922.0,2922.0,2922.0,2922.0,2922.0,2922.0,2922.0,2922.0,2922.0,2922.0,2922.0,2922.0,2922.0,2922.0,2922.0,2922.0,2922.0,2922.0,2922.0,2922.0,2922.0,2922.0,2922.0,2.0,,,,,,,,,,0.2,-0.1811240209,-0.8404305497,-1.140544442285362,0.16681218,0.0788131397,1.1919993965,-1.0604305497
2923,2923,2923.0,2923.0,2923.0,2923.0,2923.0,2923.0,2923.0,2923.0,2923.0,2923.0,2923.0,2923.0,2923.0,2923.0,2923.0,2923.0,2923.0,2923.0,2923.0,2923.0,2923.0,2923.0,2923.0,2923.0,2923.0,2923.0,2923.0,2923.0,2923.0,2923.0,2923.0,3.0,,,,,,,,,,0.3,-0.2666188406,-0.8689901742,-1.7749855889723265,0.2456253197,0.0947364726999999,1.1131862568,-0.6889901742000001
2924,2924,2924.0,2924.0,2924.0,2924.0,2924.0,2924.0,2924.0,2924.0,2924.0,2924.0,2924.0,2924.0,2924.0,2924.0,2924.0,2924.0,2924.0,2924.0,2924.0,2924.0,2924.0,2924.0,2924.0,2924.0,2924.0,2924.0,2924.0,2924.0,2924.0,2924.0,2924.0,4.0,,,,,,,,,,0.4,-0.3579003701,-0.9552072036,-2.033273260621172,0.3403617924,0.120316317,1.0184497841,-0.5352072036
2925,2925,2925.0,2925.0,2925.0,2925.0,2925.0,2925.0,2925.0,2925.0,2925.0,2925.0,2925.0,2925.0,2925.0,2925.0,2925.0,2925.0,2925.0,2925.0,2925.0,2925.0,2925.0,2925.0,2925.0,2925.0,2925.0,2925.0,2925.0,2925.0,2925.0,2925.0,2925.0,5.0,,,,,,,,,,0.5,-0.4586356941,-1.0577992057,-1.9674645762241745,0.4606781094,0.1498154012,0.8981334671,-0.5577992057000001
2926,2926,2926.0,2926.0,2926.0,2926.0,2926.0,2926.0,2926.0,2926.0,2926.0,2926.0,2926.0,2926.0,2926.0,2926.0,2926.0,2926.0,2926.0,2926.0,2926.0,2926.0,2926.0,2926.0,2926.0,2926.0,2926.0,2926.0,2926.0,2926.0,2926.0,2926.0,2926.0,6.0,,,,,,,,,,0.6,-0.5688155445,-1.1443658129,-2.570187637665528,0.6104935106,0.1902809776999999,0.7483180658999999,-0.7243658129
2927,2927,2927.0,2927.0,2927.0,2927.0,2927.0,2927.0,2927.0,2927.0,2927.0,2927.0,2927.0,2927.0,2927.0,2927.0,2927.0,2927.0,2927.0,2927.0,2927.0,2927.0,2927.0,2927.0,2927.0,2927.0,2927.0,2927.0,2927.0,2927.0,2927.0,2927.0,2927.0,7.0,,,,,,,,,,0.7,-0.6901494403,-1.2800506808,-2.541867335039813,0.8007744883,0.240537563,0.5580370882,-1.1000506808
2928,2928,2928.0,2928.0,2928.0,2928.0,2928.0,2928.0,2928.0,2928.0,2928.0,2928.0,2928.0,2928.0,2928.0,2928.0,2928.0,2928.0,2928.0,2928.0,2928.0,2928.0,2928.0,2928.0,2928.0,2928.0,2928.0,2928.0,2928.0,2928.0,2928.0,2928.0,2928.0,8.0,,,,,,,,,,0.8,-0.8242584789,-1.4001283758,11.653632176340842,1.0413120513,0.2161158903,0.3174995251999999,-1.6201283758000002
2929,2929,2929.0,2929.0,2929.0,2929.0,2929.0,2929.0,2929.0,2929.0,2929.0,2929.0,2929.0,2929.0,2929.0,2929.0,2929.0,2929.0,2929.0,2929.0,2929.0,2929.0,2929.0,2929.0,2929.0,2929.0,2929.0,2929.0,2929.0,2929.0,2929.0,2929.0,2929.0,9.0,,,,,,,,,,0.9,-0.9011248307,-0.1578988063,-3.576829981377516,1.2574279416,0.1013836348999999,0.1013836348999999,-0.9378988063000002
2930,2930,2930.0,2930.0,2930.0,2930.0,2930.0,2930.0,2930.0,2930.0,2930.0,2930.0,2930.0,2930.0,2930.0,2930.0,2930.0,2930.0,2930.0,2930.0,2930.0,2930.0,2930.0,2930.0,2930.0,2930.0,2930.0,2930.0,2930.0,2930.0,2930.0,2930.0,2930.0,0.0,,,,,,,,,,0.0,0.0,-1.0,0.0166442320977476,0.0,0.0907931143,1.3934028034,-2.5
2931,2931,2931.0,2931.0,2931.0,2931.0,2931.0,2931.0,2931.0,2931.0,2931.0,2931.0,2931.0,2931.0,2931.0,2931.0,2931.0,2931.0,2931.0,2931.0,2931.0,2931.0,2931.0,2931.0,2931.0,2931.0,2931.0,2931.0,2931.0,2931.0,2931.0,2931.0,2931.0,1.0,,,,,,,,,,0.1,-0.0950820634,-0.9032535134,-0.5759028460733512,0.0907931143,0.0809430847,1.3026096891,-1.6832535134000004
2932,2932,2932.0,2932.0,2932.0,2932.0,2932.0,2932.0,2932.0,2932.0,2932.0,2932.0,2932.0,2932.0,2932.0,2932.0,2932.0,2932.0,2932.0,2932.0,2932.0,2932.0,2932.0,2932.0,2932.0,2932.0,2932.0,2932.0,2932.0,2932.0,2932.0,2932.0,2932.0,2.0,,,,,,,,,,0.2,-0.1838239459,-0.8721019155,-1.162293979964343,0.171736199,0.0844656445999999,1.2216666044,-1.0921019155
2933,2933,2933.0,2933.0,2933.0,2933.0,2933.0,2933.0,2933.0,2933.0,2933.0,2933.0,2933.0,2933.0,2933.0,2933.0,2933.0,2933.0,2933.0,2933.0,2933.0,2933.0,2933.0,2933.0,2933.0,2933.0,2933.0,2933.0,2933.0,2933.0,2933.0,2933.0,2933.0,3.0,,,,,,,,,,0.3,-0.2724379074,-0.899717352,-1.549498701986907,0.2562018436,0.0981520072,1.1372009598,-0.7197173520000001
2934,2934,2934.0,2934.0,2934.0,2934.0,2934.0,2934.0,2934.0,2934.0,2934.0,2934.0,2934.0,2934.0,2934.0,2934.0,2934.0,2934.0,2934.0,2934.0,2934.0,2934.0,2934.0,2934.0,2934.0,2934.0,2934.0,2934.0,2934.0,2934.0,2934.0,2934.0,2934.0,4.0,,,,,,,,,,0.4,-0.3655527914,-0.9615523382,-1.8310395825549155,0.3543538508,0.1197686877,1.0390489526,-0.5415523381999999
2935,2935,2935.0,2935.0,2935.0,2935.0,2935.0,2935.0,2935.0,2935.0,2935.0,2935.0,2935.0,2935.0,2935.0,2935.0,2935.0,2935.0,2935.0,2935.0,2935.0,2935.0,2935.0,2935.0,2935.0,2935.0,2935.0,2935.0,2935.0,2935.0,2935.0,2935.0,2935.0,5.0,,,,,,,,,,0.5,-0.4659136936,-1.0442953943,-2.22819956170741,0.4741225385,0.1510798164999999,0.9192802648999998,-0.5442953943
2936,2936,2936.0,2936.0,2936.0,2936.0,2936.0,2936.0,2936.0,2936.0,2936.0,2936.0,2936.0,2936.0,2936.0,2936.0,2936.0,2936.0,2936.0,2936.0,2936.0,2936.0,2936.0,2936.0,2936.0,2936.0,2936.0,2936.0,2936.0,2936.0,2936.0,2936.0,2936.0,6.0,,,,,,,,,,0.6,-0.5760703686,-1.1569586754,-2.5428276698813024,0.625202355,0.1937917862,0.7682004483999999,-0.7369586754
2937,2937,2937.0,2937.0,2937.0,2937.0,2937.0,2937.0,2937.0,2937.0,2937.0,2937.0,2937.0,2937.0,2937.0,2937.0,2937.0,2937.0,2937.0,2937.0,2937.0,2937.0,2937.0,2937.0,2937.0,2937.0,2937.0,2937.0,2937.0,2937.0,2937.0,2937.0,2937.0,7.0,,,,,,,,,,0.7,-0.6984703267,-1.2888414843,-2.7259400250920027,0.8189941412,0.2471001031999998,0.5744086621999999,-1.1088414842999998
2938,2938,2938.0,2938.0,2938.0,2938.0,2938.0,2938.0,2938.0,2938.0,2938.0,2938.0,2938.0,2938.0,2938.0,2938.0,2938.0,2938.0,2938.0,2938.0,2938.0,2938.0,2938.0,2938.0,2938.0,2938.0,2938.0,2938.0,2938.0,2938.0,2938.0,2938.0,2938.0,8.0,,,,,,,,,,0.8,-0.8343063662,-1.4255994473,11.756510007636187,1.0660942444,0.2225277563000001,0.327308559,-1.6455994473000002
2939,2939,2939.0,2939.0,2939.0,2939.0,2939.0,2939.0,2939.0,2939.0,2939.0,2939.0,2939.0,2939.0,2939.0,2939.0,2939.0,2939.0,2939.0,2939.0,2939.0,2939.0,2939.0,2939.0,2939.0,2939.0,2939.0,2939.0,2939.0,2939.0,2939.0,2939.0,2939.0,9.0,,,,,,,,,,0.9,-0.9130989482,-0.1711558646,-3.6092142826615055,1.2886220007,0.1047808026999999,0.1047808026999999,-0.9511558646000002
2940,2940,2940.0,2940.0,2940.0,2940.0,2940.0,2940.0,2940.0,2940.0,2940.0,2940.0,2940.0,2940.0,2940.0,2940.0,2940.0,2940.0,2940.0,2940.0,2940.0,2940.0,2940.0,2940.0,2940.0,2940.0,2940.0,2940.0,2940.0,2940.0,2940.0,2940.0,0.0,,,,,,,,,,,0.0,0.0,-1.0,-1.3737069502255954,0.0,0.1049448723,0.9918862534,-2.5
2941,2941,2941.0,2941.0,2941.0,2941.0,2941.0,2941.0,2941.0,2941.0,2941.0,2941.0,2941.0,2941.0,2941.0,2941.0,2941.0,2941.0,2941.0,2941.0,2941.0,2941.0,2941.0,2941.0,2941.0,2941.0,2941.0,2941.0,2941.0,2941.0,2941.0,2941.0,1.0,,,,,,,,,,,0.1,-0.1018077877,-1.0355629074,1.3015971071252188,0.1049448723,0.0886750710999999,0.8869413811000001,-1.8155629074
2942,2942,2942.0,2942.0,2942.0,2942.0,2942.0,2942.0,2942.0,2942.0,2942.0,2942.0,2942.0,2942.0,2942.0,2942.0,2942.0,2942.0,2942.0,2942.0,2942.0,2942.0,2942.0,2942.0,2942.0,2942.0,2942.0,2942.0,2942.0,2942.0,2942.0,2942.0,2.0,,,,,,,,,,,0.2,-0.1940582636,-0.8131527207,0.9885682775571292,0.1936199434,0.0588567254999999,0.7982663100000001,-1.0331527207
2943,2943,2943.0,2943.0,2943.0,2943.0,2943.0,2943.0,2943.0,2943.0,2943.0,2943.0,2943.0,2943.0,2943.0,2943.0,2943.0,2943.0,2943.0,2943.0,2943.0,2943.0,2943.0,2943.0,2943.0,2943.0,2943.0,2943.0,2943.0,2943.0,2943.0,2943.0,3.0,,,,,,,,,,,0.3,-0.2666578473,-0.6416963092,-2.449814897478748,0.2524766689,0.0655608682,0.7394095845000002,-0.4616963092
2944,2944,2944.0,2944.0,2944.0,2944.0,2944.0,2944.0,2944.0,2944.0,2944.0,2944.0,2944.0,2944.0,2944.0,2944.0,2944.0,2944.0,2944.0,2944.0,2944.0,2944.0,2944.0,2944.0,2944.0,2944.0,2944.0,2944.0,2944.0,2944.0,2944.0,2944.0,4.0,,,,,,,,,,,0.4,-0.3395740958,-0.8137615505,0.9442385715175734,0.3180375371,0.0680696328,0.6738487163000001,-0.3937615504999999
2945,2945,2945.0,2945.0,2945.0,2945.0,2945.0,2945.0,2945.0,2945.0,2945.0,2945.0,2945.0,2945.0,2945.0,2945.0,2945.0,2945.0,2945.0,2945.0,2945.0,2945.0,2945.0,2945.0,2945.0,2945.0,2945.0,2945.0,2945.0,2945.0,2945.0,2945.0,5.0,,,,,,,,,,,0.5,-0.4124460909,-0.6464656982,-3.0135610125582186,0.3861071699,0.0830454622,0.6057790835000001,-0.1464656982
2946,2946,2946.0,2946.0,2946.0,2946.0,2946.0,2946.0,2946.0,2946.0,2946.0,2946.0,2946.0,2946.0,2946.0,2946.0,2946.0,2946.0,2946.0,2946.0,2946.0,2946.0,2946.0,2946.0,2946.0,2946.0,2946.0,2946.0,2946.0,2946.0,2946.0,2946.0,6.0,,,,,,,,,,,0.6,-0.488543281,-0.8717246094,0.4719023188720728,0.4691526321,0.0934669283,0.5227336213,-0.4517246093999999
2947,2947,2947.0,2947.0,2947.0,2947.0,2947.0,2947.0,2947.0,2947.0,2947.0,2947.0,2947.0,2947.0,2947.0,2947.0,2947.0,2947.0,2947.0,2947.0,2947.0,2947.0,2947.0,2947.0,2947.0,2947.0,2947.0,2947.0,2947.0,2947.0,2947.0,2947.0,7.0,,,,,,,,,,,0.7,-0.5692161135,-0.743861545,-3.324128432709964,0.5626195604,0.1188344197999999,0.429266693,-0.5638615449999999
2948,2948,2948.0,2948.0,2948.0,2948.0,2948.0,2948.0,2948.0,2948.0,2948.0,2948.0,2948.0,2948.0,2948.0,2948.0,2948.0,2948.0,2948.0,2948.0,2948.0,2948.0,2948.0,2948.0,2948.0,2948.0,2948.0,2948.0,2948.0,2948.0,2948.0,2948.0,8.0,,,,,,,,,,,0.8,-0.6560840836,-0.9894064182,0.1040597989412675,0.6814539802,0.1374042926999999,0.3104322732,-1.2094064182000002
2949,2949,2949.0,2949.0,2949.0,2949.0,2949.0,2949.0,2949.0,2949.0,2949.0,2949.0,2949.0,2949.0,2949.0,2949.0,2949.0,2949.0,2949.0,2949.0,2949.0,2949.0,2949.0,2949.0,2949.0,2949.0,2949.0,2949.0,2949.0,2949.0,2949.0,2949.0,9.0,,,,,,,,,,,0.9,-0.7497352466,-0.8853492752,-3.514358859864473,0.8188582729,0.1730279805,0.1730279805,-1.6653492752
2950,2950,2950.0,2950.0,2950.0,2950.0,2950.0,2950.0,2950.0,2950.0,2950.0,2950.0,2950.0,2950.0,2950.0,2950.0,2950.0,2950.0,2950.0,2950.0,2950.0,2950.0,2950.0,2950.0,2950.0,2950.0,2950.0,2950.0,2950.0,2950.0,2950.0,2950.0,0.0,,,,,,,,,,,0.0,0.0,-1.0,-1.435468936428605,0.0,0.1056461591,0.9816448880999996,-2.5
2951,2951,2951.0,2951.0,2951.0,2951.0,2951.0,2951.0,2951.0,2951.0,2951.0,2951.0,2951.0,2951.0,2951.0,2951.0,2951.0,2951.0,2951.0,2951.0,2951.0,2951.0,2951.0,2951.0,2951.0,2951.0,2951.0,2951.0,2951.0,2951.0,2951.0,2951.0,1.0,,,,,,,,,,,0.1,-0.102106558,-1.0414403356,1.4574183312876736,0.1056461591,0.0886007078999999,0.8759987289999998,-1.8214403356
2952,2952,2952.0,2952.0,2952.0,2952.0,2952.0,2952.0,2952.0,2952.0,2952.0,2952.0,2952.0,2952.0,2952.0,2952.0,2952.0,2952.0,2952.0,2952.0,2952.0,2952.0,2952.0,2952.0,2952.0,2952.0,2952.0,2952.0,2952.0,2952.0,2952.0,2952.0,2.0,,,,,,,,,,,0.2,-0.1941626022,-0.8036424583,0.9893193863282358,0.194246867,0.0575263542,0.7873980210999998,-1.0236424583
2953,2953,2953.0,2953.0,2953.0,2953.0,2953.0,2953.0,2953.0,2953.0,2953.0,2953.0,2953.0,2953.0,2953.0,2953.0,2953.0,2953.0,2953.0,2953.0,2953.0,2953.0,2953.0,2953.0,2953.0,2953.0,2953.0,2953.0,2953.0,2953.0,2953.0,2953.0,3.0,,,,,,,,,,,0.3,-0.265853531,-0.6330195909,-2.6673369443246107,0.2517732212,0.0664616851,0.7298716668999998,-0.4530195909000001
2954,2954,2954.0,2954.0,2954.0,2954.0,2954.0,2954.0,2954.0,2954.0,2954.0,2954.0,2954.0,2954.0,2954.0,2954.0,2954.0,2954.0,2954.0,2954.0,2954.0,2954.0,2954.0,2954.0,2954.0,2954.0,2954.0,2954.0,2954.0,2954.0,2954.0,2954.0,4.0,,,,,,,,,,,0.4,-0.3389963299,-0.8266104864,0.9249570166301706,0.3182349063,0.06999251,0.6634099817999999,-0.4066104863999999
2955,2955,2955.0,2955.0,2955.0,2955.0,2955.0,2955.0,2955.0,2955.0,2955.0,2955.0,2955.0,2955.0,2955.0,2955.0,2955.0,2955.0,2955.0,2955.0,2955.0,2955.0,2955.0,2955.0,2955.0,2955.0,2955.0,2955.0,2955.0,2955.0,2955.0,2955.0,5.0,,,,,,,,,,,0.5,-0.4131843338,-0.6599267808,-2.8311542177657496,0.3882274163,0.0831522979,0.5934174717999999,-0.1599267808
2956,2956,2956.0,2956.0,2956.0,2956.0,2956.0,2956.0,2956.0,2956.0,2956.0,2956.0,2956.0,2956.0,2956.0,2956.0,2956.0,2956.0,2956.0,2956.0,2956.0,2956.0,2956.0,2956.0,2956.0,2956.0,2956.0,2956.0,2956.0,2956.0,2956.0,2956.0,6.0,,,,,,,,,,,0.6,-0.4896801343,-0.8665464022,0.4591696728596635,0.4713797142,0.0928592121999999,0.5102651738999999,-0.4465464021999999
2957,2957,2957.0,2957.0,2957.0,2957.0,2957.0,2957.0,2957.0,2957.0,2957.0,2957.0,2957.0,2957.0,2957.0,2957.0,2957.0,2957.0,2957.0,2957.0,2957.0,2957.0,2957.0,2957.0,2957.0,2957.0,2957.0,2957.0,2957.0,2957.0,2957.0,2957.0,7.0,,,,,,,,,,,0.7,-0.5699217894,-0.7403877797,-3.2500278418640685,0.5642389264,0.1174213485,0.4174059617,-0.5603877796999999
2958,2958,2958.0,2958.0,2958.0,2958.0,2958.0,2958.0,2958.0,2958.0,2958.0,2958.0,2958.0,2958.0,2958.0,2958.0,2958.0,2958.0,2958.0,2958.0,2958.0,2958.0,2958.0,2958.0,2958.0,2958.0,2958.0,2958.0,2958.0,2958.0,2958.0,2958.0,8.0,,,,,,,,,,,0.8,-0.6561007314,-0.9792116219,0.3230441799027879,0.6816602749,0.1336083806999999,0.2999846131999999,-1.1992116219000002
2959,2959,2959.0,2959.0,2959.0,2959.0,2959.0,2959.0,2959.0,2959.0,2959.0,2959.0,2959.0,2959.0,2959.0,2959.0,2959.0,2959.0,2959.0,2959.0,2959.0,2959.0,2959.0,2959.0,2959.0,2959.0,2959.0,2959.0,2959.0,2959.0,2959.0,2959.0,9.0,,,,,,,,,,,0.9,-0.7477224167,-0.8552855186,-3.485487523413968,0.8152686556,0.1663762325,0.1663762325,-1.6352855186000004
2960,2960,2960.0,2960.0,2960.0,2960.0,2960.0,2960.0,2960.0,2960.0,2960.0,2960.0,2960.0,2960.0,2960.0,2960.0,2960.0,2960.0,2960.0,2960.0,2960.0,2960.0,2960.0,2960.0,2960.0,2960.0,2960.0,2960.0,2960.0,2960.0,2960.0,2960.0,0.0,,,,,,,,,,,0.0,0.0,-1.0,-1.242623743224116,0.0,0.1034769361,1.0683730615000002,-2.5
2961,2961,2961.0,2961.0,2961.0,2961.0,2961.0,2961.0,2961.0,2961.0,2961.0,2961.0,2961.0,2961.0,2961.0,2961.0,2961.0,2961.0,2961.0,2961.0,2961.0,2961.0,2961.0,2961.0,2961.0,2961.0,2961.0,2961.0,2961.0,2961.0,2961.0,2961.0,1.0,,,,,,,,,,,0.1,-0.1011736796,-1.0230886947,1.3275637267899558,0.1034769361,0.0862695716999999,0.9648961254,-1.8030886947
2962,2962,2962.0,2962.0,2962.0,2962.0,2962.0,2962.0,2962.0,2962.0,2962.0,2962.0,2962.0,2962.0,2962.0,2962.0,2962.0,2962.0,2962.0,2962.0,2962.0,2962.0,2962.0,2962.0,2962.0,2962.0,2962.0,2962.0,2962.0,2962.0,2962.0,2962.0,2.0,,,,,,,,,,,0.2,-0.1921114943,-0.7993945073,1.1966909587445855,0.1897465078,0.0556918879999999,0.8786265537000001,-1.0193945073
2963,2963,2963.0,2963.0,2963.0,2963.0,2963.0,2963.0,2963.0,2963.0,2963.0,2963.0,2963.0,2963.0,2963.0,2963.0,2963.0,2963.0,2963.0,2963.0,2963.0,2963.0,2963.0,2963.0,2963.0,2963.0,2963.0,2963.0,2963.0,2963.0,2963.0,2963.0,3.0,,,,,,,,,,,0.3,-0.2623950341,-0.6094418717,-2.5369339964951165,0.2454383958,0.0616774813,0.8229346657000001,-0.4294418717
2964,2964,2964.0,2964.0,2964.0,2964.0,2964.0,2964.0,2964.0,2964.0,2964.0,2964.0,2964.0,2964.0,2964.0,2964.0,2964.0,2964.0,2964.0,2964.0,2964.0,2964.0,2964.0,2964.0,2964.0,2964.0,2964.0,2964.0,2964.0,2964.0,2964.0,2964.0,4.0,,,,,,,,,,,0.4,-0.3326632994,-0.792867006,-2.4156187069647133,0.3071158771,0.0931658846,0.7612571844,-0.372867006
2965,2965,2965.0,2965.0,2965.0,2965.0,2965.0,2965.0,2965.0,2965.0,2965.0,2965.0,2965.0,2965.0,2965.0,2965.0,2965.0,2965.0,2965.0,2965.0,2965.0,2965.0,2965.0,2965.0,2965.0,2965.0,2965.0,2965.0,2965.0,2965.0,2965.0,2965.0,5.0,,,,,,,,,,,0.5,-0.419799954,-0.9472922221,0.7712206480495599,0.4002817617,0.0968235030999999,0.6680912997999999,-0.4472922220999999
2966,2966,2966.0,2966.0,2966.0,2966.0,2966.0,2966.0,2966.0,2966.0,2966.0,2966.0,2966.0,2966.0,2966.0,2966.0,2966.0,2966.0,2966.0,2966.0,2966.0,2966.0,2966.0,2966.0,2966.0,2966.0,2966.0,2966.0,2966.0,2966.0,2966.0,2966.0,6.0,,,,,,,,,,,0.6,-0.5062160287,-0.7837540826,-2.9385652597630845,0.4971052648,0.1137165986,0.5712677966999999,-0.3637540826
2967,2967,2967.0,2967.0,2967.0,2967.0,2967.0,2967.0,2967.0,2967.0,2967.0,2967.0,2967.0,2967.0,2967.0,2967.0,2967.0,2967.0,2967.0,2967.0,2967.0,2967.0,2967.0,2967.0,2967.0,2967.0,2967.0,2967.0,2967.0,2967.0,2967.0,2967.0,7.0,,,,,,,,,,,0.7,-0.5950151274,-0.9888115099,0.4826263034528342,0.6108218634,0.1257793661999999,0.4575511981,-0.8088115098999998
2968,2968,2968.0,2968.0,2968.0,2968.0,2968.0,2968.0,2968.0,2968.0,2968.0,2968.0,2968.0,2968.0,2968.0,2968.0,2968.0,2968.0,2968.0,2968.0,2968.0,2968.0,2968.0,2968.0,2968.0,2968.0,2968.0,2968.0,2968.0,2968.0,2968.0,2968.0,8.0,,,,,,,,,,,0.8,-0.6867783831,-0.8487856238,-3.4250724583558974,0.7366012296,0.1549870057,0.3317718319,-1.0687856238000002
2969,2969,2969.0,2969.0,2969.0,2969.0,2969.0,2969.0,2969.0,2969.0,2969.0,2969.0,2969.0,2969.0,2969.0,2969.0,2969.0,2969.0,2969.0,2969.0,2969.0,2969.0,2969.0,2969.0,2969.0,2969.0,2969.0,2969.0,2969.0,2969.0,2969.0,2969.0,9.0,,,,,,,,,,,0.9,-0.7841194865,-1.0939517663,0.1827104447152292,0.8915882353,0.1767848262,0.1767848262,-1.8739517663000005
2970,2970,2970.0,2970.0,2970.0,2970.0,2970.0,2970.0,2970.0,2970.0,2970.0,2970.0,2970.0,2970.0,2970.0,2970.0,2970.0,2970.0,2970.0,2970.0,2970.0,2970.0,2970.0,2970.0,2970.0,2970.0,2970.0,2970.0,2970.0,2970.0,2970.0,2970.0,0.0,,,,,,,,,,,0.0,0.0,-1.0,-1.1547228778631042,0.0,0.1025081647,1.0455016886,-2.5
2971,2971,2971.0,2971.0,2971.0,2971.0,2971.0,2971.0,2971.0,2971.0,2971.0,2971.0,2971.0,2971.0,2971.0,2971.0,2971.0,2971.0,2971.0,2971.0,2971.0,2971.0,2971.0,2971.0,2971.0,2971.0,2971.0,2971.0,2971.0,2971.0,2971.0,2971.0,1.0,,,,,,,,,,,0.1,-0.1007484638,-1.014723824,1.6499025280455843,0.1025081647,0.0825965386999999,0.9429935239,-1.7947238240000003
2972,2972,2972.0,2972.0,2972.0,2972.0,2972.0,2972.0,2972.0,2972.0,2972.0,2972.0,2972.0,2972.0,2972.0,2972.0,2972.0,2972.0,2972.0,2972.0,2972.0,2972.0,2972.0,2972.0,2972.0,2972.0,2972.0,2972.0,2972.0,2972.0,2972.0,2972.0,2.0,,,,,,,,,,,0.2,-0.1893309744,-0.7611510606,1.0707832873696124,0.1851047034,0.0511299047,0.8603969852,-0.9811510606
2973,2973,2973.0,2973.0,2973.0,2973.0,2973.0,2973.0,2973.0,2973.0,2973.0,2973.0,2973.0,2973.0,2973.0,2973.0,2973.0,2973.0,2973.0,2973.0,2973.0,2973.0,2973.0,2973.0,2973.0,2973.0,2973.0,2973.0,2973.0,2973.0,2973.0,2973.0,3.0,,,,,,,,,,,0.3,-0.2565842362,-0.58681947,-2.4710923144215218,0.2362346081,0.0576751103,0.8092670805,-0.40681947
2974,2974,2974.0,2974.0,2974.0,2974.0,2974.0,2974.0,2974.0,2974.0,2974.0,2974.0,2974.0,2974.0,2974.0,2974.0,2974.0,2974.0,2974.0,2974.0,2974.0,2974.0,2974.0,2974.0,2974.0,2974.0,2974.0,2974.0,2974.0,2974.0,2974.0,2974.0,4.0,,,,,,,,,,,0.4,-0.3243811915,-0.7661317462,-2.658269248398944,0.2939097184,0.0908015364,0.7515919701999999,-0.3461317462
2975,2975,2975.0,2975.0,2975.0,2975.0,2975.0,2975.0,2975.0,2975.0,2975.0,2975.0,2975.0,2975.0,2975.0,2975.0,2975.0,2975.0,2975.0,2975.0,2975.0,2975.0,2975.0,2975.0,2975.0,2975.0,2975.0,2975.0,2975.0,2975.0,2975.0,2975.0,5.0,,,,,,,,,,,0.5,-0.4101474185,-0.9461924441,0.5951035285867795,0.3847112548,0.0970916705,0.6607904337999999,-0.4461924441
2976,2976,2976.0,2976.0,2976.0,2976.0,2976.0,2976.0,2976.0,2976.0,2976.0,2976.0,2976.0,2976.0,2976.0,2976.0,2976.0,2976.0,2976.0,2976.0,2976.0,2976.0,2976.0,2976.0,2976.0,2976.0,2976.0,2976.0,2976.0,2976.0,2976.0,2976.0,6.0,,,,,,,,,,,0.6,-0.4973107564,-0.7995187532,-2.8545802037203147,0.4818029253,0.1144960174999999,0.5636987632999999,-0.3795187531999999
2977,2977,2977.0,2977.0,2977.0,2977.0,2977.0,2977.0,2977.0,2977.0,2977.0,2977.0,2977.0,2977.0,2977.0,2977.0,2977.0,2977.0,2977.0,2977.0,2977.0,2977.0,2977.0,2977.0,2977.0,2977.0,2977.0,2977.0,2977.0,2977.0,2977.0,2977.0,7.0,,,,,,,,,,,0.7,-0.5872037905,-0.9950837396,0.5748248025807562,0.5962989428,0.1251504109,0.4492027457999999,-0.8150837395999998
2978,2978,2978.0,2978.0,2978.0,2978.0,2978.0,2978.0,2978.0,2978.0,2978.0,2978.0,2978.0,2978.0,2978.0,2978.0,2978.0,2978.0,2978.0,2978.0,2978.0,2978.0,2978.0,2978.0,2978.0,2978.0,2978.0,2978.0,2978.0,2978.0,2978.0,2978.0,8.0,,,,,,,,,,,0.8,-0.6791179108,-0.845687139,-3.276507017588812,0.7214493537,0.1512951547,0.3240523348999999,-1.0656871390000002
2979,2979,2979.0,2979.0,2979.0,2979.0,2979.0,2979.0,2979.0,2979.0,2979.0,2979.0,2979.0,2979.0,2979.0,2979.0,2979.0,2979.0,2979.0,2979.0,2979.0,2979.0,2979.0,2979.0,2979.0,2979.0,2979.0,2979.0,2979.0,2979.0,2979.0,2979.0,9.0,,,,,,,,,,,0.9,-0.7754454772,-1.0770102743,0.0949813245962624,0.8727445084,0.1727571801999999,0.1727571801999999,-1.8570102743000003
2980,2980,2980.0,2980.0,2980.0,2980.0,2980.0,2980.0,2980.0,2980.0,2980.0,2980.0,2980.0,2980.0,2980.0,2980.0,2980.0,2980.0,2980.0,2980.0,2980.0,2980.0,2980.0,2980.0,2980.0,2980.0,2980.0,2980.0,2980.0,2980.0,2980.0,2980.0,0.0,,,,,,,,,,,0.0,0.0,-1.0,-1.463287101590321,0.0,0.105964043,0.9898940656999998,-2.5
2981,2981,2981.0,2981.0,2981.0,2981.0,2981.0,2981.0,2981.0,2981.0,2981.0,2981.0,2981.0,2981.0,2981.0,2981.0,2981.0,2981.0,2981.0,2981.0,2981.0,2981.0,2981.0,2981.0,2981.0,2981.0,2981.0,2981.0,2981.0,2981.0,2981.0,2981.0,1.0,,,,,,,,,,,0.1,-0.1022411269,-1.0440875833,1.5327876316137563,0.105964043,0.0885400059,0.8839300226999999,-1.8240875833000003
2982,2982,2982.0,2982.0,2982.0,2982.0,2982.0,2982.0,2982.0,2982.0,2982.0,2982.0,2982.0,2982.0,2982.0,2982.0,2982.0,2982.0,2982.0,2982.0,2982.0,2982.0,2982.0,2982.0,2982.0,2982.0,2982.0,2982.0,2982.0,2982.0,2982.0,2982.0,2.0,,,,,,,,,,,0.2,-0.1941844981,-0.7988654489,1.0300054544365742,0.1945040489,0.0566339665,0.7953900167999999,-1.0188654489
2983,2983,2983.0,2983.0,2983.0,2983.0,2983.0,2983.0,2983.0,2983.0,2983.0,2983.0,2983.0,2983.0,2983.0,2983.0,2983.0,2983.0,2983.0,2983.0,2983.0,2983.0,2983.0,2983.0,2983.0,2983.0,2983.0,2983.0,2983.0,2983.0,2983.0,2983.0,3.0,,,,,,,,,,,0.3,-0.2652240185,-0.624825383,-2.6314601868949925,0.2511380154,0.0649064308999999,0.7387560502999999,-0.4448253830000001
2984,2984,2984.0,2984.0,2984.0,2984.0,2984.0,2984.0,2984.0,2984.0,2984.0,2984.0,2984.0,2984.0,2984.0,2984.0,2984.0,2984.0,2984.0,2984.0,2984.0,2984.0,2984.0,2984.0,2984.0,2984.0,2984.0,2984.0,2984.0,2984.0,2984.0,2984.0,4.0,,,,,,,,,,,0.4,-0.3374134834,-0.8157819369,0.8163280318988289,0.3160444463,0.0689747465,0.6738496194,-0.3957819368999999
2985,2985,2985.0,2985.0,2985.0,2985.0,2985.0,2985.0,2985.0,2985.0,2985.0,2985.0,2985.0,2985.0,2985.0,2985.0,2985.0,2985.0,2985.0,2985.0,2985.0,2985.0,2985.0,2985.0,2985.0,2985.0,2985.0,2985.0,2985.0,2985.0,2985.0,2985.0,5.0,,,,,,,,,,,0.5,-0.4110964979,-0.6604661191,-2.8874548061994814,0.3850191928,0.0836516197999999,0.6048748729,-0.1604661190999999
2986,2986,2986.0,2986.0,2986.0,2986.0,2986.0,2986.0,2986.0,2986.0,2986.0,2986.0,2986.0,2986.0,2986.0,2986.0,2986.0,2986.0,2986.0,2986.0,2986.0,2986.0,2986.0,2986.0,2986.0,2986.0,2986.0,2986.0,2986.0,2986.0,2986.0,2986.0,6.0,,,,,,,,,,,0.6,-0.4879159729,-0.8723921248,0.34995296284808,0.4686708126,0.0944107563999999,0.5212232531000001,-0.4523921247999999
2987,2987,2987.0,2987.0,2987.0,2987.0,2987.0,2987.0,2987.0,2987.0,2987.0,2987.0,2987.0,2987.0,2987.0,2987.0,2987.0,2987.0,2987.0,2987.0,2987.0,2987.0,2987.0,2987.0,2987.0,2987.0,2987.0,2987.0,2987.0,2987.0,2987.0,2987.0,7.0,,,,,,,,,,,0.7,-0.5692422445,-0.7560705569,-3.2150045889398013,0.563081569,0.1195915852,0.4268124967000001,-0.5760705568999999
2988,2988,2988.0,2988.0,2988.0,2988.0,2988.0,2988.0,2988.0,2988.0,2988.0,2988.0,2988.0,2988.0,2988.0,2988.0,2988.0,2988.0,2988.0,2988.0,2988.0,2988.0,2988.0,2988.0,2988.0,2988.0,2988.0,2988.0,2988.0,2988.0,2988.0,2988.0,8.0,,,,,,,,,,,0.8,-0.6567441719,-0.9900690883,0.1302582139014197,0.6826731542,0.1373839951,0.3072209115000001,-1.2100690883
2989,2989,2989.0,2989.0,2989.0,2989.0,2989.0,2989.0,2989.0,2989.0,2989.0,2989.0,2989.0,2989.0,2989.0,2989.0,2989.0,2989.0,2989.0,2989.0,2989.0,2989.0,2989.0,2989.0,2989.0,2989.0,2989.0,2989.0,2989.0,2989.0,2989.0,2989.0,9.0,,,,,,,,,,,0.9,-0.7503316642,-0.8834557746,-3.303465072430556,0.8200571493,0.1698369164000001,0.1698369164000001,-1.6634557746000005
2990,2990,2990.0,2990.0,2990.0,2990.0,2990.0,2990.0,2990.0,2990.0,2990.0,2990.0,2990.0,2990.0,2990.0,2990.0,2990.0,2990.0,2990.0,2990.0,2990.0,2990.0,2990.0,2990.0,2990.0,2990.0,2990.0,2990.0,2990.0,2990.0,2990.0,2990.0,0.0,,,,,,,,,,,0.0,0.0,-1.0,-1.1963894668203694,0.0,0.1029658198,1.1011323725,-2.5
2991,2991,2991.0,2991.0,2991.0,2991.0,2991.0,2991.0,2991.0,2991.0,2991.0,2991.0,2991.0,2991.0,2991.0,2991.0,2991.0,2991.0,2991.0,2991.0,2991.0,2991.0,2991.0,2991.0,2991.0,2991.0,2991.0,2991.0,2991.0,2991.0,2991.0,2991.0,1.0,,,,,,,,,,,0.1,-0.1009500237,-1.018688923,1.6535659040726527,0.1029658198,0.0832560015999999,0.9981665527,-1.7986889230000005
2992,2992,2992.0,2992.0,2992.0,2992.0,2992.0,2992.0,2992.0,2992.0,2992.0,2992.0,2992.0,2992.0,2992.0,2992.0,2992.0,2992.0,2992.0,2992.0,2992.0,2992.0,2992.0,2992.0,2992.0,2992.0,2992.0,2992.0,2992.0,2992.0,2992.0,2992.0,2.0,,,,,,,,,,,0.2,-0.1898921419,-0.7643902144,0.961187237665014,0.1862218214,0.05216601,0.9149105511,-0.9843902144
2993,2993,2993.0,2993.0,2993.0,2993.0,2993.0,2993.0,2993.0,2993.0,2993.0,2993.0,2993.0,2993.0,2993.0,2993.0,2993.0,2993.0,2993.0,2993.0,2993.0,2993.0,2993.0,2993.0,2993.0,2993.0,2993.0,2993.0,2993.0,2993.0,2993.0,2993.0,3.0,,,,,,,,,,,0.3,-0.2579838122,-0.6001798203,-2.6573196398647103,0.2383878314,0.0613354465999999,0.8627445411,-0.4201798203000001
2994,2994,2994.0,2994.0,2994.0,2994.0,2994.0,2994.0,2994.0,2994.0,2994.0,2994.0,2994.0,2994.0,2994.0,2994.0,2994.0,2994.0,2994.0,2994.0,2994.0,2994.0,2994.0,2994.0,2994.0,2994.0,2994.0,2994.0,2994.0,2994.0,2994.0,2994.0,4.0,,,,,,,,,,,0.4,-0.3279530383,-0.7959425582,-2.705925342603233,0.299723278,0.0966695395,0.8014090945,-0.3759425582
2995,2995,2995.0,2995.0,2995.0,2995.0,2995.0,2995.0,2995.0,2995.0,2995.0,2995.0,2995.0,2995.0,2995.0,2995.0,2995.0,2995.0,2995.0,2995.0,2995.0,2995.0,2995.0,2995.0,2995.0,2995.0,2995.0,2995.0,2995.0,2995.0,2995.0,2995.0,5.0,,,,,,,,,,,0.5,-0.416786704,-0.9777014268,0.905281344216332,0.3963928175,0.1007513239,0.704739555,-0.4777014268
2996,2996,2996.0,2996.0,2996.0,2996.0,2996.0,2996.0,2996.0,2996.0,2996.0,2996.0,2996.0,2996.0,2996.0,2996.0,2996.0,2996.0,2996.0,2996.0,2996.0,2996.0,2996.0,2996.0,2996.0,2996.0,2996.0,2996.0,2996.0,2996.0,2996.0,2996.0,6.0,,,,,,,,,,,0.6,-0.5054480533,-0.798511943,-3.173715246185798,0.4971441414,0.1191293909,0.6039882311,-0.3785119429999999
2997,2997,2997.0,2997.0,2997.0,2997.0,2997.0,2997.0,2997.0,2997.0,2997.0,2997.0,2997.0,2997.0,2997.0,2997.0,2997.0,2997.0,2997.0,2997.0,2997.0,2997.0,2997.0,2997.0,2997.0,2997.0,2997.0,2997.0,2997.0,2997.0,2997.0,2997.0,7.0,,,,,,,,,,,0.7,-0.5967890767,-1.0245424442,0.3845869790966103,0.6162735323,0.1334617321,0.4848588401999999,-0.8445424441999998
2998,2998,2998.0,2998.0,2998.0,2998.0,2998.0,2998.0,2998.0,2998.0,2998.0,2998.0,2998.0,2998.0,2998.0,2998.0,2998.0,2998.0,2998.0,2998.0,2998.0,2998.0,2998.0,2998.0,2998.0,2998.0,2998.0,2998.0,2998.0,2998.0,2998.0,2998.0,8.0,,,,,,,,,,,0.8,-0.6924268261,-0.8904459969,-3.442028448332064,0.7497352644,0.1642181245999999,0.3513971080999999,-1.1104459969000002
2999,2999,2999.0,2999.0,2999.0,2999.0,2999.0,2999.0,2999.0,2999.0,2999.0,2999.0,2999.0,2999.0,2999.0,2999.0,2999.0,2999.0,2999.0,2999.0,2999.0,2999.0,2999.0,2999.0,2999.0,2999.0,2999.0,2999.0,2999.0,2999.0,2999.0,2999.0,9.0,,,,,,,,,,,0.9,-0.7938144574,-1.1332612105,0.1279825839847153,0.913953389,0.1871789834999999,0.1871789834999999,-1.9132612105
3000,3000,3000.0,3000.0,3000.0,3000.0,3000.0,3000.0,3000.0,3000.0,3000.0,3000.0,3000.0,3000.0,3000.0,3000.0,3000.0,3000.0,3000.0,3000.0,3000.0,3000.0,3000.0,3000.0,3000.0,3000.0,3000.0,3000.0,3000.0,3000.0,3000.0,0.0,,,,,,,,,,,,0.0,0.0,-1.0,-0.0855408218616251,0.0,0.0917266594,0.9194388411,-2.5
3001,3001,3001.0,3001.0,3001.0,3001.0,3001.0,3001.0,3001.0,3001.0,3001.0,3001.0,3001.0,3001.0,3001.0,3001.0,3001.0,3001.0,3001.0,3001.0,3001.0,3001.0,3001.0,3001.0,3001.0,3001.0,3001.0,3001.0,3001.0,3001.0,3001.0,1.0,,,,,,,,,,,,0.1,-0.0955763799,-0.9129777023,-0.4261015678814203,0.0917266594,0.0812550856,0.8277121816999999,-1.6929777023000003
3002,3002,3002.0,3002.0,3002.0,3002.0,3002.0,3002.0,3002.0,3002.0,3002.0,3002.0,3002.0,3002.0,3002.0,3002.0,3002.0,3002.0,3002.0,3002.0,3002.0,3002.0,3002.0,3002.0,3002.0,3002.0,3002.0,3002.0,3002.0,3002.0,3002.0,2.0,,,,,,,,,,,,0.2,-0.1845190174,-0.8666452216,-0.4823399223253347,0.172981745,0.0772703582999999,0.7464570961,-1.0866452216
3003,3003,3003.0,3003.0,3003.0,3003.0,3003.0,3003.0,3003.0,3003.0,3003.0,3003.0,3003.0,3003.0,3003.0,3003.0,3003.0,3003.0,3003.0,3003.0,3003.0,3003.0,3003.0,3003.0,3003.0,3003.0,3003.0,3003.0,3003.0,3003.0,3003.0,3.0,,,,,,,,,,,,0.3,-0.26932451,-0.8300737212,-0.5748021470173242,0.2502521033,0.0767295416,0.6691867378,-0.6500737212000001
3004,3004,3004.0,3004.0,3004.0,3004.0,3004.0,3004.0,3004.0,3004.0,3004.0,3004.0,3004.0,3004.0,3004.0,3004.0,3004.0,3004.0,3004.0,3004.0,3004.0,3004.0,3004.0,3004.0,3004.0,3004.0,3004.0,3004.0,3004.0,3004.0,3004.0,4.0,,,,,,,,,,,,0.4,-0.3510971098,-0.8057813361,-0.8211365498627125,0.3269816449,0.0807611249,0.5924571962,-0.3857813361
3005,3005,3005.0,3005.0,3005.0,3005.0,3005.0,3005.0,3005.0,3005.0,3005.0,3005.0,3005.0,3005.0,3005.0,3005.0,3005.0,3005.0,3005.0,3005.0,3005.0,3005.0,3005.0,3005.0,3005.0,3005.0,3005.0,3005.0,3005.0,3005.0,3005.0,5.0,,,,,,,,,,,,0.5,-0.4317495084,-0.8072425925,-0.7469308242040366,0.4077427698,0.0873067811999999,0.5116960712999999,-0.3072425924999999
3006,3006,3006.0,3006.0,3006.0,3006.0,3006.0,3006.0,3006.0,3006.0,3006.0,3006.0,3006.0,3006.0,3006.0,3006.0,3006.0,3006.0,3006.0,3006.0,3006.0,3006.0,3006.0,3006.0,3006.0,3006.0,3006.0,3006.0,3006.0,3006.0,3006.0,6.0,,,,,,,,,,,,0.6,-0.5121820146,-0.8015031687,-0.6266865403819413,0.495049551,0.0936109355,0.4243892901,-0.3815031687
3007,3007,3007.0,3007.0,3007.0,3007.0,3007.0,3007.0,3007.0,3007.0,3007.0,3007.0,3007.0,3007.0,3007.0,3007.0,3007.0,3007.0,3007.0,3007.0,3007.0,3007.0,3007.0,3007.0,3007.0,3007.0,3007.0,3007.0,3007.0,3007.0,3007.0,7.0,,,,,,,,,,,,0.7,-0.5914866838,-0.7848671536,-0.7041555722814692,0.5886604865,0.1010553284999999,0.3307783545999999,-0.6048671535999999
3008,3008,3008.0,3008.0,3008.0,3008.0,3008.0,3008.0,3008.0,3008.0,3008.0,3008.0,3008.0,3008.0,3008.0,3008.0,3008.0,3008.0,3008.0,3008.0,3008.0,3008.0,3008.0,3008.0,3008.0,3008.0,3008.0,3008.0,3008.0,3008.0,3008.0,8.0,,,,,,,,,,,,0.8,-0.6695829786,-0.7771864159,-0.6267308479172711,0.689715815,0.1096783125999999,0.2297230260999999,-0.9971864159000002
3009,3009,3009.0,3009.0,3009.0,3009.0,3009.0,3009.0,3009.0,3009.0,3009.0,3009.0,3009.0,3009.0,3009.0,3009.0,3009.0,3009.0,3009.0,3009.0,3009.0,3009.0,3009.0,3009.0,3009.0,3009.0,3009.0,3009.0,3009.0,3009.0,3009.0,9.0,,,,,,,,,,,,0.9,-0.7465738609,-0.7628686184,-0.754475610712334,0.7993941276,0.1200447135,0.1200447135,-1.5428686184000002
3010,3010,3010.0,3010.0,3010.0,3010.0,3010.0,3010.0,3010.0,3010.0,3010.0,3010.0,3010.0,3010.0,3010.0,3010.0,3010.0,3010.0,3010.0,3010.0,3010.0,3010.0,3010.0,3010.0,3010.0,3010.0,3010.0,3010.0,3010.0,3010.0,3010.0,0.0,,,,,,,,,,,,0.0,0.0,-1.0,-0.088655356270382,0.0,0.0917553768,0.9356409558999998,-2.5
3011,3011,3011.0,3011.0,3011.0,3011.0,3011.0,3011.0,3011.0,3011.0,3011.0,3011.0,3011.0,3011.0,3011.0,3011.0,3011.0,3011.0,3011.0,3011.0,3011.0,3011.0,3011.0,3011.0,3011.0,3011.0,3011.0,3011.0,3011.0,3011.0,3011.0,1.0,,,,,,,,,,,,0.1,-0.0955914462,-0.9132740895,-0.6008548146659636,0.0917553768,0.0829058766,0.8438855790999998,-1.6932740895000002
3012,3012,3012.0,3012.0,3012.0,3012.0,3012.0,3012.0,3012.0,3012.0,3012.0,3012.0,3012.0,3012.0,3012.0,3012.0,3012.0,3012.0,3012.0,3012.0,3012.0,3012.0,3012.0,3012.0,3012.0,3012.0,3012.0,3012.0,3012.0,3012.0,3012.0,2.0,,,,,,,,,,,,0.2,-0.1854076115,-0.8835434056,-0.6061208782920544,0.1746612534,0.0812143601,0.7609797024999998,-1.1035434056
3013,3013,3013.0,3013.0,3013.0,3013.0,3013.0,3013.0,3013.0,3013.0,3013.0,3013.0,3013.0,3013.0,3013.0,3013.0,3013.0,3013.0,3013.0,3013.0,3013.0,3013.0,3013.0,3013.0,3013.0,3013.0,3013.0,3013.0,3013.0,3013.0,3013.0,3.0,,,,,,,,,,,,0.3,-0.2724199537,-0.8571431513,-0.3940288431318761,0.2558756135,0.0797245381,0.6797653423999999,-0.6771431513
3014,3014,3014.0,3014.0,3014.0,3014.0,3014.0,3014.0,3014.0,3014.0,3014.0,3014.0,3014.0,3014.0,3014.0,3014.0,3014.0,3014.0,3014.0,3014.0,3014.0,3014.0,3014.0,3014.0,3014.0,3014.0,3014.0,3014.0,3014.0,3014.0,3014.0,4.0,,,,,,,,,,,,0.4,-0.3558941665,-0.8130718227,-0.6174884307698818,0.3356001516,0.0805276777999999,0.6000408042999998,-0.3930718226999999
3015,3015,3015.0,3015.0,3015.0,3015.0,3015.0,3015.0,3015.0,3015.0,3015.0,3015.0,3015.0,3015.0,3015.0,3015.0,3015.0,3015.0,3015.0,3015.0,3015.0,3015.0,3015.0,3015.0,3015.0,3015.0,3015.0,3015.0,3015.0,3015.0,3015.0,5.0,,,,,,,,,,,,0.5,-0.4362554065,-0.7944594258,-0.7793039678538289,0.4161278294,0.0860096244999999,0.5195131264999999,-0.2944594257999999
3016,3016,3016.0,3016.0,3016.0,3016.0,3016.0,3016.0,3016.0,3016.0,3016.0,3016.0,3016.0,3016.0,3016.0,3016.0,3016.0,3016.0,3016.0,3016.0,3016.0,3016.0,3016.0,3016.0,3016.0,3016.0,3016.0,3016.0,3016.0,3016.0,3016.0,6.0,,,,,,,,,,,,0.6,-0.5156280361,-0.793017193,-0.9179067257486592,0.5021374539,0.0951813839999999,0.433503502,-0.3730171929999999
3017,3017,3017.0,3017.0,3017.0,3017.0,3017.0,3017.0,3017.0,3017.0,3017.0,3017.0,3017.0,3017.0,3017.0,3017.0,3017.0,3017.0,3017.0,3017.0,3017.0,3017.0,3017.0,3017.0,3017.0,3017.0,3017.0,3017.0,3017.0,3017.0,3017.0,7.0,,,,,,,,,,,,0.7,-0.5955338872,-0.8049020145,-0.5707533322935063,0.5973188379,0.1035690028,0.338322118,-0.6249020144999998
3018,3018,3018.0,3018.0,3018.0,3018.0,3018.0,3018.0,3018.0,3018.0,3018.0,3018.0,3018.0,3018.0,3018.0,3018.0,3018.0,3018.0,3018.0,3018.0,3018.0,3018.0,3018.0,3018.0,3018.0,3018.0,3018.0,3018.0,3018.0,3018.0,3018.0,8.0,,,,,,,,,,,,0.8,-0.6748914449,-0.78261979,-0.6382310389642534,0.7008878407,0.1113661983,0.2347531151999999,-1.0026197900000002
3019,3019,3019.0,3019.0,3019.0,3019.0,3019.0,3019.0,3019.0,3019.0,3019.0,3019.0,3019.0,3019.0,3019.0,3019.0,3019.0,3019.0,3019.0,3019.0,3019.0,3019.0,3019.0,3019.0,3019.0,3019.0,3019.0,3019.0,3019.0,3019.0,3019.0,9.0,,,,,,,,,,,,0.9,-0.7524550105,-0.7688793283,-0.9283676657289976,0.812254039,0.1233869168999999,0.1233869168999999,-1.5488793283000004
3020,3020,3020.0,3020.0,3020.0,3020.0,3020.0,3020.0,3020.0,3020.0,3020.0,3020.0,3020.0,3020.0,3020.0,3020.0,3020.0,3020.0,3020.0,3020.0,3020.0,3020.0,3020.0,3020.0,3020.0,3020.0,3020.0,3020.0,3020.0,3020.0,3020.0,0.0,,,,,,,,,,,,0.0,0.0,-1.0,-0.2387854967858715,0.0,0.0931581304,0.9644371055999998,-2.5
3021,3021,3021.0,3021.0,3021.0,3021.0,3021.0,3021.0,3021.0,3021.0,3021.0,3021.0,3021.0,3021.0,3021.0,3021.0,3021.0,3021.0,3021.0,3021.0,3021.0,3021.0,3021.0,3021.0,3021.0,3021.0,3021.0,3021.0,3021.0,3021.0,3021.0,1.0,,,,,,,,,,,,0.1,-0.0963176765,-0.9275608732,-0.5613655202364483,0.0931581304,0.0850384752,0.8712789751999999,-1.7075608732000005
3022,3022,3022.0,3022.0,3022.0,3022.0,3022.0,3022.0,3022.0,3022.0,3022.0,3022.0,3022.0,3022.0,3022.0,3022.0,3022.0,3022.0,3022.0,3022.0,3022.0,3022.0,3022.0,3022.0,3022.0,3022.0,3022.0,3022.0,3022.0,3022.0,3022.0,2.0,,,,,,,,,,,,0.2,-0.187302391,-0.8927127107,-0.6788255006122017,0.1781966056,0.0835192234,0.7862404999999999,-1.1127127107
3023,3023,3023.0,3023.0,3023.0,3023.0,3023.0,3023.0,3023.0,3023.0,3023.0,3023.0,3023.0,3023.0,3023.0,3023.0,3023.0,3023.0,3023.0,3023.0,3023.0,3023.0,3023.0,3023.0,3023.0,3023.0,3023.0,3023.0,3023.0,3023.0,3023.0,3.0,,,,,,,,,,,,0.3,-0.2755390081,-0.8723586436,-0.3967251438286525,0.261715829,0.0824332613,0.7027212765999999,-0.6923586436000001
3024,3024,3024.0,3024.0,3024.0,3024.0,3024.0,3024.0,3024.0,3024.0,3024.0,3024.0,3024.0,3024.0,3024.0,3024.0,3024.0,3024.0,3024.0,3024.0,3024.0,3024.0,3024.0,3024.0,3024.0,3024.0,3024.0,3024.0,3024.0,3024.0,3024.0,4.0,,,,,,,,,,,,0.4,-0.3604742096,-0.8270959566,-0.8467333386584306,0.3441490903,0.0851323139999999,0.6202880152999999,-0.4070959566
3025,3025,3025.0,3025.0,3025.0,3025.0,3025.0,3025.0,3025.0,3025.0,3025.0,3025.0,3025.0,3025.0,3025.0,3025.0,3025.0,3025.0,3025.0,3025.0,3025.0,3025.0,3025.0,3025.0,3025.0,3025.0,3025.0,3025.0,3025.0,3025.0,3025.0,5.0,,,,,,,,,,,,0.5,-0.4432787809,-0.8289647191,-0.5541312948283971,0.4292814043,0.0901991437999999,0.5351557012999999,-0.3289647191
3026,3026,3026.0,3026.0,3026.0,3026.0,3026.0,3026.0,3026.0,3026.0,3026.0,3026.0,3026.0,3026.0,3026.0,3026.0,3026.0,3026.0,3026.0,3026.0,3026.0,3026.0,3026.0,3026.0,3026.0,3026.0,3026.0,3026.0,3026.0,3026.0,3026.0,6.0,,,,,,,,,,,,0.6,-0.5248457696,-0.8028108599,-0.6612676588711581,0.5194805481,0.0955239269,0.4449565574999999,-0.3828108598999999
3027,3027,3027.0,3027.0,3027.0,3027.0,3027.0,3027.0,3027.0,3027.0,3027.0,3027.0,3027.0,3027.0,3027.0,3027.0,3027.0,3027.0,3027.0,3027.0,3027.0,3027.0,3027.0,3027.0,3027.0,3027.0,3027.0,3027.0,3027.0,3027.0,3027.0,7.0,,,,,,,,,,,,0.7,-0.6044421649,-0.7893412305,-0.90543261250848,0.615004475,0.1051459343999999,0.3494326305999999,-0.6093412304999999
3028,3028,3028.0,3028.0,3028.0,3028.0,3028.0,3028.0,3028.0,3028.0,3028.0,3028.0,3028.0,3028.0,3028.0,3028.0,3028.0,3028.0,3028.0,3028.0,3028.0,3028.0,3028.0,3028.0,3028.0,3028.0,3028.0,3028.0,3028.0,3028.0,3028.0,8.0,,,,,,,,,,,,0.8,-0.6839378301,-0.8003888266,-0.824731264521572,0.7201504094,0.1170622759,0.2442866962,-1.0203888266
3029,3029,3029.0,3029.0,3029.0,3029.0,3029.0,3029.0,3029.0,3029.0,3029.0,3029.0,3029.0,3029.0,3029.0,3029.0,3029.0,3029.0,3029.0,3029.0,3029.0,3029.0,3029.0,3029.0,3029.0,3029.0,3029.0,3029.0,3029.0,3029.0,3029.0,9.0,,,,,,,,,,,,0.9,-0.7640944568,-0.8027053263,-0.5401464782180223,0.8372126853,0.1272244202999999,0.1272244202999999,-1.5827053263000002
3030,3030,3030.0,3030.0,3030.0,3030.0,3030.0,3030.0,3030.0,3030.0,3030.0,3030.0,3030.0,3030.0,3030.0,3030.0,3030.0,3030.0,3030.0,3030.0,3030.0,3030.0,3030.0,3030.0,3030.0,3030.0,3030.0,3030.0,3030.0,3030.0,3030.0,0.0,,,,,,,,,,,,0.0,0.0,-1.0,-0.2768570727632862,0.0,0.0935198354,0.9380991613,-2.5
3031,3031,3031.0,3031.0,3031.0,3031.0,3031.0,3031.0,3031.0,3031.0,3031.0,3031.0,3031.0,3031.0,3031.0,3031.0,3031.0,3031.0,3031.0,3031.0,3031.0,3031.0,3031.0,3031.0,3031.0,3031.0,3031.0,3031.0,3031.0,3031.0,3031.0,1.0,,,,,,,,,,,,0.1,-0.096501856,-0.9311838513,-0.4446065900596433,0.0935198354,0.0845921363,0.8445793259000001,-1.7111838513000004
3032,3032,3032.0,3032.0,3032.0,3032.0,3032.0,3032.0,3032.0,3032.0,3032.0,3032.0,3032.0,3032.0,3032.0,3032.0,3032.0,3032.0,3032.0,3032.0,3032.0,3032.0,3032.0,3032.0,3032.0,3032.0,3032.0,3032.0,3032.0,3032.0,3032.0,2.0,,,,,,,,,,,,0.2,-0.1872665519,-0.8848798144,-0.4025981180652286,0.1781119717,0.0797111455,0.7599871896,-1.1048798143999998
3033,3033,3033.0,3033.0,3033.0,3033.0,3033.0,3033.0,3033.0,3033.0,3033.0,3033.0,3033.0,3033.0,3033.0,3033.0,3033.0,3033.0,3033.0,3033.0,3033.0,3033.0,3033.0,3033.0,3033.0,3033.0,3033.0,3033.0,3033.0,3033.0,3033.0,3.0,,,,,,,,,,,,0.3,-0.2734216049,-0.8389845732,-0.4637627304748182,0.2578231172,0.0774594182,0.6802760441,-0.6589845732
3034,3034,3034.0,3034.0,3034.0,3034.0,3034.0,3034.0,3034.0,3034.0,3034.0,3034.0,3034.0,3034.0,3034.0,3034.0,3034.0,3034.0,3034.0,3034.0,3034.0,3034.0,3034.0,3034.0,3034.0,3034.0,3034.0,3034.0,3034.0,3034.0,3034.0,4.0,,,,,,,,,,,,0.4,-0.3555051109,-0.8032773402,-0.8594016017528384,0.3352825354,0.0810500859999999,0.6028166259,-0.3832773401999999
3035,3035,3035.0,3035.0,3035.0,3035.0,3035.0,3035.0,3035.0,3035.0,3035.0,3035.0,3035.0,3035.0,3035.0,3035.0,3035.0,3035.0,3035.0,3035.0,3035.0,3035.0,3035.0,3035.0,3035.0,3035.0,3035.0,3035.0,3035.0,3035.0,3035.0,5.0,,,,,,,,,,,,0.5,-0.436104284,-0.8086183273,-0.682363880279518,0.4163326214,0.0873791323,0.5217665399,-0.3086183273
3036,3036,3036.0,3036.0,3036.0,3036.0,3036.0,3036.0,3036.0,3036.0,3036.0,3036.0,3036.0,3036.0,3036.0,3036.0,3036.0,3036.0,3036.0,3036.0,3036.0,3036.0,3036.0,3036.0,3036.0,3036.0,3036.0,3036.0,3036.0,3036.0,3036.0,6.0,,,,,,,,,,,,0.6,-0.5163553716,-0.7966036277,-0.547070741538042,0.5037117537,0.0926440566999999,0.4343874076,-0.3766036277
3037,3037,3037.0,3037.0,3037.0,3037.0,3037.0,3037.0,3037.0,3037.0,3037.0,3037.0,3037.0,3037.0,3037.0,3037.0,3037.0,3037.0,3037.0,3037.0,3037.0,3037.0,3037.0,3037.0,3037.0,3037.0,3037.0,3037.0,3037.0,3037.0,3037.0,7.0,,,,,,,,,,,,0.7,-0.5948086605,-0.772857413,-0.93061045432081,0.5963558104,0.1015609364,0.3417433509000001,-0.5928574129999998
3038,3038,3038.0,3038.0,3038.0,3038.0,3038.0,3038.0,3038.0,3038.0,3038.0,3038.0,3038.0,3038.0,3038.0,3038.0,3038.0,3038.0,3038.0,3038.0,3038.0,3038.0,3038.0,3038.0,3038.0,3038.0,3038.0,3038.0,3038.0,3038.0,3038.0,8.0,,,,,,,,,,,,0.8,-0.6728574635,-0.7878696555,-0.9110124883875758,0.6979167468,0.1142439288999999,0.2401824145,-1.0078696555000002
3039,3039,3039.0,3039.0,3039.0,3039.0,3039.0,3039.0,3039.0,3039.0,3039.0,3039.0,3039.0,3039.0,3039.0,3039.0,3039.0,3039.0,3039.0,3039.0,3039.0,3039.0,3039.0,3039.0,3039.0,3039.0,3039.0,3039.0,3039.0,3039.0,3039.0,9.0,,,,,,,,,,,,0.9,-0.7522400699,-0.7995882978,-0.6695611143337067,0.8121606757,0.1259384856000001,0.1259384856000001,-1.5795882978000002
3040,3040,3040.0,3040.0,3040.0,3040.0,3040.0,3040.0,3040.0,3040.0,3040.0,3040.0,3040.0,3040.0,3040.0,3040.0,3040.0,3040.0,3040.0,3040.0,3040.0,3040.0,3040.0,3040.0,3040.0,3040.0,3040.0,3040.0,3040.0,3040.0,3040.0,0.0,,,,,,,,,,,,0.0,0.0,-1.0,-0.3559960385134817,0.0,0.094278922,0.9453164484,-2.5
3041,3041,3041.0,3041.0,3041.0,3041.0,3041.0,3041.0,3041.0,3041.0,3041.0,3041.0,3041.0,3041.0,3041.0,3041.0,3041.0,3041.0,3041.0,3041.0,3041.0,3041.0,3041.0,3041.0,3041.0,3041.0,3041.0,3041.0,3041.0,3041.0,3041.0,1.0,,,,,,,,,,,,0.1,-0.0968846832,-0.9387149206,-0.2418013022514272,0.094278922,0.0840729609999999,0.8510375264,-1.7187149206
3042,3042,3042.0,3042.0,3042.0,3042.0,3042.0,3042.0,3042.0,3042.0,3042.0,3042.0,3042.0,3042.0,3042.0,3042.0,3042.0,3042.0,3042.0,3042.0,3042.0,3042.0,3042.0,3042.0,3042.0,3042.0,3042.0,3042.0,3042.0,3042.0,3042.0,2.0,,,,,,,,,,,,0.2,-0.1873849101,-0.872394824,-0.6694009289960197,0.178351883,0.0800139283999999,0.7669645654,-1.092394824
3043,3043,3043.0,3043.0,3043.0,3043.0,3043.0,3043.0,3043.0,3043.0,3043.0,3043.0,3043.0,3043.0,3043.0,3043.0,3043.0,3043.0,3043.0,3043.0,3043.0,3043.0,3043.0,3043.0,3043.0,3043.0,3043.0,3043.0,3043.0,3043.0,3043.0,3.0,,,,,,,,,,,,0.3,-0.2736424347,-0.8530773923,-0.4309370735569101,0.2583658114,0.0794576753,0.686950637,-0.6730773923000001
3044,3044,3044.0,3044.0,3044.0,3044.0,3044.0,3044.0,3044.0,3044.0,3044.0,3044.0,3044.0,3044.0,3044.0,3044.0,3044.0,3044.0,3044.0,3044.0,3044.0,3044.0,3044.0,3044.0,3044.0,3044.0,3044.0,3044.0,3044.0,3044.0,3044.0,4.0,,,,,,,,,,,,0.4,-0.3569082656,-0.8129052687,-0.6618568010361593,0.3378234867,0.080960615,0.6074929617,-0.3929052687
3045,3045,3045.0,3045.0,3045.0,3045.0,3045.0,3045.0,3045.0,3045.0,3045.0,3045.0,3045.0,3045.0,3045.0,3045.0,3045.0,3045.0,3045.0,3045.0,3045.0,3045.0,3045.0,3045.0,3045.0,3045.0,3045.0,3045.0,3045.0,3045.0,3045.0,5.0,,,,,,,,,,,,0.5,-0.4374682508,-0.7985309636,-0.8885902824221532,0.4187841017,0.087716663,0.5265323466999999,-0.2985309636
3046,3046,3046.0,3046.0,3046.0,3046.0,3046.0,3046.0,3046.0,3046.0,3046.0,3046.0,3046.0,3046.0,3046.0,3046.0,3046.0,3046.0,3046.0,3046.0,3046.0,3046.0,3046.0,3046.0,3046.0,3046.0,3046.0,3046.0,3046.0,3046.0,3046.0,6.0,,,,,,,,,,,,0.6,-0.5177570003,-0.8071012424,-0.8565957364506637,0.5065007647,0.0971080695999999,0.4388156836999999,-0.3871012424
3047,3047,3047.0,3047.0,3047.0,3047.0,3047.0,3047.0,3047.0,3047.0,3047.0,3047.0,3047.0,3047.0,3047.0,3047.0,3047.0,3047.0,3047.0,3047.0,3047.0,3047.0,3047.0,3047.0,3047.0,3047.0,3047.0,3047.0,3047.0,3047.0,3047.0,7.0,,,,,,,,,,,,0.7,-0.5987065461,-0.8118112702,-0.5431791076945157,0.6036088343,0.1048313909,0.3417076140999999,-0.6318112701999998
3048,3048,3048.0,3048.0,3048.0,3048.0,3048.0,3048.0,3048.0,3048.0,3048.0,3048.0,3048.0,3048.0,3048.0,3048.0,3048.0,3048.0,3048.0,3048.0,3048.0,3048.0,3048.0,3048.0,3048.0,3048.0,3048.0,3048.0,3048.0,3048.0,3048.0,8.0,,,,,,,,,,,,0.8,-0.6785882219,-0.7862475052,-0.6537403225014933,0.7084402252,0.1125881173999999,0.2368762231999999,-1.0062475052000002
3049,3049,3049.0,3049.0,3049.0,3049.0,3049.0,3049.0,3049.0,3049.0,3049.0,3049.0,3049.0,3049.0,3049.0,3049.0,3049.0,3049.0,3049.0,3049.0,3049.0,3049.0,3049.0,3049.0,3049.0,3049.0,3049.0,3049.0,3049.0,3049.0,3049.0,9.0,,,,,,,,,,,,0.9,-0.7565720309,-0.7736377284,-0.8717219114938092,0.8210283426,0.1242881057999999,0.1242881057999999,-1.5536377284000005
3050,3050,3050.0,3050.0,3050.0,3050.0,3050.0,3050.0,3050.0,3050.0,3050.0,3050.0,3050.0,3050.0,3050.0,3050.0,3050.0,3050.0,3050.0,3050.0,3050.0,3050.0,3050.0,3050.0,3050.0,3050.0,3050.0,3050.0,3050.0,3050.0,3050.0,0.0,,,,,,,,,,,,0.0,0.0,-1.0,-0.2271685768311569,0.0,0.0930482695,0.947622296,-2.5
3051,3051,3051.0,3051.0,3051.0,3051.0,3051.0,3051.0,3051.0,3051.0,3051.0,3051.0,3051.0,3051.0,3051.0,3051.0,3051.0,3051.0,3051.0,3051.0,3051.0,3051.0,3051.0,3051.0,3051.0,3051.0,3051.0,3051.0,3051.0,3051.0,3051.0,1.0,,,,,,,,,,,,0.1,-0.0962614805,-0.9264553772,-0.4292455078262158,0.0930482695,0.0836224166,0.8545740265000001,-1.7064553772000002
3052,3052,3052.0,3052.0,3052.0,3052.0,3052.0,3052.0,3052.0,3052.0,3052.0,3052.0,3052.0,3052.0,3052.0,3052.0,3052.0,3052.0,3052.0,3052.0,3052.0,3052.0,3052.0,3052.0,3052.0,3052.0,3052.0,3052.0,3052.0,3052.0,3052.0,2.0,,,,,,,,,,,,0.2,-0.1865018967,-0.8791395118,-0.4310843263455803,0.1766706861,0.0789716764,0.7709516099000001,-1.0991395118
3053,3053,3053.0,3053.0,3053.0,3053.0,3053.0,3053.0,3053.0,3053.0,3053.0,3053.0,3053.0,3053.0,3053.0,3053.0,3053.0,3053.0,3053.0,3053.0,3053.0,3053.0,3053.0,3053.0,3053.0,3053.0,3053.0,3053.0,3053.0,3053.0,3053.0,3.0,,,,,,,,,,,,0.3,-0.2722484357,-0.8365014054,-0.7406081410777245,0.2556423625,0.0793871217,0.6919799335000001,-0.6565014054
3054,3054,3054.0,3054.0,3054.0,3054.0,3054.0,3054.0,3054.0,3054.0,3054.0,3054.0,3054.0,3054.0,3054.0,3054.0,3054.0,3054.0,3054.0,3054.0,3054.0,3054.0,3054.0,3054.0,3054.0,3054.0,3054.0,3054.0,3054.0,3054.0,3054.0,4.0,,,,,,,,,,,,0.4,-0.3554347321,-0.8273759231,-0.6975849592719716,0.3350294842,0.0834508581999999,0.6125928118,-0.4073759230999999
3055,3055,3055.0,3055.0,3055.0,3055.0,3055.0,3055.0,3055.0,3055.0,3055.0,3055.0,3055.0,3055.0,3055.0,3055.0,3055.0,3055.0,3055.0,3055.0,3055.0,3055.0,3055.0,3055.0,3055.0,3055.0,3055.0,3055.0,3055.0,3055.0,3055.0,5.0,,,,,,,,,,,,0.5,-0.4375445839,-0.8150245672,-0.8315544305177789,0.4184803424,0.0898375032,0.5291419536,-0.3150245672
3056,3056,3056.0,3056.0,3056.0,3056.0,3056.0,3056.0,3056.0,3056.0,3056.0,3056.0,3056.0,3056.0,3056.0,3056.0,3056.0,3056.0,3056.0,3056.0,3056.0,3056.0,3056.0,3056.0,3056.0,3056.0,3056.0,3056.0,3056.0,3056.0,3056.0,6.0,,,,,,,,,,,,0.6,-0.5191270025,-0.8165975917,-0.5202220201471359,0.5083178456,0.0958591462999999,0.4393044504,-0.3965975917
3057,3057,3057.0,3057.0,3057.0,3057.0,3057.0,3057.0,3057.0,3057.0,3057.0,3057.0,3057.0,3057.0,3057.0,3057.0,3057.0,3057.0,3057.0,3057.0,3057.0,3057.0,3057.0,3057.0,3057.0,3057.0,3057.0,3057.0,3057.0,3057.0,3057.0,7.0,,,,,,,,,,,,0.7,-0.5993530897,-0.7883937065,-0.7870160581656301,0.6041769919,0.1033105788,0.3434453041,-0.6083937064999998
3058,3058,3058.0,3058.0,3058.0,3058.0,3058.0,3058.0,3058.0,3058.0,3058.0,3058.0,3058.0,3058.0,3058.0,3058.0,3058.0,3058.0,3058.0,3058.0,3058.0,3058.0,3058.0,3058.0,3058.0,3058.0,3058.0,3058.0,3058.0,3058.0,3058.0,8.0,,,,,,,,,,,,0.8,-0.6781857964,-0.7882626056,-0.8189970806708791,0.7074875707,0.1142604072999999,0.2401347253,-1.0082626056
3059,3059,3059.0,3059.0,3059.0,3059.0,3059.0,3059.0,3059.0,3059.0,3059.0,3059.0,3059.0,3059.0,3059.0,3059.0,3059.0,3059.0,3059.0,3059.0,3059.0,3059.0,3059.0,3059.0,3059.0,3059.0,3059.0,3059.0,3059.0,3059.0,3059.0,9.0,,,,,,,,,,,,0.9,-0.757160719,-0.7911873911,-0.7258625250889805,0.821747978,0.125874318,0.125874318,-1.5711873911000005
3060,3060,3060.0,3060.0,3060.0,3060.0,3060.0,3060.0,3060.0,3060.0,3060.0,3060.0,3060.0,3060.0,3060.0,3060.0,3060.0,3060.0,3060.0,3060.0,3060.0,3060.0,3060.0,3060.0,3060.0,3060.0,3060.0,3060.0,3060.0,3060.0,0.0,,,,,,,,,,,,,0.0,0.0,-1.0,5.5580267536047785,0.0,0.0655010667,2.7240667321999994,2.0855009834
3061,3061,3061.0,3061.0,3061.0,3061.0,3061.0,3061.0,3061.0,3061.0,3061.0,3061.0,3061.0,3061.0,3061.0,3061.0,3061.0,3061.0,3061.0,3061.0,3061.0,3061.0,3061.0,3061.0,3061.0,3061.0,3061.0,3061.0,3061.0,3061.0,1.0,,,,,,,,,,,,,0.1,-0.0682760811,-0.3759212436,5.116045753355026,0.0655010667,0.0171904399,2.6585656654999994,2.0855009834
3062,3062,3062.0,3062.0,3062.0,3062.0,3062.0,3062.0,3062.0,3062.0,3062.0,3062.0,3062.0,3062.0,3062.0,3062.0,3062.0,3062.0,3062.0,3062.0,3062.0,3062.0,3062.0,3062.0,3062.0,3062.0,3062.0,3062.0,3062.0,3062.0,2.0,,,,,,,,,,,,,0.2,-0.079301267,0.1467085177,4.866565492179905,0.0826915066,0.0280130198999999,2.6413752256,2.0855009834
3063,3063,3063.0,3063.0,3063.0,3063.0,3063.0,3063.0,3063.0,3063.0,3063.0,3063.0,3063.0,3063.0,3063.0,3063.0,3063.0,3063.0,3063.0,3063.0,3063.0,3063.0,3063.0,3063.0,3063.0,3063.0,3063.0,3063.0,3063.0,3063.0,3.0,,,,,,,,,,,,,0.3,-0.0417985399,0.5958623398,4.416128622188722,0.1107045265,0.0718505907,2.6133622057,2.0855009834
3064,3064,3064.0,3064.0,3064.0,3064.0,3064.0,3064.0,3064.0,3064.0,3064.0,3064.0,3064.0,3064.0,3064.0,3064.0,3064.0,3064.0,3064.0,3064.0,3064.0,3064.0,3064.0,3064.0,3064.0,3064.0,3064.0,3064.0,3064.0,3064.0,4.0,,,,,,,,,,,,,0.4,0.0362678895,0.9594087727,4.675297528470837,0.1825551172,0.1426642967999999,2.541511615,2.0855009834
3065,3065,3065.0,3065.0,3065.0,3065.0,3065.0,3065.0,3065.0,3065.0,3065.0,3065.0,3065.0,3065.0,3065.0,3065.0,3065.0,3065.0,3065.0,3065.0,3065.0,3065.0,3065.0,3065.0,3065.0,3065.0,3065.0,3065.0,3065.0,3065.0,5.0,,,,,,,,,,,,,0.5,0.1501839596,1.3130224554,4.496569684934193,0.325219414,0.2311543192,2.3988473182,2.0855009834
3066,3066,3066.0,3066.0,3066.0,3066.0,3066.0,3066.0,3066.0,3066.0,3066.0,3066.0,3066.0,3066.0,3066.0,3066.0,3066.0,3066.0,3066.0,3066.0,3066.0,3066.0,3066.0,3066.0,3066.0,3066.0,3066.0,3066.0,3066.0,3066.0,6.0,,,,,,,,,,,,,0.6,0.2968863596,1.6159770239,4.658390517812703,0.5563737332,0.3373193783999999,2.167692999,2.0855009834
3067,3067,3067.0,3067.0,3067.0,3067.0,3067.0,3067.0,3067.0,3067.0,3067.0,3067.0,3067.0,3067.0,3067.0,3067.0,3067.0,3067.0,3067.0,3067.0,3067.0,3067.0,3067.0,3067.0,3067.0,3067.0,3067.0,3067.0,3067.0,3067.0,7.0,,,,,,,,,,,,,0.7,0.4732014518,1.9055009834,5.018237197056427,0.8936931116,0.4693167174999999,1.8303736206,2.0855009834
3068,3068,3068.0,3068.0,3068.0,3068.0,3068.0,3068.0,3068.0,3068.0,3068.0,3068.0,3068.0,3068.0,3068.0,3068.0,3068.0,3068.0,3068.0,3068.0,3068.0,3068.0,3068.0,3068.0,3068.0,3068.0,3068.0,3068.0,3068.0,3068.0,8.0,,,,,,,,,,,,,0.8,0.6788088992,2.2017172558,5.33364986145605,1.3630098291,0.6322381300000002,1.3610569031,2.0855009834
3069,3069,3069.0,3069.0,3069.0,3069.0,3069.0,3069.0,3069.0,3069.0,3069.0,3069.0,3069.0,3069.0,3069.0,3069.0,3069.0,3069.0,3069.0,3069.0,3069.0,3069.0,3069.0,3069.0,3069.0,3069.0,3069.0,3069.0,3069.0,3069.0,9.0,,,,,,,,,,,,,0.9,0.9141303079,2.4997608332,2.2130391238480045,1.9952479591,0.7288187730999998,0.7288187730999998,2.0855009834
3070,3070,3070.0,3070.0,3070.0,3070.0,3070.0,3070.0,3070.0,3070.0,3070.0,3070.0,3070.0,3070.0,3070.0,3070.0,3070.0,3070.0,3070.0,3070.0,3070.0,3070.0,3070.0,3070.0,3070.0,3070.0,3070.0,3070.0,3070.0,3070.0,0.0,,,,,,,,,,,,,0.0,0.0,-1.0,5.599752458278184,0.0,0.0654993028,2.6315066247,2.0450026019
3071,3071,3071.0,3071.0,3071.0,3071.0,3071.0,3071.0,3071.0,3071.0,3071.0,3071.0,3071.0,3071.0,3071.0,3071.0,3071.0,3071.0,3071.0,3071.0,3071.0,3071.0,3071.0,3071.0,3071.0,3071.0,3071.0,3071.0,3071.0,3071.0,1.0,,,,,,,,,,,,,0.1,-0.0680742364,-0.3719505178,5.035730439873254,0.0654993028,0.0167116817999999,2.5660073219,2.0450026019
3072,3072,3072.0,3072.0,3072.0,3072.0,3072.0,3072.0,3072.0,3072.0,3072.0,3072.0,3072.0,3072.0,3072.0,3072.0,3072.0,3072.0,3072.0,3072.0,3072.0,3072.0,3072.0,3072.0,3072.0,3072.0,3072.0,3072.0,3072.0,3072.0,2.0,,,,,,,,,,,,,0.2,-0.0791100766,0.1426583664,4.633288327050381,0.0822109846,0.0256370943,2.5492956401,2.0450026019
3073,3073,3073.0,3073.0,3073.0,3073.0,3073.0,3073.0,3073.0,3073.0,3073.0,3073.0,3073.0,3073.0,3073.0,3073.0,3073.0,3073.0,3073.0,3073.0,3073.0,3073.0,3073.0,3073.0,3073.0,3073.0,3073.0,3073.0,3073.0,3073.0,3.0,,,,,,,,,,,,,0.3,-0.0431212347,0.5699983573,4.374065436933634,0.1078480789,0.0675675192999999,2.5236585458,2.0450026019
3074,3074,3074.0,3074.0,3074.0,3074.0,3074.0,3074.0,3074.0,3074.0,3074.0,3074.0,3074.0,3074.0,3074.0,3074.0,3074.0,3074.0,3074.0,3074.0,3074.0,3074.0,3074.0,3074.0,3074.0,3074.0,3074.0,3074.0,3074.0,3074.0,4.0,,,,,,,,,,,,,0.4,0.0322803982,0.932003268,4.328379226085026,0.1754155982,0.1312385465,2.4560910265,2.0450026019
3075,3075,3075.0,3075.0,3075.0,3075.0,3075.0,3075.0,3075.0,3075.0,3075.0,3075.0,3075.0,3075.0,3075.0,3075.0,3075.0,3075.0,3075.0,3075.0,3075.0,3075.0,3075.0,3075.0,3075.0,3075.0,3075.0,3075.0,3075.0,3075.0,5.0,,,,,,,,,,,,,0.5,0.1419103318,1.255211257,4.552628527073368,0.3066541447,0.2159054718,2.32485248,2.0450026019
3076,3076,3076.0,3076.0,3076.0,3076.0,3076.0,3076.0,3076.0,3076.0,3076.0,3076.0,3076.0,3076.0,3076.0,3076.0,3076.0,3076.0,3076.0,3076.0,3076.0,3076.0,3076.0,3076.0,3076.0,3076.0,3076.0,3076.0,3076.0,3076.0,6.0,,,,,,,,,,,,,0.6,0.2833824476,1.5690019939,4.67947410362732,0.5225596165,0.3210439064999999,2.1089470082,2.0450026019
3077,3077,3077.0,3077.0,3077.0,3077.0,3077.0,3077.0,3077.0,3077.0,3077.0,3077.0,3077.0,3077.0,3077.0,3077.0,3077.0,3077.0,3077.0,3077.0,3077.0,3077.0,3077.0,3077.0,3077.0,3077.0,3077.0,3077.0,3077.0,3077.0,7.0,,,,,,,,,,,,,0.7,0.45532925,1.8650026019,4.8674849994390295,0.843603523,0.4476056121999999,1.7879031017,2.0450026019
3078,3078,3078.0,3078.0,3078.0,3078.0,3078.0,3078.0,3078.0,3078.0,3078.0,3078.0,3078.0,3078.0,3078.0,3078.0,3078.0,3078.0,3078.0,3078.0,3078.0,3078.0,3078.0,3078.0,3078.0,3078.0,3078.0,3078.0,3078.0,3078.0,8.0,,,,,,,,,,,,,0.8,0.6563535561,2.1507267957,5.251696579804973,1.2912091352,0.6034255069000001,1.3402974895000002,2.0450026019
3079,3079,3079.0,3079.0,3079.0,3079.0,3079.0,3079.0,3079.0,3079.0,3079.0,3079.0,3079.0,3079.0,3079.0,3079.0,3079.0,3079.0,3079.0,3079.0,3079.0,3079.0,3079.0,3079.0,3079.0,3079.0,3079.0,3079.0,3079.0,3079.0,9.0,,,,,,,,,,,,,0.9,0.886426155,2.4458238549,3.6637293255218895,1.8946346421,0.7368719826000001,0.7368719826000001,2.0450026019
3080,3080,3080.0,3080.0,3080.0,3080.0,3080.0,3080.0,3080.0,3080.0,3080.0,3080.0,3080.0,3080.0,3080.0,3080.0,3080.0,3080.0,3080.0,3080.0,3080.0,3080.0,3080.0,3080.0,3080.0,3080.0,3080.0,3080.0,3080.0,3080.0,0.0,,,,,,,,,,,,,0.0,0.0,-1.0,5.824645567625344,0.0,0.0655383597,2.751223200400001,2.1123056458
3081,3081,3081.0,3081.0,3081.0,3081.0,3081.0,3081.0,3081.0,3081.0,3081.0,3081.0,3081.0,3081.0,3081.0,3081.0,3081.0,3081.0,3081.0,3081.0,3081.0,3081.0,3081.0,3081.0,3081.0,3081.0,3081.0,3081.0,3081.0,3081.0,1.0,,,,,,,,,,,,,0.1,-0.0669863344,-0.3505491088,5.001272099949028,0.0655383597,0.0160835397999999,2.6856848407000005,2.1123056458
3082,3082,3082.0,3082.0,3082.0,3082.0,3082.0,3082.0,3082.0,3082.0,3082.0,3082.0,3082.0,3082.0,3082.0,3082.0,3082.0,3082.0,3082.0,3082.0,3082.0,3082.0,3082.0,3082.0,3082.0,3082.0,3082.0,3082.0,3082.0,3082.0,2.0,,,,,,,,,,,,,0.2,-0.0761522505,0.1587440173,4.542421035173827,0.0816218995,0.0259009828,2.6696013009000006,2.1123056458
3083,3083,3083.0,3083.0,3083.0,3083.0,3083.0,3083.0,3083.0,3083.0,3083.0,3083.0,3083.0,3083.0,3083.0,3083.0,3083.0,3083.0,3083.0,3083.0,3083.0,3083.0,3083.0,3083.0,3083.0,3083.0,3083.0,3083.0,3083.0,3083.0,3.0,,,,,,,,,,,,,0.3,-0.0390721705,0.5759060408,4.727977252203387,0.1075228823,0.0728652829999999,2.6437003181000005,2.1123056458
3084,3084,3084.0,3084.0,3084.0,3084.0,3084.0,3084.0,3084.0,3084.0,3084.0,3084.0,3084.0,3084.0,3084.0,3084.0,3084.0,3084.0,3084.0,3084.0,3084.0,3084.0,3084.0,3084.0,3084.0,3084.0,3084.0,3084.0,3084.0,3084.0,4.0,,,,,,,,,,,,,0.4,0.0386037005,0.9710278949,4.472621071835506,0.1803881653,0.1419533762,2.5708350351000004,2.1123056458
3085,3085,3085.0,3085.0,3085.0,3085.0,3085.0,3085.0,3085.0,3085.0,3085.0,3085.0,3085.0,3085.0,3085.0,3085.0,3085.0,3085.0,3085.0,3085.0,3085.0,3085.0,3085.0,3085.0,3085.0,3085.0,3085.0,3085.0,3085.0,3085.0,5.0,,,,,,,,,,,,,0.5,0.1526450365,1.3042486662,4.713863859211908,0.3223415415,0.2330090235,2.4288816589000004,2.1123056458
3086,3086,3086.0,3086.0,3086.0,3086.0,3086.0,3086.0,3086.0,3086.0,3086.0,3086.0,3086.0,3086.0,3086.0,3086.0,3086.0,3086.0,3086.0,3086.0,3086.0,3086.0,3086.0,3086.0,3086.0,3086.0,3086.0,3086.0,3086.0,3086.0,6.0,,,,,,,,,,,,,0.6,0.2995636413,1.6287164473,4.818932178283872,0.555350565,0.3454818859999999,2.1958726354,2.1123056458
3087,3087,3087.0,3087.0,3087.0,3087.0,3087.0,3087.0,3087.0,3087.0,3087.0,3087.0,3087.0,3087.0,3087.0,3087.0,3087.0,3087.0,3087.0,3087.0,3087.0,3087.0,3087.0,3087.0,3087.0,3087.0,3087.0,3087.0,3087.0,3087.0,7.0,,,,,,,,,,,,,0.7,0.4778676606,1.9323056458,5.015680543483307,0.900832451,0.4804887593000001,1.8503907494000005,2.1123056458
3088,3088,3088.0,3088.0,3088.0,3088.0,3088.0,3088.0,3088.0,3088.0,3088.0,3088.0,3088.0,3088.0,3088.0,3088.0,3088.0,3088.0,3088.0,3088.0,3088.0,3088.0,3088.0,3088.0,3088.0,3088.0,3088.0,3088.0,3088.0,3088.0,8.0,,,,,,,,,,,,,0.8,0.6860135577,2.225727803,5.230516287265931,1.3813212103,0.6413848709999999,1.3699019901,2.1123056458
3089,3089,3089.0,3089.0,3089.0,3089.0,3089.0,3089.0,3089.0,3089.0,3089.0,3089.0,3089.0,3089.0,3089.0,3089.0,3089.0,3089.0,3089.0,3089.0,3089.0,3089.0,3089.0,3089.0,3089.0,3089.0,3089.0,3089.0,3089.0,3089.0,9.0,,,,,,,,,,,,,0.9,0.9231214956,2.5116714939,1.9123195126097925,2.0227060813,0.7285171191000002,0.7285171191000002,2.1123056458
3090,3090,3090.0,3090.0,3090.0,3090.0,3090.0,3090.0,3090.0,3090.0,3090.0,3090.0,3090.0,3090.0,3090.0,3090.0,3090.0,3090.0,3090.0,3090.0,3090.0,3090.0,3090.0,3090.0,3090.0,3090.0,3090.0,3090.0,3090.0,3090.0,0.0,,,,,,,,,,,,,0.0,0.0,-1.0,5.731895234327949,0.0,0.0655123251,2.7472081643999995,2.1019400771
3091,3091,3091.0,3091.0,3091.0,3091.0,3091.0,3091.0,3091.0,3091.0,3091.0,3091.0,3091.0,3091.0,3091.0,3091.0,3091.0,3091.0,3091.0,3091.0,3091.0,3091.0,3091.0,3091.0,3091.0,3091.0,3091.0,3091.0,3091.0,3091.0,1.0,,,,,,,,,,,,,0.1,-0.0674350066,-0.35937547,5.195765935506979,0.0655123251,0.0172326276999999,2.6816958393,2.1019400771
3092,3092,3092.0,3092.0,3092.0,3092.0,3092.0,3092.0,3092.0,3092.0,3092.0,3092.0,3092.0,3092.0,3092.0,3092.0,3092.0,3092.0,3092.0,3092.0,3092.0,3092.0,3092.0,3092.0,3092.0,3092.0,3092.0,3092.0,3092.0,3092.0,2.0,,,,,,,,,,,,,0.2,-0.076500014,0.1692661309,4.82517555833848,0.0827449528,0.0292180922,2.6644632116,2.1019400771
3093,3093,3093.0,3093.0,3093.0,3093.0,3093.0,3093.0,3093.0,3093.0,3093.0,3093.0,3093.0,3093.0,3093.0,3093.0,3093.0,3093.0,3093.0,3093.0,3093.0,3093.0,3093.0,3093.0,3093.0,3093.0,3093.0,3093.0,3093.0,3093.0,3.0,,,,,,,,,,,,,0.3,-0.0370508207,0.6123344935,4.3250635790543095,0.111963045,0.0731616896999999,2.6352451194,2.1019400771
3094,3094,3094.0,3094.0,3094.0,3094.0,3094.0,3094.0,3094.0,3094.0,3094.0,3094.0,3094.0,3094.0,3094.0,3094.0,3094.0,3094.0,3094.0,3094.0,3094.0,3094.0,3094.0,3094.0,3094.0,3094.0,3094.0,3094.0,3094.0,3094.0,4.0,,,,,,,,,,,,,0.4,0.0421426422,0.9656473885,4.399742296499359,0.1851247347,0.1396884877,2.5620834297,2.1019400771
3095,3095,3095.0,3095.0,3095.0,3095.0,3095.0,3095.0,3095.0,3095.0,3095.0,3095.0,3095.0,3095.0,3095.0,3095.0,3095.0,3095.0,3095.0,3095.0,3095.0,3095.0,3095.0,3095.0,3095.0,3095.0,3095.0,3095.0,3095.0,3095.0,5.0,,,,,,,,,,,,,0.5,0.1553193806,1.2924448797,4.682815718152208,0.3248132224,0.2292165944999999,2.422394942,2.1019400771
3096,3096,3096.0,3096.0,3096.0,3096.0,3096.0,3096.0,3096.0,3096.0,3096.0,3096.0,3096.0,3096.0,3096.0,3096.0,3096.0,3096.0,3096.0,3096.0,3096.0,3096.0,3096.0,3096.0,3096.0,3096.0,3096.0,3096.0,3096.0,3096.0,6.0,,,,,,,,,,,,,0.6,0.3009645133,1.6150813189,4.839654356519442,0.5540298169,0.3413998125,2.1931783475,2.1019400771
3097,3097,3097.0,3097.0,3097.0,3097.0,3097.0,3097.0,3097.0,3097.0,3097.0,3097.0,3097.0,3097.0,3097.0,3097.0,3097.0,3097.0,3097.0,3097.0,3097.0,3097.0,3097.0,3097.0,3097.0,3097.0,3097.0,3097.0,3097.0,3097.0,7.0,,,,,,,,,,,,,0.7,0.4780711907,1.9219400771,5.040467045688226,0.8954296294,0.4769973275,1.851778535,2.1019400771
3098,3098,3098.0,3098.0,3098.0,3098.0,3098.0,3098.0,3098.0,3098.0,3098.0,3098.0,3098.0,3098.0,3098.0,3098.0,3098.0,3098.0,3098.0,3098.0,3098.0,3098.0,3098.0,3098.0,3098.0,3098.0,3098.0,3098.0,3098.0,3098.0,8.0,,,,,,,,,,,,,0.8,0.6853505684,2.218707404,5.392664419176745,1.3724269569,0.6427616227000001,1.3747812075,2.1019400771
3099,3099,3099.0,3099.0,3099.0,3099.0,3099.0,3099.0,3099.0,3099.0,3099.0,3099.0,3099.0,3099.0,3099.0,3099.0,3099.0,3099.0,3099.0,3099.0,3099.0,3099.0,3099.0,3099.0,3099.0,3099.0,3099.0,3099.0,3099.0,3099.0,9.0,,,,,,,,,,,,,0.9,0.9225742747,2.5207501397,1.88274723320245,2.0151885796,0.7320195847999997,0.7320195847999997,2.1019400771
3100,3100,3100.0,3100.0,3100.0,3100.0,3100.0,3100.0,3100.0,3100.0,3100.0,3100.0,3100.0,3100.0,3100.0,3100.0,3100.0,3100.0,3100.0,3100.0,3100.0,3100.0,3100.0,3100.0,3100.0,3100.0,3100.0,3100.0,3100.0,3100.0,0.0,,,,,,,,,,,,,0.0,0.0,-1.0,5.618137804895474,0.0,0.0654994207,2.6923217701,2.0760595312
3101,3101,3101.0,3101.0,3101.0,3101.0,3101.0,3101.0,3101.0,3101.0,3101.0,3101.0,3101.0,3101.0,3101.0,3101.0,3101.0,3101.0,3101.0,3101.0,3101.0,3101.0,3101.0,3101.0,3101.0,3101.0,3101.0,3101.0,3101.0,3101.0,1.0,,,,,,,,,,,,,0.1,-0.0679852988,-0.3702009207,5.109777007778392,0.0654994207,0.0170289818999999,2.6268223494,2.0760595312
3102,3102,3102.0,3102.0,3102.0,3102.0,3102.0,3102.0,3102.0,3102.0,3102.0,3102.0,3102.0,3102.0,3102.0,3102.0,3102.0,3102.0,3102.0,3102.0,3102.0,3102.0,3102.0,3102.0,3102.0,3102.0,3102.0,3102.0,3102.0,3102.0,2.0,,,,,,,,,,,,,0.2,-0.0784964486,0.1512879298,4.688220733892873,0.0825284026,0.0267047514,2.6097933675,2.0760595312
3103,3103,3103.0,3103.0,3103.0,3103.0,3103.0,3103.0,3103.0,3103.0,3103.0,3103.0,3103.0,3103.0,3103.0,3103.0,3103.0,3103.0,3103.0,3103.0,3103.0,3103.0,3103.0,3103.0,3103.0,3103.0,3103.0,3103.0,3103.0,3103.0,3.0,,,,,,,,,,,,,0.3,-0.0414206164,0.583034171,4.598032845675491,0.109233154,0.0722542821999999,2.5830886161,2.0760595312
3104,3104,3104.0,3104.0,3104.0,3104.0,3104.0,3104.0,3104.0,3104.0,3104.0,3104.0,3104.0,3104.0,3104.0,3104.0,3104.0,3104.0,3104.0,3104.0,3104.0,3104.0,3104.0,3104.0,3104.0,3104.0,3104.0,3104.0,3104.0,3104.0,4.0,,,,,,,,,,,,,0.4,0.036304988,0.9651118512,4.371153145174599,0.1814874362,0.1390097237,2.5108343339,2.0760595312
3105,3105,3105.0,3105.0,3105.0,3105.0,3105.0,3105.0,3105.0,3105.0,3105.0,3105.0,3105.0,3105.0,3105.0,3105.0,3105.0,3105.0,3105.0,3105.0,3105.0,3105.0,3105.0,3105.0,3105.0,3105.0,3105.0,3105.0,3105.0,3105.0,5.0,,,,,,,,,,,,,0.5,0.1492925507,1.289239603,4.638986238562011,0.3204971599,0.2272089221,2.3718246102,2.0760595312
3106,3106,3106.0,3106.0,3106.0,3106.0,3106.0,3106.0,3106.0,3106.0,3106.0,3106.0,3106.0,3106.0,3106.0,3106.0,3106.0,3106.0,3106.0,3106.0,3106.0,3106.0,3106.0,3106.0,3106.0,3106.0,3106.0,3106.0,3106.0,3106.0,6.0,,,,,,,,,,,,,0.6,0.2944206402,1.6080101374,4.63492842127746,0.547706082,0.3339143347,2.1446156881,2.0760595312
3107,3107,3107.0,3107.0,3107.0,3107.0,3107.0,3107.0,3107.0,3107.0,3107.0,3107.0,3107.0,3107.0,3107.0,3107.0,3107.0,3107.0,3107.0,3107.0,3107.0,3107.0,3107.0,3107.0,3107.0,3107.0,3107.0,3107.0,3107.0,3107.0,7.0,,,,,,,,,,,,,0.7,0.4698640886,1.8960595312,4.839431895579021,0.8816204167,0.4606640246999999,1.8107013534,2.0760595312
3108,3108,3108.0,3108.0,3108.0,3108.0,3108.0,3108.0,3108.0,3108.0,3108.0,3108.0,3108.0,3108.0,3108.0,3108.0,3108.0,3108.0,3108.0,3108.0,3108.0,3108.0,3108.0,3108.0,3108.0,3108.0,3108.0,3108.0,3108.0,3108.0,8.0,,,,,,,,,,,,,0.8,0.6737082354,2.1761585739,5.215434890507259,1.3422844414,0.6164786128000002,1.3500373287,2.0760595312
3109,3109,3109.0,3109.0,3109.0,3109.0,3109.0,3109.0,3109.0,3109.0,3109.0,3109.0,3109.0,3109.0,3109.0,3109.0,3109.0,3109.0,3109.0,3109.0,3109.0,3109.0,3109.0,3109.0,3109.0,3109.0,3109.0,3109.0,3109.0,3109.0,9.0,,,,,,,,,,,,,0.9,0.90602558,2.4653847183,3.063871604227696,1.9587630542,0.7335587158999999,0.7335587158999999,2.0760595312
3110,3110,3110.0,3110.0,3110.0,3110.0,3110.0,3110.0,3110.0,3110.0,3110.0,3110.0,3110.0,3110.0,3110.0,3110.0,3110.0,3110.0,3110.0,3110.0,3110.0,3110.0,3110.0,3110.0,3110.0,3110.0,3110.0,3110.0,3110.0,3110.0,0.0,,,,,,,,,,,,,0.0,0.0,-1.0,5.625257040896537,0.0,0.0654996134,2.6476309311,2.0467818795
3111,3111,3111.0,3111.0,3111.0,3111.0,3111.0,3111.0,3111.0,3111.0,3111.0,3111.0,3111.0,3111.0,3111.0,3111.0,3111.0,3111.0,3111.0,3111.0,3111.0,3111.0,3111.0,3111.0,3111.0,3111.0,3111.0,3111.0,3111.0,3111.0,1.0,,,,,,,,,,,,,0.1,-0.0679508601,-0.3695234358,5.101283186912322,0.0654996134,0.0169722942999999,2.5821313177,2.0467818795
3112,3112,3112.0,3112.0,3112.0,3112.0,3112.0,3112.0,3112.0,3112.0,3112.0,3112.0,3112.0,3112.0,3112.0,3112.0,3112.0,3112.0,3112.0,3112.0,3112.0,3112.0,3112.0,3112.0,3112.0,3112.0,3112.0,3112.0,3112.0,3112.0,2.0,,,,,,,,,,,,,0.2,-0.0784386268,0.1510926496,4.522921825732036,0.0824719077,0.0252347458999999,2.5651590234,2.0467818795
3113,3113,3113.0,3113.0,3113.0,3113.0,3113.0,3113.0,3113.0,3113.0,3113.0,3113.0,3113.0,3113.0,3113.0,3113.0,3113.0,3113.0,3113.0,3113.0,3113.0,3113.0,3113.0,3113.0,3113.0,3113.0,3113.0,3113.0,3113.0,3113.0,3.0,,,,,,,,,,,,,0.3,-0.042180998,0.5671272033,4.659449479211077,0.1077066536,0.0707098672,2.5399242775,2.0467818795
3114,3114,3114.0,3114.0,3114.0,3114.0,3114.0,3114.0,3114.0,3114.0,3114.0,3114.0,3114.0,3114.0,3114.0,3114.0,3114.0,3114.0,3114.0,3114.0,3114.0,3114.0,3114.0,3114.0,3114.0,3114.0,3114.0,3114.0,3114.0,3114.0,4.0,,,,,,,,,,,,,0.4,0.0343279331,0.9565632201,4.316262978831556,0.1784165208,0.1362749523,2.4692144103,2.0467818795
3115,3115,3115.0,3115.0,3115.0,3115.0,3115.0,3115.0,3115.0,3115.0,3115.0,3115.0,3115.0,3115.0,3115.0,3115.0,3115.0,3115.0,3115.0,3115.0,3115.0,3115.0,3115.0,3115.0,3115.0,3115.0,3115.0,3115.0,3115.0,3115.0,5.0,,,,,,,,,,,,,0.5,0.1462364389,1.2762810122,4.517366503121054,0.3146914731,0.2211712521,2.332939458,2.0467818795
3116,3116,3116.0,3116.0,3116.0,3116.0,3116.0,3116.0,3116.0,3116.0,3116.0,3116.0,3116.0,3116.0,3116.0,3116.0,3116.0,3116.0,3116.0,3116.0,3116.0,3116.0,3116.0,3116.0,3116.0,3116.0,3116.0,3116.0,3116.0,3116.0,6.0,,,,,,,,,,,,,0.6,0.2895430304,1.584711071,4.548804389927166,0.5358627252,0.3238475523999999,2.1117682059,2.0467818795
3117,3117,3117.0,3117.0,3117.0,3117.0,3117.0,3117.0,3117.0,3117.0,3117.0,3117.0,3117.0,3117.0,3117.0,3117.0,3117.0,3117.0,3117.0,3117.0,3117.0,3117.0,3117.0,3117.0,3117.0,3117.0,3117.0,3117.0,3117.0,3117.0,7.0,,,,,,,,,,,,,0.7,0.462352661,1.8667818795,4.781208347681255,0.8597102776,0.4469284524,1.7879206535,2.0467818795
3118,3118,3118.0,3118.0,3118.0,3118.0,3118.0,3118.0,3118.0,3118.0,3118.0,3118.0,3118.0,3118.0,3118.0,3118.0,3118.0,3118.0,3118.0,3118.0,3118.0,3118.0,3118.0,3118.0,3118.0,3118.0,3118.0,3118.0,3118.0,3118.0,8.0,,,,,,,,,,,,,0.8,0.6631290191,2.1441263561,5.17974412431605,1.30663873,0.5995127141000001,1.3409922011000002,2.0467818795
3119,3119,3119.0,3119.0,3119.0,3119.0,3119.0,3119.0,3119.0,3119.0,3119.0,3119.0,3119.0,3119.0,3119.0,3119.0,3119.0,3119.0,3119.0,3119.0,3119.0,3119.0,3119.0,3119.0,3119.0,3119.0,3119.0,3119.0,3119.0,3119.0,9.0,,,,,,,,,,,,,0.9,0.8922254448,2.4330043428,4.001511576801846,1.9061514441,0.7414794870000001,0.7414794870000001,2.0467818795
3120,3120,3120.0,3120.0,3120.0,3120.0,3120.0,3120.0,3120.0,3120.0,3120.0,3120.0,3120.0,3120.0,3120.0,3120.0,3120.0,3120.0,3120.0,3120.0,3120.0,3120.0,3120.0,3120.0,3120.0,3120.0,3120.0,3120.0,3120.0,0.0,,,,,,,,,,,,,,0.0,0.0,-1.0,-19.937532458185217,0.0,0.5939161663,5.1359955924,-2.5
3121,3121,3121.0,3121.0,3121.0,3121.0,3121.0,3121.0,3121.0,3121.0,3121.0,3121.0,3121.0,3121.0,3121.0,3121.0,3121.0,3121.0,3121.0,3121.0,3121.0,3121.0,3121.0,3121.0,3121.0,3121.0,3121.0,3121.0,3121.0,1.0,,,,,,,,,,,,,,0.1,-0.1916087595,-2.8021444863,18.38739985518249,0.5939161663,0.5278442938,4.5420794261,-3.5821444863000003
3122,3122,3122.0,3122.0,3122.0,3122.0,3122.0,3122.0,3122.0,3122.0,3122.0,3122.0,3122.0,3122.0,3122.0,3122.0,3122.0,3122.0,3122.0,3122.0,3122.0,3122.0,3122.0,3122.0,3122.0,3122.0,3122.0,3122.0,3122.0,2.0,,,,,,,,,,,,,,0.2,-0.369320513,-0.7856927473,-20.148618620142084,1.1217604601,0.5475454702,4.0142351323,-1.0056927473
3123,3123,3123.0,3123.0,3123.0,3123.0,3123.0,3123.0,3123.0,3123.0,3123.0,3123.0,3123.0,3123.0,3123.0,3123.0,3123.0,3123.0,3123.0,3123.0,3123.0,3123.0,3123.0,3123.0,3123.0,3123.0,3123.0,3123.0,3123.0,3.0,,,,,,,,,,,,,,0.3,-0.5415563391,-2.6283187832,17.924672813987705,1.6693059303,0.5006725625999999,3.4666896620999994,-2.4483187832000004
3124,3124,3124.0,3124.0,3124.0,3124.0,3124.0,3124.0,3124.0,3124.0,3124.0,3124.0,3124.0,3124.0,3124.0,3124.0,3124.0,3124.0,3124.0,3124.0,3124.0,3124.0,3124.0,3124.0,3124.0,3124.0,3124.0,3124.0,3124.0,4.0,,,,,,,,,,,,,,0.4,-0.704964819,-0.6724430219,-20.04509643582176,2.1699784929,0.5478277246000003,2.9660170995,-0.2524430219
3125,3125,3125.0,3125.0,3125.0,3125.0,3125.0,3125.0,3125.0,3125.0,3125.0,3125.0,3125.0,3125.0,3125.0,3125.0,3125.0,3125.0,3125.0,3125.0,3125.0,3125.0,3125.0,3125.0,3125.0,3125.0,3125.0,3125.0,3125.0,5.0,,,,,,,,,,,,,,0.5,-0.8659225611,-2.5159949234,17.537341043037234,2.7178062175,0.5153046259999998,2.4181893748999994,-2.0159949234
3126,3126,3126.0,3126.0,3126.0,3126.0,3126.0,3126.0,3126.0,3126.0,3126.0,3126.0,3126.0,3126.0,3126.0,3126.0,3126.0,3126.0,3126.0,3126.0,3126.0,3126.0,3126.0,3126.0,3126.0,3126.0,3126.0,3126.0,3126.0,6.0,,,,,,,,,,,,,,0.6,-1.020515706,-0.6076676742,-17.892270655530893,3.2331108435,0.5076707239,1.9028847489,-0.1876676741999999
3127,3127,3127.0,3127.0,3127.0,3127.0,3127.0,3127.0,3127.0,3127.0,3127.0,3127.0,3127.0,3127.0,3127.0,3127.0,3127.0,3127.0,3127.0,3127.0,3127.0,3127.0,3127.0,3127.0,3127.0,3127.0,3127.0,3127.0,3127.0,7.0,,,,,,,,,,,,,,0.7,-1.1648951836,-2.2525152622,17.090333044670498,3.7407815674,0.5030873896000001,1.3952140249999996,-2.0725152622
3128,3128,3128.0,3128.0,3128.0,3128.0,3128.0,3128.0,3128.0,3128.0,3128.0,3128.0,3128.0,3128.0,3128.0,3128.0,3128.0,3128.0,3128.0,3128.0,3128.0,3128.0,3128.0,3128.0,3128.0,3128.0,3128.0,3128.0,3128.0,8.0,,,,,,,,,,,,,,0.8,-1.2965772696,-0.4117998717,-15.10998676124667,4.243868957,0.4364795348000001,0.8921266353999995,-0.6317998717000002
3129,3129,3129.0,3129.0,3129.0,3129.0,3129.0,3129.0,3129.0,3129.0,3129.0,3129.0,3129.0,3129.0,3129.0,3129.0,3129.0,3129.0,3129.0,3129.0,3129.0,3129.0,3129.0,3129.0,3129.0,3129.0,3129.0,3129.0,3129.0,9.0,,,,,,,,,,,,,,0.9,-1.4088585413,-1.8105172761,15.70027722614496,4.6803484918,0.4556471005999993,0.4556471005999993,-2.5905172761
3130,3130,3130.0,3130.0,3130.0,3130.0,3130.0,3130.0,3130.0,3130.0,3130.0,3130.0,3130.0,3130.0,3130.0,3130.0,3130.0,3130.0,3130.0,3130.0,3130.0,3130.0,3130.0,3130.0,3130.0,3130.0,3130.0,3130.0,3130.0,0.0,,,,,,,,,,,,,,0.0,0.0,-1.0,-19.88493846251121,0.0,0.5917423097,5.1405201395,-2.5
3131,3131,3131.0,3131.0,3131.0,3131.0,3131.0,3131.0,3131.0,3131.0,3131.0,3131.0,3131.0,3131.0,3131.0,3131.0,3131.0,3131.0,3131.0,3131.0,3131.0,3131.0,3131.0,3131.0,3131.0,3131.0,3131.0,3131.0,3131.0,1.0,,,,,,,,,,,,,,0.1,-0.1913543404,-2.7971395059,18.11625427096516,0.5917423097,0.5249931958999999,4.548777829800001,-3.5771395059000004
3132,3132,3132.0,3132.0,3132.0,3132.0,3132.0,3132.0,3132.0,3132.0,3132.0,3132.0,3132.0,3132.0,3132.0,3132.0,3132.0,3132.0,3132.0,3132.0,3132.0,3132.0,3132.0,3132.0,3132.0,3132.0,3132.0,3132.0,3132.0,2.0,,,,,,,,,,,,,,0.2,-0.3699014515,-0.8069669677,-19.94941500211804,1.1167355056,0.5466929992,4.023784633900001,-1.0269669677
3133,3133,3133.0,3133.0,3133.0,3133.0,3133.0,3133.0,3133.0,3133.0,3133.0,3133.0,3133.0,3133.0,3133.0,3133.0,3133.0,3133.0,3133.0,3133.0,3133.0,3133.0,3133.0,3133.0,3133.0,3133.0,3133.0,3133.0,3133.0,3.0,,,,,,,,,,,,,,0.3,-0.5431981555,-2.6286117638,17.909968314641958,1.6634285048,0.5009035306000003,3.4770916347000007,-2.4486117638
3134,3134,3134.0,3134.0,3134.0,3134.0,3134.0,3134.0,3134.0,3134.0,3134.0,3134.0,3134.0,3134.0,3134.0,3134.0,3134.0,3134.0,3134.0,3134.0,3134.0,3134.0,3134.0,3134.0,3134.0,3134.0,3134.0,3134.0,3134.0,4.0,,,,,,,,,,,,,,0.4,-0.7067056481,-0.6741074399,-20.03295470983778,2.1643320354,0.5481431035999997,2.9761881041,-0.2541074398999999
3135,3135,3135.0,3135.0,3135.0,3135.0,3135.0,3135.0,3135.0,3135.0,3135.0,3135.0,3135.0,3135.0,3135.0,3135.0,3135.0,3135.0,3135.0,3135.0,3135.0,3135.0,3135.0,3135.0,3135.0,3135.0,3135.0,3135.0,3135.0,5.0,,,,,,,,,,,,,,0.5,-0.867763044,-2.5163455148,17.66339185751174,2.712475139,0.5164439181000002,2.4280450005000005,-2.0163455148
3136,3136,3136.0,3136.0,3136.0,3136.0,3136.0,3136.0,3136.0,3136.0,3136.0,3136.0,3136.0,3136.0,3136.0,3136.0,3136.0,3136.0,3136.0,3136.0,3136.0,3136.0,3136.0,3136.0,3136.0,3136.0,3136.0,3136.0,3136.0,6.0,,,,,,,,,,,,,,0.6,-1.0217797915,-0.5959895816,-17.928371953391135,3.2289190571,0.5059090598,1.9116010824000005,-0.1759895816
3137,3137,3137.0,3137.0,3137.0,3137.0,3137.0,3137.0,3137.0,3137.0,3137.0,3137.0,3137.0,3137.0,3137.0,3137.0,3137.0,3137.0,3137.0,3137.0,3137.0,3137.0,3137.0,3137.0,3137.0,3137.0,3137.0,3137.0,3137.0,7.0,,,,,,,,,,,,,,0.7,-1.1652225766,-2.2453839919,16.97926392094623,3.7348281169,0.5005196149,1.4056920226000005,-2.0653839919
3138,3138,3138.0,3138.0,3138.0,3138.0,3138.0,3138.0,3138.0,3138.0,3138.0,3138.0,3138.0,3138.0,3138.0,3138.0,3138.0,3138.0,3138.0,3138.0,3138.0,3138.0,3138.0,3138.0,3138.0,3138.0,3138.0,3138.0,3138.0,8.0,,,,,,,,,,,,,,0.8,-1.2967633203,-0.4159168561,-15.304519403604518,4.2353477318,0.4430644902000002,0.9051724077000004,-0.6359168561000001
3139,3139,3139.0,3139.0,3139.0,3139.0,3139.0,3139.0,3139.0,3139.0,3139.0,3139.0,3139.0,3139.0,3139.0,3139.0,3139.0,3139.0,3139.0,3139.0,3139.0,3139.0,3139.0,3139.0,3139.0,3139.0,3139.0,3139.0,3139.0,9.0,,,,,,,,,,,,,,0.9,-1.4103774105,-1.8327547062,15.878648292757712,4.678412222,0.4621079175,0.4621079175,-2.6127547062000005
3140,3140,3140.0,3140.0,3140.0,3140.0,3140.0,3140.0,3140.0,3140.0,3140.0,3140.0,3140.0,3140.0,3140.0,3140.0,3140.0,3140.0,3140.0,3140.0,3140.0,3140.0,3140.0,3140.0,3140.0,3140.0,3140.0,3140.0,3140.0,0.0,,,,,,,,,,,,,,0.0,0.0,-1.0,-20.02057104091517,0.0,0.5973575046,5.158797823,-2.5
3141,3141,3141.0,3141.0,3141.0,3141.0,3141.0,3141.0,3141.0,3141.0,3141.0,3141.0,3141.0,3141.0,3141.0,3141.0,3141.0,3141.0,3141.0,3141.0,3141.0,3141.0,3141.0,3141.0,3141.0,3141.0,3141.0,3141.0,3141.0,1.0,,,,,,,,,,,,,,0.1,-0.1920104519,-2.8100466522,18.162250118784463,0.5973575046,0.5296901985999999,4.5614403184,-3.5900466522000003
3142,3142,3142.0,3142.0,3142.0,3142.0,3142.0,3142.0,3142.0,3142.0,3142.0,3142.0,3142.0,3142.0,3142.0,3142.0,3142.0,3142.0,3142.0,3142.0,3142.0,3142.0,3142.0,3142.0,3142.0,3142.0,3142.0,3142.0,3142.0,2.0,,,,,,,,,,,,,,0.2,-0.3715633392,-0.8142687531,-19.852603490052047,1.1270477032,0.5454157233000001,4.0317501198,-1.0342687531
3143,3143,3143.0,3143.0,3143.0,3143.0,3143.0,3143.0,3143.0,3143.0,3143.0,3143.0,3143.0,3143.0,3143.0,3143.0,3143.0,3143.0,3143.0,3143.0,3143.0,3143.0,3143.0,3143.0,3143.0,3143.0,3143.0,3143.0,3143.0,3.0,,,,,,,,,,,,,,0.3,-0.5450865889,-2.6260058523,17.713037999751247,1.6724634265,0.4993590540999999,3.4863343965,-2.4460058523
3144,3144,3144.0,3144.0,3144.0,3144.0,3144.0,3144.0,3144.0,3144.0,3144.0,3144.0,3144.0,3144.0,3144.0,3144.0,3144.0,3144.0,3144.0,3144.0,3144.0,3144.0,3144.0,3144.0,3144.0,3144.0,3144.0,3144.0,3144.0,4.0,,,,,,,,,,,,,,0.4,-0.7092987305,-0.6904899108,-19.956342577012045,2.1718224806,0.5506924559000002,2.9869753424,-0.2704899107999999
3145,3145,3145.0,3145.0,3145.0,3145.0,3145.0,3145.0,3145.0,3145.0,3145.0,3145.0,3145.0,3145.0,3145.0,3145.0,3145.0,3145.0,3145.0,3145.0,3145.0,3145.0,3145.0,3145.0,3145.0,3145.0,3145.0,3145.0,3145.0,5.0,,,,,,,,,,,,,,0.5,-0.8715444406,-2.5238784583,17.505458509016062,2.7225149365,0.5186455073,2.4362828864999995,-2.0238784583
3146,3146,3146.0,3146.0,3146.0,3146.0,3146.0,3146.0,3146.0,3146.0,3146.0,3146.0,3146.0,3146.0,3146.0,3146.0,3146.0,3146.0,3146.0,3146.0,3146.0,3146.0,3146.0,3146.0,3146.0,3146.0,3146.0,3146.0,3146.0,6.0,,,,,,,,,,,,,,0.6,-1.0270420324,-0.6178350157,-17.6889308913141,3.2411604438,0.5049015561000001,1.9176373792,-0.1978350156999999
3147,3147,3147.0,3147.0,3147.0,3147.0,3147.0,3147.0,3147.0,3147.0,3147.0,3147.0,3147.0,3147.0,3147.0,3147.0,3147.0,3147.0,3147.0,3147.0,3147.0,3147.0,3147.0,3147.0,3147.0,3147.0,3147.0,3147.0,3147.0,7.0,,,,,,,,,,,,,,0.7,-1.1714054047,-2.2423647325,16.69704506603522,3.7460619999,0.4994190262,1.4127358230999991,-2.0623647325
3148,3148,3148.0,3148.0,3148.0,3148.0,3148.0,3148.0,3148.0,3148.0,3148.0,3148.0,3148.0,3148.0,3148.0,3148.0,3148.0,3148.0,3148.0,3148.0,3148.0,3148.0,3148.0,3148.0,3148.0,3148.0,3148.0,3148.0,3148.0,8.0,,,,,,,,,,,,,,0.8,-1.3040240385,-0.4400415921,-15.136581114918204,4.2454810261,0.4456695298999999,0.9133167968999992,-0.6600415921000002
3149,3149,3149.0,3149.0,3149.0,3149.0,3149.0,3149.0,3149.0,3149.0,3149.0,3149.0,3149.0,3149.0,3149.0,3149.0,3149.0,3149.0,3149.0,3149.0,3149.0,3149.0,3149.0,3149.0,3149.0,3149.0,3149.0,3149.0,3149.0,9.0,,,,,,,,,,,,,,0.9,-1.4191215183,-1.8386022237,16.08088209597249,4.691150556,0.4676472669999993,0.4676472669999993,-2.6186022237
3150,3150,3150.0,3150.0,3150.0,3150.0,3150.0,3150.0,3150.0,3150.0,3150.0,3150.0,3150.0,3150.0,3150.0,3150.0,3150.0,3150.0,3150.0,3150.0,3150.0,3150.0,3150.0,3150.0,3150.0,3150.0,3150.0,3150.0,3150.0,0.0,,,,,,,,,,,,,,0.0,0.0,-1.0,-19.849594627882933,0.0,0.5902839678,5.127261264100001,-2.5
3151,3151,3151.0,3151.0,3151.0,3151.0,3151.0,3151.0,3151.0,3151.0,3151.0,3151.0,3151.0,3151.0,3151.0,3151.0,3151.0,3151.0,3151.0,3151.0,3151.0,3151.0,3151.0,3151.0,3151.0,3151.0,3151.0,3151.0,3151.0,1.0,,,,,,,,,,,,,,0.1,-0.1911833675,-2.7937760953,18.063712883499,0.5902839678,0.5236162523999999,4.536977296300001,-3.5737760953000004
3152,3152,3152.0,3152.0,3152.0,3152.0,3152.0,3152.0,3152.0,3152.0,3152.0,3152.0,3152.0,3152.0,3152.0,3152.0,3152.0,3152.0,3152.0,3152.0,3152.0,3152.0,3152.0,3152.0,3152.0,3152.0,3152.0,3152.0,3152.0,2.0,,,,,,,,,,,,,,0.2,-0.3696645724,-0.8089236021,-19.995171062236544,1.1139002202,0.5491429030000001,4.013361043900001,-1.0289236021
3153,3153,3153.0,3153.0,3153.0,3153.0,3153.0,3153.0,3153.0,3153.0,3153.0,3153.0,3153.0,3153.0,3153.0,3153.0,3153.0,3153.0,3153.0,3153.0,3153.0,3153.0,3153.0,3153.0,3153.0,3153.0,3153.0,3153.0,3153.0,3.0,,,,,,,,,,,,,,0.3,-0.543368816,-2.6347364646,17.84207318994467,1.6630431232,0.5025635214999999,3.4642181409000004,-2.4547364646
3154,3154,3154.0,3154.0,3154.0,3154.0,3154.0,3154.0,3154.0,3154.0,3154.0,3154.0,3154.0,3154.0,3154.0,3154.0,3154.0,3154.0,3154.0,3154.0,3154.0,3154.0,3154.0,3154.0,3154.0,3154.0,3154.0,3154.0,3154.0,4.0,,,,,,,,,,,,,,0.4,-0.707787588,-0.6861103737,-19.85108607041676,2.1656066447,0.5450130560000002,2.9616546194000004,-0.2661103737
3155,3155,3155.0,3155.0,3155.0,3155.0,3155.0,3155.0,3155.0,3155.0,3155.0,3155.0,3155.0,3155.0,3155.0,3155.0,3155.0,3155.0,3155.0,3155.0,3155.0,3155.0,3155.0,3155.0,3155.0,3155.0,3155.0,3155.0,3155.0,5.0,,,,,,,,,,,,,,0.5,-0.8691073598,-2.5098992089,17.681327279667336,2.7106197007,0.5148350179999999,2.4166415634,-2.0098992089
3156,3156,3156.0,3156.0,3156.0,3156.0,3156.0,3156.0,3156.0,3156.0,3156.0,3156.0,3156.0,3156.0,3156.0,3156.0,3156.0,3156.0,3156.0,3156.0,3156.0,3156.0,3156.0,3156.0,3156.0,3156.0,3156.0,3156.0,3156.0,6.0,,,,,,,,,,,,,,0.6,-1.0224238989,-0.5884499418,-17.977399289374397,3.2254547187,0.5056397486000002,1.9018065454000004,-0.1684499417999999
3157,3157,3157.0,3157.0,3157.0,3157.0,3157.0,3157.0,3157.0,3157.0,3157.0,3157.0,3157.0,3157.0,3157.0,3157.0,3157.0,3157.0,3157.0,3157.0,3157.0,3157.0,3157.0,3157.0,3157.0,3157.0,3157.0,3157.0,3157.0,7.0,,,,,,,,,,,,,,0.7,-1.1653863275,-2.2432274422,16.996739694849698,3.7310944673,0.5001065972999994,1.3961667968000002,-2.0632274422
3158,3158,3158.0,3158.0,3158.0,3158.0,3158.0,3158.0,3158.0,3158.0,3158.0,3158.0,3158.0,3158.0,3158.0,3158.0,3158.0,3158.0,3158.0,3158.0,3158.0,3158.0,3158.0,3158.0,3158.0,3158.0,3158.0,3158.0,3158.0,8.0,,,,,,,,,,,,,,0.8,-1.2966373107,-0.4123024895,-15.188568136859086,4.2312010646,0.4388642597000007,0.8960601995000008,-0.6323024895000002
3159,3159,3159.0,3159.0,3159.0,3159.0,3159.0,3159.0,3159.0,3159.0,3159.0,3159.0,3159.0,3159.0,3159.0,3159.0,3159.0,3159.0,3159.0,3159.0,3159.0,3159.0,3159.0,3159.0,3159.0,3159.0,3159.0,3159.0,3159.0,9.0,,,,,,,,,,,,,,0.9,-1.4093465436,-1.8184500703,15.677761852911734,4.6700653243,0.4571959398,0.4571959398,-2.5984500703
3160,3160,3160.0,3160.0,3160.0,3160.0,3160.0,3160.0,3160.0,3160.0,3160.0,3160.0,3160.0,3160.0,3160.0,3160.0,3160.0,3160.0,3160.0,3160.0,3160.0,3160.0,3160.0,3160.0,3160.0,3160.0,3160.0,3160.0,3160.0,0.0,,,,,,,,,,,,,,0.0,0.0,-1.0,-19.861166869635586,0.0,0.5907612338,5.164137695,-2.5
3161,3161,3161.0,3161.0,3161.0,3161.0,3161.0,3161.0,3161.0,3161.0,3161.0,3161.0,3161.0,3161.0,3161.0,3161.0,3161.0,3161.0,3161.0,3161.0,3161.0,3161.0,3161.0,3161.0,3161.0,3161.0,3161.0,3161.0,3161.0,1.0,,,,,,,,,,,,,,0.1,-0.1912393472,-2.7948773397,18.087549349888068,0.5907612338,0.5240923029000001,4.5733764612,-3.5748773397000004
3162,3162,3162.0,3162.0,3162.0,3162.0,3162.0,3162.0,3162.0,3162.0,3162.0,3162.0,3162.0,3162.0,3162.0,3162.0,3162.0,3162.0,3162.0,3162.0,3162.0,3162.0,3162.0,3162.0,3162.0,3162.0,3162.0,3162.0,3162.0,2.0,,,,,,,,,,,,,,0.2,-0.3697100425,-0.8076517095,-20.10961721641013,1.1148535367,0.5532949302999999,4.0492841583,-1.0276517095
3163,3163,3163.0,3163.0,3163.0,3163.0,3163.0,3163.0,3163.0,3163.0,3163.0,3163.0,3163.0,3163.0,3163.0,3163.0,3163.0,3163.0,3163.0,3163.0,3163.0,3163.0,3163.0,3163.0,3163.0,3163.0,3163.0,3163.0,3163.0,3.0,,,,,,,,,,,,,,0.3,-0.5438468735,-2.6444766001,17.94985551007707,1.668148467,0.5062922747999998,3.495989228,-2.4644766001
3164,3164,3164.0,3164.0,3164.0,3164.0,3164.0,3164.0,3164.0,3164.0,3164.0,3164.0,3164.0,3164.0,3164.0,3164.0,3164.0,3164.0,3164.0,3164.0,3164.0,3164.0,3164.0,3164.0,3164.0,3164.0,3164.0,3164.0,3164.0,4.0,,,,,,,,,,,,,,0.4,-0.7086711538,-0.6846667688,-20.05795217909316,2.1744407418,0.5527179522000001,2.9896969532,-0.2646667687999999
3165,3165,3165.0,3165.0,3165.0,3165.0,3165.0,3165.0,3165.0,3165.0,3165.0,3165.0,3165.0,3165.0,3165.0,3165.0,3165.0,3165.0,3165.0,3165.0,3165.0,3165.0,3165.0,3165.0,3165.0,3165.0,3165.0,3165.0,3165.0,5.0,,,,,,,,,,,,,,0.5,-0.870854317,-2.5282788235,17.492282171740154,2.727158694,0.5198045320000002,2.436979001,-2.0282788235
3166,3166,3166.0,3166.0,3166.0,3166.0,3166.0,3166.0,3166.0,3166.0,3166.0,3166.0,3166.0,3166.0,3166.0,3166.0,3166.0,3166.0,3166.0,3166.0,3166.0,3166.0,3166.0,3166.0,3166.0,3166.0,3166.0,3166.0,3166.0,6.0,,,,,,,,,,,,,,0.6,-1.0268343984,-0.623070525,-17.685079620454932,3.246963226,0.5062069664999997,1.917174469,-0.203070525
3167,3167,3167.0,3167.0,3167.0,3167.0,3167.0,3167.0,3167.0,3167.0,3167.0,3167.0,3167.0,3167.0,3167.0,3167.0,3167.0,3167.0,3167.0,3167.0,3167.0,3167.0,3167.0,3167.0,3167.0,3167.0,3167.0,3167.0,3167.0,7.0,,,,,,,,,,,,,,0.7,-1.1716773602,-2.2467355252,16.822381512457312,3.7531701925,0.5014567357000006,1.4109675025,-2.0667355252
3168,3168,3168.0,3168.0,3168.0,3168.0,3168.0,3168.0,3168.0,3168.0,3168.0,3168.0,3168.0,3168.0,3168.0,3168.0,3168.0,3168.0,3168.0,3168.0,3168.0,3168.0,3168.0,3168.0,3168.0,3168.0,3168.0,3168.0,3168.0,8.0,,,,,,,,,,,,,,0.8,-1.3041056251,-0.4320691091,-15.165300142063218,4.2546269282,0.4446928134999997,0.9095107667999996,-0.6520691091000002
3169,3169,3169.0,3169.0,3169.0,3169.0,3169.0,3169.0,3169.0,3169.0,3169.0,3169.0,3169.0,3169.0,3169.0,3169.0,3169.0,3169.0,3169.0,3169.0,3169.0,3169.0,3169.0,3169.0,3169.0,3169.0,3169.0,3169.0,3169.0,9.0,,,,,,,,,,,,,,0.9,-1.4185833472,-1.8341214012,15.87957625372827,4.6993197417,0.4648179532999998,0.4648179532999998,-2.6141214012
3170,3170,3170.0,3170.0,3170.0,3170.0,3170.0,3170.0,3170.0,3170.0,3170.0,3170.0,3170.0,3170.0,3170.0,3170.0,3170.0,3170.0,3170.0,3170.0,3170.0,3170.0,3170.0,3170.0,3170.0,3170.0,3170.0,3170.0,3170.0,0.0,,,,,,,,,,,,,,0.0,0.0,-1.0,-20.046238327539687,0.0,0.5984234847,5.1742876996,-2.5
3171,3171,3171.0,3171.0,3171.0,3171.0,3171.0,3171.0,3171.0,3171.0,3171.0,3171.0,3171.0,3171.0,3171.0,3171.0,3171.0,3171.0,3171.0,3171.0,3171.0,3171.0,3171.0,3171.0,3171.0,3171.0,3171.0,3171.0,3171.0,1.0,,,,,,,,,,,,,,0.1,-0.1921346153,-2.8124892175,18.33616508198693,0.5984234847,0.5312376106,4.5758642149,-3.5924892175000003
3172,3172,3172.0,3172.0,3172.0,3172.0,3172.0,3172.0,3172.0,3172.0,3172.0,3172.0,3172.0,3172.0,3172.0,3172.0,3172.0,3172.0,3172.0,3172.0,3172.0,3172.0,3172.0,3172.0,3172.0,3172.0,3172.0,3172.0,3172.0,2.0,,,,,,,,,,,,,,0.2,-0.371078644,-0.7999286805,-19.982433209142453,1.1296610953,0.5457800923,4.0446266043,-1.0199286805
3173,3173,3173.0,3173.0,3173.0,3173.0,3173.0,3173.0,3173.0,3173.0,3173.0,3173.0,3173.0,3173.0,3173.0,3173.0,3173.0,3173.0,3173.0,3173.0,3173.0,3173.0,3173.0,3173.0,3173.0,3173.0,3173.0,3173.0,3173.0,3.0,,,,,,,,,,,,,,0.3,-0.5438652895,-2.6253853559,17.90498532469433,1.6754411876,0.4999302612,3.498846512,-2.4453853559
3174,3174,3174.0,3174.0,3174.0,3174.0,3174.0,3174.0,3174.0,3174.0,3174.0,3174.0,3174.0,3174.0,3174.0,3174.0,3174.0,3174.0,3174.0,3174.0,3174.0,3174.0,3174.0,3174.0,3174.0,3174.0,3174.0,3174.0,3174.0,4.0,,,,,,,,,,,,,,0.4,-0.7070898536,-0.6716622594,-20.01460037372091,2.1753714488,0.5467301287000002,2.9989162508,-0.2516622594
3175,3175,3175.0,3175.0,3175.0,3175.0,3175.0,3175.0,3175.0,3175.0,3175.0,3175.0,3175.0,3175.0,3175.0,3175.0,3175.0,3175.0,3175.0,3175.0,3175.0,3175.0,3175.0,3175.0,3175.0,3175.0,3175.0,3175.0,3175.0,5.0,,,,,,,,,,,,,,0.5,-0.8678257741,-2.5123863763,17.353006514606072,2.7221015775,0.5136118943999999,2.4521861221,-2.0123863763
3176,3176,3176.0,3176.0,3176.0,3176.0,3176.0,3176.0,3176.0,3176.0,3176.0,3176.0,3176.0,3176.0,3176.0,3176.0,3176.0,3176.0,3176.0,3176.0,3176.0,3176.0,3176.0,3176.0,3176.0,3176.0,3176.0,3176.0,3176.0,6.0,,,,,,,,,,,,,,0.6,-1.0229672237,-0.6219442752,-18.03218842213588,3.2357134719,0.5171657172000002,1.9385742277,-0.2019442751999999
3177,3177,3177.0,3177.0,3177.0,3177.0,3177.0,3177.0,3177.0,3177.0,3177.0,3177.0,3177.0,3177.0,3177.0,3177.0,3177.0,3177.0,3177.0,3177.0,3177.0,3177.0,3177.0,3177.0,3177.0,3177.0,3177.0,3177.0,3177.0,7.0,,,,,,,,,,,,,,0.7,-1.169382129,-2.2787482121,17.00044049961294,3.7528791891,0.5106561626999997,1.4214085104999996,-2.0987482121
3178,3178,3178.0,3178.0,3178.0,3178.0,3178.0,3178.0,3178.0,3178.0,3178.0,3178.0,3178.0,3178.0,3178.0,3178.0,3178.0,3178.0,3178.0,3178.0,3178.0,3178.0,3178.0,3178.0,3178.0,3178.0,3178.0,3178.0,3178.0,8.0,,,,,,,,,,,,,,0.8,-1.3039954581,-0.4440908331,-15.096787798686831,4.2635353518,0.4454431498,0.9107523478,-0.6640908331000002
3179,3179,3179.0,3179.0,3179.0,3179.0,3179.0,3179.0,3179.0,3179.0,3179.0,3179.0,3179.0,3179.0,3179.0,3179.0,3179.0,3179.0,3179.0,3179.0,3179.0,3179.0,3179.0,3179.0,3179.0,3179.0,3179.0,3179.0,3179.0,9.0,,,,,,,,,,,,,,0.9,-1.4192857783,-1.8384792927,15.80861826309162,4.7089785016,0.4653091979999999,0.4653091979999999,-2.6184792927
3180,3180,3180.0,3180.0,3180.0,3180.0,3180.0,3180.0,3180.0,3180.0,3180.0,3180.0,3180.0,3180.0,3180.0,3180.0,3180.0,3180.0,3180.0,3180.0,3180.0,3180.0,3180.0,3180.0,3180.0,3180.0,3180.0,3180.0,0.0,,,,,,,,,,,,,,,0.0,0.0,-1.0,14.726241949595575,0.0,0.1328837723,4.742702737799999,3.1294043043
3181,3181,3181.0,3181.0,3181.0,3181.0,3181.0,3181.0,3181.0,3181.0,3181.0,3181.0,3181.0,3181.0,3181.0,3181.0,3181.0,3181.0,3181.0,3181.0,3181.0,3181.0,3181.0,3181.0,3181.0,3181.0,3181.0,3181.0,1.0,,,,,,,,,,,,,,,0.1,-0.0239255938,0.4965497888,-4.622624450208503,0.1328837723,0.0188686181999999,4.6098189655,3.1294043043
3182,3182,3182.0,3182.0,3182.0,3182.0,3182.0,3182.0,3182.0,3182.0,3182.0,3182.0,3182.0,3182.0,3182.0,3182.0,3182.0,3182.0,3182.0,3182.0,3182.0,3182.0,3182.0,3182.0,3182.0,3182.0,3182.0,3182.0,2.0,,,,,,,,,,,,,,,0.2,0.0009658184,0.0093959316,6.145291161989181,0.1517523905,0.0311216411999999,4.5909503473,3.1294043043
3183,3183,3183.0,3183.0,3183.0,3183.0,3183.0,3183.0,3183.0,3183.0,3183.0,3183.0,3183.0,3183.0,3183.0,3183.0,3183.0,3183.0,3183.0,3183.0,3183.0,3183.0,3183.0,3183.0,3183.0,3183.0,3183.0,3183.0,3.0,,,,,,,,,,,,,,,0.3,0.0315872699,0.5933035962,12.358236272663763,0.1828740317,0.222690534,4.559828706099999,3.1294043043
3184,3184,3184.0,3184.0,3184.0,3184.0,3184.0,3184.0,3184.0,3184.0,3184.0,3184.0,3184.0,3184.0,3184.0,3184.0,3184.0,3184.0,3184.0,3184.0,3184.0,3184.0,3184.0,3184.0,3184.0,3184.0,3184.0,3184.0,4.0,,,,,,,,,,,,,,,0.4,0.147829511,1.7128849824,11.343973061615332,0.4055645657,0.5526566626,4.3371381721,3.1294043043
3185,3185,3185.0,3185.0,3185.0,3185.0,3185.0,3185.0,3185.0,3185.0,3185.0,3185.0,3185.0,3185.0,3185.0,3185.0,3185.0,3185.0,3185.0,3185.0,3185.0,3185.0,3185.0,3185.0,3185.0,3185.0,3185.0,3185.0,5.0,,,,,,,,,,,,,,,0.5,0.3657074953,2.6294043043,-2.832710081734107,0.9582212283,0.5899825144999999,3.7844815095,3.1294043043
3186,3186,3186.0,3186.0,3186.0,3186.0,3186.0,3186.0,3186.0,3186.0,3186.0,3186.0,3186.0,3186.0,3186.0,3186.0,3186.0,3186.0,3186.0,3186.0,3186.0,3186.0,3186.0,3186.0,3186.0,3186.0,3186.0,3186.0,6.0,,,,,,,,,,,,,,,0.6,0.6022255172,2.1096152742,9.360883916079196,1.5482037428,0.7054038690000002,3.194498995,3.1294043043
3187,3187,3187.0,3187.0,3187.0,3187.0,3187.0,3187.0,3187.0,3187.0,3187.0,3187.0,3187.0,3187.0,3187.0,3187.0,3187.0,3187.0,3187.0,3187.0,3187.0,3187.0,3187.0,3187.0,3187.0,3187.0,3187.0,3187.0,7.0,,,,,,,,,,,,,,,0.7,0.8482644982,2.7996646848,-2.612049031455331,2.2536076118,0.7461688766999997,2.489095126,3.1294043043
3188,3188,3188.0,3188.0,3188.0,3188.0,3188.0,3188.0,3188.0,3188.0,3188.0,3188.0,3188.0,3188.0,3188.0,3188.0,3188.0,3188.0,3188.0,3188.0,3188.0,3188.0,3188.0,3188.0,3188.0,3188.0,3188.0,3188.0,8.0,,,,,,,,,,,,,,,0.8,1.1020522069,2.284672073,6.397590635497498,2.9997764885,0.7886642274000004,1.7429262493000004,3.1294043043
3189,3189,3189.0,3189.0,3189.0,3189.0,3189.0,3189.0,3189.0,3189.0,3189.0,3189.0,3189.0,3189.0,3189.0,3189.0,3189.0,3189.0,3189.0,3189.0,3189.0,3189.0,3189.0,3189.0,3189.0,3189.0,3189.0,3189.0,9.0,,,,,,,,,,,,,,,0.9,1.3504153743,2.6760679691,3.1393938039005422,3.7884407159,0.9542620219,0.9542620219,3.1294043043
3190,3190,3190.0,3190.0,3190.0,3190.0,3190.0,3190.0,3190.0,3190.0,3190.0,3190.0,3190.0,3190.0,3190.0,3190.0,3190.0,3190.0,3190.0,3190.0,3190.0,3190.0,3190.0,3190.0,3190.0,3190.0,3190.0,3190.0,0.0,,,,,,,,,,,,,,,0.0,0.0,-1.0,14.705766865860625,0.0,0.1325815887,4.760392671699999,3.1002895388
3191,3191,3191.0,3191.0,3191.0,3191.0,3191.0,3191.0,3191.0,3191.0,3191.0,3191.0,3191.0,3191.0,3191.0,3191.0,3191.0,3191.0,3191.0,3191.0,3191.0,3191.0,3191.0,3191.0,3191.0,3191.0,3191.0,3191.0,1.0,,,,,,,,,,,,,,,0.1,-0.0240246404,0.494601327,-4.16626018241729,0.1325815887,0.0175725508,4.627811082999999,3.1002895388
3192,3192,3192.0,3192.0,3192.0,3192.0,3192.0,3192.0,3192.0,3192.0,3192.0,3192.0,3192.0,3192.0,3192.0,3192.0,3192.0,3192.0,3192.0,3192.0,3192.0,3192.0,3192.0,3192.0,3192.0,3192.0,3192.0,3192.0,2.0,,,,,,,,,,,,,,,0.2,0.0028889754,0.0510616929,5.728120640803932,0.1501541395,0.0294753905999999,4.6102385322,3.1002895388
3193,3193,3193.0,3193.0,3193.0,3193.0,3193.0,3193.0,3193.0,3193.0,3193.0,3193.0,3193.0,3193.0,3193.0,3193.0,3193.0,3193.0,3193.0,3193.0,3193.0,3193.0,3193.0,3193.0,3193.0,3193.0,3193.0,3193.0,3.0,,,,,,,,,,,,,,,0.3,0.0354574467,0.5913052857,12.306762740145878,0.1796295301,0.2210093896,4.580763141599999,3.1002895388
3194,3194,3194.0,3194.0,3194.0,3194.0,3194.0,3194.0,3194.0,3194.0,3194.0,3194.0,3194.0,3194.0,3194.0,3194.0,3194.0,3194.0,3194.0,3194.0,3194.0,3194.0,3194.0,3194.0,3194.0,3194.0,3194.0,3194.0,4.0,,,,,,,,,,,,,,,0.4,0.1512605071,1.7061784994,11.101792879259374,0.4006389197,0.5418766607000001,4.359753752,3.1002895388
3195,3195,3195.0,3195.0,3195.0,3195.0,3195.0,3195.0,3195.0,3195.0,3195.0,3195.0,3195.0,3195.0,3195.0,3195.0,3195.0,3195.0,3195.0,3195.0,3195.0,3195.0,3195.0,3195.0,3195.0,3195.0,3195.0,3195.0,5.0,,,,,,,,,,,,,,,0.5,0.3673287555,2.6002895388,-1.818613532172753,0.9425155804,0.5971821555999999,3.8178770913,3.1002895388
3196,3196,3196.0,3196.0,3196.0,3196.0,3196.0,3196.0,3196.0,3196.0,3196.0,3196.0,3196.0,3196.0,3196.0,3196.0,3196.0,3196.0,3196.0,3196.0,3196.0,3196.0,3196.0,3196.0,3196.0,3196.0,3196.0,3196.0,6.0,,,,,,,,,,,,,,,0.6,0.6059817911,2.1797751501,8.671446528989563,1.539697736,0.7158398778000001,3.2206949357,3.1002895388
3197,3197,3197.0,3197.0,3197.0,3197.0,3197.0,3197.0,3197.0,3197.0,3197.0,3197.0,3197.0,3197.0,3197.0,3197.0,3197.0,3197.0,3197.0,3197.0,3197.0,3197.0,3197.0,3197.0,3197.0,3197.0,3197.0,3197.0,7.0,,,,,,,,,,,,,,,0.7,0.8553622676,2.7975393264,-2.413887545073214,2.2555376138,0.7507970625999998,2.5048550579,3.1002895388
3198,3198,3198.0,3198.0,3198.0,3198.0,3198.0,3198.0,3198.0,3198.0,3198.0,3198.0,3198.0,3198.0,3198.0,3198.0,3198.0,3198.0,3198.0,3198.0,3198.0,3198.0,3198.0,3198.0,3198.0,3198.0,3198.0,3198.0,8.0,,,,,,,,,,,,,,,0.8,1.109906312,2.3016065275,6.286818870988308,3.0063346764,0.7953275535,1.7540579953000002,3.1002895388
3199,3199,3199.0,3199.0,3199.0,3199.0,3199.0,3199.0,3199.0,3199.0,3199.0,3199.0,3199.0,3199.0,3199.0,3199.0,3199.0,3199.0,3199.0,3199.0,3199.0,3199.0,3199.0,3199.0,3199.0,3199.0,3199.0,3199.0,9.0,,,,,,,,,,,,,,,0.9,1.3593451555,2.6808495711,3.1152565750663914,3.8016622299,0.9587304418000002,0.9587304418000002,3.1002895388
3200,3200,3200.0,3200.0,3200.0,3200.0,3200.0,3200.0,3200.0,3200.0,3200.0,3200.0,3200.0,3200.0,3200.0,3200.0,3200.0,3200.0,3200.0,3200.0,3200.0,3200.0,3200.0,3200.0,3200.0,3200.0,3200.0,3200.0,0.0,,,,,,,,,,,,,,,0.0,0.0,-1.0,14.638116533619623,0.0,0.1315879931,4.787771542300001,3.1334213764
3201,3201,3201.0,3201.0,3201.0,3201.0,3201.0,3201.0,3201.0,3201.0,3201.0,3201.0,3201.0,3201.0,3201.0,3201.0,3201.0,3201.0,3201.0,3201.0,3201.0,3201.0,3201.0,3201.0,3201.0,3201.0,3201.0,3201.0,1.0,,,,,,,,,,,,,,,0.1,-0.0243518933,0.4881635467,-4.080570629886983,0.1315879931,0.0170494248,4.6561835492000005,3.1334213764
3202,3202,3202.0,3202.0,3202.0,3202.0,3202.0,3202.0,3202.0,3202.0,3202.0,3202.0,3202.0,3202.0,3202.0,3202.0,3202.0,3202.0,3202.0,3202.0,3202.0,3202.0,3202.0,3202.0,3202.0,3202.0,3202.0,3202.0,2.0,,,,,,,,,,,,,,,0.2,0.0023636035,0.0533909869,5.83819237815821,0.1486374179,0.0307017810999999,4.639134124400001,3.1334213764
3203,3203,3203.0,3203.0,3203.0,3203.0,3203.0,3203.0,3203.0,3203.0,3203.0,3203.0,3203.0,3203.0,3203.0,3203.0,3203.0,3203.0,3203.0,3203.0,3203.0,3203.0,3203.0,3203.0,3203.0,3203.0,3203.0,3203.0,3.0,,,,,,,,,,,,,,,0.3,0.0356861993,0.6038876289,12.611918394399298,0.179339199,0.2316267712999999,4.6084323433000005,3.1334213764
3204,3204,3204.0,3204.0,3204.0,3204.0,3204.0,3204.0,3204.0,3204.0,3204.0,3204.0,3204.0,3204.0,3204.0,3204.0,3204.0,3204.0,3204.0,3204.0,3204.0,3204.0,3204.0,3204.0,3204.0,3204.0,3204.0,3204.0,4.0,,,,,,,,,,,,,,,0.4,0.1541627937,1.7466028739,11.065584870218055,0.4109659703,0.5576261523000001,4.376805572,3.1334213764
3205,3205,3205.0,3205.0,3205.0,3205.0,3205.0,3205.0,3205.0,3205.0,3205.0,3205.0,3205.0,3205.0,3205.0,3205.0,3205.0,3205.0,3205.0,3205.0,3205.0,3205.0,3205.0,3205.0,3205.0,3205.0,3205.0,3205.0,5.0,,,,,,,,,,,,,,,0.5,0.3739027783,2.6334213764,-2.769243455629843,0.9685921226,0.5938607358999999,3.8191794197,3.1334213764
3206,3206,3206.0,3206.0,3206.0,3206.0,3206.0,3206.0,3206.0,3206.0,3206.0,3206.0,3206.0,3206.0,3206.0,3206.0,3206.0,3206.0,3206.0,3206.0,3206.0,3206.0,3206.0,3206.0,3206.0,3206.0,3206.0,3206.0,6.0,,,,,,,,,,,,,,,0.6,0.6111100933,2.1192897158,9.223325406298851,1.5624528585,0.7065457052999999,3.2253186838,3.1334213764
3207,3207,3207.0,3207.0,3207.0,3207.0,3207.0,3207.0,3207.0,3207.0,3207.0,3207.0,3207.0,3207.0,3207.0,3207.0,3207.0,3207.0,3207.0,3207.0,3207.0,3207.0,3207.0,3207.0,3207.0,3207.0,3207.0,3207.0,7.0,,,,,,,,,,,,,,,0.7,0.8574042928,2.7953280569,-2.367772689915692,2.2689985638,0.7511104958000003,2.5187729785,3.1334213764
3208,3208,3208.0,3208.0,3208.0,3208.0,3208.0,3208.0,3208.0,3208.0,3208.0,3208.0,3208.0,3208.0,3208.0,3208.0,3208.0,3208.0,3208.0,3208.0,3208.0,3208.0,3208.0,3208.0,3208.0,3208.0,3208.0,3208.0,8.0,,,,,,,,,,,,,,,0.8,1.1119609836,2.3039940972,6.496872113395101,3.0201090596,0.8036407541999999,1.7676624826999996,3.1334213764
3209,3209,3209.0,3209.0,3209.0,3209.0,3209.0,3209.0,3209.0,3209.0,3209.0,3209.0,3209.0,3209.0,3209.0,3209.0,3209.0,3209.0,3209.0,3209.0,3209.0,3209.0,3209.0,3209.0,3209.0,3209.0,3209.0,3209.0,9.0,,,,,,,,,,,,,,,0.9,1.3626431512,2.7029991408,2.865190317648843,3.8237498138,0.9640217284999996,0.9640217284999996,3.1334213764
3210,3210,3210.0,3210.0,3210.0,3210.0,3210.0,3210.0,3210.0,3210.0,3210.0,3210.0,3210.0,3210.0,3210.0,3210.0,3210.0,3210.0,3210.0,3210.0,3210.0,3210.0,3210.0,3210.0,3210.0,3210.0,3210.0,3210.0,0.0,,,,,,,,,,,,,,,0.0,0.0,-1.0,14.690517697024532,0.0,0.1323569736,4.748988578699999,3.0840105772
3211,3211,3211.0,3211.0,3211.0,3211.0,3211.0,3211.0,3211.0,3211.0,3211.0,3211.0,3211.0,3211.0,3211.0,3211.0,3211.0,3211.0,3211.0,3211.0,3211.0,3211.0,3211.0,3211.0,3211.0,3211.0,3211.0,3211.0,1.0,,,,,,,,,,,,,,,0.1,-0.024098407,0.4931501767,-4.459912948080165,0.1323569736,0.0182366611999999,4.616631605099999,3.0840105772
3212,3212,3212.0,3212.0,3212.0,3212.0,3212.0,3212.0,3212.0,3212.0,3212.0,3212.0,3212.0,3212.0,3212.0,3212.0,3212.0,3212.0,3212.0,3212.0,3212.0,3212.0,3212.0,3212.0,3212.0,3212.0,3212.0,3212.0,2.0,,,,,,,,,,,,,,,0.2,0.0012565927,0.0218038822,5.852479242846499,0.1505936348,0.0289460957,4.598394943899999,3.0840105772
3213,3213,3213.0,3213.0,3213.0,3213.0,3213.0,3213.0,3213.0,3213.0,3213.0,3213.0,3213.0,3213.0,3213.0,3213.0,3213.0,3213.0,3213.0,3213.0,3213.0,3213.0,3213.0,3213.0,3213.0,3213.0,3213.0,3213.0,3.0,,,,,,,,,,,,,,,0.3,0.0316423897,0.5766660094,12.325994130489631,0.1795397305,0.2182355004,4.569448848199999,3.0840105772
3214,3214,3214.0,3214.0,3214.0,3214.0,3214.0,3214.0,3214.0,3214.0,3214.0,3214.0,3214.0,3214.0,3214.0,3214.0,3214.0,3214.0,3214.0,3214.0,3214.0,3214.0,3214.0,3214.0,3214.0,3214.0,3214.0,3214.0,4.0,,,,,,,,,,,,,,,0.4,0.1461453867,1.6947624255,11.039276010285072,0.3977752309,0.5348377214,4.351213347799999,3.0840105772
3215,3215,3215.0,3215.0,3215.0,3215.0,3215.0,3215.0,3215.0,3215.0,3215.0,3215.0,3215.0,3215.0,3215.0,3215.0,3215.0,3215.0,3215.0,3215.0,3215.0,3215.0,3215.0,3215.0,3215.0,3215.0,3215.0,3215.0,5.0,,,,,,,,,,,,,,,0.5,0.3608248361,2.5840105772,-1.4870328807969404,0.9326129523,0.5960155395,3.8163756263999993,3.0840105772
3216,3216,3216.0,3216.0,3216.0,3216.0,3216.0,3216.0,3216.0,3216.0,3216.0,3216.0,3216.0,3216.0,3216.0,3216.0,3216.0,3216.0,3216.0,3216.0,3216.0,3216.0,3216.0,3216.0,3216.0,3216.0,3216.0,3216.0,6.0,,,,,,,,,,,,,,,0.6,0.5995327026,2.1965994225,8.791103491285972,1.5286284918,0.7271286878999998,3.2203600868999995,3.0840105772
3217,3217,3217.0,3217.0,3217.0,3217.0,3217.0,3217.0,3217.0,3217.0,3217.0,3217.0,3217.0,3217.0,3217.0,3217.0,3217.0,3217.0,3217.0,3217.0,3217.0,3217.0,3217.0,3217.0,3217.0,3217.0,3217.0,3217.0,7.0,,,,,,,,,,,,,,,0.7,0.8510930487,2.8241494256,-3.272862120339782,2.2557571797,0.7448897553,2.493231399,3.0840105772
3218,3218,3218.0,3218.0,3218.0,3218.0,3218.0,3218.0,3218.0,3218.0,3218.0,3218.0,3218.0,3218.0,3218.0,3218.0,3218.0,3218.0,3218.0,3218.0,3218.0,3218.0,3218.0,3218.0,3218.0,3218.0,3218.0,3218.0,8.0,,,,,,,,,,,,,,,0.8,1.1040141577,2.2439421046,6.915402674738154,3.000646935,0.7858886018000004,1.7483416437,3.0840105772
3219,3219,3219.0,3219.0,3219.0,3219.0,3219.0,3219.0,3219.0,3219.0,3219.0,3219.0,3219.0,3219.0,3219.0,3219.0,3219.0,3219.0,3219.0,3219.0,3219.0,3219.0,3219.0,3219.0,3219.0,3219.0,3219.0,3219.0,9.0,,,,,,,,,,,,,,,0.9,1.351006111,2.6884904187,3.187393698661339,3.7865355368,0.9624530418999996,0.9624530418999996,3.0840105772
3220,3220,3220.0,3220.0,3220.0,3220.0,3220.0,3220.0,3220.0,3220.0,3220.0,3220.0,3220.0,3220.0,3220.0,3220.0,3220.0,3220.0,3220.0,3220.0,3220.0,3220.0,3220.0,3220.0,3220.0,3220.0,3220.0,3220.0,0.0,,,,,,,,,,,,,,,0.0,0.0,-1.0,14.918651733294409,0.0,0.1357566474,6.6842241943,3.323483859
3221,3221,3221.0,3221.0,3221.0,3221.0,3221.0,3221.0,3221.0,3221.0,3221.0,3221.0,3221.0,3221.0,3221.0,3221.0,3221.0,3221.0,3221.0,3221.0,3221.0,3221.0,3221.0,3221.0,3221.0,3221.0,3221.0,3221.0,1.0,,,,,,,,,,,,,,,0.1,-0.0229948273,0.5148600006,12.459879445934211,0.1357566474,0.2079383787,6.5484675469,3.323483859
3222,3222,3222.0,3222.0,3222.0,3222.0,3222.0,3222.0,3222.0,3222.0,3222.0,3222.0,3222.0,3222.0,3222.0,3222.0,3222.0,3222.0,3222.0,3222.0,3222.0,3222.0,3222.0,3222.0,3222.0,3222.0,3222.0,3222.0,2.0,,,,,,,,,,,,,,,0.2,0.0862742179,1.6515789001,11.020380734208494,0.3436950261,0.5141194232999999,6.3405291682,3.323483859
3223,3223,3223.0,3223.0,3223.0,3223.0,3223.0,3223.0,3223.0,3223.0,3223.0,3223.0,3223.0,3223.0,3223.0,3223.0,3223.0,3223.0,3223.0,3223.0,3223.0,3223.0,3223.0,3223.0,3223.0,3223.0,3223.0,3223.0,3.0,,,,,,,,,,,,,,,0.3,0.2967529125,2.5431382788,-1.1626496135116635,0.8578144494,0.5784288901000001,5.826409744899999,3.323483859
3224,3224,3224.0,3224.0,3224.0,3224.0,3224.0,3224.0,3224.0,3224.0,3224.0,3224.0,3224.0,3224.0,3224.0,3224.0,3224.0,3224.0,3224.0,3224.0,3224.0,3224.0,3224.0,3224.0,3224.0,3224.0,3224.0,3224.0,4.0,,,,,,,,,,,,,,,0.4,0.5331402726,2.1904859574,8.842238262978636,1.4362433395,0.7168055494999999,5.2479808548,3.323483859
3225,3225,3225.0,3225.0,3225.0,3225.0,3225.0,3225.0,3225.0,3225.0,3225.0,3225.0,3225.0,3225.0,3225.0,3225.0,3225.0,3225.0,3225.0,3225.0,3225.0,3225.0,3225.0,3225.0,3225.0,3225.0,3225.0,3225.0,5.0,,,,,,,,,,,,,,,0.5,0.7843661973,2.823483859,-3.698681833099817,2.153048889,0.7232776378999999,4.5311753053,3.323483859
3226,3226,3226.0,3226.0,3226.0,3226.0,3226.0,3226.0,3226.0,3226.0,3226.0,3226.0,3226.0,3226.0,3226.0,3226.0,3226.0,3226.0,3226.0,3226.0,3226.0,3226.0,3226.0,3226.0,3226.0,3226.0,3226.0,3226.0,6.0,,,,,,,,,,,,,,,0.6,1.0351641064,2.2028177666,7.278278742825041,2.8763265269,0.7614369174000002,3.8078976674,3.323483859
3227,3227,3227.0,3227.0,3227.0,3227.0,3227.0,3227.0,3227.0,3227.0,3227.0,3227.0,3227.0,3227.0,3227.0,3227.0,3227.0,3227.0,3227.0,3227.0,3227.0,3227.0,3227.0,3227.0,3227.0,3227.0,3227.0,3227.0,7.0,,,,,,,,,,,,,,,0.7,1.2799979532,2.6858117941,3.422553033567944,3.6377634443,0.9475197305999998,3.04646075,3.323483859
3228,3228,3228.0,3228.0,3228.0,3228.0,3228.0,3228.0,3228.0,3228.0,3228.0,3228.0,3228.0,3228.0,3228.0,3228.0,3228.0,3228.0,3228.0,3228.0,3228.0,3228.0,3228.0,3228.0,3228.0,3228.0,3228.0,3228.0,8.0,,,,,,,,,,,,,,,0.8,1.5521423685,2.7559226821,1.899161965564482,4.5852831749,1.0244304242000002,2.0989410194,3.323483859
3229,3229,3229.0,3229.0,3229.0,3229.0,3229.0,3229.0,3229.0,3229.0,3229.0,3229.0,3229.0,3229.0,3229.0,3229.0,3229.0,3229.0,3229.0,3229.0,3229.0,3229.0,3229.0,3229.0,3229.0,3229.0,3229.0,3229.0,9.0,,,,,,,,,,,,,,,0.9,1.8235901303,2.6743911169,1.6885574237824286,5.6097135991,1.0745105951999996,1.0745105951999996,3.323483859
3230,3230,3230.0,3230.0,3230.0,3230.0,3230.0,3230.0,3230.0,3230.0,3230.0,3230.0,3230.0,3230.0,3230.0,3230.0,3230.0,3230.0,3230.0,3230.0,3230.0,3230.0,3230.0,3230.0,3230.0,3230.0,3230.0,3230.0,0.0,,,,,,,,,,,,,,,0.0,0.0,-1.0,14.736231317524457,0.0,0.1330314479,4.7462859203,3.0996560621
3231,3231,3231.0,3231.0,3231.0,3231.0,3231.0,3231.0,3231.0,3231.0,3231.0,3231.0,3231.0,3231.0,3231.0,3231.0,3231.0,3231.0,3231.0,3231.0,3231.0,3231.0,3231.0,3231.0,3231.0,3231.0,3231.0,3231.0,1.0,,,,,,,,,,,,,,,0.1,-0.0238772711,0.4975004029,-4.518577807638783,0.1330314479,0.0186131928,4.6132544724,3.0996560621
3232,3232,3232.0,3232.0,3232.0,3232.0,3232.0,3232.0,3232.0,3232.0,3232.0,3232.0,3232.0,3232.0,3232.0,3232.0,3232.0,3232.0,3232.0,3232.0,3232.0,3232.0,3232.0,3232.0,3232.0,3232.0,3232.0,3232.0,2.0,,,,,,,,,,,,,,,0.2,0.0016079209,0.02015743,5.899907483722749,0.1516446407,0.0293133339999999,4.5946412796,3.0996560621
3233,3233,3233.0,3233.0,3233.0,3233.0,3233.0,3233.0,3233.0,3233.0,3233.0,3233.0,3233.0,3233.0,3233.0,3233.0,3233.0,3233.0,3233.0,3233.0,3233.0,3233.0,3233.0,3233.0,3233.0,3233.0,3233.0,3233.0,3.0,,,,,,,,,,,,,,,0.3,0.0320664678,0.5796896315,12.421481217451584,0.1809579747,0.2213170438999999,4.5653279456,3.0996560621
3234,3234,3234.0,3234.0,3234.0,3234.0,3234.0,3234.0,3234.0,3234.0,3234.0,3234.0,3234.0,3234.0,3234.0,3234.0,3234.0,3234.0,3234.0,3234.0,3234.0,3234.0,3234.0,3234.0,3234.0,3234.0,3234.0,3234.0,4.0,,,,,,,,,,,,,,,0.4,0.1473191115,1.7065851096,11.091269949155269,0.4022750186,0.5414946799,4.3440109017,3.0996560621
3235,3235,3235.0,3235.0,3235.0,3235.0,3235.0,3235.0,3235.0,3235.0,3235.0,3235.0,3235.0,3235.0,3235.0,3235.0,3235.0,3235.0,3235.0,3235.0,3235.0,3235.0,3235.0,3235.0,3235.0,3235.0,3235.0,3235.0,5.0,,,,,,,,,,,,,,,0.5,0.3633751539,2.5996560621,-2.0595240471769287,0.9437696985,0.5915469785999999,3.8025162218,3.0996560621
3236,3236,3236.0,3236.0,3236.0,3236.0,3236.0,3236.0,3236.0,3236.0,3236.0,3236.0,3236.0,3236.0,3236.0,3236.0,3236.0,3236.0,3236.0,3236.0,3236.0,3236.0,3236.0,3236.0,3236.0,3236.0,3236.0,3236.0,6.0,,,,,,,,,,,,,,,0.6,0.6008025259,2.1562762854,9.125651588482668,1.5353166771,0.7193657715000001,3.2109692432,3.0996560621
3237,3237,3237.0,3237.0,3237.0,3237.0,3237.0,3237.0,3237.0,3237.0,3237.0,3237.0,3237.0,3237.0,3237.0,3237.0,3237.0,3237.0,3237.0,3237.0,3237.0,3237.0,3237.0,3237.0,3237.0,3237.0,3237.0,3237.0,7.0,,,,,,,,,,,,,,,0.7,0.8501439686,2.8195000016,-3.0454493520717936,2.2546824486,0.747137763,2.4916034717,3.0996560621
3238,3238,3238.0,3238.0,3238.0,3238.0,3238.0,3238.0,3238.0,3238.0,3238.0,3238.0,3238.0,3238.0,3238.0,3238.0,3238.0,3238.0,3238.0,3238.0,3238.0,3238.0,3238.0,3238.0,3238.0,3238.0,3238.0,3238.0,8.0,,,,,,,,,,,,,,,0.8,1.1037227177,2.2613763172,6.675991536511965,3.0018202116,0.7866046266,1.7444657087,3.0996560621
3239,3239,3239.0,3239.0,3239.0,3239.0,3239.0,3239.0,3239.0,3239.0,3239.0,3239.0,3239.0,3239.0,3239.0,3239.0,3239.0,3239.0,3239.0,3239.0,3239.0,3239.0,3239.0,3239.0,3239.0,3239.0,3239.0,3239.0,9.0,,,,,,,,,,,,,,,0.9,1.3512156246,2.681482564,3.1560614172855472,3.7884248382,0.9578610821,0.9578610821,3.0996560621
3240,3240,3240.0,3240.0,3240.0,3240.0,3240.0,3240.0,3240.0,3240.0,3240.0,3240.0,3240.0,3240.0,3240.0,3240.0,3240.0,3240.0,3240.0,3240.0,3240.0,3240.0,3240.0,3240.0,3240.0,3240.0,3240.0,0.0,,,,,,,,,,,,,,,,0.0,0.0,-1.0,1.0194101547244574,0.0,0.082530147,0.2106167297,0.2720214688
3241,3241,3241.0,3241.0,3241.0,3241.0,3241.0,3241.0,3241.0,3241.0,3241.0,3241.0,3241.0,3241.0,3241.0,3241.0,3241.0,3241.0,3241.0,3241.0,3241.0,3241.0,3241.0,3241.0,3241.0,3241.0,3241.0,1.0,,,,,,,,,,,,,,,,0.1,-0.0902312656,-0.807827719,5.187737376301751,0.082530147,0.0444638767,0.1280865827,0.2720214688
3242,3242,3242.0,3242.0,3242.0,3242.0,3242.0,3242.0,3242.0,3242.0,3242.0,3242.0,3242.0,3242.0,3242.0,3242.0,3242.0,3242.0,3242.0,3242.0,3242.0,3242.0,3242.0,3242.0,3242.0,3242.0,3242.0,2.0,,,,,,,,,,,,,,,,0.2,-0.1420109865,-0.2372742604,-0.284716514859097,0.1269940237,0.0081550235999999,0.0836227059999999,0.2720214688
3243,3243,3243.0,3243.0,3243.0,3243.0,3243.0,3243.0,3243.0,3243.0,3243.0,3243.0,3243.0,3243.0,3243.0,3243.0,3243.0,3243.0,3243.0,3243.0,3243.0,3243.0,3243.0,3243.0,3243.0,3243.0,3243.0,3.0,,,,,,,,,,,,,,,,0.3,-0.1659678794,-0.241789019,-0.1643010356129655,0.1351490473,0.0088511005,0.0754676824,0.2720214688
3244,3244,3244.0,3244.0,3244.0,3244.0,3244.0,3244.0,3244.0,3244.0,3244.0,3244.0,3244.0,3244.0,3244.0,3244.0,3244.0,3244.0,3244.0,3244.0,3244.0,3244.0,3244.0,3244.0,3244.0,3244.0,3244.0,4.0,,,,,,,,,,,,,,,,0.4,-0.1897720114,-0.2344149906,-0.1667795897736835,0.1440001478,0.0094171221999999,0.0666165819,0.2720214688
3245,3245,3245.0,3245.0,3245.0,3245.0,3245.0,3245.0,3245.0,3245.0,3245.0,3245.0,3245.0,3245.0,3245.0,3245.0,3245.0,3245.0,3245.0,3245.0,3245.0,3245.0,3245.0,3245.0,3245.0,3245.0,3245.0,5.0,,,,,,,,,,,,,,,,0.5,-0.2128864297,-0.2279785312,-0.0389041936947638,0.15341727,0.0098130264,0.0571994597,0.2720214688
3246,3246,3246.0,3246.0,3246.0,3246.0,3246.0,3246.0,3246.0,3246.0,3246.0,3246.0,3246.0,3246.0,3246.0,3246.0,3246.0,3246.0,3246.0,3246.0,3246.0,3246.0,3246.0,3246.0,3246.0,3246.0,3246.0,6.0,,,,,,,,,,,,,,,,0.6,-0.2347698781,-0.2099855021,-0.2550655009765684,0.1632302964,0.010557538,0.0473864333,0.2720214688
3247,3247,3247.0,3247.0,3247.0,3247.0,3247.0,3247.0,3247.0,3247.0,3247.0,3247.0,3247.0,3247.0,3247.0,3247.0,3247.0,3247.0,3247.0,3247.0,3247.0,3247.0,3247.0,3247.0,3247.0,3247.0,3247.0,7.0,,,,,,,,,,,,,,,,0.7,-0.2559863469,-0.2142755835,0.0009818242033369,0.1737878344,0.0112574108999999,0.0368288953,0.2720214688
3248,3248,3248.0,3248.0,3248.0,3248.0,3248.0,3248.0,3248.0,3248.0,3248.0,3248.0,3248.0,3248.0,3248.0,3248.0,3248.0,3248.0,3248.0,3248.0,3248.0,3248.0,3248.0,3248.0,3248.0,3248.0,3248.0,8.0,,,,,,,,,,,,,,,,0.8,-0.2763728954,-0.1937908525,-0.3151311900918861,0.1850452453,0.0122354573,0.0255714844,0.2720214688
3249,3249,3249.0,3249.0,3249.0,3249.0,3249.0,3249.0,3249.0,3249.0,3249.0,3249.0,3249.0,3249.0,3249.0,3249.0,3249.0,3249.0,3249.0,3249.0,3249.0,3249.0,3249.0,3249.0,3249.0,3249.0,3249.0,9.0,,,,,,,,,,,,,,,,0.9,-0.2963385404,-0.2053383266,-0.0649901666831457,0.1972807026,0.0133360271,0.0133360271,0.2720214688
3250,3250,3250.0,3250.0,3250.0,3250.0,3250.0,3250.0,3250.0,3250.0,3250.0,3250.0,3250.0,3250.0,3250.0,3250.0,3250.0,3250.0,3250.0,3250.0,3250.0,3250.0,3250.0,3250.0,3250.0,3250.0,3250.0,0.0,,,,,,,,,,,,,,,,0.0,0.0,-1.0,1.1298714583812726,0.0,0.0817195162,0.2086812413,0.5644746867
3251,3251,3251.0,3251.0,3251.0,3251.0,3251.0,3251.0,3251.0,3251.0,3251.0,3251.0,3251.0,3251.0,3251.0,3251.0,3251.0,3251.0,3251.0,3251.0,3251.0,3251.0,3251.0,3251.0,3251.0,3251.0,3251.0,1.0,,,,,,,,,,,,,,,,0.1,-0.0896969179,-0.7973159363,5.942647079350256,0.0817195162,0.0447210642,0.1269617250999999,0.5644746867
3252,3252,3252.0,3252.0,3252.0,3252.0,3252.0,3252.0,3252.0,3252.0,3252.0,3252.0,3252.0,3252.0,3252.0,3252.0,3252.0,3252.0,3252.0,3252.0,3252.0,3252.0,3252.0,3252.0,3252.0,3252.0,3252.0,2.0,,,,,,,,,,,,,,,,0.2,-0.1368244968,-0.1559236495,-1.2501560154190845,0.1264405804,0.0073810735,0.0822406608999999,0.5644746867
3253,3253,3253.0,3253.0,3253.0,3253.0,3253.0,3253.0,3253.0,3253.0,3253.0,3253.0,3253.0,3253.0,3253.0,3253.0,3253.0,3253.0,3253.0,3253.0,3253.0,3253.0,3253.0,3253.0,3253.0,3253.0,3253.0,3.0,,,,,,,,,,,,,,,,0.3,-0.1577100214,-0.2600537264,3.9908648869917673,0.1338216539,0.0123068168999999,0.0748595873999999,0.5644746867
3254,3254,3254.0,3254.0,3254.0,3254.0,3254.0,3254.0,3254.0,3254.0,3254.0,3254.0,3254.0,3254.0,3254.0,3254.0,3254.0,3254.0,3254.0,3254.0,3254.0,3254.0,3254.0,3254.0,3254.0,3254.0,3254.0,4.0,,,,,,,,,,,,,,,,0.4,-0.1631519457,0.1444746867,-2.8901461263682493,0.1461284708,0.0074603721,0.0625527705,0.5644746867
3255,3255,3255.0,3255.0,3255.0,3255.0,3255.0,3255.0,3255.0,3255.0,3255.0,3255.0,3255.0,3255.0,3255.0,3255.0,3255.0,3255.0,3255.0,3255.0,3255.0,3255.0,3255.0,3255.0,3255.0,3255.0,3255.0,5.0,,,,,,,,,,,,,,,,0.5,-0.1633841042,-0.1443077675,-1.5473579171787497,0.1535888429,0.0088400892999999,0.0550923983999999,0.5644746867
3256,3256,3256.0,3256.0,3256.0,3256.0,3256.0,3256.0,3256.0,3256.0,3256.0,3256.0,3256.0,3256.0,3256.0,3256.0,3256.0,3256.0,3256.0,3256.0,3256.0,3256.0,3256.0,3256.0,3256.0,3256.0,3256.0,6.0,,,,,,,,,,,,,,,,0.6,-0.1846020347,-0.2778256288,4.041208884166759,0.1624289322,0.0137147949,0.0462523091,0.5644746867
3257,3257,3257.0,3257.0,3257.0,3257.0,3257.0,3257.0,3257.0,3257.0,3257.0,3257.0,3257.0,3257.0,3257.0,3257.0,3257.0,3257.0,3257.0,3257.0,3257.0,3257.0,3257.0,3257.0,3257.0,3257.0,3257.0,7.0,,,,,,,,,,,,,,,,0.7,-0.1914916484,0.1331848734,-2.822645789115936,0.1761437271,0.0082493765999999,0.0325375141999999,0.5644746867
3258,3258,3258.0,3258.0,3258.0,3258.0,3258.0,3258.0,3258.0,3258.0,3258.0,3258.0,3258.0,3258.0,3258.0,3258.0,3258.0,3258.0,3258.0,3258.0,3258.0,3258.0,3258.0,3258.0,3258.0,3258.0,3258.0,8.0,,,,,,,,,,,,,,,,0.8,-0.1924716804,-0.1480996735,-1.3534566641157415,0.1843931037,0.0093631839999999,0.0242881375999999,0.5644746867
3259,3259,3259.0,3259.0,3259.0,3259.0,3259.0,3259.0,3259.0,3259.0,3259.0,3259.0,3259.0,3259.0,3259.0,3259.0,3259.0,3259.0,3259.0,3259.0,3259.0,3259.0,3259.0,3259.0,3259.0,3259.0,3259.0,9.0,,,,,,,,,,,,,,,,0.9,-0.2131124771,-0.2628045432,4.102969832765056,0.1937562877,0.0149249535999999,0.0149249535999999,0.5644746867
3260,3260,3260.0,3260.0,3260.0,3260.0,3260.0,3260.0,3260.0,3260.0,3260.0,3260.0,3260.0,3260.0,3260.0,3260.0,3260.0,3260.0,3260.0,3260.0,3260.0,3260.0,3260.0,3260.0,3260.0,3260.0,3260.0,0.0,,,,,,,,,,,,,,,,0.0,0.0,-1.0,0.9815929512525808,0.0,0.0828122137,0.2130944062,0.3380084120000002
3261,3261,3261.0,3261.0,3261.0,3261.0,3261.0,3261.0,3261.0,3261.0,3261.0,3261.0,3261.0,3261.0,3261.0,3261.0,3261.0,3261.0,3261.0,3261.0,3261.0,3261.0,3261.0,3261.0,3261.0,3261.0,3261.0,1.0,,,,,,,,,,,,,,,,0.1,-0.0904142032,-0.8114265016,5.1971960294893815,0.0828122137,0.0448415011999999,0.1302821925,0.3380084120000002
3262,3262,3262.0,3262.0,3262.0,3262.0,3262.0,3262.0,3262.0,3262.0,3262.0,3262.0,3262.0,3262.0,3262.0,3262.0,3262.0,3262.0,3262.0,3262.0,3262.0,3262.0,3262.0,3262.0,3262.0,3262.0,3262.0,2.0,,,,,,,,,,,,,,,,0.2,-0.1424906382,-0.2396304638,-0.2217326682694225,0.1276537149,0.0081155660999999,0.0854406913,0.3380084120000002
3263,3263,3263.0,3263.0,3263.0,3263.0,3263.0,3263.0,3263.0,3263.0,3263.0,3263.0,3263.0,3263.0,3263.0,3263.0,3263.0,3263.0,3263.0,3263.0,3263.0,3263.0,3263.0,3263.0,3263.0,3263.0,3263.0,3.0,,,,,,,,,,,,,,,,0.3,-0.1663671171,-0.2379272517,-0.035507290732839,0.135769281,0.0083788475,0.0773251252,0.3380084120000002
3264,3264,3264.0,3264.0,3264.0,3264.0,3264.0,3264.0,3264.0,3264.0,3264.0,3264.0,3264.0,3264.0,3264.0,3264.0,3264.0,3264.0,3264.0,3264.0,3264.0,3264.0,3264.0,3264.0,3264.0,3264.0,3264.0,4.0,,,,,,,,,,,,,,,,0.4,-0.1891807826,-0.2186643152,-0.123309374090403,0.1441481285,0.0085924816999999,0.0689462777,0.3380084120000002
3265,3265,3265.0,3265.0,3265.0,3265.0,3265.0,3265.0,3265.0,3265.0,3265.0,3265.0,3265.0,3265.0,3265.0,3265.0,3265.0,3265.0,3265.0,3265.0,3265.0,3265.0,3265.0,3265.0,3265.0,3265.0,3265.0,5.0,,,,,,,,,,,,,,,,0.5,-0.2105861025,-0.2095899327,-0.4961143178982361,0.1527406102,0.0100342142,0.060353796,0.3380084120000002
3266,3266,3266.0,3266.0,3266.0,3266.0,3266.0,3266.0,3266.0,3266.0,3266.0,3266.0,3266.0,3266.0,3266.0,3266.0,3266.0,3266.0,3266.0,3266.0,3266.0,3266.0,3266.0,3266.0,3266.0,3266.0,3266.0,6.0,,,,,,,,,,,,,,,,0.6,-0.2329309592,-0.2368565078,3.912515083993029,0.1627748244,0.0147495200999999,0.0503195818,0.3380084120000002
3267,3267,3267.0,3267.0,3267.0,3267.0,3267.0,3267.0,3267.0,3267.0,3267.0,3267.0,3267.0,3267.0,3267.0,3267.0,3267.0,3267.0,3267.0,3267.0,3267.0,3267.0,3267.0,3267.0,3267.0,3267.0,3267.0,7.0,,,,,,,,,,,,,,,,0.7,-0.2365443706,0.158008412,-2.976809426724408,0.1775243445,0.010639781,0.0355700617,0.3380084120000002
3268,3268,3268.0,3268.0,3268.0,3268.0,3268.0,3268.0,3268.0,3268.0,3268.0,3268.0,3268.0,3268.0,3268.0,3268.0,3268.0,3268.0,3268.0,3268.0,3268.0,3268.0,3268.0,3268.0,3268.0,3268.0,3268.0,8.0,,,,,,,,,,,,,,,,0.8,-0.2359079551,-0.1403089462,-1.036658422107792,0.1881641255,0.0099467249999999,0.0249302807,0.3380084120000002
3269,3269,3269.0,3269.0,3269.0,3269.0,3269.0,3269.0,3269.0,3269.0,3269.0,3269.0,3269.0,3269.0,3269.0,3269.0,3269.0,3269.0,3269.0,3269.0,3269.0,3269.0,3269.0,3269.0,3269.0,3269.0,3269.0,9.0,,,,,,,,,,,,,,,,0.9,-0.2542747266,-0.2256080169,3.733687994725021,0.1981108505,0.0149835557,0.0149835557,0.3380084120000002
3270,3270,3270.0,3270.0,3270.0,3270.0,3270.0,3270.0,3270.0,3270.0,3270.0,3270.0,3270.0,3270.0,3270.0,3270.0,3270.0,3270.0,3270.0,3270.0,3270.0,3270.0,3270.0,3270.0,3270.0,3270.0,3270.0,0.0,,,,,,,,,,,,,,,,0.0,0.0,-1.0,1.2080570554293355,0.0,0.0811576898,0.2039054169,0.5715149475
3271,3271,3271.0,3271.0,3271.0,3271.0,3271.0,3271.0,3271.0,3271.0,3271.0,3271.0,3271.0,3271.0,3271.0,3271.0,3271.0,3271.0,3271.0,3271.0,3271.0,3271.0,3271.0,3271.0,3271.0,3271.0,3271.0,1.0,,,,,,,,,,,,,,,,0.1,-0.0893187013,-0.7898755931,6.0224875425440665,0.0811576898,0.0442319745,0.1227477271,0.5715149475
3272,3272,3272.0,3272.0,3272.0,3272.0,3272.0,3272.0,3272.0,3272.0,3272.0,3272.0,3272.0,3272.0,3272.0,3272.0,3272.0,3272.0,3272.0,3272.0,3272.0,3272.0,3272.0,3272.0,3272.0,3272.0,3272.0,2.0,,,,,,,,,,,,,,,,0.2,-0.1353520163,-0.1415935239,-1.3688179492035135,0.1253896643,0.0071781880999999,0.0785157525999999,0.5715149475
3273,3273,3273.0,3273.0,3273.0,3273.0,3273.0,3273.0,3273.0,3273.0,3273.0,3273.0,3273.0,3273.0,3273.0,3273.0,3273.0,3273.0,3273.0,3273.0,3273.0,3273.0,3273.0,3273.0,3273.0,3273.0,3273.0,3.0,,,,,,,,,,,,,,,,0.3,-0.1554479596,-0.2583793755,4.048925849094452,0.1325678524,0.0124515976,0.0713375645,0.5715149475
3274,3274,3274.0,3274.0,3274.0,3274.0,3274.0,3274.0,3274.0,3274.0,3274.0,3274.0,3274.0,3274.0,3274.0,3274.0,3274.0,3274.0,3274.0,3274.0,3274.0,3274.0,3274.0,3274.0,3274.0,3274.0,3274.0,4.0,,,,,,,,,,,,,,,,0.4,-0.1604496977,0.1515149475,-2.8837079433855446,0.14501945,0.0073456375,0.0588859669,0.5715149475
3275,3275,3275.0,3275.0,3275.0,3275.0,3275.0,3275.0,3275.0,3275.0,3275.0,3275.0,3275.0,3275.0,3275.0,3275.0,3275.0,3275.0,3275.0,3275.0,3275.0,3275.0,3275.0,3275.0,3275.0,3275.0,3275.0,5.0,,,,,,,,,,,,,,,,0.5,-0.1599808462,-0.1373246984,-1.6472640754740355,0.1523650875,0.0088240780999999,0.0515403294,0.5715149475
3276,3276,3276.0,3276.0,3276.0,3276.0,3276.0,3276.0,3276.0,3276.0,3276.0,3276.0,3276.0,3276.0,3276.0,3276.0,3276.0,3276.0,3276.0,3276.0,3276.0,3276.0,3276.0,3276.0,3276.0,3276.0,3276.0,6.0,,,,,,,,,,,,,,,,0.6,-0.1810175363,-0.2810144158,3.8256631499964975,0.1611891656,0.0128187713,0.0427162513,0.5715149475
3277,3277,3277.0,3277.0,3277.0,3277.0,3277.0,3277.0,3277.0,3277.0,3277.0,3277.0,3277.0,3277.0,3277.0,3277.0,3277.0,3277.0,3277.0,3277.0,3277.0,3277.0,3277.0,3277.0,3277.0,3277.0,3277.0,7.0,,,,,,,,,,,,,,,,0.7,-0.1892532933,0.1097876562,-2.520701869219568,0.1740079369,0.0072660136,0.02989748,0.5715149475
3278,3278,3278.0,3278.0,3278.0,3278.0,3278.0,3278.0,3278.0,3278.0,3278.0,3278.0,3278.0,3278.0,3278.0,3278.0,3278.0,3278.0,3278.0,3278.0,3278.0,3278.0,3278.0,3278.0,3278.0,3278.0,3278.0,8.0,,,,,,,,,,,,,,,,0.8,-0.1909992424,-0.1405365817,-1.3031968075451543,0.1812739505,0.008823136,0.0226314663999999,0.5715149475
3279,3279,3279.0,3279.0,3279.0,3279.0,3279.0,3279.0,3279.0,3279.0,3279.0,3279.0,3279.0,3279.0,3279.0,3279.0,3279.0,3279.0,3279.0,3279.0,3279.0,3279.0,3279.0,3279.0,3279.0,3279.0,3279.0,9.0,,,,,,,,,,,,,,,,0.9,-0.210677187,-0.2511783178,3.890509049228272,0.1900970865,0.0138083303999999,0.0138083303999999,0.5715149475
3280,3280,3280.0,3280.0,3280.0,3280.0,3280.0,3280.0,3280.0,3280.0,3280.0,3280.0,3280.0,3280.0,3280.0,3280.0,3280.0,3280.0,3280.0,3280.0,3280.0,3280.0,3280.0,3280.0,3280.0,3280.0,3280.0,0.0,,,,,,,,,,,,,,,,0.0,0.0,-1.0,0.8793757591976769,0.0,0.0835862133,0.2140378979,0.565688812
3281,3281,3281.0,3281.0,3281.0,3281.0,3281.0,3281.0,3281.0,3281.0,3281.0,3281.0,3281.0,3281.0,3281.0,3281.0,3281.0,3281.0,3281.0,3281.0,3281.0,3281.0,3281.0,3281.0,3281.0,3281.0,3281.0,1.0,,,,,,,,,,,,,,,,0.1,-0.0909086707,-0.8211537534,5.277963243685653,0.0835862133,0.0459280073,0.1304516846,0.565688812
3282,3282,3282.0,3282.0,3282.0,3282.0,3282.0,3282.0,3282.0,3282.0,3282.0,3282.0,3282.0,3282.0,3282.0,3282.0,3282.0,3282.0,3282.0,3282.0,3282.0,3282.0,3282.0,3282.0,3282.0,3282.0,3282.0,2.0,,,,,,,,,,,,,,,,0.2,-0.1435200712,-0.2407460285,-0.0041378937573242,0.1295142206,0.0076744329,0.0845236772999999,0.565688812
3283,3283,3283.0,3283.0,3283.0,3283.0,3283.0,3283.0,3283.0,3283.0,3283.0,3283.0,3283.0,3283.0,3283.0,3283.0,3283.0,3283.0,3283.0,3283.0,3283.0,3283.0,3283.0,3283.0,3283.0,3283.0,3283.0,3.0,,,,,,,,,,,,,,,,0.3,-0.166450188,-0.218229701,-0.3630898852915704,0.1371886535,0.0082991349,0.0768492443999999,0.565688812
3284,3284,3284.0,3284.0,3284.0,3284.0,3284.0,3284.0,3284.0,3284.0,3284.0,3284.0,3284.0,3284.0,3284.0,3284.0,3284.0,3284.0,3284.0,3284.0,3284.0,3284.0,3284.0,3284.0,3284.0,3284.0,3284.0,4.0,,,,,,,,,,,,,,,,0.4,-0.1889737566,-0.232015121,-0.3046632863640242,0.1454877884,0.0096267909999999,0.0685501094999999,0.565688812
3285,3285,3285.0,3285.0,3285.0,3285.0,3285.0,3285.0,3285.0,3285.0,3285.0,3285.0,3285.0,3285.0,3285.0,3285.0,3285.0,3285.0,3285.0,3285.0,3285.0,3285.0,3285.0,3285.0,3285.0,3285.0,3285.0,5.0,,,,,,,,,,,,,,,,0.5,-0.212526589,-0.2389286173,3.802758942685178,0.1551145794,0.0133999274999999,0.0589233184999999,0.565688812
3286,3286,3286.0,3286.0,3286.0,3286.0,3286.0,3286.0,3286.0,3286.0,3286.0,3286.0,3286.0,3286.0,3286.0,3286.0,3286.0,3286.0,3286.0,3286.0,3286.0,3286.0,3286.0,3286.0,3286.0,3286.0,3286.0,6.0,,,,,,,,,,,,,,,,0.6,-0.216868124,0.145688812,-2.8615788766495687,0.1685145069,0.0093774453999999,0.0455233909999999,0.565688812
3287,3287,3287.0,3287.0,3287.0,3287.0,3287.0,3287.0,3287.0,3287.0,3287.0,3287.0,3287.0,3287.0,3287.0,3287.0,3287.0,3287.0,3287.0,3287.0,3287.0,3287.0,3287.0,3287.0,3287.0,3287.0,3287.0,7.0,,,,,,,,,,,,,,,,0.7,-0.2168465481,-0.1404906515,-1.0171210456032247,0.1778919523,0.0089993296,0.0361459456,0.565688812
3288,3288,3288.0,3288.0,3288.0,3288.0,3288.0,3288.0,3288.0,3288.0,3288.0,3288.0,3288.0,3288.0,3288.0,3288.0,3288.0,3288.0,3288.0,3288.0,3288.0,3288.0,3288.0,3288.0,3288.0,3288.0,3288.0,8.0,,,,,,,,,,,,,,,,0.8,-0.2351361024,-0.2239132018,-0.2142592316672351,0.1868912819,0.0110874678,0.0271466159999999,0.565688812
3289,3289,3289.0,3289.0,3289.0,3289.0,3289.0,3289.0,3289.0,3289.0,3289.0,3289.0,3289.0,3289.0,3289.0,3289.0,3289.0,3289.0,3289.0,3289.0,3289.0,3289.0,3289.0,3289.0,3289.0,3289.0,3289.0,9.0,,,,,,,,,,,,,,,,0.9,-0.2574807542,-0.2229944732,3.959963946551943,0.1979787497,0.0160591481999999,0.0160591481999999,0.565688812
3290,3290,3290.0,3290.0,3290.0,3290.0,3290.0,3290.0,3290.0,3290.0,3290.0,3290.0,3290.0,3290.0,3290.0,3290.0,3290.0,3290.0,3290.0,3290.0,3290.0,3290.0,3290.0,3290.0,3290.0,3290.0,3290.0,0.0,,,,,,,,,,,,,,,,0.0,0.0,-1.0,1.174957924712539,0.0,0.081394325,0.2067846555999999,0.5505194669000001
3291,3291,3291.0,3291.0,3291.0,3291.0,3291.0,3291.0,3291.0,3291.0,3291.0,3291.0,3291.0,3291.0,3291.0,3291.0,3291.0,3291.0,3291.0,3291.0,3291.0,3291.0,3291.0,3291.0,3291.0,3291.0,3291.0,1.0,,,,,,,,,,,,,,,,0.1,-0.0894788157,-0.7930253918,5.940245964951635,0.081394325,0.0443173766,0.1253903306,0.5505194669000001
3292,3292,3292.0,3292.0,3292.0,3292.0,3292.0,3292.0,3292.0,3292.0,3292.0,3292.0,3292.0,3292.0,3292.0,3292.0,3292.0,3292.0,3292.0,3292.0,3292.0,3292.0,3292.0,3292.0,3292.0,3292.0,3292.0,2.0,,,,,,,,,,,,,,,,0.2,-0.1362097105,-0.1522699005,-1.5239507149513578,0.1257117016,0.0082202603,0.081072954,0.5505194669000001
3293,3293,3293.0,3293.0,3293.0,3293.0,3293.0,3293.0,3293.0,3293.0,3293.0,3293.0,3293.0,3293.0,3293.0,3293.0,3293.0,3293.0,3293.0,3293.0,3293.0,3293.0,3293.0,3293.0,3293.0,3293.0,3293.0,3.0,,,,,,,,,,,,,,,,0.3,-0.1580720076,-0.2828026749,4.060523304689994,0.1339319619,0.0129241529999999,0.0728526937,0.5505194669000001
3294,3294,3294.0,3294.0,3294.0,3294.0,3294.0,3294.0,3294.0,3294.0,3294.0,3294.0,3294.0,3294.0,3294.0,3294.0,3294.0,3294.0,3294.0,3294.0,3294.0,3294.0,3294.0,3294.0,3294.0,3294.0,3294.0,4.0,,,,,,,,,,,,,,,,0.4,-0.1653418189,0.1305194669,-2.6274340341618307,0.1468561149,0.0066938681,0.0599285407,0.5505194669000001
3295,3295,3295.0,3295.0,3295.0,3295.0,3295.0,3295.0,3295.0,3295.0,3295.0,3295.0,3295.0,3295.0,3295.0,3295.0,3295.0,3295.0,3295.0,3295.0,3295.0,3295.0,3295.0,3295.0,3295.0,3295.0,3295.0,5.0,,,,,,,,,,,,,,,,0.5,-0.165631152,-0.1319346035,-1.6157138475531465,0.153549983,0.008674491,0.0532346726,0.5505194669000001
3296,3296,3296.0,3296.0,3296.0,3296.0,3296.0,3296.0,3296.0,3296.0,3296.0,3296.0,3296.0,3296.0,3296.0,3296.0,3296.0,3296.0,3296.0,3296.0,3296.0,3296.0,3296.0,3296.0,3296.0,3296.0,3296.0,6.0,,,,,,,,,,,,,,,,0.6,-0.1860022848,-0.2731348555,3.942446976628038,0.162224474,0.0133095148999999,0.0445601816,0.5505194669000001
3297,3297,3297.0,3297.0,3297.0,3297.0,3297.0,3297.0,3297.0,3297.0,3297.0,3297.0,3297.0,3297.0,3297.0,3297.0,3297.0,3297.0,3297.0,3297.0,3297.0,3297.0,3297.0,3297.0,3297.0,3297.0,3297.0,7.0,,,,,,,,,,,,,,,,0.7,-0.1929232652,0.1280308226,-2.801052941315379,0.1755339889,0.0082486048,0.0312506667,0.5505194669000001
3298,3298,3298.0,3298.0,3298.0,3298.0,3298.0,3298.0,3298.0,3298.0,3298.0,3298.0,3298.0,3298.0,3298.0,3298.0,3298.0,3298.0,3298.0,3298.0,3298.0,3298.0,3298.0,3298.0,3298.0,3298.0,3298.0,8.0,,,,,,,,,,,,,,,,0.8,-0.1942893098,-0.1507084269,-1.1689666922761437,0.1837825937,0.0089042283999999,0.0230020619,0.5505194669000001
3299,3299,3299.0,3299.0,3299.0,3299.0,3299.0,3299.0,3299.0,3299.0,3299.0,3299.0,3299.0,3299.0,3299.0,3299.0,3299.0,3299.0,3299.0,3299.0,3299.0,3299.0,3299.0,3299.0,3299.0,3299.0,3299.0,9.0,,,,,,,,,,,,,,,,0.9,-0.2142857513,-0.2476086546,3.9340897916530486,0.1926868221,0.0140978335,0.0140978335,0.5505194669000001
3300,3300,3300.0,3300.0,3300.0,3300.0,3300.0,3300.0,3300.0,3300.0,3300.0,3300.0,3300.0,3300.0,3300.0,3300.0,3300.0,3300.0,3300.0,3300.0,3300.0,3300.0,3300.0,3300.0,3300.0,3300.0,0.0,,,,,,,,,,,,,,,,,0.0,0.0,-1.0,3.9323400248177394,0.0,0.0677654301,0.1856480428,0.2703226377
3301,3301,3301.0,3301.0,3301.0,3301.0,3301.0,3301.0,3301.0,3301.0,3301.0,3301.0,3301.0,3301.0,3301.0,3301.0,3301.0,3301.0,3301.0,3301.0,3301.0,3301.0,3301.0,3301.0,3301.0,3301.0,1.0,,,,,,,,,,,,,,,,,0.1,-0.0761402124,-0.5306257852,1.593610902644381,0.0677654301,0.0209169973999999,0.1178826127,0.2703226377
3302,3302,3302.0,3302.0,3302.0,3302.0,3302.0,3302.0,3302.0,3302.0,3302.0,3302.0,3302.0,3302.0,3302.0,3302.0,3302.0,3302.0,3302.0,3302.0,3302.0,3302.0,3302.0,3302.0,3302.0,3302.0,2.0,,,,,,,,,,,,,,,,,0.2,-0.1189269702,-0.3284779371,0.4056867779189336,0.0886824275,0.0105126355,0.0969656153,0.2703226377
3303,3303,3303.0,3303.0,3303.0,3303.0,3303.0,3303.0,3303.0,3303.0,3303.0,3303.0,3303.0,3303.0,3303.0,3303.0,3303.0,3303.0,3303.0,3303.0,3303.0,3303.0,3303.0,3303.0,3303.0,3303.0,3.0,,,,,,,,,,,,,,,,,0.3,-0.1482233144,-0.258612915,-0.0348089899906549,0.099195063,0.0087347356,0.0864529798,0.2703226377
3304,3304,3304.0,3304.0,3304.0,3304.0,3304.0,3304.0,3304.0,3304.0,3304.0,3304.0,3304.0,3304.0,3304.0,3304.0,3304.0,3304.0,3304.0,3304.0,3304.0,3304.0,3304.0,3304.0,3304.0,3304.0,4.0,,,,,,,,,,,,,,,,,0.4,-0.1730020324,-0.2373150961,-0.1570560431845543,0.1079297986,0.0088793615,0.0777182442,0.2703226377
3305,3305,3305.0,3305.0,3305.0,3305.0,3305.0,3305.0,3305.0,3305.0,3305.0,3305.0,3305.0,3305.0,3305.0,3305.0,3305.0,3305.0,3305.0,3305.0,3305.0,3305.0,3305.0,3305.0,3305.0,3305.0,5.0,,,,,,,,,,,,,,,,,0.5,-0.1963453705,-0.2296773623,-0.1403653278736913,0.1168091601,0.0094067079,0.0688388826999999,0.2703226377
3306,3306,3306.0,3306.0,3306.0,3306.0,3306.0,3306.0,3306.0,3306.0,3306.0,3306.0,3306.0,3306.0,3306.0,3306.0,3306.0,3306.0,3306.0,3306.0,3306.0,3306.0,3306.0,3306.0,3306.0,3306.0,6.0,,,,,,,,,,,,,,,,,0.6,-0.218881188,-0.2211780775,-0.2160223521022397,0.126215868,0.0101954611999999,0.0594321747999999,0.2703226377
3307,3307,3307.0,3307.0,3307.0,3307.0,3307.0,3307.0,3307.0,3307.0,3307.0,3307.0,3307.0,3307.0,3307.0,3307.0,3307.0,3307.0,3307.0,3307.0,3307.0,3307.0,3307.0,3307.0,3307.0,3307.0,7.0,,,,,,,,,,,,,,,,,0.7,-0.2409740673,-0.2206874335,-0.1546121885284092,0.1364113292,0.0110921394,0.0492367136,0.2703226377
3308,3308,3308.0,3308.0,3308.0,3308.0,3308.0,3308.0,3308.0,3308.0,3308.0,3308.0,3308.0,3308.0,3308.0,3308.0,3308.0,3308.0,3308.0,3308.0,3308.0,3308.0,3308.0,3308.0,3308.0,3308.0,8.0,,,,,,,,,,,,,,,,,0.8,-0.2627233378,-0.2143993818,-0.3506773026904063,0.1475034686,0.0124402852,0.0381445742,0.2703226377
3309,3309,3309.0,3309.0,3309.0,3309.0,3309.0,3309.0,3309.0,3309.0,3309.0,3309.0,3309.0,3309.0,3309.0,3309.0,3309.0,3309.0,3309.0,3309.0,3309.0,3309.0,3309.0,3309.0,3309.0,3309.0,9.0,,,,,,,,,,,,,,,,,0.9,-0.2848222196,-0.2273682303,-2.781141371668671,0.1599437538,0.0257042889999999,0.0257042889999999,0.2703226377
3310,3310,3310.0,3310.0,3310.0,3310.0,3310.0,3310.0,3310.0,3310.0,3310.0,3310.0,3310.0,3310.0,3310.0,3310.0,3310.0,3310.0,3310.0,3310.0,3310.0,3310.0,3310.0,3310.0,3310.0,3310.0,0.0,,,,,,,,,,,,,,,,,0.0,0.0,-1.0,4.028953486811028,0.0,0.0675112226,0.2019728767,0.2599591953
3311,3311,3311.0,3311.0,3311.0,3311.0,3311.0,3311.0,3311.0,3311.0,3311.0,3311.0,3311.0,3311.0,3311.0,3311.0,3311.0,3311.0,3311.0,3311.0,3311.0,3311.0,3311.0,3311.0,3311.0,3311.0,1.0,,,,,,,,,,,,,,,,,0.1,-0.0756728527,-0.5214317986,1.6390361737985284,0.0675112226,0.0200571339999999,0.1344616541,0.2599591953
3312,3312,3312.0,3312.0,3312.0,3312.0,3312.0,3312.0,3312.0,3312.0,3312.0,3312.0,3312.0,3312.0,3312.0,3312.0,3312.0,3312.0,3312.0,3312.0,3312.0,3312.0,3312.0,3312.0,3312.0,3312.0,2.0,,,,,,,,,,,,,,,,,0.2,-0.1173649459,-0.315836088,0.2983498831810762,0.0875683566,0.010013057,0.1144045201,0.2599591953
3313,3313,3313.0,3313.0,3313.0,3313.0,3313.0,3313.0,3313.0,3313.0,3313.0,3313.0,3313.0,3313.0,3313.0,3313.0,3313.0,3313.0,3313.0,3313.0,3313.0,3313.0,3313.0,3313.0,3313.0,3313.0,3.0,,,,,,,,,,,,,,,,,0.3,-0.145977478,-0.2573885676,2.710037913523228e-05,0.0975814136,0.0085193794999999,0.1043914631,0.2599591953
3314,3314,3314.0,3314.0,3314.0,3314.0,3314.0,3314.0,3314.0,3314.0,3314.0,3314.0,3314.0,3314.0,3314.0,3314.0,3314.0,3314.0,3314.0,3314.0,3314.0,3314.0,3314.0,3314.0,3314.0,3314.0,4.0,,,,,,,,,,,,,,,,,0.4,-0.170471157,-0.2328921786,-0.3080115490474443,0.1061007931,0.0089681715,0.0958720836,0.2599591953
3315,3315,3315.0,3315.0,3315.0,3315.0,3315.0,3315.0,3315.0,3315.0,3315.0,3315.0,3315.0,3315.0,3315.0,3315.0,3315.0,3315.0,3315.0,3315.0,3315.0,3315.0,3315.0,3315.0,3315.0,3315.0,5.0,,,,,,,,,,,,,,,,,0.5,-0.1941236858,-0.2400408047,-0.1182382071167554,0.1150689646,0.0097360286,0.0869039121,0.2599591953
3316,3316,3316.0,3316.0,3316.0,3316.0,3316.0,3316.0,3316.0,3316.0,3316.0,3316.0,3316.0,3316.0,3316.0,3316.0,3316.0,3316.0,3316.0,3316.0,3316.0,3316.0,3316.0,3316.0,3316.0,3316.0,6.0,,,,,,,,,,,,,,,,,0.6,-0.2175386827,-0.2284496285,-0.0726870860554047,0.1248049932,0.0101198004,0.0771678834999999,0.2599591953
3317,3317,3317.0,3317.0,3317.0,3317.0,3317.0,3317.0,3317.0,3317.0,3317.0,3317.0,3317.0,3317.0,3317.0,3317.0,3317.0,3317.0,3317.0,3317.0,3317.0,3317.0,3317.0,3317.0,3317.0,3317.0,7.0,,,,,,,,,,,,,,,,,0.7,-0.2396303525,-0.2136266673,-0.475726791060804,0.1349247936,0.0115311707999999,0.0670480830999999,0.2599591953
3318,3318,3318.0,3318.0,3318.0,3318.0,3318.0,3318.0,3318.0,3318.0,3318.0,3318.0,3318.0,3318.0,3318.0,3318.0,3318.0,3318.0,3318.0,3318.0,3318.0,3318.0,3318.0,3318.0,3318.0,3318.0,8.0,,,,,,,,,,,,,,,,,0.8,-0.2622607163,-0.2385689826,-2.478719398702374,0.1464559644,0.0232165501999999,0.0555169123,0.2599591953
3319,3319,3319.0,3319.0,3319.0,3319.0,3319.0,3319.0,3319.0,3319.0,3319.0,3319.0,3319.0,3319.0,3319.0,3319.0,3319.0,3319.0,3319.0,3319.0,3319.0,3319.0,3319.0,3319.0,3319.0,3319.0,9.0,,,,,,,,,,,,,,,,,0.9,-0.296954083,-0.4517475558,-0.7537914668312741,0.1696725146,0.0323003621,0.0323003621,0.2599591953
3320,3320,3320.0,3320.0,3320.0,3320.0,3320.0,3320.0,3320.0,3320.0,3320.0,3320.0,3320.0,3320.0,3320.0,3320.0,3320.0,3320.0,3320.0,3320.0,3320.0,3320.0,3320.0,3320.0,3320.0,3320.0,0.0,,,,,,,,,,,,,,,,,0.0,0.0,-1.0,3.666717788642177,0.0,0.0685420481,0.194762756,0.2617146121
3321,3321,3321.0,3321.0,3321.0,3321.0,3321.0,3321.0,3321.0,3321.0,3321.0,3321.0,3321.0,3321.0,3321.0,3321.0,3321.0,3321.0,3321.0,3321.0,3321.0,3321.0,3321.0,3321.0,3321.0,3321.0,1.0,,,,,,,,,,,,,,,,,0.1,-0.0774251333,-0.5559030878,1.7139055900645763,0.0685420481,0.0228056720999999,0.1262207079,0.2617146121
3322,3322,3322.0,3322.0,3322.0,3322.0,3322.0,3322.0,3322.0,3322.0,3322.0,3322.0,3322.0,3322.0,3322.0,3322.0,3322.0,3322.0,3322.0,3322.0,3322.0,3322.0,3322.0,3322.0,3322.0,3322.0,2.0,,,,,,,,,,,,,,,,,0.2,-0.1220354292,-0.3399022329,0.3781417636552621,0.0913477202,0.0113313749,0.1034150358,0.2617146121
3323,3323,3323.0,3323.0,3323.0,3323.0,3323.0,3323.0,3323.0,3323.0,3323.0,3323.0,3323.0,3323.0,3323.0,3323.0,3323.0,3323.0,3323.0,3323.0,3323.0,3323.0,3323.0,3323.0,3323.0,3323.0,3.0,,,,,,,,,,,,,,,,,0.3,-0.1525521661,-0.2715713197,0.0053052779404951,0.1026790951,0.0094220156,0.0920836609,0.2617146121
3324,3324,3324.0,3324.0,3324.0,3324.0,3324.0,3324.0,3324.0,3324.0,3324.0,3324.0,3324.0,3324.0,3324.0,3324.0,3324.0,3324.0,3324.0,3324.0,3324.0,3324.0,3324.0,3324.0,3324.0,3324.0,4.0,,,,,,,,,,,,,,,,,0.4,-0.1783699991,-0.2452229588,-0.1723213648653423,0.1121011107,0.0094914758999999,0.0826616453,0.2617146121
3325,3325,3325.0,3325.0,3325.0,3325.0,3325.0,3325.0,3325.0,3325.0,3325.0,3325.0,3325.0,3325.0,3325.0,3325.0,3325.0,3325.0,3325.0,3325.0,3325.0,3325.0,3325.0,3325.0,3325.0,3325.0,5.0,,,,,,,,,,,,,,,,,0.5,-0.2025397065,-0.2382853879,-0.0392491058970615,0.1215925866,0.0098218804999999,0.0731701694,0.2617146121
3326,3326,3326.0,3326.0,3326.0,3326.0,3326.0,3326.0,3326.0,3326.0,3326.0,3326.0,3326.0,3326.0,3326.0,3326.0,3326.0,3326.0,3326.0,3326.0,3326.0,3326.0,3326.0,3326.0,3326.0,3326.0,6.0,,,,,,,,,,,,,,,,,0.6,-0.2254055853,-0.2193444198,-0.3638267128539092,0.1314144671,0.0107932894,0.0633482889,0.2617146121
3327,3327,3327.0,3327.0,3327.0,3327.0,3327.0,3327.0,3327.0,3327.0,3327.0,3327.0,3327.0,3327.0,3327.0,3327.0,3327.0,3327.0,3327.0,3327.0,3327.0,3327.0,3327.0,3327.0,3327.0,3327.0,7.0,,,,,,,,,,,,,,,,,0.7,-0.248038726,-0.2330939503,-0.2137816953789567,0.1422077565,0.0121599094,0.0525549995,0.2617146121
3328,3328,3328.0,3328.0,3328.0,3328.0,3328.0,3328.0,3328.0,3328.0,3328.0,3328.0,3328.0,3328.0,3328.0,3328.0,3328.0,3328.0,3328.0,3328.0,3328.0,3328.0,3328.0,3328.0,3328.0,3328.0,8.0,,,,,,,,,,,,,,,,,0.8,-0.2712547459,-0.2312561,-0.4040959566328793,0.1543676659,0.0138451064,0.0403950901,0.2617146121
3329,3329,3329.0,3329.0,3329.0,3329.0,3329.0,3329.0,3329.0,3329.0,3329.0,3329.0,3329.0,3329.0,3329.0,3329.0,3329.0,3329.0,3329.0,3329.0,3329.0,3329.0,3329.0,3329.0,3329.0,3329.0,9.0,,,,,,,,,,,,,,,,,0.9,-0.2952161969,-0.2477042446,-2.596128512006137,0.1682127723,0.0265499837,0.0265499837,0.2617146121
3330,3330,3330.0,3330.0,3330.0,3330.0,3330.0,3330.0,3330.0,3330.0,3330.0,3330.0,3330.0,3330.0,3330.0,3330.0,3330.0,3330.0,3330.0,3330.0,3330.0,3330.0,3330.0,3330.0,3330.0,3330.0,0.0,,,,,,,,,,,,,,,,,0.0,0.0,-1.0,3.902158558629841,0.0,0.0678479425,0.2050962571999999,0.2859309391
3331,3331,3331.0,3331.0,3331.0,3331.0,3331.0,3331.0,3331.0,3331.0,3331.0,3331.0,3331.0,3331.0,3331.0,3331.0,3331.0,3331.0,3331.0,3331.0,3331.0,3331.0,3331.0,3331.0,3331.0,3331.0,1.0,,,,,,,,,,,,,,,,,0.1,-0.0762862127,-0.5334979314,1.6926244334888438,0.0678479425,0.0209398938,0.1372483146999999,0.2859309391
3332,3332,3332.0,3332.0,3332.0,3332.0,3332.0,3332.0,3332.0,3332.0,3332.0,3332.0,3332.0,3332.0,3332.0,3332.0,3332.0,3332.0,3332.0,3332.0,3332.0,3332.0,3332.0,3332.0,3332.0,3332.0,2.0,,,,,,,,,,,,,,,,,0.2,-0.1188673217,-0.3216543791,0.2543393733767439,0.0887878363,0.0104917776999999,0.1163084208999999,0.2859309391
3333,3333,3333.0,3333.0,3333.0,3333.0,3333.0,3333.0,3333.0,3333.0,3333.0,3333.0,3333.0,3333.0,3333.0,3333.0,3333.0,3333.0,3333.0,3333.0,3333.0,3333.0,3333.0,3333.0,3333.0,3333.0,3.0,,,,,,,,,,,,,,,,,0.3,-0.1482464347,-0.2668413288,-0.0329160570743013,0.099279614,0.0091382903999999,0.1058166431999999,0.2859309391
3334,3334,3334.0,3334.0,3334.0,3334.0,3334.0,3334.0,3334.0,3334.0,3334.0,3334.0,3334.0,3334.0,3334.0,3334.0,3334.0,3334.0,3334.0,3334.0,3334.0,3334.0,3334.0,3334.0,3334.0,3334.0,4.0,,,,,,,,,,,,,,,,,0.4,-0.1737990198,-0.2445803493,0.0760414168126422,0.1084179044,0.0087037246,0.0966783527999999,0.2859309391
3335,3335,3335.0,3335.0,3335.0,3335.0,3335.0,3335.0,3335.0,3335.0,3335.0,3335.0,3335.0,3335.0,3335.0,3335.0,3335.0,3335.0,3335.0,3335.0,3335.0,3335.0,3335.0,3335.0,3335.0,3335.0,5.0,,,,,,,,,,,,,,,,,0.5,-0.1967061665,-0.2140690609,-0.1267868996625171,0.117121629,0.0087120360999999,0.0879746281999999,0.2859309391
3336,3336,3336.0,3336.0,3336.0,3336.0,3336.0,3336.0,3336.0,3336.0,3336.0,3336.0,3336.0,3336.0,3336.0,3336.0,3336.0,3336.0,3336.0,3336.0,3336.0,3336.0,3336.0,3336.0,3336.0,3336.0,6.0,,,,,,,,,,,,,,,,,0.6,-0.2176909999,-0.2057629176,-0.4982305715947515,0.1258336651,0.0101899883,0.0792625921,0.2859309391
3337,3337,3337.0,3337.0,3337.0,3337.0,3337.0,3337.0,3337.0,3337.0,3337.0,3337.0,3337.0,3337.0,3337.0,3337.0,3337.0,3337.0,3337.0,3337.0,3337.0,3337.0,3337.0,3337.0,3337.0,3337.0,7.0,,,,,,,,,,,,,,,,,0.7,-0.2396819219,-0.2335950527,-0.2753319602589733,0.1360236534,0.0119160241,0.0690726038,0.2859309391
3338,3338,3338.0,3338.0,3338.0,3338.0,3338.0,3338.0,3338.0,3338.0,3338.0,3338.0,3338.0,3338.0,3338.0,3338.0,3338.0,3338.0,3338.0,3338.0,3338.0,3338.0,3338.0,3338.0,3338.0,3338.0,8.0,,,,,,,,,,,,,,,,,0.8,-0.2632432349,-0.2375669358,-2.518995112585697,0.1479396775,0.0234560882,0.0571565796999999,0.2859309391
3339,3339,3339.0,3339.0,3339.0,3339.0,3339.0,3339.0,3339.0,3339.0,3339.0,3339.0,3339.0,3339.0,3339.0,3339.0,3339.0,3339.0,3339.0,3339.0,3339.0,3339.0,3339.0,3339.0,3339.0,3339.0,9.0,,,,,,,,,,,,,,,,,0.9,-0.2980360776,-0.4546736042,-0.9432849518515029,0.1713957657,0.0337004914999999,0.0337004914999999,0.2859309391
3340,3340,3340.0,3340.0,3340.0,3340.0,3340.0,3340.0,3340.0,3340.0,3340.0,3340.0,3340.0,3340.0,3340.0,3340.0,3340.0,3340.0,3340.0,3340.0,3340.0,3340.0,3340.0,3340.0,3340.0,3340.0,0.0,,,,,,,,,,,,,,,,,0.0,0.0,-1.0,3.8248305058837975,0.0,0.0680660812,0.1780842136,0.267419134
3341,3341,3341.0,3341.0,3341.0,3341.0,3341.0,3341.0,3341.0,3341.0,3341.0,3341.0,3341.0,3341.0,3341.0,3341.0,3341.0,3341.0,3341.0,3341.0,3341.0,3341.0,3341.0,3341.0,3341.0,3341.0,1.0,,,,,,,,,,,,,,,,,0.1,-0.0766602808,-0.5408566686,1.6412305047439395,0.0680660812,0.0216735886,0.1100181324,0.267419134
3342,3342,3342.0,3342.0,3342.0,3342.0,3342.0,3342.0,3342.0,3342.0,3342.0,3342.0,3342.0,3342.0,3342.0,3342.0,3342.0,3342.0,3342.0,3342.0,3342.0,3342.0,3342.0,3342.0,3342.0,3342.0,2.0,,,,,,,,,,,,,,,,,0.2,-0.1201902801,-0.3332036188,0.3319927091856896,0.0897396698,0.0110008966999999,0.0883445438,0.267419134
3343,3343,3343.0,3343.0,3343.0,3343.0,3343.0,3343.0,3343.0,3343.0,3343.0,3343.0,3343.0,3343.0,3343.0,3343.0,3343.0,3343.0,3343.0,3343.0,3343.0,3343.0,3343.0,3343.0,3343.0,3343.0,3.0,,,,,,,,,,,,,,,,,0.3,-0.1502928057,-0.2699018224,-0.1014634832881816,0.1007405665,0.0095382545999999,0.0773436471,0.267419134
3344,3344,3344.0,3344.0,3344.0,3344.0,3344.0,3344.0,3344.0,3344.0,3344.0,3344.0,3344.0,3344.0,3344.0,3344.0,3344.0,3344.0,3344.0,3344.0,3344.0,3344.0,3344.0,3344.0,3344.0,3344.0,4.0,,,,,,,,,,,,,,,,,0.4,-0.17646823,-0.2538727464,-0.0301317926517506,0.1102788211,0.0094810696,0.0678053925,0.267419134
3345,3345,3345.0,3345.0,3345.0,3345.0,3345.0,3345.0,3345.0,3345.0,3345.0,3345.0,3345.0,3345.0,3345.0,3345.0,3345.0,3345.0,3345.0,3345.0,3345.0,3345.0,3345.0,3345.0,3345.0,3345.0,5.0,,,,,,,,,,,,,,,,,0.5,-0.2007732896,-0.232580866,-0.0177478275157187,0.1197598907,0.0094413455999999,0.0583243229,0.267419134
3346,3346,3346.0,3346.0,3346.0,3346.0,3346.0,3346.0,3346.0,3346.0,3346.0,3346.0,3346.0,3346.0,3346.0,3346.0,3346.0,3346.0,3346.0,3346.0,3346.0,3346.0,3346.0,3346.0,3346.0,3346.0,6.0,,,,,,,,,,,,,,,,,0.6,-0.2229923047,-0.2121366336,-0.3332620570297182,0.1292012363,0.0102791667,0.0488829773,0.267419134
3347,3347,3347.0,3347.0,3347.0,3347.0,3347.0,3347.0,3347.0,3347.0,3347.0,3347.0,3347.0,3347.0,3347.0,3347.0,3347.0,3347.0,3347.0,3347.0,3347.0,3347.0,3347.0,3347.0,3347.0,3347.0,7.0,,,,,,,,,,,,,,,,,0.7,-0.2447916615,-0.2236634825,-0.1538285882187421,0.139480403,0.0114155742,0.0386038106,0.267419134
3348,3348,3348.0,3348.0,3348.0,3348.0,3348.0,3348.0,3348.0,3348.0,3348.0,3348.0,3348.0,3348.0,3348.0,3348.0,3348.0,3348.0,3348.0,3348.0,3348.0,3348.0,3348.0,3348.0,3348.0,3348.0,8.0,,,,,,,,,,,,,,,,,0.8,-0.2668203567,-0.2170176461,-0.2341017430411303,0.1508959772,0.0124889967999999,0.0271882364,0.267419134
3349,3349,3349.0,3349.0,3349.0,3349.0,3349.0,3349.0,3349.0,3349.0,3349.0,3349.0,3349.0,3349.0,3349.0,3349.0,3349.0,3349.0,3349.0,3349.0,3349.0,3349.0,3349.0,3349.0,3349.0,3349.0,9.0,,,,,,,,,,,,,,,,,0.9,-0.2886047106,-0.2186434666,-0.5578158133238174,0.163384974,0.0146992396,0.0146992396,0.267419134
3350,3350,3350.0,3350.0,3350.0,3350.0,3350.0,3350.0,3350.0,3350.0,3350.0,3350.0,3350.0,3350.0,3350.0,3350.0,3350.0,3350.0,3350.0,3350.0,3350.0,3350.0,3350.0,3350.0,3350.0,3350.0,0.0,,,,,,,,,,,,,,,,,0.0,0.0,-1.0,3.877176134807331,0.0,0.0679173575,0.2049647162,0.2665118548
3351,3351,3351.0,3351.0,3351.0,3351.0,3351.0,3351.0,3351.0,3351.0,3351.0,3351.0,3351.0,3351.0,3351.0,3351.0,3351.0,3351.0,3351.0,3351.0,3351.0,3351.0,3351.0,3351.0,3351.0,3351.0,1.0,,,,,,,,,,,,,,,,,0.1,-0.0764070631,-0.5358753234,1.6362099510901065,0.0679173575,0.0212625067999999,0.1370473587,0.2665118548
3352,3352,3352.0,3352.0,3352.0,3352.0,3352.0,3352.0,3352.0,3352.0,3352.0,3352.0,3352.0,3352.0,3352.0,3352.0,3352.0,3352.0,3352.0,3352.0,3352.0,3352.0,3352.0,3352.0,3352.0,3352.0,2.0,,,,,,,,,,,,,,,,,0.2,-0.1194873113,-0.3291740802,0.3050771866488312,0.0891798643,0.0108142143,0.1157848519,0.2665118548
3353,3353,3353.0,3353.0,3353.0,3353.0,3353.0,3353.0,3353.0,3353.0,3353.0,3353.0,3353.0,3353.0,3353.0,3353.0,3353.0,3353.0,3353.0,3353.0,3353.0,3353.0,3353.0,3353.0,3353.0,3353.0,3.0,,,,,,,,,,,,,,,,,0.3,-0.1493365776,-0.2688170951,0.0612929160480013,0.0999940786,0.0090409447,0.1049706376,0.2665118548
3354,3354,3354.0,3354.0,3354.0,3354.0,3354.0,3354.0,3354.0,3354.0,3354.0,3354.0,3354.0,3354.0,3354.0,3354.0,3354.0,3354.0,3354.0,3354.0,3354.0,3354.0,3354.0,3354.0,3354.0,3354.0,4.0,,,,,,,,,,,,,,,,,0.4,-0.1746214753,-0.2374029058,-0.1962657449417214,0.1090350233,0.0090414853999999,0.0959296929,0.2665118548
3355,3355,3355.0,3355.0,3355.0,3355.0,3355.0,3355.0,3355.0,3355.0,3355.0,3355.0,3355.0,3355.0,3355.0,3355.0,3355.0,3355.0,3355.0,3355.0,3355.0,3355.0,3355.0,3355.0,3355.0,3355.0,5.0,,,,,,,,,,,,,,,,,0.5,-0.1981628105,-0.2334881452,-0.1234025925051851,0.1180765087,0.0096145330999999,0.0868882075,0.2665118548
3356,3356,3356.0,3356.0,3356.0,3356.0,3356.0,3356.0,3356.0,3356.0,3356.0,3356.0,3356.0,3356.0,3356.0,3356.0,3356.0,3356.0,3356.0,3356.0,3356.0,3356.0,3356.0,3356.0,3356.0,3356.0,6.0,,,,,,,,,,,,,,,,,0.6,-0.220979231,-0.2230119839,-0.2870092643016679,0.1276910418,0.0105517534,0.0772736744,0.2665118548
3357,3357,3357.0,3357.0,3357.0,3357.0,3357.0,3357.0,3357.0,3357.0,3357.0,3357.0,3357.0,3357.0,3357.0,3357.0,3357.0,3357.0,3357.0,3357.0,3357.0,3357.0,3357.0,3357.0,3357.0,3357.0,7.0,,,,,,,,,,,,,,,,,0.7,-0.2435898748,-0.2291022665,-0.4119520931704378,0.1382427952,0.0122742157,0.066721921,0.2665118548
3358,3358,3358.0,3358.0,3358.0,3358.0,3358.0,3358.0,3358.0,3358.0,3358.0,3358.0,3358.0,3358.0,3358.0,3358.0,3358.0,3358.0,3358.0,3358.0,3358.0,3358.0,3358.0,3358.0,3358.0,3358.0,8.0,,,,,,,,,,,,,,,,,0.8,-0.2673843927,-0.2465029579,-2.722957191609619,0.1505170109,0.0256497819,0.0544477053,0.2665118548
3359,3359,3359.0,3359.0,3359.0,3359.0,3359.0,3359.0,3359.0,3359.0,3359.0,3359.0,3359.0,3359.0,3359.0,3359.0,3359.0,3359.0,3359.0,3359.0,3359.0,3359.0,3359.0,3359.0,3359.0,3359.0,9.0,,,,,,,,,,,,,,,,,0.9,-0.3040142666,-0.4821688032,0.7821644836640228,0.1761667928,0.0287979234,0.0287979234,0.2665118548
3360,3360,3360.0,3360.0,3360.0,3360.0,3360.0,3360.0,3360.0,3360.0,3360.0,3360.0,3360.0,3360.0,3360.0,3360.0,3360.0,3360.0,3360.0,3360.0,3360.0,3360.0,3360.0,3360.0,3360.0,0.0,,,,,,,,,,,,,,,,,,0.0,0.0,-1.0,1.302503714170808,0.0,0.08049222,0.6487255491,-2.5
3361,3361,3361.0,3361.0,3361.0,3361.0,3361.0,3361.0,3361.0,3361.0,3361.0,3361.0,3361.0,3361.0,3361.0,3361.0,3361.0,3361.0,3361.0,3361.0,3361.0,3361.0,3361.0,3361.0,3361.0,1.0,,,,,,,,,,,,,,,,,,0.1,-0.0888618232,-0.7808878054,1.0319290850176543,0.08049222,0.0504339972,0.5682333291,-1.5608878054000002
3362,3362,3362.0,3362.0,3362.0,3362.0,3362.0,3362.0,3362.0,3362.0,3362.0,3362.0,3362.0,3362.0,3362.0,3362.0,3362.0,3362.0,3362.0,3362.0,3362.0,3362.0,3362.0,3362.0,3362.0,2.0,,,,,,,,,,,,,,,,,,0.2,-0.1581812884,-0.6083754317,-2.299847832600454,0.1309262172,0.0541991802,0.5177993319,-0.8283754316999999
3363,3363,3363.0,3363.0,3363.0,3363.0,3363.0,3363.0,3363.0,3363.0,3363.0,3363.0,3363.0,3363.0,3363.0,3363.0,3363.0,3363.0,3363.0,3363.0,3363.0,3363.0,3363.0,3363.0,3363.0,3.0,,,,,,,,,,,,,,,,,,0.3,-0.227201203,-0.7693403004,1.0330180209626243,0.1851253974,0.0542534396,0.4636001517,-0.5893403004000001
3364,3364,3364.0,3364.0,3364.0,3364.0,3364.0,3364.0,3364.0,3364.0,3364.0,3364.0,3364.0,3364.0,3364.0,3364.0,3364.0,3364.0,3364.0,3364.0,3364.0,3364.0,3364.0,3364.0,3364.0,4.0,,,,,,,,,,,,,,,,,,0.4,-0.2954164591,-0.5978232421,-4.166926132419393,0.239378837,0.080019006,0.4093467121,-0.1778232421
3365,3365,3365.0,3365.0,3365.0,3365.0,3365.0,3365.0,3365.0,3365.0,3365.0,3365.0,3365.0,3365.0,3365.0,3365.0,3365.0,3365.0,3365.0,3365.0,3365.0,3365.0,3365.0,3365.0,3365.0,5.0,,,,,,,,,,,,,,,,,,0.5,-0.3724640259,-0.9374682886,0.9300152649060148,0.319397843,0.0898484938999999,0.3293277061,-0.4374682886
3366,3366,3366.0,3366.0,3366.0,3366.0,3366.0,3366.0,3366.0,3366.0,3366.0,3366.0,3366.0,3366.0,3366.0,3366.0,3366.0,3366.0,3366.0,3366.0,3366.0,3366.0,3366.0,3366.0,3366.0,6.0,,,,,,,,,,,,,,,,,,0.6,-0.4571770401,-0.7597537479,0.92265202599546,0.4092463369,0.0709445791999999,0.2394792122,-0.3397537479
3367,3367,3367.0,3367.0,3367.0,3367.0,3367.0,3367.0,3367.0,3367.0,3367.0,3367.0,3367.0,3367.0,3367.0,3367.0,3367.0,3367.0,3367.0,3367.0,3367.0,3367.0,3367.0,3367.0,3367.0,7.0,,,,,,,,,,,,,,,,,,0.7,-0.5250139708,-0.5996516146,0.697822098172826,0.4801909161,0.0597878432,0.168534633,-0.4196516145999999
3368,3368,3368.0,3368.0,3368.0,3368.0,3368.0,3368.0,3368.0,3368.0,3368.0,3368.0,3368.0,3368.0,3368.0,3368.0,3368.0,3368.0,3368.0,3368.0,3368.0,3368.0,3368.0,3368.0,3368.0,8.0,,,,,,,,,,,,,,,,,,0.8,-0.5787028087,-0.4761805668,0.4428241797662209,0.5399787593,0.0549384261999998,0.1087467897999999,-0.6961805668000002
3369,3369,3369.0,3369.0,3369.0,3369.0,3369.0,3369.0,3369.0,3369.0,3369.0,3369.0,3369.0,3369.0,3369.0,3369.0,3369.0,3369.0,3369.0,3369.0,3369.0,3369.0,3369.0,3369.0,3369.0,9.0,,,,,,,,,,,,,,,,,,0.9,-0.6218754215,-0.3887255361,0.2692122662404892,0.5949171855,0.0538083636,0.0538083636,-1.1687255361000002
3370,3370,3370.0,3370.0,3370.0,3370.0,3370.0,3370.0,3370.0,3370.0,3370.0,3370.0,3370.0,3370.0,3370.0,3370.0,3370.0,3370.0,3370.0,3370.0,3370.0,3370.0,3370.0,3370.0,3370.0,0.0,,,,,,,,,,,,,,,,,,0.0,0.0,-1.0,1.2946477646195982,0.0,0.0805470219,0.4756895378,-2.5
3371,3371,3371.0,3371.0,3371.0,3371.0,3371.0,3371.0,3371.0,3371.0,3371.0,3371.0,3371.0,3371.0,3371.0,3371.0,3371.0,3371.0,3371.0,3371.0,3371.0,3371.0,3371.0,3371.0,3371.0,1.0,,,,,,,,,,,,,,,,,,0.1,-0.0888998257,-0.7816353978,1.2458726908351354,0.0805470219,0.0494052162,0.3951425159,-1.5616353978000004
3372,3372,3372.0,3372.0,3372.0,3372.0,3372.0,3372.0,3372.0,3372.0,3372.0,3372.0,3372.0,3372.0,3372.0,3372.0,3372.0,3372.0,3372.0,3372.0,3372.0,3372.0,3372.0,3372.0,3372.0,2.0,,,,,,,,,,,,,,,,,,0.2,-0.1572555247,-0.5886924297,-2.963092591531335,0.1299522381,0.0579861251999999,0.3457372997,-0.8086924297
3373,3373,3373.0,3373.0,3373.0,3373.0,3373.0,3373.0,3373.0,3373.0,3373.0,3373.0,3373.0,3373.0,3373.0,3373.0,3373.0,3373.0,3373.0,3373.0,3373.0,3373.0,3373.0,3373.0,3373.0,3.0,,,,,,,,,,,,,,,,,,0.3,-0.2276107361,-0.8146464775,0.5632055956113753,0.1879383633,0.0633788064,0.2877511745,-0.6346464775
3374,3374,3374.0,3374.0,3374.0,3374.0,3374.0,3374.0,3374.0,3374.0,3374.0,3374.0,3374.0,3374.0,3374.0,3374.0,3374.0,3374.0,3374.0,3374.0,3374.0,3374.0,3374.0,3374.0,3374.0,4.0,,,,,,,,,,,,,,,,,,0.4,-0.302410127,-0.683526527,0.7796949387323326,0.2513171697,0.0492116753999999,0.2243723681,-0.263526527
3375,3375,3375.0,3375.0,3375.0,3375.0,3375.0,3375.0,3375.0,3375.0,3375.0,3375.0,3375.0,3375.0,3375.0,3375.0,3375.0,3375.0,3375.0,3375.0,3375.0,3375.0,3375.0,3375.0,3375.0,5.0,,,,,,,,,,,,,,,,,,0.5,-0.3636845905,-0.5442825697,0.4921861332735753,0.3005288451,0.0397892131,0.1751606927,-0.0442825696999999
3376,3376,3376.0,3376.0,3376.0,3376.0,3376.0,3376.0,3376.0,3376.0,3376.0,3376.0,3376.0,3376.0,3376.0,3376.0,3376.0,3376.0,3376.0,3376.0,3376.0,3376.0,3376.0,3376.0,3376.0,6.0,,,,,,,,,,,,,,,,,,0.6,-0.4130990971,-0.4456494497,0.5735053760294653,0.3403180582,0.0347769494999999,0.1353714796,-0.0256494496999999
3377,3377,3377.0,3377.0,3377.0,3377.0,3377.0,3377.0,3377.0,3377.0,3377.0,3377.0,3377.0,3377.0,3377.0,3377.0,3377.0,3377.0,3377.0,3377.0,3377.0,3377.0,3377.0,3377.0,3377.0,7.0,,,,,,,,,,,,,,,,,,0.7,-0.4527340477,-0.3486639615,0.0807225285969028,0.3750950077,0.0328179916,0.1005945301,-0.1686639614999998
3378,3378,3378.0,3378.0,3378.0,3378.0,3378.0,3378.0,3378.0,3378.0,3378.0,3378.0,3378.0,3378.0,3378.0,3378.0,3378.0,3378.0,3378.0,3378.0,3378.0,3378.0,3378.0,3378.0,3378.0,8.0,,,,,,,,,,,,,,,,,,0.8,-0.485523616,-0.3078021403,0.0572108091034364,0.4079129993,0.0334694371,0.0677765384999999,-0.5278021403000002
3379,3379,3379.0,3379.0,3379.0,3379.0,3379.0,3379.0,3379.0,3379.0,3379.0,3379.0,3379.0,3379.0,3379.0,3379.0,3379.0,3379.0,3379.0,3379.0,3379.0,3379.0,3379.0,3379.0,3379.0,9.0,,,,,,,,,,,,,,,,,,0.9,-0.5145384496,-0.2730662259,0.1211216627458135,0.4413824364,0.0343071013999999,0.0343071013999999,-1.0530662259000003
3380,3380,3380.0,3380.0,3380.0,3380.0,3380.0,3380.0,3380.0,3380.0,3380.0,3380.0,3380.0,3380.0,3380.0,3380.0,3380.0,3380.0,3380.0,3380.0,3380.0,3380.0,3380.0,3380.0,3380.0,0.0,,,,,,,,,,,,,,,,,,0.0,0.0,-1.0,1.5282704377404626,0.0,0.0789601433,0.4474052591,0.0095781045
3381,3381,3381.0,3381.0,3381.0,3381.0,3381.0,3381.0,3381.0,3381.0,3381.0,3381.0,3381.0,3381.0,3381.0,3381.0,3381.0,3381.0,3381.0,3381.0,3381.0,3381.0,3381.0,3381.0,3381.0,1.0,,,,,,,,,,,,,,,,,,0.1,-0.0877696995,-0.7594032567,1.0948930795759395,0.0789601433,0.0472530073,0.3684451158,0.0095781045
3382,3382,3382.0,3382.0,3382.0,3382.0,3382.0,3382.0,3382.0,3382.0,3382.0,3382.0,3382.0,3382.0,3382.0,3382.0,3382.0,3382.0,3382.0,3382.0,3382.0,3382.0,3382.0,3382.0,3382.0,2.0,,,,,,,,,,,,,,,,,,0.2,-0.1547400842,-0.5829435641,-2.9760760534318003,0.1262131506,0.0572468941,0.3211921085,0.0095781045
3383,3383,3383.0,3383.0,3383.0,3383.0,3383.0,3383.0,3383.0,3383.0,3383.0,3383.0,3383.0,3383.0,3383.0,3383.0,3383.0,3383.0,3383.0,3383.0,3383.0,3383.0,3383.0,3383.0,3383.0,3.0,,,,,,,,,,,,,,,,,,0.3,-0.2246110247,-0.8106802289,0.6881921903073933,0.1834600447,0.0618430349,0.2639452144,0.0095781045
3384,3384,3384.0,3384.0,3384.0,3384.0,3384.0,3384.0,3384.0,3384.0,3384.0,3384.0,3384.0,3384.0,3384.0,3384.0,3384.0,3384.0,3384.0,3384.0,3384.0,3384.0,3384.0,3384.0,3384.0,4.0,,,,,,,,,,,,,,,,,,0.4,-0.2984283645,-0.66804367,0.9279990489865524,0.2453030796,0.0464001186,0.2021021795,0.0095781045
3385,3385,3385.0,3385.0,3385.0,3385.0,3385.0,3385.0,3385.0,3385.0,3385.0,3385.0,3385.0,3385.0,3385.0,3385.0,3385.0,3385.0,3385.0,3385.0,3385.0,3385.0,3385.0,3385.0,3385.0,5.0,,,,,,,,,,,,,,,,,,0.5,-0.3575120322,-0.5161600974,0.594971217976898,0.2917031982,0.0362256213999999,0.1557020609,0.0095781045
3386,3386,3386.0,3386.0,3386.0,3386.0,3386.0,3386.0,3386.0,3386.0,3386.0,3386.0,3386.0,3386.0,3386.0,3386.0,3386.0,3386.0,3386.0,3386.0,3386.0,3386.0,3386.0,3386.0,3386.0,6.0,,,,,,,,,,,,,,,,,,0.6,-0.4037531124,-0.4104218955,0.5220212969973603,0.3279288196,0.0314310889,0.1194764395,0.0095781045
3387,3387,3387.0,3387.0,3387.0,3387.0,3387.0,3387.0,3387.0,3387.0,3387.0,3387.0,3387.0,3387.0,3387.0,3387.0,3387.0,3387.0,3387.0,3387.0,3387.0,3387.0,3387.0,3387.0,3387.0,7.0,,,,,,,,,,,,,,,,,,0.7,-0.4402847697,-0.3216881085,0.2708811199085782,0.3593599085,0.0293960918,0.0880453506,0.0095781045
3388,3388,3388.0,3388.0,3388.0,3388.0,3388.0,3388.0,3388.0,3388.0,3388.0,3388.0,3388.0,3388.0,3388.0,3388.0,3388.0,3388.0,3388.0,3388.0,3388.0,3388.0,3388.0,3388.0,3388.0,8.0,,,,,,,,,,,,,,,,,,0.8,-0.4695871834,-0.2652975828,0.2882933240435057,0.3887560003,0.0289862636,0.0586492587999999,0.0095781045
3389,3389,3389.0,3389.0,3389.0,3389.0,3389.0,3389.0,3389.0,3389.0,3389.0,3389.0,3389.0,3389.0,3389.0,3389.0,3389.0,3389.0,3389.0,3389.0,3389.0,3389.0,3389.0,3389.0,3389.0,9.0,,,,,,,,,,,,,,,,,,0.9,-0.4934390547,-0.2126163791,-0.0871463934246827,0.4177422639,0.0296629951999999,0.0296629951999999,0.0095781045
3390,3390,3390.0,3390.0,3390.0,3390.0,3390.0,3390.0,3390.0,3390.0,3390.0,3390.0,3390.0,3390.0,3390.0,3390.0,3390.0,3390.0,3390.0,3390.0,3390.0,3390.0,3390.0,3390.0,3390.0,0.0,,,,,,,,,,,,,,,,,,0.0,0.0,-1.0,1.5409103773160706,0.0,0.0788768022,0.4434187343999999,0.0280923294
3391,3391,3391.0,3391.0,3391.0,3391.0,3391.0,3391.0,3391.0,3391.0,3391.0,3391.0,3391.0,3391.0,3391.0,3391.0,3391.0,3391.0,3391.0,3391.0,3391.0,3391.0,3391.0,3391.0,3391.0,1.0,,,,,,,,,,,,,,,,,,0.1,-0.0877085549,-0.7582004074,1.210946094652392,0.0788768022,0.0465109842,0.3645419322,0.0280923294
3392,3392,3392.0,3392.0,3392.0,3392.0,3392.0,3392.0,3392.0,3392.0,3392.0,3392.0,3392.0,3392.0,3392.0,3392.0,3392.0,3392.0,3392.0,3392.0,3392.0,3392.0,3392.0,3392.0,3392.0,2.0,,,,,,,,,,,,,,,,,,0.2,-0.1540030782,-0.5708112746,-3.232610086327917,0.1253877864,0.0582327266,0.318030948,0.0280923294
3393,3393,3393.0,3393.0,3393.0,3393.0,3393.0,3393.0,3393.0,3393.0,3393.0,3393.0,3393.0,3393.0,3393.0,3393.0,3393.0,3393.0,3393.0,3393.0,3393.0,3393.0,3393.0,3393.0,3393.0,3.0,,,,,,,,,,,,,,,,,,0.3,-0.2239604395,-0.8241149219,1.0156368733855463,0.183620513,0.0617293598999999,0.2597982214,0.0280923294
3394,3394,3394.0,3394.0,3394.0,3394.0,3394.0,3394.0,3394.0,3394.0,3394.0,3394.0,3394.0,3394.0,3394.0,3394.0,3394.0,3394.0,3394.0,3394.0,3394.0,3394.0,3394.0,3394.0,3394.0,4.0,,,,,,,,,,,,,,,,,,0.4,-0.2974722718,-0.6490394023,0.9107298022702032,0.2453498729,0.0442440599,0.1980688615,0.0280923294
3395,3395,3395.0,3395.0,3395.0,3395.0,3395.0,3395.0,3395.0,3395.0,3395.0,3395.0,3395.0,3395.0,3395.0,3395.0,3395.0,3395.0,3395.0,3395.0,3395.0,3395.0,3395.0,3395.0,3395.0,5.0,,,,,,,,,,,,,,,,,,0.5,-0.3548309849,-0.5006077089,0.6416476111727202,0.2895939328,0.0344434712999999,0.1538248016,0.0280923294
3396,3396,3396.0,3396.0,3396.0,3396.0,3396.0,3396.0,3396.0,3396.0,3396.0,3396.0,3396.0,3396.0,3396.0,3396.0,3396.0,3396.0,3396.0,3396.0,3396.0,3396.0,3396.0,3396.0,3396.0,6.0,,,,,,,,,,,,,,,,,,0.6,-0.3993662622,-0.3919076706,0.307512604784757,0.3240374041,0.0303745671,0.1193813303,0.0280923294
3397,3397,3397.0,3397.0,3397.0,3397.0,3397.0,3397.0,3397.0,3397.0,3397.0,3397.0,3397.0,3397.0,3397.0,3397.0,3397.0,3397.0,3397.0,3397.0,3397.0,3397.0,3397.0,3397.0,3397.0,7.0,,,,,,,,,,,,,,,,,,0.7,-0.4351738002,-0.3253488721,0.159385079593087,0.3544119712,0.0294615208999999,0.0890067632,0.0280923294
3398,3398,3398.0,3398.0,3398.0,3398.0,3398.0,3398.0,3398.0,3398.0,3398.0,3398.0,3398.0,3398.0,3398.0,3398.0,3398.0,3398.0,3398.0,3398.0,3398.0,3398.0,3398.0,3398.0,3398.0,8.0,,,,,,,,,,,,,,,,,,0.8,-0.4653640613,-0.279220103,0.2379604975320818,0.3838734921,0.0294105407999999,0.0595452423,0.0280923294
3399,3399,3399.0,3399.0,3399.0,3399.0,3399.0,3399.0,3399.0,3399.0,3399.0,3399.0,3399.0,3399.0,3399.0,3399.0,3399.0,3399.0,3399.0,3399.0,3399.0,3399.0,3399.0,3399.0,3399.0,9.0,,,,,,,,,,,,,,,,,,0.9,-0.4907843803,-0.2300037343,-0.0627900730915372,0.4132840329,0.0301347015,0.0301347015,0.0280923294
3400,3400,3400.0,3400.0,3400.0,3400.0,3400.0,3400.0,3400.0,3400.0,3400.0,3400.0,3400.0,3400.0,3400.0,3400.0,3400.0,3400.0,3400.0,3400.0,3400.0,3400.0,3400.0,3400.0,3400.0,0.0,,,,,,,,,,,,,,,,,,0.0,0.0,-1.0,1.505376251561322,0.0,0.0791117543,0.4737929954000001,-2.5
3401,3401,3401.0,3401.0,3401.0,3401.0,3401.0,3401.0,3401.0,3401.0,3401.0,3401.0,3401.0,3401.0,3401.0,3401.0,3401.0,3401.0,3401.0,3401.0,3401.0,3401.0,3401.0,3401.0,3401.0,1.0,,,,,,,,,,,,,,,,,,0.1,-0.0878804483,-0.7615819266,1.103531647527796,0.0791117543,0.0474926877999999,0.3946812411000001,-1.5415819266000002
3402,3402,3402.0,3402.0,3402.0,3402.0,3402.0,3402.0,3402.0,3402.0,3402.0,3402.0,3402.0,3402.0,3402.0,3402.0,3402.0,3402.0,3402.0,3402.0,3402.0,3402.0,3402.0,3402.0,3402.0,2.0,,,,,,,,,,,,,,,,,,0.2,-0.1550163722,-0.5840928379,-3.016553418509335,0.1266044421,0.0578251935,0.3471885533000001,-0.8040928379
3403,3403,3403.0,3403.0,3403.0,3403.0,3403.0,3403.0,3403.0,3403.0,3403.0,3403.0,3403.0,3403.0,3403.0,3403.0,3403.0,3403.0,3403.0,3403.0,3403.0,3403.0,3403.0,3403.0,3403.0,3.0,,,,,,,,,,,,,,,,,,0.3,-0.2251924863,-0.8155720656,0.5637216710035365,0.1844296356,0.0633818222,0.2893633598,-0.6355720656
3404,3404,3404.0,3404.0,3404.0,3404.0,3404.0,3404.0,3404.0,3404.0,3404.0,3404.0,3404.0,3404.0,3404.0,3404.0,3404.0,3404.0,3404.0,3404.0,3404.0,3404.0,3404.0,3404.0,3404.0,4.0,,,,,,,,,,,,,,,,,,0.4,-0.3000774626,-0.6843149223,0.626603695001144,0.2478114578,0.0499428215999999,0.2259815376,-0.2643149223
3405,3405,3405.0,3405.0,3405.0,3405.0,3405.0,3405.0,3405.0,3405.0,3405.0,3405.0,3405.0,3405.0,3405.0,3405.0,3405.0,3405.0,3405.0,3405.0,3405.0,3405.0,3405.0,3405.0,3405.0,5.0,,,,,,,,,,,,,,,,,,0.5,-0.3621675148,-0.5595645006,0.6058714194897631,0.2977542794,0.0407008569,0.176038716,-0.0595645005999999
3406,3406,3406.0,3406.0,3406.0,3406.0,3406.0,3406.0,3406.0,3406.0,3406.0,3406.0,3406.0,3406.0,3406.0,3406.0,3406.0,3406.0,3406.0,3406.0,3406.0,3406.0,3406.0,3406.0,3406.0,6.0,,,,,,,,,,,,,,,,,,0.6,-0.4124863387,-0.4486585347,0.3104499311847865,0.3384551363,0.0358836382999999,0.1353378591,-0.0286585346999999
3407,3407,3407.0,3407.0,3407.0,3407.0,3407.0,3407.0,3407.0,3407.0,3407.0,3407.0,3407.0,3407.0,3407.0,3407.0,3407.0,3407.0,3407.0,3407.0,3407.0,3407.0,3407.0,3407.0,3407.0,7.0,,,,,,,,,,,,,,,,,,0.7,-0.4536802287,-0.3764196516,0.3859026500076706,0.3743387746,0.033865817,0.0994542208,-0.1964196515999998
3408,3408,3408.0,3408.0,3408.0,3408.0,3408.0,3408.0,3408.0,3408.0,3408.0,3408.0,3408.0,3408.0,3408.0,3408.0,3408.0,3408.0,3408.0,3408.0,3408.0,3408.0,3408.0,3408.0,3408.0,8.0,,,,,,,,,,,,,,,,,,0.8,-0.4876346558,-0.3038749594,0.3206664550046226,0.4082045916,0.0327578531,0.0655884038,-0.5238749594000002
3409,3409,3409.0,3409.0,3409.0,3409.0,3409.0,3409.0,3409.0,3409.0,3409.0,3409.0,3409.0,3409.0,3409.0,3409.0,3409.0,3409.0,3409.0,3409.0,3409.0,3409.0,3409.0,3409.0,3409.0,9.0,,,,,,,,,,,,,,,,,,0.9,-0.515001053,-0.2444419167,0.1520547739659887,0.4409624447,0.0328305507,0.0328305507,-1.0244419167000005
3410,3410,3410.0,3410.0,3410.0,3410.0,3410.0,3410.0,3410.0,3410.0,3410.0,3410.0,3410.0,3410.0,3410.0,3410.0,3410.0,3410.0,3410.0,3410.0,3410.0,3410.0,3410.0,3410.0,3410.0,0.0,,,,,,,,,,,,,,,,,,0.0,0.0,-1.0,1.4717874123356978,0.0,0.0793357246,0.4390021387999999,0.0196606696
3411,3411,3411.0,3411.0,3411.0,3411.0,3411.0,3411.0,3411.0,3411.0,3411.0,3411.0,3411.0,3411.0,3411.0,3411.0,3411.0,3411.0,3411.0,3411.0,3411.0,3411.0,3411.0,3411.0,3411.0,1.0,,,,,,,,,,,,,,,,,,0.1,-0.0880429315,-0.7647783272,0.9549336579426984,0.0793357246,0.0486992365,0.3596664141999999,0.0196606696
3412,3412,3412.0,3412.0,3412.0,3412.0,3412.0,3412.0,3412.0,3412.0,3412.0,3412.0,3412.0,3412.0,3412.0,3412.0,3412.0,3412.0,3412.0,3412.0,3412.0,3412.0,3412.0,3412.0,3412.0,2.0,,,,,,,,,,,,,,,,,,0.2,-0.1562018362,-0.6011260567,-2.6324944817731013,0.1280349611,0.056325341,0.3109671776999999,0.0196606696
3413,3413,3413.0,3413.0,3413.0,3413.0,3413.0,3413.0,3413.0,3413.0,3413.0,3413.0,3413.0,3413.0,3413.0,3413.0,3413.0,3413.0,3413.0,3413.0,3413.0,3413.0,3413.0,3413.0,3413.0,3.0,,,,,,,,,,,,,,,,,,0.3,-0.2261410315,-0.7944363097,0.8503019077813581,0.1843603021,0.0586391352,0.2546418366999999,0.0196606696
3414,3414,3414.0,3414.0,3414.0,3414.0,3414.0,3414.0,3414.0,3414.0,3414.0,3414.0,3414.0,3414.0,3414.0,3414.0,3414.0,3414.0,3414.0,3414.0,3414.0,3414.0,3414.0,3414.0,3414.0,4.0,,,,,,,,,,,,,,,,,,0.4,-0.297628364,-0.6379187864,0.7925538278015668,0.2429994373,0.0435455208999999,0.1960027015,0.0196606696
3415,3415,3415.0,3415.0,3415.0,3415.0,3415.0,3415.0,3415.0,3415.0,3415.0,3415.0,3415.0,3415.0,3415.0,3415.0,3415.0,3415.0,3415.0,3415.0,3415.0,3415.0,3415.0,3415.0,3415.0,5.0,,,,,,,,,,,,,,,,,,0.5,-0.3545004777,-0.5017912899,0.5642987533922565,0.2865449582,0.0348093397,0.1524571806,0.0196606696
3416,3416,3416.0,3416.0,3416.0,3416.0,3416.0,3416.0,3416.0,3416.0,3416.0,3416.0,3416.0,3416.0,3416.0,3416.0,3416.0,3416.0,3416.0,3416.0,3416.0,3416.0,3416.0,3416.0,3416.0,6.0,,,,,,,,,,,,,,,,,,0.6,-0.3995225619,-0.4003393304,0.4116913035259869,0.3213542979,0.0306725392,0.1176478409,0.0196606696
3417,3417,3417.0,3417.0,3417.0,3417.0,3417.0,3417.0,3417.0,3417.0,3417.0,3417.0,3417.0,3417.0,3417.0,3417.0,3417.0,3417.0,3417.0,3417.0,3417.0,3417.0,3417.0,3417.0,3417.0,7.0,,,,,,,,,,,,,,,,,,0.7,-0.4356284701,-0.3230642918,0.2458143356382848,0.3520268371,0.029123926,0.0869753017,0.0196606696
3418,3418,3418.0,3418.0,3418.0,3418.0,3418.0,3418.0,3418.0,3418.0,3418.0,3418.0,3418.0,3418.0,3418.0,3418.0,3418.0,3418.0,3418.0,3418.0,3418.0,3418.0,3418.0,3418.0,3418.0,8.0,,,,,,,,,,,,,,,,,,0.8,-0.4651831354,-0.2689281929,0.2411668190863433,0.3811507631,0.0288489878,0.0578513756999999,0.0196606696
3419,3419,3419.0,3419.0,3419.0,3419.0,3419.0,3419.0,3419.0,3419.0,3419.0,3419.0,3419.0,3419.0,3419.0,3419.0,3419.0,3419.0,3419.0,3419.0,3419.0,3419.0,3419.0,3419.0,3419.0,9.0,,,,,,,,,,,,,,,,,,0.9,-0.4896085232,-0.2203861232,0.2168681697971654,0.4099997509,0.0290023878999999,0.0290023878999999,0.0196606696
3420,3420,3420.0,3420.0,3420.0,3420.0,3420.0,3420.0,3420.0,3420.0,3420.0,3420.0,3420.0,3420.0,3420.0,3420.0,3420.0,3420.0,3420.0,3420.0,3420.0,3420.0,3420.0,3420.0,0.0,,,,,,,,,,,,,,,,,,,0.0,0.0,-1.0,7.236397360237893,0.0,0.0676550017,1.3120726244,-2.5
3421,3421,3421.0,3421.0,3421.0,3421.0,3421.0,3421.0,3421.0,3421.0,3421.0,3421.0,3421.0,3421.0,3421.0,3421.0,3421.0,3421.0,3421.0,3421.0,3421.0,3421.0,3421.0,3421.0,1.0,,,,,,,,,,,,,,,,,,,0.1,-0.0601571026,-0.2162031614,-19.942644828965417,0.0676550017,0.366394033,1.2444176227,-0.9962031614000002
3422,3422,3422.0,3422.0,3422.0,3422.0,3422.0,3422.0,3422.0,3422.0,3422.0,3422.0,3422.0,3422.0,3422.0,3422.0,3422.0,3422.0,3422.0,3422.0,3422.0,3422.0,3422.0,3422.0,2.0,,,,,,,,,,,,,,,,,,,0.2,-0.177202455,-2.0934222918,7.558582070583314,0.4340490347,0.3074592626,0.8780235897,-2.3134222918000003
3423,3423,3423.0,3423.0,3423.0,3423.0,3423.0,3423.0,3423.0,3423.0,3423.0,3423.0,3423.0,3423.0,3423.0,3423.0,3423.0,3423.0,3423.0,3423.0,3423.0,3423.0,3423.0,3423.0,3.0,,,,,,,,,,,,,,,,,,,0.3,-0.3398539931,-1.1749125467,5.908751994453186,0.7415082973,0.1055470792999999,0.5705643271,-0.9949125467
3424,3424,3424.0,3424.0,3424.0,3424.0,3424.0,3424.0,3424.0,3424.0,3424.0,3424.0,3424.0,3424.0,3424.0,3424.0,3424.0,3424.0,3424.0,3424.0,3424.0,3424.0,3424.0,3424.0,4.0,,,,,,,,,,,,,,,,,,,0.4,-0.4230786107,-0.5008127296,-0.5253740174783689,0.8470553766,0.0454453381,0.4650172478000001,-0.0808127295999999
3425,3425,3425.0,3425.0,3425.0,3425.0,3425.0,3425.0,3425.0,3425.0,3425.0,3425.0,3425.0,3425.0,3425.0,3425.0,3425.0,3425.0,3425.0,3425.0,3425.0,3425.0,3425.0,3425.0,5.0,,,,,,,,,,,,,,,,,,,0.5,-0.473278648,-0.5031500942,-0.9957816168154144,0.8925007147,0.0532329543999999,0.4195719097,-0.0031500942
3426,3426,3426.0,3426.0,3426.0,3426.0,3426.0,3426.0,3426.0,3426.0,3426.0,3426.0,3426.0,3426.0,3426.0,3426.0,3426.0,3426.0,3426.0,3426.0,3426.0,3426.0,3426.0,3426.0,6.0,,,,,,,,,,,,,,,,,,,0.6,-0.5259762477,-0.5500306561,-1.318750712802911,0.9457336691,0.0661984472999999,0.3663389553,-0.1300306560999999
3427,3427,3427.0,3427.0,3427.0,3427.0,3427.0,3427.0,3427.0,3427.0,3427.0,3427.0,3427.0,3427.0,3427.0,3427.0,3427.0,3427.0,3427.0,3427.0,3427.0,3427.0,3427.0,3427.0,7.0,,,,,,,,,,,,,,,,,,,0.7,-0.5846975692,-0.6231844059,-1.1420394289307532,1.0119321164,0.0807679946000001,0.3001405080000001,-0.4431844058999998
3428,3428,3428.0,3428.0,3428.0,3428.0,3428.0,3428.0,3428.0,3428.0,3428.0,3428.0,3428.0,3428.0,3428.0,3428.0,3428.0,3428.0,3428.0,3428.0,3428.0,3428.0,3428.0,3428.0,8.0,,,,,,,,,,,,,,,,,,,0.8,-0.6495254283,-0.6725604897,-1.4766736101661446,1.092700111,0.0986486154999999,0.2193725133999999,-0.8925604897000002
3429,3429,3429.0,3429.0,3429.0,3429.0,3429.0,3429.0,3429.0,3429.0,3429.0,3429.0,3429.0,3429.0,3429.0,3429.0,3429.0,3429.0,3429.0,3429.0,3429.0,3429.0,3429.0,3429.0,9.0,,,,,,,,,,,,,,,,,,,0.9,-0.7206708659,-0.7490824131,-1.516488667742507,1.1913487265,0.1207238979,0.1207238979,-1.5290824131000005
3430,3430,3430.0,3430.0,3430.0,3430.0,3430.0,3430.0,3430.0,3430.0,3430.0,3430.0,3430.0,3430.0,3430.0,3430.0,3430.0,3430.0,3430.0,3430.0,3430.0,3430.0,3430.0,3430.0,0.0,,,,,,,,,,,,,,,,,,,0.0,0.0,-1.0,7.20543274339324,0.0,0.067573949,1.3146955455,-2.5
3431,3431,3431.0,3431.0,3431.0,3431.0,3431.0,3431.0,3431.0,3431.0,3431.0,3431.0,3431.0,3431.0,3431.0,3431.0,3431.0,3431.0,3431.0,3431.0,3431.0,3431.0,3431.0,3431.0,1.0,,,,,,,,,,,,,,,,,,,0.1,-0.0603068914,-0.2191498342,-20.082991858145565,0.067573949,0.371880846,1.2471215965,-0.9991498342000004
3432,3432,3432.0,3432.0,3432.0,3432.0,3432.0,3432.0,3432.0,3432.0,3432.0,3432.0,3432.0,3432.0,3432.0,3432.0,3432.0,3432.0,3432.0,3432.0,3432.0,3432.0,3432.0,3432.0,2.0,,,,,,,,,,,,,,,,,,,0.2,-0.1783115739,-2.1094443375,7.813748717944987,0.439454795,0.3108457663,0.8752407504999999,-2.3294443375
3433,3433,3433.0,3433.0,3433.0,3433.0,3433.0,3433.0,3433.0,3433.0,3433.0,3433.0,3433.0,3433.0,3433.0,3433.0,3433.0,3433.0,3433.0,3433.0,3433.0,3433.0,3433.0,3433.0,3.0,,,,,,,,,,,,,,,,,,,0.3,-0.3412534636,-1.1651275761,5.852628500422158,0.7503005613,0.1041311682,0.5643949842,-0.9851275761
3434,3434,3434.0,3434.0,3434.0,3434.0,3434.0,3434.0,3434.0,3434.0,3434.0,3434.0,3434.0,3434.0,3434.0,3434.0,3434.0,3434.0,3434.0,3434.0,3434.0,3434.0,3434.0,3434.0,4.0,,,,,,,,,,,,,,,,,,,0.4,-0.4238184106,-0.497299779,-0.6399116611249377,0.8544317295,0.0458026109,0.460263816,-0.0772997789999999
3435,3435,3435.0,3435.0,3435.0,3435.0,3435.0,3435.0,3435.0,3435.0,3435.0,3435.0,3435.0,3435.0,3435.0,3435.0,3435.0,3435.0,3435.0,3435.0,3435.0,3435.0,3435.0,3435.0,5.0,,,,,,,,,,,,,,,,,,,0.5,-0.4742380138,-0.510871342,-1.04502258579286,0.9002343404,0.0544633946999999,0.4144612050999999,-0.0108713419999999
3436,3436,3436.0,3436.0,3436.0,3436.0,3436.0,3436.0,3436.0,3436.0,3436.0,3436.0,3436.0,3436.0,3436.0,3436.0,3436.0,3436.0,3436.0,3436.0,3436.0,3436.0,3436.0,3436.0,6.0,,,,,,,,,,,,,,,,,,,0.6,-0.5279086282,-0.5617029861,-1.0468401502383442,0.9546977351,0.0658387246999999,0.3599978104,-0.1417029860999999
3437,3437,3437.0,3437.0,3437.0,3437.0,3437.0,3437.0,3437.0,3437.0,3437.0,3437.0,3437.0,3437.0,3437.0,3437.0,3437.0,3437.0,3437.0,3437.0,3437.0,3437.0,3437.0,3437.0,7.0,,,,,,,,,,,,,,,,,,,0.7,-0.5864252321,-0.6078703972,-1.2444020228784145,1.0205364598,0.0798033471000001,0.2941590857,-0.4278703971999998
3438,3438,3438.0,3438.0,3438.0,3438.0,3438.0,3438.0,3438.0,3438.0,3438.0,3438.0,3438.0,3438.0,3438.0,3438.0,3438.0,3438.0,3438.0,3438.0,3438.0,3438.0,3438.0,3438.0,8.0,,,,,,,,,,,,,,,,,,,0.8,-0.6502909683,-0.6684448634,-1.277468248626898,1.1003398069,0.0964751574999998,0.2143557385999999,-0.8884448634000002
3439,3439,3439.0,3439.0,3439.0,3439.0,3439.0,3439.0,3439.0,3439.0,3439.0,3439.0,3439.0,3439.0,3439.0,3439.0,3439.0,3439.0,3439.0,3439.0,3439.0,3439.0,3439.0,3439.0,9.0,,,,,,,,,,,,,,,,,,,0.9,-0.7200810619,-0.7264015946,-1.597761010138398,1.1968149644,0.1178805811000001,0.1178805811000001,-1.5064015946000002
3440,3440,3440.0,3440.0,3440.0,3440.0,3440.0,3440.0,3440.0,3440.0,3440.0,3440.0,3440.0,3440.0,3440.0,3440.0,3440.0,3440.0,3440.0,3440.0,3440.0,3440.0,3440.0,3440.0,0.0,,,,,,,,,,,,,,,,,,,0.0,0.0,-1.0,7.3666975339992895,0.0,0.0680130932,1.2926558705,0.0066497685999999
3441,3441,3441.0,3441.0,3441.0,3441.0,3441.0,3441.0,3441.0,3441.0,3441.0,3441.0,3441.0,3441.0,3441.0,3441.0,3441.0,3441.0,3441.0,3441.0,3441.0,3441.0,3441.0,3441.0,1.0,,,,,,,,,,,,,,,,,,,0.1,-0.0595267862,-0.2038034604,-19.902200775903783,0.0680130932,0.362274706,1.2246427773,0.0066497685999999
3442,3442,3442.0,3442.0,3442.0,3442.0,3442.0,3442.0,3442.0,3442.0,3442.0,3442.0,3442.0,3442.0,3442.0,3442.0,3442.0,3442.0,3442.0,3442.0,3442.0,3442.0,3442.0,3442.0,2.0,,,,,,,,,,,,,,,,,,,0.2,-0.1751965096,-2.0783538146,7.514691689870031,0.4302877992,0.3029393418,0.8623680712999999,0.0066497685999999
3443,3443,3443.0,3443.0,3443.0,3443.0,3443.0,3443.0,3443.0,3443.0,3443.0,3443.0,3443.0,3443.0,3443.0,3443.0,3443.0,3443.0,3443.0,3443.0,3443.0,3443.0,3443.0,3443.0,3.0,,,,,,,,,,,,,,,,,,,0.3,-0.3366264083,-1.1654547469,5.71560737132321,0.733227141,0.104008246,0.5594287295,0.0066497685999999
3444,3444,3444.0,3444.0,3444.0,3444.0,3444.0,3444.0,3444.0,3444.0,3444.0,3444.0,3444.0,3444.0,3444.0,3444.0,3444.0,3444.0,3444.0,3444.0,3444.0,3444.0,3444.0,3444.0,4.0,,,,,,,,,,,,,,,,,,,0.4,-0.419885318,-0.5106351,-0.3290027943406459,0.837235387,0.0450771259,0.4554204835,0.0066497685999999
3445,3445,3445.0,3445.0,3445.0,3445.0,3445.0,3445.0,3445.0,3445.0,3445.0,3445.0,3445.0,3445.0,3445.0,3445.0,3445.0,3445.0,3445.0,3445.0,3445.0,3445.0,3445.0,3445.0,5.0,,,,,,,,,,,,,,,,,,,0.5,-0.4700704661,-0.4933502314,-1.201205435530105,0.8823125129,0.0532091523,0.4103433575999999,0.0066497685999999
3446,3446,3446.0,3446.0,3446.0,3446.0,3446.0,3446.0,3446.0,3446.0,3446.0,3446.0,3446.0,3446.0,3446.0,3446.0,3446.0,3446.0,3446.0,3446.0,3446.0,3446.0,3446.0,3446.0,6.0,,,,,,,,,,,,,,,,,,,0.6,-0.5228293447,-0.5607118964,-1.0052569443083414,0.9355216652,0.0648722153,0.3571342052999999,0.0066497685999999
3447,3447,3447.0,3447.0,3447.0,3447.0,3447.0,3447.0,3447.0,3447.0,3447.0,3447.0,3447.0,3447.0,3447.0,3447.0,3447.0,3447.0,3447.0,3447.0,3447.0,3447.0,3447.0,3447.0,7.0,,,,,,,,,,,,,,,,,,,0.7,-0.5810504842,-0.6030164513,-1.2284571231215695,1.0003938805,0.0784031495999999,0.2922619899999998,0.0066497685999999
3448,3448,3448.0,3448.0,3448.0,3448.0,3448.0,3448.0,3448.0,3448.0,3448.0,3448.0,3448.0,3448.0,3448.0,3448.0,3448.0,3448.0,3448.0,3448.0,3448.0,3448.0,3448.0,3448.0,8.0,,,,,,,,,,,,,,,,,,,0.8,-0.6443771777,-0.6625354701,-1.432759997505875,1.0787970301,0.0961555451,0.2138588403999999,0.0066497685999999
3449,3449,3449.0,3449.0,3449.0,3449.0,3449.0,3449.0,3449.0,3449.0,3449.0,3449.0,3449.0,3449.0,3449.0,3449.0,3449.0,3449.0,3449.0,3449.0,3449.0,3449.0,3449.0,3449.0,9.0,,,,,,,,,,,,,,,,,,,0.9,-0.7143561699,-0.7358324776,-1.516255128909884,1.1749525752,0.1177032952999999,0.1177032952999999,0.0066497685999999
3450,3450,3450.0,3450.0,3450.0,3450.0,3450.0,3450.0,3450.0,3450.0,3450.0,3450.0,3450.0,3450.0,3450.0,3450.0,3450.0,3450.0,3450.0,3450.0,3450.0,3450.0,3450.0,3450.0,0.0,,,,,,,,,,,,,,,,,,,0.0,0.0,-1.0,7.441303613308875,0.0,0.0682305076,1.2620833391,0.0021082969999999
3451,3451,3451.0,3451.0,3451.0,3451.0,3451.0,3451.0,3451.0,3451.0,3451.0,3451.0,3451.0,3451.0,3451.0,3451.0,3451.0,3451.0,3451.0,3451.0,3451.0,3451.0,3451.0,3451.0,1.0,,,,,,,,,,,,,,,,,,,0.1,-0.0591658854,-0.1967037533,-19.8339376979603,0.0682305076,0.3584007656,1.1938528315,0.0021082969999999
3452,3452,3452.0,3452.0,3452.0,3452.0,3452.0,3452.0,3452.0,3452.0,3452.0,3452.0,3452.0,3452.0,3452.0,3452.0,3452.0,3452.0,3452.0,3452.0,3452.0,3452.0,3452.0,3452.0,2.0,,,,,,,,,,,,,,,,,,,0.2,-0.1738297676,-2.0654336409,7.721282139568004,0.4266312732,0.2975218384999999,0.8354520659,0.0021082969999999
3453,3453,3453.0,3453.0,3453.0,3453.0,3453.0,3453.0,3453.0,3453.0,3453.0,3453.0,3453.0,3453.0,3453.0,3453.0,3453.0,3453.0,3453.0,3453.0,3453.0,3453.0,3453.0,3453.0,3.0,,,,,,,,,,,,,,,,,,,0.3,-0.3330307844,-1.1341044101,5.9161703604807485,0.7241531117,0.0985058258,0.5379302274,0.0021082969999999
3454,3454,3454.0,3454.0,3454.0,3454.0,3454.0,3454.0,3454.0,3454.0,3454.0,3454.0,3454.0,3454.0,3454.0,3454.0,3454.0,3454.0,3454.0,3454.0,3454.0,3454.0,3454.0,3454.0,4.0,,,,,,,,,,,,,,,,,,,0.4,-0.4123361086,-0.4631820499,-0.8279179352315689,0.8226589375,0.0425096003,0.4394244015999999,0.0021082969999999
3455,3455,3455.0,3455.0,3455.0,3455.0,3455.0,3455.0,3455.0,3455.0,3455.0,3455.0,3455.0,3455.0,3455.0,3455.0,3455.0,3455.0,3455.0,3455.0,3455.0,3455.0,3455.0,3455.0,5.0,,,,,,,,,,,,,,,,,,,0.5,-0.4604182489,-0.497891703,-1.1122570910428542,0.8651685378,0.0521583378,0.3969148012999999,0.0021082969999999
3456,3456,3456.0,3456.0,3456.0,3456.0,3456.0,3456.0,3456.0,3456.0,3456.0,3456.0,3456.0,3456.0,3456.0,3456.0,3456.0,3456.0,3456.0,3456.0,3456.0,3456.0,3456.0,3456.0,6.0,,,,,,,,,,,,,,,,,,,0.6,-0.513178977,-0.5563566841,-1.0894553880979505,0.9173268756,0.0638951826999999,0.3447564634999999,0.0021082969999999
3457,3457,3457.0,3457.0,3457.0,3457.0,3457.0,3457.0,3457.0,3457.0,3457.0,3457.0,3457.0,3457.0,3457.0,3457.0,3457.0,3457.0,3457.0,3457.0,3457.0,3457.0,3457.0,3457.0,7.0,,,,,,,,,,,,,,,,,,,0.7,-0.5713930019,-0.607088198,-1.1210204789196327,0.9812220583,0.0769295512000001,0.2808612807999999,0.0021082969999999
3458,3458,3458.0,3458.0,3458.0,3458.0,3458.0,3458.0,3458.0,3458.0,3458.0,3458.0,3458.0,3458.0,3458.0,3458.0,3458.0,3458.0,3458.0,3458.0,3458.0,3458.0,3458.0,3458.0,8.0,,,,,,,,,,,,,,,,,,,0.8,-0.6345874295,-0.6559958182,-1.2284677018287269,1.0581516095,0.0922276973999998,0.2039317295999998,0.0021082969999999
3459,3459,3459.0,3459.0,3459.0,3459.0,3459.0,3459.0,3459.0,3459.0,3459.0,3459.0,3459.0,3459.0,3459.0,3459.0,3459.0,3459.0,3459.0,3459.0,3459.0,3459.0,3459.0,3459.0,9.0,,,,,,,,,,,,,,,,,,,0.9,-0.7029557926,-0.7104742254,-1.4679189857102295,1.1503793069,0.1117040322,0.1117040322,0.0021082969999999
3460,3460,3460.0,3460.0,3460.0,3460.0,3460.0,3460.0,3460.0,3460.0,3460.0,3460.0,3460.0,3460.0,3460.0,3460.0,3460.0,3460.0,3460.0,3460.0,3460.0,3460.0,3460.0,3460.0,0.0,,,,,,,,,,,,,,,,,,,0.0,0.0,-1.0,7.306398798916071,0.0,0.0678439613,1.3268531719,-2.5
3461,3461,3461.0,3461.0,3461.0,3461.0,3461.0,3461.0,3461.0,3461.0,3461.0,3461.0,3461.0,3461.0,3461.0,3461.0,3461.0,3461.0,3461.0,3461.0,3461.0,3461.0,3461.0,3461.0,1.0,,,,,,,,,,,,,,,,,,,0.1,-0.0598184764,-0.2095416437,-20.10218333693116,0.0678439613,0.3704002559,1.2590092106,-0.9895416437000002
3462,3462,3462.0,3462.0,3462.0,3462.0,3462.0,3462.0,3462.0,3462.0,3462.0,3462.0,3462.0,3462.0,3462.0,3462.0,3462.0,3462.0,3462.0,3462.0,3462.0,3462.0,3462.0,3462.0,2.0,,,,,,,,,,,,,,,,,,,0.2,-0.1770016595,-2.1025767943,7.4466223485548255,0.4382442172,0.3111124313,0.8886089547,-2.3225767943
3463,3463,3463.0,3463.0,3463.0,3463.0,3463.0,3463.0,3463.0,3463.0,3463.0,3463.0,3463.0,3463.0,3463.0,3463.0,3463.0,3463.0,3463.0,3463.0,3463.0,3463.0,3463.0,3463.0,3.0,,,,,,,,,,,,,,,,,,,0.3,-0.3410659591,-1.1938502598,5.878499255949723,0.7493566485,0.1088096677999999,0.5774965234,-1.0138502598
3464,3464,3464.0,3464.0,3464.0,3464.0,3464.0,3464.0,3464.0,3464.0,3464.0,3464.0,3464.0,3464.0,3464.0,3464.0,3464.0,3464.0,3464.0,3464.0,3464.0,3464.0,3464.0,3464.0,4.0,,,,,,,,,,,,,,,,,,,0.4,-0.4262390835,-0.5208272099,-0.3643846674934385,0.8581663163,0.0468674631,0.4686868556000001,-0.1008272098999999
3465,3465,3465.0,3465.0,3465.0,3465.0,3465.0,3465.0,3465.0,3465.0,3465.0,3465.0,3465.0,3465.0,3465.0,3465.0,3465.0,3465.0,3465.0,3465.0,3465.0,3465.0,3465.0,3465.0,5.0,,,,,,,,,,,,,,,,,,,0.5,-0.4775652618,-0.5059394983,-0.944118053247917,0.9050337794,0.0536304579999999,0.4218193925000001,-0.0059394982999999
3466,3466,3466.0,3466.0,3466.0,3466.0,3466.0,3466.0,3466.0,3466.0,3466.0,3466.0,3466.0,3466.0,3466.0,3466.0,3466.0,3466.0,3466.0,3466.0,3466.0,3466.0,3466.0,3466.0,6.0,,,,,,,,,,,,,,,,,,,0.6,-0.530278361,-0.5476382045,-1.2568768701345414,0.9586642374,0.0659505342,0.3681889345000001,-0.1276382044999999
3467,3467,3467.0,3467.0,3467.0,3467.0,3467.0,3467.0,3467.0,3467.0,3467.0,3467.0,3467.0,3467.0,3467.0,3467.0,3467.0,3467.0,3467.0,3467.0,3467.0,3467.0,3467.0,3467.0,7.0,,,,,,,,,,,,,,,,,,,0.7,-0.5884726606,-0.6151315918,-1.2720310878618106,1.0246147716,0.0812036706999999,0.3022384003,-0.4351315917999998
3468,3468,3468.0,3468.0,3468.0,3468.0,3468.0,3468.0,3468.0,3468.0,3468.0,3468.0,3468.0,3468.0,3468.0,3468.0,3468.0,3468.0,3468.0,3468.0,3468.0,3468.0,3468.0,3468.0,8.0,,,,,,,,,,,,,,,,,,,0.8,-0.6531630508,-0.6776443105,-1.3797132794040683,1.1058184423,0.0990310791999999,0.2210347296000001,-0.8976443105000002
3469,3469,3469.0,3469.0,3469.0,3469.0,3469.0,3469.0,3469.0,3469.0,3469.0,3469.0,3469.0,3469.0,3469.0,3469.0,3469.0,3469.0,3469.0,3469.0,3469.0,3469.0,3469.0,3469.0,9.0,,,,,,,,,,,,,,,,,,,0.9,-0.724323205,-0.7444554841,-1.6677789069484403,1.2048495215,0.1220036504000001,0.1220036504000001,-1.5244554841000002
3470,3470,3470.0,3470.0,3470.0,3470.0,3470.0,3470.0,3470.0,3470.0,3470.0,3470.0,3470.0,3470.0,3470.0,3470.0,3470.0,3470.0,3470.0,3470.0,3470.0,3470.0,3470.0,3470.0,0.0,,,,,,,,,,,,,,,,,,,0.0,0.0,-1.0,7.209569877969491,0.0,0.0675846885,1.2868102097,-2.5
3471,3471,3471.0,3471.0,3471.0,3471.0,3471.0,3471.0,3471.0,3471.0,3471.0,3471.0,3471.0,3471.0,3471.0,3471.0,3471.0,3471.0,3471.0,3471.0,3471.0,3471.0,3471.0,3471.0,1.0,,,,,,,,,,,,,,,,,,,0.1,-0.0602868784,-0.2187561338,-19.84590345571936,0.0675846885,0.3636498277,1.2192255212,-0.9987561338000004
3472,3472,3472.0,3472.0,3472.0,3472.0,3472.0,3472.0,3472.0,3472.0,3472.0,3472.0,3472.0,3472.0,3472.0,3472.0,3472.0,3472.0,3472.0,3472.0,3472.0,3472.0,3472.0,3472.0,2.0,,,,,,,,,,,,,,,,,,,0.2,-0.1771071994,-2.0865261584,7.632249114852285,0.4312345162,0.304800688,0.8555756935000001,-2.3065261584
3473,3473,3473.0,3473.0,3473.0,3473.0,3473.0,3473.0,3473.0,3473.0,3473.0,3473.0,3473.0,3473.0,3473.0,3473.0,3473.0,3473.0,3473.0,3473.0,3473.0,3473.0,3473.0,3473.0,3.0,,,,,,,,,,,,,,,,,,,0.3,-0.3387461252,-1.1616623211,5.804189065562454,0.7360352042,0.1034355922999999,0.5507750055,-0.9816623211
3474,3474,3474.0,3474.0,3474.0,3474.0,3474.0,3474.0,3474.0,3474.0,3474.0,3474.0,3474.0,3474.0,3474.0,3474.0,3474.0,3474.0,3474.0,3474.0,3474.0,3474.0,3474.0,3474.0,4.0,,,,,,,,,,,,,,,,,,,0.4,-0.4212156314,-0.4987739084,-0.7803730460485448,0.8394707965,0.0465345338999999,0.4473394132,-0.0787739083999999
3475,3475,3475.0,3475.0,3475.0,3475.0,3475.0,3475.0,3475.0,3475.0,3475.0,3475.0,3475.0,3475.0,3475.0,3475.0,3475.0,3475.0,3475.0,3475.0,3475.0,3475.0,3475.0,3475.0,5.0,,,,,,,,,,,,,,,,,,,0.5,-0.4724548544,-0.5255719899,-0.7315870978122292,0.8860053304,0.0538829525,0.4008048793000001,-0.0255719898999999
3476,3476,3476.0,3476.0,3476.0,3476.0,3476.0,3476.0,3476.0,3476.0,3476.0,3476.0,3476.0,3476.0,3476.0,3476.0,3476.0,3476.0,3476.0,3476.0,3476.0,3476.0,3476.0,3476.0,6.0,,,,,,,,,,,,,,,,,,,0.6,-0.5260082797,-0.5451772744,-1.0445390202282945,0.9398882829,0.0637070507,0.3469219268,-0.1251772743999999
3477,3477,3477.0,3477.0,3477.0,3477.0,3477.0,3477.0,3477.0,3477.0,3477.0,3477.0,3477.0,3477.0,3477.0,3477.0,3477.0,3477.0,3477.0,3477.0,3477.0,3477.0,3477.0,3477.0,7.0,,,,,,,,,,,,,,,,,,,0.7,-0.5829411161,-0.5926983401,-1.151423108482122,1.0035953336,0.0767622352999999,0.2832148760999999,-0.4126983400999998
3478,3478,3478.0,3478.0,3478.0,3478.0,3478.0,3478.0,3478.0,3478.0,3478.0,3478.0,3478.0,3478.0,3478.0,3478.0,3478.0,3478.0,3478.0,3478.0,3478.0,3478.0,3478.0,3478.0,8.0,,,,,,,,,,,,,,,,,,,0.8,-0.6449132163,-0.6458685507,-1.3144959178052875,1.0803575689,0.0929429473,0.2064526408,-0.8658685507000002
3479,3479,3479.0,3479.0,3479.0,3479.0,3479.0,3479.0,3479.0,3479.0,3479.0,3479.0,3479.0,3479.0,3479.0,3479.0,3479.0,3479.0,3479.0,3479.0,3479.0,3479.0,3479.0,3479.0,9.0,,,,,,,,,,,,,,,,,,,0.9,-0.71273401,-0.7094973487,-1.5223853307918698,1.1733005162,0.1135096934999999,0.1135096934999999,-1.4894973487000005
3480,3480,3480.0,3480.0,3480.0,3480.0,3480.0,3480.0,3480.0,3480.0,3480.0,3480.0,3480.0,3480.0,3480.0,3480.0,3480.0,3480.0,3480.0,3480.0,3480.0,3480.0,3480.0,0.0,,,,,,,,,,,,,,,,,,,,0.0,0.0,-1.0,6.348052572086571,0.0,0.0659465632,2.4129830727,2.1755327829
3481,3481,3481.0,3481.0,3481.0,3481.0,3481.0,3481.0,3481.0,3481.0,3481.0,3481.0,3481.0,3481.0,3481.0,3481.0,3481.0,3481.0,3481.0,3481.0,3481.0,3481.0,3481.0,1.0,,,,,,,,,,,,,,,,,,,,0.1,-0.0644543977,-0.3007403451,10.869266456886644,0.0659465632,0.0746082905999999,2.3470365095,2.1755327829
3482,3482,3482.0,3482.0,3482.0,3482.0,3482.0,3482.0,3482.0,3482.0,3482.0,3482.0,3482.0,3482.0,3482.0,3482.0,3482.0,3482.0,3482.0,3482.0,3482.0,3482.0,3482.0,2.0,,,,,,,,,,,,,,,,,,,,0.2,-0.0404944432,0.7622263461,7.424218643336883,0.1405548538,0.1486272574,2.2724282189,2.1755327829
3483,3483,3483.0,3483.0,3483.0,3483.0,3483.0,3483.0,3483.0,3483.0,3483.0,3483.0,3483.0,3483.0,3483.0,3483.0,3483.0,3483.0,3483.0,3483.0,3483.0,3483.0,3483.0,3.0,,,,,,,,,,,,,,,,,,,,0.3,0.0679550129,1.3961987544,5.172198181666381,0.2891821112,0.266011493,2.1238009615,2.1755327829
3484,3484,3484.0,3484.0,3484.0,3484.0,3484.0,3484.0,3484.0,3484.0,3484.0,3484.0,3484.0,3484.0,3484.0,3484.0,3484.0,3484.0,3484.0,3484.0,3484.0,3484.0,3484.0,4.0,,,,,,,,,,,,,,,,,,,,0.4,0.2258408025,1.7555327829,0.8992720302043894,0.5551936042,0.3042706628,1.8577894685,2.1755327829
3485,3485,3485.0,3485.0,3485.0,3485.0,3485.0,3485.0,3485.0,3485.0,3485.0,3485.0,3485.0,3485.0,3485.0,3485.0,3485.0,3485.0,3485.0,3485.0,3485.0,3485.0,3485.0,5.0,,,,,,,,,,,,,,,,,,,,0.5,0.3972519794,1.674048809,1.2264720858586178,0.859464267,0.2970990048,1.5535188057,2.1755327829
3486,3486,3486.0,3486.0,3486.0,3486.0,3486.0,3486.0,3486.0,3486.0,3486.0,3486.0,3486.0,3486.0,3486.0,3486.0,3486.0,3486.0,3486.0,3486.0,3486.0,3486.0,3486.0,6.0,,,,,,,,,,,,,,,,,,,,0.6,0.5624917813,1.6314562157,1.070688188716857,1.1565632718,0.2995672476,1.2564198008999998,2.1755327829
3487,3487,3487.0,3487.0,3487.0,3487.0,3487.0,3487.0,3487.0,3487.0,3487.0,3487.0,3487.0,3487.0,3487.0,3487.0,3487.0,3487.0,3487.0,3487.0,3487.0,3487.0,3487.0,7.0,,,,,,,,,,,,,,,,,,,,0.7,0.7229250274,1.5780917885,0.8930721770615877,1.4561305194,0.3034360351,0.9568525533,2.1755327829
3488,3488,3488.0,3488.0,3488.0,3488.0,3488.0,3488.0,3488.0,3488.0,3488.0,3488.0,3488.0,3488.0,3488.0,3488.0,3488.0,3488.0,3488.0,3488.0,3488.0,3488.0,3488.0,8.0,,,,,,,,,,,,,,,,,,,,0.8,0.8774204799,1.5129035537,1.2204789817896855,1.7595665545,0.3163092020999998,0.6534165181999998,2.1755327829
3489,3489,3489.0,3489.0,3489.0,3489.0,3489.0,3489.0,3489.0,3489.0,3489.0,3489.0,3489.0,3489.0,3489.0,3489.0,3489.0,3489.0,3489.0,3489.0,3489.0,3489.0,3489.0,9.0,,,,,,,,,,,,,,,,,,,,0.9,1.0272962735,1.4850756582,1.1038947495946287,2.0758757566,0.3371073161,0.3371073161,2.1755327829
3490,3490,3490.0,3490.0,3490.0,3490.0,3490.0,3490.0,3490.0,3490.0,3490.0,3490.0,3490.0,3490.0,3490.0,3490.0,3490.0,3490.0,3490.0,3490.0,3490.0,3490.0,3490.0,0.0,,,,,,,,,,,,,,,,,,,,0.0,0.0,-1.0,6.211361482066737,0.0,0.0657971653,2.420582915,2.2074694721
3491,3491,3491.0,3491.0,3491.0,3491.0,3491.0,3491.0,3491.0,3491.0,3491.0,3491.0,3491.0,3491.0,3491.0,3491.0,3491.0,3491.0,3491.0,3491.0,3491.0,3491.0,3491.0,1.0,,,,,,,,,,,,,,,,,,,,0.1,-0.0651156297,-0.3137482221,10.952320103822949,0.0657971653,0.0752973307,2.3547857497,2.2074694721
3492,3492,3492.0,3492.0,3492.0,3492.0,3492.0,3492.0,3492.0,3492.0,3492.0,3492.0,3492.0,3492.0,3492.0,3492.0,3492.0,3492.0,3492.0,3492.0,3492.0,3492.0,3492.0,2.0,,,,,,,,,,,,,,,,,,,,0.2,-0.0419917738,0.7583599323,7.38440370176736,0.141094496,0.1470800708999999,2.279488419,2.2074694721
3493,3493,3493.0,3493.0,3493.0,3493.0,3493.0,3493.0,3493.0,3493.0,3493.0,3493.0,3493.0,3493.0,3493.0,3493.0,3493.0,3493.0,3493.0,3493.0,3493.0,3493.0,3493.0,3.0,,,,,,,,,,,,,,,,,,,,0.3,0.0658971421,1.3889113866,5.14042210193659,0.2881745669,0.26309308,2.1324083481,2.2074694721
3494,3494,3494.0,3494.0,3494.0,3494.0,3494.0,3494.0,3494.0,3494.0,3494.0,3494.0,3494.0,3494.0,3494.0,3494.0,3494.0,3494.0,3494.0,3494.0,3494.0,3494.0,3494.0,4.0,,,,,,,,,,,,,,,,,,,,0.4,0.2229357559,1.745914983,1.34191808554045,0.5512676469,0.3087831918,1.8693152681,2.2074694721
3495,3495,3495.0,3495.0,3495.0,3495.0,3495.0,3495.0,3495.0,3495.0,3495.0,3495.0,3495.0,3495.0,3495.0,3495.0,3495.0,3495.0,3495.0,3495.0,3495.0,3495.0,3495.0,5.0,,,,,,,,,,,,,,,,,,,,0.5,0.3955730754,1.7074694721,0.850516474600152,0.8600508387,0.3012078824,1.5605320763,2.2074694721
3496,3496,3496.0,3496.0,3496.0,3496.0,3496.0,3496.0,3496.0,3496.0,3496.0,3496.0,3496.0,3496.0,3496.0,3496.0,3496.0,3496.0,3496.0,3496.0,3496.0,3496.0,3496.0,6.0,,,,,,,,,,,,,,,,,,,,0.6,0.562174727,1.625919468,1.2177298894086863,1.1612587211,0.3002721627,1.2593241938999995,2.2074694721
3497,3497,3497.0,3497.0,3497.0,3497.0,3497.0,3497.0,3497.0,3497.0,3497.0,3497.0,3497.0,3497.0,3497.0,3497.0,3497.0,3497.0,3497.0,3497.0,3497.0,3497.0,3497.0,7.0,,,,,,,,,,,,,,,,,,,,0.7,0.7227923087,1.5870748752,0.8749726131749427,1.4615308838,0.3058452487999998,0.9590520311999996,2.2074694721
3498,3498,3498.0,3498.0,3498.0,3498.0,3498.0,3498.0,3498.0,3498.0,3498.0,3498.0,3498.0,3498.0,3498.0,3498.0,3498.0,3498.0,3498.0,3498.0,3498.0,3498.0,3498.0,8.0,,,,,,,,,,,,,,,,,,,,0.8,0.8780550593,1.519309386,1.1213629473823454,1.7673761326,0.3167384404,0.6532067823999999,2.2074694721
3499,3499,3499.0,3499.0,3499.0,3499.0,3499.0,3499.0,3499.0,3499.0,3499.0,3499.0,3499.0,3499.0,3499.0,3499.0,3499.0,3499.0,3499.0,3499.0,3499.0,3499.0,3499.0,9.0,,,,,,,,,,,,,,,,,,,,0.9,1.0280609882,1.4814397518,1.119683533547343,2.084114573,0.3364683419999998,0.3364683419999998,2.2074694721
3500,3500,3500.0,3500.0,3500.0,3500.0,3500.0,3500.0,3500.0,3500.0,3500.0,3500.0,3500.0,3500.0,3500.0,3500.0,3500.0,3500.0,3500.0,3500.0,3500.0,3500.0,3500.0,0.0,,,,,,,,,,,,,,,,,,,,0.0,0.0,-1.0,6.034297519450646,0.0,0.0656486269,2.4164503651,2.1953873531
3501,3501,3501.0,3501.0,3501.0,3501.0,3501.0,3501.0,3501.0,3501.0,3501.0,3501.0,3501.0,3501.0,3501.0,3501.0,3501.0,3501.0,3501.0,3501.0,3501.0,3501.0,3501.0,1.0,,,,,,,,,,,,,,,,,,,,0.1,-0.0659721608,-0.3305980873,11.28660416624816,0.0656486269,0.0796412917999999,2.3508017382,2.1953873531
3502,3502,3502.0,3502.0,3502.0,3502.0,3502.0,3502.0,3502.0,3502.0,3502.0,3502.0,3502.0,3502.0,3502.0,3502.0,3502.0,3502.0,3502.0,3502.0,3502.0,3502.0,3502.0,2.0,,,,,,,,,,,,,,,,,,,,0.2,-0.0428347102,0.7749248788,7.298529066018207,0.1452899187,0.1488683841,2.2711604464,2.1953873531
3503,3503,3503.0,3503.0,3503.0,3503.0,3503.0,3503.0,3503.0,3503.0,3503.0,3503.0,3503.0,3503.0,3503.0,3503.0,3503.0,3503.0,3503.0,3503.0,3503.0,3503.0,3503.0,3.0,,,,,,,,,,,,,,,,,,,,0.3,0.0662151571,1.3957279181,5.088641368976915,0.2941583028,0.2640645333,2.1222920623,2.1953873531
3504,3504,3504.0,3504.0,3504.0,3504.0,3504.0,3504.0,3504.0,3504.0,3504.0,3504.0,3504.0,3504.0,3504.0,3504.0,3504.0,3504.0,3504.0,3504.0,3504.0,3504.0,3504.0,4.0,,,,,,,,,,,,,,,,,,,,0.4,0.2236519663,1.7471552458,1.203160975930055,0.5582228361,0.3067395664,1.858227529,2.1953873531
3505,3505,3505.0,3505.0,3505.0,3505.0,3505.0,3505.0,3505.0,3505.0,3505.0,3505.0,3505.0,3505.0,3505.0,3505.0,3505.0,3505.0,3505.0,3505.0,3505.0,3505.0,3505.0,5.0,,,,,,,,,,,,,,,,,,,,0.5,0.3957359566,1.6953873531,0.818956828560327,0.8649624025,0.2968123920000001,1.5514879626000002,2.1953873531
3506,3506,3506.0,3506.0,3506.0,3506.0,3506.0,3506.0,3506.0,3506.0,3506.0,3506.0,3506.0,3506.0,3506.0,3506.0,3506.0,3506.0,3506.0,3506.0,3506.0,3506.0,3506.0,6.0,,,,,,,,,,,,,,,,,,,,0.6,0.5610351801,1.6119838124,1.4746338727184856,1.1617747945,0.300158449,1.2546755706,2.1953873531
3507,3507,3507.0,3507.0,3507.0,3507.0,3507.0,3507.0,3507.0,3507.0,3507.0,3507.0,3507.0,3507.0,3507.0,3507.0,3507.0,3507.0,3507.0,3507.0,3507.0,3507.0,3507.0,7.0,,,,,,,,,,,,,,,,,,,,0.7,0.7215692036,1.5989131762,0.6711420583535123,1.4619332435,0.3059940295999999,0.9545171216,2.1953873531
3508,3508,3508.0,3508.0,3508.0,3508.0,3508.0,3508.0,3508.0,3508.0,3508.0,3508.0,3508.0,3508.0,3508.0,3508.0,3508.0,3508.0,3508.0,3508.0,3508.0,3508.0,3508.0,8.0,,,,,,,,,,,,,,,,,,,,0.8,0.8769725028,1.5106240828,1.2438518582246556,1.7679272731,0.3159263919999999,0.6485230920000002,2.1953873531
3509,3509,3509.0,3509.0,3509.0,3509.0,3509.0,3509.0,3509.0,3509.0,3509.0,3509.0,3509.0,3509.0,3509.0,3509.0,3509.0,3509.0,3509.0,3509.0,3509.0,3509.0,3509.0,9.0,,,,,,,,,,,,,,,,,,,,0.9,1.0267444395,1.4852373319,0.815347546043294,2.0838536651,0.3325967000000003,0.3325967000000003,2.1953873531
3510,3510,3510.0,3510.0,3510.0,3510.0,3510.0,3510.0,3510.0,3510.0,3510.0,3510.0,3510.0,3510.0,3510.0,3510.0,3510.0,3510.0,3510.0,3510.0,3510.0,3510.0,3510.0,0.0,,,,,,,,,,,,,,,,,,,,0.0,0.0,-1.0,6.362270917055516,0.0,0.0659638412,2.4162984149,2.1829507046
3511,3511,3511.0,3511.0,3511.0,3511.0,3511.0,3511.0,3511.0,3511.0,3511.0,3511.0,3511.0,3511.0,3511.0,3511.0,3511.0,3511.0,3511.0,3511.0,3511.0,3511.0,3511.0,1.0,,,,,,,,,,,,,,,,,,,,0.1,-0.0643856176,-0.2993872907,11.034304186884036,0.0659638412,0.0771420613,2.3503345737,2.1829507046
3512,3512,3512.0,3512.0,3512.0,3512.0,3512.0,3512.0,3512.0,3512.0,3512.0,3512.0,3512.0,3512.0,3512.0,3512.0,3512.0,3512.0,3512.0,3512.0,3512.0,3512.0,3512.0,2.0,,,,,,,,,,,,,,,,,,,,0.2,-0.0394985464,0.7791560568,7.018500137570992,0.1431059025,0.1445261121,2.2731925124,2.1829507046
3513,3513,3513.0,3513.0,3513.0,3513.0,3513.0,3513.0,3513.0,3513.0,3513.0,3513.0,3513.0,3513.0,3513.0,3513.0,3513.0,3513.0,3513.0,3513.0,3513.0,3513.0,3513.0,3.0,,,,,,,,,,,,,,,,,,,,0.3,0.0685993537,1.3729081705,5.471602473840664,0.2876320146,0.2653757175,2.1286664003,2.1829507046
3514,3514,3514.0,3514.0,3514.0,3514.0,3514.0,3514.0,3514.0,3514.0,3514.0,3514.0,3514.0,3514.0,3514.0,3514.0,3514.0,3514.0,3514.0,3514.0,3514.0,3514.0,3514.0,4.0,,,,,,,,,,,,,,,,,,,,0.4,0.225717067,1.7629507046,0.8647145736424923,0.5530077321,0.3061082648,1.8632906828,2.1829507046
3515,3515,3515.0,3515.0,3515.0,3515.0,3515.0,3515.0,3515.0,3515.0,3515.0,3515.0,3515.0,3515.0,3515.0,3515.0,3515.0,3515.0,3515.0,3515.0,3515.0,3515.0,3515.0,5.0,,,,,,,,,,,,,,,,,,,,0.5,0.3976669833,1.6774722456,1.4046066628382223,0.8591159969,0.3013493143000001,1.557182418,2.1829507046
3516,3516,3516.0,3516.0,3516.0,3516.0,3516.0,3516.0,3516.0,3516.0,3516.0,3516.0,3516.0,3516.0,3516.0,3516.0,3516.0,3516.0,3516.0,3516.0,3516.0,3516.0,3516.0,6.0,,,,,,,,,,,,,,,,,,,,0.6,0.5640942651,1.6515056301,0.8553329891011283,1.1604653112,0.3024598852,1.2558331037,2.1829507046
3517,3517,3517.0,3517.0,3517.0,3517.0,3517.0,3517.0,3517.0,3517.0,3517.0,3517.0,3517.0,3517.0,3517.0,3517.0,3517.0,3517.0,3517.0,3517.0,3517.0,3517.0,3517.0,7.0,,,,,,,,,,,,,,,,,,,,0.7,0.7253938058,1.5757393883,0.9002870896387246,1.4629251964,0.3032371109999998,0.9533732185,2.1829507046
3518,3518,3518.0,3518.0,3518.0,3518.0,3518.0,3518.0,3518.0,3518.0,3518.0,3518.0,3518.0,3518.0,3518.0,3518.0,3518.0,3518.0,3518.0,3518.0,3518.0,3518.0,3518.0,8.0,,,,,,,,,,,,,,,,,,,,0.8,0.8797002998,1.5114616032,1.2320264919796993,1.7661623074,0.3165039355999999,0.6501361075000001,2.1829507046
3519,3519,3519.0,3519.0,3519.0,3519.0,3519.0,3519.0,3519.0,3519.0,3519.0,3519.0,3519.0,3519.0,3519.0,3519.0,3519.0,3519.0,3519.0,3519.0,3519.0,3519.0,3519.0,9.0,,,,,,,,,,,,,,,,,,,,0.9,1.0294947336,1.4848698186,0.8506462891349256,2.082666243,0.3336321719000001,0.3336321719000001,2.1829507046
3520,3520,3520.0,3520.0,3520.0,3520.0,3520.0,3520.0,3520.0,3520.0,3520.0,3520.0,3520.0,3520.0,3520.0,3520.0,3520.0,3520.0,3520.0,3520.0,3520.0,3520.0,3520.0,0.0,,,,,,,,,,,,,,,,,,,,0.0,0.0,-1.0,5.9778573944448095,0.0,0.0656119571,2.4182680326000003,2.1923387668
3521,3521,3521.0,3521.0,3521.0,3521.0,3521.0,3521.0,3521.0,3521.0,3521.0,3521.0,3521.0,3521.0,3521.0,3521.0,3521.0,3521.0,3521.0,3521.0,3521.0,3521.0,3521.0,1.0,,,,,,,,,,,,,,,,,,,,0.1,-0.0662451852,-0.3359690753,11.104494905083872,0.0656119571,0.0766802370999999,2.3526560755,2.1923387668
3522,3522,3522.0,3522.0,3522.0,3522.0,3522.0,3522.0,3522.0,3522.0,3522.0,3522.0,3522.0,3522.0,3522.0,3522.0,3522.0,3522.0,3522.0,3522.0,3522.0,3522.0,3522.0,2.0,,,,,,,,,,,,,,,,,,,,0.2,-0.0444997907,0.7527350207,7.419695140385446,0.1422921942,0.1465940193,2.2759758384,2.1923387668
3523,3523,3523.0,3523.0,3523.0,3523.0,3523.0,3523.0,3523.0,3523.0,3523.0,3523.0,3523.0,3523.0,3523.0,3523.0,3523.0,3523.0,3523.0,3523.0,3523.0,3523.0,3523.0,3.0,,,,,,,,,,,,,,,,,,,,0.3,0.0630245345,1.3871802095,5.296229656457124,0.2888862135,0.2657762814,2.1293818191,2.1923387668
3524,3524,3524.0,3524.0,3524.0,3524.0,3524.0,3524.0,3524.0,3524.0,3524.0,3524.0,3524.0,3524.0,3524.0,3524.0,3524.0,3524.0,3524.0,3524.0,3524.0,3524.0,3524.0,4.0,,,,,,,,,,,,,,,,,,,,0.4,0.2206521212,1.7591755885,1.0568319973135507,0.5546624949,0.3079288324,1.8636055377,2.1923387668
3525,3525,3525.0,3525.0,3525.0,3525.0,3525.0,3525.0,3525.0,3525.0,3525.0,3525.0,3525.0,3525.0,3525.0,3525.0,3525.0,3525.0,3525.0,3525.0,3525.0,3525.0,3525.0,5.0,,,,,,,,,,,,,,,,,,,,0.5,0.3931721426,1.6923387668,0.9785461368623732,0.8625913273,0.2982985619999999,1.5556767052999998,2.1923387668
3526,3526,3526.0,3526.0,3526.0,3526.0,3526.0,3526.0,3526.0,3526.0,3526.0,3526.0,3526.0,3526.0,3526.0,3526.0,3526.0,3526.0,3526.0,3526.0,3526.0,3526.0,3526.0,6.0,,,,,,,,,,,,,,,,,,,,0.6,0.558953227,1.6244122961,1.2368757504000238,1.1608898893,0.2997125673,1.2573781433,2.1923387668
3527,3527,3527.0,3527.0,3527.0,3527.0,3527.0,3527.0,3527.0,3527.0,3527.0,3527.0,3527.0,3527.0,3527.0,3527.0,3527.0,3527.0,3527.0,3527.0,3527.0,3527.0,3527.0,7.0,,,,,,,,,,,,,,,,,,,,0.7,0.7195199871,1.587533111,0.955629033876054,1.4606024566,0.3067622949999999,0.957665576,2.1923387668
3528,3528,3528.0,3528.0,3528.0,3528.0,3528.0,3528.0,3528.0,3528.0,3528.0,3528.0,3528.0,3528.0,3528.0,3528.0,3528.0,3528.0,3528.0,3528.0,3528.0,3528.0,3528.0,8.0,,,,,,,,,,,,,,,,,,,,0.8,0.8752165134,1.5273994881,0.9505703076572538,1.7673647516,0.3158866455000002,0.650903281,2.1923387668
3529,3529,3529.0,3529.0,3529.0,3529.0,3529.0,3529.0,3529.0,3529.0,3529.0,3529.0,3529.0,3529.0,3529.0,3529.0,3529.0,3529.0,3529.0,3529.0,3529.0,3529.0,3529.0,9.0,,,,,,,,,,,,,,,,,,,,0.9,1.0251661288,1.4725069034,1.2327191171773009,2.0832513971,0.3350166354999997,0.3350166354999997,2.1923387668
3530,3530,3530.0,3530.0,3530.0,3530.0,3530.0,3530.0,3530.0,3530.0,3530.0,3530.0,3530.0,3530.0,3530.0,3530.0,3530.0,3530.0,3530.0,3530.0,3530.0,3530.0,3530.0,0.0,,,,,,,,,,,,,,,,,,,,0.0,0.0,-1.0,6.125611707277712,0.0,0.0657188825,2.4049929802,2.2140493763
3531,3531,3531.0,3531.0,3531.0,3531.0,3531.0,3531.0,3531.0,3531.0,3531.0,3531.0,3531.0,3531.0,3531.0,3531.0,3531.0,3531.0,3531.0,3531.0,3531.0,3531.0,3531.0,1.0,,,,,,,,,,,,,,,,,,,,0.1,-0.0655304359,-0.3219083934,10.868489678798245,0.0657188825,0.0737332217,2.3392740977,2.2140493763
3532,3532,3532.0,3532.0,3532.0,3532.0,3532.0,3532.0,3532.0,3532.0,3532.0,3532.0,3532.0,3532.0,3532.0,3532.0,3532.0,3532.0,3532.0,3532.0,3532.0,3532.0,3532.0,2.0,,,,,,,,,,,,,,,,,,,,0.2,-0.0435886461,0.7429987847,7.279386282165886,0.1394521042,0.1420036791999999,2.265540876,2.2140493763
3533,3533,3533.0,3533.0,3533.0,3533.0,3533.0,3533.0,3533.0,3533.0,3533.0,3533.0,3533.0,3533.0,3533.0,3533.0,3533.0,3533.0,3533.0,3533.0,3533.0,3533.0,3533.0,3.0,,,,,,,,,,,,,,,,,,,,0.3,0.0623304219,1.365018345,5.302319732668509,0.2814557834,0.2592585565999999,2.1235371968,2.2140493763
3534,3534,3534.0,3534.0,3534.0,3534.0,3534.0,3534.0,3534.0,3534.0,3534.0,3534.0,3534.0,3534.0,3534.0,3534.0,3534.0,3534.0,3534.0,3534.0,3534.0,3534.0,3534.0,4.0,,,,,,,,,,,,,,,,,,,,0.4,0.2178785342,1.7397022059,1.4701345979351412,0.54071434,0.3087404825000001,1.8642786402,2.2140493763
3535,3535,3535.0,3535.0,3535.0,3535.0,3535.0,3535.0,3535.0,3535.0,3535.0,3535.0,3535.0,3535.0,3535.0,3535.0,3535.0,3535.0,3535.0,3535.0,3535.0,3535.0,3535.0,5.0,,,,,,,,,,,,,,,,,,,,0.5,0.3905448236,1.7140493763,0.8001667551619241,0.8494548225,0.3019940251999999,1.5555381576999998,2.2140493763
3536,3536,3536.0,3536.0,3536.0,3536.0,3536.0,3536.0,3536.0,3536.0,3536.0,3536.0,3536.0,3536.0,3536.0,3536.0,3536.0,3536.0,3536.0,3536.0,3536.0,3536.0,3536.0,6.0,,,,,,,,,,,,,,,,,,,,0.6,0.5575290784,1.627081797,1.0296817525556845,1.1514488477,0.2968859618999999,1.2535441325,2.2140493763
3537,3537,3537.0,3537.0,3537.0,3537.0,3537.0,3537.0,3537.0,3537.0,3537.0,3537.0,3537.0,3537.0,3537.0,3537.0,3537.0,3537.0,3537.0,3537.0,3537.0,3537.0,3537.0,7.0,,,,,,,,,,,,,,,,,,,,0.7,0.7173476949,1.5702313557,1.2827179489599856,1.4483348096,0.3065098785,0.9566581706,2.2140493763
3538,3538,3538.0,3538.0,3538.0,3538.0,3538.0,3538.0,3538.0,3538.0,3538.0,3538.0,3538.0,3538.0,3538.0,3538.0,3538.0,3538.0,3538.0,3538.0,3538.0,3538.0,3538.0,8.0,,,,,,,,,,,,,,,,,,,,0.8,0.8729800082,1.5428708373,0.7791796456699314,1.7548446881,0.3173562430999999,0.6501482920999999,2.2140493763
3539,3539,3539.0,3539.0,3539.0,3539.0,3539.0,3539.0,3539.0,3539.0,3539.0,3539.0,3539.0,3539.0,3539.0,3539.0,3539.0,3539.0,3539.0,3539.0,3539.0,3539.0,3539.0,9.0,,,,,,,,,,,,,,,,,,,,0.9,1.0235728284,1.4701959817,1.1553872504224754,2.0722009312,0.332792049,0.332792049,2.2140493763
3540,3540,3540.0,3540.0,3540.0,3540.0,3540.0,3540.0,3540.0,3540.0,3540.0,3540.0,3540.0,3540.0,3540.0,3540.0,3540.0,3540.0,3540.0,3540.0,3540.0,3540.0,0.0,,,,,,,,,,,,,,,,,,,,,0.0,0.0,-1.0,4.47345088378808,0.0,0.066536485,10.4290278157,-2.5
3541,3541,3541.0,3541.0,3541.0,3541.0,3541.0,3541.0,3541.0,3541.0,3541.0,3541.0,3541.0,3541.0,3541.0,3541.0,3541.0,3541.0,3541.0,3541.0,3541.0,3541.0,1.0,,,,,,,,,,,,,,,,,,,,,0.1,-0.0735226343,-0.4791322773,-19.930113753354327,0.066536485,0.4306487573999999,10.3624913307,-1.2591322773000002
3542,3542,3542.0,3542.0,3542.0,3542.0,3542.0,3542.0,3542.0,3542.0,3542.0,3542.0,3542.0,3542.0,3542.0,3542.0,3542.0,3542.0,3542.0,3542.0,3542.0,3542.0,2.0,,,,,,,,,,,,,,,,,,,,,0.2,-0.2155283878,-2.3301378992,-20.15816772315376,0.4971852424,1.2602852342,9.9318425733,-2.5501378992
3543,3543,3543.0,3543.0,3543.0,3543.0,3543.0,3543.0,3543.0,3543.0,3543.0,3543.0,3543.0,3543.0,3543.0,3543.0,3543.0,3543.0,3543.0,3543.0,3543.0,3543.0,3.0,,,,,,,,,,,,,,,,,,,,,0.3,-0.5347838293,-4.0266992299,-20.14140681612164,1.7574704766,2.592473441,8.6715573391,-3.846699229900001
3544,3544,3544.0,3544.0,3544.0,3544.0,3544.0,3544.0,3544.0,3544.0,3544.0,3544.0,3544.0,3544.0,3544.0,3544.0,3544.0,3544.0,3544.0,3544.0,3544.0,3544.0,4.0,,,,,,,,,,,,,,,,,,,,,0.4,-1.015407064,-5.5602166769,15.624289125130955,4.3499439176,2.3731545955,6.0790838981,-5.1402166769
3545,3545,3545.0,3545.0,3545.0,3545.0,3545.0,3545.0,3545.0,3545.0,3545.0,3545.0,3545.0,3545.0,3545.0,3545.0,3545.0,3545.0,3545.0,3545.0,3545.0,3545.0,5.0,,,,,,,,,,,,,,,,,,,,,0.5,-1.4689504165,-3.5442444119,11.855891019296736,6.7230985131,1.1352425300000002,3.7059293026,-3.0442444119
3546,3546,3546.0,3546.0,3546.0,3546.0,3546.0,3546.0,3546.0,3546.0,3546.0,3546.0,3546.0,3546.0,3546.0,3546.0,3546.0,3546.0,3546.0,3546.0,3546.0,3546.0,6.0,,,,,,,,,,,,,,,,,,,,,0.6,-1.7488782718,-2.0787274547,9.409651836189449,7.8583410431,0.6227703221,2.5706867726,-1.6587274547000002
3547,3547,3547.0,3547.0,3547.0,3547.0,3547.0,3547.0,3547.0,3547.0,3547.0,3547.0,3547.0,3547.0,3547.0,3547.0,3547.0,3547.0,3547.0,3547.0,3547.0,3547.0,7.0,,,,,,,,,,,,,,,,,,,,,0.7,-1.9011768586,-0.9854636842,7.72849778800946,8.4811113652,0.4423337678999992,1.9479164504999995,-0.8054636841999998
3548,3548,3548.0,3548.0,3548.0,3548.0,3548.0,3548.0,3548.0,3548.0,3548.0,3548.0,3548.0,3548.0,3548.0,3548.0,3548.0,3548.0,3548.0,3548.0,3548.0,3548.0,8.0,,,,,,,,,,,,,,,,,,,,,0.8,-1.9575700615,-0.1562207026,-20.12315075134097,8.9234451331,0.7577066813000002,1.5055826826,-0.3762207026000002
3549,3549,3549.0,3549.0,3549.0,3549.0,3549.0,3549.0,3549.0,3549.0,3549.0,3549.0,3549.0,3549.0,3549.0,3549.0,3549.0,3549.0,3549.0,3549.0,3549.0,3549.0,9.0,,,,,,,,,,,,,,,,,,,,,0.9,-2.0697805544,-2.0563252848,8.56292281755104,9.6811518144,0.7478760012999999,0.7478760012999999,-2.8363252848000005
3550,3550,3550.0,3550.0,3550.0,3550.0,3550.0,3550.0,3550.0,3550.0,3550.0,3550.0,3550.0,3550.0,3550.0,3550.0,3550.0,3550.0,3550.0,3550.0,3550.0,3550.0,0.0,,,,,,,,,,,,,,,,,,,,,0.0,0.0,-1.0,4.434923808454092,0.0,0.0666083046,10.391869501700002,-2.5
3551,3551,3551.0,3551.0,3551.0,3551.0,3551.0,3551.0,3551.0,3551.0,3551.0,3551.0,3551.0,3551.0,3551.0,3551.0,3551.0,3551.0,3551.0,3551.0,3551.0,3551.0,1.0,,,,,,,,,,,,,,,,,,,,,0.1,-0.0737090059,-0.4827986132,-20.122583961684526,0.0666083046,0.4387323883,10.3252611971,-1.2627986132000002
3552,3552,3552.0,3552.0,3552.0,3552.0,3552.0,3552.0,3552.0,3552.0,3552.0,3552.0,3552.0,3552.0,3552.0,3552.0,3552.0,3552.0,3552.0,3552.0,3552.0,3552.0,2.0,,,,,,,,,,,,,,,,,,,,,0.2,-0.2169947163,-2.3517712991,-20.039276834122493,0.5053406929,1.2671897058,9.8865288088,-2.5717712991
3553,3553,3553.0,3553.0,3553.0,3553.0,3553.0,3553.0,3553.0,3553.0,3553.0,3553.0,3553.0,3553.0,3553.0,3553.0,3553.0,3553.0,3553.0,3553.0,3553.0,3553.0,3.0,,,,,,,,,,,,,,,,,,,,,0.3,-0.5377337233,-4.0349599754,-19.992113664974376,1.7725303987,2.5901858557000006,8.619339103000002,-3.8549599754
3554,3554,3554.0,3554.0,3554.0,3554.0,3554.0,3554.0,3554.0,3554.0,3554.0,3554.0,3554.0,3554.0,3554.0,3554.0,3554.0,3554.0,3554.0,3554.0,3554.0,3554.0,4.0,,,,,,,,,,,,,,,,,,,,,0.4,-1.0184208764,-5.5534841888,15.628522349076473,4.3627162544,2.3678906452,6.0291532473,-5.1334841888
3555,3555,3555.0,3555.0,3555.0,3555.0,3555.0,3555.0,3555.0,3555.0,3555.0,3555.0,3555.0,3555.0,3555.0,3555.0,3555.0,3555.0,3555.0,3555.0,3555.0,3555.0,5.0,,,,,,,,,,,,,,,,,,,,,0.5,-1.4713030699,-3.5377497605,11.962552763213155,6.7306068996,1.1310101553000005,3.6612626021000008,-3.0377497605
3556,3556,3556.0,3556.0,3556.0,3556.0,3556.0,3556.0,3556.0,3556.0,3556.0,3556.0,3556.0,3556.0,3556.0,3556.0,3556.0,3556.0,3556.0,3556.0,3556.0,3556.0,6.0,,,,,,,,,,,,,,,,,,,,,0.6,-1.7500969085,-2.0627006455,9.721100408874872,7.8616170549,0.6170955414999995,2.5302524468000005,-1.6427006455000002
3557,3557,3557.0,3557.0,3557.0,3557.0,3557.0,3557.0,3557.0,3557.0,3557.0,3557.0,3557.0,3557.0,3557.0,3557.0,3557.0,3557.0,3557.0,3557.0,3557.0,3557.0,7.0,,,,,,,,,,,,,,,,,,,,,0.7,-1.8993637445,-0.9413237686,7.718149685773156,8.4787125964,0.4361497530000005,1.913156905300001,-0.7613237685999998
3558,3558,3558.0,3558.0,3558.0,3558.0,3558.0,3558.0,3558.0,3558.0,3558.0,3558.0,3558.0,3558.0,3558.0,3558.0,3558.0,3558.0,3558.0,3558.0,3558.0,3558.0,8.0,,,,,,,,,,,,,,,,,,,,,0.8,-1.9516065442,-0.1172660003,-20.0685216923412,8.9148623494,0.7446392486000004,1.4770071523000006,-0.3372660003000002
3559,3559,3559.0,3559.0,3559.0,3559.0,3559.0,3559.0,3559.0,3559.0,3559.0,3559.0,3559.0,3559.0,3559.0,3559.0,3559.0,3559.0,3559.0,3559.0,3559.0,3559.0,9.0,,,,,,,,,,,,,,,,,,,,,0.9,-2.0598457146,-2.0158789992,8.298638207009231,9.659501598,0.7323679037000002,0.7323679037000002,-2.7958789992
3560,3560,3560.0,3560.0,3560.0,3560.0,3560.0,3560.0,3560.0,3560.0,3560.0,3560.0,3560.0,3560.0,3560.0,3560.0,3560.0,3560.0,3560.0,3560.0,3560.0,3560.0,0.0,,,,,,,,,,,,,,,,,,,,,0.0,0.0,-1.0,4.33617615336207,0.0,0.0668033624,10.1980816735,-2.5
3561,3561,3561.0,3561.0,3561.0,3561.0,3561.0,3561.0,3561.0,3561.0,3561.0,3561.0,3561.0,3561.0,3561.0,3561.0,3561.0,3561.0,3561.0,3561.0,3561.0,3561.0,1.0,,,,,,,,,,,,,,,,,,,,,0.1,-0.0741866896,-0.4921956951,-19.834291559375387,0.0668033624,0.4306763211,10.1312783111,-1.2721956951000002
3562,3562,3562.0,3562.0,3562.0,3562.0,3562.0,3562.0,3562.0,3562.0,3562.0,3562.0,3562.0,3562.0,3562.0,3562.0,3562.0,3562.0,3562.0,3562.0,3562.0,3562.0,2.0,,,,,,,,,,,,,,,,,,,,,0.2,-0.2169720596,-2.332839481,-19.84987242885501,0.4974796835,1.2454939018,9.70060199,-2.5528394810000004
3563,3563,3563.0,3563.0,3563.0,3563.0,3563.0,3563.0,3563.0,3563.0,3563.0,3563.0,3563.0,3563.0,3563.0,3563.0,3563.0,3563.0,3563.0,3563.0,3563.0,3563.0,3.0,,,,,,,,,,,,,,,,,,,,,0.3,-0.5349932378,-3.9998055457,-19.95718856155817,1.7429735853,2.5551117753000003,8.455108088200001,-3.8198055457
3564,3564,3564.0,3564.0,3564.0,3564.0,3564.0,3564.0,3564.0,3564.0,3564.0,3564.0,3564.0,3564.0,3564.0,3564.0,3564.0,3564.0,3564.0,3564.0,3564.0,3564.0,4.0,,,,,,,,,,,,,,,,,,,,,0.4,-1.0121660576,-5.518351582,15.702244859821803,4.2980853606,2.3337346085000004,5.899996312900001,-5.098351582
3565,3565,3565.0,3565.0,3565.0,3565.0,3565.0,3565.0,3565.0,3565.0,3565.0,3565.0,3565.0,3565.0,3565.0,3565.0,3565.0,3565.0,3565.0,3565.0,3565.0,3565.0,5.0,,,,,,,,,,,,,,,,,,,,,0.5,-1.461348315,-3.4989448386,12.004049925187486,6.6318199691,1.1060890600999995,3.5662617044000005,-2.9989448386
3566,3566,3566.0,3566.0,3566.0,3566.0,3566.0,3566.0,3566.0,3566.0,3566.0,3566.0,3566.0,3566.0,3566.0,3566.0,3566.0,3566.0,3566.0,3566.0,3566.0,3566.0,6.0,,,,,,,,,,,,,,,,,,,,,0.6,-1.7362486335,-2.0236395276,9.480230164460083,7.7379090292,0.6011259257000008,2.460172644300001,-1.6036395276
3567,3567,3567.0,3567.0,3567.0,3567.0,3567.0,3567.0,3567.0,3567.0,3567.0,3567.0,3567.0,3567.0,3567.0,3567.0,3567.0,3567.0,3567.0,3567.0,3567.0,3567.0,7.0,,,,,,,,,,,,,,,,,,,,,0.7,-1.8829635024,-0.9289016423,7.960216973476816,8.3390349549,0.4292535505999986,1.8590467186,-0.7489016422999999
3568,3568,3568.0,3568.0,3568.0,3568.0,3568.0,3568.0,3568.0,3568.0,3568.0,3568.0,3568.0,3568.0,3568.0,3568.0,3568.0,3568.0,3568.0,3568.0,3568.0,3568.0,8.0,,,,,,,,,,,,,,,,,,,,,0.8,-1.9328531902,-0.0829902571,-19.872778435122235,8.7682885055,0.7230916699000005,1.4297931680000016,-0.3029902571000002
3569,3569,3569.0,3569.0,3569.0,3569.0,3569.0,3569.0,3569.0,3569.0,3569.0,3569.0,3569.0,3569.0,3569.0,3569.0,3569.0,3569.0,3569.0,3569.0,3569.0,3569.0,9.0,,,,,,,,,,,,,,,,,,,,,0.9,-2.0368836898,-1.966237601,8.431347112599767,9.4913801754,0.706701498100001,0.706701498100001,-2.7462376010000003
3570,3570,3570.0,3570.0,3570.0,3570.0,3570.0,3570.0,3570.0,3570.0,3570.0,3570.0,3570.0,3570.0,3570.0,3570.0,3570.0,3570.0,3570.0,3570.0,3570.0,3570.0,0.0,,,,,,,,,,,,,,,,,,,,,0.0,0.0,-1.0,4.400437600742302,0.0,0.0666746308,10.262600288199998,-2.5
3571,3571,3571.0,3571.0,3571.0,3571.0,3571.0,3571.0,3571.0,3571.0,3571.0,3571.0,3571.0,3571.0,3571.0,3571.0,3571.0,3571.0,3571.0,3571.0,3571.0,3571.0,1.0,,,,,,,,,,,,,,,,,,,,,0.1,-0.0738758301,-0.4860804098,-19.906629094741835,0.0666746308,0.4316681046,10.195925657399998,-1.2660804098000005
3572,3572,3572.0,3572.0,3572.0,3572.0,3572.0,3572.0,3572.0,3572.0,3572.0,3572.0,3572.0,3572.0,3572.0,3572.0,3572.0,3572.0,3572.0,3572.0,3572.0,3572.0,2.0,,,,,,,,,,,,,,,,,,,,,0.2,-0.2164291806,-2.3341899688,-19.934102926126183,0.4983427354,1.2507791465,9.764257552799998,-2.5541899688000003
3573,3573,3573.0,3573.0,3573.0,3573.0,3573.0,3573.0,3573.0,3573.0,3573.0,3573.0,3573.0,3573.0,3573.0,3573.0,3573.0,3573.0,3573.0,3573.0,3573.0,3573.0,3.0,,,,,,,,,,,,,,,,,,,,,0.3,-0.5349863327,-4.0090431093,-20.044391007537808,1.7491218819,2.5695751695,8.513478406299999,-3.8290431093000006
3574,3574,3574.0,3574.0,3574.0,3574.0,3574.0,3574.0,3574.0,3574.0,3574.0,3574.0,3574.0,3574.0,3574.0,3574.0,3574.0,3574.0,3574.0,3574.0,3574.0,3574.0,4.0,,,,,,,,,,,,,,,,,,,,,0.4,-1.0134600577,-5.535008485,15.713705734061476,4.3186970514,2.348303856,5.9439032368,-5.115008485
3575,3575,3575.0,3575.0,3575.0,3575.0,3575.0,3575.0,3575.0,3575.0,3575.0,3575.0,3575.0,3575.0,3575.0,3575.0,3575.0,3575.0,3575.0,3575.0,3575.0,3575.0,5.0,,,,,,,,,,,,,,,,,,,,,0.5,-1.4641719881,-3.5129259813,12.02945052280304,6.6670009074,1.1142618399999993,3.5955993807999995,-3.0129259813
3576,3576,3576.0,3576.0,3576.0,3576.0,3576.0,3576.0,3576.0,3576.0,3576.0,3576.0,3576.0,3576.0,3576.0,3576.0,3576.0,3576.0,3576.0,3576.0,3576.0,3576.0,6.0,,,,,,,,,,,,,,,,,,,,,0.6,-1.7402799158,-2.0338730013,9.630757912972475,7.7812627474,0.6051267978000006,2.4813375408,-1.6138730013
3577,3577,3577.0,3577.0,3577.0,3577.0,3577.0,3577.0,3577.0,3577.0,3577.0,3577.0,3577.0,3577.0,3577.0,3577.0,3577.0,3577.0,3577.0,3577.0,3577.0,3577.0,7.0,,,,,,,,,,,,,,,,,,,,,0.7,-1.8872404647,-0.9238366611,7.951458652613532,8.3863895452,0.4302796223000005,1.876210743,-0.7438366610999998
3578,3578,3578.0,3578.0,3578.0,3578.0,3578.0,3578.0,3578.0,3578.0,3578.0,3578.0,3578.0,3578.0,3578.0,3578.0,3578.0,3578.0,3578.0,3578.0,3578.0,3578.0,8.0,,,,,,,,,,,,,,,,,,,,,0.8,-1.9366905198,-0.0792407408,-20.09820013103128,8.8166691675,0.7314062640999985,1.4459311206999992,-0.2992407408000002
3579,3579,3579.0,3579.0,3579.0,3579.0,3579.0,3579.0,3579.0,3579.0,3579.0,3579.0,3579.0,3579.0,3579.0,3579.0,3579.0,3579.0,3579.0,3579.0,3579.0,3579.0,9.0,,,,,,,,,,,,,,,,,,,,,0.9,-2.0414546539,-1.9842966197,8.348309260788604,9.5480754316,0.7145248566000006,0.7145248566000006,-2.7642966197000005
3580,3580,3580.0,3580.0,3580.0,3580.0,3580.0,3580.0,3580.0,3580.0,3580.0,3580.0,3580.0,3580.0,3580.0,3580.0,3580.0,3580.0,3580.0,3580.0,3580.0,3580.0,0.0,,,,,,,,,,,,,,,,,,,,,0.0,0.0,-1.0,4.6988025741600215,0.0,0.0661645633,10.2084406537,-2.5
3581,3581,3581.0,3581.0,3581.0,3581.0,3581.0,3581.0,3581.0,3581.0,3581.0,3581.0,3581.0,3581.0,3581.0,3581.0,3581.0,3581.0,3581.0,3581.0,3581.0,3581.0,1.0,,,,,,,,,,,,,,,,,,,,,0.1,-0.072432514,-0.4576872286,-20.065917362346337,0.0661645633,0.4298648478,10.1422760904,-1.2376872286000002
3582,3582,3582.0,3582.0,3582.0,3582.0,3582.0,3582.0,3582.0,3582.0,3582.0,3582.0,3582.0,3582.0,3582.0,3582.0,3582.0,3582.0,3582.0,3582.0,3582.0,3582.0,2.0,,,,,,,,,,,,,,,,,,,,,0.2,-0.2130544403,-2.3236570386,-19.92477807125985,0.4960294111,1.2436478884,9.7124112426,-2.5436570386
3583,3583,3583.0,3583.0,3583.0,3583.0,3583.0,3583.0,3583.0,3583.0,3583.0,3583.0,3583.0,3583.0,3583.0,3583.0,3583.0,3583.0,3583.0,3583.0,3583.0,3583.0,3.0,,,,,,,,,,,,,,,,,,,,,0.3,-0.5305641431,-3.9986251428,-20.16415837460025,1.7396772995,2.5676365046,8.4687633542,-3.8186251428
3584,3584,3584.0,3584.0,3584.0,3584.0,3584.0,3584.0,3584.0,3584.0,3584.0,3584.0,3584.0,3584.0,3584.0,3584.0,3584.0,3584.0,3584.0,3584.0,3584.0,3584.0,4.0,,,,,,,,,,,,,,,,,,,,,0.4,-1.0086258333,-5.5369792901,15.956097615586367,4.3073138041,2.3427671186000003,5.901126849600001,-5.1169792901
3585,3585,3585.0,3585.0,3585.0,3585.0,3585.0,3585.0,3585.0,3585.0,3585.0,3585.0,3585.0,3585.0,3585.0,3585.0,3585.0,3585.0,3585.0,3585.0,3585.0,3585.0,5.0,,,,,,,,,,,,,,,,,,,,,0.5,-1.4583527598,-3.4916426021,11.990848153687503,6.6500809227,1.1013433525999998,3.5583597310000004,-2.9916426021
3586,3586,3586.0,3586.0,3586.0,3586.0,3586.0,3586.0,3586.0,3586.0,3586.0,3586.0,3586.0,3586.0,3586.0,3586.0,3586.0,3586.0,3586.0,3586.0,3586.0,3586.0,6.0,,,,,,,,,,,,,,,,,,,,,0.6,-1.7326220412,-2.0182885052,9.557945309965204,7.7514242753,0.5979426304000004,2.4570163784000005,-1.5982885052000002
3587,3587,3587.0,3587.0,3587.0,3587.0,3587.0,3587.0,3587.0,3587.0,3587.0,3587.0,3587.0,3587.0,3587.0,3587.0,3587.0,3587.0,3587.0,3587.0,3587.0,3587.0,7.0,,,,,,,,,,,,,,,,,,,,,0.7,-1.8784517545,-0.9166642609,7.859387984282154,8.3493669057,0.4257447296999999,1.859073748,-0.7366642608999998
3588,3588,3588.0,3588.0,3588.0,3588.0,3588.0,3588.0,3588.0,3588.0,3588.0,3588.0,3588.0,3588.0,3588.0,3588.0,3588.0,3588.0,3588.0,3588.0,3588.0,3588.0,8.0,,,,,,,,,,,,,,,,,,,,,0.8,-1.9276646498,-0.0815125673,-20.004663491699347,8.7751116354,0.7251749625000006,1.4333290183000005,-0.3015125673000002
3589,3589,3589.0,3589.0,3589.0,3589.0,3589.0,3589.0,3589.0,3589.0,3589.0,3589.0,3589.0,3589.0,3589.0,3589.0,3589.0,3589.0,3589.0,3589.0,3589.0,3589.0,9.0,,,,,,,,,,,,,,,,,,,,,0.9,-2.032192512,-1.9774510542,8.420445775151661,9.5002865979,0.7081540557999997,0.7081540557999997,-2.7574510542
3590,3590,3590.0,3590.0,3590.0,3590.0,3590.0,3590.0,3590.0,3590.0,3590.0,3590.0,3590.0,3590.0,3590.0,3590.0,3590.0,3590.0,3590.0,3590.0,3590.0,3590.0,0.0,,,,,,,,,,,,,,,,,,,,,0.0,0.0,-1.0,4.430240212144466,0.0,0.0666171993,10.2807930428,-2.5
3591,3591,3591.0,3591.0,3591.0,3591.0,3591.0,3591.0,3591.0,3591.0,3591.0,3591.0,3591.0,3591.0,3591.0,3591.0,3591.0,3591.0,3591.0,3591.0,3591.0,3591.0,1.0,,,,,,,,,,,,,,,,,,,,,0.1,-0.0737316624,-0.4832443164,-20.0110344428947,0.0666171993,0.4347358071,10.2141758435,-1.2632443164000002
3592,3592,3592.0,3592.0,3592.0,3592.0,3592.0,3592.0,3592.0,3592.0,3592.0,3592.0,3592.0,3592.0,3592.0,3592.0,3592.0,3592.0,3592.0,3592.0,3592.0,3592.0,2.0,,,,,,,,,,,,,,,,,,,,,0.2,-0.2165201753,-2.3415592477,-20.12079852909153,0.5013530064,1.2653075459,9.7794400364,-2.5615592477
3593,3593,3593.0,3593.0,3593.0,3593.0,3593.0,3593.0,3593.0,3593.0,3593.0,3593.0,3593.0,3593.0,3593.0,3593.0,3593.0,3593.0,3593.0,3593.0,3593.0,3593.0,3.0,,,,,,,,,,,,,,,,,,,,,0.3,-0.5366817316,-4.0334775444,-19.88144641302908,1.7666605523,2.5810141671,8.5141324905,-3.853477544400001
3594,3594,3594.0,3594.0,3594.0,3594.0,3594.0,3594.0,3594.0,3594.0,3594.0,3594.0,3594.0,3594.0,3594.0,3594.0,3594.0,3594.0,3594.0,3594.0,3594.0,3594.0,4.0,,,,,,,,,,,,,,,,,,,,,0.4,-1.0166924712,-5.5416114461,15.946199478731774,4.3476747194,2.3490781765,5.9331183234,-5.1216114461
3595,3595,3595.0,3595.0,3595.0,3595.0,3595.0,3595.0,3595.0,3595.0,3595.0,3595.0,3595.0,3595.0,3595.0,3595.0,3595.0,3595.0,3595.0,3595.0,3595.0,3595.0,5.0,,,,,,,,,,,,,,,,,,,,,0.5,-1.4669080868,-3.4967758826,11.982539729614048,6.6967528959,1.1069846383000002,3.5840401469,-2.9967758826
3596,3596,3596.0,3596.0,3596.0,3596.0,3596.0,3596.0,3596.0,3596.0,3596.0,3596.0,3596.0,3596.0,3596.0,3596.0,3596.0,3596.0,3596.0,3596.0,3596.0,3596.0,6.0,,,,,,,,,,,,,,,,,,,,,0.6,-1.7417060578,-2.0237239387,9.520199760857174,7.8037375342,0.602997353000001,2.4770555085999995,-1.6037239387
3597,3597,3597.0,3597.0,3597.0,3597.0,3597.0,3597.0,3597.0,3597.0,3597.0,3597.0,3597.0,3597.0,3597.0,3597.0,3597.0,3597.0,3597.0,3597.0,3597.0,3597.0,7.0,,,,,,,,,,,,,,,,,,,,,0.7,-1.8882356105,-0.9251744099,7.838500976338048,8.4067348872,0.4303879662999996,1.8740581555999984,-0.7451744098999998
3598,3598,3598.0,3598.0,3598.0,3598.0,3598.0,3598.0,3598.0,3598.0,3598.0,3598.0,3598.0,3598.0,3598.0,3598.0,3598.0,3598.0,3598.0,3598.0,3598.0,3598.0,8.0,,,,,,,,,,,,,,,,,,,,,0.8,-1.9383593945,-0.0912005283,-19.942921579243578,8.8371228535,0.7294202296999988,1.4436701892999988,-0.3112005283000002
3599,3599,3599.0,3599.0,3599.0,3599.0,3599.0,3599.0,3599.0,3599.0,3599.0,3599.0,3599.0,3599.0,3599.0,3599.0,3599.0,3599.0,3599.0,3599.0,3599.0,3599.0,9.0,,,,,,,,,,,,,,,,,,,,,0.9,-2.0435101275,-1.9803419532,8.337420556883842,9.5665430832,0.7142499596,0.7142499596,-2.7603419532
