,Unnamed: 0,Unnamed: 0.1,Unnamed: 0.1.1,Unnamed: 0.1.1.1,Unnamed: 0.1.1.1.1,Unnamed: 0.1.1.1.1.1,Unnamed: 0.1.1.1.1.1.1,Unnamed: 0.1.1.1.1.1.1.1,Unnamed: 0.1.1.1.1.1.1.1.1,Unnamed: 0.1.1.1.1.1.1.1.1.1,Unnamed: 0.1.1.1.1.1.1.1.1.1.1,Unnamed: 0.1.1.1.1.1.1.1.1.1.1.1,Unnamed: 0.1.1.1.1.1.1.1.1.1.1.1.1,Unnamed: 0.1.1.1.1.1.1.1.1.1.1.1.1.1,Unnamed: 0.1.1.1.1.1.1.1.1.1.1.1.1.1.1,Unnamed: 0.1.1.1.1.1.1.1.1.1.1.1.1.1.1.1,Unnamed: 0.1.1.1.1.1.1.1.1.1.1.1.1.1.1.1.1,Unnamed: 0.1.1.1.1.1.1.1.1.1.1.1.1.1.1.1.1.1,Unnamed: 0.1.1.1.1.1.1.1.1.1.1.1.1.1.1.1.1.1.1,Unnamed: 0.1.1.1.1.1.1.1.1.1.1.1.1.1.1.1.1.1.1.1,Unnamed: 0.1.1.1.1.1.1.1.1.1.1.1.1.1.1.1.1.1.1.1.1,Unnamed: 0.1.1.1.1.1.1.1.1.1.1.1.1.1.1.1.1.1.1.1.1.1,Unnamed: 0.1.1.1.1.1.1.1.1.1.1.1.1.1.1.1.1.1.1.1.1.1.1,Unnamed: 0.1.1.1.1.1.1.1.1.1.1.1.1.1.1.1.1.1.1.1.1.1.1.1,Unnamed: 0.1.1.1.1.1.1.1.1.1.1.1.1.1.1.1.1.1.1.1.1.1.1.1.1,Unnamed: 0.1.1.1.1.1.1.1.1.1.1.1.1.1.1.1.1.1.1.1.1.1.1.1.1.1,Unnamed: 0.1.1.1.1.1.1.1.1.1.1.1.1.1.1.1.1.1.1.1.1.1.1.1.1.1.1,Unnamed: 0.1.1.1.1.1.1.1.1.1.1.1.1.1.1.1.1.1.1.1.1.1.1.1.1.1.1.1,Unnamed: 0.1.1.1.1.1.1.1.1.1.1.1.1.1.1.1.1.1.1.1.1.1.1.1.1.1.1.1.1,Unnamed: 0.1.1.1.1.1.1.1.1.1.1.1.1.1.1.1.1.1.1.1.1.1.1.1.1.1.1.1.1.1,Unnamed: 0.1.1.1.1.1.1.1.1.1.1.1.1.1.1.1.1.1.1.1.1.1.1.1.1.1.1.1.1.1.1,Unnamed: 0.1.1.1.1.1.1.1.1.1.1.1.1.1.1.1.1.1.1.1.1.1.1.1.1.1.1.1.1.1.1.1,Unnamed: 0.1.1.1.1.1.1.1.1.1.1.1.1.1.1.1.1.1.1.1.1.1.1.1.1.1.1.1.1.1.1.1.1,Unnamed: 0.1.1.1.1.1.1.1.1.1.1.1.1.1.1.1.1.1.1.1.1.1.1.1.1.1.1.1.1.1.1.1.1.1,Unnamed: 0.1.1.1.1.1.1.1.1.1.1.1.1.1.1.1.1.1.1.1.1.1.1.1.1.1.1.1.1.1.1.1.1.1.1,Unnamed: 0.1.1.1.1.1.1.1.1.1.1.1.1.1.1.1.1.1.1.1.1.1.1.1.1.1.1.1.1.1.1.1.1.1.1.1,Unnamed: 0.1.1.1.1.1.1.1.1.1.1.1.1.1.1.1.1.1.1.1.1.1.1.1.1.1.1.1.1.1.1.1.1.1.1.1.1,Unnamed: 0.1.1.1.1.1.1.1.1.1.1.1.1.1.1.1.1.1.1.1.1.1.1.1.1.1.1.1.1.1.1.1.1.1.1.1.1.1,Unnamed: 0.1.1.1.1.1.1.1.1.1.1.1.1.1.1.1.1.1.1.1.1.1.1.1.1.1.1.1.1.1.1.1.1.1.1.1.1.1.1,Unnamed: 0.1.1.1.1.1.1.1.1.1.1.1.1.1.1.1.1.1.1.1.1.1.1.1.1.1.1.1.1.1.1.1.1.1.1.1.1.1.1.1,Unnamed: 0.1.1.1.1.1.1.1.1.1.1.1.1.1.1.1.1.1.1.1.1.1.1.1.1.1.1.1.1.1.1.1.1.1.1.1.1.1.1.1.1,Unnamed: 0.1.1.1.1.1.1.1.1.1.1.1.1.1.1.1.1.1.1.1.1.1.1.1.1.1.1.1.1.1.1.1.1.1.1.1.1.1.1.1.1.1,Unnamed: 0.1.1.1.1.1.1.1.1.1.1.1.1.1.1.1.1.1.1.1.1.1.1.1.1.1.1.1.1.1.1.1.1.1.1.1.1.1.1.1.1.1.1,Unnamed: 0.1.1.1.1.1.1.1.1.1.1.1.1.1.1.1.1.1.1.1.1.1.1.1.1.1.1.1.1.1.1.1.1.1.1.1.1.1.1.1.1.1.1.1,Unnamed: 0.1.1.1.1.1.1.1.1.1.1.1.1.1.1.1.1.1.1.1.1.1.1.1.1.1.1.1.1.1.1.1.1.1.1.1.1.1.1.1.1.1.1.1.1,Unnamed: 0.1.1.1.1.1.1.1.1.1.1.1.1.1.1.1.1.1.1.1.1.1.1.1.1.1.1.1.1.1.1.1.1.1.1.1.1.1.1.1.1.1.1.1.1.1,t,x0,x1,u,L,inst_cost,ctg,path_diff
0,0,0.0,0.0,0.0,0.0,0.0,0.0,0.0,0.0,0.0,0.0,0.0,0.0,0.0,0.0,,,,,,,,,,,,,,,,,,,,,,,,,,,,,,,,0.0,0.0,-1.0,0.6475840693234511,0.0,0.085404082,2.8812171853,0.0549320183999997
1,1,1.0,1.0,1.0,1.0,1.0,1.0,1.0,1.0,1.0,1.0,1.0,1.0,1.0,1.0,,,,,,,,,,,,,,,,,,,,,,,,,,,,,,,,0.1,-0.092029945,-0.843211648,-0.1601039023461847,0.085404082,0.0675107122999999,2.7958131033,0.0549320183999997
2,2,2.0,2.0,2.0,2.0,2.0,2.0,2.0,2.0,2.0,2.0,2.0,2.0,2.0,2.0,,,,,,,,,,,,,,,,,,,,,,,,,,,,,,,,0.2,-0.1730466278,-0.7782053555,-2.191531862948196,0.1529147943,0.0788718351,2.728302391,0.0549320183999997
3,3,3.0,3.0,3.0,3.0,3.0,3.0,3.0,3.0,3.0,3.0,3.0,3.0,3.0,3.0,,,,,,,,,,,,,,,,,,,,,,,,,,,,,,,,0.3,-0.2577037616,-0.912701408,-1.1051783728894855,0.2317866294,0.0949157192999999,2.6494305559,0.0549320183999997
4,4,4.0,4.0,4.0,4.0,4.0,4.0,4.0,4.0,4.0,4.0,4.0,4.0,4.0,4.0,,,,,,,,,,,,,,,,,,,,,,,,,,,,,,,,0.4,-0.3499049732,-0.9310180337,-20.115095978547764,0.3267023487,0.5942598997999999,2.5545148366,0.0549320183999997
5,5,5.0,5.0,5.0,5.0,5.0,5.0,5.0,5.0,5.0,5.0,5.0,5.0,5.0,5.0,,,,,,,,,,,,,,,,,,,,,,,,,,,,,,,,0.5,-0.5358081783,-2.7566244264,2.272767940036577,0.9209622485,0.6809877798999999,1.9602549368,0.0549320183999997
6,6,6.0,6.0,6.0,6.0,6.0,6.0,6.0,6.0,6.0,6.0,6.0,6.0,6.0,6.0,,,,,,,,,,,,,,,,,,,,,,,,,,,,,,,,0.6,-0.787141471,-2.2780143398,15.279705163269693,1.6019500284,0.4204075064999999,1.2792671569000005,0.0549320183999997
7,7,7.0,7.0,7.0,7.0,7.0,7.0,7.0,7.0,7.0,7.0,7.0,7.0,7.0,7.0,,,,,,,,,,,,,,,,,,,,,,,,,,,,,,,,0.7,-0.9300089564,-0.6071763381,8.662311251584228,2.0223575349,0.1358823734000003,0.8588596504000003,0.0549320183999997
8,8,8.0,8.0,8.0,8.0,8.0,8.0,8.0,8.0,8.0,8.0,8.0,8.0,8.0,8.0,,,,,,,,,,,,,,,,,,,,,,,,,,,,,,,,0.8,-0.9458861877,0.2749320184,-20.61060529789882,2.1582399083,0.3927792202,0.722977277,0.0549320183999997
9,9,9.0,9.0,9.0,9.0,9.0,9.0,9.0,9.0,9.0,9.0,9.0,9.0,9.0,9.0,,,,,,,,,,,,,,,,,,,,,,,,,,,,,,,,0.9,-1.0194249873,-1.7125897117,14.833907844435146,2.5510191285,0.3301980568,0.3301980568,0.0549320183999997
10,10,10.0,10.0,10.0,10.0,10.0,10.0,10.0,10.0,10.0,10.0,10.0,10.0,10.0,10.0,,,,,,,,,,,,,,,,,,,,,,,,,,,,,,,,0.0,0.0,-1.0,1.4811330295920064,0.0,0.0792732246,2.8925438018,0.0302145127999997
11,11,11.0,11.0,11.0,11.0,11.0,11.0,11.0,11.0,11.0,11.0,11.0,11.0,11.0,11.0,,,,,,,,,,,,,,,,,,,,,,,,,,,,,,,,0.1,-0.0879977229,-0.7638889742,-0.735313647440976,0.0792732246,0.060052023,2.8132705772,0.0302145127999997
12,12,12.0,12.0,12.0,12.0,12.0,12.0,12.0,12.0,12.0,12.0,12.0,12.0,12.0,12.0,,,,,,,,,,,,,,,,,,,,,,,,,,,,,,,,0.2,-0.1642483944,-0.7611696674,-1.9301390246439525,0.1393252476,0.0730580495999999,2.7532185542,0.0302145127999997
13,13,13.0,13.0,13.0,13.0,13.0,13.0,13.0,13.0,13.0,13.0,13.0,13.0,13.0,13.0,,,,,,,,,,,,,,,,,,,,,,,,,,,,,,,,0.3,-0.2460201074,-0.8724118569,-1.615264094598519,0.2123832972,0.0923839237,2.6801605046,0.0302145127999997
14,14,14.0,14.0,14.0,14.0,14.0,14.0,14.0,14.0,14.0,14.0,14.0,14.0,14.0,14.0,,,,,,,,,,,,,,,,,,,,,,,,,,,,,,,,0.4,-0.3368547052,-0.9431036686,-20.037121361569728,0.3047672209,0.5942552288,2.5877765809,0.0302145127999997
15,15,15.0,15.0,15.0,15.0,15.0,15.0,15.0,15.0,15.0,15.0,15.0,15.0,15.0,15.0,,,,,,,,,,,,,,,,,,,,,,,,,,,,,,,,0.5,-0.5235308147,-2.7601396952,2.093809087939604,0.8990224497,0.6849598070999999,1.9935213521,0.0302145127999997
16,16,16.0,16.0,16.0,16.0,16.0,16.0,16.0,16.0,16.0,16.0,16.0,16.0,16.0,16.0,,,,,,,,,,,,,,,,,,,,,,,,,,,,,,,,0.6,-0.7760643167,-2.2982252844,13.796893270173127,1.5839822568,0.4206406571000001,1.308561545,0.0302145127999997
17,17,17.0,17.0,17.0,17.0,17.0,17.0,17.0,17.0,17.0,17.0,17.0,17.0,17.0,17.0,,,,,,,,,,,,,,,,,,,,,,,,,,,,,,,,0.7,-0.9280281029,-0.7665721712,9.918159711448622,2.0046229139,0.1540965186999998,0.8879208879,0.0302145127999997
18,18,18.0,18.0,18.0,18.0,18.0,18.0,18.0,18.0,18.0,18.0,18.0,18.0,18.0,18.0,,,,,,,,,,,,,,,,,,,,,,,,,,,,,,,,0.8,-0.9529988157,0.2502145128,-20.9525159812393,2.1587194326,0.4086662716,0.7338243692000002,0.0302145127999997
19,19,19.0,19.0,19.0,19.0,19.0,19.0,19.0,19.0,19.0,19.0,19.0,19.0,19.0,19.0,,,,,,,,,,,,,,,,,,,,,,,,,,,,,,,,0.9,-1.0305438203,-1.7674920808,10.404949362563103,2.5673857042,0.3251580976000001,0.3251580976000001,0.0302145127999997
20,20,20.0,20.0,20.0,20.0,20.0,20.0,20.0,20.0,20.0,20.0,20.0,20.0,20.0,20.0,,,,,,,,,,,,,,,,,,,,,,,,,,,,,,,,0.0,0.0,-1.0,1.57143366878528,0.0,0.0786766149,2.7078884133,-2.5
21,21,21.0,21.0,21.0,21.0,21.0,21.0,21.0,21.0,21.0,21.0,21.0,21.0,21.0,21.0,,,,,,,,,,,,,,,,,,,,,,,,,,,,,,,,0.1,-0.087560901,-0.7552957322,-1.920118748833863,0.0786766149,0.0694956884,2.6292117984,-1.5352957322000005
22,22,22.0,22.0,22.0,22.0,22.0,22.0,22.0,22.0,22.0,22.0,22.0,22.0,22.0,22.0,,,,,,,,,,,,,,,,,,,,,,,,,,,,,,,,0.2,-0.1687252491,-0.8661432589,-1.2952763014310316,0.1481723033,0.0841034468999999,2.55971611,-1.0861432589
23,23,23.0,23.0,23.0,23.0,23.0,23.0,23.0,23.0,23.0,23.0,23.0,23.0,23.0,23.0,,,,,,,,,,,,,,,,,,,,,,,,,,,,,,,,0.3,-0.2574154882,-0.9069806499,-0.299585562650513,0.2322757502,0.086262592,2.4756126631,-0.7269806499000001
24,24,24.0,24.0,24.0,24.0,24.0,24.0,24.0,24.0,24.0,24.0,24.0,24.0,24.0,24.0,,,,,,,,,,,,,,,,,,,,,,,,,,,,,,,,0.4,-0.345175488,-0.8491792065,-19.825473276723244,0.3185383422,0.5537525475,2.3893500711,-0.4291792064999999
25,25,25.0,25.0,25.0,25.0,25.0,25.0,25.0,25.0,25.0,25.0,25.0,25.0,25.0,25.0,,,,,,,,,,,,,,,,,,,,,,,,,,,,,,,,0.5,-0.5218896835,-2.6550123385,1.8440295525395285,0.8722908897,0.6397074042,1.8355975236,-2.1550123385
26,26,26.0,26.0,26.0,26.0,26.0,26.0,26.0,26.0,26.0,26.0,26.0,26.0,26.0,26.0,,,,,,,,,,,,,,,,,,,,,,,,,,,,,,,,0.6,-0.7656272902,-2.2268717767,15.132687776181085,1.5119982939,0.4018505316999998,1.1958901194,-1.8068717767
27,27,27.0,27.0,27.0,27.0,27.0,27.0,27.0,27.0,27.0,27.0,27.0,27.0,27.0,27.0,,,,,,,,,,,,,,,,,,,,,,,,,,,,,,,,0.7,-0.9043390981,-0.5748911911,-6.191883515440222,1.9138488256,0.1820597992999999,0.7940395877000002,-0.3948911910999998
28,28,28.0,28.0,28.0,28.0,28.0,28.0,28.0,28.0,28.0,28.0,28.0,28.0,28.0,28.0,,,,,,,,,,,,,,,,,,,,,,,,,,,,,,,,0.8,-0.9890000134,-1.1094186274,14.757262410622976,2.0959086249,0.2433580735,0.6119797884000002,-1.3294186274000002
29,29,29.0,29.0,29.0,29.0,29.0,29.0,29.0,29.0,29.0,29.0,29.0,29.0,29.0,29.0,,,,,,,,,,,,,,,,,,,,,,,,,,,,,,,,0.9,-1.0231882261,0.4004958264,-19.841379857742183,2.3392666984,0.3686217149000002,0.3686217149000002,-0.3795041736000002
30,30,30.0,30.0,30.0,30.0,30.0,30.0,30.0,30.0,30.0,30.0,30.0,30.0,30.0,30.0,,,,,,,,,,,,,,,,,,,,,,,,,,,,,,,,0.0,0.0,-1.0,0.3735857333465466,0.0,0.0876652501,2.8399200269,0.1807996453999998
31,31,31.0,31.0,31.0,31.0,31.0,31.0,31.0,31.0,31.0,31.0,31.0,31.0,31.0,31.0,,,,,,,,,,,,,,,,,,,,,,,,,,,,,,,,0.1,-0.0933553971,-0.8692860296,0.4527266534353784,0.0876652501,0.0669582382,2.752254776799999,0.1807996453999998
32,32,32.0,32.0,32.0,32.0,32.0,32.0,32.0,32.0,32.0,32.0,32.0,32.0,32.0,32.0,,,,,,,,,,,,,,,,,,,,,,,,,,,,,,,,0.2,-0.1738888648,-0.7434798965,-2.3814765375272704,0.1546234883,0.0753487599,2.6852965385999994,0.1807996453999998
33,33,33.0,33.0,33.0,33.0,33.0,33.0,33.0,33.0,33.0,33.0,33.0,33.0,33.0,33.0,,,,,,,,,,,,,,,,,,,,,,,,,,,,,,,,0.3,-0.2561605367,-0.8993558784,-0.3875377236024331,0.2299722482,0.0856690518,2.6099477787,0.1807996453999998
34,34,34.0,34.0,34.0,34.0,34.0,34.0,34.0,34.0,34.0,34.0,34.0,34.0,34.0,34.0,,,,,,,,,,,,,,,,,,,,,,,,,,,,,,,,0.4,-0.3436203575,-0.8506498299,-20.68379937992759,0.3156413,0.5890061866999999,2.5242787268999995,0.1807996453999998
35,35,35.0,35.0,35.0,35.0,35.0,35.0,35.0,35.0,35.0,35.0,35.0,35.0,35.0,35.0,,,,,,,,,,,,,,,,,,,,,,,,,,,,,,,,0.5,-0.5246265825,-2.7380235429,2.0586610088309314,0.9046474867,0.6751143402,1.9352725402,0.1807996453999998
36,36,36.0,36.0,36.0,36.0,36.0,36.0,36.0,36.0,36.0,36.0,36.0,36.0,36.0,36.0,,,,,,,,,,,,,,,,,,,,,,,,,,,,,,,,0.6,-0.7752254853,-2.2815585392,15.228881352507988,1.5797618269,0.4191566846999999,1.2601581999999998,0.1807996453999998
37,37,37.0,37.0,37.0,37.0,37.0,37.0,37.0,37.0,37.0,37.0,37.0,37.0,37.0,37.0,,,,,,,,,,,,,,,,,,,,,,,,,,,,,,,,0.7,-0.9186761014,-0.6152197879,10.061449767489844,1.9989185116,0.1470708892000001,0.8410015152999999,0.1807996453999998
38,38,38.0,38.0,38.0,38.0,38.0,38.0,38.0,38.0,38.0,38.0,38.0,38.0,38.0,38.0,,,,,,,,,,,,,,,,,,,,,,,,,,,,,,,,0.8,-0.9285505579,0.4007996454,-20.978421016753103,2.1459894008,0.3836694495000001,0.6939306260999998,0.1807996453999998
39,39,39.0,39.0,39.0,39.0,39.0,39.0,39.0,39.0,39.0,39.0,39.0,39.0,39.0,39.0,,,,,,,,,,,,,,,,,,,,,,,,,,,,,,,,0.9,-0.9918908209,-1.6337021933,14.841129194990208,2.5296588503,0.3102611765999996,0.3102611765999996,0.1807996453999998
40,40,40.0,40.0,40.0,40.0,40.0,40.0,40.0,40.0,40.0,40.0,40.0,40.0,40.0,40.0,,,,,,,,,,,,,,,,,,,,,,,,,,,,,,,,0.0,0.0,-1.0,1.952144234462068,0.0,0.0763065234,2.5258796185000003,-2.5
41,41,41.0,41.0,41.0,41.0,41.0,41.0,41.0,41.0,41.0,41.0,41.0,41.0,41.0,41.0,,,,,,,,,,,,,,,,,,,,,,,,,,,,,,,,0.1,-0.0857192454,-0.7190663311,-1.9931899371003183,0.0763065234,0.0646403987,2.4495730951000003,-1.4990663311000003
42,42,42.0,42.0,42.0,42.0,42.0,42.0,42.0,42.0,42.0,42.0,42.0,42.0,42.0,42.0,,,,,,,,,,,,,,,,,,,,,,,,,,,,,,,,0.2,-0.1637893591,-0.8403152111,-0.4388151075656239,0.1409469221,0.0717598144999999,2.3849326964000004,-1.0603152110999998
43,43,43.0,43.0,43.0,43.0,43.0,43.0,43.0,43.0,43.0,43.0,43.0,43.0,43.0,43.0,,,,,,,,,,,,,,,,,,,,,,,,,,,,,,,,0.3,-0.2458786531,-0.8021074279,-3.038792170251642,0.2127067366,0.0963172104999999,2.3131728819000004,-0.6221074279000001
44,44,44.0,44.0,44.0,44.0,44.0,44.0,44.0,44.0,44.0,44.0,44.0,44.0,44.0,44.0,,,,,,,,,,,,,,,,,,,,,,,,,,,,,,,,0.4,-0.336909192,-1.0149561061,-20.51385138638245,0.3090239471,0.6404635344,2.2168556714000003,-0.5949561061
45,45,45.0,45.0,45.0,45.0,45.0,45.0,45.0,45.0,45.0,45.0,45.0,45.0,45.0,45.0,,,,,,,,,,,,,,,,,,,,,,,,,,,,,,,,0.5,-0.5327291072,-2.8705213294,18.54695584868351,0.9494874815,0.5845632007,1.576392137,-2.3705213294
46,46,46.0,46.0,46.0,46.0,46.0,46.0,46.0,46.0,46.0,46.0,46.0,46.0,46.0,46.0,,,,,,,,,,,,,,,,,,,,,,,,,,,,,,,,0.6,-0.7161759628,-0.8323788891,-3.3602104140976508,1.5340506822,0.1553909911,0.9918289363,-0.4123788891
47,47,47.0,47.0,47.0,47.0,47.0,47.0,47.0,47.0,47.0,47.0,47.0,47.0,47.0,47.0,,,,,,,,,,,,,,,,,,,,,,,,,,,,,,,,0.7,-0.81164205,-1.0729338432,-2.5150728563176834,1.6894416733,0.2092846190999999,0.8364379451999999,-0.8929338431999998
48,48,48.0,48.0,48.0,48.0,48.0,48.0,48.0,48.0,48.0,48.0,48.0,48.0,48.0,48.0,,,,,,,,,,,,,,,,,,,,,,,,,,,,,,,,0.8,-0.9259112515,-1.2101719274,13.353025194623022,1.8987262924,0.2234476693000002,0.6271533261,-1.4301719274000002
49,49,49.0,49.0,49.0,49.0,49.0,49.0,49.0,49.0,49.0,49.0,49.0,49.0,49.0,49.0,,,,,,,,,,,,,,,,,,,,,,,,,,,,,,,,0.9,-0.976480476,0.1756998167,-20.28031396779065,2.1221739617,0.4037056567999997,0.4037056567999997,-0.6043001833000002
50,50,50.0,50.0,50.0,50.0,50.0,50.0,50.0,50.0,50.0,50.0,50.0,50.0,50.0,50.0,,,,,,,,,,,,,,,,,,,,,,,,,,,,,,,,0.0,0.0,-1.0,1.8845825878402072,0.0,0.0767099879,2.7914326155,0.0636626353999998
51,51,51.0,51.0,51.0,51.0,51.0,51.0,51.0,51.0,51.0,51.0,51.0,51.0,51.0,51.0,,,,,,,,,,,,,,,,,,,,,,,,,,,,,,,,0.1,-0.0860460689,-0.7254956723,-1.3772604004978766,0.0767099879,0.0598594125,2.7147226276,0.0636626353999998
52,52,52.0,52.0,52.0,52.0,52.0,52.0,52.0,52.0,52.0,52.0,52.0,52.0,52.0,52.0,,,,,,,,,,,,,,,,,,,,,,,,,,,,,,,,0.2,-0.1617483656,-0.7875194157,-1.756343762997093,0.1365694004,0.0754000202,2.6548632151,0.0636626353999998
53,53,53.0,53.0,53.0,53.0,53.0,53.0,53.0,53.0,53.0,53.0,53.0,53.0,53.0,53.0,,,,,,,,,,,,,,,,,,,,,,,,,,,,,,,,0.3,-0.245186884,-0.8797152735,-1.5982607711164516,0.2119694206,0.0934422903999999,2.5794631949,0.0636626353999998
54,54,54.0,54.0,54.0,54.0,54.0,54.0,54.0,54.0,54.0,54.0,54.0,54.0,54.0,54.0,,,,,,,,,,,,,,,,,,,,,,,,,,,,,,,,0.4,-0.3366342485,-0.9480939862,-19.98173949824752,0.305411711,0.5937414747,2.4860209045,0.0636626353999998
55,55,55.0,55.0,55.0,55.0,55.0,55.0,55.0,55.0,55.0,55.0,55.0,55.0,55.0,55.0,,,,,,,,,,,,,,,,,,,,,,,,,,,,,,,,0.5,-0.5235173443,-2.7593848402,2.3473354126635977,0.8991531857,0.6791068965999999,1.8922794298000003,0.0636626353999998
56,56,56.0,56.0,56.0,56.0,56.0,56.0,56.0,56.0,56.0,56.0,56.0,56.0,56.0,56.0,,,,,,,,,,,,,,,,,,,,,,,,,,,,,,,,0.6,-0.774752604,-2.2734160393,14.67837014311836,1.5782600823,0.4149340207000001,1.2131725332000003,0.0636626353999998
57,57,57.0,57.0,57.0,57.0,57.0,57.0,57.0,57.0,57.0,57.0,57.0,57.0,57.0,57.0,,,,,,,,,,,,,,,,,,,,,,,,,,,,,,,,0.7,-0.9200914149,-0.660240214,9.25860432513974,1.993194103,0.1413346211999999,0.7982385125000002,0.0636626353999998
58,58,58.0,58.0,58.0,58.0,58.0,58.0,58.0,58.0,58.0,58.0,58.0,58.0,58.0,58.0,,,,,,,,,,,,,,,,,,,,,,,,,,,,,,,,0.8,-0.9381338318,0.2836626354,-19.555968383781945,2.1345287242,0.3581028324000002,0.6569038913000003,0.0636626353999998
59,59,59.0,59.0,59.0,59.0,59.0,59.0,59.0,59.0,59.0,59.0,59.0,59.0,59.0,59.0,,,,,,,,,,,,,,,,,,,,,,,,,,,,,,,,0.9,-1.0057400708,-1.604327964,13.697663219116214,2.4926315566,0.2988010589000001,0.2988010589000001,0.0636626353999998
60,60,60.0,60.0,60.0,60.0,60.0,60.0,60.0,60.0,60.0,60.0,60.0,60.0,60.0,,,,,,,,,,,,,,,,,,,,,,,,,,,,,,,,,0.0,0.0,-1.0,3.14464585311575,0.0,0.0704021689,4.3586202656,0.2949245185999998
61,61,61.0,61.0,61.0,61.0,61.0,61.0,61.0,61.0,61.0,61.0,61.0,61.0,61.0,,,,,,,,,,,,,,,,,,,,,,,,,,,,,,,,,0.1,-0.0799506173,-0.6055847974,-19.38209637259732,0.0704021689,0.4457968161,4.2882180967,0.2949245185999998
62,62,62.0,62.0,62.0,62.0,62.0,62.0,62.0,62.0,62.0,62.0,62.0,62.0,62.0,,,,,,,,,,,,,,,,,,,,,,,,,,,,,,,,,0.2,-0.2313389224,-2.3924061295,15.179532929675416,0.516198985,0.3869960985999999,3.8424212806,0.2949245185999998
63,63,63.0,63.0,63.0,63.0,63.0,63.0,63.0,63.0,63.0,63.0,63.0,63.0,63.0,,,,,,,,,,,,,,,,,,,,,,,,,,,,,,,,,0.3,-0.3855767252,-0.7202150338,-19.88547438350109,0.9031950836,0.5175267704,3.455425182,0.2949245185999998
64,64,64.0,64.0,64.0,64.0,64.0,64.0,64.0,64.0,64.0,64.0,64.0,64.0,64.0,,,,,,,,,,,,,,,,,,,,,,,,,,,,,,,,,0.4,-0.5503085868,-2.5440306105,12.36046050206382,1.420721854,0.4684542889,2.9378984116,0.2949245185999998
65,65,65.0,65.0,65.0,65.0,65.0,65.0,65.0,65.0,65.0,65.0,65.0,65.0,65.0,,,,,,,,,,,,,,,,,,,,,,,,,,,,,,,,,0.5,-0.7326124199,-1.1256807272,-20.51657967181293,1.8891761429,0.7323941574000001,2.4694441227,0.2949245185999998
66,66,66.0,66.0,66.0,66.0,66.0,66.0,66.0,66.0,66.0,66.0,66.0,66.0,66.0,,,,,,,,,,,,,,,,,,,,,,,,,,,,,,,,,0.6,-0.9389822981,-2.9709688162,19.322327637125863,2.6215703003,0.6931791299999999,1.7370499652999998,0.2949245185999998
67,67,67.0,67.0,67.0,67.0,67.0,67.0,67.0,67.0,67.0,67.0,67.0,67.0,67.0,,,,,,,,,,,,,,,,,,,,,,,,,,,,,,,,,0.7,-1.1282372888,-0.8494810618,13.48814582021781,3.3147494303,0.2405622834,1.0438708353,0.2949245185999998
68,68,68.0,68.0,68.0,68.0,68.0,68.0,68.0,68.0,68.0,68.0,68.0,68.0,68.0,,,,,,,,,,,,,,,,,,,,,,,,,,,,,,,,,0.8,-1.1438282871,0.5149245186,-20.73249388177565,3.5553117137,0.4081706561999998,0.8033085518999998,0.2949245185999998
69,69,69.0,69.0,69.0,69.0,69.0,69.0,69.0,69.0,69.0,69.0,69.0,69.0,69.0,,,,,,,,,,,,,,,,,,,,,,,,,,,,,,,,,0.9,-1.1951184695,-1.5070346873,19.19561993542613,3.9634823699,0.3951378957,0.3951378957,0.2949245185999998
70,70,70.0,70.0,70.0,70.0,70.0,70.0,70.0,70.0,70.0,70.0,70.0,70.0,70.0,,,,,,,,,,,,,,,,,,,,,,,,,,,,,,,,,0.0,0.0,-1.0,3.35981266391577,0.0,0.0695819447,4.5707704332,-2.5
71,71,71.0,71.0,71.0,71.0,71.0,71.0,71.0,71.0,71.0,71.0,71.0,71.0,71.0,,,,,,,,,,,,,,,,,,,,,,,,,,,,,,,,,0.1,-0.0789097617,-0.5851089719,-19.10876390091789,0.0695819447,0.4299512575,4.5011884885,-1.3651089719000002
72,72,72.0,72.0,72.0,72.0,72.0,72.0,72.0,72.0,72.0,72.0,72.0,72.0,72.0,,,,,,,,,,,,,,,,,,,,,,,,,,,,,,,,,0.2,-0.2270273111,-2.3478678126,14.20403734151504,0.4995332022,0.3712109016,4.071237231,-2.5678678126000003
73,73,73.0,73.0,73.0,73.0,73.0,73.0,73.0,73.0,73.0,73.0,73.0,73.0,73.0,,,,,,,,,,,,,,,,,,,,,,,,,,,,,,,,,0.3,-0.3817456122,-0.7727457774,-20.15346764133113,0.8707441038,0.5445961206,3.7000263294,-0.5927457774
74,74,74.0,74.0,74.0,74.0,74.0,74.0,74.0,74.0,74.0,74.0,74.0,74.0,74.0,,,,,,,,,,,,,,,,,,,,,,,,,,,,,,,,,0.4,-0.5527728295,-2.6170653241,16.370278945686398,1.4153402244,0.4925618865000001,3.1554302087999995,-2.1970653241
75,75,75.0,75.0,75.0,75.0,75.0,75.0,75.0,75.0,75.0,75.0,75.0,75.0,75.0,,,,,,,,,,,,,,,,,,,,,,,,,,,,,,,,,0.5,-0.7226296668,-0.8101805923,-19.253097582616103,1.9079021109,0.5639530855999999,2.6628683223,-0.3101805922999999
76,76,76.0,76.0,76.0,76.0,76.0,76.0,76.0,76.0,76.0,76.0,76.0,76.0,76.0,,,,,,,,,,,,,,,,,,,,,,,,,,,,,,,,,0.6,-0.8928638264,-2.5652561909,20.74521563928591,2.4718551965,0.5597100045999999,2.0989152367,-2.1452561909
77,77,77.0,77.0,77.0,77.0,77.0,77.0,77.0,77.0,77.0,77.0,77.0,77.0,77.0,,,,,,,,,,,,,,,,,,,,,,,,,,,,,,,,,0.7,-1.0366269651,-0.3469714884,-19.756419745447005,3.0315652011,0.5069289041,1.5392052321,-0.1669714883999998
78,78,78.0,78.0,78.0,78.0,78.0,78.0,78.0,78.0,78.0,78.0,78.0,78.0,78.0,,,,,,,,,,,,,,,,,,,,,,,,,,,,,,,,,0.8,-1.1652154348,-2.1940249932,20.786586150243217,3.5384941052,0.5262947402,1.032276328,-2.4140249932000004
79,79,79.0,79.0,79.0,79.0,79.0,79.0,79.0,79.0,79.0,79.0,79.0,79.0,79.0,,,,,,,,,,,,,,,,,,,,,,,,,,,,,,,,,0.9,-1.2734511085,-0.0071307044,-20.30714618540071,4.0647888454,0.5059815878,0.5059815878,-0.7871307044000002
80,80,80.0,80.0,80.0,80.0,80.0,80.0,80.0,80.0,80.0,80.0,80.0,80.0,80.0,,,,,,,,,,,,,,,,,,,,,,,,,,,,,,,,,0.0,0.0,-1.0,4.031173834523393,0.0,0.0675055582,4.1662591331,-2.5
81,81,81.0,81.0,81.0,81.0,81.0,81.0,81.0,81.0,81.0,81.0,81.0,81.0,81.0,,,,,,,,,,,,,,,,,,,,,,,,,,,,,,,,,0.1,-0.0756621119,-0.5212205046,-19.996376624123634,0.0675055582,0.4446389278,4.0987535749,-1.3012205046000005
82,82,82.0,82.0,82.0,82.0,82.0,82.0,82.0,82.0,82.0,82.0,82.0,82.0,82.0,,,,,,,,,,,,,,,,,,,,,,,,,,,,,,,,,0.2,-0.2219936289,-2.37452665,15.026408176824145,0.512144486,0.3806428953,3.6541146471,-2.59452665
83,83,83.0,83.0,83.0,83.0,83.0,83.0,83.0,83.0,83.0,83.0,83.0,83.0,83.0,,,,,,,,,,,,,,,,,,,,,,,,,,,,,,,,,0.3,-0.3752707026,-0.7186087587,-20.73885527119352,0.8927873813,0.5498490873999999,3.2734717518,-0.5386087587
84,84,84.0,84.0,84.0,84.0,84.0,84.0,84.0,84.0,84.0,84.0,84.0,84.0,84.0,,,,,,,,,,,,,,,,,,,,,,,,,,,,,,,,,0.4,-0.5439778673,-2.6237871211,16.561489096124717,1.4426364687,0.4941727203000001,2.7236226644,-2.2037871211
85,85,85.0,85.0,85.0,85.0,85.0,85.0,85.0,85.0,85.0,85.0,85.0,85.0,85.0,,,,,,,,,,,,,,,,,,,,,,,,,,,,,,,,,0.5,-0.7135494047,-0.7980666741,-19.70296169047972,1.936809189,0.5761061049999998,2.2294499441,-0.2980666741
86,86,86.0,86.0,86.0,86.0,86.0,86.0,86.0,86.0,86.0,86.0,86.0,86.0,86.0,,,,,,,,,,,,,,,,,,,,,,,,,,,,,,,,,0.6,-0.8848069528,-2.5971052951,13.60512639494494,2.512915294,0.5391363509000002,1.6533438390999995,-2.1771052951
87,87,87.0,87.0,87.0,87.0,87.0,87.0,87.0,87.0,87.0,87.0,87.0,87.0,87.0,,,,,,,,,,,,,,,,,,,,,,,,,,,,,,,,,0.7,-1.0661406578,-1.0552589505,11.709839006810927,3.0520516449,0.2206347820999998,1.1142074881999997,-0.8752589504999999
88,88,88.0,88.0,88.0,88.0,88.0,88.0,88.0,88.0,88.0,88.0,88.0,88.0,88.0,,,,,,,,,,,,,,,,,,,,,,,,,,,,,,,,,0.8,-1.1099166218,0.1595009142,-20.676754169379905,3.272686427,0.4475791537,0.8935727060999996,-0.0604990858000001
89,89,89.0,89.0,89.0,89.0,89.0,89.0,89.0,89.0,89.0,89.0,89.0,89.0,89.0,,,,,,,,,,,,,,,,,,,,,,,,,,,,,,,,,0.9,-1.1947601183,-1.8233310063,19.65165019507128,3.7202655807,0.4459935523999996,0.4459935523999996,-2.6033310063000004
90,90,90.0,90.0,90.0,90.0,90.0,90.0,90.0,90.0,90.0,90.0,90.0,90.0,90.0,,,,,,,,,,,,,,,,,,,,,,,,,,,,,,,,,0.0,0.0,-1.0,3.124398241900348,0.0,0.070483196,4.9013990798,-2.5
91,91,91.0,91.0,91.0,91.0,91.0,91.0,91.0,91.0,91.0,91.0,91.0,91.0,91.0,,,,,,,,,,,,,,,,,,,,,,,,,,,,,,,,,0.1,-0.0800485635,-0.6075116123,-19.521809102058484,0.070483196,0.4515292562,4.8309158838,-1.3875116123000002
92,92,92.0,92.0,92.0,92.0,92.0,92.0,92.0,92.0,92.0,92.0,92.0,92.0,92.0,,,,,,,,,,,,,,,,,,,,,,,,,,,,,,,,,0.2,-0.2322960783,-2.4074450077,15.1744676716209,0.5220124522,0.3915703668,4.379386627600001,-2.6274450077
93,93,93.0,93.0,93.0,93.0,93.0,93.0,93.0,93.0,93.0,93.0,93.0,93.0,93.0,,,,,,,,,,,,,,,,,,,,,,,,,,,,,,,,,0.3,-0.3879895223,-0.7343047965,-20.84027065596112,0.913582819,0.5601866785999999,3.9878162608,-0.5543047965000001
94,94,94.0,94.0,94.0,94.0,94.0,94.0,94.0,94.0,94.0,94.0,94.0,94.0,94.0,,,,,,,,,,,,,,,,,,,,,,,,,,,,,,,,,0.4,-0.5586809506,-2.6476404338,16.12521457344299,1.4737694976,0.5030822412,3.4276295822,-2.2276404338
95,95,95.0,95.0,95.0,95.0,95.0,95.0,95.0,95.0,95.0,95.0,95.0,95.0,95.0,,,,,,,,,,,,,,,,,,,,,,,,,,,,,,,,,0.5,-0.7326328736,-0.8611670536,-19.838201167439404,1.9768517388,0.6058130257000001,2.924547341,-0.3611670536
96,96,96.0,96.0,96.0,96.0,96.0,96.0,96.0,96.0,96.0,96.0,96.0,96.0,96.0,,,,,,,,,,,,,,,,,,,,,,,,,,,,,,,,,0.6,-0.910549428,-2.6670706158,19.07319448235044,2.5826647645,0.5804486509999998,2.3187343153,-2.2470706158
97,97,97.0,97.0,97.0,97.0,97.0,97.0,97.0,97.0,97.0,97.0,97.0,97.0,97.0,,,,,,,,,,,,,,,,,,,,,,,,,,,,,,,,,0.7,-1.0720897761,-0.5982108195,-19.28574011072428,3.1631134155,0.5664116355000002,1.7382856643000002,-0.4182108194999998
98,98,98.0,98.0,98.0,98.0,98.0,98.0,98.0,98.0,98.0,98.0,98.0,98.0,98.0,,,,,,,,,,,,,,,,,,,,,,,,,,,,,,,,,0.8,-1.2223100882,-2.3765645185,20.57777668729949,3.729525051,0.5819295452,1.1718740288,-2.5965645185
99,99,99.0,99.0,99.0,99.0,99.0,99.0,99.0,99.0,99.0,99.0,99.0,99.0,99.0,,,,,,,,,,,,,,,,,,,,,,,,,,,,,,,,,0.9,-1.348926807,-0.192170131,-20.97421651983033,4.3114545962,0.5899444836000001,0.5899444836000001,-0.9721701310000004
100,100,100.0,100.0,100.0,100.0,100.0,100.0,100.0,100.0,100.0,100.0,100.0,100.0,100.0,,,,,,,,,,,,,,,,,,,,,,,,,,,,,,,,,0.0,0.0,-1.0,3.066582444232331,0.0,0.0707182193,4.364535349,0.4171653225999998
101,101,101.0,101.0,101.0,101.0,101.0,101.0,101.0,101.0,101.0,101.0,101.0,101.0,101.0,,,,,,,,,,,,,,,,,,,,,,,,,,,,,,,,,0.1,-0.0803282427,-0.6130135129,-20.65593999291165,0.0707182193,0.4963752419,4.2938171297,0.4171653225999998
102,102,102.0,102.0,102.0,102.0,102.0,102.0,102.0,102.0,102.0,102.0,102.0,102.0,102.0,,,,,,,,,,,,,,,,,,,,,,,,,,,,,,,,,0.2,-0.2385855992,-2.5203501557,16.90506340231375,0.5670934612,0.432515361,3.7974418878,0.4171653225999998
103,103,103.0,103.0,103.0,103.0,103.0,103.0,103.0,103.0,103.0,103.0,103.0,103.0,103.0,,,,,,,,,,,,,,,,,,,,,,,,,,,,,,,,,0.3,-0.3966517735,-0.6717776411,-20.393953084267807,0.9996088222,0.5232334235999999,3.3649265268,0.4171653225999998
104,104,104.0,104.0,104.0,104.0,104.0,104.0,104.0,104.0,104.0,104.0,104.0,104.0,104.0,,,,,,,,,,,,,,,,,,,,,,,,,,,,,,,,,0.4,-0.5592339452,-2.5485907779,12.810375742316532,1.5228422458,0.4699328579000001,2.8416931032,0.4171653225999998
105,105,105.0,105.0,105.0,105.0,105.0,105.0,105.0,105.0,105.0,105.0,105.0,105.0,105.0,,,,,,,,,,,,,,,,,,,,,,,,,,,,,,,,,0.5,-0.7397953087,-1.0869918402,-20.681607488514903,1.9927751037,0.7254807964999999,2.3717602452999995,0.4171653225999998
106,106,106.0,106.0,106.0,106.0,106.0,106.0,106.0,106.0,106.0,106.0,106.0,106.0,106.0,,,,,,,,,,,,,,,,,,,,,,,,,,,,,,,,,0.6,-0.9432818041,-2.9516660936,20.146454277550248,2.7182559002,0.6908981093,1.6462794487999997,0.4171653225999998
107,107,107.0,107.0,107.0,107.0,107.0,107.0,107.0,107.0,107.0,107.0,107.0,107.0,107.0,,,,,,,,,,,,,,,,,,,,,,,,,,,,,,,,,0.7,-1.1267131898,-0.7535892801,13.860921795461168,3.4091540095,0.2425017250999999,0.9553813394999996,0.4171653225999998
108,108,108.0,108.0,108.0,108.0,108.0,108.0,108.0,108.0,108.0,108.0,108.0,108.0,108.0,,,,,,,,,,,,,,,,,,,,,,,,,,,,,,,,,0.8,-1.131375613,0.6371653226,-19.88375023533691,3.6516557346,0.3704609411000006,0.7128796143999998,0.4171653225999998
109,109,109.0,109.0,109.0,109.0,109.0,109.0,109.0,109.0,109.0,109.0,109.0,109.0,109.0,,,,,,,,,,,,,,,,,,,,,,,,,,,,,,,,,0.9,-1.1669271942,-1.3156581197,17.59955971855676,4.0221166757,0.3424186732999992,0.3424186732999992,0.4171653225999998
110,110,110.0,110.0,110.0,110.0,110.0,110.0,110.0,110.0,110.0,110.0,110.0,110.0,110.0,,,,,,,,,,,,,,,,,,,,,,,,,,,,,,,,,0.0,0.0,-1.0,4.3452140372091845,0.0,0.066784853,4.1596033343,-2.5
111,111,111.0,111.0,111.0,111.0,111.0,111.0,111.0,111.0,111.0,111.0,111.0,111.0,111.0,,,,,,,,,,,,,,,,,,,,,,,,,,,,,,,,,0.1,-0.0741429696,-0.4913356267,-20.13664656272152,0.066784853,0.4415874305999999,4.0928184813,-1.2713356267000002
112,112,112.0,112.0,112.0,112.0,112.0,112.0,112.0,112.0,112.0,112.0,112.0,112.0,112.0,,,,,,,,,,,,,,,,,,,,,,,,,,,,,,,,,0.2,-0.2183091108,-2.3608341418,14.249060073985024,0.5083722836,0.3746419828,3.6512310507,-2.5808341418
113,113,113.0,113.0,113.0,113.0,113.0,113.0,113.0,113.0,113.0,113.0,113.0,113.0,113.0,,,,,,,,,,,,,,,,,,,,,,,,,,,,,,,,,0.3,-0.3740435276,-0.7801937176,-20.85455423902811,0.8830142664,0.5746848904999999,3.2765890679000003,-0.6001937176000001
114,114,114.0,114.0,114.0,114.0,114.0,114.0,114.0,114.0,114.0,114.0,114.0,114.0,114.0,,,,,,,,,,,,,,,,,,,,,,,,,,,,,,,,,0.4,-0.5491709593,-2.6905217097,19.076502223074407,1.4576991569,0.5281245284,2.7019041774000003,-2.2705217097
115,115,115.0,115.0,115.0,115.0,115.0,115.0,115.0,115.0,115.0,115.0,115.0,115.0,115.0,,,,,,,,,,,,,,,,,,,,,,,,,,,,,,,,,0.5,-0.7129269489,-0.6191154978,-20.723146497830403,1.9858236853,0.5590814550000001,2.173779649,-0.1191154977999999
116,116,116.0,116.0,116.0,116.0,116.0,116.0,116.0,116.0,116.0,116.0,116.0,116.0,116.0,,,,,,,,,,,,,,,,,,,,,,,,,,,,,,,,,0.6,-0.8720899121,-2.5322671844,11.960333778551886,2.5449051403,0.5180797504000001,1.6146981939999998,-2.1122671844000003
117,117,117.0,117.0,117.0,117.0,117.0,117.0,117.0,117.0,117.0,117.0,117.0,117.0,117.0,,,,,,,,,,,,,,,,,,,,,,,,,,,,,,,,,0.7,-1.0552100273,-1.1531136914,12.14930874959132,3.0629848907,0.2322364057999997,1.0966184435999995,-0.9731136913999998
118,118,118.0,118.0,118.0,118.0,118.0,118.0,118.0,118.0,118.0,118.0,118.0,118.0,118.0,,,,,,,,,,,,,,,,,,,,,,,,,,,,,,,,,0.8,-1.1061722372,0.1127793934,-19.362724651960605,3.2952212965,0.4131041414000003,0.8643820378,-0.1072206066000002
119,119,119.0,119.0,119.0,119.0,119.0,119.0,119.0,119.0,119.0,119.0,119.0,119.0,119.0,,,,,,,,,,,,,,,,,,,,,,,,,,,,,,,,,0.9,-1.1891054357,-1.7405598732,20.83764846915517,3.7083254379,0.4512778963999997,0.4512778963999997,-2.5205598732000003
120,120,120.0,120.0,120.0,120.0,120.0,120.0,120.0,120.0,120.0,120.0,120.0,120.0,,,,,,,,,,,,,,,,,,,,,,,,,,,,,,,,,,0.0,0.0,-1.0,1.1273064721063095,0.0,0.0817381155,3.285933741,-2.5
121,121,121.0,121.0,121.0,121.0,121.0,121.0,121.0,121.0,121.0,121.0,121.0,121.0,,,,,,,,,,,,,,,,,,,,,,,,,,,,,,,,,,0.1,-0.0897093258,-0.797560027,1.129507412112321,0.0817381155,0.0521682137,3.2041956255,-1.577560027
122,122,122.0,122.0,122.0,122.0,122.0,122.0,122.0,122.0,122.0,122.0,122.0,122.0,,,,,,,,,,,,,,,,,,,,,,,,,,,,,,,,,,0.2,-0.1601433356,-0.614175276,-20.10616009165583,0.1339063292,0.478408766,3.1520274118,-0.834175276
123,123,123.0,123.0,123.0,123.0,123.0,123.0,123.0,123.0,123.0,123.0,123.0,123.0,,,,,,,,,,,,,,,,,,,,,,,,,,,,,,,,,,0.3,-0.3158517245,-2.4690828963,3.304119963325864,0.6123150952,0.5063846093,2.6736186458,-2.2890828963
124,124,124.0,124.0,124.0,124.0,124.0,124.0,124.0,124.0,124.0,124.0,124.0,124.0,,,,,,,,,,,,,,,,,,,,,,,,,,,,,,,,,,0.4,-0.5348327168,-1.9196899076,-2.431879754978305,1.1186997045,0.4212863465000001,2.1672340365,-1.4996899076
125,125,125.0,125.0,125.0,125.0,125.0,125.0,125.0,125.0,125.0,125.0,125.0,125.0,,,,,,,,,,,,,,,,,,,,,,,,,,,,,,,,,,0.5,-0.7292793254,-1.9684312745,-0.2445129551080256,1.539986051,0.4239318117999999,1.74594769,-1.4684312745
126,126,126.0,126.0,126.0,126.0,126.0,126.0,126.0,126.0,126.0,126.0,126.0,126.0,,,,,,,,,,,,,,,,,,,,,,,,,,,,,,,,,,0.6,-0.9177831144,-1.8043787811,-1.4789040434903835,1.9639178628,0.4227897862999998,1.3220158782,-1.3843787811
127,127,127.0,127.0,127.0,127.0,127.0,127.0,127.0,127.0,127.0,127.0,127.0,127.0,,,,,,,,,,,,,,,,,,,,,,,,,,,,,,,,,,0.7,-1.0966465363,-1.7734057635,2.695039184767408,2.3867076491,0.3866220576999999,0.8992260919000001,-1.5934057634999998
128,128,128.0,128.0,128.0,128.0,128.0,128.0,128.0,128.0,128.0,128.0,128.0,128.0,,,,,,,,,,,,,,,,,,,,,,,,,,,,,,,,,,0.8,-1.2523714871,-1.3481768942,13.722075110720564,2.7733297068,0.3174392684000002,0.5126040342000002,-1.5681768942000005
129,129,129.0,129.0,129.0,129.0,129.0,129.0,129.0,129.0,129.0,129.0,129.0,129.0,,,,,,,,,,,,,,,,,,,,,,,,,,,,,,,,,,0.9,-1.3142883425,0.0859474723,-5.533986961250225,3.0907689752,0.1951647657999999,0.1951647657999999,-0.6940525277000003
130,130,130.0,130.0,130.0,130.0,130.0,130.0,130.0,130.0,130.0,130.0,130.0,130.0,,,,,,,,,,,,,,,,,,,,,,,,,,,,,,,,,,0.0,0.0,-1.0,0.9401876685901588,0.0,0.0831236996,3.5236840688000006,-2.5
131,131,131.0,131.0,131.0,131.0,131.0,131.0,131.0,131.0,131.0,131.0,131.0,131.0,,,,,,,,,,,,,,,,,,,,,,,,,,,,,,,,,,0.1,-0.090614498,-0.8153667352,1.303817816544981,0.0831236996,0.0536843269,3.4405603692000004,-1.5953667352000005
132,132,132.0,132.0,132.0,132.0,132.0,132.0,132.0,132.0,132.0,132.0,132.0,132.0,,,,,,,,,,,,,,,,,,,,,,,,,,,,,,,,,,0.2,-0.1618998486,-0.6136996029,-20.48498499544028,0.1368080265,0.4929315688,3.3868760423000004,-0.8336996029
133,133,133.0,133.0,133.0,133.0,133.0,133.0,133.0,133.0,133.0,133.0,133.0,133.0,,,,,,,,,,,,,,,,,,,,,,,,,,,,,,,,,,0.3,-0.3193955063,-2.5047024447,3.6929264374009776,0.6297395953,0.5151648464,2.8939444735000004,-2.3247024447
134,134,134.0,134.0,134.0,134.0,134.0,134.0,134.0,134.0,134.0,134.0,134.0,134.0,,,,,,,,,,,,,,,,,,,,,,,,,,,,,,,,,,0.4,-0.5398853047,-1.9149200026,-1.10479584783054,1.1449044417,0.3930277895999998,2.3787796271,-1.4949200025999998
135,135,135.0,135.0,135.0,135.0,135.0,135.0,135.0,135.0,135.0,135.0,135.0,135.0,,,,,,,,,,,,,,,,,,,,,,,,,,,,,,,,,,0.5,-0.7274585828,-1.8378263093,-2.326732367543443,1.5379322313,0.4167906002000001,1.9857518375000005,-1.3378263093
136,136,136.0,136.0,136.0,136.0,136.0,136.0,136.0,136.0,136.0,136.0,136.0,136.0,,,,,,,,,,,,,,,,,,,,,,,,,,,,,,,,,,0.6,-0.9136060057,-1.8843521231,0.0075284049272776,1.9547228315,0.422913777,1.5689612373,-1.4643521230999998
137,137,137.0,137.0,137.0,137.0,137.0,137.0,137.0,137.0,137.0,137.0,137.0,137.0,,,,,,,,,,,,,,,,,,,,,,,,,,,,,,,,,,0.7,-1.0928893838,-1.7043159045,4.527646957748761,2.3776366085,0.3465578077,1.1460474603000002,-1.5243159045
138,138,138.0,138.0,138.0,138.0,138.0,138.0,138.0,138.0,138.0,138.0,138.0,138.0,,,,,,,,,,,,,,,,,,,,,,,,,,,,,,,,,,0.8,-1.2331744375,-1.111266155,-5.91080616416664,2.7241944162,0.3679410240999998,0.7994896526000002,-1.3312661550000002
139,139,139.0,139.0,139.0,139.0,139.0,139.0,139.0,139.0,139.0,139.0,139.0,139.0,,,,,,,,,,,,,,,,,,,,,,,,,,,,,,,,,,0.9,-1.3675184981,-1.5680027109,18.138733210725288,3.0921354403,0.4315486285000003,0.4315486285000003,-2.3480027109000003
140,140,140.0,140.0,140.0,140.0,140.0,140.0,140.0,140.0,140.0,140.0,140.0,140.0,,,,,,,,,,,,,,,,,,,,,,,,,,,,,,,,,,0.0,0.0,-1.0,0.0249762697085946,0.0,0.0907177454,3.4224095466,-2.5
141,141,141.0,141.0,141.0,141.0,141.0,141.0,141.0,141.0,141.0,141.0,141.0,141.0,,,,,,,,,,,,,,,,,,,,,,,,,,,,,,,,,,0.1,-0.0950417578,-0.9024606152,2.2985482712160463,0.0907177454,0.0611761692,3.3316918012,-1.6824606152
142,142,142.0,142.0,142.0,142.0,142.0,142.0,142.0,142.0,142.0,142.0,142.0,142.0,,,,,,,,,,,,,,,,,,,,,,,,,,,,,,,,,,0.2,-0.1698032609,-0.597844285,-20.75557831628021,0.1518939146,0.4990934635999999,3.270515632,-0.817844285
143,143,143.0,143.0,143.0,143.0,143.0,143.0,143.0,143.0,143.0,143.0,143.0,143.0,,,,,,,,,,,,,,,,,,,,,,,,,,,,,,,,,,0.3,-0.3270990589,-2.5161063186,4.501660906910784,0.6509873782,0.5075091102,2.7714221684,-2.3361063186
144,144,144.0,144.0,144.0,144.0,144.0,144.0,144.0,144.0,144.0,144.0,144.0,144.0,,,,,,,,,,,,,,,,,,,,,,,,,,,,,,,,,,0.4,-0.5447619522,-1.8482773347,-1.708431891319386,1.1584964884,0.3814322282,2.2639130582,-1.4282773347000002
145,145,145.0,145.0,145.0,145.0,145.0,145.0,145.0,145.0,145.0,145.0,145.0,145.0,,,,,,,,,,,,,,,,,,,,,,,,,,,,,,,,,,0.5,-0.7289132227,-1.8349692533,-2.0771243181495285,1.5399287166,0.4108867249000001,1.88248083,-1.3349692533
146,146,146.0,146.0,146.0,146.0,146.0,146.0,146.0,146.0,146.0,146.0,146.0,146.0,,,,,,,,,,,,,,,,,,,,,,,,,,,,,,,,,,0.6,-0.9135814259,-1.8580134819,0.9435696187828746,1.9508154415,0.3983666539999997,1.4715941051,-1.4380134819
147,147,147.0,147.0,147.0,147.0,147.0,147.0,147.0,147.0,147.0,147.0,147.0,147.0,,,,,,,,,,,,,,,,,,,,,,,,,,,,,,,,,,0.7,-1.0858304116,-1.5914075343,-2.936932183378361,2.3491820955,0.4154041380000004,1.0732274511000002,-1.4114075343
148,148,148.0,148.0,148.0,148.0,148.0,148.0,148.0,148.0,148.0,148.0,148.0,148.0,,,,,,,,,,,,,,,,,,,,,,,,,,,,,,,,,,0.8,-1.2514797663,-1.7194513979,10.507876854725303,2.7645862335,0.3674239295999997,0.6578233130999998,-1.9394513979
149,149,149.0,149.0,149.0,149.0,149.0,149.0,149.0,149.0,149.0,149.0,149.0,149.0,,,,,,,,,,,,,,,,,,,,,,,,,,,,,,,,,,0.9,-1.3642761994,-0.5558672794,-6.433043041570889,3.1320101631,0.2903993835,0.2903993835,-1.3358672794000004
150,150,150.0,150.0,150.0,150.0,150.0,150.0,150.0,150.0,150.0,150.0,150.0,150.0,,,,,,,,,,,,,,,,,,,,,,,,,,,,,,,,,,0.0,0.0,-1.0,-0.3524460382106051,0.0,0.0942446534,3.6160285097,-2.5
151,151,151.0,151.0,151.0,151.0,151.0,151.0,151.0,151.0,151.0,151.0,151.0,151.0,,,,,,,,,,,,,,,,,,,,,,,,,,,,,,,,,,0.1,-0.0968675104,-0.9383770934,1.4631836708652042,0.0942446534,0.0711208018999999,3.5217838563000003,-1.7183770934000002
152,152,152.0,152.0,152.0,152.0,152.0,152.0,152.0,152.0,152.0,152.0,152.0,152.0,,,,,,,,,,,,,,,,,,,,,,,,,,,,,,,,,,0.2,-0.1790878976,-0.7098383392,-19.77360558662389,0.1653654553,0.4955302964,3.4506630544000005,-0.9298383392
153,153,153.0,153.0,153.0,153.0,153.0,153.0,153.0,153.0,153.0,153.0,153.0,153.0,,,,,,,,,,,,,,,,,,,,,,,,,,,,,,,,,,0.3,-0.3422911456,-2.5239956498,4.6013493403720656,0.6608957517,0.5106331587999999,2.9551327580000004,-2.3439956498
154,154,154.0,154.0,154.0,154.0,154.0,154.0,154.0,154.0,154.0,154.0,154.0,154.0,,,,,,,,,,,,,,,,,,,,,,,,,,,,,,,,,,0.4,-0.5602225819,-1.8459292795,-2.2265773181453805,1.1715289105,0.3930173525,2.4444995992000003,-1.4259292795
155,155,155.0,155.0,155.0,155.0,155.0,155.0,155.0,155.0,155.0,155.0,155.0,155.0,,,,,,,,,,,,,,,,,,,,,,,,,,,,,,,,,,0.5,-0.7466567789,-1.8821528142,-1.6568784630061533,1.564546263,0.4224601288,2.0514822467,-1.3821528142
156,156,156.0,156.0,156.0,156.0,156.0,156.0,156.0,156.0,156.0,156.0,156.0,156.0,,,,,,,,,,,,,,,,,,,,,,,,,,,,,,,,,,0.6,-0.9337824563,-1.8607149831,-0.335641041254016,1.9870063918,0.4247400256999998,1.6290221179,-1.4407149831
157,157,157.0,157.0,157.0,157.0,157.0,157.0,157.0,157.0,157.0,157.0,157.0,157.0,,,,,,,,,,,,,,,,,,,,,,,,,,,,,,,,,,0.7,-1.1124765432,-1.7155850004,3.8245426876347857,2.4117464175,0.3607843608000003,1.2042820922000002,-1.5355850003999998
158,158,158.0,158.0,158.0,158.0,158.0,158.0,158.0,158.0,158.0,158.0,158.0,158.0,,,,,,,,,,,,,,,,,,,,,,,,,,,,,,,,,,0.8,-1.2572352152,-1.1883720597,-5.09183558304902,2.7725307783,0.3789711861999998,0.8434977313999998,-1.4083720597000002
159,159,159.0,159.0,159.0,159.0,159.0,159.0,159.0,159.0,159.0,159.0,159.0,159.0,,,,,,,,,,,,,,,,,,,,,,,,,,,,,,,,,,0.9,-1.3949551432,-1.5598356899,19.7691339657384,3.1515019645,0.4645265452,0.4645265452,-2.3398356899
160,160,160.0,160.0,160.0,160.0,160.0,160.0,160.0,160.0,160.0,160.0,160.0,160.0,,,,,,,,,,,,,,,,,,,,,,,,,,,,,,,,,,0.0,0.0,-1.0,0.9094595572747952,0.0,0.0833566579,3.0316523258,-2.5
161,161,161.0,161.0,161.0,161.0,161.0,161.0,161.0,161.0,161.0,161.0,161.0,161.0,,,,,,,,,,,,,,,,,,,,,,,,,,,,,,,,,,0.1,-0.0907631427,-0.8182909015,2.2231946567813914,0.0833566579,0.0498588113999999,2.9482956679,-1.5982909015000002
162,162,162.0,162.0,162.0,162.0,162.0,162.0,162.0,162.0,162.0,162.0,162.0,162.0,,,,,,,,,,,,,,,,,,,,,,,,,,,,,,,,,,0.2,-0.1578792965,-0.5288552821,-19.21250112974658,0.1332154693,0.4209370403999999,2.8984368565,-0.7488552821
163,163,163.0,163.0,163.0,163.0,163.0,163.0,163.0,163.0,163.0,163.0,163.0,163.0,,,,,,,,,,,,,,,,,,,,,,,,,,,,,,,,,,0.3,-0.3011454239,-2.3068392676,3.133480856317237,0.5541525097,0.4417672874,2.4774998161,-2.1268392676000003
164,164,164.0,164.0,164.0,164.0,164.0,164.0,164.0,164.0,164.0,164.0,164.0,164.0,,,,,,,,,,,,,,,,,,,,,,,,,,,,,,,,,,0.4,-0.5055123212,-1.7891242847,-0.5600023111663581,0.9959197971,0.3348596241999999,2.0357325287,-1.3691242846999998
165,165,165.0,165.0,165.0,165.0,165.0,165.0,165.0,165.0,165.0,165.0,165.0,165.0,,,,,,,,,,,,,,,,,,,,,,,,,,,,,,,,,,0.5,-0.6784793033,-1.6721575337,-1.0329229348830715,1.3307794213,0.3280790765000001,1.7008729045000002,-1.1721575337
166,166,166.0,166.0,166.0,166.0,166.0,166.0,166.0,166.0,166.0,166.0,166.0,166.0,,,,,,,,,,,,,,,,,,,,,,,,,,,,,,,,,,0.6,-0.842603261,-1.6113258695,-0.8417907476736246,1.6588584978,0.3333778314,1.372793828,-1.1913258695
167,167,167.0,167.0,167.0,167.0,167.0,167.0,167.0,167.0,167.0,167.0,167.0,167.0,,,,,,,,,,,,,,,,,,,,,,,,,,,,,,,,,,0.7,-1.0000132878,-1.5380949175,-2.7684029998001938,1.9922363292,0.3758025843999999,1.0394159966,-1.3580949175
168,168,168.0,168.0,168.0,168.0,168.0,168.0,168.0,168.0,168.0,168.0,168.0,168.0,,,,,,,,,,,,,,,,,,,,,,,,,,,,,,,,,,0.8,-1.1597741277,-1.6551743776,6.590643819904095,2.3680389136,0.3358773862999999,0.6636134122000001,-1.8751743776000005
169,169,169.0,169.0,169.0,169.0,169.0,169.0,169.0,169.0,169.0,169.0,169.0,169.0,,,,,,,,,,,,,,,,,,,,,,,,,,,,,,,,,,0.9,-1.2854030484,-0.8704810749,-6.201895860514481,2.7039162999,0.3277360259000001,0.3277360259000001,-1.6504810749000005
170,170,170.0,170.0,170.0,170.0,170.0,170.0,170.0,170.0,170.0,170.0,170.0,170.0,,,,,,,,,,,,,,,,,,,,,,,,,,,,,,,,,,0.0,0.0,-1.0,0.0424678994898573,0.0,0.0905598876,3.2875739731,-2.5
171,171,171.0,171.0,171.0,171.0,171.0,171.0,171.0,171.0,171.0,171.0,171.0,171.0,,,,,,,,,,,,,,,,,,,,,,,,,,,,,,,,,,0.1,-0.0949571435,-0.9007960666,2.3102132504289994,0.0905598876,0.0608818968,3.1970140855,-1.6807960666
172,172,172.0,172.0,172.0,172.0,172.0,172.0,172.0,172.0,172.0,172.0,172.0,172.0,,,,,,,,,,,,,,,,,,,,,,,,,,,,,,,,,,0.2,-0.1695038155,-0.5952280695,-20.07982818469055,0.1514417844,0.4722594944,3.1361321887000004,-0.8152280694999999
173,173,173.0,173.0,173.0,173.0,173.0,173.0,173.0,173.0,173.0,173.0,173.0,173.0,,,,,,,,,,,,,,,,,,,,,,,,,,,,,,,,,,0.3,-0.3232817608,-2.4494329426,4.218465722041225,0.6237012788,0.4839087676,2.6638726943,-2.2694329426
174,174,174.0,174.0,174.0,174.0,174.0,174.0,174.0,174.0,174.0,174.0,174.0,174.0,,,,,,,,,,,,,,,,,,,,,,,,,,,,,,,,,,0.4,-0.5359697754,-1.8148983558,-1.5227848217704278,1.1076100464,0.3649317695999998,2.1799639267,-1.3948983558
175,175,175.0,175.0,175.0,175.0,175.0,175.0,175.0,175.0,175.0,175.0,175.0,175.0,,,,,,,,,,,,,,,,,,,,,,,,,,,,,,,,,,0.5,-0.7160465929,-1.7871000206,-0.9112364354758824,1.472541816,0.3697729672000001,1.8150321571000003,-1.2871000206
176,176,176.0,176.0,176.0,176.0,176.0,176.0,176.0,176.0,176.0,176.0,176.0,176.0,,,,,,,,,,,,,,,,,,,,,,,,,,,,,,,,,,0.6,-0.8905196653,-1.7037505917,-1.4207524800700595,1.8423147832,0.3819948083,1.4452591899000002,-1.2837505917
177,177,177.0,177.0,177.0,177.0,177.0,177.0,177.0,177.0,177.0,177.0,177.0,177.0,,,,,,,,,,,,,,,,,,,,,,,,,,,,,,,,,,0.7,-1.0595257453,-1.6768197597,-1.365305092651504,2.2243095915,0.4079245995999998,1.0632643816000005,-1.4968197597
178,178,178.0,178.0,178.0,178.0,178.0,178.0,178.0,178.0,178.0,178.0,178.0,178.0,,,,,,,,,,,,,,,,,,,,,,,,,,,,,,,,,,0.8,-1.2257008188,-1.6471751954,9.014881524694305,2.6322341911,0.3439215316000004,0.6553397820000004,-1.8671751954
179,179,179.0,179.0,179.0,179.0,179.0,179.0,179.0,179.0,179.0,179.0,179.0,179.0,,,,,,,,,,,,,,,,,,,,,,,,,,,,,,,,,,0.9,-1.3388414937,-0.6325463681,-7.262502023773692,2.9761557227,0.3114182504,0.3114182504,-1.4125463681
180,180,180.0,180.0,180.0,180.0,180.0,180.0,180.0,180.0,180.0,180.0,180.0,,,,,,,,,,,,,,,,,,,,,,,,,,,,,,,,,,,0.0,0.0,-1.0,0.0268745243380004,0.0,0.0907005901,2.9255106284,0.0325655097
181,181,181.0,181.0,181.0,181.0,181.0,181.0,181.0,181.0,181.0,181.0,181.0,,,,,,,,,,,,,,,,,,,,,,,,,,,,,,,,,,,0.1,-0.0950325752,-0.9022799724,-0.6199259691458625,0.0907005901,0.081180473,2.8348100383,0.0325655097
182,182,182.0,182.0,182.0,182.0,182.0,182.0,182.0,182.0,182.0,182.0,182.0,,,,,,,,,,,,,,,,,,,,,,,,,,,,,,,,,,,0.2,-0.1838947627,-0.8754103818,-20.778523614233155,0.1718810631,0.5907120984,2.7536295653,0.0325655097
183,183,183.0,183.0,183.0,183.0,183.0,183.0,183.0,183.0,183.0,183.0,183.0,,,,,,,,,,,,,,,,,,,,,,,,,,,,,,,,,,,0.3,-0.3677154841,-2.7694420218,12.005107625750076,0.7625931615,0.5343284616,2.1629174669,0.0325655097
184,184,184.0,184.0,184.0,184.0,184.0,184.0,184.0,184.0,184.0,184.0,184.0,,,,,,,,,,,,,,,,,,,,,,,,,,,,,,,,,,,0.4,-0.5731890177,-1.3634577256,-1.3545641645613946,1.2969216231,0.2279950369999999,1.6285890053,0.0325655097
185,185,185.0,185.0,185.0,185.0,185.0,185.0,185.0,185.0,185.0,185.0,185.0,,,,,,,,,,,,,,,,,,,,,,,,,,,,,,,,,,,0.5,-0.7094917807,-1.3626113791,8.884871082147619,1.5249166601,0.1805138854000001,1.4005939683000002,0.0325655097
186,186,186.0,186.0,186.0,186.0,186.0,186.0,186.0,186.0,186.0,186.0,186.0,,,,,,,,,,,,,,,,,,,,,,,,,,,,,,,,,,,0.6,-0.7961815612,-0.3874344903,-19.54180146470992,1.7054305455,0.4631246984000001,1.2200800829,0.0325655097
187,187,187.0,187.0,187.0,187.0,187.0,187.0,187.0,187.0,187.0,187.0,187.0,,,,,,,,,,,,,,,,,,,,,,,,,,,,,,,,,,,0.7,-0.9275826908,-2.2102135073,15.860249992483151,2.1685552439,0.4308218473999998,0.7569553844999999,0.0325655097
188,188,188.0,188.0,188.0,188.0,188.0,188.0,188.0,188.0,188.0,188.0,188.0,,,,,,,,,,,,,,,,,,,,,,,,,,,,,,,,,,,0.8,-1.0611896747,-0.4905815241,-2.430061621528793,2.5993770913,0.1559861422999997,0.3261335371,0.0325655097
189,189,189.0,189.0,189.0,189.0,189.0,189.0,189.0,189.0,189.0,189.0,189.0,,,,,,,,,,,,,,,,,,,,,,,,,,,,,,,,,,,0.9,-1.1196291377,-0.6751482232,0.6681663297586244,2.7553632336,0.1701473948000003,0.1701473948000003,0.0325655097
190,190,190.0,190.0,190.0,190.0,190.0,190.0,190.0,190.0,190.0,190.0,190.0,,,,,,,,,,,,,,,,,,,,,,,,,,,,,,,,,,,0.0,0.0,-1.0,1.864274624045168,0.0,0.0768327084,3.703012068800001,-2.5
191,191,191.0,191.0,191.0,191.0,191.0,191.0,191.0,191.0,191.0,191.0,191.0,,,,,,,,,,,,,,,,,,,,,,,,,,,,,,,,,,,0.1,-0.086144307,-0.7274282306,-10.711910901255694,0.0768327084,0.2134549871,3.626179360400001,-1.5074282306000002
192,192,192.0,192.0,192.0,192.0,192.0,192.0,192.0,192.0,192.0,192.0,192.0,,,,,,,,,,,,,,,,,,,,,,,,,,,,,,,,,,,0.2,-0.2071862446,-1.6775773831,4.602946310903647,0.2902876955,0.210337662,3.412724373300001,-1.8975773831
193,193,193.0,193.0,193.0,193.0,193.0,193.0,193.0,193.0,193.0,193.0,193.0,,,,,,,,,,,,,,,,,,,,,,,,,,,,,,,,,,,0.3,-0.3445624665,-1.0799065301,-19.687343851244787,0.5006253575,0.6306916540999999,3.2023867113000004,-0.8999065301
194,194,194.0,194.0,194.0,194.0,194.0,194.0,194.0,194.0,194.0,194.0,194.0,,,,,,,,,,,,,,,,,,,,,,,,,,,,,,,,,,,0.4,-0.5425650678,-2.850638314,9.64211791700454,1.1313170116,0.6074681933999999,2.5716950572000004,-2.430638314
195,195,195.0,195.0,195.0,195.0,195.0,195.0,195.0,195.0,195.0,195.0,195.0,,,,,,,,,,,,,,,,,,,,,,,,,,,,,,,,,,,0.5,-0.7671962214,-1.6617953686,10.958124978486952,1.738785205,0.2515282890000001,1.9642268638,-1.1617953686
196,196,196.0,196.0,196.0,196.0,196.0,196.0,196.0,196.0,196.0,196.0,196.0,,,,,,,,,,,,,,,,,,,,,,,,,,,,,,,,,,,0.6,-0.8723279455,-0.4608511468,-20.1990897685174,1.990313494,0.5200006627999998,1.7126985748,-0.0408511467999999
197,197,197.0,197.0,197.0,197.0,197.0,197.0,197.0,197.0,197.0,197.0,197.0,,,,,,,,,,,,,,,,,,,,,,,,,,,,,,,,,,,0.7,-1.0138951596,-2.3391929095,7.2004570507233,2.5103141568,0.5100723567000003,1.1926979120000003,-2.1591929095
198,198,198.0,198.0,198.0,198.0,198.0,198.0,198.0,198.0,198.0,198.0,198.0,,,,,,,,,,,,,,,,,,,,,,,,,,,,,,,,,,,0.8,-1.2016673732,-1.4313749907,-0.0246893414770896,3.0203865135,0.3477050346999997,0.6826255553,-1.6513749907000002
199,199,199.0,199.0,199.0,199.0,199.0,199.0,199.0,199.0,199.0,199.0,199.0,,,,,,,,,,,,,,,,,,,,,,,,,,,,,,,,,,,0.9,-1.3380006557,-1.2975106425,1.2505069804068814,3.3680915482,0.3349205206000003,0.3349205206000003,-2.0775106425
200,200,200.0,200.0,200.0,200.0,200.0,200.0,200.0,200.0,200.0,200.0,200.0,,,,,,,,,,,,,,,,,,,,,,,,,,,,,,,,,,,0.0,0.0,-1.0,0.3224577129460533,0.0,0.0881006301,2.0507478706,-2.5
201,201,201.0,201.0,201.0,201.0,201.0,201.0,201.0,201.0,201.0,201.0,201.0,,,,,,,,,,,,,,,,,,,,,,,,,,,,,,,,,,,0.1,-0.0936027243,-0.8741515044,-1.8933611384894595,0.0881006301,0.089150323,1.9626472405,-1.6541515044
202,202,202.0,202.0,202.0,202.0,202.0,202.0,202.0,202.0,202.0,202.0,202.0,,,,,,,,,,,,,,,,,,,,,,,,,,,,,,,,,,,0.2,-0.1859481145,-0.9711422281,-8.154571943596338,0.1772509531,0.2172283518,1.8734969175,-1.1911422281
203,203,203.0,203.0,203.0,203.0,203.0,203.0,203.0,203.0,203.0,203.0,203.0,,,,,,,,,,,,,,,,,,,,,,,,,,,,,,,,,,,0.3,-0.3178115824,-1.6547359545,1.1512047116223725,0.3944793049,0.2478677562999999,1.6562685657000005,-1.4747359545
204,204,204.0,204.0,204.0,204.0,204.0,204.0,204.0,204.0,204.0,204.0,204.0,,,,,,,,,,,,,,,,,,,,,,,,,,,,,,,,,,,0.4,-0.4697118432,-1.3877152225,-7.388575960027882,0.6423470612,0.3419406712,1.4084008094000002,-0.9677152225
205,205,205.0,205.0,205.0,205.0,205.0,205.0,205.0,205.0,205.0,205.0,205.0,,,,,,,,,,,,,,,,,,,,,,,,,,,,,,,,,,,0.5,-0.6375120375,-1.9587726242,5.912102102442467,0.9842877324,0.3236007982000001,1.0664601382,-1.4587726242
206,206,206.0,206.0,206.0,206.0,206.0,206.0,206.0,206.0,206.0,206.0,206.0,,,,,,,,,,,,,,,,,,,,,,,,,,,,,,,,,,,0.6,-0.7953147014,-1.2097597501,0.2813176332993126,1.3078885306,0.2025615701999998,0.7428593399999999,-0.7897597500999999
207,207,207.0,207.0,207.0,207.0,207.0,207.0,207.0,207.0,207.0,207.0,207.0,,,,,,,,,,,,,,,,,,,,,,,,,,,,,,,,,,,0.7,-0.9090778784,-1.0678648098,0.823323362168003,1.5104501008,0.1880651024999999,0.5402977698,-0.8878648097999999
208,208,208.0,208.0,208.0,208.0,208.0,208.0,208.0,208.0,208.0,208.0,208.0,,,,,,,,,,,,,,,,,,,,,,,,,,,,,,,,,,,0.8,-1.0067161248,-0.8878942271,0.9475527432352906,1.6985152033,0.1744708922,0.3522326673,-1.1078942271
209,209,209.0,209.0,209.0,209.0,209.0,209.0,209.0,209.0,209.0,209.0,209.0,,,,,,,,,,,,,,,,,,,,,,,,,,,,,,,,,,,0.9,-1.0866269385,-0.7132281391,-0.7926225749790483,1.8729860955,0.1777617751,0.1777617751,-1.4932281391000002
210,210,210.0,210.0,210.0,210.0,210.0,210.0,210.0,210.0,210.0,210.0,210.0,,,,,,,,,,,,,,,,,,,,,,,,,,,,,,,,,,,0.0,0.0,-1.0,1.7062054115877223,0.0,0.0778107537,3.6481399373,-2.5
211,211,211.0,211.0,211.0,211.0,211.0,211.0,211.0,211.0,211.0,211.0,211.0,,,,,,,,,,,,,,,,,,,,,,,,,,,,,,,,,,,0.1,-0.0869089539,-0.742470505,-10.25048912585177,0.0778107537,0.2060043022,3.5703291836,-1.5224705050000005
212,212,212.0,212.0,212.0,212.0,212.0,212.0,212.0,212.0,212.0,212.0,212.0,,,,,,,,,,,,,,,,,,,,,,,,,,,,,,,,,,,0.2,-0.207150273,-1.6472780985,4.042665589173794,0.2838150559,0.2068750328999999,3.3643248814,-1.8672780985
213,213,213.0,213.0,213.0,213.0,213.0,213.0,213.0,213.0,213.0,213.0,213.0,,,,,,,,,,,,,,,,,,,,,,,,,,,,,,,,,,,0.3,-0.3443535461,-1.1058082664,-20.08420732505723,0.4906900888,0.6573514337,3.1574498485,-0.9258082664
214,214,214.0,214.0,214.0,214.0,214.0,214.0,214.0,214.0,214.0,214.0,214.0,,,,,,,,,,,,,,,,,,,,,,,,,,,,,,,,,,,0.4,-0.5467408181,-2.9118417269,10.052883970733522,1.1480415225,0.6306852503,2.5000984148,-2.4918417269
215,215,215.0,215.0,215.0,215.0,215.0,215.0,215.0,215.0,215.0,215.0,215.0,,,,,,,,,,,,,,,,,,,,,,,,,,,,,,,,,,,0.5,-0.7752092013,-1.6780849466,11.327485807846202,1.7787267728,0.2572601019999998,1.8694131645,-1.1780849466
216,216,216.0,216.0,216.0,216.0,216.0,216.0,216.0,216.0,216.0,216.0,216.0,,,,,,,,,,,,,,,,,,,,,,,,,,,,,,,,,,,0.6,-0.8801043311,-0.440441236,-19.683580920890112,2.0359868748,0.4969983417000003,1.6121530625,-0.0204412359999999
217,217,217.0,217.0,217.0,217.0,217.0,217.0,217.0,217.0,217.0,217.0,217.0,,,,,,,,,,,,,,,,,,,,,,,,,,,,,,,,,,,0.7,-1.0172355547,-2.2716681045,8.01169808352422,2.5329852165,0.4792481037999998,1.1151547207999997,-2.0916681045
218,218,218.0,218.0,218.0,218.0,218.0,218.0,218.0,218.0,218.0,218.0,218.0,,,,,,,,,,,,,,,,,,,,,,,,,,,,,,,,,,,0.8,-1.1946576112,-1.2930762397,-0.5987030591738094,3.0122333203,0.3172844413,0.6359066169999998,-1.5130762397000002
219,219,219.0,219.0,219.0,219.0,219.0,219.0,219.0,219.0,219.0,219.0,219.0,,,,,,,,,,,,,,,,,,,,,,,,,,,,,,,,,,,0.9,-1.3206068123,-1.2269973445,0.7649247834694153,3.3295177616,0.3186221756999998,0.3186221756999998,-2.0069973445
220,220,220.0,220.0,220.0,220.0,220.0,220.0,220.0,220.0,220.0,220.0,220.0,,,,,,,,,,,,,,,,,,,,,,,,,,,,,,,,,,,0.0,0.0,-1.0,1.7568994279474208,0.0,0.0774926783,3.7381320278,0.0616226403
221,221,221.0,221.0,221.0,221.0,221.0,221.0,221.0,221.0,221.0,221.0,221.0,,,,,,,,,,,,,,,,,,,,,,,,,,,,,,,,,,,0.1,-0.0866637257,-0.7376463315,-11.356324250340432,0.0774926783,0.2316853354999999,3.6606393495,0.0616226403
222,222,222.0,222.0,222.0,222.0,222.0,222.0,222.0,222.0,222.0,222.0,222.0,,,,,,,,,,,,,,,,,,,,,,,,,,,,,,,,,,,0.2,-0.2117953411,-1.7481471411,4.305306918837292,0.3091780138,0.2323787968999999,3.4289540140000003,0.0616226403
223,223,223.0,223.0,223.0,223.0,223.0,223.0,223.0,223.0,223.0,223.0,223.0,,,,,,,,,,,,,,,,,,,,,,,,,,,,,,,,,,,0.3,-0.3573270658,-1.1720847246,-19.058320890003905,0.5415568107,0.640969924,3.1965752171000004,0.0616226403
224,224,224.0,224.0,224.0,224.0,224.0,224.0,224.0,224.0,224.0,224.0,224.0,,,,,,,,,,,,,,,,,,,,,,,,,,,,,,,,,,,0.4,-0.5610587347,-2.8741851446,10.657785774304454,1.1825267347,0.6102966526,2.5556052931,0.0616226403
225,225,225.0,225.0,225.0,225.0,225.0,225.0,225.0,225.0,225.0,225.0,225.0,,,,,,,,,,,,,,,,,,,,,,,,,,,,,,,,,,,0.5,-0.783017464,-1.5864478379,11.318524220395354,1.7928233873,0.2400660956,1.9453086405,0.0616226403
226,226,226.0,226.0,226.0,226.0,226.0,226.0,226.0,226.0,226.0,226.0,226.0,,,,,,,,,,,,,,,,,,,,,,,,,,,,,,,,,,,0.6,-0.8792355202,-0.3583773597,-20.840590127177823,2.0328894829,0.5175837812999999,1.7052425449,0.0616226403
227,227,227.0,227.0,227.0,227.0,227.0,227.0,227.0,227.0,227.0,227.0,227.0,,,,,,,,,,,,,,,,,,,,,,,,,,,,,,,,,,,0.7,-1.0141542753,-2.3075176173,7.6890571344147745,2.5504732642,0.4939991680000002,1.1876587636,0.0616226403
228,228,228.0,228.0,228.0,228.0,228.0,228.0,228.0,228.0,228.0,228.0,228.0,,,,,,,,,,,,,,,,,,,,,,,,,,,,,,,,,,,0.8,-1.1965486192,-1.3562175599,-0.980692609436566,3.0444724322,0.3393886291000001,0.6936595955999998,0.0616226403
229,229,229.0,229.0,229.0,229.0,229.0,229.0,229.0,229.0,229.0,229.0,229.0,,,,,,,,,,,,,,,,,,,,,,,,,,,,,,,,,,,0.9,-1.3303541017,-1.3204813384,-0.1364602812199504,3.3838610613,0.3542709664999997,0.3542709664999997,0.0616226403
230,230,230.0,230.0,230.0,230.0,230.0,230.0,230.0,230.0,230.0,230.0,230.0,,,,,,,,,,,,,,,,,,,,,,,,,,,,,,,,,,,0.0,0.0,-1.0,0.7366014873394886,0.0,0.0846956352,1.8490114859,-2.5
231,231,231.0,231.0,231.0,231.0,231.0,231.0,231.0,231.0,231.0,231.0,231.0,,,,,,,,,,,,,,,,,,,,,,,,,,,,,,,,,,,0.1,-0.0915993294,-0.8347405218,-4.7032719443358335,0.0846956352,0.1186503631,1.7643158507,-1.6147405218000004
232,232,232.0,232.0,232.0,232.0,232.0,232.0,232.0,232.0,232.0,232.0,232.0,,,,,,,,,,,,,,,,,,,,,,,,,,,,,,,,,,,0.2,-0.1937870136,-1.2028800321,-2.436579203065638,0.2033459983,0.1691724194,1.6456654876,-1.4228800321
233,233,233.0,233.0,233.0,233.0,233.0,233.0,233.0,233.0,233.0,233.0,233.0,,,,,,,,,,,,,,,,,,,,,,,,,,,,,,,,,,,0.3,-0.3200430403,-1.3202819257,-5.357150054816946,0.3725184177,0.2608787333,1.4764930682,-1.1402819257
234,234,234.0,234.0,234.0,234.0,234.0,234.0,234.0,234.0,234.0,234.0,234.0,,,,,,,,,,,,,,,,,,,,,,,,,,,,,,,,,,,0.4,-0.4715992602,-1.7044407113,-1.6734405867729505,0.633397151,0.3226426443999999,1.2156143349,-1.2844407112999998
235,235,235.0,235.0,235.0,235.0,235.0,235.0,235.0,235.0,235.0,235.0,235.0,,,,,,,,,,,,,,,,,,,,,,,,,,,,,,,,,,,0.5,-0.641893372,-1.7014906582,7.448139256651383,0.9560397954,0.2433755195,0.8929716905,-1.2014906582
236,236,236.0,236.0,236.0,236.0,236.0,236.0,236.0,236.0,236.0,236.0,236.0,,,,,,,,,,,,,,,,,,,,,,,,,,,,,,,,,,,0.6,-0.7677819379,-0.8307881666,-1.9938042789034351,1.1994153149,0.1466487333999999,0.649596171,-0.4107881665999999
237,237,237.0,237.0,237.0,237.0,237.0,237.0,237.0,237.0,237.0,237.0,237.0,,,,,,,,,,,,,,,,,,,,,,,,,,,,,,,,,,,0.7,-0.856486347,-0.9414641854,-0.7981107044053353,1.3460640483,0.1693287014,0.5029474376,-0.7614641853999998
238,238,238.0,238.0,238.0,238.0,238.0,238.0,238.0,238.0,238.0,238.0,238.0,,,,,,,,,,,,,,,,,,,,,,,,,,,,,,,,,,,0.8,-0.9499394083,-0.9278221945,0.9722409386977716,1.5153927497,0.1693309604999999,0.3336187362,-1.1478221945000002
239,239,239.0,239.0,239.0,239.0,239.0,239.0,239.0,239.0,239.0,239.0,239.0,,,,,,,,,,,,,,,,,,,,,,,,,,,,,,,,,,,0.9,-1.0335304353,-0.7470070737,0.1067014842896538,1.6847237102,0.1642877757,0.1642877757,-1.5270070737
240,240,240.0,240.0,240.0,240.0,240.0,240.0,240.0,240.0,240.0,240.0,,,,,,,,,,,,,,,,,,,,,,,,,,,,,,,,,,,,0.0,0.0,-1.0,-4.422256622597291,0.0,0.1469344505,3.1726311303000005,-2.5
241,241,241.0,241.0,241.0,241.0,241.0,241.0,241.0,241.0,241.0,241.0,,,,,,,,,,,,,,,,,,,,,,,,,,,,,,,,,,,,0.1,-0.1165548904,-1.3256707719,-2.745103683665831,0.1469344505,0.2019270117999999,3.0256966798000007,-2.1056707719000003
242,242,242.0,242.0,242.0,242.0,242.0,242.0,242.0,242.0,242.0,242.0,,,,,,,,,,,,,,,,,,,,,,,,,,,,,,,,,,,,0.2,-0.2559883448,-1.4607476858,-1.963661110304944,0.3488614623,0.2335572249,2.8237696680000006,-1.6807476858
243,243,243.0,243.0,243.0,243.0,243.0,243.0,243.0,243.0,243.0,243.0,,,,,,,,,,,,,,,,,,,,,,,,,,,,,,,,,,,,0.3,-0.4044957116,-1.50860643,-3.05852537444456,0.5824186872,0.2791171494,2.5902124431000004,-1.32860643
244,244,244.0,244.0,244.0,244.0,244.0,244.0,244.0,244.0,244.0,244.0,,,,,,,,,,,,,,,,,,,,,,,,,,,,,,,,,,,,0.4,-0.5628538691,-1.65610081,-5.8715938482406935,0.8615358366,0.4074123771999999,2.3110952937,-1.23610081
245,245,245.0,245.0,245.0,245.0,245.0,245.0,245.0,245.0,245.0,245.0,,,,,,,,,,,,,,,,,,,,,,,,,,,,,,,,,,,,0.5,-0.7488560844,-2.0572579795,1.7379933413345656,1.2689482138,0.4254451946000002,1.9036829165,-1.5572579795
246,246,246.0,246.0,246.0,246.0,246.0,246.0,246.0,246.0,246.0,246.0,,,,,,,,,,,,,,,,,,,,,,,,,,,,,,,,,,,,0.6,-0.9362226312,-1.6960920986,3.443884295049836,1.6943934084,0.3201629616000001,1.4782377219,-1.2760920986
247,247,247.0,247.0,247.0,247.0,247.0,247.0,247.0,247.0,247.0,247.0,,,,,,,,,,,,,,,,,,,,,,,,,,,,,,,,,,,,0.7,-1.0809678528,-1.2069584475,7.55643850879994,2.01455637,0.2227377176999998,1.1580747603,-1.0269584474999998
248,248,248.0,248.0,248.0,248.0,248.0,248.0,248.0,248.0,248.0,248.0,,,,,,,,,,,,,,,,,,,,,,,,,,,,,,,,,,,,0.8,-1.1592714665,-0.3730109829,-16.91968350799362,2.2372940877,0.4467714624000001,0.9353370426,-0.5930109829000002
249,249,249.0,249.0,249.0,249.0,249.0,249.0,249.0,249.0,249.0,249.0,,,,,,,,,,,,,,,,,,,,,,,,,,,,,,,,,,,,0.9,-1.276615739,-1.9476350612,19.610445905491527,2.6840655501,0.4885655801999999,0.4885655801999999,-2.7276350612
250,250,250.0,250.0,250.0,250.0,250.0,250.0,250.0,250.0,250.0,250.0,,,,,,,,,,,,,,,,,,,,,,,,,,,,,,,,,,,,0.0,0.0,-1.0,-4.859267457890602,0.0,0.1541873865,3.1696817031,-2.5
251,251,251.0,251.0,251.0,251.0,251.0,251.0,251.0,251.0,251.0,251.0,,,,,,,,,,,,,,,,,,,,,,,,,,,,,,,,,,,,0.1,-0.1186688948,-1.367257851,-0.96847872611217,0.1541873865,0.185807874,3.0154943166,-2.147257851
252,252,252.0,252.0,252.0,252.0,252.0,252.0,252.0,252.0,252.0,252.0,,,,,,,,,,,,,,,,,,,,,,,,,,,,,,,,,,,,0.2,-0.2534656212,-1.3293089972,-1.621147802302331,0.3399952605,0.1922166077,2.8296864426,-1.5493089972
253,253,253.0,253.0,253.0,253.0,253.0,253.0,253.0,253.0,253.0,253.0,,,,,,,,,,,,,,,,,,,,,,,,,,,,,,,,,,,,0.3,-0.3878082885,-1.3570811102,-11.330470364987717,0.5322118682,0.4326344626,2.6374698349,-1.1770811102
254,254,254.0,254.0,254.0,254.0,254.0,254.0,254.0,254.0,254.0,254.0,,,,,,,,,,,,,,,,,,,,,,,,,,,,,,,,,,,,0.4,-0.5717618429,-2.3061745923,2.1895093765925444,0.9648463308,0.4867590584,2.2048353723000003,-1.8861745923
255,255,255.0,255.0,255.0,255.0,255.0,255.0,255.0,255.0,255.0,255.0,,,,,,,,,,,,,,,,,,,,,,,,,,,,,,,,,,,,0.5,-0.7806317903,-1.8783537072,1.60115134852313,1.4516053892,0.3703561769999999,1.7180763139000002,-1.3783537072
256,256,256.0,256.0,256.0,256.0,256.0,256.0,256.0,256.0,256.0,256.0,,,,,,,,,,,,,,,,,,,,,,,,,,,,,,,,,,,,0.6,-0.951635305,-1.5472350577,5.596065750761498,1.8219615662,0.2675446822000002,1.3477201369000005,-1.1272350577
257,257,257.0,257.0,257.0,257.0,257.0,257.0,257.0,257.0,257.0,257.0,,,,,,,,,,,,,,,,,,,,,,,,,,,,,,,,,,,,0.7,-1.0718039199,-0.8674598676,7.640116881364165,2.0895062484,0.1767512350999998,1.0801754547,-0.6874598675999999
258,258,258.0,258.0,258.0,258.0,258.0,258.0,258.0,258.0,258.0,258.0,,,,,,,,,,,,,,,,,,,,,,,,,,,,,,,,,,,,0.8,-1.1173954281,-0.0578566713,-19.548464547780974,2.2662574835,0.4526675037999998,0.9034242196000002,-0.2778566713000002
259,259,259.0,259.0,259.0,259.0,259.0,259.0,259.0,259.0,259.0,259.0,,,,,,,,,,,,,,,,,,,,,,,,,,,,,,,,,,,,0.9,-1.2174652785,-1.9126332757,18.39295094945088,2.7189249873,0.4507567158000003,0.4507567158000003,-2.6926332757000004
260,260,260.0,260.0,260.0,260.0,260.0,260.0,260.0,260.0,260.0,260.0,,,,,,,,,,,,,,,,,,,,,,,,,,,,,,,,,,,,0.0,0.0,-1.0,-3.978581686929601,0.0,0.1398872524,3.2990491129,-2.5
261,261,261.0,261.0,261.0,261.0,261.0,261.0,261.0,261.0,261.0,261.0,,,,,,,,,,,,,,,,,,,,,,,,,,,,,,,,,,,,0.1,-0.1144086635,-1.2834495052,-1.881444137467996,0.1398872524,0.1773979537,3.1591618605000003,-2.0634495052000004
262,262,262.0,262.0,262.0,262.0,262.0,262.0,262.0,262.0,262.0,262.0,,,,,,,,,,,,,,,,,,,,,,,,,,,,,,,,,,,,0.2,-0.2456463579,-1.3403562245,-0.5718013736787857,0.3172852061,0.1798745484,2.9817639068000004,-1.5603562245
263,263,263.0,263.0,263.0,263.0,263.0,263.0,263.0,263.0,263.0,263.0,,,,,,,,,,,,,,,,,,,,,,,,,,,,,,,,,,,,0.3,-0.3759641507,-1.2672185691,-14.146317909583711,0.4971597545,0.4913583842,2.8018893584000004,-1.0872185691
264,264,264.0,264.0,264.0,264.0,264.0,264.0,264.0,264.0,264.0,264.0,,,,,,,,,,,,,,,,,,,,,,,,,,,,,,,,,,,,0.4,-0.5649875836,-2.4928269272,3.877778631247468,0.9885181387,0.5343904682999999,2.3105309742,-2.0728269272
265,265,265.0,265.0,265.0,265.0,265.0,265.0,265.0,265.0,265.0,265.0,,,,,,,,,,,,,,,,,,,,,,,,,,,,,,,,,,,,0.5,-0.7834529881,-1.8865836596,1.515742035205472,1.522908607,0.3748768959999999,1.7761405059000002,-1.3865836596
266,266,266.0,266.0,266.0,266.0,266.0,266.0,266.0,266.0,266.0,266.0,,,,,,,,,,,,,,,,,,,,,,,,,,,,,,,,,,,,0.6,-0.9556528438,-1.5628096003,5.272033949376792,1.897785503,0.2739680415000001,1.4012636099000002,-1.1428096003
267,267,267.0,267.0,267.0,267.0,267.0,267.0,267.0,267.0,267.0,267.0,,,,,,,,,,,,,,,,,,,,,,,,,,,,,,,,,,,,0.7,-1.0788710741,-0.9123879751,7.040965585805295,2.1717535445,0.1809879398,1.1272955684,-0.7323879750999999
268,268,268.0,268.0,268.0,268.0,268.0,268.0,268.0,268.0,268.0,268.0,,,,,,,,,,,,,,,,,,,,,,,,,,,,,,,,,,,,0.8,-1.1316364766,-0.155526014,-19.628590528392472,2.3527414843,0.4789653940999998,0.9463076286,-0.3755260140000002
269,269,269.0,269.0,269.0,269.0,269.0,269.0,269.0,269.0,269.0,269.0,,,,,,,,,,,,,,,,,,,,,,,,,,,,,,,,,,,,0.9,-1.2413881999,-2.0086333436,17.53703164375289,2.8317068784,0.4673422345000002,0.4673422345000002,-2.7886333436000004
270,270,270.0,270.0,270.0,270.0,270.0,270.0,270.0,270.0,270.0,270.0,,,,,,,,,,,,,,,,,,,,,,,,,,,,,,,,,,,,0.0,0.0,-1.0,-4.396535935992526,0.0,0.1465172116,3.3728569507,-2.5
271,271,271.0,271.0,271.0,271.0,271.0,271.0,271.0,271.0,271.0,271.0,,,,,,,,,,,,,,,,,,,,,,,,,,,,,,,,,,,,0.1,-0.1164304686,-1.323223125,-1.1285865875097525,0.1465172116,0.1767151454,3.2263397391,-2.1032231250000004
272,272,272.0,272.0,272.0,272.0,272.0,272.0,272.0,272.0,272.0,272.0,,,,,,,,,,,,,,,,,,,,,,,,,,,,,,,,,,,,0.2,-0.2478112446,-1.3047010078,-1.324542433945687,0.323232357,0.1812962088999999,3.0496245937,-1.5247010078
273,273,273.0,273.0,273.0,273.0,273.0,273.0,273.0,273.0,273.0,273.0,,,,,,,,,,,,,,,,,,,,,,,,,,,,,,,,,,,,0.3,-0.3783773281,-1.3065891676,-13.308482308258675,0.5045285659,0.477324611,2.8683283848,-1.1265891676000002
274,274,274.0,274.0,274.0,274.0,274.0,274.0,274.0,274.0,274.0,274.0,,,,,,,,,,,,,,,,,,,,,,,,,,,,,,,,,,,,0.4,-0.567094407,-2.4487203195,2.3666293119213693,0.9818531769,0.5423993281,2.3910037738,-2.0287203195
275,275,275.0,275.0,275.0,275.0,275.0,275.0,275.0,275.0,275.0,275.0,,,,,,,,,,,,,,,,,,,,,,,,,,,,,,,,,,,,0.5,-0.7886725739,-1.9904792215,2.9693225651867743,1.524252505,0.3904307954999999,1.8486044457,-1.4904792215
276,276,276.0,276.0,276.0,276.0,276.0,276.0,276.0,276.0,276.0,276.0,,,,,,,,,,,,,,,,,,,,,,,,,,,,,,,,,,,,0.6,-0.963728103,-1.5184914359,3.166029615165395,1.9146833005,0.2802113968000002,1.4581736502000002,-1.0984914358999998
277,277,277.0,277.0,277.0,277.0,277.0,277.0,277.0,277.0,277.0,277.0,,,,,,,,,,,,,,,,,,,,,,,,,,,,,,,,,,,,0.7,-1.0929163406,-1.0727002367,7.6793031420180995,2.1948946973,0.2056898977000001,1.1779622534,-0.8927002366999999
278,278,278.0,278.0,278.0,278.0,278.0,278.0,278.0,278.0,278.0,278.0,,,,,,,,,,,,,,,,,,,,,,,,,,,,,,,,,,,,0.8,-1.1578498019,-0.2398364612,-18.649475184891195,2.400584595,0.4713068815999999,0.9722723557,-0.4598364612000002
279,279,279.0,279.0,279.0,279.0,279.0,279.0,279.0,279.0,279.0,279.0,,,,,,,,,,,,,,,,,,,,,,,,,,,,,,,,,,,,0.9,-1.2708885477,-1.991745234,20.01054528660936,2.8718914766,0.5009654741,0.5009654741,-2.771745234
280,280,280.0,280.0,280.0,280.0,280.0,280.0,280.0,280.0,280.0,280.0,,,,,,,,,,,,,,,,,,,,,,,,,,,,,,,,,,,,0.0,0.0,-1.0,-4.528837572531775,0.0,0.1486748187,3.0082395134999995,-2.5
281,281,281.0,281.0,281.0,281.0,281.0,281.0,281.0,281.0,281.0,281.0,,,,,,,,,,,,,,,,,,,,,,,,,,,,,,,,,,,,0.1,-0.1170704671,-1.3358132902,-2.5408675003405348,0.1486748187,0.2013061615,2.8595646947999995,-2.1158132902
282,282,282.0,282.0,282.0,282.0,282.0,282.0,282.0,282.0,282.0,282.0,,,,,,,,,,,,,,,,,,,,,,,,,,,,,,,,,,,,0.2,-0.2564811361,-1.4504893712,-1.566391108255544,0.3499809802,0.2242630653999999,2.6582585333,-1.6704893712
283,283,283.0,283.0,283.0,283.0,283.0,283.0,283.0,283.0,283.0,283.0,,,,,,,,,,,,,,,,,,,,,,,,,,,,,,,,,,,,0.3,-0.4020907493,-1.4615188688,-8.494693883401712,0.5742440456,0.3883893898,2.4339954679,-1.2815188688
284,284,284.0,284.0,284.0,284.0,284.0,284.0,284.0,284.0,284.0,284.0,,,,,,,,,,,,,,,,,,,,,,,,,,,,,,,,,,,,0.4,-0.5822650359,-2.1308139705,3.335082536837765,0.9626334354,0.4026808219999999,2.0456060781,-1.7108139705000005
285,285,285.0,285.0,285.0,285.0,285.0,285.0,285.0,285.0,285.0,285.0,,,,,,,,,,,,,,,,,,,,,,,,,,,,,,,,,,,,0.5,-0.7689055923,-1.6106651604,2.581601430311826,1.3653142574,0.2740369411000001,1.6429252561,-1.1106651604
286,286,286.0,286.0,286.0,286.0,286.0,286.0,286.0,286.0,286.0,286.0,,,,,,,,,,,,,,,,,,,,,,,,,,,,,,,,,,,,0.6,-0.9096925774,-1.2117180324,2.005287549186095,1.6393511985,0.2075501454999999,1.368888315,-0.7917180324
287,287,287.0,287.0,287.0,287.0,287.0,287.0,287.0,287.0,287.0,287.0,,,,,,,,,,,,,,,,,,,,,,,,,,,,,,,,,,,,0.7,-1.0153024869,-0.9055793679,4.545727485246309,1.846901344,0.1644191712,1.1613381695,-0.7255793678999999
288,288,288.0,288.0,288.0,288.0,288.0,288.0,288.0,288.0,288.0,288.0,,,,,,,,,,,,,,,,,,,,,,,,,,,,,,,,,,,,0.8,-1.0794901519,-0.3868189544,-19.22815855429463,2.0113205152,0.5079069173000001,0.9969189983,-0.6068189544000002
289,289,289.0,289.0,289.0,289.0,289.0,289.0,289.0,289.0,289.0,289.0,,,,,,,,,,,,,,,,,,,,,,,,,,,,,,,,,,,,0.9,-1.2093154838,-2.1798094779,16.127848564376006,2.5192274325,0.4890120809999998,0.4890120809999998,-2.9598094779000004
290,290,290.0,290.0,290.0,290.0,290.0,290.0,290.0,290.0,290.0,290.0,,,,,,,,,,,,,,,,,,,,,,,,,,,,,,,,,,,,0.0,0.0,-1.0,-4.550526450487279,0.0,0.1490312311,3.2645035388,-2.5
291,291,291.0,291.0,291.0,291.0,291.0,291.0,291.0,291.0,291.0,291.0,,,,,,,,,,,,,,,,,,,,,,,,,,,,,,,,,,,,0.1,-0.1171753853,-1.3378772598,-1.477712990823842,0.1490312311,0.1854467865,3.1154723077,-2.1178772598
292,292,292.0,292.0,292.0,292.0,292.0,292.0,292.0,292.0,292.0,292.0,,,,,,,,,,,,,,,,,,,,,,,,,,,,,,,,,,,,0.2,-0.2516395539,-1.3511843903,-1.806925038775776,0.3344780176,0.2006180810999999,2.9300255212,-1.5711843903
293,293,293.0,293.0,293.0,293.0,293.0,293.0,293.0,293.0,293.0,293.0,,,,,,,,,,,,,,,,,,,,,,,,,,,,,,,,,,,,0.3,-0.3889626462,-1.3945538018,-11.222134758280168,0.5350960987,0.4427525612,2.7294074401,-1.2145538018000002
294,294,294.0,294.0,294.0,294.0,294.0,294.0,294.0,294.0,294.0,294.0,,,,,,,,,,,,,,,,,,,,,,,,,,,,,,,,,,,,0.4,-0.5759581339,-2.3297717899,3.120159968239779,0.9778486599,0.4810845613999999,2.2866548789000003,-1.9097717899
295,295,295.0,295.0,295.0,295.0,295.0,295.0,295.0,295.0,295.0,295.0,,,,,,,,,,,,,,,,,,,,,,,,,,,,,,,,,,,,0.5,-0.7825717048,-1.8111422222,3.2039472310746064,1.4589332213,0.3280885507,1.8055703175,-1.3111422222
296,296,296.0,296.0,296.0,296.0,296.0,296.0,296.0,296.0,296.0,296.0,,,,,,,,,,,,,,,,,,,,,,,,,,,,,,,,,,,,0.6,-0.939426016,-1.3338931879,2.746345562257217,1.787021772,0.2341980255000002,1.4774817668000002,-0.9138931879
297,297,297.0,297.0,297.0,297.0,297.0,297.0,297.0,297.0,297.0,297.0,,,,,,,,,,,,,,,,,,,,,,,,,,,,,,,,,,,,0.7,-1.05307759,-0.9456070577,6.389955630491019,2.0212197975,0.1778819046999999,1.2432837413,-0.7656070576999998
298,298,298.0,298.0,298.0,298.0,298.0,298.0,298.0,298.0,298.0,298.0,,,,,,,,,,,,,,,,,,,,,,,,,,,,,,,,,,,,0.8,-1.1121536609,-0.2475354238,-20.967813557442888,2.1991017022,0.5427161756999999,1.0654018366,-0.4675354238000002
299,299,299.0,299.0,299.0,299.0,299.0,299.0,299.0,299.0,299.0,299.0,,,,,,,,,,,,,,,,,,,,,,,,,,,,,,,,,,,,0.9,-1.2371398355,-2.2193306049,18.300239390331942,2.7418178779,0.5226856609000001,0.5226856609000001,-2.9993306049000004
300,300,300.0,300.0,300.0,300.0,300.0,300.0,300.0,300.0,300.0,,,,,,,,,,,,,,,,,,,,,,,,,,,,,,,,,,,,,0.0,0.0,-1.0,-2.852465250491915,0.0,0.1234325295,3.211929883,-2.5
301,301,301.0,301.0,301.0,301.0,301.0,301.0,301.0,301.0,301.0,,,,,,,,,,,,,,,,,,,,,,,,,,,,,,,,,,,,,0.1,-0.1089611826,-1.1762853424,-1.2590387704682875,0.1234325295,0.1430368112,3.0884973535,-1.9562853424
302,302,302.0,302.0,302.0,302.0,302.0,302.0,302.0,302.0,302.0,,,,,,,,,,,,,,,,,,,,,,,,,,,,,,,,,,,,,0.2,-0.2269900288,-1.1841603733,2.597546758486036,0.2664693407,0.1126237453,2.9454605423,-1.4041603733
303,303,303.0,303.0,303.0,303.0,303.0,303.0,303.0,303.0,303.0,,,,,,,,,,,,,,,,,,,,,,,,,,,,,,,,,,,,,0.3,-0.3271123677,-0.8242833586,-19.020376829873044,0.379093086,0.5124862054,2.832836797,-0.6442833586000001
304,304,304.0,304.0,304.0,304.0,304.0,304.0,304.0,304.0,304.0,,,,,,,,,,,,,,,,,,,,,,,,,,,,,,,,,,,,,0.4,-0.4975627602,-2.555870649,8.656196324841762,0.8915792914,0.4895660311000001,2.3203505916,-2.135870649
305,305,305.0,305.0,305.0,305.0,305.0,305.0,305.0,305.0,305.0,,,,,,,,,,,,,,,,,,,,,,,,,,,,,,,,,,,,,0.5,-0.6989123827,-1.488901394,2.070312214008057,1.3811453225,0.2355362350999998,1.8307845605,-0.988901394
306,306,306.0,306.0,306.0,306.0,306.0,306.0,306.0,306.0,306.0,,,,,,,,,,,,,,,,,,,,,,,,,,,,,,,,,,,,,0.6,-0.8305851834,-1.150197372,-1.7441673548851138,1.6166815576,0.2196954100999999,1.5952483253999998,-0.730197372
307,307,307.0,307.0,307.0,307.0,307.0,307.0,307.0,307.0,307.0,,,,,,,,,,,,,,,,,,,,,,,,,,,,,,,,,,,,,0.7,-0.9484779503,-1.2067213405,-3.855302464587985,1.8363769677,0.2889329005000001,1.3755529153,-1.0267213404999995
308,308,308.0,308.0,308.0,308.0,308.0,308.0,308.0,308.0,308.0,,,,,,,,,,,,,,,,,,,,,,,,,,,,,,,,,,,,,0.8,-1.0819622267,-1.4587673106,-5.537916285511681,2.1253098682,0.4259992364,1.0866200147999998,-1.6787673106000005
309,309,309.0,309.0,309.0,309.0,309.0,309.0,309.0,309.0,309.0,,,,,,,,,,,,,,,,,,,,,,,,,,,,,,,,,,,,,0.9,-1.2475714381,-1.8469497278,-7.434581249696236,2.5513091046,0.6606207783999998,0.6606207783999998,-2.6269497278000005
310,310,310.0,310.0,310.0,310.0,310.0,310.0,310.0,310.0,310.0,,,,,,,,,,,,,,,,,,,,,,,,,,,,,,,,,,,,,0.0,0.0,-1.0,-1.432591477628474,0.0,0.1056133493,3.16069238,-2.5
311,311,311.0,311.0,311.0,311.0,311.0,311.0,311.0,311.0,311.0,,,,,,,,,,,,,,,,,,,,,,,,,,,,,,,,,,,,,0.1,-0.1020926384,-1.0411665093,-1.067974598917343,0.1056133493,0.1117116109,3.0550790307,-1.8211665093
312,312,312.0,312.0,312.0,312.0,312.0,312.0,312.0,312.0,312.0,,,,,,,,,,,,,,,,,,,,,,,,,,,,,,,,,,,,,0.2,-0.2063389705,-1.0437176371,1.7596520166498495,0.2173249602,0.0911254728,2.9433674198,-1.2637176371
313,313,313.0,313.0,313.0,313.0,313.0,313.0,313.0,313.0,313.0,,,,,,,,,,,,,,,,,,,,,,,,,,,,,,,,,,,,,0.3,-0.2971496583,-0.7769417477,-20.372450342615668,0.308450433,0.5477922646,2.852241947,-0.5969417477000001
314,314,314.0,314.0,314.0,314.0,314.0,314.0,314.0,314.0,314.0,,,,,,,,,,,,,,,,,,,,,,,,,,,,,,,,,,,,,0.4,-0.46963547,-2.6417009702,8.947282047979048,0.8562426976,0.5175920863,2.3044496824,-2.2217009702
315,315,315.0,315.0,315.0,315.0,315.0,315.0,315.0,315.0,315.0,,,,,,,,,,,,,,,,,,,,,,,,,,,,,,,,,,,,,0.5,-0.6777448108,-1.5388634246,1.1760519047019304,1.3738347839,0.2558178654,1.7868575961,-1.0388634246
316,316,316.0,316.0,316.0,316.0,316.0,316.0,316.0,316.0,316.0,,,,,,,,,,,,,,,,,,,,,,,,,,,,,,,,,,,,,0.6,-0.8184980279,-1.2805050171,0.2470116274068632,1.6296526493,0.2233672370999999,1.5310397307,-0.8605050171
317,317,317.0,317.0,317.0,317.0,317.0,317.0,317.0,317.0,317.0,,,,,,,,,,,,,,,,,,,,,,,,,,,,,,,,,,,,,0.7,-0.939159494,-1.1351423882,-3.9398580076301912,1.8530198864,0.2700836845000001,1.3076724936,-0.9551423882
318,318,318.0,318.0,318.0,318.0,318.0,318.0,318.0,318.0,318.0,,,,,,,,,,,,,,,,,,,,,,,,,,,,,,,,,,,,,0.8,-1.0662411835,-1.4020464995,-5.05683574400507,2.1231035709,0.3937590813999998,1.0375888090999998,-1.6220464995
319,319,319.0,319.0,319.0,319.0,319.0,319.0,319.0,319.0,319.0,,,,,,,,,,,,,,,,,,,,,,,,,,,,,,,,,,,,,0.9,-1.2241254592,-1.7498457982,-8.428243857912928,2.5168626523,0.6438297277,0.6438297277,-2.5298457982
320,320,320.0,320.0,320.0,320.0,320.0,320.0,320.0,320.0,320.0,,,,,,,,,,,,,,,,,,,,,,,,,,,,,,,,,,,,,0.0,0.0,-1.0,-1.7432161901398882,0.0,0.1092326101,3.4767671882,-2.5
321,321,321.0,321.0,321.0,321.0,321.0,321.0,321.0,321.0,321.0,,,,,,,,,,,,,,,,,,,,,,,,,,,,,,,,,,,,,0.1,-0.1035952689,-1.0707263501,-2.975272671808554,0.1092326101,0.1426034184999999,3.3675345781,-1.8507263501
322,322,322.0,322.0,322.0,322.0,322.0,322.0,322.0,322.0,322.0,,,,,,,,,,,,,,,,,,,,,,,,,,,,,,,,,,,,,0.2,-0.2198810856,-1.2519678006,1.5693131290132645,0.2518360286,0.1340899295,3.2249311596,-1.4719678006
323,323,323.0,323.0,323.0,323.0,323.0,323.0,323.0,323.0,323.0,,,,,,,,,,,,,,,,,,,,,,,,,,,,,,,,,,,,,0.3,-0.3314301482,-0.9834874251,-20.93888458558424,0.3859259581,0.6464368247999999,3.0908412301,-0.8034874251
324,324,324.0,324.0,324.0,324.0,324.0,324.0,324.0,324.0,324.0,,,,,,,,,,,,,,,,,,,,,,,,,,,,,,,,,,,,,0.4,-0.5263114857,-2.8824945461,13.325396954136837,1.0323627829,0.5908083759,2.4444044053,-2.4624945461000003
325,325,325.0,325.0,325.0,325.0,325.0,325.0,325.0,325.0,325.0,,,,,,,,,,,,,,,,,,,,,,,,,,,,,,,,,,,,,0.5,-0.736156608,-1.3401097284,1.3992462030245372,1.6231711588,0.2112890981999999,1.8535960294,-0.8401097284000001
326,326,326.0,326.0,326.0,326.0,326.0,326.0,326.0,326.0,326.0,,,,,,,,,,,,,,,,,,,,,,,,,,,,,,,,,,,,,0.6,-0.8569163091,-1.079425407,-2.6091635097716805,1.834460257,0.2201576982999999,1.6423069312000005,-0.659425407
327,327,327.0,327.0,327.0,327.0,327.0,327.0,327.0,327.0,327.0,,,,,,,,,,,,,,,,,,,,,,,,,,,,,,,,,,,,,0.7,-0.9722583889,-1.2249996782,-4.303662236806705,2.0546179553,0.3067531639000003,1.4221492329000005,-1.0449996782
328,328,328.0,328.0,328.0,328.0,328.0,328.0,328.0,328.0,328.0,,,,,,,,,,,,,,,,,,,,,,,,,,,,,,,,,,,,,0.8,-1.1096509995,-1.5179732913,-5.007409039211868,2.3613711192,0.440115649,1.115396069,-1.7379732913
329,329,329.0,329.0,329.0,329.0,329.0,329.0,329.0,329.0,329.0,,,,,,,,,,,,,,,,,,,,,,,,,,,,,,,,,,,,,0.9,-1.2783280389,-1.8500371558,-7.604088206577392,2.8014867682,0.67528042,0.67528042,-2.6300371558
330,330,330.0,330.0,330.0,330.0,330.0,330.0,330.0,330.0,330.0,,,,,,,,,,,,,,,,,,,,,,,,,,,,,,,,,,,,,0.0,0.0,-1.0,-1.5584338406217024,0.0,0.1070607785,3.154814060300001,-2.5
331,331,331.0,331.0,331.0,331.0,331.0,331.0,331.0,331.0,331.0,,,,,,,,,,,,,,,,,,,,,,,,,,,,,,,,,,,,,0.1,-0.1027013942,-1.0531419899,-1.8599015746466947,0.1070607785,0.1236160976,3.0477532818000004,-1.8331419899000003
332,332,332.0,332.0,332.0,332.0,332.0,332.0,332.0,332.0,332.0,,,,,,,,,,,,,,,,,,,,,,,,,,,,,,,,,,,,,0.2,-0.2119182056,-1.129915336,1.3150617705887042,0.2306768761,0.1107355867999999,2.924137184200001,-1.349915336
333,333,333.0,333.0,333.0,333.0,333.0,333.0,333.0,333.0,333.0,,,,,,,,,,,,,,,,,,,,,,,,,,,,,,,,,,,,,0.3,-0.3130823596,-0.8972450049,-20.63684168526857,0.3414124629,0.6008832807,2.8134015974000004,-0.7172450049000001
334,334,334.0,334.0,334.0,334.0,334.0,334.0,334.0,334.0,334.0,,,,,,,,,,,,,,,,,,,,,,,,,,,,,,,,,,,,,0.4,-0.4982955495,-2.7757159835,12.335506282828565,0.9422957436,0.5492693365,2.2125183167,-2.3557159835
335,335,335.0,335.0,335.0,335.0,335.0,335.0,335.0,335.0,335.0,,,,,,,,,,,,,,,,,,,,,,,,,,,,,,,,,,,,,0.5,-0.7027678621,-1.3376930426,1.6006713749988284,1.4915650801,0.203489276,1.6632489802,-0.8376930426
336,336,336.0,336.0,336.0,336.0,336.0,336.0,336.0,336.0,336.0,,,,,,,,,,,,,,,,,,,,,,,,,,,,,,,,,,,,,0.6,-0.8223231689,-1.0580705983,-2.168799014211088,1.6950543561,0.2030785859999999,1.4597597042,-0.6380705983
337,337,337.0,337.0,337.0,337.0,337.0,337.0,337.0,337.0,337.0,,,,,,,,,,,,,,,,,,,,,,,,,,,,,,,,,,,,,0.7,-0.9335028408,-1.1637708278,-3.0786358894769306,1.8981329421,0.2619670593000001,1.2566811182000002,-0.9837708278
338,338,338.0,338.0,338.0,338.0,338.0,338.0,338.0,338.0,338.0,,,,,,,,,,,,,,,,,,,,,,,,,,,,,,,,,,,,,0.8,-1.0591426127,-1.3459946449,-5.466950024970021,2.1601000014,0.3836342547,0.9947140589,-1.5659946449000002
339,339,339.0,339.0,339.0,339.0,339.0,339.0,339.0,339.0,339.0,,,,,,,,,,,,,,,,,,,,,,,,,,,,,,,,,,,,,0.9,-1.2136767997,-1.7381554604,-7.561060313314217,2.5437342561,0.6110798042000001,0.6110798042000001,-2.5181554604
340,340,340.0,340.0,340.0,340.0,340.0,340.0,340.0,340.0,340.0,,,,,,,,,,,,,,,,,,,,,,,,,,,,,,,,,,,,,0.0,0.0,-1.0,-2.802703046919783,0.0,0.1227528078,3.0436535056,-2.5
341,341,341.0,341.0,341.0,341.0,341.0,341.0,341.0,341.0,341.0,,,,,,,,,,,,,,,,,,,,,,,,,,,,,,,,,,,,,0.1,-0.1087204612,-1.1715498435,-1.2220551433805351,0.1227528078,0.141489465,2.9209006978,-1.9515498435000005
342,342,342.0,342.0,342.0,342.0,342.0,342.0,342.0,342.0,342.0,,,,,,,,,,,,,,,,,,,,,,,,,,,,,,,,,,,,,0.2,-0.2261197602,-1.1763560588,2.6483620564050385,0.2642422728,0.1107361021999999,2.7794112328,-1.3963560588
343,343,343.0,343.0,343.0,343.0,343.0,343.0,343.0,343.0,343.0,,,,,,,,,,,,,,,,,,,,,,,,,,,,,,,,,,,,,0.3,-0.3252536055,-0.8123860079,-19.71535176356453,0.374978375,0.535479672,2.6686751306,-0.6323860079000001
344,344,344.0,344.0,344.0,344.0,344.0,344.0,344.0,344.0,344.0,,,,,,,,,,,,,,,,,,,,,,,,,,,,,,,,,,,,,0.4,-0.4979336951,-2.6112410947,8.672679714965852,0.910458047,0.5113835323000001,2.1331954586,-2.1912410947
345,345,345.0,345.0,345.0,345.0,345.0,345.0,345.0,345.0,345.0,,,,,,,,,,,,,,,,,,,,,,,,,,,,,,,,,,,,,0.5,-0.70447277,-1.5374340483,3.973750051548991,1.4218415793,0.2314845704999999,1.6218119263,-1.0374340483
346,346,346.0,346.0,346.0,346.0,346.0,346.0,346.0,346.0,346.0,,,,,,,,,,,,,,,,,,,,,,,,,,,,,,,,,,,,,0.6,-0.8315564519,-1.0129753612,-1.2997596335112462,1.6533261498,0.1842931776999998,1.3903273558,-0.5929753612
347,347,347.0,347.0,347.0,347.0,347.0,347.0,347.0,347.0,347.0,,,,,,,,,,,,,,,,,,,,,,,,,,,,,,,,,,,,,0.7,-0.9342410722,-1.0402667042,-3.788463055298657,1.8376193275,0.2436566432000002,1.2060341781,-0.8602667041999998
348,348,348.0,348.0,348.0,348.0,348.0,348.0,348.0,348.0,348.0,,,,,,,,,,,,,,,,,,,,,,,,,,,,,,,,,,,,,0.8,-1.0515617972,-1.3017922848,-5.386304799624893,2.0812759707,0.3669445661999999,0.9623775349,-1.5217922848000005
349,349,349.0,349.0,349.0,349.0,349.0,349.0,349.0,349.0,349.0,,,,,,,,,,,,,,,,,,,,,,,,,,,,,,,,,,,,,0.9,-1.2014994632,-1.6904850987,-7.781901582540765,2.4482205369,0.5954329687,0.5954329687,-2.4704850987
350,350,350.0,350.0,350.0,350.0,350.0,350.0,350.0,350.0,350.0,,,,,,,,,,,,,,,,,,,,,,,,,,,,,,,,,,,,,0.0,0.0,-1.0,-1.941127653762919,0.0,0.1116200859,3.4865499965,-2.5
351,351,351.0,351.0,351.0,351.0,351.0,351.0,351.0,351.0,351.0,,,,,,,,,,,,,,,,,,,,,,,,,,,,,,,,,,,,,0.1,-0.104552655,-1.0895601104,-2.6235991629493736,0.1116200859,0.1417771201,3.3749299106,-1.8695601104
352,352,352.0,352.0,352.0,352.0,352.0,352.0,352.0,352.0,352.0,,,,,,,,,,,,,,,,,,,,,,,,,,,,,,,,,,,,,0.2,-0.2209293759,-1.2355433058,2.837000609116359,0.253397206,0.1208438369,3.2331527905,-1.4555433058
353,353,353.0,353.0,353.0,353.0,353.0,353.0,353.0,353.0,353.0,,,,,,,,,,,,,,,,,,,,,,,,,,,,,,,,,,,,,0.3,-0.3247831064,-0.8479895144,-20.384487821290936,0.3742410429,0.5742576743000001,3.1123089536,-0.6679895144000001
354,354,354.0,354.0,354.0,354.0,354.0,354.0,354.0,354.0,354.0,,,,,,,,,,,,,,,,,,,,,,,,,,,,,,,,,,,,,0.4,-0.5040882168,-2.7071331861,9.243036715979944,0.9484987172,0.5455994178,2.5380512793,-2.2871331861
355,355,355.0,355.0,355.0,355.0,355.0,355.0,355.0,355.0,355.0,,,,,,,,,,,,,,,,,,,,,,,,,,,,,,,,,,,,,0.5,-0.7169935665,-1.5699241648,2.0393250922169086,1.494098135,0.2602684597,1.9924518615,-1.0699241648
356,356,356.0,356.0,356.0,356.0,356.0,356.0,356.0,356.0,356.0,,,,,,,,,,,,,,,,,,,,,,,,,,,,,,,,,,,,,0.6,-0.8565265992,-1.2264586228,-1.6868065535370358,1.7543665947,0.2418842421,1.7321834018,-0.8064586228
357,357,357.0,357.0,357.0,357.0,357.0,357.0,357.0,357.0,357.0,,,,,,,,,,,,,,,,,,,,,,,,,,,,,,,,,,,,,0.7,-0.9813991681,-1.2702667093,-3.7269667462974416,1.9962508368,0.3105454691999998,1.4902991597,-1.0902667092999998
358,358,358.0,358.0,358.0,358.0,358.0,358.0,358.0,358.0,358.0,,,,,,,,,,,,,,,,,,,,,,,,,,,,,,,,,,,,,0.8,-1.1203097159,-1.5040528361,-5.811515215799611,2.306796306,0.4563755670000002,1.1797536905,-1.7240528361000005
359,359,359.0,359.0,359.0,359.0,359.0,359.0,359.0,359.0,359.0,,,,,,,,,,,,,,,,,,,,,,,,,,,,,,,,,,,,,0.9,-1.2915519262,-1.9139621474,-8.171086088509258,2.763171873,0.7233781234999999,0.7233781234999999,-2.6939621474
360,360,360.0,360.0,360.0,360.0,360.0,360.0,360.0,360.0,,,,,,,,,,,,,,,,,,,,,,,,,,,,,,,,,,,,,,0.0,0.0,-1.0,2.842670566345296,0.0,0.0716795177,3.9463143407,-2.5
361,361,361.0,361.0,361.0,361.0,361.0,361.0,361.0,361.0,,,,,,,,,,,,,,,,,,,,,,,,,,,,,,,,,,,,,,0.1,-0.081411398,-0.6343215454,-5.564822358610909,0.0716795177,0.0950326598,3.874634823,-1.4143215454000002
362,362,362.0,362.0,362.0,362.0,362.0,362.0,362.0,362.0,,,,,,,,,,,,,,,,,,,,,,,,,,,,,,,,,,,,,,0.2,-0.1686944461,-1.1035207332,0.9862447697036554,0.1667121775,0.1062477928999999,3.7796021632,-1.3235207332
363,363,363.0,363.0,363.0,363.0,363.0,363.0,363.0,363.0,,,,,,,,,,,,,,,,,,,,,,,,,,,,,,,,,,,,,,0.3,-0.26893755,-0.9046531522,-11.238404799452711,0.2729599704,0.2796021319,3.6733543703,-0.7246531522
364,364,364.0,364.0,364.0,364.0,364.0,364.0,364.0,364.0,,,,,,,,,,,,,,,,,,,,,,,,,,,,,,,,,,,,,,0.4,-0.4093915337,-1.8880396485,2.8690199106169576,0.5525621023,0.3055295918999999,3.3937522384,-1.4680396485
365,365,365.0,365.0,365.0,365.0,365.0,365.0,365.0,365.0,,,,,,,,,,,,,,,,,,,,,,,,,,,,,,,,,,,,,,0.5,-0.5751836088,-1.4353455823,-19.26718637920749,0.8580916942,0.7837958834,3.0882226465,-0.9353455823
366,366,366.0,366.0,366.0,366.0,366.0,366.0,366.0,366.0,,,,,,,,,,,,,,,,,,,,,,,,,,,,,,,,,,,,,,0.6,-0.8049782228,-3.1322696063,20.00135199670985,1.6418875776,0.7314217026000001,2.3044267631,-2.7122696063
367,367,367.0,367.0,367.0,367.0,367.0,367.0,367.0,367.0,,,,,,,,,,,,,,,,,,,,,,,,,,,,,,,,,,,,,,0.7,-1.0062982126,-0.9308144168,-19.34434288972639,2.3733092802,0.6620117556,1.5730050605,-0.7508144167999998
368,368,368.0,368.0,368.0,368.0,368.0,368.0,368.0,368.0,,,,,,,,,,,,,,,,,,,,,,,,,,,,,,,,,,,,,,0.8,-1.1884535728,-2.6830933455,20.600662224130545,3.0353210358,0.6607143055,0.9109933049,-2.9030933455000003
369,369,369.0,369.0,369.0,369.0,369.0,369.0,369.0,369.0,,,,,,,,,,,,,,,,,,,,,,,,,,,,,,,,,,,,,,0.9,-1.3441296678,-0.4673510282,-5.001661549112681,3.6960353413,0.2502789993999998,0.2502789993999998,-1.2473510282000002
370,370,370.0,370.0,370.0,370.0,370.0,370.0,370.0,370.0,,,,,,,,,,,,,,,,,,,,,,,,,,,,,,,,,,,,,,0.0,0.0,-1.0,1.589323972150093,0.0,0.0785599827,4.220384985199999,-2.5
371,371,371.0,371.0,371.0,371.0,371.0,371.0,371.0,371.0,,,,,,,,,,,,,,,,,,,,,,,,,,,,,,,,,,,,,,0.1,-0.0874743581,-0.7535932447,-2.40093264435431,0.0785599827,0.0742149162,4.141825002499999,-1.5335932447000002
372,372,372.0,372.0,372.0,372.0,372.0,372.0,372.0,372.0,,,,,,,,,,,,,,,,,,,,,,,,,,,,,,,,,,,,,,0.2,-0.1708025546,-0.9103583126,-5.582020938431657,0.1527748989,0.1514762697,4.067610086299999,-1.1303583126
373,373,373.0,373.0,373.0,373.0,373.0,373.0,373.0,373.0,,,,,,,,,,,,,,,,,,,,,,,,,,,,,,,,,,,,,,0.3,-0.2844371727,-1.3549257883,-1.2441227560489465,0.3042511686,0.1954500819999999,3.9161338166,-1.1749257883000002
374,374,374.0,374.0,374.0,374.0,374.0,374.0,374.0,374.0,,,,,,,,,,,,,,,,,,,,,,,,,,,,,,,,,,,,,,0.4,-0.419393749,-1.3443814876,-9.24136891206328,0.4997012506,0.3706443574999999,3.7206837346,-0.9243814876
375,375,375.0,375.0,375.0,375.0,375.0,375.0,375.0,375.0,,,,,,,,,,,,,,,,,,,,,,,,,,,,,,,,,,,,,,0.5,-0.5920329162,-2.0958792117,0.7579047068539966,0.8703456081,0.4324481567000001,3.3500393771,-1.5958792116999998
376,376,376.0,376.0,376.0,376.0,376.0,376.0,376.0,376.0,,,,,,,,,,,,,,,,,,,,,,,,,,,,,,,,,,,,,,0.6,-0.7878162966,-1.8243053606,-20.592984024492583,1.3027937648,1.0684759985,2.9175912204,-1.4043053606
377,377,377.0,377.0,377.0,377.0,377.0,377.0,377.0,377.0,,,,,,,,,,,,,,,,,,,,,,,,,,,,,,,,,,,,,,0.7,-1.0610387592,-3.6103813005,20.18420743590211,2.3712697633,0.9964548197000004,1.8491152219,-3.4303813005
378,378,378.0,378.0,378.0,378.0,378.0,378.0,378.0,378.0,,,,,,,,,,,,,,,,,,,,,,,,,,,,,,,,,,,,,,0.8,-1.3069725528,-1.3460267633,14.745989625362274,3.367724583,0.34225489,0.8526604021999997,-1.5660267633000002
379,379,379.0,379.0,379.0,379.0,379.0,379.0,379.0,379.0,,,,,,,,,,,,,,,,,,,,,,,,,,,,,,,,,,,,,,0.9,-1.363731647,0.1853312935,-20.77282862226485,3.709979473,0.5104055121999997,0.5104055121999997,-0.5946687065000003
380,380,380.0,380.0,380.0,380.0,380.0,380.0,380.0,380.0,,,,,,,,,,,,,,,,,,,,,,,,,,,,,,,,,,,,,,0.0,0.0,-1.0,2.2333208114350107,0.0,0.0747066666,3.5647719225000003,-2.5
381,381,381.0,381.0,381.0,381.0,381.0,381.0,381.0,381.0,,,,,,,,,,,,,,,,,,,,,,,,,,,,,,,,,,,,,,0.1,-0.0843590727,-0.6923088461,-3.463497778980295,0.0747066666,0.0764471844999999,3.4900652559000003,-1.4723088461000002
382,382,382.0,382.0,382.0,382.0,382.0,382.0,382.0,382.0,,,,,,,,,,,,,,,,,,,,,,,,,,,,,,,,,,,,,,0.2,-0.1669952661,-0.9560224307,-1.789759561633336,0.1511538511,0.1056813274,3.4136180714,-1.1760224307
383,383,383.0,383.0,383.0,383.0,383.0,383.0,383.0,383.0,,,,,,,,,,,,,,,,,,,,,,,,,,,,,,,,,,,,,,0.3,-0.2666307247,-1.0353629282,-8.172195111357896,0.2568351785,0.2388913252,3.307936744,-0.8553629282000001
384,384,384.0,384.0,384.0,384.0,384.0,384.0,384.0,384.0,,,,,,,,,,,,,,,,,,,,,,,,,,,,,,,,,,,,,,0.4,-0.4046908516,-1.7145223125,-0.7293405631697696,0.4957265037,0.3023085973,3.0690454188,-1.2945223124999998
385,385,385.0,385.0,385.0,385.0,385.0,385.0,385.0,385.0,,,,,,,,,,,,,,,,,,,,,,,,,,,,,,,,,,,,,,0.5,-0.5713773588,-1.6207698616,-8.762492012591977,0.798035101,0.4732668092000001,2.7667368215,-1.1207698616
386,386,386.0,386.0,386.0,386.0,386.0,386.0,386.0,386.0,,,,,,,,,,,,,,,,,,,,,,,,,,,,,,,,,,,,,,0.6,-0.7680018393,-2.3003945824,8.889841901782852,1.2713019102,0.4334529222999999,2.2934700123,-1.8803945824
387,387,387.0,387.0,387.0,387.0,387.0,387.0,387.0,387.0,,,,,,,,,,,,,,,,,,,,,,,,,,,,,,,,,,,,,,0.7,-0.9439095514,-1.2355026801,-20.55439383597045,1.7047548325,0.8182717928000001,1.86001709,-1.0555026800999998
388,388,388.0,388.0,388.0,388.0,388.0,388.0,388.0,388.0,,,,,,,,,,,,,,,,,,,,,,,,,,,,,,,,,,,,,,0.8,-1.160913184,-3.0739384311,19.090390657074263,2.5230266253,0.7838105823000001,1.0417452972,-3.2939384311000004
389,389,389.0,389.0,389.0,389.0,389.0,389.0,389.0,389.0,,,,,,,,,,,,,,,,,,,,,,,,,,,,,,,,,,,,,,0.9,-1.3610889823,-0.9647235671,7.024083571695589,3.3068372076,0.2579347148999997,0.2579347148999997,-1.7447235671000003
390,390,390.0,390.0,390.0,390.0,390.0,390.0,390.0,390.0,,,,,,,,,,,,,,,,,,,,,,,,,,,,,,,,,,,,,,0.0,0.0,-1.0,2.4670808365474315,0.0,0.0734741989,3.6778311396,-2.5
391,391,391.0,391.0,391.0,391.0,391.0,391.0,391.0,391.0,,,,,,,,,,,,,,,,,,,,,,,,,,,,,,,,,,,,,,0.1,-0.0832282776,-0.6700636388,-4.086059347127358,0.0734741989,0.0805563527,3.6043569407,-1.4500636388
392,392,392.0,392.0,392.0,392.0,392.0,392.0,392.0,392.0,,,,,,,,,,,,,,,,,,,,,,,,,,,,,,,,,,,,,,0.2,-0.1667592411,-0.99513861,-0.6946063344356945,0.1540305516,0.1011526937999999,3.523800588,-1.21513861
393,393,393.0,393.0,393.0,393.0,393.0,393.0,393.0,393.0,,,,,,,,,,,,,,,,,,,,,,,,,,,,,,,,,,,,,,0.3,-0.2648192981,-0.9665391864,-8.366163933801847,0.2551832454,0.2252761329,3.4226478942,-0.7865391864000001
394,394,394.0,394.0,394.0,394.0,394.0,394.0,394.0,394.0,,,,,,,,,,,,,,,,,,,,,,,,,,,,,,,,,,,,,,0.4,-0.3972682885,-1.6707065893,-0.7238743396421095,0.4804593783,0.2875504702999999,3.1973717613,-1.2507065893
395,395,395.0,395.0,395.0,395.0,395.0,395.0,395.0,395.0,,,,,,,,,,,,,,,,,,,,,,,,,,,,,,,,,,,,,,0.5,-0.5597587368,-1.580603575,-10.36862931217384,0.7680098486,0.5048589171,2.909821291,-1.080603575
396,396,396.0,396.0,396.0,396.0,396.0,396.0,396.0,396.0,,,,,,,,,,,,,,,,,,,,,,,,,,,,,,,,,,,,,,0.6,-0.7603304365,-2.4168948066,12.674790867403216,1.2728687657,0.4556807053,2.4049623739,-1.9968948066
397,397,397.0,397.0,397.0,397.0,397.0,397.0,397.0,397.0,,,,,,,,,,,,,,,,,,,,,,,,,,,,,,,,,,,,,,0.7,-0.9290152017,-0.9807309547,-19.29713898210715,1.728549471,0.6618552650999998,1.9492816686,-0.8007309546999999
398,398,398.0,398.0,398.0,398.0,398.0,398.0,398.0,398.0,,,,,,,,,,,,,,,,,,,,,,,,,,,,,,,,,,,,,,0.8,-1.1156923883,-2.7237676662,19.93643888342477,2.3904047361,0.6502403423,1.2874264035,-2.9437676662000003
399,399,399.0,399.0,399.0,399.0,399.0,399.0,399.0,399.0,,,,,,,,,,,,,,,,,,,,,,,,,,,,,,,,,,,,,,0.9,-1.2784522999,-0.5673638663,-20.05623709211251,3.0406450784,0.6371860612,0.6371860612,-1.3473638663000005
400,400,400.0,400.0,400.0,400.0,400.0,400.0,400.0,400.0,,,,,,,,,,,,,,,,,,,,,,,,,,,,,,,,,,,,,,0.0,0.0,-1.0,2.208749688844873,0.0,0.0748413555,2.8973723026,-2.5
401,401,401.0,401.0,401.0,401.0,401.0,401.0,401.0,401.0,,,,,,,,,,,,,,,,,,,,,,,,,,,,,,,,,,,,,,0.1,-0.0844779335,-0.6946470976,-3.5437048348167224,0.0748413555,0.0777837694,2.8225309471,-1.4746470976
402,402,402.0,402.0,402.0,402.0,402.0,402.0,402.0,402.0,,,,,,,,,,,,,,,,,,,,,,,,,,,,,,,,,,,,,,0.2,-0.1677246379,-0.9657708767,-2.0045785437662693,0.1526251249,0.1101464189,2.7447471777,-1.1857708767
403,403,403.0,403.0,403.0,403.0,403.0,403.0,403.0,403.0,,,,,,,,,,,,,,,,,,,,,,,,,,,,,,,,,,,,,,0.3,-0.2693269701,-1.0646263988,-7.439889387840674,0.2627715438,0.2305039319999999,2.6346007588,-0.8846263988
404,404,404.0,404.0,404.0,404.0,404.0,404.0,404.0,404.0,,,,,,,,,,,,,,,,,,,,,,,,,,,,,,,,,,,,,,0.4,-0.4066294138,-1.671312894,-1.395084651063814,0.4932754758,0.3000731071,2.4040968268,-1.2513128939999998
405,405,405.0,405.0,405.0,405.0,405.0,405.0,405.0,405.0,,,,,,,,,,,,,,,,,,,,,,,,,,,,,,,,,,,,,,0.5,-0.5724244682,-1.6450263047,-8.288664777573796,0.7933485829,0.4689655642999999,2.1040237197,-1.1450263047
406,406,406.0,406.0,406.0,406.0,406.0,406.0,406.0,406.0,,,,,,,,,,,,,,,,,,,,,,,,,,,,,,,,,,,,,,0.6,-0.7690651558,-2.2772520948,7.462387877641457,1.2623141472,0.4366637533000002,1.6350581554,-1.8572520948
407,407,407.0,407.0,407.0,407.0,407.0,407.0,407.0,407.0,,,,,,,,,,,,,,,,,,,,,,,,,,,,,,,,,,,,,,0.7,-0.9496757781,-1.3504026847,-4.698009274830173,1.6989779005,0.3453691694,1.1983944021,-1.1704026846999998
408,408,408.0,408.0,408.0,408.0,408.0,408.0,408.0,408.0,,,,,,,,,,,,,,,,,,,,,,,,,,,,,,,,,,,,,,0.8,-1.1009097154,-1.668969675,15.73205800777598,2.0443470699,0.3487321758999999,0.8530252326999999,-1.888969675
409,409,409.0,409.0,409.0,409.0,409.0,409.0,409.0,409.0,,,,,,,,,,,,,,,,,,,,,,,,,,,,,,,,,,,,,,0.9,-1.1836306355,-0.0130429541,-20.8919408607035,2.3930792458,0.5042930567999999,0.5042930567999999,-0.7930429541000003
410,410,410.0,410.0,410.0,410.0,410.0,410.0,410.0,410.0,,,,,,,,,,,,,,,,,,,,,,,,,,,,,,,,,,,,,,0.0,0.0,-1.0,2.004779500682832,0.0,0.0759973199,2.5337373802000003,-2.5
411,411,411.0,411.0,411.0,411.0,411.0,411.0,411.0,411.0,,,,,,,,,,,,,,,,,,,,,,,,,,,,,,,,,,,,,,0.1,-0.0854646266,-0.7140574233,-3.3886701724080472,0.0759973199,0.079055647,2.4577400603000004,-1.4940574233
412,412,412.0,412.0,412.0,412.0,412.0,412.0,412.0,412.0,,,,,,,,,,,,,,,,,,,,,,,,,,,,,,,,,,,,,,0.2,-0.1698085021,-0.9685805651,-2.538846141289639,0.1550529669,0.1174814299,2.3786844133,-1.1885805651
413,413,413.0,413.0,413.0,413.0,413.0,413.0,413.0,413.0,,,,,,,,,,,,,,,,,,,,,,,,,,,,,,,,,,,,,,0.3,-0.2742625832,-1.1180110981,-6.773277696983625,0.2725343968,0.2306795683999999,2.2612029834,-0.9380110981
414,414,414.0,414.0,414.0,414.0,414.0,414.0,414.0,414.0,,,,,,,,,,,,,,,,,,,,,,,,,,,,,,,,,,,,,,0.4,-0.4134205742,-1.6561808768,-2.4829893625942665,0.5032139652,0.3158341084,2.030523415,-1.2361808767999998
415,415,415.0,415.0,415.0,415.0,415.0,415.0,415.0,415.0,,,,,,,,,,,,,,,,,,,,,,,,,,,,,,,,,,,,,,0.5,-0.5830382656,-1.7348621216,-6.040123768370527,0.8190480736,0.4433319069,1.7146893066,-1.2348621216
416,416,416.0,416.0,416.0,416.0,416.0,416.0,416.0,416.0,,,,,,,,,,,,,,,,,,,,,,,,,,,,,,,,,,,,,,0.6,-0.7773508523,-2.1445619118,4.757657871070123,1.2623799805,0.4193177327999999,1.2713573996999998,-1.7245619118
417,417,417.0,417.0,417.0,417.0,417.0,417.0,417.0,417.0,,,,,,,,,,,,,,,,,,,,,,,,,,,,,,,,,,,,,,0.7,-0.9584182685,-1.4877287085,1.450172449710485,1.6816977133,0.2886042743000001,0.8520396668999999,-1.3077287084999998
418,418,418.0,418.0,418.0,418.0,418.0,418.0,418.0,418.0,,,,,,,,,,,,,,,,,,,,,,,,,,,,,,,,,,,,,,0.8,-1.0929794043,-1.2081503277,-2.1060041356489947,1.9703019876,0.2924242368,0.5634353925999998,-1.4281503277000005
419,419,419.0,419.0,419.0,419.0,419.0,419.0,419.0,419.0,,,,,,,,,,,,,,,,,,,,,,,,,,,,,,,,,,,,,,0.9,-1.2181373336,-1.293592812,8.422218664243388,2.2627262244,0.2710111557999997,0.2710111557999997,-2.073592812
420,420,420.0,420.0,420.0,420.0,420.0,420.0,420.0,,,,,,,,,,,,,,,,,,,,,,,,,,,,,,,,,,,,,,,0.0,0.0,-1.0,0.22523013935166,0.0,0.0889402588,1.2421695088,2.8225669074
421,421,421.0,421.0,421.0,421.0,421.0,421.0,421.0,,,,,,,,,,,,,,,,,,,,,,,,,,,,,,,,,,,,,,,0.1,-0.0940730544,-0.8834039317,-0.2454730723580556,0.0889402588,0.0746871175999999,1.15322925,2.8225669074
422,422,422.0,422.0,422.0,422.0,422.0,422.0,422.0,,,,,,,,,,,,,,,,,,,,,,,,,,,,,,,,,,,,,,,0.2,-0.1793275061,-0.8226967872,16.215041680774963,0.1636273764,0.1570867633,1.0785421324,2.8225669074
423,423,423.0,423.0,423.0,423.0,423.0,423.0,423.0,,,,,,,,,,,,,,,,,,,,,,,,,,,,,,,,,,,,,,,0.3,-0.1791785236,0.7986583983,17.653061516532844,0.3207141397,0.4392129359999999,0.9214553691,2.8225669074
424,424,424.0,424.0,424.0,424.0,424.0,424.0,424.0,,,,,,,,,,,,,,,,,,,,,,,,,,,,,,,,,,,,,,,0.4,-0.017780881,2.4025669074,-20.209118380169844,0.7599270757,0.4146407504000001,0.4822424331,2.8225669074
425,425,425.0,425.0,425.0,425.0,425.0,425.0,425.0,,,,,,,,,,,,,,,,,,,,,,,,,,,,,,,,,,,,,,,0.5,0.1130936223,0.2507805661,-0.2864977354829416,1.1745678261,0.0066765084999997,0.0676016826999998,2.8225669074
426,426,426.0,426.0,426.0,426.0,426.0,426.0,426.0,,,,,,,,,,,,,,,,,,,,,,,,,,,,,,,,,,,,,,,0.6,0.1355726408,0.199651774,-0.0716103314672,1.1812443346,0.0055962650000001,0.0609251742000001,2.8225669074
427,427,427.0,427.0,427.0,427.0,427.0,427.0,427.0,,,,,,,,,,,,,,,,,,,,,,,,,,,,,,,,,,,,,,,0.7,0.1542257177,0.1738376641,-0.4505337670564293,1.1868405996,0.004817515,0.0553289092,2.8225669074
428,428,428.0,428.0,428.0,428.0,428.0,428.0,428.0,,,,,,,,,,,,,,,,,,,,,,,,,,,,,,,,,,,,,,,0.8,0.168589553,0.114420452,0.1209556386664598,1.1916581146,0.0043639270999999,0.0505113941999999,2.8225669074
429,429,429.0,429.0,429.0,429.0,429.0,429.0,429.0,,,,,,,,,,,,,,,,,,,,,,,,,,,,,,,,,,,,,,,0.9,0.180063151,0.1150424179,-7.871527775921726,1.1960220417,0.0461474670999999,0.0461474670999999,2.8225669074
430,430,430.0,430.0,430.0,430.0,430.0,430.0,430.0,,,,,,,,,,,,,,,,,,,,,,,,,,,,,,,,,,,,,,,0.0,0.0,-1.0,1.0638802901789204,0.0,0.0822014218,20.292298938100004,6.1860066412000005
431,431,431.0,431.0,431.0,431.0,431.0,431.0,431.0,,,,,,,,,,,,,,,,,,,,,,,,,,,,,,,,,,,,,,,0.1,-0.0900161448,-0.8035958261,0.6186486172562724,0.0822014218,0.0560171507,20.210097516300003,6.1860066412000005
432,432,432.0,432.0,432.0,432.0,432.0,432.0,432.0,,,,,,,,,,,,,,,,,,,,,,,,,,,,,,,,,,,,,,,0.2,-0.1634957783,-0.668251331,15.95710264445127,0.1382185725,0.1529095005,20.1540803656,6.1860066412000005
433,433,433.0,433.0,433.0,433.0,433.0,433.0,433.0,,,,,,,,,,,,,,,,,,,,,,,,,,,,,,,,,,,,,,,0.3,-0.1498971196,0.9138602747,16.50176077380374,0.291128073,0.433539086,20.0011708651,6.1860066412000005
434,434,434.0,434.0,434.0,434.0,434.0,434.0,434.0,,,,,,,,,,,,,,,,,,,,,,,,,,,,,,,,,,,,,,,0.4,0.0168940956,2.397245137,19.871714006618426,0.724667159,1.2755102638999998,19.5676317791,6.1860066412000005
435,435,435.0,435.0,435.0,435.0,435.0,435.0,435.0,,,,,,,,,,,,,,,,,,,,,,,,,,,,,,,,,,,,,,,0.5,0.3411499098,4.0601607234,15.668970890944824,2.0001774229,2.3024461228000006,18.2921215152,6.1860066412000005
436,436,436.0,436.0,436.0,436.0,436.0,436.0,436.0,,,,,,,,,,,,,,,,,,,,,,,,,,,,,,,,,,,,,,,0.6,0.8033226717,5.1648850506,11.08618410036107,4.3026235457,3.1530169489999995,15.9896753924,6.1860066412000005
437,437,437.0,437.0,437.0,437.0,437.0,437.0,437.0,,,,,,,,,,,,,,,,,,,,,,,,,,,,,,,,,,,,,,,0.7,1.3484554738,5.7283706585,12.849192005300289,7.4556404947,4.0484724771,12.8366584434,6.1860066412000005
438,438,438.0,438.0,438.0,438.0,438.0,438.0,438.0,,,,,,,,,,,,,,,,,,,,,,,,,,,,,,,,,,,,,,,0.8,1.9557386917,6.4060066412,7.308315749366694,11.5041129718,4.708754461100002,8.7881859663,6.1860066412000005
439,439,439.0,439.0,439.0,439.0,439.0,439.0,439.0,,,,,,,,,,,,,,,,,,,,,,,,,,,,,,,,,,,,,,,0.9,2.6007041079,6.4918727999,-11.809627875675991,16.2128674329,4.079431505199999,4.079431505199999,6.1860066412000005
440,440,440.0,440.0,440.0,440.0,440.0,440.0,440.0,,,,,,,,,,,,,,,,,,,,,,,,,,,,,,,,,,,,,,,0.0,0.0,-1.0,1.6681028628378254,0.0,0.0780525677,19.1092371509,6.0163259413
441,441,441.0,441.0,441.0,441.0,441.0,441.0,441.0,,,,,,,,,,,,,,,,,,,,,,,,,,,,,,,,,,,,,,,0.1,-0.0870932717,-0.746096442,-0.4487632374316765,0.0780525677,0.0552278577,19.0311845832,6.0163259413
442,442,442.0,442.0,442.0,442.0,442.0,442.0,442.0,,,,,,,,,,,,,,,,,,,,,,,,,,,,,,,,,,,,,,,0.2,-0.1602645881,-0.7178014494,14.668187396631408,0.1332804254,0.1284422352999999,18.9759567255,6.0163259413
443,443,443.0,443.0,443.0,443.0,443.0,443.0,443.0,,,,,,,,,,,,,,,,,,,,,,,,,,,,,,,,,,,,,,,0.3,-0.1576162749,0.7463689771,16.05165548988187,0.2617226607,0.3686419926,18.8475144902,6.0163259413
444,444,444.0,444.0,444.0,444.0,444.0,444.0,444.0,,,,,,,,,,,,,,,,,,,,,,,,,,,,,,,,,,,,,,,0.4,-0.0089412941,2.2028595452,18.504512815081213,0.6303646533,1.0885085921,18.4788724976,6.0163259413
445,445,445.0,445.0,445.0,445.0,445.0,445.0,445.0,,,,,,,,,,,,,,,,,,,,,,,,,,,,,,,,,,,,,,,0.5,0.2902026065,3.7541669262,16.80569780032286,1.7188732454,2.1038701472000003,17.390363905500003,6.0163259413
446,446,446.0,446.0,446.0,446.0,446.0,446.0,446.0,,,,,,,,,,,,,,,,,,,,,,,,,,,,,,,,,,,,,,,0.6,0.728754993,4.9961843197,11.9058433470471,3.8227433926,3.016170279,15.2864937583,6.0163259413
447,447,447.0,447.0,447.0,447.0,447.0,447.0,447.0,,,,,,,,,,,,,,,,,,,,,,,,,,,,,,,,,,,,,,,0.7,1.2617985462,5.6537251012,11.775886515349963,6.8389136716,3.8568571911,12.2703234793,6.0163259413
448,448,448.0,448.0,448.0,448.0,448.0,448.0,448.0,,,,,,,,,,,,,,,,,,,,,,,,,,,,,,,,,,,,,,,0.8,1.8567863577,6.2363259413,7.510821426039128,10.6957708627,4.4692816413,8.4134662882,6.0163259413
449,449,449.0,449.0,449.0,449.0,449.0,449.0,449.0,,,,,,,,,,,,,,,,,,,,,,,,,,,,,,,,,,,,,,,0.9,2.4865840986,6.357610343,-9.968798329132287,15.165052504,3.9441846469,3.9441846469,6.0163259413
450,450,450.0,450.0,450.0,450.0,450.0,450.0,450.0,,,,,,,,,,,,,,,,,,,,,,,,,,,,,,,,,,,,,,,0.0,0.0,-1.0,0.230382484539817,0.0,0.0888953804,1.1692721528,2.7555662891
451,451,451.0,451.0,451.0,451.0,451.0,451.0,451.0,,,,,,,,,,,,,,,,,,,,,,,,,,,,,,,,,,,,,,,0.1,-0.0940481303,-0.8829136212,0.8083442490583566,0.0888953804,0.0666069597,1.0803767724000002,2.7555662891
452,452,452.0,452.0,452.0,452.0,452.0,452.0,452.0,,,,,,,,,,,,,,,,,,,,,,,,,,,,,,,,,,,,,,,0.2,-0.1741582077,-0.7219691189,14.936537346647222,0.1555023401,0.1335950363,1.0137698127,2.7555662891
453,453,453.0,453.0,453.0,453.0,453.0,453.0,453.0,,,,,,,,,,,,,,,,,,,,,,,,,,,,,,,,,,,,,,,0.3,-0.17060838,0.768134788,17.239225388383534,0.2890973764,0.4152790805999999,0.8801747764000001,2.7555662891
454,454,454.0,454.0,454.0,454.0,454.0,454.0,454.0,,,,,,,,,,,,,,,,,,,,,,,,,,,,,,,,,,,,,,,0.4,-0.0141173422,2.3355662891,-20.2713230869555,0.704376457,0.3988448421000001,0.4648956958000001,2.7555662891
455,455,455.0,455.0,455.0,455.0,455.0,455.0,455.0,,,,,,,,,,,,,,,,,,,,,,,,,,,,,,,,,,,,,,,0.5,0.1100803432,0.184236295,1.4278262324470803,1.1032212991,0.0085856146999998,0.0660508536999999,2.7555662891
456,456,456.0,456.0,456.0,456.0,456.0,456.0,456.0,,,,,,,,,,,,,,,,,,,,,,,,,,,,,,,,,,,,,,,0.6,0.1345196983,0.3025795631,1.0688869093107656,1.1118069138,0.0144382357000001,0.0574652390000001,2.7555662891
457,457,457.0,457.0,457.0,457.0,457.0,457.0,457.0,,,,,,,,,,,,,,,,,,,,,,,,,,,,,,,,,,,,,,,0.7,0.1684846146,0.3755033377,-0.2452577769376283,1.1262451495,0.0154731782999999,0.0430270032999999,2.7555662891
458,458,458.0,458.0,458.0,458.0,458.0,458.0,458.0,,,,,,,,,,,,,,,,,,,,,,,,,,,,,,,,,,,,,,,0.8,0.2030320755,0.3164300991,-5.113367441269002,1.1417183278,0.0200022332,0.027553825,2.7555662891
459,459,459.0,459.0,459.0,459.0,459.0,459.0,459.0,,,,,,,,,,,,,,,,,,,,,,,,,,,,,,,,,,,,,,,0.9,0.2084091847,-0.2002837542,0.0210876616365485,1.161720561,0.0075515917999999,0.0075515917999999,2.7555662891
460,460,460.0,460.0,460.0,460.0,460.0,460.0,460.0,,,,,,,,,,,,,,,,,,,,,,,,,,,,,,,,,,,,,,,0.0,0.0,-1.0,1.0600576144169678,0.0,0.0822295534,19.838102623400005,6.035012743899999
461,461,461.0,461.0,461.0,461.0,461.0,461.0,461.0,,,,,,,,,,,,,,,,,,,,,,,,,,,,,,,,,,,,,,,0.1,-0.0900346367,-0.8039596018,1.2891324626270737,0.0822295534,0.0521915026999999,19.755873070000003,6.035012743899999
462,462,462.0,462.0,462.0,462.0,462.0,462.0,462.0,,,,,,,,,,,,,,,,,,,,,,,,,,,,,,,,,,,,,,,0.2,-0.1603054959,-0.6047754964,15.97938905590805,0.1344210561,0.1550045864,19.7036815673,6.035012743899999
463,463,463.0,463.0,463.0,463.0,463.0,463.0,463.0,,,,,,,,,,,,,,,,,,,,,,,,,,,,,,,,,,,,,,,0.3,-0.1405585061,0.9734164194,17.07189636163853,0.2894256425,0.4729806908999999,19.5486769809,6.035012743899999
464,464,464.0,464.0,464.0,464.0,464.0,464.0,464.0,,,,,,,,,,,,,,,,,,,,,,,,,,,,,,,,,,,,,,,0.4,0.0346582096,2.5053893398,19.72031463734334,0.7624063334,1.3355949603,19.075696290000003,6.035012743899999
465,465,465.0,465.0,465.0,465.0,465.0,465.0,465.0,,,,,,,,,,,,,,,,,,,,,,,,,,,,,,,,,,,,,,,0.5,0.3684729288,4.1436060844,15.085951443948382,2.0980012937,2.3434971932,17.740101329700003,6.035012743899999
466,466,466.0,466.0,466.0,466.0,466.0,466.0,466.0,,,,,,,,,,,,,,,,,,,,,,,,,,,,,,,,,,,,,,,0.6,0.8357662608,5.1849078967,11.09876849726494,4.4414984869,3.181918945900001,15.396604136500002,6.035012743899999
467,467,467.0,467.0,467.0,467.0,467.0,467.0,467.0,,,,,,,,,,,,,,,,,,,,,,,,,,,,,,,,,,,,,,,0.7,1.382865369,5.7476856384,11.078845255525286,7.6234174328,3.9551009414,12.2146851906,6.035012743899999
468,468,468.0,468.0,468.0,468.0,468.0,468.0,468.0,,,,,,,,,,,,,,,,,,,,,,,,,,,,,,,,,,,,,,,0.8,1.983422789,6.2550127439,6.4497220443637495,11.5785183742,4.475783237,8.259584249200001,6.035012743899999
469,469,469.0,469.0,469.0,469.0,469.0,469.0,469.0,,,,,,,,,,,,,,,,,,,,,,,,,,,,,,,,,,,,,,,0.9,2.6098659285,6.2735418088,-13.563934088453829,16.0543016112,3.7838010122000014,3.7838010122000014,6.035012743899999
470,470,470.0,470.0,470.0,470.0,470.0,470.0,470.0,,,,,,,,,,,,,,,,,,,,,,,,,,,,,,,,,,,,,,,0.0,0.0,-1.0,1.837666796655152,0.0,0.0769945099,18.8717046405,5.990448645499999
471,471,471.0,471.0,471.0,471.0,471.0,471.0,471.0,,,,,,,,,,,,,,,,,,,,,,,,,,,,,,,,,,,,,,,0.1,-0.0862730202,-0.7299603001,0.7821278459903862,0.0769945099,0.0451025546,18.7947101306,5.990448645499999
472,472,472.0,472.0,472.0,472.0,472.0,472.0,472.0,,,,,,,,,,,,,,,,,,,,,,,,,,,,,,,,,,,,,,,0.2,-0.151954485,-0.5860660507,14.315383527511768,0.1220970645,0.1235062809999999,18.749607576,5.990448645499999
473,473,473.0,473.0,473.0,473.0,473.0,473.0,473.0,,,,,,,,,,,,,,,,,,,,,,,,,,,,,,,,,,,,,,,0.3,-0.1384765459,0.831994363,16.10238138760664,0.2456033455,0.3946724276,18.626101295,5.990448645499999
474,474,474.0,474.0,474.0,474.0,474.0,474.0,474.0,,,,,,,,,,,,,,,,,,,,,,,,,,,,,,,,,,,,,,,0.4,0.018592133,2.2851638227,18.64111037454166,0.6402757731,1.1436737613,18.2314288674,5.990448645499999
475,475,475.0,475.0,475.0,475.0,475.0,475.0,475.0,,,,,,,,,,,,,,,,,,,,,,,,,,,,,,,,,,,,,,,0.5,0.326228986,3.8416380072,15.493452990187338,1.7839495344,2.1014048074,17.087755106099998,5.990448645499999
476,476,476.0,476.0,476.0,476.0,476.0,476.0,476.0,,,,,,,,,,,,,,,,,,,,,,,,,,,,,,,,,,,,,,,0.6,0.7667575088,4.9504547835,12.287832352997096,3.8853543418,3.0019377679,14.9863502987,5.990448645499999
477,477,477.0,477.0,477.0,477.0,477.0,477.0,477.0,,,,,,,,,,,,,,,,,,,,,,,,,,,,,,,,,,,,,,,0.7,1.2972970934,5.6486984341,11.551754330664648,6.8872921097,3.8464278618,11.9844125308,5.990448645499999
478,478,478.0,478.0,478.0,478.0,478.0,478.0,478.0,,,,,,,,,,,,,,,,,,,,,,,,,,,,,,,,,,,,,,,0.8,1.8907223151,6.2104486455,6.538676266018656,10.7337199715,4.386123877600001,8.137984669,5.990448645499999
479,479,479.0,479.0,479.0,479.0,479.0,479.0,479.0,,,,,,,,,,,,,,,,,,,,,,,,,,,,,,,,,,,,,,,0.9,2.5133549202,6.241683667,-12.039127011269146,15.1198438491,3.751860791399999,3.751860791399999,5.990448645499999
480,480,480.0,480.0,480.0,480.0,480.0,480.0,,,,,,,,,,,,,,,,,,,,,,,,,,,,,,,,,,,,,,,,0.0,0.0,-1.0,-6.583393630841455,0.0,0.1858200947,3.5907556816,0.0498774280999998
481,481,481.0,481.0,481.0,481.0,481.0,481.0,,,,,,,,,,,,,,,,,,,,,,,,,,,,,,,,,,,,,,,,0.1,-0.1270092121,-1.531330151,10.156101249498851,0.1858200947,0.1586740227999999,3.4049355869,0.0498774280999998
482,482,482.0,482.0,482.0,482.0,482.0,482.0,,,,,,,,,,,,,,,,,,,,,,,,,,,,,,,,,,,,,,,,0.2,-0.2236052381,-0.419124,-19.91733280349761,0.3444941175,0.4204241672,3.2462615641,0.0498774280999998
483,483,483.0,483.0,483.0,483.0,483.0,483.0,,,,,,,,,,,,,,,,,,,,,,,,,,,,,,,,,,,,,,,,0.3,-0.3598386222,-2.2746238962,17.381269695818922,0.7649182847,0.3751000634999999,2.8258373969,0.0498774280999998
484,484,484.0,484.0,484.0,484.0,484.0,484.0,,,,,,,,,,,,,,,,,,,,,,,,,,,,,,,,,,,,,,,,0.4,-0.4922172496,-0.4041182993,-19.595003413891884,1.1400183482,0.4270214883000001,2.4507373334,0.0498774280999998
485,485,485.0,485.0,485.0,485.0,485.0,485.0,,,,,,,,,,,,,,,,,,,,,,,,,,,,,,,,,,,,,,,,0.5,-0.6254634034,-2.2303724869,3.978561717136885,1.5670398365,0.4364651482000001,2.0237158451,0.0498774280999998
486,486,486.0,486.0,486.0,486.0,486.0,486.0,,,,,,,,,,,,,,,,,,,,,,,,,,,,,,,,,,,,,,,,0.6,-0.8184654073,-1.6395143113,-3.070486494988788,2.0035049847,0.3785896900999996,1.5872506969,0.0498774280999998
487,487,487.0,487.0,487.0,487.0,487.0,487.0,,,,,,,,,,,,,,,,,,,,,,,,,,,,,,,,,,,,,,,,0.7,-0.9893390441,-1.775689324,19.719805121746447,2.3820946748,0.3923200083,1.2086610068000003,0.0498774280999998
488,488,488.0,488.0,488.0,488.0,488.0,488.0,,,,,,,,,,,,,,,,,,,,,,,,,,,,,,,,,,,,,,,,0.8,-1.062925284,0.2698774281,-19.791009992990016,2.7744146831,0.3924123738,0.8163409985000003,0.0498774280999998
489,489,489.0,489.0,489.0,489.0,489.0,489.0,,,,,,,,,,,,,,,,,,,,,,,,,,,,,,,,,,,,,,,,0.9,-1.1329804062,-1.639168449,20.8021700656215,3.1668270569,0.4239286247000002,0.4239286247000002,0.0498774280999998
490,490,490.0,490.0,490.0,490.0,490.0,490.0,,,,,,,,,,,,,,,,,,,,,,,,,,,,,,,,,,,,,,,,0.0,0.0,-1.0,-7.219905600994641,0.0,0.1987152625,3.6301934605000006,0.0362691749
491,491,491.0,491.0,491.0,491.0,491.0,491.0,,,,,,,,,,,,,,,,,,,,,,,,,,,,,,,,,,,,,,,,0.1,-0.1300882842,-1.5919022759,10.015202592448528,0.1987152625,0.1702248618,3.4314781980000006,0.0362691749
492,492,492.0,492.0,492.0,492.0,492.0,492.0,,,,,,,,,,,,,,,,,,,,,,,,,,,,,,,,,,,,,,,,0.2,-0.2331300957,-0.4873402052,-19.105353180001536,0.3689401243,0.4097556877,3.2612533362000007,0.0362691749
493,493,493.0,493.0,493.0,493.0,493.0,493.0,,,,,,,,,,,,,,,,,,,,,,,,,,,,,,,,,,,,,,,,0.3,-0.3719272201,-2.2590783987,17.44769628794123,0.778695812,0.3726733778,2.8514976485000005,0.0362691749
494,494,494.0,494.0,494.0,494.0,494.0,494.0,,,,,,,,,,,,,,,,,,,,,,,,,,,,,,,,,,,,,,,,0.4,-0.5025051649,-0.3837308251,-20.59943250393812,1.1513691898,0.4593275817,2.478824270700001,0.0362691749
495,495,495.0,495.0,495.0,495.0,495.0,495.0,,,,,,,,,,,,,,,,,,,,,,,,,,,,,,,,,,,,,,,,0.5,-0.6386700329,-2.3075092076,5.70601484616449,1.6106967715,0.4449333464999998,2.0194966890000003,0.0362691749
496,496,496.0,496.0,496.0,496.0,496.0,496.0,,,,,,,,,,,,,,,,,,,,,,,,,,,,,,,,,,,,,,,,0.6,-0.8306563381,-1.5449214177,-3.920877278556204,2.055630118,0.3669874288000003,1.5745633425000003,0.0362691749
497,497,497.0,497.0,497.0,497.0,497.0,497.0,,,,,,,,,,,,,,,,,,,,,,,,,,,,,,,,,,,,,,,,0.7,-0.9966418349,-1.7710236488,19.357793752865103,2.4226175468,0.387614986,1.2075759137,0.0362691749
498,498,498.0,498.0,498.0,498.0,498.0,498.0,,,,,,,,,,,,,,,,,,,,,,,,,,,,,,,,,,,,,,,,0.8,-1.0715352773,0.2396491688,-19.59210101100536,2.8102325328,0.3926460736999999,0.8199609277,0.0362691749
499,499,499.0,499.0,499.0,499.0,499.0,499.0,,,,,,,,,,,,,,,,,,,,,,,,,,,,,,,,,,,,,,,,0.9,-1.1435048096,-1.6475913999,20.7953312083946,3.2028786065,0.427314854,0.427314854,0.0362691749
500,500,500.0,500.0,500.0,500.0,500.0,500.0,,,,,,,,,,,,,,,,,,,,,,,,,,,,,,,,,,,,,,,,0.0,0.0,-1.0,-6.137096505840887,0.0,0.1771699473,4.4294616995,0.3047523784999997
501,501,501.0,501.0,501.0,501.0,501.0,501.0,,,,,,,,,,,,,,,,,,,,,,,,,,,,,,,,,,,,,,,,0.1,-0.1248502863,-1.4888593643,9.336090993248774,0.1771699473,0.1489665603,4.2522917522,0.3047523784999997
502,502,502.0,502.0,502.0,502.0,502.0,502.0,,,,,,,,,,,,,,,,,,,,,,,,,,,,,,,,,,,,,,,,0.2,-0.2213714149,-0.4587291364,-20.076330527934218,0.3261365076,0.4365340542,4.1033251919,0.3047523784999997
503,503,503.0,503.0,503.0,503.0,503.0,503.0,,,,,,,,,,,,,,,,,,,,,,,,,,,,,,,,,,,,,,,,0.3,-0.3621428639,-2.3255907401,16.36796798408032,0.7626705618,0.3825789376999999,3.6667911377,0.3047523784999997
504,504,504.0,504.0,504.0,504.0,504.0,504.0,,,,,,,,,,,,,,,,,,,,,,,,,,,,,,,,,,,,,,,,0.4,-0.5042733918,-0.5466634138,-19.552118314302408,1.1452494995,0.4651536897999999,3.2842122,0.3047523784999997
505,505,505.0,505.0,505.0,505.0,505.0,505.0,,,,,,,,,,,,,,,,,,,,,,,,,,,,,,,,,,,,,,,,0.5,-0.6508769607,-2.3552716763,7.765028858666184,1.6104031893,0.4428369162000001,2.8190585102,0.3047523784999997
506,506,506.0,506.0,506.0,506.0,506.0,506.0,,,,,,,,,,,,,,,,,,,,,,,,,,,,,,,,,,,,,,,,0.6,-0.8374481447,-1.3921976065,-19.55344417620172,2.0532401055,0.8198429740000002,2.376221594,0.3047523784999997
507,507,507.0,507.0,507.0,507.0,507.0,507.0,,,,,,,,,,,,,,,,,,,,,,,,,,,,,,,,,,,,,,,,0.7,-1.0645211685,-3.1204690003,20.998539676476373,2.8730830795,0.7859537810999999,1.5563786199999998,0.3047523784999997
508,508,508.0,508.0,508.0,508.0,508.0,508.0,,,,,,,,,,,,,,,,,,,,,,,,,,,,,,,,,,,,,,,,0.8,-1.2598944469,-0.8252417542,19.245606719099296,3.6590368606,0.3786527717000001,0.7704248388999999,0.3047523784999997
509,509,509.0,509.0,509.0,509.0,509.0,509.0,,,,,,,,,,,,,,,,,,,,,,,,,,,,,,,,,,,,,,,,0.9,-1.2453279078,1.0847523785,-20.329483615170407,4.0376896323,0.3917720671999998,0.3917720671999998,0.3047523784999997
510,510,510.0,510.0,510.0,510.0,510.0,510.0,,,,,,,,,,,,,,,,,,,,,,,,,,,,,,,,,,,,,,,,0.0,0.0,-1.0,-7.242687119720506,0.0,0.1991889595,3.5254997424,0.0649611313999998
511,511,511.0,511.0,511.0,511.0,511.0,511.0,,,,,,,,,,,,,,,,,,,,,,,,,,,,,,,,,,,,,,,,0.1,-0.1301984879,-1.5940702241,11.945912140591096,0.1991889595,0.1769794231,3.3263107829000003,0.0649611313999998
512,512,512.0,512.0,512.0,512.0,512.0,512.0,,,,,,,,,,,,,,,,,,,,,,,,,,,,,,,,,,,,,,,,0.2,-0.2241069578,-0.3055705401,-19.41334745128685,0.3761683826,0.3746974026,3.1493313598,0.0649611313999998
513,513,513.0,513.0,513.0,513.0,513.0,513.0,,,,,,,,,,,,,,,,,,,,,,,,,,,,,,,,,,,,,,,,0.3,-0.3470963068,-2.1239159363,14.594984396636814,0.7508657852,0.3188647842000001,2.7746339572000003,0.0649611313999998
514,514,514.0,514.0,514.0,514.0,514.0,514.0,,,,,,,,,,,,,,,,,,,,,,,,,,,,,,,,,,,,,,,,0.4,-0.4786116026,-0.5329022008,-19.188913352238696,1.0697305694,0.4452642602999999,2.455769173,0.0649611313999998
515,515,515.0,515.0,515.0,515.0,515.0,515.0,,,,,,,,,,,,,,,,,,,,,,,,,,,,,,,,,,,,,,,,0.5,-0.6221486486,-2.30825649,5.213232410246542,1.5149948297,0.4488549492,2.0105049127,0.0649611313999998
516,516,516.0,516.0,516.0,516.0,516.0,516.0,,,,,,,,,,,,,,,,,,,,,,,,,,,,,,,,,,,,,,,,0.6,-0.8165897138,-1.5924921837,-3.64179934830722,1.9638497789,0.3742659983,1.5616499635,0.0649611313999998
517,517,517.0,517.0,517.0,517.0,517.0,517.0,,,,,,,,,,,,,,,,,,,,,,,,,,,,,,,,,,,,,,,,0.7,-0.9857521717,-1.7875096607,19.9907013689089,2.3381157772,0.3976292308999998,1.1873839652,0.0649611313999998
518,518,518.0,518.0,518.0,518.0,518.0,518.0,,,,,,,,,,,,,,,,,,,,,,,,,,,,,,,,,,,,,,,,0.8,-1.059152827,0.2849611314,-19.80834598742066,2.7357450081,0.3900147045,0.7897547343000002,0.0649611313999998
519,519,519.0,519.0,519.0,519.0,519.0,519.0,,,,,,,,,,,,,,,,,,,,,,,,,,,,,,,,,,,,,,,,0.9,-1.1278563561,-1.6271699381,19.574574507426,3.1257597126,0.3997400298000002,0.3997400298000002,0.0649611313999998
520,520,520.0,520.0,520.0,520.0,520.0,520.0,,,,,,,,,,,,,,,,,,,,,,,,,,,,,,,,,,,,,,,,0.0,0.0,-1.0,-6.671704503282001,0.0,0.1875698848,3.5956079143,0.2451795525999998
521,521,521.0,521.0,521.0,521.0,521.0,521.0,,,,,,,,,,,,,,,,,,,,,,,,,,,,,,,,,,,,,,,,0.1,-0.12743641,-1.5397340403,8.56347579246701,0.1875698848,0.1584560789,3.4080380295,0.2451795525999998
522,522,522.0,522.0,522.0,522.0,522.0,522.0,,,,,,,,,,,,,,,,,,,,,,,,,,,,,,,,,,,,,,,,0.2,-0.2325363668,-0.5782865043,-19.38145452110742,0.3460259637,0.4445927153,3.2495819506,0.2451795525999998
523,523,523.0,523.0,523.0,523.0,523.0,523.0,,,,,,,,,,,,,,,,,,,,,,,,,,,,,,,,,,,,,,,,0.3,-0.3813237932,-2.36764453,17.498619655940015,0.790618679,0.4027575514999999,2.8049892353,0.2451795525999998
524,524,524.0,524.0,524.0,524.0,524.0,524.0,,,,,,,,,,,,,,,,,,,,,,,,,,,,,,,,,,,,,,,,0.4,-0.5219868337,-0.4771195239,-20.37743549805579,1.1933762305,0.4784097218000001,2.4022316838,0.2451795525999998
525,525,525.0,525.0,525.0,525.0,525.0,525.0,,,,,,,,,,,,,,,,,,,,,,,,,,,,,,,,,,,,,,,,0.5,-0.665964881,-2.3708850264,7.110917444937586,1.6717859523,0.4571810878,1.923821962,0.2451795525999998
526,526,526.0,526.0,526.0,526.0,526.0,526.0,,,,,,,,,,,,,,,,,,,,,,,,,,,,,,,,,,,,,,,,0.6,-0.8571860883,-1.4685720746,-3.215083796199632,2.1289670401,0.3339337209000002,1.4666408742,0.2451795525999998
527,527,527.0,527.0,527.0,527.0,527.0,527.0,,,,,,,,,,,,,,,,,,,,,,,,,,,,,,,,,,,,,,,,0.7,-1.0124916948,-1.6347748477,20.43224298530836,2.462900761,0.3897090722999996,1.1327071532999995,0.2451795525999998
528,528,528.0,528.0,528.0,528.0,528.0,528.0,,,,,,,,,,,,,,,,,,,,,,,,,,,,,,,,,,,,,,,,0.8,-1.0692217966,0.4651795526,-19.63502760882832,2.8526098333,0.3653447340000002,0.7429980810000001,0.2451795525999998
529,529,529.0,529.0,529.0,529.0,529.0,529.0,,,,,,,,,,,,,,,,,,,,,,,,,,,,,,,,,,,,,,,,0.9,-1.1199369491,-1.4476080558,19.57585194377896,3.2179545673,0.3776533469999998,0.3776533469999998,0.2451795525999998
530,530,530.0,530.0,530.0,530.0,530.0,530.0,,,,,,,,,,,,,,,,,,,,,,,,,,,,,,,,,,,,,,,,0.0,0.0,-1.0,-6.337655975402131,0.0,0.1810172808,3.63194823,0.2516963678999998
531,531,531.0,531.0,531.0,531.0,531.0,531.0,,,,,,,,,,,,,,,,,,,,,,,,,,,,,,,,,,,,,,,,0.1,-0.1258204763,-1.5079451212,8.579578450811205,0.1810172808,0.1520200662999999,3.4509309492,0.2516963678999998
532,532,532.0,532.0,532.0,532.0,532.0,532.0,,,,,,,,,,,,,,,,,,,,,,,,,,,,,,,,,,,,,,,,0.2,-0.2278174222,-0.5479903302,-20.900832344146025,0.3330373471,0.493061371,3.2989108829,0.2516963678999998
533,533,533.0,533.0,533.0,533.0,533.0,533.0,,,,,,,,,,,,,,,,,,,,,,,,,,,,,,,,,,,,,,,,0.3,-0.3810716534,-2.4848193335,18.81408284714549,0.8260987181,0.4451079123,2.8058495119,0.2516963678999998
534,534,534.0,534.0,534.0,534.0,534.0,534.0,,,,,,,,,,,,,,,,,,,,,,,,,,,,,,,,,,,,,,,,0.4,-0.5265219052,-0.457960797,-19.487779663280985,1.2712066304,0.4410861378999999,2.3607415996,0.2516963678999998
535,535,535.0,535.0,535.0,535.0,535.0,535.0,,,,,,,,,,,,,,,,,,,,,,,,,,,,,,,,,,,,,,,,0.5,-0.6643731449,-2.2688875236,5.882156297085105,1.7122927683,0.4324743193,1.9196554617,0.2516963678999998
536,536,536.0,536.0,536.0,536.0,536.0,536.0,,,,,,,,,,,,,,,,,,,,,,,,,,,,,,,,,,,,,,,,0.6,-0.8518320637,-1.4932129751,-3.2184302420919204,2.1447670876,0.3405602821999998,1.4871811424,0.2516963678999998
537,537,537.0,537.0,537.0,537.0,537.0,537.0,,,,,,,,,,,,,,,,,,,,,,,,,,,,,,,,,,,,,,,,0.7,-1.0094987612,-1.6573893018,20.715749578490858,2.4853273698,0.3969621639,1.1466208602,0.2516963678999998
538,538,538.0,538.0,538.0,538.0,538.0,538.0,,,,,,,,,,,,,,,,,,,,,,,,,,,,,,,,,,,,,,,,0.8,-1.067009473,0.4716963679,-19.47994852035989,2.8822895337,0.3598922969,0.7496586963,0.2516963678999998
539,539,539.0,539.0,539.0,539.0,539.0,539.0,,,,,,,,,,,,,,,,,,,,,,,,,,,,,,,,,,,,,,,,0.9,-1.1163542703,-1.4269536868,20.358690477363066,3.2421818306,0.3897663994,0.3897663994,0.2516963678999998
540,540,540.0,540.0,540.0,540.0,540.0,,,,,,,,,,,,,,,,,,,,,,,,,,,,,,,,,,,,,,,,,0.0,0.0,-1.0,1.9204478235547664,0.0,0.0764948875,3.799530512100001,0.2677102874
541,541,541.0,541.0,541.0,541.0,541.0,,,,,,,,,,,,,,,,,,,,,,,,,,,,,,,,,,,,,,,,,0.1,-0.0858725742,-0.7220826435,2.2922671833272124,0.0764948875,0.0379194708,3.723035624600001,0.2677102874
542,542,542.0,542.0,542.0,542.0,542.0,,,,,,,,,,,,,,,,,,,,,,,,,,,,,,,,,,,,,,,,,0.2,-0.1434991679,-0.4352293314,-20.17949751370508,0.1144143583,0.4303879871999999,3.685116153800001,0.2677102874
543,543,543.0,543.0,543.0,543.0,543.0,,,,,,,,,,,,,,,,,,,,,,,,,,,,,,,,,,,,,,,,,0.3,-0.2825333763,-2.3141448744,-2.470940066170444,0.5448023455,0.5584273972,3.2547281666000005,0.2677102874
544,544,544.0,544.0,544.0,544.0,544.0,,,,,,,,,,,,,,,,,,,,,,,,,,,,,,,,,,,,,,,,,0.4,-0.5147063417,-2.3290659156,-1.2949029181822376,1.1032297427,0.5603783558,2.6963007694000005,0.2677102874
545,545,545.0,545.0,545.0,545.0,545.0,,,,,,,,,,,,,,,,,,,,,,,,,,,,,,,,,,,,,,,,,0.5,-0.7426102774,-2.2306522717,19.60947126534643,1.6636080985,0.4332553359,2.1359224136000003,0.2677102874
546,546,546.0,546.0,546.0,546.0,546.0,,,,,,,,,,,,,,,,,,,,,,,,,,,,,,,,,,,,,,,,,0.6,-0.8600257099,-0.1522897126,-19.29389509733944,2.0968634344,0.4109221484000001,1.7026670777,0.2677102874
547,547,547.0,547.0,547.0,547.0,547.0,,,,,,,,,,,,,,,,,,,,,,,,,,,,,,,,,,,,,,,,,0.7,-0.9678504668,-1.9738544655,20.926643247105087,2.5077855828,0.4395547827000001,1.2917449293,0.2677102874
548,548,548.0,548.0,548.0,548.0,548.0,,,,,,,,,,,,,,,,,,,,,,,,,,,,,,,,,,,,,,,,,0.8,-1.0544566324,0.2054160248,-20.77609481851218,2.9473403655,0.4309095668,0.8521901465999999,0.2677102874
549,549,549.0,549.0,549.0,549.0,549.0,,,,,,,,,,,,,,,,,,,,,,,,,,,,,,,,,,,,,,,,,0.9,-1.1354113573,-1.7912387321,19.314009004315825,3.3782499323,0.4212805797999999,0.4212805797999999,0.2677102874
550,550,550.0,550.0,550.0,550.0,550.0,,,,,,,,,,,,,,,,,,,,,,,,,,,,,,,,,,,,,,,,,0.0,0.0,-1.0,0.0135248083279768,0.0,0.0908213605,3.5055799521000006,0.5404157053
551,551,551.0,551.0,551.0,551.0,551.0,,,,,,,,,,,,,,,,,,,,,,,,,,,,,,,,,,,,,,,,,0.1,-0.0950971533,-0.9035503658,1.300962263768702,0.0908213605,0.0666409225999999,3.4147585916000005,0.5404157053
552,552,552.0,552.0,552.0,552.0,552.0,,,,,,,,,,,,,,,,,,,,,,,,,,,,,,,,,,,,,,,,,0.2,-0.1747880716,-0.6937632211,3.339055912887748,0.1574622831,0.035808821,3.3481176690000005,0.5404157053
553,553,553.0,553.0,553.0,553.0,553.0,,,,,,,,,,,,,,,,,,,,,,,,,,,,,,,,,,,,,,,,,0.3,-0.2246560013,-0.3099897002,4.212852806835792,0.1932711041,0.0166702172999999,3.3123088480000007,0.5404157053
554,554,554.0,554.0,554.0,554.0,554.0,,,,,,,,,,,,,,,,,,,,,,,,,,,,,,,,,,,,,,,,,0.4,-0.2337761261,0.1204157053,-19.404166519151715,0.2099413214,0.2917298623,3.2956386307000005,0.5404157053
555,555,555.0,555.0,555.0,555.0,555.0,,,,,,,,,,,,,,,,,,,,,,,,,,,,,,,,,,,,,,,,,0.5,-0.316183116,-1.7375939567,2.0489798806004966,0.5016711837,0.2607583129,3.0039087684000005,0.5404157053
556,556,556.0,556.0,556.0,556.0,556.0,,,,,,,,,,,,,,,,,,,,,,,,,,,,,,,,,,,,,,,,,0.6,-0.4716252678,-1.3772538169,-19.130115818095167,0.7624294966,0.7395841166999999,2.7431504555000004,0.5404157053
557,557,557.0,557.0,557.0,557.0,557.0,,,,,,,,,,,,,,,,,,,,,,,,,,,,,,,,,,,,,,,,,0.7,-0.6952286529,-3.0666620136,19.988471231282208,1.5020136133,0.6867743880999999,2.0035663388,0.5404157053
558,558,558.0,558.0,558.0,558.0,558.0,,,,,,,,,,,,,,,,,,,,,,,,,,,,,,,,,,,,,,,,,0.8,-0.8903675491,-0.8726759942,-20.605860038724217,2.1887880014,0.6691828254000001,1.3167919507000003,0.5404157053
559,559,559.0,559.0,559.0,559.0,559.0,,,,,,,,,,,,,,,,,,,,,,,,,,,,,,,,,,,,,,,,,0.9,-1.0730928103,-2.7505367369,19.757770078253667,2.8579708268,0.6476091253000003,0.6476091253000003,0.5404157053
560,560,560.0,560.0,560.0,560.0,560.0,,,,,,,,,,,,,,,,,,,,,,,,,,,,,,,,,,,,,,,,,0.0,0.0,-1.0,0.7642988169521254,0.0,0.0844778305,4.0898728931,0.5138182074000001
561,561,561.0,561.0,561.0,561.0,561.0,,,,,,,,,,,,,,,,,,,,,,,,,,,,,,,,,,,,,,,,,0.1,-0.0914653458,-0.8321047725,2.244653252738744,0.0844778305,0.0515983201,4.0053950626,0.5138182074000001
562,562,562.0,562.0,562.0,562.0,562.0,,,,,,,,,,,,,,,,,,,,,,,,,,,,,,,,,,,,,,,,,0.2,-0.1597922591,-0.5393125339,2.004154915173833,0.1360761506,0.0231748381999999,3.9537967425,0.5138182074000001
563,563,563.0,563.0,563.0,563.0,563.0,,,,,,,,,,,,,,,,,,,,,,,,,,,,,,,,,,,,,,,,,0.3,-0.2014197472,-0.2972695543,3.81241006323858,0.1592509888,0.0139057845999999,3.9306219043,0.5138182074000001
564,564,564.0,564.0,564.0,564.0,564.0,,,,,,,,,,,,,,,,,,,,,,,,,,,,,,,,,,,,,,,,,0.4,-0.2112665026,0.0938182074,-20.33528431459516,0.1731567734,0.3240727156,3.9167161197,0.5138182074000001
565,565,565.0,565.0,565.0,565.0,565.0,,,,,,,,,,,,,,,,,,,,,,,,,,,,,,,,,,,,,,,,,0.5,-0.3007087957,-1.850267931,0.726268319030001,0.497229489,0.313928912,3.5926434041,0.5138182074000001
566,566,566.0,566.0,566.0,566.0,566.0,,,,,,,,,,,,,,,,,,,,,,,,,,,,,,,,,,,,,,,,,0.6,-0.4732719325,-1.6050779622,-20.5429573569186,0.811158401,0.9083821808,3.2787144921,0.5138182074000001
567,567,567.0,567.0,567.0,567.0,567.0,,,,,,,,,,,,,,,,,,,,,,,,,,,,,,,,,,,,,,,,,0.7,-0.7253901552,-3.4072554753,19.56163168903856,1.7195405818,0.8324981721999998,2.3703323113,0.5138182074000001
568,568,568.0,568.0,568.0,568.0,568.0,,,,,,,,,,,,,,,,,,,,,,,,,,,,,,,,,,,,,,,,,0.8,-0.955005606,-1.2214768555,-19.736839697280928,2.552038754,0.778699526,1.5378341391,0.5138182074000001
569,569,569.0,569.0,569.0,569.0,569.0,,,,,,,,,,,,,,,,,,,,,,,,,,,,,,,,,,,,,,,,,0.9,-1.1667197305,-2.9834467007,20.91890396236896,3.33073828,0.7591346131000001,0.7591346131000001,0.5138182074000001
570,570,570.0,570.0,570.0,570.0,570.0,,,,,,,,,,,,,,,,,,,,,,,,,,,,,,,,,,,,,,,,,0.0,0.0,-1.0,0.7012538038222282,0.0,0.0849754281,2.5641097003,0.3408624371
571,571,571.0,571.0,571.0,571.0,571.0,,,,,,,,,,,,,,,,,,,,,,,,,,,,,,,,,,,,,,,,,0.1,-0.091770322,-0.8381042976,1.237988084261768,0.0849754281,0.0572513916,2.4791342722,0.3408624371
572,572,572.0,572.0,572.0,572.0,572.0,,,,,,,,,,,,,,,,,,,,,,,,,,,,,,,,,,,,,,,,,0.2,-0.16553786,-0.6405379512,2.368504019420285,0.1422268197,0.0317215576999999,2.4218828806,0.3408624371
573,573,573.0,573.0,573.0,573.0,573.0,,,,,,,,,,,,,,,,,,,,,,,,,,,,,,,,,,,,,,,,,0.3,-0.2150357053,-0.3541897039,2.536149527972568,0.1739483774,0.0136462291999999,2.3901613229,0.3408624371
574,574,574.0,574.0,574.0,574.0,574.0,,,,,,,,,,,,,,,,,,,,,,,,,,,,,,,,,,,,,,,,,0.4,-0.2364728936,-0.0791375629,-20.404335536328915,0.1875946066,0.3597768323999999,2.3765150937,0.3408624371
575,575,575.0,575.0,575.0,575.0,575.0,,,,,,,,,,,,,,,,,,,,,,,,,,,,,,,,,,,,,,,,,0.5,-0.3427081327,-2.0133358774,-0.043008049005548,0.547371439,0.3878557657,2.0167382613,0.3408624371
576,576,576.0,576.0,576.0,576.0,576.0,,,,,,,,,,,,,,,,,,,,,,,,,,,,,,,,,,,,,,,,,0.6,-0.5345104,-1.825834415,-3.277852109486659,0.9352272047,0.4048009196000001,1.6288824956,0.3408624371
577,577,577.0,577.0,577.0,577.0,577.0,,,,,,,,,,,,,,,,,,,,,,,,,,,,,,,,,,,,,,,,,0.7,-0.7241177195,-1.9640123064,16.64979755085259,1.3400281243,0.3407039605999999,1.224081576,0.3408624371
578,578,578.0,578.0,578.0,578.0,578.0,,,,,,,,,,,,,,,,,,,,,,,,,,,,,,,,,,,,,,,,,0.8,-0.8304761824,-0.1926740884,-20.077654037422093,1.6807320849,0.4409313269000001,0.8833776153999999,0.3408624371
579,579,579.0,579.0,579.0,579.0,579.0,,,,,,,,,,,,,,,,,,,,,,,,,,,,,,,,,,,,,,,,,0.9,-0.945935552,-2.0849801226,19.948228584903266,2.1216634118,0.4424462884999998,0.4424462884999998,0.3408624371
580,580,580.0,580.0,580.0,580.0,580.0,,,,,,,,,,,,,,,,,,,,,,,,,,,,,,,,,,,,,,,,,0.0,0.0,-1.0,1.873810343694248,0.0,0.0767750011,3.5260719408,0.3436298827
581,581,581.0,581.0,581.0,581.0,581.0,,,,,,,,,,,,,,,,,,,,,,,,,,,,,,,,,,,,,,,,,0.1,-0.0860981788,-0.7265207869,3.1152163364066627,0.0767750011,0.0365735755999999,3.4492969396999995,0.3436298827
582,582,582.0,582.0,582.0,582.0,582.0,,,,,,,,,,,,,,,,,,,,,,,,,,,,,,,,,,,,,,,,,0.2,-0.1401661688,-0.3609311632,-20.46246679685311,0.1133485767,0.4214188887,3.4127233641,0.3436298827
583,583,583.0,583.0,583.0,583.0,583.0,,,,,,,,,,,,,,,,,,,,,,,,,,,,,,,,,,,,,,,,,0.3,-0.2734988155,-2.2738451962,-1.5480712911919166,0.5347674654,0.5177527429000001,2.9913044754,0.3436298827
584,584,584.0,584.0,584.0,584.0,584.0,,,,,,,,,,,,,,,,,,,,,,,,,,,,,,,,,,,,,,,,,0.4,-0.497372586,-2.2047785548,-0.0246912357474269,1.0525202083,0.4779325600999999,2.4735517325,0.3436298827
585,585,585.0,585.0,585.0,585.0,585.0,,,,,,,,,,,,,,,,,,,,,,,,,,,,,,,,,,,,,,,,,0.5,-0.7073046598,-1.9973156046,18.18861710650457,1.5304527684,0.3604212734000001,1.9956191724,0.3436298827
586,586,586.0,586.0,586.0,586.0,586.0,,,,,,,,,,,,,,,,,,,,,,,,,,,,,,,,,,,,,,,,,0.6,-0.8093884364,-0.0763701173,-19.52337469235632,1.8908740418,0.3940318274000001,1.635197899,0.3436298827
587,587,587.0,587.0,587.0,587.0,587.0,,,,,,,,,,,,,,,,,,,,,,,,,,,,,,,,,,,,,,,,,0.7,-0.911098733,-1.92699729,17.592702320232668,2.2849058692,0.3753648127,1.2411660716,0.3436298827
588,588,588.0,588.0,588.0,588.0,588.0,,,,,,,,,,,,,,,,,,,,,,,,,,,,,,,,,,,,,,,,,0.8,-1.0093735263,-0.0694522646,-19.489868402442625,2.6602706819,0.4293543978,0.8658012588999999,0.3436298827
589,589,589.0,589.0,589.0,589.0,589.0,,,,,,,,,,,,,,,,,,,,,,,,,,,,,,,,,,,,,,,,,0.9,-1.1102632074,-1.9175494238,19.260637395247223,3.0896250797,0.4364468610999998,0.4364468610999998,0.3436298827
590,590,590.0,590.0,590.0,590.0,590.0,,,,,,,,,,,,,,,,,,,,,,,,,,,,,,,,,,,,,,,,,0.0,0.0,-1.0,0.5140512307753804,0.0,0.0864908394,3.8628305045000007,0.4304012486
591,591,591.0,591.0,591.0,591.0,591.0,,,,,,,,,,,,,,,,,,,,,,,,,,,,,,,,,,,,,,,,,0.1,-0.0926758994,-0.8559189776,1.834633294898066,0.0864908394,0.0566658406,3.776339665100001,0.4304012486
592,592,592.0,592.0,592.0,592.0,592.0,,,,,,,,,,,,,,,,,,,,,,,,,,,,,,,,,,,,,,,,,0.2,-0.1652525325,-0.599879015,2.155490986311266,0.14315668,0.0283243454999999,3.719673824500001,0.4304012486
593,593,593.0,593.0,593.0,593.0,593.0,,,,,,,,,,,,,,,,,,,,,,,,,,,,,,,,,,,,,,,,,0.3,-0.2119116059,-0.3376708429,3.3199851784922565,0.1714810255,0.0140734616,3.691349479,0.4304012486
594,594,594.0,594.0,594.0,594.0,594.0,,,,,,,,,,,,,,,,,,,,,,,,,,,,,,,,,,,,,,,,,0.4,-0.2279851795,0.0104012486,-20.10167647651445,0.1855544871,0.3320517185,3.677276017400001,0.4304012486
595,595,595.0,595.0,595.0,595.0,595.0,,,,,,,,,,,,,,,,,,,,,,,,,,,,,,,,,,,,,,,,,0.5,-0.3242355847,-1.9035159939,1.8872341562948909,0.5176062056,0.3160804538999999,3.3452242989000007,0.4304012486
596,596,596.0,596.0,596.0,596.0,596.0,,,,,,,,,,,,,,,,,,,,,,,,,,,,,,,,,,,,,,,,,0.6,-0.4962499387,-1.5427782243,-19.56941598243111,0.8336866595,0.8359439144999999,3.029143845000001,0.4304012486
597,597,597.0,597.0,597.0,597.0,597.0,,,,,,,,,,,,,,,,,,,,,,,,,,,,,,,,,,,,,,,,,0.7,-0.7377301296,-3.2582396316,19.982974278390635,1.669630574,0.7706325741000002,2.1931999305000005,0.4304012486
598,598,598.0,598.0,598.0,598.0,598.0,,,,,,,,,,,,,,,,,,,,,,,,,,,,,,,,,,,,,,,,,0.8,-0.9511266386,-1.0465456948,-20.00718410226742,2.4402631481,0.7202008254000001,1.4225673564,0.4304012486
599,599,599.0,599.0,599.0,599.0,599.0,,,,,,,,,,,,,,,,,,,,,,,,,,,,,,,,,,,,,,,,,0.9,-1.1475017217,-2.8508890219,20.168759377914,3.1604639735,0.702366531,0.702366531,0.4304012486
600,600,600.0,600.0,600.0,600.0,,,,,,,,,,,,,,,,,,,,,,,,,,,,,,,,,,,,,,,,,,0.0,0.0,-1.0,3.686828884924642,0.0,0.0684792314,3.8757474408,0.0318804799999999
601,601,601.0,601.0,601.0,601.0,,,,,,,,,,,,,,,,,,,,,,,,,,,,,,,,,,,,,,,,,,0.1,-0.0773278475,-0.553989264,-20.570746492167206,0.0684792314,0.4756370358999999,3.8072682094,0.0318804799999999
602,602,602.0,602.0,602.0,602.0,,,,,,,,,,,,,,,,,,,,,,,,,,,,,,,,,,,,,,,,,,0.2,-0.229556191,-2.4588355698,14.383630636951086,0.5441162673,0.4059520565,3.3316311735,0.0318804799999999
603,603,603.0,603.0,603.0,603.0,,,,,,,,,,,,,,,,,,,,,,,,,,,,,,,,,,,,,,,,,,0.3,-0.3939657026,-0.8560629944,-20.500310520090743,0.9500683238,0.5877798377,2.925679117,0.0318804799999999
604,604,604.0,604.0,604.0,604.0,,,,,,,,,,,,,,,,,,,,,,,,,,,,,,,,,,,,,,,,,,0.4,-0.5745994246,-2.7254603245,20.99542603065705,1.5378481615,0.5572750517,2.3378992793,0.0318804799999999
605,605,605.0,605.0,605.0,605.0,,,,,,,,,,,,,,,,,,,,,,,,,,,,,,,,,,,,,,,,,,0.5,-0.732397626,-0.46811952,-20.867012442791424,2.0951232132,0.5232146668,1.7806242276000002,0.0318804799999999
606,606,606.0,606.0,606.0,606.0,,,,,,,,,,,,,,,,,,,,,,,,,,,,,,,,,,,,,,,,,,0.6,-0.8778875388,-2.4093308514,15.345959151405122,2.61833788,0.4761122004000002,1.2574095608000002,0.0318804799999999
607,607,607.0,607.0,607.0,607.0,,,,,,,,,,,,,,,,,,,,,,,,,,,,,,,,,,,,,,,,,,0.7,-1.0329308974,-0.7196915777,1.0252917449204342,3.0944500804,0.1547987904999996,0.7812973604,0.0318804799999999
608,608,608.0,608.0,608.0,608.0,,,,,,,,,,,,,,,,,,,,,,,,,,,,,,,,,,,,,,,,,,0.8,-1.0964589111,-0.5536343896,3.808421839084129,3.2492488709,0.1452138392000002,0.6264985699000003,0.0318804799999999
609,609,609.0,609.0,609.0,609.0,,,,,,,,,,,,,,,,,,,,,,,,,,,,,,,,,,,,,,,,,,0.9,-1.1307212123,-0.1385299044,-19.81372838332272,3.3944627101,0.4812847307000001,0.4812847307000001,0.0318804799999999
610,610,610.0,610.0,610.0,610.0,,,,,,,,,,,,,,,,,,,,,,,,,,,,,,,,,,,,,,,,,,0.0,0.0,-1.0,3.056716463255976,0.0,0.0707588657,3.7784481732,-2.5
611,611,611.0,611.0,611.0,611.0,,,,,,,,,,,,,,,,,,,,,,,,,,,,,,,,,,,,,,,,,,0.1,-0.0803759686,-0.6139523851,-20.777235759710944,0.0707588657,0.5014079383,3.7076893075,-1.3939523851000004
612,612,612.0,612.0,612.0,612.0,,,,,,,,,,,,,,,,,,,,,,,,,,,,,,,,,,,,,,,,,,0.2,-0.2393094291,-2.5327425006,16.937309799584398,0.572166804,0.4365249927,3.2062813692,-2.7527425006
613,613,613.0,613.0,613.0,613.0,,,,,,,,,,,,,,,,,,,,,,,,,,,,,,,,,,,,,,,,,,0.3,-0.3983989016,-0.6799220481,-19.78304237768309,1.0086917967,0.5022060138,2.7697563765,-0.4999220481
614,614,614.0,614.0,614.0,614.0,,,,,,,,,,,,,,,,,,,,,,,,,,,,,,,,,,,,,,,,,,0.4,-0.5588008855,-2.4978243019,16.58613640745961,1.5108978105,0.4557905804,2.2675503627,-2.0778243019
615,615,615.0,615.0,615.0,615.0,,,,,,,,,,,,,,,,,,,,,,,,,,,,,,,,,,,,,,,,,,0.5,-0.7162662478,-0.6817452989,-19.2312276904472,1.9666883909,0.5213598040000003,1.8117597823,-0.1817452989
616,616,616.0,616.0,616.0,616.0,,,,,,,,,,,,,,,,,,,,,,,,,,,,,,,,,,,,,,,,,,0.6,-0.874172372,-2.4469619437,14.793281261531355,2.4880481949,0.4860412926999999,1.2903999783,-2.0269619437
617,617,617.0,617.0,617.0,617.0,,,,,,,,,,,,,,,,,,,,,,,,,,,,,,,,,,,,,,,,,,0.7,-1.0354704403,-0.8063357493,-2.599396036934301,2.9740894876,0.1998062149999997,0.8043586856,-0.6263357492999998
618,618,618.0,618.0,618.0,618.0,,,,,,,,,,,,,,,,,,,,,,,,,,,,,,,,,,,,,,,,,,0.8,-1.1247776714,-0.9769681219,-2.6823517256908054,3.1738957026,0.2545515543000003,0.6045524706000003,-1.1969681219000003
619,619,619.0,619.0,619.0,619.0,,,,,,,,,,,,,,,,,,,,,,,,,,,,,,,,,,,,,,,,,,0.9,-1.2307235509,-1.139257415,-4.620391807596288,3.4284472569,0.3500009162999999,0.3500009162999999,-1.9192574150000004
620,620,620.0,620.0,620.0,620.0,,,,,,,,,,,,,,,,,,,,,,,,,,,,,,,,,,,,,,,,,,0.0,0.0,-1.0,4.00394653511138,0.0,0.0675755701,5.8801688475,-2.5
621,621,621.0,621.0,621.0,621.0,,,,,,,,,,,,,,,,,,,,,,,,,,,,,,,,,,,,,,,,,,0.1,-0.0757938218,-0.5238115247,-20.89539790319668,0.0675755701,0.4794330868,5.8125932774,-1.3038115247000004
622,622,622.0,622.0,622.0,622.0,,,,,,,,,,,,,,,,,,,,,,,,,,,,,,,,,,,,,,,,,,0.2,-0.2267208508,-2.462424286,15.174616034442623,0.5470086569,0.4081078325,5.3331601906,-2.682424286
623,623,623.0,623.0,623.0,623.0,,,,,,,,,,,,,,,,,,,,,,,,,,,,,,,,,,,,,,,,,,0.3,-0.3876455471,-0.7840379863,-19.68985926890648,0.9551164894,0.5305195577,4.9250523581,-0.6040379863
624,624,624.0,624.0,624.0,624.0,,,,,,,,,,,,,,,,,,,,,,,,,,,,,,,,,,,,,,,,,,0.4,-0.557504698,-2.5831647623,17.926503109353707,1.4856360471,0.4884533209999999,4.3945328004,-2.1631647623
625,625,625.0,625.0,625.0,625.0,,,,,,,,,,,,,,,,,,,,,,,,,,,,,,,,,,,,,,,,,,0.5,-0.7166073637,-0.6314117856,-19.555694100125937,1.9740893681,0.5183990096,3.9060794794,-0.1314117856
626,626,626.0,626.0,626.0,626.0,,,,,,,,,,,,,,,,,,,,,,,,,,,,,,,,,,,,,,,,,,0.6,-0.8712930482,-2.4322955111,16.41160708239108,2.4924883777,0.4855187588,3.3876804698000003,-2.0122955111
627,627,627.0,627.0,627.0,627.0,,,,,,,,,,,,,,,,,,,,,,,,,,,,,,,,,,,,,,,,,,0.7,-1.0233667979,-0.6390610532,-20.63908446736708,2.9780071365,0.6198299051,2.902161711,-0.4590610531999998
628,628,628.0,628.0,628.0,628.0,,,,,,,,,,,,,,,,,,,,,,,,,,,,,,,,,,,,,,,,,,0.8,-1.1840212633,-2.5423150345,-4.982626736512533,3.5978370416,0.8941572286000001,2.2823318059,-2.7623150345000003
629,629,629.0,629.0,629.0,629.0,,,,,,,,,,,,,,,,,,,,,,,,,,,,,,,,,,,,,,,,,,0.9,-1.4500576078,-2.7745413637,-12.315521323555934,4.4919942702,1.3881745773,1.3881745773,-3.5545413637000003
630,630,630.0,630.0,630.0,630.0,,,,,,,,,,,,,,,,,,,,,,,,,,,,,,,,,,,,,,,,,,0.0,0.0,-1.0,4.234918894565269,0.0,0.067019765,3.6945254373,-2.5
631,631,631.0,631.0,631.0,631.0,,,,,,,,,,,,,,,,,,,,,,,,,,,,,,,,,,,,,,,,,,0.1,-0.074676512,-0.5018315986,-19.57957199381286,0.067019765,0.4240050831999999,3.6275056723,-1.2818315986000002
632,632,632.0,632.0,632.0,632.0,,,,,,,,,,,,,,,,,,,,,,,,,,,,,,,,,,,,,,,,,,0.2,-0.2171466729,-2.317318637,12.837490124576991,0.4910248482,0.360425781,3.2035005891,-2.5373186370000003
633,633,633.0,633.0,633.0,633.0,,,,,,,,,,,,,,,,,,,,,,,,,,,,,,,,,,,,,,,,,,0.3,-0.3755683954,-0.8751479021,-19.60306571471284,0.8514506292,0.5563349897,2.8430748081,-0.6951479021000001
634,634,634.0,634.0,634.0,634.0,,,,,,,,,,,,,,,,,,,,,,,,,,,,,,,,,,,,,,,,,,0.4,-0.553677914,-2.657344955,19.74231280260349,1.4077856189,0.5228935483000001,2.2867398184,-2.237344955
635,635,635.0,635.0,635.0,635.0,,,,,,,,,,,,,,,,,,,,,,,,,,,,,,,,,,,,,,,,,,0.5,-0.7110559131,-0.5257356755,-19.716995788364965,1.9306791672,0.4928594461999998,1.7638462700999995,-0.0257356755
636,636,636.0,636.0,636.0,636.0,,,,,,,,,,,,,,,,,,,,,,,,,,,,,,,,,,,,,,,,,,0.6,-0.8564655588,-2.3520256087,13.130560415125084,2.4235386134,0.4515386084999999,1.2709868239,-1.9320256087
637,637,637.0,637.0,637.0,637.0,,,,,,,,,,,,,,,,,,,,,,,,,,,,,,,,,,,,,,,,,,0.7,-1.0167725287,-0.8786625973,-2.464417795437444,2.8750772219,0.2076359138000003,0.8194482154,-0.6986625972999998
638,638,638.0,638.0,638.0,638.0,,,,,,,,,,,,,,,,,,,,,,,,,,,,,,,,,,,,,,,,,,0.8,-1.1123092225,-1.029567683,-2.7658240008628363,3.0827131357,0.2642579972999996,0.6118123015999997,-1.2495676830000002
639,639,639.0,639.0,639.0,639.0,,,,,,,,,,,,,,,,,,,,,,,,,,,,,,,,,,,,,,,,,,0.9,-1.2236643855,-1.1947949201,-3.766413040392846,3.346971133,0.3475543043,0.3475543043,-1.9747949201000004
640,640,640.0,640.0,640.0,640.0,,,,,,,,,,,,,,,,,,,,,,,,,,,,,,,,,,,,,,,,,,0.0,0.0,-1.0,3.823702403151677,0.0,0.0680693352,3.8800794679,-2.5
641,641,641.0,641.0,641.0,641.0,,,,,,,,,,,,,,,,,,,,,,,,,,,,,,,,,,,,,,,,,,0.1,-0.0766657379,-0.5409640218,-20.587627657683697,0.0680693352,0.4725253352999999,3.8120101327,-1.3209640218000005
642,642,642.0,642.0,642.0,642.0,,,,,,,,,,,,,,,,,,,,,,,,,,,,,,,,,,,,,,,,,,0.2,-0.227736228,-2.4486562975,14.33888536533059,0.5405946705,0.4025550517,3.3394847974,-2.6686562975
643,643,643.0,643.0,643.0,643.0,,,,,,,,,,,,,,,,,,,,,,,,,,,,,,,,,,,,,,,,,,0.3,-0.3913935054,-0.8511104835,-19.640787234038672,0.9431497222,0.5511338928,2.9369297457,-0.6711104835
644,644,644.0,644.0,644.0,644.0,,,,,,,,,,,,,,,,,,,,,,,,,,,,,,,,,,,,,,,,,,0.4,-0.5673980599,-2.6391846525,18.689020232129813,1.494283615,0.5117529245000001,2.3857958529,-2.2191846525
645,645,645.0,645.0,645.0,645.0,,,,,,,,,,,,,,,,,,,,,,,,,,,,,,,,,,,,,,,,,,0.5,-0.7281431085,-0.6095375806,-19.611902428494457,2.0060365395,0.5158123916999999,1.8740429284,-0.1095375805999999
646,646,646.0,646.0,646.0,646.0,,,,,,,,,,,,,,,,,,,,,,,,,,,,,,,,,,,,,,,,,,0.6,-0.8810190474,-2.4178518846,14.450507528926302,2.5218489312,0.4776590232999997,1.3582305366999998,-1.9978518846
647,647,647.0,647.0,647.0,647.0,,,,,,,,,,,,,,,,,,,,,,,,,,,,,,,,,,,,,,,,,,0.7,-1.0412050704,-0.8126151087,-3.597208950481141,2.9995079545,0.214888916,0.8805715134000001,-0.6326151086999998
648,648,648.0,648.0,648.0,648.0,,,,,,,,,,,,,,,,,,,,,,,,,,,,,,,,,,,,,,,,,,0.8,-1.1359368618,-1.0776042123,-2.9278570120070526,3.2143968705,0.2831588762999999,0.6656825974,-1.2976042123000002
649,649,649.0,649.0,649.0,649.0,,,,,,,,,,,,,,,,,,,,,,,,,,,,,,,,,,,,,,,,,,0.9,-1.2526471268,-1.2536796485,-4.395965351331338,3.4975557468,0.3825237211000001,0.3825237211000001,-2.0336796485
650,650,650.0,650.0,650.0,650.0,,,,,,,,,,,,,,,,,,,,,,,,,,,,,,,,,,,,,,,,,,0.0,0.0,-1.0,3.5429437852087498,0.0,0.068943074,3.6448269672,-2.5
651,651,651.0,651.0,651.0,651.0,,,,,,,,,,,,,,,,,,,,,,,,,,,,,,,,,,,,,,,,,,0.1,-0.0780238798,-0.5676817416,-20.86640192848115,0.068943074,0.4910746119,3.5758838932000003,-1.3476817416000002
652,652,652.0,652.0,652.0,652.0,,,,,,,,,,,,,,,,,,,,,,,,,,,,,,,,,,,,,,,,,,0.2,-0.2329854437,-2.4993603706,15.585342161132482,0.5600176859,0.4210569033,3.0848092813,-2.7193603706
653,653,653.0,653.0,653.0,653.0,,,,,,,,,,,,,,,,,,,,,,,,,,,,,,,,,,,,,,,,,,0.3,-0.3954382193,-0.7783733789,-19.802716496813435,0.9810745892,0.5338226454,2.663752378,-0.5983733789000001
654,654,654.0,654.0,654.0,654.0,,,,,,,,,,,,,,,,,,,,,,,,,,,,,,,,,,,,,,,,,,0.4,-0.565304243,-2.5887790049,18.86721799423794,1.5148972346,0.4969861135,2.1299297326,-2.1687790049
655,655,655.0,655.0,655.0,655.0,,,,,,,,,,,,,,,,,,,,,,,,,,,,,,,,,,,,,,,,,,0.5,-0.7203905431,-0.5469709053,-19.354697056005225,2.0118833481,0.4869751829000002,1.6329436191000002,-0.0469709053
656,656,656.0,656.0,656.0,656.0,,,,,,,,,,,,,,,,,,,,,,,,,,,,,,,,,,,,,,,,,,0.6,-0.8660683864,-2.3367627677,13.845350522232843,2.498858531,0.4487957263999997,1.1459684362,-1.9167627677
657,657,657.0,657.0,657.0,657.0,,,,,,,,,,,,,,,,,,,,,,,,,,,,,,,,,,,,,,,,,,0.7,-1.0214650513,-0.7968310505,-0.6303409564418012,2.9476542574,0.1750548262000002,0.6971727098000002,-0.6168310504999999
658,658,658.0,658.0,658.0,658.0,,,,,,,,,,,,,,,,,,,,,,,,,,,,,,,,,,,,,,,,,,0.8,-1.1003434643,-0.7809867332,-3.773743104532716,3.1227090836,0.2245145619999999,0.5221178836,-1.0009867332000002
659,659,659.0,659.0,659.0,659.0,,,,,,,,,,,,,,,,,,,,,,,,,,,,,,,,,,,,,,,,,,0.9,-1.1929178752,-1.0657866328,-3.146793171611076,3.3472236456,0.2976033216,0.2976033216,-1.8457866328000003
660,660,660.0,660.0,660.0,,,,,,,,,,,,,,,,,,,,,,,,,,,,,,,,,,,,,,,,,,,0.0,0.0,-1.0,0.8682381159135781,0.0,0.0836715712,3.2456221634,-2.5
661,661,661.0,661.0,661.0,,,,,,,,,,,,,,,,,,,,,,,,,,,,,,,,,,,,,,,,,,,0.1,-0.0909625481,-0.8222136403,-13.313392246699204,0.0836715712,0.3063704073,3.1619505922,-1.6022136403000002
662,662,662.0,662.0,662.0,,,,,,,,,,,,,,,,,,,,,,,,,,,,,,,,,,,,,,,,,,,0.2,-0.2336089636,-2.0109064495,4.719312653760011,0.3900419785,0.3092756489,2.8555801849,-2.2309064495
663,663,663.0,663.0,663.0,,,,,,,,,,,,,,,,,,,,,,,,,,,,,,,,,,,,,,,,,,,0.3,-0.4021428271,-1.3704413206,-5.722151109783967,0.6993176274,0.2907729631,2.546304536,-1.1904413206
664,664,664.0,664.0,664.0,,,,,,,,,,,,,,,,,,,,,,,,,,,,,,,,,,,,,,,,,,,0.4,-0.5602380266,-1.784561232,0.8168659962951816,0.9900905905,0.3178403925,2.2555315729000003,-1.3645612319999998
665,665,665.0,665.0,665.0,,,,,,,,,,,,,,,,,,,,,,,,,,,,,,,,,,,,,,,,,,,0.5,-0.7261099344,-1.5370027246,-1.6257259271379552,1.307930983,0.303582617,1.9376911804,-1.0370027246
666,666,666.0,666.0,666.0,,,,,,,,,,,,,,,,,,,,,,,,,,,,,,,,,,,,,,,,,,,0.6,-0.8802392957,-1.5454459561,9.430764529740584,1.6115136,0.2448604776999998,1.6341085634,-1.1254459561
667,667,667.0,667.0,667.0,,,,,,,,,,,,,,,,,,,,,,,,,,,,,,,,,,,,,,,,,,,0.7,-0.9816873879,-0.5009214109,-20.363191778006367,1.8563740777,0.5589071630000002,1.3892480857000002,-0.3209214108999998
668,668,668.0,668.0,668.0,,,,,,,,,,,,,,,,,,,,,,,,,,,,,,,,,,,,,,,,,,,0.8,-1.1278616027,-2.3910663739,9.642221445671078,2.4152812407,0.5356884282999999,0.8303409227,-2.6110663739000004
669,669,669.0,669.0,669.0,,,,,,,,,,,,,,,,,,,,,,,,,,,,,,,,,,,,,,,,,,,0.9,-1.308758356,-1.2459474761,10.56561061245422,2.950969669,0.2946524944000002,0.2946524944000002,-2.0259474761000003
670,670,670.0,670.0,670.0,,,,,,,,,,,,,,,,,,,,,,,,,,,,,,,,,,,,,,,,,,,0.0,0.0,-1.0,-0.3618090800122637,0.0,0.0943350802,3.8078232938,-2.5
671,671,671.0,671.0,671.0,,,,,,,,,,,,,,,,,,,,,,,,,,,,,,,,,,,,,,,,,,,0.1,-0.0969128033,-0.9392681047,-7.296025169386539,0.0943350802,0.1876172549,3.7134882136,-1.7192681047000002
672,672,672.0,672.0,672.0,,,,,,,,,,,,,,,,,,,,,,,,,,,,,,,,,,,,,,,,,,,0.2,-0.2215899029,-1.544193522,3.873500853293209,0.2819523351,0.1826458034999999,3.5258709587,-1.764193522
673,673,673.0,673.0,673.0,,,,,,,,,,,,,,,,,,,,,,,,,,,,,,,,,,,,,,,,,,,0.3,-0.3498016039,-1.0286317357,-18.032924114708475,0.4645981386,0.5457891724999999,3.3432251552,-0.8486317357000002
674,674,674.0,674.0,674.0,,,,,,,,,,,,,,,,,,,,,,,,,,,,,,,,,,,,,,,,,,,0.4,-0.5349216436,-2.6468041075,19.27645411373903,1.0103873111,0.5137956361,2.7974359827,-2.2268041075
675,675,675.0,675.0,675.0,,,,,,,,,,,,,,,,,,,,,,,,,,,,,,,,,,,,,,,,,,,0.5,-0.6935501041,-0.5605302356,-20.7336135559032,1.5241829472,0.5388132266999999,2.2836403466,-0.0605302356
676,676,676.0,676.0,676.0,,,,,,,,,,,,,,,,,,,,,,,,,,,,,,,,,,,,,,,,,,,0.6,-0.847188624,-2.4802530713,7.810505079457353,2.0629961739,0.5229354537000002,1.7448271199,-2.0602530713
677,677,677.0,677.0,677.0,,,,,,,,,,,,,,,,,,,,,,,,,,,,,,,,,,,,,,,,,,,0.7,-1.0454333739,-1.5009578134,12.043789185633123,2.5859316276,0.2786190746999999,1.2218916662,-1.3209578133999995
678,678,678.0,678.0,678.0,,,,,,,,,,,,,,,,,,,,,,,,,,,,,,,,,,,,,,,,,,,0.8,-1.1300075453,-0.2120047235,-19.61383408791508,2.8645507023,0.4906402405000003,0.9432725915,-0.4320047235000002
679,679,679.0,679.0,679.0,,,,,,,,,,,,,,,,,,,,,,,,,,,,,,,,,,,,,,,,,,,0.9,-1.2450627791,-2.0583328985,12.010169849164654,3.3551909428,0.4526323509999996,0.4526323509999996,-2.8383328985
680,680,680.0,680.0,680.0,,,,,,,,,,,,,,,,,,,,,,,,,,,,,,,,,,,,,,,,,,,0.0,0.0,-1.0,-0.5256313567391933,0.0,0.0959401227,3.3479367968,0.1806942972999999
681,681,681.0,681.0,681.0,,,,,,,,,,,,,,,,,,,,,,,,,,,,,,,,,,,,,,,,,,,0.1,-0.0977052706,-0.9548578651,-7.207826908290701,0.0959401227,0.1895711756999999,3.2519966741,0.1806942972999999
682,682,682.0,682.0,682.0,,,,,,,,,,,,,,,,,,,,,,,,,,,,,,,,,,,,,,,,,,,0.2,-0.2234392802,-1.5499065463,3.064265752771021,0.2855112984,0.1910716267,3.0624254984,0.1806942972999999
683,683,683.0,683.0,683.0,,,,,,,,,,,,,,,,,,,,,,,,,,,,,,,,,,,,,,,,,,,0.3,-0.3561092554,-1.1108099958,-14.490312724858212,0.4765829251,0.4466042822,2.8713538717,0.1806942972999999
684,684,684.0,684.0,684.0,,,,,,,,,,,,,,,,,,,,,,,,,,,,,,,,,,,,,,,,,,,0.4,-0.5319124923,-2.3840380314,19.312854508713773,0.9231872073,0.4381739938,2.4247495895,0.1806942972999999
685,685,685.0,685.0,685.0,,,,,,,,,,,,,,,,,,,,,,,,,,,,,,,,,,,,,,,,,,,0.5,-0.6653593702,-0.3193057027,-19.55652566239737,1.3613612011,0.4262911308999999,1.9865755957,0.1806942972999999
686,686,686.0,686.0,686.0,,,,,,,,,,,,,,,,,,,,,,,,,,,,,,,,,,,,,,,,,,,0.6,-0.7903484097,-2.1499692294,6.030006137329183,1.787652332,0.4094784157000002,1.5602844648,0.1806942972999999
687,687,687.0,687.0,687.0,,,,,,,,,,,,,,,,,,,,,,,,,,,,,,,,,,,,,,,,,,,0.7,-0.9657755287,-1.3715414967,11.2004615787875,2.1971307477,0.2357774535999999,1.1508060490999998,0.1806942972999999
688,688,688.0,688.0,688.0,,,,,,,,,,,,,,,,,,,,,,,,,,,,,,,,,,,,,,,,,,,0.8,-1.0421136384,-0.1751572291,-20.068589471843573,2.4329082013,0.4780723942999998,0.9150285955,0.1806942972999999
689,689,689.0,689.0,689.0,,,,,,,,,,,,,,,,,,,,,,,,,,,,,,,,,,,,,,,,,,,0.9,-1.1558622023,-2.0682676123,9.48567709188135,2.9109805956,0.4369562012000001,0.4369562012000001,0.1806942972999999
690,690,690.0,690.0,690.0,,,,,,,,,,,,,,,,,,,,,,,,,,,,,,,,,,,,,,,,,,,0.0,0.0,-1.0,-0.8135505350532855,0.0,0.0988665378,3.801083738500001,0.0158181850999999
691,691,691.0,691.0,691.0,,,,,,,,,,,,,,,,,,,,,,,,,,,,,,,,,,,,,,,,,,,0.1,-0.0990980555,-0.982256998,-7.092412658168799,0.0988665378,0.193891157,3.7022172007,0.0158181850999999
692,692,692.0,692.0,692.0,,,,,,,,,,,,,,,,,,,,,,,,,,,,,,,,,,,,,,,,,,,0.2,-0.2268811304,-1.5637151889,4.584158828788526,0.2927576948,0.1825554914,3.5083260437000003,0.0158181850999999
693,693,693.0,693.0,693.0,,,,,,,,,,,,,,,,,,,,,,,,,,,,,,,,,,,,,,,,,,,0.3,-0.3535128124,-0.9786676241,-19.336268106868435,0.4753131862,0.5798149537000001,3.3257705523000003,0.0158181850999999
694,694,694.0,694.0,694.0,,,,,,,,,,,,,,,,,,,,,,,,,,,,,,,,,,,,,,,,,,,0.4,-0.5401829587,-2.7256242884,20.8281971076274,1.0551281399,0.5513215676999998,2.7459555986,0.0158181850999999
695,695,695.0,695.0,695.0,,,,,,,,,,,,,,,,,,,,,,,,,,,,,,,,,,,,,,,,,,,0.5,-0.6988057215,-0.4841818149,-19.952344659209366,1.6064497076,0.4881026096999998,2.1946340309,0.0158181850999999
696,696,696.0,696.0,696.0,,,,,,,,,,,,,,,,,,,,,,,,,,,,,,,,,,,,,,,,,,,0.6,-0.8413995146,-2.3368224877,6.810178722621591,2.0945523173,0.4776545580000002,1.7065314212000002,0.0158181850999999
697,697,697.0,697.0,697.0,,,,,,,,,,,,,,,,,,,,,,,,,,,,,,,,,,,,,,,,,,,0.7,-1.0308340597,-1.4663700703,12.038440986795052,2.5722068753,0.2695051160999999,1.2288768632,0.0158181850999999
698,698,698.0,698.0,698.0,,,,,,,,,,,,,,,,,,,,,,,,,,,,,,,,,,,,,,,,,,,0.8,-1.1121426444,-0.181217387,-20.244672981757702,2.8417119914,0.5012151852,0.9593717471,0.0158181850999999
699,699,699.0,699.0,699.0,,,,,,,,,,,,,,,,,,,,,,,,,,,,,,,,,,,,,,,,,,,0.9,-1.2273193919,-2.0905079376,13.171969907541085,3.3429271766,0.4581565619000001,0.4581565619000001,0.0158181850999999
700,700,700.0,700.0,700.0,,,,,,,,,,,,,,,,,,,,,,,,,,,,,,,,,,,,,,,,,,,0.0,0.0,-1.0,-0.5564920267966642,0.0,0.0962473734,3.8312348781,0.0210205277
701,701,701.0,701.0,701.0,,,,,,,,,,,,,,,,,,,,,,,,,,,,,,,,,,,,,,,,,,,0.1,-0.0978545572,-0.9577946455,-8.3139787460766,0.0962473734,0.2138421956,3.7349875047,0.0210205277
702,702,702.0,702.0,702.0,,,,,,,,,,,,,,,,,,,,,,,,,,,,,,,,,,,,,,,,,,,0.2,-0.2292189573,-1.65782812,4.642196520824495,0.310089569,0.2061148471,3.5211453091,0.0210205277
703,703,703.0,703.0,703.0,,,,,,,,,,,,,,,,,,,,,,,,,,,,,,,,,,,,,,,,,,,0.3,-0.3645259182,-1.058301507,-17.545475509989096,0.5162044161,0.5388794353,3.315030462,0.0210205277
704,704,704.0,704.0,704.0,,,,,,,,,,,,,,,,,,,,,,,,,,,,,,,,,,,,,,,,,,,0.4,-0.5501114172,-2.627263559,19.94761857916141,1.0550838514,0.5148732329999999,2.7761510267,0.0210205277
705,705,705.0,705.0,705.0,,,,,,,,,,,,,,,,,,,,,,,,,,,,,,,,,,,,,,,,,,,0.5,-0.703633646,-0.4789794723,-20.870940375725688,1.5699570844,0.5219766298000001,2.2612777937,0.0210205277
706,706,706.0,706.0,706.0,,,,,,,,,,,,,,,,,,,,,,,,,,,,,,,,,,,,,,,,,,,0.6,-0.8501760188,-2.419531137,7.419879646591807,2.0919337142,0.5041257592999999,1.7393011639,0.0210205277
707,707,707.0,707.0,707.0,,,,,,,,,,,,,,,,,,,,,,,,,,,,,,,,,,,,,,,,,,,0.7,-1.0445319409,-1.4831872503,13.169932028118636,2.5960594735,0.2828122066,1.2351754046,0.0210205277
708,708,708.0,708.0,708.0,,,,,,,,,,,,,,,,,,,,,,,,,,,,,,,,,,,,,,,,,,,0.8,-1.121967399,-0.0887585894,-20.799155914213927,2.8788716801,0.5022928750999998,0.952363198,0.0210205277
709,709,709.0,709.0,709.0,,,,,,,,,,,,,,,,,,,,,,,,,,,,,,,,,,,,,,,,,,,0.9,-1.2310281004,-2.0596134794,12.798514739756044,3.3811645552,0.4500703229000002,0.4500703229000002,0.0210205277
710,710,710.0,710.0,710.0,,,,,,,,,,,,,,,,,,,,,,,,,,,,,,,,,,,,,,,,,,,0.0,0.0,-1.0,0.3960319741723035,0.0,0.0874754479,3.3385557145,0.3444916211
711,711,711.0,711.0,711.0,,,,,,,,,,,,,,,,,,,,,,,,,,,,,,,,,,,,,,,,,,,0.1,-0.0932468154,-0.8671499872,-10.745184928553686,0.0874754479,0.2484753962999999,3.2510802666,0.3444916211
712,712,712.0,712.0,712.0,,,,,,,,,,,,,,,,,,,,,,,,,,,,,,,,,,,,,,,,,,,0.2,-0.2277459965,-1.8071692989,4.892588089156258,0.3359508442,0.2449280986999999,3.0026048703,0.3444916211
713,713,713.0,713.0,713.0,,,,,,,,,,,,,,,,,,,,,,,,,,,,,,,,,,,,,,,,,,,0.3,-0.3760534014,-1.1696030851,-12.488189512111571,0.5808789429,0.4032605704000001,2.7576767716,0.3444916211
714,714,714.0,714.0,714.0,,,,,,,,,,,,,,,,,,,,,,,,,,,,,,,,,,,,,,,,,,,0.4,-0.5477664316,-2.2467090061,19.72832126366327,0.9841395133,0.4102569624,2.3544162012,0.3444916211
715,715,715.0,715.0,715.0,,,,,,,,,,,,,,,,,,,,,,,,,,,,,,,,,,,,,,,,,,,0.5,-0.6661349325,-0.1555083789,-20.356631780246985,1.3943964757,0.4163575401999999,1.9441592388,0.3444916211
716,716,716.0,716.0,716.0,,,,,,,,,,,,,,,,,,,,,,,,,,,,,,,,,,,,,,,,,,,0.6,-0.7794070428,-2.0778994466,6.178177175865489,1.8107540159,0.3818784131000001,1.5278016986,0.3444916211
717,717,717.0,717.0,717.0,,,,,,,,,,,,,,,,,,,,,,,,,,,,,,,,,,,,,,,,,,,0.7,-0.9472590528,-1.292229719,10.87536991237002,2.192632429,0.2182836654,1.1459232855,0.3444916211
718,718,718.0,718.0,718.0,,,,,,,,,,,,,,,,,,,,,,,,,,,,,,,,,,,,,,,,,,,0.8,-1.0176222542,-0.1343295263,-20.68867046588804,2.4109160944,0.4852702895999998,0.9276396201,0.3444916211
719,719,719.0,719.0,719.0,,,,,,,,,,,,,,,,,,,,,,,,,,,,,,,,,,,,,,,,,,,0.9,-1.1304850398,-2.0903337874,8.456019079793402,2.896186384,0.4423693305,0.4423693305,0.3444916211
720,720,720.0,720.0,,,,,,,,,,,,,,,,,,,,,,,,,,,,,,,,,,,,,,,,,,,,0.0,0.0,-1.0,-14.873870507864192,0.0,0.4051717923,3.9668123305,-2.5
721,721,721.0,721.0,,,,,,,,,,,,,,,,,,,,,,,,,,,,,,,,,,,,,,,,,,,,0.1,-0.1671137125,-2.3202733383,7.0090949511496925,0.4051717923,0.3879086808999999,3.5616405382,-3.1002733383
722,722,722.0,722.0,,,,,,,,,,,,,,,,,,,,,,,,,,,,,,,,,,,,,,,,,,,,0.2,-0.3540110073,-1.4324665484,-14.373995346226604,0.7930804732,0.5599935357,3.1737318573,-1.6524665484
723,723,723.0,723.0,,,,,,,,,,,,,,,,,,,,,,,,,,,,,,,,,,,,,,,,,,,,0.3,-0.5598612393,-2.664015851,6.237796321006368,1.3530740089,0.5707042627000001,2.6137383216,-2.484015851
724,724,724.0,724.0,,,,,,,,,,,,,,,,,,,,,,,,,,,,,,,,,,,,,,,,,,,,0.4,-0.7832010373,-1.8168964209,4.048043075783708,1.9237782716,0.3207916839999998,2.0430340589,-1.3968964209
725,725,725.0,725.0,,,,,,,,,,,,,,,,,,,,,,,,,,,,,,,,,,,,,,,,,,,,0.5,-0.93651972,-1.2587734306,-3.476382279622184,2.2445699556,0.2937936558,1.7222423749,-0.7587734306
726,726,726.0,726.0,,,,,,,,,,,,,,,,,,,,,,,,,,,,,,,,,,,,,,,,,,,,0.6,-1.0731242911,-1.4698070875,5.721404360337869,2.5383636114,0.2750494292000001,1.4284487191,-1.0498070875
727,727,727.0,727.0,,,,,,,,,,,,,,,,,,,,,,,,,,,,,,,,,,,,,,,,,,,,0.7,-1.1853180508,-0.7854728918,-7.224451535533415,2.8134130406,0.3022010516,1.1533992898999998,-0.6054728917999999
728,728,728.0,728.0,,,,,,,,,,,,,,,,,,,,,,,,,,,,,,,,,,,,,,,,,,,,0.8,-1.2950129029,-1.3982231932,20.34945577014432,3.1156140922,0.4315164321,0.8511982382999999,-1.6182231932000002
729,729,729.0,729.0,,,,,,,,,,,,,,,,,,,,,,,,,,,,,,,,,,,,,,,,,,,,0.9,-1.3296327276,0.6713422085,-19.993122288702303,3.5471305243,0.4196818061999998,0.4196818061999998,-0.1086577915000002
730,730,730.0,730.0,,,,,,,,,,,,,,,,,,,,,,,,,,,,,,,,,,,,,,,,,,,,0.0,0.0,-1.0,-16.38861522002502,0.0,0.4572787523,5.1949904122,0.0045060392
731,731,731.0,731.0,,,,,,,,,,,,,,,,,,,,,,,,,,,,,,,,,,,,,,,,,,,,0.1,-0.1744411657,-2.4644203563,8.1133622515622,0.4572787523,0.4308565103,4.7377116599,0.0045060392
732,732,732.0,732.0,,,,,,,,,,,,,,,,,,,,,,,,,,,,,,,,,,,,,,,,,,,,0.2,-0.3697140867,-1.4578112102,-14.811134461626413,0.8881352626,0.5876528028,4.3068551496000005,0.0045060392
733,733,733.0,733.0,,,,,,,,,,,,,,,,,,,,,,,,,,,,,,,,,,,,,,,,,,,,0.3,-0.5800908065,-2.7285479365,19.484472879233152,1.4757880654,0.5471549274,3.7192023468,0.0045060392
734,734,734.0,734.0,,,,,,,,,,,,,,,,,,,,,,,,,,,,,,,,,,,,,,,,,,,,0.4,-0.7454919457,-0.6146995094,-20.39496448724972,2.0229429928,0.5500464804999998,3.1720474194,0.0045060392
735,735,735.0,735.0,,,,,,,,,,,,,,,,,,,,,,,,,,,,,,,,,,,,,,,,,,,,0.5,-0.902647116,-2.4970407878,19.376544045943643,2.5729894733,0.5294459731000001,2.6220009389000003,0.0045060392
736,736,736.0,736.0,,,,,,,,,,,,,,,,,,,,,,,,,,,,,,,,,,,,,,,,,,,,0.6,-1.0465395384,-0.4154939608,-19.147726085249424,3.1024354464,0.5051298624,2.0925549658,0.0045060392
737,737,737.0,737.0,,,,,,,,,,,,,,,,,,,,,,,,,,,,,,,,,,,,,,,,,,,,0.7,-1.1787045739,-2.1981015339,20.031733360596466,3.6075653088,0.5209555825000001,1.5874251034000002,0.0045060392
738,738,738.0,738.0,,,,,,,,,,,,,,,,,,,,,,,,,,,,,,,,,,,,,,,,,,,,0.8,-1.2909797193,-0.0826530524,-20.856440184369028,4.1285208913,0.5450518625000003,1.0664695209,0.0045060392
739,739,739.0,739.0,,,,,,,,,,,,,,,,,,,,,,,,,,,,,,,,,,,,,,,,,,,,0.9,-1.3997362151,-2.059540575,17.390581435076058,4.6735727538,0.5214176583999999,0.5214176583999999,0.0045060392
740,740,740.0,740.0,,,,,,,,,,,,,,,,,,,,,,,,,,,,,,,,,,,,,,,,,,,,0.0,0.0,-1.0,-15.525547029263215,0.0,0.427133814,4.078397232100001,0.6906932106000001
741,741,741.0,741.0,,,,,,,,,,,,,,,,,,,,,,,,,,,,,,,,,,,,,,,,,,,,0.1,-0.1702661442,-2.3822885588,8.300960100306035,0.427133814,0.3987624993,3.651263418100001,0.6906932106000001
742,742,742.0,742.0,,,,,,,,,,,,,,,,,,,,,,,,,,,,,,,,,,,,,,,,,,,,0.2,-0.3568156919,-1.365643001,-13.619011214280093,0.8258963133,0.5077225875999999,3.252500918800001,0.6906932106000001
743,743,743.0,743.0,,,,,,,,,,,,,,,,,,,,,,,,,,,,,,,,,,,,,,,,,,,,0.3,-0.5526546484,-2.5317051659,5.629002704985826,1.3336189009,0.5222496645000001,2.744778331200001,0.6906932106000001
744,744,744.0,744.0,,,,,,,,,,,,,,,,,,,,,,,,,,,,,,,,,,,,,,,,,,,,0.4,-0.766348405,-1.7551111388,3.4156926099374565,1.8558685654,0.3060593201999999,2.2225286667000006,0.6906932106000001
745,745,745.0,745.0,,,,,,,,,,,,,,,,,,,,,,,,,,,,,,,,,,,,,,,,,,,,0.5,-0.9168464001,-1.2630438828,-5.036112926720901,2.1619278856,0.3201402146999998,1.9164693465000004,0.6906932106000001
746,746,746.0,746.0,,,,,,,,,,,,,,,,,,,,,,,,,,,,,,,,,,,,,,,,,,,,0.6,-1.0614027321,-1.6220988434,20.789987957751823,2.4820681003,0.4053200014000002,1.5963291318000006,0.6906932106000001
747,747,747.0,747.0,,,,,,,,,,,,,,,,,,,,,,,,,,,,,,,,,,,,,,,,,,,,0.7,-1.1151959904,0.5106932106,-20.247246890578616,2.8873881017,0.3880668046999997,1.1910091304000003,0.6906932106000001
748,748,748.0,748.0,,,,,,,,,,,,,,,,,,,,,,,,,,,,,,,,,,,,,,,,,,,,0.8,-1.1645414881,-1.4646859806,20.812285038685047,3.2754549064,0.4133988697000004,0.8029423257000006,0.6906932106000001
749,749,749.0,749.0,,,,,,,,,,,,,,,,,,,,,,,,,,,,,,,,,,,,,,,,,,,,0.9,-1.2032471966,0.6552482317,-20.019487872377727,3.6888537761,0.3895434560000002,0.3895434560000002,0.6906932106000001
750,750,750.0,750.0,,,,,,,,,,,,,,,,,,,,,,,,,,,,,,,,,,,,,,,,,,,,0.0,0.0,-1.0,-15.87587190874577,0.0,0.4392243507,4.2244987171,0.6878933282000002
751,751,751.0,751.0,,,,,,,,,,,,,,,,,,,,,,,,,,,,,,,,,,,,,,,,,,,,0.1,-0.171960812,-2.4156263789,7.6740830343159345,0.4392243507,0.4166182310999999,3.7852743664,0.6878933282000002
752,752,752.0,752.0,,,,,,,,,,,,,,,,,,,,,,,,,,,,,,,,,,,,,,,,,,,,0.2,-0.3647153556,-1.4554635318,-13.885227196855634,0.8558425818,0.5523799115000001,3.3686561353,0.6878933282000002
753,753,753.0,753.0,,,,,,,,,,,,,,,,,,,,,,,,,,,,,,,,,,,,,,,,,,,,0.3,-0.5703896615,-2.6383119456,6.081048464456973,1.4082224933,0.5632830973,2.8162762238,0.6878933282000002
754,754,754.0,754.0,,,,,,,,,,,,,,,,,,,,,,,,,,,,,,,,,,,,,,,,,,,,0.4,-0.7920416619,-1.8085550987,4.31257810275244,1.9715055906,0.3172001281000001,2.2529931265000003,0.6878933282000002
755,755,755.0,755.0,,,,,,,,,,,,,,,,,,,,,,,,,,,,,,,,,,,,,,,,,,,,0.5,-0.9432869038,-1.2260520466,-4.8563937779740005,2.2887057187,0.3115264791999999,1.9357929984,0.6878933282000002
756,756,756.0,756.0,,,,,,,,,,,,,,,,,,,,,,,,,,,,,,,,,,,,,,,,,,,,0.6,-1.0834536178,-1.5715247104,20.279687435409446,2.6002321979,0.3950717285,1.6242665192000003,0.6878933282000002
757,757,757.0,757.0,,,,,,,,,,,,,,,,,,,,,,,,,,,,,,,,,,,,,,,,,,,,0.7,-1.1349029128,0.5078933282,-20.930052154015723,2.9953039264,0.4126949114,1.2291947907000005,0.6878933282000002
758,758,758.0,758.0,,,,,,,,,,,,,,,,,,,,,,,,,,,,,,,,,,,,,,,,,,,,0.8,-1.1878178705,-1.5321969295,20.75350494720647,3.4079988378,0.4243280753,0.8164998793000002,0.6878933282000002
759,759,759.0,759.0,,,,,,,,,,,,,,,,,,,,,,,,,,,,,,,,,,,,,,,,,,,,0.9,-1.2332324596,0.5885681543,-19.64991415418124,3.8323269131,0.3921718040000002,0.3921718040000002,0.6878933282000002
760,760,760.0,760.0,,,,,,,,,,,,,,,,,,,,,,,,,,,,,,,,,,,,,,,,,,,,0.0,0.0,-1.0,-14.56349381447512,0.0,0.3949536942,4.5110229644,-2.5
761,761,761.0,761.0,,,,,,,,,,,,,,,,,,,,,,,,,,,,,,,,,,,,,,,,,,,,0.1,-0.1656122907,-2.2907370908,7.772009645515669,0.3949536942,0.3705006481,4.116069270200001,-3.0707370908
762,762,762.0,762.0,,,,,,,,,,,,,,,,,,,,,,,,,,,,,,,,,,,,,,,,,,,,0.2,-0.3460083176,-1.3331400993,-15.223688524944194,0.7654543423,0.5517577166000001,3.7455686221,-1.5531400993
763,763,763.0,763.0,,,,,,,,,,,,,,,,,,,,,,,,,,,,,,,,,,,,,,,,,,,,0.3,-0.546516704,-2.6550005654,5.712944366760871,1.3172120589,0.5726779611999999,3.1938109055000004,-2.4750005654
764,764,764.0,764.0,,,,,,,,,,,,,,,,,,,,,,,,,,,,,,,,,,,,,,,,,,,,0.4,-0.7715375126,-1.8586853201,5.293063846206148,1.8898900201,0.3196302686999999,2.6211329443,-1.4386853200999998
765,765,765.0,765.0,,,,,,,,,,,,,,,,,,,,,,,,,,,,,,,,,,,,,,,,,,,,0.5,-0.9228102229,-1.1781062252,-17.732303940127416,2.2095202888,0.6715680920000002,2.3015026756000005,-0.6781062252000001
766,766,766.0,766.0,,,,,,,,,,,,,,,,,,,,,,,,,,,,,,,,,,,,,,,,,,,,0.6,-1.1207002889,-2.7534465532,20.49589322687217,2.8810883808,0.6653236680000001,1.6299345836000003,-2.3334465532
767,767,767.0,767.0,,,,,,,,,,,,,,,,,,,,,,,,,,,,,,,,,,,,,,,,,,,,0.7,-1.2835782066,-0.5409793128,-9.89099453907352,3.5464120488,0.3300467558999997,0.9646109156000002,-0.3609793127999998
768,768,768.0,768.0,,,,,,,,,,,,,,,,,,,,,,,,,,,,,,,,,,,,,,,,,,,,0.8,-1.3829056961,-1.4307512772,7.830871337226775,3.8764588047,0.3409706433999999,0.6345641597000005,-1.6507512772
769,769,769.0,769.0,,,,,,,,,,,,,,,,,,,,,,,,,,,,,,,,,,,,,,,,,,,,0.9,-1.4811784553,-0.5493913843,-4.331135662753239,4.2174294481,0.2935935163000005,0.2935935163000005,-1.3293913843000005
770,770,770.0,770.0,,,,,,,,,,,,,,,,,,,,,,,,,,,,,,,,,,,,,,,,,,,,0.0,0.0,-1.0,-15.703509207467311,0.0,0.433250864,4.798423467299999,0.0598786801
771,771,771.0,771.0,,,,,,,,,,,,,,,,,,,,,,,,,,,,,,,,,,,,,,,,,,,,0.1,-0.1711270216,-2.3992238992,6.747274734162934,0.433250864,0.4199189825999999,4.3651726033,0.0598786801
772,772,772.0,772.0,,,,,,,,,,,,,,,,,,,,,,,,,,,,,,,,,,,,,,,,,,,,0.2,-0.3668039886,-1.5288194588,3.0993588167699544,0.8531698466,0.1958304883000001,3.9452536207,0.0598786801
773,773,773.0,773.0,,,,,,,,,,,,,,,,,,,,,,,,,,,,,,,,,,,,,,,,,,,,0.3,-0.4972974773,-1.0883900884,-17.43456169220876,1.0490003349,0.5589988375999999,3.7494231324,0.0598786801
774,774,774.0,774.0,,,,,,,,,,,,,,,,,,,,,,,,,,,,,,,,,,,,,,,,,,,,0.4,-0.6852096012,-2.6439341336,20.514462163441056,1.6079991725,0.5440450351999999,3.1904242948,0.0598786801
775,775,775.0,775.0,,,,,,,,,,,,,,,,,,,,,,,,,,,,,,,,,,,,,,,,,,,,0.5,-0.8375761986,-0.4401213199,-20.82258478833848,2.1520442077,0.5313846015000001,2.6463792596,0.0598786801
776,776,776.0,776.0,,,,,,,,,,,,,,,,,,,,,,,,,,,,,,,,,,,,,,,,,,,,0.6,-0.9801868282,-2.3797691692,19.140805244669327,2.6834288092,0.5107515371,2.1149946581,0.0598786801
777,777,777.0,777.0,,,,,,,,,,,,,,,,,,,,,,,,,,,,,,,,,,,,,,,,,,,,0.7,-1.1140597468,-0.3318157261,-20.042966219209696,3.1941803463,0.5307173285999998,1.604243121,0.0598786801
778,778,778.0,778.0,,,,,,,,,,,,,,,,,,,,,,,,,,,,,,,,,,,,,,,,,,,,0.8,-1.2425922537,-2.2075798411,20.985351100913288,3.7248976749,0.5517363101000003,1.0735257924000003,0.0598786801
779,779,779.0,779.0,,,,,,,,,,,,,,,,,,,,,,,,,,,,,,,,,,,,,,,,,,,,0.9,-1.3511563326,-0.0004806521,-20.19278956438037,4.276633985,0.5217894823,0.5217894823,0.0598786801
780,780,780.0,,,,,,,,,,,,,,,,,,,,,,,,,,,,,,,,,,,,,,,,,,,,,0.0,0.0,-1.0,-3.3602584313872668,0.0,0.1305980639,2.9040577597,0.1662777948
781,781,781.0,,,,,,,,,,,,,,,,,,,,,,,,,,,,,,,,,,,,,,,,,,,,,0.1,-0.1114175761,-1.224608267,5.46902027607089,0.1305980639,0.1021665185,2.7734596958,0.1662777948
782,782,782.0,,,,,,,,,,,,,,,,,,,,,,,,,,,,,,,,,,,,,,,,,,,,,0.2,-0.2014985254,-0.5876252901,-19.484969144801145,0.2327645824,0.4493452361,2.6712931773000004,0.1662777948
783,783,783.0,,,,,,,,,,,,,,,,,,,,,,,,,,,,,,,,,,,,,,,,,,,,,0.3,-0.3516753977,-2.3859453323,19.408504428361294,0.6821098185,0.4206396478999999,2.2219479412000003,0.1662777948
784,784,784.0,,,,,,,,,,,,,,,,,,,,,,,,,,,,,,,,,,,,,,,,,,,,,0.4,-0.484841077,-0.3119292102,-19.79361922003022,1.1027494664,0.4103198768,1.8013082933000002,0.1662777948
785,785,785.0,,,,,,,,,,,,,,,,,,,,,,,,,,,,,,,,,,,,,,,,,,,,,0.5,-0.6102750707,-2.1658571384,17.927491330496057,1.5130693432,0.3808587913000001,1.3909884165000002,0.1662777948
786,786,786.0,,,,,,,,,,,,,,,,,,,,,,,,,,,,,,,,,,,,,,,,,,,,,0.6,-0.7296608709,-0.2537222052,-10.895080287686053,1.8939281345,0.1847194022,1.0101296252,0.1662777948
787,787,787.0,,,,,,,,,,,,,,,,,,,,,,,,,,,,,,,,,,,,,,,,,,,,,0.7,-0.8065094327,-1.2663816722,0.3005788425857971,2.0786475367,0.217316335,0.825410223,0.1662777948
788,788,788.0,,,,,,,,,,,,,,,,,,,,,,,,,,,,,,,,,,,,,,,,,,,,,0.8,-0.925567873,-1.1172653476,-3.945085764242238,2.2959638717,0.2630082238,0.608093888,0.1662777948
789,789,789.0,,,,,,,,,,,,,,,,,,,,,,,,,,,,,,,,,,,,,,,,,,,,,0.9,-1.0509737266,-1.3863680705,-2.9808323818402256,2.5589720955,0.3450856642,0.3450856642,0.1662777948
790,790,790.0,,,,,,,,,,,,,,,,,,,,,,,,,,,,,,,,,,,,,,,,,,,,,0.0,0.0,-1.0,-3.23589462343762,0.0,0.1288045022,2.8570434373,0.2815152498
791,791,791.0,,,,,,,,,,,,,,,,,,,,,,,,,,,,,,,,,,,,,,,,,,,,,0.1,-0.1108159858,-1.2127734765,4.444144888479686,0.1288045022,0.1031919403999999,2.7282389351000003,0.2815152498
792,792,792.0,,,,,,,,,,,,,,,,,,,,,,,,,,,,,,,,,,,,,,,,,,,,,0.2,-0.2047284565,-0.674446517,-20.193578243093487,0.2319964426,0.502172201,2.6250469947000004,0.2815152498
793,793,793.0,,,,,,,,,,,,,,,,,,,,,,,,,,,,,,,,,,,,,,,,,,,,,0.3,-0.3665952803,-2.5319375175,19.588711206054832,0.7341686436,0.4635763109,2.1228747937000003,0.2815152498
794,794,794.0,,,,,,,,,,,,,,,,,,,,,,,,,,,,,,,,,,,,,,,,,,,,,0.4,-0.5127822175,-0.4268794597,-19.43290701538561,1.1977449545,0.4294030215,1.6592984828,0.2815152498
795,795,795.0,,,,,,,,,,,,,,,,,,,,,,,,,,,,,,,,,,,,,,,,,,,,,0.5,-0.6474102519,-2.2355421268,19.80103276391669,1.627147976,0.4219071885999998,1.2298954613000002,0.2815152498
796,796,796.0,,,,,,,,,,,,,,,,,,,,,,,,,,,,,,,,,,,,,,,,,,,,,0.6,-0.7643643522,-0.1384847502,-8.370903879267056,2.0490551646,0.1305514158000003,0.8079882727000003,0.2815152498
797,797,797.0,,,,,,,,,,,,,,,,,,,,,,,,,,,,,,,,,,,,,,,,,,,,,0.7,-0.8180365012,-0.9219029891,-1.7725782962467167,2.1796065804,0.1693642803999999,0.6774368569,0.2815152498
798,798,798.0,,,,,,,,,,,,,,,,,,,,,,,,,,,,,,,,,,,,,,,,,,,,,0.8,-0.9143412295,-1.0028560904,-2.7201189702164803,2.3489708608,0.2155088328999999,0.5080725765,0.2815152498
799,799,799.0,,,,,,,,,,,,,,,,,,,,,,,,,,,,,,,,,,,,,,,,,,,,,0.9,-1.0229334737,-1.1662757432,-3.76956633946552,2.5644796937,0.2925637436000001,0.2925637436000001,0.2815152498
800,800,800.0,,,,,,,,,,,,,,,,,,,,,,,,,,,,,,,,,,,,,,,,,,,,,0.0,0.0,-1.0,-2.69778854654706,0.0,0.1213328809,3.1124381168999995,0.3215610453
801,801,801.0,,,,,,,,,,,,,,,,,,,,,,,,,,,,,,,,,,,,,,,,,,,,,0.1,-0.1082129441,-1.1615659105,3.855224609286301,0.1213328809,0.0963369268,2.991105236,0.3215610453
802,802,802.0,,,,,,,,,,,,,,,,,,,,,,,,,,,,,,,,,,,,,,,,,,,,,0.2,-0.2001012739,-0.6841551198,-20.119369108537413,0.2176698077,0.5020337245000001,2.8947683092,0.3215610453
803,803,803.0,,,,,,,,,,,,,,,,,,,,,,,,,,,,,,,,,,,,,,,,,,,,,0.3,-0.3625330204,-2.5336602842,19.87512883327623,0.7197035322,0.4662321043999999,2.3927345847,0.3215610453
804,804,804.0,,,,,,,,,,,,,,,,,,,,,,,,,,,,,,,,,,,,,,,,,,,,,0.4,-0.5074983784,-0.4011820428,-20.216009736177018,1.1859356366,0.4503440768,1.9265024803,0.3215610453
805,805,805.0,,,,,,,,,,,,,,,,,,,,,,,,,,,,,,,,,,,,,,,,,,,,,0.5,-0.6434691718,-2.2868122231,20.709340370137017,1.6362797134,0.4442801593999999,1.4761584035,0.3215610453
806,806,806.0,,,,,,,,,,,,,,,,,,,,,,,,,,,,,,,,,,,,,,,,,,,,,0.6,-0.7609084031,-0.0984389547,-9.857478348453036,2.0805598728,0.1494585627,1.0318782441,0.3215610453
807,807,807.0,,,,,,,,,,,,,,,,,,,,,,,,,,,,,,,,,,,,,,,,,,,,,0.7,-0.8179606736,-1.0271345191,-2.896942773843288,2.2300184355,0.2055662831,0.8824196814,0.3215610453
808,808,808.0,,,,,,,,,,,,,,,,,,,,,,,,,,,,,,,,,,,,,,,,,,,,,0.8,-0.929718818,-1.2050706521,-3.751263554751663,2.4355847186,0.2829220573,0.6768533983,0.3215610453
809,809,809.0,,,,,,,,,,,,,,,,,,,,,,,,,,,,,,,,,,,,,,,,,,,,,0.9,-1.0625426608,-1.4473731648,-4.429635613514108,2.7185067759,0.393931341,0.393931341,0.3215610453
810,810,810.0,,,,,,,,,,,,,,,,,,,,,,,,,,,,,,,,,,,,,,,,,,,,,0.0,0.0,-1.0,-3.2838891466605045,0.0,0.1294937028,3.9399929652,0.0973940308
811,811,811.0,,,,,,,,,,,,,,,,,,,,,,,,,,,,,,,,,,,,,,,,,,,,,0.1,-0.1110481517,-1.217340763,4.951664969881516,0.1294937028,0.1022639621,3.8104992624,0.0973940308
812,812,812.0,,,,,,,,,,,,,,,,,,,,,,,,,,,,,,,,,,,,,,,,,,,,,0.2,-0.2029401704,-0.6302822473,-20.6931298081404,0.2317576649,0.5080847702,3.7082353003,0.0973940308
813,813,813.0,,,,,,,,,,,,,,,,,,,,,,,,,,,,,,,,,,,,,,,,,,,,,0.3,-0.3630207663,-2.5395146321,20.75649737926969,0.7398424351,0.4765206475,3.2001505301,0.0973940308
814,814,814.0,,,,,,,,,,,,,,,,,,,,,,,,,,,,,,,,,,,,,,,,,,,,,0.4,-0.5042796914,-0.3226059692,-19.18151777339477,1.2163630826,0.3937963171999998,2.7236298826,0.0973940308
815,815,815.0,,,,,,,,,,,,,,,,,,,,,,,,,,,,,,,,,,,,,,,,,,,,,0.5,-0.6277687287,-2.1172687092,2.933147538749126,1.6101593998,0.4099366899000001,2.3298335654000004,0.0973940308
816,816,816.0,,,,,,,,,,,,,,,,,,,,,,,,,,,,,,,,,,,,,,,,,,,,,0.6,-0.8150645856,-1.6366580984,0.3411048436256059,2.0200960897,0.3178816003000002,1.9198968755,0.0973940308
817,817,817.0,,,,,,,,,,,,,,,,,,,,,,,,,,,,,,,,,,,,,,,,,,,,,0.7,-0.9691632316,-1.4484489681,-2.754118480816928,2.33797769,0.3415427760999998,1.6020152752,0.0973940308
818,818,818.0,,,,,,,,,,,,,,,,,,,,,,,,,,,,,,,,,,,,,,,,,,,,,0.8,-1.1203238334,-1.5727002143,-3.1678744887675254,2.6795204661,0.4220174845,1.2604724991,0.0973940308
819,819,819.0,,,,,,,,,,,,,,,,,,,,,,,,,,,,,,,,,,,,,,,,,,,,,0.9,-1.2853099805,-1.7245015161,-13.936722644848476,3.1015379506,0.8384550146,0.8384550146,0.0973940308
820,820,820.0,,,,,,,,,,,,,,,,,,,,,,,,,,,,,,,,,,,,,,,,,,,,,0.0,0.0,-1.0,-3.825292361979538,0.0,0.1375267382,4.2156256076,-2.5
821,821,821.0,,,,,,,,,,,,,,,,,,,,,,,,,,,,,,,,,,,,,,,,,,,,,0.1,-0.1136671249,-1.2688621113,4.386791350053265,0.1375267382,0.1139957664999999,4.0780988694,-2.0488621113
822,822,822.0,,,,,,,,,,,,,,,,,,,,,,,,,,,,,,,,,,,,,,,,,,,,,0.2,-0.2131946268,-0.7306554744,-19.951862240282388,0.2515225047,0.5107614813000001,3.9641031029,-0.9506554744
823,823,823.0,,,,,,,,,,,,,,,,,,,,,,,,,,,,,,,,,,,,,,,,,,,,,0.3,-0.3792411612,-2.559795164,19.522864536760466,0.762283986,0.4722488351999999,3.4533416216,-2.379795164
824,824,824.0,,,,,,,,,,,,,,,,,,,,,,,,,,,,,,,,,,,,,,,,,,,,,0.4,-0.5283976323,-0.4583522393,-19.926908967363698,1.2345328212,0.4573295782,2.9810927864,-0.0383522392999999
825,825,825.0,,,,,,,,,,,,,,,,,,,,,,,,,,,,,,,,,,,,,,,,,,,,,0.5,-0.668410375,-2.3110303933,1.149460813775555,1.6918623994,0.5220416935000001,2.5237632082,-1.8110303933
826,826,826.0,,,,,,,,,,,,,,,,,,,,,,,,,,,,,,,,,,,,,,,,,,,,,0.6,-0.8827735402,-1.9817211467,-1.923028094311348,2.2139040929,0.4901689023999998,2.0017215147,-1.5617211467
827,827,827.0,,,,,,,,,,,,,,,,,,,,,,,,,,,,,,,,,,,,,,,,,,,,,0.7,-1.0806617971,-1.9761356993,-1.6719034138201845,2.7040729953,0.5254400306,1.5115526123,-1.7961356993
828,828,828.0,,,,,,,,,,,,,,,,,,,,,,,,,,,,,,,,,,,,,,,,,,,,,0.8,-1.2768036754,-1.9471841623,17.290987509276484,3.2295130259,0.4611762002000001,0.9861125817,-2.1671841623
829,829,829.0,,,,,,,,,,,,,,,,,,,,,,,,,,,,,,,,,,,,,,,,,,,,,0.9,-1.3784590089,-0.1164300779,-19.34245248042898,3.6906892261,0.5249363814999999,0.5249363814999999,-0.8964300779000003
830,830,830.0,,,,,,,,,,,,,,,,,,,,,,,,,,,,,,,,,,,,,,,,,,,,,0.0,0.0,-1.0,-3.943084992559478,0.0,0.1393372191,2.8006001517,0.2065947498
831,831,831.0,,,,,,,,,,,,,,,,,,,,,,,,,,,,,,,,,,,,,,,,,,,,,0.1,-0.1142369516,-1.2800715476,5.700162183329928,0.1393372191,0.1115955682,2.6612629326,0.2065947498
832,832,832.0,,,,,,,,,,,,,,,,,,,,,,,,,,,,,,,,,,,,,,,,,,,,,0.2,-0.2084777998,-0.6158144811,-19.8818123497166,0.2509327873,0.4727431154,2.5496673644,0.2065947498
833,833,833.0,,,,,,,,,,,,,,,,,,,,,,,,,,,,,,,,,,,,,,,,,,,,,0.3,-0.3632569241,-2.4492165918,20.43560345856678,0.7236759027,0.4487415943,2.076924249,0.2065947498
834,834,834.0,,,,,,,,,,,,,,,,,,,,,,,,,,,,,,,,,,,,,,,,,,,,,0.4,-0.4974751526,-0.2714380174,-20.013036229031687,1.172417497,0.4097144235999999,1.6281826546999998,0.2065947498
835,835,835.0,,,,,,,,,,,,,,,,,,,,,,,,,,,,,,,,,,,,,,,,,,,,,0.5,-0.6201172188,-2.1500995741,18.201327127197125,1.5821319206,0.3811159294999999,1.2184682311,0.2065947498
836,836,836.0,,,,,,,,,,,,,,,,,,,,,,,,,,,,,,,,,,,,,,,,,,,,,0.6,-0.73667883,-0.2134052502,-10.437095612890849,1.9632478501,0.1708876333000002,0.8373523016,0.2065947498
837,837,837.0,,,,,,,,,,,,,,,,,,,,,,,,,,,,,,,,,,,,,,,,,,,,,0.7,-0.8074754465,-1.186318195,0.9190926283042242,2.1341354834,0.1930041509999998,0.6664646682999997,0.2065947498
838,838,838.0,,,,,,,,,,,,,,,,,,,,,,,,,,,,,,,,,,,,,,,,,,,,,0.8,-0.9159227674,-0.9859616113,-2.463398438718033,2.3271396344,0.2087401598,0.4734605172999999,0.2065947498
839,839,839.0,,,,,,,,,,,,,,,,,,,,,,,,,,,,,,,,,,,,,,,,,,,,,0.9,-1.0216653431,-1.1265588795,-2.6572914607460554,2.5358797942,0.2647203574999999,0.2647203574999999,0.2065947498
840,840,,,,,,,,,,,,,,,,,,,,,,,,,,,,,,,,,,,,,,,,,,,,,,0.0,0.0,-1.0,-2.5568155490302287,0.0,0.1194529994,6.2488709314,-2.5
841,841,,,,,,,,,,,,,,,,,,,,,,,,,,,,,,,,,,,,,,,,,,,,,,0.1,-0.107530999,-1.1481505559,-19.480053975234583,0.1194529994,0.6333342185,6.129417932,-1.9281505559000005
842,842,,,,,,,,,,,,,,,,,,,,,,,,,,,,,,,,,,,,,,,,,,,,,,0.2,-0.311025137,-2.8926618154,3.8989677886022407,0.7527872179,0.6888693944000001,5.4960837135,-3.1126618154
843,843,,,,,,,,,,,,,,,,,,,,,,,,,,,,,,,,,,,,,,,,,,,,,,0.3,-0.5674373761,-2.2463527974,1.343512845206358,1.4416566123,0.4772550470999999,4.8072143191,-2.0663527974000004
844,844,,,,,,,,,,,,,,,,,,,,,,,,,,,,,,,,,,,,,,,,,,,,,,0.4,-0.7747069523,-1.9047319368,-19.77907381419212,1.9189116594,1.0681281914,4.329959272,-1.4847319367999998
845,845,,,,,,,,,,,,,,,,,,,,,,,,,,,,,,,,,,,,,,,,,,,,,,0.5,-1.0516457977,-3.6057004728,7.695757161676648,2.9870398508,1.1230475165000002,3.2618310806,-3.1057004728
846,846,,,,,,,,,,,,,,,,,,,,,,,,,,,,,,,,,,,,,,,,,,,,,,0.6,-1.3575459736,-2.5302245807,19.312084416869,4.1100873673,0.6496442648,2.1387835641,-2.1102245807
847,847,,,,,,,,,,,,,,,,,,,,,,,,,,,,,,,,,,,,,,,,,,,,,,0.7,-1.504908076,-0.4516540366,-5.068954240201736,4.7597316321,0.2956947357999997,1.4891392992999997,-0.2716540365999998
848,848,,,,,,,,,,,,,,,,,,,,,,,,,,,,,,,,,,,,,,,,,,,,,,0.8,-1.5724080732,-0.8910494634,-7.844879648368558,5.0554263679,0.4503404260000003,1.1934445635,-1.1110494634
849,849,,,,,,,,,,,,,,,,,,,,,,,,,,,,,,,,,,,,,,,,,,,,,,0.9,-1.6951510562,-1.5527944453,-9.45796181213381,5.5057667939,0.7431041374999996,0.7431041374999996,-2.3327944453
850,850,,,,,,,,,,,,,,,,,,,,,,,,,,,,,,,,,,,,,,,,,,,,,,0.0,0.0,-1.0,-2.8196167847164686,0.0,0.1229833893,4.6478962841,0.2228563676
851,851,,,,,,,,,,,,,,,,,,,,,,,,,,,,,,,,,,,,,,,,,,,,,,0.1,-0.1088022803,-1.1731593982,-1.5856846169192906,0.1229833893,0.1465680144,4.5249128948,0.2228563676
852,852,,,,,,,,,,,,,,,,,,,,,,,,,,,,,,,,,,,,,,,,,,,,,,0.2,-0.2281137722,-1.2124163679,-20.768388388823684,0.2695514037,0.7210658139999999,4.3783448804,0.2228563676
853,853,,,,,,,,,,,,,,,,,,,,,,,,,,,,,,,,,,,,,,,,,,,,,,0.3,-0.4439558158,-3.0734131633,3.361021896569921,0.9906172177,0.8068362953,3.6572790664,0.2228563676
854,854,,,,,,,,,,,,,,,,,,,,,,,,,,,,,,,,,,,,,,,,,,,,,,0.4,-0.7201712149,-2.4610955745,20.488596233653467,1.797453513,0.4972373204999998,2.8504427711,0.2228563676
855,855,,,,,,,,,,,,,,,,,,,,,,,,,,,,,,,,,,,,,,,,,,,,,,0.5,-0.8552635336,-0.2771436324,-20.693231159037037,2.2946908335,0.4870744886000002,2.3532054506,0.2228563676
856,856,,,,,,,,,,,,,,,,,,,,,,,,,,,,,,,,,,,,,,,,,,,,,,0.6,-0.981738971,-2.219991311,20.62424894934385,2.7817653221,0.4878990621999999,1.866130962,0.2228563676
857,857,,,,,,,,,,,,,,,,,,,,,,,,,,,,,,,,,,,,,,,,,,,,,,0.7,-1.0932309863,-0.0460744007,-19.887154160793447,3.2696643843,0.4559113978,1.3782318997999998,0.2228563676
858,858,,,,,,,,,,,,,,,,,,,,,,,,,,,,,,,,,,,,,,,,,,,,,,0.8,-1.1938180253,-1.9342027778,20.78386128624561,3.7255757821,0.4819014216999999,0.9223205019999998,0.2228563676
859,859,,,,,,,,,,,,,,,,,,,,,,,,,,,,,,,,,,,,,,,,,,,,,,0.9,-1.2773415298,0.2277068553,-19.48650186599949,4.2074772038,0.4404190802999999,0.4404190802999999,0.2228563676
860,860,,,,,,,,,,,,,,,,,,,,,,,,,,,,,,,,,,,,,,,,,,,,,,0.0,0.0,-1.0,-2.880693202727976,0.0,0.1238198891,4.5688239074,0.4998044831000001
861,861,,,,,,,,,,,,,,,,,,,,,,,,,,,,,,,,,,,,,,,,,,,,,,0.1,-0.1090977335,-1.1789715868,-1.8604060418453692,0.1238198891,0.1516283097,4.4450040183,0.4998044831000001
862,862,,,,,,,,,,,,,,,,,,,,,,,,,,,,,,,,,,,,,,,,,,,,,,0.2,-0.2302912675,-1.2438186569,-20.096224773872752,0.2754481988,0.7043209919,4.293375708599999,0.4998044831000001
863,863,,,,,,,,,,,,,,,,,,,,,,,,,,,,,,,,,,,,,,,,,,,,,,0.3,-0.4458701161,-3.0378622857,3.797419340558574,0.9797691907,0.7786638624000001,3.5890547167,0.4998044831000001
864,864,,,,,,,,,,,,,,,,,,,,,,,,,,,,,,,,,,,,,,,,,,,,,,0.4,-0.7165913326,-2.3873991352,1.4091866902892851,1.7584330531,0.5569860403,2.8103908543,0.4998044831000001
865,865,,,,,,,,,,,,,,,,,,,,,,,,,,,,,,,,,,,,,,,,,,,,,,0.5,-0.9369655412,-2.0261062576,0.4266370496405185,2.3154190934,0.4716596429999997,2.253404814,0.4998044831000001
866,866,,,,,,,,,,,,,,,,,,,,,,,,,,,,,,,,,,,,,,,,,,,,,,0.6,-1.1277112084,-1.7926968854,20.40616872756215,2.7870787364,0.4366469466000002,1.7817451709999998,0.4998044831000001
867,867,,,,,,,,,,,,,,,,,,,,,,,,,,,,,,,,,,,,,,,,,,,,,,0.7,-1.1995957041,0.3198044831,-20.33433374834297,3.223725683,0.4332806441999999,1.3450982243999996,0.4998044831000001
868,868,,,,,,,,,,,,,,,,,,,,,,,,,,,,,,,,,,,,,,,,,,,,,,0.8,-1.2675278446,-1.6456967513,19.35241505860349,3.6570063272,0.4333585152999997,0.9118175801999996,0.4998044831000001
869,869,,,,,,,,,,,,,,,,,,,,,,,,,,,,,,,,,,,,,,,,,,,,,,0.9,-1.3305211339,0.3525380439,-20.859039695825263,4.0903648425,0.4784590649,0.4784590649,0.4998044831000001
870,870,,,,,,,,,,,,,,,,,,,,,,,,,,,,,,,,,,,,,,,,,,,,,,0.0,0.0,-1.0,-3.0676470885660234,0.0,0.1264179478,4.719447909700001,0.1965562249999999
871,871,,,,,,,,,,,,,,,,,,,,,,,,,,,,,,,,,,,,,,,,,,,,,,0.1,-0.1100021099,-1.196762599,-2.5133820922949868,0.1264179478,0.1652539614999999,4.593029961900001,0.1965562249999999
872,872,,,,,,,,,,,,,,,,,,,,,,,,,,,,,,,,,,,,,,,,,,,,,,0.2,-0.2360473922,-1.3220555259,-19.283886350890555,0.2916719093,0.7016866676,4.427776000400001,0.1965562249999999
873,873,,,,,,,,,,,,,,,,,,,,,,,,,,,,,,,,,,,,,,,,,,,,,,0.3,-0.4551418216,-3.0313497315,3.2057475628418466,0.9933585769,0.7893783649000001,3.7260893328,0.1965562249999999
874,874,,,,,,,,,,,,,,,,,,,,,,,,,,,,,,,,,,,,,,,,,,,,,,0.4,-0.7281054936,-2.4378113033,19.990831024092067,1.7827369418,0.4871317586999999,2.9367109679000003,0.1965562249999999
875,875,,,,,,,,,,,,,,,,,,,,,,,,,,,,,,,,,,,,,,,,,,,,,,0.5,-0.8633899195,-0.303443775,-20.8637445437856,2.2698687005,0.5013549202999998,2.4495792092000004,0.1965562249999999
876,876,,,,,,,,,,,,,,,,,,,,,,,,,,,,,,,,,,,,,,,,,,,,,,0.6,-0.9931929693,-2.2600151795,20.26672538720913,2.7712236208,0.4951355024000001,1.9482242889000003,0.1965562249999999
877,877,,,,,,,,,,,,,,,,,,,,,,,,,,,,,,,,,,,,,,,,,,,,,,0.7,-1.1102232394,-0.1163123707,-19.538897709382724,3.2663591232,0.4626326935999998,1.4530887865000004,0.1965562249999999
878,878,,,,,,,,,,,,,,,,,,,,,,,,,,,,,,,,,,,,,,,,,,,,,,0.8,-1.2158096314,-1.9646157497,20.045667998242717,3.7289918168,0.4819135683000004,0.9904560929000006,0.1965562249999999
879,879,,,,,,,,,,,,,,,,,,,,,,,,,,,,,,,,,,,,,,,,,,,,,,0.9,-1.3057982617,0.1299396804,-20.904358662082156,4.2109053851,0.5085425246000002,0.5085425246000002,0.1965562249999999
880,880,,,,,,,,,,,,,,,,,,,,,,,,,,,,,,,,,,,,,,,,,,,,,,0.0,0.0,-1.0,-3.0523574030227527,0.0,0.1262033433,4.5678108542,0.4936467187000002
881,881,,,,,,,,,,,,,,,,,,,,,,,,,,,,,,,,,,,,,,,,,,,,,,0.1,-0.1099281473,-1.195307593,-2.242616331119532,0.1262033433,0.1609089637,4.4416075109,0.4936467187000002
882,882,,,,,,,,,,,,,,,,,,,,,,,,,,,,,,,,,,,,,,,,,,,,,,0.2,-0.2345251648,-1.2949722087,-19.442390172884625,0.287112307,0.6971840623,4.2806985472,0.4936467187000002
883,883,,,,,,,,,,,,,,,,,,,,,,,,,,,,,,,,,,,,,,,,,,,,,,0.3,-0.4518090253,-3.0219273654,3.687673341972332,0.9842963693,0.7734241334,3.5835144849,0.4936467187000002
884,884,,,,,,,,,,,,,,,,,,,,,,,,,,,,,,,,,,,,,,,,,,,,,,0.4,-0.7215447241,-2.3834243324,1.81942600802944,1.7577205027,0.548207736,2.8100903515000004,0.4936467187000002
885,885,,,,,,,,,,,,,,,,,,,,,,,,,,,,,,,,,,,,,,,,,,,,,,0.5,-0.9395561783,-1.9834702774,-0.230270398572985,2.3059282387,0.4683537924999998,2.2618826155,0.4936467187000002
886,886,,,,,,,,,,,,,,,,,,,,,,,,,,,,,,,,,,,,,,,,,,,,,,0.6,-1.12942225,-1.8166312456,20.569036737750107,2.7742820312,0.4433939599000003,1.7935288230000004,0.4936467187000002
887,887,,,,,,,,,,,,,,,,,,,,,,,,,,,,,,,,,,,,,,,,,,,,,,0.7,-1.2027965405,0.3136467187,-20.774009497892663,3.2176759911,0.4484730832999997,1.3501348631,0.4936467187000002
888,888,,,,,,,,,,,,,,,,,,,,,,,,,,,,,,,,,,,,,,,,,,,,,,0.8,-1.2734415768,-1.6931091948,19.840731934571995,3.6661490744,0.4493610862000006,0.9016617798000004,0.4936467187000002
889,889,,,,,,,,,,,,,,,,,,,,,,,,,,,,,,,,,,,,,,,,,,,,,,0.9,-1.3385845715,0.3561069934,-19.938118911671808,4.1155101606,0.4523006935999998,0.4523006935999998,0.4936467187000002
890,890,,,,,,,,,,,,,,,,,,,,,,,,,,,,,,,,,,,,,,,,,,,,,,0.0,0.0,-1.0,-4.179171609504399,0.0,0.1430339037,4.6043243445,0.3776519875
891,891,,,,,,,,,,,,,,,,,,,,,,,,,,,,,,,,,,,,,,,,,,,,,,0.1,-0.1153789873,-1.3025381737,-0.5179406750996423,0.1430339037,0.1634440113,4.4612904408,0.3776519875
892,892,,,,,,,,,,,,,,,,,,,,,,,,,,,,,,,,,,,,,,,,,,,,,,0.2,-0.2418374442,-1.2278737843,-19.4355935688109,0.306477915,0.6699835589,4.2978464295,0.3776519875
893,893,,,,,,,,,,,,,,,,,,,,,,,,,,,,,,,,,,,,,,,,,,,,,,0.3,-0.4527031671,-2.9605674183,4.0516800777028585,0.9764614739,0.7343769938999999,3.6278628706,0.3776519875
894,894,,,,,,,,,,,,,,,,,,,,,,,,,,,,,,,,,,,,,,,,,,,,,,0.4,-0.7148389194,-2.2932636582,-0.9096330788274156,1.7108384678,0.5650672313,2.8934858767,0.3776519875
895,895,,,,,,,,,,,,,,,,,,,,,,,,,,,,,,,,,,,,,,,,,,,,,,0.5,-0.9374725153,-2.1615933701,20.10814020179476,2.2759056991,0.4591421416000001,2.3284186454,0.3776519875
896,896,,,,,,,,,,,,,,,,,,,,,,,,,,,,,,,,,,,,,,,,,,,,,,0.6,-1.0459038528,-0.0423480125,-20.42336793087602,2.7350478407,0.4626153501000001,1.8692765038,0.3776519875
897,897,,,,,,,,,,,,,,,,,,,,,,,,,,,,,,,,,,,,,,,,,,,,,,0.7,-1.1487301676,-1.9818584908,19.22413151984729,3.1976631908,0.4574162555999996,1.4066611537,0.3776519875
898,898,,,,,,,,,,,,,,,,,,,,,,,,,,,,,,,,,,,,,,,,,,,,,,0.8,-1.244333776,0.0361582696,-19.363096402653824,3.6550794464,0.4596671729000001,0.9492448981000003,0.3776519875
899,899,,,,,,,,,,,,,,,,,,,,,,,,,,,,,,,,,,,,,,,,,,,,,,0.9,-1.3345602467,-1.8099248999,20.224565704682853,4.1147466193,0.4895777252000002,0.4895777252000002,0.3776519875
900,,,,,,,,,,,,,,,,,,,,,,,,,,,,,,,,,,,,,,,,,,,,,,,0.0,0.0,-1.0,-20.005940164637558,0.0,0.5967503518,3.8205822061,0.14229227200000016
901,,,,,,,,,,,,,,,,,,,,,,,,,,,,,,,,,,,,,,,,,,,,,,,0.1,-0.1919396762,-2.8086543402,18.364537068841308,0.5967503518,0.5300149491,3.2238318543,0.14229227200000016
902,,,,,,,,,,,,,,,,,,,,,,,,,,,,,,,,,,,,,,,,,,,,,,,0.2,-0.370381521,-0.7937587886,-20.82025054831552,1.1267653009,0.577509418,2.6938169052000003,0.14229227200000016
903,,,,,,,,,,,,,,,,,,,,,,,,,,,,,,,,,,,,,,,,,,,,,,,0.3,-0.5466338972,-2.6995314672,18.715984800923756,1.7042747189,0.5285646804999999,2.1163074872000003,0.14229227200000016
904,,,,,,,,,,,,,,,,,,,,,,,,,,,,,,,,,,,,,,,,,,,,,,,0.4,-0.7129912531,-0.6615756312,-20.93460317591804,2.2328393994,0.5807741491999998,1.5877428067000001,0.14229227200000016
905,,,,,,,,,,,,,,,,,,,,,,,,,,,,,,,,,,,,,,,,,,,,,,,0.5,-0.8772177011,-2.5908095008,20.70649050475155,2.8136135486,0.5636654919000001,1.0069686575000003,0.14229227200000016
906,,,,,,,,,,,,,,,,,,,,,,,,,,,,,,,,,,,,,,,,,,,,,,,0.6,-1.0235998891,-0.3737782623,3.1577490162175526,3.3772790405,0.11749948990000014,0.44330316560000016,0.14229227200000016
907,,,,,,,,,,,,,,,,,,,,,,,,,,,,,,,,,,,,,,,,,,,,,,,0.7,-1.0438955218,-0.037707728,1.2593230748334374,3.4947785304,0.10990767420000003,0.3258036757,0.14229227200000016
908,,,,,,,,,,,,,,,,,,,,,,,,,,,,,,,,,,,,,,,,,,,,,,,0.8,-1.041392097,0.0857211547,-0.7557087264614866,3.6046862046,0.10838589119999975,0.2158960015,0.14229227200000016
909,,,,,,,,,,,,,,,,,,,,,,,,,,,,,,,,,,,,,,,,,,,,,,,0.9,-1.036890005,0.0056481901,-0.1275974689750401,3.7130720958,0.10751011030000024,0.10751011030000024,0.14229227200000016
910,,,,,,,,,,,,,,,,,,,,,,,,,,,,,,,,,,,,,,,,,,,,,,,0.0,0.0,-1.0,-19.553538153477962,0.0,0.5781475996,3.5608486868,0.15246950610000015
911,,,,,,,,,,,,,,,,,,,,,,,,,,,,,,,,,,,,,,,,,,,,,,,0.1,-0.1897512187,-2.7656025966,17.468223056727986,0.5781475996,0.5117081095000001,2.9827010872,0.15246950610000015
912,,,,,,,,,,,,,,,,,,,,,,,,,,,,,,,,,,,,,,,,,,,,,,,0.2,-0.368431994,-0.8400995157,-19.132372665534522,1.0898557091,0.5254522455999999,2.4709929777,0.15246950610000015
913,,,,,,,,,,,,,,,,,,,,,,,,,,,,,,,,,,,,,,,,,,,,,,,0.3,-0.5409293062,-2.5808394701,18.288569793955766,1.6153079547,0.48766028949999995,1.9455407321,0.15246950610000015
914,,,,,,,,,,,,,,,,,,,,,,,,,,,,,,,,,,,,,,,,,,,,,,,0.4,-0.69805921,-0.5948525868,-20.233149325463643,2.1029682442,0.5303691600000002,1.4578804426,0.15246950610000015
915,,,,,,,,,,,,,,,,,,,,,,,,,,,,,,,,,,,,,,,,,,,,,,,0.5,-0.8525430244,-2.463683705,19.873077777977848,2.6333374042,0.5148413786999999,0.9275112825999998,0.15246950610000015
916,,,,,,,,,,,,,,,,,,,,,,,,,,,,,,,,,,,,,,,,,,,,,,,0.6,-0.9908591583,-0.3380597933,2.925074767097518,3.1481787829,0.10882940109999995,0.4126699038999999,0.15246950610000015
917,,,,,,,,,,,,,,,,,,,,,,,,,,,,,,,,,,,,,,,,,,,,,,,0.7,-1.008880981,-0.0275304939,0.8714889791271851,3.257008184,0.1022330976000001,0.30384050279999997,0.15246950610000015
918,,,,,,,,,,,,,,,,,,,,,,,,,,,,,,,,,,,,,,,,,,,,,,,0.8,-1.0072852619,0.0580226849,0.32669604231934835,3.3592412816,0.10135447479999993,0.20160740519999987,0.15246950610000015
919,,,,,,,,,,,,,,,,,,,,,,,,,,,,,,,,,,,,,,,,,,,,,,,0.9,-1.0001834121,0.0835904393,-1.0106961677828346,3.4605957564,0.10025293039999994,0.10025293039999994,0.15246950610000015
920,,,,,,,,,,,,,,,,,,,,,,,,,,,,,,,,,,,,,,,,,,,,,,,0.0,0.0,-1.0,-19.397935435509478,0.0,0.5718258628,3.622264087,0.23155919690000015
921,,,,,,,,,,,,,,,,,,,,,,,,,,,,,,,,,,,,,,,,,,,,,,,0.1,-0.1889985033,-2.7507950402,17.296741197838923,0.5718258628,0.5060213309,3.0504382242,0.23155919690000015
922,,,,,,,,,,,,,,,,,,,,,,,,,,,,,,,,,,,,,,,,,,,,,,,0.2,-0.3670996827,-0.843019741,-20.421565382811213,1.0778471937,0.5776218809,2.5444168933,0.23155919690000015
923,,,,,,,,,,,,,,,,,,,,,,,,,,,,,,,,,,,,,,,,,,,,,,,0.3,-0.5461112562,-2.7061647059,20.267530988541353,1.6554690746,0.5412575032999998,1.9667950124,0.23155919690000015
924,,,,,,,,,,,,,,,,,,,,,,,,,,,,,,,,,,,,,,,,,,,,,,,0.4,-0.7055943702,-0.519928493,-20.34911470306046,2.1967265779,0.5140299347000004,1.4255375091000002,0.23155919690000015
925,,,,,,,,,,,,,,,,,,,,,,,,,,,,,,,,,,,,,,,,,,,,,,,0.5,-0.853509263,-2.4069250705,19.9256461068735,2.7107565126,0.5001851724999997,0.9115075743999999,0.23155919690000015
926,,,,,,,,,,,,,,,,,,,,,,,,,,,,,,,,,,,,,,,,,,,,,,,0.6,-0.9861698029,-0.2816999199,3.220292932363633,3.2109416851,0.10629085550000017,0.41132240190000013,0.23155919690000015
927,,,,,,,,,,,,,,,,,,,,,,,,,,,,,,,,,,,,,,,,,,,,,,,0.7,-0.9973996265,0.0515591969,-1.4746618792657618,3.3172325406,0.10077515630000011,0.30503154639999996,0.23155919690000015
928,,,,,,,,,,,,,,,,,,,,,,,,,,,,,,,,,,,,,,,,,,,,,,,0.8,-0.9996264619,-0.0936801556,0.24638684168145475,3.4180076969,0.10138869949999973,0.20425639009999985,0.23155919690000015
929,,,,,,,,,,,,,,,,,,,,,,,,,,,,,,,,,,,,,,,,,,,,,,,0.9,-1.0073496651,-0.0613182682,1.471774735024298,3.5193963964,0.10286769060000012,0.10286769060000012,0.23155919690000015
930,,,,,,,,,,,,,,,,,,,,,,,,,,,,,,,,,,,,,,,,,,,,,,,0.0,0.0,-1.0,-19.435089166753112,0.0,0.5733317585,3.5793945352000005,0.09978011590000013
931,,,,,,,,,,,,,,,,,,,,,,,,,,,,,,,,,,,,,,,,,,,,,,,0.1,-0.1891782314,-2.7543306852,17.65367187342559,0.5733317585,0.5084091857999999,3.0060627767000003,0.09978011590000013
932,,,,,,,,,,,,,,,,,,,,,,,,,,,,,,,,,,,,,,,,,,,,,,,0.2,-0.3658892491,-0.8122524802,-19.81797834781011,1.0817409443,0.5428752007000002,2.4976535909,0.09978011590000013
933,,,,,,,,,,,,,,,,,,,,,,,,,,,,,,,,,,,,,,,,,,,,,,,0.3,-0.5390531287,-2.6208864354,18.42289589459503,1.624616145,0.5007000683,1.9547783902,0.09978011590000013
934,,,,,,,,,,,,,,,,,,,,,,,,,,,,,,,,,,,,,,,,,,,,,,,0.4,-0.6993442137,-0.618305761,-19.88999368856851,2.1253162133,0.5244694959,1.4540783219,0.09978011590000013
935,,,,,,,,,,,,,,,,,,,,,,,,,,,,,,,,,,,,,,,,,,,,,,,0.5,-0.8543997956,-2.452249548,19.181557560397938,2.6497857092,0.5057619877999997,0.9296088259999999,0.09978011590000013
936,,,,,,,,,,,,,,,,,,,,,,,,,,,,,,,,,,,,,,,,,,,,,,,0.6,-0.9949729987,-0.3935205888,2.898747674186364,3.155547697,0.11237807730000027,0.42384683820000024,0.09978011590000013
937,,,,,,,,,,,,,,,,,,,,,,,,,,,,,,,,,,,,,,,,,,,,,,,0.7,-1.0183989359,-0.0802198841,1.417520521073498,3.2679257743,0.1052149913,0.3114687609,0.09978011590000013
938,,,,,,,,,,,,,,,,,,,,,,,,,,,,,,,,,,,,,,,,,,,,,,,0.8,-1.0191757963,0.0623090284,0.27315206715893714,3.3731407656,0.10373459759999992,0.20625376959999997,0.09978011590000013
939,,,,,,,,,,,,,,,,,,,,,,,,,,,,,,,,,,,,,,,,,,,,,,,0.9,-1.0119252312,0.08237367,0.41150095710059875,3.4768753632,0.10251917200000005,0.10251917200000005,0.09978011590000013
940,,,,,,,,,,,,,,,,,,,,,,,,,,,,,,,,,,,,,,,,,,,,,,,0.0,0.0,-1.0,-20.82818645897169,0.0,0.6314098114,3.6687070283,0.17491969250000006
941,,,,,,,,,,,,,,,,,,,,,,,,,,,,,,,,,,,,,,,,,,,,,,,0.1,-0.1959172255,-2.8869014204,18.931082321944814,0.6314098114,0.5601130079000001,3.0372972169,0.17491969250000006
942,,,,,,,,,,,,,,,,,,,,,,,,,,,,,,,,,,,,,,,,,,,,,,,0.2,-0.379064648,-0.8106457657,-19.95235326177371,1.1915228193,0.5488481552,2.477184209,0.17491969250000006
943,,,,,,,,,,,,,,,,,,,,,,,,,,,,,,,,,,,,,,,,,,,,,,,0.3,-0.5527256487,-2.6322200912,18.358009208218242,1.7403709745,0.5056662275000001,1.9283360538,0.17491969250000006
944,,,,,,,,,,,,,,,,,,,,,,,,,,,,,,,,,,,,,,,,,,,,,,,0.4,-0.7144091581,-0.6347356609,-19.11285688341124,2.246037202,0.5025320061,1.4226698263,0.17491969250000006
945,,,,,,,,,,,,,,,,,,,,,,,,,,,,,,,,,,,,,,,,,,,,,,,0.5,-0.8672688839,-2.3931616235,20.179589731920856,2.7485692081,0.5018096713999998,0.9201378201999999,0.17491969250000006
946,,,,,,,,,,,,,,,,,,,,,,,,,,,,,,,,,,,,,,,,,,,,,,,0.6,-0.9973912267,-0.2450803075,2.0382334203570895,3.2503788795,0.10547704689999993,0.41832814880000013,0.17491969250000006
947,,,,,,,,,,,,,,,,,,,,,,,,,,,,,,,,,,,,,,,,,,,,,,,0.7,-1.0108547449,-0.0277934473,-0.2776324812002815,3.3558559264,0.10274852690000014,0.3128511019000002,0.17491969250000006
948,,,,,,,,,,,,,,,,,,,,,,,,,,,,,,,,,,,,,,,,,,,,,,,0.8,-1.0148426697,-0.0515687706,-0.4900290965101819,3.4586044533,0.1043243358999999,0.21010257500000007,0.17491969250000006
949,,,,,,,,,,,,,,,,,,,,,,,,,,,,,,,,,,,,,,,,,,,,,,,0.9,-1.0221205683,-0.0932937817,0.8870860379535221,3.5629287892,0.10577823910000017,0.10577823910000017,0.17491969250000006
950,,,,,,,,,,,,,,,,,,,,,,,,,,,,,,,,,,,,,,,,,,,,,,,0.0,0.0,-1.0,-20.22131439986521,0.0,0.6057229798,3.6599191423,0.22201502670000017
951,,,,,,,,,,,,,,,,,,,,,,,,,,,,,,,,,,,,,,,,,,,,,,,0.1,-0.1929815315,-2.8291499085,17.070345290052497,0.6057229798,0.5333940181,3.0541961625000003,0.22201502670000017
952,,,,,,,,,,,,,,,,,,,,,,,,,,,,,,,,,,,,,,,,,,,,,,,0.2,-0.3796344164,-0.9354624946,-19.06625247310024,1.1391169979,0.5561526855000001,2.5208021444,0.22201502670000017
953,,,,,,,,,,,,,,,,,,,,,,,,,,,,,,,,,,,,,,,,,,,,,,,0.3,-0.5608868213,-2.660835337,19.115143046749278,1.6952696834,0.5204448257000001,1.9646494589,0.22201502670000017
954,,,,,,,,,,,,,,,,,,,,,,,,,,,,,,,,,,,,,,,,,,,,,,,0.4,-0.7216308585,-0.5885769951,-19.843809667121025,2.2157145091,0.5173244032,1.4442046332,0.22201502670000017
955,,,,,,,,,,,,,,,,,,,,,,,,,,,,,,,,,,,,,,,,,,,,,,,0.5,-0.8736340725,-2.4209547479,19.87433019467213,2.7330389123,0.5072280243999998,0.9268802300000001,0.22201502670000017
956,,,,,,,,,,,,,,,,,,,,,,,,,,,,,,,,,,,,,,,,,,,,,,,0.6,-1.0078779496,-0.2992778512,3.2871357504987895,3.2402669367,0.11139151980000017,0.41965220560000027,0.22201502670000017
957,,,,,,,,,,,,,,,,,,,,,,,,,,,,,,,,,,,,,,,,,,,,,,,0.7,-1.0204572526,0.0420150267,0.34338492407927945,3.3516584565,0.1039915776,0.3082606858000001,0.22201502670000017
958,,,,,,,,,,,,,,,,,,,,,,,,,,,,,,,,,,,,,,,,,,,,,,,0.8,-1.0147978986,0.0706941652,0.4020572032754379,3.4556500341,0.10299806979999993,0.2042691082000001,0.22201502670000017
959,,,,,,,,,,,,,,,,,,,,,,,,,,,,,,,,,,,,,,,,,,,,,,,0.9,-1.006125654,0.1022276409,-0.8636187854764996,3.5586481039,0.10127103840000018,0.10127103840000018,0.22201502670000017
960,960,960.0,960.0,960.0,960.0,960.0,960.0,960.0,960.0,960.0,960.0,960.0,960.0,960.0,960.0,960.0,960.0,960.0,960.0,,,,,,,,,,,,,,,,,,,,,,,,,,,,0.0,0.0,-1.0,9.273633917849672,0.0,0.0764002336,2.6338801617,-2.5
961,961,961.0,961.0,961.0,961.0,961.0,961.0,961.0,961.0,961.0,961.0,961.0,961.0,961.0,961.0,961.0,961.0,961.0,961.0,,,,,,,,,,,,,,,,,,,,,,,,,,,,0.1,-0.0503021377,-0.0223344705,-19.337710668158635,0.0764002336,0.3074187329,2.5574799281,-0.8023344705000002
962,962,962.0,962.0,962.0,962.0,962.0,962.0,962.0,962.0,962.0,962.0,962.0,962.0,962.0,962.0,962.0,962.0,962.0,962.0,,,,,,,,,,,,,,,,,,,,,,,,,,,,0.2,-0.1459721348,-1.8604355403,15.631511691791212,0.3838189665,0.2526574265,2.2500611952,-2.0804355403
963,963,963.0,963.0,963.0,963.0,963.0,963.0,963.0,963.0,963.0,963.0,963.0,963.0,963.0,963.0,963.0,963.0,963.0,963.0,,,,,,,,,,,,,,,,,,,,,,,,,,,,0.3,-0.2473998315,-0.1958566743,-20.03400785542055,0.636476393,0.3723919731999999,1.9974037687,-0.0158566743
964,964,964.0,964.0,964.0,964.0,964.0,964.0,964.0,964.0,964.0,964.0,964.0,964.0,964.0,964.0,964.0,964.0,964.0,964.0,,,,,,,,,,,,,,,,,,,,,,,,,,,,0.4,-0.3629508995,-2.0837063919,10.387231874633864,1.0088683662,0.3050028142000001,1.6250117955,-1.6637063919
965,965,965.0,965.0,965.0,965.0,965.0,965.0,965.0,965.0,965.0,965.0,965.0,965.0,965.0,965.0,965.0,965.0,965.0,965.0,,,,,,,,,,,,,,,,,,,,,,,,,,,,0.5,-0.5109944086,-0.8969396953,-2.5479134271930155,1.3138711804,0.1301411985999998,1.3200089813,-0.3969396952999999
966,966,966.0,966.0,966.0,966.0,966.0,966.0,966.0,966.0,966.0,966.0,966.0,966.0,966.0,966.0,966.0,966.0,966.0,966.0,,,,,,,,,,,,,,,,,,,,,,,,,,,,0.6,-0.6086748008,-1.0540506459,-3.612197454487725,1.444012379,0.1901483487000002,1.1898677827000002,-0.6340506459
967,967,967.0,967.0,967.0,967.0,967.0,967.0,967.0,967.0,967.0,967.0,967.0,967.0,967.0,967.0,967.0,967.0,967.0,967.0,,,,,,,,,,,,,,,,,,,,,,,,,,,,0.7,-0.726454699,-1.2974904931,-2.4602142482489464,1.6341607277,0.2494620473,0.999719434,-1.1174904930999998
968,968,968.0,968.0,968.0,968.0,968.0,968.0,968.0,968.0,968.0,968.0,968.0,968.0,968.0,968.0,968.0,968.0,968.0,968.0,,,,,,,,,,,,,,,,,,,,,,,,,,,,0.8,-0.861828161,-1.4081384559,-3.610226803358168,1.883622775,0.3240707048,0.7502573867,-1.6281384559000005
969,969,969.0,969.0,969.0,969.0,969.0,969.0,969.0,969.0,969.0,969.0,969.0,969.0,969.0,969.0,969.0,969.0,969.0,969.0,,,,,,,,,,,,,,,,,,,,,,,,,,,,0.9,-1.0132942505,-1.6176950468,-3.8421777391137697,2.2076934798,0.4261866819,0.4261866819,-2.3976950468
970,970,970.0,970.0,970.0,970.0,970.0,970.0,970.0,970.0,970.0,970.0,970.0,970.0,970.0,970.0,970.0,970.0,970.0,970.0,,,,,,,,,,,,,,,,,,,,,,,,,,,,0.0,0.0,-1.0,9.68259623806578,0.0,0.0789660399,2.284675606,0.5745166538000002
971,971,971.0,971.0,971.0,971.0,971.0,971.0,971.0,971.0,971.0,971.0,971.0,971.0,971.0,971.0,971.0,971.0,971.0,971.0,,,,,,,,,,,,,,,,,,,,,,,,,,,,0.1,-0.048323816,0.0165834398,-19.04244924492065,0.0789660399,0.2913765826,2.2057095661,0.5745166538000002
972,972,972.0,972.0,972.0,972.0,972.0,972.0,972.0,972.0,972.0,972.0,972.0,972.0,972.0,972.0,972.0,972.0,972.0,972.0,,,,,,,,,,,,,,,,,,,,,,,,,,,,0.2,-0.1388619771,-1.7971233236,15.86570894660048,0.3703426225,0.2423463496999999,1.9143329835,0.5745166538000002
973,973,973.0,973.0,973.0,973.0,973.0,973.0,973.0,973.0,973.0,973.0,973.0,973.0,973.0,973.0,973.0,973.0,973.0,973.0,,,,,,,,,,,,,,,,,,,,,,,,,,,,0.3,-0.2331318096,-0.1162825964,-20.73414915613554,0.6126889722,0.3785843143,1.6719866338,0.5745166538000002
974,974,974.0,974.0,974.0,974.0,974.0,974.0,974.0,974.0,974.0,974.0,974.0,974.0,974.0,974.0,974.0,974.0,974.0,974.0,,,,,,,,,,,,,,,,,,,,,,,,,,,,0.4,-0.3444973048,-2.0783320169,12.044485152499805,0.9912732865,0.3004936804,1.2934023195,0.5745166538000002
975,975,975.0,975.0,975.0,975.0,975.0,975.0,975.0,975.0,975.0,975.0,975.0,975.0,975.0,975.0,975.0,975.0,975.0,975.0,,,,,,,,,,,,,,,,,,,,,,,,,,,,0.5,-0.4840125454,-0.734368261,-5.0678521054203305,1.2917669669,0.1313069581999999,0.9929086391,0.5745166538000002
976,976,976.0,976.0,976.0,976.0,976.0,976.0,976.0,976.0,976.0,976.0,976.0,976.0,976.0,976.0,976.0,976.0,976.0,976.0,,,,,,,,,,,,,,,,,,,,,,,,,,,,0.6,-0.578411581,-1.146754436,15.049431717593162,1.4230739251,0.183392491,0.8616016809,0.5745166538000002
977,977,977.0,977.0,977.0,977.0,977.0,977.0,977.0,977.0,977.0,977.0,977.0,977.0,977.0,977.0,977.0,977.0,977.0,977.0,,,,,,,,,,,,,,,,,,,,,,,,,,,,0.7,-0.614739499,0.3945166538,-19.851080143656475,1.6064664161,0.3016288188,0.6782091899,0.5745166538000002
978,978,978.0,978.0,978.0,978.0,978.0,978.0,978.0,978.0,978.0,978.0,978.0,978.0,978.0,978.0,978.0,978.0,978.0,978.0,,,,,,,,,,,,,,,,,,,,,,,,,,,,0.8,-0.6732242328,-1.5321066268,4.687488932216914,1.9080952349,0.2203492980000001,0.3765803711,0.5745166538000002
979,979,979.0,979.0,979.0,979.0,979.0,979.0,979.0,979.0,979.0,979.0,979.0,979.0,979.0,979.0,979.0,979.0,979.0,979.0,,,,,,,,,,,,,,,,,,,,,,,,,,,,0.9,-0.7963483722,-0.9402335941,-0.5589183818274108,2.1284445329,0.1562310730999998,0.1562310730999998,0.5745166538000002
980,980,980.0,980.0,980.0,980.0,980.0,980.0,980.0,980.0,980.0,980.0,980.0,980.0,980.0,980.0,980.0,980.0,980.0,980.0,,,,,,,,,,,,,,,,,,,,,,,,,,,,0.0,0.0,-1.0,8.931701067097999,0.0,0.0744629194,2.4481107206,0.511863678
981,981,981.0,981.0,981.0,981.0,981.0,981.0,981.0,981.0,981.0,981.0,981.0,981.0,981.0,981.0,981.0,981.0,981.0,981.0,,,,,,,,,,,,,,,,,,,,,,,,,,,,0.1,-0.0519562099,-0.0548736834,-19.30062539014924,0.0744629194,0.3122245868,2.3736478012,0.511863678
982,982,982.0,982.0,982.0,982.0,982.0,982.0,982.0,982.0,982.0,982.0,982.0,982.0,982.0,982.0,982.0,982.0,982.0,982.0,,,,,,,,,,,,,,,,,,,,,,,,,,,,0.2,-0.1505433255,-1.8863491068,15.16610759526404,0.3866875062,0.2544266146,2.0614232144,0.511863678
983,983,983.0,983.0,983.0,983.0,983.0,983.0,983.0,983.0,983.0,983.0,983.0,983.0,983.0,983.0,983.0,983.0,983.0,983.0,,,,,,,,,,,,,,,,,,,,,,,,,,,,0.3,-0.2566883783,-0.2635932944,-20.48053315662217,0.6411141208,0.4040161043000001,1.8069965998,0.511863678
984,984,984.0,984.0,984.0,984.0,984.0,984.0,984.0,984.0,984.0,984.0,984.0,984.0,984.0,984.0,984.0,984.0,984.0,984.0,,,,,,,,,,,,,,,,,,,,,,,,,,,,0.4,-0.3808454923,-2.1874894961,20.92404357401856,1.0451302251,0.3941821719999998,1.4029804954999998,0.511863678
985,985,985.0,985.0,985.0,985.0,985.0,985.0,985.0,985.0,985.0,985.0,985.0,985.0,985.0,985.0,985.0,985.0,985.0,985.0,,,,,,,,,,,,,,,,,,,,,,,,,,,,0.5,-0.487794309,0.011863678,-20.28338811929981,1.4393123971,0.3580039123,1.0087983235,0.511863678
986,986,986.0,986.0,986.0,986.0,986.0,986.0,986.0,986.0,986.0,986.0,986.0,986.0,986.0,986.0,986.0,986.0,986.0,986.0,,,,,,,,,,,,,,,,,,,,,,,,,,,,0.6,-0.5847845525,-1.9194848905,10.027001642354575,1.7973163094,0.2849097051999998,0.6507944111999999,0.511863678
987,987,987.0,987.0,987.0,987.0,987.0,987.0,987.0,987.0,987.0,987.0,987.0,987.0,987.0,987.0,987.0,987.0,987.0,987.0,,,,,,,,,,,,,,,,,,,,,,,,,,,,0.7,-0.7189429214,-0.7826263573,-0.5805849976361561,2.0822260146,0.1173724603000003,0.3658847060000001,0.511863678
988,988,988.0,988.0,988.0,988.0,988.0,988.0,988.0,988.0,988.0,988.0,988.0,988.0,988.0,988.0,988.0,988.0,988.0,988.0,,,,,,,,,,,,,,,,,,,,,,,,,,,,0.8,-0.7962286346,-0.7633991439,-0.409958089970065,2.1995984749,0.1253661254999998,0.2485122456999997,0.511863678
989,989,989.0,989.0,989.0,989.0,989.0,989.0,989.0,989.0,989.0,989.0,989.0,989.0,989.0,989.0,989.0,989.0,989.0,989.0,,,,,,,,,,,,,,,,,,,,,,,,,,,,0.9,-0.8708596489,-0.7297639386,1.230307950009945,2.3249646004,0.1231461201999999,0.1231461201999999,0.511863678
990,990,990.0,990.0,990.0,990.0,990.0,990.0,990.0,990.0,990.0,990.0,990.0,990.0,990.0,990.0,990.0,990.0,990.0,990.0,,,,,,,,,,,,,,,,,,,,,,,,,,,,0.0,0.0,-1.0,9.888840816765104,0.0,0.0803627732,2.61426597,0.0797925542999999
991,991,991.0,991.0,991.0,991.0,991.0,991.0,991.0,991.0,991.0,991.0,991.0,991.0,991.0,991.0,991.0,991.0,991.0,991.0,,,,,,,,,,,,,,,,,,,,,,,,,,,,0.1,-0.0473261247,0.0362102064,-20.85854137366029,0.0803627732,0.3461748847999999,2.5339031968,0.0797925542999999
992,992,992.0,992.0,992.0,992.0,992.0,992.0,992.0,992.0,992.0,992.0,992.0,992.0,992.0,992.0,992.0,992.0,992.0,992.0,,,,,,,,,,,,,,,,,,,,,,,,,,,,0.2,-0.14478175,-1.9521883057,17.50904128598073,0.426537658,0.2885574078,2.187728312,0.0797925542999999
993,993,993.0,993.0,993.0,993.0,993.0,993.0,993.0,993.0,993.0,993.0,993.0,993.0,993.0,993.0,993.0,993.0,993.0,993.0,,,,,,,,,,,,,,,,,,,,,,,,,,,,0.3,-0.2458584814,-0.1002074457,-19.877964118017616,0.7150950658,0.3469053349999998,1.8991709042,0.0797925542999999
994,994,994.0,994.0,994.0,994.0,994.0,994.0,994.0,994.0,994.0,994.0,994.0,994.0,994.0,994.0,994.0,994.0,994.0,994.0,,,,,,,,,,,,,,,,,,,,,,,,,,,,0.4,-0.351552435,-1.9823099039,9.263491016410134,1.0620004008,0.2781888169000002,1.5522655692,0.0797925542999999
995,995,995.0,995.0,995.0,995.0,995.0,995.0,995.0,995.0,995.0,995.0,995.0,995.0,995.0,995.0,995.0,995.0,995.0,995.0,,,,,,,,,,,,,,,,,,,,,,,,,,,,0.5,-0.4953827979,-0.9121304393,-1.9350467841547112,1.3401892177,0.1239461675999999,1.2740767522999998,0.0797925542999999
996,996,996.0,996.0,996.0,996.0,996.0,996.0,996.0,996.0,996.0,996.0,996.0,996.0,996.0,996.0,996.0,996.0,996.0,996.0,,,,,,,,,,,,,,,,,,,,,,,,,,,,0.6,-0.591543889,-1.0094740267,-4.832214191109812,1.4641353853,0.1975747338999998,1.1501305846999998,0.0797925542999999
997,997,997.0,997.0,997.0,997.0,997.0,997.0,997.0,997.0,997.0,997.0,997.0,997.0,997.0,997.0,997.0,997.0,997.0,997.0,,,,,,,,,,,,,,,,,,,,,,,,,,,,0.7,-0.7109835305,-1.3732558043,-1.2698803805578232,1.6617101192,0.2489344643000002,0.9525558508,0.0797925542999999
998,998,998.0,998.0,998.0,998.0,998.0,998.0,998.0,998.0,998.0,998.0,998.0,998.0,998.0,998.0,998.0,998.0,998.0,998.0,,,,,,,,,,,,,,,,,,,,,,,,,,,,0.8,-0.8478090484,-1.3634183244,-4.730006076699135,1.9106445835,0.3300958391999999,0.7036213864999998,0.0797925542999999
999,999,999.0,999.0,999.0,999.0,999.0,999.0,999.0,999.0,999.0,999.0,999.0,999.0,999.0,999.0,999.0,999.0,999.0,999.0,,,,,,,,,,,,,,,,,,,,,,,,,,,,0.9,-1.0004363618,-1.6837916187,0.0449783266383025,2.2407404227,0.3735255472999998,0.3735255472999998,0.0797925542999999
1000,1000,1000.0,1000.0,1000.0,1000.0,1000.0,1000.0,1000.0,1000.0,1000.0,1000.0,1000.0,1000.0,1000.0,1000.0,1000.0,1000.0,1000.0,1000.0,,,,,,,,,,,,,,,,,,,,,,,,,,,,0.0,0.0,-1.0,9.732471942675271,0.0,0.0792974924,2.3840078759,0.7276081799000003
1001,1001,1001.0,1001.0,1001.0,1001.0,1001.0,1001.0,1001.0,1001.0,1001.0,1001.0,1001.0,1001.0,1001.0,1001.0,1001.0,1001.0,1001.0,1001.0,,,,,,,,,,,,,,,,,,,,,,,,,,,,0.1,-0.0480825464,0.0213297406,-20.00994750966493,0.0792974924,0.3209957206,2.3047103835,0.7276081799000003
1002,1002,1002.0,1002.0,1002.0,1002.0,1002.0,1002.0,1002.0,1002.0,1002.0,1002.0,1002.0,1002.0,1002.0,1002.0,1002.0,1002.0,1002.0,1002.0,,,,,,,,,,,,,,,,,,,,,,,,,,,,0.2,-0.1428492348,-1.8848983219,16.486604023388203,0.400293213,0.2649918472,1.9837146629,0.7276081799000003
1003,1003,1003.0,1003.0,1003.0,1003.0,1003.0,1003.0,1003.0,1003.0,1003.0,1003.0,1003.0,1003.0,1003.0,1003.0,1003.0,1003.0,1003.0,1003.0,,,,,,,,,,,,,,,,,,,,,,,,,,,,0.3,-0.2424684339,-0.1366187205,-20.50338822913411,0.6652850602,0.3754341486999999,1.7187228157,0.7276081799000003
1004,1004,1004.0,1004.0,1004.0,1004.0,1004.0,1004.0,1004.0,1004.0,1004.0,1004.0,1004.0,1004.0,1004.0,1004.0,1004.0,1004.0,1004.0,1004.0,,,,,,,,,,,,,,,,,,,,,,,,,,,,0.4,-0.3546528784,-2.0747730988,10.894143525781333,1.0407192089,0.3008313841000001,1.3432886670000002,0.7276081799000003
1005,1005,1005.0,1005.0,1005.0,1005.0,1005.0,1005.0,1005.0,1005.0,1005.0,1005.0,1005.0,1005.0,1005.0,1005.0,1005.0,1005.0,1005.0,1005.0,,,,,,,,,,,,,,,,,,,,,,,,,,,,0.5,-0.4993941287,-0.840617496,-2.966705665786012,1.341550593,0.1235182743,1.0424572829,0.7276081799000003
1006,1006,1006.0,1006.0,1006.0,1006.0,1006.0,1006.0,1006.0,1006.0,1006.0,1006.0,1006.0,1006.0,1006.0,1006.0,1006.0,1006.0,1006.0,1006.0,,,,,,,,,,,,,,,,,,,,,,,,,,,,0.6,-0.5937406518,-1.0429415394,15.671081999740348,1.4650688673,0.1876559396999999,0.9189390086,0.7276081799000003
1007,1007,1007.0,1007.0,1007.0,1007.0,1007.0,1007.0,1007.0,1007.0,1007.0,1007.0,1007.0,1007.0,1007.0,1007.0,1007.0,1007.0,1007.0,1007.0,,,,,,,,,,,,,,,,,,,,,,,,,,,,0.7,-0.6171821712,0.5476081799,-20.1231824316498,1.652724807,0.2940624917999999,0.7312830689,0.7276081799000003
1008,1008,1008.0,1008.0,1008.0,1008.0,1008.0,1008.0,1008.0,1008.0,1008.0,1008.0,1008.0,1008.0,1008.0,1008.0,1008.0,1008.0,1008.0,1008.0,,,,,,,,,,,,,,,,,,,,,,,,,,,,0.8,-0.6624145183,-1.4194777162,1.4819269291260344,1.9467872988,0.2185812254999999,0.4372205771000002,0.7276081799000003
1009,1009,1009.0,1009.0,1009.0,1009.0,1009.0,1009.0,1009.0,1009.0,1009.0,1009.0,1009.0,1009.0,1009.0,1009.0,1009.0,1009.0,1009.0,1009.0,,,,,,,,,,,,,,,,,,,,,,,,,,,,0.9,-0.7903270746,-1.143372467,-2.285363449948753,2.1653685243,0.2186393516000002,0.2186393516000002,0.7276081799000003
1010,1010,1010.0,1010.0,1010.0,1010.0,1010.0,1010.0,1010.0,1010.0,1010.0,1010.0,1010.0,1010.0,1010.0,1010.0,1010.0,1010.0,1010.0,1010.0,,,,,,,,,,,,,,,,,,,,,,,,,,,,0.0,0.0,-1.0,9.450951981016326,0.0,0.0774794501,2.5159635503,0.6231209172000002
1011,1011,1011.0,1011.0,1011.0,1011.0,1011.0,1011.0,1011.0,1011.0,1011.0,1011.0,1011.0,1011.0,1011.0,1011.0,1011.0,1011.0,1011.0,1011.0,,,,,,,,,,,,,,,,,,,,,,,,,,,,0.1,-0.0494443761,-0.0054604258,-20.68088795649754,0.0774794501,0.3480157619,2.4384841002,0.6231209172000002
1012,1012,1012.0,1012.0,1012.0,1012.0,1012.0,1012.0,1012.0,1012.0,1012.0,1012.0,1012.0,1012.0,1012.0,1012.0,1012.0,1012.0,1012.0,1012.0,,,,,,,,,,,,,,,,,,,,,,,,,,,,0.2,-0.1500060939,-1.9729875037,16.606816542877592,0.425495212,0.2842047213,2.0904683383,0.6231209172000002
1013,1013,1013.0,1013.0,1013.0,1013.0,1013.0,1013.0,1013.0,1013.0,1013.0,1013.0,1013.0,1013.0,1013.0,1013.0,1013.0,1013.0,1013.0,1013.0,,,,,,,,,,,,,,,,,,,,,,,,,,,,0.3,-0.2574265688,-0.2048853744,-19.819937452383364,0.7096999333,0.3676502259,1.806263617,0.6231209172000002
1014,1014,1014.0,1014.0,1014.0,1014.0,1014.0,1014.0,1014.0,1014.0,1014.0,1014.0,1014.0,1014.0,1014.0,1014.0,1014.0,1014.0,1014.0,1014.0,,,,,,,,,,,,,,,,,,,,,,,,,,,,0.4,-0.3728012793,-2.0715044092,10.023853273732716,1.0773501592,0.3032597274999999,1.4386133911,0.6231209172000002
1015,1015,1015.0,1015.0,1015.0,1015.0,1015.0,1015.0,1015.0,1015.0,1015.0,1015.0,1015.0,1015.0,1015.0,1015.0,1015.0,1015.0,1015.0,1015.0,,,,,,,,,,,,,,,,,,,,,,,,,,,,0.5,-0.5214414314,-0.9204789297,-3.324234373845941,1.3806098867,0.1461843537999998,1.1353536636,0.6231209172000002
1016,1016,1016.0,1016.0,1016.0,1016.0,1016.0,1016.0,1016.0,1016.0,1016.0,1016.0,1016.0,1016.0,1016.0,1016.0,1016.0,1016.0,1016.0,1016.0,,,,,,,,,,,,,,,,,,,,,,,,,,,,0.6,-0.6251173162,-1.1492264824,15.583687046929812,1.5267942405,0.1970675615000001,0.9891693098,0.6231209172000002
1017,1017,1017.0,1017.0,1017.0,1017.0,1017.0,1017.0,1017.0,1017.0,1017.0,1017.0,1017.0,1017.0,1017.0,1017.0,1017.0,1017.0,1017.0,1017.0,,,,,,,,,,,,,,,,,,,,,,,,,,,,0.7,-0.659096011,0.4431209172,-20.71045930899542,1.723861802,0.3269874997999999,0.7921017482999999,0.6231209172000002
1018,1018,1018.0,1018.0,1018.0,1018.0,1018.0,1018.0,1018.0,1018.0,1018.0,1018.0,1018.0,1018.0,1018.0,1018.0,1018.0,1018.0,1018.0,1018.0,,,,,,,,,,,,,,,,,,,,,,,,,,,,0.8,-0.7171126109,-1.5699084139,3.623369348327409,2.0508493018,0.2445996751999999,0.4651142484999999,0.6231209172000002
1019,1019,1019.0,1019.0,1019.0,1019.0,1019.0,1019.0,1019.0,1019.0,1019.0,1019.0,1019.0,1019.0,1019.0,1019.0,1019.0,1019.0,1019.0,1019.0,,,,,,,,,,,,,,,,,,,,,,,,,,,,0.9,-0.8489814551,-1.0757026348,-2.792842349542024,2.295448977,0.2205145733,0.2205145733,0.6231209172000002
1020,1020,1020.0,1020.0,1020.0,1020.0,1020.0,1020.0,1020.0,1020.0,1020.0,1020.0,1020.0,1020.0,1020.0,1020.0,1020.0,1020.0,1020.0,,,,,,,,,,,,,,,,,,,,,,,,,,,,,0.0,0.0,-1.0,0.2265340987429636,0.0,0.0889288969,2.5270147872000006,-2.5
1021,1021,1021.0,1021.0,1021.0,1021.0,1021.0,1021.0,1021.0,1021.0,1021.0,1021.0,1021.0,1021.0,1021.0,1021.0,1021.0,1021.0,1021.0,,,,,,,,,,,,,,,,,,,,,,,,,,,,,0.1,-0.0940667466,-0.8832798435,-0.9438049220983512,0.0889288969,0.0809611599,2.4380858903000004,-1.6632798435000002
1022,1022,1022.0,1022.0,1022.0,1022.0,1022.0,1022.0,1022.0,1022.0,1022.0,1022.0,1022.0,1022.0,1022.0,1022.0,1022.0,1022.0,1022.0,,,,,,,,,,,,,,,,,,,,,,,,,,,,,0.2,-0.1826875131,-0.8890395692,0.441178809924684,0.1698900568,0.0733615485999999,2.3571247304000003,-1.1090395692
1023,1023,1023.0,1023.0,1023.0,1023.0,1023.0,1023.0,1023.0,1023.0,1023.0,1023.0,1023.0,1023.0,1023.0,1023.0,1023.0,1023.0,1023.0,,,,,,,,,,,,,,,,,,,,,,,,,,,,,0.3,-0.2651568296,-0.7624523718,-2.5753738505637047,0.2432516054,0.0852776341,2.2837631818000004,-0.5824523718000001
1024,1024,1024.0,1024.0,1024.0,1024.0,1024.0,1024.0,1024.0,1024.0,1024.0,1024.0,1024.0,1024.0,1024.0,1024.0,1024.0,1024.0,1024.0,,,,,,,,,,,,,,,,,,,,,,,,,,,,,0.4,-0.3501719494,-0.934974637,-0.3407225468558796,0.3285292395,0.0979559393999999,2.1984855477000003,-0.514974637
1025,1025,1025.0,1025.0,1025.0,1025.0,1025.0,1025.0,1025.0,1025.0,1025.0,1025.0,1025.0,1025.0,1025.0,1025.0,1025.0,1025.0,1025.0,,,,,,,,,,,,,,,,,,,,,,,,,,,,,0.5,-0.4407947586,-0.8784240825,-19.069366845319795,0.4264851789,0.5426955685000001,2.1005296083000005,-0.3784240825
1026,1026,1026.0,1026.0,1026.0,1026.0,1026.0,1026.0,1026.0,1026.0,1026.0,1026.0,1026.0,1026.0,1026.0,1026.0,1026.0,1026.0,1026.0,,,,,,,,,,,,,,,,,,,,,,,,,,,,,0.6,-0.6166343729,-2.6095211527,2.6612737035620104,0.9691807474,0.6150404744,1.5578340398,-2.1895211527000003
1027,1027,1027.0,1027.0,1027.0,1027.0,1027.0,1027.0,1027.0,1027.0,1027.0,1027.0,1027.0,1027.0,1027.0,1027.0,1027.0,1027.0,1027.0,,,,,,,,,,,,,,,,,,,,,,,,,,,,,0.7,-0.8520897715,-2.1079383837,12.676495592291364,1.5842212218,0.3781158658999999,0.9427935654,-1.9279383837
1028,1028,1028.0,1028.0,1028.0,1028.0,1028.0,1028.0,1028.0,1028.0,1028.0,1028.0,1028.0,1028.0,1028.0,1028.0,1028.0,1028.0,1028.0,,,,,,,,,,,,,,,,,,,,,,,,,,,,,0.8,-0.9913652182,-0.7010133778,13.470583035911693,1.9623370877,0.2065840105999998,0.5646776995000002,-0.9210133778
1029,1029,1029.0,1029.0,1029.0,1029.0,1029.0,1029.0,1029.0,1029.0,1029.0,1029.0,1029.0,1029.0,1029.0,1029.0,1029.0,1029.0,1029.0,,,,,,,,,,,,,,,,,,,,,,,,,,,,,0.9,-0.9929126164,0.6475923239,-20.540488996464543,2.1689210983,0.3580936889000004,0.3580936889000004,-0.1324076761000001
1030,1030,1030.0,1030.0,1030.0,1030.0,1030.0,1030.0,1030.0,1030.0,1030.0,1030.0,1030.0,1030.0,1030.0,1030.0,1030.0,1030.0,1030.0,,,,,,,,,,,,,,,,,,,,,,,,,,,,,0.0,0.0,-1.0,1.4781623416123582,0.0,0.0792930761,2.6079423748,1.2719541126999998
1031,1031,1031.0,1031.0,1031.0,1031.0,1031.0,1031.0,1031.0,1031.0,1031.0,1031.0,1031.0,1031.0,1031.0,1031.0,1031.0,1031.0,1031.0,,,,,,,,,,,,,,,,,,,,,,,,,,,,,0.1,-0.0880120933,-0.7641716725,0.4368433309568735,0.0792930761,0.0516442518,2.5286492987,1.2719541126999998
1032,1032,1032.0,1032.0,1032.0,1032.0,1032.0,1032.0,1032.0,1032.0,1032.0,1032.0,1032.0,1032.0,1032.0,1032.0,1032.0,1032.0,1032.0,,,,,,,,,,,,,,,,,,,,,,,,,,,,,0.2,-0.1586194897,-0.6498799431,2.180004537309446,0.1309373279,0.0327970126999999,2.4770050469,1.2719541126999998
1033,1033,1033.0,1033.0,1033.0,1033.0,1033.0,1033.0,1033.0,1033.0,1033.0,1033.0,1033.0,1033.0,1033.0,1033.0,1033.0,1033.0,1033.0,,,,,,,,,,,,,,,,,,,,,,,,,,,,,0.3,-0.2099181907,-0.3805807884,-20.732278716852832,0.1637343406,0.4395373414,2.4442080342,1.2719541126999998
1034,1034,1034.0,1034.0,1034.0,1034.0,1034.0,1034.0,1034.0,1034.0,1034.0,1034.0,1034.0,1034.0,1034.0,1034.0,1034.0,1034.0,1034.0,,,,,,,,,,,,,,,,,,,,,,,,,,,,,0.4,-0.3464259388,-2.3173009119,-2.092127740198829,0.603271682,0.5559268034999999,2.0046706928,1.2719541126999998
1035,1035,1035.0,1035.0,1035.0,1035.0,1035.0,1035.0,1035.0,1035.0,1035.0,1035.0,1035.0,1035.0,1035.0,1035.0,1035.0,1035.0,1035.0,,,,,,,,,,,,,,,,,,,,,,,,,,,,,0.5,-0.5770668009,-2.2958728238,5.216462196042981,1.1591984855,0.4378103947,1.4487438893,1.2719541126999998
1036,1036,1036.0,1036.0,1036.0,1036.0,1036.0,1036.0,1036.0,1036.0,1036.0,1036.0,1036.0,1036.0,1036.0,1036.0,1036.0,1036.0,1036.0,,,,,,,,,,,,,,,,,,,,,,,,,,,,,0.6,-0.770313786,-1.5809796191,11.752271257539798,1.5970088802,0.2386609578,1.0109334946,1.2719541126999998
1037,1037,1037.0,1037.0,1037.0,1037.0,1037.0,1037.0,1037.0,1037.0,1037.0,1037.0,1037.0,1037.0,1037.0,1037.0,1037.0,1037.0,1037.0,,,,,,,,,,,,,,,,,,,,,,,,,,,,,0.7,-0.8639132572,-0.3121530222,18.646001994012234,1.835669838,0.3096178286999997,0.7722725367999999,1.2719541126999998
1038,1038,1038.0,1038.0,1038.0,1038.0,1038.0,1038.0,1038.0,1038.0,1038.0,1038.0,1038.0,1038.0,1038.0,1038.0,1038.0,1038.0,1038.0,,,,,,,,,,,,,,,,,,,,,,,,,,,,,0.8,-0.8034201927,1.4919541127,-20.56386755879333,2.1452876667,0.3247018707000002,0.4626547081000001,1.2719541126999998
1039,1039,1039.0,1039.0,1039.0,1039.0,1039.0,1039.0,1039.0,1039.0,1039.0,1039.0,1039.0,1039.0,1039.0,1039.0,1039.0,1039.0,1039.0,,,,,,,,,,,,,,,,,,,,,,,,,,,,,0.9,-0.7609180046,-0.6069348313,11.590892832052829,2.4699895374,0.1379528373999998,0.1379528373999998,1.2719541126999998
1040,1040,1040.0,1040.0,1040.0,1040.0,1040.0,1040.0,1040.0,1040.0,1040.0,1040.0,1040.0,1040.0,1040.0,1040.0,1040.0,1040.0,1040.0,,,,,,,,,,,,,,,,,,,,,,,,,,,,,0.0,0.0,-1.0,0.7621145154908457,0.0,0.0844949621,1.7251611788,1.4694147199999996
1041,1041,1041.0,1041.0,1041.0,1041.0,1041.0,1041.0,1041.0,1041.0,1041.0,1041.0,1041.0,1041.0,1041.0,1041.0,1041.0,1041.0,1041.0,,,,,,,,,,,,,,,,,,,,,,,,,,,,,0.1,-0.0914759122,-0.8323126362,-1.1514582873220875,0.0844949621,0.0743840336,1.6406662167,1.4694147199999996
1042,1042,1042.0,1042.0,1042.0,1042.0,1042.0,1042.0,1042.0,1042.0,1042.0,1042.0,1042.0,1042.0,1042.0,1042.0,1042.0,1042.0,1042.0,,,,,,,,,,,,,,,,,,,,,,,,,,,,,0.2,-0.1762509962,-0.862683381,-1.2584316945161471,0.1588789957,0.0834718017,1.5662821831000002,1.4694147199999996
1043,1043,1043.0,1043.0,1043.0,1043.0,1043.0,1043.0,1043.0,1043.0,1043.0,1043.0,1043.0,1043.0,1043.0,1043.0,1043.0,1043.0,1043.0,,,,,,,,,,,,,,,,,,,,,,,,,,,,,0.3,-0.2644337225,-0.9003438241,-1.10727870606894,0.2423507974,0.0931569174,1.4828103814000002,1.4694147199999996
1044,1044,1044.0,1044.0,1044.0,1044.0,1044.0,1044.0,1044.0,1044.0,1044.0,1044.0,1044.0,1044.0,1044.0,1044.0,1044.0,1044.0,1044.0,,,,,,,,,,,,,,,,,,,,,,,,,,,,,0.4,-0.3554691065,-0.9200363108,-2.26970244696433,0.3355077148,0.1161753968,1.3896534640000002,1.4694147199999996
1045,1045,1045.0,1045.0,1045.0,1045.0,1045.0,1045.0,1045.0,1045.0,1045.0,1045.0,1045.0,1045.0,1045.0,1045.0,1045.0,1045.0,1045.0,,,,,,,,,,,,,,,,,,,,,,,,,,,,,0.5,-0.4540016547,-1.0484740073,-1.3149522785515135,0.4516831116,0.1393049544999999,1.2734780672,1.4694147199999996
1046,1046,1046.0,1046.0,1046.0,1046.0,1046.0,1046.0,1046.0,1046.0,1046.0,1046.0,1046.0,1046.0,1046.0,1046.0,1046.0,1046.0,1046.0,,,,,,,,,,,,,,,,,,,,,,,,,,,,,0.6,-0.560137996,-1.0738328938,3.3851388913028098,0.5909880661,0.1177257952,1.1341731127,1.4694147199999996
1047,1047,1047.0,1047.0,1047.0,1047.0,1047.0,1047.0,1047.0,1047.0,1047.0,1047.0,1047.0,1047.0,1047.0,1047.0,1047.0,1047.0,1047.0,,,,,,,,,,,,,,,,,,,,,,,,,,,,,0.7,-0.6459514742,-0.6495055264,9.11516164197905,0.7087138613,0.0957777507999999,1.0164473175,1.4694147199999996
1048,1048,1048.0,1048.0,1048.0,1048.0,1048.0,1048.0,1048.0,1048.0,1048.0,1048.0,1048.0,1048.0,1048.0,1048.0,1048.0,1048.0,1048.0,,,,,,,,,,,,,,,,,,,,,,,,,,,,,0.8,-0.6636663117,0.2797254752,20.97787382887545,0.8044916121,0.4545454830000001,0.9206695667,1.4694147199999996
1049,1049,1049.0,1049.0,1049.0,1049.0,1049.0,1049.0,1049.0,1049.0,1049.0,1049.0,1049.0,1049.0,1049.0,1049.0,1049.0,1049.0,1049.0,,,,,,,,,,,,,,,,,,,,,,,,,,,,,0.9,-0.5355681736,2.24941472,-0.5591026945439175,1.2590370951,0.4661240837,0.4661240837,1.4694147199999996
1050,1050,1050.0,1050.0,1050.0,1050.0,1050.0,1050.0,1050.0,1050.0,1050.0,1050.0,1050.0,1050.0,1050.0,1050.0,1050.0,1050.0,1050.0,,,,,,,,,,,,,,,,,,,,,,,,,,,,,0.0,0.0,-1.0,0.9782942950725946,0.0,0.0828369272,1.4552316774999998,0.5513684463999997
1051,1051,1051.0,1051.0,1051.0,1051.0,1051.0,1051.0,1051.0,1051.0,1051.0,1051.0,1051.0,1051.0,1051.0,1051.0,1051.0,1051.0,1051.0,,,,,,,,,,,,,,,,,,,,,,,,,,,,,0.1,-0.0904301602,-0.8117404103,-1.1874224165686789,0.0828369272,0.0713814837,1.3723947502999998,0.5513684463999997
1052,1052,1052.0,1052.0,1052.0,1052.0,1052.0,1052.0,1052.0,1052.0,1052.0,1052.0,1052.0,1052.0,1052.0,1052.0,1052.0,1052.0,1052.0,,,,,,,,,,,,,,,,,,,,,,,,,,,,,0.2,-0.173421504,-0.8474913082,-1.1506288765934587,0.1542184109,0.0797402553,1.3010132665999998,0.5513684463999997
1053,1053,1053.0,1053.0,1053.0,1053.0,1053.0,1053.0,1053.0,1053.0,1053.0,1053.0,1053.0,1053.0,1053.0,1053.0,1053.0,1053.0,1053.0,,,,,,,,,,,,,,,,,,,,,,,,,,,,,0.3,-0.2596370285,-0.8763386713,-0.7637720527571201,0.2339586662,0.0853990116,1.2212730113,0.5513684463999997
1054,1054,1054.0,1054.0,1054.0,1054.0,1054.0,1054.0,1054.0,1054.0,1054.0,1054.0,1054.0,1054.0,1054.0,1054.0,1054.0,1054.0,1054.0,,,,,,,,,,,,,,,,,,,,,,,,,,,,,0.4,-0.3467263824,-0.8656265227,-2.4027950084168284,0.3193576778,0.1069021936999999,1.1358739996999998,0.5513684463999997
1055,1055,1055.0,1055.0,1055.0,1055.0,1055.0,1055.0,1055.0,1055.0,1055.0,1055.0,1055.0,1055.0,1055.0,1055.0,1055.0,1055.0,1055.0,,,,,,,,,,,,,,,,,,,,,,,,,,,,,0.5,-0.4407249822,-1.0119074237,-3.876245884157552,0.4262598715,0.1651989574,1.028971806,0.5513684463999997
1056,1056,1056.0,1056.0,1056.0,1056.0,1056.0,1056.0,1056.0,1056.0,1056.0,1056.0,1056.0,1056.0,1056.0,1056.0,1056.0,1056.0,1056.0,,,,,,,,,,,,,,,,,,,,,,,,,,,,,0.6,-0.5557717265,-1.2844852679,1.7294766084004949,0.5914588289,0.1697836674999999,0.8637728486,0.5513684463999997
1057,1057,1057.0,1057.0,1057.0,1057.0,1057.0,1057.0,1057.0,1057.0,1057.0,1057.0,1057.0,1057.0,1057.0,1057.0,1057.0,1057.0,1057.0,,,,,,,,,,,,,,,,,,,,,,,,,,,,,0.7,-0.6696404734,-0.9976688601,6.5035258240596585,0.7612424964,0.1157560877,0.6939891811000001,0.5513684463999997
1058,1058,1058.0,1058.0,1058.0,1058.0,1058.0,1058.0,1058.0,1058.0,1058.0,1058.0,1058.0,1058.0,1058.0,1058.0,1058.0,1058.0,1058.0,,,,,,,,,,,,,,,,,,,,,,,,,,,,,0.8,-0.7331209442,-0.2838358069,16.689266648215284,0.8769985841,0.2416909664000001,0.5782330934000001,0.5513684463999997
1059,1059,1059.0,1059.0,1059.0,1059.0,1059.0,1059.0,1059.0,1059.0,1059.0,1059.0,1059.0,1059.0,1059.0,1059.0,1059.0,1059.0,1059.0,,,,,,,,,,,,,,,,,,,,,,,,,,,,,0.9,-0.6793985327,1.3313684464,7.639791452340837,1.1186895505,0.3365421269999999,0.3365421269999999,0.5513684463999997
1060,1060,1060.0,1060.0,1060.0,1060.0,1060.0,1060.0,1060.0,1060.0,1060.0,1060.0,1060.0,1060.0,1060.0,1060.0,1060.0,1060.0,1060.0,,,,,,,,,,,,,,,,,,,,,,,,,,,,,0.0,0.0,-1.0,-0.2240456817203842,0.0,0.0930187736,2.9939334981000005,-2.5
1061,1061,1061.0,1061.0,1061.0,1061.0,1061.0,1061.0,1061.0,1061.0,1061.0,1061.0,1061.0,1061.0,1061.0,1061.0,1061.0,1061.0,1061.0,,,,,,,,,,,,,,,,,,,,,,,,,,,,,0.1,-0.0962463737,-0.9261581945,0.7220154925973974,0.0930187736,0.0741259074,2.9009147245000007,-1.7061581945000004
1062,1062,1062.0,1062.0,1062.0,1062.0,1062.0,1062.0,1062.0,1062.0,1062.0,1062.0,1062.0,1062.0,1062.0,1062.0,1062.0,1062.0,1062.0,,,,,,,,,,,,,,,,,,,,,,,,,,,,,0.2,-0.1808892877,-0.7693137312,0.002567863921431,0.167144681,0.0584258573,2.8267888171000006,-0.9893137312
1063,1063,1063.0,1063.0,1063.0,1063.0,1063.0,1063.0,1063.0,1063.0,1063.0,1063.0,1063.0,1063.0,1063.0,1063.0,1063.0,1063.0,1063.0,,,,,,,,,,,,,,,,,,,,,,,,,,,,,0.3,-0.2540869286,-0.6958593039,-3.843307211995832,0.2255705383,0.0887661776,2.768362959800001,-0.5158593039
1064,1064,1064.0,1064.0,1064.0,1064.0,1064.0,1064.0,1064.0,1064.0,1064.0,1064.0,1064.0,1064.0,1064.0,1064.0,1064.0,1064.0,1064.0,,,,,,,,,,,,,,,,,,,,,,,,,,,,,0.4,-0.3388983829,-0.9953785709,-0.2876041250992509,0.3143367159,0.1075531973999999,2.6795967822000004,-0.5753785709
1065,1065,1065.0,1065.0,1065.0,1065.0,1065.0,1065.0,1065.0,1065.0,1065.0,1065.0,1065.0,1065.0,1065.0,1065.0,1065.0,1065.0,1065.0,,,,,,,,,,,,,,,,,,,,,,,,,,,,,0.5,-0.4350126302,-0.928024736,-20.85854499156796,0.4218899133,0.6322378509,2.5720435848000003,-0.428024736
1066,1066,1066.0,1066.0,1066.0,1066.0,1066.0,1066.0,1066.0,1066.0,1066.0,1066.0,1066.0,1066.0,1066.0,1066.0,1066.0,1066.0,1066.0,,,,,,,,,,,,,,,,,,,,,,,,,,,,,0.6,-0.6242273721,-2.8246644933,-1.134314263006614,1.0541277642,0.812005299,1.9398057339,-2.4046644933
1067,1067,1067.0,1067.0,1067.0,1067.0,1067.0,1067.0,1067.0,1067.0,1067.0,1067.0,1067.0,1067.0,1067.0,1067.0,1067.0,1067.0,1067.0,,,,,,,,,,,,,,,,,,,,,,,,,,,,,0.7,-0.8985168688,-2.6638064229,11.384943689604563,1.8661330632,0.5755241669000002,1.1278004349,-2.4838064229
1068,1068,1068.0,1068.0,1068.0,1068.0,1068.0,1068.0,1068.0,1068.0,1068.0,1068.0,1068.0,1068.0,1068.0,1068.0,1068.0,1068.0,1068.0,,,,,,,,,,,,,,,,,,,,,,,,,,,,,0.8,-1.0969379379,-1.3268909848,5.357433338232171,2.4416572301,0.2513184812999998,0.552276268,-1.5468909848
1069,1069,1069.0,1069.0,1069.0,1069.0,1069.0,1069.0,1069.0,1069.0,1069.0,1069.0,1069.0,1069.0,1069.0,1069.0,1069.0,1069.0,1069.0,,,,,,,,,,,,,,,,,,,,,,,,,,,,,0.9,-1.1972921162,-0.6907934727,16.27886269661335,2.6929757114,0.3009577867000002,0.3009577867000002,-1.4707934727000005
1070,1070,1070.0,1070.0,1070.0,1070.0,1070.0,1070.0,1070.0,1070.0,1070.0,1070.0,1070.0,1070.0,1070.0,1070.0,1070.0,1070.0,1070.0,,,,,,,,,,,,,,,,,,,,,,,,,,,,,0.0,0.0,-1.0,0.322785134469173,0.0,0.0880978284,3.9216693169,-2.5
1071,1071,1071.0,1071.0,1071.0,1071.0,1071.0,1071.0,1071.0,1071.0,1071.0,1071.0,1071.0,1071.0,1071.0,1071.0,1071.0,1071.0,1071.0,,,,,,,,,,,,,,,,,,,,,,,,,,,,,0.1,-0.0936011405,-0.8741203461,0.6632384546391314,0.0880978284,0.0662290489,3.8335714885,-1.6541203461000002
1072,1072,1072.0,1072.0,1072.0,1072.0,1072.0,1072.0,1072.0,1072.0,1072.0,1072.0,1072.0,1072.0,1072.0,1072.0,1072.0,1072.0,1072.0,,,,,,,,,,,,,,,,,,,,,,,,,,,,,0.2,-0.1735763272,-0.7278213139,0.0710704671023658,0.1543268773,0.0519416333,3.7673424396,-0.9478213139
1073,1073,1073.0,1073.0,1073.0,1073.0,1073.0,1073.0,1073.0,1073.0,1073.0,1073.0,1073.0,1073.0,1073.0,1073.0,1073.0,1073.0,1073.0,,,,,,,,,,,,,,,,,,,,,,,,,,,,,0.3,-0.2424940798,-0.6517965146,-20.675371608165705,0.2062685106,0.5162546775000001,3.7154008063,-0.4717965146
1074,1074,1074.0,1074.0,1074.0,1074.0,1074.0,1074.0,1074.0,1074.0,1074.0,1074.0,1074.0,1074.0,1074.0,1074.0,1074.0,1074.0,1074.0,,,,,,,,,,,,,,,,,,,,,,,,,,,,,0.4,-0.4045361114,-2.5572916438,-4.7054113646119164,0.7225231881,0.7489311178,3.1991461288,-2.1372916438000003
1075,1075,1075.0,1075.0,1075.0,1075.0,1075.0,1075.0,1075.0,1075.0,1075.0,1075.0,1075.0,1075.0,1075.0,1075.0,1075.0,1075.0,1075.0,,,,,,,,,,,,,,,,,,,,,,,,,,,,,0.5,-0.6706563734,-2.7617125182,-0.3689680201461776,1.4714543059,0.7659801280999998,2.450215011,-2.2617125182
1076,1076,1076.0,1076.0,1076.0,1076.0,1076.0,1076.0,1076.0,1076.0,1076.0,1076.0,1076.0,1076.0,1076.0,1076.0,1076.0,1076.0,1076.0,,,,,,,,,,,,,,,,,,,,,,,,,,,,,0.6,-0.9352532002,-2.5340124935,13.204344179790755,2.237434434,0.5277813591,1.6842348829000002,-2.1140124935
1077,1077,1077.0,1077.0,1077.0,1077.0,1077.0,1077.0,1077.0,1077.0,1077.0,1077.0,1077.0,1077.0,1077.0,1077.0,1077.0,1077.0,1077.0,,,,,,,,,,,,,,,,,,,,,,,,,,,,,0.7,-1.1125215504,-1.0363097253,10.460665428696409,2.7652157931,0.2190177180999999,1.1564535238000002,-0.8563097252999998
1078,1078,1078.0,1078.0,1078.0,1078.0,1078.0,1078.0,1078.0,1078.0,1078.0,1078.0,1078.0,1078.0,1078.0,1078.0,1078.0,1078.0,1078.0,,,,,,,,,,,,,,,,,,,,,,,,,,,,,0.8,-1.1605370657,0.0577723329,-20.11066753242488,2.9842335112,0.4589430234000002,0.9374358057000004,-0.1622276671000002
1079,1079,1079.0,1079.0,1079.0,1079.0,1079.0,1079.0,1079.0,1079.0,1079.0,1079.0,1079.0,1079.0,1079.0,1079.0,1079.0,1079.0,1079.0,,,,,,,,,,,,,,,,,,,,,,,,,,,,,0.9,-1.252323007,-1.861508479,20.39986134431597,3.4431765346,0.4784927823,0.4784927823,-2.6415084790000005
1080,1080,1080.0,1080.0,1080.0,1080.0,1080.0,1080.0,1080.0,1080.0,1080.0,1080.0,1080.0,1080.0,1080.0,1080.0,1080.0,1080.0,,,,,,,,,,,,,,,,,,,,,,,,,,,,,,0.0,0.0,-1.0,-0.1559963909997588,0.0,0.0923801319,1.7272023650999997,0.1307720068
1081,1081,1081.0,1081.0,1081.0,1081.0,1081.0,1081.0,1081.0,1081.0,1081.0,1081.0,1081.0,1081.0,1081.0,1081.0,1081.0,1081.0,,,,,,,,,,,,,,,,,,,,,,,,,,,,,,0.1,-0.0959172028,-0.9196824363,2.7242933810845527,0.0923801319,0.0618735267,1.6348222331999995,0.1307720068
1082,1082,1082.0,1082.0,1082.0,1082.0,1082.0,1082.0,1082.0,1082.0,1082.0,1082.0,1082.0,1082.0,1082.0,1082.0,1082.0,1082.0,,,,,,,,,,,,,,,,,,,,,,,,,,,,,,0.2,-0.1702580133,-0.5729122877,2.4005290516165383,0.1542536586,0.0257409771999999,1.5729487064999996,0.1307720068
1083,1083,1083.0,1083.0,1083.0,1083.0,1083.0,1083.0,1083.0,1083.0,1083.0,1083.0,1083.0,1083.0,1083.0,1083.0,1083.0,1083.0,,,,,,,,,,,,,,,,,,,,,,,,,,,,,,0.3,-0.2131655105,-0.2899518854,-19.272087795403007,0.1799946358,0.3656798248,1.5472077292999995,0.1307720068
1084,1084,1084.0,1084.0,1084.0,1084.0,1084.0,1084.0,1084.0,1084.0,1084.0,1084.0,1084.0,1084.0,1084.0,1084.0,1084.0,1084.0,,,,,,,,,,,,,,,,,,,,,,,,,,,,,,0.4,-0.3339852084,-2.0963409669,10.556985559323731,0.5456744606,0.3057814475999999,1.1815279044999998,0.1307720068
1085,1085,1085.0,1085.0,1085.0,1085.0,1085.0,1085.0,1085.0,1085.0,1085.0,1085.0,1085.0,1085.0,1085.0,1085.0,1085.0,1085.0,,,,,,,,,,,,,,,,,,,,,,,,,,,,,,0.5,-0.4824098851,-0.8922177343,5.444198674986204,0.8514559082,0.078881581,0.8757464569,0.1307720068
1086,1086,1086.0,1086.0,1086.0,1086.0,1086.0,1086.0,1086.0,1086.0,1086.0,1086.0,1086.0,1086.0,1086.0,1086.0,1086.0,1086.0,,,,,,,,,,,,,,,,,,,,,,,,,,,,,,0.6,-0.5409797587,-0.2892279932,2.0878401687562365,0.9303374892,0.0360672971,0.7968648758999999,0.1307720068
1087,1087,1087.0,1087.0,1087.0,1087.0,1087.0,1087.0,1087.0,1087.0,1087.0,1087.0,1087.0,1087.0,1087.0,1087.0,1087.0,1087.0,,,,,,,,,,,,,,,,,,,,,,,,,,,,,,0.7,-0.5584036603,-0.0630200748,-19.60167575452118,0.9664047863,0.3578561248999998,0.7607975787999999,0.1307720068
1088,1088,1088.0,1088.0,1088.0,1088.0,1088.0,1088.0,1088.0,1088.0,1088.0,1088.0,1088.0,1088.0,1088.0,1088.0,1088.0,1088.0,,,,,,,,,,,,,,,,,,,,,,,,,,,,,,0.8,-0.6592223075,-1.922369003,12.59469710254001,1.3242609112,0.2977574584,0.4029414539,0.1307720068
1089,1089,1089.0,1089.0,1089.0,1089.0,1089.0,1089.0,1089.0,1089.0,1089.0,1089.0,1089.0,1089.0,1089.0,1089.0,1089.0,1089.0,,,,,,,,,,,,,,,,,,,,,,,,,,,,,,0.9,-0.7812341828,-0.5408874174,8.363605160726237,1.6220183696,0.1051839955,0.1051839955,0.1307720068
1090,1090,1090.0,1090.0,1090.0,1090.0,1090.0,1090.0,1090.0,1090.0,1090.0,1090.0,1090.0,1090.0,1090.0,1090.0,1090.0,1090.0,,,,,,,,,,,,,,,,,,,,,,,,,,,,,,0.0,0.0,-1.0,-0.1928489723741087,0.0,0.0927250113,2.1799979122,0.1903562934
1091,1091,1091.0,1091.0,1091.0,1091.0,1091.0,1091.0,1091.0,1091.0,1091.0,1091.0,1091.0,1091.0,1091.0,1091.0,1091.0,1091.0,,,,,,,,,,,,,,,,,,,,,,,,,,,,,,0.1,-0.0960954636,-0.9231894336,2.372532072266721,0.0927250113,0.063890517,2.0872729009000004,0.1903562934
1092,1092,1092.0,1092.0,1092.0,1092.0,1092.0,1092.0,1092.0,1092.0,1092.0,1092.0,1092.0,1092.0,1092.0,1092.0,1092.0,1092.0,,,,,,,,,,,,,,,,,,,,,,,,,,,,,,0.2,-0.1724716832,-0.6095600068,3.239151152698557,0.1566155283,0.0281732077,2.0233823839000005,0.1903562934
1093,1093,1093.0,1093.0,1093.0,1093.0,1093.0,1093.0,1093.0,1093.0,1093.0,1093.0,1093.0,1093.0,1093.0,1093.0,1093.0,1093.0,,,,,,,,,,,,,,,,,,,,,,,,,,,,,,0.3,-0.2148098982,-0.2433066765,-20.34215399895912,0.184788736,0.3920151373999999,1.9952091762000004,0.1903562934
1094,1094,1094.0,1094.0,1094.0,1094.0,1094.0,1094.0,1094.0,1094.0,1094.0,1094.0,1094.0,1094.0,1094.0,1094.0,1094.0,1094.0,,,,,,,,,,,,,,,,,,,,,,,,,,,,,,0.4,-0.3363670862,-2.1559648884,12.306343263152426,0.5768038734,0.3214780014,1.6031940388000003,0.1903562934
1095,1095,1095.0,1095.0,1095.0,1095.0,1095.0,1095.0,1095.0,1095.0,1095.0,1095.0,1095.0,1095.0,1095.0,1095.0,1095.0,1095.0,,,,,,,,,,,,,,,,,,,,,,,,,,,,,,0.5,-0.4820033548,-0.7796942935,5.000419962125955,0.8982818748,0.0662246897999999,1.2817160374000005,0.1903562934
1096,1096,1096.0,1096.0,1096.0,1096.0,1096.0,1096.0,1096.0,1096.0,1096.0,1096.0,1096.0,1096.0,1096.0,1096.0,1096.0,1096.0,,,,,,,,,,,,,,,,,,,,,,,,,,,,,,0.6,-0.5320119455,-0.2296437066,-20.21991168367844,0.9645065646,0.4110763527000001,1.2154913476000002,0.1903562934
1097,1097,1097.0,1097.0,1097.0,1097.0,1097.0,1097.0,1097.0,1097.0,1097.0,1097.0,1097.0,1097.0,1097.0,1097.0,1097.0,1097.0,,,,,,,,,,,,,,,,,,,,,,,,,,,,,,0.7,-0.6516775566,-2.1319692639,16.13742138632815,1.3755829173,0.3644083801,0.8044149949000001,0.1903562934
1098,1098,1098.0,1098.0,1098.0,1098.0,1098.0,1098.0,1098.0,1098.0,1098.0,1098.0,1098.0,1098.0,1098.0,1098.0,1098.0,1098.0,,,,,,,,,,,,,,,,,,,,,,,,,,,,,,0.8,-0.7764978301,-0.3934068518,9.4984102756854,1.7399912974,0.1140760671,0.4400066148000001,0.1903562934
1099,1099,1099.0,1099.0,1099.0,1099.0,1099.0,1099.0,1099.0,1099.0,1099.0,1099.0,1099.0,1099.0,1099.0,1099.0,1099.0,1099.0,,,,,,,,,,,,,,,,,,,,,,,,,,,,,,0.9,-0.7679878284,0.5479241741,-20.50709204016084,1.8540673645,0.3259305477000001,0.3259305477000001,0.1903562934
1100,1100,1100.0,1100.0,1100.0,1100.0,1100.0,1100.0,1100.0,1100.0,1100.0,1100.0,1100.0,1100.0,1100.0,1100.0,1100.0,1100.0,,,,,,,,,,,,,,,,,,,,,,,,,,,,,,0.0,0.0,-1.0,-0.2345613180497285,0.0,0.0931181572,1.6917319137,0.0672552414
1101,1101,1101.0,1101.0,1101.0,1101.0,1101.0,1101.0,1101.0,1101.0,1101.0,1101.0,1101.0,1101.0,1101.0,1101.0,1101.0,1101.0,,,,,,,,,,,,,,,,,,,,,,,,,,,,,,0.1,-0.0962972423,-0.9271588895,2.4588913839867983,0.0931181572,0.0640904804999999,1.5986137565,0.0672552414
1102,1102,1102.0,1102.0,1102.0,1102.0,1102.0,1102.0,1102.0,1102.0,1102.0,1102.0,1102.0,1102.0,1102.0,1102.0,1102.0,1102.0,,,,,,,,,,,,,,,,,,,,,,,,,,,,,,0.2,-0.1726334491,-0.6049335443,2.3120694364465013,0.1572086377,0.0287725716,1.534523276,0.0672552414
1103,1103,1103.0,1103.0,1103.0,1103.0,1103.0,1103.0,1103.0,1103.0,1103.0,1103.0,1103.0,1103.0,1103.0,1103.0,1103.0,1103.0,,,,,,,,,,,,,,,,,,,,,,,,,,,,,,0.3,-0.2190160908,-0.327343959,-19.502497641895623,0.1859812093,0.3826423884,1.5057507044,0.0672552414
1104,1104,1104.0,1104.0,1104.0,1104.0,1104.0,1104.0,1104.0,1104.0,1104.0,1104.0,1104.0,1104.0,1104.0,1104.0,1104.0,1104.0,,,,,,,,,,,,,,,,,,,,,,,,,,,,,,0.4,-0.3445087246,-2.1521010894,11.457449532881784,0.5686235977,0.3214179981999999,1.123108316,0.0672552414
1105,1105,1105.0,1105.0,1105.0,1105.0,1105.0,1105.0,1105.0,1105.0,1105.0,1105.0,1105.0,1105.0,1105.0,1105.0,1105.0,1105.0,,,,,,,,,,,,,,,,,,,,,,,,,,,,,,0.5,-0.4938837579,-0.8569811027,4.441701956680933,0.8900415959,0.075982344,0.8016903178,0.0672552414
1106,1106,1106.0,1106.0,1106.0,1106.0,1106.0,1106.0,1106.0,1106.0,1106.0,1106.0,1106.0,1106.0,1106.0,1106.0,1106.0,1106.0,,,,,,,,,,,,,,,,,,,,,,,,,,,,,,0.6,-0.5539499064,-0.3527447586,0.9746787117891872,0.9660239399,0.0413666703,0.7257079738,0.0672552414
1107,1107,1107.0,1107.0,1107.0,1107.0,1107.0,1107.0,1107.0,1107.0,1107.0,1107.0,1107.0,1107.0,1107.0,1107.0,1107.0,1107.0,,,,,,,,,,,,,,,,,,,,,,,,,,,,,,0.7,-0.582803817,-0.2264229768,1.999674930675608,1.0073906102,0.0386568792999999,0.6843413034999999,0.0672552414
1108,1108,1108.0,1108.0,1108.0,1108.0,1108.0,1108.0,1108.0,1108.0,1108.0,1108.0,1108.0,1108.0,1108.0,1108.0,1108.0,1108.0,,,,,,,,,,,,,,,,,,,,,,,,,,,,,,0.8,-0.5946782856,-0.0145810151,-19.61111034603171,1.0460474895,0.3533530088999999,0.6456844241999999,0.0672552414
1109,1109,1109.0,1109.0,1109.0,1109.0,1109.0,1109.0,1109.0,1109.0,1109.0,1109.0,1109.0,1109.0,1109.0,1109.0,1109.0,1109.0,,,,,,,,,,,,,,,,,,,,,,,,,,,,,,0.9,-0.6909329773,-1.879437358,12.613445097019408,1.3994004984,0.2923314153,0.2923314153,0.0672552414
1110,1110,1110.0,1110.0,1110.0,1110.0,1110.0,1110.0,1110.0,1110.0,1110.0,1110.0,1110.0,1110.0,1110.0,1110.0,1110.0,1110.0,,,,,,,,,,,,,,,,,,,,,,,,,,,,,,0.0,0.0,-1.0,1.3630886780148836,0.0,0.0800729465,1.7212467302,0.0836833837
1111,1111,1111.0,1111.0,1111.0,1111.0,1111.0,1111.0,1111.0,1111.0,1111.0,1111.0,1111.0,1111.0,1111.0,1111.0,1111.0,1111.0,,,,,,,,,,,,,,,,,,,,,,,,,,,,,,0.1,-0.0885687483,-0.7751223839,3.74826736920484,0.0800729465,0.0409816197999999,1.6411737837,0.0836833837
1112,1112,1112.0,1112.0,1112.0,1112.0,1112.0,1112.0,1112.0,1112.0,1112.0,1112.0,1112.0,1112.0,1112.0,1112.0,1112.0,1112.0,,,,,,,,,,,,,,,,,,,,,,,,,,,,,,0.2,-0.1441994595,-0.3446649357,-20.124310057296743,0.1210545663,0.4052958028,1.6001921639,0.0836833837
1113,1113,1113.0,1113.0,1113.0,1113.0,1113.0,1113.0,1113.0,1113.0,1113.0,1113.0,1113.0,1113.0,1113.0,1113.0,1113.0,1113.0,,,,,,,,,,,,,,,,,,,,,,,,,,,,,,0.3,-0.2743483691,-2.2269470319,10.7645964347706,0.5263503691,0.3396973261,1.1948963611,0.0836833837
1114,1114,1114.0,1114.0,1114.0,1114.0,1114.0,1114.0,1114.0,1114.0,1114.0,1114.0,1114.0,1114.0,1114.0,1114.0,1114.0,1114.0,,,,,,,,,,,,,,,,,,,,,,,,,,,,,,0.4,-0.4341975494,-0.9906382081,4.517014856696186,0.8660476952,0.0875221795999999,0.855199035,0.0836833837
1115,1115,1115.0,1115.0,1115.0,1115.0,1115.0,1115.0,1115.0,1115.0,1115.0,1115.0,1115.0,1115.0,1115.0,1115.0,1115.0,1115.0,,,,,,,,,,,,,,,,,,,,,,,,,,,,,,0.5,-0.5066185287,-0.4665157432,0.90165982737156,0.9535698748,0.0444361047,0.7676768554000001,0.0836833837
1116,1116,1116.0,1116.0,1116.0,1116.0,1116.0,1116.0,1116.0,1116.0,1116.0,1116.0,1116.0,1116.0,1116.0,1116.0,1116.0,1116.0,,,,,,,,,,,,,,,,,,,,,,,,,,,,,,0.6,-0.5466516728,-0.3363166163,0.5182704655479329,0.9980059795,0.0404908169,0.7232407507,0.0836833837
1117,1117,1117.0,1117.0,1117.0,1117.0,1117.0,1117.0,1117.0,1117.0,1117.0,1117.0,1117.0,1117.0,1117.0,1117.0,1117.0,1117.0,,,,,,,,,,,,,,,,,,,,,,,,,,,,,,0.7,-0.5761493672,-0.2549918754,2.396476550485157,1.0384967964,0.0391872817999998,0.6827499338,0.0836833837
1118,1118,1118.0,1118.0,1118.0,1118.0,1118.0,1118.0,1118.0,1118.0,1118.0,1118.0,1118.0,1118.0,1118.0,1118.0,1118.0,1118.0,,,,,,,,,,,,,,,,,,,,,,,,,,,,,,0.8,-0.5888230205,-0.002670567,-19.6508912945712,1.0776840782,0.3516870376000001,0.6435626520000002,0.0836833837
1119,1119,1119.0,1119.0,1119.0,1119.0,1119.0,1119.0,1119.0,1119.0,1119.0,1119.0,1119.0,1119.0,1119.0,1119.0,1119.0,1119.0,,,,,,,,,,,,,,,,,,,,,,,,,,,,,,0.9,-0.6841367258,-1.8724459912,13.210638726160711,1.4293711158,0.2918756144000001,0.2918756144000001,0.0836833837
1120,1120,1120.0,1120.0,1120.0,1120.0,1120.0,1120.0,1120.0,1120.0,1120.0,1120.0,1120.0,1120.0,1120.0,1120.0,1120.0,1120.0,,,,,,,,,,,,,,,,,,,,,,,,,,,,,,0.0,0.0,-1.0,0.0467586930746879,0.0,0.09052124,1.8818485583,0.0909534238
1121,1121,1121.0,1121.0,1121.0,1121.0,1121.0,1121.0,1121.0,1121.0,1121.0,1121.0,1121.0,1121.0,1121.0,1121.0,1121.0,1121.0,,,,,,,,,,,,,,,,,,,,,,,,,,,,,,0.1,-0.0949363871,-0.9003877436,3.1483792855738013,0.09052124,0.0576499395,1.7913273183,0.0909534238
1122,1122,1122.0,1122.0,1122.0,1122.0,1122.0,1122.0,1122.0,1122.0,1122.0,1122.0,1122.0,1122.0,1122.0,1122.0,1122.0,1122.0,,,,,,,,,,,,,,,,,,,,,,,,,,,,,,0.2,-0.1653895842,-0.515096618,2.112406228395879,0.1481711795,0.0213110300999999,1.7336773788,0.0909534238
1123,1123,1123.0,1123.0,1123.0,1123.0,1123.0,1123.0,1123.0,1123.0,1123.0,1123.0,1123.0,1123.0,1123.0,1123.0,1123.0,1123.0,,,,,,,,,,,,,,,,,,,,,,,,,,,,,,0.3,-0.2041889661,-0.2650566132,-20.976150410139137,0.1694822096,0.4193245099,1.7123663487,0.0909534238
1124,1124,1124.0,1124.0,1124.0,1124.0,1124.0,1124.0,1124.0,1124.0,1124.0,1124.0,1124.0,1124.0,1124.0,1124.0,1124.0,1124.0,,,,,,,,,,,,,,,,,,,,,,,,,,,,,,0.4,-0.3308828393,-2.235977781,12.072780048811453,0.5888067195,0.3444494891,1.2930418388,0.0909534238
1125,1125,1125.0,1125.0,1125.0,1125.0,1125.0,1125.0,1125.0,1125.0,1125.0,1125.0,1125.0,1125.0,1125.0,1125.0,1125.0,1125.0,,,,,,,,,,,,,,,,,,,,,,,,,,,,,,0.5,-0.4852631842,-0.8743194313,4.855588836521564,0.9332562086,0.0769574055999999,0.9485923497,0.0909534238
1126,1126,1126.0,1126.0,1126.0,1126.0,1126.0,1126.0,1126.0,1126.0,1126.0,1126.0,1126.0,1126.0,1126.0,1126.0,1126.0,1126.0,,,,,,,,,,,,,,,,,,,,,,,,,,,,,,0.6,-0.5449771556,-0.3290465762,2.0480747696645496,1.0102136142,0.0381964772,0.8716349441,0.0909534238
1127,1127,1127.0,1127.0,1127.0,1127.0,1127.0,1127.0,1127.0,1127.0,1127.0,1127.0,1127.0,1127.0,1127.0,1127.0,1127.0,1127.0,,,,,,,,,,,,,,,,,,,,,,,,,,,,,,0.7,-0.5663826649,-0.1028335899,-20.33329882705125,1.0484100914,0.3911933361999999,0.8334384668999999,0.0909534238
1128,1128,1128.0,1128.0,1128.0,1128.0,1128.0,1128.0,1128.0,1128.0,1128.0,1128.0,1128.0,1128.0,1128.0,1128.0,1128.0,1128.0,,,,,,,,,,,,,,,,,,,,,,,,,,,,,,0.8,-0.6745292263,-2.0280169112,13.746349851386675,1.4396034276,0.3296926635999999,0.4422451306999999,0.0909534238
1129,1129,1129.0,1129.0,1129.0,1129.0,1129.0,1129.0,1129.0,1129.0,1129.0,1129.0,1129.0,1129.0,1129.0,1129.0,1129.0,1129.0,,,,,,,,,,,,,,,,,,,,,,,,,,,,,,0.9,-0.8010237402,-0.5268874121,8.878390569643416,1.7692960912,0.1125524671,0.1125524671,0.0909534238
1130,1130,1130.0,1130.0,1130.0,1130.0,1130.0,1130.0,1130.0,1130.0,1130.0,1130.0,1130.0,1130.0,1130.0,1130.0,1130.0,1130.0,,,,,,,,,,,,,,,,,,,,,,,,,,,,,,0.0,0.0,-1.0,0.1451388779403275,0.0,0.0896432991,1.457722016,-2.5
1131,1131,1131.0,1131.0,1131.0,1131.0,1131.0,1131.0,1131.0,1131.0,1131.0,1131.0,1131.0,1131.0,1131.0,1131.0,1131.0,1131.0,,,,,,,,,,,,,,,,,,,,,,,,,,,,,,0.1,-0.094460481,-0.8910256312,1.6761584766898463,0.0896432991,0.0625740305,1.3680787169,-1.6710256312000002
1132,1132,1132.0,1132.0,1132.0,1132.0,1132.0,1132.0,1132.0,1132.0,1132.0,1132.0,1132.0,1132.0,1132.0,1132.0,1132.0,1132.0,,,,,,,,,,,,,,,,,,,,,,,,,,,,,,0.2,-0.1711445566,-0.646725708,3.656454877434256,0.1522173296,0.0311930222,1.3055046864,-0.8667257079999999
1133,1133,1133.0,1133.0,1133.0,1133.0,1133.0,1133.0,1133.0,1133.0,1133.0,1133.0,1133.0,1133.0,1133.0,1133.0,1133.0,1133.0,,,,,,,,,,,,,,,,,,,,,,,,,,,,,,0.3,-0.2150008791,-0.2372238977,-19.34508145858858,0.1834103518,0.3563557819,1.2743116642,-0.0572238977
1134,1134,1134.0,1134.0,1134.0,1134.0,1134.0,1134.0,1134.0,1134.0,1134.0,1134.0,1134.0,1134.0,1134.0,1134.0,1134.0,1134.0,,,,,,,,,,,,,,,,,,,,,,,,,,,,,,0.4,-0.3311559584,-2.0555769643,9.75163352868421,0.5397661337,0.2958002208,0.9179558823,-1.6355769643000002
1135,1135,1135.0,1135.0,1135.0,1135.0,1135.0,1135.0,1135.0,1135.0,1135.0,1135.0,1135.0,1135.0,1135.0,1135.0,1135.0,1135.0,,,,,,,,,,,,,,,,,,,,,,,,,,,,,,0.5,-0.4795972521,-0.9319723177,3.332362508672514,0.8355663545,0.0865925423999999,0.6221556614999999,-0.4319723177
1136,1136,1136.0,1136.0,1136.0,1136.0,1136.0,1136.0,1136.0,1136.0,1136.0,1136.0,1136.0,1136.0,1136.0,1136.0,1136.0,1136.0,,,,,,,,,,,,,,,,,,,,,,,,,,,,,,0.6,-0.5521660843,-0.5261672347,0.5075037189036782,0.9221588969,0.0561711199,0.5355631191,-0.1061672347
1137,1137,1137.0,1137.0,1137.0,1137.0,1137.0,1137.0,1137.0,1137.0,1137.0,1137.0,1137.0,1137.0,1137.0,1137.0,1137.0,1137.0,,,,,,,,,,,,,,,,,,,,,,,,,,,,,,0.7,-0.5997827188,-0.4278002283,1.6313897837597284,0.9783300168,0.0506036307999999,0.4793919992,-0.2478002282999998
1138,1138,1138.0,1138.0,1138.0,1138.0,1138.0,1138.0,1138.0,1138.0,1138.0,1138.0,1138.0,1138.0,1138.0,1138.0,1138.0,1138.0,,,,,,,,,,,,,,,,,,,,,,,,,,,,,,0.8,-0.6326020879,-0.2318418807,2.9453334661012605,1.0289336476,0.0465482603,0.4287883684,-0.4518418807000002
1139,1139,1139.0,1139.0,1139.0,1139.0,1139.0,1139.0,1139.0,1139.0,1139.0,1139.0,1139.0,1139.0,1139.0,1139.0,1139.0,1139.0,,,,,,,,,,,,,,,,,,,,,,,,,,,,,,0.9,-0.6404172495,0.0705066275,-20.793520074017,1.0754819079,0.3822401081,0.3822401081,-0.7094933725000002
1140,1140,1140.0,1140.0,1140.0,1140.0,1140.0,1140.0,1140.0,1140.0,1140.0,1140.0,1140.0,1140.0,1140.0,1140.0,1140.0,,,,,,,,,,,,,,,,,,,,,,,,,,,,,,,0.0,0.0,-1.0,8.02273496153133,0.0,0.0702338354,4.0618076897,0.2061666546
1141,1141,1141.0,1141.0,1141.0,1141.0,1141.0,1141.0,1141.0,1141.0,1141.0,1141.0,1141.0,1141.0,1141.0,1141.0,1141.0,,,,,,,,,,,,,,,,,,,,,,,,,,,,,,,0.1,-0.0563532589,-0.1413732449,-20.91783256423657,0.0702338354,0.3838356654,3.9915738543,0.2061666546
1142,1142,1142.0,1142.0,1142.0,1142.0,1142.0,1142.0,1142.0,1142.0,1142.0,1142.0,1142.0,1142.0,1142.0,1142.0,1142.0,,,,,,,,,,,,,,,,,,,,,,,,,,,,,,,0.2,-0.1709950039,-2.1185147564,9.303893347465364,0.4540695008,0.3052308478999999,3.6077381889,0.2061666546
1143,1143,1143.0,1143.0,1143.0,1143.0,1143.0,1143.0,1143.0,1143.0,1143.0,1143.0,1143.0,1143.0,1143.0,1143.0,1143.0,,,,,,,,,,,,,,,,,,,,,,,,,,,,,,,0.3,-0.3275915198,-1.0315289057,-9.575432482940304,0.7593003487,0.2757312094,3.302507341,0.2061666546
1144,1144,1144.0,1144.0,1144.0,1144.0,1144.0,1144.0,1144.0,1144.0,1144.0,1144.0,1144.0,1144.0,1144.0,1144.0,1144.0,,,,,,,,,,,,,,,,,,,,,,,,,,,,,,,0.4,-0.4720748483,-1.8445888255,4.489041870838877,1.0350315581,0.2805983426,3.0267761316,0.2061666546
1145,1145,1145.0,1145.0,1145.0,1145.0,1145.0,1145.0,1145.0,1145.0,1145.0,1145.0,1145.0,1145.0,1145.0,1145.0,1145.0,,,,,,,,,,,,,,,,,,,,,,,,,,,,,,,0.5,-0.6258953138,-1.241864173,-16.888431790724525,1.3156299007,0.6118189669999998,2.746177789,0.2061666546
1146,1146,1146.0,1146.0,1146.0,1146.0,1146.0,1146.0,1146.0,1146.0,1146.0,1146.0,1146.0,1146.0,1146.0,1146.0,1146.0,,,,,,,,,,,,,,,,,,,,,,,,,,,,,,,0.6,-0.8257707144,-2.7308319514,20.294252607820376,1.9274488677,0.5931666626000003,2.1343588220000003,0.2061666546
1147,1147,1147.0,1147.0,1147.0,1147.0,1147.0,1147.0,1147.0,1147.0,1147.0,1147.0,1147.0,1147.0,1147.0,1147.0,1147.0,,,,,,,,,,,,,,,,,,,,,,,,,,,,,,,0.7,-0.9874719833,-0.5397054217,-19.627275895315435,2.5206155303,0.5436445901,1.5411921594,0.2061666546
1148,1148,1148.0,1148.0,1148.0,1148.0,1148.0,1148.0,1148.0,1148.0,1148.0,1148.0,1148.0,1148.0,1148.0,1148.0,1148.0,,,,,,,,,,,,,,,,,,,,,,,,,,,,,,,0.8,-1.1337770603,-2.3561279342,19.17828803547377,3.0642601204,0.5398150369999999,0.9975475693,0.2061666546
1149,1149,1149.0,1149.0,1149.0,1149.0,1149.0,1149.0,1149.0,1149.0,1149.0,1149.0,1149.0,1149.0,1149.0,1149.0,1149.0,,,,,,,,,,,,,,,,,,,,,,,,,,,,,,,0.9,-1.2652189007,-0.3068572903,20.84666487424189,3.6040751574,0.4577325323000001,0.4577325323000001,0.2061666546
1150,1150,1150.0,1150.0,1150.0,1150.0,1150.0,1150.0,1150.0,1150.0,1150.0,1150.0,1150.0,1150.0,1150.0,1150.0,1150.0,,,,,,,,,,,,,,,,,,,,,,,,,,,,,,,0.0,0.0,-1.0,8.06866449735945,0.0,0.0704154238,2.9842212432,0.1464481666999998
1151,1151,1151.0,1151.0,1151.0,1151.0,1151.0,1151.0,1151.0,1151.0,1151.0,1151.0,1151.0,1151.0,1151.0,1151.0,1151.0,,,,,,,,,,,,,,,,,,,,,,,,,,,,,,,0.1,-0.0561310786,-0.1370024717,-19.735888229003912,0.0704154238,0.3424788391,2.9138058194,0.1464481666999998
1152,1152,1152.0,1152.0,1152.0,1152.0,1152.0,1152.0,1152.0,1152.0,1152.0,1152.0,1152.0,1152.0,1152.0,1152.0,1152.0,,,,,,,,,,,,,,,,,,,,,,,,,,,,,,,0.2,-0.1646393307,-2.0020830425,7.020184146040704,0.4128942629,0.2823667056,2.5713269803,0.1464481666999998
1153,1153,1153.0,1153.0,1153.0,1153.0,1153.0,1153.0,1153.0,1153.0,1153.0,1153.0,1153.0,1153.0,1153.0,1153.0,1153.0,,,,,,,,,,,,,,,,,,,,,,,,,,,,,,,0.3,-0.3212032425,-1.143500716,-6.245256405343921,0.6952609685,0.2298697517,2.2889602747,0.1464481666999998
1154,1154,1154.0,1154.0,1154.0,1154.0,1154.0,1154.0,1154.0,1154.0,1154.0,1154.0,1154.0,1154.0,1154.0,1154.0,1154.0,,,,,,,,,,,,,,,,,,,,,,,,,,,,,,,0.4,-0.4602326613,-1.6289969378,-0.3436470499857256,0.9251307202,0.2750002245999999,2.059090523,0.1464481666999998
1155,1155,1155.0,1155.0,1155.0,1155.0,1155.0,1155.0,1155.0,1155.0,1155.0,1155.0,1155.0,1155.0,1155.0,1155.0,1155.0,,,,,,,,,,,,,,,,,,,,,,,,,,,,,,,0.5,-0.6169149706,-1.5066793335,-6.288203969932709,1.2001309448,0.3728088915000001,1.7840902984,0.1464481666999998
1156,1156,1156.0,1156.0,1156.0,1156.0,1156.0,1156.0,1156.0,1156.0,1156.0,1156.0,1156.0,1156.0,1156.0,1156.0,1156.0,,,,,,,,,,,,,,,,,,,,,,,,,,,,,,,0.6,-0.7907131351,-1.961701566,0.9648924769054554,1.5729398363,0.4108259278999999,1.4112814069,0.1464481666999998
1157,1157,1157.0,1157.0,1157.0,1157.0,1157.0,1157.0,1157.0,1157.0,1157.0,1157.0,1157.0,1157.0,1157.0,1157.0,1157.0,,,,,,,,,,,,,,,,,,,,,,,,,,,,,,,0.7,-0.9727261033,-1.6831993501,19.85517712526815,1.9837657642,0.3777042113,1.000455479,0.1464481666999998
1158,1158,1158.0,1158.0,1158.0,1158.0,1158.0,1158.0,1158.0,1158.0,1158.0,1158.0,1158.0,1158.0,1158.0,1158.0,1158.0,,,,,,,,,,,,,,,,,,,,,,,,,,,,,,,0.8,-1.0368559076,0.3664481667,-15.256668246114216,2.3614699755,0.2589508339000002,0.6227512677,0.1464481666999998
1159,1159,1159.0,1159.0,1159.0,1159.0,1159.0,1159.0,1159.0,1159.0,1159.0,1159.0,1159.0,1159.0,1159.0,1159.0,1159.0,,,,,,,,,,,,,,,,,,,,,,,,,,,,,,,0.9,-1.0757866388,-1.1202879266,20.393047957058528,2.6204208094,0.3638004337999998,0.3638004337999998,0.1464481666999998
1160,1160,1160.0,1160.0,1160.0,1160.0,1160.0,1160.0,1160.0,1160.0,1160.0,1160.0,1160.0,1160.0,1160.0,1160.0,1160.0,,,,,,,,,,,,,,,,,,,,,,,,,,,,,,,0.0,0.0,-1.0,8.0883450566305,0.0,0.0704942793,2.9229439243,0.5040010646999997
1161,1161,1161.0,1161.0,1161.0,1161.0,1161.0,1161.0,1161.0,1161.0,1161.0,1161.0,1161.0,1161.0,1161.0,1161.0,1161.0,,,,,,,,,,,,,,,,,,,,,,,,,,,,,,,0.1,-0.0560358755,-0.1351296189,-19.90681646686956,0.0704942793,0.3477950515,2.852449645,0.5040010646999997
1162,1162,1162.0,1162.0,1162.0,1162.0,1162.0,1162.0,1162.0,1162.0,1162.0,1162.0,1162.0,1162.0,1162.0,1162.0,1162.0,,,,,,,,,,,,,,,,,,,,,,,,,,,,,,,0.2,-0.1651927533,-2.0166543877,8.111031157407908,0.4182893308,0.2801515159999999,2.5046545935,0.5040010646999997
1163,1163,1163.0,1163.0,1163.0,1163.0,1163.0,1163.0,1163.0,1163.0,1163.0,1163.0,1163.0,1163.0,1163.0,1163.0,1163.0,,,,,,,,,,,,,,,,,,,,,,,,,,,,,,,0.3,-0.3178664301,-1.0528775952,-7.211526195938767,0.6984408468,0.2259622438,2.2245030775,0.5040010646999997
1164,1164,1164.0,1164.0,1164.0,1164.0,1164.0,1164.0,1164.0,1164.0,1164.0,1164.0,1164.0,1164.0,1164.0,1164.0,1164.0,,,,,,,,,,,,,,,,,,,,,,,,,,,,,,,0.4,-0.4529461567,-1.6389504882,0.3775524347276298,0.9244030906,0.2664293304,1.9985408337,0.5040010646999997
1165,1165,1165.0,1165.0,1165.0,1165.0,1165.0,1165.0,1165.0,1165.0,1165.0,1165.0,1165.0,1165.0,1165.0,1165.0,1165.0,,,,,,,,,,,,,,,,,,,,,,,,,,,,,,,0.5,-0.6070865171,-1.4470548844,-7.790823456727969,1.190832421,0.3888439924,1.7321115033,0.5040010646999997
1166,1166,1166.0,1166.0,1166.0,1166.0,1166.0,1166.0,1166.0,1166.0,1166.0,1166.0,1166.0,1166.0,1166.0,1166.0,1166.0,,,,,,,,,,,,,,,,,,,,,,,,,,,,,,,0.6,-0.782479472,-2.0507442751,6.5957608724042815,1.5796764134,0.3699739499999999,1.3432675109,0.5040010646999997
1167,1167,1167.0,1167.0,1167.0,1167.0,1167.0,1167.0,1167.0,1167.0,1167.0,1167.0,1167.0,1167.0,1167.0,1167.0,1167.0,,,,,,,,,,,,,,,,,,,,,,,,,,,,,,,0.7,-0.945727276,-1.2279203838,19.28351715924573,1.9496503634,0.3180637173999998,0.9732935609000002,0.5040010646999997
1168,1168,1168.0,1168.0,1168.0,1168.0,1168.0,1168.0,1168.0,1168.0,1168.0,1168.0,1168.0,1168.0,1168.0,1168.0,1168.0,,,,,,,,,,,,,,,,,,,,,,,,,,,,,,,0.8,-0.9692970086,0.7240010647,-19.80291527569593,2.2677140808,0.3285241636,0.6552298435000004,0.5040010646999997
1169,1169,1169.0,1169.0,1169.0,1169.0,1169.0,1169.0,1169.0,1169.0,1169.0,1169.0,1169.0,1169.0,1169.0,1169.0,1169.0,,,,,,,,,,,,,,,,,,,,,,,,,,,,,,,0.9,-0.9961941712,-1.2293933003,19.20597452702641,2.5962382444,0.3267056799000003,0.3267056799000003,0.5040010646999997
1170,1170,1170.0,1170.0,1170.0,1170.0,1170.0,1170.0,1170.0,1170.0,1170.0,1170.0,1170.0,1170.0,1170.0,1170.0,1170.0,,,,,,,,,,,,,,,,,,,,,,,,,,,,,,,0.0,0.0,-1.0,8.98355331932542,0.0,0.0747445201,4.0359695418,0.1903253261999999
1171,1171,1171.0,1171.0,1171.0,1171.0,1171.0,1171.0,1171.0,1171.0,1171.0,1171.0,1171.0,1171.0,1171.0,1171.0,1171.0,,,,,,,,,,,,,,,,,,,,,,,,,,,,,,,0.1,-0.0517053789,-0.0499392892,-19.52432818568978,0.0747445201,0.3184465123,3.9612250217,0.1903253261999999
1172,1172,1172.0,1172.0,1172.0,1172.0,1172.0,1172.0,1172.0,1172.0,1172.0,1172.0,1172.0,1172.0,1172.0,1172.0,1172.0,,,,,,,,,,,,,,,,,,,,,,,,,,,,,,,0.2,-0.1509050567,-1.9031724299,8.931215273287808,0.3931910324,0.2443020033,3.6427785094,0.1903253261999999
1173,1173,1173.0,1173.0,1173.0,1173.0,1173.0,1173.0,1173.0,1173.0,1173.0,1173.0,1173.0,1173.0,1173.0,1173.0,1173.0,,,,,,,,,,,,,,,,,,,,,,,,,,,,,,,0.3,-0.2888118405,-0.8721441188,-19.50970938851717,0.6374930357,0.5445594692999999,3.3984765061,0.1903253261999999
1174,1174,1174.0,1174.0,1174.0,1174.0,1174.0,1174.0,1174.0,1174.0,1174.0,1174.0,1174.0,1174.0,1174.0,1174.0,1174.0,,,,,,,,,,,,,,,,,,,,,,,,,,,,,,,0.4,-0.4661838766,-2.6457430215,20.3546640366957,1.182052505,0.5138004529,2.8539170368000004,0.1903253261999999
1175,1175,1175.0,1175.0,1175.0,1175.0,1175.0,1175.0,1175.0,1175.0,1175.0,1175.0,1175.0,1175.0,1175.0,1175.0,1175.0,,,,,,,,,,,,,,,,,,,,,,,,,,,,,,,0.5,-0.6194956105,-0.456964884,-20.69737443120717,1.6958529579,0.4971069462999999,2.3401165839000004,0.1903253261999999
1176,1176,1176.0,1176.0,1176.0,1176.0,1176.0,1176.0,1176.0,1176.0,1176.0,1176.0,1176.0,1176.0,1176.0,1176.0,1176.0,,,,,,,,,,,,,,,,,,,,,,,,,,,,,,,0.6,-0.76310341,-2.3830945276,19.108054677137183,2.1929599042,0.4698501575000002,1.8430096376000005,0.1903253261999999
1177,1177,1177.0,1177.0,1177.0,1177.0,1177.0,1177.0,1177.0,1177.0,1177.0,1177.0,1177.0,1177.0,1177.0,1177.0,1177.0,,,,,,,,,,,,,,,,,,,,,,,,,,,,,,,0.7,-0.8974512052,-0.3379412647,-20.09035364890367,2.6628100617,0.4882870281999998,1.3731594801,0.1903253261999999
1178,1178,1178.0,1178.0,1178.0,1178.0,1178.0,1178.0,1178.0,1178.0,1178.0,1178.0,1178.0,1178.0,1178.0,1178.0,1178.0,,,,,,,,,,,,,,,,,,,,,,,,,,,,,,,0.8,-1.0267957462,-2.2176320886,19.08188919657263,3.1510970899,0.4790466314000001,0.8848724519000002,0.1903253261999999
1179,1179,1179.0,1179.0,1179.0,1179.0,1179.0,1179.0,1179.0,1179.0,1179.0,1179.0,1179.0,1179.0,1179.0,1179.0,1179.0,,,,,,,,,,,,,,,,,,,,,,,,,,,,,,,0.9,-1.1455242813,-0.1907146338,19.575877290091864,3.6301437213,0.4058258205,0.4058258205,0.1903253261999999
1180,1180,1180.0,1180.0,1180.0,1180.0,1180.0,1180.0,1180.0,1180.0,1180.0,1180.0,1180.0,1180.0,1180.0,1180.0,1180.0,,,,,,,,,,,,,,,,,,,,,,,,,,,,,,,0.0,0.0,-1.0,7.228681007543453,0.0,0.0676346582,2.9988238779,0.7716303394999997
1181,1181,1181.0,1181.0,1181.0,1181.0,1181.0,1181.0,1181.0,1181.0,1181.0,1181.0,1181.0,1181.0,1181.0,1181.0,1181.0,,,,,,,,,,,,,,,,,,,,,,,,,,,,,,,0.1,-0.0601944298,-0.2169374694,-19.32147741485644,0.0676346582,0.3455675749,2.9311892197,0.7716303394999997
1182,1182,1182.0,1182.0,1182.0,1182.0,1182.0,1182.0,1182.0,1182.0,1182.0,1182.0,1182.0,1182.0,1182.0,1182.0,1182.0,,,,,,,,,,,,,,,,,,,,,,,,,,,,,,,0.2,-0.1743048137,-2.034974827,8.454254372690908,0.4132022331,0.2842889133,2.5856216448,0.7716303394999997
1183,1183,1183.0,1183.0,1183.0,1183.0,1183.0,1183.0,1183.0,1183.0,1183.0,1183.0,1183.0,1183.0,1183.0,1183.0,1183.0,,,,,,,,,,,,,,,,,,,,,,,,,,,,,,,0.3,-0.3270615132,-1.0367926902,-8.215790557513023,0.6974911464,0.2446184302999999,2.3013327315,0.7716303394999997
1184,1184,1184.0,1184.0,1184.0,1184.0,1184.0,1184.0,1184.0,1184.0,1184.0,1184.0,1184.0,1184.0,1184.0,1184.0,1184.0,,,,,,,,,,,,,,,,,,,,,,,,,,,,,,,0.4,-0.465468597,-1.7199646623,1.1682244171632583,0.9421095767,0.2811339088000001,2.0567143012,0.7716303394999997
1185,1185,1185.0,1185.0,1185.0,1185.0,1185.0,1185.0,1185.0,1185.0,1185.0,1185.0,1185.0,1185.0,1185.0,1185.0,1185.0,,,,,,,,,,,,,,,,,,,,,,,,,,,,,,,0.5,-0.6234936627,-1.4451171548,-8.224542168165396,1.2232434855,0.4018803326,1.7755803924,0.7716303394999997
1186,1186,1186.0,1186.0,1186.0,1186.0,1186.0,1186.0,1186.0,1186.0,1186.0,1186.0,1186.0,1186.0,1186.0,1186.0,1186.0,,,,,,,,,,,,,,,,,,,,,,,,,,,,,,,0.6,-0.8008002969,-2.0902647374,8.552904335837194,1.6251238181,0.3723823093,1.3737000598,0.7716303394999997
1187,1187,1187.0,1187.0,1187.0,1187.0,1187.0,1187.0,1187.0,1187.0,1187.0,1187.0,1187.0,1187.0,1187.0,1187.0,1187.0,,,,,,,,,,,,,,,,,,,,,,,,,,,,,,,0.7,-0.9583414345,-1.0774331662,20.66497262796141,1.9975061274,0.3446876275999997,1.0013177505,0.7716303394999997
1188,1188,1188.0,1188.0,1188.0,1188.0,1188.0,1188.0,1188.0,1188.0,1188.0,1188.0,1188.0,1188.0,1188.0,1188.0,1188.0,,,,,,,,,,,,,,,,,,,,,,,,,,,,,,,0.8,-0.9609076774,0.9916303395,-19.927977829680707,2.342193755,0.320994432,0.6566301229000002,0.7716303394999997
1189,1189,1189.0,1189.0,1189.0,1189.0,1189.0,1189.0,1189.0,1189.0,1189.0,1189.0,1189.0,1189.0,1189.0,1189.0,1189.0,,,,,,,,,,,,,,,,,,,,,,,,,,,,,,,0.9,-0.9629415204,-0.9991336005,20.28120324118794,2.663188187,0.3356356909000002,0.3356356909000002,0.7716303394999997
1190,1190,1190.0,1190.0,1190.0,1190.0,1190.0,1190.0,1190.0,1190.0,1190.0,1190.0,1190.0,1190.0,1190.0,1190.0,1190.0,,,,,,,,,,,,,,,,,,,,,,,,,,,,,,,0.0,0.0,-1.0,7.2676382515084175,0.0,0.0677383516,3.7923015608,1.0964393649999995
1191,1191,1191.0,1191.0,1191.0,1191.0,1191.0,1191.0,1191.0,1191.0,1191.0,1191.0,1191.0,1191.0,1191.0,1191.0,1191.0,,,,,,,,,,,,,,,,,,,,,,,,,,,,,,,0.1,-0.0600059774,-0.2132301975,-20.604880438084766,0.0677383516,0.3887780572,3.7245632092,1.0964393649999995
1192,1192,1192.0,1192.0,1192.0,1192.0,1192.0,1192.0,1192.0,1192.0,1192.0,1192.0,1192.0,1192.0,1192.0,1192.0,1192.0,,,,,,,,,,,,,,,,,,,,,,,,,,,,,,,0.2,-0.1799719263,-2.1537522923,9.742300424058987,0.4565164088,0.3146430108,3.335785152,1.0964393649999995
1193,1193,1193.0,1193.0,1193.0,1193.0,1193.0,1193.0,1193.0,1193.0,1193.0,1193.0,1193.0,1193.0,1193.0,1193.0,1193.0,,,,,,,,,,,,,,,,,,,,,,,,,,,,,,,0.3,-0.337800979,-1.0216931973,-9.77600782698308,0.7711594196,0.2788466849,3.0211421412,1.0964393649999995
1194,1194,1194.0,1194.0,1194.0,1194.0,1194.0,1194.0,1194.0,1194.0,1194.0,1194.0,1194.0,1194.0,1194.0,1194.0,1194.0,,,,,,,,,,,,,,,,,,,,,,,,,,,,,,,0.4,-0.4823185824,-1.8547763766,4.317080097086874,1.0500061045,0.2864999163999999,2.7422954563,1.0964393649999995
1195,1195,1195.0,1195.0,1195.0,1195.0,1195.0,1195.0,1195.0,1195.0,1195.0,1195.0,1195.0,1195.0,1195.0,1195.0,1195.0,,,,,,,,,,,,,,,,,,,,,,,,,,,,,,,0.5,-0.6379403719,-1.2674465774,-16.818796227454722,1.3365060209,0.6207529273000001,2.4557955399,1.0964393649999995
1196,1196,1196.0,1196.0,1196.0,1196.0,1196.0,1196.0,1196.0,1196.0,1196.0,1196.0,1196.0,1196.0,1196.0,1196.0,1196.0,,,,,,,,,,,,,,,,,,,,,,,,,,,,,,,0.6,-0.8399134089,-2.7473531631,19.599096589956407,1.9572589482,0.5961922844,1.8350426126,1.0964393649999995
1197,1197,1197.0,1197.0,1197.0,1197.0,1197.0,1197.0,1197.0,1197.0,1197.0,1197.0,1197.0,1197.0,1197.0,1197.0,1197.0,,,,,,,,,,,,,,,,,,,,,,,,,,,,,,,0.7,-1.0065496401,-0.6208072729,19.736422244072465,2.5534512326,0.3402012564999999,1.2388503282,1.0964393649999995
1198,1198,1198.0,1198.0,1198.0,1198.0,1198.0,1198.0,1198.0,1198.0,1198.0,1198.0,1198.0,1198.0,1198.0,1198.0,1198.0,,,,,,,,,,,,,,,,,,,,,,,,,,,,,,,0.8,-0.9701540536,1.316439365,-19.49894766027152,2.8936524891,0.3204110742999999,0.8986490717,1.0964393649999995
1199,1199,1199.0,1199.0,1199.0,1199.0,1199.0,1199.0,1199.0,1199.0,1199.0,1199.0,1199.0,1199.0,1199.0,1199.0,1199.0,,,,,,,,,,,,,,,,,,,,,,,,,,,,,,,0.9,-0.9392027366,-0.664406718,-19.821485984653968,3.2140635634,0.5782379974,0.5782379974,1.0964393649999995
