,Unnamed: 0,Unnamed: 0.1,Unnamed: 0.1.1,Unnamed: 0.1.1.1,Unnamed: 0.1.1.1.1,Unnamed: 0.1.1.1.1.1,Unnamed: 0.1.1.1.1.1.1,Unnamed: 0.1.1.1.1.1.1.1,Unnamed: 0.1.1.1.1.1.1.1.1,Unnamed: 0.1.1.1.1.1.1.1.1.1,Unnamed: 0.1.1.1.1.1.1.1.1.1.1,Unnamed: 0.1.1.1.1.1.1.1.1.1.1.1,Unnamed: 0.1.1.1.1.1.1.1.1.1.1.1.1,Unnamed: 0.1.1.1.1.1.1.1.1.1.1.1.1.1,Unnamed: 0.1.1.1.1.1.1.1.1.1.1.1.1.1.1,Unnamed: 0.1.1.1.1.1.1.1.1.1.1.1.1.1.1.1,Unnamed: 0.1.1.1.1.1.1.1.1.1.1.1.1.1.1.1.1,Unnamed: 0.1.1.1.1.1.1.1.1.1.1.1.1.1.1.1.1.1,Unnamed: 0.1.1.1.1.1.1.1.1.1.1.1.1.1.1.1.1.1.1,Unnamed: 0.1.1.1.1.1.1.1.1.1.1.1.1.1.1.1.1.1.1.1,Unnamed: 0.1.1.1.1.1.1.1.1.1.1.1.1.1.1.1.1.1.1.1.1,Unnamed: 0.1.1.1.1.1.1.1.1.1.1.1.1.1.1.1.1.1.1.1.1.1,Unnamed: 0.1.1.1.1.1.1.1.1.1.1.1.1.1.1.1.1.1.1.1.1.1.1,Unnamed: 0.1.1.1.1.1.1.1.1.1.1.1.1.1.1.1.1.1.1.1.1.1.1.1,Unnamed: 0.1.1.1.1.1.1.1.1.1.1.1.1.1.1.1.1.1.1.1.1.1.1.1.1,Unnamed: 0.1.1.1.1.1.1.1.1.1.1.1.1.1.1.1.1.1.1.1.1.1.1.1.1.1,Unnamed: 0.1.1.1.1.1.1.1.1.1.1.1.1.1.1.1.1.1.1.1.1.1.1.1.1.1.1,Unnamed: 0.1.1.1.1.1.1.1.1.1.1.1.1.1.1.1.1.1.1.1.1.1.1.1.1.1.1.1,Unnamed: 0.1.1.1.1.1.1.1.1.1.1.1.1.1.1.1.1.1.1.1.1.1.1.1.1.1.1.1.1,Unnamed: 0.1.1.1.1.1.1.1.1.1.1.1.1.1.1.1.1.1.1.1.1.1.1.1.1.1.1.1.1.1,Unnamed: 0.1.1.1.1.1.1.1.1.1.1.1.1.1.1.1.1.1.1.1.1.1.1.1.1.1.1.1.1.1.1,Unnamed: 0.1.1.1.1.1.1.1.1.1.1.1.1.1.1.1.1.1.1.1.1.1.1.1.1.1.1.1.1.1.1.1,Unnamed: 0.1.1.1.1.1.1.1.1.1.1.1.1.1.1.1.1.1.1.1.1.1.1.1.1.1.1.1.1.1.1.1.1,Unnamed: 0.1.1.1.1.1.1.1.1.1.1.1.1.1.1.1.1.1.1.1.1.1.1.1.1.1.1.1.1.1.1.1.1.1,Unnamed: 0.1.1.1.1.1.1.1.1.1.1.1.1.1.1.1.1.1.1.1.1.1.1.1.1.1.1.1.1.1.1.1.1.1.1,Unnamed: 0.1.1.1.1.1.1.1.1.1.1.1.1.1.1.1.1.1.1.1.1.1.1.1.1.1.1.1.1.1.1.1.1.1.1.1,Unnamed: 0.1.1.1.1.1.1.1.1.1.1.1.1.1.1.1.1.1.1.1.1.1.1.1.1.1.1.1.1.1.1.1.1.1.1.1.1,Unnamed: 0.1.1.1.1.1.1.1.1.1.1.1.1.1.1.1.1.1.1.1.1.1.1.1.1.1.1.1.1.1.1.1.1.1.1.1.1.1,Unnamed: 0.1.1.1.1.1.1.1.1.1.1.1.1.1.1.1.1.1.1.1.1.1.1.1.1.1.1.1.1.1.1.1.1.1.1.1.1.1.1,Unnamed: 0.1.1.1.1.1.1.1.1.1.1.1.1.1.1.1.1.1.1.1.1.1.1.1.1.1.1.1.1.1.1.1.1.1.1.1.1.1.1.1,Unnamed: 0.1.1.1.1.1.1.1.1.1.1.1.1.1.1.1.1.1.1.1.1.1.1.1.1.1.1.1.1.1.1.1.1.1.1.1.1.1.1.1.1,Unnamed: 0.1.1.1.1.1.1.1.1.1.1.1.1.1.1.1.1.1.1.1.1.1.1.1.1.1.1.1.1.1.1.1.1.1.1.1.1.1.1.1.1.1,Unnamed: 0.1.1.1.1.1.1.1.1.1.1.1.1.1.1.1.1.1.1.1.1.1.1.1.1.1.1.1.1.1.1.1.1.1.1.1.1.1.1.1.1.1.1,Unnamed: 0.1.1.1.1.1.1.1.1.1.1.1.1.1.1.1.1.1.1.1.1.1.1.1.1.1.1.1.1.1.1.1.1.1.1.1.1.1.1.1.1.1.1.1,Unnamed: 0.1.1.1.1.1.1.1.1.1.1.1.1.1.1.1.1.1.1.1.1.1.1.1.1.1.1.1.1.1.1.1.1.1.1.1.1.1.1.1.1.1.1.1.1,Unnamed: 0.1.1.1.1.1.1.1.1.1.1.1.1.1.1.1.1.1.1.1.1.1.1.1.1.1.1.1.1.1.1.1.1.1.1.1.1.1.1.1.1.1.1.1.1.1,Unnamed: 0.1.1.1.1.1.1.1.1.1.1.1.1.1.1.1.1.1.1.1.1.1.1.1.1.1.1.1.1.1.1.1.1.1.1.1.1.1.1.1.1.1.1.1.1.1.1,Unnamed: 0.1.1.1.1.1.1.1.1.1.1.1.1.1.1.1.1.1.1.1.1.1.1.1.1.1.1.1.1.1.1.1.1.1.1.1.1.1.1.1.1.1.1.1.1.1.1.1,Unnamed: 0.1.1.1.1.1.1.1.1.1.1.1.1.1.1.1.1.1.1.1.1.1.1.1.1.1.1.1.1.1.1.1.1.1.1.1.1.1.1.1.1.1.1.1.1.1.1.1.1,Unnamed: 0.1.1.1.1.1.1.1.1.1.1.1.1.1.1.1.1.1.1.1.1.1.1.1.1.1.1.1.1.1.1.1.1.1.1.1.1.1.1.1.1.1.1.1.1.1.1.1.1.1,Unnamed: 0.1.1.1.1.1.1.1.1.1.1.1.1.1.1.1.1.1.1.1.1.1.1.1.1.1.1.1.1.1.1.1.1.1.1.1.1.1.1.1.1.1.1.1.1.1.1.1.1.1.1,t,x0,x1,x2,x3,x4,x5,x6,x7,x8,x9,x10,x11,x12,x13,x14,x15,x16,x17,x18,x19,u0,u1,L,inst_cost,ctg,path_diff
0,0,0.0,0.0,0.0,0.0,0.0,0.0,0.0,0.0,0.0,0.0,0.0,0.0,0.0,0.0,0.0,0.0,0.0,0.0,0.0,0.0,0.0,0.0,0.0,0.0,0.0,0.0,0.0,0.0,0.0,,,,,,,,,,,,,,,,,,,,,,0.0,273.0,273.0,273.0,273.0,273.0,273.0,273.0,273.0,273.0,273.0,273.0,273.0,273.0,273.0,273.0,273.0,273.0,273.0,273.0,273.0,372.9999364895757,372.9999616422757,0.0,368.7879,1137.1234,-40.0
1,1,1.0,1.0,1.0,1.0,1.0,1.0,1.0,1.0,1.0,1.0,1.0,1.0,1.0,1.0,1.0,1.0,1.0,1.0,1.0,1.0,1.0,1.0,1.0,1.0,1.0,1.0,1.0,1.0,1.0,,,,,,,,,,,,,,,,,,,,,,0.1,355.9582,339.696,324.8873,312.0201,301.3574,292.9443,286.6547,282.2609,279.5107,278.1944,278.1944,279.5107,282.2609,286.6547,292.9443,301.3574,312.0201,324.8873,339.696,355.9583,295.8557063412676,372.61191070618696,368.7879,146.71510000000006,768.3354999999999,-20.0557
2,2,2.0,2.0,2.0,2.0,2.0,2.0,2.0,2.0,2.0,2.0,2.0,2.0,2.0,2.0,2.0,2.0,2.0,2.0,2.0,2.0,2.0,2.0,2.0,2.0,2.0,2.0,2.0,2.0,2.0,,,,,,,,,,,,,,,,,,,,,,0.2,297.0806,298.0156,298.4372,298.2386,297.4512,296.2369,294.8569,293.6272,292.8742,292.8989,293.9527,296.2262,299.8454,304.8732,311.3114,319.1034,328.1355,338.2397,349.1984,360.7524,261.2883475792244,367.6313748330579,515.503,62.34519999999998,621.6203999999999,-16.76310000000001
3,3,3.0,3.0,3.0,3.0,3.0,3.0,3.0,3.0,3.0,3.0,3.0,3.0,3.0,3.0,3.0,3.0,3.0,3.0,3.0,3.0,3.0,3.0,3.0,3.0,3.0,3.0,3.0,3.0,3.0,,,,,,,,,,,,,,,,,,,,,,0.3,267.3085,273.056,278.3043,282.9083,286.824,290.1089,292.9059,295.417,297.8727,300.5026,303.5127,307.0689,311.2877,316.2336,321.9202,328.3159,335.3511,342.9266,350.9223,359.2044,333.5711673166109,273.5475157623944,577.8482,43.73709999999994,559.2751999999999,-22.891099999999994
4,4,4.0,4.0,4.0,4.0,4.0,4.0,4.0,4.0,4.0,4.0,4.0,4.0,4.0,4.0,4.0,4.0,4.0,4.0,4.0,4.0,4.0,4.0,4.0,4.0,4.0,4.0,4.0,4.0,4.0,,,,,,,,,,,,,,,,,,,,,,0.4,325.8372,318.6104,312.3283,307.3048,303.703,301.5375,300.6975,300.9817,302.1307,303.8504,305.8222,307.7045,309.1342,309.7356,309.1461,307.0583,303.2755,297.7649,290.6953,282.4415,230.13828513880097,274.5331092248306,621.5853,85.52170000000001,515.5381,-11.462499999999975
5,5,5.0,5.0,5.0,5.0,5.0,5.0,5.0,5.0,5.0,5.0,5.0,5.0,5.0,5.0,5.0,5.0,5.0,5.0,5.0,5.0,5.0,5.0,5.0,5.0,5.0,5.0,5.0,5.0,5.0,,,,,,,,,,,,,,,,,,,,,,0.5,243.2051,255.6323,266.8755,276.5567,284.4969,290.7044,295.3302,298.6046,300.7748,302.0552,302.5996,302.4943,301.7681,300.4129,298.4084,295.7443,292.4382,288.5469,284.1691,279.4423,290.86167876565213,362.5763307328692,707.107,127.26660000000004,430.0164,-22.29559999999998
6,6,6.0,6.0,6.0,6.0,6.0,6.0,6.0,6.0,6.0,6.0,6.0,6.0,6.0,6.0,6.0,6.0,6.0,6.0,6.0,6.0,6.0,6.0,6.0,6.0,6.0,6.0,6.0,6.0,6.0,,,,,,,,,,,,,,,,,,,,,,0.6,289.5933,288.5738,288.0025,287.9929,288.5587,289.6243,291.0553,292.7001,294.4337,296.1941,298.0084,300.003,302.398,305.4833,309.5768,314.9692,321.8597,330.2979,340.1452,351.069,302.83428095232074,372.9998154070208,834.3736,67.08770000000004,302.74979999999994,-23.375699999999995
7,7,7.0,7.0,7.0,7.0,7.0,7.0,7.0,7.0,7.0,7.0,7.0,7.0,7.0,7.0,7.0,7.0,7.0,7.0,7.0,7.0,7.0,7.0,7.0,7.0,7.0,7.0,7.0,7.0,7.0,,,,,,,,,,,,,,,,,,,,,,0.7,300.8184,298.9592,297.3971,296.2442,295.5785,295.4455,295.8661,296.8481,298.3994,300.5378,303.2978,306.7315,310.9039,315.8825,321.7236,328.456,336.0653,344.482,353.5758,363.1592,276.76902244608453,274.7841673023992,901.4613,35.74929999999995,235.6620999999999,-17.55450000000002
8,8,8.0,8.0,8.0,8.0,8.0,8.0,8.0,8.0,8.0,8.0,8.0,8.0,8.0,8.0,8.0,8.0,8.0,8.0,8.0,8.0,8.0,8.0,8.0,8.0,8.0,8.0,8.0,8.0,8.0,,,,,,,,,,,,,,,,,,,,,,0.8,280.3911,283.8954,287.1887,290.2198,292.9871,295.5327,297.9254,300.2372,302.5155,304.757,306.8862,308.7439,310.088,310.6124,309.9857,307.9066,304.1703,298.7318,291.748,283.5854,285.21476164715546,273.0438489804278,937.2106,84.43790000000001,199.91279999999995,-17.467300000000023
9,9,9.0,9.0,9.0,9.0,9.0,9.0,9.0,9.0,9.0,9.0,9.0,9.0,9.0,9.0,9.0,9.0,9.0,9.0,9.0,9.0,9.0,9.0,9.0,9.0,9.0,9.0,9.0,9.0,9.0,,,,,,,,,,,,,,,,,,,,,,0.9,286.7843,288.3848,290.0384,291.7515,293.5102,295.2788,297.0009,298.6023,299.994,301.0768,301.7459,301.8967,301.4319,300.2701,298.3556,295.6676,292.2285,288.1084,283.4252,278.3394,260.70823975042646,372.9999335625205,1021.6485,115.47489999999992,115.47489999999992,-17.72120000000001
10,10,10.0,10.0,10.0,10.0,10.0,10.0,10.0,10.0,10.0,10.0,10.0,10.0,10.0,10.0,10.0,10.0,10.0,10.0,10.0,10.0,10.0,10.0,10.0,10.0,10.0,10.0,10.0,10.0,10.0,,,,,,,,,,,,,,,,,,,,,,0.0,273.0,273.0,273.0,273.0,273.0,273.0,273.0,273.0,273.0,273.0,273.0,273.0,273.0,273.0,273.0,273.0,273.0,273.0,273.0,273.0,372.999924947978,372.9999589451287,0.0,368.7879,868.6148,2.752299999999991
11,11,11.0,11.0,11.0,11.0,11.0,11.0,11.0,11.0,11.0,11.0,11.0,11.0,11.0,11.0,11.0,11.0,11.0,11.0,11.0,11.0,11.0,11.0,11.0,11.0,11.0,11.0,11.0,11.0,11.0,,,,,,,,,,,,,,,,,,,,,,0.1,355.9582,339.696,324.8873,312.0201,301.3574,292.9443,286.6547,282.2609,279.5107,278.1944,278.1944,279.5107,282.2609,286.6547,292.9443,301.3574,312.0201,324.8873,339.696,355.9583,298.21163633716355,371.474771314724,368.7879,146.77260000000007,499.8269,2.752299999999991
12,12,12.0,12.0,12.0,12.0,12.0,12.0,12.0,12.0,12.0,12.0,12.0,12.0,12.0,12.0,12.0,12.0,12.0,12.0,12.0,12.0,12.0,12.0,12.0,12.0,12.0,12.0,12.0,12.0,12.0,,,,,,,,,,,,,,,,,,,,,,0.2,299.0349,299.5866,299.6591,299.1567,298.1167,296.7015,295.1681,293.8251,292.9902,292.9545,293.9604,296.1896,299.7603,304.7285,311.09,318.7836,327.693,337.6502,348.4402,359.8091,259.70625807125725,359.73123741259985,515.5605,63.178699999999935,353.0542999999999,2.752299999999991
13,13,13.0,13.0,13.0,13.0,13.0,13.0,13.0,13.0,13.0,13.0,13.0,13.0,13.0,13.0,13.0,13.0,13.0,13.0,13.0,13.0,13.0,13.0,13.0,13.0,13.0,13.0,13.0,13.0,13.0,,,,,,,,,,,,,,,,,,,,,,0.3,266.1107,272.2181,277.7807,282.6389,286.7414,290.1455,292.9985,295.509,297.9125,300.44,303.2929,306.6257,310.5377,315.0717,320.2187,325.928,332.1191,338.6954,345.5549,352.5981,263.0010843867745,372.9997984575212,578.7392,48.19290000000001,289.8756,2.752299999999991
14,14,14.0,14.0,14.0,14.0,14.0,14.0,14.0,14.0,14.0,14.0,14.0,14.0,14.0,14.0,14.0,14.0,14.0,14.0,14.0,14.0,14.0,14.0,14.0,14.0,14.0,14.0,14.0,14.0,14.0,,,,,,,,,,,,,,,,,,,,,,0.4,267.2526,271.4666,275.6107,279.6622,283.6125,287.4701,291.2625,295.0358,298.8537,302.7936,306.9426,311.3917,316.2301,321.5376,327.3769,333.7849,340.7645,348.2773,356.2416,364.5341,282.9157439214935,372.9999586692906,626.9321,33.05849999999998,241.68269999999995,2.752299999999991
15,15,15.0,15.0,15.0,15.0,15.0,15.0,15.0,15.0,15.0,15.0,15.0,15.0,15.0,15.0,15.0,15.0,15.0,15.0,15.0,15.0,15.0,15.0,15.0,15.0,15.0,15.0,15.0,15.0,15.0,,,,,,,,,,,,,,,,,,,,,,0.5,283.5993,284.4377,285.5667,287.0886,289.0654,291.5205,294.4471,297.8202,301.6083,305.7831,310.3237,315.2183,320.4614,326.0494,331.9756,338.2255,344.7736,351.5818,358.5986,365.7616,365.6400758293649,372.9997594530275,659.9906,17.1182,208.6242,2.752299999999991
16,16,16.0,16.0,16.0,16.0,16.0,16.0,16.0,16.0,16.0,16.0,16.0,16.0,16.0,16.0,16.0,16.0,16.0,16.0,16.0,16.0,16.0,16.0,16.0,16.0,16.0,16.0,16.0,16.0,16.0,,,,,,,,,,,,,,,,,,,,,,0.6,353.299,341.67,331.3739,322.8694,316.4169,312.0797,309.7575,309.2376,310.2504,312.5169,315.7814,319.8291,324.4902,329.6357,335.1687,341.0147,347.113,353.4105,359.8571,366.4034,301.5326465189165,274.1174169759985,677.1088,21.22670000000005,191.506,2.752299999999991
17,17,17.0,17.0,17.0,17.0,17.0,17.0,17.0,17.0,17.0,17.0,17.0,17.0,17.0,17.0,17.0,17.0,17.0,17.0,17.0,17.0,17.0,17.0,17.0,17.0,17.0,17.0,17.0,17.0,17.0,,,,,,,,,,,,,,,,,,,,,,0.7,304.8227,307.8882,310.5546,312.7335,314.4345,315.7523,316.8326,317.8264,318.8437,319.9144,320.9628,321.7994,322.1306,321.5897,319.7864,316.3738,311.1208,303.9797,295.1282,284.975,287.6871074194054,281.5158359678891,698.3355,40.66319999999996,170.27929999999992,2.752299999999991
18,18,18.0,18.0,18.0,18.0,18.0,18.0,18.0,18.0,18.0,18.0,18.0,18.0,18.0,18.0,18.0,18.0,18.0,18.0,18.0,18.0,18.0,18.0,18.0,18.0,18.0,18.0,18.0,18.0,18.0,,,,,,,,,,,,,,,,,,,,,,0.8,292.2596,296.6743,300.79,304.4958,307.7158,310.4081,312.5558,314.1554,315.2052,315.6965,315.6094,314.9148,313.5803,311.5795,308.902,305.5616,301.6025,297.1007,292.1622,286.9177,186.28351785855853,372.9997202872511,738.9987,58.52629999999999,129.61609999999996,2.752299999999991
19,19,19.0,19.0,19.0,19.0,19.0,19.0,19.0,19.0,19.0,19.0,19.0,19.0,19.0,19.0,19.0,19.0,19.0,19.0,19.0,19.0,19.0,19.0,19.0,19.0,19.0,19.0,19.0,19.0,19.0,,,,,,,,,,,,,,,,,,,,,,0.9,206.9559,226.7577,244.9299,260.912,274.3879,285.2872,293.7496,300.0694,304.6383,307.8994,310.3175,312.3654,314.516,317.2306,320.9362,325.9864,332.6118,340.871,350.6181,361.5012,256.2080066712025,372.9999335625205,797.525,71.08979999999997,71.08979999999997,2.752299999999991
20,20,20.0,20.0,20.0,20.0,20.0,20.0,20.0,20.0,20.0,20.0,20.0,20.0,20.0,20.0,20.0,20.0,20.0,20.0,20.0,20.0,20.0,20.0,20.0,20.0,20.0,20.0,20.0,20.0,20.0,,,,,,,,,,,,,,,,,,,,,,0.0,273.0,273.0,273.0,273.0,273.0,273.0,273.0,273.0,273.0,273.0,273.0,273.0,273.0,273.0,273.0,273.0,273.0,273.0,273.0,273.0,372.9999335625205,372.9998817962895,0.0,368.7879,794.8955,6.463599999999985
21,21,21.0,21.0,21.0,21.0,21.0,21.0,21.0,21.0,21.0,21.0,21.0,21.0,21.0,21.0,21.0,21.0,21.0,21.0,21.0,21.0,21.0,21.0,21.0,21.0,21.0,21.0,21.0,21.0,21.0,,,,,,,,,,,,,,,,,,,,,,0.1,355.9582,339.696,324.8873,312.0201,301.3574,292.9443,286.6547,282.2609,279.5107,278.1944,278.1944,279.5107,282.2609,286.6546,292.9443,301.3574,312.0201,324.8873,339.696,355.9582,296.30186915400617,371.9111640420061,368.7879,146.82150000000007,426.1076,6.463599999999985
22,22,22.0,22.0,22.0,22.0,22.0,22.0,22.0,22.0,22.0,22.0,22.0,22.0,22.0,22.0,22.0,22.0,22.0,22.0,22.0,22.0,22.0,22.0,22.0,22.0,22.0,22.0,22.0,22.0,22.0,,,,,,,,,,,,,,,,,,,,,,0.2,297.4507,298.3131,298.6686,298.4123,297.5768,296.3242,294.9144,293.6619,292.891,292.9001,293.9382,296.1928,299.7871,304.7809,311.1734,318.9056,327.8625,337.8763,348.7311,360.1711,261.37912404562263,364.7806104560416,515.6094,62.904199999999946,279.2860999999999,6.463599999999985
23,23,23.0,23.0,23.0,23.0,23.0,23.0,23.0,23.0,23.0,23.0,23.0,23.0,23.0,23.0,23.0,23.0,23.0,23.0,23.0,23.0,23.0,23.0,23.0,23.0,23.0,23.0,23.0,23.0,23.0,,,,,,,,,,,,,,,,,,,,,,0.3,267.4046,273.1559,278.4045,283.0044,286.9107,290.1805,292.9564,295.4396,297.8587,300.4407,303.3873,306.8584,310.9636,315.7591,321.2509,327.401,334.1366,341.3598,348.9567,356.8055,265.9074596679547,372.9999464363683,578.5136,44.54290000000003,216.3819,6.463599999999985
24,24,24.0,24.0,24.0,24.0,24.0,24.0,24.0,24.0,24.0,24.0,24.0,24.0,24.0,24.0,24.0,24.0,24.0,24.0,24.0,24.0,24.0,24.0,24.0,24.0,24.0,24.0,24.0,24.0,24.0,,,,,,,,,,,,,,,,,,,,,,0.4,269.7148,273.5029,277.256,280.9647,284.6298,288.2652,291.8994,295.5766,299.3552,303.3047,307.5018,312.0242,316.9452,322.3264,328.2119,334.6214,341.5445,348.9374,356.7216,364.7872,282.4608697547886,372.9999586198164,623.0565,29.64440000000002,171.83899999999994,6.463599999999985
25,25,25.0,25.0,25.0,25.0,25.0,25.0,25.0,25.0,25.0,25.0,25.0,25.0,25.0,25.0,25.0,25.0,25.0,25.0,25.0,25.0,25.0,25.0,25.0,25.0,25.0,25.0,25.0,25.0,25.0,,,,,,,,,,,,,,,,,,,,,,0.5,283.4069,284.49,285.8312,287.5232,289.6248,292.1619,295.1347,298.5269,302.3162,306.481,311.0053,315.8789,321.0954,326.6489,332.5298,338.7209,345.1951,351.9142,358.8287,365.8793,347.8143137296317,372.9999336320906,652.7009,14.2115,142.19459999999992,6.463599999999985
26,26,26.0,26.0,26.0,26.0,26.0,26.0,26.0,26.0,26.0,26.0,26.0,26.0,26.0,26.0,26.0,26.0,26.0,26.0,26.0,26.0,26.0,26.0,26.0,26.0,26.0,26.0,26.0,26.0,26.0,,,,,,,,,,,,,,,,,,,,,,0.6,338.595,329.9476,322.3717,316.2382,311.7605,308.9952,307.8689,308.218,309.8328,312.4947,316.0025,320.1858,324.9088,330.0668,335.5792,341.3824,347.4225,353.6512,360.0215,366.4868,333.24200991703725,281.77674650553985,666.9124,20.651700000000005,127.98309999999992,6.463599999999985
27,27,27.0,27.0,27.0,27.0,27.0,27.0,27.0,27.0,27.0,27.0,27.0,27.0,27.0,27.0,27.0,27.0,27.0,27.0,27.0,27.0,27.0,27.0,27.0,27.0,27.0,27.0,27.0,27.0,27.0,,,,,,,,,,,,,,,,,,,,,,0.7,330.3102,327.4883,324.887,322.6161,320.7792,319.4636,318.727,318.5835,318.9883,319.8264,320.9044,321.9502,322.6232,322.5389,321.31,318.6016,314.1939,308.0405,300.3055,291.3668,173.0000253757505,372.9998072680033,687.5641,35.5838,107.33139999999992,6.463599999999985
28,28,28.0,28.0,28.0,28.0,28.0,28.0,28.0,28.0,28.0,28.0,28.0,28.0,28.0,28.0,28.0,28.0,28.0,28.0,28.0,28.0,28.0,28.0,28.0,28.0,28.0,28.0,28.0,28.0,28.0,,,,,,,,,,,,,,,,,,,,,,0.8,198.3647,222.5462,244.5273,263.5838,279.3474,291.7992,301.2058,308.0251,312.8106,316.1349,318.5432,320.5355,322.5665,325.049,328.3488,332.7637,338.4886,345.5765,353.9096,363.196,250.2963067491308,372.9999591685682,723.1479,41.6629999999999,71.74759999999992,6.463599999999985
29,29,29.0,29.0,29.0,29.0,29.0,29.0,29.0,29.0,29.0,29.0,29.0,29.0,29.0,29.0,29.0,29.0,29.0,29.0,29.0,29.0,29.0,29.0,29.0,29.0,29.0,29.0,29.0,29.0,29.0,,,,,,,,,,,,,,,,,,,,,,0.9,255.0668,260.037,265.3551,271.0821,277.1805,283.5309,289.9669,296.3193,302.4546,308.3014,313.859,319.1905,324.4046,329.632,335.0002,340.6133,346.536,352.7863,359.334,366.1066,301.41806096702294,372.9994937056397,764.8109,30.084600000000023,30.084600000000023,6.463599999999985
30,30,30.0,30.0,30.0,30.0,30.0,30.0,30.0,30.0,30.0,30.0,30.0,30.0,30.0,30.0,30.0,30.0,30.0,30.0,30.0,30.0,30.0,30.0,30.0,30.0,30.0,30.0,30.0,30.0,30.0,,,,,,,,,,,,,,,,,,,,,,0.0,273.0,273.0,273.0,273.0,273.0,273.0,273.0,273.0,273.0,273.0,273.0,273.0,273.0,273.0,273.0,273.0,273.0,273.0,273.0,273.0,372.99992488783727,372.99997394296383,0.0,368.7879,794.7971,6.445600000000013
31,31,31.0,31.0,31.0,31.0,31.0,31.0,31.0,31.0,31.0,31.0,31.0,31.0,31.0,31.0,31.0,31.0,31.0,31.0,31.0,31.0,31.0,31.0,31.0,31.0,31.0,31.0,31.0,31.0,31.0,,,,,,,,,,,,,,,,,,,,,,0.1,355.9582,339.696,324.8873,312.0201,301.3574,292.9443,286.6547,282.2609,279.5107,278.1944,278.1944,279.5107,282.2609,286.6547,292.9443,301.3574,312.0201,324.8873,339.696,355.9583,296.3903539118622,371.7724761102283,368.7879,146.8426,426.0092,6.445600000000013
32,32,32.0,32.0,32.0,32.0,32.0,32.0,32.0,32.0,32.0,32.0,32.0,32.0,32.0,32.0,32.0,32.0,32.0,32.0,32.0,32.0,32.0,32.0,32.0,32.0,32.0,32.0,32.0,32.0,32.0,,,,,,,,,,,,,,,,,,,,,,0.2,297.5241,298.3721,298.7144,298.4468,297.6018,296.3415,294.9258,293.6688,292.8943,292.9004,293.9353,296.1863,299.7756,304.7627,311.1461,318.8664,327.8085,337.8044,348.6387,360.056,261.3942325197876,364.7482619886858,515.6305,62.97080000000005,279.1666,6.445600000000013
33,33,33.0,33.0,33.0,33.0,33.0,33.0,33.0,33.0,33.0,33.0,33.0,33.0,33.0,33.0,33.0,33.0,33.0,33.0,33.0,33.0,33.0,33.0,33.0,33.0,33.0,33.0,33.0,33.0,33.0,,,,,,,,,,,,,,,,,,,,,,0.3,267.4213,273.1738,278.423,283.0225,286.9274,290.1949,292.9677,295.4469,297.8615,300.4386,303.3799,306.8457,310.9456,315.7362,321.2237,327.3704,334.1036,341.3256,348.9224,356.7719,265.9074596679547,372.9999464363683,578.6013,44.56889999999999,216.1958,6.445600000000013
34,34,34.0,34.0,34.0,34.0,34.0,34.0,34.0,34.0,34.0,34.0,34.0,34.0,34.0,34.0,34.0,34.0,34.0,34.0,34.0,34.0,34.0,34.0,34.0,34.0,34.0,34.0,34.0,34.0,34.0,,,,,,,,,,,,,,,,,,,,,,0.4,269.7167,273.5066,277.2608,280.9702,284.6353,288.2699,291.9027,295.5778,299.3538,303.3006,307.4948,312.0145,316.9331,322.3127,328.1973,334.6068,341.5311,348.9263,356.7136,364.783,282.4607181934525,372.9998925019,623.1702,29.656299999999987,171.62689999999998,6.445600000000013
35,35,35.0,35.0,35.0,35.0,35.0,35.0,35.0,35.0,35.0,35.0,35.0,35.0,35.0,35.0,35.0,35.0,35.0,35.0,35.0,35.0,35.0,35.0,35.0,35.0,35.0,35.0,35.0,35.0,35.0,,,,,,,,,,,,,,,,,,,,,,0.5,283.4072,284.4906,285.832,287.524,289.6253,292.1619,295.1338,298.5251,302.3132,306.4769,311.0,315.8726,321.0884,326.6415,332.5223,338.7137,345.1888,351.9091,358.825,365.8774,347.81431135963874,372.9999336069645,652.8265,14.217399999999998,141.9706,6.445600000000013
36,36,36.0,36.0,36.0,36.0,36.0,36.0,36.0,36.0,36.0,36.0,36.0,36.0,36.0,36.0,36.0,36.0,36.0,36.0,36.0,36.0,36.0,36.0,36.0,36.0,36.0,36.0,36.0,36.0,36.0,,,,,,,,,,,,,,,,,,,,,,0.6,338.5949,329.9473,322.3712,316.2375,311.7593,308.9937,307.8669,308.2155,309.8297,312.4912,315.9985,320.1815,324.9043,330.0623,335.5749,341.3784,347.419,353.6484,360.0195,366.4858,333.1575455055663,282.0816132457883,667.0439,20.608600000000024,127.7532,6.445600000000013
37,37,37.0,37.0,37.0,37.0,37.0,37.0,37.0,37.0,37.0,37.0,37.0,37.0,37.0,37.0,37.0,37.0,37.0,37.0,37.0,37.0,37.0,37.0,37.0,37.0,37.0,37.0,37.0,37.0,37.0,,,,,,,,,,,,,,,,,,,,,,0.7,330.2399,327.4314,324.8424,322.5822,320.7541,319.4456,318.7146,318.5755,318.9843,319.8266,320.9097,321.9627,322.646,322.5764,321.3676,318.6854,314.3106,308.1967,300.5073,291.6188,173.00005002319526,372.9998127360789,687.6525,35.44799999999998,107.14459999999995,6.445600000000013
38,38,38.0,38.0,38.0,38.0,38.0,38.0,38.0,38.0,38.0,38.0,38.0,38.0,38.0,38.0,38.0,38.0,38.0,38.0,38.0,38.0,38.0,38.0,38.0,38.0,38.0,38.0,38.0,38.0,38.0,,,,,,,,,,,,,,,,,,,,,,0.8,198.3607,222.5388,244.5174,263.5727,279.3366,291.7904,301.2004,308.0246,312.8163,316.1477,318.5638,320.5641,322.6025,325.0912,328.395,332.8108,338.533,345.6143,353.9372,363.2105,250.2963067491305,372.9999591685682,723.1005,41.63660000000005,71.69659999999999,6.445600000000013
39,39,39.0,39.0,39.0,39.0,39.0,39.0,39.0,39.0,39.0,39.0,39.0,39.0,39.0,39.0,39.0,39.0,39.0,39.0,39.0,39.0,39.0,39.0,39.0,39.0,39.0,39.0,39.0,39.0,39.0,,,,,,,,,,,,,,,,,,,,,,0.9,255.0663,260.0361,265.3543,271.0818,277.1814,283.5335,289.9719,296.3271,302.4657,308.316,313.8768,319.2111,324.4274,329.656,335.0243,340.6361,346.5562,352.8027,359.3456,366.1126,301.4180898385879,372.9995411555127,764.7371,30.059999999999945,30.059999999999945,6.445600000000013
40,40,40.0,40.0,40.0,40.0,40.0,40.0,40.0,40.0,40.0,40.0,40.0,40.0,40.0,40.0,40.0,40.0,40.0,40.0,40.0,40.0,40.0,40.0,40.0,40.0,40.0,40.0,40.0,40.0,40.0,,,,,,,,,,,,,,,,,,,,,,0.0,273.0,273.0,273.0,273.0,273.0,273.0,273.0,273.0,273.0,273.0,273.0,273.0,273.0,273.0,273.0,273.0,273.0,273.0,273.0,273.0,372.9999245041744,372.9999589451287,0.0,368.7879,748.0791,-40.0
41,41,41.0,41.0,41.0,41.0,41.0,41.0,41.0,41.0,41.0,41.0,41.0,41.0,41.0,41.0,41.0,41.0,41.0,41.0,41.0,41.0,41.0,41.0,41.0,41.0,41.0,41.0,41.0,41.0,41.0,,,,,,,,,,,,,,,,,,,,,,0.1,355.9582,339.696,324.8873,312.0201,301.3574,292.9443,286.6547,282.2609,279.5107,278.1944,278.1944,279.5107,282.2609,286.6547,292.9443,301.3574,312.0201,324.8873,339.696,355.9583,296.2492572969677,371.9936073847159,368.7879,146.80880000000008,379.29120000000006,-20.0557
42,42,42.0,42.0,42.0,42.0,42.0,42.0,42.0,42.0,42.0,42.0,42.0,42.0,42.0,42.0,42.0,42.0,42.0,42.0,42.0,42.0,42.0,42.0,42.0,42.0,42.0,42.0,42.0,42.0,42.0,,,,,,,,,,,,,,,,,,,,,,0.2,297.407,298.278,298.6413,298.3918,297.562,296.3139,294.9076,293.6578,292.889,292.9,293.9399,296.1968,299.794,304.7918,311.1896,318.9288,327.8946,337.9191,348.7861,360.2395,261.37927509686165,364.7805800316752,515.5967,62.8646,232.4824,-16.68610000000001
43,43,43.0,43.0,43.0,43.0,43.0,43.0,43.0,43.0,43.0,43.0,43.0,43.0,43.0,43.0,43.0,43.0,43.0,43.0,43.0,43.0,43.0,43.0,43.0,43.0,43.0,43.0,43.0,43.0,43.0,,,,,,,,,,,,,,,,,,,,,,0.3,267.4023,273.1513,278.3983,282.9972,286.9033,290.1737,292.9509,295.4359,297.8573,300.4419,303.3912,306.8651,310.9727,315.7702,321.2632,327.4138,334.1488,341.3701,348.9643,356.8095,270.36347448474186,372.9999654039115,578.4613,43.502899999999954,169.6178,-22.826300000000003
44,44,44.0,44.0,44.0,44.0,44.0,44.0,44.0,44.0,44.0,44.0,44.0,44.0,44.0,44.0,44.0,44.0,44.0,44.0,44.0,44.0,44.0,44.0,44.0,44.0,44.0,44.0,44.0,44.0,44.0,,,,,,,,,,,,,,,,,,,,,,0.4,273.4105,276.4732,279.5655,282.6998,285.8881,289.1455,292.4933,295.9632,299.5982,303.4528,307.5899,312.076,316.976,322.3455,328.2246,334.6304,341.5511,348.9422,356.7248,364.7887,280.9772302451096,372.9999591685682,621.9642,27.401399999999967,126.11490000000003,-23.854499999999973
45,45,45.0,45.0,45.0,45.0,45.0,45.0,45.0,45.0,45.0,45.0,45.0,45.0,45.0,45.0,45.0,45.0,45.0,45.0,45.0,45.0,45.0,45.0,45.0,45.0,45.0,45.0,45.0,45.0,45.0,,,,,,,,,,,,,,,,,,,,,,0.5,282.397,283.92,285.6388,287.6275,289.9377,292.599,295.6235,299.0121,302.7602,306.8633,311.3184,316.1247,321.2815,326.7853,332.6269,338.7881,345.2402,351.9432,358.8457,365.8872,347.023857162502,372.9999586385114,649.3656,13.760700000000044,98.71350000000008,-20.40100000000001
46,46,46.0,46.0,46.0,46.0,46.0,46.0,46.0,46.0,46.0,46.0,46.0,46.0,46.0,46.0,46.0,46.0,46.0,46.0,46.0,46.0,46.0,46.0,46.0,46.0,46.0,46.0,46.0,46.0,46.0,,,,,,,,,,,,,,,,,,,,,,0.6,337.9643,329.4723,322.0431,316.0437,311.6839,309.0178,307.97,308.3766,310.0285,312.7092,316.2203,320.3948,325.1004,330.2355,335.7222,341.4988,347.5131,353.7172,360.0645,366.508,173.00006663380128,372.9999543120136,663.1263,16.052900000000022,84.95280000000002,-3.9821999999999775
47,47,47.0,47.0,47.0,47.0,47.0,47.0,47.0,47.0,47.0,47.0,47.0,47.0,47.0,47.0,47.0,47.0,47.0,47.0,47.0,47.0,47.0,47.0,47.0,47.0,47.0,47.0,47.0,47.0,47.0,,,,,,,,,,,,,,,,,,,,,,0.7,197.3693,220.6076,241.7553,260.1554,275.5156,287.8966,297.6391,305.2572,311.329,316.4051,320.9497,325.3138,329.7349,334.3523,339.2301,344.3805,349.7824,355.3963,361.1728,367.0589,267.98196053989784,372.9999415731021,679.1792,41.3963,68.8999,-25.103400000000025
48,48,48.0,48.0,48.0,48.0,48.0,48.0,48.0,48.0,48.0,48.0,48.0,48.0,48.0,48.0,48.0,48.0,48.0,48.0,48.0,48.0,48.0,48.0,48.0,48.0,48.0,48.0,48.0,48.0,48.0,,,,,,,,,,,,,,,,,,,,,,0.8,269.365,271.1339,273.6011,276.9527,281.2266,286.3267,292.0624,298.2011,304.5175,310.8301,317.0187,323.0259,328.846,334.5079,340.0577,345.5441,351.0079,356.4775,361.9667,367.4769,294.5280308579255,372.9999591687659,720.5755,20.37379999999996,27.50360000000001,-26.673299999999983
49,49,49.0,49.0,49.0,49.0,49.0,49.0,49.0,49.0,49.0,49.0,49.0,49.0,49.0,49.0,49.0,49.0,49.0,49.0,49.0,49.0,49.0,49.0,49.0,49.0,49.0,49.0,49.0,49.0,49.0,,,,,,,,,,,,,,,,,,,,,,0.9,293.4082,292.5829,292.3098,292.7799,294.102,296.3007,299.3289,303.0871,307.4465,312.2699,317.428,322.8099,328.3272,333.9153,339.5305,345.146,350.7481,356.3321,361.8989,367.4528,278.7915295564501,372.9989944518117,740.9493,7.129800000000046,7.129800000000046,-16.699299999999994
50,50,50.0,50.0,50.0,50.0,50.0,50.0,50.0,50.0,50.0,50.0,50.0,50.0,50.0,50.0,50.0,50.0,50.0,50.0,50.0,50.0,50.0,50.0,50.0,50.0,50.0,50.0,50.0,50.0,50.0,,,,,,,,,,,,,,,,,,,,,,0.0,273.0,273.0,273.0,273.0,273.0,273.0,273.0,273.0,273.0,273.0,273.0,273.0,273.0,273.0,273.0,273.0,273.0,273.0,273.0,273.0,372.999894569117,372.9999659823392,0.0,368.7879,794.7268,6.455800000000011
51,51,51.0,51.0,51.0,51.0,51.0,51.0,51.0,51.0,51.0,51.0,51.0,51.0,51.0,51.0,51.0,51.0,51.0,51.0,51.0,51.0,51.0,51.0,51.0,51.0,51.0,51.0,51.0,51.0,51.0,,,,,,,,,,,,,,,,,,,,,,0.1,355.9582,339.696,324.8873,312.0201,301.3574,292.9443,286.6546,282.2609,279.5107,278.1944,278.1944,279.5107,282.2609,286.6547,292.9443,301.3574,312.0201,324.8873,339.696,355.9583,296.2093655444741,372.0563921588903,368.7879,146.79930000000007,425.9389000000001,6.455800000000011
52,52,52.0,52.0,52.0,52.0,52.0,52.0,52.0,52.0,52.0,52.0,52.0,52.0,52.0,52.0,52.0,52.0,52.0,52.0,52.0,52.0,52.0,52.0,52.0,52.0,52.0,52.0,52.0,52.0,52.0,,,,,,,,,,,,,,,,,,,,,,0.2,297.374,298.2514,298.6206,298.3763,297.5508,296.3061,294.9025,293.6547,292.8875,292.8999,293.9412,296.1998,299.7992,304.8001,311.202,318.9466,327.9191,337.9516,348.828,360.2915,261.40324026455886,364.7284578770457,515.5872,62.834499999999935,279.1396,6.455800000000011
53,53,53.0,53.0,53.0,53.0,53.0,53.0,53.0,53.0,53.0,53.0,53.0,53.0,53.0,53.0,53.0,53.0,53.0,53.0,53.0,53.0,53.0,53.0,53.0,53.0,53.0,53.0,53.0,53.0,53.0,,,,,,,,,,,,,,,,,,,,,,0.3,267.4203,273.1637,278.4059,283.001,286.9044,290.1731,292.9497,295.4349,297.857,300.4427,303.393,306.8676,310.9752,315.7717,321.2624,327.4088,334.1377,341.351,348.9353,356.7693,265.9074596679547,372.9999464363683,578.4217,44.533000000000015,216.30510000000004,6.455800000000011
54,54,54.0,54.0,54.0,54.0,54.0,54.0,54.0,54.0,54.0,54.0,54.0,54.0,54.0,54.0,54.0,54.0,54.0,54.0,54.0,54.0,54.0,54.0,54.0,54.0,54.0,54.0,54.0,54.0,54.0,,,,,,,,,,,,,,,,,,,,,,0.4,269.7146,273.5026,277.2555,280.9642,284.6294,288.265,291.8995,295.5772,299.3563,303.3064,307.5039,312.0267,316.9477,322.3288,328.214,334.623,341.5457,348.9382,356.722,364.7874,282.4608679755359,372.99997967880194,622.9547,29.640899999999988,171.77210000000002,6.455800000000011
55,55,55.0,55.0,55.0,55.0,55.0,55.0,55.0,55.0,55.0,55.0,55.0,55.0,55.0,55.0,55.0,55.0,55.0,55.0,55.0,55.0,55.0,55.0,55.0,55.0,55.0,55.0,55.0,55.0,55.0,,,,,,,,,,,,,,,,,,,,,,0.5,283.4069,284.4901,285.8313,287.5234,289.6251,292.1624,295.1353,298.5277,302.3171,306.4821,311.0066,315.8802,321.0967,326.6502,332.531,338.722,345.1961,351.915,358.8292,365.8796,347.8142962492657,372.9995987591453,652.5956,14.210199999999986,142.13120000000004,6.455800000000011
56,56,56.0,56.0,56.0,56.0,56.0,56.0,56.0,56.0,56.0,56.0,56.0,56.0,56.0,56.0,56.0,56.0,56.0,56.0,56.0,56.0,56.0,56.0,56.0,56.0,56.0,56.0,56.0,56.0,56.0,,,,,,,,,,,,,,,,,,,,,,0.6,338.5951,329.9478,322.372,316.2386,311.7609,308.9958,307.8695,308.2187,309.8336,312.4956,316.0034,320.1867,324.9097,330.0677,335.58,341.383,347.423,353.6515,360.0216,366.4867,333.19972182503744,281.8555539712452,666.8058,20.63530000000003,127.92100000000003,6.455800000000011
57,57,57.0,57.0,57.0,57.0,57.0,57.0,57.0,57.0,57.0,57.0,57.0,57.0,57.0,57.0,57.0,57.0,57.0,57.0,57.0,57.0,57.0,57.0,57.0,57.0,57.0,57.0,57.0,57.0,57.0,,,,,,,,,,,,,,,,,,,,,,0.7,330.2752,327.4603,324.8653,322.6,320.7677,319.4558,318.7221,318.5808,318.9875,319.8272,320.9069,321.9547,322.6304,322.5499,321.3261,318.6243,314.225,308.0816,300.3583,291.4323,173.00003642307377,372.9998273711095,687.4411,35.54169999999999,107.28570000000002,6.455800000000011
58,58,58.0,58.0,58.0,58.0,58.0,58.0,58.0,58.0,58.0,58.0,58.0,58.0,58.0,58.0,58.0,58.0,58.0,58.0,58.0,58.0,58.0,58.0,58.0,58.0,58.0,58.0,58.0,58.0,58.0,,,,,,,,,,,,,,,,,,,,,,0.8,198.3628,222.5427,244.5226,263.5783,279.342,291.7944,301.2022,308.0232,312.8108,316.1374,318.5481,320.5428,322.576,325.0603,328.3612,332.7764,338.5006,345.5867,353.917,363.1999,250.2963479002874,372.9999385619399,722.9828,41.6626,71.74400000000003,6.455800000000011
59,59,59.0,59.0,59.0,59.0,59.0,59.0,59.0,59.0,59.0,59.0,59.0,59.0,59.0,59.0,59.0,59.0,59.0,59.0,59.0,59.0,59.0,59.0,59.0,59.0,59.0,59.0,59.0,59.0,59.0,,,,,,,,,,,,,,,,,,,,,,0.9,255.0663,260.0361,265.354,271.0809,277.1795,283.5303,289.9669,296.3201,302.4564,308.3043,313.8629,319.1953,324.4101,329.638,335.0063,340.6191,346.5413,352.7906,359.337,366.1082,301.4180929053232,372.9998571788519,764.6454,30.08140000000003,30.08140000000003,6.455800000000011
60,60,60.0,60.0,60.0,60.0,60.0,60.0,60.0,60.0,60.0,60.0,60.0,60.0,60.0,60.0,60.0,60.0,60.0,60.0,60.0,60.0,60.0,60.0,60.0,60.0,60.0,60.0,60.0,60.0,,,,,,,,,,,,,,,,,,,,,,,0.0,273.0,273.0,273.0,273.0,273.0,273.0,273.0,273.0,273.0,273.0,273.0,273.0,273.0,273.0,273.0,273.0,273.0,273.0,273.0,273.0,372.9995191293919,372.9999589544311,0.0,368.7879,2418.6759999999995,11.4341
61,61,61.0,61.0,61.0,61.0,61.0,61.0,61.0,61.0,61.0,61.0,61.0,61.0,61.0,61.0,61.0,61.0,61.0,61.0,61.0,61.0,61.0,61.0,61.0,61.0,61.0,61.0,61.0,61.0,,,,,,,,,,,,,,,,,,,,,,,0.1,355.9579,339.6957,324.8871,312.02,301.3573,292.9443,286.6546,282.2609,279.5107,278.1944,278.1944,279.5107,282.2609,286.6547,292.9443,301.3574,312.0201,324.8873,339.696,355.9583,299.97619584620315,372.9014893931208,368.7879,146.37220000000008,2049.8881,11.4341
62,62,62.0,62.0,62.0,62.0,62.0,62.0,62.0,62.0,62.0,62.0,62.0,62.0,62.0,62.0,62.0,62.0,62.0,62.0,62.0,62.0,62.0,62.0,62.0,62.0,62.0,62.0,62.0,62.0,,,,,,,,,,,,,,,,,,,,,,,0.2,300.4987,300.7634,300.5746,299.8451,298.6168,297.0529,295.4079,293.9865,293.1014,293.0396,294.0409,296.2861,299.8944,304.9243,311.375,319.1884,328.2499,338.3906,349.3918,360.9927,173.000075569424,372.9999625409488,515.1601,87.48739999999998,1903.5159,11.4341
63,63,63.0,63.0,63.0,63.0,63.0,63.0,63.0,63.0,63.0,63.0,63.0,63.0,63.0,63.0,63.0,63.0,63.0,63.0,63.0,63.0,63.0,63.0,63.0,63.0,63.0,63.0,63.0,63.0,,,,,,,,,,,,,,,,,,,,,,,0.3,194.273,214.5665,233.0443,249.1251,262.539,273.325,281.7776,288.3631,293.6292,298.125,302.3436,306.6882,311.4591,316.8554,322.9847,329.877,337.4975,345.76,354.5384,363.6767,316.5729939591015,272.76647592021345,602.6475,116.048,1816.0285,11.4341
64,64,64.0,64.0,64.0,64.0,64.0,64.0,64.0,64.0,64.0,64.0,64.0,64.0,64.0,64.0,64.0,64.0,64.0,64.0,64.0,64.0,64.0,64.0,64.0,64.0,64.0,64.0,64.0,64.0,,,,,,,,,,,,,,,,,,,,,,,0.4,307.4611,299.1625,292.3621,287.52,284.8261,284.2118,285.4038,287.9995,291.539,295.5573,299.6108,303.2814,306.1712,307.9012,308.1247,306.5625,303.0521,297.6009,290.4231,281.9447,372.99950431677,372.9999335625205,718.6955,92.72389999999996,1699.9804999999997,11.4341
65,65,65.0,65.0,65.0,65.0,65.0,65.0,65.0,65.0,65.0,65.0,65.0,65.0,65.0,65.0,65.0,65.0,65.0,65.0,65.0,65.0,65.0,65.0,65.0,65.0,65.0,65.0,65.0,65.0,,,,,,,,,,,,,,,,,,,,,,,0.5,359.0098,345.6885,333.6225,323.2526,314.8372,308.4487,303.9998,301.2908,300.0668,300.0755,301.1164,303.077,305.949,309.8228,314.8577,321.2309,329.0718,338.3975,349.0649,360.7552,372.9870158474049,186.80282864083804,811.4194,98.31309999999996,1607.2565999999997,11.4341
66,66,66.0,66.0,66.0,66.0,66.0,66.0,66.0,66.0,66.0,66.0,66.0,66.0,66.0,66.0,66.0,66.0,66.0,66.0,66.0,66.0,66.0,66.0,66.0,66.0,66.0,66.0,66.0,66.0,,,,,,,,,,,,,,,,,,,,,,,0.6,363.4881,354.2564,345.5421,337.5628,330.4894,324.4341,319.4382,315.4611,312.3671,309.9104,307.7233,305.3105,302.0603,297.2818,290.2737,280.4249,267.3326,250.9151,231.4862,209.7648,289.5013928529974,173.00006643747952,909.7325,260.6459000000001,1508.9435,11.4341
67,67,67.0,67.0,67.0,67.0,67.0,67.0,67.0,67.0,67.0,67.0,67.0,67.0,67.0,67.0,67.0,67.0,67.0,67.0,67.0,67.0,67.0,67.0,67.0,67.0,67.0,67.0,67.0,67.0,,,,,,,,,,,,,,,,,,,,,,,0.7,296.2491,302.4602,307.6747,311.5664,313.9664,314.8517,314.3036,312.4532,309.4258,305.2987,300.0795,293.7045,286.0558,276.9922,266.386,254.1619,240.3301,225.0093,208.4361,190.9563,292.5158877909783,173.00064900430354,1170.3784,412.4421,1248.2976,11.4341
68,68,68.0,68.0,68.0,68.0,68.0,68.0,68.0,68.0,68.0,68.0,68.0,68.0,68.0,68.0,68.0,68.0,68.0,68.0,68.0,68.0,68.0,68.0,68.0,68.0,68.0,68.0,68.0,68.0,,,,,,,,,,,,,,,,,,,,,,,0.8,295.2354,297.7605,299.9036,301.4894,302.3605,302.3807,301.436,299.4354,296.3088,292.0056,286.4932,279.7564,271.7987,262.645,252.3446,240.9754,228.6467,215.5,201.7076,187.4684,371.7599225990935,302.16132254638,1582.8205,494.05709999999976,835.8554999999999,11.4341
69,69,69.0,69.0,69.0,69.0,69.0,69.0,69.0,69.0,69.0,69.0,69.0,69.0,69.0,69.0,69.0,69.0,69.0,69.0,69.0,69.0,69.0,69.0,69.0,69.0,69.0,69.0,69.0,69.0,,,,,,,,,,,,,,,,,,,,,,,0.9,359.1688,347.0509,335.7999,325.6699,316.7481,308.9656,302.1389,296.0316,290.4216,285.1617,280.2253,275.7299,271.9363,269.2177,268.0023,268.6907,271.561,276.6812,283.8489,292.581,341.53647651014643,273.2618764704478,2076.8776,341.79840000000013,341.79840000000013,11.4341
70,70,70.0,70.0,70.0,70.0,70.0,70.0,70.0,70.0,70.0,70.0,70.0,70.0,70.0,70.0,70.0,70.0,70.0,70.0,70.0,70.0,70.0,70.0,70.0,70.0,70.0,70.0,70.0,70.0,,,,,,,,,,,,,,,,,,,,,,,0.0,273.0,273.0,273.0,273.0,273.0,273.0,273.0,273.0,273.0,273.0,273.0,273.0,273.0,273.0,273.0,273.0,273.0,273.0,273.0,273.0,372.9994552359572,372.9999204429037,0.0,368.7879,2981.0367999999994,15.803200000000004
71,71,71.0,71.0,71.0,71.0,71.0,71.0,71.0,71.0,71.0,71.0,71.0,71.0,71.0,71.0,71.0,71.0,71.0,71.0,71.0,71.0,71.0,71.0,71.0,71.0,71.0,71.0,71.0,71.0,,,,,,,,,,,,,,,,,,,,,,,0.1,355.9578,339.6957,324.887,312.0199,301.3573,292.9442,286.6546,282.2609,279.5107,278.1944,278.1944,279.5107,282.2609,286.6547,292.9443,301.3574,312.0201,324.8873,339.696,355.9582,301.56363137806306,365.5040080731948,368.7879,147.7919,2612.2489,15.803200000000004
72,72,72.0,72.0,72.0,72.0,72.0,72.0,72.0,72.0,72.0,72.0,72.0,72.0,72.0,72.0,72.0,72.0,72.0,72.0,72.0,72.0,72.0,72.0,72.0,72.0,72.0,72.0,72.0,72.0,,,,,,,,,,,,,,,,,,,,,,,0.2,301.8152,301.8213,301.3966,300.4613,299.0604,297.3559,295.5976,294.0815,293.1084,292.9503,293.8282,295.9007,299.2614,303.9414,309.9134,317.0973,325.3665,334.5536,344.4586,354.8561,333.23724923860345,274.497345460033,516.5798,77.23649999999998,2464.4569999999994,15.803200000000004
73,73,73.0,73.0,73.0,73.0,73.0,73.0,73.0,73.0,73.0,73.0,73.0,73.0,73.0,73.0,73.0,73.0,73.0,73.0,73.0,73.0,73.0,73.0,73.0,73.0,73.0,73.0,73.0,73.0,,,,,,,,,,,,,,,,,,,,,,,0.3,327.2634,321.544,316.3068,311.7314,307.9385,304.9891,302.89,301.6021,301.0446,301.0943,301.5791,302.2717,302.8877,303.0975,302.5548,300.943,298.0334,293.7417,288.1679,281.603,372.9999390169402,286.81768044843363,593.8163,120.6286,2387.2204999999994,15.803200000000004
74,74,74.0,74.0,74.0,74.0,74.0,74.0,74.0,74.0,74.0,74.0,74.0,74.0,74.0,74.0,74.0,74.0,74.0,74.0,74.0,74.0,74.0,74.0,74.0,74.0,74.0,74.0,74.0,74.0,,,,,,,,,,,,,,,,,,,,,,,0.4,362.0514,351.5192,341.7694,333.0781,325.6082,319.4068,314.4183,310.5095,307.4978,305.179,303.3495,301.8234,300.4431,299.0863,297.6674,296.1363,294.4739,292.6849,290.7909,288.8232,372.9985887940515,173.00004197701665,714.4449,211.08850000000007,2266.5918999999994,15.803200000000004
75,75,75.0,75.0,75.0,75.0,75.0,75.0,75.0,75.0,75.0,75.0,75.0,75.0,75.0,75.0,75.0,75.0,75.0,75.0,75.0,75.0,75.0,75.0,75.0,75.0,75.0,75.0,75.0,75.0,,,,,,,,,,,,,,,,,,,,,,,0.5,364.8214,356.802,349.086,341.7956,335.0194,328.8032,323.142,317.9724,313.1645,308.5144,303.7394,298.4781,292.3027,284.7469,275.3543,263.7454,249.6936,233.1963,214.5198,194.2015,296.16502568886574,173.00017393557948,925.5334,375.0107,2055.5034,15.803200000000004
76,76,76.0,76.0,76.0,76.0,76.0,76.0,76.0,76.0,76.0,76.0,76.0,76.0,76.0,76.0,76.0,76.0,76.0,76.0,76.0,76.0,76.0,76.0,76.0,76.0,76.0,76.0,76.0,76.0,,,,,,,,,,,,,,,,,,,,,,,0.6,302.1685,307.6236,312.0553,315.1181,316.6202,316.5158,314.8703,311.8114,307.4804,301.9944,295.4253,287.7964,279.0936,269.2853,258.3472,246.2843,233.1499,219.0555,204.1739,188.7325,307.0226889646061,173.0000972865768,1300.5441,491.8107,1680.4926999999998,15.803200000000004
77,77,77.0,77.0,77.0,77.0,77.0,77.0,77.0,77.0,77.0,77.0,77.0,77.0,77.0,77.0,77.0,77.0,77.0,77.0,77.0,77.0,77.0,77.0,77.0,77.0,77.0,77.0,77.0,77.0,,,,,,,,,,,,,,,,,,,,,,,0.7,307.5182,307.8724,307.9438,307.5913,306.6779,305.0748,302.6674,299.3605,295.082,289.7848,283.4462,276.0674,267.671,258.3,248.0169,236.9033,225.0598,212.6054,199.6757,186.4206,371.84438587874206,301.40980609819803,1792.3548,541.5373999999997,1188.6819999999998,15.803200000000004
78,78,78.0,78.0,78.0,78.0,78.0,78.0,78.0,78.0,78.0,78.0,78.0,78.0,78.0,78.0,78.0,78.0,78.0,78.0,78.0,78.0,78.0,78.0,78.0,78.0,78.0,78.0,78.0,78.0,,,,,,,,,,,,,,,,,,,,,,,0.8,359.8609,348.2639,337.3748,327.4011,318.4148,310.3613,303.0962,296.4369,290.2212,284.3593,278.8738,273.9204,269.7857,266.8573,265.567,266.3101,269.3528,274.7452,282.2633,291.399,331.6305797171763,273.3130127830479,2333.8922,361.7795000000001,647.1446000000001,15.803200000000004
79,79,79.0,79.0,79.0,79.0,79.0,79.0,79.0,79.0,79.0,79.0,79.0,79.0,79.0,79.0,79.0,79.0,79.0,79.0,79.0,79.0,79.0,79.0,79.0,79.0,79.0,79.0,79.0,79.0,,,,,,,,,,,,,,,,,,,,,,,0.9,328.7609,325.7045,322.3117,318.4972,314.2541,309.6516,304.8195,299.9255,295.1505,290.6659,286.6165,283.1082,280.2009,277.9066,276.1927,274.9902,274.2061,273.738,273.4876,273.3696,361.9640093371356,274.0455755849943,2695.6717,285.3651,285.3651,15.803200000000004
80,80,80.0,80.0,80.0,80.0,80.0,80.0,80.0,80.0,80.0,80.0,80.0,80.0,80.0,80.0,80.0,80.0,80.0,80.0,80.0,80.0,80.0,80.0,80.0,80.0,80.0,80.0,80.0,80.0,,,,,,,,,,,,,,,,,,,,,,,0.0,273.0,273.0,273.0,273.0,273.0,273.0,273.0,273.0,273.0,273.0,273.0,273.0,273.0,273.0,273.0,273.0,273.0,273.0,273.0,273.0,372.99945523595903,372.99992044290383,0.0,368.7879,2285.8617,7.2216999999999985
81,81,81.0,81.0,81.0,81.0,81.0,81.0,81.0,81.0,81.0,81.0,81.0,81.0,81.0,81.0,81.0,81.0,81.0,81.0,81.0,81.0,81.0,81.0,81.0,81.0,81.0,81.0,81.0,81.0,,,,,,,,,,,,,,,,,,,,,,,0.1,355.9578,339.6957,324.887,312.0199,301.3573,292.9442,286.6546,282.2609,279.5107,278.1944,278.1944,279.5107,282.2609,286.6547,292.9443,301.3574,312.0201,324.8873,339.696,355.9582,372.4101589073943,305.92513140230704,368.7879,167.14670000000007,1917.0738,7.2216999999999985
82,82,82.0,82.0,82.0,82.0,82.0,82.0,82.0,82.0,82.0,82.0,82.0,82.0,82.0,82.0,82.0,82.0,82.0,82.0,82.0,82.0,82.0,82.0,82.0,82.0,82.0,82.0,82.0,82.0,,,,,,,,,,,,,,,,,,,,,,,0.2,360.5852,349.0645,338.1366,328.0603,319.0538,311.2868,304.8766,299.8862,296.3231,294.1384,293.2256,293.4197,294.5002,296.2008,298.2295,300.299,302.1641,303.6604,304.7308,305.4338,299.31839483617784,372.9999335580522,535.9346,115.11489999999992,1749.9271,7.2216999999999985
83,83,83.0,83.0,83.0,83.0,83.0,83.0,83.0,83.0,83.0,83.0,83.0,83.0,83.0,83.0,83.0,83.0,83.0,83.0,83.0,83.0,83.0,83.0,83.0,83.0,83.0,83.0,83.0,83.0,,,,,,,,,,,,,,,,,,,,,,,0.3,302.5438,305.389,307.5444,308.8244,309.1924,308.7548,307.7311,306.411,305.1128,304.1511,303.8201,304.3874,306.0954,309.1601,313.7613,320.0218,327.977,337.5435,348.4982,360.4768,372.9998714301381,204.0505690899084,651.0495,79.91460000000006,1634.8122,7.2216999999999985
84,84,84.0,84.0,84.0,84.0,84.0,84.0,84.0,84.0,84.0,84.0,84.0,84.0,84.0,84.0,84.0,84.0,84.0,84.0,84.0,84.0,84.0,84.0,84.0,84.0,84.0,84.0,84.0,84.0,,,,,,,,,,,,,,,,,,,,,,,0.4,361.7817,351.0734,341.3166,332.8317,325.7916,320.2217,316.0213,312.992,310.8619,309.2979,307.9048,306.2184,303.704,299.7749,293.8406,285.3859,274.0712,259.8317,242.9451,224.0432,296.2544828908621,173.00015983975166,730.9641,227.6849,1554.8976,7.2216999999999985
85,85,85.0,85.0,85.0,85.0,85.0,85.0,85.0,85.0,85.0,85.0,85.0,85.0,85.0,85.0,85.0,85.0,85.0,85.0,85.0,85.0,85.0,85.0,85.0,85.0,85.0,85.0,85.0,85.0,,,,,,,,,,,,,,,,,,,,,,,0.5,301.318,305.9459,309.7669,312.5221,314.0828,314.4379,313.6563,311.8367,309.059,305.3468,300.6493,294.8411,287.7408,279.143,268.859,256.7609,242.8233,227.1545,210.011,191.7901,295.8150229183032,173.00005635247297,958.649,393.4814,1327.2127,7.2216999999999985
86,86,86.0,86.0,86.0,86.0,86.0,86.0,86.0,86.0,86.0,86.0,86.0,86.0,86.0,86.0,86.0,86.0,86.0,86.0,86.0,86.0,86.0,86.0,86.0,86.0,86.0,86.0,86.0,86.0,,,,,,,,,,,,,,,,,,,,,,,0.6,298.1106,300.2228,301.9756,303.2067,303.772,303.5468,302.4262,300.3221,297.1614,292.8829,287.4373,280.7881,272.9151,263.8198,253.5318,242.1143,229.6692,216.3386,202.3033,187.7776,173.0001798059481,372.9999591685682,1352.1304,472.7395999999999,933.7313,7.2216999999999985
87,87,87.0,87.0,87.0,87.0,87.0,87.0,87.0,87.0,87.0,87.0,87.0,87.0,87.0,87.0,87.0,87.0,87.0,87.0,87.0,87.0,87.0,87.0,87.0,87.0,87.0,87.0,87.0,87.0,,,,,,,,,,,,,,,,,,,,,,,0.7,194.5388,214.9889,233.3974,249.0535,261.5462,270.7699,276.8873,280.2714,281.4465,281.0447,279.7813,278.4437,277.879,278.9621,282.5331,289.2997,299.7169,313.8715,331.4052,351.5081,372.9998413088061,372.9999370605993,1824.87,291.24890000000005,460.9917,7.2216999999999985
88,88,88.0,88.0,88.0,88.0,88.0,88.0,88.0,88.0,88.0,88.0,88.0,88.0,88.0,88.0,88.0,88.0,88.0,88.0,88.0,88.0,88.0,88.0,88.0,88.0,88.0,88.0,88.0,88.0,,,,,,,,,,,,,,,,,,,,,,,0.8,353.3481,334.8655,318.5409,305.0484,294.689,287.4139,282.9145,280.7448,280.4433,281.6266,284.0421,287.5769,292.2343,298.0887,305.2334,313.7311,323.5754,334.6673,346.8074,359.705,335.09594365116914,372.9999588108924,2116.1189,93.06489999999984,169.7428,7.2216999999999985
89,89,89.0,89.0,89.0,89.0,89.0,89.0,89.0,89.0,89.0,89.0,89.0,89.0,89.0,89.0,89.0,89.0,89.0,89.0,89.0,89.0,89.0,89.0,89.0,89.0,89.0,89.0,89.0,89.0,,,,,,,,,,,,,,,,,,,,,,,0.9,329.0683,323.1442,317.4422,312.1051,307.2998,303.2069,300.0051,297.8538,296.8785,297.1638,298.7509,301.6416,305.8036,311.1766,317.6764,325.1971,333.6119,342.7739,352.5166,362.6572,372.9999246480327,199.2169641917584,2209.1838,76.67790000000014,76.67790000000014,7.2216999999999985
90,90,90.0,90.0,90.0,90.0,90.0,90.0,90.0,90.0,90.0,90.0,90.0,90.0,90.0,90.0,90.0,90.0,90.0,90.0,90.0,90.0,90.0,90.0,90.0,90.0,90.0,90.0,90.0,90.0,,,,,,,,,,,,,,,,,,,,,,,0.0,273.0,273.0,273.0,273.0,273.0,273.0,273.0,273.0,273.0,273.0,273.0,273.0,273.0,273.0,273.0,273.0,273.0,273.0,273.0,273.0,372.9994552359573,372.9999204429037,0.0,368.7879,2694.1946,7.4687999999999874
91,91,91.0,91.0,91.0,91.0,91.0,91.0,91.0,91.0,91.0,91.0,91.0,91.0,91.0,91.0,91.0,91.0,91.0,91.0,91.0,91.0,91.0,91.0,91.0,91.0,91.0,91.0,91.0,91.0,,,,,,,,,,,,,,,,,,,,,,,0.1,355.9578,339.6957,324.887,312.0199,301.3573,292.9442,286.6546,282.2609,279.5107,278.1944,278.1944,279.5107,282.2609,286.6547,292.9443,301.3574,312.0201,324.8873,339.696,355.9582,370.8224103469004,307.25000284442933,368.7879,166.478,2325.4067,7.4687999999999874
92,92,92.0,92.0,92.0,92.0,92.0,92.0,92.0,92.0,92.0,92.0,92.0,92.0,92.0,92.0,92.0,92.0,92.0,92.0,92.0,92.0,92.0,92.0,92.0,92.0,92.0,92.0,92.0,92.0,,,,,,,,,,,,,,,,,,,,,,,0.2,359.2681,348.0058,337.3132,327.4418,318.6057,310.9745,304.6686,299.7561,296.2509,294.1116,293.2388,293.4747,294.606,296.3729,298.4893,300.6725,302.6801,304.3473,305.6142,306.5328,301.42324540274353,372.99995546151285,535.2659,113.57720000000006,2158.9287,7.4687999999999874
93,93,93.0,93.0,93.0,93.0,93.0,93.0,93.0,93.0,93.0,93.0,93.0,93.0,93.0,93.0,93.0,93.0,93.0,93.0,93.0,93.0,93.0,93.0,93.0,93.0,93.0,93.0,93.0,93.0,,,,,,,,,,,,,,,,,,,,,,,0.3,304.2134,306.648,308.4386,309.4145,309.546,308.9396,307.8085,306.4324,305.1178,304.1682,303.867,304.4732,306.2215,309.3215,313.9475,320.218,328.1654,337.7058,348.6173,360.5399,372.9998839777386,204.2697626591478,648.8431,79.76439999999991,2045.3515,7.4687999999999874
94,94,94.0,94.0,94.0,94.0,94.0,94.0,94.0,94.0,94.0,94.0,94.0,94.0,94.0,94.0,94.0,94.0,94.0,94.0,94.0,94.0,94.0,94.0,94.0,94.0,94.0,94.0,94.0,94.0,,,,,,,,,,,,,,,,,,,,,,,0.4,361.8579,351.2176,341.514,333.0639,326.0395,320.4688,316.2555,313.2064,311.0546,309.4711,308.0631,306.3675,303.8495,299.9219,293.9928,285.5461,274.2414,260.013,243.1385,224.2494,295.9351723457878,173.00015106271857,728.6075,226.9350000000001,1965.5871,7.4687999999999874
95,95,95.0,95.0,95.0,95.0,95.0,95.0,95.0,95.0,95.0,95.0,95.0,95.0,95.0,95.0,95.0,95.0,95.0,95.0,95.0,95.0,95.0,95.0,95.0,95.0,95.0,95.0,95.0,95.0,,,,,,,,,,,,,,,,,,,,,,,0.5,301.088,305.801,309.6993,312.5212,314.1367,314.5341,313.7832,311.984,309.2182,305.5114,300.8144,295.003,287.8965,279.2899,268.9941,256.8812,242.9255,227.235,210.0667,191.8186,292.4111361317149,173.0000640549155,955.5425,391.7699,1738.6520999999998,7.4687999999999874
96,96,96.0,96.0,96.0,96.0,96.0,96.0,96.0,96.0,96.0,96.0,96.0,96.0,96.0,96.0,96.0,96.0,96.0,96.0,96.0,96.0,96.0,96.0,96.0,96.0,96.0,96.0,96.0,96.0,,,,,,,,,,,,,,,,,,,,,,,0.6,295.2944,297.9687,300.2357,301.9172,302.86,302.9382,302.0511,300.1193,297.0801,292.8834,287.4897,280.8704,273.0119,263.9203,253.6282,242.2013,229.7429,216.3961,202.3427,187.7976,372.519683225286,292.5556537216153,1347.3124,485.5229999999999,1346.8821999999998,7.4687999999999874
97,97,97.0,97.0,97.0,97.0,97.0,97.0,97.0,97.0,97.0,97.0,97.0,97.0,97.0,97.0,97.0,97.0,97.0,97.0,97.0,97.0,97.0,97.0,97.0,97.0,97.0,97.0,97.0,97.0,,,,,,,,,,,,,,,,,,,,,,,0.7,359.8915,347.7418,336.4684,326.328,317.4082,309.6376,302.8275,296.7325,291.1173,285.8168,280.7805,276.0967,271.9913,268.8005,266.9164,266.7108,268.4467,272.1971,277.7881,284.789,348.5852833196553,273.934070618033,1832.8354,354.0786000000003,861.3591999999999,7.4687999999999874
98,98,98.0,98.0,98.0,98.0,98.0,98.0,98.0,98.0,98.0,98.0,98.0,98.0,98.0,98.0,98.0,98.0,98.0,98.0,98.0,98.0,98.0,98.0,98.0,98.0,98.0,98.0,98.0,98.0,,,,,,,,,,,,,,,,,,,,,,,0.8,342.7863,336.9461,331.0399,325.0721,319.0809,313.1362,307.3312,301.7714,296.5627,291.8017,287.5679,283.9185,280.8838,278.4655,276.6362,275.3419,274.5075,274.0442,273.857,273.8509,307.4810172745472,273.5438689908792,2186.914,274.3918999999996,507.2805999999996,7.4687999999999874
99,99,99.0,99.0,99.0,99.0,99.0,99.0,99.0,99.0,99.0,99.0,99.0,99.0,99.0,99.0,99.0,99.0,99.0,99.0,99.0,99.0,99.0,99.0,99.0,99.0,99.0,99.0,99.0,99.0,,,,,,,,,,,,,,,,,,,,,,,0.9,308.7388,309.7041,310.1303,309.8512,308.7993,307.0042,304.5745,301.6709,298.4765,295.1707,291.9108,288.8213,285.9899,283.4686,281.2781,279.4126,277.8452,276.5329,275.4213,274.4475,317.00378767400423,273.21677140884174,2461.3059,232.8887,232.8887,7.4687999999999874
100,100,100.0,100.0,100.0,100.0,100.0,100.0,100.0,100.0,100.0,100.0,100.0,100.0,100.0,100.0,100.0,100.0,100.0,100.0,100.0,100.0,100.0,100.0,100.0,100.0,100.0,100.0,100.0,100.0,,,,,,,,,,,,,,,,,,,,,,,0.0,273.0,273.0,273.0,273.0,273.0,273.0,273.0,273.0,273.0,273.0,273.0,273.0,273.0,273.0,273.0,273.0,273.0,273.0,273.0,273.0,372.9995135348455,372.9999596715591,0.0,368.7879,2449.7745,8.191399999999987
101,101,101.0,101.0,101.0,101.0,101.0,101.0,101.0,101.0,101.0,101.0,101.0,101.0,101.0,101.0,101.0,101.0,101.0,101.0,101.0,101.0,101.0,101.0,101.0,101.0,101.0,101.0,101.0,101.0,,,,,,,,,,,,,,,,,,,,,,,0.1,355.9579,339.6957,324.8871,312.02,301.3573,292.9443,286.6546,282.2609,279.5107,278.1944,278.1944,279.5107,282.2609,286.6547,292.9443,301.3574,312.0201,324.8873,339.696,355.9583,300.0433746078059,372.588489298162,368.7879,146.43020000000007,2080.9866,8.191399999999987
102,102,102.0,102.0,102.0,102.0,102.0,102.0,102.0,102.0,102.0,102.0,102.0,102.0,102.0,102.0,102.0,102.0,102.0,102.0,102.0,102.0,102.0,102.0,102.0,102.0,102.0,102.0,102.0,102.0,,,,,,,,,,,,,,,,,,,,,,,0.2,300.5544,300.8082,300.6093,299.8711,298.6355,297.0657,295.416,293.9906,293.1017,293.0359,294.0319,296.2698,299.8676,304.8827,311.3132,319.0999,328.1279,338.2282,349.1831,360.733,315.420492544534,273.3618563627474,515.2181,71.14649999999995,1934.5564,8.191399999999987
103,103,103.0,103.0,103.0,103.0,103.0,103.0,103.0,103.0,103.0,103.0,103.0,103.0,103.0,103.0,103.0,103.0,103.0,103.0,103.0,103.0,103.0,103.0,103.0,103.0,103.0,103.0,103.0,103.0,,,,,,,,,,,,,,,,,,,,,,,0.3,312.4194,309.544,306.9111,304.6207,302.7527,301.365,300.4927,300.1447,300.2969,300.8804,301.7681,302.7627,303.5951,303.9365,303.4317,301.7512,298.6556,294.0586,288.0709,281.0093,324.25519874356326,372.9999063384967,586.3646,86.79880000000003,1863.4099,8.191399999999987
104,104,104.0,104.0,104.0,104.0,104.0,104.0,104.0,104.0,104.0,104.0,104.0,104.0,104.0,104.0,104.0,104.0,104.0,104.0,104.0,104.0,104.0,104.0,104.0,104.0,104.0,104.0,104.0,104.0,,,,,,,,,,,,,,,,,,,,,,,0.4,320.735,317.3464,314.2074,311.412,309.0242,307.0782,305.5843,304.5412,303.9512,303.8394,304.272,305.3699,307.3144,310.3367,314.6896,320.601,328.2152,337.5348,348.3798,360.3786,372.99995885204527,206.24584760200136,673.1634,78.29599999999994,1776.6111,8.191399999999987
105,105,105.0,105.0,105.0,105.0,105.0,105.0,105.0,105.0,105.0,105.0,105.0,105.0,105.0,105.0,105.0,105.0,105.0,105.0,105.0,105.0,105.0,105.0,105.0,105.0,105.0,105.0,105.0,105.0,,,,,,,,,,,,,,,,,,,,,,,0.5,362.1747,351.8015,342.2777,333.9034,326.857,321.1914,316.8455,313.6616,311.4011,309.7519,308.327,306.6603,304.2108,300.3846,294.5866,286.3001,275.1858,261.1791,244.5553,225.9395,293.8249710120061,173.00002998780096,751.4594,223.6871,1698.3151000000005,8.191399999999987
106,106,106.0,106.0,106.0,106.0,106.0,106.0,106.0,106.0,106.0,106.0,106.0,106.0,106.0,106.0,106.0,106.0,106.0,106.0,106.0,106.0,106.0,106.0,106.0,106.0,106.0,106.0,106.0,106.0,,,,,,,,,,,,,,,,,,,,,,,0.6,299.4422,304.5967,308.8939,312.0581,313.9524,314.5656,313.9734,312.2858,309.596,305.9408,301.2795,295.4934,288.4036,279.8032,269.4992,257.3588,243.3519,227.5849,210.3158,191.9483,283.7025514014292,173.00013763651907,975.1465,386.1635,1474.6280000000002,8.191399999999987
107,107,107.0,107.0,107.0,107.0,107.0,107.0,107.0,107.0,107.0,107.0,107.0,107.0,107.0,107.0,107.0,107.0,107.0,107.0,107.0,107.0,107.0,107.0,107.0,107.0,107.0,107.0,107.0,107.0,,,,,,,,,,,,,,,,,,,,,,,0.7,288.0325,292.0944,295.6386,298.4488,300.3503,301.2121,300.9423,299.4799,296.7855,292.833,287.605,281.0919,273.2942,264.2291,253.937,242.4891,229.9929,216.5953,202.4811,187.8685,371.8955249122696,299.6987076661391,1361.31,479.2323000000001,1088.4645,8.191399999999987
108,108,108.0,108.0,108.0,108.0,108.0,108.0,108.0,108.0,108.0,108.0,108.0,108.0,108.0,108.0,108.0,108.0,108.0,108.0,108.0,108.0,108.0,108.0,108.0,108.0,108.0,108.0,108.0,108.0,,,,,,,,,,,,,,,,,,,,,,,0.8,358.9474,346.518,335.0386,324.7867,315.8563,308.1692,301.5201,295.643,290.2837,285.2638,280.5293,276.1748,272.4423,269.691,268.3395,268.7834,271.3023,275.9721,282.6062,290.7442,351.3550728000705,274.3248172234248,1840.5423,340.9589000000001,609.2321999999999,8.191399999999987
109,109,109.0,109.0,109.0,109.0,109.0,109.0,109.0,109.0,109.0,109.0,109.0,109.0,109.0,109.0,109.0,109.0,109.0,109.0,109.0,109.0,109.0,109.0,109.0,109.0,109.0,109.0,109.0,109.0,,,,,,,,,,,,,,,,,,,,,,,0.9,344.8853,338.4124,331.9452,325.5139,319.1724,312.9965,307.0762,301.5069,296.3794,291.7719,287.7433,284.3276,281.5306,279.3279,277.6664,276.4698,275.647,275.103,274.7494,274.5106,312.06328536162613,273.9504130076252,2181.5012,268.27329999999984,268.27329999999984,8.191399999999987
110,110,110.0,110.0,110.0,110.0,110.0,110.0,110.0,110.0,110.0,110.0,110.0,110.0,110.0,110.0,110.0,110.0,110.0,110.0,110.0,110.0,110.0,110.0,110.0,110.0,110.0,110.0,110.0,110.0,,,,,,,,,,,,,,,,,,,,,,,0.0,273.0,273.0,273.0,273.0,273.0,273.0,273.0,273.0,273.0,273.0,273.0,273.0,273.0,273.0,273.0,273.0,273.0,273.0,273.0,273.0,372.9994552359572,372.9999204429037,0.0,368.7879,2292.3684,7.298000000000002
111,111,111.0,111.0,111.0,111.0,111.0,111.0,111.0,111.0,111.0,111.0,111.0,111.0,111.0,111.0,111.0,111.0,111.0,111.0,111.0,111.0,111.0,111.0,111.0,111.0,111.0,111.0,111.0,111.0,,,,,,,,,,,,,,,,,,,,,,,0.1,355.9578,339.6957,324.887,312.0199,301.3573,292.9442,286.6546,282.2609,279.5107,278.1944,278.1944,279.5107,282.2609,286.6547,292.9443,301.3574,312.0201,324.8873,339.696,355.9582,372.26328604755065,306.04763401082715,368.7879,167.0845,1923.5805,7.298000000000002
112,112,112.0,112.0,112.0,112.0,112.0,112.0,112.0,112.0,112.0,112.0,112.0,112.0,112.0,112.0,112.0,112.0,112.0,112.0,112.0,112.0,112.0,112.0,112.0,112.0,112.0,112.0,112.0,112.0,,,,,,,,,,,,,,,,,,,,,,,0.2,360.4634,348.9666,338.0604,328.0031,319.0123,311.2579,304.8574,299.8742,296.3164,294.1359,293.2268,293.4248,294.51,296.2167,298.2536,300.3335,302.2118,303.7239,304.8125,305.5354,299.8420938459423,372.9999335625205,535.8724,115.01960000000008,1756.496,7.298000000000002
113,113,113.0,113.0,113.0,113.0,113.0,113.0,113.0,113.0,113.0,113.0,113.0,113.0,113.0,113.0,113.0,113.0,113.0,113.0,113.0,113.0,113.0,113.0,113.0,113.0,113.0,113.0,113.0,113.0,,,,,,,,,,,,,,,,,,,,,,,0.3,302.9711,305.7248,307.7978,309.0073,309.3182,308.837,307.7822,306.4416,305.1311,304.1635,303.8307,304.3988,306.1089,309.176,313.779,320.0402,327.9945,337.5586,348.5092,360.4826,372.99990823630566,203.756946086169,650.892,80.10329999999999,1641.4763999999998,7.298000000000002
114,114,114.0,114.0,114.0,114.0,114.0,114.0,114.0,114.0,114.0,114.0,114.0,114.0,114.0,114.0,114.0,114.0,114.0,114.0,114.0,114.0,114.0,114.0,114.0,114.0,114.0,114.0,114.0,114.0,,,,,,,,,,,,,,,,,,,,,,,0.4,361.805,351.1177,341.3775,332.9035,325.8684,320.298,316.0927,313.0553,310.915,309.3396,307.9342,306.2342,303.7043,299.7568,293.7997,285.3168,273.9678,259.6876,242.7548,223.8024,295.66221580749783,173.00006522094688,730.9953,227.9486,1561.3730999999998,7.298000000000002
115,115,115.0,115.0,115.0,115.0,115.0,115.0,115.0,115.0,115.0,115.0,115.0,115.0,115.0,115.0,115.0,115.0,115.0,115.0,115.0,115.0,115.0,115.0,115.0,115.0,115.0,115.0,115.0,115.0,,,,,,,,,,,,,,,,,,,,,,,0.5,300.8367,305.5702,309.487,312.3247,313.9528,314.3598,313.6153,311.8198,309.0552,305.3479,300.649,294.8354,287.7278,279.1224,268.832,256.7301,242.7921,227.1266,209.99,191.7788,293.69266940137726,173.0001222053375,958.9439,393.4758,1333.4245,7.298000000000002
116,116,116.0,116.0,116.0,116.0,116.0,116.0,116.0,116.0,116.0,116.0,116.0,116.0,116.0,116.0,116.0,116.0,116.0,116.0,116.0,116.0,116.0,116.0,116.0,116.0,116.0,116.0,116.0,116.0,,,,,,,,,,,,,,,,,,,,,,,0.6,296.3255,298.7611,300.8113,302.3049,303.0926,303.0488,302.0702,300.0735,296.9908,292.7673,287.3589,280.7342,272.8768,263.7913,253.5096,242.0965,229.655,216.3277,202.2959,187.7738,173.00017393557948,372.9999464363683,1352.4197,474.7717,939.9487,7.298000000000002
117,117,117.0,117.0,117.0,117.0,117.0,117.0,117.0,117.0,117.0,117.0,117.0,117.0,117.0,117.0,117.0,117.0,117.0,117.0,117.0,117.0,117.0,117.0,117.0,117.0,117.0,117.0,117.0,117.0,,,,,,,,,,,,,,,,,,,,,,,0.7,194.423,214.7684,233.0928,248.6913,261.1548,270.3759,276.5127,279.9319,281.1513,280.7971,279.58,278.2846,277.7562,278.8693,282.4645,289.2499,299.6817,313.8478,331.3906,351.5011,372.998041036181,372.999956841484,1827.1914,294.07100000000014,465.1769999999999,7.298000000000002
118,118,118.0,118.0,118.0,118.0,118.0,118.0,118.0,118.0,118.0,118.0,118.0,118.0,118.0,118.0,118.0,118.0,118.0,118.0,118.0,118.0,118.0,118.0,118.0,118.0,118.0,118.0,118.0,118.0,,,,,,,,,,,,,,,,,,,,,,,0.8,353.2933,334.7605,318.3913,304.862,294.4748,287.1817,282.6741,280.5052,280.2123,281.4105,283.8453,287.4022,292.083,297.9609,305.1282,313.6471,323.511,334.6207,346.7772,359.6902,334.7208131962479,372.9999608736368,2121.2624,94.0236,171.10599999999977,7.298000000000002
119,119,119.0,119.0,119.0,119.0,119.0,119.0,119.0,119.0,119.0,119.0,119.0,119.0,119.0,119.0,119.0,119.0,119.0,119.0,119.0,119.0,119.0,119.0,119.0,119.0,119.0,119.0,119.0,119.0,,,,,,,,,,,,,,,,,,,,,,,0.9,328.7246,322.8302,317.1549,311.8409,307.0546,302.9774,299.7888,297.6491,296.6851,296.9819,298.5816,301.4861,305.6632,311.0525,317.5693,325.1076,333.5403,342.7202,352.4809,362.6394,372.9998111689836,198.85844672353872,2215.286,77.08239999999978,77.08239999999978,7.298000000000002
120,120,120.0,120.0,120.0,120.0,120.0,120.0,120.0,120.0,120.0,120.0,120.0,120.0,120.0,120.0,120.0,120.0,120.0,120.0,120.0,120.0,120.0,120.0,120.0,120.0,120.0,120.0,120.0,,,,,,,,,,,,,,,,,,,,,,,,0.0,273.0,273.0,273.0,273.0,273.0,273.0,273.0,273.0,273.0,273.0,273.0,273.0,273.0,273.0,273.0,273.0,273.0,273.0,273.0,273.0,372.99995666051854,372.9999635201382,0.0,368.7878,2059.037,-40.0
121,121,121.0,121.0,121.0,121.0,121.0,121.0,121.0,121.0,121.0,121.0,121.0,121.0,121.0,121.0,121.0,121.0,121.0,121.0,121.0,121.0,121.0,121.0,121.0,121.0,121.0,121.0,121.0,,,,,,,,,,,,,,,,,,,,,,,,0.1,355.9583,339.696,324.8873,312.0201,301.3574,292.9443,286.6547,282.2609,279.5107,278.1944,278.1944,279.5107,282.2609,286.6547,292.9443,301.3574,312.0201,324.8873,339.696,355.9583,239.90138225273031,286.57420697385925,368.7878,179.65910000000002,1690.2492,-20.0557
122,122,122.0,122.0,122.0,122.0,122.0,122.0,122.0,122.0,122.0,122.0,122.0,122.0,122.0,122.0,122.0,122.0,122.0,122.0,122.0,122.0,122.0,122.0,122.0,122.0,122.0,122.0,122.0,,,,,,,,,,,,,,,,,,,,,,,,0.2,250.661,260.6941,269.3993,276.3947,281.5617,285.0314,287.1255,288.2709,288.9088,289.4176,290.0583,290.947,292.052,293.2161,294.1976,294.7277,294.574,293.6018,291.8167,289.3777,297.5561379903692,273.2262387495323,548.4469,210.368,1510.5901,-27.96859999999998
123,123,123.0,123.0,123.0,123.0,123.0,123.0,123.0,123.0,123.0,123.0,123.0,123.0,123.0,123.0,123.0,123.0,123.0,123.0,123.0,123.0,123.0,123.0,123.0,123.0,123.0,123.0,123.0,,,,,,,,,,,,,,,,,,,,,,,,0.3,294.4801,291.6653,289.3281,287.6067,286.5466,286.1062,286.1777,286.6141,287.2561,287.9502,288.5587,288.9616,289.055,288.7494,287.9718,286.6721,284.8319,282.4744,279.6701,276.5359,272.0207664200471,268.91727876969554,758.8149,243.90150000000008,1300.2221,-26.8938
124,124,124.0,124.0,124.0,124.0,124.0,124.0,124.0,124.0,124.0,124.0,124.0,124.0,124.0,124.0,124.0,124.0,124.0,124.0,124.0,124.0,124.0,124.0,124.0,124.0,124.0,124.0,124.0,,,,,,,,,,,,,,,,,,,,,,,,0.4,274.7401,277.3252,279.6618,281.6709,283.3137,284.5891,285.5216,286.1476,286.5017,286.6062,286.4664,286.0713,285.3978,284.4177,283.1059,281.4485,279.4494,277.1352,274.5567,271.7871,372.4799859452072,365.40697107691386,1002.7164,235.53849999999989,1056.3205999999998,-28.410900000000023
125,125,125.0,125.0,125.0,125.0,125.0,125.0,125.0,125.0,125.0,125.0,125.0,125.0,125.0,125.0,125.0,125.0,125.0,125.0,125.0,125.0,125.0,125.0,125.0,125.0,125.0,125.0,125.0,,,,,,,,,,,,,,,,,,,,,,,,0.5,357.22,342.691,329.5207,318.1544,308.8173,301.5229,296.1189,292.3572,289.9694,288.7327,288.5188,289.3187,291.2427,294.4962,299.3325,305.9874,314.6064,325.1764,337.4812,351.0925,290.0564216472,274.0184124964491,1238.2549,120.69500000000016,820.7820999999999,-11.477100000000007
126,126,126.0,126.0,126.0,126.0,126.0,126.0,126.0,126.0,126.0,126.0,126.0,126.0,126.0,126.0,126.0,126.0,126.0,126.0,126.0,126.0,126.0,126.0,126.0,126.0,126.0,126.0,126.0,,,,,,,,,,,,,,,,,,,,,,,,0.6,293.5178,296.6111,299.0402,300.6345,301.3715,301.3666,300.8338,300.0321,299.2082,298.5471,298.1368,297.9507,297.8483,297.5949,296.8999,295.4707,293.0752,289.6008,285.0958,279.7804,297.0089450097701,273.0023306196643,1358.9499,142.95759999999996,700.0870999999997,-11.633399999999996
127,127,127.0,127.0,127.0,127.0,127.0,127.0,127.0,127.0,127.0,127.0,127.0,127.0,127.0,127.0,127.0,127.0,127.0,127.0,127.0,127.0,127.0,127.0,127.0,127.0,127.0,127.0,127.0,,,,,,,,,,,,,,,,,,,,,,,,0.7,297.4352,297.8389,298.1976,298.489,298.6916,298.7855,298.7527,298.5759,298.2371,297.7153,296.9839,296.0109,294.7593,293.1919,291.2767,288.9946,286.3462,283.3573,280.0811,276.5966,327.75269931020944,274.0707715257939,1501.9075,172.95129999999995,557.1294999999998,-14.214499999999989
128,128,128.0,128.0,128.0,128.0,128.0,128.0,128.0,128.0,128.0,128.0,128.0,128.0,128.0,128.0,128.0,128.0,128.0,128.0,128.0,128.0,128.0,128.0,128.0,128.0,128.0,128.0,128.0,,,,,,,,,,,,,,,,,,,,,,,,0.8,322.7033,317.8715,313.4423,309.5425,306.2285,303.4871,301.2482,299.4042,297.831,296.4054,295.0182,293.5815,292.0307,290.3244,288.4417,286.3789,284.1468,281.7671,279.2699,276.6911,303.86053235589924,273.1243244707148,1674.8588,187.7937,384.17819999999983,-9.512900000000002
129,129,129.0,129.0,129.0,129.0,129.0,129.0,129.0,129.0,129.0,129.0,129.0,129.0,129.0,129.0,129.0,129.0,129.0,129.0,129.0,129.0,129.0,129.0,129.0,129.0,129.0,129.0,129.0,,,,,,,,,,,,,,,,,,,,,,,,0.9,304.1781,304.3748,304.3492,304.0345,303.4041,302.4694,301.269,299.8556,298.2826,296.5947,294.8224,292.9814,291.075,289.0986,287.0444,284.9061,282.6818,280.3762,278.0014,275.5762,311.3798790251655,273.0001201865295,1862.6525,196.3844999999999,196.3844999999999,-10.530599999999993
130,130,130.0,130.0,130.0,130.0,130.0,130.0,130.0,130.0,130.0,130.0,130.0,130.0,130.0,130.0,130.0,130.0,130.0,130.0,130.0,130.0,130.0,130.0,130.0,130.0,130.0,130.0,130.0,,,,,,,,,,,,,,,,,,,,,,,,0.0,273.0,273.0,273.0,273.0,273.0,273.0,273.0,273.0,273.0,273.0,273.0,273.0,273.0,273.0,273.0,273.0,273.0,273.0,273.0,273.0,372.9999379268221,372.9999642230211,0.0,368.7879,2395.4581,-40.0
131,131,131.0,131.0,131.0,131.0,131.0,131.0,131.0,131.0,131.0,131.0,131.0,131.0,131.0,131.0,131.0,131.0,131.0,131.0,131.0,131.0,131.0,131.0,131.0,131.0,131.0,131.0,131.0,,,,,,,,,,,,,,,,,,,,,,,,0.1,355.9582,339.696,324.8873,312.0201,301.3574,292.9443,286.6547,282.2609,279.5107,278.1944,278.1944,279.5107,282.2609,286.6547,292.9443,301.3574,312.0201,324.8873,339.696,355.9583,239.90222427305383,286.57332947397146,368.7879,179.65910000000002,2026.6702,-20.0557
132,132,132.0,132.0,132.0,132.0,132.0,132.0,132.0,132.0,132.0,132.0,132.0,132.0,132.0,132.0,132.0,132.0,132.0,132.0,132.0,132.0,132.0,132.0,132.0,132.0,132.0,132.0,132.0,,,,,,,,,,,,,,,,,,,,,,,,0.2,250.6617,260.6947,269.3997,276.395,281.5619,285.0315,287.1257,288.271,288.9088,289.4176,290.0583,290.9469,292.0519,293.2159,294.1975,294.7274,294.5736,293.6014,291.8161,289.377,305.707087922512,274.226134408915,548.447,207.8723,1847.0111,-27.96850000000001
133,133,133.0,133.0,133.0,133.0,133.0,133.0,133.0,133.0,133.0,133.0,133.0,133.0,133.0,133.0,133.0,133.0,133.0,133.0,133.0,133.0,133.0,133.0,133.0,133.0,133.0,133.0,133.0,,,,,,,,,,,,,,,,,,,,,,,,0.3,301.2419,297.1013,293.5564,290.7848,288.8528,287.7211,287.2691,287.3276,287.7101,288.2369,288.7472,289.1033,289.189,288.9075,288.182,286.9608,285.2245,282.9943,280.3374,277.3655,262.1216217961819,273.54044121574907,756.3193,236.3519,1639.1387999999995,-25.27890000000002
134,134,134.0,134.0,134.0,134.0,134.0,134.0,134.0,134.0,134.0,134.0,134.0,134.0,134.0,134.0,134.0,134.0,134.0,134.0,134.0,134.0,134.0,134.0,134.0,134.0,134.0,134.0,134.0,,,,,,,,,,,,,,,,,,,,,,,,0.4,266.9339,271.4946,275.59,279.0722,281.8724,283.9952,285.5007,286.4797,287.0286,287.2307,287.1459,286.8082,286.2303,285.4114,284.3461,283.0329,281.4804,279.711,277.7621,275.6847,287.4473549735623,257.56301408417903,992.6712,284.6349,1402.7868999999998,-29.00479999999999
135,135,135.0,135.0,135.0,135.0,135.0,135.0,135.0,135.0,135.0,135.0,135.0,135.0,135.0,135.0,135.0,135.0,135.0,135.0,135.0,135.0,135.0,135.0,135.0,135.0,135.0,135.0,135.0,,,,,,,,,,,,,,,,,,,,,,,,0.5,286.3798,285.421,284.6581,284.1405,283.8727,283.8162,283.8997,284.0322,284.1155,284.0541,283.7599,283.154,282.1663,280.7365,278.8162,276.3759,273.4126,269.9582,266.0851,261.9053,309.67302730263617,249.64353831563744,1277.3061,330.0374999999999,1118.1519999999998,-29.18380000000002
136,136,136.0,136.0,136.0,136.0,136.0,136.0,136.0,136.0,136.0,136.0,136.0,136.0,136.0,136.0,136.0,136.0,136.0,136.0,136.0,136.0,136.0,136.0,136.0,136.0,136.0,136.0,136.0,,,,,,,,,,,,,,,,,,,,,,,,0.6,305.3212,301.155,297.3329,293.9647,291.1004,288.7291,286.788,285.1766,283.7725,282.4458,281.0703,279.5307,277.7273,275.5797,273.0295,270.0445,266.6221,262.7924,258.6192,254.1969,355.36853971443674,372.99971856632055,1607.3436,303.0328000000002,788.1144999999999,-24.270899999999983
137,137,137.0,137.0,137.0,137.0,137.0,137.0,137.0,137.0,137.0,137.0,137.0,137.0,137.0,137.0,137.0,137.0,137.0,137.0,137.0,137.0,137.0,137.0,137.0,137.0,137.0,137.0,137.0,,,,,,,,,,,,,,,,,,,,,,,,0.7,344.3255,333.6916,323.8232,314.9833,307.3221,300.8806,295.6162,291.442,288.2724,286.0665,284.864,284.8055,286.1342,289.1721,294.2715,301.7426,311.7682,324.3235,339.1221,355.6076,310.8203005608348,273.1444297673749,1910.3764,147.9105999999997,485.0816999999997,-12.119399999999985
138,138,138.0,138.0,138.0,138.0,138.0,138.0,138.0,138.0,138.0,138.0,138.0,138.0,138.0,138.0,138.0,138.0,138.0,138.0,138.0,138.0,138.0,138.0,138.0,138.0,138.0,138.0,138.0,,,,,,,,,,,,,,,,,,,,,,,,0.8,310.1664,309.348,308.2407,306.7903,305.0256,303.0518,301.0283,299.1344,297.5337,296.338,295.5806,295.1976,295.0246,294.8099,294.2476,293.0276,290.8985,287.7282,283.5486,278.5682,299.5355559806167,274.5984831199804,2058.287,158.3995,337.1711,-9.948199999999986
139,139,139.0,139.0,139.0,139.0,139.0,139.0,139.0,139.0,139.0,139.0,139.0,139.0,139.0,139.0,139.0,139.0,139.0,139.0,139.0,139.0,139.0,139.0,139.0,139.0,139.0,139.0,139.0,,,,,,,,,,,,,,,,,,,,,,,,0.9,300.1914,300.7504,301.1301,301.2745,301.1585,300.7867,300.1861,299.3947,298.4504,297.381,296.1978,294.8945,293.4493,291.831,290.0073,287.9533,285.659,283.1344,280.4118,277.5436,312.965875502966,273.2350251606838,2216.6865,178.77160000000003,178.77160000000003,-12.213300000000004
140,140,140.0,140.0,140.0,140.0,140.0,140.0,140.0,140.0,140.0,140.0,140.0,140.0,140.0,140.0,140.0,140.0,140.0,140.0,140.0,140.0,140.0,140.0,140.0,140.0,140.0,140.0,140.0,,,,,,,,,,,,,,,,,,,,,,,,0.0,273.0,273.0,273.0,273.0,273.0,273.0,273.0,273.0,273.0,273.0,273.0,273.0,273.0,273.0,273.0,273.0,273.0,273.0,273.0,273.0,372.9999428294161,372.9999696424885,0.0,368.7878,2484.6321,-40.0
141,141,141.0,141.0,141.0,141.0,141.0,141.0,141.0,141.0,141.0,141.0,141.0,141.0,141.0,141.0,141.0,141.0,141.0,141.0,141.0,141.0,141.0,141.0,141.0,141.0,141.0,141.0,141.0,,,,,,,,,,,,,,,,,,,,,,,,0.1,355.9582,339.696,324.8873,312.0201,301.3574,292.9443,286.6547,282.2609,279.5107,278.1944,278.1944,279.5107,282.2609,286.6547,292.9443,301.3574,312.0201,324.8873,339.696,355.9583,239.9029672242683,286.5727839893574,368.7878,179.6592,2115.8443,-20.0557
142,142,142.0,142.0,142.0,142.0,142.0,142.0,142.0,142.0,142.0,142.0,142.0,142.0,142.0,142.0,142.0,142.0,142.0,142.0,142.0,142.0,142.0,142.0,142.0,142.0,142.0,142.0,142.0,,,,,,,,,,,,,,,,,,,,,,,,0.2,250.6623,260.6952,269.4001,276.3953,281.5621,285.0317,287.1258,288.271,288.9088,289.4176,290.0583,290.9469,292.0519,293.2159,294.1974,294.7273,294.5734,293.6011,291.8158,289.3765,295.7179452461241,273.0005720487928,548.447,210.9603,1936.1851,-27.9683
143,143,143.0,143.0,143.0,143.0,143.0,143.0,143.0,143.0,143.0,143.0,143.0,143.0,143.0,143.0,143.0,143.0,143.0,143.0,143.0,143.0,143.0,143.0,143.0,143.0,143.0,143.0,143.0,,,,,,,,,,,,,,,,,,,,,,,,0.3,292.9553,290.4395,288.3747,286.8902,286.0268,285.7423,285.9318,286.4534,287.1537,287.8855,288.5161,288.9296,289.0246,288.7135,287.9242,286.6067,284.7431,282.3569,279.5194,276.3486,276.5999607082008,266.86557895583576,759.4073,245.48350000000005,1725.2247999999995,-27.2577
144,144,144.0,144.0,144.0,144.0,144.0,144.0,144.0,144.0,144.0,144.0,144.0,144.0,144.0,144.0,144.0,144.0,144.0,144.0,144.0,144.0,144.0,144.0,144.0,144.0,144.0,144.0,144.0,,,,,,,,,,,,,,,,,,,,,,,,0.4,278.4474,280.2051,281.7974,283.1715,284.3019,285.186,285.8366,286.2707,286.4998,286.5231,286.3248,285.8754,285.136,284.0659,282.63,280.8074,278.5987,276.0312,273.161,270.0711,280.8687648105609,260.5871516660748,1004.8908,293.4238999999999,1479.7412999999997,-27.81400000000002
145,145,145.0,145.0,145.0,145.0,145.0,145.0,145.0,145.0,145.0,145.0,145.0,145.0,145.0,145.0,145.0,145.0,145.0,145.0,145.0,145.0,145.0,145.0,145.0,145.0,145.0,145.0,145.0,,,,,,,,,,,,,,,,,,,,,,,,0.5,281.4025,281.9316,282.4483,282.9391,283.3837,283.7552,284.0217,284.1478,284.0968,283.8316,283.3161,282.5156,281.3986,279.9382,278.1162,275.9265,273.3798,270.508,267.3652,264.0273,283.65230856699816,245.74382101262336,1298.3147,345.3380000000002,1186.3174,-29.2448
146,146,146.0,146.0,146.0,146.0,146.0,146.0,146.0,146.0,146.0,146.0,146.0,146.0,146.0,146.0,146.0,146.0,146.0,146.0,146.0,146.0,146.0,146.0,146.0,146.0,146.0,146.0,146.0,,,,,,,,,,,,,,,,,,,,,,,,0.6,283.5593,283.4686,283.3788,283.282,283.1623,282.9949,282.7468,282.378,281.8424,281.0885,280.0604,278.6985,276.9417,274.7317,272.0189,268.7722,264.9876,260.6983,255.9788,250.9446,372.9999335625205,372.9999442569307,1643.6527,330.2158999999999,840.9793999999997,-30.005100000000027
147,147,147.0,147.0,147.0,147.0,147.0,147.0,147.0,147.0,147.0,147.0,147.0,147.0,147.0,147.0,147.0,147.0,147.0,147.0,147.0,147.0,147.0,147.0,147.0,147.0,147.0,147.0,147.0,,,,,,,,,,,,,,,,,,,,,,,,0.7,357.5742,342.8278,329.3452,317.5438,307.6391,299.6527,293.4554,288.8339,285.5631,283.4731,282.4986,282.7064,284.2959,287.5712,292.8849,300.5578,310.7872,323.5603,338.5969,355.3393,337.06840914019875,273.0000038974243,1973.8686,162.10720000000015,510.7634999999998,-13.347300000000018
148,148,148.0,148.0,148.0,148.0,148.0,148.0,148.0,148.0,148.0,148.0,148.0,148.0,148.0,148.0,148.0,148.0,148.0,148.0,148.0,148.0,148.0,148.0,148.0,148.0,148.0,148.0,148.0,,,,,,,,,,,,,,,,,,,,,,,,0.8,332.1676,327.2518,322.3304,317.4545,312.7217,308.2683,304.2492,300.8124,298.0705,296.0746,294.7947,294.1067,293.7931,293.5574,293.0578,291.957,289.9836,286.9916,283.0036,278.2219,276.8402848046405,272.17482205844897,2135.9758,165.75729999999976,348.65629999999965,-4.731699999999989
149,149,149.0,149.0,149.0,149.0,149.0,149.0,149.0,149.0,149.0,149.0,149.0,149.0,149.0,149.0,149.0,149.0,149.0,149.0,149.0,149.0,149.0,149.0,149.0,149.0,149.0,149.0,149.0,,,,,,,,,,,,,,,,,,,,,,,,0.9,282.6481,288.0435,292.6772,296.311,298.8403,300.2891,300.7814,300.5002,299.6443,298.3926,296.8811,295.1937,293.365,291.3916,289.2479,286.9027,284.3344,281.5412,278.547,275.4016,314.10002159037,273.7314360807962,2301.7331,182.8989999999999,182.8989999999999,-12.71089999999998
150,150,150.0,150.0,150.0,150.0,150.0,150.0,150.0,150.0,150.0,150.0,150.0,150.0,150.0,150.0,150.0,150.0,150.0,150.0,150.0,150.0,150.0,150.0,150.0,150.0,150.0,150.0,150.0,,,,,,,,,,,,,,,,,,,,,,,,0.0,273.0,273.0,273.0,273.0,273.0,273.0,273.0,273.0,273.0,273.0,273.0,273.0,273.0,273.0,273.0,273.0,273.0,273.0,273.0,273.0,372.99990750531015,372.999968777626,0.0,368.7879,2423.5083,-40.0
151,151,151.0,151.0,151.0,151.0,151.0,151.0,151.0,151.0,151.0,151.0,151.0,151.0,151.0,151.0,151.0,151.0,151.0,151.0,151.0,151.0,151.0,151.0,151.0,151.0,151.0,151.0,151.0,,,,,,,,,,,,,,,,,,,,,,,,0.1,355.9582,339.696,324.8873,312.0201,301.3574,292.9443,286.6547,282.2609,279.5107,278.1944,278.1944,279.5107,282.2609,286.6547,292.9443,301.3574,312.0201,324.8873,339.696,355.9583,239.9000440526441,286.57467657094344,368.7879,179.6592,2054.7204,-20.0557
152,152,152.0,152.0,152.0,152.0,152.0,152.0,152.0,152.0,152.0,152.0,152.0,152.0,152.0,152.0,152.0,152.0,152.0,152.0,152.0,152.0,152.0,152.0,152.0,152.0,152.0,152.0,152.0,,,,,,,,,,,,,,,,,,,,,,,,0.2,250.6599,260.6932,269.3986,276.3942,281.5613,285.0311,287.1254,288.2708,288.9087,289.4175,290.0583,290.947,292.052,293.2161,294.1977,294.7278,294.5742,293.6021,291.817,289.3781,295.9500412226655,273.02912148023444,548.4471,210.885,1875.0612,-27.96890000000002
153,153,153.0,153.0,153.0,153.0,153.0,153.0,153.0,153.0,153.0,153.0,153.0,153.0,153.0,153.0,153.0,153.0,153.0,153.0,153.0,153.0,153.0,153.0,153.0,153.0,153.0,153.0,153.0,,,,,,,,,,,,,,,,,,,,,,,,0.3,293.1476,290.594,288.4947,286.9803,286.092,285.7879,285.9624,286.4733,287.1664,287.8935,288.5215,288.9337,289.0286,288.7182,287.9304,286.6152,284.7546,282.372,279.5386,276.3723,276.5984558997515,266.8349750686262,759.3321,245.2555,1664.1762,-27.21210000000002
154,154,154.0,154.0,154.0,154.0,154.0,154.0,154.0,154.0,154.0,154.0,154.0,154.0,154.0,154.0,154.0,154.0,154.0,154.0,154.0,154.0,154.0,154.0,154.0,154.0,154.0,154.0,154.0,,,,,,,,,,,,,,,,,,,,,,,,0.4,278.4575,280.2259,281.8266,283.2066,284.3398,285.2242,285.8728,286.3034,286.5282,286.5469,286.3441,285.8905,285.1473,284.0734,282.6337,280.8069,278.5935,276.0205,273.1441,270.0475,287.93479988498126,261.45450322101607,1004.5876,290.80000000000007,1418.9207,-27.775800000000004
155,155,155.0,155.0,155.0,155.0,155.0,155.0,155.0,155.0,155.0,155.0,155.0,155.0,155.0,155.0,155.0,155.0,155.0,155.0,155.0,155.0,155.0,155.0,155.0,155.0,155.0,155.0,155.0,,,,,,,,,,,,,,,,,,,,,,,,0.5,287.2694,286.654,286.128,285.7119,285.4033,285.1771,284.9904,284.7887,284.5117,284.0998,283.4968,282.6532,281.5267,280.0847,278.3054,276.1816,273.7234,270.9607,267.9449,264.7473,284.7322905002945,252.17905599509027,1295.3876,332.8953999999999,1128.1207,-27.822900000000004
156,156,156.0,156.0,156.0,156.0,156.0,156.0,156.0,156.0,156.0,156.0,156.0,156.0,156.0,156.0,156.0,156.0,156.0,156.0,156.0,156.0,156.0,156.0,156.0,156.0,156.0,156.0,156.0,,,,,,,,,,,,,,,,,,,,,,,,0.6,284.8101,284.8634,284.8694,284.8076,284.66,284.4102,284.0412,283.5342,282.866,282.0085,280.9278,279.5858,277.9417,275.9565,273.5977,270.8464,267.7034,264.1958,260.3795,256.3386,372.9999337041676,372.999946436368,1628.283,310.6895000000002,795.2253000000001,-28.589800000000025
157,157,157.0,157.0,157.0,157.0,157.0,157.0,157.0,157.0,157.0,157.0,157.0,157.0,157.0,157.0,157.0,157.0,157.0,157.0,157.0,157.0,157.0,157.0,157.0,157.0,157.0,157.0,157.0,,,,,,,,,,,,,,,,,,,,,,,,0.7,357.8008,343.2687,329.978,318.3394,308.5661,300.6817,294.5627,290.0035,286.7874,284.751,283.832,284.0948,285.7308,289.0307,294.33,301.932,312.0201,324.5754,339.3217,355.7173,320.0125140290124,273.7492522930436,1938.9725,150.5485000000001,484.5357999999999,-12.318300000000022
158,158,158.0,158.0,158.0,158.0,158.0,158.0,158.0,158.0,158.0,158.0,158.0,158.0,158.0,158.0,158.0,158.0,158.0,158.0,158.0,158.0,158.0,158.0,158.0,158.0,158.0,158.0,158.0,,,,,,,,,,,,,,,,,,,,,,,,0.8,318.1767,316.1898,313.9434,311.4038,308.6232,305.7319,302.9107,300.3548,298.2343,296.6581,295.6476,295.121,294.8923,294.6882,294.1829,293.0501,291.0263,287.9709,283.9108,279.0514,286.0063779812042,274.8479403945849,2089.521,157.28009999999995,333.9872999999998,-7.268100000000004
159,159,159.0,159.0,159.0,159.0,159.0,159.0,159.0,159.0,159.0,159.0,159.0,159.0,159.0,159.0,159.0,159.0,159.0,159.0,159.0,159.0,159.0,159.0,159.0,159.0,159.0,159.0,159.0,,,,,,,,,,,,,,,,,,,,,,,,0.9,289.5357,292.8071,295.6011,297.7663,299.2334,300.0118,300.1732,299.8258,299.0878,298.0642,296.8327,295.4376,293.8917,292.1843,290.293,288.1948,285.8777,283.3472,280.6306,277.776,315.24426829300154,273.64569156148343,2246.8011,176.70719999999983,176.70719999999983,-12.988200000000006
160,160,160.0,160.0,160.0,160.0,160.0,160.0,160.0,160.0,160.0,160.0,160.0,160.0,160.0,160.0,160.0,160.0,160.0,160.0,160.0,160.0,160.0,160.0,160.0,160.0,160.0,160.0,160.0,,,,,,,,,,,,,,,,,,,,,,,,0.0,273.0,273.0,273.0,273.0,273.0,273.0,273.0,273.0,273.0,273.0,273.0,273.0,273.0,273.0,273.0,273.0,273.0,273.0,273.0,273.0,372.9999454006373,372.9999759622031,0.0,368.7878,2380.2948,-40.0
161,161,161.0,161.0,161.0,161.0,161.0,161.0,161.0,161.0,161.0,161.0,161.0,161.0,161.0,161.0,161.0,161.0,161.0,161.0,161.0,161.0,161.0,161.0,161.0,161.0,161.0,161.0,161.0,,,,,,,,,,,,,,,,,,,,,,,,0.1,355.9582,339.696,324.8873,312.0201,301.3574,292.9443,286.6547,282.2609,279.5107,278.1944,278.1944,279.5107,282.2609,286.6547,292.9443,301.3574,312.0201,324.8873,339.696,355.9583,239.90381009539007,286.5729690738427,368.7878,179.65889999999996,2011.507,-20.0557
162,162,162.0,162.0,162.0,162.0,162.0,162.0,162.0,162.0,162.0,162.0,162.0,162.0,162.0,162.0,162.0,162.0,162.0,162.0,162.0,162.0,162.0,162.0,162.0,162.0,162.0,162.0,162.0,,,,,,,,,,,,,,,,,,,,,,,,0.2,250.663,260.6958,269.4005,276.3956,281.5624,285.0318,287.1259,288.2711,288.9089,289.4176,290.0584,290.9469,292.0519,293.2159,294.1974,294.7273,294.5735,293.6012,291.8159,289.3767,302.7437595491091,273.8625448636474,548.4467,208.75470000000007,1831.8481,-27.968200000000024
163,163,163.0,163.0,163.0,163.0,163.0,163.0,163.0,163.0,163.0,163.0,163.0,163.0,163.0,163.0,163.0,163.0,163.0,163.0,163.0,163.0,163.0,163.0,163.0,163.0,163.0,163.0,163.0,,,,,,,,,,,,,,,,,,,,,,,,0.3,298.784,295.1255,292.0196,289.6296,288.0145,287.1341,286.8725,287.0684,287.5453,288.1329,288.6788,289.0518,289.1403,288.8499,288.1056,286.8558,285.0816,282.8051,280.0946,277.0637,264.70797571158164,272.50509815408145,757.2014,239.0437,1623.0934,-25.86590000000001
164,164,164.0,164.0,164.0,164.0,164.0,164.0,164.0,164.0,164.0,164.0,164.0,164.0,164.0,164.0,164.0,164.0,164.0,164.0,164.0,164.0,164.0,164.0,164.0,164.0,164.0,164.0,164.0,,,,,,,,,,,,,,,,,,,,,,,,0.4,268.9321,272.9393,276.5453,279.6226,282.1106,284.0118,285.3752,286.275,286.789,286.9828,286.9008,286.5646,285.9778,285.1332,284.0214,282.6386,280.9933,279.1092,277.0271,274.8031,292.1089054076598,258.85926990294297,996.2451,285.06319999999994,1384.0497,-28.98820000000001
165,165,165.0,165.0,165.0,165.0,165.0,165.0,165.0,165.0,165.0,165.0,165.0,165.0,165.0,165.0,165.0,165.0,165.0,165.0,165.0,165.0,165.0,165.0,165.0,165.0,165.0,165.0,165.0,,,,,,,,,,,,,,,,,,,,,,,,0.5,290.306,288.6386,287.2173,286.1097,285.3313,284.8479,284.5861,284.4485,284.3282,284.1203,283.7287,283.0689,282.068,280.6657,278.8156,276.4906,273.6891,270.4414,266.8144,262.9101,300.31867817951206,253.7911310492138,1281.3083,325.27240000000006,1098.9865000000002,-28.15210000000002
166,166,166.0,166.0,166.0,166.0,166.0,166.0,166.0,166.0,166.0,166.0,166.0,166.0,166.0,166.0,166.0,166.0,166.0,166.0,166.0,166.0,166.0,166.0,166.0,166.0,166.0,166.0,166.0,,,,,,,,,,,,,,,,,,,,,,,,0.6,297.8048,295.379,293.1163,291.0689,289.2596,287.6808,286.2973,285.0521,283.8741,282.6848,281.4046,279.9578,278.2772,276.3073,274.0082,271.3592,268.3622,265.0439,261.4565,257.6748,357.1485672699311,372.9999279713352,1606.5807,297.0314000000001,773.7141000000001,-25.319200000000023
167,167,167.0,167.0,167.0,167.0,167.0,167.0,167.0,167.0,167.0,167.0,167.0,167.0,167.0,167.0,167.0,167.0,167.0,167.0,167.0,167.0,167.0,167.0,167.0,167.0,167.0,167.0,167.0,,,,,,,,,,,,,,,,,,,,,,,,0.7,345.453,334.2224,323.8596,314.6578,306.7779,300.2538,295.0221,290.9674,287.9739,285.9733,284.9821,285.1225,286.6228,289.793,294.9747,302.4698,312.456,324.9088,339.5486,355.8324,318.47859886969945,274.3571549015893,1903.6121,144.72349999999983,476.68270000000007,-12.746199999999988
168,168,168.0,168.0,168.0,168.0,168.0,168.0,168.0,168.0,168.0,168.0,168.0,168.0,168.0,168.0,168.0,168.0,168.0,168.0,168.0,168.0,168.0,168.0,168.0,168.0,168.0,168.0,168.0,,,,,,,,,,,,,,,,,,,,,,,,0.8,316.4879,314.3937,312.1251,309.6675,307.0723,304.4504,301.9515,299.7352,297.9387,296.646,295.864,295.5064,295.3914,295.2551,294.7834,293.6624,291.6386,288.5796,284.5168,279.6574,292.2988753406281,273.0801739314358,2048.3356,154.85130000000026,331.95920000000024,-8.549599999999998
169,169,169.0,169.0,169.0,169.0,169.0,169.0,169.0,169.0,169.0,169.0,169.0,169.0,169.0,169.0,169.0,169.0,169.0,169.0,169.0,169.0,169.0,169.0,169.0,169.0,169.0,169.0,169.0,,,,,,,,,,,,,,,,,,,,,,,,0.9,294.5589,296.6292,298.3491,299.6091,300.3611,300.6154,300.4271,299.8757,299.0442,298.0011,296.7896,295.4237,293.8908,292.1601,290.1939,287.9596,285.4406,282.6446,279.6074,276.3914,313.59664438167283,273.9521268674763,2203.1869,177.10789999999997,177.10789999999997,-12.384599999999978
170,170,170.0,170.0,170.0,170.0,170.0,170.0,170.0,170.0,170.0,170.0,170.0,170.0,170.0,170.0,170.0,170.0,170.0,170.0,170.0,170.0,170.0,170.0,170.0,170.0,170.0,170.0,170.0,,,,,,,,,,,,,,,,,,,,,,,,0.0,273.0,273.0,273.0,273.0,273.0,273.0,273.0,273.0,273.0,273.0,273.0,273.0,273.0,273.0,273.0,273.0,273.0,273.0,273.0,273.0,372.99994515007296,372.9999728907536,0.0,368.7878,2051.0199,-40.0
171,171,171.0,171.0,171.0,171.0,171.0,171.0,171.0,171.0,171.0,171.0,171.0,171.0,171.0,171.0,171.0,171.0,171.0,171.0,171.0,171.0,171.0,171.0,171.0,171.0,171.0,171.0,171.0,,,,,,,,,,,,,,,,,,,,,,,,0.1,355.9582,339.696,324.8873,312.0201,301.3574,292.9443,286.6547,282.2609,279.5107,278.1944,278.1944,279.5107,282.2609,286.6547,292.9443,301.3574,312.0201,324.8873,339.696,355.9583,239.90291394374856,286.57400073276494,368.7878,179.6588,1682.2320999999995,-20.0557
172,172,172.0,172.0,172.0,172.0,172.0,172.0,172.0,172.0,172.0,172.0,172.0,172.0,172.0,172.0,172.0,172.0,172.0,172.0,172.0,172.0,172.0,172.0,172.0,172.0,172.0,172.0,172.0,,,,,,,,,,,,,,,,,,,,,,,,0.2,250.6623,260.6952,269.4001,276.3953,281.5621,285.0317,287.1257,288.271,288.9088,289.4176,290.0584,290.947,292.052,293.216,294.1976,294.7276,294.5739,293.6017,291.8166,289.3775,295.7179452461241,273.0005720487928,548.4466,210.9585,1502.5732999999998,-27.9683
173,173,173.0,173.0,173.0,173.0,173.0,173.0,173.0,173.0,173.0,173.0,173.0,173.0,173.0,173.0,173.0,173.0,173.0,173.0,173.0,173.0,173.0,173.0,173.0,173.0,173.0,173.0,173.0,,,,,,,,,,,,,,,,,,,,,,,,0.3,292.9553,290.4395,288.3747,286.8902,286.0268,285.7424,285.9318,286.4534,287.1538,287.8856,288.5162,288.9297,289.0248,288.7137,287.9244,286.6069,284.7433,282.3571,279.5195,276.3486,272.2308824852482,266.32925444375417,759.4051,246.93720000000008,1291.6147999999998,-27.257600000000025
174,174,174.0,174.0,174.0,174.0,174.0,174.0,174.0,174.0,174.0,174.0,174.0,174.0,174.0,174.0,174.0,174.0,174.0,174.0,174.0,174.0,174.0,174.0,174.0,174.0,174.0,174.0,174.0,,,,,,,,,,,,,,,,,,,,,,,,0.4,274.8229,277.2913,279.531,281.4681,283.0658,284.3205,285.2517,285.8884,286.2565,286.3695,286.2238,285.7995,285.0642,283.9812,282.5173,280.6526,278.3882,275.7524,272.803,269.6261,370.4293704722393,372.999759626941,1006.3423,238.7971,1044.6775999999998,-28.67950000000002
175,175,175.0,175.0,175.0,175.0,175.0,175.0,175.0,175.0,175.0,175.0,175.0,175.0,175.0,175.0,175.0,175.0,175.0,175.0,175.0,175.0,175.0,175.0,175.0,175.0,175.0,175.0,175.0,,,,,,,,,,,,,,,,,,,,,,,,0.5,355.4836,341.2534,328.3532,317.219,308.0715,300.9243,295.6303,291.9502,289.6284,288.4588,288.3344,289.2725,291.4146,295.0008,300.319,307.6345,317.1111,328.7362,342.2725,357.2487,294.3658333524376,273.1471365812221,1245.1394,115.24009999999998,805.8804999999998,-12.075699999999983
176,176,176.0,176.0,176.0,176.0,176.0,176.0,176.0,176.0,176.0,176.0,176.0,176.0,176.0,176.0,176.0,176.0,176.0,176.0,176.0,176.0,176.0,176.0,176.0,176.0,176.0,176.0,176.0,,,,,,,,,,,,,,,,,,,,,,,,0.6,296.9687,299.2496,300.9524,301.9354,302.1921,301.8408,301.0879,300.1778,299.338,298.7326,298.4275,298.3725,298.4017,298.253,297.6083,296.1498,293.6269,289.9195,285.083,279.3593,294.2788555357446,273.83941769046936,1360.3795,138.82950000000005,690.6403999999998,-11.159199999999998
177,177,177.0,177.0,177.0,177.0,177.0,177.0,177.0,177.0,177.0,177.0,177.0,177.0,177.0,177.0,177.0,177.0,177.0,177.0,177.0,177.0,177.0,177.0,177.0,177.0,177.0,177.0,177.0,,,,,,,,,,,,,,,,,,,,,,,,0.7,295.3441,296.3488,297.2383,297.9696,298.5133,298.8538,298.9862,298.9118,298.6319,298.1421,297.4295,296.4707,295.2344,293.6865,291.7968,289.5477,286.9407,284.0021,280.7844,277.3649,325.4177455598277,273.15428963866424,1499.209,169.45159999999987,551.8108999999997,-14.146200000000022
178,178,178.0,178.0,178.0,178.0,178.0,178.0,178.0,178.0,178.0,178.0,178.0,178.0,178.0,178.0,178.0,178.0,178.0,178.0,178.0,178.0,178.0,178.0,178.0,178.0,178.0,178.0,178.0,,,,,,,,,,,,,,,,,,,,,,,,0.8,320.7189,316.2297,312.1275,308.5325,305.4954,302.9991,300.9715,299.3042,297.8732,296.5565,295.2457,293.853,292.3132,290.5832,288.6395,286.4767,284.1047,281.5468,278.8382,276.0237,309.86870819130525,273.15706291483826,1668.6606,186.95820000000003,382.3592999999999,-10.0009
179,179,179.0,179.0,179.0,179.0,179.0,179.0,179.0,179.0,179.0,179.0,179.0,179.0,179.0,179.0,179.0,179.0,179.0,179.0,179.0,179.0,179.0,179.0,179.0,179.0,179.0,179.0,179.0,,,,,,,,,,,,,,,,,,,,,,,,0.9,309.0479,308.1661,307.1734,306.0386,304.7525,303.3252,301.7794,300.142,298.4374,296.6813,294.8799,293.03,291.1223,289.1451,287.088,284.9447,282.715,280.4055,278.0295,275.6058,303.98268185774435,273.00011906194544,1855.6188,195.4010999999998,195.4010999999998,-9.674800000000005
180,180,180.0,180.0,180.0,180.0,180.0,180.0,180.0,180.0,180.0,180.0,180.0,180.0,180.0,180.0,180.0,180.0,180.0,180.0,180.0,180.0,180.0,180.0,180.0,180.0,180.0,180.0,,,,,,,,,,,,,,,,,,,,,,,,,0.0,273.0,273.0,273.0,273.0,273.0,273.0,273.0,273.0,273.0,273.0,273.0,273.0,273.0,273.0,273.0,273.0,273.0,273.0,273.0,273.0,372.9999592454784,372.9999693596241,0.0,368.7878,1983.322,-40.0
181,181,181.0,181.0,181.0,181.0,181.0,181.0,181.0,181.0,181.0,181.0,181.0,181.0,181.0,181.0,181.0,181.0,181.0,181.0,181.0,181.0,181.0,181.0,181.0,181.0,181.0,181.0,,,,,,,,,,,,,,,,,,,,,,,,,0.1,355.9583,339.696,324.8873,312.0201,301.3574,292.9443,286.6547,282.2609,279.5107,278.1944,278.1944,279.5107,282.2609,286.6547,292.9443,301.3574,312.0201,324.8873,339.696,355.9583,367.5284211339192,272.7490622921127,368.7878,177.94789999999995,1614.5341999999998,-20.0557
182,182,182.0,182.0,182.0,182.0,182.0,182.0,182.0,182.0,182.0,182.0,182.0,182.0,182.0,182.0,182.0,182.0,182.0,182.0,182.0,182.0,182.0,182.0,182.0,182.0,182.0,182.0,,,,,,,,,,,,,,,,,,,,,,,,,0.2,356.5347,345.8067,335.5992,326.1457,317.6485,310.2701,304.1245,299.2701,295.702,293.3443,292.043,291.563,291.5919,291.7564,291.6559,290.9121,289.2287,286.4507,282.6056,277.9122,254.8372536645712,255.1959118871115,546.7357,187.52470000000005,1436.5863,-2.7298999999999864
183,183,183.0,183.0,183.0,183.0,183.0,183.0,183.0,183.0,183.0,183.0,183.0,183.0,183.0,183.0,183.0,183.0,183.0,183.0,183.0,183.0,183.0,183.0,183.0,183.0,183.0,183.0,,,,,,,,,,,,,,,,,,,,,,,,,0.3,265.3458,275.1402,283.6182,290.3732,295.234,298.2534,299.6563,299.7662,298.9278,297.4438,295.5347,293.3223,290.8359,288.0333,284.832,281.143,276.9033,272.1015,266.7924,261.0981,304.1023720873994,272.99996685208527,734.2604,221.44539999999995,1249.0616,-14.7466
184,184,184.0,184.0,184.0,184.0,184.0,184.0,184.0,184.0,184.0,184.0,184.0,184.0,184.0,184.0,184.0,184.0,184.0,184.0,184.0,184.0,184.0,184.0,184.0,184.0,184.0,184.0,,,,,,,,,,,,,,,,,,,,,,,,,0.4,301.9539,299.9645,298.2572,296.8931,295.8614,295.0872,294.4525,293.8236,293.0768,292.1191,290.8989,289.4084,287.6795,285.7739,283.771,281.7531,279.7919,277.9355,276.2004,274.57,372.9997126321471,279.33880545072776,955.7058,230.72270000000003,1027.6162,-17.912800000000004
185,185,185.0,185.0,185.0,185.0,185.0,185.0,185.0,185.0,185.0,185.0,185.0,185.0,185.0,185.0,185.0,185.0,185.0,185.0,185.0,185.0,185.0,185.0,185.0,185.0,185.0,185.0,,,,,,,,,,,,,,,,,,,,,,,,,0.5,359.798,347.1513,335.5379,325.2999,316.6131,309.4897,303.8077,299.3564,295.8857,293.1483,290.9299,289.0648,287.4395,285.9871,284.6763,283.4977,282.4506,281.5316,280.727,280.0094,284.28125491960066,272.10429415757665,1186.4285,216.914,796.8934999999999,-3.5102999999999724
186,186,186.0,186.0,186.0,186.0,186.0,186.0,186.0,186.0,186.0,186.0,186.0,186.0,186.0,186.0,186.0,186.0,186.0,186.0,186.0,186.0,186.0,186.0,186.0,186.0,186.0,186.0,,,,,,,,,,,,,,,,,,,,,,,,,0.6,289.7133,294.6505,298.6788,301.5256,303.088,303.423,302.7109,301.2016,299.1612,296.8292,294.3915,291.9709,289.6301,287.3834,285.2123,283.0818,280.9539,278.799,276.6023,274.3653,252.19683315365933,255.20261231239093,1403.3425,220.551,579.9794999999999,-9.576999999999998
187,187,187.0,187.0,187.0,187.0,187.0,187.0,187.0,187.0,187.0,187.0,187.0,187.0,187.0,187.0,187.0,187.0,187.0,187.0,187.0,187.0,187.0,187.0,187.0,187.0,187.0,187.0,,,,,,,,,,,,,,,,,,,,,,,,,0.7,260.2425,267.8969,274.8144,280.7318,285.4885,289.0283,291.3854,292.6597,292.9877,292.515,291.3741,289.6699,287.4738,284.8248,281.7376,278.2159,274.2675,269.9193,265.2277,260.2827,372.9999401963465,363.7561849529103,1623.8935,228.827,359.4285,-23.9717
188,188,188.0,188.0,188.0,188.0,188.0,188.0,188.0,188.0,188.0,188.0,188.0,188.0,188.0,188.0,188.0,188.0,188.0,188.0,188.0,188.0,188.0,188.0,188.0,188.0,188.0,188.0,,,,,,,,,,,,,,,,,,,,,,,,,0.8,357.7795,343.3374,330.3338,319.2214,310.204,303.2492,298.145,294.5822,292.2425,290.8742,290.3459,290.6715,292.0077,294.6215,298.8352,304.9495,313.1602,323.4814,335.6942,349.339,291.15218287618967,372.99984339124575,1852.7205,97.13200000000006,130.6015,-9.750800000000028
189,189,189.0,189.0,189.0,189.0,189.0,189.0,189.0,189.0,189.0,189.0,189.0,189.0,189.0,189.0,189.0,189.0,189.0,189.0,189.0,189.0,189.0,189.0,189.0,189.0,189.0,189.0,,,,,,,,,,,,,,,,,,,,,,,,,0.9,294.6721,297.826,300.3195,301.9839,302.801,302.8963,302.5076,301.94,301.5215,301.5665,302.3521,304.1069,307.006,311.1706,316.6651,323.4933,331.5921,340.8277,350.9951,361.8252,334.5344221854868,372.9997864426159,1949.8525,33.469499999999925,33.469499999999925,-10.103700000000003
190,190,190.0,190.0,190.0,190.0,190.0,190.0,190.0,190.0,190.0,190.0,190.0,190.0,190.0,190.0,190.0,190.0,190.0,190.0,190.0,190.0,190.0,190.0,190.0,190.0,190.0,190.0,,,,,,,,,,,,,,,,,,,,,,,,,0.0,273.0,273.0,273.0,273.0,273.0,273.0,273.0,273.0,273.0,273.0,273.0,273.0,273.0,273.0,273.0,273.0,273.0,273.0,273.0,273.0,372.9999441205122,372.9999592452497,0.0,368.7879,1297.8046,3.8792000000000257
191,191,191.0,191.0,191.0,191.0,191.0,191.0,191.0,191.0,191.0,191.0,191.0,191.0,191.0,191.0,191.0,191.0,191.0,191.0,191.0,191.0,191.0,191.0,191.0,191.0,191.0,191.0,,,,,,,,,,,,,,,,,,,,,,,,,0.1,355.9582,339.696,324.8873,312.0201,301.3574,292.9443,286.6547,282.2609,279.5107,278.1944,278.1944,279.5107,282.2609,286.6547,292.9443,301.3574,312.0201,324.8873,339.696,355.9583,371.4367107320975,271.55969212785084,368.7879,178.98359999999997,929.0167,3.8792000000000257
192,192,192.0,192.0,192.0,192.0,192.0,192.0,192.0,192.0,192.0,192.0,192.0,192.0,192.0,192.0,192.0,192.0,192.0,192.0,192.0,192.0,192.0,192.0,192.0,192.0,192.0,192.0,,,,,,,,,,,,,,,,,,,,,,,,,0.2,359.7769,348.4131,337.6263,327.6689,318.753,311.0418,304.6427,299.6025,295.9018,293.4499,292.0786,291.5402,291.5113,291.6094,291.4265,290.5786,288.7663,285.8344,281.8127,276.9256,260.7933628468594,260.5408028597748,547.7715,187.2812,750.0331,3.8792000000000257
193,193,193.0,193.0,193.0,193.0,193.0,193.0,193.0,193.0,193.0,193.0,193.0,193.0,193.0,193.0,193.0,193.0,193.0,193.0,193.0,193.0,193.0,193.0,193.0,193.0,193.0,193.0,,,,,,,,,,,,,,,,,,,,,,,,,0.3,270.4787,279.4764,287.2077,293.2846,297.5477,300.0554,301.0331,300.8008,299.699,298.0275,296.007,293.7644,291.339,288.7027,285.7884,282.521,278.8446,274.7447,270.2591,265.4795,265.05067653478056,272.6826328364609,735.0527,215.2327,562.7519,3.8792000000000257
194,194,194.0,194.0,194.0,194.0,194.0,194.0,194.0,194.0,194.0,194.0,194.0,194.0,194.0,194.0,194.0,194.0,194.0,194.0,194.0,194.0,194.0,194.0,194.0,194.0,194.0,194.0,,,,,,,,,,,,,,,,,,,,,,,,,0.4,269.9423,274.6558,279.0247,282.9042,286.1799,288.7733,290.6442,291.7897,292.2404,292.0544,291.3105,290.1019,288.5291,286.694,284.6944,282.617,280.5315,278.4855,276.5008,274.5744,372.9995350523447,371.8503681773154,950.2854,203.4923000000001,347.5192,3.8792000000000257
195,195,195.0,195.0,195.0,195.0,195.0,195.0,195.0,195.0,195.0,195.0,195.0,195.0,195.0,195.0,195.0,195.0,195.0,195.0,195.0,195.0,195.0,195.0,195.0,195.0,195.0,195.0,,,,,,,,,,,,,,,,,,,,,,,,,0.5,358.0668,343.8777,331.0671,320.0773,311.1203,304.1879,299.103,295.5954,293.3825,292.2402,292.0525,292.8357,294.7355,297.9977,302.915,309.7563,318.6879,329.7019,342.5696,356.8341,289.6240036887521,372.9999315096721,1153.7777,79.0628999999999,144.02689999999984,3.8792000000000257
196,196,196.0,196.0,196.0,196.0,196.0,196.0,196.0,196.0,196.0,196.0,196.0,196.0,196.0,196.0,196.0,196.0,196.0,196.0,196.0,196.0,196.0,196.0,196.0,196.0,196.0,196.0,,,,,,,,,,,,,,,,,,,,,,,,,0.6,293.5751,297.1483,300.0396,302.0748,303.2351,303.6499,303.5637,303.2892,303.1598,303.4903,304.5516,306.5576,309.661,313.9538,319.4692,326.1828,334.0125,342.8204,352.4164,362.5655,322.7283873340941,372.9998764781568,1232.8406,25.708399999999983,64.96399999999994,3.8792000000000257
197,197,197.0,197.0,197.0,197.0,197.0,197.0,197.0,197.0,197.0,197.0,197.0,197.0,197.0,197.0,197.0,197.0,197.0,197.0,197.0,197.0,197.0,197.0,197.0,197.0,197.0,197.0,,,,,,,,,,,,,,,,,,,,,,,,,0.7,319.2537,315.9853,313.1051,310.7533,309.0207,307.954,307.5675,307.8596,308.8271,310.4744,312.8158,315.8725,319.665,324.2041,329.4824,335.4684,342.1027,349.2972,356.9381,364.8894,308.1646616021411,372.9998538037518,1258.549,13.874000000000024,39.25559999999996,3.8792000000000257
198,198,198.0,198.0,198.0,198.0,198.0,198.0,198.0,198.0,198.0,198.0,198.0,198.0,198.0,198.0,198.0,198.0,198.0,198.0,198.0,198.0,198.0,198.0,198.0,198.0,198.0,198.0,,,,,,,,,,,,,,,,,,,,,,,,,0.8,308.6797,309.1854,309.6844,310.1997,310.7783,311.4888,312.4144,313.6439,315.2619,317.3415,319.9385,323.0894,326.8097,331.0953,335.9229,341.252,347.0261,353.1748,359.6157,366.2568,269.7358246862677,372.9998880719253,1272.423,10.026499999999942,25.38159999999993,3.8792000000000257
199,199,199.0,199.0,199.0,199.0,199.0,199.0,199.0,199.0,199.0,199.0,199.0,199.0,199.0,199.0,199.0,199.0,199.0,199.0,199.0,199.0,199.0,199.0,199.0,199.0,199.0,199.0,,,,,,,,,,,,,,,,,,,,,,,,,0.9,277.0407,284.0833,290.6426,296.5722,301.8154,306.4043,310.4425,314.0803,317.4868,320.827,324.2444,327.8516,331.7276,335.9186,340.4417,345.2898,350.4362,355.8385,361.4425,367.1857,342.1018864017697,372.9998245349313,1282.4495,15.355099999999991,15.355099999999991,3.8792000000000257
200,200,200.0,200.0,200.0,200.0,200.0,200.0,200.0,200.0,200.0,200.0,200.0,200.0,200.0,200.0,200.0,200.0,200.0,200.0,200.0,200.0,200.0,200.0,200.0,200.0,200.0,200.0,,,,,,,,,,,,,,,,,,,,,,,,,0.0,273.0,273.0,273.0,273.0,273.0,273.0,273.0,273.0,273.0,273.0,273.0,273.0,273.0,273.0,273.0,273.0,273.0,273.0,273.0,273.0,372.99995775098273,372.9999602047509,0.0,368.7879,1616.8534000000002,15.817099999999982
201,201,201.0,201.0,201.0,201.0,201.0,201.0,201.0,201.0,201.0,201.0,201.0,201.0,201.0,201.0,201.0,201.0,201.0,201.0,201.0,201.0,201.0,201.0,201.0,201.0,201.0,201.0,,,,,,,,,,,,,,,,,,,,,,,,,0.1,355.9583,339.696,324.8873,312.0201,301.3574,292.9443,286.6547,282.2609,279.5107,278.1944,278.1944,279.5107,282.2609,286.6547,292.9443,301.3574,312.0201,324.8873,339.696,355.9583,368.7457741260753,272.37859474870976,368.7879,178.26510000000002,1248.0655000000002,15.817099999999982
202,202,202.0,202.0,202.0,202.0,202.0,202.0,202.0,202.0,202.0,202.0,202.0,202.0,202.0,202.0,202.0,202.0,202.0,202.0,202.0,202.0,202.0,202.0,202.0,202.0,202.0,202.0,,,,,,,,,,,,,,,,,,,,,,,,,0.2,357.5446,346.6185,336.2306,326.6201,317.9925,310.5104,304.2859,299.3736,295.7643,293.3772,292.0541,291.5559,291.5668,291.7106,291.5845,290.8082,289.0847,286.2587,282.3586,277.6049,256.8129869839678,256.3807539156001,547.053,187.6059,1069.8004,15.817099999999982
203,203,203.0,203.0,203.0,203.0,203.0,203.0,203.0,203.0,203.0,203.0,203.0,203.0,203.0,203.0,203.0,203.0,203.0,203.0,203.0,203.0,203.0,203.0,203.0,203.0,203.0,203.0,,,,,,,,,,,,,,,,,,,,,,,,,0.3,267.0446,276.5713,284.7987,291.3269,295.9884,298.8378,300.0998,300.0961,299.1694,297.6204,295.6683,293.4352,290.9516,288.1781,285.0351,281.4365,277.3209,272.6758,267.5521,262.0646,289.8400792435882,273.00001268842954,734.6589,220.0743,882.1945,15.817099999999982
204,204,204.0,204.0,204.0,204.0,204.0,204.0,204.0,204.0,204.0,204.0,204.0,204.0,204.0,204.0,204.0,204.0,204.0,204.0,204.0,204.0,204.0,204.0,204.0,204.0,204.0,204.0,,,,,,,,,,,,,,,,,,,,,,,,,0.4,290.2473,290.6916,291.1909,291.7316,292.2651,292.7147,292.9901,293.0044,292.6894,292.007,290.9532,289.5579,287.8797,285.9971,283.9989,281.9715,279.9877,278.0963,276.315,274.6298,372.9999335625205,316.1366586367975,954.7332,217.58589999999992,662.1202,15.817099999999982
205,205,205.0,205.0,205.0,205.0,205.0,205.0,205.0,205.0,205.0,205.0,205.0,205.0,205.0,205.0,205.0,205.0,205.0,205.0,205.0,205.0,205.0,205.0,205.0,205.0,205.0,205.0,,,,,,,,,,,,,,,,,,,,,,,,,0.5,359.1555,345.9353,333.8749,323.3534,314.5603,307.5011,302.0347,297.9306,294.9294,292.7967,291.3597,290.5269,290.2889,290.7032,291.8672,293.8815,296.8107,300.6489,305.2957,310.5521,372.99976386584666,292.4447798923252,1172.3191,174.51020000000017,444.5343,15.817099999999982
206,206,206.0,206.0,206.0,206.0,206.0,206.0,206.0,206.0,206.0,206.0,206.0,206.0,206.0,206.0,206.0,206.0,206.0,206.0,206.0,206.0,206.0,206.0,206.0,206.0,206.0,206.0,,,,,,,,,,,,,,,,,,,,,,,,,0.6,363.098,353.4195,344.1736,335.543,327.6741,320.6722,314.5989,309.4741,305.2795,301.9636,299.4462,297.6232,296.3714,295.5548,295.0323,294.6697,294.3513,293.9933,293.5518,293.0246,372.999759626941,372.9998326654453,1346.8293,162.35559999999987,270.02409999999986,15.817099999999982
207,207,207.0,207.0,207.0,207.0,207.0,207.0,207.0,207.0,207.0,207.0,207.0,207.0,207.0,207.0,207.0,207.0,207.0,207.0,207.0,207.0,207.0,207.0,207.0,207.0,207.0,207.0,,,,,,,,,,,,,,,,,,,,,,,,,0.7,364.9233,356.976,349.2822,341.9574,335.1053,328.8171,323.1742,318.2528,314.133,310.9091,308.7013,307.6633,307.9833,309.8719,313.5357,319.1359,326.7381,336.2646,347.4627,359.9006,173.00020471132476,372.9997185668159,1509.1849,63.72880000000009,107.6685,15.817099999999982
208,208,208.0,208.0,208.0,208.0,208.0,208.0,208.0,208.0,208.0,208.0,208.0,208.0,208.0,208.0,208.0,208.0,208.0,208.0,208.0,208.0,208.0,208.0,208.0,208.0,208.0,208.0,,,,,,,,,,,,,,,,,,,,,,,,,0.8,200.2559,226.0656,249.1957,268.7896,284.4504,296.2333,304.5646,310.1169,313.6756,316.0251,317.8678,319.7791,322.1925,325.4035,329.5836,334.7967,341.0153,348.1353,355.9892,364.3607,372.99880776404336,372.9998931671896,1572.9137,18.814999999999827,43.9396999999999,15.817099999999982
209,209,209.0,209.0,209.0,209.0,209.0,209.0,209.0,209.0,209.0,209.0,209.0,209.0,209.0,209.0,209.0,209.0,209.0,209.0,209.0,209.0,209.0,209.0,209.0,209.0,209.0,209.0,,,,,,,,,,,,,,,,,,,,,,,,,0.9,357.4228,342.953,330.52,320.7482,313.8969,309.8823,308.3614,308.8469,310.8223,313.8302,317.5228,321.6753,326.1715,330.9732,336.0857,341.5264,347.3024,353.3967,359.7634,366.3291,318.4226868691105,372.9999479697956,1591.7287,25.124700000000075,25.124700000000075,15.817099999999982
210,210,210.0,210.0,210.0,210.0,210.0,210.0,210.0,210.0,210.0,210.0,210.0,210.0,210.0,210.0,210.0,210.0,210.0,210.0,210.0,210.0,210.0,210.0,210.0,210.0,210.0,210.0,,,,,,,,,,,,,,,,,,,,,,,,,0.0,273.0,273.0,273.0,273.0,273.0,273.0,273.0,273.0,273.0,273.0,273.0,273.0,273.0,273.0,273.0,273.0,273.0,273.0,273.0,273.0,372.9999591687656,372.9999563559357,0.0,368.7879,1852.7976,19.502400000000023
211,211,211.0,211.0,211.0,211.0,211.0,211.0,211.0,211.0,211.0,211.0,211.0,211.0,211.0,211.0,211.0,211.0,211.0,211.0,211.0,211.0,211.0,211.0,211.0,211.0,211.0,211.0,,,,,,,,,,,,,,,,,,,,,,,,,0.1,355.9583,339.696,324.8873,312.0201,301.3574,292.9443,286.6547,282.2609,279.5107,278.1944,278.1944,279.5107,282.2609,286.6547,292.9443,301.3574,312.0201,324.8873,339.696,355.9583,368.8005478388634,272.3619523103945,368.7879,178.27950000000004,1484.0097,19.502400000000023
212,212,212.0,212.0,212.0,212.0,212.0,212.0,212.0,212.0,212.0,212.0,212.0,212.0,212.0,212.0,212.0,212.0,212.0,212.0,212.0,212.0,212.0,212.0,212.0,212.0,212.0,212.0,,,,,,,,,,,,,,,,,,,,,,,,,0.2,357.59,346.6551,336.259,326.6415,318.008,310.5213,304.2932,299.3783,295.7671,293.3786,292.0546,291.5556,291.5656,291.7085,291.5813,290.8035,289.0782,286.2501,282.3475,277.5911,259.295313625268,255.1065907560437,547.0674,188.1668,1305.7302,19.502400000000023
213,213,213.0,213.0,213.0,213.0,213.0,213.0,213.0,213.0,213.0,213.0,213.0,213.0,213.0,213.0,213.0,213.0,213.0,213.0,213.0,213.0,213.0,213.0,213.0,213.0,213.0,213.0,,,,,,,,,,,,,,,,,,,,,,,,,0.3,269.1064,278.2316,286.093,292.3024,296.6984,299.3358,300.4353,300.3111,299.2962,297.6816,295.6765,293.3937,290.8555,288.0146,284.7852,281.0761,276.823,272.0135,266.7011,261.007,281.823897663534,272.7600323295416,735.2342,222.1436,1117.5634,19.502400000000023
214,214,214.0,214.0,214.0,214.0,214.0,214.0,214.0,214.0,214.0,214.0,214.0,214.0,214.0,214.0,214.0,214.0,214.0,214.0,214.0,214.0,214.0,214.0,214.0,214.0,214.0,214.0,,,,,,,,,,,,,,,,,,,,,,,,,0.4,283.7196,285.577,287.3497,288.9783,290.3914,291.5118,292.2666,292.5981,292.4723,291.8847,290.8612,289.4559,287.7455,285.8224,283.7845,281.7248,279.7201,277.8205,276.0431,274.3713,372.9996269190612,337.6694422576014,957.3778,213.59950000000003,895.4198000000001,19.502400000000023
215,215,215.0,215.0,215.0,215.0,215.0,215.0,215.0,215.0,215.0,215.0,215.0,215.0,215.0,215.0,215.0,215.0,215.0,215.0,215.0,215.0,215.0,215.0,215.0,215.0,215.0,215.0,,,,,,,,,,,,,,,,,,,,,,,,,0.5,358.8069,345.2753,332.9708,322.2921,313.4354,306.4019,301.0406,297.1108,294.3503,292.5346,291.5183,291.2562,291.8026,293.2903,295.894,299.7801,305.0521,311.7019,319.577,328.3749,372.999577964076,193.3494068804207,1170.9773,187.43630000000007,681.8203000000001,19.502400000000023
216,216,216.0,216.0,216.0,216.0,216.0,216.0,216.0,216.0,216.0,216.0,216.0,216.0,216.0,216.0,216.0,216.0,216.0,216.0,216.0,216.0,216.0,216.0,216.0,216.0,216.0,216.0,,,,,,,,,,,,,,,,,,,,,,,,,0.6,362.9763,353.1898,343.8614,335.1829,327.304,320.3231,314.2789,309.1428,304.8103,301.0913,297.7016,294.2591,290.2919,285.2661,278.6379,269.9299,258.8219,245.2366,229.3982,211.8399,372.9999591710063,372.9999637700997,1358.4136,272.1993,494.384,19.502400000000023
217,217,217.0,217.0,217.0,217.0,217.0,217.0,217.0,217.0,217.0,217.0,217.0,217.0,217.0,217.0,217.0,217.0,217.0,217.0,217.0,217.0,217.0,217.0,217.0,217.0,217.0,217.0,,,,,,,,,,,,,,,,,,,,,,,,,0.7,364.7825,356.6729,348.7714,341.163,333.9142,327.072,320.6697,314.7395,309.3315,304.5406,300.534,297.5742,296.0274,296.3452,299.0134,304.4678,312.9872,324.5889,338.9539,355.412,372.999716476244,372.9998911875071,1630.6129,148.5217,222.1847,19.502400000000023
218,218,218.0,218.0,218.0,218.0,218.0,218.0,218.0,218.0,218.0,218.0,218.0,218.0,218.0,218.0,218.0,218.0,218.0,218.0,218.0,218.0,218.0,218.0,218.0,218.0,218.0,218.0,,,,,,,,,,,,,,,,,,,,,,,,,0.8,365.7338,358.5537,351.5467,344.8035,338.4207,332.5024,327.1631,322.5288,318.737,315.9345,314.2719,313.8948,314.9314,317.4781,321.584,327.2357,334.347,342.7528,352.2111,362.413,173.00021120219793,372.99971856632055,1779.1346,59.33279999999991,73.66300000000001,19.502400000000023
219,219,219.0,219.0,219.0,219.0,219.0,219.0,219.0,219.0,219.0,219.0,219.0,219.0,219.0,219.0,219.0,219.0,219.0,219.0,219.0,219.0,219.0,219.0,219.0,219.0,219.0,219.0,,,,,,,,,,,,,,,,,,,,,,,,,0.9,200.8483,227.2427,250.9432,271.0879,287.2758,299.5592,308.3611,314.3494,318.3016,320.9893,323.097,325.1777,327.6392,330.751,334.6623,339.4225,345.0011,351.3052,358.194,365.4917,372.9999296689713,372.9998959639697,1838.4674,14.330200000000104,14.330200000000104,19.502400000000023
220,220,220.0,220.0,220.0,220.0,220.0,220.0,220.0,220.0,220.0,220.0,220.0,220.0,220.0,220.0,220.0,220.0,220.0,220.0,220.0,220.0,220.0,220.0,220.0,220.0,220.0,220.0,,,,,,,,,,,,,,,,,,,,,,,,,0.0,273.0,273.0,273.0,273.0,273.0,273.0,273.0,273.0,273.0,273.0,273.0,273.0,273.0,273.0,273.0,273.0,273.0,273.0,273.0,273.0,372.9999310802847,372.9999589411712,0.0,368.7879,1088.7143,9.27879999999999
221,221,221.0,221.0,221.0,221.0,221.0,221.0,221.0,221.0,221.0,221.0,221.0,221.0,221.0,221.0,221.0,221.0,221.0,221.0,221.0,221.0,221.0,221.0,221.0,221.0,221.0,221.0,,,,,,,,,,,,,,,,,,,,,,,,,0.1,355.9582,339.696,324.8873,312.0201,301.3574,292.9443,286.6547,282.2609,279.5107,278.1944,278.1944,279.5107,282.2609,286.6547,292.9443,301.3574,312.0201,324.8873,339.696,355.9583,370.4458205099427,271.86125897424114,368.7879,178.7163,719.9264000000001,9.27879999999999
222,222,222.0,222.0,222.0,222.0,222.0,222.0,222.0,222.0,222.0,222.0,222.0,222.0,222.0,222.0,222.0,222.0,222.0,222.0,222.0,222.0,222.0,222.0,222.0,222.0,222.0,222.0,,,,,,,,,,,,,,,,,,,,,,,,,0.2,358.9549,347.7523,337.1123,327.2827,318.473,310.8461,304.5113,299.5182,295.8512,293.4231,292.0696,291.546,291.5317,291.6466,291.4847,290.6631,288.8836,285.9906,282.0137,277.1758,372.9999360886553,372.9999013854679,547.5042,171.98620000000005,541.2101000000001,9.27879999999999
223,223,223.0,223.0,223.0,223.0,223.0,223.0,223.0,223.0,223.0,223.0,223.0,223.0,223.0,223.0,223.0,223.0,223.0,223.0,223.0,223.0,223.0,223.0,223.0,223.0,223.0,223.0,,,,,,,,,,,,,,,,,,,,,,,,,0.3,363.5146,354.2214,345.3021,336.9189,329.2084,322.2788,316.212,311.0702,306.9082,303.7882,301.7973,301.0614,301.7511,304.0737,308.2453,314.4463,322.7629,333.1296,345.2897,358.7869,173.00023123592555,372.9998210649232,719.4904,69.35619999999994,369.22390000000007,9.27879999999999
224,224,224.0,224.0,224.0,224.0,224.0,224.0,224.0,224.0,224.0,224.0,224.0,224.0,224.0,224.0,224.0,224.0,224.0,224.0,224.0,224.0,224.0,224.0,224.0,224.0,224.0,224.0,,,,,,,,,,,,,,,,,,,,,,,,,0.4,199.3063,224.195,246.4601,265.2692,280.2452,291.4585,299.3455,304.5838,307.9601,310.2562,312.1695,314.2691,316.981,320.5928,325.2671,331.0586,337.9295,345.7636,354.3802,363.5477,267.6101470492161,291.8237040812272,788.8466,48.78110000000004,299.8677000000001,9.27879999999999
225,225,225.0,225.0,225.0,225.0,225.0,225.0,225.0,225.0,225.0,225.0,225.0,225.0,225.0,225.0,225.0,225.0,225.0,225.0,225.0,225.0,225.0,225.0,225.0,225.0,225.0,225.0,,,,,,,,,,,,,,,,,,,,,,,,,0.5,269.2886,271.2701,273.7931,276.9845,280.8438,285.2562,290.0293,294.9364,299.7528,304.2763,308.328,311.7409,314.3443,315.9558,316.3893,315.482,313.1363,309.3653,304.327,298.3328,328.4010439510492,273.7787600584984,837.6277,73.29930000000002,251.0866000000001,9.27879999999999
226,226,226.0,226.0,226.0,226.0,226.0,226.0,226.0,226.0,226.0,226.0,226.0,226.0,226.0,226.0,226.0,226.0,226.0,226.0,226.0,226.0,226.0,226.0,226.0,226.0,226.0,226.0,,,,,,,,,,,,,,,,,,,,,,,,,0.6,321.1097,314.3304,308.5017,303.9308,300.7621,298.9764,298.4134,298.8115,299.8501,301.1883,302.4942,303.4647,303.8373,303.3989,301.9936,299.5319,296.0001,291.4678,286.0892,280.0958,359.4242252965976,372.9998866748306,910.927,96.1187,177.78730000000007,9.27879999999999
227,227,227.0,227.0,227.0,227.0,227.0,227.0,227.0,227.0,227.0,227.0,227.0,227.0,227.0,227.0,227.0,227.0,227.0,227.0,227.0,227.0,227.0,227.0,227.0,227.0,227.0,227.0,,,,,,,,,,,,,,,,,,,,,,,,,0.7,349.9144,340.7969,332.417,325.0368,318.8136,313.7997,309.9589,307.1966,305.3977,304.4654,304.3552,305.0992,306.8152,309.6952,313.973,319.8701,327.5302,336.9549,347.9585,360.1568,215.4531040549645,372.9999110631534,1007.0457,41.24059999999997,81.66860000000008,9.27879999999999
228,228,228.0,228.0,228.0,228.0,228.0,228.0,228.0,228.0,228.0,228.0,228.0,228.0,228.0,228.0,228.0,228.0,228.0,228.0,228.0,228.0,228.0,228.0,228.0,228.0,228.0,228.0,,,,,,,,,,,,,,,,,,,,,,,,,0.8,233.1873,249.9744,265.0132,277.7603,287.985,295.762,301.4133,305.4209,308.3346,310.6949,312.9794,315.5746,318.7674,322.7488,327.6236,333.4199,340.099,347.5635,355.6655,364.2167,372.9991399886631,372.99971856632055,1048.2863,19.793300000000045,40.42800000000011,9.27879999999999
229,229,229.0,229.0,229.0,229.0,229.0,229.0,229.0,229.0,229.0,229.0,229.0,229.0,229.0,229.0,229.0,229.0,229.0,229.0,229.0,229.0,229.0,229.0,229.0,229.0,229.0,229.0,,,,,,,,,,,,,,,,,,,,,,,,,0.9,358.3193,344.5913,332.624,322.976,315.906,311.3879,309.1759,308.8961,310.1378,312.5258,315.7628,319.6429,324.0423,328.8976,334.18,339.872,345.9498,352.3725,359.0787,365.9867,291.3265301421646,372.99992732556257,1068.0796,20.634700000000063,20.634700000000063,9.27879999999999
230,230,230.0,230.0,230.0,230.0,230.0,230.0,230.0,230.0,230.0,230.0,230.0,230.0,230.0,230.0,230.0,230.0,230.0,230.0,230.0,230.0,230.0,230.0,230.0,230.0,230.0,230.0,,,,,,,,,,,,,,,,,,,,,,,,,0.0,273.0,273.0,273.0,273.0,273.0,273.0,273.0,273.0,273.0,273.0,273.0,273.0,273.0,273.0,273.0,273.0,273.0,273.0,273.0,273.0,372.9999335625205,372.9999335625205,0.0,368.7879,1886.5946,18.945100000000025
231,231,231.0,231.0,231.0,231.0,231.0,231.0,231.0,231.0,231.0,231.0,231.0,231.0,231.0,231.0,231.0,231.0,231.0,231.0,231.0,231.0,231.0,231.0,231.0,231.0,231.0,231.0,,,,,,,,,,,,,,,,,,,,,,,,,0.1,355.9582,339.696,324.8873,312.0201,301.3574,292.9443,286.6547,282.2609,279.5107,278.1944,278.1944,279.5107,282.2609,286.6547,292.9443,301.3574,312.0201,324.8873,339.696,355.9582,369.90617903086326,272.02537626846845,368.7879,178.57210000000003,1517.8067,18.945100000000025
232,232,232.0,232.0,232.0,232.0,232.0,232.0,232.0,232.0,232.0,232.0,232.0,232.0,232.0,232.0,232.0,232.0,232.0,232.0,232.0,232.0,232.0,232.0,232.0,232.0,232.0,232.0,,,,,,,,,,,,,,,,,,,,,,,,,0.2,358.5072,347.3924,336.8325,327.0724,318.3205,310.7396,304.4398,299.4723,295.8236,293.4085,292.0647,291.5491,291.5428,291.6669,291.5163,290.7092,288.9474,286.0757,282.1231,277.3119,256.4657550965207,254.7323396140928,547.36,188.9072,1339.2345999999998,18.945100000000025
233,233,233.0,233.0,233.0,233.0,233.0,233.0,233.0,233.0,233.0,233.0,233.0,233.0,233.0,233.0,233.0,233.0,233.0,233.0,233.0,233.0,233.0,233.0,233.0,233.0,233.0,233.0,,,,,,,,,,,,,,,,,,,,,,,,,0.3,266.8134,276.4475,284.7665,291.3654,296.0746,298.9492,300.2163,300.2009,299.2486,297.6624,295.6619,293.3678,290.8079,287.9384,284.6755,280.929,276.6352,271.782,266.4236,260.6815,281.1594125513838,273.00016124714995,736.2672,223.9243,1150.3274,18.945100000000025
234,234,234.0,234.0,234.0,234.0,234.0,234.0,234.0,234.0,234.0,234.0,234.0,234.0,234.0,234.0,234.0,234.0,234.0,234.0,234.0,234.0,234.0,234.0,234.0,234.0,234.0,234.0,,,,,,,,,,,,,,,,,,,,,,,,,0.4,283.0501,284.91,286.6984,288.3588,289.8195,291.0001,291.8226,292.2236,292.1639,291.6352,290.6615,289.2971,287.6207,285.7277,283.7198,281.6937,279.7288,277.8769,276.1553,274.5456,372.9951979986112,346.0756984972939,960.1915,212.4117,926.4031,18.945100000000025
235,235,235.0,235.0,235.0,235.0,235.0,235.0,235.0,235.0,235.0,235.0,235.0,235.0,235.0,235.0,235.0,235.0,235.0,235.0,235.0,235.0,235.0,235.0,235.0,235.0,235.0,235.0,,,,,,,,,,,,,,,,,,,,,,,,,0.5,358.7187,345.1097,332.7399,322.0122,313.1255,306.0828,300.7342,296.8411,294.1455,292.4307,291.5642,291.5191,292.3731,294.2865,297.4611,302.0865,308.2794,316.0294,325.1633,335.3393,372.99990228135215,173.00229737660487,1172.6032,186.81510000000003,713.9913999999999,18.945100000000025
236,236,236.0,236.0,236.0,236.0,236.0,236.0,236.0,236.0,236.0,236.0,236.0,236.0,236.0,236.0,236.0,236.0,236.0,236.0,236.0,236.0,236.0,236.0,236.0,236.0,236.0,236.0,,,,,,,,,,,,,,,,,,,,,,,,,0.6,362.9438,353.1289,343.7806,335.0944,327.2227,320.2648,314.257,309.1624,304.8597,301.1301,297.6447,293.959,289.5212,283.705,275.8714,265.4611,252.1024,235.7157,216.5836,195.3593,372.9998973656654,372.9999263946708,1359.4183,296.0362,527.1762999999999,18.945100000000025
237,237,237.0,237.0,237.0,237.0,237.0,237.0,237.0,237.0,237.0,237.0,237.0,237.0,237.0,237.0,237.0,237.0,237.0,237.0,237.0,237.0,237.0,237.0,237.0,237.0,237.0,237.0,,,,,,,,,,,,,,,,,,,,,,,,,0.7,364.7636,356.6322,348.7021,341.0532,333.745,326.8158,320.2889,314.1864,308.5511,303.4758,299.1345,295.8093,293.8997,293.9037,296.3621,301.7654,310.4358,322.4111,337.3609,354.5698,372.9999441286252,372.99993533149257,1655.4545,156.74289999999996,231.14009999999985,18.945100000000025
238,238,238.0,238.0,238.0,238.0,238.0,238.0,238.0,238.0,238.0,238.0,238.0,238.0,238.0,238.0,238.0,238.0,238.0,238.0,238.0,238.0,238.0,238.0,238.0,238.0,238.0,238.0,,,,,,,,,,,,,,,,,,,,,,,,,0.8,365.664,358.4095,351.3194,344.4812,337.9886,331.9451,326.4656,321.6795,317.7298,314.7718,312.9667,312.4724,313.4304,315.9496,320.0893,325.843,333.126,341.7694,351.5212,362.0574,173.0000936336567,372.99996374178846,1812.1974,59.69479999999999,74.39719999999988,18.945100000000025
239,239,239.0,239.0,239.0,239.0,239.0,239.0,239.0,239.0,239.0,239.0,239.0,239.0,239.0,239.0,239.0,239.0,239.0,239.0,239.0,239.0,239.0,239.0,239.0,239.0,239.0,239.0,,,,,,,,,,,,,,,,,,,,,,,,,0.9,200.7495,227.0443,250.6436,270.6851,286.7683,298.947,307.6465,313.5377,317.4021,320.016,322.0689,324.1187,326.5773,329.7179,333.6917,338.5483,344.2559,350.7181,357.7886,365.2848,372.99987176187017,372.99999998707375,1871.8922,14.702399999999898,14.702399999999898,18.945100000000025
240,240,240.0,240.0,240.0,240.0,240.0,240.0,240.0,240.0,240.0,240.0,240.0,240.0,240.0,240.0,240.0,240.0,240.0,240.0,240.0,240.0,240.0,240.0,240.0,240.0,240.0,,,,,,,,,,,,,,,,,,,,,,,,,,0.0,273.0,273.0,273.0,273.0,273.0,273.0,273.0,273.0,273.0,273.0,273.0,273.0,273.0,273.0,273.0,273.0,273.0,273.0,273.0,273.0,372.9998158722054,372.9999594339161,0.0,368.7879,1136.7346,-40.0
241,241,241.0,241.0,241.0,241.0,241.0,241.0,241.0,241.0,241.0,241.0,241.0,241.0,241.0,241.0,241.0,241.0,241.0,241.0,241.0,241.0,241.0,241.0,241.0,241.0,241.0,,,,,,,,,,,,,,,,,,,,,,,,,,0.1,355.9581,339.6959,324.8872,312.0201,301.3574,292.9443,286.6546,282.2609,279.5107,278.1944,278.1944,279.5107,282.2609,286.6547,292.9443,301.3574,312.0201,324.8873,339.696,355.9583,339.09008202889464,273.8433346532779,368.7879,174.69660000000005,767.9467,-20.0557
242,242,242.0,242.0,242.0,242.0,242.0,242.0,242.0,242.0,242.0,242.0,242.0,242.0,242.0,242.0,242.0,242.0,242.0,242.0,242.0,242.0,242.0,242.0,242.0,242.0,242.0,,,,,,,,,,,,,,,,,,,,,,,,,,0.2,332.9435,326.8415,320.8479,315.0592,309.606,304.6432,300.3307,296.8077,294.167,292.4313,291.5355,291.3177,291.5219,291.8164,291.8292,291.2005,289.6454,287.0138,283.3333,278.8192,173.00020215800836,372.9999693283252,543.4845,168.43859999999995,593.2501,-8.356800000000021
243,243,243.0,243.0,243.0,243.0,243.0,243.0,243.0,243.0,243.0,243.0,243.0,243.0,243.0,243.0,243.0,243.0,243.0,243.0,243.0,243.0,243.0,243.0,243.0,243.0,243.0,,,,,,,,,,,,,,,,,,,,,,,,,,0.3,196.0521,217.8984,237.5085,254.1619,267.5152,277.5963,284.738,289.4792,292.4624,294.3515,295.7797,297.3268,299.5139,302.8031,307.5871,314.1631,322.6937,333.1639,345.3521,358.8298,372.9998925019,372.9999591685682,711.9231,121.61540000000002,424.8115,-35.403700000000015
244,244,244.0,244.0,244.0,244.0,244.0,244.0,244.0,244.0,244.0,244.0,244.0,244.0,244.0,244.0,244.0,244.0,244.0,244.0,244.0,244.0,244.0,244.0,244.0,244.0,244.0,,,,,,,,,,,,,,,,,,,,,,,,,,0.4,354.6221,337.4226,322.3997,310.2358,301.2374,295.3557,292.2717,291.515,292.5812,295.0251,298.5131,302.8378,307.9023,313.6861,320.2053,327.4761,335.486,344.1769,353.4382,363.1112,173.00335523969272,372.9999121507207,833.5385,50.06119999999999,303.1961,-17.644299999999987
245,245,245.0,245.0,245.0,245.0,245.0,245.0,245.0,245.0,245.0,245.0,245.0,245.0,245.0,245.0,245.0,245.0,245.0,245.0,245.0,245.0,245.0,245.0,245.0,245.0,245.0,,,,,,,,,,,,,,,,,,,,,,,,,,0.5,195.9052,217.6441,237.2432,254.0527,267.815,278.6486,286.9653,293.3523,298.4521,302.8652,307.0886,311.4895,316.3082,321.6757,327.6393,334.1857,341.2612,348.7845,356.6569,364.7679,312.3689831462873,372.9999591672207,883.5997,73.35879999999997,253.1349,-34.35140000000001
246,246,246.0,246.0,246.0,246.0,246.0,246.0,246.0,246.0,246.0,246.0,246.0,246.0,246.0,246.0,246.0,246.0,246.0,246.0,246.0,246.0,246.0,246.0,246.0,246.0,246.0,,,,,,,,,,,,,,,,,,,,,,,,,,0.6,304.7652,297.9122,292.4408,288.7733,287.0848,287.3173,289.2374,292.5144,296.7982,301.7782,307.2174,312.9603,318.9233,325.0742,331.4098,337.9365,344.6556,351.5557,358.6096,365.7754,313.61688592861486,273.8414464205102,956.9585,22.7663,179.77610000000004,-25.68270000000001
247,247,247.0,247.0,247.0,247.0,247.0,247.0,247.0,247.0,247.0,247.0,247.0,247.0,247.0,247.0,247.0,247.0,247.0,247.0,247.0,247.0,247.0,247.0,247.0,247.0,247.0,,,,,,,,,,,,,,,,,,,,,,,,,,0.7,310.2586,307.142,304.4891,302.4845,301.2614,300.8919,301.3819,302.6679,304.6157,307.02,309.6044,312.0258,313.8867,314.7595,314.2276,311.9417,307.6844,301.4299,293.3824,283.9778,187.60667125441583,372.9998337626179,979.7248,59.961700000000064,157.00980000000004,-12.10809999999998
248,248,248.0,248.0,248.0,248.0,248.0,248.0,248.0,248.0,248.0,248.0,248.0,248.0,248.0,248.0,248.0,248.0,248.0,248.0,248.0,248.0,248.0,248.0,248.0,248.0,248.0,,,,,,,,,,,,,,,,,,,,,,,,,,0.8,207.4607,226.4317,243.7626,258.9177,271.6299,281.8935,289.915,296.0418,300.6916,304.2985,307.2842,310.0499,312.9801,316.4455,320.7924,326.315,333.2118,341.5388,351.1748,361.8146,304.5016912310848,372.99817837681786,1039.6865,69.67910000000006,97.04809999999998,-31.106499999999983
249,249,249.0,249.0,249.0,249.0,249.0,249.0,249.0,249.0,249.0,249.0,249.0,249.0,249.0,249.0,249.0,249.0,249.0,249.0,249.0,249.0,249.0,249.0,249.0,249.0,249.0,,,,,,,,,,,,,,,,,,,,,,,,,,0.9,298.9369,293.9878,290.1689,287.8185,287.067,287.8509,289.9644,293.1278,297.0568,301.5142,306.339,311.4512,316.8399,322.5394,328.6024,335.0754,341.9797,349.2993,356.977,364.9179,314.4718809796691,273.9828954836703,1109.3656,27.368999999999915,27.368999999999915,-25.149099999999976
250,250,250.0,250.0,250.0,250.0,250.0,250.0,250.0,250.0,250.0,250.0,250.0,250.0,250.0,250.0,250.0,250.0,250.0,250.0,250.0,250.0,250.0,250.0,250.0,250.0,250.0,,,,,,,,,,,,,,,,,,,,,,,,,,0.0,273.0,273.0,273.0,273.0,273.0,273.0,273.0,273.0,273.0,273.0,273.0,273.0,273.0,273.0,273.0,273.0,273.0,273.0,273.0,273.0,372.99999999845255,372.9999401900442,0.0,368.7879,1138.7093,-40.0
251,251,251.0,251.0,251.0,251.0,251.0,251.0,251.0,251.0,251.0,251.0,251.0,251.0,251.0,251.0,251.0,251.0,251.0,251.0,251.0,251.0,251.0,251.0,251.0,251.0,251.0,,,,,,,,,,,,,,,,,,,,,,,,,,0.1,355.9583,339.696,324.8873,312.0202,301.3574,292.9443,286.6547,282.2609,279.5107,278.1944,278.1944,279.5107,282.2609,286.6547,292.9443,301.3574,312.0201,324.8873,339.696,355.9582,339.25137913725456,273.2181197481559,368.7879,174.9414,769.9214,-20.0557
252,252,252.0,252.0,252.0,252.0,252.0,252.0,252.0,252.0,252.0,252.0,252.0,252.0,252.0,252.0,252.0,252.0,252.0,252.0,252.0,252.0,252.0,252.0,252.0,252.0,252.0,,,,,,,,,,,,,,,,,,,,,,,,,,0.2,333.0773,326.949,320.9315,315.1219,309.6512,304.6743,300.3504,296.8181,294.1691,292.4247,291.518,291.2854,291.4686,291.7335,291.7058,291.0239,289.4017,286.6894,282.9163,278.3004,173.0000518751639,372.99983456888566,543.7293,169.18730000000005,594.98,-8.325699999999983
253,253,253.0,253.0,253.0,253.0,253.0,253.0,253.0,253.0,253.0,253.0,253.0,253.0,253.0,253.0,253.0,253.0,253.0,253.0,253.0,253.0,253.0,253.0,253.0,253.0,253.0,,,,,,,,,,,,,,,,,,,,,,,,,,0.3,196.0589,217.9112,237.5256,254.1805,267.5325,277.6092,284.7435,289.4745,292.445,294.3194,295.7318,297.2627,299.4348,302.7117,307.488,314.0626,322.5994,333.0838,345.2937,358.799,372.9999052341017,372.99996484300544,712.9166,121.94999999999992,425.7927,-35.39080000000001
254,254,254.0,254.0,254.0,254.0,254.0,254.0,254.0,254.0,254.0,254.0,254.0,254.0,254.0,254.0,254.0,254.0,254.0,254.0,254.0,254.0,254.0,254.0,254.0,254.0,254.0,,,,,,,,,,,,,,,,,,,,,,,,,,0.4,354.6224,337.4229,322.3992,310.2336,301.2323,295.3465,292.2573,291.4943,292.5537,294.9907,298.472,302.791,307.8513,313.6329,320.1525,327.4263,335.442,344.1412,353.4131,363.0983,173.00100286010672,372.9997902061863,834.8666,50.22460000000001,303.84270000000004,-17.653500000000008
255,255,255.0,255.0,255.0,255.0,255.0,255.0,255.0,255.0,255.0,255.0,255.0,255.0,255.0,255.0,255.0,255.0,255.0,255.0,255.0,255.0,255.0,255.0,255.0,255.0,255.0,,,,,,,,,,,,,,,,,,,,,,,,,,0.5,195.9011,217.6382,237.2352,254.0423,267.8019,278.6325,286.9459,293.3294,298.4259,302.836,307.0568,311.456,316.2739,321.6417,327.6069,334.1562,341.2357,348.7643,356.6429,364.7606,312.3692585847492,372.99996309163487,885.0912,73.49030000000005,253.61810000000003,-34.36750000000001
256,256,256.0,256.0,256.0,256.0,256.0,256.0,256.0,256.0,256.0,256.0,256.0,256.0,256.0,256.0,256.0,256.0,256.0,256.0,256.0,256.0,256.0,256.0,256.0,256.0,256.0,,,,,,,,,,,,,,,,,,,,,,,,,,0.6,304.7627,297.9069,292.4327,288.7625,287.0713,287.3013,289.2191,292.494,296.7759,301.7545,307.1927,312.9353,318.8986,325.0504,331.3877,337.9168,344.6389,351.5427,358.6007,365.7708,313.6506556775767,273.74073323021577,958.5815,22.84789999999998,180.12779999999998,-25.69869999999997
257,257,257.0,257.0,257.0,257.0,257.0,257.0,257.0,257.0,257.0,257.0,257.0,257.0,257.0,257.0,257.0,257.0,257.0,257.0,257.0,257.0,257.0,257.0,257.0,257.0,257.0,,,,,,,,,,,,,,,,,,,,,,,,,,0.7,310.2841,307.1596,304.4993,302.488,301.2591,300.8847,301.3706,302.6533,304.5984,307.0003,309.5825,312.0016,313.8596,314.7286,314.1916,311.8991,307.6333,301.3685,293.3089,283.8911,187.60660486691185,372.9999335625205,981.4294,60.10059999999999,157.2799,-12.11529999999999
258,258,258.0,258.0,258.0,258.0,258.0,258.0,258.0,258.0,258.0,258.0,258.0,258.0,258.0,258.0,258.0,258.0,258.0,258.0,258.0,258.0,258.0,258.0,258.0,258.0,258.0,,,,,,,,,,,,,,,,,,,,,,,,,,0.8,207.46,226.4303,243.7602,258.9139,271.6243,281.8856,289.9045,296.0285,300.6753,304.2792,307.2621,310.0252,312.9534,316.4176,320.7645,326.2883,333.1878,341.5192,351.1609,361.8074,304.5016912310848,372.99817837681786,1041.53,69.77790000000005,97.1793,-31.11439999999999
259,259,259.0,259.0,259.0,259.0,259.0,259.0,259.0,259.0,259.0,259.0,259.0,259.0,259.0,259.0,259.0,259.0,259.0,259.0,259.0,259.0,259.0,259.0,259.0,259.0,259.0,,,,,,,,,,,,,,,,,,,,,,,,,,0.9,298.9354,293.9848,290.1643,287.8123,287.059,287.8412,289.9527,293.1144,297.0417,301.4977,306.3212,311.4326,316.8211,322.5208,328.5848,335.0595,341.966,349.2884,356.9695,364.9141,314.41160200972143,274.16189913084474,1111.3079,27.401399999999967,27.401399999999967,-25.158799999999985
260,260,260.0,260.0,260.0,260.0,260.0,260.0,260.0,260.0,260.0,260.0,260.0,260.0,260.0,260.0,260.0,260.0,260.0,260.0,260.0,260.0,260.0,260.0,260.0,260.0,260.0,,,,,,,,,,,,,,,,,,,,,,,,,,0.0,273.0,273.0,273.0,273.0,273.0,273.0,273.0,273.0,273.0,273.0,273.0,273.0,273.0,273.0,273.0,273.0,273.0,273.0,273.0,273.0,372.9999682508419,372.9999451746989,0.0,368.7879,1137.3632,-40.0
261,261,261.0,261.0,261.0,261.0,261.0,261.0,261.0,261.0,261.0,261.0,261.0,261.0,261.0,261.0,261.0,261.0,261.0,261.0,261.0,261.0,261.0,261.0,261.0,261.0,261.0,,,,,,,,,,,,,,,,,,,,,,,,,,0.1,355.9583,339.696,324.8873,312.0201,301.3574,292.9443,286.6547,282.2609,279.5107,278.1944,278.1944,279.5107,282.2609,286.6547,292.9443,301.3574,312.0201,324.8873,339.696,355.9582,339.0177738326956,274.1233756593169,368.7879,174.58710000000002,768.5753,-20.0557
262,262,262.0,262.0,262.0,262.0,262.0,262.0,262.0,262.0,262.0,262.0,262.0,262.0,262.0,262.0,262.0,262.0,262.0,262.0,262.0,262.0,262.0,262.0,262.0,262.0,262.0,,,,,,,,,,,,,,,,,,,,,,,,,,0.2,332.8835,326.7933,320.8105,315.0312,309.5858,304.6294,300.3219,296.8031,294.1661,292.4343,291.5433,291.3322,291.5458,291.8536,291.8845,291.2797,289.7545,287.159,283.5201,279.0515,173.00002429006238,372.9999359656607,543.375,168.10410000000002,593.9882,-8.370600000000024
263,263,263.0,263.0,263.0,263.0,263.0,263.0,263.0,263.0,263.0,263.0,263.0,263.0,263.0,263.0,263.0,263.0,263.0,263.0,263.0,263.0,263.0,263.0,263.0,263.0,263.0,,,,,,,,,,,,,,,,,,,,,,,,,,0.3,196.0488,217.8924,237.5008,254.1535,267.5073,277.5904,284.7355,289.4813,292.4702,294.3658,295.8012,297.3555,299.5493,302.844,307.6314,314.2081,322.7359,333.1997,345.3782,358.8436,372.9998925019,372.9999591685682,711.4791,121.46609999999998,425.8841,-35.40960000000001
264,264,264.0,264.0,264.0,264.0,264.0,264.0,264.0,264.0,264.0,264.0,264.0,264.0,264.0,264.0,264.0,264.0,264.0,264.0,264.0,264.0,264.0,264.0,264.0,264.0,264.0,,,,,,,,,,,,,,,,,,,,,,,,,,0.4,354.6219,337.4225,322.3999,310.2368,301.2397,295.3598,292.2782,291.5242,292.5935,295.0406,298.5315,302.8588,307.9252,313.7099,320.229,327.4984,335.5058,344.1929,353.4495,363.117,173.00335523969272,372.9999121507207,832.9452,49.98860000000002,304.418,-17.640199999999993
265,265,265.0,265.0,265.0,265.0,265.0,265.0,265.0,265.0,265.0,265.0,265.0,265.0,265.0,265.0,265.0,265.0,265.0,265.0,265.0,265.0,265.0,265.0,265.0,265.0,265.0,,,,,,,,,,,,,,,,,,,,,,,,,,0.5,195.9061,217.646,237.2462,254.0569,267.8205,278.6556,286.9739,293.3625,298.4638,302.8783,307.1027,311.5045,316.3236,321.6909,327.6538,334.1989,341.2725,348.7935,356.6632,364.7711,312.36925561147496,372.9999636153181,882.9338,73.30110000000002,254.4294,-34.34440000000001
266,266,266.0,266.0,266.0,266.0,266.0,266.0,266.0,266.0,266.0,266.0,266.0,266.0,266.0,266.0,266.0,266.0,266.0,266.0,266.0,266.0,266.0,266.0,266.0,266.0,266.0,,,,,,,,,,,,,,,,,,,,,,,,,,0.6,304.7666,297.9147,292.4444,288.7781,287.0907,287.3243,289.2455,292.5235,296.8081,301.7888,307.2284,312.9715,318.9343,325.0848,331.4197,337.9453,344.663,351.5616,358.6136,365.7774,313.37170677749685,274.5716443896689,956.2349,22.64829999999995,181.1283,-25.67570000000001
267,267,267.0,267.0,267.0,267.0,267.0,267.0,267.0,267.0,267.0,267.0,267.0,267.0,267.0,267.0,267.0,267.0,267.0,267.0,267.0,267.0,267.0,267.0,267.0,267.0,267.0,,,,,,,,,,,,,,,,,,,,,,,,,,0.7,310.0563,306.9807,304.3653,302.3935,301.1978,300.8506,301.3583,302.6584,304.6182,307.0342,309.6322,312.0714,313.957,314.8641,314.3789,312.1544,307.9743,301.8128,293.8721,284.585,186.1669846792566,372.9992631970616,978.8832,59.95880000000011,158.48000000000002,-12.149400000000014
268,268,268.0,268.0,268.0,268.0,268.0,268.0,268.0,268.0,268.0,268.0,268.0,268.0,268.0,268.0,268.0,268.0,268.0,268.0,268.0,268.0,268.0,268.0,268.0,268.0,268.0,,,,,,,,,,,,,,,,,,,,,,,,,,0.8,206.2563,225.4529,242.9912,258.3295,271.1975,281.5892,289.7132,295.9206,300.6333,304.2898,307.315,310.1125,313.068,316.5519,320.9099,326.4349,333.3245,341.6345,351.2443,361.851,304.3885038264714,372.9958105447966,1038.842,70.87649999999985,98.52119999999992,-31.410799999999995
269,269,269.0,269.0,269.0,269.0,269.0,269.0,269.0,269.0,269.0,269.0,269.0,269.0,269.0,269.0,269.0,269.0,269.0,269.0,269.0,269.0,269.0,269.0,269.0,269.0,269.0,,,,,,,,,,,,,,,,,,,,,,,,,,0.9,298.7709,293.7756,289.9229,287.5548,286.8027,287.6019,289.7432,292.9433,296.9134,301.4123,306.2759,311.422,316.8382,322.558,328.6342,335.1135,342.0179,349.3322,357.0006,364.9293,316.71551826060033,274.02442491186486,1109.7185,27.644700000000057,27.644700000000057,-25.3981
270,270,270.0,270.0,270.0,270.0,270.0,270.0,270.0,270.0,270.0,270.0,270.0,270.0,270.0,270.0,270.0,270.0,270.0,270.0,270.0,270.0,270.0,270.0,270.0,270.0,270.0,,,,,,,,,,,,,,,,,,,,,,,,,,0.0,273.0,273.0,273.0,273.0,273.0,273.0,273.0,273.0,273.0,273.0,273.0,273.0,273.0,273.0,273.0,273.0,273.0,273.0,273.0,273.0,372.9995831568213,372.99995814225326,0.0,368.7879,1135.2838,-40.0
271,271,271.0,271.0,271.0,271.0,271.0,271.0,271.0,271.0,271.0,271.0,271.0,271.0,271.0,271.0,271.0,271.0,271.0,271.0,271.0,271.0,271.0,271.0,271.0,271.0,271.0,,,,,,,,,,,,,,,,,,,,,,,,,,0.1,355.9579,339.6958,324.8871,312.02,301.3573,292.9443,286.6546,282.2609,279.5107,278.1944,278.1944,279.5107,282.2609,286.6547,292.9443,301.3574,312.0201,324.8873,339.696,355.9583,338.9312924466911,274.45857402489105,368.7879,174.45660000000004,766.4958999999999,-20.0557
272,272,272.0,272.0,272.0,272.0,272.0,272.0,272.0,272.0,272.0,272.0,272.0,272.0,272.0,272.0,272.0,272.0,272.0,272.0,272.0,272.0,272.0,272.0,272.0,272.0,272.0,,,,,,,,,,,,,,,,,,,,,,,,,,0.2,332.8118,326.7356,320.7656,314.9975,309.5615,304.6127,300.3113,296.7974,294.165,292.4378,291.5527,291.3494,291.5744,291.8981,291.9507,291.3744,289.8852,287.3329,283.7436,279.3295,173.00004860122536,372.9998978963131,543.2445,167.70460000000003,592.0392999999999,-8.387299999999982
273,273,273.0,273.0,273.0,273.0,273.0,273.0,273.0,273.0,273.0,273.0,273.0,273.0,273.0,273.0,273.0,273.0,273.0,273.0,273.0,273.0,273.0,273.0,273.0,273.0,273.0,,,,,,,,,,,,,,,,,,,,,,,,,,0.3,196.0452,217.8856,237.4917,254.1434,267.498,277.5834,284.7325,289.4838,292.4795,294.383,295.8269,297.3898,299.5917,302.893,307.6845,314.2619,322.7865,333.2426,345.4093,358.86,372.9998925019,372.9999591685682,710.9491,121.28769999999996,424.3346999999999,-35.41660000000002
274,274,274.0,274.0,274.0,274.0,274.0,274.0,274.0,274.0,274.0,274.0,274.0,274.0,274.0,274.0,274.0,274.0,274.0,274.0,274.0,274.0,274.0,274.0,274.0,274.0,274.0,,,,,,,,,,,,,,,,,,,,,,,,,,0.4,354.6217,337.4224,322.4002,310.238,301.2424,295.3647,292.2859,291.5352,292.6082,295.059,298.5535,302.8839,307.9525,313.7384,320.2573,327.5251,335.5294,344.212,353.4629,363.124,173.00335523969272,372.9999121507207,832.2368,49.901700000000005,303.0469999999999,-17.635299999999972
275,275,275.0,275.0,275.0,275.0,275.0,275.0,275.0,275.0,275.0,275.0,275.0,275.0,275.0,275.0,275.0,275.0,275.0,275.0,275.0,275.0,275.0,275.0,275.0,275.0,275.0,,,,,,,,,,,,,,,,,,,,,,,,,,0.5,195.9072,217.6483,237.2498,254.0619,267.8272,278.664,286.9841,293.3746,298.4777,302.8939,307.1197,311.5225,316.3419,321.7091,327.6711,334.2147,341.2861,348.8043,356.6706,364.7749,312.36925997835056,372.9999556173477,882.1385,73.23220000000003,253.1452999999999,-34.33600000000001
276,276,276.0,276.0,276.0,276.0,276.0,276.0,276.0,276.0,276.0,276.0,276.0,276.0,276.0,276.0,276.0,276.0,276.0,276.0,276.0,276.0,276.0,276.0,276.0,276.0,276.0,,,,,,,,,,,,,,,,,,,,,,,,,,0.6,304.7681,297.9175,292.4487,288.7838,287.0977,287.3327,289.2551,292.5343,296.8199,301.8013,307.2415,312.9848,318.9475,325.0975,331.4315,337.9558,344.6719,351.5685,358.6184,365.7798,313.7414800964925,273.4701294472766,955.3707,22.7435999999999,179.91309999999987,-25.66730000000001
277,277,277.0,277.0,277.0,277.0,277.0,277.0,277.0,277.0,277.0,277.0,277.0,277.0,277.0,277.0,277.0,277.0,277.0,277.0,277.0,277.0,277.0,277.0,277.0,277.0,277.0,,,,,,,,,,,,,,,,,,,,,,,,,,0.7,310.3643,307.2299,304.5608,302.5423,301.3078,300.9294,301.4125,302.693,304.6361,307.0353,309.6133,312.0256,313.8734,314.7274,314.17,311.8507,307.5513,301.2464,293.1409,283.6729,187.606505916748,372.9995112973817,978.1143,60.09390000000008,157.16949999999997,-12.070600000000011
278,278,278.0,278.0,278.0,278.0,278.0,278.0,278.0,278.0,278.0,278.0,278.0,278.0,278.0,278.0,278.0,278.0,278.0,278.0,278.0,278.0,278.0,278.0,278.0,278.0,278.0,,,,,,,,,,,,,,,,,,,,,,,,,,0.8,207.4681,226.4461,243.7824,258.941,271.6544,281.9169,289.935,296.0562,300.6986,304.2967,307.2726,310.0279,312.9482,316.4051,320.746,326.2661,333.1646,341.498,351.1447,361.7984,304.5016912310848,372.99817837681786,1038.2082,69.69630000000006,97.0755999999999,-31.0831
279,279,279.0,279.0,279.0,279.0,279.0,279.0,279.0,279.0,279.0,279.0,279.0,279.0,279.0,279.0,279.0,279.0,279.0,279.0,279.0,279.0,279.0,279.0,279.0,279.0,279.0,,,,,,,,,,,,,,,,,,,,,,,,,,0.9,298.9394,293.9924,290.1751,287.8256,287.074,287.857,289.9683,293.1288,297.0542,301.5076,306.3282,311.4366,316.822,322.5192,328.5812,335.0546,341.9608,349.2836,356.9659,364.9121,314.41551389838594,274.1505865935848,1107.9045,27.37929999999983,27.37929999999983,-25.14299999999997
280,280,280.0,280.0,280.0,280.0,280.0,280.0,280.0,280.0,280.0,280.0,280.0,280.0,280.0,280.0,280.0,280.0,280.0,280.0,280.0,280.0,280.0,280.0,280.0,280.0,280.0,,,,,,,,,,,,,,,,,,,,,,,,,,0.0,273.0,273.0,273.0,273.0,273.0,273.0,273.0,273.0,273.0,273.0,273.0,273.0,273.0,273.0,273.0,273.0,273.0,273.0,273.0,273.0,372.9998772148841,372.99998608265656,0.0,368.7879,1138.718,-40.0
281,281,281.0,281.0,281.0,281.0,281.0,281.0,281.0,281.0,281.0,281.0,281.0,281.0,281.0,281.0,281.0,281.0,281.0,281.0,281.0,281.0,281.0,281.0,281.0,281.0,281.0,,,,,,,,,,,,,,,,,,,,,,,,,,0.1,355.9582,339.696,324.8873,312.0201,301.3574,292.9443,286.6546,282.2609,279.5107,278.1944,278.1944,279.5107,282.2609,286.6547,292.9443,301.3574,312.0201,324.8873,339.696,355.9583,339.16685210254286,273.54570734872743,368.7879,174.81310000000002,769.9301,-20.0557
282,282,282.0,282.0,282.0,282.0,282.0,282.0,282.0,282.0,282.0,282.0,282.0,282.0,282.0,282.0,282.0,282.0,282.0,282.0,282.0,282.0,282.0,282.0,282.0,282.0,282.0,,,,,,,,,,,,,,,,,,,,,,,,,,0.2,333.0072,326.8926,320.8877,315.0891,309.6275,304.658,300.3401,296.8126,294.168,292.4281,291.5272,291.3023,291.4966,291.777,291.7705,291.1165,289.5294,286.8593,283.1347,278.5722,173.00015447514798,372.99986269432566,543.601,168.79459999999995,595.1170000000001,-8.341999999999985
283,283,283.0,283.0,283.0,283.0,283.0,283.0,283.0,283.0,283.0,283.0,283.0,283.0,283.0,283.0,283.0,283.0,283.0,283.0,283.0,283.0,283.0,283.0,283.0,283.0,283.0,,,,,,,,,,,,,,,,,,,,,,,,,,0.3,196.0554,217.9045,237.5166,254.1708,267.5234,277.6024,284.7406,289.4769,292.4541,294.3362,295.7569,297.2963,299.4762,302.7596,307.5399,314.1153,322.6488,333.1258,345.3243,358.8151,372.9999052341017,372.99996484300544,712.3956,121.77460000000008,426.3224000000001,-35.39760000000001
284,284,284.0,284.0,284.0,284.0,284.0,284.0,284.0,284.0,284.0,284.0,284.0,284.0,284.0,284.0,284.0,284.0,284.0,284.0,284.0,284.0,284.0,284.0,284.0,284.0,284.0,,,,,,,,,,,,,,,,,,,,,,,,,,0.4,354.6222,337.4228,322.3995,310.2348,301.235,295.3513,292.2649,291.5051,292.5681,295.0087,298.4935,302.8155,307.878,313.6608,320.1802,327.4524,335.4651,344.1599,353.4263,363.1051,173.00335523969272,372.9999121507207,834.1702,50.13850000000002,304.54780000000005,-17.64870000000002
285,285,285.0,285.0,285.0,285.0,285.0,285.0,285.0,285.0,285.0,285.0,285.0,285.0,285.0,285.0,285.0,285.0,285.0,285.0,285.0,285.0,285.0,285.0,285.0,285.0,285.0,,,,,,,,,,,,,,,,,,,,,,,,,,0.5,195.9042,217.642,237.24,254.0482,267.8091,278.6412,286.9562,293.3415,298.4397,302.8513,307.0735,311.4736,316.2919,321.6596,327.6238,334.1717,341.2491,348.7749,356.6503,364.7645,312.36925640030904,372.9999596839706,884.3087,73.42019999999991,254.40930000000003,-34.358799999999974
286,286,286.0,286.0,286.0,286.0,286.0,286.0,286.0,286.0,286.0,286.0,286.0,286.0,286.0,286.0,286.0,286.0,286.0,286.0,286.0,286.0,286.0,286.0,286.0,286.0,286.0,,,,,,,,,,,,,,,,,,,,,,,,,,0.6,304.7642,297.9099,292.4371,288.7684,287.0786,287.3099,289.2289,292.5049,296.7877,301.7671,307.2058,312.9485,318.9116,325.0629,331.3993,337.9271,344.6477,351.5495,358.6054,365.7732,313.7505529171322,273.44309103548204,957.7289,22.847000000000094,180.9891000000001,-25.690099999999973
287,287,287.0,287.0,287.0,287.0,287.0,287.0,287.0,287.0,287.0,287.0,287.0,287.0,287.0,287.0,287.0,287.0,287.0,287.0,287.0,287.0,287.0,287.0,287.0,287.0,287.0,,,,,,,,,,,,,,,,,,,,,,,,,,0.7,310.3683,307.2288,304.555,302.532,301.2934,300.9113,301.3913,302.6692,304.6102,307.0079,309.5848,311.9966,313.8442,314.6984,314.1413,311.8224,307.5236,301.2189,293.1137,283.6458,186.72299882630875,372.9992631970616,980.5759,60.50019999999995,158.14210000000003,-12.088700000000015
288,288,288.0,288.0,288.0,288.0,288.0,288.0,288.0,288.0,288.0,288.0,288.0,288.0,288.0,288.0,288.0,288.0,288.0,288.0,288.0,288.0,288.0,288.0,288.0,288.0,288.0,,,,,,,,,,,,,,,,,,,,,,,,,,0.8,206.7326,225.8516,243.3162,258.5861,271.3916,281.7267,289.7994,295.9599,300.6293,304.245,307.2321,309.9944,312.9192,316.3792,320.7228,326.2456,333.1473,341.4844,351.1352,361.7935,305.4126889517295,372.9976407623755,1041.0761,70.40380000000005,97.64190000000008,-31.27330000000001
289,289,289.0,289.0,289.0,289.0,289.0,289.0,289.0,289.0,289.0,289.0,289.0,289.0,289.0,289.0,289.0,289.0,289.0,289.0,289.0,289.0,289.0,289.0,289.0,289.0,289.0,,,,,,,,,,,,,,,,,,,,,,,,,,0.9,299.649,294.5121,290.5261,288.036,287.1751,287.8792,289.9389,293.07,296.9825,301.4341,306.2597,311.3763,316.7711,322.4774,328.5476,335.0282,341.9407,349.269,356.9562,364.9071,313.02714733804913,275.4414830033399,1111.4799,27.23810000000003,27.23810000000003,-25.12079999999997
290,290,290.0,290.0,290.0,290.0,290.0,290.0,290.0,290.0,290.0,290.0,290.0,290.0,290.0,290.0,290.0,290.0,290.0,290.0,290.0,290.0,290.0,290.0,290.0,290.0,290.0,,,,,,,,,,,,,,,,,,,,,,,,,,0.0,273.0,273.0,273.0,273.0,273.0,273.0,273.0,273.0,273.0,273.0,273.0,273.0,273.0,273.0,273.0,273.0,273.0,273.0,273.0,273.0,372.9999700309003,372.9999641458167,0.0,368.7878,1135.3473,-40.0
291,291,291.0,291.0,291.0,291.0,291.0,291.0,291.0,291.0,291.0,291.0,291.0,291.0,291.0,291.0,291.0,291.0,291.0,291.0,291.0,291.0,291.0,291.0,291.0,291.0,291.0,,,,,,,,,,,,,,,,,,,,,,,,,,0.1,355.9583,339.696,324.8873,312.0201,301.3574,292.9443,286.6547,282.2609,279.5107,278.1944,278.1944,279.5107,282.2609,286.6547,292.9443,301.3574,312.0201,324.8873,339.696,355.9583,338.91164654965826,274.5347534999954,368.7878,174.4268,766.5594999999998,-20.0557
292,292,292.0,292.0,292.0,292.0,292.0,292.0,292.0,292.0,292.0,292.0,292.0,292.0,292.0,292.0,292.0,292.0,292.0,292.0,292.0,292.0,292.0,292.0,292.0,292.0,292.0,,,,,,,,,,,,,,,,,,,,,,,,,,0.2,332.7955,326.7225,320.7555,314.9899,309.5561,304.609,300.309,296.7962,294.1647,292.4387,291.5548,291.3534,291.5809,291.9082,291.9658,291.3959,289.9149,287.3724,283.7944,279.3927,173.00004083143085,372.99990274864257,543.2146,167.6137,592.1326999999999,-8.39100000000002
293,293,293.0,293.0,293.0,293.0,293.0,293.0,293.0,293.0,293.0,293.0,293.0,293.0,293.0,293.0,293.0,293.0,293.0,293.0,293.0,293.0,293.0,293.0,293.0,293.0,293.0,,,,,,,,,,,,,,,,,,,,,,,,,,0.3,196.0443,217.884,237.4896,254.1411,267.4959,277.5819,284.7319,289.4844,292.4816,294.3869,295.8328,297.3976,299.6013,302.9041,307.6966,314.2742,322.798,333.2523,345.4164,358.8637,372.9999052341016,372.99996484300544,710.8283,121.24689999999998,424.5189999999999,-35.41809999999998
294,294,294.0,294.0,294.0,294.0,294.0,294.0,294.0,294.0,294.0,294.0,294.0,294.0,294.0,294.0,294.0,294.0,294.0,294.0,294.0,294.0,294.0,294.0,294.0,294.0,294.0,,,,,,,,,,,,,,,,,,,,,,,,,,0.4,354.6217,337.4223,322.4003,310.2383,301.2431,295.3659,292.2877,291.5378,292.6116,295.0632,298.5586,302.8896,307.9587,313.7449,320.2638,327.5312,335.5347,344.2163,353.466,363.1256,173.00301354778415,372.9998925264429,832.0752,49.88199999999995,303.2720999999999,-17.63409999999999
295,295,295.0,295.0,295.0,295.0,295.0,295.0,295.0,295.0,295.0,295.0,295.0,295.0,295.0,295.0,295.0,295.0,295.0,295.0,295.0,295.0,295.0,295.0,295.0,295.0,295.0,,,,,,,,,,,,,,,,,,,,,,,,,,0.5,195.9072,217.6486,237.2505,254.0629,267.8286,278.6659,286.9864,293.3773,298.4809,302.8975,307.1236,311.5266,316.3461,321.7133,327.6751,334.2183,341.2892,348.8068,356.6723,364.7758,312.3697096233798,372.99993620558473,881.9572,73.21670000000006,253.3901,-34.33409999999998
296,296,296.0,296.0,296.0,296.0,296.0,296.0,296.0,296.0,296.0,296.0,296.0,296.0,296.0,296.0,296.0,296.0,296.0,296.0,296.0,296.0,296.0,296.0,296.0,296.0,296.0,,,,,,,,,,,,,,,,,,,,,,,,,,0.6,304.7687,297.9184,292.4498,288.7852,287.0994,287.3347,289.2574,292.5368,296.8226,301.8042,307.2445,312.9878,318.9505,325.1003,331.4342,337.9582,344.674,351.5701,358.6195,365.7804,313.4627689811631,274.30045244285685,955.1739,22.635400000000004,180.1733999999999,-25.6653
297,297,297.0,297.0,297.0,297.0,297.0,297.0,297.0,297.0,297.0,297.0,297.0,297.0,297.0,297.0,297.0,297.0,297.0,297.0,297.0,297.0,297.0,297.0,297.0,297.0,297.0,,,,,,,,,,,,,,,,,,,,,,,,,,0.7,310.1335,307.0447,304.4173,302.4352,301.231,300.8772,301.3797,302.6757,304.6321,307.0443,309.6375,312.0701,313.9461,314.8396,314.3359,312.087,307.8764,301.6781,293.6954,284.3621,187.3718372259103,372.9991494204233,977.8093,59.68449999999996,157.5379999999999,-12.122799999999984
298,298,298.0,298.0,298.0,298.0,298.0,298.0,298.0,298.0,298.0,298.0,298.0,298.0,298.0,298.0,298.0,298.0,298.0,298.0,298.0,298.0,298.0,298.0,298.0,298.0,298.0,,,,,,,,,,,,,,,,,,,,,,,,,,0.8,207.2612,226.2668,243.6304,258.8158,271.5556,281.8441,289.8879,296.0349,300.7032,304.3272,307.3287,310.1085,313.0508,316.5253,320.8772,326.3995,333.29,341.6045,351.2222,361.8391,303.3489986392483,372.9986407206254,1037.4938,70.02549999999997,97.85349999999994,-31.15589999999997
299,299,299.0,299.0,299.0,299.0,299.0,299.0,299.0,299.0,299.0,299.0,299.0,299.0,299.0,299.0,299.0,299.0,299.0,299.0,299.0,299.0,299.0,299.0,299.0,299.0,299.0,,,,,,,,,,,,,,,,,,,,,,,,,,0.9,297.9699,293.1989,289.5441,287.3391,286.7115,287.5976,289.7924,293.019,296.9958,301.4888,306.3393,311.4698,316.8706,322.5772,328.6432,335.1156,342.0161,349.3292,356.9983,364.9292,315.577347443385,273.4494071506634,1107.5193,27.82799999999997,27.82799999999997,-25.4024
300,300,300.0,300.0,300.0,300.0,300.0,300.0,300.0,300.0,300.0,300.0,300.0,300.0,300.0,300.0,300.0,300.0,300.0,300.0,300.0,300.0,300.0,300.0,300.0,300.0,,,,,,,,,,,,,,,,,,,,,,,,,,,0.0,273.0,273.0,273.0,273.0,273.0,273.0,273.0,273.0,273.0,273.0,273.0,273.0,273.0,273.0,273.0,273.0,273.0,273.0,273.0,273.0,372.9999464371521,372.999958940632,0.0,368.7879,1294.2265,-40.0
301,301,301.0,301.0,301.0,301.0,301.0,301.0,301.0,301.0,301.0,301.0,301.0,301.0,301.0,301.0,301.0,301.0,301.0,301.0,301.0,301.0,301.0,301.0,301.0,301.0,,,,,,,,,,,,,,,,,,,,,,,,,,,0.1,355.9582,339.696,324.8873,312.0201,301.3574,292.9443,286.6547,282.2609,279.5107,278.1944,278.1944,279.5107,282.2609,286.6547,292.9443,301.3574,312.0201,324.8873,339.696,355.9583,340.1510165312701,273.2404974345434,368.7879,174.98500000000007,925.4386,-20.0557
302,302,302.0,302.0,302.0,302.0,302.0,302.0,302.0,302.0,302.0,302.0,302.0,302.0,302.0,302.0,302.0,302.0,302.0,302.0,302.0,302.0,302.0,302.0,302.0,302.0,,,,,,,,,,,,,,,,,,,,,,,,,,,0.2,333.8236,327.5489,321.3982,315.4727,309.9057,304.8524,300.4706,296.8963,294.2183,292.4546,291.536,291.2963,291.4758,291.7392,291.7116,291.0309,289.4107,286.7011,282.9312,278.319,329.80796406622176,274.4549287055301,543.7729,181.9017,750.4535999999999,-8.147600000000011
303,303,303.0,303.0,303.0,303.0,303.0,303.0,303.0,303.0,303.0,303.0,303.0,303.0,303.0,303.0,303.0,303.0,303.0,303.0,303.0,303.0,303.0,303.0,303.0,303.0,,,,,,,,,,,,,,,,,,,,,,,,,,,0.3,326.1825,322.5635,318.9654,315.4163,311.958,308.6421,305.5215,302.6404,300.0243,297.6739,295.5627,293.6387,291.8311,290.0599,288.2464,286.3242,284.2482,282.0001,279.5907,277.0566,277.5627591144356,324.4936966475194,725.6746,167.95929999999998,568.5518999999999,-4.357899999999972
304,304,304.0,304.0,304.0,304.0,304.0,304.0,304.0,304.0,304.0,304.0,304.0,304.0,304.0,304.0,304.0,304.0,304.0,304.0,304.0,304.0,304.0,304.0,304.0,304.0,,,,,,,,,,,,,,,,,,,,,,,,,,,0.4,283.0842,288.2247,292.6588,296.1595,298.6197,300.0517,300.5672,300.3481,299.6165,298.611,297.5724,296.7372,296.335,296.5833,297.6766,299.766,302.9342,307.169,312.3464,318.2305,298.6985510286804,372.999879944057,893.6339,101.82139999999993,400.5926,-12.948300000000016
305,305,305.0,305.0,305.0,305.0,305.0,305.0,305.0,305.0,305.0,305.0,305.0,305.0,305.0,305.0,305.0,305.0,305.0,305.0,305.0,305.0,305.0,305.0,305.0,305.0,,,,,,,,,,,,,,,,,,,,,,,,,,,0.5,298.3288,298.0119,297.7895,297.6858,297.7072,297.85,298.1131,298.5133,299.0999,299.965,301.2484,303.1346,305.8419,309.6022,314.6317,321.095,329.067,338.4997,349.2037,360.8505,224.7383815508604,372.99995916856767,995.4553,49.45480000000009,298.7712,-15.149999999999975
306,306,306.0,306.0,306.0,306.0,306.0,306.0,306.0,306.0,306.0,306.0,306.0,306.0,306.0,306.0,306.0,306.0,306.0,306.0,306.0,306.0,306.0,306.0,306.0,306.0,,,,,,,,,,,,,,,,,,,,,,,,,,,0.6,237.3476,249.4171,260.4873,270.2414,278.5372,285.4063,291.0251,295.6693,299.6647,303.3439,307.0138,310.9363,315.3175,320.3049,325.9876,332.3978,339.5139,347.2646,355.5344,364.1719,230.611659004561,372.999962944338,1044.9101,65.69740000000002,249.3164,-27.593700000000013
307,307,307.0,307.0,307.0,307.0,307.0,307.0,307.0,307.0,307.0,307.0,307.0,307.0,307.0,307.0,307.0,307.0,307.0,307.0,307.0,307.0,307.0,307.0,307.0,307.0,,,,,,,,,,,,,,,,,,,,,,,,,,,0.7,239.0169,247.3107,255.3903,263.1692,270.5848,277.6042,284.2273,290.487,296.4456,302.1892,307.8177,313.4357,319.1421,325.0212,331.1361,337.5238,344.1937,351.1279,358.2842,365.6003,254.2156332753564,372.9999464363679,1110.6075,73.29919999999993,183.61899999999991,-35.39580000000001
308,308,308.0,308.0,308.0,308.0,308.0,308.0,308.0,308.0,308.0,308.0,308.0,308.0,308.0,308.0,308.0,308.0,308.0,308.0,308.0,308.0,308.0,308.0,308.0,308.0,,,,,,,,,,,,,,,,,,,,,,,,,,,0.8,257.7875,261.4956,265.4548,269.7426,274.3916,279.393,284.7067,290.2756,296.0404,301.9504,307.9698,314.0788,320.2715,326.5508,332.9237,339.3954,345.9665,352.6303,359.3725,366.1713,252.27873550263075,372.9998744642351,1183.9067,58.51790000000005,110.3198,-33.60700000000003
309,309,309.0,309.0,309.0,309.0,309.0,309.0,309.0,309.0,309.0,309.0,309.0,309.0,309.0,309.0,309.0,309.0,309.0,309.0,309.0,309.0,309.0,309.0,309.0,309.0,,,,,,,,,,,,,,,,,,,,,,,,,,,0.9,257.0002,261.7506,266.5582,271.4488,276.4454,281.5664,286.8254,292.2302,297.7834,303.4827,309.3221,315.2927,321.3841,327.5849,333.8832,340.2668,346.7231,353.2388,359.8001,366.3922,248.74908973575367,372.9998950231689,1242.4246,51.80189999999993,51.80189999999993,-31.433600000000013
310,310,310.0,310.0,310.0,310.0,310.0,310.0,310.0,310.0,310.0,310.0,310.0,310.0,310.0,310.0,310.0,310.0,310.0,310.0,310.0,310.0,310.0,310.0,310.0,310.0,,,,,,,,,,,,,,,,,,,,,,,,,,,0.0,273.0,273.0,273.0,273.0,273.0,273.0,273.0,273.0,273.0,273.0,273.0,273.0,273.0,273.0,273.0,273.0,273.0,273.0,273.0,273.0,372.99987518783206,372.9999606648886,0.0,368.7879,1472.3371,-40.0
311,311,311.0,311.0,311.0,311.0,311.0,311.0,311.0,311.0,311.0,311.0,311.0,311.0,311.0,311.0,311.0,311.0,311.0,311.0,311.0,311.0,311.0,311.0,311.0,311.0,,,,,,,,,,,,,,,,,,,,,,,,,,,0.1,355.9582,339.6959,324.8873,312.0201,301.3574,292.9443,286.6546,282.2609,279.5107,278.1944,278.1944,279.5107,282.2609,286.6547,292.9443,301.3574,312.0201,324.8873,339.696,355.9583,340.0064049235237,273.6204415343345,368.7879,174.83300000000003,1103.5492,-20.0557
312,312,312.0,312.0,312.0,312.0,312.0,312.0,312.0,312.0,312.0,312.0,312.0,312.0,312.0,312.0,312.0,312.0,312.0,312.0,312.0,312.0,312.0,312.0,312.0,312.0,,,,,,,,,,,,,,,,,,,,,,,,,,,0.2,333.7036,327.4525,321.3232,315.4164,309.865,304.8243,300.4524,296.886,294.2145,292.4572,291.5457,291.3154,291.5079,291.7894,291.7865,291.1382,289.5588,286.8983,283.1848,278.6343,329.7471016698784,273.54345587455407,543.6209,181.7085,928.7162,-8.175700000000006
313,313,313.0,313.0,313.0,313.0,313.0,313.0,313.0,313.0,313.0,313.0,313.0,313.0,313.0,313.0,313.0,313.0,313.0,313.0,313.0,313.0,313.0,313.0,313.0,313.0,,,,,,,,,,,,,,,,,,,,,,,,,,,0.3,326.1255,322.5105,318.9173,315.3737,311.9219,308.6132,305.5001,302.6263,300.0163,297.6695,295.5572,293.6247,291.7977,289.9921,288.1251,286.1267,283.9496,281.5757,279.0181,276.3191,279.4442498226473,321.40365819456616,725.3294,169.84800000000007,747.0077,-4.386799999999994
314,314,314.0,314.0,314.0,314.0,314.0,314.0,314.0,314.0,314.0,314.0,314.0,314.0,314.0,314.0,314.0,314.0,314.0,314.0,314.0,314.0,314.0,314.0,314.0,314.0,,,,,,,,,,,,,,,,,,,,,,,,,,,0.4,284.6393,289.4682,293.6183,296.8715,299.1251,300.3908,300.7757,300.4539,299.6379,298.5554,297.4358,296.504,295.9779,296.0642,296.9474,298.7716,301.6156,305.4688,310.2145,315.6295,336.1251093169006,274.79005826549934,895.1774,129.0697,577.1596999999999,-12.609199999999989
315,315,315.0,315.0,315.0,315.0,315.0,315.0,315.0,315.0,315.0,315.0,315.0,315.0,315.0,315.0,315.0,315.0,315.0,315.0,315.0,315.0,315.0,315.0,315.0,315.0,,,,,,,,,,,,,,,,,,,,,,,,,,,0.5,329.4568,323.12,317.3961,312.4785,308.4553,305.3146,302.9659,301.2705,300.0693,299.2024,298.5177,297.87,297.1159,296.1112,294.7142,292.7999,290.2803,287.1282,283.3948,279.2142,291.3769211364656,310.16492022819864,1024.2471,137.12930000000006,448.0899999999999,-7.685400000000015
316,316,316.0,316.0,316.0,316.0,316.0,316.0,316.0,316.0,316.0,316.0,316.0,316.0,316.0,316.0,316.0,316.0,316.0,316.0,316.0,316.0,316.0,316.0,316.0,316.0,,,,,,,,,,,,,,,,,,,,,,,,,,,0.6,294.3431,297.066,299.3413,301.0339,302.0904,302.5354,302.4544,301.9693,301.2168,300.332,299.441,298.6615,298.1055,297.8815,298.0915,298.8207,300.1221,301.9984,304.3901,307.1722,246.74158640215128,372.9999333979406,1161.3764,103.26319999999988,310.96069999999986,-10.46460000000002
317,317,317.0,317.0,317.0,317.0,317.0,317.0,317.0,317.0,317.0,317.0,317.0,317.0,317.0,317.0,317.0,317.0,317.0,317.0,317.0,317.0,317.0,317.0,317.0,317.0,,,,,,,,,,,,,,,,,,,,,,,,,,,0.7,255.9142,264.6739,272.6628,279.621,285.4113,290.0224,293.5552,296.1987,298.204,299.8632,301.4931,303.4252,305.9955,309.5296,314.3192,320.5885,328.4556,337.8965,348.7227,360.5842,234.62468369332527,372.9999560483896,1264.6396,72.78160000000003,207.6975,-22.977599999999995
318,318,318.0,318.0,318.0,318.0,318.0,318.0,318.0,318.0,318.0,318.0,318.0,318.0,318.0,318.0,318.0,318.0,318.0,318.0,318.0,318.0,318.0,318.0,318.0,318.0,,,,,,,,,,,,,,,,,,,,,,,,,,,0.8,243.3014,251.7568,259.7954,267.2691,274.0919,280.2453,285.7757,290.7861,295.4222,299.8583,304.281,308.8752,313.8095,319.2247,325.2226,331.8584,339.1359,347.0064,355.372,364.0931,254.9232651707237,372.9999604069112,1337.4212,73.75330000000008,134.91589999999997,-32.754700000000014
319,319,319.0,319.0,319.0,319.0,319.0,319.0,319.0,319.0,319.0,319.0,319.0,319.0,319.0,319.0,319.0,319.0,319.0,319.0,319.0,319.0,319.0,319.0,319.0,319.0,,,,,,,,,,,,,,,,,,,,,,,,,,,0.9,258.7193,262.6006,266.638,270.8774,275.3363,280.0079,284.8705,289.8987,295.0743,300.3927,305.8647,311.5142,317.3727,323.4716,329.8357,336.4762,343.3879,350.5461,357.9084,365.4163,252.80555470017745,372.9999658931792,1411.1745,61.16259999999989,61.16259999999989,-32.99209999999999
320,320,320.0,320.0,320.0,320.0,320.0,320.0,320.0,320.0,320.0,320.0,320.0,320.0,320.0,320.0,320.0,320.0,320.0,320.0,320.0,320.0,320.0,320.0,320.0,320.0,,,,,,,,,,,,,,,,,,,,,,,,,,,0.0,273.0,273.0,273.0,273.0,273.0,273.0,273.0,273.0,273.0,273.0,273.0,273.0,273.0,273.0,273.0,273.0,273.0,273.0,273.0,273.0,372.9999484346088,372.99998626922377,0.0,368.7878,1270.9029,-40.0
321,321,321.0,321.0,321.0,321.0,321.0,321.0,321.0,321.0,321.0,321.0,321.0,321.0,321.0,321.0,321.0,321.0,321.0,321.0,321.0,321.0,321.0,321.0,321.0,321.0,,,,,,,,,,,,,,,,,,,,,,,,,,,0.1,355.9582,339.696,324.8873,312.0201,301.3574,292.9443,286.6547,282.2609,279.5107,278.1944,278.1944,279.5107,282.2609,286.6547,292.9443,301.3574,312.0201,324.8873,339.696,355.9583,340.1167857878562,273.3309774875889,368.7878,174.94890000000004,902.1151,-20.0557
322,322,322.0,322.0,322.0,322.0,322.0,322.0,322.0,322.0,322.0,322.0,322.0,322.0,322.0,322.0,322.0,322.0,322.0,322.0,322.0,322.0,322.0,322.0,322.0,322.0,,,,,,,,,,,,,,,,,,,,,,,,,,,0.2,333.7952,327.5261,321.3804,315.4594,309.8961,304.8457,300.4663,296.8939,294.2174,292.4552,291.5383,291.3008,291.4834,291.7512,291.7295,291.0565,289.446,286.7481,282.9916,278.394,329.84516225772114,274.3572213390688,543.7367,181.815,727.1662,-8.154299999999978
323,323,323.0,323.0,323.0,323.0,323.0,323.0,323.0,323.0,323.0,323.0,323.0,323.0,323.0,323.0,323.0,323.0,323.0,323.0,323.0,323.0,323.0,323.0,323.0,323.0,,,,,,,,,,,,,,,,,,,,,,,,,,,0.3,326.2118,322.5854,318.9808,315.4264,311.9641,308.6456,305.5237,302.6422,300.0265,297.6769,295.5663,293.6424,291.8338,290.0599,288.2412,286.3109,284.2236,281.961,279.5339,276.98,267.4020252414459,352.7920618890395,725.5517,160.15100000000007,545.3512000000001,-4.354399999999998
324,324,324.0,324.0,324.0,324.0,324.0,324.0,324.0,324.0,324.0,324.0,324.0,324.0,324.0,324.0,324.0,324.0,324.0,324.0,324.0,324.0,324.0,324.0,324.0,324.0,,,,,,,,,,,,,,,,,,,,,,,,,,,0.4,274.6573,281.4531,287.3964,292.2124,295.7714,298.0881,299.2999,299.633,299.3688,298.8182,298.306,298.1641,298.7276,300.3242,303.2538,307.7536,313.9544,321.8387,331.2122,341.7024,242.30072527008167,372.9999730495313,885.7027,87.6055,385.2002,-14.911900000000005
325,325,325.0,325.0,325.0,325.0,325.0,325.0,325.0,325.0,325.0,325.0,325.0,325.0,325.0,325.0,325.0,325.0,325.0,325.0,325.0,325.0,325.0,325.0,325.0,325.0,,,,,,,,,,,,,,,,,,,,,,,,,,,0.5,251.086,259.545,267.3923,274.4168,280.5026,285.6351,289.8942,293.4384,296.4846,299.2878,302.1215,305.2611,308.968,313.4739,318.9628,325.5536,333.283,342.0928,351.826,362.2345,248.09402108462965,372.9991181066548,973.3082,70.56389999999999,297.5947,-27.364899999999977
326,326,326.0,326.0,326.0,326.0,326.0,326.0,326.0,326.0,326.0,326.0,326.0,326.0,326.0,326.0,326.0,326.0,326.0,326.0,326.0,326.0,326.0,326.0,326.0,326.0,,,,,,,,,,,,,,,,,,,,,,,,,,,0.6,253.8497,259.5497,265.1425,270.5856,275.8503,280.9271,285.8293,290.5955,295.2887,299.9928,304.8055,309.8304,315.166,320.8963,327.0816,333.7518,340.9016,348.4898,356.4414,364.6526,252.9274059009028,372.9999467313339,1043.8721,64.78620000000001,227.0308,-32.072900000000004
327,327,327.0,327.0,327.0,327.0,327.0,327.0,327.0,327.0,327.0,327.0,327.0,327.0,327.0,327.0,327.0,327.0,327.0,327.0,327.0,327.0,327.0,327.0,327.0,327.0,,,,,,,,,,,,,,,,,,,,,,,,,,,0.7,257.4988,262.093,266.7305,271.4274,276.1956,281.0442,285.9822,291.0206,296.1748,301.4654,306.9168,312.5552,318.4057,324.4879,330.8134,337.3825,344.1827,351.188,358.36,365.6496,250.49620127834908,372.99964686318026,1108.6583,57.29819999999995,162.2446,-31.95580000000001
328,328,328.0,328.0,328.0,328.0,328.0,328.0,328.0,328.0,328.0,328.0,328.0,328.0,328.0,328.0,328.0,328.0,328.0,328.0,328.0,328.0,328.0,328.0,328.0,328.0,,,,,,,,,,,,,,,,,,,,,,,,,,,0.8,255.6735,260.8481,266.0198,271.1928,276.3768,281.587,286.8425,292.1651,297.5775,303.1008,308.7539,314.5514,320.5035,326.6147,332.8838,339.3033,345.8599,352.5341,359.3018,366.1341,248.8395364915465,372.9994942065708,1165.9565,53.4516000000001,104.94640000000004,-31.41300000000001
329,329,329.0,329.0,329.0,329.0,329.0,329.0,329.0,329.0,329.0,329.0,329.0,329.0,329.0,329.0,329.0,329.0,329.0,329.0,329.0,329.0,329.0,329.0,329.0,329.0,,,,,,,,,,,,,,,,,,,,,,,,,,,0.9,254.3496,259.8553,265.3541,270.8475,276.3414,281.8458,287.3748,292.9443,298.5708,304.2701,310.0557,315.9379,321.9233,328.0145,334.2098,340.5035,346.8859,353.3439,359.8615,366.42,247.8622952597931,372.9999836326608,1219.4081,51.49479999999994,51.49479999999994,-31.154200000000003
330,330,330.0,330.0,330.0,330.0,330.0,330.0,330.0,330.0,330.0,330.0,330.0,330.0,330.0,330.0,330.0,330.0,330.0,330.0,330.0,330.0,330.0,330.0,330.0,330.0,,,,,,,,,,,,,,,,,,,,,,,,,,,0.0,273.0,273.0,273.0,273.0,273.0,273.0,273.0,273.0,273.0,273.0,273.0,273.0,273.0,273.0,273.0,273.0,273.0,273.0,273.0,273.0,372.99993356663913,372.9999645568613,0.0,368.7879,1477.1682,-40.0
331,331,331.0,331.0,331.0,331.0,331.0,331.0,331.0,331.0,331.0,331.0,331.0,331.0,331.0,331.0,331.0,331.0,331.0,331.0,331.0,331.0,331.0,331.0,331.0,331.0,,,,,,,,,,,,,,,,,,,,,,,,,,,0.1,355.9582,339.696,324.8873,312.0201,301.3574,292.9443,286.6547,282.2609,279.5107,278.1944,278.1944,279.5107,282.2609,286.6547,292.9443,301.3574,312.0201,324.8873,339.696,355.9583,340.0286491156403,273.56278666338966,368.7879,174.85600000000005,1108.3803,-20.0557
332,332,332.0,332.0,332.0,332.0,332.0,332.0,332.0,332.0,332.0,332.0,332.0,332.0,332.0,332.0,332.0,332.0,332.0,332.0,332.0,332.0,332.0,332.0,332.0,332.0,,,,,,,,,,,,,,,,,,,,,,,,,,,0.2,333.7221,327.4674,321.3348,315.4251,309.8713,304.8286,300.4552,296.8876,294.2151,292.4568,291.5443,291.3125,291.503,291.7818,291.7751,291.1219,289.5363,286.8684,283.1463,278.5865,329.6824945303404,273.7133796965668,543.6439,181.7156,933.5243,-8.171400000000006
333,333,333.0,333.0,333.0,333.0,333.0,333.0,333.0,333.0,333.0,333.0,333.0,333.0,333.0,333.0,333.0,333.0,333.0,333.0,333.0,333.0,333.0,333.0,333.0,333.0,,,,,,,,,,,,,,,,,,,,,,,,,,,0.3,326.0729,322.4694,318.8863,315.3515,311.9066,308.603,305.4937,302.6222,300.0139,297.6684,295.5577,293.6277,291.8051,290.0064,288.1496,286.1655,284.0072,281.6565,279.126,276.4573,279.15320951446665,321.88304752166147,725.3595,169.51239999999996,751.8087,-4.396999999999991
334,334,334.0,334.0,334.0,334.0,334.0,334.0,334.0,334.0,334.0,334.0,334.0,334.0,334.0,334.0,334.0,334.0,334.0,334.0,334.0,334.0,334.0,334.0,334.0,334.0,,,,,,,,,,,,,,,,,,,,,,,,,,,0.4,284.3951,289.269,293.4605,296.7503,299.0352,300.3269,300.733,300.4287,299.6277,298.5592,297.4542,296.5393,296.0342,296.1469,297.0637,298.9296,301.824,305.7359,310.5477,316.0343,336.1371167980332,274.2318539362621,894.8719,128.63279999999995,582.2963000000001,-12.673099999999977
335,335,335.0,335.0,335.0,335.0,335.0,335.0,335.0,335.0,335.0,335.0,335.0,335.0,335.0,335.0,335.0,335.0,335.0,335.0,335.0,335.0,335.0,335.0,335.0,335.0,,,,,,,,,,,,,,,,,,,,,,,,,,,0.5,329.4524,323.1011,317.366,312.4415,308.4164,305.2783,302.9364,301.2509,300.0613,299.206,298.5308,297.8878,297.1308,296.1122,294.687,292.727,290.1427,286.9066,283.072,278.7772,293.2224181964057,307.1075811781316,1023.5047,138.39969999999994,453.6635000000001,-7.7216999999999985
336,336,336.0,336.0,336.0,336.0,336.0,336.0,336.0,336.0,336.0,336.0,336.0,336.0,336.0,336.0,336.0,336.0,336.0,336.0,336.0,336.0,336.0,336.0,336.0,336.0,,,,,,,,,,,,,,,,,,,,,,,,,,,0.6,295.8699,298.2886,300.2869,301.7385,302.5944,302.879,302.6734,302.0924,301.263,300.3097,299.3471,298.4807,297.8102,297.4323,297.4381,297.9046,298.8802,300.3691,302.3191,304.6188,247.3172324577105,372.9999591685682,1161.9044,106.0371,315.2638000000002,-10.12099999999998
337,337,337.0,337.0,337.0,337.0,337.0,337.0,337.0,337.0,337.0,337.0,337.0,337.0,337.0,337.0,337.0,337.0,337.0,337.0,337.0,337.0,337.0,337.0,337.0,337.0,,,,,,,,,,,,,,,,,,,,,,,,,,,0.7,256.4754,265.2151,273.1734,280.0874,285.8185,290.356,293.8023,296.3487,298.2496,299.8,301.3209,303.1488,305.626,309.0858,313.8282,320.0853,327.9807,337.492,348.4277,360.4285,234.0378585271945,372.99991845915815,1267.9415,73.35990000000015,209.22670000000016,-22.644000000000005
338,338,338.0,338.0,338.0,338.0,338.0,338.0,338.0,338.0,338.0,338.0,338.0,338.0,338.0,338.0,338.0,338.0,338.0,338.0,338.0,338.0,338.0,338.0,338.0,338.0,,,,,,,,,,,,,,,,,,,,,,,,,,,0.8,242.8653,251.4609,259.6199,267.1877,274.075,280.2629,285.8006,290.7957,295.3999,299.7939,304.1708,308.7214,313.6194,319.0094,324.9962,331.6367,338.9348,346.8407,355.254,364.0318,254.8554157725458,372.999910572028,1341.3014,74.38559999999984,135.8668,-32.7371
339,339,339.0,339.0,339.0,339.0,339.0,339.0,339.0,339.0,339.0,339.0,339.0,339.0,339.0,339.0,339.0,339.0,339.0,339.0,339.0,339.0,339.0,339.0,339.0,339.0,,,,,,,,,,,,,,,,,,,,,,,,,,,0.9,258.6478,262.5262,266.5617,270.8,275.2582,279.9288,284.7891,289.8133,294.983,300.2938,305.7574,311.3993,317.2521,323.3489,329.7154,336.3639,343.2892,350.4666,357.8525,365.3874,253.3439438676317,372.9999757618062,1415.687,61.48120000000017,61.48120000000017,-33.071199999999976
340,340,340.0,340.0,340.0,340.0,340.0,340.0,340.0,340.0,340.0,340.0,340.0,340.0,340.0,340.0,340.0,340.0,340.0,340.0,340.0,340.0,340.0,340.0,340.0,340.0,,,,,,,,,,,,,,,,,,,,,,,,,,,0.0,273.0,273.0,273.0,273.0,273.0,273.0,273.0,273.0,273.0,273.0,273.0,273.0,273.0,273.0,273.0,273.0,273.0,273.0,273.0,273.0,372.9997792286028,372.9999559636809,0.0,368.7879,1279.8392,-40.0
341,341,341.0,341.0,341.0,341.0,341.0,341.0,341.0,341.0,341.0,341.0,341.0,341.0,341.0,341.0,341.0,341.0,341.0,341.0,341.0,341.0,341.0,341.0,341.0,341.0,,,,,,,,,,,,,,,,,,,,,,,,,,,0.1,355.9581,339.6959,324.8872,312.0201,301.3574,292.9443,286.6546,282.2609,279.5107,278.1944,278.1944,279.5107,282.2609,286.6547,292.9443,301.3574,312.0201,324.8873,339.696,355.9583,339.6202779715253,274.6363862672124,368.7879,174.4287,911.0513,-20.0557
342,342,342.0,342.0,342.0,342.0,342.0,342.0,342.0,342.0,342.0,342.0,342.0,342.0,342.0,342.0,342.0,342.0,342.0,342.0,342.0,342.0,342.0,342.0,342.0,342.0,,,,,,,,,,,,,,,,,,,,,,,,,,,0.2,333.3834,327.1951,321.1231,315.2662,309.7566,304.7494,300.4039,296.8583,294.2044,292.4639,291.5717,291.3665,291.5939,291.9239,291.987,291.4252,289.9547,287.4252,283.8623,279.4771,291.2278253646789,372.9999101261769,543.2166,147.11210000000003,736.6225999999999,-8.25060000000002
343,343,343.0,343.0,343.0,343.0,343.0,343.0,343.0,343.0,343.0,343.0,343.0,343.0,343.0,343.0,343.0,343.0,343.0,343.0,343.0,343.0,343.0,343.0,343.0,343.0,,,,,,,,,,,,,,,,,,,,,,,,,,,0.3,294.1565,296.7964,298.9086,300.3422,301.0525,301.0997,300.63,299.8497,299.001,298.3451,298.1555,298.718,300.3314,303.2995,307.9089,314.389,322.8616,333.2885,345.4364,358.8728,290.9047501647747,316.1497654142953,690.3287,63.8483,589.5104999999999,-11.900300000000016
344,344,344.0,344.0,344.0,344.0,344.0,344.0,344.0,344.0,344.0,344.0,344.0,344.0,344.0,344.0,344.0,344.0,344.0,344.0,344.0,344.0,344.0,344.0,344.0,344.0,,,,,,,,,,,,,,,,,,,,,,,,,,,0.4,292.394,293.8304,295.1707,296.39,297.4877,298.4893,299.4451,300.4229,301.4979,302.7379,304.187,305.8516,307.6896,309.6098,311.4818,313.1593,314.5106,315.4527,315.977,316.1595,209.2532996711087,372.99995462741794,754.177,66.75580000000002,525.6621999999999,-14.510699999999986
345,345,345.0,345.0,345.0,345.0,345.0,345.0,345.0,345.0,345.0,345.0,345.0,345.0,345.0,345.0,345.0,345.0,345.0,345.0,345.0,345.0,345.0,345.0,345.0,345.0,,,,,,,,,,,,,,,,,,,,,,,,,,,0.5,224.4391,238.9879,252.3513,264.1385,274.152,282.3861,288.996,294.2498,298.4792,302.0379,305.2757,308.5251,312.0959,316.2713,321.2967,327.3616,334.5733,342.9303,352.3057,362.447,233.5293528216013,372.99994597763214,820.9328,88.97169999999994,458.9063999999999,-30.6139
346,346,346.0,346.0,346.0,346.0,346.0,346.0,346.0,346.0,346.0,346.0,346.0,346.0,346.0,346.0,346.0,346.0,346.0,346.0,346.0,346.0,346.0,346.0,346.0,346.0,,,,,,,,,,,,,,,,,,,,,,,,,,,0.6,240.6205,247.6931,254.7205,261.6632,268.4713,275.0928,281.4861,287.6324,293.5447,299.271,304.8906,310.5056,316.2274,322.1632,328.4025,335.0055,341.9966,349.3605,357.0438,364.9604,258.6114820966965,313.14322770767814,909.9045,88.4443,369.9346999999999,-37.90719999999999
347,347,347.0,347.0,347.0,347.0,347.0,347.0,347.0,347.0,347.0,347.0,347.0,347.0,347.0,347.0,347.0,347.0,347.0,347.0,347.0,347.0,347.0,347.0,347.0,347.0,,,,,,,,,,,,,,,,,,,,,,,,,,,0.7,261.1235,263.8065,266.8058,270.2212,274.0969,278.4219,283.1376,288.1493,293.3367,298.5598,303.6605,308.4616,312.7672,316.37,319.0683,320.6934,321.1451,320.4258,318.6634,316.1149,254.98870290248777,372.9999752737436,998.3488,91.89190000000008,281.4903999999999,-34.578100000000006
348,348,348.0,348.0,348.0,348.0,348.0,348.0,348.0,348.0,348.0,348.0,348.0,348.0,348.0,348.0,348.0,348.0,348.0,348.0,348.0,348.0,348.0,348.0,348.0,348.0,,,,,,,,,,,,,,,,,,,,,,,,,,,0.8,259.1039,263.2335,267.3905,271.5849,275.8219,280.1016,284.4188,288.7668,293.1431,297.5583,302.047,306.6772,311.5551,316.8212,322.6357,329.151,336.4775,344.6483,353.5937,363.1348,240.12870492817103,319.26334176700954,1090.2407,83.87689999999998,189.59849999999983,-32.89839999999998
349,349,349.0,349.0,349.0,349.0,349.0,349.0,349.0,349.0,349.0,349.0,349.0,349.0,349.0,349.0,349.0,349.0,349.0,349.0,349.0,349.0,349.0,349.0,349.0,349.0,,,,,,,,,,,,,,,,,,,,,,,,,,,0.9,246.8836,253.5319,259.9833,266.175,272.0784,277.6968,283.0575,288.1994,293.1573,297.9476,302.5555,306.926,310.9629,314.5355,317.4961,319.7074,321.0758,321.584,321.3134,320.4491,253.3804755895085,372.9999337041671,1174.1176,105.72159999999984,105.72159999999984,-35.303200000000004
350,350,350.0,350.0,350.0,350.0,350.0,350.0,350.0,350.0,350.0,350.0,350.0,350.0,350.0,350.0,350.0,350.0,350.0,350.0,350.0,350.0,350.0,350.0,350.0,350.0,,,,,,,,,,,,,,,,,,,,,,,,,,,0.0,273.0,273.0,273.0,273.0,273.0,273.0,273.0,273.0,273.0,273.0,273.0,273.0,273.0,273.0,273.0,273.0,273.0,273.0,273.0,273.0,372.99993175029726,372.9999589412375,0.0,368.7879,1251.9958,-40.0
351,351,351.0,351.0,351.0,351.0,351.0,351.0,351.0,351.0,351.0,351.0,351.0,351.0,351.0,351.0,351.0,351.0,351.0,351.0,351.0,351.0,351.0,351.0,351.0,351.0,,,,,,,,,,,,,,,,,,,,,,,,,,,0.1,355.9582,339.696,324.8873,312.0201,301.3574,292.9443,286.6547,282.2609,279.5107,278.1944,278.1944,279.5107,282.2609,286.6547,292.9443,301.3574,312.0201,324.8873,339.696,355.9583,339.6695018986875,274.5071850170384,368.7879,174.48000000000008,883.2078999999999,-20.0557
352,352,352.0,352.0,352.0,352.0,352.0,352.0,352.0,352.0,352.0,352.0,352.0,352.0,352.0,352.0,352.0,352.0,352.0,352.0,352.0,352.0,352.0,352.0,352.0,352.0,,,,,,,,,,,,,,,,,,,,,,,,,,,0.2,333.4242,327.2279,321.1486,315.2854,309.7704,304.7589,300.4101,296.8619,294.2057,292.463,291.5684,291.36,291.5829,291.9068,291.9615,291.3887,289.9044,287.3582,283.7761,279.3699,328.8843992054343,273.9517125588378,543.2679,180.1641,708.7278999999999,-8.241100000000017
353,353,353.0,353.0,353.0,353.0,353.0,353.0,353.0,353.0,353.0,353.0,353.0,353.0,353.0,353.0,353.0,353.0,353.0,353.0,353.0,353.0,353.0,353.0,353.0,353.0,,,,,,,,,,,,,,,,,,,,,,,,,,,0.3,325.3945,321.9066,318.4316,314.9945,311.6358,308.407,305.3618,302.5456,299.9858,297.684,295.6139,293.7222,291.9356,290.1702,288.3427,286.3824,284.2411,281.9001,279.3725,276.7012,262.6647419851318,372.5854345883085,723.432,155.15969999999993,528.5637999999999,-4.593000000000018
354,354,354.0,354.0,354.0,354.0,354.0,354.0,354.0,354.0,354.0,354.0,354.0,354.0,354.0,354.0,354.0,354.0,354.0,354.0,354.0,354.0,354.0,354.0,354.0,354.0,,,,,,,,,,,,,,,,,,,,,,,,,,,0.4,270.676,278.1968,284.8074,290.2144,294.2792,297.0181,298.5799,299.2118,299.2253,298.97,298.8194,299.1647,300.4088,302.9536,307.1707,313.3569,321.6773,332.1113,344.4159,358.1239,233.37033081758275,372.99995916857125,878.5917,76.3474000000001,373.4041,-15.981899999999996
355,355,355.0,355.0,355.0,355.0,355.0,355.0,355.0,355.0,355.0,355.0,355.0,355.0,355.0,355.0,355.0,355.0,355.0,355.0,355.0,355.0,355.0,355.0,355.0,355.0,,,,,,,,,,,,,,,,,,,,,,,,,,,0.5,243.4536,253.1723,262.2084,270.3286,277.4073,283.4327,288.4977,292.7801,296.5166,299.9766,303.4382,307.1668,311.3976,316.3211,322.0714,328.7175,336.2581,344.6211,353.6685,363.2063,249.15921869538687,372.9999351611022,954.9391,72.07029999999986,297.05669999999986,-29.56729999999999
356,356,356.0,356.0,356.0,356.0,356.0,356.0,356.0,356.0,356.0,356.0,356.0,356.0,356.0,356.0,356.0,356.0,356.0,356.0,356.0,356.0,356.0,356.0,356.0,356.0,,,,,,,,,,,,,,,,,,,,,,,,,,,0.6,254.2772,259.4042,264.5434,269.6892,274.8287,279.9465,285.0329,290.0916,295.1453,300.2368,305.4263,310.7846,316.3842,322.2898,328.5493,335.1873,342.2008,349.5581,357.2007,365.0472,253.4227052915443,372.9999591685695,1027.0094,64.87090000000012,224.9864,-33.053499999999985
357,357,357.0,357.0,357.0,357.0,357.0,357.0,357.0,357.0,357.0,357.0,357.0,357.0,357.0,357.0,357.0,357.0,357.0,357.0,357.0,357.0,357.0,357.0,357.0,357.0,,,,,,,,,,,,,,,,,,,,,,,,,,,0.7,257.8291,262.2717,266.7831,271.3894,276.1091,280.9543,285.9324,291.0489,296.3104,301.7253,307.3048,313.0615,319.0077,325.1527,331.5003,338.0469,344.7799,351.6769,358.7064,365.8292,250.6344999727066,372.9998116439121,1091.8803,56.3424,160.11549999999988,-32.04570000000001
358,358,358.0,358.0,358.0,358.0,358.0,358.0,358.0,358.0,358.0,358.0,358.0,358.0,358.0,358.0,358.0,358.0,358.0,358.0,358.0,358.0,358.0,358.0,358.0,358.0,,,,,,,,,,,,,,,,,,,,,,,,,,,0.8,255.7997,260.9644,266.1305,271.3042,276.4965,281.7235,287.0044,292.3601,297.8108,303.3748,309.0668,314.8976,320.8728,326.9935,333.2557,339.6504,346.1641,352.779,359.4734,366.2226,248.5695620528833,372.9996957548334,1148.2227,52.5489,103.77309999999989,-31.2765
359,359,359.0,359.0,359.0,359.0,359.0,359.0,359.0,359.0,359.0,359.0,359.0,359.0,359.0,359.0,359.0,359.0,359.0,359.0,359.0,359.0,359.0,359.0,359.0,359.0,,,,,,,,,,,,,,,,,,,,,,,,,,,0.9,254.1533,259.7302,265.296,270.8505,276.3988,281.9509,287.5208,293.1248,298.7799,304.5017,310.3035,316.195,322.1823,328.2673,334.448,340.7184,347.0694,353.4888,359.9616,366.4713,247.0026388444996,372.99992970930754,1200.7716,51.22419999999988,51.22419999999988,-31.04910000000001
360,360,360.0,360.0,360.0,360.0,360.0,360.0,360.0,360.0,360.0,360.0,360.0,360.0,360.0,360.0,360.0,360.0,360.0,360.0,360.0,360.0,360.0,360.0,360.0,,,,,,,,,,,,,,,,,,,,,,,,,,,,0.0,273.0,273.0,273.0,273.0,273.0,273.0,273.0,273.0,273.0,273.0,273.0,273.0,273.0,273.0,273.0,273.0,273.0,273.0,273.0,273.0,372.9990872492223,372.99985970027495,0.0,368.788,806.4819,10.824400000000026
361,361,361.0,361.0,361.0,361.0,361.0,361.0,361.0,361.0,361.0,361.0,361.0,361.0,361.0,361.0,361.0,361.0,361.0,361.0,361.0,361.0,361.0,361.0,361.0,,,,,,,,,,,,,,,,,,,,,,,,,,,,0.1,355.9575,339.6954,324.8868,312.0198,301.3572,292.9442,286.6545,282.2608,279.5107,278.1944,278.1944,279.5107,282.2609,286.6546,292.9443,301.3574,312.0201,324.8872,339.6959,355.9582,224.77818428793705,372.9999640318113,368.788,159.81179999999995,437.6939,10.824400000000026
362,362,362.0,362.0,362.0,362.0,362.0,362.0,362.0,362.0,362.0,362.0,362.0,362.0,362.0,362.0,362.0,362.0,362.0,362.0,362.0,362.0,362.0,362.0,362.0,,,,,,,,,,,,,,,,,,,,,,,,,,,,0.2,238.1176,250.6144,261.5682,270.5289,277.3483,282.1698,285.3677,287.4591,289.0125,290.5722,292.6073,295.4854,299.4669,304.7098,311.2798,319.1604,328.262,338.4298,349.4524,361.0725,322.14926720268346,372.99963748602926,528.5998,97.03360000000008,277.88210000000004,10.824400000000026
363,363,363.0,363.0,363.0,363.0,363.0,363.0,363.0,363.0,363.0,363.0,363.0,363.0,363.0,363.0,363.0,363.0,363.0,363.0,363.0,363.0,363.0,363.0,363.0,,,,,,,,,,,,,,,,,,,,,,,,,,,,0.3,314.2737,306.9548,300.6678,295.7471,292.3595,290.5154,290.1084,290.9684,292.9133,295.7867,299.4782,303.9246,309.0992,314.994,321.6015,328.8987,336.8371,345.3379,354.2919,363.5638,339.6767161271987,372.6514086747014,625.6334,32.150499999999965,180.8485,10.824400000000026
364,364,364.0,364.0,364.0,364.0,364.0,364.0,364.0,364.0,364.0,364.0,364.0,364.0,364.0,364.0,364.0,364.0,364.0,364.0,364.0,364.0,364.0,364.0,364.0,,,,,,,,,,,,,,,,,,,,,,,,,,,,0.4,332.3621,325.391,319.0759,313.6742,309.3722,306.2816,304.4454,303.8512,304.4466,306.1545,308.8859,312.5484,317.0505,322.3034,328.2204,334.7148,341.6987,349.081,356.7668,364.6575,372.99545731414497,372.9999398688688,657.7839,32.02279999999996,148.69799999999998,10.824400000000026
365,365,365.0,365.0,365.0,365.0,365.0,365.0,365.0,365.0,365.0,365.0,365.0,365.0,365.0,365.0,365.0,365.0,365.0,365.0,365.0,365.0,365.0,365.0,365.0,,,,,,,,,,,,,,,,,,,,,,,,,,,,0.5,362.6156,352.6714,343.5549,335.5806,328.9652,323.8244,320.185,318.004,317.1926,317.6367,319.2129,321.7989,325.2783,329.5419,334.4863,340.0127,346.0244,352.4256,359.1201,366.0108,173.00056921157366,372.9988774241191,689.8067,33.60019999999997,116.67520000000002,10.824400000000026
366,366,366.0,366.0,366.0,366.0,366.0,366.0,366.0,366.0,366.0,366.0,366.0,366.0,366.0,366.0,366.0,366.0,366.0,366.0,366.0,366.0,366.0,366.0,366.0,,,,,,,,,,,,,,,,,,,,,,,,,,,,0.6,199.914,225.4824,248.5635,268.3725,284.558,297.1887,306.67,313.6194,318.7364,322.6943,326.0674,329.2967,332.686,336.4177,340.5783,345.184,350.2043,355.5785,361.2284,367.0662,372.9992572997762,372.999842258173,723.4069,17.523700000000076,83.07500000000005,10.824400000000026
367,367,367.0,367.0,367.0,367.0,367.0,367.0,367.0,367.0,367.0,367.0,367.0,367.0,367.0,367.0,367.0,367.0,367.0,367.0,367.0,367.0,367.0,367.0,367.0,,,,,,,,,,,,,,,,,,,,,,,,,,,,0.7,357.7354,343.6082,331.5753,322.2798,315.9901,312.6191,311.8071,313.0379,315.7551,319.4533,323.7325,328.3159,333.0398,337.828,342.6604,347.5454,352.4988,357.5301,362.6365,367.802,173.00073680293838,372.9999343473937,740.9306,21.362999999999943,65.55129999999997,10.824400000000026
368,368,368.0,368.0,368.0,368.0,368.0,368.0,368.0,368.0,368.0,368.0,368.0,368.0,368.0,368.0,368.0,368.0,368.0,368.0,368.0,368.0,368.0,368.0,368.0,,,,,,,,,,,,,,,,,,,,,,,,,,,,0.8,198.5705,222.9347,245.0738,264.2945,280.2957,293.1514,303.2293,311.0727,317.282,322.4187,326.9454,331.2028,335.4135,339.7032,344.1276,348.6976,353.3996,358.2086,363.0965,368.0357,372.9997677303605,372.999759626941,762.2936,23.156200000000013,44.18830000000003,10.824400000000026
369,369,369.0,369.0,369.0,369.0,369.0,369.0,369.0,369.0,369.0,369.0,369.0,369.0,369.0,369.0,369.0,369.0,369.0,369.0,369.0,369.0,369.0,369.0,369.0,,,,,,,,,,,,,,,,,,,,,,,,,,,,0.9,357.266,342.7122,330.335,320.8086,314.4211,311.0926,310.4572,311.9805,315.0775,319.207,323.9298,328.9295,334.0068,339.0559,344.0361,348.9454,353.7994,358.618,363.4179,368.21,173.0003982404881,372.9999534278457,785.4498,21.03210000000001,21.03210000000001,10.824400000000026
370,370,370.0,370.0,370.0,370.0,370.0,370.0,370.0,370.0,370.0,370.0,370.0,370.0,370.0,370.0,370.0,370.0,370.0,370.0,370.0,370.0,370.0,370.0,370.0,,,,,,,,,,,,,,,,,,,,,,,,,,,,0.0,273.0,273.0,273.0,273.0,273.0,273.0,273.0,273.0,273.0,273.0,273.0,273.0,273.0,273.0,273.0,273.0,273.0,273.0,273.0,273.0,372.9997379637905,372.9998604832254,0.0,368.7879,806.5139,10.82850000000002
371,371,371.0,371.0,371.0,371.0,371.0,371.0,371.0,371.0,371.0,371.0,371.0,371.0,371.0,371.0,371.0,371.0,371.0,371.0,371.0,371.0,371.0,371.0,371.0,,,,,,,,,,,,,,,,,,,,,,,,,,,,0.1,355.9581,339.6959,324.8872,312.0201,301.3574,292.9443,286.6546,282.2609,279.5107,278.1944,278.1944,279.5107,282.2609,286.6546,292.9443,301.3574,312.0201,324.8872,339.6959,355.9582,224.77818048890376,372.99992830150666,368.7879,159.8114,437.72600000000006,10.82850000000002
372,372,372.0,372.0,372.0,372.0,372.0,372.0,372.0,372.0,372.0,372.0,372.0,372.0,372.0,372.0,372.0,372.0,372.0,372.0,372.0,372.0,372.0,372.0,372.0,,,,,,,,,,,,,,,,,,,,,,,,,,,,0.2,238.1176,250.6144,261.5682,270.529,277.3484,282.1699,285.3678,287.4592,289.0126,290.5723,292.6073,295.4854,299.4669,304.7098,311.2798,319.1604,328.262,338.4298,349.4524,361.0725,322.1494085838752,372.9998719418506,528.5993,97.03320000000008,277.91460000000006,10.82850000000002
373,373,373.0,373.0,373.0,373.0,373.0,373.0,373.0,373.0,373.0,373.0,373.0,373.0,373.0,373.0,373.0,373.0,373.0,373.0,373.0,373.0,373.0,373.0,373.0,,,,,,,,,,,,,,,,,,,,,,,,,,,,0.3,314.2739,306.9549,300.6679,295.7472,292.3596,290.5155,290.1085,290.9685,292.9133,295.7868,299.4783,303.9247,309.0992,314.9941,321.6015,328.8988,336.8372,345.3381,354.2921,363.564,339.7167090730026,372.5351348215133,625.6325,32.154199999999946,180.8814,10.82850000000002
374,374,374.0,374.0,374.0,374.0,374.0,374.0,374.0,374.0,374.0,374.0,374.0,374.0,374.0,374.0,374.0,374.0,374.0,374.0,374.0,374.0,374.0,374.0,374.0,,,,,,,,,,,,,,,,,,,,,,,,,,,,0.4,332.3953,325.4177,319.0967,313.6898,309.3835,306.2894,304.4505,303.8541,304.4476,306.1536,308.8829,312.5426,317.0407,322.2881,328.1975,334.682,341.6535,349.0208,356.6893,364.5611,372.99545731414497,372.9999398688688,657.7867,32.065399999999954,148.72720000000004,10.82850000000002
375,375,375.0,375.0,375.0,375.0,375.0,375.0,375.0,375.0,375.0,375.0,375.0,375.0,375.0,375.0,375.0,375.0,375.0,375.0,375.0,375.0,375.0,375.0,375.0,,,,,,,,,,,,,,,,,,,,,,,,,,,,0.5,362.6174,352.6747,343.5594,335.5857,328.9701,323.8285,320.1876,318.0046,317.1906,317.6317,319.2048,321.7876,325.2641,329.5252,334.4681,339.9942,346.007,352.4108,359.1093,366.0051,173.0001352162294,372.9995411752508,689.8521,33.60630000000003,116.66180000000008,10.82850000000002
376,376,376.0,376.0,376.0,376.0,376.0,376.0,376.0,376.0,376.0,376.0,376.0,376.0,376.0,376.0,376.0,376.0,376.0,376.0,376.0,376.0,376.0,376.0,376.0,,,,,,,,,,,,,,,,,,,,,,,,,,,,0.6,199.9139,225.4826,248.5638,268.3727,284.5578,297.1879,306.6683,313.6165,318.7323,322.6888,326.0606,329.2888,332.6772,336.4084,340.569,345.1753,350.1966,355.5724,361.2243,367.0644,372.99963456498045,372.99992977084014,723.4584,17.518100000000004,83.05550000000005,10.82850000000002
377,377,377.0,377.0,377.0,377.0,377.0,377.0,377.0,377.0,377.0,377.0,377.0,377.0,377.0,377.0,377.0,377.0,377.0,377.0,377.0,377.0,377.0,377.0,377.0,,,,,,,,,,,,,,,,,,,,,,,,,,,,0.7,357.7354,343.6079,331.5746,322.2786,315.9884,312.6169,311.8042,313.0344,315.751,319.4486,323.7273,328.3103,333.0341,337.8223,342.6549,347.5404,352.4945,357.5267,362.6342,367.8008,173.00073680293838,372.9999343473917,740.9765,21.355500000000006,65.53740000000005,10.82850000000002
378,378,378.0,378.0,378.0,378.0,378.0,378.0,378.0,378.0,378.0,378.0,378.0,378.0,378.0,378.0,378.0,378.0,378.0,378.0,378.0,378.0,378.0,378.0,378.0,,,,,,,,,,,,,,,,,,,,,,,,,,,,0.8,198.5701,222.934,245.0726,264.2929,280.2937,293.1491,303.2265,311.0696,317.2785,322.4149,326.9415,331.1988,335.4095,339.6993,344.1239,348.6944,353.3968,358.2064,363.095,368.0349,372.9994873667466,372.9999330962742,762.332,23.154700000000048,44.18190000000004,10.82850000000002
379,379,379.0,379.0,379.0,379.0,379.0,379.0,379.0,379.0,379.0,379.0,379.0,379.0,379.0,379.0,379.0,379.0,379.0,379.0,379.0,379.0,379.0,379.0,379.0,,,,,,,,,,,,,,,,,,,,,,,,,,,,0.9,357.2654,342.7113,330.3338,320.807,314.4192,311.0904,310.4548,311.9778,315.0746,319.204,323.9267,328.9265,334.0039,339.0531,344.0336,348.9431,353.7975,358.6166,363.417,368.2096,173.00024254411773,372.9997852444169,785.4867,21.0272,21.0272,10.82850000000002
380,380,380.0,380.0,380.0,380.0,380.0,380.0,380.0,380.0,380.0,380.0,380.0,380.0,380.0,380.0,380.0,380.0,380.0,380.0,380.0,380.0,380.0,380.0,380.0,,,,,,,,,,,,,,,,,,,,,,,,,,,,0.0,273.0,273.0,273.0,273.0,273.0,273.0,273.0,273.0,273.0,273.0,273.0,273.0,273.0,273.0,273.0,273.0,273.0,273.0,273.0,273.0,372.9997379637905,372.9998604832252,0.0,368.7879,806.4033,10.814799999999993
381,381,381.0,381.0,381.0,381.0,381.0,381.0,381.0,381.0,381.0,381.0,381.0,381.0,381.0,381.0,381.0,381.0,381.0,381.0,381.0,381.0,381.0,381.0,381.0,,,,,,,,,,,,,,,,,,,,,,,,,,,,0.1,355.9581,339.6959,324.8872,312.0201,301.3574,292.9443,286.6546,282.2609,279.5107,278.1944,278.1944,279.5107,282.2609,286.6546,292.9443,301.3574,312.0201,324.8872,339.6959,355.9582,224.7785661791669,372.99991796630223,368.7879,159.81130000000002,437.6154,10.814799999999993
382,382,382.0,382.0,382.0,382.0,382.0,382.0,382.0,382.0,382.0,382.0,382.0,382.0,382.0,382.0,382.0,382.0,382.0,382.0,382.0,382.0,382.0,382.0,382.0,,,,,,,,,,,,,,,,,,,,,,,,,,,,0.2,238.1179,250.6147,261.5684,270.5291,277.3485,282.17,285.3679,287.4592,289.0126,290.5723,292.6073,295.4854,299.4669,304.7098,311.2798,319.1604,328.262,338.4298,349.4524,361.0725,322.1499621336594,372.9998398129389,528.5992,97.03269999999998,277.80409999999995,10.814799999999993
383,383,383.0,383.0,383.0,383.0,383.0,383.0,383.0,383.0,383.0,383.0,383.0,383.0,383.0,383.0,383.0,383.0,383.0,383.0,383.0,383.0,383.0,383.0,383.0,,,,,,,,,,,,,,,,,,,,,,,,,,,,0.3,314.2743,306.9553,300.6683,295.7475,292.3598,290.5156,290.1086,290.9686,292.9134,295.7868,299.4783,303.9247,309.0993,314.9941,321.6015,328.8987,336.8372,345.3381,354.292,363.564,339.5797699727781,372.9342819704276,625.6319,32.140300000000025,180.7714,10.814799999999993
384,384,384.0,384.0,384.0,384.0,384.0,384.0,384.0,384.0,384.0,384.0,384.0,384.0,384.0,384.0,384.0,384.0,384.0,384.0,384.0,384.0,384.0,384.0,384.0,,,,,,,,,,,,,,,,,,,,,,,,,,,,0.4,332.2818,325.3264,319.0259,313.6367,309.3452,306.263,304.4335,303.8447,304.4445,306.1569,308.8935,312.5629,317.0746,322.341,328.2763,334.7948,341.809,349.2278,356.9555,364.8922,372.99545731414497,372.9999398688688,657.7722,31.920100000000048,148.63109999999995,10.814799999999993
385,385,385.0,385.0,385.0,385.0,385.0,385.0,385.0,385.0,385.0,385.0,385.0,385.0,385.0,385.0,385.0,385.0,385.0,385.0,385.0,385.0,385.0,385.0,385.0,,,,,,,,,,,,,,,,,,,,,,,,,,,,0.5,362.6112,352.6633,343.5441,335.5686,328.9535,323.8148,320.179,318.003,317.1978,317.649,319.2328,321.8266,325.3132,329.5826,334.5307,340.0578,346.0669,352.4617,359.1464,366.0247,173.00010109950563,372.9995554487051,689.6923,33.5865,116.7109999999999,10.814799999999993
386,386,386.0,386.0,386.0,386.0,386.0,386.0,386.0,386.0,386.0,386.0,386.0,386.0,386.0,386.0,386.0,386.0,386.0,386.0,386.0,386.0,386.0,386.0,386.0,,,,,,,,,,,,,,,,,,,,,,,,,,,,0.6,199.913,225.481,248.562,268.3716,284.5581,297.1906,306.6742,313.6265,318.7467,322.708,326.0843,329.3164,332.7078,336.4408,340.6014,345.2061,350.224,355.5946,361.24,367.0725,372.9996392750381,372.9999092166365,723.2788,17.53819999999996,83.1244999999999,10.814799999999993
387,387,387.0,387.0,387.0,387.0,387.0,387.0,387.0,387.0,387.0,387.0,387.0,387.0,387.0,387.0,387.0,387.0,387.0,387.0,387.0,387.0,387.0,387.0,387.0,,,,,,,,,,,,,,,,,,,,,,,,,,,,0.7,357.7363,343.6098,331.5776,322.283,315.9945,312.6248,311.8142,313.0466,315.7653,319.465,323.7454,328.3297,333.0542,337.8423,342.6742,347.5581,352.5098,357.5389,362.6426,367.8051,173.00073680293838,372.9999343473943,740.817,21.38210000000004,65.58629999999994,10.814799999999993
388,388,388.0,388.0,388.0,388.0,388.0,388.0,388.0,388.0,388.0,388.0,388.0,388.0,388.0,388.0,388.0,388.0,388.0,388.0,388.0,388.0,388.0,388.0,388.0,,,,,,,,,,,,,,,,,,,,,,,,,,,,0.8,198.5715,222.9367,245.0768,264.2985,280.3007,293.1576,303.2364,311.0807,317.2909,322.4282,326.9554,331.213,335.4237,339.713,344.1368,348.7059,353.4066,358.2141,363.1003,368.0376,372.9993676470146,372.9997574436091,762.1991,23.159999999999968,44.2041999999999,10.814799999999993
389,389,389.0,389.0,389.0,389.0,389.0,389.0,389.0,389.0,389.0,389.0,389.0,389.0,389.0,389.0,389.0,389.0,389.0,389.0,389.0,389.0,389.0,389.0,389.0,,,,,,,,,,,,,,,,,,,,,,,,,,,,0.9,357.2666,342.7139,330.3377,320.8122,314.4256,311.0979,310.4633,311.9872,315.0847,319.2146,323.9375,328.9373,334.0144,339.0631,344.0427,348.9512,353.8042,358.6218,363.4205,368.2113,173.0003310797052,372.9999592215464,785.3591,21.044199999999933,21.044199999999933,10.814799999999993
390,390,390.0,390.0,390.0,390.0,390.0,390.0,390.0,390.0,390.0,390.0,390.0,390.0,390.0,390.0,390.0,390.0,390.0,390.0,390.0,390.0,390.0,390.0,390.0,,,,,,,,,,,,,,,,,,,,,,,,,,,,0.0,273.0,273.0,273.0,273.0,273.0,273.0,273.0,273.0,273.0,273.0,273.0,273.0,273.0,273.0,273.0,273.0,273.0,273.0,273.0,273.0,372.9997379637905,372.9998604832252,0.0,368.7879,806.4418,10.819500000000003
391,391,391.0,391.0,391.0,391.0,391.0,391.0,391.0,391.0,391.0,391.0,391.0,391.0,391.0,391.0,391.0,391.0,391.0,391.0,391.0,391.0,391.0,391.0,391.0,,,,,,,,,,,,,,,,,,,,,,,,,,,,0.1,355.9581,339.6959,324.8872,312.0201,301.3574,292.9443,286.6546,282.2609,279.5107,278.1944,278.1944,279.5107,282.2609,286.6546,292.9443,301.3574,312.0201,324.8872,339.6959,355.9582,224.77838104619644,372.9997178313211,368.7879,159.8114,437.6539,10.819500000000003
392,392,392.0,392.0,392.0,392.0,392.0,392.0,392.0,392.0,392.0,392.0,392.0,392.0,392.0,392.0,392.0,392.0,392.0,392.0,392.0,392.0,392.0,392.0,392.0,,,,,,,,,,,,,,,,,,,,,,,,,,,,0.2,238.1178,250.6146,261.5683,270.529,277.3485,282.17,285.3678,287.4592,289.0126,290.5723,292.6073,295.4854,299.4669,304.7098,311.2798,319.1604,328.2619,338.4297,349.4522,361.0723,322.1481624289639,372.99964330379225,528.5993,97.03340000000004,277.8425,10.819500000000003
393,393,393.0,393.0,393.0,393.0,393.0,393.0,393.0,393.0,393.0,393.0,393.0,393.0,393.0,393.0,393.0,393.0,393.0,393.0,393.0,393.0,393.0,393.0,393.0,,,,,,,,,,,,,,,,,,,,,,,,,,,,0.3,314.2728,306.9541,300.6673,295.7467,292.3592,290.5152,290.1083,290.9684,292.9133,295.7867,299.4782,303.9246,309.0992,314.994,321.6015,328.8987,336.8371,345.3379,354.2919,363.5638,339.6282689671607,372.7924900160885,625.6327,32.14580000000001,180.8091,10.819500000000003
394,394,394.0,394.0,394.0,394.0,394.0,394.0,394.0,394.0,394.0,394.0,394.0,394.0,394.0,394.0,394.0,394.0,394.0,394.0,394.0,394.0,394.0,394.0,394.0,,,,,,,,,,,,,,,,,,,,,,,,,,,,0.4,332.3219,325.3586,319.0507,313.6553,309.3585,306.272,304.4393,303.8478,304.4454,306.1555,308.8896,312.5555,317.0625,322.3221,328.2482,334.7547,341.7537,349.1542,356.8609,364.7745,372.99545731414497,372.9999398688688,657.7785,31.97119999999996,148.66329999999994,10.819500000000003
395,395,395.0,395.0,395.0,395.0,395.0,395.0,395.0,395.0,395.0,395.0,395.0,395.0,395.0,395.0,395.0,395.0,395.0,395.0,395.0,395.0,395.0,395.0,395.0,,,,,,,,,,,,,,,,,,,,,,,,,,,,0.5,362.6134,352.6672,343.5494,335.5745,328.9592,323.8195,320.1818,318.0034,317.1951,317.6427,319.2227,321.8126,325.2956,329.5621,334.5083,340.0351,346.0455,352.4436,359.1332,366.0177,173.00140873952293,372.9992710691632,689.7497,33.59310000000005,116.69209999999998,10.819500000000003
396,396,396.0,396.0,396.0,396.0,396.0,396.0,396.0,396.0,396.0,396.0,396.0,396.0,396.0,396.0,396.0,396.0,396.0,396.0,396.0,396.0,396.0,396.0,396.0,,,,,,,,,,,,,,,,,,,,,,,,,,,,0.6,199.9144,225.4824,248.5633,268.3724,284.5583,297.1897,306.6721,313.6229,318.7415,322.7011,326.0758,329.3065,332.6968,336.4291,340.5898,345.195,350.2141,355.5865,361.2342,367.0694,372.99938951636426,372.9995163142898,723.3428,17.530599999999936,83.09899999999993,10.819500000000003
397,397,397.0,397.0,397.0,397.0,397.0,397.0,397.0,397.0,397.0,397.0,397.0,397.0,397.0,397.0,397.0,397.0,397.0,397.0,397.0,397.0,397.0,397.0,397.0,,,,,,,,,,,,,,,,,,,,,,,,,,,,0.7,357.7358,343.6091,331.5765,322.2815,315.9924,312.622,311.8107,313.0423,315.7603,319.4592,323.7389,328.3227,333.0469,337.8351,342.6672,347.5516,352.5041,357.5343,362.6393,367.8033,173.0007466988677,372.9997185701024,740.8734,21.37250000000006,65.5684,10.819500000000003
398,398,398.0,398.0,398.0,398.0,398.0,398.0,398.0,398.0,398.0,398.0,398.0,398.0,398.0,398.0,398.0,398.0,398.0,398.0,398.0,398.0,398.0,398.0,398.0,,,,,,,,,,,,,,,,,,,,,,,,,,,,0.8,198.571,222.9357,245.0753,264.2966,280.2982,293.1545,303.2329,311.0767,317.2864,322.4234,326.9504,331.2079,335.4185,339.708,344.1321,348.7016,353.4029,358.2112,363.0982,368.0365,372.99919353961167,372.999912265476,762.2459,23.15790000000004,44.19589999999994,10.819500000000003
399,399,399.0,399.0,399.0,399.0,399.0,399.0,399.0,399.0,399.0,399.0,399.0,399.0,399.0,399.0,399.0,399.0,399.0,399.0,399.0,399.0,399.0,399.0,399.0,,,,,,,,,,,,,,,,,,,,,,,,,,,,0.9,357.266,342.7128,330.3362,320.8102,314.4233,311.0952,310.4602,311.9838,315.081,319.2108,323.9336,328.9334,334.0106,339.0594,344.0394,348.9483,353.8018,358.6199,363.4193,368.2108,173.0007053455771,372.9999335625205,785.4038,21.037999999999897,21.037999999999897,10.819500000000003
400,400,400.0,400.0,400.0,400.0,400.0,400.0,400.0,400.0,400.0,400.0,400.0,400.0,400.0,400.0,400.0,400.0,400.0,400.0,400.0,400.0,400.0,400.0,400.0,,,,,,,,,,,,,,,,,,,,,,,,,,,,0.0,273.0,273.0,273.0,273.0,273.0,273.0,273.0,273.0,273.0,273.0,273.0,273.0,273.0,273.0,273.0,273.0,273.0,273.0,273.0,273.0,372.9997379637905,372.9998604832252,0.0,368.7879,806.4264,10.817700000000002
401,401,401.0,401.0,401.0,401.0,401.0,401.0,401.0,401.0,401.0,401.0,401.0,401.0,401.0,401.0,401.0,401.0,401.0,401.0,401.0,401.0,401.0,401.0,401.0,,,,,,,,,,,,,,,,,,,,,,,,,,,,0.1,355.9581,339.6959,324.8872,312.0201,301.3574,292.9443,286.6546,282.2609,279.5107,278.1944,278.1944,279.5107,282.2609,286.6546,292.9443,301.3574,312.0201,324.8872,339.6959,355.9582,224.77822119298247,372.9999338043924,368.7879,159.8114,437.6385,10.817700000000002
402,402,402.0,402.0,402.0,402.0,402.0,402.0,402.0,402.0,402.0,402.0,402.0,402.0,402.0,402.0,402.0,402.0,402.0,402.0,402.0,402.0,402.0,402.0,402.0,,,,,,,,,,,,,,,,,,,,,,,,,,,,0.2,238.1176,250.6145,261.5683,270.529,277.3484,282.1699,285.3678,287.4592,289.0126,290.5723,292.6073,295.4854,299.4669,304.7098,311.2798,319.1604,328.262,338.4298,349.4524,361.0725,322.1494921537698,372.9998176065185,528.5993,97.0331,277.8271,10.817700000000002
403,403,403.0,403.0,403.0,403.0,403.0,403.0,403.0,403.0,403.0,403.0,403.0,403.0,403.0,403.0,403.0,403.0,403.0,403.0,403.0,403.0,403.0,403.0,403.0,,,,,,,,,,,,,,,,,,,,,,,,,,,,0.3,314.2739,306.9549,300.668,295.7472,292.3596,290.5155,290.1085,290.9685,292.9133,295.7868,299.4783,303.9247,309.0992,314.9941,321.6015,328.8987,336.8372,345.338,354.292,363.564,339.60945270845275,372.8478261896691,625.6324,32.14350000000002,180.794,10.817700000000002
404,404,404.0,404.0,404.0,404.0,404.0,404.0,404.0,404.0,404.0,404.0,404.0,404.0,404.0,404.0,404.0,404.0,404.0,404.0,404.0,404.0,404.0,404.0,404.0,,,,,,,,,,,,,,,,,,,,,,,,,,,,0.4,332.3064,325.3462,319.0412,313.6481,309.3534,306.2686,304.4371,303.8466,304.4451,306.1561,308.8912,312.5584,317.0672,322.3295,328.2592,334.7704,341.7753,349.183,356.8979,364.8205,372.99545731414497,372.9999398688688,657.7759,31.951400000000035,148.65049999999997,10.817700000000002
405,405,405.0,405.0,405.0,405.0,405.0,405.0,405.0,405.0,405.0,405.0,405.0,405.0,405.0,405.0,405.0,405.0,405.0,405.0,405.0,405.0,405.0,405.0,405.0,,,,,,,,,,,,,,,,,,,,,,,,,,,,0.5,362.6125,352.6657,343.5474,335.5723,328.9571,323.8177,320.1808,318.0033,317.1962,317.6452,319.2267,321.8181,325.3025,329.5701,334.5171,340.044,346.0539,352.4506,359.1383,366.0204,173.00024969229213,372.99887209565134,689.7273,33.590599999999995,116.69909999999992,10.817700000000002
406,406,406.0,406.0,406.0,406.0,406.0,406.0,406.0,406.0,406.0,406.0,406.0,406.0,406.0,406.0,406.0,406.0,406.0,406.0,406.0,406.0,406.0,406.0,406.0,,,,,,,,,,,,,,,,,,,,,,,,,,,,0.6,199.9133,225.4814,248.5625,268.3719,284.5581,297.19,306.6729,313.6243,318.7436,322.7038,326.0791,329.3104,332.7011,336.4337,340.5942,345.1992,350.2178,355.5894,361.2361,367.0702,372.99940391390135,372.9994755688962,723.3179,17.533500000000004,83.10849999999994,10.817700000000002
407,407,407.0,407.0,407.0,407.0,407.0,407.0,407.0,407.0,407.0,407.0,407.0,407.0,407.0,407.0,407.0,407.0,407.0,407.0,407.0,407.0,407.0,407.0,407.0,,,,,,,,,,,,,,,,,,,,,,,,,,,,0.7,357.7359,343.6093,331.5768,322.282,315.9931,312.623,311.812,313.0439,315.7622,319.4614,323.7414,328.3254,333.0497,337.8378,342.6698,347.554,352.5062,357.5359,362.6404,367.8038,173.00073680293838,372.9999343473915,740.8514,21.37609999999995,65.57499999999993,10.817700000000002
408,408,408.0,408.0,408.0,408.0,408.0,408.0,408.0,408.0,408.0,408.0,408.0,408.0,408.0,408.0,408.0,408.0,408.0,408.0,408.0,408.0,408.0,408.0,408.0,,,,,,,,,,,,,,,,,,,,,,,,,,,,0.8,198.5712,222.9361,245.0758,264.2973,280.2991,293.1556,303.2342,311.0782,317.2881,322.4252,326.9523,331.2098,335.4205,339.7099,344.1338,348.7032,353.4043,358.2123,363.0991,368.037,372.9993810623718,372.9998533178714,762.2275,23.158700000000067,44.19889999999998,10.817700000000002
409,409,409.0,409.0,409.0,409.0,409.0,409.0,409.0,409.0,409.0,409.0,409.0,409.0,409.0,409.0,409.0,409.0,409.0,409.0,409.0,409.0,409.0,409.0,409.0,,,,,,,,,,,,,,,,,,,,,,,,,,,,0.9,357.2663,342.7133,330.3368,320.811,314.4242,311.0962,310.4614,311.9851,315.0824,319.2122,323.9351,328.9348,334.012,339.0608,344.0406,348.9494,353.8027,358.6206,363.4198,368.211,173.00144277837555,372.9994846738985,785.3862,21.04019999999992,21.04019999999992,10.817700000000002
410,410,410.0,410.0,410.0,410.0,410.0,410.0,410.0,410.0,410.0,410.0,410.0,410.0,410.0,410.0,410.0,410.0,410.0,410.0,410.0,410.0,410.0,410.0,410.0,,,,,,,,,,,,,,,,,,,,,,,,,,,,0.0,273.0,273.0,273.0,273.0,273.0,273.0,273.0,273.0,273.0,273.0,273.0,273.0,273.0,273.0,273.0,273.0,273.0,273.0,273.0,273.0,372.9997379637905,372.9998604832252,0.0,368.7879,806.4475,10.820100000000023
411,411,411.0,411.0,411.0,411.0,411.0,411.0,411.0,411.0,411.0,411.0,411.0,411.0,411.0,411.0,411.0,411.0,411.0,411.0,411.0,411.0,411.0,411.0,411.0,,,,,,,,,,,,,,,,,,,,,,,,,,,,0.1,355.9581,339.6959,324.8872,312.0201,301.3574,292.9443,286.6546,282.2609,279.5107,278.1944,278.1944,279.5107,282.2609,286.6546,292.9443,301.3574,312.0201,324.8872,339.6959,355.9582,224.77841658908872,372.99976526608265,368.7879,159.8114,437.6596,10.820100000000023
412,412,412.0,412.0,412.0,412.0,412.0,412.0,412.0,412.0,412.0,412.0,412.0,412.0,412.0,412.0,412.0,412.0,412.0,412.0,412.0,412.0,412.0,412.0,412.0,,,,,,,,,,,,,,,,,,,,,,,,,,,,0.2,238.1178,250.6146,261.5684,270.529,277.3485,282.17,285.3679,287.4592,289.0126,290.5723,292.6073,295.4854,299.4669,304.7098,311.2798,319.1604,328.2619,338.4297,349.4523,361.0723,322.14855099681824,372.9992565861526,528.5993,97.03330000000004,277.8482,10.820100000000023
413,413,413.0,413.0,413.0,413.0,413.0,413.0,413.0,413.0,413.0,413.0,413.0,413.0,413.0,413.0,413.0,413.0,413.0,413.0,413.0,413.0,413.0,413.0,413.0,,,,,,,,,,,,,,,,,,,,,,,,,,,,0.3,314.2732,306.9543,300.6675,295.7469,292.3594,290.5153,290.1084,290.9684,292.9133,295.7868,299.4783,303.9246,309.0992,314.994,321.6014,328.8986,336.837,345.3377,354.2916,363.5635,339.6342716180739,372.7752363314036,625.6326,32.146499999999946,180.8149,10.820100000000023
414,414,414.0,414.0,414.0,414.0,414.0,414.0,414.0,414.0,414.0,414.0,414.0,414.0,414.0,414.0,414.0,414.0,414.0,414.0,414.0,414.0,414.0,414.0,414.0,,,,,,,,,,,,,,,,,,,,,,,,,,,,0.4,332.3269,325.3626,319.0539,313.6577,309.3602,306.2733,304.4401,303.8482,304.4456,306.1554,308.8891,312.5546,317.061,322.3198,328.2448,334.7498,341.7469,349.1452,356.8494,364.7602,372.99545731414497,372.9999398688688,657.7791,31.97760000000005,148.66840000000002,10.820100000000023
415,415,415.0,415.0,415.0,415.0,415.0,415.0,415.0,415.0,415.0,415.0,415.0,415.0,415.0,415.0,415.0,415.0,415.0,415.0,415.0,415.0,415.0,415.0,415.0,,,,,,,,,,,,,,,,,,,,,,,,,,,,0.5,362.6136,352.6678,343.5501,335.5753,328.96,323.8201,320.1822,318.0035,317.1948,317.6419,319.2215,321.8109,325.2935,329.5596,334.5056,340.0324,346.0429,352.4413,359.1316,366.0169,173.00066098281752,372.9997449713457,689.7567,33.59399999999994,116.69079999999995,10.820100000000023
416,416,416.0,416.0,416.0,416.0,416.0,416.0,416.0,416.0,416.0,416.0,416.0,416.0,416.0,416.0,416.0,416.0,416.0,416.0,416.0,416.0,416.0,416.0,416.0,,,,,,,,,,,,,,,,,,,,,,,,,,,,0.6,199.9138,225.482,248.563,268.3722,284.5581,297.1895,306.6718,313.6224,318.7409,322.7002,326.0748,329.3053,332.6955,336.4278,340.5884,345.1938,350.2131,355.5858,361.2338,367.0694,372.99971856632055,372.9996802842551,723.3507,17.53010000000006,83.09680000000003,10.820100000000023
417,417,417.0,417.0,417.0,417.0,417.0,417.0,417.0,417.0,417.0,417.0,417.0,417.0,417.0,417.0,417.0,417.0,417.0,417.0,417.0,417.0,417.0,417.0,417.0,,,,,,,,,,,,,,,,,,,,,,,,,,,,0.7,357.736,343.6091,331.5765,322.2813,315.9921,312.6217,311.8103,313.0417,315.7596,319.4584,323.7382,328.3219,333.0461,337.8343,342.6664,347.551,352.5036,357.5339,362.6391,367.8032,173.00061800493648,372.99981168258137,740.8808,21.3714,65.56669999999997,10.820100000000023
418,418,418.0,418.0,418.0,418.0,418.0,418.0,418.0,418.0,418.0,418.0,418.0,418.0,418.0,418.0,418.0,418.0,418.0,418.0,418.0,418.0,418.0,418.0,418.0,,,,,,,,,,,,,,,,,,,,,,,,,,,,0.8,198.5708,222.9355,245.0751,264.2963,280.2979,293.1541,303.2325,311.0763,317.2859,322.4228,326.9498,331.2073,335.418,339.7075,344.1316,348.7012,353.4026,358.2109,363.0981,368.0364,372.9996733232355,372.9998925019,762.2522,23.15790000000004,44.195299999999975,10.820100000000023
419,419,419.0,419.0,419.0,419.0,419.0,419.0,419.0,419.0,419.0,419.0,419.0,419.0,419.0,419.0,419.0,419.0,419.0,419.0,419.0,419.0,419.0,419.0,419.0,,,,,,,,,,,,,,,,,,,,,,,,,,,,0.9,357.2663,342.713,330.3362,320.8102,314.4231,311.0949,310.4599,311.9834,315.0806,319.2103,323.9332,328.9329,334.0101,339.0591,344.039,348.9479,353.8015,358.6197,363.4191,368.2107,173.0004311710524,372.99985073024914,785.4101,21.03739999999993,21.03739999999993,10.820100000000023
420,420,420.0,420.0,420.0,420.0,420.0,420.0,420.0,420.0,420.0,420.0,420.0,420.0,420.0,420.0,420.0,420.0,420.0,420.0,420.0,420.0,420.0,420.0,,,,,,,,,,,,,,,,,,,,,,,,,,,,,0.0,273.0,273.0,273.0,273.0,273.0,273.0,273.0,273.0,273.0,273.0,273.0,273.0,273.0,273.0,273.0,273.0,273.0,273.0,273.0,273.0,372.9997593977533,372.9999335625205,0.0,368.7879,1535.3141,-40.0
421,421,421.0,421.0,421.0,421.0,421.0,421.0,421.0,421.0,421.0,421.0,421.0,421.0,421.0,421.0,421.0,421.0,421.0,421.0,421.0,421.0,421.0,421.0,,,,,,,,,,,,,,,,,,,,,,,,,,,,,0.1,355.9581,339.6959,324.8872,312.0201,301.3574,292.9443,286.6546,282.2609,279.5107,278.1944,278.1944,279.5107,282.2609,286.6547,292.9443,301.3574,312.0201,324.8873,339.696,355.9582,341.0695790961116,273.00069521068707,368.7879,175.13140000000004,1166.5262,-20.0557
422,422,422.0,422.0,422.0,422.0,422.0,422.0,422.0,422.0,422.0,422.0,422.0,422.0,422.0,422.0,422.0,422.0,422.0,422.0,422.0,422.0,422.0,422.0,,,,,,,,,,,,,,,,,,,,,,,,,,,,,0.2,334.5856,328.1615,321.8746,315.8307,310.1653,305.0338,300.5925,296.9746,294.2656,292.4802,291.5456,291.2931,291.4603,291.71,291.6655,290.9637,289.3175,286.5769,282.7714,278.1201,211.88760307187243,328.45992439169174,543.9193,169.09709999999995,991.3948,-7.966200000000015
423,423,423.0,423.0,423.0,423.0,423.0,423.0,423.0,423.0,423.0,423.0,423.0,423.0,423.0,423.0,423.0,423.0,423.0,423.0,423.0,423.0,423.0,423.0,,,,,,,,,,,,,,,,,,,,,,,,,,,,,0.3,228.4072,244.0126,257.9244,269.6019,278.7938,285.5312,290.0743,292.8328,294.2835,294.9039,295.1297,295.3372,295.8421,296.9053,298.7357,301.4852,305.2332,309.9693,315.5789,321.8436,173.00126132872398,372.999959274504,713.0164,201.2554,822.2977000000001,-27.468799999999987
424,424,424.0,424.0,424.0,424.0,424.0,424.0,424.0,424.0,424.0,424.0,424.0,424.0,424.0,424.0,424.0,424.0,424.0,424.0,424.0,424.0,424.0,424.0,,,,,,,,,,,,,,,,,,,,,,,,,,,,,0.4,190.6067,207.6243,223.5318,237.9267,250.5587,261.3399,270.3333,277.7278,283.8069,288.9174,293.4426,297.7801,302.3222,307.4352,313.4356,320.5624,328.9477,338.5926,349.3543,360.9529,372.9999464363676,372.9999464363679,914.2718,178.83760000000007,621.0423000000001,-51.6601
425,425,425.0,425.0,425.0,425.0,425.0,425.0,425.0,425.0,425.0,425.0,425.0,425.0,425.0,425.0,425.0,425.0,425.0,425.0,425.0,425.0,425.0,425.0,,,,,,,,,,,,,,,,,,,,,,,,,,,,,0.5,352.5485,333.4278,316.7734,303.376,293.6124,287.4605,284.585,284.46,286.4953,290.139,294.9417,300.5815,306.8575,313.6635,320.9539,328.7097,336.9114,345.5209,354.4724,363.6712,208.41709470621564,372.9997749832166,1093.1094,54.44589999999994,442.2047,-25.53949999999997
426,426,426.0,426.0,426.0,426.0,426.0,426.0,426.0,426.0,426.0,426.0,426.0,426.0,426.0,426.0,426.0,426.0,426.0,426.0,426.0,426.0,426.0,426.0,,,,,,,,,,,,,,,,,,,,,,,,,,,,,0.6,224.2512,239.2559,252.7458,264.2867,273.7432,281.2612,287.1989,292.0313,296.2554,300.3152,304.5577,309.2175,314.4247,320.225,326.6034,333.5066,340.8593,348.5755,356.5652,364.737,173.00002970691892,372.9952319624483,1147.5553,120.33580000000006,387.75880000000006,-31.738800000000023
427,427,427.0,427.0,427.0,427.0,427.0,427.0,427.0,427.0,427.0,427.0,427.0,427.0,427.0,427.0,427.0,427.0,427.0,427.0,427.0,427.0,427.0,427.0,,,,,,,,,,,,,,,,,,,,,,,,,,,,,0.7,190.3048,207.1256,223.0363,237.7159,250.9755,262.763,273.1484,282.295,290.4245,297.7832,304.6137,311.1346,317.5277,323.933,330.4478,337.1298,344.0024,351.0603,358.2761,365.6058,372.99996328147074,372.9998206439356,1267.8911,120.8814,267.423,-50.23700000000002
428,428,428.0,428.0,428.0,428.0,428.0,428.0,428.0,428.0,428.0,428.0,428.0,428.0,428.0,428.0,428.0,428.0,428.0,428.0,428.0,428.0,428.0,428.0,,,,,,,,,,,,,,,,,,,,,,,,,,,,,0.8,353.0026,334.3767,318.294,305.5728,296.6048,291.368,289.5093,290.4676,293.6006,298.2899,304.0096,310.3568,317.0524,323.9226,330.8713,337.8542,344.8553,351.8717,358.9033,365.9478,207.446480098656,273.0204017801141,1388.7725,29.767399999999952,146.54160000000002,-21.632000000000005
429,429,429.0,429.0,429.0,429.0,429.0,429.0,429.0,429.0,429.0,429.0,429.0,429.0,429.0,429.0,429.0,429.0,429.0,429.0,429.0,429.0,429.0,429.0,,,,,,,,,,,,,,,,,,,,,,,,,,,,,0.9,224.1288,239.9791,254.307,266.6692,276.9133,285.1559,291.7068,296.9658,301.3173,305.0451,308.2794,310.9779,312.9408,313.8533,313.3505,311.097,306.8709,300.6374,292.5944,283.1782,213.50496104528293,372.9917026252785,1418.5399,116.77420000000006,116.77420000000006,-27.844100000000022
430,430,430.0,430.0,430.0,430.0,430.0,430.0,430.0,430.0,430.0,430.0,430.0,430.0,430.0,430.0,430.0,430.0,430.0,430.0,430.0,430.0,430.0,430.0,,,,,,,,,,,,,,,,,,,,,,,,,,,,,0.0,273.0,273.0,273.0,273.0,273.0,273.0,273.0,273.0,273.0,273.0,273.0,273.0,273.0,273.0,273.0,273.0,273.0,273.0,273.0,273.0,372.9997816484677,372.9999717814,0.0,368.7879,1562.4403,-40.0
431,431,431.0,431.0,431.0,431.0,431.0,431.0,431.0,431.0,431.0,431.0,431.0,431.0,431.0,431.0,431.0,431.0,431.0,431.0,431.0,431.0,431.0,431.0,,,,,,,,,,,,,,,,,,,,,,,,,,,,,0.1,355.9581,339.6959,324.8872,312.0201,301.3574,292.9443,286.6546,282.2609,279.5107,278.1944,278.1944,279.5107,282.2609,286.6547,292.9443,301.3574,312.0201,324.8873,339.696,355.9583,341.0628427527509,273.1570204774644,368.7879,175.07170000000002,1193.6524,-20.0557
432,432,432.0,432.0,432.0,432.0,432.0,432.0,432.0,432.0,432.0,432.0,432.0,432.0,432.0,432.0,432.0,432.0,432.0,432.0,432.0,432.0,432.0,432.0,,,,,,,,,,,,,,,,,,,,,,,,,,,,,0.2,334.58,328.157,321.8711,315.8281,310.1635,305.0326,300.592,296.975,294.267,292.483,291.5507,291.3015,291.4738,291.7307,291.6964,291.0079,289.3785,286.6581,282.8758,278.2499,210.5780559322665,328.0391577459547,543.8596,169.3143,1018.5807,-7.967399999999998
433,433,433.0,433.0,433.0,433.0,433.0,433.0,433.0,433.0,433.0,433.0,433.0,433.0,433.0,433.0,433.0,433.0,433.0,433.0,433.0,433.0,433.0,433.0,,,,,,,,,,,,,,,,,,,,,,,,,,,,,0.3,227.3208,243.1392,257.2452,269.0917,278.4243,285.2736,289.902,292.7225,294.2161,294.8641,295.1055,295.3183,295.8192,296.869,298.6759,301.3908,305.0926,309.771,315.3129,321.5022,200.35290776614067,372.9999464372598,713.1739,186.1808,849.2664,-27.72640000000001
434,434,434.0,434.0,434.0,434.0,434.0,434.0,434.0,434.0,434.0,434.0,434.0,434.0,434.0,434.0,434.0,434.0,434.0,434.0,434.0,434.0,434.0,434.0,,,,,,,,,,,,,,,,,,,,,,,,,,,,,0.4,213.2315,225.7415,237.5495,248.3882,258.0774,266.5349,273.7774,279.9123,285.1262,289.6688,293.8378,297.9617,302.3813,307.4276,313.3945,320.5077,328.8919,338.5439,349.3186,360.934,372.9999589406197,372.9999549576008,899.3547,142.58769999999993,663.0856,-46.46510000000001
435,435,435.0,435.0,435.0,435.0,435.0,435.0,435.0,435.0,435.0,435.0,435.0,435.0,435.0,435.0,435.0,435.0,435.0,435.0,435.0,435.0,435.0,435.0,,,,,,,,,,,,,,,,,,,,,,,,,,,,,0.5,353.8741,335.9438,320.2328,307.4621,297.9872,291.8114,288.6585,288.0805,289.5677,292.6384,296.8968,302.0551,307.9292,314.4161,321.464,329.0429,337.1205,345.6457,354.5409,363.7012,217.5787625622755,372.9999464363702,1041.9424,40.96900000000005,520.4979000000001,-21.188600000000008
436,436,436.0,436.0,436.0,436.0,436.0,436.0,436.0,436.0,436.0,436.0,436.0,436.0,436.0,436.0,436.0,436.0,436.0,436.0,436.0,436.0,436.0,436.0,,,,,,,,,,,,,,,,,,,,,,,,,,,,,0.6,232.4362,246.5018,259.121,269.8794,278.6485,285.5694,290.9875,295.3615,299.1725,302.8526,306.7414,311.0707,315.971,321.49,327.6149,334.2932,341.4488,348.9931,356.8314,364.8664,173.0046089054543,248.0197188530308,1082.9114,106.47430000000008,479.5289,-27.430600000000027
437,437,437.0,437.0,437.0,437.0,437.0,437.0,437.0,437.0,437.0,437.0,437.0,437.0,437.0,437.0,437.0,437.0,437.0,437.0,437.0,437.0,437.0,437.0,,,,,,,,,,,,,,,,,,,,,,,,,,,,,0.7,191.1067,208.6624,225.1914,240.3307,253.8622,265.7132,275.9296,284.6321,291.9631,298.0327,302.8748,306.4171,308.4745,308.7684,306.9758,302.8031,296.0743,286.8154,275.312,262.1199,372.9999589428881,372.9998413118144,1189.3857,185.4267,373.0546,-47.28680000000003
438,438,438.0,438.0,438.0,438.0,438.0,438.0,438.0,438.0,438.0,438.0,438.0,438.0,438.0,438.0,438.0,438.0,438.0,438.0,438.0,438.0,438.0,438.0,,,,,,,,,,,,,,,,,,,,,,,,,,,,,0.8,353.2388,334.7916,318.7708,305.9329,296.6053,290.7002,287.8037,287.3067,288.5459,290.9267,294.0116,297.567,301.571,306.1835,311.6855,318.3954,326.5734,336.3319,347.5732,359.9697,214.9589368187781,372.9999464363679,1374.8124,69.23329999999987,187.62789999999995,-22.299800000000005
439,439,439.0,439.0,439.0,439.0,439.0,439.0,439.0,439.0,439.0,439.0,439.0,439.0,439.0,439.0,439.0,439.0,439.0,439.0,439.0,439.0,439.0,439.0,,,,,,,,,,,,,,,,,,,,,,,,,,,,,0.9,230.0059,244.2384,256.9801,267.7968,276.5427,283.3464,288.5465,292.6037,296.0124,299.2302,302.6359,306.513,311.0517,316.3621,322.4883,329.421,337.1059,345.449,354.3214,363.565,173.0000297019757,372.9956685417319,1444.0457,118.39460000000008,118.39460000000008,-29.653599999999983
440,440,440.0,440.0,440.0,440.0,440.0,440.0,440.0,440.0,440.0,440.0,440.0,440.0,440.0,440.0,440.0,440.0,440.0,440.0,440.0,440.0,440.0,440.0,,,,,,,,,,,,,,,,,,,,,,,,,,,,,0.0,273.0,273.0,273.0,273.0,273.0,273.0,273.0,273.0,273.0,273.0,273.0,273.0,273.0,273.0,273.0,273.0,273.0,273.0,273.0,273.0,372.9999789620744,372.999890256468,0.0,368.7879,1566.884,-40.0
441,441,441.0,441.0,441.0,441.0,441.0,441.0,441.0,441.0,441.0,441.0,441.0,441.0,441.0,441.0,441.0,441.0,441.0,441.0,441.0,441.0,441.0,441.0,,,,,,,,,,,,,,,,,,,,,,,,,,,,,0.1,355.9583,339.696,324.8873,312.0201,301.3574,292.9443,286.6547,282.2609,279.5107,278.1944,278.1944,279.5107,282.2609,286.6546,292.9443,301.3574,312.0201,324.8873,339.696,355.9582,341.0399764750845,274.7755825072363,368.7879,174.4617,1198.0961,-20.0557
442,442,442.0,442.0,442.0,442.0,442.0,442.0,442.0,442.0,442.0,442.0,442.0,442.0,442.0,442.0,442.0,442.0,442.0,442.0,442.0,442.0,442.0,442.0,,,,,,,,,,,,,,,,,,,,,,,,,,,,,0.2,334.5611,328.1419,321.8595,315.8198,310.1583,305.0306,300.5939,296.9824,294.2831,292.5131,291.6034,291.3893,291.6142,291.9468,292.0168,291.4657,290.0095,287.4975,283.955,279.5925,209.5643993349537,326.3822438413161,543.2496,167.84839999999997,1023.6344,-7.969400000000007
443,443,443.0,443.0,443.0,443.0,443.0,443.0,443.0,443.0,443.0,443.0,443.0,443.0,443.0,443.0,443.0,443.0,443.0,443.0,443.0,443.0,443.0,443.0,,,,,,,,,,,,,,,,,,,,,,,,,,,,,0.3,226.4814,242.4667,256.726,268.7081,278.1564,285.1017,289.8082,292.6915,294.2347,294.9202,295.1858,295.4061,295.8912,296.8934,298.6114,301.1872,304.6941,309.121,314.3601,320.2079,200.06459580848693,372.9998776863496,711.098,187.9285000000001,855.7860000000001,-27.89830000000001
444,444,444.0,444.0,444.0,444.0,444.0,444.0,444.0,444.0,444.0,444.0,444.0,444.0,444.0,444.0,444.0,444.0,444.0,444.0,444.0,444.0,444.0,444.0,,,,,,,,,,,,,,,,,,,,,,,,,,,,,0.4,212.9473,225.4641,237.284,248.1404,257.8527,266.3371,273.6073,279.7681,285.0027,289.5587,293.7325,297.853,302.2629,307.2966,313.2527,320.3613,328.7513,338.422,349.2283,360.8859,372.9999313202392,372.99986726668885,899.0265,144.12160000000006,667.8575,-46.66289999999998
445,445,445.0,445.0,445.0,445.0,445.0,445.0,445.0,445.0,445.0,445.0,445.0,445.0,445.0,445.0,445.0,445.0,445.0,445.0,445.0,445.0,445.0,445.0,,,,,,,,,,,,,,,,,,,,,,,,,,,,,0.5,353.8394,335.8768,320.138,307.345,297.8542,291.6685,288.5111,287.9327,289.4225,292.4978,296.7619,301.9267,307.8082,314.3035,321.3613,328.9521,337.0439,345.5856,354.4995,363.68,217.0360871467857,372.9999426571539,1043.1481,41.65829999999983,523.7358999999999,-21.331500000000005
446,446,446.0,446.0,446.0,446.0,446.0,446.0,446.0,446.0,446.0,446.0,446.0,446.0,446.0,446.0,446.0,446.0,446.0,446.0,446.0,446.0,446.0,446.0,,,,,,,,,,,,,,,,,,,,,,,,,,,,,0.6,231.9654,246.0995,258.7806,269.5924,278.4056,285.3613,290.806,295.1998,299.0257,302.7174,306.616,310.9545,315.8641,321.3932,327.5291,334.2195,341.3883,348.9467,356.8,364.8506,173.01329892433648,248.4926875837844,1084.8064,107.72530000000006,482.0776000000001,-27.63869999999997
447,447,447.0,447.0,447.0,447.0,447.0,447.0,447.0,447.0,447.0,447.0,447.0,447.0,447.0,447.0,447.0,447.0,447.0,447.0,447.0,447.0,447.0,447.0,,,,,,,,,,,,,,,,,,,,,,,,,,,,,0.7,191.0722,208.588,225.083,240.1958,253.7096,265.5512,275.7657,284.4727,291.8134,297.8971,302.7574,306.3225,308.4081,308.7372,306.9882,302.8688,296.2039,287.0195,275.5998,262.4984,372.99994550850977,372.9999648165989,1192.5317,186.2657999999999,374.3523,-47.448800000000006
448,448,448.0,448.0,448.0,448.0,448.0,448.0,448.0,448.0,448.0,448.0,448.0,448.0,448.0,448.0,448.0,448.0,448.0,448.0,448.0,448.0,448.0,448.0,,,,,,,,,,,,,,,,,,,,,,,,,,,,,0.8,353.2168,334.7487,318.709,305.8553,296.5154,290.6025,287.7028,287.2074,288.4529,290.8444,293.9436,297.5159,301.5382,306.1685,311.6863,318.4083,326.5934,336.3537,347.5912,359.98,215.06680907231856,372.9999591685795,1378.7975,69.4706000000001,188.0865000000001,-22.39749999999998
449,449,449.0,449.0,449.0,449.0,449.0,449.0,449.0,449.0,449.0,449.0,449.0,449.0,449.0,449.0,449.0,449.0,449.0,449.0,449.0,449.0,449.0,449.0,,,,,,,,,,,,,,,,,,,,,,,,,,,,,0.9,230.0822,244.2846,256.999,267.7921,276.5189,283.3081,288.4986,292.5506,295.9579,299.1775,302.5876,306.4707,311.0164,316.334,322.4671,329.4059,337.0957,345.4426,354.3179,363.5635,173.00014693685952,372.9960473611323,1448.2681,118.6159,118.6159,-29.691899999999976
450,450,450.0,450.0,450.0,450.0,450.0,450.0,450.0,450.0,450.0,450.0,450.0,450.0,450.0,450.0,450.0,450.0,450.0,450.0,450.0,450.0,450.0,450.0,,,,,,,,,,,,,,,,,,,,,,,,,,,,,0.0,273.0,273.0,273.0,273.0,273.0,273.0,273.0,273.0,273.0,273.0,273.0,273.0,273.0,273.0,273.0,273.0,273.0,273.0,273.0,273.0,372.999748294471,372.9999233400815,0.0,368.7879,1573.1983,-40.0
451,451,451.0,451.0,451.0,451.0,451.0,451.0,451.0,451.0,451.0,451.0,451.0,451.0,451.0,451.0,451.0,451.0,451.0,451.0,451.0,451.0,451.0,451.0,,,,,,,,,,,,,,,,,,,,,,,,,,,,,0.1,355.9581,339.6959,324.8872,312.0201,301.3574,292.9443,286.6546,282.2609,279.5107,278.1944,278.1944,279.5107,282.2609,286.6547,292.9443,301.3574,312.0201,324.8873,339.696,355.9582,341.043919989821,274.49451304087546,368.7879,174.5673,1204.4104,-20.0557
452,452,452.0,452.0,452.0,452.0,452.0,452.0,452.0,452.0,452.0,452.0,452.0,452.0,452.0,452.0,452.0,452.0,452.0,452.0,452.0,452.0,452.0,452.0,,,,,,,,,,,,,,,,,,,,,,,,,,,,,0.2,334.5643,328.1445,321.8615,315.8212,310.1591,305.031,300.5935,296.9811,294.2802,292.5079,291.5942,291.374,291.5898,291.9093,291.9611,291.3862,289.8999,287.3517,283.7676,279.3593,208.6208058821037,327.0403338550807,543.3552,168.25600000000009,1029.8431,-7.968999999999994
453,453,453.0,453.0,453.0,453.0,453.0,453.0,453.0,453.0,453.0,453.0,453.0,453.0,453.0,453.0,453.0,453.0,453.0,453.0,453.0,453.0,453.0,453.0,,,,,,,,,,,,,,,,,,,,,,,,,,,,,0.3,225.6984,241.8368,256.2355,268.3384,277.8865,284.9105,289.6761,292.6018,294.1745,294.8808,295.1626,295.399,295.9044,296.9352,298.6942,301.3265,304.9073,309.4258,314.7724,320.7399,198.96933904065472,372.9999591660805,711.6112,189.289,861.5871,-28.089499999999987
454,454,454.0,454.0,454.0,454.0,454.0,454.0,454.0,454.0,454.0,454.0,454.0,454.0,454.0,454.0,454.0,454.0,454.0,454.0,454.0,454.0,454.0,454.0,,,,,,,,,,,,,,,,,,,,,,,,,,,,,0.4,211.9917,224.6444,236.5932,247.5689,257.3891,265.9691,273.3229,279.5556,284.8518,289.4605,293.6793,297.838,302.2796,307.3384,313.3121,320.4304,328.8212,338.4841,349.2747,360.9108,372.9999856544798,372.99987341741087,900.9002,146.07369999999992,672.2981,-47.03089999999997
455,455,455.0,455.0,455.0,455.0,455.0,455.0,455.0,455.0,455.0,455.0,455.0,455.0,455.0,455.0,455.0,455.0,455.0,455.0,455.0,455.0,455.0,455.0,,,,,,,,,,,,,,,,,,,,,,,,,,,,,0.5,353.7659,335.7366,319.9435,307.1128,297.6023,291.414,288.2689,287.7142,289.2348,292.3446,296.6434,301.8407,307.7507,314.2696,321.3456,328.949,337.0483,345.5932,354.5066,363.6842,216.84193237244017,372.9998593977541,1046.9739,42.246900000000096,526.2244000000001,-21.586000000000013
456,456,456.0,456.0,456.0,456.0,456.0,456.0,456.0,456.0,456.0,456.0,456.0,456.0,456.0,456.0,456.0,456.0,456.0,456.0,456.0,456.0,456.0,456.0,,,,,,,,,,,,,,,,,,,,,,,,,,,,,0.6,231.7704,245.904,258.5855,269.3991,278.2158,285.1774,290.6304,295.0352,298.8746,302.5817,306.497,310.8528,315.7797,321.325,327.4757,334.1791,341.359,348.9266,356.7875,364.8446,173.0035833213997,248.99078768916448,1089.2208,108.69249999999988,483.9775,-27.822600000000023
457,457,457.0,457.0,457.0,457.0,457.0,457.0,457.0,457.0,457.0,457.0,457.0,457.0,457.0,457.0,457.0,457.0,457.0,457.0,457.0,457.0,457.0,457.0,,,,,,,,,,,,,,,,,,,,,,,,,,,,,0.7,191.0344,208.5238,224.9956,240.0898,253.59,265.4234,275.635,284.3442,291.6918,297.7871,302.6637,306.2503,308.3638,308.7281,307.0231,302.9576,296.3573,287.2478,275.9122,262.9018,372.9999554615132,372.9998963676689,1197.9133,186.8203000000001,375.2850000000001,-47.57659999999999
458,458,458.0,458.0,458.0,458.0,458.0,458.0,458.0,458.0,458.0,458.0,458.0,458.0,458.0,458.0,458.0,458.0,458.0,458.0,458.0,458.0,458.0,458.0,,,,,,,,,,,,,,,,,,,,,,,,,,,,,0.8,353.1992,334.7145,318.6599,305.7937,296.4446,290.5261,287.6248,287.1321,288.3844,290.7867,293.8998,297.4884,301.5278,306.1746,311.7064,318.4384,326.628,336.3867,347.617,359.9941,215.0673658903896,372.9998260649044,1384.7336,69.61519999999996,188.4647,-22.47390000000001
459,459,459.0,459.0,459.0,459.0,459.0,459.0,459.0,459.0,459.0,459.0,459.0,459.0,459.0,459.0,459.0,459.0,459.0,459.0,459.0,459.0,459.0,459.0,,,,,,,,,,,,,,,,,,,,,,,,,,,,,0.9,230.0727,244.2655,256.9713,267.7572,276.4787,283.2647,288.4539,292.5069,295.917,299.1412,302.557,306.4465,310.9987,316.3225,322.4609,329.4039,337.0964,345.4447,354.32,363.5647,173.00005924761638,372.9987264710774,1454.3488,118.84950000000003,118.84950000000003,-29.735299999999995
460,460,460.0,460.0,460.0,460.0,460.0,460.0,460.0,460.0,460.0,460.0,460.0,460.0,460.0,460.0,460.0,460.0,460.0,460.0,460.0,460.0,460.0,460.0,,,,,,,,,,,,,,,,,,,,,,,,,,,,,0.0,273.0,273.0,273.0,273.0,273.0,273.0,273.0,273.0,273.0,273.0,273.0,273.0,273.0,273.0,273.0,273.0,273.0,273.0,273.0,273.0,372.9999300629167,372.99996494110417,0.0,368.7879,1546.5938,-40.0
461,461,461.0,461.0,461.0,461.0,461.0,461.0,461.0,461.0,461.0,461.0,461.0,461.0,461.0,461.0,461.0,461.0,461.0,461.0,461.0,461.0,461.0,461.0,,,,,,,,,,,,,,,,,,,,,,,,,,,,,0.1,355.9582,339.696,324.8873,312.0201,301.3574,292.9443,286.6547,282.2609,279.5107,278.1944,278.1944,279.5107,282.2609,286.6547,292.9443,301.3574,312.0201,324.8873,339.696,355.9583,341.05832952268986,273.47670258021105,368.7879,174.95070000000004,1177.8059,-20.0557
462,462,462.0,462.0,462.0,462.0,462.0,462.0,462.0,462.0,462.0,462.0,462.0,462.0,462.0,462.0,462.0,462.0,462.0,462.0,462.0,462.0,462.0,462.0,,,,,,,,,,,,,,,,,,,,,,,,,,,,,0.2,334.5763,328.1541,321.8689,315.8265,310.1624,305.0323,300.5924,296.9764,294.2702,292.489,291.5611,291.3189,291.5015,291.7734,291.7596,291.0983,289.5031,286.8239,283.089,278.5151,212.3470816037982,328.6650504280464,543.7386,168.28369999999995,1002.8552,-7.967699999999979
463,463,463.0,463.0,463.0,463.0,463.0,463.0,463.0,463.0,463.0,463.0,463.0,463.0,463.0,463.0,463.0,463.0,463.0,463.0,463.0,463.0,463.0,463.0,,,,,,,,,,,,,,,,,,,,,,,,,,,,,0.3,228.7886,244.3197,258.1643,269.784,278.929,285.6309,290.1493,292.8929,294.3371,294.9581,295.1903,295.4086,295.9276,297.007,298.8548,301.6216,305.3862,310.1374,315.7605,322.0373,200.6698042880291,372.99995916877214,712.0223,182.8247,834.5715000000001,-27.369100000000003
464,464,464.0,464.0,464.0,464.0,464.0,464.0,464.0,464.0,464.0,464.0,464.0,464.0,464.0,464.0,464.0,464.0,464.0,464.0,464.0,464.0,464.0,464.0,,,,,,,,,,,,,,,,,,,,,,,,,,,,,0.4,213.5847,226.1247,237.9519,248.796,258.4766,266.9134,274.1266,280.2283,285.4089,289.9216,294.0659,298.1707,302.576,307.6107,313.566,320.6648,329.0294,338.6554,349.3974,360.9749,372.9999335625205,372.9999131030338,894.847,139.97870000000012,651.7468000000001,-46.086599999999976
465,465,465.0,465.0,465.0,465.0,465.0,465.0,465.0,465.0,465.0,465.0,465.0,465.0,465.0,465.0,465.0,465.0,465.0,465.0,465.0,465.0,465.0,465.0,,,,,,,,,,,,,,,,,,,,,,,,,,,,,0.5,353.9342,336.0604,320.3991,307.669,298.2244,292.0681,288.925,288.3481,289.8294,292.889,297.1324,302.273,308.1276,314.5934,321.6191,329.1747,337.2277,345.7273,354.5959,363.7289,218.4464597066108,372.9999001394245,1034.8257,39.83829999999989,511.7681,-20.931899999999985
466,466,466.0,466.0,466.0,466.0,466.0,466.0,466.0,466.0,466.0,466.0,466.0,466.0,466.0,466.0,466.0,466.0,466.0,466.0,466.0,466.0,466.0,466.0,,,,,,,,,,,,,,,,,,,,,,,,,,,,,0.6,233.1926,247.1523,259.6756,270.3512,279.052,285.9188,291.2951,295.6372,299.4235,303.0834,306.9542,311.2663,316.1491,321.6496,327.7547,334.4119,341.5452,349.0663,356.8806,364.8911,173.01931425226547,248.1588139745841,1074.664,104.21039999999994,471.9298000000001,-27.081200000000024
467,467,467.0,467.0,467.0,467.0,467.0,467.0,467.0,467.0,467.0,467.0,467.0,467.0,467.0,467.0,467.0,467.0,467.0,467.0,467.0,467.0,467.0,467.0,,,,,,,,,,,,,,,,,,,,,,,,,,,,,0.7,191.1878,208.805,225.3863,240.5658,254.1245,265.9897,276.2092,284.9059,292.2246,298.278,303.102,306.6259,308.6658,308.9441,307.1383,302.9551,296.2189,286.9556,275.4502,262.2581,372.9999559610303,372.9999720698549,1178.8744,183.05550000000017,367.7194000000002,-47.01029999999997
468,468,468.0,468.0,468.0,468.0,468.0,468.0,468.0,468.0,468.0,468.0,468.0,468.0,468.0,468.0,468.0,468.0,468.0,468.0,468.0,468.0,468.0,468.0,,,,,,,,,,,,,,,,,,,,,,,,,,,,,0.8,353.2783,334.869,318.8829,306.0755,296.7731,290.8876,288.0048,287.5159,288.7581,291.1372,294.2164,297.7627,301.7546,306.3522,311.8368,318.5267,326.6823,336.4161,347.6306,359.9989,215.55248399439787,372.9999454152866,1361.9299,68.03749999999991,184.6639,-22.11239999999998
469,469,469.0,469.0,469.0,469.0,469.0,469.0,469.0,469.0,469.0,469.0,469.0,469.0,469.0,469.0,469.0,469.0,469.0,469.0,469.0,469.0,469.0,469.0,,,,,,,,,,,,,,,,,,,,,,,,,,,,,0.9,230.5256,244.6881,257.3669,268.1298,276.8322,283.6021,288.777,292.8159,296.2107,299.4173,302.8128,306.6793,311.2062,316.5031,322.6138,329.5291,337.1947,345.517,354.3675,363.5882,173.0000852711221,372.99600643997735,1429.9674,116.6264000000001,116.6264000000001,-29.3979
470,470,470.0,470.0,470.0,470.0,470.0,470.0,470.0,470.0,470.0,470.0,470.0,470.0,470.0,470.0,470.0,470.0,470.0,470.0,470.0,470.0,470.0,470.0,,,,,,,,,,,,,,,,,,,,,,,,,,,,,0.0,273.0,273.0,273.0,273.0,273.0,273.0,273.0,273.0,273.0,273.0,273.0,273.0,273.0,273.0,273.0,273.0,273.0,273.0,273.0,273.0,372.9997593977533,372.9999335625205,0.0,368.7879,1367.0804,-40.0
471,471,471.0,471.0,471.0,471.0,471.0,471.0,471.0,471.0,471.0,471.0,471.0,471.0,471.0,471.0,471.0,471.0,471.0,471.0,471.0,471.0,471.0,471.0,,,,,,,,,,,,,,,,,,,,,,,,,,,,,0.1,355.9581,339.6959,324.8872,312.0201,301.3574,292.9443,286.6546,282.2609,279.5107,278.1944,278.1944,279.5107,282.2609,286.6547,292.9443,301.3574,312.0201,324.8873,339.696,355.9582,173.0000812824241,372.9998920465296,368.7879,179.22280000000006,998.2925,-20.0557
472,472,472.0,472.0,472.0,472.0,472.0,472.0,472.0,472.0,472.0,472.0,472.0,472.0,472.0,472.0,472.0,472.0,472.0,472.0,472.0,472.0,472.0,472.0,,,,,,,,,,,,,,,,,,,,,,,,,,,,,0.2,195.1646,216.0839,234.7101,250.3431,262.7039,271.9222,278.4544,282.9643,286.1964,288.872,291.618,294.9304,299.1667,304.5531,311.2009,319.122,328.244,338.4216,349.4488,361.0712,372.9999547893417,372.999863632059,548.0107,140.2394999999999,819.0697,-41.077800000000025
473,473,473.0,473.0,473.0,473.0,473.0,473.0,473.0,473.0,473.0,473.0,473.0,473.0,473.0,473.0,473.0,473.0,473.0,473.0,473.0,473.0,473.0,473.0,,,,,,,,,,,,,,,,,,,,,,,,,,,,,0.3,353.8909,335.9928,320.3362,307.6357,298.2276,292.089,288.92,288.2586,289.5966,292.4692,296.5082,301.4581,307.1644,313.5451,320.559,328.1756,336.3542,345.0306,354.1126,363.4818,218.3074231998345,372.99990731202325,688.2502,42.56100000000004,678.8302000000001,-20.911
474,474,474.0,474.0,474.0,474.0,474.0,474.0,474.0,474.0,474.0,474.0,474.0,474.0,474.0,474.0,474.0,474.0,474.0,474.0,474.0,474.0,474.0,474.0,,,,,,,,,,,,,,,,,,,,,,,,,,,,,0.4,233.0564,247.0157,259.5326,270.1932,278.8687,285.6991,291.0283,295.3146,299.0394,302.6368,306.4498,310.7144,315.5661,321.0568,327.177,333.8761,341.0779,348.6917,356.6189,364.7565,173.01552630769058,248.03651425153376,730.8112,106.96619999999996,636.2692000000001,-27.300900000000013
475,475,475.0,475.0,475.0,475.0,475.0,475.0,475.0,475.0,475.0,475.0,475.0,475.0,475.0,475.0,475.0,475.0,475.0,475.0,475.0,475.0,475.0,475.0,,,,,,,,,,,,,,,,,,,,,,,,,,,,,0.5,191.1424,208.7182,225.2582,240.3968,253.9151,265.7407,275.922,284.5828,291.869,297.8948,302.6975,306.2081,308.2439,308.5283,306.7392,302.5832,295.8839,286.6658,275.2124,262.0769,372.99993507821534,372.9998521691963,837.7774,186.5088000000001,529.3030000000001,-47.2593
476,476,476.0,476.0,476.0,476.0,476.0,476.0,476.0,476.0,476.0,476.0,476.0,476.0,476.0,476.0,476.0,476.0,476.0,476.0,476.0,476.0,476.0,476.0,,,,,,,,,,,,,,,,,,,,,,,,,,,,,0.6,353.2386,334.79,318.7656,305.9212,296.5835,290.6652,287.7527,287.2378,288.4586,290.8218,293.8911,297.4347,301.4316,306.0426,311.5492,318.27,326.4648,336.2454,347.513,359.9389,215.067570140519,372.9998499550635,1024.2862,69.80749999999989,342.79420000000005,-22.334799999999973
477,477,477.0,477.0,477.0,477.0,477.0,477.0,477.0,477.0,477.0,477.0,477.0,477.0,477.0,477.0,477.0,477.0,477.0,477.0,477.0,477.0,477.0,477.0,,,,,,,,,,,,,,,,,,,,,,,,,,,,,0.7,230.089,244.2966,257.0145,267.8089,276.5343,283.3193,288.5028,292.5456,295.9419,299.1497,302.548,306.4205,310.9578,316.2699,322.4012,329.3424,337.0387,345.3959,354.2847,363.5462,173.00001118030002,372.9968083113985,1094.0937,118.74950000000013,272.98670000000016,-29.6807
478,478,478.0,478.0,478.0,478.0,478.0,478.0,478.0,478.0,478.0,478.0,478.0,478.0,478.0,478.0,478.0,478.0,478.0,478.0,478.0,478.0,478.0,478.0,,,,,,,,,,,,,,,,,,,,,,,,,,,,,0.8,190.6657,207.7969,223.9245,238.6978,251.9141,263.5249,273.6177,282.3843,290.0816,296.9936,303.4001,309.5539,315.6663,321.9,328.3676,335.1337,342.2193,349.6073,357.2499,365.0756,372.9999589415755,372.99990356502025,1212.8432,121.53179999999998,154.23720000000003,-49.4751
479,479,479.0,479.0,479.0,479.0,479.0,479.0,479.0,479.0,479.0,479.0,479.0,479.0,479.0,479.0,479.0,479.0,479.0,479.0,479.0,479.0,479.0,479.0,,,,,,,,,,,,,,,,,,,,,,,,,,,,,0.9,353.0684,334.4948,318.4387,305.7095,296.6934,291.3674,289.3824,290.185,293.1444,297.6561,303.2089,309.4148,316.008,322.8252,329.7777,336.8241,343.9472,351.1386,358.3886,365.6824,202.1994997849299,279.4460942133509,1334.375,32.705400000000054,32.705400000000054,-21.632600000000025
480,480,480.0,480.0,480.0,480.0,480.0,480.0,480.0,480.0,480.0,480.0,480.0,480.0,480.0,480.0,480.0,480.0,480.0,480.0,480.0,480.0,480.0,,,,,,,,,,,,,,,,,,,,,,,,,,,,,,0.0,273.0,273.0,273.0,273.0,273.0,273.0,273.0,273.0,273.0,273.0,273.0,273.0,273.0,273.0,273.0,273.0,273.0,273.0,273.0,273.0,372.9999662708831,372.9999786335625,0.0,368.7878,1750.8668,42.6882
481,481,481.0,481.0,481.0,481.0,481.0,481.0,481.0,481.0,481.0,481.0,481.0,481.0,481.0,481.0,481.0,481.0,481.0,481.0,481.0,481.0,481.0,,,,,,,,,,,,,,,,,,,,,,,,,,,,,,0.1,355.9583,339.696,324.8873,312.0201,301.3574,292.9443,286.6547,282.2609,279.5107,278.1944,278.1944,279.5107,282.2609,286.6547,292.9443,301.3574,312.0201,324.8873,339.696,355.9583,370.9210127684379,300.2872874246856,368.7878,168.73369999999994,1382.079,42.6882
482,482,482.0,482.0,482.0,482.0,482.0,482.0,482.0,482.0,482.0,482.0,482.0,482.0,482.0,482.0,482.0,482.0,482.0,482.0,482.0,482.0,482.0,,,,,,,,,,,,,,,,,,,,,,,,,,,,,,0.2,359.3498,348.0711,337.3633,327.4779,318.6285,310.9835,304.6608,299.7243,296.1817,293.9818,293.0121,293.0971,294.0021,295.4436,297.1115,298.7034,299.9657,300.7357,300.9708,300.7567,253.55481966785743,272.62818850108675,537.5215,143.7219,1213.3453,42.6882
483,483,483.0,483.0,483.0,483.0,483.0,483.0,483.0,483.0,483.0,483.0,483.0,483.0,483.0,483.0,483.0,483.0,483.0,483.0,483.0,483.0,483.0,,,,,,,,,,,,,,,,,,,,,,,,,,,,,,0.3,264.4948,274.7026,283.563,290.6656,295.8469,299.1783,300.9131,301.4086,301.0451,300.158,298.9934,297.6889,296.2769,294.7052,292.8694,290.6506,287.9523,284.7324,281.0219,276.9296,286.63044919856435,340.46434473803254,681.2434,144.4226000000001,1069.6234,42.6882
484,484,484.0,484.0,484.0,484.0,484.0,484.0,484.0,484.0,484.0,484.0,484.0,484.0,484.0,484.0,484.0,484.0,484.0,484.0,484.0,484.0,484.0,,,,,,,,,,,,,,,,,,,,,,,,,,,,,,0.4,287.6442,288.6971,289.8109,290.9781,292.1605,293.2982,294.3263,295.1958,295.893,296.456,296.9838,297.6376,298.6336,300.2239,302.6668,306.1871,310.9308,316.9238,324.0448,332.0229,372.999925835234,372.9998639559978,825.666,89.48629999999991,925.2008,42.6882
485,485,485.0,485.0,485.0,485.0,485.0,485.0,485.0,485.0,485.0,485.0,485.0,485.0,485.0,485.0,485.0,485.0,485.0,485.0,485.0,485.0,485.0,,,,,,,,,,,,,,,,,,,,,,,,,,,,,,0.5,359.3366,346.3437,334.6015,324.5309,316.3607,310.1338,305.7467,303.0071,301.6958,301.6178,302.637,304.6908,307.7866,311.9822,317.3564,323.9727,331.8434,340.8988,350.9698,361.7869,372.9999999987676,372.999932211888,915.1523,59.72950000000003,835.7145,42.6882
486,486,486.0,486.0,486.0,486.0,486.0,486.0,486.0,486.0,486.0,486.0,486.0,486.0,486.0,486.0,486.0,486.0,486.0,486.0,486.0,486.0,486.0,,,,,,,,,,,,,,,,,,,,,,,,,,,,,,0.6,363.7402,354.7444,346.2627,338.5178,331.6969,325.9453,321.3661,318.0224,315.9428,315.128,315.557,317.1923,319.9831,323.8661,328.7644,334.5856,341.2191,348.5349,356.3836,364.5985,372.999939679257,372.9999999985875,974.8818,94.8845,775.985,42.6882
487,487,487.0,487.0,487.0,487.0,487.0,487.0,487.0,487.0,487.0,487.0,487.0,487.0,487.0,487.0,487.0,487.0,487.0,487.0,487.0,487.0,487.0,,,,,,,,,,,,,,,,,,,,,,,,,,,,,,0.7,366.0103,359.1909,352.7067,346.7121,341.3463,336.7303,332.9637,330.1233,328.2623,327.4107,327.5755,328.7421,330.8755,333.9216,337.8089,342.4496,347.7421,353.5719,359.8144,366.3365,372.9999344946617,372.9999591829936,1069.7663,156.8762999999999,681.1005,42.6882
488,488,488.0,488.0,488.0,488.0,488.0,488.0,488.0,488.0,488.0,488.0,488.0,488.0,488.0,488.0,488.0,488.0,488.0,488.0,488.0,488.0,488.0,,,,,,,,,,,,,,,,,,,,,,,,,,,,,,0.8,367.5906,362.3067,357.2702,352.597,348.3934,344.7543,341.7601,339.476,337.9499,337.2122,337.2752,338.1332,339.7633,342.126,345.1661,348.8147,352.9902,357.6005,362.5447,367.7152,372.9998260644205,372.9999131050553,1226.6426,227.45370000000003,524.2242000000001,42.6882
489,489,489.0,489.0,489.0,489.0,489.0,489.0,489.0,489.0,489.0,489.0,489.0,489.0,489.0,489.0,489.0,489.0,489.0,489.0,489.0,489.0,489.0,,,,,,,,,,,,,,,,,,,,,,,,,,,,,,0.9,368.7796,364.6553,360.7205,357.0643,353.7692,350.909,348.5476,346.7371,345.5168,344.9127,344.9367,345.5867,346.8467,348.6872,351.0661,353.9299,357.2143,360.8466,364.7462,368.8272,372.9999464479501,372.9997519059359,1454.0963,296.7705000000001,296.7705000000001,42.6882
490,490,490.0,490.0,490.0,490.0,490.0,490.0,490.0,490.0,490.0,490.0,490.0,490.0,490.0,490.0,490.0,490.0,490.0,490.0,490.0,490.0,490.0,,,,,,,,,,,,,,,,,,,,,,,,,,,,,,0.0,273.0,273.0,273.0,273.0,273.0,273.0,273.0,273.0,273.0,273.0,273.0,273.0,273.0,273.0,273.0,273.0,273.0,273.0,273.0,273.0,372.9999350277279,372.9999707386373,0.0,368.7879,1749.5776,42.63209999999998
491,491,491.0,491.0,491.0,491.0,491.0,491.0,491.0,491.0,491.0,491.0,491.0,491.0,491.0,491.0,491.0,491.0,491.0,491.0,491.0,491.0,491.0,,,,,,,,,,,,,,,,,,,,,,,,,,,,,,0.1,355.9582,339.696,324.8873,312.0201,301.3574,292.9443,286.6547,282.2609,279.5107,278.1944,278.1944,279.5107,282.2609,286.6547,292.9443,301.3574,312.0201,324.8873,339.696,355.9583,370.90737706589294,300.2971062388217,368.7879,168.72830000000005,1380.7897,42.63209999999998
492,492,492.0,492.0,492.0,492.0,492.0,492.0,492.0,492.0,492.0,492.0,492.0,492.0,492.0,492.0,492.0,492.0,492.0,492.0,492.0,492.0,492.0,,,,,,,,,,,,,,,,,,,,,,,,,,,,,,0.2,359.3385,348.062,337.3563,327.4726,318.6246,310.9808,304.659,299.7232,296.1811,293.9816,293.0121,293.0975,294.0029,295.4448,297.1134,298.7061,299.9695,300.7408,300.9773,300.7649,254.1050925357852,272.2183848950732,537.5162,143.85029999999995,1212.0614,42.63209999999998
493,493,493.0,493.0,493.0,493.0,493.0,493.0,493.0,493.0,493.0,493.0,493.0,493.0,493.0,493.0,493.0,493.0,493.0,493.0,493.0,493.0,493.0,,,,,,,,,,,,,,,,,,,,,,,,,,,,,,0.3,264.9506,275.0683,283.8466,290.878,296.0001,299.2845,300.9835,301.4526,301.0696,300.1676,298.9903,297.6729,296.2452,294.6532,292.7905,290.5365,287.7941,284.5211,280.7495,276.5901,285.1720230995052,339.5753491533109,681.3665,145.1223,1068.2111,42.63209999999998
494,494,494.0,494.0,494.0,494.0,494.0,494.0,494.0,494.0,494.0,494.0,494.0,494.0,494.0,494.0,494.0,494.0,494.0,494.0,494.0,494.0,494.0,,,,,,,,,,,,,,,,,,,,,,,,,,,,,,0.4,286.4607,287.7743,289.1224,290.4888,291.8309,293.0886,294.2001,295.1213,295.8443,296.4125,296.9289,297.5575,298.5154,300.0549,302.4337,305.8757,310.5266,316.4131,323.4155,331.2662,372.9999776151423,372.9999589340749,826.4888,90.76170000000002,923.0888,42.63209999999998
495,495,495.0,495.0,495.0,495.0,495.0,495.0,495.0,495.0,495.0,495.0,495.0,495.0,495.0,495.0,495.0,495.0,495.0,495.0,495.0,495.0,495.0,,,,,,,,,,,,,,,,,,,,,,,,,,,,,,0.5,359.2728,346.2224,334.4338,324.331,316.143,309.911,305.5279,302.7972,301.4955,301.4248,302.4475,304.5009,307.5937,311.7867,317.1619,323.7862,331.6746,340.7589,350.8693,361.7344,372.9999576334544,372.9999226167959,917.2505,59.70950000000005,832.3271000000001,42.63209999999998
496,496,496.0,496.0,496.0,496.0,496.0,496.0,496.0,496.0,496.0,496.0,496.0,496.0,496.0,496.0,496.0,496.0,496.0,496.0,496.0,496.0,496.0,,,,,,,,,,,,,,,,,,,,,,,,,,,,,,0.6,363.7077,354.6809,346.1705,338.4004,331.5582,325.7897,321.1978,317.8455,315.7611,314.9449,315.3756,317.0156,319.8141,323.7079,328.6202,334.4586,341.1127,348.452,356.3268,364.5696,372.99995918211295,372.999946442226,976.96,94.24149999999986,772.6176,42.63209999999998
497,497,497.0,497.0,497.0,497.0,497.0,497.0,497.0,497.0,497.0,497.0,497.0,497.0,497.0,497.0,497.0,497.0,497.0,497.0,497.0,497.0,497.0,,,,,,,,,,,,,,,,,,,,,,,,,,,,,,0.7,365.9874,359.1457,352.6403,346.6262,341.2431,336.6123,332.8337,329.9842,328.1175,327.2633,327.4288,328.5992,330.7395,333.7954,337.6951,342.3507,347.6602,353.5089,359.7715,366.3149,372.99995558552337,372.9999663088629,1071.2015,155.98350000000005,678.3761000000002,42.63209999999998
498,498,498.0,498.0,498.0,498.0,498.0,498.0,498.0,498.0,498.0,498.0,498.0,498.0,498.0,498.0,498.0,498.0,498.0,498.0,498.0,498.0,498.0,,,,,,,,,,,,,,,,,,,,,,,,,,,,,,0.8,367.5731,362.2719,357.2191,352.5307,348.3135,344.6626,341.6588,339.3673,337.8364,337.0963,337.1595,338.0204,339.6558,342.0261,345.0761,348.7365,352.9255,357.5507,362.5109,367.6981,372.9999591740518,372.99971856632055,1227.185,226.51150000000007,522.3926000000001,42.63209999999998
499,499,499.0,499.0,499.0,499.0,499.0,499.0,499.0,499.0,499.0,499.0,499.0,499.0,499.0,499.0,499.0,499.0,499.0,499.0,499.0,499.0,499.0,,,,,,,,,,,,,,,,,,,,,,,,,,,,,,0.9,368.7661,364.6284,360.6808,357.0127,353.7069,350.8374,348.4684,346.652,345.4278,344.8217,344.8458,345.4979,346.762,348.6084,350.9951,353.8681,357.1632,360.8071,364.7193,368.8135,372.9999591828621,372.9998925019,1453.6965,295.88110000000006,295.88110000000006,42.63209999999998
500,500,500.0,500.0,500.0,500.0,500.0,500.0,500.0,500.0,500.0,500.0,500.0,500.0,500.0,500.0,500.0,500.0,500.0,500.0,500.0,500.0,500.0,,,,,,,,,,,,,,,,,,,,,,,,,,,,,,0.0,273.0,273.0,273.0,273.0,273.0,273.0,273.0,273.0,273.0,273.0,273.0,273.0,273.0,273.0,273.0,273.0,273.0,273.0,273.0,273.0,372.99992583319965,372.9999755853204,0.0,368.7878,2056.4876,47.2405
501,501,501.0,501.0,501.0,501.0,501.0,501.0,501.0,501.0,501.0,501.0,501.0,501.0,501.0,501.0,501.0,501.0,501.0,501.0,501.0,501.0,501.0,,,,,,,,,,,,,,,,,,,,,,,,,,,,,,0.1,355.9582,339.696,324.8873,312.0201,301.3574,292.9443,286.6547,282.2609,279.5107,278.1944,278.1944,279.5107,282.2609,286.6547,292.9443,301.3574,312.0201,324.8873,339.696,355.9583,306.4528909440661,349.43226976121576,368.7878,151.1759,1687.6998,47.2405
502,502,502.0,502.0,502.0,502.0,502.0,502.0,502.0,502.0,502.0,502.0,502.0,502.0,502.0,502.0,502.0,502.0,502.0,502.0,502.0,502.0,502.0,,,,,,,,,,,,,,,,,,,,,,,,,,,,,,0.2,305.871,305.0811,303.9305,302.3619,300.4312,298.299,296.2017,294.4128,293.2021,292.8039,293.394,295.0791,297.8946,301.8103,306.7399,312.5553,319.1026,326.2178,333.7408,341.5238,343.45427988152625,273.08926748439893,519.9637,92.97630000000004,1536.5239,47.2405
503,503,503.0,503.0,503.0,503.0,503.0,503.0,503.0,503.0,503.0,503.0,503.0,503.0,503.0,503.0,503.0,503.0,503.0,503.0,503.0,503.0,503.0,,,,,,,,,,,,,,,,,,,,,,,,,,,,,,0.3,335.9554,328.7612,322.142,316.3081,311.395,307.4631,304.5058,302.4615,301.2248,300.6503,300.5522,300.701,300.824,300.6156,299.7621,297.9815,295.072,290.9603,285.7338,279.6463,372.99996302603,372.99993194935263,612.94,116.90589999999996,1443.5476,47.2405
504,504,504.0,504.0,504.0,504.0,504.0,504.0,504.0,504.0,504.0,504.0,504.0,504.0,504.0,504.0,504.0,504.0,504.0,504.0,504.0,504.0,504.0,,,,,,,,,,,,,,,,,,,,,,,,,,,,,,0.4,362.582,352.5201,343.1308,334.6598,327.2652,321.0168,315.9106,311.8951,308.9022,306.8801,305.8221,305.7862,306.9025,309.3619,313.3851,319.1721,326.8405,336.3643,347.5312,359.9334,372.99984687145815,372.9998439967701,729.8459,92.73259999999992,1326.6417,47.2405
505,505,505.0,505.0,505.0,505.0,505.0,505.0,505.0,505.0,505.0,505.0,505.0,505.0,505.0,505.0,505.0,505.0,505.0,505.0,505.0,505.0,505.0,,,,,,,,,,,,,,,,,,,,,,,,,,,,,,0.5,365.1405,357.4525,350.1013,343.2407,337.0091,331.5279,326.9011,323.2171,320.5504,318.9638,318.5089,319.2253,321.1373,324.2486,328.5357,333.942,340.3715,347.687,355.7104,364.2281,372.99996670485376,372.9999626890177,822.5785,119.96550000000002,1233.9091,47.2405
506,506,506.0,506.0,506.0,506.0,506.0,506.0,506.0,506.0,506.0,506.0,506.0,506.0,506.0,506.0,506.0,506.0,506.0,506.0,506.0,506.0,506.0,,,,,,,,,,,,,,,,,,,,,,,,,,,,,,0.6,366.7471,360.6255,354.764,349.2865,344.3094,339.9399,336.2741,333.3949,331.3707,330.2538,330.0788,330.8613,332.5963,335.2572,338.795,343.1381,348.1929,353.8455,359.9636,366.4007,372.9999464449645,372.9999335625205,942.544,178.53419999999994,1113.9436,47.2405
507,507,507.0,507.0,507.0,507.0,507.0,507.0,507.0,507.0,507.0,507.0,507.0,507.0,507.0,507.0,507.0,507.0,507.0,507.0,507.0,507.0,507.0,,,,,,,,,,,,,,,,,,,,,,,,,,,,,,0.7,368.033,363.1729,358.5246,354.1888,350.2602,346.8254,343.961,341.7324,340.1918,339.3769,339.3101,339.9972,341.4274,343.5726,346.3881,349.813,353.7714,358.174,362.9202,367.9008,372.9999356198073,372.9999589483933,1121.0782,246.8256000000001,935.4094,47.2405
508,508,508.0,508.0,508.0,508.0,508.0,508.0,508.0,508.0,508.0,508.0,508.0,508.0,508.0,508.0,508.0,508.0,508.0,508.0,508.0,508.0,508.0,,,,,,,,,,,,,,,,,,,,,,,,,,,,,,0.8,369.0751,365.2362,361.5677,358.1502,355.0592,352.3634,350.123,348.3888,347.2004,346.5857,346.5602,347.1261,348.2723,349.9747,352.1964,354.8884,357.9908,361.4338,365.1398,369.0246,372.999959180892,372.9997556462736,1367.9038,313.88969999999995,688.5837999999999,47.2405
509,509,509.0,509.0,509.0,509.0,509.0,509.0,509.0,509.0,509.0,509.0,509.0,509.0,509.0,509.0,509.0,509.0,509.0,509.0,509.0,509.0,509.0,,,,,,,,,,,,,,,,,,,,,,,,,,,,,,0.9,369.9085,366.8855,363.9978,361.3095,358.8804,356.7645,355.0092,353.6539,352.7292,352.2565,352.2467,352.7009,353.6094,354.9526,356.7008,358.8152,361.2486,363.9466,366.8485,369.8891,372.9995947826511,372.99993306382055,1681.7935,374.69409999999993,374.69409999999993,47.2405
510,510,510.0,510.0,510.0,510.0,510.0,510.0,510.0,510.0,510.0,510.0,510.0,510.0,510.0,510.0,510.0,510.0,510.0,510.0,510.0,510.0,510.0,,,,,,,,,,,,,,,,,,,,,,,,,,,,,,0.0,273.0,273.0,273.0,273.0,273.0,273.0,273.0,273.0,273.0,273.0,273.0,273.0,273.0,273.0,273.0,273.0,273.0,273.0,273.0,273.0,372.99997462794187,372.99995480845536,0.0,368.7878,1709.1121,40.961400000000026
511,511,511.0,511.0,511.0,511.0,511.0,511.0,511.0,511.0,511.0,511.0,511.0,511.0,511.0,511.0,511.0,511.0,511.0,511.0,511.0,511.0,511.0,,,,,,,,,,,,,,,,,,,,,,,,,,,,,,0.1,355.9583,339.696,324.8873,312.0201,301.3574,292.9443,286.6547,282.2609,279.5107,278.1944,278.1944,279.5107,282.2609,286.6547,292.9443,301.3574,312.0201,324.8873,339.696,355.9582,338.4537822815849,323.5680913698471,368.7878,158.17659999999995,1340.3243,40.961400000000026
512,512,512.0,512.0,512.0,512.0,512.0,512.0,512.0,512.0,512.0,512.0,512.0,512.0,512.0,512.0,512.0,512.0,512.0,512.0,512.0,512.0,512.0,,,,,,,,,,,,,,,,,,,,,,,,,,,,,,0.2,332.4169,326.4205,320.5257,314.8285,309.463,304.5931,300.3962,297.0408,294.6654,293.3606,293.1562,294.0154,295.8349,298.4537,301.6697,305.2638,309.0305,312.8067,316.4944,320.0688,300.4029771457474,272.7516536762325,526.9644,115.3026000000001,1182.1477,40.961400000000026
513,513,513.0,513.0,513.0,513.0,513.0,513.0,513.0,513.0,513.0,513.0,513.0,513.0,513.0,513.0,513.0,513.0,513.0,513.0,513.0,513.0,513.0,,,,,,,,,,,,,,,,,,,,,,,,,,,,,,0.3,301.7864,302.9715,303.7992,304.1787,304.1004,303.6301,302.8866,302.0116,301.1346,300.3437,299.6634,299.0442,298.3643,297.4455,296.0805,294.0713,291.2709,287.6224,283.1843,278.1349,253.1067582092548,272.68547255011447,642.267,145.23989999999992,1066.8451,40.961400000000026
514,514,514.0,514.0,514.0,514.0,514.0,514.0,514.0,514.0,514.0,514.0,514.0,514.0,514.0,514.0,514.0,514.0,514.0,514.0,514.0,514.0,514.0,,,,,,,,,,,,,,,,,,,,,,,,,,,,,,0.4,261.559,269.6012,276.8773,283.1266,288.2052,292.0836,294.8261,296.5582,297.4324,297.5983,297.1829,296.2813,294.9559,293.2439,291.1667,288.7414,285.9908,282.9502,279.6715,276.2228,372.99984019495946,372.99997461958776,787.5069,154.91830000000004,921.6052,40.961400000000026
515,515,515.0,515.0,515.0,515.0,515.0,515.0,515.0,515.0,515.0,515.0,515.0,515.0,515.0,515.0,515.0,515.0,515.0,515.0,515.0,515.0,515.0,,,,,,,,,,,,,,,,,,,,,,,,,,,,,,0.5,358.3303,344.4372,331.9799,321.4124,312.9419,306.5416,302.0054,299.0297,297.2989,296.5599,296.6735,297.6394,299.5928,302.7747,307.4784,313.9786,322.4523,332.9077,345.1367,358.7068,372.9999582453512,372.9999581025257,942.4252,78.84069999999997,766.6869,40.961400000000026
516,516,516.0,516.0,516.0,516.0,516.0,516.0,516.0,516.0,516.0,516.0,516.0,516.0,516.0,516.0,516.0,516.0,516.0,516.0,516.0,516.0,516.0,,,,,,,,,,,,,,,,,,,,,,,,,,,,,,0.6,363.1267,353.5247,344.4494,336.127,328.7451,322.4485,317.3399,313.4854,310.9222,309.6672,309.7244,311.089,313.7476,317.675,322.8274,329.1344,336.492,344.7572,353.7472,363.2434,372.99993079202,372.999808744143,1021.2659,84.10800000000006,687.8462000000001,40.961400000000026
517,517,517.0,517.0,517.0,517.0,517.0,517.0,517.0,517.0,517.0,517.0,517.0,517.0,517.0,517.0,517.0,517.0,517.0,517.0,517.0,517.0,517.0,,,,,,,,,,,,,,,,,,,,,,,,,,,,,,0.7,365.4489,358.0735,351.0441,344.5213,338.6516,333.5638,329.3673,326.1497,323.9766,322.891,322.9131,324.0412,326.251,329.4962,333.709,338.8001,344.66,351.1606,358.1574,365.4928,372.9997749125891,372.9999655464079,1105.3739,133.4275,603.7382,40.961400000000026
518,518,518.0,518.0,518.0,518.0,518.0,518.0,518.0,518.0,518.0,518.0,518.0,518.0,518.0,518.0,518.0,518.0,518.0,518.0,518.0,518.0,518.0,,,,,,,,,,,,,,,,,,,,,,,,,,,,,,0.8,367.101,361.3352,355.8322,350.7155,346.0999,342.0881,338.7694,336.217,334.4868,333.6167,333.6252,334.5115,336.2557,338.8187,342.1436,346.1566,350.7686,355.8767,361.3674,367.1179,372.9999069242475,372.9999578549919,1238.8014,200.2092,470.3107,40.961400000000026
519,519,519.0,519.0,519.0,519.0,519.0,519.0,519.0,519.0,519.0,519.0,519.0,519.0,519.0,519.0,519.0,519.0,519.0,519.0,519.0,519.0,519.0,,,,,,,,,,,,,,,,,,,,,,,,,,,,,,0.9,368.3745,363.8527,359.5357,355.5203,351.8962,348.7443,346.135,344.1265,342.7634,342.0759,342.0792,342.7729,344.1413,346.1539,348.7655,351.9179,355.5406,359.5528,363.865,368.3809,372.99991227608353,372.99997002940233,1439.0106,270.1015,270.1015,40.961400000000026
520,520,520.0,520.0,520.0,520.0,520.0,520.0,520.0,520.0,520.0,520.0,520.0,520.0,520.0,520.0,520.0,520.0,520.0,520.0,520.0,520.0,520.0,,,,,,,,,,,,,,,,,,,,,,,,,,,,,,0.0,273.0,273.0,273.0,273.0,273.0,273.0,273.0,273.0,273.0,273.0,273.0,273.0,273.0,273.0,273.0,273.0,273.0,273.0,273.0,273.0,372.9999693315094,372.9998983780737,0.0,368.7879,1744.6711,42.40109999999999
521,521,521.0,521.0,521.0,521.0,521.0,521.0,521.0,521.0,521.0,521.0,521.0,521.0,521.0,521.0,521.0,521.0,521.0,521.0,521.0,521.0,521.0,,,,,,,,,,,,,,,,,,,,,,,,,,,,,,0.1,355.9583,339.696,324.8873,312.0201,301.3574,292.9443,286.6547,282.2609,279.5107,278.1944,278.1944,279.5107,282.2609,286.6546,292.9443,301.3574,312.0201,324.8873,339.696,355.9582,371.785114027005,299.6686883602783,368.7879,169.0718,1375.8832,42.40109999999999
522,522,522.0,522.0,522.0,522.0,522.0,522.0,522.0,522.0,522.0,522.0,522.0,522.0,522.0,522.0,522.0,522.0,522.0,522.0,522.0,522.0,522.0,,,,,,,,,,,,,,,,,,,,,,,,,,,,,,0.2,360.0666,348.6473,337.8115,327.8145,318.8724,311.1536,304.7743,299.7957,296.2221,293.9984,293.0083,293.0727,293.9534,295.3636,296.9904,298.529,299.7248,300.4149,300.5583,300.2436,253.7874654452895,272.8217183586691,537.8597,144.5294,1206.8114,42.40109999999999
523,523,523.0,523.0,523.0,523.0,523.0,523.0,523.0,523.0,523.0,523.0,523.0,523.0,523.0,523.0,523.0,523.0,523.0,523.0,523.0,523.0,523.0,,,,,,,,,,,,,,,,,,,,,,,,,,,,,,0.3,264.7296,274.9369,283.7918,290.8829,296.0458,299.3529,301.0587,301.5222,301.1253,300.2054,299.0104,297.6795,296.2471,294.6631,292.8253,290.6165,287.9414,284.7579,281.0958,277.0609,280.6083405471482,334.5143702247958,682.3891,146.66460000000006,1062.2820000000002,42.40109999999999
524,524,524.0,524.0,524.0,524.0,524.0,524.0,524.0,524.0,524.0,524.0,524.0,524.0,524.0,524.0,524.0,524.0,524.0,524.0,524.0,524.0,524.0,,,,,,,,,,,,,,,,,,,,,,,,,,,,,,0.4,282.6762,284.7338,286.7603,288.7175,290.5505,292.197,293.6004,294.7264,295.5782,296.2081,296.7235,297.2872,298.1091,299.4295,301.4918,304.5073,308.6138,313.8396,320.0784,327.0879,372.9998153016527,372.99997977918576,829.0537,96.44089999999994,915.6174,42.40109999999999
525,525,525.0,525.0,525.0,525.0,525.0,525.0,525.0,525.0,525.0,525.0,525.0,525.0,525.0,525.0,525.0,525.0,525.0,525.0,525.0,525.0,525.0,,,,,,,,,,,,,,,,,,,,,,,,,,,,,,0.5,359.0419,345.7819,333.8223,323.5969,315.3364,309.0755,304.6945,301.982,300.6997,300.6382,301.6537,303.684,306.7449,310.9091,316.2748,322.9249,330.8877,340.1015,350.3951,361.4856,372.9999464438333,372.9999335625205,925.4946,60.07579999999996,819.1765,42.40109999999999
526,526,526.0,526.0,526.0,526.0,526.0,526.0,526.0,526.0,526.0,526.0,526.0,526.0,526.0,526.0,526.0,526.0,526.0,526.0,526.0,526.0,526.0,,,,,,,,,,,,,,,,,,,,,,,,,,,,,,0.6,363.5843,354.4385,345.8174,337.9481,331.0203,325.1808,320.5328,317.1386,315.0258,314.1939,314.6216,316.2713,319.0931,323.0249,327.9911,333.9,340.641,348.0826,356.0726,364.44,372.9999464470544,372.9999591757284,985.5704,91.79600000000016,759.1007000000001,42.40109999999999
527,527,527.0,527.0,527.0,527.0,527.0,527.0,527.0,527.0,527.0,527.0,527.0,527.0,527.0,527.0,527.0,527.0,527.0,527.0,527.0,527.0,527.0,,,,,,,,,,,,,,,,,,,,,,,,,,,,,,0.7,365.8962,358.9656,352.3755,346.2829,340.8293,336.1372,332.3079,329.4194,327.5257,326.6573,326.8216,328.004,330.1692,333.2628,337.2122,341.929,347.3096,353.2379,359.587,366.2214,372.9998019046738,372.9999036154885,1077.3664,152.39909999999986,667.3046999999999,42.40109999999999
528,528,528.0,528.0,528.0,528.0,528.0,528.0,528.0,528.0,528.0,528.0,528.0,528.0,528.0,528.0,528.0,528.0,528.0,528.0,528.0,528.0,528.0,,,,,,,,,,,,,,,,,,,,,,,,,,,,,,0.8,367.5017,362.131,357.0118,352.2615,347.9885,344.2888,341.2446,338.9219,337.3696,336.6185,336.6812,337.5523,339.2083,341.6093,344.6994,348.4084,352.6535,357.341,362.3683,367.6259,372.9998379245853,372.9999757348547,1229.7655,222.67160000000013,514.9056,42.40109999999999
529,529,529.0,529.0,529.0,529.0,529.0,529.0,529.0,529.0,529.0,529.0,529.0,529.0,529.0,529.0,529.0,529.0,529.0,529.0,529.0,529.0,529.0,,,,,,,,,,,,,,,,,,,,,,,,,,,,,,0.9,368.71,364.5176,360.5177,356.801,353.4512,350.5435,348.1427,346.3018,345.0609,344.4463,344.4702,345.1305,346.411,348.2818,350.7001,353.6114,356.9505,360.6434,364.6081,368.7574,372.9999464434303,372.9999464452699,1452.4371,292.2339999999999,292.2339999999999,42.40109999999999
530,530,530.0,530.0,530.0,530.0,530.0,530.0,530.0,530.0,530.0,530.0,530.0,530.0,530.0,530.0,530.0,530.0,530.0,530.0,530.0,530.0,530.0,,,,,,,,,,,,,,,,,,,,,,,,,,,,,,0.0,273.0,273.0,273.0,273.0,273.0,273.0,273.0,273.0,273.0,273.0,273.0,273.0,273.0,273.0,273.0,273.0,273.0,273.0,273.0,273.0,372.99995894067337,372.9999440677397,0.0,368.7879,1729.4042,40.8868
531,531,531.0,531.0,531.0,531.0,531.0,531.0,531.0,531.0,531.0,531.0,531.0,531.0,531.0,531.0,531.0,531.0,531.0,531.0,531.0,531.0,531.0,,,,,,,,,,,,,,,,,,,,,,,,,,,,,,0.1,355.9583,339.696,324.8873,312.0201,301.3574,292.9443,286.6547,282.2609,279.5107,278.1944,278.1944,279.5107,282.2609,286.6547,292.9443,301.3574,312.0201,324.8873,339.696,355.9582,337.37357235856234,324.44115863080054,368.7879,157.86950000000007,1360.6163,40.8868
532,532,532.0,532.0,532.0,532.0,532.0,532.0,532.0,532.0,532.0,532.0,532.0,532.0,532.0,532.0,532.0,532.0,532.0,532.0,532.0,532.0,532.0,,,,,,,,,,,,,,,,,,,,,,,,,,,,,,0.2,331.5209,325.7002,319.9656,314.4077,309.1581,304.3807,300.2546,296.9521,294.616,293.3418,293.1642,294.0513,295.9044,298.567,301.8408,305.51,309.3705,313.2594,317.0766,320.793,302.8508721952032,272.8760388678442,526.6574,114.41009999999994,1202.7468,40.8868
533,533,533.0,533.0,533.0,533.0,533.0,533.0,533.0,533.0,533.0,533.0,533.0,533.0,533.0,533.0,533.0,533.0,533.0,533.0,533.0,533.0,533.0,,,,,,,,,,,,,,,,,,,,,,,,,,,,,,0.3,303.7649,304.5054,304.9343,304.9759,304.6281,303.9565,303.0744,302.1138,301.1929,300.3889,299.7162,299.1169,298.463,297.5706,296.2287,294.2359,291.4436,287.7938,283.3458,278.2797,260.4841290758621,259.93785569238406,641.0675,147.85469999999998,1088.3366999999998,40.8868
534,534,534.0,534.0,534.0,534.0,534.0,534.0,534.0,534.0,534.0,534.0,534.0,534.0,534.0,534.0,534.0,534.0,534.0,534.0,534.0,534.0,534.0,,,,,,,,,,,,,,,,,,,,,,,,,,,,,,0.4,267.7809,274.7141,280.9682,286.3124,290.6189,293.8603,296.0904,297.4132,297.9512,297.8171,297.095,295.8314,294.0363,291.692,288.7686,285.2411,281.108,276.4057,271.217,265.6719,372.9999337041681,372.9999591685674,788.9222,167.3143,940.482,40.8868
535,535,535.0,535.0,535.0,535.0,535.0,535.0,535.0,535.0,535.0,535.0,535.0,535.0,535.0,535.0,535.0,535.0,535.0,535.0,535.0,535.0,535.0,,,,,,,,,,,,,,,,,,,,,,,,,,,,,,0.5,358.722,345.1771,332.9877,322.5822,314.1555,307.6806,302.9619,299.7122,297.6362,296.5027,296.1966,296.7444,298.3121,301.1758,305.6652,312.0889,320.6484,331.3599,344.0022,358.1066,372.999924534776,372.9999999989223,956.2365,85.72559999999999,773.1677,40.8868
536,536,536.0,536.0,536.0,536.0,536.0,536.0,536.0,536.0,536.0,536.0,536.0,536.0,536.0,536.0,536.0,536.0,536.0,536.0,536.0,536.0,536.0,,,,,,,,,,,,,,,,,,,,,,,,,,,,,,0.6,363.2525,353.7626,344.7732,336.5005,329.1251,322.7891,317.5964,313.6185,310.9017,309.4752,309.3574,310.5586,313.0806,316.9114,322.0179,328.3362,335.7638,344.1545,353.3168,363.0193,372.9999437789335,372.9999999871209,1041.9621,85.99549999999999,687.4421,40.8868
537,537,537.0,537.0,537.0,537.0,537.0,537.0,537.0,537.0,537.0,537.0,537.0,537.0,537.0,537.0,537.0,537.0,537.0,537.0,537.0,537.0,537.0,,,,,,,,,,,,,,,,,,,,,,,,,,,,,,0.7,365.4806,358.1317,351.1194,344.6005,338.719,333.6034,329.3636,326.0898,323.8516,322.6968,322.6518,323.7204,325.8843,329.1019,333.3088,338.4177,344.3191,350.8831,357.9615,365.3915,372.9999464411902,372.9999591789622,1127.9576,133.23849999999993,601.4466,40.8868
538,538,538.0,538.0,538.0,538.0,538.0,538.0,538.0,538.0,538.0,538.0,538.0,538.0,538.0,538.0,538.0,538.0,538.0,538.0,538.0,538.0,538.0,,,,,,,,,,,,,,,,,,,,,,,,,,,,,,0.8,367.0996,361.3305,355.8212,350.694,346.063,342.031,338.6878,336.1077,334.3484,333.4498,333.4326,334.2984,336.0292,338.5878,341.9185,345.9479,350.5866,355.7309,361.2655,367.0656,372.9999615118484,372.9999046142639,1261.1961,199.2587000000001,468.20810000000006,40.8868
539,539,539.0,539.0,539.0,539.0,539.0,539.0,539.0,539.0,539.0,539.0,539.0,539.0,539.0,539.0,539.0,539.0,539.0,539.0,539.0,539.0,539.0,,,,,,,,,,,,,,,,,,,,,,,,,,,,,,0.9,368.3631,363.8295,359.5,355.4711,351.8326,348.6656,346.0409,344.0171,342.6396,341.9396,341.933,342.6205,343.9871,346.0027,348.6227,351.7887,355.4301,359.4655,363.8046,368.3501,372.9999244866751,372.9999768158039,1460.4548,268.9494,268.9494,40.8868
540,540,540.0,540.0,540.0,540.0,540.0,540.0,540.0,540.0,540.0,540.0,540.0,540.0,540.0,540.0,540.0,540.0,540.0,540.0,540.0,540.0,,,,,,,,,,,,,,,,,,,,,,,,,,,,,,,0.0,273.0,273.0,273.0,273.0,273.0,273.0,273.0,273.0,273.0,273.0,273.0,273.0,273.0,273.0,273.0,273.0,273.0,273.0,273.0,273.0,372.999931332822,372.99996652134433,0.0,368.7879,1122.1976,-40.0
541,541,541.0,541.0,541.0,541.0,541.0,541.0,541.0,541.0,541.0,541.0,541.0,541.0,541.0,541.0,541.0,541.0,541.0,541.0,541.0,541.0,,,,,,,,,,,,,,,,,,,,,,,,,,,,,,,0.1,355.9582,339.696,324.8873,312.0201,301.3574,292.9443,286.6547,282.2609,279.5107,278.1944,278.1944,279.5107,282.2609,286.6547,292.9443,301.3574,312.0201,324.8873,339.696,355.9583,322.662605741231,322.81464608508907,368.7879,157.91109999999998,753.4096999999999,-20.0557
542,542,542.0,542.0,542.0,542.0,542.0,542.0,542.0,542.0,542.0,542.0,542.0,542.0,542.0,542.0,542.0,542.0,542.0,542.0,542.0,542.0,,,,,,,,,,,,,,,,,,,,,,,,,,,,,,,0.2,319.3172,315.8894,312.3345,308.672,304.9961,301.4666,298.2855,295.6656,293.7985,292.8276,292.8297,293.8051,295.6779,298.3054,301.4965,305.039,308.7313,312.4134,315.9908,319.4433,304.5652569640851,301.5043514070774,526.699,108.995,595.4986,-11.533399999999972
543,543,543.0,543.0,543.0,543.0,543.0,543.0,543.0,543.0,543.0,543.0,543.0,543.0,543.0,543.0,543.0,543.0,543.0,543.0,543.0,543.0,,,,,,,,,,,,,,,,,,,,,,,,,,,,,,,0.3,304.456,304.2601,303.9121,303.3839,302.6913,301.8919,301.073,300.3344,299.7703,299.4513,299.4124,299.6457,300.1008,300.6922,301.3124,301.8506,302.2135,302.3437,302.2328,301.9242,322.0527919383265,337.32222247508685,635.694,96.1812,486.5036,-11.10809999999998
544,544,544.0,544.0,544.0,544.0,544.0,544.0,544.0,544.0,544.0,544.0,544.0,544.0,544.0,544.0,544.0,544.0,544.0,544.0,544.0,544.0,,,,,,,,,,,,,,,,,,,,,,,,,,,,,,,0.4,318.6554,315.3931,312.3843,309.7192,307.453,305.6083,304.1828,303.1608,302.5265,302.2757,302.4248,303.0155,304.1143,305.8059,308.1798,311.3106,315.2352,319.9314,325.3028,331.1778,173.00085587198518,372.9998803270713,731.8752,72.62990000000002,390.3224,-7.391700000000014
545,545,545.0,545.0,545.0,545.0,545.0,545.0,545.0,545.0,545.0,545.0,545.0,545.0,545.0,545.0,545.0,545.0,545.0,545.0,545.0,545.0,,,,,,,,,,,,,,,,,,,,,,,,,,,,,,,0.5,195.9692,217.8444,237.6904,254.8493,269.0023,280.1655,288.6313,294.8789,299.4804,303.0222,306.0511,309.0461,312.4087,316.4622,321.4511,327.5359,334.7828,343.1526,352.4953,362.5566,249.92504334563515,344.3903241332736,804.5051,102.9801,317.6925,-32.83449999999999
546,546,546.0,546.0,546.0,546.0,546.0,546.0,546.0,546.0,546.0,546.0,546.0,546.0,546.0,546.0,546.0,546.0,546.0,546.0,546.0,546.0,,,,,,,,,,,,,,,,,,,,,,,,,,,,,,,0.6,253.076,256.4748,260.3161,264.7029,269.634,275.0171,280.7014,286.5172,292.3119,297.9713,303.4265,308.646,313.6207,318.3483,322.8229,327.0325,330.9667,334.6277,338.0421,341.2677,334.6579553620068,372.9998448385417,907.4852,71.74380000000008,214.7124,-37.98289999999997
547,547,547.0,547.0,547.0,547.0,547.0,547.0,547.0,547.0,547.0,547.0,547.0,547.0,547.0,547.0,547.0,547.0,547.0,547.0,547.0,547.0,,,,,,,,,,,,,,,,,,,,,,,,,,,,,,,0.7,324.5426,315.1291,307.024,300.6642,296.2796,293.8959,293.371,294.4526,296.8408,300.2424,304.4114,309.1706,314.4171,320.1137,326.27,332.9174,340.0805,347.7528,355.8785,364.3467,177.41672986288245,372.9998391911433,979.229,41.2518,142.96859999999992,-19.104100000000017
548,548,548.0,548.0,548.0,548.0,548.0,548.0,548.0,548.0,548.0,548.0,548.0,548.0,548.0,548.0,548.0,548.0,548.0,548.0,548.0,548.0,,,,,,,,,,,,,,,,,,,,,,,,,,,,,,,0.8,198.5959,218.8072,237.2335,253.3229,266.8427,277.8678,286.7148,293.8484,299.7842,305.0095,309.9331,314.8624,320.0041,325.4782,331.3374,337.5855,344.1932,351.109,358.2669,365.5911,303.39129196760234,372.9999335625205,1020.4808,70.5900999999999,101.71679999999992,-35.13220000000001
549,549,549.0,549.0,549.0,549.0,549.0,549.0,549.0,549.0,549.0,549.0,549.0,549.0,549.0,549.0,549.0,549.0,549.0,549.0,549.0,549.0,,,,,,,,,,,,,,,,,,,,,,,,,,,,,,,0.9,297.3803,292.0595,288.009,285.6163,285.0401,286.2229,288.9437,292.8891,297.7258,303.155,308.9453,314.9414,321.0566,327.2552,333.5323,339.8964,346.3561,352.9121,359.5537,366.2596,235.4161466287469,346.0203343279655,1091.0709,31.126700000000028,31.126700000000028,-26.77710000000002
550,550,550.0,550.0,550.0,550.0,550.0,550.0,550.0,550.0,550.0,550.0,550.0,550.0,550.0,550.0,550.0,550.0,550.0,550.0,550.0,550.0,,,,,,,,,,,,,,,,,,,,,,,,,,,,,,,0.0,273.0,273.0,273.0,273.0,273.0,273.0,273.0,273.0,273.0,273.0,273.0,273.0,273.0,273.0,273.0,273.0,273.0,273.0,273.0,273.0,372.9999312070755,372.9999746250946,0.0,368.7878,961.0703,-40.0
551,551,551.0,551.0,551.0,551.0,551.0,551.0,551.0,551.0,551.0,551.0,551.0,551.0,551.0,551.0,551.0,551.0,551.0,551.0,551.0,551.0,,,,,,,,,,,,,,,,,,,,,,,,,,,,,,,0.1,355.9582,339.696,324.8873,312.0201,301.3574,292.9443,286.6547,282.2609,279.5107,278.1944,278.1944,279.5107,282.2609,286.6547,292.9443,301.3574,312.0201,324.8873,339.696,355.9583,265.5142893824616,371.8805620803877,368.7878,150.57789999999994,592.2825,-20.0557
552,552,552.0,552.0,552.0,552.0,552.0,552.0,552.0,552.0,552.0,552.0,552.0,552.0,552.0,552.0,552.0,552.0,552.0,552.0,552.0,552.0,,,,,,,,,,,,,,,,,,,,,,,,,,,,,,,0.2,271.9105,277.781,282.6985,286.4097,288.8691,290.2307,290.8036,290.989,291.2162,291.8886,293.3489,295.8612,299.606,304.6837,311.1204,318.8741,327.8398,337.8556,348.7086,360.1449,216.54649730869417,372.99602725267175,519.3657,95.84500000000004,441.7046,-22.769299999999987
553,553,553.0,553.0,553.0,553.0,553.0,553.0,553.0,553.0,553.0,553.0,553.0,553.0,553.0,553.0,553.0,553.0,553.0,553.0,553.0,553.0,,,,,,,,,,,,,,,,,,,,,,,,,,,,,,,0.3,228.6874,240.3596,251.1612,260.8101,269.1737,276.2706,282.2505,287.3578,291.8899,296.1577,300.4537,305.0304,310.0868,315.7625,322.1375,329.2339,337.0214,345.4226,354.3209,363.5684,323.91629009702444,372.9999206633936,615.2107,81.08450000000005,345.8596,-36.7294
554,554,554.0,554.0,554.0,554.0,554.0,554.0,554.0,554.0,554.0,554.0,554.0,554.0,554.0,554.0,554.0,554.0,554.0,554.0,554.0,554.0,,,,,,,,,,,,,,,,,,,,,,,,,,,,,,,0.4,314.9474,306.6759,299.6984,294.4333,291.086,289.6573,289.9881,291.8232,294.8751,298.8758,303.6075,308.9137,314.6941,320.8905,327.4694,334.4057,341.6707,349.224,357.011,364.9628,202.5939314195621,353.8044793399909,696.2952,41.40750000000003,264.77509999999995,-23.34269999999998
555,555,555.0,555.0,555.0,555.0,555.0,555.0,555.0,555.0,555.0,555.0,555.0,555.0,555.0,555.0,555.0,555.0,555.0,555.0,555.0,555.0,,,,,,,,,,,,,,,,,,,,,,,,,,,,,,,0.5,218.6739,234.0543,248.1483,260.5669,271.1577,279.9941,287.323,293.4919,298.8726,303.8002,308.5338,313.2397,317.9948,322.8024,327.616,332.3659,336.9842,341.426,345.6828,349.7868,302.0998853941595,372.9999335625205,737.7027,62.4538,223.36759999999992,-33.0059
556,556,556.0,556.0,556.0,556.0,556.0,556.0,556.0,556.0,556.0,556.0,556.0,556.0,556.0,556.0,556.0,556.0,556.0,556.0,556.0,556.0,,,,,,,,,,,,,,,,,,,,,,,,,,,,,,,0.6,297.1515,292.7731,289.4453,287.4929,287.0543,288.091,290.4295,293.8195,297.9924,302.7094,307.7904,313.125,318.6691,324.4299,330.446,336.7656,343.4248,350.4309,357.7512,365.3108,218.21778415564765,348.24595253761987,800.1565,36.51509999999996,160.91379999999992,-24.908999999999992
557,557,557.0,557.0,557.0,557.0,557.0,557.0,557.0,557.0,557.0,557.0,557.0,557.0,557.0,557.0,557.0,557.0,557.0,557.0,557.0,557.0,,,,,,,,,,,,,,,,,,,,,,,,,,,,,,,0.7,230.9778,243.2655,254.6845,264.9716,274.0223,281.8827,288.7136,294.7405,300.2011,305.304,310.2016,314.9784,319.6542,324.1968,328.5417,332.615,336.3572,339.7436,342.7972,345.5923,364.4419757008236,372.9997801758486,836.6716,41.9144,124.39869999999996,-31.1173
558,558,558.0,558.0,558.0,558.0,558.0,558.0,558.0,558.0,558.0,558.0,558.0,558.0,558.0,558.0,558.0,558.0,558.0,558.0,558.0,558.0,,,,,,,,,,,,,,,,,,,,,,,,,,,,,,,0.8,349.5108,335.5748,323.4848,313.8364,306.9171,302.7162,300.9847,301.3254,303.2859,306.4366,310.4234,314.9918,319.9886,325.3462,331.0577,337.1463,343.637,350.5302,357.7861,365.3182,224.57703290957028,300.66323767298667,878.586,10.753000000000045,82.48429999999996,-10.283799999999983
559,559,559.0,559.0,559.0,559.0,559.0,559.0,559.0,559.0,559.0,559.0,559.0,559.0,559.0,559.0,559.0,559.0,559.0,559.0,559.0,559.0,,,,,,,,,,,,,,,,,,,,,,,,,,,,,,,0.9,239.6571,253.9858,266.9363,278.0993,287.3237,294.7,300.4983,305.0805,308.8113,311.9846,314.7764,317.2265,319.2458,320.6471,321.1917,320.6477,318.8513,315.7608,311.4916,306.3216,173.00034125731318,344.4566089231503,889.339,71.73129999999992,71.73129999999992,-18.30000000000001
560,560,560.0,560.0,560.0,560.0,560.0,560.0,560.0,560.0,560.0,560.0,560.0,560.0,560.0,560.0,560.0,560.0,560.0,560.0,560.0,560.0,,,,,,,,,,,,,,,,,,,,,,,,,,,,,,,0.0,273.0,273.0,273.0,273.0,273.0,273.0,273.0,273.0,273.0,273.0,273.0,273.0,273.0,273.0,273.0,273.0,273.0,273.0,273.0,273.0,372.9999397947191,372.9999589429327,0.0,368.7879,1157.679,-40.0
561,561,561.0,561.0,561.0,561.0,561.0,561.0,561.0,561.0,561.0,561.0,561.0,561.0,561.0,561.0,561.0,561.0,561.0,561.0,561.0,561.0,,,,,,,,,,,,,,,,,,,,,,,,,,,,,,,0.1,355.9582,339.696,324.8873,312.0201,301.3574,292.9443,286.6547,282.2609,279.5107,278.1944,278.1944,279.5107,282.2609,286.6547,292.9443,301.3574,312.0201,324.8873,339.696,355.9583,265.5391565407399,371.8568492447648,368.7879,150.57830000000007,788.8911,-20.0557
562,562,562.0,562.0,562.0,562.0,562.0,562.0,562.0,562.0,562.0,562.0,562.0,562.0,562.0,562.0,562.0,562.0,562.0,562.0,562.0,562.0,,,,,,,,,,,,,,,,,,,,,,,,,,,,,,,0.2,271.9312,277.7976,282.7114,286.4194,288.8761,290.2356,290.8068,290.991,291.2173,291.8889,293.3486,295.8602,299.6041,304.6806,311.1158,318.8674,327.8306,337.8433,348.6928,360.1252,189.2939901284633,286.6324066683917,519.3662,122.1857,638.3128,-22.764400000000023
563,563,563.0,563.0,563.0,563.0,563.0,563.0,563.0,563.0,563.0,563.0,563.0,563.0,563.0,563.0,563.0,563.0,563.0,563.0,563.0,563.0,,,,,,,,,,,,,,,,,,,,,,,,,,,,,,,0.3,206.079,222.1816,237.0144,250.1592,261.4054,270.7486,278.3534,284.4936,289.4836,293.6132,297.0967,300.0398,302.4293,304.1459,304.9996,304.7837,303.3394,300.6172,296.7216,291.9229,367.5048820820788,372.9998701852108,641.5519,168.70309999999995,516.1271,-42.25139999999999
564,564,564.0,564.0,564.0,564.0,564.0,564.0,564.0,564.0,564.0,564.0,564.0,564.0,564.0,564.0,564.0,564.0,564.0,564.0,564.0,564.0,,,,,,,,,,,,,,,,,,,,,,,,,,,,,,,0.4,349.617,332.8753,318.2524,306.4157,297.6653,291.9485,288.9367,288.1394,289.022,291.1077,294.0468,297.6501,301.8895,306.8706,312.7829,319.8351,328.1846,337.874,348.7873,360.6387,173.00027358675862,372.9999471556664,810.255,79.73810000000003,347.4240000000001,-21.051499999999976
565,565,565.0,565.0,565.0,565.0,565.0,565.0,565.0,565.0,565.0,565.0,565.0,565.0,565.0,565.0,565.0,565.0,565.0,565.0,565.0,565.0,,,,,,,,,,,,,,,,,,,,,,,,,,,,,,,0.5,195.2347,216.3334,235.3413,251.6221,264.9218,275.3538,283.3196,289.3956,294.2177,298.387,302.4108,306.6758,311.4484,316.8889,323.0718,330.0044,337.6408,345.8932,354.6395,363.731,321.16171867025605,372.9997300373048,889.9931,95.32769999999994,267.68590000000006,-37.64620000000002
566,566,566.0,566.0,566.0,566.0,566.0,566.0,566.0,566.0,566.0,566.0,566.0,566.0,566.0,566.0,566.0,566.0,566.0,566.0,566.0,566.0,,,,,,,,,,,,,,,,,,,,,,,,,,,,,,,0.6,311.5475,302.7614,295.5024,290.2439,287.1907,286.2943,287.314,289.901,293.682,298.3233,303.5679,309.2452,315.2606,321.5745,328.1775,335.0689,342.2414,349.6717,357.3174,365.118,227.2809008327738,346.67265064092214,985.3208,40.172399999999925,172.35820000000012,-26.70569999999998
567,567,567.0,567.0,567.0,567.0,567.0,567.0,567.0,567.0,567.0,567.0,567.0,567.0,567.0,567.0,567.0,567.0,567.0,567.0,567.0,567.0,,,,,,,,,,,,,,,,,,,,,,,,,,,,,,,0.7,238.6541,249.5629,259.6233,268.5919,276.3915,283.1003,288.9112,294.0762,298.8504,303.4474,308.0113,312.608,317.2298,321.8128,326.2595,330.4664,334.3497,337.8681,341.0369,343.9305,284.424137283376,372.999768605027,1025.4932,53.94860000000017,132.1858000000002,-29.8997
568,568,568.0,568.0,568.0,568.0,568.0,568.0,568.0,568.0,568.0,568.0,568.0,568.0,568.0,568.0,568.0,568.0,568.0,568.0,568.0,568.0,,,,,,,,,,,,,,,,,,,,,,,,,,,,,,,0.8,283.4677,282.8314,282.7853,283.512,285.0895,287.4975,290.6408,294.3831,298.5816,303.1147,307.9005,312.9041,318.1355,323.6396,329.4812,335.7251,342.4158,349.5592,357.1104,364.9714,230.01971928180987,346.4795441967855,1079.4418,38.83169999999996,78.23720000000003,-25.5025
569,569,569.0,569.0,569.0,569.0,569.0,569.0,569.0,569.0,569.0,569.0,569.0,569.0,569.0,569.0,569.0,569.0,569.0,569.0,569.0,569.0,,,,,,,,,,,,,,,,,,,,,,,,,,,,,,,0.9,240.264,250.1891,259.5263,268.096,275.825,282.7415,288.9517,294.6059,299.8633,304.8628,309.7024,314.4305,319.0462,323.5078,327.7487,331.6963,335.2939,338.5196,341.3999,344.0128,372.99736755526266,372.9999337041676,1118.2735,39.40550000000008,39.40550000000008,-30.258500000000023
570,570,570.0,570.0,570.0,570.0,570.0,570.0,570.0,570.0,570.0,570.0,570.0,570.0,570.0,570.0,570.0,570.0,570.0,570.0,570.0,570.0,,,,,,,,,,,,,,,,,,,,,,,,,,,,,,,0.0,273.0,273.0,273.0,273.0,273.0,273.0,273.0,273.0,273.0,273.0,273.0,273.0,273.0,273.0,273.0,273.0,273.0,273.0,273.0,273.0,372.999930608617,372.9999589415755,0.0,368.7879,1504.8449,-40.0
571,571,571.0,571.0,571.0,571.0,571.0,571.0,571.0,571.0,571.0,571.0,571.0,571.0,571.0,571.0,571.0,571.0,571.0,571.0,571.0,571.0,,,,,,,,,,,,,,,,,,,,,,,,,,,,,,,0.1,355.9582,339.696,324.8873,312.0201,301.3574,292.9443,286.6547,282.2609,279.5107,278.1944,278.1944,279.5107,282.2609,286.6547,292.9443,301.3574,312.0201,324.8873,339.696,355.9583,371.8593837481554,279.42465753269545,368.7879,176.11730000000006,1136.057,-20.0557
572,572,572.0,572.0,572.0,572.0,572.0,572.0,572.0,572.0,572.0,572.0,572.0,572.0,572.0,572.0,572.0,572.0,572.0,572.0,572.0,572.0,,,,,,,,,,,,,,,,,,,,,,,,,,,,,,,0.2,360.1277,348.6955,337.8468,327.8364,318.8784,311.1374,304.723,299.6848,296.0091,293.614,292.3449,291.9725,292.1965,292.6608,292.9838,292.8034,291.8327,289.9141,287.0577,283.45,248.50025688881183,273.2229959158984,544.9052,171.1988,959.9397,-1.8625999999999865
573,573,573.0,573.0,573.0,573.0,573.0,573.0,573.0,573.0,573.0,573.0,573.0,573.0,573.0,573.0,573.0,573.0,573.0,573.0,573.0,573.0,,,,,,,,,,,,,,,,,,,,,,,,,,,,,,,0.3,260.3147,271.3466,280.9357,288.6373,294.2654,297.8813,299.7387,300.204,299.6734,298.5055,296.9783,295.2709,293.4691,291.5838,289.5786,287.3983,284.994,282.3428,279.4577,276.3903,173.00073680293838,372.99963512543945,716.104,196.3232999999999,788.7409,-15.11869999999999
574,574,574.0,574.0,574.0,574.0,574.0,574.0,574.0,574.0,574.0,574.0,574.0,574.0,574.0,574.0,574.0,574.0,574.0,574.0,574.0,574.0,,,,,,,,,,,,,,,,,,,,,,,,,,,,,,,0.4,193.0453,212.2648,229.934,245.5073,258.6638,269.3142,277.5767,283.7318,288.1749,291.3737,293.8382,296.1014,298.7033,302.1705,306.9833,313.5287,322.0443,332.5647,344.8877,358.5756,346.5494620731653,372.9999721053613,912.4273,166.72280000000012,592.4176000000001,-43.68579999999997
575,575,575.0,575.0,575.0,575.0,575.0,575.0,575.0,575.0,575.0,575.0,575.0,575.0,575.0,575.0,575.0,575.0,575.0,575.0,575.0,575.0,,,,,,,,,,,,,,,,,,,,,,,,,,,,,,,0.5,331.5773,317.6534,305.6655,296.2193,289.5848,285.7136,284.315,284.9622,287.1987,290.6219,294.9331,299.9506,305.5967,311.866,318.7883,326.393,334.6811,343.6077,353.0746,362.934,184.6665055695447,289.65973958724186,1079.1501,88.5148999999999,425.6948,-27.28640000000001
576,576,576.0,576.0,576.0,576.0,576.0,576.0,576.0,576.0,576.0,576.0,576.0,576.0,576.0,576.0,576.0,576.0,576.0,576.0,576.0,576.0,,,,,,,,,,,,,,,,,,,,,,,,,,,,,,,0.6,203.6627,221.7448,238.1464,252.3598,264.1853,273.7148,281.2595,287.249,292.1265,296.2613,299.8917,303.0998,305.8178,307.8595,308.9725,308.9038,307.4699,304.6194,300.4739,295.3362,338.23160101044334,372.9998661885683,1167.665,145.39789999999994,337.1799000000001,-39.285199999999975
577,577,577.0,577.0,577.0,577.0,577.0,577.0,577.0,577.0,577.0,577.0,577.0,577.0,577.0,577.0,577.0,577.0,577.0,577.0,577.0,577.0,,,,,,,,,,,,,,,,,,,,,,,,,,,,,,,0.7,325.6839,314.0508,304.1038,296.3643,291.0528,288.104,287.2321,288.0261,290.0489,292.9212,296.3779,300.2951,304.6893,309.6918,315.5042,322.34,330.3603,339.6154,350.0042,361.2648,197.36320209531127,372.99897842836,1313.0629,74.2681,191.78200000000007,-24.89600000000001
578,578,578.0,578.0,578.0,578.0,578.0,578.0,578.0,578.0,578.0,578.0,578.0,578.0,578.0,578.0,578.0,578.0,578.0,578.0,578.0,578.0,,,,,,,,,,,,,,,,,,,,,,,,,,,,,,,0.8,214.297,230.4263,245.0761,257.7994,268.4223,277.0337,283.9278,289.5236,294.2825,298.6413,302.9702,307.554,312.5913,318.2046,324.4525,331.3419,338.8369,346.865,355.3232,364.0833,317.2657908423381,372.99980191252087,1387.331,78.95880000000011,117.51390000000016,-35.96629999999999
579,579,579.0,579.0,579.0,579.0,579.0,579.0,579.0,579.0,579.0,579.0,579.0,579.0,579.0,579.0,579.0,579.0,579.0,579.0,579.0,579.0,,,,,,,,,,,,,,,,,,,,,,,,,,,,,,,0.9,309.1301,301.7027,295.5847,291.1894,288.7057,288.1101,289.2153,291.7391,295.3733,299.8371,304.909,310.4359,316.3262,322.5332,329.0364,335.8235,342.8783,350.1727,357.6639,365.2954,214.9989159431153,348.49095089051065,1466.2898,38.55510000000004,38.55510000000004,-24.88990000000001
580,580,580.0,580.0,580.0,580.0,580.0,580.0,580.0,580.0,580.0,580.0,580.0,580.0,580.0,580.0,580.0,580.0,580.0,580.0,580.0,580.0,,,,,,,,,,,,,,,,,,,,,,,,,,,,,,,0.0,273.0,273.0,273.0,273.0,273.0,273.0,273.0,273.0,273.0,273.0,273.0,273.0,273.0,273.0,273.0,273.0,273.0,273.0,273.0,273.0,372.9999371946385,372.9999746209506,0.0,368.7878,978.4958,-40.0
581,581,581.0,581.0,581.0,581.0,581.0,581.0,581.0,581.0,581.0,581.0,581.0,581.0,581.0,581.0,581.0,581.0,581.0,581.0,581.0,581.0,,,,,,,,,,,,,,,,,,,,,,,,,,,,,,,0.1,355.9582,339.696,324.8873,312.0201,301.3574,292.9443,286.6547,282.2609,279.5107,278.1944,278.1944,279.5107,282.2609,286.6547,292.9443,301.3574,312.0201,324.8873,339.696,355.9583,278.71972855645595,360.54072879527416,368.7878,151.00029999999998,609.7080000000001,-20.0557
582,582,582.0,582.0,582.0,582.0,582.0,582.0,582.0,582.0,582.0,582.0,582.0,582.0,582.0,582.0,582.0,582.0,582.0,582.0,582.0,582.0,,,,,,,,,,,,,,,,,,,,,,,,,,,,,,,0.2,282.8649,286.5868,289.5466,291.5539,292.5956,292.827,292.5324,292.0696,291.8128,292.1055,293.2289,295.386,298.6981,303.2096,308.8962,315.6766,323.4236,331.9755,341.1471,350.7382,198.70026133611145,372.99876087646913,519.7881,101.84760000000006,458.7077000000001,-20.173
583,583,583.0,583.0,583.0,583.0,583.0,583.0,583.0,583.0,583.0,583.0,583.0,583.0,583.0,583.0,583.0,583.0,583.0,583.0,583.0,583.0,,,,,,,,,,,,,,,,,,,,,,,,,,,,,,,0.3,214.5193,229.6612,243.546,255.767,266.1309,274.6585,281.5513,287.1372,291.811,295.9804,300.0258,304.2753,308.9919,314.3704,320.5369,327.5508,335.4059,344.0324,353.3007,363.0294,330.37286642983565,372.99977669744993,621.6357,94.48609999999996,356.8601,-38.3415
584,584,584.0,584.0,584.0,584.0,584.0,584.0,584.0,584.0,584.0,584.0,584.0,584.0,584.0,584.0,584.0,584.0,584.0,584.0,584.0,584.0,,,,,,,,,,,,,,,,,,,,,,,,,,,,,,,0.4,319.6516,309.7477,301.3567,294.9607,290.7858,288.8145,288.8404,290.5461,293.5813,297.6247,302.4209,307.7928,313.6338,319.89,326.5374,333.5614,340.9413,348.6405,356.6027,364.7524,217.51412835563968,372.9998599852253,716.1218,39.19399999999996,262.374,-24.18549999999999
585,585,585.0,585.0,585.0,585.0,585.0,585.0,585.0,585.0,585.0,585.0,585.0,585.0,585.0,585.0,585.0,585.0,585.0,585.0,585.0,585.0,,,,,,,,,,,,,,,,,,,,,,,,,,,,,,,0.5,231.0749,244.0351,255.8956,266.3342,275.2402,282.7033,288.9664,294.3601,299.2354,303.9119,308.6449,313.6136,318.9245,324.6244,330.7152,337.1694,343.9409,350.9732,358.204,365.5684,280.4834174421087,372.9999494113042,755.3158,51.22450000000004,223.1800000000001,-30.296699999999987
586,586,586.0,586.0,586.0,586.0,586.0,586.0,586.0,586.0,586.0,586.0,586.0,586.0,586.0,586.0,586.0,586.0,586.0,586.0,586.0,586.0,,,,,,,,,,,,,,,,,,,,,,,,,,,,,,,0.6,279.9418,279.7316,280.1319,281.331,283.4095,286.3472,290.0487,294.3779,299.1913,304.3634,309.8004,315.4426,321.259,327.2382,333.3778,339.6758,346.1251,352.7103,359.407,366.1829,240.29843058090327,345.2685700844899,806.5403,33.84619999999995,171.95550000000003,-26.652800000000013
587,587,587.0,587.0,587.0,587.0,587.0,587.0,587.0,587.0,587.0,587.0,587.0,587.0,587.0,587.0,587.0,587.0,587.0,587.0,587.0,587.0,,,,,,,,,,,,,,,,,,,,,,,,,,,,,,,0.7,248.6005,256.6967,264.4162,271.6492,278.3578,284.5712,290.3676,295.8482,301.1119,306.2335,311.2492,316.1518,320.8927,325.3921,329.555,333.2918,336.5405,339.2866,341.5759,343.5167,250.7610723301496,344.28591509822064,840.3865,49.363000000000056,138.10930000000008,-28.428800000000024
588,588,588.0,588.0,588.0,588.0,588.0,588.0,588.0,588.0,588.0,588.0,588.0,588.0,588.0,588.0,588.0,588.0,588.0,588.0,588.0,588.0,,,,,,,,,,,,,,,,,,,,,,,,,,,,,,,0.8,256.0986,261.4563,266.8472,272.2722,277.718,283.1584,288.5577,293.8753,299.0705,304.1048,308.9445,313.5613,317.9326,322.0427,325.8839,329.4585,332.7804,335.8773,338.79,341.5719,280.00189736829697,372.999963024674,889.7495,48.76909999999998,88.74630000000002,-29.841600000000028
589,589,589.0,589.0,589.0,589.0,589.0,589.0,589.0,589.0,589.0,589.0,589.0,589.0,589.0,589.0,589.0,589.0,589.0,589.0,589.0,589.0,,,,,,,,,,,,,,,,,,,,,,,,,,,,,,,0.9,280.3646,280.9463,281.9342,283.4595,285.5855,288.3094,291.5767,295.3015,299.39,303.7615,308.3637,313.1817,318.2387,323.5903,329.3106,335.473,342.129,349.287,356.8987,364.8558,223.20881235619643,347.6878794258858,938.5186,39.97720000000004,39.97720000000004,-24.690600000000018
590,590,590.0,590.0,590.0,590.0,590.0,590.0,590.0,590.0,590.0,590.0,590.0,590.0,590.0,590.0,590.0,590.0,590.0,590.0,590.0,590.0,,,,,,,,,,,,,,,,,,,,,,,,,,,,,,,0.0,273.0,273.0,273.0,273.0,273.0,273.0,273.0,273.0,273.0,273.0,273.0,273.0,273.0,273.0,273.0,273.0,273.0,273.0,273.0,273.0,372.9999363039823,372.9999589412085,0.0,368.7879,1049.2306,-40.0
591,591,591.0,591.0,591.0,591.0,591.0,591.0,591.0,591.0,591.0,591.0,591.0,591.0,591.0,591.0,591.0,591.0,591.0,591.0,591.0,591.0,,,,,,,,,,,,,,,,,,,,,,,,,,,,,,,0.1,355.9582,339.696,324.8873,312.0201,301.3574,292.9443,286.6547,282.2609,279.5107,278.1944,278.1944,279.5107,282.2609,286.6547,292.9443,301.3574,312.0201,324.8873,339.696,355.9583,290.2390228771533,350.6519116959246,368.7879,151.99259999999998,680.4427000000001,-20.0557
592,592,592.0,592.0,592.0,592.0,592.0,592.0,592.0,592.0,592.0,592.0,592.0,592.0,592.0,592.0,592.0,592.0,592.0,592.0,592.0,592.0,,,,,,,,,,,,,,,,,,,,,,,,,,,,,,,0.2,292.4206,294.2683,295.5203,296.0413,295.8463,295.0918,294.0406,293.0123,292.3334,292.2948,293.1243,294.9716,297.9065,301.9241,306.9566,312.8883,319.5724,326.8478,334.5531,342.5351,173.1826604353315,366.24563154735273,520.7805,113.88160000000003,528.4501000000001,-17.908200000000022
593,593,593.0,593.0,593.0,593.0,593.0,593.0,593.0,593.0,593.0,593.0,593.0,593.0,593.0,593.0,593.0,593.0,593.0,593.0,593.0,593.0,,,,,,,,,,,,,,,,,,,,,,,,,,,,,,,0.3,193.9057,213.6924,231.7407,247.4864,260.6576,271.273,279.5926,286.042,291.1288,295.3702,299.2409,303.1428,307.3932,312.2244,317.789,324.1651,331.3601,339.3144,347.9052,356.9551,342.7575912965488,372.99991089056107,634.6621,121.41239999999992,414.5685000000001,-41.726999999999975
594,594,594.0,594.0,594.0,594.0,594.0,594.0,594.0,594.0,594.0,594.0,594.0,594.0,594.0,594.0,594.0,594.0,594.0,594.0,594.0,594.0,,,,,,,,,,,,,,,,,,,,,,,,,,,,,,,0.4,328.8528,315.9701,304.9757,296.4629,290.6984,287.6381,286.9987,288.3585,291.2584,295.2826,300.1069,305.5153,311.3904,317.6892,324.4121,331.5733,339.1762,347.1971,355.5762,364.2184,192.19959715026948,321.66267680861563,756.0745,56.45450000000005,293.1561000000001,-25.36189999999999
595,595,595.0,595.0,595.0,595.0,595.0,595.0,595.0,595.0,595.0,595.0,595.0,595.0,595.0,595.0,595.0,595.0,595.0,595.0,595.0,595.0,,,,,,,,,,,,,,,,,,,,,,,,,,,,,,,0.5,210.1739,227.3118,242.9131,256.5154,267.9404,277.2778,284.8205,290.9722,296.1538,300.726,304.9406,308.9205,312.6652,316.0777,319.003,321.2764,322.7714,323.4418,323.3488,322.6664,319.9456076880553,372.9999225691198,812.529,92.7803,236.7016000000001,-35.72219999999999
596,596,596.0,596.0,596.0,596.0,596.0,596.0,596.0,596.0,596.0,596.0,596.0,596.0,596.0,596.0,596.0,596.0,596.0,596.0,596.0,596.0,,,,,,,,,,,,,,,,,,,,,,,,,,,,,,,0.6,311.2707,303.3399,296.7806,292.0159,289.2239,288.3503,289.1621,291.325,294.483,298.3239,302.6233,307.2629,312.228,317.5881,323.4639,329.9874,337.2588,345.309,354.0737,363.3875,216.56423434327544,372.9998726871569,905.3093,46.87530000000004,143.9213000000001,-24.6497
597,597,597.0,597.0,597.0,597.0,597.0,597.0,597.0,597.0,597.0,597.0,597.0,597.0,597.0,597.0,597.0,597.0,597.0,597.0,597.0,597.0,,,,,,,,,,,,,,,,,,,,,,,,,,,,,,,0.7,229.9527,242.7722,254.547,264.9651,273.9104,281.4537,287.811,293.2847,298.2033,302.8739,307.5524,312.4313,317.6403,323.2549,329.3066,335.7928,342.6837,349.9273,357.453,365.1758,332.1501403450429,372.99968523298696,952.1846,45.89419999999996,97.04600000000003,-31.54629999999997
598,598,598.0,598.0,598.0,598.0,598.0,598.0,598.0,598.0,598.0,598.0,598.0,598.0,598.0,598.0,598.0,598.0,598.0,598.0,598.0,598.0,,,,,,,,,,,,,,,,,,,,,,,,,,,,,,,0.8,322.5929,313.7792,306.344,300.7313,297.155,295.6088,295.9124,297.7799,300.8883,304.9327,309.6606,314.8846,320.4792,326.3679,332.5058,338.8652,345.4227,352.1518,359.0193,365.9843,264.176451478038,293.885053397022,998.0788,10.417599999999991,51.151800000000094,-17.391200000000026
599,599,599.0,599.0,599.0,599.0,599.0,599.0,599.0,599.0,599.0,599.0,599.0,599.0,599.0,599.0,599.0,599.0,599.0,599.0,599.0,599.0,,,,,,,,,,,,,,,,,,,,,,,,,,,,,,,0.9,270.8248,277.1975,283.0728,288.322,292.9241,296.954,300.5488,303.8628,307.0222,310.0868,313.0268,315.7138,317.9306,319.3963,319.8085,318.8976,316.486,312.5418,307.2135,300.8335,279.8974985817074,290.749678866232,1008.4964,40.7342000000001,40.7342000000001,-16.045999999999992
600,600,600.0,600.0,600.0,600.0,600.0,600.0,600.0,600.0,600.0,600.0,600.0,600.0,600.0,600.0,600.0,600.0,600.0,600.0,600.0,,,,,,,,,,,,,,,,,,,,,,,,,,,,,,,,0.0,273.0,273.0,273.0,273.0,273.0,273.0,273.0,273.0,273.0,273.0,273.0,273.0,273.0,273.0,273.0,273.0,273.0,273.0,273.0,273.0,372.9999335625205,372.999946436368,0.0,368.7879,1351.82,-40.0
601,601,601.0,601.0,601.0,601.0,601.0,601.0,601.0,601.0,601.0,601.0,601.0,601.0,601.0,601.0,601.0,601.0,601.0,601.0,601.0,,,,,,,,,,,,,,,,,,,,,,,,,,,,,,,,0.1,355.9582,339.696,324.8873,312.0201,301.3574,292.9443,286.6547,282.2609,279.5107,278.1944,278.1944,279.5107,282.2609,286.6547,292.9443,301.3574,312.0201,324.8873,339.696,355.9582,371.09475340603234,274.3768353647642,368.7879,177.86730000000006,983.0321,-20.0557
602,602,602.0,602.0,602.0,602.0,602.0,602.0,602.0,602.0,602.0,602.0,602.0,602.0,602.0,602.0,602.0,602.0,602.0,602.0,602.0,,,,,,,,,,,,,,,,,,,,,,,,,,,,,,,,0.2,359.4933,348.1852,337.4494,327.5366,318.6584,310.9784,304.6056,299.5891,295.9134,293.4925,292.1646,291.6898,291.7538,291.9845,291.9835,291.3751,289.8645,287.2956,283.6914,279.2626,214.5662011602182,372.8225876469135,546.6552,150.82319999999993,805.1647999999999,-2.021599999999978
603,603,603.0,603.0,603.0,603.0,603.0,603.0,603.0,603.0,603.0,603.0,603.0,603.0,603.0,603.0,603.0,603.0,603.0,603.0,603.0,,,,,,,,,,,,,,,,,,,,,,,,,,,,,,,,0.3,232.1207,248.6329,263.2194,275.2768,284.5418,291.0824,295.2352,297.5131,298.5118,298.8364,299.056,299.6868,301.1912,303.9782,308.3951,314.7018,323.0303,333.3426,345.3999,358.7618,356.0828442282732,272.1048636224786,697.4784,88.16650000000004,654.3416,-21.9176
604,604,604.0,604.0,604.0,604.0,604.0,604.0,604.0,604.0,604.0,604.0,604.0,604.0,604.0,604.0,604.0,604.0,604.0,604.0,604.0,,,,,,,,,,,,,,,,,,,,,,,,,,,,,,,,0.4,343.3554,331.4249,320.965,312.4336,306.0318,301.7158,299.2528,298.2939,298.445,299.3159,300.5421,301.7845,302.7173,303.0201,302.3842,300.5411,297.3071,292.6335,286.6451,279.6488,232.4797451205603,341.28409773979604,785.6449,100.29779999999994,566.1750999999999,-11.284199999999998
605,605,605.0,605.0,605.0,605.0,605.0,605.0,605.0,605.0,605.0,605.0,605.0,605.0,605.0,605.0,605.0,605.0,605.0,605.0,605.0,,,,,,,,,,,,,,,,,,,,,,,,,,,,,,,,0.5,245.5851,257.9736,269.0397,278.3733,285.7981,291.361,295.2832,297.8924,299.5566,300.6359,301.4567,302.3071,303.4451,305.1064,307.5039,310.8132,315.1466,320.5214,326.8363,333.8666,345.90814008128825,273.00020134712474,885.9427,91.8265,465.8773,-21.63900000000001
606,606,606.0,606.0,606.0,606.0,606.0,606.0,606.0,606.0,606.0,606.0,606.0,606.0,606.0,606.0,606.0,606.0,606.0,606.0,606.0,,,,,,,,,,,,,,,,,,,,,,,,,,,,,,,,0.6,335.4221,325.6017,317.0097,310.0282,304.8232,301.3528,299.4117,298.6927,298.8462,299.5245,300.405,301.1949,301.6257,301.4482,300.4371,298.4083,295.2485,290.9475,285.6222,279.5207,222.45919571268675,372.52073479535386,977.7692,104.1092000000001,374.0508,-11.647199999999998
607,607,607.0,607.0,607.0,607.0,607.0,607.0,607.0,607.0,607.0,607.0,607.0,607.0,607.0,607.0,607.0,607.0,607.0,607.0,607.0,,,,,,,,,,,,,,,,,,,,,,,,,,,,,,,,0.7,236.9686,250.7181,263.0628,273.5597,282.0091,288.4472,293.099,296.3133,298.4989,300.0783,301.463,303.0492,305.2208,308.3492,312.7785,318.7914,326.5611,336.1002,347.2248,359.5492,372.9968387930167,289.86787538304054,1081.8784,71.28620000000001,269.9415999999999,-24.55279999999999
608,608,608.0,608.0,608.0,608.0,608.0,608.0,608.0,608.0,608.0,608.0,608.0,608.0,608.0,608.0,608.0,608.0,608.0,608.0,608.0,,,,,,,,,,,,,,,,,,,,,,,,,,,,,,,,0.8,357.3036,342.5528,329.5464,318.8404,310.6947,305.0844,301.7595,300.3279,300.338,301.3401,302.9198,304.7058,306.3623,307.5802,308.0781,307.6201,306.0472,303.3153,299.5227,294.9164,173.00004083143085,318.5448759629535,1153.1646,86.41099999999983,198.65539999999987,-7.915599999999983
609,609,609.0,609.0,609.0,609.0,609.0,609.0,609.0,609.0,609.0,609.0,609.0,609.0,609.0,609.0,609.0,609.0,609.0,609.0,609.0,,,,,,,,,,,,,,,,,,,,,,,,,,,,,,,,0.9,197.147,220.0418,240.6213,258.1543,272.3086,283.1347,290.9833,296.3876,299.9441,302.2179,303.6852,304.7134,305.5673,306.4309,307.43,308.649,310.1382,311.913,313.9512,316.1927,323.7181823546175,353.996798752401,1239.5756,112.24440000000004,112.24440000000004,-29.86529999999999
610,610,610.0,610.0,610.0,610.0,610.0,610.0,610.0,610.0,610.0,610.0,610.0,610.0,610.0,610.0,610.0,610.0,610.0,610.0,610.0,,,,,,,,,,,,,,,,,,,,,,,,,,,,,,,,0.0,273.0,273.0,273.0,273.0,273.0,273.0,273.0,273.0,273.0,273.0,273.0,273.0,273.0,273.0,273.0,273.0,273.0,273.0,273.0,273.0,372.99992955661696,372.9999848973871,0.0,368.7878,1366.3822,9.357100000000004
611,611,611.0,611.0,611.0,611.0,611.0,611.0,611.0,611.0,611.0,611.0,611.0,611.0,611.0,611.0,611.0,611.0,611.0,611.0,611.0,,,,,,,,,,,,,,,,,,,,,,,,,,,,,,,,0.1,355.9582,339.696,324.8873,312.0201,301.3574,292.9443,286.6547,282.2609,279.5107,278.1944,278.1944,279.5107,282.2609,286.6547,292.9443,301.3574,312.0201,324.8873,339.696,355.9583,277.2027283675555,352.7755201398445,368.7878,152.96949999999998,997.5944,9.357100000000004
612,612,612.0,612.0,612.0,612.0,612.0,612.0,612.0,612.0,612.0,612.0,612.0,612.0,612.0,612.0,612.0,612.0,612.0,612.0,612.0,,,,,,,,,,,,,,,,,,,,,,,,,,,,,,,,0.2,281.6063,285.5747,288.7585,290.9598,292.1608,292.5149,292.3064,291.8929,291.6471,291.9073,292.9449,294.9474,298.0152,302.1682,307.357,313.4792,320.3958,327.9473,335.9684,344.2965,372.1172076274718,297.3515090416492,521.7573,92.5715,844.6249,9.357100000000004
613,613,613.0,613.0,613.0,613.0,613.0,613.0,613.0,613.0,613.0,613.0,613.0,613.0,613.0,613.0,613.0,613.0,613.0,613.0,613.0,,,,,,,,,,,,,,,,,,,,,,,,,,,,,,,,0.3,358.2891,345.1363,333.2443,323.0402,314.7592,308.4489,304.0029,301.2099,299.8022,299.4922,299.9919,301.0193,302.2968,303.5514,304.5232,304.9848,304.7703,303.805,302.1275,299.8926,179.54968838289656,372.999874893199,614.3288,88.80709999999999,752.0534,9.357100000000004
614,614,614.0,614.0,614.0,614.0,614.0,614.0,614.0,614.0,614.0,614.0,614.0,614.0,614.0,614.0,614.0,614.0,614.0,614.0,614.0,,,,,,,,,,,,,,,,,,,,,,,,,,,,,,,,0.4,202.9349,225.0737,244.908,261.7119,275.1602,285.3171,292.5584,297.4598,300.6833,302.8874,304.6718,306.5561,308.981,312.3157,316.8598,322.8316,330.343,339.3708,349.7349,361.0993,372.9978936959867,332.38842537620684,703.1359,64.19749999999999,663.2463,9.357100000000004
615,615,615.0,615.0,615.0,615.0,615.0,615.0,615.0,615.0,615.0,615.0,615.0,615.0,615.0,615.0,615.0,615.0,615.0,615.0,615.0,,,,,,,,,,,,,,,,,,,,,,,,,,,,,,,,0.5,355.9451,340.0166,326.1631,315.0311,306.9035,301.7181,299.1469,298.7063,299.8659,302.1321,305.095,308.4401,311.936,315.4117,318.7356,321.8054,324.5489,326.9341,328.9793,330.7574,372.9998503340251,372.9996549861988,767.3334,48.7287,599.0488,9.357100000000004
616,616,616.0,616.0,616.0,616.0,616.0,616.0,616.0,616.0,616.0,616.0,616.0,616.0,616.0,616.0,616.0,616.0,616.0,616.0,616.0,,,,,,,,,,,,,,,,,,,,,,,,,,,,,,,,0.6,362.7107,352.7778,343.5309,335.2494,328.1458,322.3571,317.9451,314.906,313.1865,312.704,313.3688,315.1032,317.8547,321.5997,326.3362,332.0663,338.7711,346.3846,354.7745,363.7354,173.00006643747952,189.61072796761863,816.0621,52.37670000000003,550.3201,9.357100000000004
617,617,617.0,617.0,617.0,617.0,617.0,617.0,617.0,617.0,617.0,617.0,617.0,617.0,617.0,617.0,617.0,617.0,617.0,617.0,617.0,,,,,,,,,,,,,,,,,,,,,,,,,,,,,,,,0.7,199.5975,224.8305,247.5373,266.9137,282.5854,294.5897,303.2821,309.1966,312.8962,314.8416,315.2972,314.2837,311.5788,306.7671,299.3319,288.7814,274.7903,257.33,236.7551,213.82,372.9999393842312,372.9999512989396,868.4388,114.7812,497.9434,9.357100000000004
618,618,618.0,618.0,618.0,618.0,618.0,618.0,618.0,618.0,618.0,618.0,618.0,618.0,618.0,618.0,618.0,618.0,618.0,618.0,618.0,,,,,,,,,,,,,,,,,,,,,,,,,,,,,,,,0.8,357.0493,342.1781,329.2825,318.9385,311.3394,306.3183,303.4378,302.1201,301.7836,301.9608,302.3826,303.02,304.0842,305.9845,309.2473,314.404,321.8625,331.786,344.009,358.0165,173.0000408314324,173.00014155386444,983.22,106.1522,383.1622,9.357100000000004
619,619,619.0,619.0,619.0,619.0,619.0,619.0,619.0,619.0,619.0,619.0,619.0,619.0,619.0,619.0,619.0,619.0,619.0,619.0,619.0,,,,,,,,,,,,,,,,,,,,,,,,,,,,,,,,0.9,197.2456,220.2378,240.9116,258.532,272.7598,283.6326,291.4752,296.77,300.0189,301.6227,301.7959,300.5234,297.5616,292.4841,284.7699,273.9247,259.6209,241.8273,220.8982,197.5913,251.07869943992964,372.5459464972365,1089.3722,277.01,277.01,9.357100000000004
620,620,620.0,620.0,620.0,620.0,620.0,620.0,620.0,620.0,620.0,620.0,620.0,620.0,620.0,620.0,620.0,620.0,620.0,620.0,620.0,,,,,,,,,,,,,,,,,,,,,,,,,,,,,,,,0.0,273.0,273.0,273.0,273.0,273.0,273.0,273.0,273.0,273.0,273.0,273.0,273.0,273.0,273.0,273.0,273.0,273.0,273.0,273.0,273.0,372.9999053096601,372.99996144280016,0.0,368.7879,1334.7166,3.3881999999999834
621,621,621.0,621.0,621.0,621.0,621.0,621.0,621.0,621.0,621.0,621.0,621.0,621.0,621.0,621.0,621.0,621.0,621.0,621.0,621.0,,,,,,,,,,,,,,,,,,,,,,,,,,,,,,,,0.1,355.9582,339.696,324.8873,312.0201,301.3574,292.9443,286.6547,282.2609,279.5107,278.1944,278.1944,279.5107,282.2609,286.6547,292.9443,301.3574,312.0201,324.8873,339.696,355.9583,372.00430542293856,273.6951078576234,368.7879,178.26529999999997,965.9287,3.3881999999999834
622,622,622.0,622.0,622.0,622.0,622.0,622.0,622.0,622.0,622.0,622.0,622.0,622.0,622.0,622.0,622.0,622.0,622.0,622.0,622.0,,,,,,,,,,,,,,,,,,,,,,,,,,,,,,,,0.2,360.2478,348.7917,337.921,327.8909,318.9151,311.1574,304.725,299.6642,295.9556,293.5093,292.1596,291.6624,291.6999,291.8962,291.85,291.183,289.599,286.9421,283.2368,278.6971,213.12788488840533,372.9997783763071,547.0532,151.82400000000007,787.6634,3.3881999999999834
623,623,623.0,623.0,623.0,623.0,623.0,623.0,623.0,623.0,623.0,623.0,623.0,623.0,623.0,623.0,623.0,623.0,623.0,623.0,623.0,,,,,,,,,,,,,,,,,,,,,,,,,,,,,,,,0.3,230.9718,247.7572,262.5871,274.8488,284.2745,290.9324,295.1628,297.4851,298.5027,298.8282,299.0379,299.6539,301.1435,303.9205,308.3359,314.6522,323.0033,333.3515,345.4569,358.8763,362.95582115064,272.28059737997586,698.8772,88.62940000000003,635.8394,3.3881999999999834
624,624,624.0,624.0,624.0,624.0,624.0,624.0,624.0,624.0,624.0,624.0,624.0,624.0,624.0,624.0,624.0,624.0,624.0,624.0,624.0,,,,,,,,,,,,,,,,,,,,,,,,,,,,,,,,0.4,349.0026,335.9056,324.3893,314.9481,307.8006,302.9037,300.0106,298.7496,298.6999,299.4452,300.5986,301.8035,302.7218,303.0246,302.3986,300.5722,297.3603,292.7132,286.7547,279.7909,203.3794040649041,352.7584276727312,787.5066,101.96949999999993,547.2099999999999,3.3881999999999834
625,625,625.0,625.0,625.0,625.0,625.0,625.0,625.0,625.0,625.0,625.0,625.0,625.0,625.0,625.0,625.0,625.0,625.0,625.0,625.0,,,,,,,,,,,,,,,,,,,,,,,,,,,,,,,,0.5,221.7625,239.1696,254.7731,268.0063,278.6158,286.6494,292.3933,296.2831,298.8158,300.483,301.734,302.9657,304.5286,306.7361,309.8633,314.1311,319.6757,326.5134,334.5143,343.3979,279.5822455691044,338.6028855072505,889.4761,96.30360000000007,445.2405,3.3881999999999834
626,626,626.0,626.0,626.0,626.0,626.0,626.0,626.0,626.0,626.0,626.0,626.0,626.0,626.0,626.0,626.0,626.0,626.0,626.0,626.0,,,,,,,,,,,,,,,,,,,,,,,,,,,,,,,,0.6,279.1173,278.9444,279.2998,280.3234,282.0442,284.3925,287.2329,290.4054,293.7636,297.2005,300.6584,304.1248,307.618,311.1705,314.8124,318.5619,322.421,326.3777,330.4106,334.4942,278.9037642417027,277.56511722576585,985.7797,86.30389999999989,348.9368999999999,3.3881999999999834
627,627,627.0,627.0,627.0,627.0,627.0,627.0,627.0,627.0,627.0,627.0,627.0,627.0,627.0,627.0,627.0,627.0,627.0,627.0,627.0,,,,,,,,,,,,,,,,,,,,,,,,,,,,,,,,0.7,280.1076,281.3772,282.772,284.34,286.1124,288.1001,290.2904,292.6442,295.0923,297.5323,299.8249,301.7939,303.2303,303.9054,303.5946,302.1106,299.3432,295.2959,290.1104,284.0681,314.4827288273521,372.9999655455792,1072.0836,104.57079999999996,262.63300000000004,3.3881999999999834
628,628,628.0,628.0,628.0,628.0,628.0,628.0,628.0,628.0,628.0,628.0,628.0,628.0,628.0,628.0,628.0,628.0,628.0,628.0,628.0,,,,,,,,,,,,,,,,,,,,,,,,,,,,,,,,0.8,310.0354,305.8802,302.2689,299.381,297.3082,296.0571,295.5673,295.7405,296.4755,297.7014,299.4063,301.6552,304.5953,308.4422,313.4476,319.8487,327.8061,337.3443,348.3097,360.361,307.38436535482737,274.5071184540138,1176.6544,57.08480000000009,158.06220000000008,3.3881999999999834
629,629,629.0,629.0,629.0,629.0,629.0,629.0,629.0,629.0,629.0,629.0,629.0,629.0,629.0,629.0,629.0,629.0,629.0,629.0,629.0,,,,,,,,,,,,,,,,,,,,,,,,,,,,,,,,0.9,306.036,304.7461,303.5746,302.5831,301.8333,301.3818,301.2731,301.5291,302.1375,303.0388,304.1136,305.1751,305.9692,306.1893,305.5081,303.626,300.3313,295.558,289.4263,282.2507,371.5889482513038,288.5565605121908,1233.7392,100.9774,100.9774,3.3881999999999834
630,630,630.0,630.0,630.0,630.0,630.0,630.0,630.0,630.0,630.0,630.0,630.0,630.0,630.0,630.0,630.0,630.0,630.0,630.0,630.0,,,,,,,,,,,,,,,,,,,,,,,,,,,,,,,,0.0,273.0,273.0,273.0,273.0,273.0,273.0,273.0,273.0,273.0,273.0,273.0,273.0,273.0,273.0,273.0,273.0,273.0,273.0,273.0,273.0,372.9998735722346,372.9999584012691,0.0,368.7879,1370.1403,-40.0
631,631,631.0,631.0,631.0,631.0,631.0,631.0,631.0,631.0,631.0,631.0,631.0,631.0,631.0,631.0,631.0,631.0,631.0,631.0,631.0,,,,,,,,,,,,,,,,,,,,,,,,,,,,,,,,0.1,355.9582,339.6959,324.8873,312.0201,301.3574,292.9443,286.6546,282.2609,279.5107,278.1944,278.1944,279.5107,282.2609,286.6547,292.9443,301.3574,312.0201,324.8873,339.696,355.9583,371.0446411118901,274.41439485140324,368.7879,177.84550000000007,1001.3524,-20.0557
632,632,632.0,632.0,632.0,632.0,632.0,632.0,632.0,632.0,632.0,632.0,632.0,632.0,632.0,632.0,632.0,632.0,632.0,632.0,632.0,,,,,,,,,,,,,,,,,,,,,,,,,,,,,,,,0.2,359.4517,348.1518,337.4234,327.517,318.6442,310.9685,304.599,299.585,295.9111,293.4915,292.1649,291.6913,291.7568,291.9894,291.9909,291.3857,289.8791,287.3151,283.7164,279.2937,214.7455817695527,372.9997257395771,546.6334,150.7159999999999,823.5069,-2.031499999999994
633,633,633.0,633.0,633.0,633.0,633.0,633.0,633.0,633.0,633.0,633.0,633.0,633.0,633.0,633.0,633.0,633.0,633.0,633.0,633.0,,,,,,,,,,,,,,,,,,,,,,,,,,,,,,,,0.3,232.2671,248.748,263.3062,275.3395,284.585,291.1108,295.2531,297.5244,298.5198,298.8437,299.065,299.6999,301.2106,304.0066,308.4356,314.7575,323.1047,333.4391,345.5214,358.9105,240.4013517347261,337.67592198610305,697.3494,98.78240000000004,672.7909000000001,-21.889200000000017
634,634,634.0,634.0,634.0,634.0,634.0,634.0,634.0,634.0,634.0,634.0,634.0,634.0,634.0,634.0,634.0,634.0,634.0,634.0,634.0,,,,,,,,,,,,,,,,,,,,,,,,,,,,,,,,0.4,247.4009,254.2981,260.9915,267.3839,273.3907,278.9502,284.0354,288.6614,292.8854,296.7995,300.5149,304.1422,307.7716,311.4591,315.2201,319.0345,322.8604,326.6535,330.3844,334.0506,372.9999548407257,257.4535328584935,796.1318,99.65930000000004,574.0085,-34.049800000000005
635,635,635.0,635.0,635.0,635.0,635.0,635.0,635.0,635.0,635.0,635.0,635.0,635.0,635.0,635.0,635.0,635.0,635.0,635.0,635.0,,,,,,,,,,,,,,,,,,,,,,,,,,,,,,,,0.5,356.5289,341.0309,327.3405,316.0471,307.4407,301.5159,298.0217,296.5379,296.5527,297.5255,298.9267,300.2563,301.0504,300.8869,299.4005,296.3111,291.463,284.8644,276.7134,267.3964,225.0330794919315,371.4084903031858,895.7911,113.30380000000002,474.3492,-11.484100000000012
636,636,636.0,636.0,636.0,636.0,636.0,636.0,636.0,636.0,636.0,636.0,636.0,636.0,636.0,636.0,636.0,636.0,636.0,636.0,636.0,,,,,,,,,,,,,,,,,,,,,,,,,,,,,,,,0.6,239.771,253.6706,266.0256,276.3611,284.479,290.4456,294.5341,297.1464,298.7378,299.7639,300.6551,301.8157,303.6328,306.4824,310.7172,316.6324,324.4134,334.078,345.4348,358.075,368.8270893361204,272.83501563066056,1009.0949,78.43110000000001,361.0454,-22.554399999999987
637,637,637.0,637.0,637.0,637.0,637.0,637.0,637.0,637.0,637.0,637.0,637.0,637.0,637.0,637.0,637.0,637.0,637.0,637.0,637.0,,,,,,,,,,,,,,,,,,,,,,,,,,,,,,,,0.7,354.1428,340.3347,328.1479,318.0966,310.4181,305.0836,301.8538,300.3561,300.1598,300.8307,301.9588,303.1631,304.0828,304.3715,303.7048,301.8071,298.4944,293.7224,287.6213,280.5039,205.52512376858544,336.78964189508963,1087.526,96.12879999999996,282.6143,-7.91640000000001
638,638,638.0,638.0,638.0,638.0,638.0,638.0,638.0,638.0,638.0,638.0,638.0,638.0,638.0,638.0,638.0,638.0,638.0,638.0,638.0,,,,,,,,,,,,,,,,,,,,,,,,,,,,,,,,0.8,223.9908,241.4633,257.1008,270.3277,280.8872,288.8285,294.4411,298.162,300.4839,301.8848,302.7879,303.551,304.4738,305.8107,307.7777,310.5459,314.223,318.8283,324.2734,330.3583,283.7856976657127,356.8010001113089,1183.6548,93.21440000000008,186.4855,-24.17149999999998
639,639,639.0,639.0,639.0,639.0,639.0,639.0,639.0,639.0,639.0,639.0,639.0,639.0,639.0,639.0,639.0,639.0,639.0,639.0,639.0,,,,,,,,,,,,,,,,,,,,,,,,,,,,,,,,0.9,282.9389,282.3916,282.3856,283.0625,284.4497,286.4728,288.9912,291.8434,294.8895,298.043,301.2852,304.6651,308.2853,312.2796,316.7862,321.9195,327.7452,334.2611,341.3879,348.972,210.22766356284404,272.4497721622788,1276.8692,93.27109999999992,93.27109999999992,-26.5272
640,640,640.0,640.0,640.0,640.0,640.0,640.0,640.0,640.0,640.0,640.0,640.0,640.0,640.0,640.0,640.0,640.0,640.0,640.0,640.0,,,,,,,,,,,,,,,,,,,,,,,,,,,,,,,,0.0,273.0,273.0,273.0,273.0,273.0,273.0,273.0,273.0,273.0,273.0,273.0,273.0,273.0,273.0,273.0,273.0,273.0,273.0,273.0,273.0,372.9998377590375,372.99995904210726,0.0,368.7879,946.3667,-40.0
641,641,641.0,641.0,641.0,641.0,641.0,641.0,641.0,641.0,641.0,641.0,641.0,641.0,641.0,641.0,641.0,641.0,641.0,641.0,641.0,,,,,,,,,,,,,,,,,,,,,,,,,,,,,,,,0.1,355.9582,339.6959,324.8872,312.0201,301.3574,292.9443,286.6546,282.2609,279.5107,278.1944,278.1944,279.5107,282.2609,286.6547,292.9443,301.3574,312.0201,324.8873,339.696,355.9583,279.7228551314072,355.36966818146544,368.7879,152.0392,577.5788,-20.0557
642,642,642.0,642.0,642.0,642.0,642.0,642.0,642.0,642.0,642.0,642.0,642.0,642.0,642.0,642.0,642.0,642.0,642.0,642.0,642.0,,,,,,,,,,,,,,,,,,,,,,,,,,,,,,,,0.2,283.6969,287.2554,290.0661,291.9432,292.8755,293.0177,292.6507,292.1267,291.812,292.0396,293.0782,295.1155,298.255,302.5222,307.8743,314.2148,321.408,329.2934,337.6986,346.4485,298.61580316844777,355.02224375324283,520.8271,79.60220000000004,425.53960000000006,-19.98230000000001
643,643,643.0,643.0,643.0,643.0,643.0,643.0,643.0,643.0,643.0,643.0,643.0,643.0,643.0,643.0,643.0,643.0,643.0,643.0,643.0,,,,,,,,,,,,,,,,,,,,,,,,,,,,,,,,0.3,297.4461,296.3692,295.4695,294.8169,294.4659,294.4588,294.832,295.622,296.8697,298.6208,300.923,303.8194,307.3425,311.5069,316.3051,321.705,327.6497,334.0596,340.8358,347.8646,268.44387447577145,359.7618758675268,600.4293,45.2192,345.9374,-18.541200000000003
644,644,644.0,644.0,644.0,644.0,644.0,644.0,644.0,644.0,644.0,644.0,644.0,644.0,644.0,644.0,644.0,644.0,644.0,644.0,644.0,,,,,,,,,,,,,,,,,,,,,,,,,,,,,,,,0.4,273.1965,277.7765,282.0428,285.9087,289.3545,292.4253,295.2184,297.8639,300.505,303.2803,306.3121,309.699,313.5136,317.8025,322.5865,327.8614,333.5981,339.7433,346.2198,352.9303,363.9359064081477,272.11855969453296,645.6485,38.62030000000004,300.7182,-20.574700000000007
645,645,645.0,645.0,645.0,645.0,645.0,645.0,645.0,645.0,645.0,645.0,645.0,645.0,645.0,645.0,645.0,645.0,645.0,645.0,645.0,,,,,,,,,,,,,,,,,,,,,,,,,,,,,,,,0.5,351.5381,339.8511,329.4878,320.8887,314.2827,309.6894,306.9524,305.7901,305.8464,306.7295,308.0348,309.3544,310.281,310.4161,309.3912,306.9048,302.7696,296.9603,289.6456,281.19,197.18920670597268,372.9999131030342,684.2688,65.18499999999995,262.0979,-3.310600000000022
646,646,646.0,646.0,646.0,646.0,646.0,646.0,646.0,646.0,646.0,646.0,646.0,646.0,646.0,646.0,646.0,646.0,646.0,646.0,646.0,,,,,,,,,,,,,,,,,,,,,,,,,,,,,,,,0.6,217.6741,237.1,254.5663,269.4514,281.47,290.6613,297.3237,301.9213,304.9922,307.078,308.6855,310.2762,312.2723,315.0625,318.9964,324.3591,331.3291,339.9325,350.008,361.2017,253.53802510922824,367.80190703782586,749.4538,58.3415,196.91290000000004,-22.338700000000017
647,647,647.0,647.0,647.0,647.0,647.0,647.0,647.0,647.0,647.0,647.0,647.0,647.0,647.0,647.0,647.0,647.0,647.0,647.0,647.0,,,,,,,,,,,,,,,,,,,,,,,,,,,,,,,,0.7,258.0155,262.6015,267.3723,272.3508,277.5016,282.7446,287.9808,293.122,298.1162,302.9614,307.7071,312.4445,317.2883,322.3556,327.7469,333.5303,339.7327,346.3364,353.2823,360.4768,372.9970005578814,292.8965943818108,807.7953,39.65189999999996,138.57140000000004,-30.25540000000001
648,648,648.0,648.0,648.0,648.0,648.0,648.0,648.0,648.0,648.0,648.0,648.0,648.0,648.0,648.0,648.0,648.0,648.0,648.0,648.0,,,,,,,,,,,,,,,,,,,,,,,,,,,,,,,,0.8,357.4923,342.924,330.0994,319.5971,311.7155,306.4751,303.6646,302.9103,303.7486,305.6855,308.2338,310.9321,313.35,315.0942,315.8204,315.2589,313.2489,309.7744,304.9877,299.2093,173.0000408226961,372.99993424516174,847.4472,50.09180000000004,98.91950000000008,-6.524900000000002
649,649,649.0,649.0,649.0,649.0,649.0,649.0,649.0,649.0,649.0,649.0,649.0,649.0,649.0,649.0,649.0,649.0,649.0,649.0,649.0,,,,,,,,,,,,,,,,,,,,,,,,,,,,,,,,0.9,197.4607,220.6815,241.6108,259.5282,274.1115,285.4213,293.8204,299.86,304.1653,307.3482,309.9566,312.459,315.2519,318.6733,323.0082,328.4791,335.2199,343.2447,352.4228,362.4753,372.9974542057156,319.8461667823851,897.539,48.82770000000005,48.82770000000005,-27.578700000000023
650,650,650.0,650.0,650.0,650.0,650.0,650.0,650.0,650.0,650.0,650.0,650.0,650.0,650.0,650.0,650.0,650.0,650.0,650.0,650.0,,,,,,,,,,,,,,,,,,,,,,,,,,,,,,,,0.0,273.0,273.0,273.0,273.0,273.0,273.0,273.0,273.0,273.0,273.0,273.0,273.0,273.0,273.0,273.0,273.0,273.0,273.0,273.0,273.0,372.9999024550197,372.9999556763398,0.0,368.7879,1228.5457,-40.0
651,651,651.0,651.0,651.0,651.0,651.0,651.0,651.0,651.0,651.0,651.0,651.0,651.0,651.0,651.0,651.0,651.0,651.0,651.0,651.0,,,,,,,,,,,,,,,,,,,,,,,,,,,,,,,,0.1,355.9582,339.696,324.8873,312.0201,301.3574,292.9443,286.6547,282.2609,279.5107,278.1944,278.1944,279.5107,282.2609,286.6547,292.9443,301.3574,312.0201,324.8873,339.696,355.9583,273.46205262324384,349.0656087065642,368.7879,154.3752,859.7577999999999,-20.0557
652,652,652.0,652.0,652.0,652.0,652.0,652.0,652.0,652.0,652.0,652.0,652.0,652.0,652.0,652.0,652.0,652.0,652.0,652.0,652.0,,,,,,,,,,,,,,,,,,,,,,,,,,,,,,,,0.2,278.5032,283.0798,286.8176,289.5002,291.1,291.7689,291.7957,291.5467,291.4039,291.7136,292.7516,294.7055,297.6715,301.6615,306.617,312.4271,318.9481,326.0224,333.4941,341.2188,372.2825420952757,304.32035924902897,523.1631,95.78200000000004,705.3825999999999,-21.231100000000023
653,653,653.0,653.0,653.0,653.0,653.0,653.0,653.0,653.0,653.0,653.0,653.0,653.0,653.0,653.0,653.0,653.0,653.0,653.0,653.0,,,,,,,,,,,,,,,,,,,,,,,,,,,,,,,,0.3,358.235,344.8818,332.8238,322.4978,314.1416,307.7986,303.3548,300.5902,299.2307,298.988,299.5818,300.7467,302.2312,303.7949,305.2134,306.2909,306.8824,306.9165,306.4126,305.4837,173.0000343756516,317.2843824054148,618.9451,96.80700000000002,609.6005999999999,-5.201399999999978
654,654,654.0,654.0,654.0,654.0,654.0,654.0,654.0,654.0,654.0,654.0,654.0,654.0,654.0,654.0,654.0,654.0,654.0,654.0,654.0,,,,,,,,,,,,,,,,,,,,,,,,,,,,,,,,0.4,197.4178,220.5422,241.2747,258.8594,272.9539,283.6144,291.2126,296.3148,299.5576,301.5471,302.7941,303.6876,304.4973,305.3933,306.4715,307.7766,309.3188,311.0834,313.0357,315.1242,312.7980074482396,348.94374790978026,715.7521,119.2138,512.7935999999999,-29.38560000000001
655,655,655.0,655.0,655.0,655.0,655.0,655.0,655.0,655.0,655.0,655.0,655.0,655.0,655.0,655.0,655.0,655.0,655.0,655.0,655.0,,,,,,,,,,,,,,,,,,,,,,,,,,,,,,,,0.5,305.5573,298.992,293.661,289.9202,287.8856,287.4516,288.3512,290.2381,292.7684,295.663,298.7443,301.9462,305.3014,308.9137,312.9228,317.4649,322.637,328.4681,334.9023,341.7979,371.4805278410413,316.4919142919977,834.9659,67.50419999999997,393.5797999999999,-25.54840000000001
656,656,656.0,656.0,656.0,656.0,656.0,656.0,656.0,656.0,656.0,656.0,656.0,656.0,656.0,656.0,656.0,656.0,656.0,656.0,656.0,,,,,,,,,,,,,,,,,,,,,,,,,,,,,,,,0.6,358.049,345.2623,333.6876,323.753,315.7139,309.6501,305.4885,303.0428,302.0568,302.2427,303.3095,304.9794,306.9956,309.127,311.1724,312.9687,314.4024,315.4216,316.0434,316.3534,173.0000727601236,279.0443463722865,902.4701,77.29759999999999,326.0755999999999,-3.349899999999991
657,657,657.0,657.0,657.0,657.0,657.0,657.0,657.0,657.0,657.0,657.0,657.0,657.0,657.0,657.0,657.0,657.0,657.0,657.0,657.0,,,,,,,,,,,,,,,,,,,,,,,,,,,,,,,,0.7,197.7282,221.1655,242.2154,260.1226,274.5429,285.5267,293.4329,298.8042,302.238,304.2791,305.3493,305.7183,305.507,304.7173,303.2762,301.0861,298.0745,294.2343,289.6492,284.4993,312.1091729425757,372.9999449664353,979.7677,123.96130000000004,248.7779999999999,-27.473299999999995
658,658,658.0,658.0,658.0,658.0,658.0,658.0,658.0,658.0,658.0,658.0,658.0,658.0,658.0,658.0,658.0,658.0,658.0,658.0,658.0,,,,,,,,,,,,,,,,,,,,,,,,,,,,,,,,0.8,305.2546,299.0587,294.063,290.6053,288.7833,288.4734,289.3939,291.1909,293.5261,296.1482,298.939,301.9299,305.2924,309.3035,314.2921,320.5704,328.3607,337.7297,348.5456,360.4713,324.5259934368721,362.8158115070073,1103.729,50.63200000000006,124.81669999999986,-24.526599999999974
659,659,659.0,659.0,659.0,659.0,659.0,659.0,659.0,659.0,659.0,659.0,659.0,659.0,659.0,659.0,659.0,659.0,659.0,659.0,659.0,,,,,,,,,,,,,,,,,,,,,,,,,,,,,,,,0.9,319.2117,314.1751,309.6672,305.8915,302.9909,301.0457,300.0808,300.0782,300.9935,302.7698,305.3485,308.675,312.6992,317.3728,322.6442,328.4543,334.7338,341.4025,348.3707,355.542,173.00003976613874,173.75079881187392,1154.361,74.1846999999998,74.1846999999998,-11.95429999999999
660,660,660.0,660.0,660.0,660.0,660.0,660.0,660.0,660.0,660.0,660.0,660.0,660.0,660.0,660.0,660.0,660.0,660.0,660.0,,,,,,,,,,,,,,,,,,,,,,,,,,,,,,,,,0.0,273.0,273.0,273.0,273.0,273.0,273.0,273.0,273.0,273.0,273.0,273.0,273.0,273.0,273.0,273.0,273.0,273.0,273.0,273.0,273.0,372.9999456083259,372.9999585186344,0.0,368.7879,2155.7319,-40.0
661,661,661.0,661.0,661.0,661.0,661.0,661.0,661.0,661.0,661.0,661.0,661.0,661.0,661.0,661.0,661.0,661.0,661.0,661.0,,,,,,,,,,,,,,,,,,,,,,,,,,,,,,,,,0.1,355.9582,339.696,324.8873,312.0201,301.3574,292.9443,286.6547,282.2609,279.5107,278.1944,278.1944,279.5107,282.2609,286.6547,292.9443,301.3574,312.0201,324.8873,339.696,355.9583,349.5893756654663,273.7621921625428,368.7879,175.48449999999997,1786.944,-20.0557
662,662,662.0,662.0,662.0,662.0,662.0,662.0,662.0,662.0,662.0,662.0,662.0,662.0,662.0,662.0,662.0,662.0,662.0,662.0,,,,,,,,,,,,,,,,,,,,,,,,,,,,,,,,,0.2,341.6533,333.8434,326.2941,319.1524,312.5755,306.7211,301.7323,297.7187,294.7372,292.7746,291.7335,291.4258,291.5758,291.8373,291.8291,291.1853,289.6174,286.9734,283.28,278.7522,265.4364812550162,273.63201830694976,544.2724,178.3660000000001,1611.4595,-6.2789000000000215
663,663,663.0,663.0,663.0,663.0,663.0,663.0,663.0,663.0,663.0,663.0,663.0,663.0,663.0,663.0,663.0,663.0,663.0,663.0,,,,,,,,,,,,,,,,,,,,,,,,,,,,,,,,,0.3,273.2513,280.5249,286.8009,291.7722,295.3106,297.4595,298.3946,298.3686,297.6535,296.4933,295.0745,293.5142,291.8647,290.1278,288.2751,286.2682,284.0762,281.6882,279.12,276.4135,335.7931612871274,273.20142483244604,722.6384,195.4725,1433.0935,-15.540500000000009
664,664,664.0,664.0,664.0,664.0,664.0,664.0,664.0,664.0,664.0,664.0,664.0,664.0,664.0,664.0,664.0,664.0,664.0,664.0,,,,,,,,,,,,,,,,,,,,,,,,,,,,,,,,,0.4,328.4075,321.4028,315.0979,309.7028,305.2974,301.8385,299.1883,297.1548,295.5314,294.129,292.7948,291.4189,289.932,288.2981,286.5051,284.5572,282.4692,280.2621,277.9621,275.598,312.9912003999581,274.4982160345393,918.1109,203.8567999999999,1237.621,-11.16149999999999
665,665,665.0,665.0,665.0,665.0,665.0,665.0,665.0,665.0,665.0,665.0,665.0,665.0,665.0,665.0,665.0,665.0,665.0,665.0,,,,,,,,,,,,,,,,,,,,,,,,,,,,,,,,,0.5,311.6887,310.3171,308.8222,307.1755,305.3774,303.4538,301.4461,299.4006,297.3574,295.3445,293.3752,291.4498,289.5593,287.6904,285.8296,283.9662,282.0935,280.2086,278.3124,276.4076,327.24853998576083,273.8740929716097,1121.9677,205.68100000000004,1033.7642000000003,-9.5462
666,666,666.0,666.0,666.0,666.0,666.0,666.0,666.0,666.0,666.0,666.0,666.0,666.0,666.0,666.0,666.0,666.0,666.0,666.0,,,,,,,,,,,,,,,,,,,,,,,,,,,,,,,,,0.6,323.1863,319.2221,315.4405,311.9019,308.6372,305.6487,302.9155,300.4017,298.0646,295.8619,293.7557,291.715,289.7155,287.7393,285.7731,283.8077,281.837,279.8578,277.8696,275.8739,290.04848602204737,273.59318731150813,1327.6487,203.4937,828.0832000000003,-7.351299999999981
667,667,667.0,667.0,667.0,667.0,667.0,667.0,667.0,667.0,667.0,667.0,667.0,667.0,667.0,667.0,667.0,667.0,667.0,667.0,,,,,,,,,,,,,,,,,,,,,,,,,,,,,,,,,0.7,292.9482,295.5933,297.7662,299.315,300.1671,300.3271,299.8611,298.8741,297.4865,295.8143,293.9567,291.9896,289.9658,287.9184,285.865,283.8135,281.7659,279.7212,277.6782,275.6357,337.1019716232323,273.69086121547014,1531.1424,206.66020000000003,624.5895000000003,-12.672900000000029
668,668,668.0,668.0,668.0,668.0,668.0,668.0,668.0,668.0,668.0,668.0,668.0,668.0,668.0,668.0,668.0,668.0,668.0,668.0,,,,,,,,,,,,,,,,,,,,,,,,,,,,,,,,,0.8,330.4119,324.0032,318.1134,312.9029,308.4397,304.7035,301.6054,299.0153,296.7908,294.7996,292.9336,291.1149,289.2939,287.4445,285.5573,283.6331,281.6778,279.699,277.7043,275.6998,290.34272965145465,273.0000239227119,1737.8026,207.39460000000008,417.9293000000002,-8.29649999999998
669,669,669.0,669.0,669.0,669.0,669.0,669.0,669.0,669.0,669.0,669.0,669.0,669.0,669.0,669.0,669.0,669.0,669.0,669.0,,,,,,,,,,,,,,,,,,,,,,,,,,,,,,,,,0.9,293.2944,295.9685,298.1305,299.6212,300.3718,300.3995,299.7885,298.6625,297.1571,295.3977,293.4858,291.4941,289.468,287.4307,285.3907,283.3476,281.2978,279.2379,277.1669,275.0862,336.3707631588367,273.6499306988259,1945.1972,210.53470000000016,210.53470000000016,-12.600500000000013
670,670,670.0,670.0,670.0,670.0,670.0,670.0,670.0,670.0,670.0,670.0,670.0,670.0,670.0,670.0,670.0,670.0,670.0,670.0,,,,,,,,,,,,,,,,,,,,,,,,,,,,,,,,,0.0,273.0,273.0,273.0,273.0,273.0,273.0,273.0,273.0,273.0,273.0,273.0,273.0,273.0,273.0,273.0,273.0,273.0,273.0,273.0,273.0,372.9999617746906,372.9999651964614,0.0,368.7878,2148.4805,-40.0
671,671,671.0,671.0,671.0,671.0,671.0,671.0,671.0,671.0,671.0,671.0,671.0,671.0,671.0,671.0,671.0,671.0,671.0,671.0,,,,,,,,,,,,,,,,,,,,,,,,,,,,,,,,,0.1,355.9583,339.696,324.8873,312.0201,301.3574,292.9443,286.6547,282.2609,279.5107,278.1944,278.1944,279.5107,282.2609,286.6547,292.9443,301.3574,312.0201,324.8873,339.696,355.9583,349.01536648318955,274.471271244382,368.7878,175.16789999999995,1779.6927,-20.0557
672,672,672.0,672.0,672.0,672.0,672.0,672.0,672.0,672.0,672.0,672.0,672.0,672.0,672.0,672.0,672.0,672.0,672.0,672.0,,,,,,,,,,,,,,,,,,,,,,,,,,,,,,,,,0.2,341.1771,333.4606,325.9965,318.9289,312.4137,306.6086,301.6578,297.673,294.7136,292.7693,291.7458,291.4583,291.634,291.9303,291.9686,291.3854,289.8936,287.3411,283.7529,279.3404,269.2508988321898,273.3519823955445,543.9557,177.3754,1604.5248,-6.391399999999976
673,673,673.0,673.0,673.0,673.0,673.0,673.0,673.0,673.0,673.0,673.0,673.0,673.0,673.0,673.0,673.0,673.0,673.0,673.0,,,,,,,,,,,,,,,,,,,,,,,,,,,,,,,,,0.3,276.3883,283.0172,288.7094,293.178,296.3053,298.1352,298.8365,298.6496,297.8317,296.6119,295.1628,293.5898,291.9353,290.1934,288.3293,286.3,284.0714,281.632,278.9982,276.2155,334.05246582234776,273.128368660154,721.3311,194.0779,1427.1494,-14.864800000000002
674,674,674.0,674.0,674.0,674.0,674.0,674.0,674.0,674.0,674.0,674.0,674.0,674.0,674.0,674.0,674.0,674.0,674.0,674.0,,,,,,,,,,,,,,,,,,,,,,,,,,,,,,,,,0.4,327.1431,320.583,314.6641,309.5787,305.3996,302.0867,299.513,297.5017,295.8628,294.4222,293.039,291.6118,290.0765,288.3994,286.5692,284.5898,282.4749,280.2449,277.9246,275.5423,318.7639816866504,274.09425429651486,915.409,203.3256,1233.0715,-10.913299999999992
675,675,675.0,675.0,675.0,675.0,675.0,675.0,675.0,675.0,675.0,675.0,675.0,675.0,675.0,675.0,675.0,675.0,675.0,675.0,,,,,,,,,,,,,,,,,,,,,,,,,,,,,,,,,0.5,316.4712,314.1583,311.8129,309.4355,307.0404,304.6521,302.2993,300.0076,297.7943,295.6651,293.6143,291.6273,289.6845,287.7655,285.8523,283.9316,281.9955,280.041,278.0696,276.0853,308.1430862798869,273.01022815488443,1118.7346,204.1422,1029.7459,-8.347899999999981
676,676,676.0,676.0,676.0,676.0,676.0,676.0,676.0,676.0,676.0,676.0,676.0,676.0,676.0,676.0,676.0,676.0,676.0,676.0,,,,,,,,,,,,,,,,,,,,,,,,,,,,,,,,,0.6,307.6314,307.0408,306.3035,305.3724,304.2252,302.8633,301.3081,299.5929,297.7558,295.8332,293.8551,291.8434,289.8116,287.7658,285.7069,283.6329,281.5413,279.4308,277.3025,275.1602,327.44333798743503,274.3625939558374,1322.8768,205.6346000000001,825.6037000000001,-10.13670000000002
677,677,677.0,677.0,677.0,677.0,677.0,677.0,677.0,677.0,677.0,677.0,677.0,677.0,677.0,677.0,677.0,677.0,677.0,677.0,,,,,,,,,,,,,,,,,,,,,,,,,,,,,,,,,0.7,323.1558,318.9921,315.0575,311.4247,308.1268,305.1589,302.4861,300.0551,297.8062,295.6832,293.6399,291.6425,289.67,287.7116,285.764,283.8282,281.9067,280.0011,278.1111,276.2334,292.2985939055915,273.0010721273282,1528.5114,204.02419999999984,619.9691,-7.841099999999983
678,678,678.0,678.0,678.0,678.0,678.0,678.0,678.0,678.0,678.0,678.0,678.0,678.0,678.0,678.0,678.0,678.0,678.0,678.0,,,,,,,,,,,,,,,,,,,,,,,,,,,,,,,,,0.8,294.7544,296.9769,298.7672,299.9872,300.5717,300.5266,299.9138,298.8305,297.3868,295.6879,293.8224,291.8565,289.8349,287.7832,285.7138,283.6302,281.5321,279.4184,277.2896,275.1487,338.9271136975824,273.59312511246,1732.5356,208.01670000000013,415.9449000000002,-12.473400000000026
679,679,679.0,679.0,679.0,679.0,679.0,679.0,679.0,679.0,679.0,679.0,679.0,679.0,679.0,679.0,679.0,679.0,679.0,679.0,,,,,,,,,,,,,,,,,,,,,,,,,,,,,,,,,0.9,332.0034,325.3655,319.2549,313.8362,309.1809,305.2714,302.0207,299.2996,296.9653,294.8842,292.9467,291.0722,289.2092,287.3297,285.4227,283.4878,281.5302,279.5565,277.5729,275.5841,282.9336169794092,273.1838951287575,1940.5523,207.9282000000001,207.9282000000001,-7.728599999999972
680,680,680.0,680.0,680.0,680.0,680.0,680.0,680.0,680.0,680.0,680.0,680.0,680.0,680.0,680.0,680.0,680.0,680.0,680.0,,,,,,,,,,,,,,,,,,,,,,,,,,,,,,,,,0.0,273.0,273.0,273.0,273.0,273.0,273.0,273.0,273.0,273.0,273.0,273.0,273.0,273.0,273.0,273.0,273.0,273.0,273.0,273.0,273.0,372.9998753428132,372.9999551355848,0.0,368.7879,2180.3051,-40.0
681,681,681.0,681.0,681.0,681.0,681.0,681.0,681.0,681.0,681.0,681.0,681.0,681.0,681.0,681.0,681.0,681.0,681.0,681.0,,,,,,,,,,,,,,,,,,,,,,,,,,,,,,,,,0.1,355.9582,339.696,324.8873,312.0201,301.3574,292.9443,286.6546,282.2609,279.5107,278.1944,278.1944,279.5107,282.2609,286.6547,292.9443,301.3574,312.0201,324.8873,339.696,355.9582,350.20654075843163,272.99998731157046,368.7879,175.82700000000006,1811.5172,-20.0557
682,682,682.0,682.0,682.0,682.0,682.0,682.0,682.0,682.0,682.0,682.0,682.0,682.0,682.0,682.0,682.0,682.0,682.0,682.0,,,,,,,,,,,,,,,,,,,,,,,,,,,,,,,,,0.2,342.1653,334.2549,326.6141,319.3927,312.7495,306.8421,301.8124,297.7678,294.7626,292.7803,291.7203,291.391,291.5132,291.7374,291.6792,290.9702,289.3204,286.5781,282.7718,278.1199,266.05125546545696,273.3649212295627,544.6149,179.49829999999997,1635.6902,-6.157899999999984
683,683,683.0,683.0,683.0,683.0,683.0,683.0,683.0,683.0,683.0,683.0,683.0,683.0,683.0,683.0,683.0,683.0,683.0,683.0,,,,,,,,,,,,,,,,,,,,,,,,,,,,,,,,,0.3,273.7906,280.9903,287.1951,292.099,295.5746,297.6655,298.5474,298.4725,297.7122,296.5098,295.051,293.4526,291.7667,289.9956,288.1115,286.0768,283.8614,281.4548,278.8723,276.1551,331.0486514979148,273.90076218771327,724.1132,195.914,1456.1919,-15.334499999999991
684,684,684.0,684.0,684.0,684.0,684.0,684.0,684.0,684.0,684.0,684.0,684.0,684.0,684.0,684.0,684.0,684.0,684.0,684.0,,,,,,,,,,,,,,,,,,,,,,,,,,,,,,,,,0.4,324.5114,318.3141,312.7402,307.9745,304.0838,301.0241,298.6667,296.8354,295.3429,294.0195,292.7305,291.3819,289.9171,288.3105,286.5578,284.6688,282.6613,280.5568,278.379,276.1522,335.8381977253046,273.2994844239213,920.0272,205.8456000000001,1260.2779,-11.975900000000024
685,685,685.0,685.0,685.0,685.0,685.0,685.0,685.0,685.0,685.0,685.0,685.0,685.0,685.0,685.0,685.0,685.0,685.0,685.0,,,,,,,,,,,,,,,,,,,,,,,,,,,,,,,,,0.5,330.4227,325.1385,320.1035,315.411,311.1226,307.2658,303.8354,300.7995,298.1064,295.6928,293.4914,291.4369,289.4704,287.5427,285.6159,283.6634,281.6699,279.63,277.5474,275.4322,267.6815185991073,272.99981314680247,1125.8728,205.6552999999999,1054.4323,-5.734199999999987
686,686,686.0,686.0,686.0,686.0,686.0,686.0,686.0,686.0,686.0,686.0,686.0,686.0,686.0,686.0,686.0,686.0,686.0,686.0,,,,,,,,,,,,,,,,,,,,,,,,,,,,,,,,,0.6,274.808,281.4606,287.2342,291.8459,295.16,297.1841,298.0406,297.9248,297.0604,295.6636,293.9191,291.9683,289.9096,287.804,285.6845,283.5653,281.4501,279.3376,277.2258,275.1132,345.8823265161367,273.6263379635442,1331.5281,212.1848,848.777,-15.8159
687,687,687.0,687.0,687.0,687.0,687.0,687.0,687.0,687.0,687.0,687.0,687.0,687.0,687.0,687.0,687.0,687.0,687.0,687.0,,,,,,,,,,,,,,,,,,,,,,,,,,,,,,,,,0.7,336.7556,328.0794,320.2326,313.4682,307.8889,303.4543,300.0133,297.3508,295.2337,293.4481,291.8225,290.2357,288.6147,286.9247,285.1579,283.3225,281.4335,279.5072,277.5574,275.5947,296.888655234393,273.53271345483245,1543.7129,212.68419999999992,636.5922,-9.54570000000001
688,688,688.0,688.0,688.0,688.0,688.0,688.0,688.0,688.0,688.0,688.0,688.0,688.0,688.0,688.0,688.0,688.0,688.0,688.0,,,,,,,,,,,,,,,,,,,,,,,,,,,,,,,,,0.8,298.7574,300.3794,301.5489,302.1325,302.082,301.4288,300.2643,298.7117,296.8997,294.9412,292.9221,290.8979,288.8977,286.9302,284.9921,283.0744,281.1671,279.2624,277.3556,275.4454,341.0891683502328,273.4473298465905,1756.3971,213.5690000000002,423.9080000000001,-11.571199999999976
689,689,689.0,689.0,689.0,689.0,689.0,689.0,689.0,689.0,689.0,689.0,689.0,689.0,689.0,689.0,689.0,689.0,689.0,689.0,,,,,,,,,,,,,,,,,,,,,,,,,,,,,,,,,0.9,334.0112,327.2071,320.9094,315.2782,310.3865,306.2238,302.7138,299.7403,297.1732,294.8898,292.7879,290.7908,288.8469,286.9248,285.008,283.0892,281.1663,279.2397,277.3102,275.3792,279.99675391759297,273.3641433246866,1969.9661,210.339,210.339,-6.776200000000017
690,690,690.0,690.0,690.0,690.0,690.0,690.0,690.0,690.0,690.0,690.0,690.0,690.0,690.0,690.0,690.0,690.0,690.0,690.0,,,,,,,,,,,,,,,,,,,,,,,,,,,,,,,,,0.0,273.0,273.0,273.0,273.0,273.0,273.0,273.0,273.0,273.0,273.0,273.0,273.0,273.0,273.0,273.0,273.0,273.0,273.0,273.0,273.0,372.9998925407174,372.9999705591158,0.0,368.7879,2180.7498,-40.0
691,691,691.0,691.0,691.0,691.0,691.0,691.0,691.0,691.0,691.0,691.0,691.0,691.0,691.0,691.0,691.0,691.0,691.0,691.0,,,,,,,,,,,,,,,,,,,,,,,,,,,,,,,,,0.1,355.9582,339.696,324.8873,312.0201,301.3574,292.9443,286.6546,282.2609,279.5107,278.1944,278.1944,279.5107,282.2609,286.6547,292.9443,301.3574,312.0201,324.8873,339.696,355.9583,349.4720879192608,273.9072386201348,368.7879,175.4196,1811.9619,-20.0557
692,692,692.0,692.0,692.0,692.0,692.0,692.0,692.0,692.0,692.0,692.0,692.0,692.0,692.0,692.0,692.0,692.0,692.0,692.0,,,,,,,,,,,,,,,,,,,,,,,,,,,,,,,,,0.2,341.556,333.7652,326.2333,319.1067,312.5424,306.6981,301.7171,297.7093,294.7324,292.7735,291.736,291.4325,291.5877,291.8563,291.8576,291.2262,289.6739,287.0486,283.3767,278.8725,264.980471593452,273.0679424195287,544.2075,178.40840000000003,1636.5423,-6.301899999999989
693,693,693.0,693.0,693.0,693.0,693.0,693.0,693.0,693.0,693.0,693.0,693.0,693.0,693.0,693.0,693.0,693.0,693.0,693.0,,,,,,,,,,,,,,,,,,,,,,,,,,,,,,,,,0.3,272.8674,280.2102,286.55,291.5776,295.1641,297.3523,298.3184,298.3158,297.6173,296.4673,295.0523,293.4889,291.8279,290.0698,288.184,286.1304,283.8772,281.4136,278.757,275.9525,332.1369764267984,273.1645637407613,722.6159,196.4185,1458.1339,-15.647699999999986
694,694,694.0,694.0,694.0,694.0,694.0,694.0,694.0,694.0,694.0,694.0,694.0,694.0,694.0,694.0,694.0,694.0,694.0,694.0,,,,,,,,,,,,,,,,,,,,,,,,,,,,,,,,,0.4,325.3493,318.9164,313.1343,308.1965,304.1741,301.0222,298.6077,296.7472,295.2448,293.9226,292.6381,291.2904,289.8176,288.1895,286.399,284.4537,282.371,280.1735,277.8875,275.5412,336.2435124666665,272.99998731157046,919.0344,207.40609999999992,1261.7154,-11.977800000000002
695,695,695.0,695.0,695.0,695.0,695.0,695.0,695.0,695.0,695.0,695.0,695.0,695.0,695.0,695.0,695.0,695.0,695.0,695.0,,,,,,,,,,,,,,,,,,,,,,,,,,,,,,,,,0.5,330.783,325.4529,320.3706,315.6296,311.2922,307.3866,303.9092,300.8288,298.0945,295.6432,293.4071,291.3206,289.3243,287.3689,285.4164,283.4406,281.4264,279.369,277.2715,275.1439,267.3703605657036,273.388285255626,1126.4405,206.8683000000001,1054.3093,-5.613400000000013
696,696,696.0,696.0,696.0,696.0,696.0,696.0,696.0,696.0,696.0,696.0,696.0,696.0,696.0,696.0,696.0,696.0,696.0,696.0,,,,,,,,,,,,,,,,,,,,,,,,,,,,,,,,,0.6,274.5729,281.2961,287.1305,291.7896,295.1363,297.1785,298.0403,297.9193,297.0427,295.6304,293.8703,291.9078,289.8446,287.7448,285.6445,283.5602,281.4964,279.4519,277.4224,275.4029,345.8199830376475,273.7031350509875,1333.3088,212.3521000000001,847.441,-15.821500000000016
697,697,697.0,697.0,697.0,697.0,697.0,697.0,697.0,697.0,697.0,697.0,697.0,697.0,697.0,697.0,697.0,697.0,697.0,697.0,,,,,,,,,,,,,,,,,,,,,,,,,,,,,,,,,0.7,336.6946,328.0201,320.1756,313.4142,307.8386,303.408,299.9713,297.3132,295.2007,293.4202,291.8005,290.2208,288.6082,286.928,285.1721,283.3481,281.4706,279.5553,277.6157,275.6624,301.66599769047644,273.6102996435821,1545.6609,212.7355,635.0889,-9.591999999999985
698,698,698.0,698.0,698.0,698.0,698.0,698.0,698.0,698.0,698.0,698.0,698.0,698.0,698.0,698.0,698.0,698.0,698.0,698.0,,,,,,,,,,,,,,,,,,,,,,,,,,,,,,,,,0.8,302.7129,303.5506,304.0062,303.9696,303.4048,302.3449,300.8733,299.0998,297.1364,295.0798,293.001,290.9436,288.9274,286.9549,285.0184,283.1061,281.2065,279.3106,277.4134,275.513,336.2869475551357,273.00001348422813,1758.3964,212.57399999999984,422.3534,-10.655100000000004
699,699,699.0,699.0,699.0,699.0,699.0,699.0,699.0,699.0,699.0,699.0,699.0,699.0,699.0,699.0,699.0,699.0,699.0,699.0,,,,,,,,,,,,,,,,,,,,,,,,,,,,,,,,,0.9,330.2605,324.4469,319.0269,314.1253,309.7991,306.041,302.7926,299.9646,297.4571,295.1754,293.0403,290.9919,288.9887,287.0046,285.0243,283.0397,281.0471,279.0455,277.0356,275.0195,279.4080368517514,273.3672446251006,1970.9704,209.77940000000007,209.77940000000007,-6.959000000000003
700,700,700.0,700.0,700.0,700.0,700.0,700.0,700.0,700.0,700.0,700.0,700.0,700.0,700.0,700.0,700.0,700.0,700.0,700.0,,,,,,,,,,,,,,,,,,,,,,,,,,,,,,,,,0.0,273.0,273.0,273.0,273.0,273.0,273.0,273.0,273.0,273.0,273.0,273.0,273.0,273.0,273.0,273.0,273.0,273.0,273.0,273.0,273.0,372.99995647635126,372.9999634831549,0.0,368.7878,2166.8385,-40.0
701,701,701.0,701.0,701.0,701.0,701.0,701.0,701.0,701.0,701.0,701.0,701.0,701.0,701.0,701.0,701.0,701.0,701.0,701.0,,,,,,,,,,,,,,,,,,,,,,,,,,,,,,,,,0.1,355.9583,339.696,324.8873,312.0201,301.3574,292.9443,286.6547,282.2609,279.5107,278.1944,278.1944,279.5107,282.2609,286.6547,292.9443,301.3574,312.0201,324.8873,339.696,355.9583,350.20654075843163,272.99998731157046,368.7878,175.82710000000003,1798.0506999999998,-20.0557
702,702,702.0,702.0,702.0,702.0,702.0,702.0,702.0,702.0,702.0,702.0,702.0,702.0,702.0,702.0,702.0,702.0,702.0,702.0,,,,,,,,,,,,,,,,,,,,,,,,,,,,,,,,,0.2,342.1653,334.2549,326.6141,319.3928,312.7495,306.8421,301.8124,297.7678,294.7626,292.7803,291.7203,291.391,291.5132,291.7374,291.6792,290.9702,289.3204,286.5781,282.7718,278.1199,266.344055084489,272.9993920807369,544.6149,179.6332,1622.2235999999998,-6.157899999999984
703,703,703.0,703.0,703.0,703.0,703.0,703.0,703.0,703.0,703.0,703.0,703.0,703.0,703.0,703.0,703.0,703.0,703.0,703.0,,,,,,,,,,,,,,,,,,,,,,,,,,,,,,,,,0.3,274.0335,281.1855,287.3469,292.213,295.6572,297.7229,298.5854,298.4958,297.7242,296.5124,295.0446,293.4359,291.7367,289.9477,288.0396,285.9736,283.719,281.2652,278.6286,275.8519,333.5685192920484,274.31889068127947,724.2481,196.16110000000003,1442.5903999999998,-15.27710000000002
704,704,704.0,704.0,704.0,704.0,704.0,704.0,704.0,704.0,704.0,704.0,704.0,704.0,704.0,704.0,704.0,704.0,704.0,704.0,,,,,,,,,,,,,,,,,,,,,,,,,,,,,,,,,0.4,326.6158,320.0211,314.0833,308.9984,304.8395,301.5634,299.0382,297.0811,295.4976,294.1107,292.7796,291.4057,289.9303,288.3267,286.5908,284.7332,282.772,280.7285,278.6247,276.4814,320.3939468375478,273.5267860505125,920.4092,203.87079999999992,1246.4292999999998,-11.4366
705,705,705.0,705.0,705.0,705.0,705.0,705.0,705.0,705.0,705.0,705.0,705.0,705.0,705.0,705.0,705.0,705.0,705.0,705.0,,,,,,,,,,,,,,,,,,,,,,,,,,,,,,,,,0.5,317.7409,315.0861,312.4332,309.7942,307.1896,304.6451,302.1861,299.8319,297.5914,295.4614,293.4272,291.4654,289.5483,287.6473,285.7373,283.799,281.8204,279.7975,277.7336,275.6386,305.013649638314,274.12694213946963,1124.28,204.89480000000003,1042.5585,-8.354899999999986
706,706,706.0,706.0,706.0,706.0,706.0,706.0,706.0,706.0,706.0,706.0,706.0,706.0,706.0,706.0,706.0,706.0,706.0,706.0,,,,,,,,,,,,,,,,,,,,,,,,,,,,,,,,,0.6,305.0713,305.0194,304.7646,304.2418,303.4209,302.3049,300.9239,299.3248,297.5614,295.6853,293.7402,291.7598,289.7672,287.7765,285.7952,283.826,281.8692,279.9234,277.9862,276.055,340.6940763150409,273.00085721865554,1329.1748,206.8588,837.6636999999998,-10.695100000000023
707,707,707.0,707.0,707.0,707.0,707.0,707.0,707.0,707.0,707.0,707.0,707.0,707.0,707.0,707.0,707.0,707.0,707.0,707.0,,,,,,,,,,,,,,,,,,,,,,,,,,,,,,,,,0.7,334.0004,327.5485,321.5451,316.1344,311.3853,307.294,303.798,300.7982,298.1805,295.8345,293.665,291.5978,289.5793,287.5739,285.5597,283.5246,281.4635,279.376,277.2654,275.1377,262.7075428911699,273.458033789724,1536.0336,205.67409999999995,630.8048999999999,-5.706000000000017
708,708,708.0,708.0,708.0,708.0,708.0,708.0,708.0,708.0,708.0,708.0,708.0,708.0,708.0,708.0,708.0,708.0,708.0,708.0,,,,,,,,,,,,,,,,,,,,,,,,,,,,,,,,,0.8,270.7975,278.3612,284.9497,290.2498,294.1127,296.5486,297.6949,297.7687,297.0183,295.6829,293.9663,292.0255,289.9702,287.8701,285.7644,283.6719,281.599,279.5454,277.5073,275.48,350.72457265282696,273.6683761664789,1741.7077,212.64660000000003,425.1307999999999,-16.45139999999998
709,709,709.0,709.0,709.0,709.0,709.0,709.0,709.0,709.0,709.0,709.0,709.0,709.0,709.0,709.0,709.0,709.0,709.0,709.0,,,,,,,,,,,,,,,,,,,,,,,,,,,,,,,,,0.9,340.5735,330.9326,322.2314,314.7573,308.6279,303.7995,300.1029,297.2961,295.1165,293.3224,291.7194,290.1694,288.5878,286.9332,285.1943,283.3779,281.499,279.5747,277.6204,275.6484,288.79483312409536,273.8296319995168,1954.3543,212.48419999999987,212.48419999999987,-9.200499999999977
710,710,710.0,710.0,710.0,710.0,710.0,710.0,710.0,710.0,710.0,710.0,710.0,710.0,710.0,710.0,710.0,710.0,710.0,710.0,,,,,,,,,,,,,,,,,,,,,,,,,,,,,,,,,0.0,273.0,273.0,273.0,273.0,273.0,273.0,273.0,273.0,273.0,273.0,273.0,273.0,273.0,273.0,273.0,273.0,273.0,273.0,273.0,273.0,372.9999549098769,372.9999744266679,0.0,368.7878,2166.9755,-40.0
711,711,711.0,711.0,711.0,711.0,711.0,711.0,711.0,711.0,711.0,711.0,711.0,711.0,711.0,711.0,711.0,711.0,711.0,711.0,,,,,,,,,,,,,,,,,,,,,,,,,,,,,,,,,0.1,355.9582,339.696,324.8873,312.0201,301.3574,292.9443,286.6547,282.2609,279.5107,278.1944,278.1944,279.5107,282.2609,286.6547,292.9443,301.3574,312.0201,324.8873,339.696,355.9583,349.1814322802546,274.26621934633573,368.7878,175.2593,1798.1877,-20.0557
712,712,712.0,712.0,712.0,712.0,712.0,712.0,712.0,712.0,712.0,712.0,712.0,712.0,712.0,712.0,712.0,712.0,712.0,712.0,,,,,,,,,,,,,,,,,,,,,,,,,,,,,,,,,0.2,341.3149,333.5714,326.0826,318.9936,312.4605,306.6412,301.6794,297.6862,294.7204,292.7708,291.7423,291.4489,291.6172,291.9034,291.9282,291.3276,289.8137,287.2348,283.6161,279.1703,266.1905557544959,273.2833231175716,544.0471,177.78449999999998,1622.9284,-6.358799999999974
713,713,713.0,713.0,713.0,713.0,713.0,713.0,713.0,713.0,713.0,713.0,713.0,713.0,713.0,713.0,713.0,713.0,713.0,713.0,,,,,,,,,,,,,,,,,,,,,,,,,,,,,,,,,0.3,273.8574,280.9911,287.1422,292.0084,295.464,297.5522,298.447,298.3976,297.6721,296.5105,295.0949,293.5388,291.8905,290.1485,288.281,286.247,284.0138,281.5703,278.9335,276.1485,332.03492436346824,273.541071747038,721.8316,195.2409,1445.1439,-15.447799999999972
714,714,714.0,714.0,714.0,714.0,714.0,714.0,714.0,714.0,714.0,714.0,714.0,714.0,714.0,714.0,714.0,714.0,714.0,714.0,,,,,,,,,,,,,,,,,,,,,,,,,,,,,,,,,0.4,325.3203,318.9541,313.2275,308.3305,304.3333,301.1924,298.7775,296.909,295.3954,294.0622,292.7696,291.4189,289.9492,288.3311,286.5574,284.6359,282.5831,280.4213,278.1754,275.8726,331.3752044823018,273.00046805768847,917.0725,205.5655999999999,1249.903,-11.80759999999998
715,715,715.0,715.0,715.0,715.0,715.0,715.0,715.0,715.0,715.0,715.0,715.0,715.0,715.0,715.0,715.0,715.0,715.0,715.0,,,,,,,,,,,,,,,,,,,,,,,,,,,,,,,,,0.5,326.7664,322.2495,317.9087,313.8133,310.0128,306.5342,303.3813,300.537,297.9673,295.6259,293.46,291.4161,289.4435,287.4986,285.5469,283.5638,281.5355,279.4574,277.334,275.1764,277.37696105771414,274.33849445264684,1122.6381,205.46860000000007,1044.3374,-6.4658000000000015
716,716,716.0,716.0,716.0,716.0,716.0,716.0,716.0,716.0,716.0,716.0,716.0,716.0,716.0,716.0,716.0,716.0,716.0,716.0,,,,,,,,,,,,,,,,,,,,,,,,,,,,,,,,,0.6,282.6496,287.5446,291.7396,295.0089,297.2443,298.4518,298.729,298.232,297.1399,295.6269,293.8424,291.903,289.8912,287.8608,285.843,283.8534,281.8977,279.9746,278.0793,276.2037,343.95544688409825,273.40765313684705,1328.1067,209.1760999999999,838.8688,-14.548200000000008
717,717,717.0,717.0,717.0,717.0,717.0,717.0,717.0,717.0,717.0,717.0,717.0,717.0,717.0,717.0,717.0,717.0,717.0,717.0,,,,,,,,,,,,,,,,,,,,,,,,,,,,,,,,,0.7,335.5516,327.5401,320.2518,313.9095,308.6062,304.3113,300.8984,298.1842,295.9687,294.0666,292.3273,290.6418,288.941,287.188,285.3688,283.4833,281.5394,279.5478,277.5207,275.47,290.7459246148603,274.06594824684487,1537.2828,209.79150000000004,629.6927000000001,-8.688699999999983
718,718,718.0,718.0,718.0,718.0,718.0,718.0,718.0,718.0,718.0,718.0,718.0,718.0,718.0,718.0,718.0,718.0,718.0,718.0,,,,,,,,,,,,,,,,,,,,,,,,,,,,,,,,,0.8,293.7336,296.4266,298.5772,300.0203,300.6892,300.6102,299.8811,298.6403,297.0368,295.2056,293.2542,291.2577,289.2614,287.2878,285.3435,283.4268,281.5322,279.6537,277.7859,275.9244,335.9776999915046,274.11479007480625,1747.0743,210.56449999999995,419.9012,-12.38979999999998
719,719,719.0,719.0,719.0,719.0,719.0,719.0,719.0,719.0,719.0,719.0,719.0,719.0,719.0,719.0,719.0,719.0,719.0,719.0,,,,,,,,,,,,,,,,,,,,,,,,,,,,,,,,,0.9,329.5241,323.3338,317.6293,312.5606,308.1917,304.5044,301.4167,298.8092,296.5518,294.5239,292.6281,290.7943,288.9785,287.1573,285.3216,283.471,281.6087,279.739,277.8655,275.9904,296.67512925149737,272.99998731157046,1957.6388,209.3367000000001,209.3367000000001,-8.495600000000024
720,720,720.0,720.0,720.0,720.0,720.0,720.0,720.0,720.0,720.0,720.0,720.0,720.0,720.0,720.0,720.0,720.0,720.0,,,,,,,,,,,,,,,,,,,,,,,,,,,,,,,,,,0.0,273.0,273.0,273.0,273.0,273.0,273.0,273.0,273.0,273.0,273.0,273.0,273.0,273.0,273.0,273.0,273.0,273.0,273.0,273.0,273.0,372.99993342029376,372.999946436368,0.0,368.7879,1636.005,21.23649999999997
721,721,721.0,721.0,721.0,721.0,721.0,721.0,721.0,721.0,721.0,721.0,721.0,721.0,721.0,721.0,721.0,721.0,721.0,,,,,,,,,,,,,,,,,,,,,,,,,,,,,,,,,,0.1,355.9582,339.696,324.8873,312.0201,301.3574,292.9443,286.6547,282.2609,279.5107,278.1944,278.1944,279.5107,282.2609,286.6547,292.9443,301.3574,312.0201,324.8873,339.696,355.9582,348.8844600808312,274.5947610200336,368.7879,175.1103,1267.2171,21.23649999999997
722,722,722.0,722.0,722.0,722.0,722.0,722.0,722.0,722.0,722.0,722.0,722.0,722.0,722.0,722.0,722.0,722.0,722.0,,,,,,,,,,,,,,,,,,,,,,,,,,,,,,,,,,0.2,341.0686,333.3733,325.9286,318.8779,312.3767,306.5829,301.6407,297.6623,294.7078,292.7673,291.7474,291.4636,291.644,291.9464,291.9928,291.4203,289.9417,287.4051,283.8352,279.4428,305.105333127412,280.0025943575522,543.8982,175.57820000000004,1092.1068,21.23649999999997
723,723,723.0,723.0,723.0,723.0,723.0,723.0,723.0,723.0,723.0,723.0,723.0,723.0,723.0,723.0,723.0,723.0,723.0,,,,,,,,,,,,,,,,,,,,,,,,,,,,,,,,,,0.3,306.1254,306.9166,307.2924,307.1394,306.4314,305.2229,303.6277,301.7881,299.8449,297.9131,296.0682,294.3427,292.7319,291.2049,289.7177,288.2259,286.6944,285.1026,283.447,281.7394,185.1417128362384,312.57211450909296,719.4764,180.77250000000004,916.5286,21.23649999999997
724,724,724.0,724.0,724.0,724.0,724.0,724.0,724.0,724.0,724.0,724.0,724.0,724.0,724.0,724.0,724.0,724.0,724.0,,,,,,,,,,,,,,,,,,,,,,,,,,,,,,,,,,0.4,205.3995,224.6722,242.1079,257.0915,269.2979,278.6906,285.4735,290.0176,292.7815,294.2443,294.8595,295.0302,295.1006,295.3556,296.0216,297.2625,299.1727,301.7671,304.9759,308.649,372.9996871060053,372.99986090482565,900.2489,171.45270000000005,735.7561000000001,21.23649999999997
725,725,725.0,725.0,725.0,725.0,725.0,725.0,725.0,725.0,725.0,725.0,725.0,725.0,725.0,725.0,725.0,725.0,725.0,,,,,,,,,,,,,,,,,,,,,,,,,,,,,,,,,,0.5,354.9733,338.0641,323.2154,311.066,301.8912,295.6224,291.9306,290.3439,290.3671,291.5805,293.701,296.6058,300.3211,304.985,310.7926,317.9328,326.5242,336.5626,347.8885,360.1836,353.7396504138745,273.39325183480616,1071.7016,76.80269999999996,564.3034,21.23649999999997
726,726,726.0,726.0,726.0,726.0,726.0,726.0,726.0,726.0,726.0,726.0,726.0,726.0,726.0,726.0,726.0,726.0,726.0,,,,,,,,,,,,,,,,,,,,,,,,,,,,,,,,,,0.6,345.7381,337.9504,330.5857,323.841,317.8924,312.8828,308.9087,306.0075,304.1462,303.213,303.0126,303.267,303.6252,303.6867,303.0388,301.3108,298.2356,293.7087,287.8275,280.8969,372.99865113791606,372.99969483889583,1148.5043,113.22519999999986,487.50070000000005,21.23649999999997
727,727,727.0,727.0,727.0,727.0,727.0,727.0,727.0,727.0,727.0,727.0,727.0,727.0,727.0,727.0,727.0,727.0,727.0,,,,,,,,,,,,,,,,,,,,,,,,,,,,,,,,,,0.7,363.5896,354.4603,345.8635,338.0025,331.0189,324.991,319.9427,315.861,312.7191,310.5009,309.2253,308.9642,309.8499,312.0669,315.8246,321.311,328.6344,337.7651,348.4942,360.4242,372.9998851092319,372.99992937939794,1261.7295,101.42320000000018,374.2755000000002,21.23649999999997
728,728,728.0,728.0,728.0,728.0,728.0,728.0,728.0,728.0,728.0,728.0,728.0,728.0,728.0,728.0,728.0,728.0,728.0,,,,,,,,,,,,,,,,,,,,,,,,,,,,,,,,,,0.8,365.7066,358.5626,351.7125,345.2931,339.4299,334.2365,329.8138,326.2513,323.6282,322.0139,321.4679,322.0379,323.7554,326.6306,330.6461,335.7498,341.8508,348.8162,356.4728,364.6122,173.00006456254104,173.0000376603044,1363.1527,73.06499999999983,272.8523,21.23649999999997
729,729,729.0,729.0,729.0,729.0,729.0,729.0,729.0,729.0,729.0,729.0,729.0,729.0,729.0,729.0,729.0,729.0,729.0,,,,,,,,,,,,,,,,,,,,,,,,,,,,,,,,,,0.9,201.2251,228.0111,252.1277,272.7127,289.3482,302.0445,311.1449,317.1846,320.7357,322.2704,322.0605,320.1246,316.2265,309.9249,300.6708,287.943,271.4008,251.0257,227.2171,200.8096,173.00003490450368,173.00007176262528,1436.2177,199.7873000000002,199.7873000000002,21.23649999999997
730,730,730.0,730.0,730.0,730.0,730.0,730.0,730.0,730.0,730.0,730.0,730.0,730.0,730.0,730.0,730.0,730.0,730.0,,,,,,,,,,,,,,,,,,,,,,,,,,,,,,,,,,0.0,273.0,273.0,273.0,273.0,273.0,273.0,273.0,273.0,273.0,273.0,273.0,273.0,273.0,273.0,273.0,273.0,273.0,273.0,273.0,273.0,372.99993342029376,372.999946436368,0.0,368.7879,1866.6881,21.91300000000001
731,731,731.0,731.0,731.0,731.0,731.0,731.0,731.0,731.0,731.0,731.0,731.0,731.0,731.0,731.0,731.0,731.0,731.0,,,,,,,,,,,,,,,,,,,,,,,,,,,,,,,,,,0.1,355.9582,339.696,324.8873,312.0201,301.3574,292.9443,286.6547,282.2609,279.5107,278.1944,278.1944,279.5107,282.2609,286.6547,292.9443,301.3574,312.0201,324.8873,339.696,355.9582,349.5375258225073,273.9512571895789,368.7879,175.4088,1497.9001999999998,21.91300000000001
732,732,732.0,732.0,732.0,732.0,732.0,732.0,732.0,732.0,732.0,732.0,732.0,732.0,732.0,732.0,732.0,732.0,732.0,,,,,,,,,,,,,,,,,,,,,,,,,,,,,,,,,,0.2,341.6103,333.8088,326.2672,319.1323,312.561,306.7112,301.726,297.7153,294.7364,292.7765,291.7387,291.4356,291.5919,291.8624,291.8664,291.2387,289.6911,287.0714,283.4061,278.909,173.2971023895384,308.2989135354801,544.1967,182.10540000000003,1322.4914,21.91300000000001
733,733,733.0,733.0,733.0,733.0,733.0,733.0,733.0,733.0,733.0,733.0,733.0,733.0,733.0,733.0,733.0,733.0,733.0,,,,,,,,,,,,,,,,,,,,,,,,,,,,,,,,,,0.3,196.8149,219.076,239.0067,255.8573,269.2706,279.2718,286.1949,290.5719,293.0186,294.1395,294.4666,294.4313,294.3636,294.5052,295.0257,296.0351,297.5875,299.6801,302.2504,305.1787,372.9994759064679,372.9999131030338,726.3021,179.11850000000004,1140.386,21.91300000000001
734,734,734.0,734.0,734.0,734.0,734.0,734.0,734.0,734.0,734.0,734.0,734.0,734.0,734.0,734.0,734.0,734.0,734.0,,,,,,,,,,,,,,,,,,,,,,,,,,,,,,,,,,0.4,354.7634,337.6712,322.6863,310.4567,301.2543,294.9976,291.3383,289.7845,289.8253,291.0318,293.1198,295.9727,299.6287,304.241,310.0212,317.1726,325.8242,335.976,347.4648,359.9613,363.497260098266,274.5096768122678,905.4206,81.54289999999992,961.2675,21.91300000000001
735,735,735.0,735.0,735.0,735.0,735.0,735.0,735.0,735.0,735.0,735.0,735.0,735.0,735.0,735.0,735.0,735.0,735.0,,,,,,,,,,,,,,,,,,,,,,,,,,,,,,,,,,0.5,353.7374,344.2711,335.376,327.2991,320.2423,314.3517,309.7083,306.3215,304.1252,302.9752,302.6484,302.8462,303.2044,303.3148,302.7618,301.1738,298.2824,293.9802,288.3589,281.714,372.9997775456056,372.999761299082,986.9635,119.47079999999994,879.7246000000001,21.91300000000001
736,736,736.0,736.0,736.0,736.0,736.0,736.0,736.0,736.0,736.0,736.0,736.0,736.0,736.0,736.0,736.0,736.0,736.0,,,,,,,,,,,,,,,,,,,,,,,,,,,,,,,,,,0.6,364.006,355.2453,346.9317,339.2452,332.3213,326.2487,321.074,316.8135,313.4696,311.0523,309.5994,309.194,309.9725,312.1177,315.8334,321.3002,328.6182,337.7511,348.4851,360.42,372.999669333505,372.9998304285187,1106.4343,105.94820000000004,760.2538000000002,21.91300000000001
737,737,737.0,737.0,737.0,737.0,737.0,737.0,737.0,737.0,737.0,737.0,737.0,737.0,737.0,737.0,737.0,737.0,737.0,,,,,,,,,,,,,,,,,,,,,,,,,,,,,,,,,,0.7,365.8726,358.884,352.1688,345.8562,340.067,334.913,330.4964,326.9106,324.2405,322.5622,321.9422,322.4345,324.0763,326.8817,330.8359,335.8882,341.9476,348.8802,356.5112,364.6301,173.00006643747952,173.00010749809996,1212.3825,74.74520000000007,654.3056000000001,21.91300000000001
738,738,738.0,738.0,738.0,738.0,738.0,738.0,738.0,738.0,738.0,738.0,738.0,738.0,738.0,738.0,738.0,738.0,738.0,,,,,,,,,,,,,,,,,,,,,,,,,,,,,,,,,,0.8,201.3177,228.1921,252.3891,273.043,289.7338,302.4698,311.5941,317.6421,321.1873,322.7036,322.4653,320.4934,316.5542,310.2087,300.9101,288.1382,271.5534,251.1378,227.2905,200.846,173.00004473642713,173.00006142527053,1287.1277,196.5879,579.5604000000001,21.91300000000001
739,739,739.0,739.0,739.0,739.0,739.0,739.0,739.0,739.0,739.0,739.0,739.0,739.0,739.0,739.0,739.0,739.0,739.0,,,,,,,,,,,,,,,,,,,,,,,,,,,,,,,,,,0.9,192.2352,210.9477,228.6443,244.8865,259.3087,271.6262,281.6341,289.1979,294.2391,296.7197,296.6286,293.9739,288.7822,281.1048,271.0303,258.6992,244.3175,228.1664,210.6034,192.0551,372.99922847407913,372.9999591685682,1483.7156,382.9725000000001,382.9725000000001,21.91300000000001
740,740,740.0,740.0,740.0,740.0,740.0,740.0,740.0,740.0,740.0,740.0,740.0,740.0,740.0,740.0,740.0,740.0,740.0,,,,,,,,,,,,,,,,,,,,,,,,,,,,,,,,,,0.0,273.0,273.0,273.0,273.0,273.0,273.0,273.0,273.0,273.0,273.0,273.0,273.0,273.0,273.0,273.0,273.0,273.0,273.0,273.0,273.0,372.99993342029376,372.999946436368,0.0,368.7879,1867.531,21.911900000000003
741,741,741.0,741.0,741.0,741.0,741.0,741.0,741.0,741.0,741.0,741.0,741.0,741.0,741.0,741.0,741.0,741.0,741.0,,,,,,,,,,,,,,,,,,,,,,,,,,,,,,,,,,0.1,355.9582,339.696,324.8873,312.0201,301.3574,292.9443,286.6547,282.2609,279.5107,278.1944,278.1944,279.5107,282.2609,286.6547,292.9443,301.3574,312.0201,324.8873,339.696,355.9582,349.4605970311468,274.0272441901739,368.7879,175.37349999999998,1498.7431,21.911900000000003
742,742,742.0,742.0,742.0,742.0,742.0,742.0,742.0,742.0,742.0,742.0,742.0,742.0,742.0,742.0,742.0,742.0,742.0,,,,,,,,,,,,,,,,,,,,,,,,,,,,,,,,,,0.2,341.5465,333.7575,326.2273,319.1023,312.5393,306.696,301.7159,297.709,294.733,292.7754,291.7397,291.4389,291.598,291.8723,291.8814,291.2602,289.7207,287.1108,283.4568,278.9721,173.21154228029866,308.16179001481163,544.1614,182.0991,1323.3696,21.911900000000003
743,743,743.0,743.0,743.0,743.0,743.0,743.0,743.0,743.0,743.0,743.0,743.0,743.0,743.0,743.0,743.0,743.0,743.0,,,,,,,,,,,,,,,,,,,,,,,,,,,,,,,,,,0.3,196.7403,219.0119,238.9528,255.8129,269.2347,279.2437,286.1736,290.5564,293.0079,294.1325,294.4619,294.4274,294.3584,294.4959,295.0092,296.0076,297.5449,299.6184,302.1659,305.0686,372.99969405421007,372.9997647314636,726.2605,179.35980000000006,1141.2705,21.911900000000003
744,744,744.0,744.0,744.0,744.0,744.0,744.0,744.0,744.0,744.0,744.0,744.0,744.0,744.0,744.0,744.0,744.0,744.0,,,,,,,,,,,,,,,,,,,,,,,,,,,,,,,,,,0.4,354.7579,337.6603,322.6711,310.4382,301.2339,294.9764,291.3171,289.7638,289.8054,291.0124,293.1007,295.9535,299.609,304.2209,310.001,317.153,325.8063,335.961,347.4539,359.9555,363.6388810303027,274.3773018262149,905.6203,81.69529999999997,961.9107,21.911900000000003
745,745,745.0,745.0,745.0,745.0,745.0,745.0,745.0,745.0,745.0,745.0,745.0,745.0,745.0,745.0,745.0,745.0,745.0,,,,,,,,,,,,,,,,,,,,,,,,,,,,,,,,,,0.5,353.8518,344.3594,335.4406,327.3429,320.2689,314.3645,309.7104,306.3157,304.1135,302.9591,302.6286,302.8227,303.1766,303.2814,302.7211,301.1234,298.2198,293.903,288.2647,281.6012,372.9988078278027,372.9999464382829,987.3156,119.7145999999999,880.2153999999999,21.911900000000003
746,746,746.0,746.0,746.0,746.0,746.0,746.0,746.0,746.0,746.0,746.0,746.0,746.0,746.0,746.0,746.0,746.0,746.0,,,,,,,,,,,,,,,,,,,,,,,,,,,,,,,,,,0.6,364.0098,355.253,346.9422,339.2568,332.3322,326.2572,321.0788,316.8134,313.4641,311.0412,309.5828,309.1724,309.9467,312.089,315.8033,321.2705,328.591,337.7285,348.4689,360.4116,372.9996508893112,372.9998260644205,1107.0302,106.0226,760.5008,21.911900000000003
747,747,747.0,747.0,747.0,747.0,747.0,747.0,747.0,747.0,747.0,747.0,747.0,747.0,747.0,747.0,747.0,747.0,747.0,,,,,,,,,,,,,,,,,,,,,,,,,,,,,,,,,,0.7,365.8733,358.8851,352.1701,345.8572,340.0673,334.9119,330.4936,326.9057,324.2332,322.5524,321.9302,322.4206,324.0609,326.8656,330.8199,335.8731,341.9343,348.8694,356.5036,364.6262,173.00006607288412,173.00010749809996,1213.0528,74.75919999999996,654.4782,21.911900000000003
748,748,748.0,748.0,748.0,748.0,748.0,748.0,748.0,748.0,748.0,748.0,748.0,748.0,748.0,748.0,748.0,748.0,748.0,,,,,,,,,,,,,,,,,,,,,,,,,,,,,,,,,,0.8,201.3173,228.1913,252.3877,273.041,289.7309,302.466,311.5892,317.6362,321.1802,322.6956,322.4563,320.4837,316.5442,310.1988,300.9005,288.1294,271.5459,251.1318,227.2864,200.8438,173.0000460345555,173.0000614283711,1287.812,196.66240000000016,579.719,21.911900000000003
749,749,749.0,749.0,749.0,749.0,749.0,749.0,749.0,749.0,749.0,749.0,749.0,749.0,749.0,749.0,749.0,749.0,749.0,,,,,,,,,,,,,,,,,,,,,,,,,,,,,,,,,,0.9,192.2346,210.9464,228.6422,244.8838,259.3053,271.6221,281.6293,289.1924,294.2331,296.7132,296.6218,293.9669,288.7751,281.098,271.024,258.6935,244.3127,228.1626,210.6008,192.0538,372.9998178619658,372.9999258352354,1484.4744,383.0565999999999,383.0565999999999,21.911900000000003
750,750,750.0,750.0,750.0,750.0,750.0,750.0,750.0,750.0,750.0,750.0,750.0,750.0,750.0,750.0,750.0,750.0,750.0,,,,,,,,,,,,,,,,,,,,,,,,,,,,,,,,,,0.0,273.0,273.0,273.0,273.0,273.0,273.0,273.0,273.0,273.0,273.0,273.0,273.0,273.0,273.0,273.0,273.0,273.0,273.0,273.0,273.0,372.99993342029376,372.999946436368,0.0,368.7879,1412.4935,30.115200000000016
751,751,751.0,751.0,751.0,751.0,751.0,751.0,751.0,751.0,751.0,751.0,751.0,751.0,751.0,751.0,751.0,751.0,751.0,,,,,,,,,,,,,,,,,,,,,,,,,,,,,,,,,,0.1,355.9582,339.696,324.8873,312.0201,301.3574,292.9443,286.6547,282.2609,279.5107,278.1944,278.1944,279.5107,282.2609,286.6547,292.9443,301.3574,312.0201,324.8873,339.696,355.9582,349.872239768865,273.6214180880723,368.7879,175.56260000000003,1043.7056,30.115200000000016
752,752,752.0,752.0,752.0,752.0,752.0,752.0,752.0,752.0,752.0,752.0,752.0,752.0,752.0,752.0,752.0,752.0,752.0,,,,,,,,,,,,,,,,,,,,,,,,,,,,,,,,,,0.2,341.888,334.032,326.4408,319.2626,312.6554,306.7769,301.7697,297.7424,294.7511,292.7812,291.7343,291.4212,291.5652,291.8194,291.8017,291.1457,289.5626,286.9004,283.1862,278.6354,372.9992230266844,372.9998058653842,544.3505,162.1508,868.143,30.115200000000016
753,753,753.0,753.0,753.0,753.0,753.0,753.0,753.0,753.0,753.0,753.0,753.0,753.0,753.0,753.0,753.0,753.0,753.0,,,,,,,,,,,,,,,,,,,,,,,,,,,,,,,,,,0.3,362.4971,352.2905,342.6468,333.7825,325.8511,318.943,313.0963,308.3152,304.5937,301.9405,300.4006,300.0715,301.1074,303.708,308.0889,314.4334,322.8336,333.2323,345.3826,358.8409,372.9984827318139,372.9996518239038,706.5013,99.83539999999994,705.9922,30.115200000000016
754,754,754.0,754.0,754.0,754.0,754.0,754.0,754.0,754.0,754.0,754.0,754.0,754.0,754.0,754.0,754.0,754.0,754.0,,,,,,,,,,,,,,,,,,,,,,,,,,,,,,,,,,0.4,364.7714,356.7085,348.9699,341.7074,335.0623,329.1637,324.1284,320.0612,317.0561,315.196,314.552,315.1803,317.1179,320.376,324.9331,330.728,337.6551,345.5618,354.2505,363.4849,173.00006087906607,173.00005022362416,806.3367,70.64610000000005,606.1568000000001,30.115200000000016
755,755,755.0,755.0,755.0,755.0,755.0,755.0,755.0,755.0,755.0,755.0,755.0,755.0,755.0,755.0,755.0,755.0,755.0,,,,,,,,,,,,,,,,,,,,,,,,,,,,,,,,,,0.5,200.455,226.4857,249.8765,269.7796,285.7912,297.9347,306.5663,312.2321,315.5143,316.8929,316.6456,314.7944,311.1035,305.1292,296.3168,284.1361,268.2344,248.5786,225.5505,199.9656,372.9835247254922,372.9884962231072,876.9828,123.7989,535.5107,30.115200000000016
756,756,756.0,756.0,756.0,756.0,756.0,756.0,756.0,756.0,756.0,756.0,756.0,756.0,756.0,756.0,756.0,756.0,756.0,,,,,,,,,,,,,,,,,,,,,,,,,,,,,,,,,,0.6,357.4585,342.9846,330.4311,320.3499,312.9138,307.9406,304.9833,303.4613,302.798,302.541,302.4466,302.5231,303.0304,304.4349,307.3235,312.283,319.7616,329.938,342.6307,357.2758,372.9994372512576,372.99995403981313,1000.7817,76.52600000000007,411.7118,30.115200000000016
757,757,757.0,757.0,757.0,757.0,757.0,757.0,757.0,757.0,757.0,757.0,757.0,757.0,757.0,757.0,757.0,757.0,757.0,,,,,,,,,,,,,,,,,,,,,,,,,,,,,,,,,,0.7,363.3516,353.994,345.1955,337.1851,330.1404,324.1837,319.3865,315.7798,313.3687,312.1475,312.1115,313.2639,315.6156,319.1774,323.9484,329.8997,336.9606,345.007,353.8584,363.2808,372.9998183417312,372.99996644064873,1077.3077,89.66390000000001,335.1858,30.115200000000016
758,758,758.0,758.0,758.0,758.0,758.0,758.0,758.0,758.0,758.0,758.0,758.0,758.0,758.0,758.0,758.0,758.0,758.0,,,,,,,,,,,,,,,,,,,,,,,,,,,,,,,,,,0.8,365.7039,358.5791,351.7909,345.4943,339.8295,334.9188,330.8647,327.7493,325.6336,324.5584,324.5447,325.5936,327.6866,330.7849,334.8289,339.7376,345.4085,351.7189,358.5273,365.6769,372.98679099287926,372.9867786077296,1166.9716,142.15949999999998,245.5219,30.115200000000016
759,759,759.0,759.0,759.0,759.0,759.0,759.0,759.0,759.0,759.0,759.0,759.0,759.0,759.0,759.0,759.0,759.0,759.0,,,,,,,,,,,,,,,,,,,,,,,,,,,,,,,,,,0.9,367.2896,361.7203,356.4038,351.4592,346.9966,343.1152,339.901,337.4249,335.7414,334.8875,334.8823,335.7261,337.401,339.8706,343.0809,346.9615,351.4264,356.3763,361.7005,367.2792,173.00005548835503,173.00002537863563,1309.1311,103.36239999999998,103.36239999999998,30.115200000000016
760,760,760.0,760.0,760.0,760.0,760.0,760.0,760.0,760.0,760.0,760.0,760.0,760.0,760.0,760.0,760.0,760.0,760.0,,,,,,,,,,,,,,,,,,,,,,,,,,,,,,,,,,0.0,273.0,273.0,273.0,273.0,273.0,273.0,273.0,273.0,273.0,273.0,273.0,273.0,273.0,273.0,273.0,273.0,273.0,273.0,273.0,273.0,372.99993342029376,372.999946436368,0.0,368.7879,1414.3971,30.115700000000004
761,761,761.0,761.0,761.0,761.0,761.0,761.0,761.0,761.0,761.0,761.0,761.0,761.0,761.0,761.0,761.0,761.0,761.0,,,,,,,,,,,,,,,,,,,,,,,,,,,,,,,,,,0.1,355.9582,339.696,324.8873,312.0201,301.3574,292.9443,286.6547,282.2609,279.5107,278.1944,278.1944,279.5107,282.2609,286.6547,292.9443,301.3574,312.0201,324.8873,339.696,355.9582,350.50100688654163,273.00149402158195,368.7879,175.85309999999998,1045.6092,30.115700000000004
762,762,762.0,762.0,762.0,762.0,762.0,762.0,762.0,762.0,762.0,762.0,762.0,762.0,762.0,762.0,762.0,762.0,762.0,,,,,,,,,,,,,,,,,,,,,,,,,,,,,,,,,,0.2,342.4095,334.4513,326.7669,319.5075,312.8328,306.9004,301.8517,297.7934,294.7786,292.79,291.7259,291.3943,291.515,291.7385,291.6799,290.9708,289.3211,286.579,282.7728,278.1212,372.9994922476781,372.9998267247568,544.641,163.10270000000003,869.7561,30.115700000000004
763,763,763.0,763.0,763.0,763.0,763.0,763.0,763.0,763.0,763.0,763.0,763.0,763.0,763.0,763.0,763.0,763.0,763.0,,,,,,,,,,,,,,,,,,,,,,,,,,,,,,,,,,0.3,362.5275,352.3477,342.7247,333.8729,325.9454,319.0328,313.1741,308.3751,304.6316,301.9539,300.3888,300.0353,301.0491,303.6319,308.0008,314.3407,322.7447,333.1558,345.3265,358.8113,372.999581612675,372.9999126831748,707.7437,100.29179999999997,706.6533999999999,30.115700000000004
764,764,764.0,764.0,764.0,764.0,764.0,764.0,764.0,764.0,764.0,764.0,764.0,764.0,764.0,764.0,764.0,764.0,764.0,,,,,,,,,,,,,,,,,,,,,,,,,,,,,,,,,,0.4,364.783,356.7296,348.9987,341.7415,335.0986,329.1992,324.1599,320.0861,317.0723,315.2021,314.5475,315.1657,317.0946,320.346,324.8991,330.6931,337.6224,345.5343,354.2308,363.4747,173.00003595402006,173.00003363897318,808.0355,70.78120000000001,606.3616,30.115700000000004
765,765,765.0,765.0,765.0,765.0,765.0,765.0,765.0,765.0,765.0,765.0,765.0,765.0,765.0,765.0,765.0,765.0,765.0,,,,,,,,,,,,,,,,,,,,,,,,,,,,,,,,,,0.5,200.4591,226.4936,249.8875,269.7927,285.8053,297.9487,306.5787,312.2421,315.5209,316.8956,316.6443,314.7891,311.0949,305.118,296.3041,284.123,268.2222,248.5683,225.543,199.9617,372.9835247254922,372.9884962231072,878.8167,123.83350000000009,535.5803999999999,30.115700000000004
766,766,766.0,766.0,766.0,766.0,766.0,766.0,766.0,766.0,766.0,766.0,766.0,766.0,766.0,766.0,766.0,766.0,766.0,,,,,,,,,,,,,,,,,,,,,,,,,,,,,,,,,,0.6,357.4601,342.9877,330.4355,320.355,312.9194,307.9462,304.9884,303.4653,302.8008,302.5424,302.4464,302.5214,303.0274,304.4309,307.3189,312.2782,319.7571,329.9342,342.6279,357.2743,372.9987541992903,372.9999131050936,1002.6502,76.54579999999987,411.7468999999999,30.115700000000004
767,767,767.0,767.0,767.0,767.0,767.0,767.0,767.0,767.0,767.0,767.0,767.0,767.0,767.0,767.0,767.0,767.0,767.0,,,,,,,,,,,,,,,,,,,,,,,,,,,,,,,,,,0.7,363.3517,353.9948,345.1969,337.187,330.1425,324.1859,319.3885,315.7815,313.37,312.1482,312.1116,313.2635,315.6146,319.1761,323.9468,329.898,336.9589,345.0057,353.8574,363.2803,372.9998445190772,372.9999492464258,1079.196,89.67270000000008,335.2011,30.115700000000004
768,768,768.0,768.0,768.0,768.0,768.0,768.0,768.0,768.0,768.0,768.0,768.0,768.0,768.0,768.0,768.0,768.0,768.0,,,,,,,,,,,,,,,,,,,,,,,,,,,,,,,,,,0.8,365.7042,358.5796,351.7916,345.4951,339.8304,334.9197,330.8656,327.7501,325.6342,324.5588,324.5449,325.5936,327.6864,330.7846,334.8285,339.7371,345.408,351.7185,358.5269,365.6767,372.9868131546397,372.9867786077296,1168.8687,142.164,245.52839999999992,30.115700000000004
769,769,769.0,769.0,769.0,769.0,769.0,769.0,769.0,769.0,769.0,769.0,769.0,769.0,769.0,769.0,769.0,769.0,769.0,,,,,,,,,,,,,,,,,,,,,,,,,,,,,,,,,,0.9,367.2897,361.7205,356.4042,351.4596,346.997,343.1157,339.9015,337.4253,335.7417,334.8878,334.8825,335.7262,337.401,339.8705,343.0808,346.9614,351.4263,356.3762,361.7004,367.2791,173.00001900475328,173.00008127146862,1311.0327,103.36439999999992,103.36439999999992,30.115700000000004
770,770,770.0,770.0,770.0,770.0,770.0,770.0,770.0,770.0,770.0,770.0,770.0,770.0,770.0,770.0,770.0,770.0,770.0,,,,,,,,,,,,,,,,,,,,,,,,,,,,,,,,,,0.0,273.0,273.0,273.0,273.0,273.0,273.0,273.0,273.0,273.0,273.0,273.0,273.0,273.0,273.0,273.0,273.0,273.0,273.0,273.0,273.0,372.99993342029376,372.999946436368,0.0,368.7879,1745.9083,31.523900000000022
771,771,771.0,771.0,771.0,771.0,771.0,771.0,771.0,771.0,771.0,771.0,771.0,771.0,771.0,771.0,771.0,771.0,771.0,,,,,,,,,,,,,,,,,,,,,,,,,,,,,,,,,,0.1,355.9582,339.696,324.8873,312.0201,301.3574,292.9443,286.6547,282.2609,279.5107,278.1944,278.1944,279.5107,282.2609,286.6547,292.9443,301.3574,312.0201,324.8873,339.696,355.9582,350.50100688654163,273.00149402158195,368.7879,175.85309999999998,1377.1204,31.523900000000022
772,772,772.0,772.0,772.0,772.0,772.0,772.0,772.0,772.0,772.0,772.0,772.0,772.0,772.0,772.0,772.0,772.0,772.0,,,,,,,,,,,,,,,,,,,,,,,,,,,,,,,,,,0.2,342.4095,334.4513,326.7669,319.5075,312.8328,306.9004,301.8517,297.7934,294.7786,292.79,291.7259,291.3943,291.515,291.7385,291.6799,290.9708,289.3211,286.579,282.7728,278.1212,306.6367391644464,278.2711204142356,544.641,178.71090000000004,1201.2673,31.523900000000022
773,773,773.0,773.0,773.0,773.0,773.0,773.0,773.0,773.0,773.0,773.0,773.0,773.0,773.0,773.0,773.0,773.0,773.0,,,,,,,,,,,,,,,,,,,,,,,,,,,,,,,,,,0.3,307.4733,308.0843,308.2862,307.9682,307.1056,305.754,304.0267,302.0648,300.0069,297.9647,296.0102,294.1718,292.4409,290.7829,289.151,287.4991,285.7913,284.0081,282.1482,280.2267,372.9991958853482,372.9999117546087,723.3519,158.4339,1022.5564,31.523900000000022
774,774,774.0,774.0,774.0,774.0,774.0,774.0,774.0,774.0,774.0,774.0,774.0,774.0,774.0,774.0,774.0,774.0,774.0,,,,,,,,,,,,,,,,,,,,,,,,,,,,,,,,,,0.4,361.3404,350.1477,339.8227,330.6538,322.7939,316.2673,311.0021,306.8759,303.767,301.5987,300.3714,300.1784,301.2032,303.6958,307.9295,314.1408,322.4614,332.8557,345.0788,358.6719,372.9990306031749,372.9998931345515,881.7858,93.29280000000006,864.1225000000001,31.523900000000022
775,775,775.0,775.0,775.0,775.0,775.0,775.0,775.0,775.0,775.0,775.0,775.0,775.0,775.0,775.0,775.0,775.0,775.0,,,,,,,,,,,,,,,,,,,,,,,,,,,,,,,,,,0.5,364.4171,356.028,348.0164,340.5523,333.7862,327.8472,322.8439,318.8663,315.9903,314.2797,313.7888,314.5608,316.6244,319.9874,324.629,330.4916,337.4743,345.4294,354.1632,363.4414,372.999583201004,372.9999516170962,975.0786,103.51559999999996,770.8297,31.523900000000022
776,776,776.0,776.0,776.0,776.0,776.0,776.0,776.0,776.0,776.0,776.0,776.0,776.0,776.0,776.0,776.0,776.0,776.0,,,,,,,,,,,,,,,,,,,,,,,,,,,,,,,,,,0.6,366.1931,359.5302,353.1518,347.1927,341.78,337.0299,333.0464,329.9191,327.7216,326.5103,326.3222,327.1742,329.0609,331.9538,335.7998,340.5217,346.0181,352.1653,358.8195,365.8214,372.9867971120012,372.9867786077296,1078.5942,155.46800000000007,667.3141,31.523900000000022
777,777,777.0,777.0,777.0,777.0,777.0,777.0,777.0,777.0,777.0,777.0,777.0,777.0,777.0,777.0,777.0,777.0,777.0,,,,,,,,,,,,,,,,,,,,,,,,,,,,,,,,,,0.7,367.5852,362.2999,357.2451,352.5303,348.2585,344.5239,341.4098,338.9873,337.3129,336.4277,336.3559,337.1037,338.6594,340.9923,344.0538,347.7777,352.0815,356.8682,362.0283,367.4431,173.0000900439868,173.00001802552032,1234.0622,110.73289999999996,511.8461,31.523900000000022
778,778,778.0,778.0,778.0,778.0,778.0,778.0,778.0,778.0,778.0,778.0,778.0,778.0,778.0,778.0,778.0,778.0,778.0,,,,,,,,,,,,,,,,,,,,,,,,,,,,,,,,,,0.8,202.8132,231.1611,256.7875,278.8041,296.7672,310.661,320.8036,327.705,331.9131,333.8775,333.85,331.8331,327.5797,320.6441,310.4814,296.5835,278.6326,256.6435,231.0573,202.7589,173.0000353516771,173.00018611563263,1344.7951,118.37300000000003,401.1132,31.523900000000022
779,779,779.0,779.0,779.0,779.0,779.0,779.0,779.0,779.0,779.0,779.0,779.0,779.0,779.0,779.0,779.0,779.0,779.0,,,,,,,,,,,,,,,,,,,,,,,,,,,,,,,,,,0.9,193.4843,213.423,232.3001,249.6546,265.0987,278.3262,289.1117,297.3015,302.8004,305.5557,305.5452,302.7699,297.2537,289.0507,278.2576,265.0286,249.5892,232.2452,213.3835,193.4637,372.9999661712006,372.9999356286056,1463.1681,282.7402,282.7402,31.523900000000022
780,780,780.0,780.0,780.0,780.0,780.0,780.0,780.0,780.0,780.0,780.0,780.0,780.0,780.0,780.0,780.0,780.0,,,,,,,,,,,,,,,,,,,,,,,,,,,,,,,,,,,0.0,273.0,273.0,273.0,273.0,273.0,273.0,273.0,273.0,273.0,273.0,273.0,273.0,273.0,273.0,273.0,273.0,273.0,273.0,273.0,273.0,372.9999367034628,372.999973924222,0.0,368.7878,1364.0036,-40.0
781,781,781.0,781.0,781.0,781.0,781.0,781.0,781.0,781.0,781.0,781.0,781.0,781.0,781.0,781.0,781.0,781.0,,,,,,,,,,,,,,,,,,,,,,,,,,,,,,,,,,,0.1,355.9582,339.696,324.8873,312.0201,301.3574,292.9443,286.6547,282.2609,279.5107,278.1944,278.1944,279.5107,282.2609,286.6547,292.9443,301.3574,312.0201,324.8873,339.696,355.9583,239.426241732978,372.9999645631012,368.7878,155.82099999999997,995.2158,-20.0557
782,782,782.0,782.0,782.0,782.0,782.0,782.0,782.0,782.0,782.0,782.0,782.0,782.0,782.0,782.0,782.0,782.0,,,,,,,,,,,,,,,,,,,,,,,,,,,,,,,,,,,0.2,250.269,260.3831,269.1664,276.2396,281.4914,285.0691,287.3237,288.7308,289.8093,291.0533,292.8872,295.6424,299.5519,304.7542,311.3022,319.1713,328.2671,338.4321,349.4534,361.0729,295.7948637808546,271.91500414546744,524.6088,108.17630000000008,839.3948,-27.93090000000001
783,783,783.0,783.0,783.0,783.0,783.0,783.0,783.0,783.0,783.0,783.0,783.0,783.0,783.0,783.0,783.0,783.0,,,,,,,,,,,,,,,,,,,,,,,,,,,,,,,,,,,0.3,293.1349,290.7513,288.8794,287.6826,287.2393,287.5473,288.5407,290.1099,292.1172,294.4009,296.7706,298.9963,300.802,301.871,301.8718,300.5044,297.5615,292.9888,286.9291,279.7311,252.7342583893708,372.9999268974793,632.7851,128.9591999999999,731.2185,-25.4527
784,784,784.0,784.0,784.0,784.0,784.0,784.0,784.0,784.0,784.0,784.0,784.0,784.0,784.0,784.0,784.0,784.0,,,,,,,,,,,,,,,,,,,,,,,,,,,,,,,,,,,0.4,259.0926,265.2004,270.8456,275.8827,280.2471,283.9525,287.0762,289.7409,292.0996,294.3277,296.6247,299.221,302.3823,306.403,311.5842,318.1909,326.398,336.234,347.5411,359.9676,303.9002351980846,272.2687486210426,761.7443,98.048,602.2593,-29.047500000000014
785,785,785.0,785.0,785.0,785.0,785.0,785.0,785.0,785.0,785.0,785.0,785.0,785.0,785.0,785.0,785.0,785.0,,,,,,,,,,,,,,,,,,,,,,,,,,,,,,,,,,,0.5,300.0715,296.573,293.6876,291.615,290.4547,290.208,290.7952,292.079,293.8849,296.0129,298.2389,300.3101,301.9406,302.8179,302.6252,301.0825,298.0014,293.3405,287.2447,280.0536,255.24588429523925,372.999957232684,859.7923,114.66830000000004,504.2113000000001,-22.791999999999973
786,786,786.0,786.0,786.0,786.0,786.0,786.0,786.0,786.0,786.0,786.0,786.0,786.0,786.0,786.0,786.0,786.0,,,,,,,,,,,,,,,,,,,,,,,,,,,,,,,,,,,0.6,261.7357,267.9499,273.6558,278.6952,283.0001,286.5887,289.5494,292.0191,294.1649,296.1743,298.256,300.646,303.6126,307.4511,312.4614,318.9074,326.9619,336.6516,347.817,360.1049,294.1893809712963,271.8347231202892,974.4606,87.22539999999992,389.543,-26.411299999999983
787,787,787.0,787.0,787.0,787.0,787.0,787.0,787.0,787.0,787.0,787.0,787.0,787.0,787.0,787.0,787.0,787.0,,,,,,,,,,,,,,,,,,,,,,,,,,,,,,,,,,,0.7,292.4388,290.917,289.8192,289.2818,289.3699,290.0802,291.3525,293.0853,295.1481,297.3853,299.613,301.611,303.1184,303.8398,303.4694,301.7341,298.4493,293.5759,287.261,279.846,256.24380753677025,372.99995800976825,1061.686,110.8027000000002,302.3176000000001,-22.91980000000001
788,788,788.0,788.0,788.0,788.0,788.0,788.0,788.0,788.0,788.0,788.0,788.0,788.0,788.0,788.0,788.0,788.0,,,,,,,,,,,,,,,,,,,,,,,,,,,,,,,,,,,0.8,262.3352,268.1977,273.636,278.5142,282.7681,286.4031,289.4827,292.1129,294.43,296.5959,298.8013,301.2721,304.2741,308.1055,313.0727,319.4476,327.4109,336.9964,348.0501,360.2222,295.2962428573742,272.8729892651368,1172.4887,84.26049999999987,191.5148999999999,-26.596900000000005
789,789,789.0,789.0,789.0,789.0,789.0,789.0,789.0,789.0,789.0,789.0,789.0,789.0,789.0,789.0,789.0,789.0,,,,,,,,,,,,,,,,,,,,,,,,,,,,,,,,,,,0.9,293.3664,291.6759,290.4292,289.7695,289.7662,290.4168,291.6592,293.3878,295.4663,297.7331,299.9989,302.0395,303.5917,304.36,304.0399,302.3608,299.1405,294.3415,288.1107,280.7877,254.6948497557237,372.99995546638826,1256.7492,107.25440000000005,107.25440000000005,-22.583199999999977
790,790,790.0,790.0,790.0,790.0,790.0,790.0,790.0,790.0,790.0,790.0,790.0,790.0,790.0,790.0,790.0,790.0,,,,,,,,,,,,,,,,,,,,,,,,,,,,,,,,,,,0.0,273.0,273.0,273.0,273.0,273.0,273.0,273.0,273.0,273.0,273.0,273.0,273.0,273.0,273.0,273.0,273.0,273.0,273.0,273.0,273.0,372.9999598483152,372.99997516164126,0.0,368.7878,1114.3514,-40.0
791,791,791.0,791.0,791.0,791.0,791.0,791.0,791.0,791.0,791.0,791.0,791.0,791.0,791.0,791.0,791.0,791.0,,,,,,,,,,,,,,,,,,,,,,,,,,,,,,,,,,,0.1,355.9583,339.696,324.8873,312.0201,301.3574,292.9443,286.6547,282.2609,279.5107,278.1944,278.1944,279.5107,282.2609,286.6547,292.9443,301.3574,312.0201,324.8873,339.696,355.9583,239.42622687616227,372.9999766824408,368.7878,155.82099999999997,745.5636,-20.0557
792,792,792.0,792.0,792.0,792.0,792.0,792.0,792.0,792.0,792.0,792.0,792.0,792.0,792.0,792.0,792.0,792.0,,,,,,,,,,,,,,,,,,,,,,,,,,,,,,,,,,,0.2,250.269,260.3831,269.1664,276.2396,281.4914,285.0691,287.3237,288.7308,289.8093,291.0533,292.8872,295.6424,299.5519,304.7542,311.3022,319.1713,328.2672,338.4321,349.4534,361.0729,254.90241982155865,372.9999464363679,524.6088,103.42899999999996,589.7426,-27.93090000000001
793,793,793.0,793.0,793.0,793.0,793.0,793.0,793.0,793.0,793.0,793.0,793.0,793.0,793.0,793.0,793.0,793.0,,,,,,,,,,,,,,,,,,,,,,,,,,,,,,,,,,,0.3,259.2146,263.4872,267.6838,271.7758,275.7486,279.6081,283.3867,287.1462,290.9766,294.9896,299.3085,304.0559,309.3401,315.244,321.8159,329.0642,336.9555,345.4168,354.3393,363.586,372.9999453525532,268.8255422497814,628.0378,69.81330000000003,486.31360000000006,-33.39190000000002
794,794,794.0,794.0,794.0,794.0,794.0,794.0,794.0,794.0,794.0,794.0,794.0,794.0,794.0,794.0,794.0,794.0,,,,,,,,,,,,,,,,,,,,,,,,,,,,,,,,,,,0.4,356.9934,341.9054,328.5305,317.4426,308.9462,303.0776,299.6472,298.3038,298.5999,300.0428,302.1256,304.3403,306.1837,307.1671,306.841,304.8372,300.9245,295.0641,287.447,278.4965,228.2668148772547,365.6934208845105,697.8511,78.79140000000007,416.5003,-9.922399999999982
795,795,795.0,795.0,795.0,795.0,795.0,795.0,795.0,795.0,795.0,795.0,795.0,795.0,795.0,795.0,795.0,795.0,,,,,,,,,,,,,,,,,,,,,,,,,,,,,,,,,,,0.5,242.7471,256.4155,268.59,278.8151,286.9064,292.9369,297.1793,300.0265,301.9155,303.2726,304.4862,305.9048,307.8478,310.6155,314.485,319.6878,326.3695,334.5451,344.0641,354.6031,307.80026507971337,273.9410913521195,776.6425,61.642600000000016,337.7089,-20.06310000000002
796,796,796.0,796.0,796.0,796.0,796.0,796.0,796.0,796.0,796.0,796.0,796.0,796.0,796.0,796.0,796.0,796.0,,,,,,,,,,,,,,,,,,,,,,,,,,,,,,,,,,,0.6,303.9913,300.5676,297.8501,296.0479,295.2378,295.3718,296.3068,297.8422,299.7533,301.8118,303.7911,305.4597,306.5729,306.8708,306.0936,304.0138,300.483,295.4817,289.1549,281.8205,262.0843440852605,372.99989707365626,838.2851,81.54809999999998,276.0663,-17.628199999999993
797,797,797.0,797.0,797.0,797.0,797.0,797.0,797.0,797.0,797.0,797.0,797.0,797.0,797.0,797.0,797.0,797.0,,,,,,,,,,,,,,,,,,,,,,,,,,,,,,,,,,,0.7,268.2419,274.1439,279.5734,284.3811,288.499,291.9372,294.7697,297.1154,299.1232,300.9645,302.8359,304.9658,307.6192,311.0917,315.6862,321.671,329.2244,338.3795,348.9842,360.6931,301.0881920309874,273.71606020721777,919.8332,57.1848,194.5182,-21.06279999999998
798,798,798.0,798.0,798.0,798.0,798.0,798.0,798.0,798.0,798.0,798.0,798.0,798.0,798.0,798.0,798.0,798.0,,,,,,,,,,,,,,,,,,,,,,,,,,,,,,,,,,,0.8,299.0851,297.3137,295.9715,295.1957,295.0515,295.5337,296.5795,298.0839,299.9125,301.9071,303.882,305.6174,306.8548,307.3034,306.6637,304.6688,301.1398,296.0409,289.5188,281.9115,261.9278233967141,372.9999772692397,977.018,80.23579999999993,137.33339999999998,-17.46629999999999
799,799,799.0,799.0,799.0,799.0,799.0,799.0,799.0,799.0,799.0,799.0,799.0,799.0,799.0,799.0,799.0,799.0,,,,,,,,,,,,,,,,,,,,,,,,,,,,,,,,,,,0.9,267.9848,273.8035,279.1805,283.974,288.1162,291.6116,294.5248,296.9637,299.0672,300.9987,302.9494,305.1443,307.8462,311.3496,315.9565,321.9348,329.4632,338.5762,349.1242,360.7659,300.1890825818658,273.4587683287126,1057.2538,57.09760000000006,57.09760000000006,-21.38839999999999
800,800,800.0,800.0,800.0,800.0,800.0,800.0,800.0,800.0,800.0,800.0,800.0,800.0,800.0,800.0,800.0,800.0,,,,,,,,,,,,,,,,,,,,,,,,,,,,,,,,,,,0.0,273.0,273.0,273.0,273.0,273.0,273.0,273.0,273.0,273.0,273.0,273.0,273.0,273.0,273.0,273.0,273.0,273.0,273.0,273.0,273.0,372.9999313322404,372.9999663241063,0.0,368.7879,1363.3982,-40.0
801,801,801.0,801.0,801.0,801.0,801.0,801.0,801.0,801.0,801.0,801.0,801.0,801.0,801.0,801.0,801.0,801.0,,,,,,,,,,,,,,,,,,,,,,,,,,,,,,,,,,,0.1,355.9582,339.696,324.8873,312.0201,301.3574,292.9443,286.6547,282.2609,279.5107,278.1944,278.1944,279.5107,282.2609,286.6547,292.9443,301.3574,312.0201,324.8873,339.696,355.9583,239.42626323628656,372.99994312929874,368.7879,155.8209,994.6103,-20.0557
802,802,802.0,802.0,802.0,802.0,802.0,802.0,802.0,802.0,802.0,802.0,802.0,802.0,802.0,802.0,802.0,802.0,,,,,,,,,,,,,,,,,,,,,,,,,,,,,,,,,,,0.2,250.269,260.3831,269.1664,276.2396,281.4914,285.0691,287.3237,288.7308,289.8093,291.0533,292.8872,295.6424,299.5519,304.7542,311.3022,319.1713,328.2671,338.4321,349.4534,361.0729,295.3951961417246,272.82029002524354,524.6088,108.03830000000004,838.7894000000001,-27.93090000000001
803,803,803.0,803.0,803.0,803.0,803.0,803.0,803.0,803.0,803.0,803.0,803.0,803.0,803.0,803.0,803.0,803.0,,,,,,,,,,,,,,,,,,,,,,,,,,,,,,,,,,,0.3,292.8033,290.4848,288.6723,287.5271,287.1269,287.4696,288.49,290.0805,292.1052,294.4051,296.7926,299.0413,300.8783,301.9907,302.0503,300.7602,297.9143,293.4583,287.5328,280.482,251.45707739418563,372.9999763830905,632.6471,128.6513,730.7511000000001,-25.530399999999982
804,804,804.0,804.0,804.0,804.0,804.0,804.0,804.0,804.0,804.0,804.0,804.0,804.0,804.0,804.0,804.0,804.0,,,,,,,,,,,,,,,,,,,,,,,,,,,,,,,,,,,0.4,258.0147,264.3143,270.1368,275.3323,279.8335,283.6538,286.8721,289.6141,292.0359,294.3162,296.6571,299.2905,302.4822,306.5263,311.722,318.333,326.5325,336.3487,347.6249,360.0119,305.83166229139323,271.5671395919041,761.2984,98.45190000000002,602.0998000000001,-29.34620000000001
805,805,805.0,805.0,805.0,805.0,805.0,805.0,805.0,805.0,805.0,805.0,805.0,805.0,805.0,805.0,805.0,805.0,,,,,,,,,,,,,,,,,,,,,,,,,,,,,,,,,,,0.5,301.6063,297.7332,294.5143,292.1625,290.7833,290.3774,290.8589,292.0807,293.8568,295.9756,298.2023,300.2749,301.9002,302.7595,302.5317,300.9338,297.7761,293.018,286.8071,279.4875,254.96684688868888,372.9999697221677,859.7503,114.64829999999996,503.6479000000001,-22.622599999999977
806,806,806.0,806.0,806.0,806.0,806.0,806.0,806.0,806.0,806.0,806.0,806.0,806.0,806.0,806.0,806.0,806.0,,,,,,,,,,,,,,,,,,,,,,,,,,,,,,,,,,,0.6,261.5714,267.8903,273.6822,278.7838,283.1252,286.7265,289.6801,292.1285,294.2441,296.2194,298.2668,300.625,303.5643,307.3815,312.3777,318.8179,326.8754,336.577,347.7622,360.0759,293.8984892915959,272.4937462979962,974.3986,87.06950000000006,388.9996000000001,-26.273500000000013
807,807,807.0,807.0,807.0,807.0,807.0,807.0,807.0,807.0,807.0,807.0,807.0,807.0,807.0,807.0,807.0,807.0,,,,,,,,,,,,,,,,,,,,,,,,,,,,,,,,,,,0.7,292.2081,290.7438,289.6984,289.206,289.3308,290.0687,291.3599,293.1042,295.1726,297.4122,299.6421,301.6456,303.1653,303.9095,303.5758,301.8936,298.6797,293.8946,287.6834,280.3836,256.13878179235064,372.99996624207904,1061.4681,110.30330000000004,301.93010000000004,-22.93130000000002
808,808,808.0,808.0,808.0,808.0,808.0,808.0,808.0,808.0,808.0,808.0,808.0,808.0,808.0,808.0,808.0,808.0,,,,,,,,,,,,,,,,,,,,,,,,,,,,,,,,,,,0.8,262.2403,268.1134,273.5631,278.4539,282.7215,286.3712,289.4663,292.1126,294.4463,296.6291,298.8511,301.3378,304.354,308.1967,313.1707,319.5463,327.5032,337.0745,348.1068,360.2521,295.5612266495492,271.96437005922246,1171.7714,84.15999999999985,191.6268,-26.62880000000001
809,809,809.0,809.0,809.0,809.0,809.0,809.0,809.0,809.0,809.0,809.0,809.0,809.0,809.0,809.0,809.0,809.0,,,,,,,,,,,,,,,,,,,,,,,,,,,,,,,,,,,0.9,293.5809,291.8429,290.5541,289.8595,289.8295,290.4613,291.6918,293.4135,295.4879,297.7506,300.0089,302.0351,303.562,304.2903,303.9117,302.1527,298.8295,293.9052,287.5294,280.0467,255.92542931036465,372.9999289092219,1255.9314,107.46680000000016,107.46680000000016,-22.53870000000001
810,810,810.0,810.0,810.0,810.0,810.0,810.0,810.0,810.0,810.0,810.0,810.0,810.0,810.0,810.0,810.0,810.0,,,,,,,,,,,,,,,,,,,,,,,,,,,,,,,,,,,0.0,273.0,273.0,273.0,273.0,273.0,273.0,273.0,273.0,273.0,273.0,273.0,273.0,273.0,273.0,273.0,273.0,273.0,273.0,273.0,273.0,372.9999281482463,372.9999663253212,0.0,368.7879,1361.0034,-40.0
811,811,811.0,811.0,811.0,811.0,811.0,811.0,811.0,811.0,811.0,811.0,811.0,811.0,811.0,811.0,811.0,811.0,,,,,,,,,,,,,,,,,,,,,,,,,,,,,,,,,,,0.1,355.9582,339.696,324.8873,312.0201,301.3574,292.9443,286.6547,282.2609,279.5107,278.1944,278.1944,279.5107,282.2609,286.6547,292.9443,301.3574,312.0201,324.8873,339.696,355.9583,239.42616585978124,372.9999999720242,368.7879,155.82099999999997,992.2155,-20.0557
812,812,812.0,812.0,812.0,812.0,812.0,812.0,812.0,812.0,812.0,812.0,812.0,812.0,812.0,812.0,812.0,812.0,,,,,,,,,,,,,,,,,,,,,,,,,,,,,,,,,,,0.2,250.2689,260.383,269.1664,276.2395,281.4914,285.0691,287.3237,288.7308,289.8093,291.0533,292.8872,295.6424,299.5519,304.7542,311.3022,319.1713,328.2672,338.4321,349.4534,361.0729,295.4604586348449,272.67204458979694,524.6089,108.0607,836.3945000000001,-27.93090000000001
813,813,813.0,813.0,813.0,813.0,813.0,813.0,813.0,813.0,813.0,813.0,813.0,813.0,813.0,813.0,813.0,813.0,,,,,,,,,,,,,,,,,,,,,,,,,,,,,,,,,,,0.3,292.8575,290.5283,288.7061,287.5525,287.1453,287.4822,288.4983,290.0853,292.1071,294.4044,296.789,299.0339,300.8658,301.9711,302.0211,300.7183,297.8565,293.3814,287.434,280.3591,251.4571019151784,372.99990955724496,632.6696,128.76340000000005,728.3338000000001,-25.517800000000022
814,814,814.0,814.0,814.0,814.0,814.0,814.0,814.0,814.0,814.0,814.0,814.0,814.0,814.0,814.0,814.0,814.0,,,,,,,,,,,,,,,,,,,,,,,,,,,,,,,,,,,0.4,258.0178,264.3199,270.1444,275.3408,279.8421,283.6613,286.8775,289.6166,292.0349,294.3112,296.6478,299.2768,302.4646,306.5054,311.6991,318.3095,326.5104,336.3298,347.6111,360.0046,305.48821521489214,272.34523769569,761.433,98.3917,599.5704000000001,-29.338700000000017
815,815,815.0,815.0,815.0,815.0,815.0,815.0,815.0,815.0,815.0,815.0,815.0,815.0,815.0,815.0,815.0,815.0,,,,,,,,,,,,,,,,,,,,,,,,,,,,,,,,,,,0.5,301.3221,297.5055,294.3379,292.0304,290.6879,290.3109,290.8146,292.0531,293.8424,295.9733,298.2136,300.3042,301.9552,302.8511,302.6737,301.1426,298.0695,293.4135,287.3202,280.13,254.77289793891617,372.999958114895,859.8247,114.14499999999998,501.1787000000001,-22.6891
816,816,816.0,816.0,816.0,816.0,816.0,816.0,816.0,816.0,816.0,816.0,816.0,816.0,816.0,816.0,816.0,816.0,,,,,,,,,,,,,,,,,,,,,,,,,,,,,,,,,,,0.6,261.3946,267.731,273.5412,278.6621,283.0239,286.6466,289.6227,292.0944,294.2341,296.234,298.306,300.688,303.6488,307.4834,312.4911,318.9346,326.986,336.6714,347.8312,360.1123,293.77168617947086,272.78094750323106,973.9697,86.86450000000002,387.03370000000007,-26.353400000000025
817,817,817.0,817.0,817.0,817.0,817.0,817.0,817.0,817.0,817.0,817.0,817.0,817.0,817.0,817.0,817.0,817.0,,,,,,,,,,,,,,,,,,,,,,,,,,,,,,,,,,,0.7,292.0894,290.6338,289.5982,289.1172,289.2551,290.0077,291.3151,293.0767,295.1632,297.4214,299.6701,301.6926,303.2317,303.9962,303.6842,302.0257,298.8379,294.0819,287.9023,280.6361,256.3863740459087,372.9999602338617,1060.8342,109.88429999999994,300.16920000000005,-22.9923
818,818,818.0,818.0,818.0,818.0,818.0,818.0,818.0,818.0,818.0,818.0,818.0,818.0,818.0,818.0,818.0,818.0,,,,,,,,,,,,,,,,,,,,,,,,,,,,,,,,,,,0.8,262.436,268.2601,273.6668,278.5223,282.7633,286.3955,289.4815,292.1258,294.4631,296.6536,298.8857,301.3834,304.4099,308.2606,313.2393,319.615,327.567,337.1282,348.1456,360.2724,295.1039112790157,273.0000452980252,1170.7185,83.63620000000014,190.2849000000001,-26.604499999999973
819,819,819.0,819.0,819.0,819.0,819.0,819.0,819.0,819.0,819.0,819.0,819.0,819.0,819.0,819.0,819.0,819.0,,,,,,,,,,,,,,,,,,,,,,,,,,,,,,,,,,,0.9,293.2116,291.5572,290.3439,289.7143,289.7375,290.4112,291.6739,293.4204,295.515,297.7966,300.0759,302.1287,303.6915,304.4686,304.1555,302.4815,299.2647,294.4676,288.2377,280.915,254.97374394099825,372.99993173051297,1254.3547,106.64869999999996,106.64869999999996,-22.588799999999992
820,820,820.0,820.0,820.0,820.0,820.0,820.0,820.0,820.0,820.0,820.0,820.0,820.0,820.0,820.0,820.0,820.0,,,,,,,,,,,,,,,,,,,,,,,,,,,,,,,,,,,0.0,273.0,273.0,273.0,273.0,273.0,273.0,273.0,273.0,273.0,273.0,273.0,273.0,273.0,273.0,273.0,273.0,273.0,273.0,273.0,273.0,372.9999637343877,372.9999707897241,0.0,368.7878,1362.7056,-40.0
821,821,821.0,821.0,821.0,821.0,821.0,821.0,821.0,821.0,821.0,821.0,821.0,821.0,821.0,821.0,821.0,821.0,,,,,,,,,,,,,,,,,,,,,,,,,,,,,,,,,,,0.1,355.9583,339.696,324.8873,312.0201,301.3574,292.9443,286.6547,282.2609,279.5107,278.1944,278.1944,279.5107,282.2609,286.6547,292.9443,301.3574,312.0201,324.8873,339.696,355.9583,239.42619985100183,372.99999166355656,368.7878,155.82099999999997,993.9178,-20.0557
822,822,822.0,822.0,822.0,822.0,822.0,822.0,822.0,822.0,822.0,822.0,822.0,822.0,822.0,822.0,822.0,822.0,,,,,,,,,,,,,,,,,,,,,,,,,,,,,,,,,,,0.2,250.269,260.3831,269.1664,276.2396,281.4914,285.0691,287.3237,288.7308,289.8093,291.0533,292.8872,295.6424,299.5519,304.7542,311.3022,319.1713,328.2672,338.4321,349.4534,361.0729,295.77060311835965,271.97006412410207,524.6088,108.16790000000005,838.0968,-27.93090000000001
823,823,823.0,823.0,823.0,823.0,823.0,823.0,823.0,823.0,823.0,823.0,823.0,823.0,823.0,823.0,823.0,823.0,,,,,,,,,,,,,,,,,,,,,,,,,,,,,,,,,,,0.3,293.1147,290.7351,288.8668,287.6732,287.2325,287.5426,288.5376,290.1082,292.1165,294.4012,296.7719,298.9991,300.8066,301.8782,301.8826,300.52,297.5829,293.0174,286.966,279.7769,252.81778178276664,372.9999602338614,632.7767,128.89279999999997,729.9289,-25.457400000000007
824,824,824.0,824.0,824.0,824.0,824.0,824.0,824.0,824.0,824.0,824.0,824.0,824.0,824.0,824.0,824.0,824.0,,,,,,,,,,,,,,,,,,,,,,,,,,,,,,,,,,,0.4,259.1608,265.2541,270.8861,275.912,280.2676,283.9662,287.0853,289.7472,292.1045,294.3323,296.6298,299.227,302.3893,306.411,311.5928,318.1997,326.4063,336.241,347.5462,359.9703,304.1726090767869,271.6517442949824,761.6695,98.05579999999998,601.0361,-29.033799999999985
825,825,825.0,825.0,825.0,825.0,825.0,825.0,825.0,825.0,825.0,825.0,825.0,825.0,825.0,825.0,825.0,825.0,,,,,,,,,,,,,,,,,,,,,,,,,,,,,,,,,,,0.5,300.3014,296.762,293.839,291.7332,290.5446,290.2745,290.8428,292.1114,293.9044,296.0202,298.2331,300.2877,301.8961,302.7432,302.5096,300.9135,297.7654,293.0239,286.8356,279.543,255.4398742056709,372.9999458555584,859.7253,115.03200000000004,502.98030000000006,-22.72550000000001
826,826,826.0,826.0,826.0,826.0,826.0,826.0,826.0,826.0,826.0,826.0,826.0,826.0,826.0,826.0,826.0,826.0,,,,,,,,,,,,,,,,,,,,,,,,,,,,,,,,,,,0.6,261.911,268.1064,273.7932,278.8134,283.0985,286.6671,289.6073,292.0562,294.1809,296.169,298.2296,300.5995,303.5479,307.3716,312.3721,318.8149,326.874,336.5763,347.762,360.0758,293.79240949779506,272.99969009548045,974.7573,87.0951,387.9483,-26.332899999999995
827,827,827.0,827.0,827.0,827.0,827.0,827.0,827.0,827.0,827.0,827.0,827.0,827.0,827.0,827.0,827.0,827.0,,,,,,,,,,,,,,,,,,,,,,,,,,,,,,,,,,,0.7,292.1231,290.6781,289.6486,289.1682,289.3007,290.043,291.3363,293.0818,295.1522,297.396,299.6336,301.6496,303.1881,303.9588,303.6608,302.0246,298.8678,294.1508,288.017,280.8016,256.35823389750067,372.99992156316057,1061.8524,109.9094,300.8532,-22.957
828,828,828.0,828.0,828.0,828.0,828.0,828.0,828.0,828.0,828.0,828.0,828.0,828.0,828.0,828.0,828.0,828.0,,,,,,,,,,,,,,,,,,,,,,,,,,,,,,,,,,,0.8,262.417,268.2495,273.6631,278.5235,282.7674,286.4004,289.4855,292.1279,294.4629,296.6512,298.8819,301.3793,304.4065,308.259,313.2398,319.6177,327.5712,337.1329,348.1497,360.2748,295.55392010192924,271.98080724950654,1171.7618,83.78800000000001,190.9438,-26.59960000000001
829,829,829.0,829.0,829.0,829.0,829.0,829.0,829.0,829.0,829.0,829.0,829.0,829.0,829.0,829.0,829.0,829.0,,,,,,,,,,,,,,,,,,,,,,,,,,,,,,,,,,,0.9,293.5848,291.857,290.5769,289.8891,289.8637,290.4985,291.7306,293.4533,295.5283,297.7917,300.0508,302.0779,303.6055,304.3339,303.9547,302.194,298.8679,293.9394,287.5583,280.0696,255.92534301846493,372.9999695973812,1255.5498,107.1558,107.1558,-22.50150000000002
830,830,830.0,830.0,830.0,830.0,830.0,830.0,830.0,830.0,830.0,830.0,830.0,830.0,830.0,830.0,830.0,830.0,,,,,,,,,,,,,,,,,,,,,,,,,,,,,,,,,,,0.0,273.0,273.0,273.0,273.0,273.0,273.0,273.0,273.0,273.0,273.0,273.0,273.0,273.0,273.0,273.0,273.0,273.0,273.0,273.0,273.0,372.9999800681733,372.9999684909584,0.0,368.7878,1362.3206,-40.0
831,831,831.0,831.0,831.0,831.0,831.0,831.0,831.0,831.0,831.0,831.0,831.0,831.0,831.0,831.0,831.0,831.0,,,,,,,,,,,,,,,,,,,,,,,,,,,,,,,,,,,0.1,355.9583,339.696,324.8873,312.0201,301.3574,292.9443,286.6547,282.2609,279.5107,278.1944,278.1944,279.5107,282.2609,286.6547,292.9443,301.3574,312.0201,324.8873,339.696,355.9583,239.42626323628656,372.99994312929874,368.7878,155.82099999999997,993.5328,-20.0557
832,832,832.0,832.0,832.0,832.0,832.0,832.0,832.0,832.0,832.0,832.0,832.0,832.0,832.0,832.0,832.0,832.0,,,,,,,,,,,,,,,,,,,,,,,,,,,,,,,,,,,0.2,250.269,260.3831,269.1664,276.2396,281.4914,285.0691,287.3237,288.7308,289.8093,291.0533,292.8872,295.6424,299.5519,304.7542,311.3022,319.1713,328.2671,338.4321,349.4534,361.0729,295.3159580105104,272.9996829802121,524.6088,108.01120000000004,837.7118,-27.93090000000001
833,833,833.0,833.0,833.0,833.0,833.0,833.0,833.0,833.0,833.0,833.0,833.0,833.0,833.0,833.0,833.0,833.0,,,,,,,,,,,,,,,,,,,,,,,,,,,,,,,,,,,0.3,292.7376,290.4319,288.6311,287.4963,287.1047,287.4542,288.48,290.0747,292.1028,294.4059,296.797,299.0502,300.8934,302.0143,302.0856,300.8108,297.9842,293.5514,287.6526,280.631,251.4858985580667,372.9999602338614,632.62,128.50760000000002,729.7006,-25.545799999999986
834,834,834.0,834.0,834.0,834.0,834.0,834.0,834.0,834.0,834.0,834.0,834.0,834.0,834.0,834.0,834.0,834.0,,,,,,,,,,,,,,,,,,,,,,,,,,,,,,,,,,,0.4,258.035,264.3267,270.1426,275.3331,279.8313,283.6504,286.8693,289.6134,292.0386,294.3231,296.6689,299.3072,302.5036,306.5516,311.7498,318.3613,326.5592,336.3714,347.6415,360.0206,305.4181505908348,272.50391514655604,761.1276,98.1957,601.193,-29.34960000000001
835,835,835.0,835.0,835.0,835.0,835.0,835.0,835.0,835.0,835.0,835.0,835.0,835.0,835.0,835.0,835.0,835.0,,,,,,,,,,,,,,,,,,,,,,,,,,,,,,,,,,,0.5,301.2639,297.4588,294.3019,292.0042,290.6704,290.3012,290.8119,292.057,293.8526,295.9897,298.2366,300.3343,301.993,302.8979,302.731,301.2122,298.1533,293.5136,287.4386,280.2682,254.7729083177418,372.9999544047196,859.3233,113.8814,502.9973,-22.69880000000001
836,836,836.0,836.0,836.0,836.0,836.0,836.0,836.0,836.0,836.0,836.0,836.0,836.0,836.0,836.0,836.0,836.0,,,,,,,,,,,,,,,,,,,,,,,,,,,,,,,,,,,0.6,261.3924,267.727,273.5362,278.6572,283.0204,286.6457,289.6256,292.1021,294.2473,296.2531,298.331,300.7185,303.684,307.522,312.5312,318.9739,327.022,336.7013,347.8527,360.1235,293.94009400192465,271.8405996491236,973.2047,86.90069999999992,389.1159,-26.354300000000023
837,837,837.0,837.0,837.0,837.0,837.0,837.0,837.0,837.0,837.0,837.0,837.0,837.0,837.0,837.0,837.0,837.0,,,,,,,,,,,,,,,,,,,,,,,,,,,,,,,,,,,0.7,292.2296,290.7472,289.6875,289.1858,289.3069,290.0465,291.344,293.0978,295.177,297.4263,299.6622,301.665,303.1741,303.8946,303.5212,301.781,298.4899,293.6089,287.2855,279.8613,256.24383191987005,372.9999412251428,1060.1054,110.63930000000003,302.2152000000001,-22.95350000000002
838,838,838.0,838.0,838.0,838.0,838.0,838.0,838.0,838.0,838.0,838.0,838.0,838.0,838.0,838.0,838.0,838.0,,,,,,,,,,,,,,,,,,,,,,,,,,,,,,,,,,,0.8,262.3258,268.1802,273.613,278.4889,282.7439,286.3832,289.4694,292.1077,294.4335,296.6079,298.8205,301.297,304.3028,308.136,313.1031,319.4759,327.4357,337.0162,348.0639,360.2293,295.2361556635421,272.70067049566154,1170.7447,84.24350000000004,191.57590000000005,-26.61680000000001
839,839,839.0,839.0,839.0,839.0,839.0,839.0,839.0,839.0,839.0,839.0,839.0,839.0,839.0,839.0,839.0,839.0,,,,,,,,,,,,,,,,,,,,,,,,,,,,,,,,,,,0.9,293.3145,291.6319,290.3928,289.7403,289.7438,290.4006,291.6487,293.3823,295.4649,297.7347,300.002,302.0419,303.5907,304.3521,304.0212,302.3267,299.0863,294.2626,288.0031,280.6486,254.9737073642338,372.9999111298213,1254.9882,107.3324,107.3324,-22.599400000000003
840,840,840.0,840.0,840.0,840.0,840.0,840.0,840.0,840.0,840.0,840.0,840.0,840.0,840.0,840.0,840.0,,,,,,,,,,,,,,,,,,,,,,,,,,,,,,,,,,,,0.0,273.0,273.0,273.0,273.0,273.0,273.0,273.0,273.0,273.0,273.0,273.0,273.0,273.0,273.0,273.0,273.0,273.0,273.0,273.0,273.0,372.999776119558,372.99997462197126,0.0,368.7879,1793.807,-40.0
841,841,841.0,841.0,841.0,841.0,841.0,841.0,841.0,841.0,841.0,841.0,841.0,841.0,841.0,841.0,841.0,,,,,,,,,,,,,,,,,,,,,,,,,,,,,,,,,,,,0.1,355.9581,339.6959,324.8872,312.0201,301.3574,292.9443,286.6546,282.2609,279.5107,278.1944,278.1944,279.5107,282.2609,286.6547,292.9443,301.3574,312.0201,324.8873,339.696,355.9583,173.00021349821878,372.9999368969653,368.7879,179.22269999999995,1425.0191,-20.0557
842,842,842.0,842.0,842.0,842.0,842.0,842.0,842.0,842.0,842.0,842.0,842.0,842.0,842.0,842.0,842.0,,,,,,,,,,,,,,,,,,,,,,,,,,,,,,,,,,,,0.2,195.1647,216.084,234.7101,250.3432,262.704,271.9222,278.4545,282.9643,286.1964,288.8721,291.618,294.9304,299.1667,304.5532,311.2009,319.1221,328.244,338.4216,349.4489,361.0712,309.3695028621757,290.0565531127865,548.0106,174.67010000000005,1245.7964,-41.077800000000025
843,843,843.0,843.0,843.0,843.0,843.0,843.0,843.0,843.0,843.0,843.0,843.0,843.0,843.0,843.0,843.0,,,,,,,,,,,,,,,,,,,,,,,,,,,,,,,,,,,,0.3,301.1038,293.5526,287.3172,282.8003,280.1693,279.3689,280.173,282.2539,285.2468,288.7949,292.5688,296.2649,299.5951,302.278,304.046,304.6694,303.9963,301.9965,298.7939,294.6738,173.0002748295128,372.9999568310565,722.6807,183.6068,1071.1263,-33.6311
844,844,844.0,844.0,844.0,844.0,844.0,844.0,844.0,844.0,844.0,844.0,844.0,844.0,844.0,844.0,844.0,,,,,,,,,,,,,,,,,,,,,,,,,,,,,,,,,,,,0.4,192.1837,210.518,227.2813,241.9756,254.3725,264.5034,272.6071,279.0546,284.2762,288.7058,292.7507,296.7844,301.1509,306.1699,312.1302,319.2687,327.7345,337.5503,348.5834,360.5416,372.9999591685682,309.06464918757644,906.2875,177.9533,887.5195,-48.4966
845,845,845.0,845.0,845.0,845.0,845.0,845.0,845.0,845.0,845.0,845.0,845.0,845.0,845.0,845.0,845.0,,,,,,,,,,,,,,,,,,,,,,,,,,,,,,,,,,,,0.5,352.9606,334.2113,317.8508,304.6417,294.9411,288.7151,285.6191,285.113,286.5771,289.4036,293.0504,297.06,301.0544,304.7206,307.8013,310.0973,311.4839,311.9323,311.528,310.4728,173.0003350681323,372.9999464363685,1084.2408,115.37490000000004,709.5662,-24.2849
846,846,846.0,846.0,846.0,846.0,846.0,846.0,846.0,846.0,846.0,846.0,846.0,846.0,846.0,846.0,846.0,,,,,,,,,,,,,,,,,,,,,,,,,,,,,,,,,,,,0.6,194.9374,215.7379,234.4464,250.4248,263.4151,273.5213,281.1287,286.7912,291.1195,294.6958,298.0249,301.5206,305.5148,310.2736,316.0077,322.8689,330.9331,340.1774,350.4606,361.5217,277.5396757509362,289.0984263464692,1199.6157,152.99429999999984,594.1913,-39.4787
847,847,847.0,847.0,847.0,847.0,847.0,847.0,847.0,847.0,847.0,847.0,847.0,847.0,847.0,847.0,847.0,,,,,,,,,,,,,,,,,,,,,,,,,,,,,,,,,,,,0.7,275.022,272.9873,271.835,271.8202,273.0268,275.3793,278.6822,282.6713,287.0607,291.573,295.9502,299.9488,303.3292,305.8504,307.2789,307.4158,306.1376,303.4406,299.4737,294.5454,249.95880783627555,350.9318270559335,1352.61,155.3987000000002,441.1970000000001,-37.6207
848,848,848.0,848.0,848.0,848.0,848.0,848.0,848.0,848.0,848.0,848.0,848.0,848.0,848.0,848.0,848.0,,,,,,,,,,,,,,,,,,,,,,,,,,,,,,,,,,,,0.8,254.8138,259.5743,264.1624,268.5287,272.6562,276.5565,280.2602,283.8081,287.2452,290.6213,293.9977,297.4564,301.1085,305.094,309.5712,314.6922,320.5705,327.2458,334.658,342.6395,251.92708284637857,331.7049539255171,1508.0087,144.65210000000002,285.7982999999999,-36.44349999999997
849,849,849.0,849.0,849.0,849.0,849.0,849.0,849.0,849.0,849.0,849.0,849.0,849.0,849.0,849.0,849.0,,,,,,,,,,,,,,,,,,,,,,,,,,,,,,,,,,,,0.9,255.9168,259.8981,263.8634,267.8069,271.7252,275.6191,279.4937,283.3585,287.2259,291.1086,295.0151,298.9462,302.8908,306.8251,310.7149,314.5209,318.2086,321.757,325.1676,328.4673,267.15761103349666,324.90716330186325,1652.6608,141.1461999999999,141.1461999999999,-37.3809
850,850,850.0,850.0,850.0,850.0,850.0,850.0,850.0,850.0,850.0,850.0,850.0,850.0,850.0,850.0,850.0,,,,,,,,,,,,,,,,,,,,,,,,,,,,,,,,,,,,0.0,273.0,273.0,273.0,273.0,273.0,273.0,273.0,273.0,273.0,273.0,273.0,273.0,273.0,273.0,273.0,273.0,273.0,273.0,273.0,273.0,372.9999414431766,372.9997893296589,0.0,368.7879,1818.4099,-40.0
851,851,851.0,851.0,851.0,851.0,851.0,851.0,851.0,851.0,851.0,851.0,851.0,851.0,851.0,851.0,851.0,,,,,,,,,,,,,,,,,,,,,,,,,,,,,,,,,,,,0.1,355.9582,339.696,324.8873,312.0201,301.3574,292.9443,286.6547,282.2609,279.5107,278.1944,278.1944,279.5107,282.2609,286.6546,292.9443,301.3574,312.0201,324.8872,339.6959,355.9581,173.00082573467563,372.99995481662575,368.7879,179.2226,1449.622,-20.0557
852,852,852.0,852.0,852.0,852.0,852.0,852.0,852.0,852.0,852.0,852.0,852.0,852.0,852.0,852.0,852.0,,,,,,,,,,,,,,,,,,,,,,,,,,,,,,,,,,,,0.2,195.1652,216.0844,234.7105,250.3434,262.7042,271.9223,278.4546,282.9644,286.1965,288.8721,291.618,294.9304,299.1667,304.5531,311.2009,319.122,328.244,338.4216,349.4489,361.0712,309.3695028621757,290.0565531127865,548.0105,174.66920000000005,1270.3994,-41.07769999999999
853,853,853.0,853.0,853.0,853.0,853.0,853.0,853.0,853.0,853.0,853.0,853.0,853.0,853.0,853.0,853.0,,,,,,,,,,,,,,,,,,,,,,,,,,,,,,,,,,,,0.3,301.1038,293.5527,287.3172,282.8004,280.1694,279.369,280.1731,282.254,285.2469,288.795,292.5688,296.265,299.5951,302.278,304.046,304.6694,303.9963,301.9965,298.7939,294.6738,173.00020364732356,372.9999607307162,722.6797,183.60629999999992,1095.7302,-33.63099999999997
854,854,854.0,854.0,854.0,854.0,854.0,854.0,854.0,854.0,854.0,854.0,854.0,854.0,854.0,854.0,854.0,,,,,,,,,,,,,,,,,,,,,,,,,,,,,,,,,,,,0.4,192.1837,210.518,227.2813,241.9757,254.3725,264.5035,272.6071,279.0546,284.2763,288.7058,292.7508,296.7845,301.151,306.1699,312.1302,319.2687,327.7345,337.5503,348.5834,360.5416,366.6302537957645,325.2098872981935,906.286,176.60700000000008,912.1239000000002,-48.496500000000026
855,855,855.0,855.0,855.0,855.0,855.0,855.0,855.0,855.0,855.0,855.0,855.0,855.0,855.0,855.0,855.0,,,,,,,,,,,,,,,,,,,,,,,,,,,,,,,,,,,,0.5,347.677,329.9645,314.5493,302.1641,293.1515,287.4791,284.8175,284.6537,286.4038,289.503,293.4589,297.8699,302.4191,306.8571,310.987,314.659,317.7759,320.3061,322.2947,323.866,173.00031501195136,372.9999643574257,1082.893,105.404,735.5169000000001,-25.520899999999983
856,856,856.0,856.0,856.0,856.0,856.0,856.0,856.0,856.0,856.0,856.0,856.0,856.0,856.0,856.0,856.0,,,,,,,,,,,,,,,,,,,,,,,,,,,,,,,,,,,,0.6,194.6478,215.1954,233.7195,249.6047,262.6049,272.8261,280.6471,286.6101,291.3104,295.3114,299.0951,303.0467,307.462,312.5641,318.5175,325.4301,333.3461,342.2304,351.9579,362.3117,300.76617134969024,272.61549465082766,1188.297,140.64539999999988,630.1129000000001,-40.1739
857,857,857.0,857.0,857.0,857.0,857.0,857.0,857.0,857.0,857.0,857.0,857.0,857.0,857.0,857.0,857.0,,,,,,,,,,,,,,,,,,,,,,,,,,,,,,,,,,,,0.7,294.2327,288.3746,283.7582,280.7585,279.5226,279.9804,281.892,284.9128,288.6533,292.7222,296.7443,300.361,303.2227,304.9864,305.3307,303.9902,300.8058,295.7787,289.1077,281.1958,173.00027839469098,372.9999335625205,1328.9424,174.27960000000007,489.4675000000002,-33.019600000000025
858,858,858.0,858.0,858.0,858.0,858.0,858.0,858.0,858.0,858.0,858.0,858.0,858.0,858.0,858.0,858.0,,,,,,,,,,,,,,,,,,,,,,,,,,,,,,,,,,,,0.8,192.1226,210.4353,227.2466,242.0728,254.6806,265.0782,273.4672,280.1746,285.587,290.1032,294.1102,297.9803,302.077,306.7586,312.3662,319.1935,327.4402,337.1615,348.2312,360.3348,372.999957578389,283.28769178140243,1503.222,177.51289999999997,315.1879000000001,-47.92180000000002
859,859,859.0,859.0,859.0,859.0,859.0,859.0,859.0,859.0,859.0,859.0,859.0,859.0,859.0,859.0,859.0,,,,,,,,,,,,,,,,,,,,,,,,,,,,,,,,,,,,0.9,353.0489,334.389,318.1192,304.9997,295.3823,289.2237,286.1648,285.6452,287.0171,289.6348,292.9067,296.3132,299.4023,301.7796,303.1082,303.1238,301.6672,298.7204,294.435,289.1351,173.0001762678423,372.9999706159233,1680.7349,137.67500000000018,137.67500000000018,-23.776299999999992
860,860,860.0,860.0,860.0,860.0,860.0,860.0,860.0,860.0,860.0,860.0,860.0,860.0,860.0,860.0,860.0,,,,,,,,,,,,,,,,,,,,,,,,,,,,,,,,,,,,0.0,273.0,273.0,273.0,273.0,273.0,273.0,273.0,273.0,273.0,273.0,273.0,273.0,273.0,273.0,273.0,273.0,273.0,273.0,273.0,273.0,372.99998113857134,372.9999917705487,0.0,368.7878,1793.8123,-40.0
861,861,861.0,861.0,861.0,861.0,861.0,861.0,861.0,861.0,861.0,861.0,861.0,861.0,861.0,861.0,861.0,,,,,,,,,,,,,,,,,,,,,,,,,,,,,,,,,,,,0.1,355.9583,339.696,324.8873,312.0201,301.3574,292.9443,286.6547,282.2609,279.5107,278.1944,278.1944,279.5107,282.2609,286.6547,292.9443,301.3574,312.0202,324.8873,339.696,355.9583,173.00013594919645,372.99995916858,368.7878,179.2226,1425.0245,-20.0557
862,862,862.0,862.0,862.0,862.0,862.0,862.0,862.0,862.0,862.0,862.0,862.0,862.0,862.0,862.0,862.0,,,,,,,,,,,,,,,,,,,,,,,,,,,,,,,,,,,,0.2,195.1646,216.084,234.7101,250.3432,262.704,271.9222,278.4545,282.9643,286.1964,288.8721,291.618,294.9305,299.1667,304.5532,311.2009,319.1221,328.244,338.4216,349.4489,361.0712,309.3695028621757,290.0565531127865,548.0104,174.66999999999996,1245.8019,-41.077800000000025
863,863,863.0,863.0,863.0,863.0,863.0,863.0,863.0,863.0,863.0,863.0,863.0,863.0,863.0,863.0,863.0,,,,,,,,,,,,,,,,,,,,,,,,,,,,,,,,,,,,0.3,301.1038,293.5526,287.3172,282.8003,280.1693,279.3689,280.173,282.2539,285.2468,288.795,292.5688,296.265,299.5951,302.278,304.046,304.6694,303.9963,301.9965,298.7939,294.6738,173.00002782126126,372.999973916439,722.6804,183.6069,1071.1319,-33.6311
864,864,864.0,864.0,864.0,864.0,864.0,864.0,864.0,864.0,864.0,864.0,864.0,864.0,864.0,864.0,864.0,,,,,,,,,,,,,,,,,,,,,,,,,,,,,,,,,,,,0.4,192.1835,210.5179,227.2812,241.9756,254.3724,264.5034,272.607,279.0546,284.2762,288.7058,292.7507,296.7844,301.151,306.1699,312.1302,319.2687,327.7345,337.5503,348.5834,360.5416,372.9999591685682,309.06464918757644,906.2873,177.95350000000008,887.5250000000001,-48.4966
865,865,865.0,865.0,865.0,865.0,865.0,865.0,865.0,865.0,865.0,865.0,865.0,865.0,865.0,865.0,865.0,,,,,,,,,,,,,,,,,,,,,,,,,,,,,,,,,,,,0.5,352.9606,334.2113,317.8508,304.6417,294.941,288.7151,285.6191,285.113,286.5771,289.4036,293.0504,297.06,301.0544,304.7206,307.8013,310.0973,311.4839,311.9323,311.528,310.4728,173.00031115669486,372.9999592436656,1084.2408,115.37490000000004,709.5715,-24.2849
866,866,866.0,866.0,866.0,866.0,866.0,866.0,866.0,866.0,866.0,866.0,866.0,866.0,866.0,866.0,866.0,,,,,,,,,,,,,,,,,,,,,,,,,,,,,,,,,,,,0.6,194.9374,215.7379,234.4464,250.4248,263.4151,273.5212,281.1286,286.7911,291.1195,294.6958,298.0249,301.5206,305.5148,310.2736,316.0077,322.8689,330.9331,340.1774,350.4606,361.5217,277.5382022439574,289.0989921796294,1199.6157,152.9949999999999,594.1966,-39.47879999999998
867,867,867.0,867.0,867.0,867.0,867.0,867.0,867.0,867.0,867.0,867.0,867.0,867.0,867.0,867.0,867.0,,,,,,,,,,,,,,,,,,,,,,,,,,,,,,,,,,,,0.7,275.0208,272.9863,271.8343,271.8196,273.0264,275.379,278.682,282.6712,287.0606,291.573,295.9502,299.9488,303.3293,305.8505,307.279,307.416,306.1379,303.4409,299.474,294.5459,249.96323298536603,350.9253037458001,1352.6107,155.3994,441.2016000000001,-37.62099999999998
868,868,868.0,868.0,868.0,868.0,868.0,868.0,868.0,868.0,868.0,868.0,868.0,868.0,868.0,868.0,868.0,,,,,,,,,,,,,,,,,,,,,,,,,,,,,,,,,,,,0.8,254.8174,259.5771,264.1645,268.5302,272.6572,276.5571,280.2605,283.8082,287.2452,290.6212,293.9975,297.4561,301.108,305.0932,309.5699,314.6904,320.568,327.2425,334.6537,342.6341,251.92708284637857,331.7049539255171,1508.0101,144.65380000000005,285.8022000000001,-36.44290000000001
869,869,869.0,869.0,869.0,869.0,869.0,869.0,869.0,869.0,869.0,869.0,869.0,869.0,869.0,869.0,869.0,,,,,,,,,,,,,,,,,,,,,,,,,,,,,,,,,,,,0.9,255.9169,259.8984,263.8639,267.8074,271.7258,275.6196,279.4941,283.3587,287.226,291.1084,295.0148,298.9456,302.89,306.8242,310.7139,314.5199,318.2076,321.7562,325.167,328.467,267.15761103349666,324.90716330186325,1652.6639,141.14840000000004,141.14840000000004,-37.38040000000001
870,870,870.0,870.0,870.0,870.0,870.0,870.0,870.0,870.0,870.0,870.0,870.0,870.0,870.0,870.0,870.0,,,,,,,,,,,,,,,,,,,,,,,,,,,,,,,,,,,,0.0,273.0,273.0,273.0,273.0,273.0,273.0,273.0,273.0,273.0,273.0,273.0,273.0,273.0,273.0,273.0,273.0,273.0,273.0,273.0,273.0,372.9999591502082,372.9999851461561,0.0,368.7878,1739.1916,-40.0
871,871,871.0,871.0,871.0,871.0,871.0,871.0,871.0,871.0,871.0,871.0,871.0,871.0,871.0,871.0,871.0,,,,,,,,,,,,,,,,,,,,,,,,,,,,,,,,,,,,0.1,355.9583,339.696,324.8873,312.0201,301.3574,292.9443,286.6547,282.2609,279.5107,278.1944,278.1944,279.5107,282.2609,286.6547,292.9443,301.3574,312.0201,324.8873,339.696,355.9583,173.00021828553807,372.9999565025022,368.7878,179.2226,1370.4038,-20.0557
872,872,872.0,872.0,872.0,872.0,872.0,872.0,872.0,872.0,872.0,872.0,872.0,872.0,872.0,872.0,872.0,,,,,,,,,,,,,,,,,,,,,,,,,,,,,,,,,,,,0.2,195.1647,216.084,234.7102,250.3432,262.704,271.9222,278.4545,282.9643,286.1964,288.8721,291.618,294.9305,299.1667,304.5532,311.2009,319.1221,328.244,338.4216,349.4489,361.0712,309.3695028621757,290.0565531127865,548.0104,174.66989999999998,1191.1812,-41.077800000000025
873,873,873.0,873.0,873.0,873.0,873.0,873.0,873.0,873.0,873.0,873.0,873.0,873.0,873.0,873.0,873.0,,,,,,,,,,,,,,,,,,,,,,,,,,,,,,,,,,,,0.3,301.1038,293.5526,287.3172,282.8003,280.1693,279.3689,280.173,282.2539,285.2468,288.795,292.5688,296.265,299.5951,302.278,304.046,304.6694,303.9963,301.9965,298.7939,294.6738,173.00003515699444,372.9999448126316,722.6803,183.6068,1016.5113,-33.6311
874,874,874.0,874.0,874.0,874.0,874.0,874.0,874.0,874.0,874.0,874.0,874.0,874.0,874.0,874.0,874.0,,,,,,,,,,,,,,,,,,,,,,,,,,,,,,,,,,,,0.4,192.1835,210.5179,227.2812,241.9756,254.3724,264.5034,272.607,279.0546,284.2762,288.7058,292.7507,296.7844,301.151,306.1699,312.1302,319.2687,327.7345,337.5503,348.5834,360.5416,348.38203059281386,371.1881411364429,906.2871,176.05780000000004,832.9045000000001,-48.4966
875,875,875.0,875.0,875.0,875.0,875.0,875.0,875.0,875.0,875.0,875.0,875.0,875.0,875.0,875.0,875.0,,,,,,,,,,,,,,,,,,,,,,,,,,,,,,,,,,,,0.5,332.5405,317.7985,305.0913,295.066,288.0242,283.9372,282.5199,283.336,285.9041,289.7823,294.6201,300.175,306.3047,312.9408,320.0591,327.6496,335.6943,344.1528,352.956,362.0072,173.00028143367945,372.9996192208271,1082.3449,86.34899999999993,656.8467,-29.06279999999998
876,876,876.0,876.0,876.0,876.0,876.0,876.0,876.0,876.0,876.0,876.0,876.0,876.0,876.0,876.0,876.0,,,,,,,,,,,,,,,,,,,,,,,,,,,,,,,,,,,,0.6,193.8172,213.6399,231.6352,247.2526,260.28,270.8283,279.2586,286.0791,291.8409,297.0538,302.1346,307.3864,313.0023,319.0836,325.6623,332.7223,340.2162,348.0762,356.2212,364.561,334.0006767462244,271.9284213577507,1168.6939,115.75379999999996,570.4977000000001,-42.17169999999999
877,877,877.0,877.0,877.0,877.0,877.0,877.0,877.0,877.0,877.0,877.0,877.0,877.0,877.0,877.0,877.0,,,,,,,,,,,,,,,,,,,,,,,,,,,,,,,,,,,,0.7,321.6385,310.2454,300.6424,293.3908,288.7385,286.6303,286.7683,288.6965,291.8842,295.7883,299.8871,303.6905,306.7375,308.5968,308.8823,307.2882,303.6395,297.9442,290.4301,281.5473,173.00005356361888,372.9999591685696,1284.4477,122.27099999999996,454.74390000000017,-26.369700000000023
878,878,878.0,878.0,878.0,878.0,878.0,878.0,878.0,878.0,878.0,878.0,878.0,878.0,878.0,878.0,878.0,,,,,,,,,,,,,,,,,,,,,,,,,,,,,,,,,,,,0.8,193.8393,213.7138,231.8047,247.5491,260.6909,271.2678,279.5483,285.9446,290.9279,294.9672,298.4975,301.9159,305.5912,309.8737,315.0901,321.5189,329.3474,338.6246,349.2243,360.837,307.1802695861209,276.12423891756947,1406.7187,154.92280000000005,332.4729000000002,-41.73219999999998
879,879,879.0,879.0,879.0,879.0,879.0,879.0,879.0,879.0,879.0,879.0,879.0,879.0,879.0,879.0,879.0,,,,,,,,,,,,,,,,,,,,,,,,,,,,,,,,,,,,0.9,299.314,292.187,286.4199,282.4249,280.3657,280.1689,281.5764,284.2159,287.6701,291.5254,295.3958,298.9251,301.7789,303.6389,304.2119,303.2578,300.6331,296.3384,290.5532,283.6421,173.00020107746985,372.99995484006666,1561.6415,177.55010000000016,177.55010000000016,-32.83109999999999
880,880,880.0,880.0,880.0,880.0,880.0,880.0,880.0,880.0,880.0,880.0,880.0,880.0,880.0,880.0,880.0,,,,,,,,,,,,,,,,,,,,,,,,,,,,,,,,,,,,0.0,273.0,273.0,273.0,273.0,273.0,273.0,273.0,273.0,273.0,273.0,273.0,273.0,273.0,273.0,273.0,273.0,273.0,273.0,273.0,273.0,372.9999608587128,372.99993919500497,0.0,368.7879,1793.8048,-40.0
881,881,881.0,881.0,881.0,881.0,881.0,881.0,881.0,881.0,881.0,881.0,881.0,881.0,881.0,881.0,881.0,,,,,,,,,,,,,,,,,,,,,,,,,,,,,,,,,,,,0.1,355.9583,339.696,324.8873,312.0201,301.3574,292.9443,286.6547,282.2609,279.5107,278.1944,278.1944,279.5107,282.2609,286.6547,292.9443,301.3574,312.0201,324.8873,339.696,355.9582,173.00034627738327,372.9999087879228,368.7879,179.22250000000005,1425.0169,-20.0557
882,882,882.0,882.0,882.0,882.0,882.0,882.0,882.0,882.0,882.0,882.0,882.0,882.0,882.0,882.0,882.0,,,,,,,,,,,,,,,,,,,,,,,,,,,,,,,,,,,,0.2,195.1648,216.0841,234.7102,250.3432,262.704,271.9222,278.4545,282.9643,286.1964,288.8721,291.618,294.9305,299.1667,304.5532,311.2009,319.122,328.244,338.4216,349.4488,361.0712,309.3695028621757,290.0565531127865,548.0104,174.6698,1245.7943999999998,-41.077800000000025
883,883,883.0,883.0,883.0,883.0,883.0,883.0,883.0,883.0,883.0,883.0,883.0,883.0,883.0,883.0,883.0,,,,,,,,,,,,,,,,,,,,,,,,,,,,,,,,,,,,0.3,301.1038,293.5526,287.3172,282.8003,280.1693,279.3689,280.173,282.2539,285.2469,288.795,292.5688,296.265,299.5951,302.278,304.046,304.6694,303.9963,301.9965,298.7939,294.6738,173.0002314208336,372.9999448144823,722.6802,183.6067,1071.1246,-33.6311
884,884,884.0,884.0,884.0,884.0,884.0,884.0,884.0,884.0,884.0,884.0,884.0,884.0,884.0,884.0,884.0,,,,,,,,,,,,,,,,,,,,,,,,,,,,,,,,,,,,0.4,192.1837,210.518,227.2813,241.9756,254.3725,264.5034,272.6071,279.0546,284.2762,288.7058,292.7507,296.7844,301.151,306.1699,312.1302,319.2687,327.7345,337.5503,348.5834,360.5416,372.9999591685682,309.06464918757644,906.2869,177.95310000000006,887.5178999999999,-48.4966
885,885,885.0,885.0,885.0,885.0,885.0,885.0,885.0,885.0,885.0,885.0,885.0,885.0,885.0,885.0,885.0,,,,,,,,,,,,,,,,,,,,,,,,,,,,,,,,,,,,0.5,352.9606,334.2113,317.8508,304.6417,294.9411,288.7151,285.6191,285.113,286.5771,289.4036,293.0504,297.06,301.0544,304.7206,307.8013,310.0973,311.4839,311.9323,311.528,310.4728,173.0003350681323,372.9999464363685,1084.24,115.37490000000004,709.5647999999999,-24.2849
886,886,886.0,886.0,886.0,886.0,886.0,886.0,886.0,886.0,886.0,886.0,886.0,886.0,886.0,886.0,886.0,,,,,,,,,,,,,,,,,,,,,,,,,,,,,,,,,,,,0.6,194.9374,215.7379,234.4464,250.4249,263.4151,273.5213,281.1287,286.7912,291.1195,294.6958,298.0249,301.5206,305.5148,310.2736,316.0077,322.8689,330.9331,340.1774,350.4606,361.5217,277.54134589609924,289.09754887178974,1199.6149,152.9936,594.1898999999999,-39.4787
887,887,887.0,887.0,887.0,887.0,887.0,887.0,887.0,887.0,887.0,887.0,887.0,887.0,887.0,887.0,887.0,,,,,,,,,,,,,,,,,,,,,,,,,,,,,,,,,,,,0.7,275.0234,272.9884,271.8359,271.8209,273.0273,275.3796,278.6824,282.6714,287.0608,291.5731,295.9503,299.9488,303.3292,305.8503,307.2788,307.4156,306.1373,303.4402,299.4731,294.5447,249.96323298536603,350.9253037458001,1352.6085,155.3969999999999,441.19629999999984,-37.62040000000002
888,888,888.0,888.0,888.0,888.0,888.0,888.0,888.0,888.0,888.0,888.0,888.0,888.0,888.0,888.0,888.0,,,,,,,,,,,,,,,,,,,,,,,,,,,,,,,,,,,,0.8,254.8176,259.5774,264.1649,268.5306,272.6577,276.5576,280.261,283.8086,287.2455,290.6214,293.9976,297.4561,301.1079,305.0931,309.5698,314.6902,320.5678,327.2423,334.6536,342.634,251.92708284637857,331.7049539255171,1508.0055,144.65210000000002,285.7992999999999,-36.44240000000002
889,889,889.0,889.0,889.0,889.0,889.0,889.0,889.0,889.0,889.0,889.0,889.0,889.0,889.0,889.0,889.0,,,,,,,,,,,,,,,,,,,,,,,,,,,,,,,,,,,,0.9,255.917,259.8985,263.8641,267.8076,271.726,275.6198,279.4943,283.3589,287.2262,291.1086,295.0149,298.9457,302.8901,306.8242,310.7139,314.5199,318.2076,321.7561,325.167,328.467,267.15761103349666,324.90716330186325,1652.6576,141.14719999999988,141.14719999999988,-37.3802
890,890,890.0,890.0,890.0,890.0,890.0,890.0,890.0,890.0,890.0,890.0,890.0,890.0,890.0,890.0,890.0,,,,,,,,,,,,,,,,,,,,,,,,,,,,,,,,,,,,0.0,273.0,273.0,273.0,273.0,273.0,273.0,273.0,273.0,273.0,273.0,273.0,273.0,273.0,273.0,273.0,273.0,273.0,273.0,273.0,273.0,372.9999105734071,372.9999572192276,0.0,368.7879,1793.8140000000003,-40.0
891,891,891.0,891.0,891.0,891.0,891.0,891.0,891.0,891.0,891.0,891.0,891.0,891.0,891.0,891.0,891.0,,,,,,,,,,,,,,,,,,,,,,,,,,,,,,,,,,,,0.1,355.9582,339.696,324.8873,312.0201,301.3574,292.9443,286.6547,282.2609,279.5107,278.1944,278.1944,279.5107,282.2609,286.6547,292.9443,301.3574,312.0201,324.8873,339.696,355.9583,173.00013594919636,372.99995916858,368.7879,179.2226,1425.0261000000005,-20.0557
892,892,892.0,892.0,892.0,892.0,892.0,892.0,892.0,892.0,892.0,892.0,892.0,892.0,892.0,892.0,892.0,,,,,,,,,,,,,,,,,,,,,,,,,,,,,,,,,,,,0.2,195.1646,216.084,234.7101,250.3432,262.704,271.9222,278.4545,282.9643,286.1964,288.8721,291.618,294.9305,299.1667,304.5532,311.2009,319.1221,328.244,338.4216,349.4489,361.0712,309.3695028621757,290.0565531127865,548.0105,174.67010000000005,1245.8035000000002,-41.077800000000025
893,893,893.0,893.0,893.0,893.0,893.0,893.0,893.0,893.0,893.0,893.0,893.0,893.0,893.0,893.0,893.0,,,,,,,,,,,,,,,,,,,,,,,,,,,,,,,,,,,,0.3,301.1038,293.5526,287.3172,282.8003,280.1693,279.3689,280.173,282.2539,285.2468,288.795,292.5688,296.265,299.5951,302.278,304.046,304.6694,303.9963,301.9965,298.7939,294.6738,173.0000351569946,372.9999448126316,722.6806,183.607,1071.1334000000002,-33.6311
894,894,894.0,894.0,894.0,894.0,894.0,894.0,894.0,894.0,894.0,894.0,894.0,894.0,894.0,894.0,894.0,,,,,,,,,,,,,,,,,,,,,,,,,,,,,,,,,,,,0.4,192.1835,210.5179,227.2812,241.9756,254.3724,264.5034,272.607,279.0546,284.2762,288.7058,292.7507,296.7844,301.1509,306.1699,312.1302,319.2687,327.7345,337.5503,348.5834,360.5416,372.9999591685682,309.06464918757644,906.2876,177.95349999999996,887.5264000000001,-48.4966
895,895,895.0,895.0,895.0,895.0,895.0,895.0,895.0,895.0,895.0,895.0,895.0,895.0,895.0,895.0,895.0,,,,,,,,,,,,,,,,,,,,,,,,,,,,,,,,,,,,0.5,352.9606,334.2113,317.8508,304.6417,294.941,288.7151,285.6191,285.113,286.5771,289.4036,293.0504,297.06,301.0544,304.7206,307.8013,310.0973,311.4839,311.9323,311.528,310.4728,173.0003350681323,372.9999464363685,1084.2411,115.37509999999996,709.5729000000001,-24.2849
896,896,896.0,896.0,896.0,896.0,896.0,896.0,896.0,896.0,896.0,896.0,896.0,896.0,896.0,896.0,896.0,,,,,,,,,,,,,,,,,,,,,,,,,,,,,,,,,,,,0.6,194.9374,215.7379,234.4464,250.4248,263.4151,273.5212,281.1286,286.7911,291.1195,294.6958,298.0248,301.5206,305.5148,310.2736,316.0077,322.8689,330.9331,340.1774,350.4606,361.5217,277.5396757508634,289.098426346469,1199.6162,152.99440000000004,594.1978000000001,-39.47879999999998
897,897,897.0,897.0,897.0,897.0,897.0,897.0,897.0,897.0,897.0,897.0,897.0,897.0,897.0,897.0,897.0,,,,,,,,,,,,,,,,,,,,,,,,,,,,,,,,,,,,0.7,275.022,272.9873,271.835,271.8202,273.0268,275.3793,278.6821,282.6713,287.0607,291.573,295.9502,299.9488,303.3292,305.8504,307.2789,307.4158,306.1376,303.4406,299.4737,294.5454,249.96195858569203,350.9248456952074,1352.6106,155.3988999999999,441.2034000000001,-37.6207
898,898,898.0,898.0,898.0,898.0,898.0,898.0,898.0,898.0,898.0,898.0,898.0,898.0,898.0,898.0,898.0,,,,,,,,,,,,,,,,,,,,,,,,,,,,,,,,,,,,0.8,254.8164,259.5764,264.164,268.5299,272.6571,276.5571,280.2605,283.8083,287.2452,290.6213,293.9975,297.456,301.1079,305.0931,309.5698,314.6902,320.5678,327.2422,334.6533,342.6337,251.92708284637857,331.7049539255171,1508.0095,144.6549,285.8045000000002,-36.44290000000001
899,899,899.0,899.0,899.0,899.0,899.0,899.0,899.0,899.0,899.0,899.0,899.0,899.0,899.0,899.0,899.0,,,,,,,,,,,,,,,,,,,,,,,,,,,,,,,,,,,,0.9,255.9169,259.8984,263.8638,267.8073,271.7257,275.6195,279.494,283.3586,287.2259,291.1083,295.0147,298.9455,302.8899,306.8241,310.7138,314.5198,318.2075,321.7561,325.167,328.4669,267.1570414258799,324.9069956227961,1652.6644,141.1496000000002,141.1496000000002,-37.380499999999984
900,900,900.0,900.0,900.0,900.0,900.0,900.0,900.0,900.0,900.0,900.0,900.0,900.0,900.0,900.0,,,,,,,,,,,,,,,,,,,,,,,,,,,,,,,,,,,,,0.0,273.0,273.0,273.0,273.0,273.0,273.0,273.0,273.0,273.0,273.0,273.0,273.0,273.0,273.0,273.0,273.0,273.0,273.0,273.0,273.0,372.9999335625205,372.9998593977559,0.0,368.7879,1871.7383,-40.0
901,901,901.0,901.0,901.0,901.0,901.0,901.0,901.0,901.0,901.0,901.0,901.0,901.0,901.0,901.0,,,,,,,,,,,,,,,,,,,,,,,,,,,,,,,,,,,,,0.1,355.9582,339.696,324.8873,312.0201,301.3574,292.9443,286.6547,282.2609,279.5107,278.1944,278.1944,279.5107,282.2609,286.6546,292.9443,301.3574,312.0201,324.8872,339.6959,355.9582,173.00007097872498,372.9994557392867,368.7879,179.22290000000004,1502.9504,-20.0557
902,902,902.0,902.0,902.0,902.0,902.0,902.0,902.0,902.0,902.0,902.0,902.0,902.0,902.0,902.0,,,,,,,,,,,,,,,,,,,,,,,,,,,,,,,,,,,,,0.2,195.1646,216.0839,234.7101,250.3431,262.704,271.9222,278.4545,282.9643,286.1964,288.872,291.6179,294.9304,299.1667,304.5531,311.2008,319.1219,328.2438,338.4213,349.4485,361.0708,278.8893047858817,372.999920577933,548.0108,174.3401,1323.7275,-41.077800000000025
903,903,903.0,903.0,903.0,903.0,903.0,903.0,903.0,903.0,903.0,903.0,903.0,903.0,903.0,903.0,,,,,,,,,,,,,,,,,,,,,,,,,,,,,,,,,,,,,0.3,275.8206,273.2311,271.5196,270.9464,271.61,273.4628,276.3543,280.0888,284.478,289.3788,294.7099,300.4494,306.6186,313.2602,320.4154,328.1057,336.3213,345.0157,354.1062,363.4795,173.000066295833,243.20560892853644,722.3509,172.5571,1149.3874,-39.537199999999984
904,904,904.0,904.0,904.0,904.0,904.0,904.0,904.0,904.0,904.0,904.0,904.0,904.0,904.0,904.0,,,,,,,,,,,,,,,,,,,,,,,,,,,,,,,,,,,,,0.4,190.8032,207.9329,223.8169,238.061,250.483,261.1015,270.0853,277.6799,284.1287,289.604,294.1576,297.6957,299.9831,300.6762,299.3833,295.7495,289.5512,280.7848,269.7245,256.9318,330.32748025019964,372.999838011343,894.908,277.1863,976.8303,-51.89850000000001
905,905,905.0,905.0,905.0,905.0,905.0,905.0,905.0,905.0,905.0,905.0,905.0,905.0,905.0,905.0,,,,,,,,,,,,,,,,,,,,,,,,,,,,,,,,,,,,,0.5,317.1116,304.8753,294.4446,286.3746,280.8948,277.922,277.1302,278.0539,280.1986,283.1384,286.5855,290.4293,294.7404,299.7439,305.7625,313.1368,322.1326,332.8536,345.1795,358.7495,173.00007532838967,296.4668234224294,1172.0943,183.7184,699.644,-35.077999999999975
906,906,906.0,906.0,906.0,906.0,906.0,906.0,906.0,906.0,906.0,906.0,906.0,906.0,906.0,906.0,,,,,,,,,,,,,,,,,,,,,,,,,,,,,,,,,,,,,0.6,192.4082,210.8966,227.6909,242.2712,254.4227,264.2215,271.9673,278.088,283.0393,287.2219,290.9249,294.2991,297.3582,300.0022,302.0582,303.3342,303.677,303.0258,301.449,299.1543,286.91257356511915,372.99991310303375,1355.8127,262.9878000000001,515.9256,-48.77850000000001
907,907,907.0,907.0,907.0,907.0,907.0,907.0,907.0,907.0,907.0,907.0,907.0,907.0,907.0,907.0,,,,,,,,,,,,,,,,,,,,,,,,,,,,,,,,,,,,,0.7,281.455,276.5997,272.8494,270.5326,269.7716,270.4953,272.4892,275.4663,279.1384,283.2769,287.7517,292.5482,297.7624,303.5763,310.2179,317.9081,326.8041,336.9471,348.2272,360.3775,372.9999181271211,372.9999599167145,1618.8005,120.54319999999984,252.93779999999992,-42.504700000000014
908,908,908.0,908.0,908.0,908.0,908.0,908.0,908.0,908.0,908.0,908.0,908.0,908.0,908.0,908.0,,,,,,,,,,,,,,,,,,,,,,,,,,,,,,,,,,,,,0.8,356.3751,340.6032,326.433,314.4277,304.9219,298.0223,293.6439,291.5679,291.5062,293.1569,296.2444,300.5402,305.8685,312.0984,319.1304,326.8804,335.2648,344.1893,353.5425,363.1944,173.00024810034546,372.99747493876566,1739.3437,51.27719999999999,132.39460000000008,-14.977700000000029
909,909,909.0,909.0,909.0,909.0,909.0,909.0,909.0,909.0,909.0,909.0,909.0,909.0,909.0,909.0,,,,,,,,,,,,,,,,,,,,,,,,,,,,,,,,,,,,,0.9,196.2391,218.2717,238.0842,255.0021,268.7585,279.4781,287.5932,293.721,298.5386,302.6801,306.6704,310.8964,315.6075,320.9349,326.9184,333.5329,340.711,348.3589,356.368,364.6213,284.0468744370982,372.99989250213366,1790.6209,81.11740000000009,81.11740000000009,-33.52190000000002
910,910,910.0,910.0,910.0,910.0,910.0,910.0,910.0,910.0,910.0,910.0,910.0,910.0,910.0,910.0,,,,,,,,,,,,,,,,,,,,,,,,,,,,,,,,,,,,,0.0,273.0,273.0,273.0,273.0,273.0,273.0,273.0,273.0,273.0,273.0,273.0,273.0,273.0,273.0,273.0,273.0,273.0,273.0,273.0,273.0,372.9999696767421,372.99997862938073,0.0,368.7878,1871.7351,-40.0
911,911,911.0,911.0,911.0,911.0,911.0,911.0,911.0,911.0,911.0,911.0,911.0,911.0,911.0,911.0,,,,,,,,,,,,,,,,,,,,,,,,,,,,,,,,,,,,,0.1,355.9583,339.696,324.8873,312.0201,301.3574,292.9443,286.6547,282.2609,279.5107,278.1944,278.1944,279.5107,282.2609,286.6547,292.9443,301.3574,312.0201,324.8873,339.696,355.9583,173.00012652892994,372.9996659735783,368.7878,179.22269999999995,1502.9473,-20.0557
912,912,912.0,912.0,912.0,912.0,912.0,912.0,912.0,912.0,912.0,912.0,912.0,912.0,912.0,912.0,,,,,,,,,,,,,,,,,,,,,,,,,,,,,,,,,,,,,0.2,195.1646,216.084,234.7101,250.3432,262.704,271.9222,278.4545,282.9643,286.1964,288.8721,291.618,294.9304,299.1667,304.5531,311.2009,319.122,328.2439,338.4215,349.4487,361.071,278.8893047858817,372.999920577933,548.0105,174.3397,1323.7246,-41.077800000000025
913,913,913.0,913.0,913.0,913.0,913.0,913.0,913.0,913.0,913.0,913.0,913.0,913.0,913.0,913.0,,,,,,,,,,,,,,,,,,,,,,,,,,,,,,,,,,,,,0.3,275.8206,273.2311,271.5196,270.9464,271.6101,273.4628,276.3543,280.0888,284.4781,289.3789,294.71,300.4494,306.6187,313.2603,320.4155,328.1058,336.3214,345.0157,354.1062,363.4795,173.000066295833,243.20560892853644,722.3502,172.55680000000007,1149.3849,-39.537199999999984
914,914,914.0,914.0,914.0,914.0,914.0,914.0,914.0,914.0,914.0,914.0,914.0,914.0,914.0,914.0,,,,,,,,,,,,,,,,,,,,,,,,,,,,,,,,,,,,,0.4,190.8032,207.9329,223.817,238.061,250.483,261.1015,270.0854,277.6799,284.1287,289.6041,294.1576,297.6957,299.9832,300.6762,299.3833,295.7495,289.5513,280.7848,269.7245,256.9318,330.3274868177273,372.9998396836502,894.907,277.18590000000006,976.8281,-51.89850000000001
915,915,915.0,915.0,915.0,915.0,915.0,915.0,915.0,915.0,915.0,915.0,915.0,915.0,915.0,915.0,,,,,,,,,,,,,,,,,,,,,,,,,,,,,,,,,,,,,0.5,317.1116,304.8753,294.4446,286.3746,280.8948,277.922,277.1302,278.0539,280.1987,283.1384,286.5855,290.4293,294.7404,299.7439,305.7625,313.1369,322.1327,332.8536,345.1795,358.7495,173.0000548357492,296.46699075711695,1172.0929,183.7181999999998,699.6422,-35.077999999999975
916,916,916.0,916.0,916.0,916.0,916.0,916.0,916.0,916.0,916.0,916.0,916.0,916.0,916.0,916.0,,,,,,,,,,,,,,,,,,,,,,,,,,,,,,,,,,,,,0.6,192.4081,210.8966,227.6909,242.2712,254.4228,264.2215,271.9674,278.088,283.0393,287.222,290.9249,294.2991,297.3583,300.0023,302.0583,303.3343,303.6771,303.0259,301.4492,299.1544,286.91279512808694,372.9998403511646,1355.8111,262.9873,515.9240000000002,-48.77850000000001
917,917,917.0,917.0,917.0,917.0,917.0,917.0,917.0,917.0,917.0,917.0,917.0,917.0,917.0,917.0,,,,,,,,,,,,,,,,,,,,,,,,,,,,,,,,,,,,,0.7,281.4552,276.5999,272.8495,270.5327,269.7717,270.4953,272.4893,275.4663,279.1384,283.2769,287.7517,292.5482,297.7624,303.5764,310.2179,317.9081,326.8041,336.9471,348.2272,360.3774,372.9999591685674,372.9998925019,1618.7984,120.54280000000016,252.9367000000002,-42.504700000000014
918,918,918.0,918.0,918.0,918.0,918.0,918.0,918.0,918.0,918.0,918.0,918.0,918.0,918.0,918.0,,,,,,,,,,,,,,,,,,,,,,,,,,,,,,,,,,,,,0.8,356.3751,340.6033,326.4331,314.4277,304.9219,298.0224,293.6439,291.568,291.5063,293.157,296.2444,300.5403,305.8685,312.0984,319.1304,326.8804,335.2648,344.1893,353.5424,363.1943,173.0000408314241,372.999493570217,1739.3412,51.27710000000002,132.39390000000003,-14.977599999999995
919,919,919.0,919.0,919.0,919.0,919.0,919.0,919.0,919.0,919.0,919.0,919.0,919.0,919.0,919.0,,,,,,,,,,,,,,,,,,,,,,,,,,,,,,,,,,,,,0.9,196.239,218.2716,238.0842,255.0021,268.7584,279.4781,287.5932,293.721,298.5386,302.6802,306.6705,310.8966,315.6077,320.9352,326.9188,333.5335,340.7118,348.36,356.3694,364.623,284.046824951759,372.9999749451198,1790.6183,81.11680000000001,81.11680000000001,-33.52190000000002
920,920,920.0,920.0,920.0,920.0,920.0,920.0,920.0,920.0,920.0,920.0,920.0,920.0,920.0,920.0,,,,,,,,,,,,,,,,,,,,,,,,,,,,,,,,,,,,,0.0,273.0,273.0,273.0,273.0,273.0,273.0,273.0,273.0,273.0,273.0,273.0,273.0,273.0,273.0,273.0,273.0,273.0,273.0,273.0,273.0,372.9999472321658,372.9998593977539,0.0,368.7879,1871.7387,-40.0
921,921,921.0,921.0,921.0,921.0,921.0,921.0,921.0,921.0,921.0,921.0,921.0,921.0,921.0,921.0,,,,,,,,,,,,,,,,,,,,,,,,,,,,,,,,,,,,,0.1,355.9582,339.696,324.8873,312.0201,301.3574,292.9443,286.6547,282.2609,279.5107,278.1944,278.1944,279.5107,282.2609,286.6546,292.9443,301.3574,312.0201,324.8872,339.6959,355.9582,173.00007851670804,372.9992631970616,368.7879,179.22290000000004,1502.9507999999998,-20.0557
922,922,922.0,922.0,922.0,922.0,922.0,922.0,922.0,922.0,922.0,922.0,922.0,922.0,922.0,922.0,,,,,,,,,,,,,,,,,,,,,,,,,,,,,,,,,,,,,0.2,195.1646,216.0839,234.7101,250.3431,262.704,271.9222,278.4545,282.9643,286.1964,288.872,291.6179,294.9304,299.1666,304.5531,311.2008,319.1218,328.2437,338.4212,349.4484,361.0706,278.8891638072984,372.9999649679662,548.0108,174.34029999999996,1323.7279,-41.077800000000025
923,923,923.0,923.0,923.0,923.0,923.0,923.0,923.0,923.0,923.0,923.0,923.0,923.0,923.0,923.0,,,,,,,,,,,,,,,,,,,,,,,,,,,,,,,,,,,,,0.3,275.8205,273.231,271.5196,270.9463,271.61,273.4627,276.3543,280.0888,284.478,289.3788,294.7099,300.4493,306.6186,313.2602,320.4154,328.1057,336.3213,345.0157,354.1062,363.4795,173.000066295833,243.20560892853644,722.3511,172.55740000000003,1149.3876,-39.537300000000016
924,924,924.0,924.0,924.0,924.0,924.0,924.0,924.0,924.0,924.0,924.0,924.0,924.0,924.0,924.0,,,,,,,,,,,,,,,,,,,,,,,,,,,,,,,,,,,,,0.4,190.8032,207.9329,223.8169,238.061,250.483,261.1015,270.0853,277.6799,284.1286,289.604,294.1576,297.6956,299.9831,300.6762,299.3833,295.7494,289.5512,280.7848,269.7245,256.9318,330.3273813485503,372.9999383239268,894.9085,277.1866,976.8302,-51.89850000000001
925,925,925.0,925.0,925.0,925.0,925.0,925.0,925.0,925.0,925.0,925.0,925.0,925.0,925.0,925.0,,,,,,,,,,,,,,,,,,,,,,,,,,,,,,,,,,,,,0.5,317.1115,304.8752,294.4445,286.3745,280.8947,277.9219,277.1301,278.0538,280.1986,283.1383,286.5855,290.4293,294.7404,299.7439,305.7625,313.1369,322.1327,332.8536,345.1795,358.7496,173.00005356363238,296.46699075711695,1172.0951,183.71859999999992,699.6436000000001,-35.078100000000006
926,926,926.0,926.0,926.0,926.0,926.0,926.0,926.0,926.0,926.0,926.0,926.0,926.0,926.0,926.0,,,,,,,,,,,,,,,,,,,,,,,,,,,,,,,,,,,,,0.6,192.4081,210.8966,227.6909,242.2712,254.4227,264.2215,271.9673,278.088,283.0393,287.2219,290.9249,294.2991,297.3583,300.0022,302.0583,303.3342,303.6771,303.0259,301.4492,299.1544,286.91257356511915,372.9999131030338,1355.8137,262.9878000000001,515.9250000000002,-48.77850000000001
927,927,927.0,927.0,927.0,927.0,927.0,927.0,927.0,927.0,927.0,927.0,927.0,927.0,927.0,927.0,,,,,,,,,,,,,,,,,,,,,,,,,,,,,,,,,,,,,0.7,281.455,276.5997,272.8494,270.5326,269.7716,270.4952,272.4892,275.4663,279.1384,283.2769,287.7517,292.5482,297.7624,303.5764,310.2179,317.9081,326.8042,336.9471,348.2272,360.3775,372.9999335634322,372.9999603339882,1618.8015,120.54309999999988,252.93720000000008,-42.50479999999999
928,928,928.0,928.0,928.0,928.0,928.0,928.0,928.0,928.0,928.0,928.0,928.0,928.0,928.0,928.0,,,,,,,,,,,,,,,,,,,,,,,,,,,,,,,,,,,,,0.8,356.3751,340.6032,326.433,314.4277,304.9219,298.0223,293.6439,291.5679,291.5062,293.1569,296.2444,300.5402,305.8685,312.0984,319.1304,326.8804,335.2648,344.1893,353.5425,363.1944,173.00004559005654,372.9997808118503,1739.3446,51.27719999999999,132.3941000000002,-14.977700000000029
929,929,929.0,929.0,929.0,929.0,929.0,929.0,929.0,929.0,929.0,929.0,929.0,929.0,929.0,929.0,,,,,,,,,,,,,,,,,,,,,,,,,,,,,,,,,,,,,0.9,196.239,218.2716,238.0841,255.002,268.7584,279.4781,287.5932,293.721,298.5386,302.6801,306.6705,310.8966,315.6077,320.9352,326.9188,333.5336,340.7119,348.3601,356.3696,364.6232,284.04655737823794,372.99993356164754,1790.6218,81.11690000000021,81.11690000000021,-33.52190000000002
930,930,930.0,930.0,930.0,930.0,930.0,930.0,930.0,930.0,930.0,930.0,930.0,930.0,930.0,930.0,,,,,,,,,,,,,,,,,,,,,,,,,,,,,,,,,,,,,0.0,273.0,273.0,273.0,273.0,273.0,273.0,273.0,273.0,273.0,273.0,273.0,273.0,273.0,273.0,273.0,273.0,273.0,273.0,273.0,273.0,372.9999472321661,372.9998593977539,0.0,368.7879,1871.7374,-40.0
931,931,931.0,931.0,931.0,931.0,931.0,931.0,931.0,931.0,931.0,931.0,931.0,931.0,931.0,931.0,,,,,,,,,,,,,,,,,,,,,,,,,,,,,,,,,,,,,0.1,355.9582,339.696,324.8873,312.0201,301.3574,292.9443,286.6547,282.2609,279.5107,278.1944,278.1944,279.5107,282.2609,286.6546,292.9443,301.3574,312.0201,324.8872,339.6959,355.9582,173.00010749809996,372.99966493187065,368.7879,179.22280000000006,1502.9495,-20.0557
932,932,932.0,932.0,932.0,932.0,932.0,932.0,932.0,932.0,932.0,932.0,932.0,932.0,932.0,932.0,,,,,,,,,,,,,,,,,,,,,,,,,,,,,,,,,,,,,0.2,195.1646,216.0839,234.7101,250.3431,262.704,271.9222,278.4545,282.9643,286.1964,288.872,291.618,294.9304,299.1667,304.5531,311.2008,319.122,328.2439,338.4215,349.4487,361.071,278.8891667345611,372.99998253066326,548.0107,174.33989999999994,1323.7267,-41.077800000000025
933,933,933.0,933.0,933.0,933.0,933.0,933.0,933.0,933.0,933.0,933.0,933.0,933.0,933.0,933.0,,,,,,,,,,,,,,,,,,,,,,,,,,,,,,,,,,,,,0.3,275.8205,273.231,271.5196,270.9464,271.61,273.4627,276.3543,280.0888,284.478,289.3789,294.71,300.4494,306.6187,313.2603,320.4155,328.1058,336.3214,345.0158,354.1063,363.4795,173.000066295833,243.20560892853644,722.3506,172.5571,1149.3868,-39.537300000000016
934,934,934.0,934.0,934.0,934.0,934.0,934.0,934.0,934.0,934.0,934.0,934.0,934.0,934.0,934.0,,,,,,,,,,,,,,,,,,,,,,,,,,,,,,,,,,,,,0.4,190.8032,207.9329,223.8169,238.061,250.483,261.1015,270.0853,277.6799,284.1287,289.6041,294.1576,297.6957,299.9832,300.6762,299.3833,295.7495,289.5513,280.7848,269.7245,256.9318,330.3272474060667,372.99980300337626,894.9077,277.1863000000001,976.8297,-51.89850000000001
935,935,935.0,935.0,935.0,935.0,935.0,935.0,935.0,935.0,935.0,935.0,935.0,935.0,935.0,935.0,,,,,,,,,,,,,,,,,,,,,,,,,,,,,,,,,,,,,0.5,317.1114,304.8752,294.4444,286.3745,280.8947,277.9219,277.1302,278.0538,280.1986,283.1384,286.5855,290.4293,294.7404,299.7439,305.7625,313.1368,322.1326,332.8536,345.1795,358.7495,173.0000659456489,296.46699075711695,1172.094,183.71859999999992,699.6433999999999,-35.078100000000006
936,936,936.0,936.0,936.0,936.0,936.0,936.0,936.0,936.0,936.0,936.0,936.0,936.0,936.0,936.0,,,,,,,,,,,,,,,,,,,,,,,,,,,,,,,,,,,,,0.6,192.4081,210.8966,227.6909,242.2712,254.4227,264.2215,271.9673,278.088,283.0393,287.2219,290.9249,294.2991,297.3583,300.0022,302.0583,303.3342,303.6771,303.0259,301.4491,299.1544,286.9125169346537,372.999878412748,1355.8126,262.9879000000001,515.9248,-48.77850000000001
937,937,937.0,937.0,937.0,937.0,937.0,937.0,937.0,937.0,937.0,937.0,937.0,937.0,937.0,937.0,,,,,,,,,,,,,,,,,,,,,,,,,,,,,,,,,,,,,0.7,281.455,276.5997,272.8493,270.5326,269.7716,270.4952,272.4892,275.4662,279.1384,283.2769,287.7517,292.5482,297.7624,303.5764,310.2179,317.9081,326.8041,336.9471,348.2272,360.3774,372.9999591685678,372.9998925019,1618.8005,120.54319999999984,252.93689999999992,-42.50479999999999
938,938,938.0,938.0,938.0,938.0,938.0,938.0,938.0,938.0,938.0,938.0,938.0,938.0,938.0,938.0,,,,,,,,,,,,,,,,,,,,,,,,,,,,,,,,,,,,,0.8,356.3751,340.6032,326.433,314.4277,304.9219,298.0223,293.6439,291.5679,291.5062,293.1569,296.2444,300.5402,305.8685,312.0984,319.1304,326.8804,335.2648,344.1893,353.5424,363.1943,173.0002814248564,372.9998811170315,1739.3437,51.27719999999999,132.39370000000008,-14.977700000000029
939,939,939.0,939.0,939.0,939.0,939.0,939.0,939.0,939.0,939.0,939.0,939.0,939.0,939.0,939.0,,,,,,,,,,,,,,,,,,,,,,,,,,,,,,,,,,,,,0.9,196.2392,218.2717,238.0843,255.0021,268.7585,279.4781,287.5932,293.721,298.5386,302.6801,306.6705,310.8966,315.6077,320.9352,326.9188,333.5336,340.7119,348.3602,356.3696,364.6233,284.0469026418184,372.99992303576414,1790.6209,81.11650000000009,81.11650000000009,-33.52190000000002
940,940,940.0,940.0,940.0,940.0,940.0,940.0,940.0,940.0,940.0,940.0,940.0,940.0,940.0,940.0,,,,,,,,,,,,,,,,,,,,,,,,,,,,,,,,,,,,,0.0,273.0,273.0,273.0,273.0,273.0,273.0,273.0,273.0,273.0,273.0,273.0,273.0,273.0,273.0,273.0,273.0,273.0,273.0,273.0,273.0,372.99989249259767,372.9997996337745,0.0,368.7879,1871.7385,-40.0
941,941,941.0,941.0,941.0,941.0,941.0,941.0,941.0,941.0,941.0,941.0,941.0,941.0,941.0,941.0,,,,,,,,,,,,,,,,,,,,,,,,,,,,,,,,,,,,,0.1,355.9582,339.696,324.8873,312.0201,301.3574,292.9443,286.6546,282.2609,279.5107,278.1944,278.1944,279.5107,282.2609,286.6546,292.9443,301.3574,312.0201,324.8872,339.6959,355.9581,173.00010749809996,372.99966493186537,368.7879,179.223,1502.9506,-20.0557
942,942,942.0,942.0,942.0,942.0,942.0,942.0,942.0,942.0,942.0,942.0,942.0,942.0,942.0,942.0,,,,,,,,,,,,,,,,,,,,,,,,,,,,,,,,,,,,,0.2,195.1646,216.0839,234.7101,250.3431,262.704,271.9222,278.4545,282.9643,286.1964,288.872,291.6179,294.9304,299.1667,304.5531,311.2008,319.1219,328.2439,338.4214,349.4487,361.071,278.88916352404783,372.9999684369316,548.0109,174.34000000000003,1323.7276000000002,-41.077800000000025
943,943,943.0,943.0,943.0,943.0,943.0,943.0,943.0,943.0,943.0,943.0,943.0,943.0,943.0,943.0,,,,,,,,,,,,,,,,,,,,,,,,,,,,,,,,,,,,,0.3,275.8205,273.231,271.5196,270.9464,271.61,273.4627,276.3543,280.0888,284.478,289.3789,294.7099,300.4494,306.6186,313.2603,320.4154,328.1058,336.3214,345.0158,354.1063,363.4795,173.000066295833,243.20560892853644,722.3509,172.5571,1149.3876,-39.537300000000016
944,944,944.0,944.0,944.0,944.0,944.0,944.0,944.0,944.0,944.0,944.0,944.0,944.0,944.0,944.0,,,,,,,,,,,,,,,,,,,,,,,,,,,,,,,,,,,,,0.4,190.8032,207.9329,223.8169,238.061,250.483,261.1015,270.0853,277.6799,284.1287,289.6041,294.1576,297.6957,299.9832,300.6762,299.3833,295.7495,289.5512,280.7848,269.7245,256.9318,330.3272773530787,372.99994498265954,894.908,277.18639999999994,976.8305,-51.89850000000001
945,945,945.0,945.0,945.0,945.0,945.0,945.0,945.0,945.0,945.0,945.0,945.0,945.0,945.0,945.0,,,,,,,,,,,,,,,,,,,,,,,,,,,,,,,,,,,,,0.5,317.1114,304.8752,294.4445,286.3745,280.8947,277.9219,277.1301,278.0538,280.1986,283.1384,286.5855,290.4293,294.7404,299.7439,305.7625,313.1369,322.1327,332.8536,345.1795,358.7496,173.0000548357493,296.46699075711695,1172.0944,183.71849999999995,699.6441,-35.078100000000006
946,946,946.0,946.0,946.0,946.0,946.0,946.0,946.0,946.0,946.0,946.0,946.0,946.0,946.0,946.0,,,,,,,,,,,,,,,,,,,,,,,,,,,,,,,,,,,,,0.6,192.4081,210.8966,227.6909,242.2712,254.4227,264.2215,271.9673,278.088,283.0393,287.2219,290.9249,294.2991,297.3583,300.0022,302.0583,303.3343,303.6771,303.0259,301.4492,299.1544,286.91257356511915,372.9999131030338,1355.8129,262.98770000000013,515.9256,-48.77850000000001
947,947,947.0,947.0,947.0,947.0,947.0,947.0,947.0,947.0,947.0,947.0,947.0,947.0,947.0,947.0,,,,,,,,,,,,,,,,,,,,,,,,,,,,,,,,,,,,,0.7,281.455,276.5997,272.8494,270.5326,269.7716,270.4952,272.4892,275.4663,279.1384,283.2769,287.7517,292.5482,297.7624,303.5764,310.2179,317.9081,326.8042,336.9471,348.2272,360.3775,372.999933563432,372.9999605507061,1618.8006,120.54309999999988,252.9378999999999,-42.50479999999999
948,948,948.0,948.0,948.0,948.0,948.0,948.0,948.0,948.0,948.0,948.0,948.0,948.0,948.0,948.0,,,,,,,,,,,,,,,,,,,,,,,,,,,,,,,,,,,,,0.8,356.3751,340.6032,326.433,314.4277,304.9219,298.0223,293.6439,291.5679,291.5062,293.1569,296.2444,300.5402,305.8685,312.0984,319.1304,326.8804,335.2648,344.1893,353.5425,363.1944,173.00004965030982,372.9976297640752,1739.3437,51.27719999999999,132.39480000000003,-14.977700000000029
949,949,949.0,949.0,949.0,949.0,949.0,949.0,949.0,949.0,949.0,949.0,949.0,949.0,949.0,949.0,,,,,,,,,,,,,,,,,,,,,,,,,,,,,,,,,,,,,0.9,196.239,218.2716,238.0841,255.0021,268.7584,279.4781,287.5932,293.721,298.5386,302.6801,306.6705,310.8964,315.6075,320.9349,326.9184,333.5329,340.711,348.359,356.3682,364.6214,284.04684813686856,372.99996247228063,1790.6209,81.11760000000004,81.11760000000004,-33.52190000000002
950,950,950.0,950.0,950.0,950.0,950.0,950.0,950.0,950.0,950.0,950.0,950.0,950.0,950.0,950.0,,,,,,,,,,,,,,,,,,,,,,,,,,,,,,,,,,,,,0.0,273.0,273.0,273.0,273.0,273.0,273.0,273.0,273.0,273.0,273.0,273.0,273.0,273.0,273.0,273.0,273.0,273.0,273.0,273.0,273.0,372.9999472321661,372.9998593977539,0.0,368.7879,1857.484,-40.0
951,951,951.0,951.0,951.0,951.0,951.0,951.0,951.0,951.0,951.0,951.0,951.0,951.0,951.0,951.0,,,,,,,,,,,,,,,,,,,,,,,,,,,,,,,,,,,,,0.1,355.9582,339.696,324.8873,312.0201,301.3574,292.9443,286.6547,282.2609,279.5107,278.1944,278.1944,279.5107,282.2609,286.6546,292.9443,301.3574,312.0201,324.8872,339.6959,355.9582,173.00005356362564,372.9991762292719,368.7879,179.22290000000004,1488.6961,-20.0557
952,952,952.0,952.0,952.0,952.0,952.0,952.0,952.0,952.0,952.0,952.0,952.0,952.0,952.0,952.0,,,,,,,,,,,,,,,,,,,,,,,,,,,,,,,,,,,,,0.2,195.1646,216.0839,234.7101,250.3431,262.704,271.9222,278.4545,282.9643,286.1964,288.872,291.6179,294.9304,299.1666,304.553,311.2007,319.1218,328.2437,338.4212,349.4484,361.0706,278.88915669643734,372.9998663474646,548.0108,174.34050000000002,1309.4732,-41.077800000000025
953,953,953.0,953.0,953.0,953.0,953.0,953.0,953.0,953.0,953.0,953.0,953.0,953.0,953.0,953.0,,,,,,,,,,,,,,,,,,,,,,,,,,,,,,,,,,,,,0.3,275.8205,273.231,271.5195,270.9463,271.61,273.4627,276.3543,280.0888,284.478,289.3788,294.7099,300.4493,306.6186,313.2602,320.4154,328.1057,336.3213,345.0156,354.1061,363.4794,173.000066295833,243.20560892853644,722.3513,172.55759999999998,1135.1327,-39.537300000000016
954,954,954.0,954.0,954.0,954.0,954.0,954.0,954.0,954.0,954.0,954.0,954.0,954.0,954.0,954.0,,,,,,,,,,,,,,,,,,,,,,,,,,,,,,,,,,,,,0.4,190.8032,207.9329,223.8169,238.0609,250.483,261.1015,270.0853,277.6798,284.1286,289.604,294.1575,297.6956,299.9831,300.6761,299.3833,295.7494,289.5512,280.7848,269.7245,256.9318,330.32724923106804,372.999943380404,894.9089,277.18680000000006,962.5751,-51.89850000000001
955,955,955.0,955.0,955.0,955.0,955.0,955.0,955.0,955.0,955.0,955.0,955.0,955.0,955.0,955.0,,,,,,,,,,,,,,,,,,,,,,,,,,,,,,,,,,,,,0.5,317.1114,304.8752,294.4444,286.3745,280.8947,277.9219,277.1301,278.0538,280.1986,283.1383,286.5855,290.4293,294.7404,299.7439,305.7625,313.1368,322.1327,332.8536,345.1795,358.7496,173.00006643747952,296.46699075711695,1172.0957,183.71889999999985,685.3882999999998,-35.078100000000006
956,956,956.0,956.0,956.0,956.0,956.0,956.0,956.0,956.0,956.0,956.0,956.0,956.0,956.0,956.0,,,,,,,,,,,,,,,,,,,,,,,,,,,,,,,,,,,,,0.6,192.4081,210.8966,227.6909,242.2712,254.4227,264.2215,271.9673,278.0879,283.0393,287.2219,290.9249,294.2991,297.3582,300.0022,302.0582,303.3342,303.6771,303.0259,301.4492,299.1544,286.91257356511915,372.99991310303375,1355.8146,262.98810000000003,501.6694,-48.77850000000001
957,957,957.0,957.0,957.0,957.0,957.0,957.0,957.0,957.0,957.0,957.0,957.0,957.0,957.0,957.0,,,,,,,,,,,,,,,,,,,,,,,,,,,,,,,,,,,,,0.7,281.455,276.5997,272.8494,270.5326,269.7716,270.4952,272.4892,275.4662,279.1384,283.2769,287.7517,292.5482,297.7624,303.5763,310.2179,317.9081,326.8041,336.9471,348.2272,360.3775,372.9999591685675,372.9998925019,1618.8027,120.54320000000008,238.6813,-42.50479999999999
958,958,958.0,958.0,958.0,958.0,958.0,958.0,958.0,958.0,958.0,958.0,958.0,958.0,958.0,958.0,,,,,,,,,,,,,,,,,,,,,,,,,,,,,,,,,,,,,0.8,356.3751,340.6033,326.433,314.4277,304.9219,298.0223,293.6439,291.5679,291.5062,293.1569,296.2444,300.5402,305.8685,312.0984,319.1304,326.8804,335.2648,344.1893,353.5424,363.1943,173.00004083142446,372.999493570217,1739.3459,51.27729999999997,118.1380999999999,-14.977700000000029
959,959,959.0,959.0,959.0,959.0,959.0,959.0,959.0,959.0,959.0,959.0,959.0,959.0,959.0,959.0,,,,,,,,,,,,,,,,,,,,,,,,,,,,,,,,,,,,,0.9,196.239,218.2716,238.0841,255.002,268.7584,279.4781,287.5932,293.721,298.5386,302.6801,306.6705,310.8965,315.6077,320.9351,326.9187,333.5335,340.7117,348.36,356.3694,364.623,372.198483458189,277.87740695019545,1790.6232,66.86079999999993,66.86079999999993,-33.52190000000002
960,960,960.0,960.0,960.0,960.0,960.0,960.0,960.0,960.0,960.0,960.0,960.0,960.0,960.0,,,,,,,,,,,,,,,,,,,,,,,,,,,,,,,,,,,,,,0.0,273.0,273.0,273.0,273.0,273.0,273.0,273.0,273.0,273.0,273.0,273.0,273.0,273.0,273.0,273.0,273.0,273.0,273.0,273.0,273.0,372.99984630825793,372.9999693710793,0.0,368.7879,1869.547,-40.0
961,961,961.0,961.0,961.0,961.0,961.0,961.0,961.0,961.0,961.0,961.0,961.0,961.0,961.0,,,,,,,,,,,,,,,,,,,,,,,,,,,,,,,,,,,,,,0.1,355.9582,339.6959,324.8872,312.0201,301.3574,292.9443,286.6546,282.2609,279.5107,278.1944,278.1944,279.5107,282.2609,286.6547,292.9443,301.3574,312.0201,324.8873,339.696,355.9583,212.23085076815863,315.2878552945329,368.7879,178.2856,1500.7591,-20.0557
962,962,962.0,962.0,962.0,962.0,962.0,962.0,962.0,962.0,962.0,962.0,962.0,962.0,962.0,,,,,,,,,,,,,,,,,,,,,,,,,,,,,,,,,,,,,,0.2,227.7074,242.2427,255.0506,265.6172,273.7569,279.5987,283.5179,286.0353,287.7115,289.0575,290.4725,292.2121,294.3842,296.9662,299.8384,302.8283,305.7584,308.4916,310.9637,313.1966,271.0403137763311,372.9999576033002,547.0735,183.01740000000007,1322.4735,-33.40129999999999
963,963,963.0,963.0,963.0,963.0,963.0,963.0,963.0,963.0,963.0,963.0,963.0,963.0,963.0,,,,,,,,,,,,,,,,,,,,,,,,,,,,,,,,,,,,,,0.3,271.1609,271.4856,272.1795,273.341,274.993,277.0941,279.5646,282.32,285.3029,288.5064,291.9875,295.8676,300.3219,305.5586,311.7885,319.1866,327.8529,337.7761,348.8117,360.6819,222.0762365133064,353.1233839846614,730.0909,138.35989999999993,1139.4561,-35.905899999999974
964,964,964.0,964.0,964.0,964.0,964.0,964.0,964.0,964.0,964.0,964.0,964.0,964.0,964.0,,,,,,,,,,,,,,,,,,,,,,,,,,,,,,,,,,,,,,0.4,231.695,240.9985,249.7207,257.6836,264.8153,271.1482,276.7995,281.9408,286.7663,291.4635,296.1921,301.0711,306.1732,311.5256,317.1173,322.9088,328.8459,334.8732,340.9452,347.0329,266.2819725829715,310.744117523127,868.4508,148.6735,1001.0962,-41.851800000000026
965,965,965.0,965.0,965.0,965.0,965.0,965.0,965.0,965.0,965.0,965.0,965.0,965.0,965.0,,,,,,,,,,,,,,,,,,,,,,,,,,,,,,,,,,,,,,0.5,266.5436,267.0609,268.0501,269.6583,271.949,274.9054,278.4456,282.4442,286.7524,291.2128,295.6651,299.9474,303.8949,307.343,310.1364,312.148,313.3024,313.6002,313.1349,312.0944,295.9464864272506,371.9133944959044,1017.1243,126.30920000000016,852.4227000000001,-38.094600000000014
966,966,966.0,966.0,966.0,966.0,966.0,966.0,966.0,966.0,966.0,966.0,966.0,966.0,966.0,,,,,,,,,,,,,,,,,,,,,,,,,,,,,,,,,,,,,,0.6,292.6534,289.6635,287.2415,285.5837,284.8017,284.9227,285.9037,287.6561,290.0745,293.0657,296.5718,300.5871,305.1637,310.4043,316.442,323.4073,331.3879,340.3896,350.3084,360.9229,209.7060036533177,229.09130197857348,1143.4335,112.80659999999988,726.1134999999999,-28.07729999999998
967,967,967.0,967.0,967.0,967.0,967.0,967.0,967.0,967.0,967.0,967.0,967.0,967.0,967.0,,,,,,,,,,,,,,,,,,,,,,,,,,,,,,,,,,,,,,0.7,223.1356,236.016,247.8821,258.4164,267.4775,275.0897,281.4003,286.6155,290.932,294.4748,297.2508,299.1251,299.8225,298.9595,296.1047,290.8658,282.9888,272.4521,259.5288,244.7978,306.19766175306626,272.38883573357896,1256.2401,245.9456,613.3069,-37.91030000000001
968,968,968.0,968.0,968.0,968.0,968.0,968.0,968.0,968.0,968.0,968.0,968.0,968.0,968.0,,,,,,,,,,,,,,,,,,,,,,,,,,,,,,,,,,,,,,0.8,299.774,293.9009,289.0358,285.4725,283.3063,282.4414,282.6297,283.5301,284.771,286.0049,286.9473,287.4004,287.2606,286.5137,285.2199,283.4904,281.4591,279.2542,276.975,274.68,284.399588689149,372.9999590285112,1502.1857,230.87470000000008,367.3613,-30.558600000000013
969,969,969.0,969.0,969.0,969.0,969.0,969.0,969.0,969.0,969.0,969.0,969.0,969.0,969.0,,,,,,,,,,,,,,,,,,,,,,,,,,,,,,,,,,,,,,0.9,284.7119,284.9895,285.2076,285.3587,285.4551,285.5281,285.6249,285.809,286.1645,286.8061,287.8926,289.6382,292.3149,296.2391,301.7373,309.0921,318.4757,329.8862,343.1039,357.6849,240.61833285264663,360.8968729207785,1733.0604,136.48659999999995,136.48659999999995,-27.471900000000005
970,970,970.0,970.0,970.0,970.0,970.0,970.0,970.0,970.0,970.0,970.0,970.0,970.0,970.0,,,,,,,,,,,,,,,,,,,,,,,,,,,,,,,,,,,,,,0.0,273.0,273.0,273.0,273.0,273.0,273.0,273.0,273.0,273.0,273.0,273.0,273.0,273.0,273.0,273.0,273.0,273.0,273.0,273.0,273.0,372.9999620425357,372.9999909275021,0.0,368.7878,2032.8481,-40.0
971,971,971.0,971.0,971.0,971.0,971.0,971.0,971.0,971.0,971.0,971.0,971.0,971.0,971.0,,,,,,,,,,,,,,,,,,,,,,,,,,,,,,,,,,,,,,0.1,355.9583,339.696,324.8873,312.0201,301.3574,292.9443,286.6547,282.2609,279.5107,278.1944,278.1944,279.5107,282.2609,286.6547,292.9443,301.3574,312.0202,324.8873,339.696,355.9583,212.6076119430737,314.6488379276426,368.7878,178.35420000000005,1664.0602999999996,-20.0557
972,972,972.0,972.0,972.0,972.0,972.0,972.0,972.0,972.0,972.0,972.0,972.0,972.0,972.0,,,,,,,,,,,,,,,,,,,,,,,,,,,,,,,,,,,,,,0.2,228.0199,242.494,255.2459,265.7639,273.863,279.6723,283.5663,286.0643,287.7252,289.0577,290.4587,292.1814,294.3309,296.882,299.7125,302.6479,305.5094,308.1602,310.5376,312.6665,270.99059538625005,372.99998222857056,547.142,183.3209,1485.7060999999997,-33.32769999999999
973,973,973.0,973.0,973.0,973.0,973.0,973.0,973.0,973.0,973.0,973.0,973.0,973.0,973.0,,,,,,,,,,,,,,,,,,,,,,,,,,,,,,,,,,,,,,0.3,271.1373,271.4857,272.1986,273.3732,275.0315,277.1322,279.5962,282.34,285.3073,288.4925,291.9537,295.8139,300.2499,305.4717,311.6918,319.0871,327.7586,337.6956,348.7529,360.6509,243.12303441215204,372.3877701213293,730.4629,126.21760000000006,1302.3851999999997,-35.86779999999999
974,974,974.0,974.0,974.0,974.0,974.0,974.0,974.0,974.0,974.0,974.0,974.0,974.0,974.0,,,,,,,,,,,,,,,,,,,,,,,,,,,,,,,,,,,,,,0.4,249.1575,255.0403,260.6471,265.9018,270.7875,275.3457,279.6662,283.8721,288.1031,292.5008,297.1974,302.3081,307.9255,314.1159,320.9154,328.3279,336.323,344.836,353.7703,363.0021,265.6777417719036,328.53949788680546,856.6805,105.23159999999996,1176.1675999999998,-37.65429999999998
975,975,975.0,975.0,975.0,975.0,975.0,975.0,975.0,975.0,975.0,975.0,975.0,975.0,975.0,,,,,,,,,,,,,,,,,,,,,,,,,,,,,,,,,,,,,,0.5,267.1167,268.7074,270.5819,272.8376,275.53,278.6735,282.2478,286.207,290.4866,295.007,299.6731,304.3709,308.9667,313.31,317.2456,320.6333,323.3745,325.438,326.8783,327.8393,299.8142979552554,372.50092010094113,961.9121,82.90319999999997,1070.936,-34.32650000000001
976,976,976.0,976.0,976.0,976.0,976.0,976.0,976.0,976.0,976.0,976.0,976.0,976.0,976.0,,,,,,,,,,,,,,,,,,,,,,,,,,,,,,,,,,,,,,0.6,296.4242,293.3544,290.8847,289.2231,288.4884,288.7116,289.8504,291.8138,294.4906,297.7759,301.5924,305.9041,310.7211,316.0943,322.0998,328.8151,336.29,344.5182,353.4172,362.8226,245.835477187484,220.2498079628105,1044.8153,67.59410000000003,988.0328,-24.288400000000024
977,977,977.0,977.0,977.0,977.0,977.0,977.0,977.0,977.0,977.0,977.0,977.0,977.0,977.0,,,,,,,,,,,,,,,,,,,,,,,,,,,,,,,,,,,,,,0.7,253.7851,261.4422,268.5631,274.9894,280.662,285.6112,289.9255,293.7074,297.0251,299.8671,302.1086,303.4942,303.643,302.0817,298.3075,291.8777,282.5137,270.1982,255.2401,238.2836,185.5954194736017,263.1781729672249,1112.4094,228.8639000000001,920.4387,-27.388800000000003
978,978,978.0,978.0,978.0,978.0,978.0,978.0,978.0,978.0,978.0,978.0,978.0,978.0,978.0,,,,,,,,,,,,,,,,,,,,,,,,,,,,,,,,,,,,,,0.8,202.0179,217.8584,232.6022,245.8528,257.3587,267.0107,274.8171,280.866,285.2879,288.2256,289.8188,290.2007,289.5045,287.8716,285.4573,282.4285,278.9532,275.1849,271.2477,267.2283,279.8505291149844,270.67550693659007,1341.2733,376.1231,691.5747999999999,-45.989300000000014
979,979,979.0,979.0,979.0,979.0,979.0,979.0,979.0,979.0,979.0,979.0,979.0,979.0,979.0,,,,,,,,,,,,,,,,,,,,,,,,,,,,,,,,,,,,,,0.9,276.1049,272.8313,270.4148,269.0882,268.9026,269.738,271.3452,273.4048,275.5871,277.6013,279.2264,280.3239,280.835,280.7679,280.1796,279.1564,277.7961,276.1934,274.4309,272.5745,365.6268832181683,372.99991799513424,1717.3964,315.45169999999985,315.45169999999985,-43.262
980,980,980.0,980.0,980.0,980.0,980.0,980.0,980.0,980.0,980.0,980.0,980.0,980.0,980.0,,,,,,,,,,,,,,,,,,,,,,,,,,,,,,,,,,,,,,0.0,273.0,273.0,273.0,273.0,273.0,273.0,273.0,273.0,273.0,273.0,273.0,273.0,273.0,273.0,273.0,273.0,273.0,273.0,273.0,273.0,372.9999438198015,372.9999676126932,0.0,368.7878,2063.8493,-40.0
981,981,981.0,981.0,981.0,981.0,981.0,981.0,981.0,981.0,981.0,981.0,981.0,981.0,981.0,,,,,,,,,,,,,,,,,,,,,,,,,,,,,,,,,,,,,,0.1,355.9582,339.696,324.8873,312.0201,301.3574,292.9443,286.6547,282.2609,279.5107,278.1944,278.1944,279.5107,282.2609,286.6547,292.9443,301.3574,312.0201,324.8873,339.696,355.9583,213.02681683644693,313.93773665012986,368.7878,178.43210000000005,1695.0614999999998,-20.0557
982,982,982.0,982.0,982.0,982.0,982.0,982.0,982.0,982.0,982.0,982.0,982.0,982.0,982.0,,,,,,,,,,,,,,,,,,,,,,,,,,,,,,,,,,,,,,0.2,228.3676,242.7735,255.4633,265.9271,273.981,279.7542,283.6201,286.0966,287.7404,289.0579,290.4434,292.1472,294.2716,296.7883,299.5724,302.447,305.2324,307.7914,310.0634,312.0767,271.00309832323546,372.9999165907952,547.2199,183.6336,1516.6293999999998,-33.245799999999974
983,983,983.0,983.0,983.0,983.0,983.0,983.0,983.0,983.0,983.0,983.0,983.0,983.0,983.0,,,,,,,,,,,,,,,,,,,,,,,,,,,,,,,,,,,,,,0.3,271.1673,271.5309,272.2551,273.4354,275.0935,277.188,279.6404,282.3682,285.3159,288.4791,291.9174,295.7549,300.1702,305.3751,311.5842,318.9763,327.6537,337.606,348.6874,360.6162,242.680078997196,372.2815356439512,730.8535,126.58799999999997,1332.9957999999997,-35.81200000000001
984,984,984.0,984.0,984.0,984.0,984.0,984.0,984.0,984.0,984.0,984.0,984.0,984.0,984.0,,,,,,,,,,,,,,,,,,,,,,,,,,,,,,,,,,,,,,0.4,248.7962,254.7565,260.4328,265.7465,270.6791,275.2717,279.6152,283.834,288.0699,292.4664,297.1578,302.261,307.8699,314.0516,320.8431,328.2483,336.2369,344.7443,353.6734,362.9004,265.7323806899897,328.66707018703863,857.4415,105.8904,1206.4077999999995,-37.72829999999999
985,985,985.0,985.0,985.0,985.0,985.0,985.0,985.0,985.0,985.0,985.0,985.0,985.0,985.0,,,,,,,,,,,,,,,,,,,,,,,,,,,,,,,,,,,,,,0.5,267.1409,268.7035,270.5541,272.7915,275.4713,278.6076,282.1791,286.1386,290.4204,294.9442,299.6143,304.317,308.9188,313.2704,317.2173,320.6204,323.3816,325.4699,326.9392,327.9327,299.2948453488057,372.5271464155568,963.3319,83.35000000000002,1100.5173999999995,-34.39240000000001
986,986,986.0,986.0,986.0,986.0,986.0,986.0,986.0,986.0,986.0,986.0,986.0,986.0,986.0,,,,,,,,,,,,,,,,,,,,,,,,,,,,,,,,,,,,,,0.6,295.9851,292.9919,290.5918,288.9903,288.3053,288.568,289.7369,291.7229,294.4165,297.7146,301.5414,305.8622,310.6877,316.0692,322.0829,328.8063,336.2891,344.5248,353.4307,362.8426,249.9797090816696,220.38814797405945,1046.6819,66.9704999999999,1017.1673999999998,-24.432000000000016
987,987,987.0,987.0,987.0,987.0,987.0,987.0,987.0,987.0,987.0,987.0,987.0,987.0,987.0,,,,,,,,,,,,,,,,,,,,,,,,,,,,,,,,,,,,,,0.7,257.1914,264.1456,270.6289,276.5043,281.7237,286.3182,290.3687,293.9649,297.1592,299.9248,302.1235,303.4891,303.6328,302.0762,298.3131,291.8989,282.5539,270.2601,255.3261,238.3954,183.18045741010303,263.12734027403945,1113.6524,226.0222000000001,950.1969,-26.68180000000001
988,988,988.0,988.0,988.0,988.0,988.0,988.0,988.0,988.0,988.0,988.0,988.0,988.0,988.0,,,,,,,,,,,,,,,,,,,,,,,,,,,,,,,,,,,,,,0.8,200.2047,216.6083,231.8438,245.4931,257.2957,267.1459,275.0647,281.159,285.5793,288.4871,290.0369,290.3726,289.6335,287.964,285.5198,282.4666,278.9709,275.1845,271.2303,267.1941,278.4556115323719,256.06741149943906,1339.6746,383.3594000000001,724.1746999999998,-45.85410000000002
989,989,989.0,989.0,989.0,989.0,989.0,989.0,989.0,989.0,989.0,989.0,989.0,989.0,989.0,,,,,,,,,,,,,,,,,,,,,,,,,,,,,,,,,,,,,,0.9,274.9101,271.8327,269.6043,268.453,268.4245,269.3927,271.1007,273.2195,275.4064,277.3526,278.8122,279.6135,279.657,278.9045,277.3663,275.0903,272.1529,268.6541,264.7137,260.4684,372.9999580670796,372.9999753512414,1723.034,340.8152999999997,340.8152999999997,-43.60730000000001
990,990,990.0,990.0,990.0,990.0,990.0,990.0,990.0,990.0,990.0,990.0,990.0,990.0,990.0,,,,,,,,,,,,,,,,,,,,,,,,,,,,,,,,,,,,,,0.0,273.0,273.0,273.0,273.0,273.0,273.0,273.0,273.0,273.0,273.0,273.0,273.0,273.0,273.0,273.0,273.0,273.0,273.0,273.0,273.0,372.9999570371056,372.9999913863985,0.0,368.7878,1895.418,-40.0
991,991,991.0,991.0,991.0,991.0,991.0,991.0,991.0,991.0,991.0,991.0,991.0,991.0,991.0,,,,,,,,,,,,,,,,,,,,,,,,,,,,,,,,,,,,,,0.1,355.9583,339.696,324.8873,312.0201,301.3574,292.9443,286.6547,282.2609,279.5107,278.1944,278.1944,279.5107,282.2609,286.6547,292.9443,301.3574,312.0202,324.8873,339.696,355.9583,212.4366457869008,314.938799626978,368.7878,178.32289999999995,1526.6301999999998,-20.0557
992,992,992.0,992.0,992.0,992.0,992.0,992.0,992.0,992.0,992.0,992.0,992.0,992.0,992.0,,,,,,,,,,,,,,,,,,,,,,,,,,,,,,,,,,,,,,0.2,227.8781,242.38,255.1573,265.6974,273.8148,279.6389,283.5443,286.0511,287.719,289.0576,290.465,292.1953,294.3551,296.9202,299.7697,302.7297,305.6224,308.3106,310.731,312.9071,271.0599500531147,372.9998064584788,547.1107,183.1628000000001,1348.3073,-33.36110000000002
993,993,993.0,993.0,993.0,993.0,993.0,993.0,993.0,993.0,993.0,993.0,993.0,993.0,993.0,,,,,,,,,,,,,,,,,,,,,,,,,,,,,,,,,,,,,,0.3,271.1868,271.5168,272.2142,273.3768,275.0273,277.1241,279.5881,282.335,285.3079,288.5004,291.97,295.8388,300.2828,305.5113,311.7357,319.1322,327.8014,337.7321,348.7795,360.6648,243.14281281476715,372.4066921367352,730.2735,126.05650000000004,1165.1445,-35.8759
994,994,994.0,994.0,994.0,994.0,994.0,994.0,994.0,994.0,994.0,994.0,994.0,994.0,994.0,,,,,,,,,,,,,,,,,,,,,,,,,,,,,,,,,,,,,,0.4,249.1751,255.0558,260.6607,265.9138,270.7985,275.3562,279.6769,283.8838,288.1164,292.5162,297.2153,302.3285,307.9484,314.1406,320.9414,328.3544,336.3492,344.8612,353.7938,363.0234,265.40423598593435,327.8011422546808,856.33,105.29309999999998,1039.0879999999995,-37.6438
995,995,995.0,995.0,995.0,995.0,995.0,995.0,995.0,995.0,995.0,995.0,995.0,995.0,995.0,,,,,,,,,,,,,,,,,,,,,,,,,,,,,,,,,,,,,,0.5,266.892,268.5294,270.4464,272.739,275.4621,278.6297,282.2219,286.1931,290.4791,295.0003,299.6608,304.3457,308.9192,313.2286,317.1163,320.4402,323.1004,325.0661,326.3936,327.2308,299.4905398556286,372.05104378866434,961.6231,83.6721,933.7949,-34.370299999999986
996,996,996.0,996.0,996.0,996.0,996.0,996.0,996.0,996.0,996.0,996.0,996.0,996.0,996.0,,,,,,,,,,,,,,,,,,,,,,,,,,,,,,,,,,,,,,0.6,296.1426,293.1136,290.6821,289.0546,288.3492,288.5959,289.7519,291.7258,294.4061,297.6878,301.4935,305.7875,310.5806,315.9241,321.8953,328.5729,336.0077,344.1946,353.0516,362.4148,258.0846078432397,191.1660218665963,1045.2952,74.66540000000009,850.1227999999999,-24.404100000000028
997,997,997.0,997.0,997.0,997.0,997.0,997.0,997.0,997.0,997.0,997.0,997.0,997.0,997.0,,,,,,,,,,,,,,,,,,,,,,,,,,,,,,,,,,,,,,0.7,263.9206,269.5603,274.843,279.6684,284.0055,287.8818,291.356,294.4789,297.2505,299.5785,301.2462,301.8961,301.0368,298.0809,292.4178,283.5172,271.0513,255.0088,235.7703,214.1183,187.02364127431787,260.4219329359828,1119.9606,260.09199999999987,775.4573999999998,-25.1182
998,998,998.0,998.0,998.0,998.0,998.0,998.0,998.0,998.0,998.0,998.0,998.0,998.0,998.0,,,,,,,,,,,,,,,,,,,,,,,,,,,,,,,,,,,,,,0.8,203.746,219.8277,234.7033,247.9409,259.2702,268.5795,275.887,281.2989,284.9685,287.0661,287.7646,287.2399,285.6797,283.2916,280.304,276.9535,273.4605,269.9994,266.6723,263.4981,310.76688757705244,372.999759626941,1380.0526,348.83359999999993,515.3653999999999,-44.4205
999,999,999.0,999.0,999.0,999.0,999.0,999.0,999.0,999.0,999.0,999.0,999.0,999.0,999.0,,,,,,,,,,,,,,,,,,,,,,,,,,,,,,,,,,,,,,0.9,301.9266,293.7697,286.8642,281.5761,278.032,276.1352,275.6263,276.1691,277.4402,279.2066,281.3776,284.0277,287.3889,291.8125,297.7056,305.4466,315.2937,327.3021,341.2699,356.7307,304.0014747548996,372.999946436375,1728.8862,166.53179999999998,166.53179999999998,-36.8648
1000,1000,1000.0,1000.0,1000.0,1000.0,1000.0,1000.0,1000.0,1000.0,1000.0,1000.0,1000.0,1000.0,1000.0,,,,,,,,,,,,,,,,,,,,,,,,,,,,,,,,,,,,,,0.0,273.0,273.0,273.0,273.0,273.0,273.0,273.0,273.0,273.0,273.0,273.0,273.0,273.0,273.0,273.0,273.0,273.0,273.0,273.0,273.0,372.9999286320744,372.99995827100616,0.0,368.7879,1889.9188,-40.0
1001,1001,1001.0,1001.0,1001.0,1001.0,1001.0,1001.0,1001.0,1001.0,1001.0,1001.0,1001.0,1001.0,1001.0,,,,,,,,,,,,,,,,,,,,,,,,,,,,,,,,,,,,,,0.1,355.9582,339.696,324.8873,312.0201,301.3574,292.9443,286.6547,282.2609,279.5107,278.1944,278.1944,279.5107,282.2609,286.6547,292.9443,301.3574,312.0201,324.8873,339.696,355.9583,212.21799085820973,315.3097823930537,368.7879,178.28320000000002,1521.1309,-20.0557
1002,1002,1002.0,1002.0,1002.0,1002.0,1002.0,1002.0,1002.0,1002.0,1002.0,1002.0,1002.0,1002.0,1002.0,,,,,,,,,,,,,,,,,,,,,,,,,,,,,,,,,,,,,,0.2,227.6967,242.2342,255.0439,265.6122,273.7533,279.5962,283.5163,286.0343,287.7111,289.0576,290.473,292.2131,294.386,296.9691,299.8428,302.8345,305.767,308.503,310.9784,313.2148,271.04032631980465,372.9999576370991,547.0711,183.0076,1342.8476999999998,-33.40379999999999
1003,1003,1003.0,1003.0,1003.0,1003.0,1003.0,1003.0,1003.0,1003.0,1003.0,1003.0,1003.0,1003.0,1003.0,,,,,,,,,,,,,,,,,,,,,,,,,,,,,,,,,,,,,,0.3,271.1603,271.4845,272.178,273.3392,274.9912,277.0924,279.5633,282.3192,285.3027,288.5069,291.9887,295.8694,300.3243,305.5616,311.7918,319.19,327.8562,337.7789,348.8138,360.683,243.1857810299658,371.98675374878337,730.0787,126.00869999999998,1159.8401,-35.9076
1004,1004,1004.0,1004.0,1004.0,1004.0,1004.0,1004.0,1004.0,1004.0,1004.0,1004.0,1004.0,1004.0,1004.0,,,,,,,,,,,,,,,,,,,,,,,,,,,,,,,,,,,,,,0.4,249.2068,255.0771,260.6731,265.9194,270.7994,275.3546,279.675,283.8828,288.1169,292.5176,297.2157,302.3245,307.9345,314.1097,320.8845,328.2612,336.2086,344.6624,353.5272,362.682,264.6032205602537,326.1751724431918,856.0874,106.0082,1033.8314,-37.6454
1005,1005,1005.0,1005.0,1005.0,1005.0,1005.0,1005.0,1005.0,1005.0,1005.0,1005.0,1005.0,1005.0,1005.0,,,,,,,,,,,,,,,,,,,,,,,,,,,,,,,,,,,,,,0.5,266.2282,267.9962,270.0318,272.4269,275.234,278.4664,282.1049,286.105,290.4039,294.9224,299.5644,304.2131,308.7301,312.9591,316.7387,319.924,322.4135,324.1775,325.2762,325.8645,300.2337839034726,369.5883888308625,962.0956,85.73149999999998,927.8232,-34.53359999999998
1006,1006,1006.0,1006.0,1006.0,1006.0,1006.0,1006.0,1006.0,1006.0,1006.0,1006.0,1006.0,1006.0,1006.0,,,,,,,,,,,,,,,,,,,,,,,,,,,,,,,,,,,,,,0.6,296.7158,293.5258,290.95,289.1997,288.3946,288.5629,289.6573,291.58,294.2123,297.4416,301.1835,305.3957,310.0828,315.2914,321.0948,327.5694,334.7661,342.6817,351.2393,360.2828,256.5891522770431,192.74802509182527,1047.8271,77.5177000000001,842.0917,-24.437099999999987
1007,1007,1007.0,1007.0,1007.0,1007.0,1007.0,1007.0,1007.0,1007.0,1007.0,1007.0,1007.0,1007.0,1007.0,,,,,,,,,,,,,,,,,,,,,,,,,,,,,,,,,,,,,,0.7,262.685,268.5691,274.0671,279.0694,283.5399,287.5058,291.0292,294.1674,296.9286,299.2306,300.8676,301.4947,300.6342,297.7134,292.1362,283.3848,271.1394,255.3898,236.5096,215.2655,193.1598247216869,262.14357801647384,1125.3448,259.8421999999998,764.5739999999998,-25.49419999999997
1008,1008,1008.0,1008.0,1008.0,1008.0,1008.0,1008.0,1008.0,1008.0,1008.0,1008.0,1008.0,1008.0,1008.0,,,,,,,,,,,,,,,,,,,,,,,,,,,,,,,,,,,,,,0.8,208.745,223.744,237.6383,250.0293,260.664,269.432,276.3404,281.4767,284.9724,286.9772,287.647,287.1456,285.6528,283.3719,280.5292,277.3595,274.0813,270.8654,267.8085,264.9223,308.65504718211923,372.99995350213817,1385.187,340.9974000000002,504.7318,-43.567999999999984
1009,1009,1009.0,1009.0,1009.0,1009.0,1009.0,1009.0,1009.0,1009.0,1009.0,1009.0,1009.0,1009.0,1009.0,,,,,,,,,,,,,,,,,,,,,,,,,,,,,,,,,,,,,,0.9,300.4305,292.845,286.4295,281.5262,278.2538,276.522,276.0895,276.644,277.8874,279.6088,281.734,284.3472,287.6834,292.0918,297.9737,305.7005,315.5237,327.4942,341.409,356.804,304.6684404233925,372.9999335625205,1726.1844,163.73439999999982,163.73439999999982,-36.47800000000001
1010,1010,1010.0,1010.0,1010.0,1010.0,1010.0,1010.0,1010.0,1010.0,1010.0,1010.0,1010.0,1010.0,1010.0,,,,,,,,,,,,,,,,,,,,,,,,,,,,,,,,,,,,,,0.0,273.0,273.0,273.0,273.0,273.0,273.0,273.0,273.0,273.0,273.0,273.0,273.0,273.0,273.0,273.0,273.0,273.0,273.0,273.0,273.0,372.99994657881,372.9999589415197,0.0,368.7879,2022.7273,-40.0
1011,1011,1011.0,1011.0,1011.0,1011.0,1011.0,1011.0,1011.0,1011.0,1011.0,1011.0,1011.0,1011.0,1011.0,,,,,,,,,,,,,,,,,,,,,,,,,,,,,,,,,,,,,,0.1,355.9582,339.696,324.8873,312.0201,301.3574,292.9443,286.6547,282.2609,279.5107,278.1944,278.1944,279.5107,282.2609,286.6547,292.9443,301.3574,312.0201,324.8873,339.696,355.9583,212.75976895251,314.3906779555495,368.7879,178.38230000000004,1653.9393999999998,-20.0557
1012,1012,1012.0,1012.0,1012.0,1012.0,1012.0,1012.0,1012.0,1012.0,1012.0,1012.0,1012.0,1012.0,1012.0,,,,,,,,,,,,,,,,,,,,,,,,,,,,,,,,,,,,,,0.2,228.1461,242.5954,255.3248,265.8231,273.9058,279.702,283.5858,286.076,287.7307,289.0578,290.4531,292.1689,294.3093,296.848,299.6617,302.5749,305.4088,308.0263,310.3655,312.4524,270.9906053841084,372.99986712516335,547.1702,183.43589999999995,1475.5570999999998,-33.298
1013,1013,1013.0,1013.0,1013.0,1013.0,1013.0,1013.0,1013.0,1013.0,1013.0,1013.0,1013.0,1013.0,1013.0,,,,,,,,,,,,,,,,,,,,,,,,,,,,,,,,,,,,,,0.3,271.1444,271.4991,272.2168,273.394,275.0527,277.1515,279.6117,282.3499,285.3102,288.4875,291.9404,295.7924,300.2209,305.4366,311.6527,319.0468,327.7205,337.663,348.7291,360.6382,242.5521981565482,371.8786272979874,730.6061,126.58780000000002,1292.1211999999998,-35.8485
1014,1014,1014.0,1014.0,1014.0,1014.0,1014.0,1014.0,1014.0,1014.0,1014.0,1014.0,1014.0,1014.0,1014.0,,,,,,,,,,,,,,,,,,,,,,,,,,,,,,,,,,,,,,0.4,248.686,254.6634,260.3559,265.6847,270.6311,275.2362,279.5908,283.8194,288.0632,292.4654,297.1594,302.2607,307.8619,314.0283,320.7953,328.1655,336.1081,344.5585,353.4212,362.5748,265.6741067880441,328.5061040845356,857.1939,106.28930000000004,1165.5333999999998,-37.7638
1015,1015,1015.0,1015.0,1015.0,1015.0,1015.0,1015.0,1015.0,1015.0,1015.0,1015.0,1015.0,1015.0,1015.0,,,,,,,,,,,,,,,,,,,,,,,,,,,,,,,,,,,,,,0.5,267.0848,268.6499,270.5034,272.7439,275.4273,278.567,282.1413,286.1025,290.3845,294.9062,299.5718,304.2673,308.8596,313.1995,317.1333,320.5225,323.2698,325.3447,326.8014,327.783,299.2394192623167,372.37757213476993,963.4832,83.80589999999995,1059.2441,-34.43299999999999
1016,1016,1016.0,1016.0,1016.0,1016.0,1016.0,1016.0,1016.0,1016.0,1016.0,1016.0,1016.0,1016.0,1016.0,,,,,,,,,,,,,,,,,,,,,,,,,,,,,,,,,,,,,,0.6,295.9315,292.94,290.5413,288.941,288.2568,288.5197,289.6881,291.6726,294.3638,297.6583,301.4804,305.7952,310.6138,315.9874,321.9924,328.7065,336.1796,344.4054,353.3013,362.7031,246.13875995821425,219.90970073836368,1047.2891,68.59979999999996,975.4382,-24.4803
1017,1017,1017.0,1017.0,1017.0,1017.0,1017.0,1017.0,1017.0,1017.0,1017.0,1017.0,1017.0,1017.0,1017.0,,,,,,,,,,,,,,,,,,,,,,,,,,,,,,,,,,,,,,0.7,253.9963,261.5667,268.6112,274.9742,280.5981,285.5128,289.805,293.5747,296.8871,299.7277,301.9693,303.3542,303.4998,301.9315,298.1455,291.6984,282.3112,269.967,254.9755,237.9822,187.21457533641103,262.92338467728496,1115.8889,229.6030000000001,906.8384,-27.487199999999973
1018,1018,1018.0,1018.0,1018.0,1018.0,1018.0,1018.0,1018.0,1018.0,1018.0,1018.0,1018.0,1018.0,1018.0,,,,,,,,,,,,,,,,,,,,,,,,,,,,,,,,,,,,,,0.8,203.353,218.9214,233.4152,246.4457,257.7654,267.2659,274.9534,280.9122,285.2674,288.1568,289.715,290.0711,289.355,287.7058,285.2772,282.2352,278.7472,274.9665,271.0172,266.9856,285.1035809696688,272.58995149331724,1345.4919,371.61300000000006,677.2354,-45.73410000000001
1019,1019,1019.0,1019.0,1019.0,1019.0,1019.0,1019.0,1019.0,1019.0,1019.0,1019.0,1019.0,1019.0,1019.0,,,,,,,,,,,,,,,,,,,,,,,,,,,,,,,,,,,,,,0.9,280.5319,276.4649,273.3162,271.3397,270.5989,270.9771,272.2209,274.0019,275.9794,277.8517,279.3892,280.4476,280.9663,280.9539,280.47,279.6034,278.4528,277.1108,275.653,274.134,368.4511392541768,372.99996130466906,1717.1049,305.6224,305.6224,-42.02289999999999
1020,1020,1020.0,1020.0,1020.0,1020.0,1020.0,1020.0,1020.0,1020.0,1020.0,1020.0,1020.0,1020.0,,,,,,,,,,,,,,,,,,,,,,,,,,,,,,,,,,,,,,,0.0,273.0,273.0,273.0,273.0,273.0,273.0,273.0,273.0,273.0,273.0,273.0,273.0,273.0,273.0,273.0,273.0,273.0,273.0,273.0,273.0,372.9999266980356,372.9999677874871,0.0,368.7879,2313.2719000000006,50.22410000000002
1021,1021,1021.0,1021.0,1021.0,1021.0,1021.0,1021.0,1021.0,1021.0,1021.0,1021.0,1021.0,1021.0,,,,,,,,,,,,,,,,,,,,,,,,,,,,,,,,,,,,,,,0.1,355.9582,339.696,324.8873,312.0201,301.3574,292.9443,286.6547,282.2609,279.5107,278.1944,278.1944,279.5107,282.2609,286.6547,292.9443,301.3574,312.0201,324.8873,339.696,355.9583,312.70930438953496,372.9999591685682,368.7879,145.80120000000005,1944.4840000000008,50.22410000000002
1022,1022,1022.0,1022.0,1022.0,1022.0,1022.0,1022.0,1022.0,1022.0,1022.0,1022.0,1022.0,1022.0,,,,,,,,,,,,,,,,,,,,,,,,,,,,,,,,,,,,,,,0.2,311.0616,309.2551,307.1795,304.8092,302.2182,299.5732,297.1084,295.0925,293.795,293.4597,294.2875,296.4279,299.9768,304.976,311.4139,319.2257,328.2927,338.4437,349.4584,361.0747,372.9999746672343,372.99995368179367,514.5891,59.30689999999993,1798.6828000000005,50.22410000000002
1023,1023,1023.0,1023.0,1023.0,1023.0,1023.0,1023.0,1023.0,1023.0,1023.0,1023.0,1023.0,1023.0,,,,,,,,,,,,,,,,,,,,,,,,,,,,,,,,,,,,,,,0.3,360.8158,349.1438,338.4377,329.0482,321.2008,314.999,310.4467,307.4815,306.0084,305.9263,307.1439,309.5841,313.1807,317.87,323.5813,330.2287,337.7054,345.882,354.6062,363.7071,372.99996712804216,372.9999686379395,573.896,61.13200000000006,1739.3759000000005,50.22410000000002
1024,1024,1024.0,1024.0,1024.0,1024.0,1024.0,1024.0,1024.0,1024.0,1024.0,1024.0,1024.0,1024.0,,,,,,,,,,,,,,,,,,,,,,,,,,,,,,,,,,,,,,,0.4,364.4684,356.1741,348.3435,341.182,334.8661,329.5381,325.3039,322.2327,320.3595,319.6886,320.1978,321.8426,324.5598,328.2708,332.8833,338.2934,344.3866,351.0389,358.1184,365.4864,372.9999999984903,372.9999424562333,635.028,112.38729999999998,1678.2439000000004,50.22410000000002
1025,1025,1025.0,1025.0,1025.0,1025.0,1025.0,1025.0,1025.0,1025.0,1025.0,1025.0,1025.0,1025.0,,,,,,,,,,,,,,,,,,,,,,,,,,,,,,,,,,,,,,,0.5,366.5543,360.267,354.2912,348.7707,343.8353,339.5975,336.1497,333.5629,331.8853,331.1425,331.338,332.4544,334.4552,337.2858,340.8766,345.1438,349.9922,355.3172,361.0063,366.9412,372.9999572823668,372.9999746282552,747.4153,180.6557,1565.8566000000003,50.22410000000002
1026,1026,1026.0,1026.0,1026.0,1026.0,1026.0,1026.0,1026.0,1026.0,1026.0,1026.0,1026.0,1026.0,,,,,,,,,,,,,,,,,,,,,,,,,,,,,,,,,,,,,,,0.6,368.0229,363.1621,358.5308,354.2361,350.3764,347.0389,344.2978,342.2123,340.8257,340.1648,340.2394,341.043,342.553,344.7315,347.5272,350.8758,354.7023,358.9223,363.4443,368.1705,372.9999855092668,372.9999562426749,928.071,252.2770999999999,1385.2009000000005,50.22410000000002
1027,1027,1027.0,1027.0,1027.0,1027.0,1027.0,1027.0,1027.0,1027.0,1027.0,1027.0,1027.0,1027.0,,,,,,,,,,,,,,,,,,,,,,,,,,,,,,,,,,,,,,,0.7,369.1229,365.3342,361.7205,358.3637,355.3398,352.7168,350.5531,348.8964,347.7823,347.2344,347.2629,347.8653,349.0264,350.7187,352.9032,355.5305,358.5416,361.8699,365.4419,369.1792,372.9999279713352,372.999939634531,1180.3481,320.01940000000013,1132.9238000000005,50.22410000000002
1028,1028,1028.0,1028.0,1028.0,1028.0,1028.0,1028.0,1028.0,1028.0,1028.0,1028.0,1028.0,1028.0,,,,,,,,,,,,,,,,,,,,,,,,,,,,,,,,,,,,,,,0.8,369.9674,367.0033,364.1746,361.5449,359.1734,357.1131,355.4101,354.1021,353.218,352.7767,352.7876,353.2496,354.1518,355.4733,357.1843,359.2462,361.6129,364.2317,367.0445,369.9889,372.9999612461625,372.9998043575984,1500.3675,380.45949999999993,812.9044000000001,50.22410000000002
1029,1029,1029.0,1029.0,1029.0,1029.0,1029.0,1029.0,1029.0,1029.0,1029.0,1029.0,1029.0,1029.0,,,,,,,,,,,,,,,,,,,,,,,,,,,,,,,,,,,,,,,0.9,370.6234,368.3003,366.0826,364.0202,362.1593,360.5414,359.2027,358.1731,357.4753,357.1247,357.1288,357.4874,358.192,359.2269,360.5685,362.187,364.0461,366.1043,368.3159,370.6315,372.9999415660678,372.99994730437527,1880.827,432.4449000000002,432.4449000000002,50.22410000000002
1030,1030,1030.0,1030.0,1030.0,1030.0,1030.0,1030.0,1030.0,1030.0,1030.0,1030.0,1030.0,1030.0,,,,,,,,,,,,,,,,,,,,,,,,,,,,,,,,,,,,,,,0.0,273.0,273.0,273.0,273.0,273.0,273.0,273.0,273.0,273.0,273.0,273.0,273.0,273.0,273.0,273.0,273.0,273.0,273.0,273.0,273.0,372.9999464363681,372.9999591685678,0.0,368.7879,2313.2697,50.22399999999999
1031,1031,1031.0,1031.0,1031.0,1031.0,1031.0,1031.0,1031.0,1031.0,1031.0,1031.0,1031.0,1031.0,,,,,,,,,,,,,,,,,,,,,,,,,,,,,,,,,,,,,,,0.1,355.9582,339.696,324.8873,312.0201,301.3574,292.9443,286.6547,282.2609,279.5107,278.1944,278.1944,279.5107,282.2609,286.6547,292.9443,301.3574,312.0201,324.8873,339.696,355.9583,312.70930438953496,372.9999591685682,368.7879,145.80120000000005,1944.4818,50.22399999999999
1032,1032,1032.0,1032.0,1032.0,1032.0,1032.0,1032.0,1032.0,1032.0,1032.0,1032.0,1032.0,1032.0,,,,,,,,,,,,,,,,,,,,,,,,,,,,,,,,,,,,,,,0.2,311.0616,309.2551,307.1795,304.8092,302.2182,299.5732,297.1084,295.0925,293.795,293.4597,294.2875,296.4279,299.9768,304.976,311.4139,319.2257,328.2927,338.4437,349.4584,361.0747,372.9999335625205,372.9999660181596,514.5891,59.30689999999993,1798.6805999999997,50.22399999999999
1033,1033,1033.0,1033.0,1033.0,1033.0,1033.0,1033.0,1033.0,1033.0,1033.0,1033.0,1033.0,1033.0,,,,,,,,,,,,,,,,,,,,,,,,,,,,,,,,,,,,,,,0.3,360.8158,349.1438,338.4377,329.0482,321.2008,314.999,310.4467,307.4815,306.0084,305.9263,307.1439,309.5841,313.1807,317.87,323.5813,330.2287,337.7054,345.882,354.6062,363.7071,372.9999347729655,372.9998594007664,573.896,61.13190000000009,1739.3737,50.22399999999999
1034,1034,1034.0,1034.0,1034.0,1034.0,1034.0,1034.0,1034.0,1034.0,1034.0,1034.0,1034.0,1034.0,,,,,,,,,,,,,,,,,,,,,,,,,,,,,,,,,,,,,,,0.4,364.4683,356.1741,348.3435,341.182,334.866,329.5381,325.3039,322.2326,320.3595,319.6886,320.1978,321.8426,324.5598,328.2708,332.8833,338.2934,344.3866,351.0389,358.1183,365.4863,372.999932294544,372.9999555441409,635.0279,112.3872,1678.2417999999998,50.22399999999999
1035,1035,1035.0,1035.0,1035.0,1035.0,1035.0,1035.0,1035.0,1035.0,1035.0,1035.0,1035.0,1035.0,,,,,,,,,,,,,,,,,,,,,,,,,,,,,,,,,,,,,,,0.5,366.5543,360.2669,354.2912,348.7707,343.8353,339.5974,336.1497,333.5629,331.8853,331.1425,331.338,332.4544,334.4551,337.2858,340.8765,345.1437,349.9922,355.3172,361.0063,366.9412,372.9999464366172,372.9999591690991,747.4151,180.6555,1565.8545999999997,50.22399999999999
1036,1036,1036.0,1036.0,1036.0,1036.0,1036.0,1036.0,1036.0,1036.0,1036.0,1036.0,1036.0,1036.0,,,,,,,,,,,,,,,,,,,,,,,,,,,,,,,,,,,,,,,0.6,368.0229,363.1621,358.5308,354.236,350.3763,347.0389,344.2978,342.2123,340.8257,340.1648,340.2394,341.043,342.5529,344.7315,347.5272,350.8757,354.7022,358.9223,363.4442,368.1705,372.9999289160616,372.999979294414,928.0706,252.27690000000007,1385.1990999999998,50.22399999999999
1037,1037,1037.0,1037.0,1037.0,1037.0,1037.0,1037.0,1037.0,1037.0,1037.0,1037.0,1037.0,1037.0,,,,,,,,,,,,,,,,,,,,,,,,,,,,,,,,,,,,,,,0.7,369.1228,365.3342,361.7204,358.3636,355.3398,352.7168,350.5531,348.8963,347.7823,347.2344,347.2629,347.8653,349.0264,350.7187,352.9032,355.5305,358.5416,361.8699,365.4419,369.1792,372.99992436166366,372.99982492476863,1180.3475,320.019,1132.9221999999995,50.22399999999999
1038,1038,1038.0,1038.0,1038.0,1038.0,1038.0,1038.0,1038.0,1038.0,1038.0,1038.0,1038.0,1038.0,,,,,,,,,,,,,,,,,,,,,,,,,,,,,,,,,,,,,,,0.8,369.9674,367.0033,364.1746,361.5449,359.1733,357.1131,355.4101,354.1021,353.2179,352.7767,352.7876,353.2496,354.1518,355.4733,357.1842,359.2461,361.6128,364.2316,367.0444,369.9888,372.9999104179407,372.99974920865947,1500.3665,380.4590999999998,812.9031999999997,50.22399999999999
1039,1039,1039.0,1039.0,1039.0,1039.0,1039.0,1039.0,1039.0,1039.0,1039.0,1039.0,1039.0,1039.0,,,,,,,,,,,,,,,,,,,,,,,,,,,,,,,,,,,,,,,0.9,370.6234,368.3002,366.0826,364.0202,362.1592,360.5414,359.2027,358.1731,357.4753,357.1246,357.1288,357.4873,358.192,359.2268,360.5685,362.187,364.0461,366.1043,368.3158,370.6315,372.9996649374098,372.9999521126969,1880.8256,432.44409999999993,432.44409999999993,50.22399999999999
1040,1040,1040.0,1040.0,1040.0,1040.0,1040.0,1040.0,1040.0,1040.0,1040.0,1040.0,1040.0,1040.0,,,,,,,,,,,,,,,,,,,,,,,,,,,,,,,,,,,,,,,0.0,273.0,273.0,273.0,273.0,273.0,273.0,273.0,273.0,273.0,273.0,273.0,273.0,273.0,273.0,273.0,273.0,273.0,273.0,273.0,273.0,372.99992768697007,372.9999549586199,0.0,368.7879,2313.2702,50.22410000000002
1041,1041,1041.0,1041.0,1041.0,1041.0,1041.0,1041.0,1041.0,1041.0,1041.0,1041.0,1041.0,1041.0,,,,,,,,,,,,,,,,,,,,,,,,,,,,,,,,,,,,,,,0.1,355.9582,339.696,324.8873,312.0201,301.3574,292.9443,286.6547,282.2609,279.5107,278.1944,278.1944,279.5107,282.2609,286.6547,292.9443,301.3574,312.0201,324.8873,339.696,355.9582,312.70930438953496,372.9999591685682,368.7879,145.80120000000005,1944.4823,50.22410000000002
1042,1042,1042.0,1042.0,1042.0,1042.0,1042.0,1042.0,1042.0,1042.0,1042.0,1042.0,1042.0,1042.0,,,,,,,,,,,,,,,,,,,,,,,,,,,,,,,,,,,,,,,0.2,311.0616,309.2551,307.1795,304.8092,302.2182,299.5732,297.1084,295.0925,293.795,293.4597,294.2875,296.4279,299.9768,304.976,311.4139,319.2257,328.2927,338.4437,349.4584,361.0747,372.9999693397982,372.9999541948544,514.5891,59.307000000000016,1798.6811,50.22410000000002
1043,1043,1043.0,1043.0,1043.0,1043.0,1043.0,1043.0,1043.0,1043.0,1043.0,1043.0,1043.0,1043.0,,,,,,,,,,,,,,,,,,,,,,,,,,,,,,,,,,,,,,,0.3,360.8158,349.1438,338.4377,329.0482,321.2008,314.999,310.4467,307.4815,306.0084,305.9263,307.1439,309.5841,313.1807,317.87,323.5813,330.2287,337.7054,345.882,354.6062,363.7071,372.9999464380248,372.9998594008043,573.8961,61.13189999999997,1739.3741,50.22410000000002
1044,1044,1044.0,1044.0,1044.0,1044.0,1044.0,1044.0,1044.0,1044.0,1044.0,1044.0,1044.0,1044.0,,,,,,,,,,,,,,,,,,,,,,,,,,,,,,,,,,,,,,,0.4,364.4683,356.1741,348.3435,341.182,334.866,329.5381,325.3039,322.2327,320.3595,319.6886,320.1978,321.8426,324.5598,328.2708,332.8833,338.2934,344.3866,351.0389,358.1183,365.4863,372.9999493264205,372.9999442941833,635.028,112.3872,1678.2422,50.22410000000002
1045,1045,1045.0,1045.0,1045.0,1045.0,1045.0,1045.0,1045.0,1045.0,1045.0,1045.0,1045.0,1045.0,,,,,,,,,,,,,,,,,,,,,,,,,,,,,,,,,,,,,,,0.5,366.5543,360.2669,354.2912,348.7707,343.8353,339.5974,336.1497,333.5629,331.8853,331.1425,331.338,332.4544,334.4551,337.2858,340.8765,345.1437,349.9922,355.3172,361.0063,366.9412,372.99995917026087,372.9999464410212,747.4152,180.6556,1565.855,50.22410000000002
1046,1046,1046.0,1046.0,1046.0,1046.0,1046.0,1046.0,1046.0,1046.0,1046.0,1046.0,1046.0,1046.0,,,,,,,,,,,,,,,,,,,,,,,,,,,,,,,,,,,,,,,0.6,368.0229,363.1621,358.5308,354.236,350.3763,347.0389,344.2978,342.2123,340.8257,340.1648,340.2394,341.043,342.5529,344.7315,347.5272,350.8757,354.7022,358.9223,363.4442,368.1705,372.9999335625205,372.9999335625205,928.0708,252.27690000000007,1385.1994,50.22410000000002
1047,1047,1047.0,1047.0,1047.0,1047.0,1047.0,1047.0,1047.0,1047.0,1047.0,1047.0,1047.0,1047.0,,,,,,,,,,,,,,,,,,,,,,,,,,,,,,,,,,,,,,,0.7,369.1228,365.3342,361.7204,358.3636,355.3398,352.7168,350.5531,348.8963,347.7823,347.2344,347.2629,347.8653,349.0264,350.7187,352.9032,355.5304,358.5416,361.8699,365.4419,369.1792,372.9999335625205,372.99993963279377,1180.3477,320.019,1132.9225,50.22410000000002
1048,1048,1048.0,1048.0,1048.0,1048.0,1048.0,1048.0,1048.0,1048.0,1048.0,1048.0,1048.0,1048.0,,,,,,,,,,,,,,,,,,,,,,,,,,,,,,,,,,,,,,,0.8,369.9674,367.0033,364.1746,361.5449,359.1733,357.1131,355.4101,354.1021,353.2179,352.7767,352.7876,353.2496,354.1518,355.4733,357.1843,359.2461,361.6128,364.2317,367.0445,369.9889,372.9998260644205,372.99993151445256,1500.3667,380.4593,812.9034999999999,50.22410000000002
1049,1049,1049.0,1049.0,1049.0,1049.0,1049.0,1049.0,1049.0,1049.0,1049.0,1049.0,1049.0,1049.0,,,,,,,,,,,,,,,,,,,,,,,,,,,,,,,,,,,,,,,0.9,370.6233,368.3002,366.0825,364.0201,362.1592,360.5414,359.2027,358.1731,357.4753,357.1247,357.1288,357.4874,358.192,359.2269,360.5686,362.187,364.0461,366.1044,368.316,370.6316,372.9997790546167,372.9997082257786,1880.826,432.4441999999999,432.4441999999999,50.22410000000002
1050,1050,1050.0,1050.0,1050.0,1050.0,1050.0,1050.0,1050.0,1050.0,1050.0,1050.0,1050.0,1050.0,,,,,,,,,,,,,,,,,,,,,,,,,,,,,,,,,,,,,,,0.0,273.0,273.0,273.0,273.0,273.0,273.0,273.0,273.0,273.0,273.0,273.0,273.0,273.0,273.0,273.0,273.0,273.0,273.0,273.0,273.0,372.9999335625205,372.9999591685682,0.0,368.7879,2313.27,50.22410000000002
1051,1051,1051.0,1051.0,1051.0,1051.0,1051.0,1051.0,1051.0,1051.0,1051.0,1051.0,1051.0,1051.0,,,,,,,,,,,,,,,,,,,,,,,,,,,,,,,,,,,,,,,0.1,355.9582,339.696,324.8873,312.0201,301.3574,292.9443,286.6547,282.2609,279.5107,278.1944,278.1944,279.5107,282.2609,286.6547,292.9443,301.3574,312.0201,324.8873,339.696,355.9583,312.7093121168216,372.9999591685712,368.7879,145.80120000000005,1944.4821,50.22410000000002
1052,1052,1052.0,1052.0,1052.0,1052.0,1052.0,1052.0,1052.0,1052.0,1052.0,1052.0,1052.0,1052.0,,,,,,,,,,,,,,,,,,,,,,,,,,,,,,,,,,,,,,,0.2,311.0616,309.2551,307.1795,304.8092,302.2182,299.5732,297.1084,295.0925,293.795,293.4597,294.2875,296.4279,299.9768,304.976,311.4139,319.2257,328.2927,338.4437,349.4584,361.0747,372.99995528257534,372.9999623050427,514.5891,59.30689999999993,1798.6808999999998,50.22410000000002
1053,1053,1053.0,1053.0,1053.0,1053.0,1053.0,1053.0,1053.0,1053.0,1053.0,1053.0,1053.0,1053.0,,,,,,,,,,,,,,,,,,,,,,,,,,,,,,,,,,,,,,,0.3,360.8158,349.1438,338.4377,329.0482,321.2008,314.999,310.4467,307.4815,306.0084,305.9263,307.1439,309.5841,313.1807,317.87,323.5813,330.2287,337.7054,345.882,354.6062,363.7071,372.99994173280186,372.9998869697131,573.896,61.13190000000009,1739.374,50.22410000000002
1054,1054,1054.0,1054.0,1054.0,1054.0,1054.0,1054.0,1054.0,1054.0,1054.0,1054.0,1054.0,1054.0,,,,,,,,,,,,,,,,,,,,,,,,,,,,,,,,,,,,,,,0.4,364.4683,356.1741,348.3435,341.182,334.866,329.5381,325.3039,322.2327,320.3595,319.6886,320.1978,321.8426,324.5598,328.2708,332.8833,338.2934,344.3866,351.0389,358.1183,365.4864,372.9999335625205,372.9999610531144,635.0279,112.38729999999998,1678.2421,50.22410000000002
1055,1055,1055.0,1055.0,1055.0,1055.0,1055.0,1055.0,1055.0,1055.0,1055.0,1055.0,1055.0,1055.0,,,,,,,,,,,,,,,,,,,,,,,,,,,,,,,,,,,,,,,0.5,366.5543,360.2669,354.2912,348.7707,343.8353,339.5974,336.1497,333.5629,331.8853,331.1425,331.338,332.4544,334.4552,337.2858,340.8766,345.1437,349.9922,355.3172,361.0063,366.9412,372.9999554939222,372.9999407514503,747.4152,180.6555,1565.8548,50.22410000000002
1056,1056,1056.0,1056.0,1056.0,1056.0,1056.0,1056.0,1056.0,1056.0,1056.0,1056.0,1056.0,1056.0,,,,,,,,,,,,,,,,,,,,,,,,,,,,,,,,,,,,,,,0.6,368.0229,363.1621,358.5308,354.236,350.3763,347.0389,344.2978,342.2123,340.8257,340.1648,340.2394,341.043,342.5529,344.7315,347.5272,350.8757,354.7022,358.9223,363.4442,368.1705,372.9999591747978,372.9999591730021,928.0707,252.27700000000004,1385.1993,50.22410000000002
1057,1057,1057.0,1057.0,1057.0,1057.0,1057.0,1057.0,1057.0,1057.0,1057.0,1057.0,1057.0,1057.0,,,,,,,,,,,,,,,,,,,,,,,,,,,,,,,,,,,,,,,0.7,369.1228,365.3342,361.7204,358.3637,355.3398,352.7168,350.5531,348.8963,347.7823,347.2344,347.2629,347.8653,349.0264,350.7187,352.9032,355.5304,358.5416,361.8699,365.4419,369.1792,372.9998476452244,372.9999553739916,1180.3477,320.019,1132.9223,50.22410000000002
1058,1058,1058.0,1058.0,1058.0,1058.0,1058.0,1058.0,1058.0,1058.0,1058.0,1058.0,1058.0,1058.0,,,,,,,,,,,,,,,,,,,,,,,,,,,,,,,,,,,,,,,0.8,369.9673,367.0033,364.1745,361.5449,359.1733,357.1131,355.4101,354.1021,353.2179,352.7767,352.7876,353.2496,354.1518,355.4733,357.1843,359.2462,361.6129,364.2317,367.0445,369.9889,372.9998919639925,372.9997685626552,1500.3667,380.4591,812.9033,50.22410000000002
1059,1059,1059.0,1059.0,1059.0,1059.0,1059.0,1059.0,1059.0,1059.0,1059.0,1059.0,1059.0,1059.0,,,,,,,,,,,,,,,,,,,,,,,,,,,,,,,,,,,,,,,0.9,370.6234,368.3002,366.0826,364.0202,362.1592,360.5414,359.2027,358.1731,357.4753,357.1247,357.1288,357.4874,358.192,359.2268,360.5685,362.187,364.0461,366.1043,368.3158,370.6315,372.9998741021436,372.9996161182347,1880.8258,432.4441999999999,432.4441999999999,50.22410000000002
1060,1060,1060.0,1060.0,1060.0,1060.0,1060.0,1060.0,1060.0,1060.0,1060.0,1060.0,1060.0,1060.0,,,,,,,,,,,,,,,,,,,,,,,,,,,,,,,,,,,,,,,0.0,273.0,273.0,273.0,273.0,273.0,273.0,273.0,273.0,273.0,273.0,273.0,273.0,273.0,273.0,273.0,273.0,273.0,273.0,273.0,273.0,372.9999335625205,372.9999591685682,0.0,368.7879,2313.2695,50.22410000000002
1061,1061,1061.0,1061.0,1061.0,1061.0,1061.0,1061.0,1061.0,1061.0,1061.0,1061.0,1061.0,1061.0,,,,,,,,,,,,,,,,,,,,,,,,,,,,,,,,,,,,,,,0.1,355.9582,339.696,324.8873,312.0201,301.3574,292.9443,286.6547,282.2609,279.5107,278.1944,278.1944,279.5107,282.2609,286.6547,292.9443,301.3574,312.0201,324.8873,339.696,355.9583,312.70930438953496,372.9999591685682,368.7879,145.80120000000005,1944.4816,50.22410000000002
1062,1062,1062.0,1062.0,1062.0,1062.0,1062.0,1062.0,1062.0,1062.0,1062.0,1062.0,1062.0,1062.0,,,,,,,,,,,,,,,,,,,,,,,,,,,,,,,,,,,,,,,0.2,311.0616,309.2551,307.1795,304.8092,302.2182,299.5732,297.1084,295.0925,293.795,293.4597,294.2875,296.4279,299.9768,304.976,311.4139,319.2257,328.2927,338.4437,349.4584,361.0747,372.9999445419816,372.9999599582198,514.5891,59.30689999999993,1798.6803999999995,50.22410000000002
1063,1063,1063.0,1063.0,1063.0,1063.0,1063.0,1063.0,1063.0,1063.0,1063.0,1063.0,1063.0,1063.0,,,,,,,,,,,,,,,,,,,,,,,,,,,,,,,,,,,,,,,0.3,360.8158,349.1438,338.4377,329.0482,321.2008,314.999,310.4467,307.4815,306.0084,305.9263,307.1439,309.5841,313.1807,317.87,323.5813,330.2287,337.7054,345.882,354.6062,363.7071,372.9999464389769,372.9998593994139,573.896,61.13190000000009,1739.3735,50.22410000000002
1064,1064,1064.0,1064.0,1064.0,1064.0,1064.0,1064.0,1064.0,1064.0,1064.0,1064.0,1064.0,1064.0,,,,,,,,,,,,,,,,,,,,,,,,,,,,,,,,,,,,,,,0.4,364.4683,356.1741,348.3435,341.182,334.866,329.5381,325.3039,322.2327,320.3595,319.6886,320.1978,321.8426,324.5598,328.2708,332.8833,338.2934,344.3866,351.0389,358.1183,365.4863,372.99990366702366,372.9999729617619,635.0279,112.3872,1678.2415999999998,50.22410000000002
1065,1065,1065.0,1065.0,1065.0,1065.0,1065.0,1065.0,1065.0,1065.0,1065.0,1065.0,1065.0,1065.0,,,,,,,,,,,,,,,,,,,,,,,,,,,,,,,,,,,,,,,0.5,366.5543,360.2669,354.2912,348.7707,343.8353,339.5974,336.1497,333.5629,331.8853,331.1425,331.338,332.4544,334.4551,337.2858,340.8765,345.1437,349.9922,355.3172,361.0063,366.9412,372.99995755576975,372.9999708640714,747.4151,180.6555,1565.8543999999995,50.22410000000002
1066,1066,1066.0,1066.0,1066.0,1066.0,1066.0,1066.0,1066.0,1066.0,1066.0,1066.0,1066.0,1066.0,,,,,,,,,,,,,,,,,,,,,,,,,,,,,,,,,,,,,,,0.6,368.0229,363.1621,358.5308,354.236,350.3763,347.0389,344.2978,342.2123,340.8257,340.1648,340.2394,341.043,342.5529,344.7315,347.5272,350.8758,354.7022,358.9223,363.4443,368.1705,372.99995894141296,372.9999525211522,928.0706,252.27690000000007,1385.1989,50.22410000000002
1067,1067,1067.0,1067.0,1067.0,1067.0,1067.0,1067.0,1067.0,1067.0,1067.0,1067.0,1067.0,1067.0,,,,,,,,,,,,,,,,,,,,,,,,,,,,,,,,,,,,,,,0.7,369.1228,365.3342,361.7204,358.3637,355.3398,352.7168,350.5531,348.8963,347.7823,347.2344,347.2629,347.8653,349.0264,350.7187,352.9032,355.5305,358.5416,361.8699,365.4419,369.1792,372.9999258387688,372.9999396329535,1180.3475,320.0191,1132.9219999999998,50.22410000000002
1068,1068,1068.0,1068.0,1068.0,1068.0,1068.0,1068.0,1068.0,1068.0,1068.0,1068.0,1068.0,1068.0,,,,,,,,,,,,,,,,,,,,,,,,,,,,,,,,,,,,,,,0.8,369.9674,367.0033,364.1746,361.5449,359.1733,357.1131,355.4101,354.1021,353.2179,352.7767,352.7876,353.2496,354.1518,355.4733,357.1843,359.2461,361.6129,364.2317,367.0445,369.9889,372.9997751592771,372.9995421140263,1500.3666,380.4591,812.9028999999998,50.22410000000002
1069,1069,1069.0,1069.0,1069.0,1069.0,1069.0,1069.0,1069.0,1069.0,1069.0,1069.0,1069.0,1069.0,,,,,,,,,,,,,,,,,,,,,,,,,,,,,,,,,,,,,,,0.9,370.6233,368.3001,366.0825,364.0201,362.1592,360.5413,359.2027,358.1731,357.4753,357.1246,357.1288,357.4873,358.192,359.2268,360.5685,362.1869,364.046,366.1042,368.3157,370.6313,372.9998133635708,372.9999389608024,1880.8257,432.4437999999998,432.4437999999998,50.22410000000002
1070,1070,1070.0,1070.0,1070.0,1070.0,1070.0,1070.0,1070.0,1070.0,1070.0,1070.0,1070.0,1070.0,,,,,,,,,,,,,,,,,,,,,,,,,,,,,,,,,,,,,,,0.0,273.0,273.0,273.0,273.0,273.0,273.0,273.0,273.0,273.0,273.0,273.0,273.0,273.0,273.0,273.0,273.0,273.0,273.0,273.0,273.0,372.9999335625205,372.9999591685682,0.0,368.7879,2313.2706,50.22410000000002
1071,1071,1071.0,1071.0,1071.0,1071.0,1071.0,1071.0,1071.0,1071.0,1071.0,1071.0,1071.0,1071.0,,,,,,,,,,,,,,,,,,,,,,,,,,,,,,,,,,,,,,,0.1,355.9582,339.696,324.8873,312.0201,301.3574,292.9443,286.6547,282.2609,279.5107,278.1944,278.1944,279.5107,282.2609,286.6547,292.9443,301.3574,312.0201,324.8873,339.696,355.9583,312.70930438953496,372.9999591685682,368.7879,145.80120000000005,1944.4827,50.22410000000002
1072,1072,1072.0,1072.0,1072.0,1072.0,1072.0,1072.0,1072.0,1072.0,1072.0,1072.0,1072.0,1072.0,,,,,,,,,,,,,,,,,,,,,,,,,,,,,,,,,,,,,,,0.2,311.0616,309.2551,307.1795,304.8092,302.2182,299.5732,297.1084,295.0925,293.795,293.4597,294.2875,296.4279,299.9768,304.976,311.4139,319.2257,328.2927,338.4437,349.4584,361.0747,372.9999882041493,372.9999288954956,514.5891,59.307000000000016,1798.6815,50.22410000000002
1073,1073,1073.0,1073.0,1073.0,1073.0,1073.0,1073.0,1073.0,1073.0,1073.0,1073.0,1073.0,1073.0,,,,,,,,,,,,,,,,,,,,,,,,,,,,,,,,,,,,,,,0.3,360.8158,349.1438,338.4377,329.0482,321.2008,314.999,310.4467,307.4815,306.0084,305.9263,307.1439,309.5841,313.1807,317.87,323.5813,330.2286,337.7054,345.8819,354.6062,363.7071,372.999931240202,372.9998909393351,573.8961,61.13189999999997,1739.3745,50.22410000000002
1074,1074,1074.0,1074.0,1074.0,1074.0,1074.0,1074.0,1074.0,1074.0,1074.0,1074.0,1074.0,1074.0,,,,,,,,,,,,,,,,,,,,,,,,,,,,,,,,,,,,,,,0.4,364.4683,356.1741,348.3435,341.182,334.866,329.5381,325.3039,322.2327,320.3595,319.6886,320.1978,321.8426,324.5598,328.2708,332.8833,338.2934,344.3866,351.0389,358.1183,365.4864,372.99995917566696,372.9999591704871,635.028,112.3872,1678.2426,50.22410000000002
1075,1075,1075.0,1075.0,1075.0,1075.0,1075.0,1075.0,1075.0,1075.0,1075.0,1075.0,1075.0,1075.0,,,,,,,,,,,,,,,,,,,,,,,,,,,,,,,,,,,,,,,0.5,366.5543,360.2669,354.2912,348.7707,343.8353,339.5974,336.1497,333.5629,331.8853,331.1425,331.338,332.4544,334.4551,337.2858,340.8766,345.1437,349.9922,355.3172,361.0063,366.9412,372.9999464440761,372.99995917859815,747.4152,180.6556,1565.8554,50.22410000000002
1076,1076,1076.0,1076.0,1076.0,1076.0,1076.0,1076.0,1076.0,1076.0,1076.0,1076.0,1076.0,1076.0,,,,,,,,,,,,,,,,,,,,,,,,,,,,,,,,,,,,,,,0.6,368.0229,363.1621,358.5308,354.236,350.3763,347.0389,344.2978,342.2123,340.8257,340.1648,340.2394,341.043,342.5529,344.7315,347.5272,350.8758,354.7022,358.9223,363.4442,368.1705,372.9999335625205,372.9999335625205,928.0708,252.27690000000007,1385.1998,50.22410000000002
1077,1077,1077.0,1077.0,1077.0,1077.0,1077.0,1077.0,1077.0,1077.0,1077.0,1077.0,1077.0,1077.0,,,,,,,,,,,,,,,,,,,,,,,,,,,,,,,,,,,,,,,0.7,369.1228,365.3342,361.7204,358.3636,355.3398,352.7168,350.5531,348.8963,347.7823,347.2344,347.2629,347.8653,349.0264,350.7187,352.9032,355.5304,358.5416,361.8699,365.4419,369.1792,372.99994667515176,372.9999396349384,1180.3477,320.0191,1132.9228999999998,50.22410000000002
1078,1078,1078.0,1078.0,1078.0,1078.0,1078.0,1078.0,1078.0,1078.0,1078.0,1078.0,1078.0,1078.0,,,,,,,,,,,,,,,,,,,,,,,,,,,,,,,,,,,,,,,0.8,369.9674,367.0033,364.1746,361.5449,359.1734,357.1131,355.4101,354.1021,353.2179,352.7767,352.7876,353.2496,354.1518,355.4733,357.1843,359.2461,361.6129,364.2317,367.0445,369.9889,372.9998211979071,372.9999315148534,1500.3668,380.4593,812.9037999999998,50.22410000000002
1079,1079,1079.0,1079.0,1079.0,1079.0,1079.0,1079.0,1079.0,1079.0,1079.0,1079.0,1079.0,1079.0,,,,,,,,,,,,,,,,,,,,,,,,,,,,,,,,,,,,,,,0.9,370.6233,368.3002,366.0825,364.0202,362.1592,360.5414,359.2027,358.1731,357.4753,357.1247,357.1288,357.4874,358.192,359.2269,360.5686,362.187,364.0461,366.1044,368.316,370.6316,372.9999464394407,372.99994731086434,1880.8261,432.44449999999983,432.44449999999983,50.22410000000002
1080,1080,1080.0,1080.0,1080.0,1080.0,1080.0,1080.0,1080.0,1080.0,1080.0,1080.0,1080.0,,,,,,,,,,,,,,,,,,,,,,,,,,,,,,,,,,,,,,,,0.0,273.0,273.0,273.0,273.0,273.0,273.0,273.0,273.0,273.0,273.0,273.0,273.0,273.0,273.0,273.0,273.0,273.0,273.0,273.0,273.0,372.999961304669,372.9999591685682,0.0,368.7879,1710.1267,-40.0
1081,1081,1081.0,1081.0,1081.0,1081.0,1081.0,1081.0,1081.0,1081.0,1081.0,1081.0,1081.0,,,,,,,,,,,,,,,,,,,,,,,,,,,,,,,,,,,,,,,,0.1,355.9583,339.696,324.8873,312.0201,301.3574,292.9443,286.6547,282.2609,279.5107,278.1944,278.1944,279.5107,282.2609,286.6547,292.9443,301.3574,312.0201,324.8873,339.696,355.9583,352.7884215997193,273.6223699255449,368.7879,175.83549999999997,1341.3388,-20.0557
1082,1082,1082.0,1082.0,1082.0,1082.0,1082.0,1082.0,1082.0,1082.0,1082.0,1082.0,1082.0,,,,,,,,,,,,,,,,,,,,,,,,,,,,,,,,,,,,,,,,0.2,344.3071,335.9768,327.9535,320.3995,313.4802,307.3541,302.159,297.9956,294.9097,292.8769,291.79,291.4525,291.5822,291.8284,291.8063,291.1481,289.564,286.9014,283.187,278.6363,249.5928892604582,273.8150445316117,544.6234,179.1590000000001,1165.5033,-5.645899999999983
1083,1083,1083.0,1083.0,1083.0,1083.0,1083.0,1083.0,1083.0,1083.0,1083.0,1083.0,1083.0,,,,,,,,,,,,,,,,,,,,,,,,,,,,,,,,,,,,,,,,0.3,260.2664,270.2595,278.9962,286.0845,291.3537,294.8457,296.7683,297.4284,297.1614,296.274,295.0078,293.524,291.9072,290.1817,288.3334,286.3322,284.1515,281.782,279.2391,276.5631,250.61017581053983,272.1813186685885,723.7824,215.6057,986.3443,-18.15429999999997
1084,1084,1084.0,1084.0,1084.0,1084.0,1084.0,1084.0,1084.0,1084.0,1084.0,1084.0,1084.0,,,,,,,,,,,,,,,,,,,,,,,,,,,,,,,,,,,,,,,,0.4,257.0281,263.2399,269.0543,274.3084,278.8776,282.6808,285.6812,287.8828,289.3231,290.0636,290.1804,289.7543,288.8643,287.5827,285.9726,284.0891,281.9804,279.6913,277.2653,274.7467,294.8702235009964,364.5040334214038,939.3881,230.8594999999999,770.7386,-30.319200000000023
1085,1085,1085.0,1085.0,1085.0,1085.0,1085.0,1085.0,1085.0,1085.0,1085.0,1085.0,1085.0,,,,,,,,,,,,,,,,,,,,,,,,,,,,,,,,,,,,,,,,0.5,292.1269,289.6193,287.5421,286.0186,285.0884,284.7155,284.813,285.2783,286.0315,287.0491,288.3885,290.2001,292.7216,296.2555,301.1258,307.62,315.9218,326.05,337.8172,350.8258,250.93330218415696,350.39658218638016,1170.2476,137.45220000000018,539.8791000000001,-28.28449999999998
1086,1086,1086.0,1086.0,1086.0,1086.0,1086.0,1086.0,1086.0,1086.0,1086.0,1086.0,1086.0,,,,,,,,,,,,,,,,,,,,,,,,,,,,,,,,,,,,,,,,0.6,257.0606,262.9269,268.3153,273.0864,277.1956,280.6915,283.6997,286.3966,288.9817,291.6528,294.5873,297.9287,301.7801,306.2007,311.207,316.7759,322.8514,329.3527,336.1822,343.2337,344.9299562602533,323.8667921976452,1307.6998,99.0534,402.42689999999993,-32.30849999999998
1087,1087,1087.0,1087.0,1087.0,1087.0,1087.0,1087.0,1087.0,1087.0,1087.0,1087.0,1087.0,,,,,,,,,,,,,,,,,,,,,,,,,,,,,,,,,,,,,,,,0.7,333.634,323.0121,313.6456,305.9516,300.1484,296.2606,294.1551,293.5952,294.2954,295.965,298.335,301.1693,304.264,307.4429,310.5552,313.4774,316.1216,318.4456,320.4603,322.2309,279.99992174753845,272.89270337287934,1406.7532,78.54859999999985,303.3734999999999,-16.73939999999999
1088,1088,1088.0,1088.0,1088.0,1088.0,1088.0,1088.0,1088.0,1088.0,1088.0,1088.0,1088.0,,,,,,,,,,,,,,,,,,,,,,,,,,,,,,,,,,,,,,,,0.8,284.0678,287.8703,291.1937,293.9137,296.0097,297.5532,298.6763,299.53,300.2422,300.8841,301.4509,301.8562,301.942,301.5014,300.3119,298.1768,294.9685,290.6653,285.375,279.336,197.34750006384647,372.999989263693,1485.3018,123.9909,224.82490000000007,-15.446799999999996
1089,1089,1089.0,1089.0,1089.0,1089.0,1089.0,1089.0,1089.0,1089.0,1089.0,1089.0,1089.0,,,,,,,,,,,,,,,,,,,,,,,,,,,,,,,,,,,,,,,,0.9,214.1007,230.1443,244.8617,257.803,268.7224,277.5796,284.5097,289.7768,293.7271,296.7505,299.2587,301.6752,304.4299,307.949,312.6314,318.8085,326.6921,336.3221,347.5311,359.9409,372.99990680898736,323.7135802804456,1609.2927,100.83400000000006,100.83400000000006,-35.42039999999997
1090,1090,1090.0,1090.0,1090.0,1090.0,1090.0,1090.0,1090.0,1090.0,1090.0,1090.0,1090.0,,,,,,,,,,,,,,,,,,,,,,,,,,,,,,,,,,,,,,,,0.0,273.0,273.0,273.0,273.0,273.0,273.0,273.0,273.0,273.0,273.0,273.0,273.0,273.0,273.0,273.0,273.0,273.0,273.0,273.0,273.0,372.9999613046686,372.9999591685682,0.0,368.7879,2220.2733,-40.0
1091,1091,1091.0,1091.0,1091.0,1091.0,1091.0,1091.0,1091.0,1091.0,1091.0,1091.0,1091.0,,,,,,,,,,,,,,,,,,,,,,,,,,,,,,,,,,,,,,,,0.1,355.9583,339.696,324.8873,312.0201,301.3574,292.9443,286.6547,282.2609,279.5107,278.1944,278.1944,279.5107,282.2609,286.6547,292.9443,301.3574,312.0201,324.8873,339.696,355.9583,353.1353214262123,273.38295232088944,368.7879,175.95999999999998,1851.4854,-20.0557
1092,1092,1092.0,1092.0,1092.0,1092.0,1092.0,1092.0,1092.0,1092.0,1092.0,1092.0,1092.0,,,,,,,,,,,,,,,,,,,,,,,,,,,,,,,,,,,,,,,,0.2,344.5949,336.2081,328.1334,320.5347,313.5781,307.4224,302.2046,298.0243,294.926,292.8838,291.7888,291.4432,291.5634,291.7974,291.7594,291.0807,289.4708,286.7772,283.0274,278.4377,300.9093221670593,251.26151688347483,544.7479,188.93740000000005,1675.5254,-5.577600000000018
1093,1093,1093.0,1093.0,1093.0,1093.0,1093.0,1093.0,1093.0,1093.0,1093.0,1093.0,1093.0,,,,,,,,,,,,,,,,,,,,,,,,,,,,,,,,,,,,,,,,0.3,302.8527,304.5124,305.6548,306.1334,305.9044,305.0194,303.5978,301.7899,299.7375,297.5434,295.2511,292.8394,290.2289,287.2995,283.9161,279.9571,275.3435,270.0624,264.1805,257.8436,316.7028329398894,273.8912850286341,733.6853,219.5545,1486.588,-7.980599999999981
1094,1094,1094.0,1094.0,1094.0,1094.0,1094.0,1094.0,1094.0,1094.0,1094.0,1094.0,1094.0,,,,,,,,,,,,,,,,,,,,,,,,,,,,,,,,,,,,,,,,0.4,314.3696,312.0799,309.8666,307.7433,305.7019,303.7149,301.7421,299.7393,297.6683,295.5038,293.2398,290.8924,288.4996,286.1179,283.8145,281.657,279.6996,277.9704,276.4618,275.1282,317.63625912457087,273.40128254324685,953.2398,216.4634,1267.0335,-9.2851
1095,1095,1095.0,1095.0,1095.0,1095.0,1095.0,1095.0,1095.0,1095.0,1095.0,1095.0,1095.0,,,,,,,,,,,,,,,,,,,,,,,,,,,,,,,,,,,,,,,,0.5,315.3083,312.9905,310.6913,308.4163,306.1672,303.9428,301.7394,299.5524,297.3783,295.2156,293.0657,290.9332,288.825,286.7493,284.7139,282.7246,280.7837,278.8893,277.0351,275.2104,312.197776140406,273.19297664333266,1169.7032,212.0489,1050.5701,-9.057200000000025
1096,1096,1096.0,1096.0,1096.0,1096.0,1096.0,1096.0,1096.0,1096.0,1096.0,1096.0,1096.0,,,,,,,,,,,,,,,,,,,,,,,,,,,,,,,,,,,,,,,,0.6,310.8567,309.4767,308.0248,306.4775,304.8237,303.0641,301.2093,299.2763,297.2851,295.2555,293.2052,291.1486,289.0964,287.0559,285.0312,283.0239,281.0338,279.059,277.0964,275.1425,316.9894920745947,273.24382573547035,1381.7521,210.58590000000004,838.5211999999999,-9.935900000000004
1097,1097,1097.0,1097.0,1097.0,1097.0,1097.0,1097.0,1097.0,1097.0,1097.0,1097.0,1097.0,,,,,,,,,,,,,,,,,,,,,,,,,,,,,,,,,,,,,,,,0.7,314.5935,312.2223,309.8964,307.6292,305.4256,303.2828,301.1917,299.1402,297.1158,295.1076,293.1075,291.1107,289.1149,287.1199,285.1266,283.1363,281.15,279.1682,277.1906,275.2163,309.18912668998564,274.40026249100544,1592.338,209.4746,627.9352999999999,-9.717199999999991
1098,1098,1098.0,1098.0,1098.0,1098.0,1098.0,1098.0,1098.0,1098.0,1098.0,1098.0,1098.0,,,,,,,,,,,,,,,,,,,,,,,,,,,,,,,,,,,,,,,,0.8,308.2651,307.2875,306.2105,305.0022,303.647,302.1455,300.5114,298.7666,296.9371,295.0483,293.1233,291.1813,289.2375,287.3035,285.3878,283.4964,281.632,279.7947,277.9814,276.186,328.2718112506734,273.00001291761816,1801.8126,209.5086000000001,418.4606999999999,-10.854499999999971
1099,1099,1099.0,1099.0,1099.0,1099.0,1099.0,1099.0,1099.0,1099.0,1099.0,1099.0,1099.0,,,,,,,,,,,,,,,,,,,,,,,,,,,,,,,,,,,,,,,,0.9,323.7648,319.3885,315.2546,311.4415,307.9867,304.8888,302.1146,299.6111,297.3169,295.1722,293.1252,291.1347,289.1701,287.2101,285.2405,283.2526,281.242,279.2077,277.1521,275.0804,294.86383768028884,272.5153011825724,2011.3212,208.9520999999997,208.9520999999997,-8.111199999999997
1100,1100,1100.0,1100.0,1100.0,1100.0,1100.0,1100.0,1100.0,1100.0,1100.0,1100.0,1100.0,,,,,,,,,,,,,,,,,,,,,,,,,,,,,,,,,,,,,,,,0.0,273.0,273.0,273.0,273.0,273.0,273.0,273.0,273.0,273.0,273.0,273.0,273.0,273.0,273.0,273.0,273.0,273.0,273.0,273.0,273.0,372.9999613046688,372.9999591685682,0.0,368.7879,1763.3370000000002,-40.0
1101,1101,1101.0,1101.0,1101.0,1101.0,1101.0,1101.0,1101.0,1101.0,1101.0,1101.0,1101.0,,,,,,,,,,,,,,,,,,,,,,,,,,,,,,,,,,,,,,,,0.1,355.9583,339.696,324.8873,312.0201,301.3574,292.9443,286.6547,282.2609,279.5107,278.1944,278.1944,279.5107,282.2609,286.6547,292.9443,301.3574,312.0201,324.8873,339.696,355.9583,353.5589717400708,273.09049285687524,368.7879,176.11270000000007,1394.5491000000002,-20.0557
1102,1102,1102.0,1102.0,1102.0,1102.0,1102.0,1102.0,1102.0,1102.0,1102.0,1102.0,1102.0,,,,,,,,,,,,,,,,,,,,,,,,,,,,,,,,,,,,,,,,0.2,344.9463,336.4906,328.3531,320.6997,313.6977,307.5058,302.2603,298.0594,294.9459,292.8921,291.7873,291.4319,291.5405,291.7597,291.7022,290.9983,289.3569,286.6256,282.8323,278.1951,249.41459491209312,273.0257839427948,544.9006,180.1794,1218.4364,-5.494199999999978
1103,1103,1103.0,1103.0,1103.0,1103.0,1103.0,1103.0,1103.0,1103.0,1103.0,1103.0,1103.0,,,,,,,,,,,,,,,,,,,,,,,,,,,,,,,,,,,,,,,,0.3,260.1559,270.2113,279.0002,286.1277,291.4216,294.924,296.8444,297.4915,297.2028,296.2868,294.986,293.4615,291.7976,290.0177,288.1064,286.0327,283.7697,281.3084,278.6654,275.8833,248.6032453687758,272.9639226811008,725.08,217.29999999999995,1038.257,-18.076000000000025
1104,1104,1104.0,1104.0,1104.0,1104.0,1104.0,1104.0,1104.0,1104.0,1104.0,1104.0,1104.0,,,,,,,,,,,,,,,,,,,,,,,,,,,,,,,,,,,,,,,,0.4,255.3673,261.9092,268.0237,273.5378,278.3208,282.2906,285.4132,287.6982,289.1906,289.9604,290.0921,289.6754,288.7977,287.5393,285.971,284.1536,282.1394,279.9738,277.6975,275.3487,295.19722054369686,364.8741632351185,942.38,232.47449999999992,820.957,-30.709400000000016
1105,1105,1105.0,1105.0,1105.0,1105.0,1105.0,1105.0,1105.0,1105.0,1105.0,1105.0,1105.0,,,,,,,,,,,,,,,,,,,,,,,,,,,,,,,,,,,,,,,,0.5,292.2985,289.6479,287.4504,285.8363,284.8476,284.447,284.5432,285.0278,285.8146,286.8747,288.2617,290.1231,292.6954,296.2802,301.2013,307.7461,316.098,326.2756,338.0917,351.1483,258.6573361864089,323.7694593231728,1174.8545,141.09760000000006,588.4825000000001,-28.553
1106,1106,1106.0,1106.0,1106.0,1106.0,1106.0,1106.0,1106.0,1106.0,1106.0,1106.0,1106.0,,,,,,,,,,,,,,,,,,,,,,,,,,,,,,,,,,,,,,,,0.6,263.4397,268.0219,272.239,275.9888,279.2446,282.0534,284.5202,286.7856,288.9991,291.2965,293.7802,296.5068,299.4816,302.6603,305.9598,309.2757,312.5059,315.5745,318.4513,321.1595,371.5945928476,292.5806639918317,1315.9521,125.22450000000003,447.3849,-30.94659999999999
1107,1107,1107.0,1107.0,1107.0,1107.0,1107.0,1107.0,1107.0,1107.0,1107.0,1107.0,1107.0,,,,,,,,,,,,,,,,,,,,,,,,,,,,,,,,,,,,,,,,0.7,356.0763,341.3929,328.2636,317.2031,308.4772,302.1062,297.9088,295.5673,294.695,294.8918,295.7806,297.0244,298.3309,299.4517,300.1823,300.3688,299.9188,298.8135,297.1162,294.9697,183.2464883445748,372.9998260661215,1441.1766,115.221,322.1604,-10.8938
1108,1108,1108.0,1108.0,1108.0,1108.0,1108.0,1108.0,1108.0,1108.0,1108.0,1108.0,1108.0,,,,,,,,,,,,,,,,,,,,,,,,,,,,,,,,,,,,,,,,0.8,205.1007,225.7797,244.2878,259.9462,272.4572,281.8923,288.6166,293.1825,296.2215,298.3607,300.173,302.1596,304.7528,308.3229,313.1778,319.5469,327.5509,337.1681,348.2096,360.3184,318.60192673509806,291.22159439509375,1556.3976,103.8119999999999,206.9394,-31.107700000000023
1109,1109,1109.0,1109.0,1109.0,1109.0,1109.0,1109.0,1109.0,1109.0,1109.0,1109.0,1109.0,,,,,,,,,,,,,,,,,,,,,,,,,,,,,,,,,,,,,,,,0.9,310.3929,302.8836,296.6599,292.1086,289.3801,288.4032,288.9372,290.6438,293.1542,296.1154,299.2121,302.1648,304.7178,306.6281,307.6667,307.638,306.4139,303.9733,300.4328,296.0542,229.2206285863388,348.3292916147489,1660.2096,103.12740000000008,103.12740000000008,-24.596799999999973
1110,1110,1110.0,1110.0,1110.0,1110.0,1110.0,1110.0,1110.0,1110.0,1110.0,1110.0,1110.0,,,,,,,,,,,,,,,,,,,,,,,,,,,,,,,,,,,,,,,,0.0,273.0,273.0,273.0,273.0,273.0,273.0,273.0,273.0,273.0,273.0,273.0,273.0,273.0,273.0,273.0,273.0,273.0,273.0,273.0,273.0,372.9999613046686,372.9999591685682,0.0,368.7879,2126.3687,-40.0
1111,1111,1111.0,1111.0,1111.0,1111.0,1111.0,1111.0,1111.0,1111.0,1111.0,1111.0,1111.0,,,,,,,,,,,,,,,,,,,,,,,,,,,,,,,,,,,,,,,,0.1,355.9583,339.696,324.8873,312.0201,301.3574,292.9443,286.6547,282.2609,279.5107,278.1944,278.1944,279.5107,282.2609,286.6547,292.9443,301.3574,312.0201,324.8873,339.696,355.9583,351.5398245753624,274.4842778703926,368.7879,175.39140000000003,1757.5808000000002,-20.0557
1112,1112,1112.0,1112.0,1112.0,1112.0,1112.0,1112.0,1112.0,1112.0,1112.0,1112.0,1112.0,,,,,,,,,,,,,,,,,,,,,,,,,,,,,,,,,,,,,,,,0.2,343.2713,335.1442,327.3059,319.9131,313.1277,307.1083,301.9949,297.8922,294.851,292.8524,291.7945,291.486,291.6498,291.9397,291.975,291.391,289.8996,287.3482,283.7617,279.3512,253.1109307029081,273.9059434343963,544.1793,177.74400000000003,1582.1894000000002,-5.891700000000014
1113,1113,1113.0,1113.0,1113.0,1113.0,1113.0,1113.0,1113.0,1113.0,1113.0,1113.0,1113.0,,,,,,,,,,,,,,,,,,,,,,,,,,,,,,,,,,,,,,,,0.3,263.1244,272.4913,280.6647,287.273,292.1561,295.3559,297.0726,297.5997,297.2572,296.3367,295.066,293.5953,292.0003,290.2987,288.4711,286.4839,284.3082,281.9338,279.3767,276.6793,251.7290732890725,272.3327855275159,721.9233,212.3765,1404.4454,-17.64409999999998
1114,1114,1114.0,1114.0,1114.0,1114.0,1114.0,1114.0,1114.0,1114.0,1114.0,1114.0,1114.0,,,,,,,,,,,,,,,,,,,,,,,,,,,,,,,,,,,,,,,,0.4,258.1077,264.2731,270.0288,275.2094,279.6911,283.3969,286.2958,288.3982,289.7472,290.4086,290.4607,289.9848,289.0588,287.7529,286.128,284.2365,282.1246,279.8354,277.4111,274.8951,370.7745128186594,315.2626517649236,934.2998,229.99880000000007,1192.0689,-29.603099999999984
1115,1115,1115.0,1115.0,1115.0,1115.0,1115.0,1115.0,1115.0,1115.0,1115.0,1115.0,1115.0,,,,,,,,,,,,,,,,,,,,,,,,,,,,,,,,,,,,,,,,0.5,355.2159,340.4732,327.2411,316.0011,306.9771,300.1442,295.2812,292.0482,290.0687,288.9997,288.5793,288.6504,289.1607,290.145,291.6935,293.9123,296.8812,300.617,305.0487,310.0116,307.78215361624325,273.081377519311,1164.2986,172.7766999999999,962.0701,-12.855799999999988
1116,1116,1116.0,1116.0,1116.0,1116.0,1116.0,1116.0,1116.0,1116.0,1116.0,1116.0,1116.0,,,,,,,,,,,,,,,,,,,,,,,,,,,,,,,,,,,,,,,,0.6,307.9679,307.9357,307.5152,306.619,305.2552,303.5177,301.5577,299.5458,297.6355,295.9336,294.482,293.253,292.1543,291.0454,289.7604,288.1379,286.052,283.4409,280.3256,276.813,300.57016072123923,272.99987958428187,1337.0753,182.8838000000001,789.2934,-9.48230000000001
1117,1117,1117.0,1117.0,1117.0,1117.0,1117.0,1117.0,1117.0,1117.0,1117.0,1117.0,1117.0,,,,,,,,,,,,,,,,,,,,,,,,,,,,,,,,,,,,,,,,0.7,300.992,301.3238,301.4872,301.4254,301.1078,300.5295,299.7066,298.669,297.4511,296.0846,294.5925,292.9869,291.2687,289.4307,287.4623,285.3542,283.1038,280.7183,278.2171,275.631,341.161876465056,273.47069360137107,1519.9591,197.2539,606.4096,-12.470500000000015
1118,1118,1118.0,1118.0,1118.0,1118.0,1118.0,1118.0,1118.0,1118.0,1118.0,1118.0,1118.0,,,,,,,,,,,,,,,,,,,,,,,,,,,,,,,,,,,,,,,,0.8,334.0782,327.2757,320.9944,315.4015,310.576,306.511,303.1301,300.3121,297.9178,295.8108,293.873,292.0113,290.1589,288.2728,286.3291,284.3183,282.2409,280.1043,277.9205,275.704,287.0638743656597,271.7211143839833,1717.213,201.41020000000003,409.1557,-6.488999999999976
1119,1119,1119.0,1119.0,1119.0,1119.0,1119.0,1119.0,1119.0,1119.0,1119.0,1119.0,1119.0,,,,,,,,,,,,,,,,,,,,,,,,,,,,,,,,,,,,,,,,0.9,290.9224,294.4516,297.3724,299.495,300.7356,301.1127,300.7239,299.7138,298.2415,296.4542,294.4705,292.3746,290.2177,288.0242,285.801,283.5453,281.2515,278.917,276.5439,274.1407,355.6160698801689,273.4091801064933,1918.6232,207.7455,207.7455,-11.887299999999982
1120,1120,1120.0,1120.0,1120.0,1120.0,1120.0,1120.0,1120.0,1120.0,1120.0,1120.0,1120.0,,,,,,,,,,,,,,,,,,,,,,,,,,,,,,,,,,,,,,,,0.0,273.0,273.0,273.0,273.0,273.0,273.0,273.0,273.0,273.0,273.0,273.0,273.0,273.0,273.0,273.0,273.0,273.0,273.0,273.0,273.0,372.99996130466906,372.9999591685682,0.0,368.7879,2164.2702,-40.0
1121,1121,1121.0,1121.0,1121.0,1121.0,1121.0,1121.0,1121.0,1121.0,1121.0,1121.0,1121.0,,,,,,,,,,,,,,,,,,,,,,,,,,,,,,,,,,,,,,,,0.1,355.9583,339.696,324.8873,312.0201,301.3574,292.9443,286.6547,282.2609,279.5107,278.1944,278.1944,279.5107,282.2609,286.6547,292.9443,301.3574,312.0201,324.8873,339.696,355.9583,352.3301190638504,273.93862432410623,368.7879,175.6719,1795.4823,-20.0557
1122,1122,1122.0,1122.0,1122.0,1122.0,1122.0,1122.0,1122.0,1122.0,1122.0,1122.0,1122.0,,,,,,,,,,,,,,,,,,,,,,,,,,,,,,,,,,,,,,,,0.2,343.9269,335.6712,327.7158,320.221,313.3508,307.2638,302.0988,297.9576,294.8882,292.8679,291.7917,291.4648,291.607,291.8692,291.8682,291.2372,289.6871,287.0653,283.3979,278.8986,297.88215854560576,253.9949758357648,544.4598,186.6772,1619.8103999999998,-5.736199999999997
1123,1123,1123.0,1123.0,1123.0,1123.0,1123.0,1123.0,1123.0,1123.0,1123.0,1123.0,1123.0,,,,,,,,,,,,,,,,,,,,,,,,,,,,,,,,,,,,,,,,0.3,300.3025,302.42,303.9841,304.8361,304.926,304.3044,303.0951,301.4561,299.5399,297.4609,295.2753,292.9741,290.4904,287.716,284.5262,280.8075,276.4855,271.5469,266.0527,260.1374,325.6538016455588,272.99977231537054,731.137,216.15190000000007,1433.1332,-8.695600000000013
1124,1124,1124.0,1124.0,1124.0,1124.0,1124.0,1124.0,1124.0,1124.0,1124.0,1124.0,1124.0,,,,,,,,,,,,,,,,,,,,,,,,,,,,,,,,,,,,,,,,0.4,321.6343,317.7452,314.0937,310.7464,307.7219,304.9935,302.501,300.1669,297.9122,295.671,293.3998,291.0817,288.7269,286.3687,284.0555,281.8404,279.7685,277.8657,276.1297,274.5275,299.29648704145114,272.43265961614145,947.2889,214.60840000000007,1216.9813,-8.006500000000017
1125,1125,1125.0,1125.0,1125.0,1125.0,1125.0,1125.0,1125.0,1125.0,1125.0,1125.0,1125.0,,,,,,,,,,,,,,,,,,,,,,,,,,,,,,,,,,,,,,,,0.5,300.477,301.4851,302.1732,302.4384,302.231,301.5533,300.4491,298.9887,297.2533,295.3224,293.2653,291.1376,288.9807,286.8231,284.6833,282.5717,280.4924,278.4447,276.4241,274.4232,346.46168342970634,273.5005043363765,1161.8973,215.19259999999983,1002.3728999999998,-11.44670000000002
1126,1126,1126.0,1126.0,1126.0,1126.0,1126.0,1126.0,1126.0,1126.0,1126.0,1126.0,1126.0,,,,,,,,,,,,,,,,,,,,,,,,,,,,,,,,,,,,,,,,0.6,338.5381,330.9239,323.8826,317.5969,312.1517,307.5378,303.6717,300.4234,297.6466,295.202,292.9736,290.8747,288.8478,286.8601,284.8961,282.9512,281.0255,279.1201,277.2339,275.363,274.0730929402186,298.3197547323508,1377.0899,200.4389000000001,787.1803,-5.462199999999996
1127,1127,1127.0,1127.0,1127.0,1127.0,1127.0,1127.0,1127.0,1127.0,1127.0,1127.0,1127.0,,,,,,,,,,,,,,,,,,,,,,,,,,,,,,,,,,,,,,,,0.7,280.3819,286.2295,291.2249,295.1,297.7351,299.1553,299.5009,298.987,297.8611,296.3704,294.7406,293.1684,291.8203,290.8353,290.3246,290.3671,291.0007,292.212,293.9293,296.0237,257.88614338494904,278.3533197166999,1577.5288,179.5565999999999,586.7413999999999,-13.844699999999987
1128,1128,1128.0,1128.0,1128.0,1128.0,1128.0,1128.0,1128.0,1128.0,1128.0,1128.0,1128.0,,,,,,,,,,,,,,,,,,,,,,,,,,,,,,,,,,,,,,,,0.8,264.198,270.2443,275.7887,280.6477,284.705,287.9148,290.2953,291.9147,292.8724,293.2808,293.2479,292.864,292.1936,291.2724,290.1119,288.7077,287.0526,285.1507,283.0276,280.7361,369.7208308578104,277.1397677238132,1757.0854,203.298,407.1848,-25.085199999999983
1129,1129,1129.0,1129.0,1129.0,1129.0,1129.0,1129.0,1129.0,1129.0,1129.0,1129.0,1129.0,,,,,,,,,,,,,,,,,,,,,,,,,,,,,,,,,,,,,,,,0.9,355.1283,341.2932,328.8604,318.2763,309.7468,303.2445,298.555,295.3454,293.2359,291.8587,290.8975,290.1059,289.3091,288.3957,287.3043,286.0108,284.5176,282.8455,281.0287,279.1104,306.40120902111494,272.70672460994115,1960.3834,203.8868,203.8868,-9.755499999999984
1130,1130,1130.0,1130.0,1130.0,1130.0,1130.0,1130.0,1130.0,1130.0,1130.0,1130.0,1130.0,,,,,,,,,,,,,,,,,,,,,,,,,,,,,,,,,,,,,,,,0.0,273.0,273.0,273.0,273.0,273.0,273.0,273.0,273.0,273.0,273.0,273.0,273.0,273.0,273.0,273.0,273.0,273.0,273.0,273.0,273.0,372.999961304669,372.9999591685682,0.0,368.7879,2149.8818,-40.0
1131,1131,1131.0,1131.0,1131.0,1131.0,1131.0,1131.0,1131.0,1131.0,1131.0,1131.0,1131.0,,,,,,,,,,,,,,,,,,,,,,,,,,,,,,,,,,,,,,,,0.1,355.9583,339.696,324.8873,312.0201,301.3574,292.9443,286.6547,282.2609,279.5107,278.1944,278.1944,279.5107,282.2609,286.6547,292.9443,301.3574,312.0201,324.8873,339.696,355.9583,352.7566480311491,273.6442921232476,368.7879,175.82420000000008,1781.0939000000003,-20.0557
1132,1132,1132.0,1132.0,1132.0,1132.0,1132.0,1132.0,1132.0,1132.0,1132.0,1132.0,1132.0,,,,,,,,,,,,,,,,,,,,,,,,,,,,,,,,,,,,,,,,0.2,344.2807,335.9556,327.937,320.3871,313.4712,307.3478,302.1549,297.993,294.9082,292.8763,291.7901,291.4534,291.5839,291.8312,291.8106,291.1543,289.5725,286.9127,283.2016,278.6545,249.6907038772203,273.4274848399722,544.6121,179.27589999999998,1605.2697000000005,-5.6521999999999935
1133,1133,1133.0,1133.0,1133.0,1133.0,1133.0,1133.0,1133.0,1133.0,1133.0,1133.0,1133.0,,,,,,,,,,,,,,,,,,,,,,,,,,,,,,,,,,,,,,,,0.3,260.346,270.3218,279.0429,286.1179,291.3762,294.8597,296.776,297.4312,297.1601,296.2684,294.9967,293.5047,291.8758,290.1327,288.2598,286.2258,284.0035,281.5837,278.9826,276.2427,250.748559845901,272.0907092903989,723.888,216.1146,1425.9938000000002,-18.140300000000025
1134,1134,1134.0,1134.0,1134.0,1134.0,1134.0,1134.0,1134.0,1134.0,1134.0,1134.0,1134.0,,,,,,,,,,,,,,,,,,,,,,,,,,,,,,,,,,,,,,,,0.4,257.1466,263.3389,269.1347,274.3716,278.9249,282.7135,285.7004,287.8893,289.3171,290.0453,290.1496,289.7109,288.8084,287.5149,285.8943,284.0022,281.8876,279.5955,277.1693,274.6528,371.5102313734607,321.3883365628475,940.0026,231.8552,1209.8792,-30.28649999999999
1135,1135,1135.0,1135.0,1135.0,1135.0,1135.0,1135.0,1135.0,1135.0,1135.0,1135.0,1135.0,,,,,,,,,,,,,,,,,,,,,,,,,,,,,,,,,,,,,,,,0.5,355.7097,340.7392,327.3058,315.8997,306.7498,299.832,294.9238,291.6826,289.7306,288.726,288.4127,288.6444,289.3847,290.6878,292.6646,295.4386,299.1,303.6644,309.0454,315.0485,309.0329870835179,273.3981691106938,1171.8578,166.2947999999999,978.024,-13.168000000000006
1136,1136,1136.0,1136.0,1136.0,1136.0,1136.0,1136.0,1136.0,1136.0,1136.0,1136.0,1136.0,,,,,,,,,,,,,,,,,,,,,,,,,,,,,,,,,,,,,,,,0.6,308.9862,308.7319,308.1099,307.0411,305.5406,303.7071,301.6948,299.6754,297.8013,296.1754,294.8331,293.7362,292.7783,291.8013,290.6203,289.0556,286.9672,284.2865,281.0376,277.3412,295.5978758494006,272.1136909329095,1338.1526,177.97780000000012,811.7292000000002,-9.292899999999976
1137,1137,1137.0,1137.0,1137.0,1137.0,1137.0,1137.0,1137.0,1137.0,1137.0,1137.0,1137.0,,,,,,,,,,,,,,,,,,,,,,,,,,,,,,,,,,,,,,,,0.7,296.9326,298.1344,299.0888,299.7133,299.9649,299.8394,299.3636,298.5834,297.5517,296.3162,294.912,293.3579,291.657,289.8005,287.7739,285.5644,283.1672,280.5911,277.861,275.0174,255.4625160868032,279.79608455861404,1516.1304,198.13010000000008,633.7514000000001,-13.160599999999988
1138,1138,1138.0,1138.0,1138.0,1138.0,1138.0,1138.0,1138.0,1138.0,1138.0,1138.0,1138.0,,,,,,,,,,,,,,,,,,,,,,,,,,,,,,,,,,,,,,,,0.8,262.785,269.7462,276.0306,281.4042,285.7329,288.983,291.2045,292.5073,293.0332,292.9338,292.3534,291.4213,290.248,288.9259,287.531,286.1232,284.746,283.4254,282.169,280.967,368.5047923081575,273.52335776178734,1714.2605,218.0371,435.6213,-24.017
1139,1139,1139.0,1139.0,1139.0,1139.0,1139.0,1139.0,1139.0,1139.0,1139.0,1139.0,1139.0,,,,,,,,,,,,,,,,,,,,,,,,,,,,,,,,,,,,,,,,0.9,354.1701,340.5755,328.3494,317.9242,309.4952,303.0288,298.3092,295.0075,292.7518,291.1859,290.0062,288.9782,287.9364,286.7744,285.4316,283.8809,282.1199,280.165,278.0486,275.8163,310.5621560734925,272.9998389820389,1932.2976,217.5842,217.5842,-9.97120000000001
1140,1140,1140.0,1140.0,1140.0,1140.0,1140.0,1140.0,1140.0,1140.0,1140.0,1140.0,,,,,,,,,,,,,,,,,,,,,,,,,,,,,,,,,,,,,,,,,0.0,273.0,273.0,273.0,273.0,273.0,273.0,273.0,273.0,273.0,273.0,273.0,273.0,273.0,273.0,273.0,273.0,273.0,273.0,273.0,273.0,372.99995519889774,372.9999774536898,0.0,368.7878,1041.0021,-40.0
1141,1141,1141.0,1141.0,1141.0,1141.0,1141.0,1141.0,1141.0,1141.0,1141.0,1141.0,,,,,,,,,,,,,,,,,,,,,,,,,,,,,,,,,,,,,,,,,0.1,355.9582,339.696,324.8873,312.0201,301.3574,292.9443,286.6547,282.2609,279.5107,278.1944,278.1944,279.5107,282.2609,286.6547,292.9443,301.3574,312.0201,324.8873,339.696,355.9583,264.2278118305617,372.9999298952703,368.7878,150.57469999999995,672.2142999999999,-20.0557
1142,1142,1142.0,1142.0,1142.0,1142.0,1142.0,1142.0,1142.0,1142.0,1142.0,1142.0,,,,,,,,,,,,,,,,,,,,,,,,,,,,,,,,,,,,,,,,,0.2,270.8434,276.9232,282.0314,285.9085,288.5061,289.9778,290.6352,290.8838,291.1582,291.8677,293.3611,295.9083,299.6957,304.8293,311.34,319.1897,328.2758,338.436,349.4551,361.0735,191.18159727691256,372.99990202666766,519.3625,107.7772,521.6396,-23.0222
1143,1143,1143.0,1143.0,1143.0,1143.0,1143.0,1143.0,1143.0,1143.0,1143.0,1143.0,,,,,,,,,,,,,,,,,,,,,,,,,,,,,,,,,,,,,,,,,0.3,207.5839,223.3269,237.8443,250.7352,261.8045,271.0635,278.7001,285.0271,290.4244,295.2862,299.9791,304.8154,310.0387,315.8189,322.2553,329.3813,337.1732,345.5578,354.4226,363.6244,269.9963676931242,362.9978131324581,627.1397,132.42270000000008,413.8624,-41.93650000000002
1144,1144,1144.0,1144.0,1144.0,1144.0,1144.0,1144.0,1144.0,1144.0,1144.0,1144.0,,,,,,,,,,,,,,,,,,,,,,,,,,,,,,,,,,,,,,,,,0.4,268.9375,268.2855,268.381,269.4492,271.5792,274.733,278.7789,283.5352,288.8129,294.4475,300.3148,306.3331,312.4549,318.6543,324.9151,331.2232,337.5634,343.9205,350.2821,356.6415,288.3547960675178,372.9999394782482,759.5624,76.10910000000001,281.4396999999999,-38.267
1145,1145,1145.0,1145.0,1145.0,1145.0,1145.0,1145.0,1145.0,1145.0,1145.0,1145.0,,,,,,,,,,,,,,,,,,,,,,,,,,,,,,,,,,,,,,,,,0.5,286.5597,285.0316,284.0087,283.6772,284.1579,285.5041,287.7092,290.7216,294.4618,298.8397,303.7684,309.1735,314.9982,321.2034,327.7634,334.6593,341.8705,349.3662,357.0993,365.0043,225.48016299762577,372.9999536893532,835.6715,50.51220000000001,205.3305999999999,-27.49590000000001
1146,1146,1146.0,1146.0,1146.0,1146.0,1146.0,1146.0,1146.0,1146.0,1146.0,1146.0,,,,,,,,,,,,,,,,,,,,,,,,,,,,,,,,,,,,,,,,,0.6,236.2915,246.7328,256.4947,265.3742,273.2969,280.311,286.5611,292.2495,297.5963,302.8071,308.0519,313.4556,319.0982,325.0207,331.2329,337.7219,344.4589,351.4041,358.5109,365.7276,283.2094719431227,372.9998791026195,886.1837,55.39249999999993,154.81839999999988,-32.68900000000002
1147,1147,1147.0,1147.0,1147.0,1147.0,1147.0,1147.0,1147.0,1147.0,1147.0,1147.0,,,,,,,,,,,,,,,,,,,,,,,,,,,,,,,,,,,,,,,,,0.7,282.0803,281.3006,281.1677,281.8877,283.5574,286.1696,289.6365,293.8225,298.5777,303.7637,309.269,315.0142,320.9489,327.0443,333.2848,339.6596,346.1577,352.7638,359.4574,366.2127,237.92916548450555,372.99996119189547,941.5762,35.719400000000064,99.42589999999996,-26.8304
1148,1148,1148.0,1148.0,1148.0,1148.0,1148.0,1148.0,1148.0,1148.0,1148.0,1148.0,,,,,,,,,,,,,,,,,,,,,,,,,,,,,,,,,,,,,,,,,0.8,246.675,255.187,263.2716,270.805,277.7471,284.1363,290.0711,295.6834,301.1118,306.4813,311.8906,317.407,323.0692,328.8919,334.8726,340.9975,347.2466,353.5964,360.0221,366.4984,276.1368705031104,372.9999316985002,977.2956,37.77449999999999,63.70649999999989,-28.863699999999994
1149,1149,1149.0,1149.0,1149.0,1149.0,1149.0,1149.0,1149.0,1149.0,1149.0,1149.0,,,,,,,,,,,,,,,,,,,,,,,,,,,,,,,,,,,,,,,,,0.9,277.0732,278.2467,279.8596,282.0528,284.8939,288.3799,292.4532,297.0228,301.9869,307.2501,312.7339,318.3805,324.1516,330.0234,335.9819,342.0176,348.122,354.2854,360.4959,366.7395,248.60165530086124,372.99994217063625,1015.0701,25.931999999999903,25.931999999999903,-24.62009999999998
1150,1150,1150.0,1150.0,1150.0,1150.0,1150.0,1150.0,1150.0,1150.0,1150.0,1150.0,,,,,,,,,,,,,,,,,,,,,,,,,,,,,,,,,,,,,,,,,0.0,273.0,273.0,273.0,273.0,273.0,273.0,273.0,273.0,273.0,273.0,273.0,273.0,273.0,273.0,273.0,273.0,273.0,273.0,273.0,273.0,372.999938752575,372.9999498053564,0.0,368.7879,1045.5828,-40.0
1151,1151,1151.0,1151.0,1151.0,1151.0,1151.0,1151.0,1151.0,1151.0,1151.0,1151.0,,,,,,,,,,,,,,,,,,,,,,,,,,,,,,,,,,,,,,,,,0.1,355.9582,339.696,324.8873,312.0201,301.3574,292.9443,286.6547,282.2609,279.5107,278.1944,278.1944,279.5107,282.2609,286.6547,292.9443,301.3574,312.0201,324.8873,339.696,355.9582,264.2278118305617,372.9999298952703,368.7879,150.57459999999998,676.7948999999999,-20.0557
1152,1152,1152.0,1152.0,1152.0,1152.0,1152.0,1152.0,1152.0,1152.0,1152.0,1152.0,,,,,,,,,,,,,,,,,,,,,,,,,,,,,,,,,,,,,,,,,0.2,270.8434,276.9232,282.0314,285.9085,288.5061,289.9778,290.6352,290.8838,291.1582,291.8677,293.3611,295.9083,299.6957,304.8292,311.34,319.1897,328.2758,338.436,349.4551,361.0735,191.1817988911957,372.9999627139179,519.3625,107.7772,526.2203,-23.0222
1153,1153,1153.0,1153.0,1153.0,1153.0,1153.0,1153.0,1153.0,1153.0,1153.0,1153.0,,,,,,,,,,,,,,,,,,,,,,,,,,,,,,,,,,,,,,,,,0.3,207.5841,223.3271,237.8444,250.7353,261.8045,271.0636,278.7001,285.0271,290.4244,295.2862,299.9791,304.8155,310.0387,315.8189,322.2553,329.3814,337.1732,345.5578,354.4226,363.6244,269.1562758668904,364.0804436127756,627.1397,132.7863000000001,418.4431,-41.93639999999999
1154,1154,1154.0,1154.0,1154.0,1154.0,1154.0,1154.0,1154.0,1154.0,1154.0,1154.0,,,,,,,,,,,,,,,,,,,,,,,,,,,,,,,,,,,,,,,,,0.4,268.2407,267.7254,267.9455,269.1221,271.3424,274.5684,278.67,283.4686,288.7789,294.4406,300.3343,306.383,312.544,318.7963,325.1281,331.5288,337.9852,344.4819,351.004,357.5395,287.9330782570219,372.9999427528216,759.926,76.55340000000001,285.65679999999986,-38.4316
1155,1155,1155.0,1155.0,1155.0,1155.0,1155.0,1155.0,1155.0,1155.0,1155.0,1155.0,,,,,,,,,,,,,,,,,,,,,,,,,,,,,,,,,,,,,,,,,0.5,286.1699,284.6751,283.6877,283.3945,283.9164,285.3063,287.557,290.616,294.4032,298.8274,303.8007,309.2473,315.1086,321.3429,327.9221,334.8247,342.0282,349.5013,357.1982,365.0566,224.9993897913455,372.9997223237128,836.4794,51.07999999999993,209.10339999999985,-27.69369999999998
1156,1156,1156.0,1156.0,1156.0,1156.0,1156.0,1156.0,1156.0,1156.0,1156.0,1156.0,,,,,,,,,,,,,,,,,,,,,,,,,,,,,,,,,,,,,,,,,0.6,235.8589,246.348,256.1571,265.0832,273.0513,280.1096,286.4024,292.1314,297.5164,302.7624,308.0385,313.469,319.1331,325.0712,331.2926,337.7843,344.5178,351.4538,358.5467,365.7462,283.0833527517399,372.9999469607542,887.5594,56.14859999999999,158.02339999999992,-32.8904
1157,1157,1157.0,1157.0,1157.0,1157.0,1157.0,1157.0,1157.0,1157.0,1157.0,1157.0,,,,,,,,,,,,,,,,,,,,,,,,,,,,,,,,,,,,,,,,,0.7,281.9388,281.1462,281.0048,281.7222,283.3958,286.0181,289.5002,293.7054,298.4819,303.6899,309.2164,314.9809,320.9321,327.0407,333.2906,339.6713,346.1717,352.7772,359.4678,366.2184,235.08954510629195,372.9998641474373,943.708,37.02940000000001,101.87479999999994,-26.9819
1158,1158,1158.0,1158.0,1158.0,1158.0,1158.0,1158.0,1158.0,1158.0,1158.0,1158.0,,,,,,,,,,,,,,,,,,,,,,,,,,,,,,,,,,,,,,,,,0.8,244.2964,253.2491,261.7362,269.6215,276.858,283.4839,289.6016,295.3503,300.8778,306.3177,311.7763,317.3273,323.0139,328.8538,334.8469,340.9808,347.2362,353.5903,360.0188,366.4969,280.0914923330691,372.9999334220208,980.7374,39.21979999999997,64.84539999999993,-29.516099999999994
1159,1159,1159.0,1159.0,1159.0,1159.0,1159.0,1159.0,1159.0,1159.0,1159.0,1159.0,,,,,,,,,,,,,,,,,,,,,,,,,,,,,,,,,,,,,,,,,0.9,280.2006,280.5925,281.5082,283.1155,285.4945,288.641,292.4848,296.9157,301.8098,307.0506,312.5415,318.211,324.0111,329.9122,335.8971,341.955,348.0775,354.2553,360.4775,366.7307,245.2985679406345,372.9999392689148,1019.9572,25.625599999999963,25.625599999999963,-24.35899999999998
1160,1160,1160.0,1160.0,1160.0,1160.0,1160.0,1160.0,1160.0,1160.0,1160.0,1160.0,,,,,,,,,,,,,,,,,,,,,,,,,,,,,,,,,,,,,,,,,0.0,273.0,273.0,273.0,273.0,273.0,273.0,273.0,273.0,273.0,273.0,273.0,273.0,273.0,273.0,273.0,273.0,273.0,273.0,273.0,273.0,372.999938752575,372.9999498053564,0.0,368.7879,1040.8623,-40.0
1161,1161,1161.0,1161.0,1161.0,1161.0,1161.0,1161.0,1161.0,1161.0,1161.0,1161.0,,,,,,,,,,,,,,,,,,,,,,,,,,,,,,,,,,,,,,,,,0.1,355.9582,339.696,324.8873,312.0201,301.3574,292.9443,286.6547,282.2609,279.5107,278.1944,278.1944,279.5107,282.2609,286.6547,292.9443,301.3574,312.0201,324.8873,339.696,355.9582,264.2278118305617,372.9999298952703,368.7879,150.57459999999998,672.0744,-20.0557
1162,1162,1162.0,1162.0,1162.0,1162.0,1162.0,1162.0,1162.0,1162.0,1162.0,1162.0,,,,,,,,,,,,,,,,,,,,,,,,,,,,,,,,,,,,,,,,,0.2,270.8434,276.9232,282.0314,285.9085,288.5061,289.9778,290.6352,290.8838,291.1582,291.8677,293.3611,295.9083,299.6957,304.8292,311.34,319.1897,328.2758,338.436,349.4551,361.0735,191.18158894367696,372.9998871542312,519.3625,107.77730000000008,521.4998,-23.0222
1163,1163,1163.0,1163.0,1163.0,1163.0,1163.0,1163.0,1163.0,1163.0,1163.0,1163.0,,,,,,,,,,,,,,,,,,,,,,,,,,,,,,,,,,,,,,,,,0.3,207.5839,223.3269,237.8443,250.7352,261.8045,271.0635,278.7001,285.0271,290.4244,295.2862,299.9791,304.8154,310.0387,315.8189,322.2553,329.3813,337.1732,345.5578,354.4225,363.6244,268.69263996377464,364.6780658226012,627.1398,132.98929999999996,413.7225,-41.93650000000002
1164,1164,1164.0,1164.0,1164.0,1164.0,1164.0,1164.0,1164.0,1164.0,1164.0,1164.0,,,,,,,,,,,,,,,,,,,,,,,,,,,,,,,,,,,,,,,,,0.4,267.8561,267.4163,267.705,268.9415,271.2116,274.4775,278.6099,283.4318,288.76,294.4368,300.3451,306.4105,312.5932,318.8747,325.2456,331.6975,338.218,344.7918,351.4025,358.0353,288.57954764934533,372.9999460064644,760.1291,76.53399999999999,280.7332,-38.52249999999998
1165,1165,1165.0,1165.0,1165.0,1165.0,1165.0,1165.0,1165.0,1165.0,1165.0,1165.0,,,,,,,,,,,,,,,,,,,,,,,,,,,,,,,,,,,,,,,,,0.5,286.6842,285.0647,283.9666,283.5813,284.0318,285.3711,287.5904,290.6341,294.4186,298.8494,303.8352,309.2974,315.1746,321.4226,328.0111,334.9166,342.1155,349.576,357.2528,365.0855,225.04624621752487,372.9998544309875,836.6631,50.578700000000026,204.1992,-27.628899999999987
1166,1166,1166.0,1166.0,1166.0,1166.0,1166.0,1166.0,1166.0,1166.0,1166.0,1166.0,,,,,,,,,,,,,,,,,,,,,,,,,,,,,,,,,,,,,,,,,0.6,235.9227,246.4266,256.2467,265.179,273.1486,280.2044,286.4919,292.2143,297.5926,302.8326,308.104,313.5308,319.1921,325.1272,331.3451,337.832,344.559,351.4868,358.5698,365.7582,283.0833527517399,372.9999469607542,887.2418,55.734500000000025,153.6205,-32.79559999999998
1167,1167,1167.0,1167.0,1167.0,1167.0,1167.0,1167.0,1167.0,1167.0,1167.0,1167.0,,,,,,,,,,,,,,,,,,,,,,,,,,,,,,,,,,,,,,,,,0.7,281.9533,281.1745,281.0454,281.7731,283.4547,286.0826,289.5681,293.7746,298.5507,303.7569,309.2804,315.0411,320.9877,327.091,333.3351,339.7095,346.203,352.8012,359.484,366.2265,238.78427669772708,372.9999570807141,942.9763,35.642799999999966,97.88599999999995,-26.917399999999983
1168,1168,1168.0,1168.0,1168.0,1168.0,1168.0,1168.0,1168.0,1168.0,1168.0,1168.0,,,,,,,,,,,,,,,,,,,,,,,,,,,,,,,,,,,,,,,,,0.8,247.3707,255.7314,263.6794,271.096,277.9436,284.261,290.1447,295.7235,301.1325,306.4928,311.8995,317.4172,323.0824,328.9081,334.8908,341.0163,347.2643,353.6114,360.0329,366.5041,277.225348888068,372.9999359437423,978.6191,36.96489999999994,62.2432,-28.738999999999976
1169,1169,1169.0,1169.0,1169.0,1169.0,1169.0,1169.0,1169.0,1169.0,1169.0,1169.0,,,,,,,,,,,,,,,,,,,,,,,,,,,,,,,,,,,,,,,,,0.9,278.0129,279.0423,280.5197,282.5896,285.3216,288.714,292.7091,297.2154,302.1296,307.3545,312.8097,318.4355,324.1917,330.053,336.0041,342.0344,348.1346,354.2945,360.5019,366.7424,247.58992992562105,372.9999464363708,1015.584,25.27830000000006,25.27830000000006,-24.286
1170,1170,1170.0,1170.0,1170.0,1170.0,1170.0,1170.0,1170.0,1170.0,1170.0,1170.0,,,,,,,,,,,,,,,,,,,,,,,,,,,,,,,,,,,,,,,,,0.0,273.0,273.0,273.0,273.0,273.0,273.0,273.0,273.0,273.0,273.0,273.0,273.0,273.0,273.0,273.0,273.0,273.0,273.0,273.0,273.0,372.999960385772,372.9999732678879,0.0,368.7878,1036.4091,-40.0
1171,1171,1171.0,1171.0,1171.0,1171.0,1171.0,1171.0,1171.0,1171.0,1171.0,1171.0,,,,,,,,,,,,,,,,,,,,,,,,,,,,,,,,,,,,,,,,,0.1,355.9583,339.696,324.8873,312.0201,301.3574,292.9443,286.6547,282.2609,279.5107,278.1944,278.1944,279.5107,282.2609,286.6547,292.9443,301.3574,312.0201,324.8873,339.696,355.9583,264.2278118305617,372.9999298952703,368.7878,150.57469999999995,667.6213,-20.0557
1172,1172,1172.0,1172.0,1172.0,1172.0,1172.0,1172.0,1172.0,1172.0,1172.0,1172.0,,,,,,,,,,,,,,,,,,,,,,,,,,,,,,,,,,,,,,,,,0.2,270.8434,276.9232,282.0314,285.9085,288.5061,289.9778,290.6352,290.8838,291.1582,291.8677,293.3611,295.9083,299.6957,304.8293,311.34,319.1897,328.2758,338.436,349.4551,361.0735,191.18112807306747,372.9998355471737,519.3625,107.77750000000005,517.0466000000001,-23.0222
1173,1173,1173.0,1173.0,1173.0,1173.0,1173.0,1173.0,1173.0,1173.0,1173.0,1173.0,,,,,,,,,,,,,,,,,,,,,,,,,,,,,,,,,,,,,,,,,0.3,207.5835,223.3266,237.844,250.7351,261.8044,271.0634,278.7001,285.027,290.4244,295.2861,299.9791,304.8154,310.0387,315.8189,322.2553,329.3813,337.1731,345.5578,354.4225,363.6243,269.04102063309995,364.22897223699823,627.14,132.83749999999998,409.2691000000001,-41.9366
1174,1174,1174.0,1174.0,1174.0,1174.0,1174.0,1174.0,1174.0,1174.0,1174.0,1174.0,,,,,,,,,,,,,,,,,,,,,,,,,,,,,,,,,,,,,,,,,0.4,268.1451,267.6485,267.8856,269.0771,271.3098,274.5457,278.655,283.4593,288.7741,294.4396,300.3369,306.3898,312.5562,318.8157,325.1573,331.5707,338.043,344.5589,351.103,357.6627,289.2142101525748,372.99994894717815,759.9775,76.2065,276.4316000000001,-38.45429999999999
1175,1175,1175.0,1175.0,1175.0,1175.0,1175.0,1175.0,1175.0,1175.0,1175.0,1175.0,,,,,,,,,,,,,,,,,,,,,,,,,,,,,,,,,,,,,,,,,0.5,287.2272,285.5191,284.3382,283.8777,284.262,285.5441,287.7148,290.7177,294.4679,298.8696,303.8306,309.2717,315.1314,321.3661,327.9459,334.8484,342.0503,349.52,357.2118,365.0638,226.2090988644549,372.9996727775302,836.184,49.62950000000001,200.2251000000001,-27.455899999999986
1176,1176,1176.0,1176.0,1176.0,1176.0,1176.0,1176.0,1176.0,1176.0,1176.0,1176.0,,,,,,,,,,,,,,,,,,,,,,,,,,,,,,,,,,,,,,,,,0.6,236.9241,247.272,256.946,265.7458,273.5985,280.554,286.7572,292.4101,297.7321,302.927,308.1629,313.5623,319.2029,325.1234,331.3317,337.8135,344.5392,351.469,358.5564,365.751,283.4238375154588,372.99996387644,885.8135,54.18700000000001,150.5956000000001,-32.446000000000026
1177,1177,1177.0,1177.0,1177.0,1177.0,1177.0,1177.0,1177.0,1177.0,1177.0,1177.0,,,,,,,,,,,,,,,,,,,,,,,,,,,,,,,,,,,,,,,,,0.7,282.3089,281.5409,281.4153,282.1368,283.802,286.4041,289.8565,294.0251,298.7617,303.929,309.4165,315.1451,321.0644,327.1454,333.372,339.7331,346.2173,352.8092,359.488,366.2282,238.42695446736147,372.9999385547371,940.0005,34.81460000000004,96.40860000000008,-26.59589999999997
1178,1178,1178.0,1178.0,1178.0,1178.0,1178.0,1178.0,1178.0,1178.0,1178.0,1178.0,,,,,,,,,,,,,,,,,,,,,,,,,,,,,,,,,,,,,,,,,0.8,247.1254,255.5917,263.6336,271.1282,278.0358,284.3949,290.3035,295.8927,301.3006,306.6514,312.0433,317.5432,323.1895,328.9966,334.9619,341.0718,347.3059,353.6408,360.0517,366.5132,277.2999480478541,372.99995511811335,974.8151,36.5743,61.59400000000005,-28.6051
1179,1179,1179.0,1179.0,1179.0,1179.0,1179.0,1179.0,1179.0,1179.0,1179.0,1179.0,,,,,,,,,,,,,,,,,,,,,,,,,,,,,,,,,,,,,,,,,0.9,278.0854,279.1138,280.5922,282.6652,285.4024,288.8013,292.8031,297.3151,302.2331,307.4592,312.9128,318.5341,324.2834,330.1358,336.0764,342.0953,348.1835,354.3313,360.5264,366.7547,247.58991492057217,372.9998955572052,1011.3894,25.019700000000057,25.019700000000057,-24.19869999999997
1180,1180,1180.0,1180.0,1180.0,1180.0,1180.0,1180.0,1180.0,1180.0,1180.0,1180.0,,,,,,,,,,,,,,,,,,,,,,,,,,,,,,,,,,,,,,,,,0.0,273.0,273.0,273.0,273.0,273.0,273.0,273.0,273.0,273.0,273.0,273.0,273.0,273.0,273.0,273.0,273.0,273.0,273.0,273.0,273.0,372.9999320219684,372.9999637162807,0.0,368.7879,1036.3667,-40.0
1181,1181,1181.0,1181.0,1181.0,1181.0,1181.0,1181.0,1181.0,1181.0,1181.0,1181.0,,,,,,,,,,,,,,,,,,,,,,,,,,,,,,,,,,,,,,,,,0.1,355.9582,339.696,324.8873,312.0201,301.3574,292.9443,286.6547,282.2609,279.5107,278.1944,278.1944,279.5107,282.2609,286.6547,292.9443,301.3574,312.0201,324.8873,339.696,355.9583,264.2278118305617,372.9999298952703,368.7879,150.57459999999998,667.5788,-20.0557
1182,1182,1182.0,1182.0,1182.0,1182.0,1182.0,1182.0,1182.0,1182.0,1182.0,1182.0,,,,,,,,,,,,,,,,,,,,,,,,,,,,,,,,,,,,,,,,,0.2,270.8434,276.9232,282.0314,285.9085,288.5061,289.9778,290.6352,290.8838,291.1582,291.8677,293.3611,295.9083,299.6957,304.8292,311.34,319.1897,328.2758,338.436,349.4551,361.0735,191.1825983063721,372.9998475410895,519.3625,107.7768000000001,517.0042000000001,-23.0222
1183,1183,1183.0,1183.0,1183.0,1183.0,1183.0,1183.0,1183.0,1183.0,1183.0,1183.0,,,,,,,,,,,,,,,,,,,,,,,,,,,,,,,,,,,,,,,,,0.3,207.5847,223.3276,237.8448,250.7356,261.8048,271.0637,278.7003,285.0272,290.4245,295.2862,299.9791,304.8155,310.0387,315.8189,322.2553,329.3813,337.1731,345.5578,354.4225,363.6243,269.0859111163635,364.1711414003825,627.1393,132.81589999999994,409.2274,-41.93630000000002
1184,1184,1184.0,1184.0,1184.0,1184.0,1184.0,1184.0,1184.0,1184.0,1184.0,1184.0,,,,,,,,,,,,,,,,,,,,,,,,,,,,,,,,,,,,,,,,,0.4,268.1824,267.6786,267.9091,269.0948,271.3227,274.5547,278.661,283.4631,288.7761,294.4401,300.336,306.3872,312.5515,318.8082,325.1459,331.5544,338.0205,344.5289,351.0645,357.6148,289.2142101525748,372.99994894717815,759.9552,76.1884,276.41150000000005,-38.445299999999975
1185,1185,1185.0,1185.0,1185.0,1185.0,1185.0,1185.0,1185.0,1185.0,1185.0,1185.0,,,,,,,,,,,,,,,,,,,,,,,,,,,,,,,,,,,,,,,,,0.5,287.2294,285.5232,284.3438,283.8841,284.2686,285.5504,287.7201,290.7216,294.4699,298.8697,303.8286,309.2676,315.1255,321.3586,327.9374,334.8396,342.0419,349.5128,357.2066,365.061,226.2090151379832,372.99964172688914,836.1436,49.62609999999995,200.22310000000004,-27.44959999999997
1186,1186,1186.0,1186.0,1186.0,1186.0,1186.0,1186.0,1186.0,1186.0,1186.0,1186.0,,,,,,,,,,,,,,,,,,,,,,,,,,,,,,,,,,,,,,,,,0.6,236.9248,247.2733,256.9478,265.7479,273.6007,280.556,286.7588,292.4112,297.7324,302.9265,308.1615,313.5601,319.2,325.12,331.328,337.8099,344.5359,351.4662,358.5544,365.7499,283.4238375154588,372.9999638764402,885.7697,54.1853000000001,150.5970000000001,-32.44400000000002
1187,1187,1187.0,1187.0,1187.0,1187.0,1187.0,1187.0,1187.0,1187.0,1187.0,1187.0,,,,,,,,,,,,,,,,,,,,,,,,,,,,,,,,,,,,,,,,,0.7,282.3091,281.5413,281.4158,282.1374,283.8026,286.4046,289.8567,294.0252,298.7614,303.9284,309.4155,315.1438,321.0629,327.1437,333.3702,339.7314,346.2158,352.8079,359.4871,366.2277,238.4266943457471,372.9999612859825,939.955,34.81549999999993,96.4117,-26.595399999999984
1188,1188,1188.0,1188.0,1188.0,1188.0,1188.0,1188.0,1188.0,1188.0,1188.0,1188.0,,,,,,,,,,,,,,,,,,,,,,,,,,,,,,,,,,,,,,,,,0.8,247.1252,255.5916,263.6335,271.1282,278.0357,284.3948,290.3033,295.8924,301.3001,306.6509,312.0426,317.5424,323.1886,328.9957,334.961,341.0709,347.3052,353.6402,360.0513,366.513,277.2999480478541,372.99995511811335,974.7705,36.575500000000034,61.59620000000007,-28.605200000000025
1189,1189,1189.0,1189.0,1189.0,1189.0,1189.0,1189.0,1189.0,1189.0,1189.0,1189.0,,,,,,,,,,,,,,,,,,,,,,,,,,,,,,,,,,,,,,,,,0.9,278.0854,279.1137,280.592,282.665,285.4022,288.801,292.8027,297.3147,302.2326,307.4587,312.9122,318.5336,324.2828,330.1352,336.0759,342.0948,348.1831,354.3309,360.5262,366.7545,247.58992992562105,372.9999464363708,1011.346,25.02070000000004,25.02070000000004,-24.19900000000001
1190,1190,1190.0,1190.0,1190.0,1190.0,1190.0,1190.0,1190.0,1190.0,1190.0,1190.0,,,,,,,,,,,,,,,,,,,,,,,,,,,,,,,,,,,,,,,,,0.0,273.0,273.0,273.0,273.0,273.0,273.0,273.0,273.0,273.0,273.0,273.0,273.0,273.0,273.0,273.0,273.0,273.0,273.0,273.0,273.0,372.9999372510409,372.99998583445233,0.0,368.7878,1036.522,-40.0
1191,1191,1191.0,1191.0,1191.0,1191.0,1191.0,1191.0,1191.0,1191.0,1191.0,1191.0,,,,,,,,,,,,,,,,,,,,,,,,,,,,,,,,,,,,,,,,,0.1,355.9582,339.696,324.8873,312.0201,301.3574,292.9443,286.6547,282.2609,279.5107,278.1944,278.1944,279.5107,282.2609,286.6547,292.9443,301.3574,312.0201,324.8873,339.696,355.9583,264.2278118305617,372.9999298952703,368.7878,150.57469999999995,667.7341999999999,-20.0557
1192,1192,1192.0,1192.0,1192.0,1192.0,1192.0,1192.0,1192.0,1192.0,1192.0,1192.0,,,,,,,,,,,,,,,,,,,,,,,,,,,,,,,,,,,,,,,,,0.2,270.8434,276.9232,282.0314,285.9085,288.5061,289.9778,290.6352,290.8838,291.1582,291.8677,293.3611,295.9083,299.6957,304.8293,311.34,319.1897,328.2758,338.436,349.4551,361.0735,191.18112807306747,372.99983554717335,519.3625,107.77750000000005,517.1595,-23.0222
1193,1193,1193.0,1193.0,1193.0,1193.0,1193.0,1193.0,1193.0,1193.0,1193.0,1193.0,,,,,,,,,,,,,,,,,,,,,,,,,,,,,,,,,,,,,,,,,0.3,207.5835,223.3266,237.844,250.7351,261.8044,271.0634,278.7001,285.027,290.4244,295.2861,299.9791,304.8154,310.0387,315.8189,322.2553,329.3813,337.1731,345.5578,354.4225,363.6243,269.8185404361616,363.2267399596834,627.14,132.50009999999995,409.382,-41.9366
1194,1194,1194.0,1194.0,1194.0,1194.0,1194.0,1194.0,1194.0,1194.0,1194.0,1194.0,,,,,,,,,,,,,,,,,,,,,,,,,,,,,,,,,,,,,,,,,0.4,268.79,268.1669,268.2887,269.3799,271.529,274.6981,278.7558,283.521,288.8056,294.4459,300.3189,306.3436,312.4737,318.6843,324.9601,331.2878,337.6526,344.0392,350.4347,356.8313,288.48222102431293,372.9999412657256,759.6401,76.13650000000007,276.8819,-38.30189999999999
1195,1195,1195.0,1195.0,1195.0,1195.0,1195.0,1195.0,1195.0,1195.0,1195.0,1195.0,,,,,,,,,,,,,,,,,,,,,,,,,,,,,,,,,,,,,,,,,0.5,286.6569,285.1006,284.0531,283.7018,284.1681,285.5051,287.7059,290.718,294.4611,298.8442,303.7793,309.1913,315.0228,321.2335,327.7972,334.6944,341.9039,349.3948,357.1202,365.0154,226.4549131628333,372.9999525337936,835.7766,50.0675,200.7453999999999,-27.494899999999973
1196,1196,1196.0,1196.0,1196.0,1196.0,1196.0,1196.0,1196.0,1196.0,1196.0,1196.0,,,,,,,,,,,,,,,,,,,,,,,,,,,,,,,,,,,,,,,,,0.6,237.1037,247.3897,257.0097,265.7655,273.585,280.5169,286.7046,292.3477,297.6634,302.8538,308.0861,313.4825,319.1211,325.0413,331.2519,337.7391,344.4738,351.4161,358.5193,365.7319,283.6595295065494,372.9998651525477,885.8441,54.30149999999992,150.6778999999999,-32.48309999999998
1197,1197,1197.0,1197.0,1197.0,1197.0,1197.0,1197.0,1197.0,1197.0,1197.0,1197.0,,,,,,,,,,,,,,,,,,,,,,,,,,,,,,,,,,,,,,,,,0.7,282.5039,281.6963,281.5331,282.22,283.8541,286.429,289.8584,294.0081,298.7298,303.8859,309.3656,315.0895,321.007,327.0888,333.3185,339.6849,346.1762,352.7769,359.4657,366.2167,238.42688958795063,372.99995915420624,940.1456,34.77690000000007,96.3764,-26.571000000000023
1198,1198,1198.0,1198.0,1198.0,1198.0,1198.0,1198.0,1198.0,1198.0,1198.0,1198.0,,,,,,,,,,,,,,,,,,,,,,,,,,,,,,,,,,,,,,,,,0.8,247.1333,255.6063,263.6525,271.1485,278.0545,284.4092,290.3113,295.8927,301.2924,306.6355,312.0207,317.5155,323.1585,328.9642,334.9302,341.0424,347.2804,353.6205,360.0376,366.506,277.2999480478541,372.99995511811335,974.9225,36.56830000000002,61.59949999999992,-28.5908
1199,1199,1199.0,1199.0,1199.0,1199.0,1199.0,1199.0,1199.0,1199.0,1199.0,1199.0,,,,,,,,,,,,,,,,,,,,,,,,,,,,,,,,,,,,,,,,,0.9,278.0868,279.1162,280.5952,282.6682,285.4045,288.8018,292.8014,297.3107,302.2258,307.4489,312.8998,318.5189,324.2666,330.1183,336.0591,342.0791,348.1694,354.3199,360.5185,366.7506,247.5899813387101,372.9999464767465,1011.4908,25.0311999999999,25.0311999999999,-24.198199999999986
1200,1200,1200.0,1200.0,1200.0,1200.0,1200.0,1200.0,1200.0,1200.0,1200.0,,,,,,,,,,,,,,,,,,,,,,,,,,,,,,,,,,,,,,,,,,0.0,273.0,273.0,273.0,273.0,273.0,273.0,273.0,273.0,273.0,273.0,273.0,273.0,273.0,273.0,273.0,273.0,273.0,273.0,273.0,273.0,372.99992652478704,372.9999595345273,0.0,368.7879,1098.1665,-40.0
1201,1201,1201.0,1201.0,1201.0,1201.0,1201.0,1201.0,1201.0,1201.0,1201.0,,,,,,,,,,,,,,,,,,,,,,,,,,,,,,,,,,,,,,,,,,0.1,355.9582,339.696,324.8873,312.0201,301.3574,292.9443,286.6547,282.2609,279.5107,278.1944,278.1944,279.5107,282.2609,286.6547,292.9443,301.3574,312.0201,324.8873,339.696,355.9583,341.3622233766707,274.45033624508,368.7879,174.60370000000006,729.3786,-20.0557
1202,1202,1202.0,1202.0,1202.0,1202.0,1202.0,1202.0,1202.0,1202.0,1202.0,,,,,,,,,,,,,,,,,,,,,,,,,,,,,,,,,,,,,,,,,,0.2,334.8284,328.3567,322.0266,315.9453,310.2491,305.0939,300.6359,297.0085,294.2971,292.5175,291.5988,291.375,291.5878,291.9044,291.9529,291.374,289.8828,287.3289,283.7381,279.3227,207.5061952784192,372.99974632212337,543.3916,156.57729999999992,554.7749,-7.906099999999981
1203,1203,1203.0,1203.0,1203.0,1203.0,1203.0,1203.0,1203.0,1203.0,1203.0,,,,,,,,,,,,,,,,,,,,,,,,,,,,,,,,,,,,,,,,,,0.3,224.7906,241.1264,255.7055,267.9682,277.657,284.8113,289.7141,292.8135,294.6414,295.7496,296.6705,297.9001,299.8953,303.0714,307.7884,314.3219,322.8207,333.2617,345.4193,358.8642,372.9997746707474,372.9999464363702,699.9689,90.1313,398.1976000000001,-28.188699999999983
1204,1204,1204.0,1204.0,1204.0,1204.0,1204.0,1204.0,1204.0,1204.0,1204.0,,,,,,,,,,,,,,,,,,,,,,,,,,,,,,,,,,,,,,,,,,0.4,356.3857,340.7747,327.02,315.7122,307.1292,301.2528,297.8393,296.5173,296.8858,298.5905,301.3675,305.0549,309.5785,314.9231,321.0982,328.1063,335.9191,344.4621,353.6104,363.192,269.3468902350254,372.9999432838633,790.1002,24.45170000000008,308.06630000000007,-11.74720000000002
1205,1205,1205.0,1205.0,1205.0,1205.0,1205.0,1205.0,1205.0,1205.0,1205.0,,,,,,,,,,,,,,,,,,,,,,,,,,,,,,,,,,,,,,,,,,0.5,276.6239,283.4425,289.4322,294.3754,298.2365,301.1492,303.3737,305.2366,307.0725,309.1774,311.7811,315.0381,319.031,323.7825,329.2687,335.4318,342.1897,349.4426,357.0777,364.973,197.1925770603032,330.1573280689955,814.5519,24.56639999999993,283.6146,-11.850799999999992
1206,1206,1206.0,1206.0,1206.0,1206.0,1206.0,1206.0,1206.0,1206.0,1206.0,,,,,,,,,,,,,,,,,,,,,,,,,,,,,,,,,,,,,,,,,,0.6,214.4736,231.1078,246.5362,260.3572,272.3616,282.532,291.0095,298.0408,303.9188,308.9274,313.3,317.194,320.6821,323.7605,326.3701,328.4286,329.8674,330.6666,330.8794,330.6412,224.55927042586225,313.8020834893606,839.1183,85.64369999999997,259.04820000000007,-30.468000000000018
1207,1207,1207.0,1207.0,1207.0,1207.0,1207.0,1207.0,1207.0,1207.0,1207.0,,,,,,,,,,,,,,,,,,,,,,,,,,,,,,,,,,,,,,,,,,0.7,233.0586,241.5392,249.9683,258.2897,266.4222,274.2654,281.7105,288.6528,295.0011,300.6823,305.6416,309.8387,313.2439,315.8361,317.6055,318.5601,318.7361,318.2076,317.0937,315.5584,346.316848988369,372.99992583206887,924.762,90.78730000000007,173.4045000000001,-38.7346
1208,1208,1208.0,1208.0,1208.0,1208.0,1208.0,1208.0,1208.0,1208.0,1208.0,,,,,,,,,,,,,,,,,,,,,,,,,,,,,,,,,,,,,,,,,,0.8,333.514,321.5964,311.3198,303.2112,297.5199,294.2252,293.0898,293.7423,295.7654,298.7732,302.4672,306.6657,311.309,316.442,322.1802,328.6628,336.0014,344.2325,353.2849,362.97,252.10861071822447,372.9999420599407,1015.5493,27.24860000000001,82.61720000000003,-18.774800000000027
1209,1209,1209.0,1209.0,1209.0,1209.0,1209.0,1209.0,1209.0,1209.0,1209.0,,,,,,,,,,,,,,,,,,,,,,,,,,,,,,,,,,,,,,,,,,0.9,260.8189,269.0936,276.5771,283.053,288.4699,292.9315,296.6577,299.9316,303.0471,306.2684,309.8058,313.8073,318.3622,323.5102,329.2517,335.5567,342.3713,349.6213,357.2149,365.0466,173.0000526633504,342.8526692721724,1042.7979,55.368600000000015,55.368600000000015,-20.06849999999997
1210,1210,1210.0,1210.0,1210.0,1210.0,1210.0,1210.0,1210.0,1210.0,1210.0,,,,,,,,,,,,,,,,,,,,,,,,,,,,,,,,,,,,,,,,,,0.0,273.0,273.0,273.0,273.0,273.0,273.0,273.0,273.0,273.0,273.0,273.0,273.0,273.0,273.0,273.0,273.0,273.0,273.0,273.0,273.0,372.99993319575583,372.9999669096387,0.0,368.7879,1101.4034,-40.0
1211,1211,1211.0,1211.0,1211.0,1211.0,1211.0,1211.0,1211.0,1211.0,1211.0,,,,,,,,,,,,,,,,,,,,,,,,,,,,,,,,,,,,,,,,,,0.1,355.9582,339.696,324.8873,312.0201,301.3574,292.9443,286.6547,282.2609,279.5107,278.1944,278.1944,279.5107,282.2609,286.6547,292.9443,301.3574,312.0201,324.8873,339.696,355.9583,341.4011804306432,274.39885013004016,368.7879,174.62540000000007,732.6154999999999,-20.0557
1212,1212,1212.0,1212.0,1212.0,1212.0,1212.0,1212.0,1212.0,1212.0,1212.0,,,,,,,,,,,,,,,,,,,,,,,,,,,,,,,,,,,,,,,,,,0.2,334.8607,328.3827,322.0468,315.9604,310.2601,305.1016,300.641,297.0116,294.2987,292.5178,291.5979,291.3727,291.5836,291.8976,291.9428,291.3594,289.8627,287.3022,283.7038,279.2799,207.49608790361003,372.9990882717571,543.4133,156.63479999999993,557.9900999999999,-7.898399999999981
1213,1213,1213.0,1213.0,1213.0,1213.0,1213.0,1213.0,1213.0,1213.0,1213.0,,,,,,,,,,,,,,,,,,,,,,,,,,,,,,,,,,,,,,,,,,0.3,224.784,241.1231,255.705,267.9698,277.6598,284.8146,289.7172,292.8157,294.6424,295.7491,296.6683,297.8961,299.8898,303.0645,307.7806,314.3138,322.8129,333.2549,345.4142,358.8611,372.99995164090393,372.9999646535731,700.0481,90.15100000000008,401.3553,-28.185400000000016
1214,1214,1214.0,1214.0,1214.0,1214.0,1214.0,1214.0,1214.0,1214.0,1214.0,,,,,,,,,,,,,,,,,,,,,,,,,,,,,,,,,,,,,,,,,,0.4,356.3859,340.775,327.0203,315.7125,307.1294,301.2528,297.839,296.5166,296.8847,298.5888,301.3653,305.0521,309.5753,314.9196,321.0945,328.1028,335.9159,344.4595,353.6085,363.1911,269.3472173162766,372.9998309140093,790.1991,24.459299999999985,311.2042999999999,-11.74720000000002
1215,1215,1215.0,1215.0,1215.0,1215.0,1215.0,1215.0,1215.0,1215.0,1215.0,,,,,,,,,,,,,,,,,,,,,,,,,,,,,,,,,,,,,,,,,,0.5,276.6241,283.4426,289.4321,294.3752,298.2361,301.1486,303.3729,305.2356,307.0712,309.1758,311.7794,315.0361,319.0289,323.7803,329.2666,335.4299,342.188,349.4412,357.0767,364.9724,197.54363743206,330.288179799144,814.6584,24.458399999999983,286.7449999999999,-11.851400000000012
1216,1216,1216.0,1216.0,1216.0,1216.0,1216.0,1216.0,1216.0,1216.0,1216.0,,,,,,,,,,,,,,,,,,,,,,,,,,,,,,,,,,,,,,,,,,0.6,214.7648,231.3417,246.718,260.4936,272.4604,282.6009,291.0558,298.071,303.9381,308.9401,313.3097,317.2035,320.6941,323.7776,326.3952,328.4647,329.9175,330.7337,330.9661,330.7495,224.5591395701951,313.8022878116411,839.1168,85.19659999999999,262.2865999999999,-30.399099999999976
1217,1217,1217.0,1217.0,1217.0,1217.0,1217.0,1217.0,1217.0,1217.0,1217.0,,,,,,,,,,,,,,,,,,,,,,,,,,,,,,,,,,,,,,,,,,0.7,233.0761,241.5725,250.0142,258.3443,266.4812,274.325,281.7678,288.7058,295.049,300.7251,305.6799,309.8735,313.276,315.8661,317.6336,318.586,318.7589,318.2262,317.107,315.5654,343.64167603087003,372.9999591685672,924.3134,90.94629999999997,177.08999999999992,-38.67500000000001
1218,1218,1218.0,1218.0,1218.0,1218.0,1218.0,1218.0,1218.0,1218.0,1218.0,,,,,,,,,,,,,,,,,,,,,,,,,,,,,,,,,,,,,,,,,,0.8,331.303,319.8284,309.9553,302.1976,296.7976,293.7336,292.7727,293.5509,295.6604,298.7246,302.4535,306.6721,311.3257,316.463,322.2017,328.6826,336.0182,344.2455,353.2938,362.9745,250.572390739577,372.9999651474403,1015.2597,28.22320000000002,86.14369999999997,-19.266399999999976
1219,1219,1219.0,1219.0,1219.0,1219.0,1219.0,1219.0,1219.0,1219.0,1219.0,,,,,,,,,,,,,,,,,,,,,,,,,,,,,,,,,,,,,,,,,,0.9,259.4173,267.828,275.4492,282.064,287.6192,292.2156,296.0695,299.4607,302.6806,305.9916,309.6034,313.6645,318.2655,323.4477,329.2136,335.5352,342.3604,349.6165,357.2134,365.0462,173.0000663066975,341.98441346540505,1043.4829,57.92049999999995,57.92049999999995,-20.784400000000005
1220,1220,1220.0,1220.0,1220.0,1220.0,1220.0,1220.0,1220.0,1220.0,1220.0,,,,,,,,,,,,,,,,,,,,,,,,,,,,,,,,,,,,,,,,,,0.0,273.0,273.0,273.0,273.0,273.0,273.0,273.0,273.0,273.0,273.0,273.0,273.0,273.0,273.0,273.0,273.0,273.0,273.0,273.0,273.0,372.9999295952009,372.999959547862,0.0,368.7879,1100.7544,-40.0
1221,1221,1221.0,1221.0,1221.0,1221.0,1221.0,1221.0,1221.0,1221.0,1221.0,,,,,,,,,,,,,,,,,,,,,,,,,,,,,,,,,,,,,,,,,,0.1,355.9582,339.696,324.8873,312.0201,301.3574,292.9443,286.6547,282.2609,279.5107,278.1944,278.1944,279.5107,282.2609,286.6547,292.9443,301.3574,312.0201,324.8873,339.696,355.9583,341.8856696987877,273.7540624022815,368.7879,174.89860000000004,731.9665,-20.0557
1222,1222,1222.0,1222.0,1222.0,1222.0,1222.0,1222.0,1222.0,1222.0,1222.0,,,,,,,,,,,,,,,,,,,,,,,,,,,,,,,,,,,,,,,,,,0.2,335.2626,328.7058,322.2981,316.1491,310.3966,305.1964,300.7037,297.0499,294.3181,292.5214,291.586,291.3428,291.5304,291.813,291.8158,291.1773,289.6115,286.9679,283.274,278.7452,207.06743461490825,372.9986093884487,543.6865,157.42819999999995,557.0679,-7.803600000000017
1223,1223,1223.0,1223.0,1223.0,1223.0,1223.0,1223.0,1223.0,1223.0,1223.0,,,,,,,,,,,,,,,,,,,,,,,,,,,,,,,,,,,,,,,,,,0.3,224.4514,240.8806,255.5415,267.8707,277.6088,284.7952,289.7146,292.8174,294.6385,295.7326,296.6349,297.844,299.8194,302.9788,307.6846,314.2145,322.7184,333.174,345.3548,358.8295,372.999755746255,372.9999605794943,701.1147,90.6042,399.63970000000006,-28.204799999999977
1224,1224,1224.0,1224.0,1224.0,1224.0,1224.0,1224.0,1224.0,1224.0,1224.0,,,,,,,,,,,,,,,,,,,,,,,,,,,,,,,,,,,,,,,,,,0.4,356.372,340.7486,326.9837,315.6686,307.0814,301.2031,297.7891,296.467,296.8353,298.5392,301.3148,305.0004,309.5226,314.8668,321.0431,328.0548,335.8736,344.4253,353.5844,363.1786,270.3326759353817,372.9999340543511,791.7189,24.57730000000004,309.03550000000007,-11.796899999999994
1225,1225,1225.0,1225.0,1225.0,1225.0,1225.0,1225.0,1225.0,1225.0,1225.0,,,,,,,,,,,,,,,,,,,,,,,,,,,,,,,,,,,,,,,,,,0.5,277.4343,284.0853,289.922,294.732,298.4822,301.3067,303.464,305.2782,307.0802,309.1627,311.7527,315.002,318.9915,323.7428,329.231,335.3979,342.1609,349.42,357.0622,364.9651,196.19839937252263,329.8972778131728,816.2962,24.588899999999967,284.45820000000003,-11.693300000000022
1226,1226,1226.0,1226.0,1226.0,1226.0,1226.0,1226.0,1226.0,1226.0,1226.0,,,,,,,,,,,,,,,,,,,,,,,,,,,,,,,,,,,,,,,,,,0.6,213.692,230.5263,246.1317,260.0993,272.2167,282.467,290.9952,298.0535,303.9408,308.9469,313.3097,317.1894,320.6607,323.7201,326.3083,328.3425,329.7534,330.5206,330.6978,330.4212,226.94407126786763,312.28170813527066,840.8851,85.36740000000009,259.86930000000007,-30.53300000000001
1227,1227,1227.0,1227.0,1227.0,1227.0,1227.0,1227.0,1227.0,1227.0,1227.0,,,,,,,,,,,,,,,,,,,,,,,,,,,,,,,,,,,,,,,,,,0.7,235.0046,243.0686,251.1223,259.1227,266.9945,274.6365,281.9334,288.7705,295.0446,300.6708,305.5829,309.7309,313.0764,315.5911,317.2592,318.0844,318.1007,317.3829,316.0536,314.2834,344.411864896024,372.9999591685684,926.2525,90.34679999999992,174.50189999999998,-38.36349999999999
1228,1228,1228.0,1228.0,1228.0,1228.0,1228.0,1228.0,1228.0,1228.0,1228.0,,,,,,,,,,,,,,,,,,,,,,,,,,,,,,,,,,,,,,,,,,0.8,332.0356,320.5181,310.5927,302.7709,297.2952,294.1454,293.092,293.7746,295.7891,298.7621,302.4064,306.5497,311.1401,316.2293,321.9383,328.4109,335.7615,344.0272,353.1347,362.8907,252.0350229781925,372.9999256105786,1016.5993,27.95529999999997,84.15510000000006,-18.854600000000005
1229,1229,1229.0,1229.0,1229.0,1229.0,1229.0,1229.0,1229.0,1229.0,1229.0,,,,,,,,,,,,,,,,,,,,,,,,,,,,,,,,,,,,,,,,,,0.9,260.6993,268.934,276.388,282.847,288.2598,292.7277,296.4667,299.756,302.8862,306.1191,309.6642,313.67,318.2273,323.3779,329.1243,335.4384,342.2672,349.537,357.1555,365.0158,173.00008041156588,342.8648078653837,1044.5546,56.199800000000096,56.199800000000096,-20.272299999999973
1230,1230,1230.0,1230.0,1230.0,1230.0,1230.0,1230.0,1230.0,1230.0,1230.0,,,,,,,,,,,,,,,,,,,,,,,,,,,,,,,,,,,,,,,,,,0.0,273.0,273.0,273.0,273.0,273.0,273.0,273.0,273.0,273.0,273.0,273.0,273.0,273.0,273.0,273.0,273.0,273.0,273.0,273.0,273.0,372.99991215533765,372.9999682201996,0.0,368.7879,1102.5576,-40.0
1231,1231,1231.0,1231.0,1231.0,1231.0,1231.0,1231.0,1231.0,1231.0,1231.0,,,,,,,,,,,,,,,,,,,,,,,,,,,,,,,,,,,,,,,,,,0.1,355.9582,339.696,324.8873,312.0201,301.3574,292.9443,286.6547,282.2609,279.5107,278.1944,278.1944,279.5107,282.2609,286.6547,292.9443,301.3574,312.0201,324.8873,339.696,355.9583,341.3574624534902,274.4571803133845,368.7879,174.6008,733.7697000000001,-20.0557
1232,1232,1232.0,1232.0,1232.0,1232.0,1232.0,1232.0,1232.0,1232.0,1232.0,,,,,,,,,,,,,,,,,,,,,,,,,,,,,,,,,,,,,,,,,,0.2,334.8244,328.3536,322.0241,315.9434,310.2478,305.093,300.6353,297.0081,294.2969,292.5175,291.599,291.3754,291.5884,291.9053,291.9542,291.3759,289.8855,287.3324,283.7427,279.3283,207.4988391934491,372.9985133802708,543.3887,156.57190000000003,559.1689000000001,-7.906999999999982
1233,1233,1233.0,1233.0,1233.0,1233.0,1233.0,1233.0,1233.0,1233.0,1233.0,,,,,,,,,,,,,,,,,,,,,,,,,,,,,,,,,,,,,,,,,,0.3,224.7842,241.1211,255.7011,267.9647,277.6543,284.8092,289.7126,292.8124,294.6408,295.7494,296.6706,297.9004,299.8959,303.0721,307.7891,314.3226,322.8212,333.2619,345.4191,358.8635,372.9999330454575,372.999964653573,699.9606,90.13549999999998,402.5970000000001,-28.190800000000024
1234,1234,1234.0,1234.0,1234.0,1234.0,1234.0,1234.0,1234.0,1234.0,1234.0,,,,,,,,,,,,,,,,,,,,,,,,,,,,,,,,,,,,,,,,,,0.4,356.3854,340.774,327.0189,315.7109,307.1278,301.2514,297.838,296.5161,296.8849,298.5898,301.367,305.0546,309.5784,314.9231,321.0983,328.1065,335.9192,344.4623,353.6105,363.1921,269.3468902350254,372.9999432838633,790.0961,24.451900000000023,312.4615000000001,-11.74860000000001
1235,1235,1235.0,1235.0,1235.0,1235.0,1235.0,1235.0,1235.0,1235.0,1235.0,,,,,,,,,,,,,,,,,,,,,,,,,,,,,,,,,,,,,,,,,,0.5,276.6237,283.4422,289.4317,294.3748,298.2358,301.1485,303.3729,305.2359,307.0719,309.1768,311.7806,315.0377,319.0307,323.7822,329.2685,335.4317,342.1897,349.4426,357.0777,364.973,200.8694073967333,331.529472896247,814.548,23.414300000000026,288.0096000000001,-11.851499999999987
1236,1236,1236.0,1236.0,1236.0,1236.0,1236.0,1236.0,1236.0,1236.0,1236.0,,,,,,,,,,,,,,,,,,,,,,,,,,,,,,,,,,,,,,,,,,0.6,217.5237,233.5597,248.4434,261.7907,273.4021,283.2613,291.5041,298.3675,304.133,309.0739,313.4149,317.3077,320.8222,323.9545,326.647,328.8192,330.4035,331.3788,331.7947,331.7795,221.93721056606643,315.2354975755752,837.9623,82.06259999999997,264.59530000000007,-29.738699999999994
1237,1237,1237.0,1237.0,1237.0,1237.0,1237.0,1237.0,1237.0,1237.0,1237.0,,,,,,,,,,,,,,,,,,,,,,,,,,,,,,,,,,,,,,,,,,0.7,231.0679,240.1415,249.093,257.8446,266.3062,274.3809,281.9734,288.9981,295.3852,301.0819,306.0504,310.2633,313.7,316.3445,318.1895,319.243,319.5397,319.1508,318.1916,316.8214,341.2974759751012,372.9999591836833,920.0249,89.94389999999999,182.5327000000001,-38.6191
1238,1238,1238.0,1238.0,1238.0,1238.0,1238.0,1238.0,1238.0,1238.0,1238.0,,,,,,,,,,,,,,,,,,,,,,,,,,,,,,,,,,,,,,,,,,0.8,329.3107,318.1794,308.6332,301.1791,296.0545,293.2344,292.4846,293.4419,295.7001,298.8856,302.711,307.0035,311.7096,316.8777,322.6246,329.0896,336.3844,344.5466,353.5082,363.086,244.84717974747585,372.9999631299024,1009.9688,29.0992,92.5888000000001,-19.765600000000006
1239,1239,1239.0,1239.0,1239.0,1239.0,1239.0,1239.0,1239.0,1239.0,1239.0,,,,,,,,,,,,,,,,,,,,,,,,,,,,,,,,,,,,,,,,,,0.9,254.5536,263.7949,272.189,279.4983,285.658,290.765,295.0388,298.7673,302.2522,305.7673,309.5325,313.7052,318.3831,323.613,329.4019,335.7254,342.5347,349.7604,357.3156,365.0993,173.0000174007063,339.39615566218566,1039.068,63.48960000000011,63.48960000000011,-22.235000000000014
1240,1240,1240.0,1240.0,1240.0,1240.0,1240.0,1240.0,1240.0,1240.0,1240.0,,,,,,,,,,,,,,,,,,,,,,,,,,,,,,,,,,,,,,,,,,0.0,273.0,273.0,273.0,273.0,273.0,273.0,273.0,273.0,273.0,273.0,273.0,273.0,273.0,273.0,273.0,273.0,273.0,273.0,273.0,273.0,372.9999480089088,372.9999335625205,0.0,368.7879,1106.4031,-40.0
1241,1241,1241.0,1241.0,1241.0,1241.0,1241.0,1241.0,1241.0,1241.0,1241.0,,,,,,,,,,,,,,,,,,,,,,,,,,,,,,,,,,,,,,,,,,0.1,355.9582,339.696,324.8873,312.0201,301.3574,292.9443,286.6547,282.2609,279.5107,278.1944,278.1944,279.5107,282.2609,286.6547,292.9443,301.3574,312.0201,324.8873,339.696,355.9582,342.25267541525693,273.26753627513455,368.7879,175.10590000000008,737.6152,-20.0557
1242,1242,1242.0,1242.0,1242.0,1242.0,1242.0,1242.0,1242.0,1242.0,1242.0,,,,,,,,,,,,,,,,,,,,,,,,,,,,,,,,,,,,,,,,,,0.2,335.5671,328.9506,322.4884,316.292,310.5001,305.2683,300.7512,297.0789,294.3329,292.5242,291.577,291.3203,291.4903,291.7491,291.72,291.04,289.422,286.7156,282.9496,278.3416,203.39439423542865,372.998544644756,543.8938,158.85119999999995,562.5092999999999,-7.731699999999989
1243,1243,1243.0,1243.0,1243.0,1243.0,1243.0,1243.0,1243.0,1243.0,1243.0,,,,,,,,,,,,,,,,,,,,,,,,,,,,,,,,,,,,,,,,,,0.3,221.4218,238.4639,253.6808,266.4903,276.6231,284.1179,289.2657,292.5281,294.4535,295.6103,296.5457,297.7688,299.747,302.9041,307.6072,314.1371,322.6461,333.1126,345.3101,358.8059,372.99965088835546,372.9999882372831,702.745,93.34109999999998,403.6581,-28.88209999999998
1244,1244,1244.0,1244.0,1244.0,1244.0,1244.0,1244.0,1244.0,1244.0,1244.0,,,,,,,,,,,,,,,,,,,,,,,,,,,,,,,,,,,,,,,,,,0.4,356.1953,340.4132,326.5221,315.1224,306.4946,300.6165,297.2354,295.9689,296.4047,298.1792,301.0218,304.7667,309.3387,314.7233,320.932,327.9695,335.8095,344.3792,353.5545,363.1639,276.5585201441758,372.9998878167845,796.0861,24.98890000000005,310.317,-12.383500000000026
1245,1245,1245.0,1245.0,1245.0,1245.0,1245.0,1245.0,1245.0,1245.0,1245.0,,,,,,,,,,,,,,,,,,,,,,,,,,,,,,,,,,,,,,,,,,0.5,282.5193,288.0824,292.9298,296.8825,299.9251,302.1942,303.9385,305.463,307.0758,309.0459,311.5786,314.808,318.8011,323.5694,329.0814,335.2747,342.0644,349.3492,357.0158,364.9422,192.05204686754385,329.0831598806255,821.075,24.17869999999993,285.32809999999995,-10.805799999999977
1246,1246,1246.0,1246.0,1246.0,1246.0,1246.0,1246.0,1246.0,1246.0,1246.0,,,,,,,,,,,,,,,,,,,,,,,,,,,,,,,,,,,,,,,,,,0.6,210.5127,228.2523,244.6499,259.2616,271.8606,282.4355,291.1513,298.2894,304.1803,309.1423,313.4359,317.2368,320.6276,323.6075,326.116,328.0669,329.3874,330.055,330.1229,329.7289,227.63226696950065,312.75355462055046,845.2537,86.83450000000005,261.1494,-30.56450000000001
1247,1247,1247.0,1247.0,1247.0,1247.0,1247.0,1247.0,1247.0,1247.0,1247.0,,,,,,,,,,,,,,,,,,,,,,,,,,,,,,,,,,,,,,,,,,0.7,235.4728,243.336,251.2232,259.1006,266.8945,274.4987,281.7883,288.6372,294.9313,300.5777,305.5057,309.6648,313.0192,315.5458,317.2349,318.0961,318.1678,317.5265,316.2935,314.635,344.353961627085,372.9999814216079,932.0882,90.71169999999996,174.31489999999997,-38.501300000000015
1248,1248,1248.0,1248.0,1248.0,1248.0,1248.0,1248.0,1248.0,1248.0,1248.0,,,,,,,,,,,,,,,,,,,,,,,,,,,,,,,,,,,,,,,,,,0.8,331.9843,320.4719,310.5494,302.7277,297.2496,294.0961,293.0388,293.7189,295.7331,298.709,302.3592,306.5113,311.1123,316.2129,321.9327,328.4141,335.7705,344.0385,353.1447,362.8965,252.88083678993843,372.99996130467065,1022.7999,27.94010000000003,83.60320000000002,-18.90390000000002
1249,1249,1249.0,1249.0,1249.0,1249.0,1249.0,1249.0,1249.0,1249.0,1249.0,,,,,,,,,,,,,,,,,,,,,,,,,,,,,,,,,,,,,,,,,,0.9,261.3929,269.4823,276.804,283.1482,288.4658,292.8586,296.5414,299.7908,302.8945,306.1112,309.6477,313.6501,318.2075,323.3601,329.1095,335.4269,342.2589,349.5313,357.1521,365.0142,173.00005356362982,342.804940665502,1050.74,55.66309999999999,55.66309999999999,-20.141399999999976
1250,1250,1250.0,1250.0,1250.0,1250.0,1250.0,1250.0,1250.0,1250.0,1250.0,,,,,,,,,,,,,,,,,,,,,,,,,,,,,,,,,,,,,,,,,,0.0,273.0,273.0,273.0,273.0,273.0,273.0,273.0,273.0,273.0,273.0,273.0,273.0,273.0,273.0,273.0,273.0,273.0,273.0,273.0,273.0,372.9998809429697,372.9999791784731,0.0,368.7879,1138.8849,-40.0
1251,1251,1251.0,1251.0,1251.0,1251.0,1251.0,1251.0,1251.0,1251.0,1251.0,,,,,,,,,,,,,,,,,,,,,,,,,,,,,,,,,,,,,,,,,,0.1,355.9582,339.696,324.8873,312.0201,301.3574,292.9443,286.6546,282.2609,279.5107,278.1944,278.1944,279.5107,282.2609,286.6547,292.9443,301.3574,312.0201,324.8873,339.696,355.9583,341.70150144385354,274.00000332884616,368.7879,174.7942,770.097,-20.0557
1252,1252,1252.0,1252.0,1252.0,1252.0,1252.0,1252.0,1252.0,1252.0,1252.0,,,,,,,,,,,,,,,,,,,,,,,,,,,,,,,,,,,,,,,,,,0.2,335.1098,328.583,322.2026,316.0774,310.3447,305.1603,300.6798,297.0353,294.3107,292.5201,291.5906,291.3542,291.5507,291.8452,291.8642,291.2468,289.7074,287.0954,283.438,278.9492,207.35556500115484,372.998300548466,543.5821,157.09519999999998,595.3028,-7.8396999999999935
1253,1253,1253.0,1253.0,1253.0,1253.0,1253.0,1253.0,1253.0,1253.0,1253.0,,,,,,,,,,,,,,,,,,,,,,,,,,,,,,,,,,,,,,,,,,0.3,224.6817,241.0563,255.6686,267.9572,277.6636,284.8274,289.7323,292.8277,294.6468,295.7431,296.65,297.8652,299.847,303.0119,307.7213,314.2523,322.7543,333.2046,345.3772,358.8412,372.9999330454565,372.9999646535729,700.6773,90.3446,438.20760000000007,-28.17259999999999
1254,1254,1254.0,1254.0,1254.0,1254.0,1254.0,1254.0,1254.0,1254.0,1254.0,,,,,,,,,,,,,,,,,,,,,,,,,,,,,,,,,,,,,,,,,,0.4,356.3835,340.7704,327.0138,315.7046,307.1203,301.2426,297.8274,296.5031,296.8688,298.5701,301.3435,305.0274,309.548,314.8907,321.0653,328.0748,335.8909,344.439,353.594,363.1836,269.3472173162766,372.9998309140093,791.0219,24.52150000000006,347.86300000000006,-11.757400000000018
1255,1255,1255.0,1255.0,1255.0,1255.0,1255.0,1255.0,1255.0,1255.0,1255.0,,,,,,,,,,,,,,,,,,,,,,,,,,,,,,,,,,,,,,,,,,0.5,276.6223,283.439,289.4266,294.3678,298.2269,301.1376,303.3601,305.2211,307.0552,309.1584,311.7608,315.0169,319.0095,323.7613,329.2485,335.4135,342.1739,349.43,357.069,364.9684,195.97829844451968,329.709897948881,815.5434,25.008100000000013,323.3415,-11.86239999999998
1256,1256,1256.0,1256.0,1256.0,1256.0,1256.0,1256.0,1256.0,1256.0,1256.0,,,,,,,,,,,,,,,,,,,,,,,,,,,,,,,,,,,,,,,,,,0.6,213.4643,230.294,245.9006,259.8763,272.0089,282.2804,290.8339,297.9193,303.8333,308.8635,313.2461,317.1405,320.6204,323.682,326.2657,328.2888,329.6821,330.426,330.5752,330.267,236.3852900536317,303.8073855822165,840.5515,82.87249999999995,298.3334,-30.71960000000001
1257,1257,1257.0,1257.0,1257.0,1257.0,1257.0,1257.0,1257.0,1257.0,1257.0,,,,,,,,,,,,,,,,,,,,,,,,,,,,,,,,,,,,,,,,,,0.7,242.8062,249.3061,255.9362,262.6999,269.5456,276.3729,283.0481,289.424,295.3567,300.7164,305.3914,309.2864,312.319,314.4196,315.5354,315.6416,314.7558,312.9538,310.3787,307.2413,305.5655145888157,372.9999866299791,923.424,96.264,215.46090000000004,-36.627099999999984
1258,1258,1258.0,1258.0,1258.0,1258.0,1258.0,1258.0,1258.0,1258.0,1258.0,,,,,,,,,,,,,,,,,,,,,,,,,,,,,,,,,,,,,,,,,,0.8,300.2479,295.4378,291.5667,288.9314,287.6653,287.7431,289.0134,291.2495,294.205,297.6649,301.4842,305.6094,310.084,315.034,320.6373,327.0795,334.5015,342.9511,352.3479,362.4749,256.51882125767605,372.99996179042887,1019.688,45.50020000000006,119.19690000000004,-25.256899999999973
1259,1259,1259.0,1259.0,1259.0,1259.0,1259.0,1259.0,1259.0,1259.0,1259.0,,,,,,,,,,,,,,,,,,,,,,,,,,,,,,,,,,,,,,,,,,0.9,262.6465,268.56,274.0861,279.1236,283.6565,287.7497,291.5291,295.1552,298.7971,302.6114,306.7294,311.2521,316.2498,321.7641,327.81,334.3773,341.4312,348.9122,356.7381,364.8064,173.00016526391366,357.2481657658637,1065.1882,73.69669999999996,73.69669999999996,-25.25029999999998
1260,1260,1260.0,1260.0,1260.0,1260.0,1260.0,1260.0,1260.0,1260.0,,,,,,,,,,,,,,,,,,,,,,,,,,,,,,,,,,,,,,,,,,,0.0,273.0,273.0,273.0,273.0,273.0,273.0,273.0,273.0,273.0,273.0,273.0,273.0,273.0,273.0,273.0,273.0,273.0,273.0,273.0,273.0,372.9999464363683,372.9999523041238,0.0,368.7879,1033.0813,-40.0
1261,1261,1261.0,1261.0,1261.0,1261.0,1261.0,1261.0,1261.0,1261.0,,,,,,,,,,,,,,,,,,,,,,,,,,,,,,,,,,,,,,,,,,,0.1,355.9582,339.696,324.8873,312.0201,301.3574,292.9443,286.6547,282.2609,279.5107,278.1944,278.1944,279.5107,282.2609,286.6547,292.9443,301.3574,312.0201,324.8873,339.696,355.9582,179.74542308754752,273.9157806021953,368.7879,204.93200000000007,664.2934,-20.0557
1262,1262,1262.0,1262.0,1262.0,1262.0,1262.0,1262.0,1262.0,1262.0,,,,,,,,,,,,,,,,,,,,,,,,,,,,,,,,,,,,,,,,,,,0.2,200.7578,220.5756,238.1934,252.9383,264.5383,273.1061,279.0552,282.9753,285.5013,287.2003,288.4932,289.6137,290.6043,291.3439,291.6006,291.1028,289.6181,287.0262,283.3708,278.8753,372.9999216130296,372.9998482779489,573.7199,242.54289999999992,459.3614,-39.89389999999997
1263,1263,1263.0,1263.0,1263.0,1263.0,1263.0,1263.0,1263.0,1263.0,,,,,,,,,,,,,,,,,,,,,,,,,,,,,,,,,,,,,,,,,,,0.3,354.0655,336.2777,320.6064,307.7112,297.8808,291.0517,286.8921,284.9199,284.6259,285.5759,287.4776,290.2109,293.8217,298.4869,304.4568,311.9818,321.2334,332.2338,344.8094,358.5813,297.86057877841864,360.1403365713832,816.2628,88.20519999999999,216.81850000000009,-21.948300000000017
1264,1264,1264.0,1264.0,1264.0,1264.0,1264.0,1264.0,1264.0,1264.0,,,,,,,,,,,,,,,,,,,,,,,,,,,,,,,,,,,,,,,,,,,0.4,298.6841,299.3017,299.5624,299.4102,298.8993,298.1833,297.4848,297.055,297.1351,297.9273,299.5777,302.1713,305.7352,310.246,315.6398,321.8214,328.6742,336.0685,343.8685,351.9376,223.31937432281023,372.9999746138386,904.468,51.3193,128.6133000000001,-14.816700000000026
1265,1265,1265.0,1265.0,1265.0,1265.0,1265.0,1265.0,1265.0,1265.0,,,,,,,,,,,,,,,,,,,,,,,,,,,,,,,,,,,,,,,,,,,0.5,236.2166,248.5464,259.8271,269.7282,278.1046,284.9949,290.5894,295.1816,299.1138,302.7317,306.3499,310.2332,314.5887,319.5652,325.2554,331.6984,338.881,346.738,355.1546,363.9725,304.2264971447701,372.9999589412721,955.7873,46.053100000000086,77.2940000000001,-28.005100000000027
1266,1266,1266.0,1266.0,1266.0,1266.0,1266.0,1266.0,1266.0,1266.0,,,,,,,,,,,,,,,,,,,,,,,,,,,,,,,,,,,,,,,,,,,0.6,299.9864,296.2122,293.299,291.5183,290.9945,291.7135,293.5567,296.3473,299.8962,304.0374,308.6471,313.6486,319.0045,324.7038,330.7464,337.1296,343.8385,350.8402,358.0828,365.4968,287.9861566436672,372.9999558381027,1001.8404,15.181600000000005,31.24090000000001,-21.28649999999999
1267,1267,1267.0,1267.0,1267.0,1267.0,1267.0,1267.0,1267.0,1267.0,,,,,,,,,,,,,,,,,,,,,,,,,,,,,,,,,,,,,,,,,,,0.7,289.3814,290.809,292.308,293.9286,295.7318,297.7854,300.1563,302.9034,306.0706,309.6839,313.7507,318.2617,323.1944,328.5167,334.1901,340.1714,346.4144,352.8707,359.4891,366.217,284.8860695358623,372.9999546151082,1017.022,7.429299999999898,16.059300000000007,-15.21460000000002
1268,1268,1268.0,1268.0,1268.0,1268.0,1268.0,1268.0,1268.0,1268.0,,,,,,,,,,,,,,,,,,,,,,,,,,,,,,,,,,,,,,,,,,,0.8,287.295,289.726,292.204,294.7584,297.4235,300.2378,303.2412,306.4723,309.965,313.746,317.8332,322.2343,326.9471,331.9602,337.2534,342.7992,348.5643,354.5103,360.5951,366.7738,270.6766848427385,372.99527210174233,1024.4513,5.91840000000002,8.63000000000011,-12.762200000000009
1269,1269,1269.0,1269.0,1269.0,1269.0,1269.0,1269.0,1269.0,1269.0,,,,,,,,,,,,,,,,,,,,,,,,,,,,,,,,,,,,,,,,,,,0.9,275.8109,280.864,285.7696,290.4878,295.0105,299.3603,303.5843,307.7445,311.9076,316.1363,320.4831,324.9872,329.6732,334.5524,339.6236,344.876,350.2903,355.8412,361.4985,367.2284,274.9747023862432,314.1366185583325,1030.3697,2.711600000000089,2.711600000000089,-13.639700000000005
1270,1270,1270.0,1270.0,1270.0,1270.0,1270.0,1270.0,1270.0,1270.0,,,,,,,,,,,,,,,,,,,,,,,,,,,,,,,,,,,,,,,,,,,0.0,273.0,273.0,273.0,273.0,273.0,273.0,273.0,273.0,273.0,273.0,273.0,273.0,273.0,273.0,273.0,273.0,273.0,273.0,273.0,273.0,372.9999464363683,372.9999523041238,0.0,368.7879,1292.6324,10.561199999999983
1271,1271,1271.0,1271.0,1271.0,1271.0,1271.0,1271.0,1271.0,1271.0,,,,,,,,,,,,,,,,,,,,,,,,,,,,,,,,,,,,,,,,,,,0.1,355.9582,339.696,324.8873,312.0201,301.3574,292.9443,286.6547,282.2609,279.5107,278.1944,278.1944,279.5107,282.2609,286.6547,292.9443,301.3574,312.0201,324.8873,339.696,355.9582,182.39385478653443,272.9999129176138,368.7879,204.1366,923.8445,10.561199999999983
1272,1272,1272.0,1272.0,1272.0,1272.0,1272.0,1272.0,1272.0,1272.0,,,,,,,,,,,,,,,,,,,,,,,,,,,,,,,,,,,,,,,,,,,0.2,202.9548,222.3418,239.5671,253.9705,265.2866,273.6289,279.4061,283.1999,285.6355,287.2698,288.5138,289.5923,290.5401,291.2296,291.4234,290.8458,289.2619,286.5515,282.7602,278.1156,372.9998794297192,372.9998925019,572.9245,240.59680000000003,719.7079,10.561199999999983
1273,1273,1273.0,1273.0,1273.0,1273.0,1273.0,1273.0,1273.0,1273.0,,,,,,,,,,,,,,,,,,,,,,,,,,,,,,,,,,,,,,,,,,,0.3,354.1952,336.5237,320.944,308.1083,298.3028,291.4662,287.2718,285.2448,284.8837,285.7612,287.591,290.2574,293.8097,298.4278,304.364,311.8702,321.1187,332.1313,344.7326,358.5402,372.9993795637211,209.71692466138413,813.5213,135.21889999999996,479.1111,10.561199999999983
1274,1274,1274.0,1274.0,1274.0,1274.0,1274.0,1274.0,1274.0,1274.0,,,,,,,,,,,,,,,,,,,,,,,,,,,,,,,,,,,,,,,,,,,0.4,361.0661,349.5048,338.6615,328.832,320.2433,313.0401,307.2761,302.9082,299.7921,297.6767,296.2001,294.8903,293.1776,290.4275,285.9998,279.3338,270.0491,258.0413,243.5463,227.148,371.7200121143592,372.9999335625205,948.7402,215.4965,343.8922,10.561199999999983
1275,1275,1275.0,1275.0,1275.0,1275.0,1275.0,1275.0,1275.0,1275.0,,,,,,,,,,,,,,,,,,,,,,,,,,,,,,,,,,,,,,,,,,,0.5,362.834,354.1111,345.7041,337.7451,330.3393,323.5612,317.4577,312.0578,307.3906,303.5103,300.5243,298.6182,298.0679,299.2283,302.4921,308.2172,316.6337,327.7495,341.2829,356.6472,226.7142075658378,372.9999555404827,1164.2367,85.86660000000006,128.39570000000003,10.561199999999983
1276,1276,1276.0,1276.0,1276.0,1276.0,1276.0,1276.0,1276.0,1276.0,,,,,,,,,,,,,,,,,,,,,,,,,,,,,,,,,,,,,,,,,,,0.6,243.9367,260.1449,274.4783,286.3492,295.5029,302.0137,306.2263,308.668,309.9524,310.6972,311.4648,312.7271,314.85,318.0907,322.6002,328.4292,335.5338,343.7825,352.9661,362.8116,265.84417539056244,372.9999998530678,1250.1033,21.13110000000006,42.52909999999997,10.561199999999983
1277,1277,1277.0,1277.0,1277.0,1277.0,1277.0,1277.0,1277.0,1277.0,,,,,,,,,,,,,,,,,,,,,,,,,,,,,,,,,,,,,,,,,,,0.7,270.4336,275.0377,279.6568,284.2689,288.8313,293.2923,297.6085,301.7622,305.7739,309.7054,313.655,317.7439,322.0995,326.8377,332.0473,337.7789,344.0388,350.7881,357.9458,365.3965,295.10832935660954,372.9999665708507,1271.2344,13.477899999999863,21.39799999999991,10.561199999999983
1278,1278,1278.0,1278.0,1278.0,1278.0,1278.0,1278.0,1278.0,1278.0,,,,,,,,,,,,,,,,,,,,,,,,,,,,,,,,,,,,,,,,,,,0.8,294.6245,294.3604,294.5059,295.1982,296.5117,298.4598,301.0082,304.0933,307.642,311.5865,315.8735,320.4678,325.3493,330.5083,335.9382,341.6295,347.5645,353.7147,360.0395,366.4878,284.82811438347386,372.9999464363676,1284.7123,5.986700000000155,7.920100000000048,10.561199999999983
1279,1279,1279.0,1279.0,1279.0,1279.0,1279.0,1279.0,1279.0,1279.0,,,,,,,,,,,,,,,,,,,,,,,,,,,,,,,,,,,,,,,,,,,0.9,287.5328,290.2427,292.969,295.7331,298.5678,301.5145,304.6188,307.9247,311.4697,315.281,319.3746,323.7546,328.4152,333.3421,338.5146,343.9066,349.4881,355.2255,361.0826,367.0208,265.9373292491928,315.9540177727306,1290.699,1.9333999999998923,1.9333999999998923,10.561199999999983
1280,1280,1280.0,1280.0,1280.0,1280.0,1280.0,1280.0,1280.0,1280.0,,,,,,,,,,,,,,,,,,,,,,,,,,,,,,,,,,,,,,,,,,,0.0,273.0,273.0,273.0,273.0,273.0,273.0,273.0,273.0,273.0,273.0,273.0,273.0,273.0,273.0,273.0,273.0,273.0,273.0,273.0,273.0,372.9999781306062,372.9999746224093,0.0,368.7878,1005.3522,-40.0
1281,1281,1281.0,1281.0,1281.0,1281.0,1281.0,1281.0,1281.0,1281.0,,,,,,,,,,,,,,,,,,,,,,,,,,,,,,,,,,,,,,,,,,,0.1,355.9583,339.696,324.8873,312.0201,301.3574,292.9443,286.6547,282.2609,279.5107,278.1944,278.1944,279.5107,282.2609,286.6547,292.9443,301.3574,312.0201,324.8873,339.696,355.9583,182.39385478653443,272.9999129176138,368.7878,204.1367,636.5644,-20.0557
1282,1282,1282.0,1282.0,1282.0,1282.0,1282.0,1282.0,1282.0,1282.0,,,,,,,,,,,,,,,,,,,,,,,,,,,,,,,,,,,,,,,,,,,0.2,202.9548,222.3418,239.5671,253.9705,265.2866,273.6289,279.4061,283.1999,285.6355,287.2698,288.5138,289.5923,290.5401,291.2296,291.4234,290.8458,289.2619,286.5515,282.7602,278.1156,372.99987942972194,372.9998925019,572.9245,240.59670000000008,432.4277000000001,-39.37110000000001
1283,1283,1283.0,1283.0,1283.0,1283.0,1283.0,1283.0,1283.0,1283.0,,,,,,,,,,,,,,,,,,,,,,,,,,,,,,,,,,,,,,,,,,,0.3,354.1952,336.5237,320.944,308.1083,298.3028,291.4662,287.2718,285.2448,284.8837,285.7612,287.591,290.2574,293.8097,298.4278,304.364,311.8702,321.1187,332.1313,344.7326,358.5402,285.3145522626392,372.8931441877396,813.5212,87.00900000000001,191.831,-21.533799999999985
1284,1284,1284.0,1284.0,1284.0,1284.0,1284.0,1284.0,1284.0,1284.0,,,,,,,,,,,,,,,,,,,,,,,,,,,,,,,,,,,,,,,,,,,0.4,288.3304,291.0395,293.2038,294.7047,295.5642,295.9344,296.0622,296.2425,296.7721,297.9152,299.8828,302.8254,306.8346,311.9494,318.1617,325.4203,333.6333,342.6695,352.3614,362.51,249.31893057734425,372.99995476182033,900.5302,42.67629999999997,104.822,-17.065600000000018
1285,1285,1285.0,1285.0,1285.0,1285.0,1285.0,1285.0,1285.0,1285.0,,,,,,,,,,,,,,,,,,,,,,,,,,,,,,,,,,,,,,,,,,,0.5,257.2119,264.8052,271.8461,278.1659,283.6997,288.4869,292.6554,296.3942,299.9238,303.4672,307.2278,311.3746,316.0339,321.286,327.1667,333.6699,340.7521,348.3378,356.3248,364.5909,297.3017647231884,372.99998418727614,943.2065,31.05619999999999,62.14570000000003,-24.51310000000001
1286,1286,1286.0,1286.0,1286.0,1286.0,1286.0,1286.0,1286.0,1286.0,,,,,,,,,,,,,,,,,,,,,,,,,,,,,,,,,,,,,,,,,,,0.6,295.3375,293.6737,292.5687,292.2059,292.6804,294.0033,296.1215,298.9449,302.3732,306.3161,310.7051,315.4954,320.6617,326.1903,332.0699,338.2843,344.8072,351.5987,358.6059,365.7641,286.460866461125,372.999959136306,974.2627,11.625,31.089500000000044,-18.996699999999976
1287,1287,1287.0,1287.0,1287.0,1287.0,1287.0,1287.0,1287.0,1287.0,,,,,,,,,,,,,,,,,,,,,,,,,,,,,,,,,,,,,,,,,,,0.7,288.2801,290.1285,292.04,294.0568,296.2289,298.6116,301.2599,304.2235,307.5411,311.2386,315.3269,319.804,324.6559,329.8596,335.3848,341.1955,347.2512,353.508,359.9185,366.433,284.50297491329616,372.999974353052,985.8877,6.432999999999993,19.464500000000044,-14.38839999999999
1288,1288,1288.0,1288.0,1288.0,1288.0,1288.0,1288.0,1288.0,1288.0,,,,,,,,,,,,,,,,,,,,,,,,,,,,,,,,,,,,,,,,,,,0.8,287.0709,289.6631,292.3052,295.0259,297.8565,300.8302,303.981,307.3405,310.9368,314.7917,318.9197,323.3275,328.0131,332.9668,338.1715,343.6034,349.2332,355.0268,360.9464,366.9516,269.5130087706823,333.06391611353723,992.3207,2.5919999999999845,13.031500000000053,-12.16980000000001
1289,1289,1289.0,1289.0,1289.0,1289.0,1289.0,1289.0,1289.0,1289.0,,,,,,,,,,,,,,,,,,,,,,,,,,,,,,,,,,,,,,,,,,,0.9,274.9301,280.2572,285.4195,290.369,295.0891,299.5924,303.9115,308.086,312.148,316.1082,319.9454,323.6006,326.9781,329.9543,332.3941,334.1759,335.2197,335.5136,335.1317,334.2365,269.521395036486,273.85533531877775,994.9127,10.439500000000066,10.439500000000066,-13.407600000000002
1290,1290,1290.0,1290.0,1290.0,1290.0,1290.0,1290.0,1290.0,1290.0,,,,,,,,,,,,,,,,,,,,,,,,,,,,,,,,,,,,,,,,,,,0.0,273.0,273.0,273.0,273.0,273.0,273.0,273.0,273.0,273.0,273.0,273.0,273.0,273.0,273.0,273.0,273.0,273.0,273.0,273.0,273.0,372.9999103415921,372.9999861486063,0.0,368.7878,1006.072,-40.0
1291,1291,1291.0,1291.0,1291.0,1291.0,1291.0,1291.0,1291.0,1291.0,,,,,,,,,,,,,,,,,,,,,,,,,,,,,,,,,,,,,,,,,,,0.1,355.9582,339.696,324.8873,312.0201,301.3574,292.9443,286.6547,282.2609,279.5107,278.1944,278.1944,279.5107,282.2609,286.6547,292.9443,301.3574,312.0201,324.8873,339.696,355.9583,181.632618416836,273.2637637342674,368.7878,204.3627,637.2842,-20.0557
1292,1292,1292.0,1292.0,1292.0,1292.0,1292.0,1292.0,1292.0,1292.0,,,,,,,,,,,,,,,,,,,,,,,,,,,,,,,,,,,,,,,,,,,0.2,202.3234,221.8342,239.1722,253.6738,265.0715,273.4786,279.3052,283.1354,285.5969,287.2498,288.5079,289.5985,290.5586,291.2625,291.4744,290.9198,289.3645,286.6883,282.9361,278.3345,372.9997590145073,372.99994643638274,573.1505,241.14890000000003,432.9215,-39.52140000000003
1293,1293,1293.0,1293.0,1293.0,1293.0,1293.0,1293.0,1293.0,1293.0,,,,,,,,,,,,,,,,,,,,,,,,,,,,,,,,,,,,,,,,,,,0.3,354.1578,336.4529,320.8469,307.9941,298.1815,291.347,287.1626,285.1514,284.8097,285.708,287.5585,290.2441,293.8132,298.4448,304.3907,311.9024,321.1518,332.1609,344.7548,358.5521,285.03770649456703,372.89685357929056,814.2994,87.13930000000005,191.7726,-21.65300000000002
1294,1294,1294.0,1294.0,1294.0,1294.0,1294.0,1294.0,1294.0,1294.0,,,,,,,,,,,,,,,,,,,,,,,,,,,,,,,,,,,,,,,,,,,0.4,288.0853,290.8251,293.0179,294.5447,295.4273,295.8179,295.9638,296.1602,296.7046,297.8613,299.8415,302.7954,306.8147,311.9381,318.1572,325.4208,333.6371,342.6749,352.367,362.5149,249.7818919468585,372.9999819792669,901.4387,42.84789999999998,104.63329999999996,-17.18209999999999
1295,1295,1295.0,1295.0,1295.0,1295.0,1295.0,1295.0,1295.0,1295.0,,,,,,,,,,,,,,,,,,,,,,,,,,,,,,,,,,,,,,,,,,,0.5,257.5739,265.0717,272.0272,278.2749,283.7515,288.4966,292.6365,296.3584,299.8799,303.4217,307.185,311.3368,316.0022,321.2606,327.1472,333.6555,340.7419,348.331,356.3207,364.589,296.6787130882993,372.9999566317468,944.2866,31.109500000000025,61.78539999999998,-24.5034
1296,1296,1296.0,1296.0,1296.0,1296.0,1296.0,1296.0,1296.0,1296.0,,,,,,,,,,,,,,,,,,,,,,,,,,,,,,,,,,,,,,,,,,,0.6,294.8324,293.28,292.2741,291.9943,292.5343,293.9055,296.0568,298.9011,302.3414,306.2905,310.6823,315.4739,320.6412,326.171,332.0524,338.2692,344.7947,351.5891,358.5994,365.7608,287.3601516678489,372.999959124305,975.3961,11.72709999999995,30.67589999999996,-19.094499999999982
1297,1297,1297.0,1297.0,1297.0,1297.0,1297.0,1297.0,1297.0,1297.0,,,,,,,,,,,,,,,,,,,,,,,,,,,,,,,,,,,,,,,,,,,0.7,288.9982,290.6753,292.4337,294.3213,296.3906,298.6967,301.292,304.2217,307.5203,311.2089,315.295,319.7735,324.6287,329.8363,335.3654,341.1798,347.239,353.499,359.9126,366.43,284.50297491329616,372.999974353052,987.1232,6.365499999999997,18.94880000000001,-14.30329999999998
1298,1298,1298.0,1298.0,1298.0,1298.0,1298.0,1298.0,1298.0,1298.0,,,,,,,,,,,,,,,,,,,,,,,,,,,,,,,,,,,,,,,,,,,0.8,287.1029,289.7232,292.3865,295.1196,297.9534,300.9223,304.062,307.4067,310.9867,314.8258,318.94,323.3365,328.0139,332.9622,338.1638,343.5946,349.2247,355.0197,360.9413,366.949,268.5180566304333,334.0836772967242,993.4887,2.6545999999999594,12.583300000000008,-12.077699999999991
1299,1299,1299.0,1299.0,1299.0,1299.0,1299.0,1299.0,1299.0,1299.0,,,,,,,,,,,,,,,,,,,,,,,,,,,,,,,,,,,,,,,,,,,0.9,274.1168,279.617,284.9365,290.0219,294.8539,299.4448,303.8293,308.0507,312.1459,316.1308,319.9896,323.6691,327.0789,330.1004,332.6031,334.469,335.6199,336.0439,335.8123,335.0826,275.0276543942829,273.5159650808794,996.1433,9.928700000000047,9.928700000000047,-13.555200000000012
1300,1300,1300.0,1300.0,1300.0,1300.0,1300.0,1300.0,1300.0,1300.0,,,,,,,,,,,,,,,,,,,,,,,,,,,,,,,,,,,,,,,,,,,0.0,273.0,273.0,273.0,273.0,273.0,273.0,273.0,273.0,273.0,273.0,273.0,273.0,273.0,273.0,273.0,273.0,273.0,273.0,273.0,273.0,372.9999464363683,372.9999523041238,0.0,368.7879,1011.9669,-40.0
1301,1301,1301.0,1301.0,1301.0,1301.0,1301.0,1301.0,1301.0,1301.0,,,,,,,,,,,,,,,,,,,,,,,,,,,,,,,,,,,,,,,,,,,0.1,355.9582,339.696,324.8873,312.0201,301.3574,292.9443,286.6547,282.2609,279.5107,278.1944,278.1944,279.5107,282.2609,286.6547,292.9443,301.3574,312.0201,324.8873,339.696,355.9582,179.9958056999757,273.82894101081985,368.7879,204.85590000000008,643.1790000000001,-20.0557
1302,1302,1302.0,1302.0,1302.0,1302.0,1302.0,1302.0,1302.0,1302.0,,,,,,,,,,,,,,,,,,,,,,,,,,,,,,,,,,,,,,,,,,,0.2,200.9655,220.7426,238.3233,253.0359,264.609,273.1556,279.0884,282.9966,285.514,287.2069,288.4952,289.6117,290.5982,291.333,291.5838,291.0785,289.5843,286.9812,283.3129,278.8032,372.99977088131214,372.99979493068815,573.6438,242.3566,438.3231,-39.84440000000001
1303,1303,1303.0,1303.0,1303.0,1303.0,1303.0,1303.0,1303.0,1303.0,,,,,,,,,,,,,,,,,,,,,,,,,,,,,,,,,,,,,,,,,,,0.3,354.0776,336.3009,320.6383,307.7487,297.9206,291.0909,286.9279,284.9506,284.6503,285.5934,287.4883,290.2153,293.8205,298.4812,304.448,311.9712,321.2225,332.2241,344.8021,358.5774,288.3131348026562,372.8512362687774,816.0004,87.09360000000004,195.9665,-21.909100000000024
1304,1304,1304.0,1304.0,1304.0,1304.0,1304.0,1304.0,1304.0,1304.0,,,,,,,,,,,,,,,,,,,,,,,,,,,,,,,,,,,,,,,,,,,0.4,290.7693,292.9452,294.6259,295.7096,296.2276,296.3333,296.2687,296.319,296.7693,297.8714,299.8245,302.7692,306.7894,311.9179,318.1425,325.4095,333.6255,342.6592,352.3436,362.4811,245.5364080740277,372.9999365384333,903.094,42.59819999999991,108.87289999999996,-16.66669999999999
1305,1305,1305.0,1305.0,1305.0,1305.0,1305.0,1305.0,1305.0,1305.0,,,,,,,,,,,,,,,,,,,,,,,,,,,,,,,,,,,,,,,,,,,0.5,254.1967,262.5141,270.1994,277.0588,283.0163,288.1135,292.4908,296.3564,299.952,303.5205,307.2821,311.4181,316.0629,321.3015,327.1719,333.6684,340.7472,348.332,356.32,364.5882,297.55443549254056,372.9999746173918,945.6922,32.38970000000006,66.27470000000005,-24.88650000000001
1306,1306,1306.0,1306.0,1306.0,1306.0,1306.0,1306.0,1306.0,1306.0,,,,,,,,,,,,,,,,,,,,,,,,,,,,,,,,,,,,,,,,,,,0.6,295.4096,293.5829,292.3471,291.8945,292.3225,293.6383,295.7806,298.6486,302.1316,306.1307,310.5709,315.404,320.6034,326.1557,332.0513,338.2756,344.8039,351.598,358.6062,365.7644,288.71453944264243,372.99996881008656,978.0819,11.865800000000036,33.88499999999999,-19.361699999999985
1307,1307,1307.0,1307.0,1307.0,1307.0,1307.0,1307.0,1307.0,1307.0,,,,,,,,,,,,,,,,,,,,,,,,,,,,,,,,,,,,,,,,,,,0.7,290.1068,291.548,293.0894,294.7859,296.6944,298.8716,301.3691,304.2297,307.4836,311.1471,315.2231,319.7018,324.5636,329.7813,335.3215,341.1466,347.2152,353.483,359.9029,366.4255,284.0443943437884,372.9999551275103,989.9477,6.268299999999954,22.019199999999955,-14.1284
1308,1308,1308.0,1308.0,1308.0,1308.0,1308.0,1308.0,1308.0,1308.0,,,,,,,,,,,,,,,,,,,,,,,,,,,,,,,,,,,,,,,,,,,0.8,286.7764,289.519,292.2864,295.0999,297.9885,300.9881,304.1381,307.4783,311.0444,314.8654,318.9612,323.3417,328.0067,332.9467,338.144,343.5738,349.2054,355.0038,360.9301,366.9432,268.5314714965785,324.7071264587032,996.216,2.2912000000000035,15.7509,-12.011900000000026
1309,1309,1309.0,1309.0,1309.0,1309.0,1309.0,1309.0,1309.0,1309.0,,,,,,,,,,,,,,,,,,,,,,,,,,,,,,,,,,,,,,,,,,,0.9,274.1254,279.6215,284.9381,290.0216,294.8515,299.4377,303.8111,308.0091,312.0596,315.9658,319.6945,323.1695,326.2722,328.8525,330.7485,331.8161,331.9623,331.1776,329.557,327.303,267.2195066738612,273.67520495831303,998.5072,13.459699999999998,13.459699999999998,-13.562299999999992
1310,1310,1310.0,1310.0,1310.0,1310.0,1310.0,1310.0,1310.0,1310.0,,,,,,,,,,,,,,,,,,,,,,,,,,,,,,,,,,,,,,,,,,,0.0,273.0,273.0,273.0,273.0,273.0,273.0,273.0,273.0,273.0,273.0,273.0,273.0,273.0,273.0,273.0,273.0,273.0,273.0,273.0,273.0,372.9999464363683,372.9999523041238,0.0,368.7879,1292.8488,10.54849999999999
1311,1311,1311.0,1311.0,1311.0,1311.0,1311.0,1311.0,1311.0,1311.0,,,,,,,,,,,,,,,,,,,,,,,,,,,,,,,,,,,,,,,,,,,0.1,355.9582,339.696,324.8873,312.0201,301.3574,292.9443,286.6547,282.2609,279.5107,278.1944,278.1944,279.5107,282.2609,286.6547,292.9443,301.3574,312.0201,324.8873,339.696,355.9582,182.1283128053691,273.09210848866513,368.7879,204.21520000000004,924.0609,10.54849999999999
1312,1312,1312.0,1312.0,1312.0,1312.0,1312.0,1312.0,1312.0,1312.0,,,,,,,,,,,,,,,,,,,,,,,,,,,,,,,,,,,,,,,,,,,0.2,202.7346,222.1648,239.4293,253.867,265.2116,273.5765,279.3709,283.1774,285.622,287.2628,288.5117,289.5944,290.5466,291.2411,291.4412,290.8716,289.2978,286.5993,282.8217,278.1921,372.9998794297224,372.9998925019,573.0031,240.7885,719.8457,10.54849999999999
1313,1313,1313.0,1313.0,1313.0,1313.0,1313.0,1313.0,1313.0,1313.0,,,,,,,,,,,,,,,,,,,,,,,,,,,,,,,,,,,,,,,,,,,0.3,354.1822,336.4991,320.9102,308.0685,298.2605,291.4246,287.2337,285.2123,284.8579,285.7427,287.5797,290.2528,293.811,298.4337,304.3733,311.8814,321.1302,332.1416,344.7404,358.5444,372.9999175246248,209.71667923027107,813.7916,135.22399999999993,479.0572,10.54849999999999
1314,1314,1314.0,1314.0,1314.0,1314.0,1314.0,1314.0,1314.0,1314.0,,,,,,,,,,,,,,,,,,,,,,,,,,,,,,,,,,,,,,,,,,,0.4,361.0611,349.4948,338.6471,328.8141,320.223,313.0187,307.2547,302.888,299.7739,297.661,296.1875,294.8808,293.1711,290.4236,285.998,279.3336,270.0498,258.0424,243.5473,227.1485,371.72001211435816,372.9999335625205,949.0156,215.4922000000001,343.83320000000003,10.54849999999999
1315,1315,1315.0,1315.0,1315.0,1315.0,1315.0,1315.0,1315.0,1315.0,,,,,,,,,,,,,,,,,,,,,,,,,,,,,,,,,,,,,,,,,,,0.5,362.8311,354.1056,345.6961,337.735,330.3276,323.5485,317.4445,312.0446,307.3779,303.4984,300.5135,298.6087,298.0599,299.2217,302.4869,308.2133,316.6308,327.7475,341.2817,356.6466,226.7142075658377,372.9999555404827,1164.5078,85.87009999999987,128.3409999999999,10.54849999999999
1316,1316,1316.0,1316.0,1316.0,1316.0,1316.0,1316.0,1316.0,1316.0,,,,,,,,,,,,,,,,,,,,,,,,,,,,,,,,,,,,,,,,,,,0.6,243.9349,260.1414,274.4732,286.3428,295.4954,302.0052,306.2173,308.6587,309.943,310.6881,311.4561,312.719,314.8427,318.0842,322.5946,328.4246,335.5301,343.7797,352.9643,362.8107,265.84417539056244,372.9999998530678,1250.3779,21.15319999999997,42.47090000000003,10.54849999999999
1317,1317,1317.0,1317.0,1317.0,1317.0,1317.0,1317.0,1317.0,1317.0,,,,,,,,,,,,,,,,,,,,,,,,,,,,,,,,,,,,,,,,,,,0.7,270.4324,275.0353,279.6533,284.2644,288.8259,293.2863,297.6019,301.7553,305.7668,309.6983,313.648,317.7372,322.0933,326.8321,332.0423,337.7746,344.0354,350.7855,357.9441,365.3956,295.1079383974667,372.9999811362893,1271.5311,13.490500000000113,21.31770000000006,10.54849999999999
1318,1318,1318.0,1318.0,1318.0,1318.0,1318.0,1318.0,1318.0,1318.0,,,,,,,,,,,,,,,,,,,,,,,,,,,,,,,,,,,,,,,,,,,0.8,294.6233,294.3584,294.5031,295.1948,296.5077,298.4552,301.0031,304.088,307.6365,311.5809,315.868,320.4625,325.3443,330.5037,335.9341,341.6259,347.5616,353.7124,360.038,366.4871,284.8282239783028,372.9999589429327,1285.0216,5.989800000000059,7.827199999999948,10.54849999999999
1319,1319,1319.0,1319.0,1319.0,1319.0,1319.0,1319.0,1319.0,1319.0,,,,,,,,,,,,,,,,,,,,,,,,,,,,,,,,,,,,,,,,,,,0.9,287.5322,290.2414,292.967,295.7306,298.5648,301.511,304.6149,307.9206,311.4654,315.2767,319.3703,323.7504,328.4112,333.3384,338.5113,343.9037,349.4857,355.2237,361.0814,367.0202,267.43830948350023,314.3828413182185,1291.0114,1.837399999999889,1.837399999999889,10.54849999999999
1320,1320,1320.0,1320.0,1320.0,1320.0,1320.0,1320.0,1320.0,,,,,,,,,,,,,,,,,,,,,,,,,,,,,,,,,,,,,,,,,,,,0.0,273.0,273.0,273.0,273.0,273.0,273.0,273.0,273.0,273.0,273.0,273.0,273.0,273.0,273.0,273.0,273.0,273.0,273.0,273.0,273.0,372.9997263148182,372.9999769467329,0.0,368.7879,1867.199,-40.0
1321,1321,1321.0,1321.0,1321.0,1321.0,1321.0,1321.0,1321.0,,,,,,,,,,,,,,,,,,,,,,,,,,,,,,,,,,,,,,,,,,,,0.1,355.9581,339.6959,324.8872,312.02,301.3574,292.9443,286.6546,282.2609,279.5107,278.1944,278.1944,279.5107,282.2609,286.6547,292.9443,301.3574,312.0201,324.8873,339.696,355.9583,299.57737631037946,345.02959364258925,368.7879,152.62399999999997,1498.4111,-20.0557
1322,1322,1322.0,1322.0,1322.0,1322.0,1322.0,1322.0,1322.0,,,,,,,,,,,,,,,,,,,,,,,,,,,,,,,,,,,,,,,,,,,,0.2,300.1672,300.4956,300.3633,299.6799,298.4833,296.9314,295.2703,293.7903,292.781,292.494,293.1181,294.7659,297.4725,301.2016,305.858,311.305,317.3838,323.9329,330.8043,337.8713,321.8938507422822,274.00171735363784,521.4119,97.72080000000004,1345.7871,-16.068600000000004
1323,1323,1323.0,1323.0,1323.0,1323.0,1323.0,1323.0,1323.0,,,,,,,,,,,,,,,,,,,,,,,,,,,,,,,,,,,,,,,,,,,,0.3,317.7219,313.7199,310.0407,306.8066,304.1024,301.9746,300.4341,299.4595,298.9982,298.9624,299.2228,299.6025,299.8763,299.7808,299.039,297.3985,294.679,290.818,285.9023,280.1735,305.8688100310904,273.2190092957334,619.1327,130.62339999999995,1248.0663,-11.02539999999999
1324,1324,1324.0,1324.0,1324.0,1324.0,1324.0,1324.0,1324.0,,,,,,,,,,,,,,,,,,,,,,,,,,,,,,,,,,,,,,,,,,,,0.4,305.6484,305.3757,305.0101,304.5298,303.9342,303.2392,302.4686,301.6426,300.7682,299.8326,298.801,297.6201,296.2247,294.5479,292.5315,290.1366,287.3518,284.1983,280.731,277.0352,302.275464266459,273.87533141728943,749.7561,159.47720000000004,1117.4429,-9.760800000000016
1325,1325,1325.0,1325.0,1325.0,1325.0,1325.0,1325.0,1325.0,,,,,,,,,,,,,,,,,,,,,,,,,,,,,,,,,,,,,,,,,,,,0.5,302.3878,302.4557,302.439,302.3048,302.0293,301.5969,300.9987,300.2297,299.2863,298.1641,296.8578,295.3607,293.6669,291.7726,289.6789,287.393,284.93,282.3129,279.5725,276.7461,316.8081305300683,273.22801272974607,909.2333,178.55229999999997,957.9657,-11.403099999999997
1326,1326,1326.0,1326.0,1326.0,1326.0,1326.0,1326.0,1326.0,,,,,,,,,,,,,,,,,,,,,,,,,,,,,,,,,,,,,,,,,,,,0.6,314.0952,311.4699,309.0053,306.7483,304.7144,302.8886,301.2316,299.6888,298.1999,296.7071,295.1605,293.5211,291.7616,289.8658,287.8275,285.6493,283.3413,280.9204,278.4091,275.8348,325.5025129619888,274.434835710424,1087.7856,191.48760000000016,779.4134000000001,-10.111400000000003
1327,1327,1327.0,1327.0,1327.0,1327.0,1327.0,1327.0,1327.0,,,,,,,,,,,,,,,,,,,,,,,,,,,,,,,,,,,,,,,,,,,,0.7,321.7878,318.1614,314.7002,311.46,308.4708,305.7366,303.2385,300.9414,298.8009,296.7701,294.8053,292.8691,290.9325,288.9758,286.9874,284.9629,282.9034,280.8136,278.7004,276.5716,315.94563138068605,273.72260948218207,1279.2732,195.47979999999984,587.9258,-7.26339999999999
1328,1328,1328.0,1328.0,1328.0,1328.0,1328.0,1328.0,1328.0,,,,,,,,,,,,,,,,,,,,,,,,,,,,,,,,,,,,,,,,,,,,0.8,314.4233,312.8576,311.2126,309.4666,307.6136,305.6621,303.6317,301.5465,299.4305,297.3031,295.1769,293.0578,290.9454,288.835,286.7202,284.5944,282.4525,280.2921,278.114,275.9221,305.7263153319586,274.1780573398666,1474.753,195.0798,392.44600000000014,-7.3378999999999905
1329,1329,1329.0,1329.0,1329.0,1329.0,1329.0,1329.0,1329.0,,,,,,,,,,,,,,,,,,,,,,,,,,,,,,,,,,,,,,,,,,,,0.9,305.709,305.6011,305.3241,304.8202,304.058,303.0317,301.7569,300.2644,298.5925,296.7809,294.8663,292.8794,290.8447,288.7803,286.6995,284.6109,282.5204,280.4312,278.3445,276.2605,320.8842154103611,273.5710243985504,1669.8328,197.36620000000016,197.36620000000016,-9.9683
1330,1330,1330.0,1330.0,1330.0,1330.0,1330.0,1330.0,1330.0,,,,,,,,,,,,,,,,,,,,,,,,,,,,,,,,,,,,,,,,,,,,0.0,273.0,273.0,273.0,273.0,273.0,273.0,273.0,273.0,273.0,273.0,273.0,273.0,273.0,273.0,273.0,273.0,273.0,273.0,273.0,273.0,372.99971307601845,372.9999655534248,0.0,368.7879,1870.6513,-40.0
1331,1331,1331.0,1331.0,1331.0,1331.0,1331.0,1331.0,1331.0,,,,,,,,,,,,,,,,,,,,,,,,,,,,,,,,,,,,,,,,,,,,0.1,355.958,339.6958,324.8872,312.02,301.3574,292.9443,286.6546,282.2609,279.5107,278.1944,278.1944,279.5107,282.2609,286.6547,292.9443,301.3574,312.0201,324.8873,339.696,355.9583,298.5627770501618,345.863830610065,368.7879,152.48449999999997,1501.8634,-20.0557
1332,1332,1332.0,1332.0,1332.0,1332.0,1332.0,1332.0,1332.0,,,,,,,,,,,,,,,,,,,,,,,,,,,,,,,,,,,,,,,,,,,,0.2,299.3256,299.819,299.8372,299.2846,298.1969,296.7319,295.1374,293.7071,292.7348,292.4767,293.1261,294.8004,297.5391,301.3099,306.0216,311.5402,317.7086,324.3655,331.3605,338.5634,320.73615513978194,273.5862159061399,521.2724,97.26150000000008,1349.3789,-16.268100000000004
1333,1333,1333.0,1333.0,1333.0,1333.0,1333.0,1333.0,1333.0,,,,,,,,,,,,,,,,,,,,,,,,,,,,,,,,,,,,,,,,,,,,0.3,316.7126,312.8553,309.3137,306.2077,303.6201,301.5966,300.1478,299.253,298.8601,298.8822,299.1901,299.6064,299.9046,299.819,299.0698,297.4024,294.6347,290.7042,285.7001,279.8685,307.760803178378,273.3598710637725,618.5339,130.84609999999998,1252.1174,-11.403399999999976
1334,1334,1334.0,1334.0,1334.0,1334.0,1334.0,1334.0,1334.0,,,,,,,,,,,,,,,,,,,,,,,,,,,,,,,,,,,,,,,,,,,,0.4,307.1417,306.4924,305.7907,305.0279,304.2097,303.3517,302.4718,301.5809,300.6753,299.7318,298.7067,297.5402,296.1626,294.5049,292.5083,290.1344,287.3726,284.2451,280.8069,277.1428,301.8244803580445,273.02838444810595,749.38,160.00300000000004,1121.2713,-9.648300000000006
1335,1335,1335.0,1335.0,1335.0,1335.0,1335.0,1335.0,1335.0,,,,,,,,,,,,,,,,,,,,,,,,,,,,,,,,,,,,,,,,,,,,0.5,302.0722,302.2645,302.352,302.2963,302.0718,301.6649,301.0712,300.2914,299.3277,298.18,296.8451,295.3167,293.587,291.6492,289.5002,287.1439,284.5928,281.8691,279.0053,276.0425,318.012622504124,273.000294122109,909.383,179.87739999999985,961.2683,-11.335100000000011
1336,1336,1336.0,1336.0,1336.0,1336.0,1336.0,1336.0,1336.0,,,,,,,,,,,,,,,,,,,,,,,,,,,,,,,,,,,,,,,,,,,,0.6,315.0914,312.2678,309.6229,307.2095,305.0453,303.1148,301.3755,299.7684,298.2282,296.6926,295.1082,293.4339,291.6415,289.7152,287.6496,285.4488,283.124,280.6927,278.1773,275.6037,322.39084281766657,274.94334274481616,1089.2604,192.1199000000001,781.3909000000001,-9.885199999999998
1337,1337,1337.0,1337.0,1337.0,1337.0,1337.0,1337.0,1337.0,,,,,,,,,,,,,,,,,,,,,,,,,,,,,,,,,,,,,,,,,,,,0.7,319.2625,316.1919,313.2297,310.4135,307.7644,305.2866,302.9688,300.7883,298.7157,296.719,294.7677,292.836,290.9044,288.9601,286.9971,285.0148,283.016,281.0054,278.9876,276.9661,316.43613041339296,273.8269995438564,1281.3803,195.2019,589.271,-7.713399999999979
1338,1338,1338.0,1338.0,1338.0,1338.0,1338.0,1338.0,1338.0,,,,,,,,,,,,,,,,,,,,,,,,,,,,,,,,,,,,,,,,,,,,0.8,314.6974,312.9331,311.1224,309.2528,307.3216,305.3349,303.3048,301.2463,299.1735,297.0975,295.0243,292.9555,290.8882,288.8169,286.7349,284.6357,282.5146,280.37,278.2033,276.0198,307.2958428778704,273.7972616730236,1476.5822,195.6297,394.06909999999993,-7.665099999999995
1339,1339,1339.0,1339.0,1339.0,1339.0,1339.0,1339.0,1339.0,,,,,,,,,,,,,,,,,,,,,,,,,,,,,,,,,,,,,,,,,,,,0.9,306.9786,306.5844,306.0459,305.3144,304.3634,303.1885,301.8037,300.2358,298.517,296.6806,294.7563,292.7684,290.7353,288.6701,286.5817,284.4757,282.3562,280.2261,278.0878,275.9439,320.559226925476,273.29751455015185,1672.2119,198.4394,198.4394,-9.811500000000024
1340,1340,1340.0,1340.0,1340.0,1340.0,1340.0,1340.0,1340.0,,,,,,,,,,,,,,,,,,,,,,,,,,,,,,,,,,,,,,,,,,,,0.0,273.0,273.0,273.0,273.0,273.0,273.0,273.0,273.0,273.0,273.0,273.0,273.0,273.0,273.0,273.0,273.0,273.0,273.0,273.0,273.0,372.9997208950591,372.999975083254,0.0,368.7879,1501.487,18.875699999999995
1341,1341,1341.0,1341.0,1341.0,1341.0,1341.0,1341.0,1341.0,,,,,,,,,,,,,,,,,,,,,,,,,,,,,,,,,,,,,,,,,,,,0.1,355.9581,339.6958,324.8872,312.02,301.3574,292.9443,286.6546,282.2609,279.5107,278.1944,278.1944,279.5107,282.2609,286.6547,292.9443,301.3574,312.0201,324.8873,339.696,355.9583,371.5072823439976,290.5829751333399,368.7879,172.0935,1132.6991,18.875699999999995
1342,1342,1342.0,1342.0,1342.0,1342.0,1342.0,1342.0,1342.0,,,,,,,,,,,,,,,,,,,,,,,,,,,,,,,,,,,,,,,,,,,,0.2,359.8359,348.4614,337.6659,327.703,318.7871,311.0847,304.7097,299.7189,296.1096,293.8157,292.7046,292.5756,293.1631,294.1496,295.1917,295.959,296.1826,295.702,294.4992,292.7066,372.9997432023001,372.9999680214067,540.8814,150.34929999999997,960.6056,18.875699999999995
1343,1343,1343.0,1343.0,1343.0,1343.0,1343.0,1343.0,1343.0,,,,,,,,,,,,,,,,,,,,,,,,,,,,,,,,,,,,,,,,,,,,0.3,363.5973,354.3874,345.5536,337.2626,329.658,322.8578,316.955,312.0225,308.1218,305.3157,303.6814,303.3224,304.3728,306.9912,311.3384,317.5405,325.6425,335.5618,347.0557,359.7166,372.9996460146119,372.9999892970993,691.2307,102.88160000000003,810.2563000000001,18.875699999999995
1344,1344,1344.0,1344.0,1344.0,1344.0,1344.0,1344.0,1344.0,,,,,,,,,,,,,,,,,,,,,,,,,,,,,,,,,,,,,,,,,,,,0.4,365.3382,357.8183,350.5794,343.7569,337.4812,331.8757,327.0569,323.1334,320.2048,318.3605,317.677,318.214,320.0096,323.0744,327.3855,332.8809,339.4558,346.9619,355.209,363.9721,173.00005355690683,183.4440399087998,794.1123,68.94200000000001,707.3747000000001,18.875699999999995
1345,1345,1345.0,1345.0,1345.0,1345.0,1345.0,1345.0,1345.0,,,,,,,,,,,,,,,,,,,,,,,,,,,,,,,,,,,,,,,,,,,,0.5,200.8554,227.2759,251.0358,271.2786,287.5936,299.9995,308.851,314.6967,318.1261,319.6324,319.5134,317.8181,314.3449,308.6885,300.3334,288.7831,273.7066,255.0741,233.2476,208.9996,260.033685611052,372.9999782762524,863.0543,106.98900000000005,638.4327000000001,18.875699999999995
1346,1346,1346.0,1346.0,1346.0,1346.0,1346.0,1346.0,1346.0,,,,,,,,,,,,,,,,,,,,,,,,,,,,,,,,,,,,,,,,,,,,0.6,264.0817,268.2983,272.7914,277.5645,282.504,287.3969,291.9767,295.9826,299.2222,301.626,303.2876,304.4829,305.6638,307.4213,310.4135,315.2636,322.4387,332.1343,344.1942,358.0935,293.0030319803701,270.3301766178635,970.0433,82.14239999999995,531.4437,18.875699999999995
1347,1347,1347.0,1347.0,1347.0,1347.0,1347.0,1347.0,1347.0,,,,,,,,,,,,,,,,,,,,,,,,,,,,,,,,,,,,,,,,,,,,0.7,291.6793,290.5844,289.9108,289.787,290.2641,291.3182,292.8639,294.7735,296.8939,299.0562,301.0762,302.749,303.8436,304.1056,303.2749,301.1211,297.4927,292.3679,285.8925,278.3895,358.4847895086188,273.3232538636387,1052.1857,122.63869999999996,449.3013000000001,18.875699999999995
1348,1348,1348.0,1348.0,1348.0,1348.0,1348.0,1348.0,1348.0,,,,,,,,,,,,,,,,,,,,,,,,,,,,,,,,,,,,,,,,,,,,0.8,347.2905,336.6598,327.0788,318.8959,312.2887,307.2635,303.6801,301.2932,299.7991,298.8774,298.2236,297.5702,296.6989,295.4463,293.7047,291.4213,288.5945,285.2702,281.5342,277.5049,284.924716944182,273.6194227125221,1174.8244,156.19579999999996,326.6626000000001,18.875699999999995
1349,1349,1349.0,1349.0,1349.0,1349.0,1349.0,1349.0,1349.0,,,,,,,,,,,,,,,,,,,,,,,,,,,,,,,,,,,,,,,,,,,,0.9,289.7777,294.2435,297.9982,300.8277,302.6488,303.4993,303.5076,302.8493,301.7057,300.2318,298.539,296.6916,294.7139,292.6031,290.3437,287.9202,285.3259,282.5686,279.6715,276.6724,299.4043085955015,273.6624894944067,1331.0202,170.46680000000015,170.46680000000015,18.875699999999995
1350,1350,1350.0,1350.0,1350.0,1350.0,1350.0,1350.0,1350.0,,,,,,,,,,,,,,,,,,,,,,,,,,,,,,,,,,,,,,,,,,,,0.0,273.0,273.0,273.0,273.0,273.0,273.0,273.0,273.0,273.0,273.0,273.0,273.0,273.0,273.0,273.0,273.0,273.0,273.0,273.0,273.0,372.9999464363674,372.9999335625205,0.0,368.7879,1494.398,18.912199999999984
1351,1351,1351.0,1351.0,1351.0,1351.0,1351.0,1351.0,1351.0,,,,,,,,,,,,,,,,,,,,,,,,,,,,,,,,,,,,,,,,,,,,0.1,355.9582,339.696,324.8873,312.0201,301.3574,292.9443,286.6547,282.2609,279.5107,278.1944,278.1944,279.5107,282.2609,286.6547,292.9443,301.3574,312.0201,324.8873,339.696,355.9582,372.127669541879,290.01683186390954,368.7879,172.38709999999998,1125.6101,18.912199999999984
1352,1352,1352.0,1352.0,1352.0,1352.0,1352.0,1352.0,1352.0,,,,,,,,,,,,,,,,,,,,,,,,,,,,,,,,,,,,,,,,,,,,0.2,360.3505,348.8751,337.9876,327.9447,318.9621,311.2067,304.7908,299.7695,296.1373,293.8252,292.6979,292.5515,293.1175,294.0759,295.0806,295.7994,295.9622,295.4084,294.1215,292.2368,372.9999587709364,372.9999277543367,541.175,151.29360000000008,953.223,18.912199999999984
1353,1353,1353.0,1353.0,1353.0,1353.0,1353.0,1353.0,1353.0,,,,,,,,,,,,,,,,,,,,,,,,,,,,,,,,,,,,,,,,,,,,0.3,363.6273,354.4439,345.6307,337.3523,329.7518,322.9474,317.0331,312.0835,308.1618,305.3324,303.6741,303.2919,304.3216,306.9232,311.259,317.4565,325.5618,335.4922,347.0045,359.6895,372.999579932971,372.99996576331074,692.4686,103.32679999999992,801.9293999999999,18.912199999999984
1354,1354,1354.0,1354.0,1354.0,1354.0,1354.0,1354.0,1354.0,,,,,,,,,,,,,,,,,,,,,,,,,,,,,,,,,,,,,,,,,,,,0.4,365.3489,357.8389,350.608,343.7912,337.5181,331.9122,327.0901,323.1605,320.2238,318.37,317.6764,318.2037,319.9909,323.0492,327.3562,332.8504,339.427,346.9374,355.1913,363.9628,173.00008689696512,182.52593821755,795.7954,69.30500000000006,698.6025999999999,18.912199999999984
1355,1355,1355.0,1355.0,1355.0,1355.0,1355.0,1355.0,1355.0,,,,,,,,,,,,,,,,,,,,,,,,,,,,,,,,,,,,,,,,,,,,0.5,200.8597,227.2842,251.0473,271.2924,287.6083,300.0135,308.8625,314.7035,318.1254,319.6204,319.4849,317.7661,314.2598,308.5579,300.1419,288.513,273.3387,254.5893,232.6291,208.2347,262.0064972770673,372.9998922318112,865.1004,107.45600000000002,629.2975999999999,18.912199999999984
1356,1356,1356.0,1356.0,1356.0,1356.0,1356.0,1356.0,1356.0,,,,,,,,,,,,,,,,,,,,,,,,,,,,,,,,,,,,,,,,,,,,0.6,265.7187,269.6144,273.8142,278.331,283.0553,287.7745,292.2185,296.1204,299.281,301.6244,303.2389,304.3968,305.5482,307.2839,310.2633,315.111,322.2956,332.013,344.1059,358.0469,290.09200713427475,274.47671850241807,972.5564,80.97259999999994,521.8415999999999,18.912199999999984
1357,1357,1357.0,1357.0,1357.0,1357.0,1357.0,1357.0,1357.0,,,,,,,,,,,,,,,,,,,,,,,,,,,,,,,,,,,,,,,,,,,,0.7,289.3585,288.821,288.6442,288.9375,289.7433,291.0395,292.7509,294.7664,296.9526,299.1615,301.2302,302.9746,304.1838,304.6222,304.0468,302.2399,299.0566,294.4735,288.6248,281.8119,359.28964688528424,273.4393069086457,1053.529,118.58740000000012,440.8689999999999,18.912199999999984
1358,1358,1358.0,1358.0,1358.0,1358.0,1358.0,1358.0,1358.0,,,,,,,,,,,,,,,,,,,,,,,,,,,,,,,,,,,,,,,,,,,,0.8,347.8585,337.0104,327.248,318.931,312.2419,307.1862,303.6183,301.2848,299.873,299.0535,298.5129,297.9747,297.2111,296.0479,294.3665,292.1035,289.25,285.8486,281.989,277.8002,282.3436804147913,273.064405671544,1172.1164,152.6875,322.2815999999998,18.912199999999984
1359,1359,1359.0,1359.0,1359.0,1359.0,1359.0,1359.0,1359.0,,,,,,,,,,,,,,,,,,,,,,,,,,,,,,,,,,,,,,,,,,,,0.9,287.6542,292.5573,296.7116,299.8915,302.0081,303.0999,303.3003,302.7924,301.7655,300.3808,298.7539,296.9504,294.9937,292.8784,290.5859,288.0981,285.4075,282.5232,279.4727,276.3007,301.05597651778623,272.999872086184,1324.8039,169.5940999999998,169.5940999999998,18.912199999999984
1360,1360,1360.0,1360.0,1360.0,1360.0,1360.0,1360.0,1360.0,,,,,,,,,,,,,,,,,,,,,,,,,,,,,,,,,,,,,,,,,,,,0.0,273.0,273.0,273.0,273.0,273.0,273.0,273.0,273.0,273.0,273.0,273.0,273.0,273.0,273.0,273.0,273.0,273.0,273.0,273.0,273.0,372.999716170921,372.99997673161374,0.0,368.7879,1923.6331,-40.0
1361,1361,1361.0,1361.0,1361.0,1361.0,1361.0,1361.0,1361.0,,,,,,,,,,,,,,,,,,,,,,,,,,,,,,,,,,,,,,,,,,,,0.1,355.9581,339.6958,324.8872,312.02,301.3574,292.9443,286.6546,282.2609,279.5107,278.1944,278.1944,279.5107,282.2609,286.6547,292.9443,301.3574,312.0201,324.8873,339.696,355.9583,336.0251190503227,322.6054471856978,368.7879,158.32909999999998,1554.8452000000002,-20.0557
1362,1362,1362.0,1362.0,1362.0,1362.0,1362.0,1362.0,1362.0,,,,,,,,,,,,,,,,,,,,,,,,,,,,,,,,,,,,,,,,,,,,0.2,330.4022,324.8008,319.2658,313.8813,308.7753,304.1109,300.069,296.8244,294.523,293.2624,293.0782,293.937,295.7372,298.3178,301.4754,304.9897,308.6543,312.307,315.8523,319.2702,285.1958001052648,274.8566205961102,527.117,115.54740000000004,1396.5161000000005,-8.889099999999985
1363,1363,1363.0,1363.0,1363.0,1363.0,1363.0,1363.0,1363.0,,,,,,,,,,,,,,,,,,,,,,,,,,,,,,,,,,,,,,,,,,,,0.3,289.0492,292.598,295.5907,297.8693,299.3874,300.2044,300.4585,300.328,299.9887,299.5773,299.1643,298.7413,298.2219,297.457,296.2636,294.4614,291.9152,288.5723,284.4878,279.829,311.82308190676525,274.8640961195848,642.6644,143.37490000000005,1280.9687,-12.79559999999998
1364,1364,1364.0,1364.0,1364.0,1364.0,1364.0,1364.0,1364.0,,,,,,,,,,,,,,,,,,,,,,,,,,,,,,,,,,,,,,,,,,,,0.4,309.4587,307.2204,305.2123,303.4997,302.1015,300.9922,300.1112,299.376,298.6956,297.9809,297.1514,296.1383,294.8866,293.3549,291.5174,289.3646,286.906,284.1702,281.2056,278.0775,319.79976338420914,274.7755705362656,786.0393,168.46519999999998,1137.5938,-12.007799999999976
1365,1365,1365.0,1365.0,1365.0,1365.0,1365.0,1365.0,1365.0,,,,,,,,,,,,,,,,,,,,,,,,,,,,,,,,,,,,,,,,,,,,0.5,316.7457,313.7806,310.9812,308.4025,306.0722,303.9901,302.1305,300.4492,298.89,297.3923,295.8969,294.3508,292.7103,290.9428,289.028,286.9579,284.7367,282.3794,279.9109,277.3636,310.8663794309909,273.3386114665782,954.5045,182.4593,969.1286,-9.009900000000016
1366,1366,1366.0,1366.0,1366.0,1366.0,1366.0,1366.0,1366.0,,,,,,,,,,,,,,,,,,,,,,,,,,,,,,,,,,,,,,,,,,,,0.6,309.8791,308.8494,307.7418,306.5331,305.2137,303.7867,302.2635,300.6593,298.9875,297.2571,295.4703,293.6232,291.7074,289.7124,287.6283,285.4487,283.1727,280.8065,278.364,275.8659,314.97011345260904,273.63166693142546,1136.9638,190.98569999999995,786.6693,-9.213300000000004
1367,1367,1367.0,1367.0,1367.0,1367.0,1367.0,1367.0,1367.0,,,,,,,,,,,,,,,,,,,,,,,,,,,,,,,,,,,,,,,,,,,,0.7,313.0267,311.1005,309.2051,307.3483,305.5299,303.743,301.9752,300.2108,298.4337,296.6289,294.7842,292.8905,290.942,288.9365,286.8744,284.7591,282.5959,280.3922,278.1569,275.8998,322.62880811741,273.3105620050846,1327.9495,197.01400000000007,595.6836000000001,-9.257000000000003
1368,1368,1368.0,1368.0,1368.0,1368.0,1368.0,1368.0,1368.0,,,,,,,,,,,,,,,,,,,,,,,,,,,,,,,,,,,,,,,,,,,,0.8,319.4568,316.3462,313.3498,310.5047,307.8296,305.324,302.9724,300.7485,298.6209,296.5576,294.5295,292.5125,290.488,288.4427,286.3683,284.2609,282.1199,279.9482,277.751,275.5355,318.3388108929578,273.8841319463574,1524.9635,199.7675,398.6696,-7.675999999999988
1369,1369,1369.0,1369.0,1369.0,1369.0,1369.0,1369.0,1369.0,,,,,,,,,,,,,,,,,,,,,,,,,,,,,,,,,,,,,,,,,,,,0.9,316.2782,314.2044,312.1073,309.9818,307.8287,305.6539,303.4667,301.277,299.094,296.9241,294.7708,292.635,290.5152,288.4094,286.3149,284.2295,282.1514,280.0792,278.0115,275.947,314.76539201564293,273.54184939480143,1724.731,198.9021,198.9021,-7.346099999999978
1370,1370,1370.0,1370.0,1370.0,1370.0,1370.0,1370.0,1370.0,,,,,,,,,,,,,,,,,,,,,,,,,,,,,,,,,,,,,,,,,,,,0.0,273.0,273.0,273.0,273.0,273.0,273.0,273.0,273.0,273.0,273.0,273.0,273.0,273.0,273.0,273.0,273.0,273.0,273.0,273.0,273.0,372.9998994852242,372.99996374394937,0.0,368.7879,1491.4485,18.9049
1371,1371,1371.0,1371.0,1371.0,1371.0,1371.0,1371.0,1371.0,,,,,,,,,,,,,,,,,,,,,,,,,,,,,,,,,,,,,,,,,,,,0.1,355.9582,339.696,324.8873,312.0201,301.3574,292.9443,286.6546,282.2609,279.5107,278.1944,278.1944,279.5107,282.2609,286.6547,292.9443,301.3574,312.0201,324.8873,339.696,355.9583,372.0024757747587,290.1311298734953,368.7879,172.32760000000002,1122.6606,18.9049
1372,1372,1372.0,1372.0,1372.0,1372.0,1372.0,1372.0,1372.0,,,,,,,,,,,,,,,,,,,,,,,,,,,,,,,,,,,,,,,,,,,,0.2,360.2467,348.7916,337.9227,327.8959,318.9268,311.1821,304.7745,299.7593,296.1317,293.8233,292.6992,292.5563,293.1267,294.0908,295.1031,295.8317,296.0067,295.4677,294.1977,292.3316,372.9998534064803,372.9999589414175,541.1155,151.10260000000005,950.333,18.9049
1373,1373,1373.0,1373.0,1373.0,1373.0,1373.0,1373.0,1373.0,,,,,,,,,,,,,,,,,,,,,,,,,,,,,,,,,,,,,,,,,,,,0.3,363.6212,354.4325,345.6151,337.3342,329.7328,322.9293,317.0174,312.0712,308.1537,305.329,303.6756,303.2981,304.332,306.9369,311.275,317.4735,325.5781,335.5062,347.0149,359.695,372.9998091847864,372.99995265925793,692.2181,103.2369,799.2303999999999,18.9049
1374,1374,1374.0,1374.0,1374.0,1374.0,1374.0,1374.0,1374.0,,,,,,,,,,,,,,,,,,,,,,,,,,,,,,,,,,,,,,,,,,,,0.4,365.3469,357.8349,350.6023,343.7844,337.5107,331.9049,327.0834,323.155,320.2199,318.3681,317.6765,318.2058,319.9947,323.0543,327.3622,332.8565,339.4328,346.9424,355.1949,363.9647,173.00008689696512,182.52593821755,795.455,69.27889999999991,695.9934999999999,18.9049
1375,1375,1375.0,1375.0,1375.0,1375.0,1375.0,1375.0,1375.0,,,,,,,,,,,,,,,,,,,,,,,,,,,,,,,,,,,,,,,,,,,,0.5,200.8589,227.2825,251.045,271.2896,287.6052,300.0105,308.8596,314.7011,318.1236,319.6193,319.4845,317.7665,314.2609,308.5595,300.1439,288.5151,273.3407,254.591,232.6303,208.2354,262.00671369495063,372.99993341752753,864.7339,107.45550000000004,626.7146,18.9049
1376,1376,1376.0,1376.0,1376.0,1376.0,1376.0,1376.0,1376.0,,,,,,,,,,,,,,,,,,,,,,,,,,,,,,,,,,,,,,,,,,,,0.6,265.7185,269.6138,273.8133,278.3298,283.054,287.7732,292.2171,296.1192,299.28,301.6238,303.2385,304.3967,305.5484,307.2843,310.2638,315.1116,322.2962,332.0136,344.1063,358.0472,292.85129187884013,273.19734506248875,972.1894,80.75749999999994,519.2591,18.9049
1377,1377,1377.0,1377.0,1377.0,1377.0,1377.0,1377.0,1377.0,,,,,,,,,,,,,,,,,,,,,,,,,,,,,,,,,,,,,,,,,,,,0.7,291.6473,290.6608,290.0749,290.0122,290.5221,291.5829,293.1148,294.9979,297.0884,299.2271,301.2405,302.9343,304.0886,304.4598,303.7979,301.8803,298.559,293.8103,287.7716,280.7505,353.48879183342177,274.63003544921645,1052.9469,118.34360000000017,438.50160000000005,18.9049
1378,1378,1378.0,1378.0,1378.0,1378.0,1378.0,1378.0,1378.0,,,,,,,,,,,,,,,,,,,,,,,,,,,,,,,,,,,,,,,,,,,,0.8,343.1809,333.3969,324.5887,317.0801,311.0367,306.4644,303.2325,301.1123,299.8196,299.0538,298.5277,297.9873,297.2234,296.0775,294.4431,292.2661,289.5427,286.3163,282.672,278.7289,282.48402320520125,273.782152366238,1171.2905,151.14639999999986,320.1579999999999,18.9049
1379,1379,1379.0,1379.0,1379.0,1379.0,1379.0,1379.0,1379.0,,,,,,,,,,,,,,,,,,,,,,,,,,,,,,,,,,,,,,,,,,,,0.9,287.5393,292.2137,296.188,299.2499,301.3142,302.4141,302.6712,302.2539,301.3365,300.0684,298.5565,296.8621,295.007,292.9869,290.7848,288.3845,285.7802,282.9818,280.0174,276.9318,303.9668166838787,273.6622490970372,1322.4369,169.01160000000004,169.01160000000004,18.9049
1380,1380,1380.0,1380.0,1380.0,1380.0,1380.0,1380.0,,,,,,,,,,,,,,,,,,,,,,,,,,,,,,,,,,,,,,,,,,,,,0.0,273.0,273.0,273.0,273.0,273.0,273.0,273.0,273.0,273.0,273.0,273.0,273.0,273.0,273.0,273.0,273.0,273.0,273.0,273.0,273.0,372.99996289605417,372.99996992593753,0.0,368.7878,1907.9116,-40.0
1381,1381,1381.0,1381.0,1381.0,1381.0,1381.0,1381.0,,,,,,,,,,,,,,,,,,,,,,,,,,,,,,,,,,,,,,,,,,,,,0.1,355.9583,339.696,324.8873,312.0201,301.3574,292.9443,286.6547,282.2609,279.5107,278.1944,278.1944,279.5107,282.2609,286.6547,292.9443,301.3574,312.0201,324.8873,339.696,355.9583,301.5035608193131,372.87386716858447,368.7878,146.28500000000005,1539.1237999999998,-20.0557
1382,1382,1382.0,1382.0,1382.0,1382.0,1382.0,1382.0,,,,,,,,,,,,,,,,,,,,,,,,,,,,,,,,,,,,,,,,,,,,,0.2,301.7657,301.7819,301.3668,300.4405,299.0489,297.3553,295.6119,294.1191,293.1842,293.0893,294.0692,296.301,299.9009,304.9252,311.3719,319.1817,328.2396,338.3765,349.3735,360.9698,173.00385222999336,372.9999308603847,515.0728,86.47849999999994,1392.8387999999998,-15.6447
1383,1383,1383.0,1383.0,1383.0,1383.0,1383.0,1383.0,,,,,,,,,,,,,,,,,,,,,,,,,,,,,,,,,,,,,,,,,,,,,0.3,194.3519,214.7127,233.2441,249.3604,262.7908,273.5757,282.0127,288.5725,293.8072,298.2702,302.4573,306.7739,311.5211,316.8984,323.0133,329.8949,337.508,345.7658,354.5411,363.6778,341.2195558924102,272.34794584272305,601.5513,107.3691,1306.3602999999998,-39.42430000000002
1384,1384,1384.0,1384.0,1384.0,1384.0,1384.0,1384.0,,,,,,,,,,,,,,,,,,,,,,,,,,,,,,,,,,,,,,,,,,,,,0.4,327.9407,315.6647,305.2403,297.2451,291.9303,289.2333,288.8415,290.2831,293.0147,296.4878,300.1839,303.624,306.3639,307.9911,308.1367,306.5071,302.931,297.4114,290.1608,281.6055,365.5701814720263,372.9997927310866,708.9204,84.5575,1198.9912,-23.76670000000001
1385,1385,1385.0,1385.0,1385.0,1385.0,1385.0,1385.0,,,,,,,,,,,,,,,,,,,,,,,,,,,,,,,,,,,,,,,,,,,,,0.5,354.0878,343.0917,333.0165,324.202,316.8675,311.1054,306.8933,304.123,302.6377,302.2749,302.9066,304.4709,306.9904,310.5701,315.3723,321.5697,329.284,338.5225,349.132,360.7838,173.0003725652482,372.9999571937517,793.4779,44.76909999999998,1114.4337,-1.8946000000000247
1386,1386,1386.0,1386.0,1386.0,1386.0,1386.0,1386.0,,,,,,,,,,,,,,,,,,,,,,,,,,,,,,,,,,,,,,,,,,,,,0.6,197.7796,221.2799,242.4165,260.4482,275.0501,286.3022,294.6107,300.5901,304.9405,308.3441,311.3955,314.567,318.2008,322.5188,327.64,333.5989,340.3607,347.8345,355.8841,364.3378,231.1864296409899,173.00004958886635,838.247,101.4696,1069.6646,-26.69779999999997
1387,1387,1387.0,1387.0,1387.0,1387.0,1387.0,1387.0,,,,,,,,,,,,,,,,,,,,,,,,,,,,,,,,,,,,,,,,,,,,,0.7,238.4288,245.7349,253.1369,260.6139,268.0841,275.4117,282.4207,288.9067,294.6394,299.3503,302.7115,304.3123,303.6514,300.157,293.2474,282.4301,267.4269,248.2956,225.5141,199.9927,372.9999405300432,173.00045536925893,939.7166,298.04189999999994,968.195,-37.5883
1388,1388,1388.0,1388.0,1388.0,1388.0,1388.0,1388.0,,,,,,,,,,,,,,,,,,,,,,,,,,,,,,,,,,,,,,,,,,,,,0.8,355.79,339.6012,325.2963,313.4568,304.318,297.7705,293.4159,290.6554,288.7872,287.094,284.9085,281.6569,276.8838,270.2643,261.6094,250.8673,238.1217,223.586,207.5905,190.5627,372.01853688468265,316.4172881915963,1237.7585,425.43600000000015,670.1531,-15.229499999999971
1389,1389,1389.0,1389.0,1389.0,1389.0,1389.0,1389.0,,,,,,,,,,,,,,,,,,,,,,,,,,,,,,,,,,,,,,,,,,,,,0.9,360.806,349.8512,339.3854,329.5905,320.5842,312.4142,305.0651,298.4768,292.5746,287.3058,282.6784,278.7938,275.8623,274.1938,274.1562,276.104,280.2862,286.7547,295.2987,305.4281,272.7018070315913,372.99999304511016,1663.1945,244.71709999999985,244.71709999999985,-0.5858000000000061
1390,1390,1390.0,1390.0,1390.0,1390.0,1390.0,1390.0,,,,,,,,,,,,,,,,,,,,,,,,,,,,,,,,,,,,,,,,,,,,,0.0,273.0,273.0,273.0,273.0,273.0,273.0,273.0,273.0,273.0,273.0,273.0,273.0,273.0,273.0,273.0,273.0,273.0,273.0,273.0,273.0,372.999929721669,372.9999917812696,0.0,368.7878,1432.0603,-40.0
1391,1391,1391.0,1391.0,1391.0,1391.0,1391.0,1391.0,,,,,,,,,,,,,,,,,,,,,,,,,,,,,,,,,,,,,,,,,,,,,0.1,355.9582,339.696,324.8873,312.0201,301.3574,292.9443,286.6547,282.2609,279.5107,278.1944,278.1944,279.5107,282.2609,286.6547,292.9443,301.3574,312.0202,324.8873,339.696,355.9583,372.9999681132303,194.41779921026225,368.7878,213.9128,1063.2725,-20.0557
1392,1392,1392.0,1392.0,1392.0,1392.0,1392.0,1392.0,,,,,,,,,,,,,,,,,,,,,,,,,,,,,,,,,,,,,,,,,,,,,0.2,361.0718,349.4503,338.425,328.2515,319.1379,311.2336,304.618,299.2909,295.16,292.0272,289.5754,287.3613,284.8236,281.3142,276.1612,268.7616,258.6929,245.8198,230.3673,212.9318,331.0436412483652,274.08683263179427,582.7006,316.34439999999995,849.3597000000001,-1.766399999999976
1393,1393,1393.0,1393.0,1393.0,1393.0,1393.0,1393.0,,,,,,,,,,,,,,,,,,,,,,,,,,,,,,,,,,,,,,,,,,,,,0.3,328.7087,326.2013,323.3822,320.1701,316.5504,312.5676,308.3068,303.8709,299.3617,294.871,290.4825,286.2831,282.3755,278.8862,275.9605,273.7425,272.3421,271.7969,272.0416,272.8973,288.8562289852952,372.99995910770986,899.045,229.87130000000013,533.0153000000001,-0.4323999999999728
1394,1394,1394.0,1394.0,1394.0,1394.0,1394.0,1394.0,,,,,,,,,,,,,,,,,,,,,,,,,,,,,,,,,,,,,,,,,,,,,0.4,292.8305,296.444,299.3868,301.4401,302.4993,302.578,301.7976,300.3675,298.5661,296.7256,295.2225,294.4699,294.9071,296.9769,301.0867,307.5543,316.5431,328.003,341.6332,356.8832,287.5142177971811,372.9999591685682,1128.9163,80.42949999999996,303.144,-10.422000000000024
1395,1395,1395.0,1395.0,1395.0,1395.0,1395.0,1395.0,,,,,,,,,,,,,,,,,,,,,,,,,,,,,,,,,,,,,,,,,,,,,0.5,289.6138,291.6154,293.4355,295.0184,296.3459,297.4441,298.3857,299.2875,300.3048,301.6205,303.4332,305.9409,309.3248,313.7321,319.2606,325.9455,333.7511,342.5677,352.2154,362.4542,301.5601171528922,372.9973241842066,1209.3458,28.42879999999991,222.71450000000004,-15.555900000000008
1396,1396,1396.0,1396.0,1396.0,1396.0,1396.0,1396.0,,,,,,,,,,,,,,,,,,,,,,,,,,,,,,,,,,,,,,,,,,,,,0.6,300.8175,300.1821,299.7515,299.6057,299.8054,300.3939,301.4034,302.8622,304.801,307.2557,310.2675,313.8782,318.1249,323.0321,328.605,334.8241,341.6419,348.9822,356.7415,364.794,173.00014743602662,292.0236410975264,1237.7746,33.096000000000004,194.28570000000013,-12.606100000000026
1397,1397,1397.0,1397.0,1397.0,1397.0,1397.0,1397.0,,,,,,,,,,,,,,,,,,,,,,,,,,,,,,,,,,,,,,,,,,,,,0.7,195.0425,216.1511,235.5267,252.6076,267.1202,279.0701,288.6845,296.3255,302.3964,307.2592,311.1758,314.2766,316.5579,317.9034,318.1287,317.0411,314.5061,310.5085,305.194,298.8792,372.9999433618482,372.9999335625205,1270.8706,80.22180000000003,161.18970000000013,-33.929899999999975
1398,1398,1398.0,1398.0,1398.0,1398.0,1398.0,1398.0,,,,,,,,,,,,,,,,,,,,,,,,,,,,,,,,,,,,,,,,,,,,,0.8,355.1134,338.4558,324.0646,312.6411,304.4824,299.4985,297.2983,297.3151,298.9369,301.6165,304.9457,308.6914,312.7946,317.3416,322.5139,328.5233,335.5431,343.6462,352.762,362.6654,173.00768761756424,372.9999702540868,1351.0924,34.53800000000001,80.9679000000001,-13.50150000000002
1399,1399,1399.0,1399.0,1399.0,1399.0,1399.0,1399.0,,,,,,,,,,,,,,,,,,,,,,,,,,,,,,,,,,,,,,,,,,,,,0.9,196.5332,218.8872,239.0826,256.4566,270.7357,282.0196,290.7002,297.3462,302.585,307.0089,311.1148,315.2795,319.7616,324.7172,330.2226,336.293,342.8984,349.974,357.4276,365.1457,372.9999335625205,372.9999531235231,1385.6304,46.42990000000009,46.42990000000009,-30.98039999999997
1400,1400,1400.0,1400.0,1400.0,1400.0,1400.0,1400.0,,,,,,,,,,,,,,,,,,,,,,,,,,,,,,,,,,,,,,,,,,,,,0.0,273.0,273.0,273.0,273.0,273.0,273.0,273.0,273.0,273.0,273.0,273.0,273.0,273.0,273.0,273.0,273.0,273.0,273.0,273.0,273.0,372.9999267091554,372.9999545416,0.0,368.7879,1912.9633,-40.0
1401,1401,1401.0,1401.0,1401.0,1401.0,1401.0,1401.0,,,,,,,,,,,,,,,,,,,,,,,,,,,,,,,,,,,,,,,,,,,,,0.1,355.9582,339.696,324.8873,312.0201,301.3574,292.9443,286.6547,282.2609,279.5107,278.1944,278.1944,279.5107,282.2609,286.6547,292.9443,301.3574,312.0201,324.8873,339.696,355.9582,301.53840864810024,372.82244247317794,368.7879,146.2932,1544.1753999999996,-20.0557
1402,1402,1402.0,1402.0,1402.0,1402.0,1402.0,1402.0,,,,,,,,,,,,,,,,,,,,,,,,,,,,,,,,,,,,,,,,,,,,,0.2,301.7946,301.8051,301.3848,300.4541,299.0587,297.3621,295.6164,294.1218,293.1855,293.0894,294.0681,296.2985,299.8966,304.9185,311.3618,319.1672,328.2196,338.3498,349.3392,360.9272,173.00443594302826,372.99995210351614,515.0811,86.49429999999995,1397.8821999999996,-15.637900000000002
1403,1403,1403.0,1403.0,1403.0,1403.0,1403.0,1403.0,,,,,,,,,,,,,,,,,,,,,,,,,,,,,,,,,,,,,,,,,,,,,0.3,194.354,214.7162,233.2486,249.3655,262.796,273.5804,282.0165,288.5751,293.8084,298.2696,302.455,306.7699,311.5156,316.8916,323.0056,329.887,337.5005,345.7593,354.5364,363.6753,341.83280466068186,271.26957860875643,601.5754,107.4226000000001,1311.3878999999995,-39.4196
1404,1404,1404.0,1404.0,1404.0,1404.0,1404.0,1404.0,,,,,,,,,,,,,,,,,,,,,,,,,,,,,,,,,,,,,,,,,,,,,0.4,328.4499,316.0746,305.5596,297.4853,292.1045,289.3544,288.9212,290.3306,293.0363,296.4864,300.1585,303.5696,306.2709,307.8456,307.9208,306.1991,302.5077,296.8496,289.4399,280.71,365.46599143783993,372.9999464363679,708.998,85.41149999999993,1203.9652999999996,-23.6456
1405,1405,1405.0,1405.0,1405.0,1405.0,1405.0,1405.0,,,,,,,,,,,,,,,,,,,,,,,,,,,,,,,,,,,,,,,,,,,,,0.5,354.0301,343.0764,333.0356,324.2452,316.9233,311.1621,306.9405,304.1515,302.6407,302.2476,302.8462,304.3774,306.8663,310.4209,315.2068,321.3997,329.1232,338.3853,349.0319,360.731,173.00036444586362,372.99998826047823,794.4095,45.16269999999997,1118.5537999999997,-1.8378999999999903
1406,1406,1406.0,1406.0,1406.0,1406.0,1406.0,1406.0,,,,,,,,,,,,,,,,,,,,,,,,,,,,,,,,,,,,,,,,,,,,,0.6,197.7824,221.2849,242.4226,260.4539,275.0533,286.3007,294.602,300.572,304.9112,308.3025,311.3417,314.502,318.1267,322.439,327.5588,333.5208,340.2908,347.7773,355.8436,364.3168,231.1863624414624,173.00005800587437,839.5722,101.72170000000006,1073.3910999999998,-26.6993
1407,1407,1407.0,1407.0,1407.0,1407.0,1407.0,1407.0,,,,,,,,,,,,,,,,,,,,,,,,,,,,,,,,,,,,,,,,,,,,,0.7,238.4272,245.7315,253.1312,260.6053,268.072,275.3953,282.3994,288.8801,294.6073,299.313,302.6696,304.2668,303.6036,300.1088,293.2007,282.387,267.3894,248.2656,225.4931,199.982,372.9999902176328,173.00019830442466,941.2939,298.4877,971.6694,-37.60469999999998
1408,1408,1408.0,1408.0,1408.0,1408.0,1408.0,1408.0,,,,,,,,,,,,,,,,,,,,,,,,,,,,,,,,,,,,,,,,,,,,,0.8,355.7871,339.5953,325.2873,313.4445,304.3024,297.7516,293.3938,290.6301,288.7591,287.0635,284.8762,281.6236,276.8504,270.2319,261.5789,250.8398,238.0983,223.5675,207.5776,190.556,372.70401281228106,315.3576222442764,1239.7816,426.48890000000006,673.1816999999999,-15.248400000000004
1409,1409,1409.0,1409.0,1409.0,1409.0,1409.0,1409.0,,,,,,,,,,,,,,,,,,,,,,,,,,,,,,,,,,,,,,,,,,,,,0.9,361.3716,350.3023,339.7318,329.8456,320.7628,312.5312,305.1339,298.5087,292.5774,287.2837,282.6316,278.7183,275.7496,274.0309,273.9259,275.7857,279.8572,286.1925,294.5835,304.5447,272.68859051969395,372.9999858528665,1666.2705,246.6927999999998,246.6927999999998,-0.4687999999999874
1410,1410,1410.0,1410.0,1410.0,1410.0,1410.0,1410.0,,,,,,,,,,,,,,,,,,,,,,,,,,,,,,,,,,,,,,,,,,,,,0.0,273.0,273.0,273.0,273.0,273.0,273.0,273.0,273.0,273.0,273.0,273.0,273.0,273.0,273.0,273.0,273.0,273.0,273.0,273.0,273.0,372.9999179416719,372.99991023708026,0.0,368.7879,1906.6175,-40.0
1411,1411,1411.0,1411.0,1411.0,1411.0,1411.0,1411.0,,,,,,,,,,,,,,,,,,,,,,,,,,,,,,,,,,,,,,,,,,,,,0.1,355.9582,339.696,324.8873,312.0201,301.3574,292.9443,286.6547,282.2609,279.5107,278.1944,278.1944,279.5107,282.2609,286.6547,292.9443,301.3574,312.0201,324.8873,339.696,355.9582,301.61355830921474,372.7115470477806,368.7879,146.3109,1537.8296,-20.0557
1412,1412,1412.0,1412.0,1412.0,1412.0,1412.0,1412.0,,,,,,,,,,,,,,,,,,,,,,,,,,,,,,,,,,,,,,,,,,,,,0.2,301.857,301.8554,301.4239,300.4834,299.0798,297.3767,295.626,294.1276,293.1885,293.0898,294.066,296.2933,299.8874,304.9039,311.3399,319.1359,328.1764,338.2923,349.2653,360.8352,173.00436936535053,372.99988191384887,515.0988,86.52909999999997,1391.5187,-15.623299999999972
1413,1413,1413.0,1413.0,1413.0,1413.0,1413.0,1413.0,,,,,,,,,,,,,,,,,,,,,,,,,,,,,,,,,,,,,,,,,,,,,0.3,194.3575,214.7228,233.2576,249.3759,262.8067,273.5903,282.0246,288.5807,293.8107,298.2684,302.4501,306.7612,311.5035,316.8768,322.989,329.8698,337.4842,345.7454,354.5262,363.6699,339.72208414397244,272.8518117283002,601.6279,107.67460000000004,1304.9896,-39.40969999999999
1414,1414,1414.0,1414.0,1414.0,1414.0,1414.0,1414.0,,,,,,,,,,,,,,,,,,,,,,,,,,,,,,,,,,,,,,,,,,,,,0.4,326.7001,314.6691,304.4678,296.6662,291.5118,288.9418,288.6461,290.1573,292.9379,296.4452,300.1664,303.6278,306.3896,308.0433,308.2231,306.6376,303.1171,297.6644,290.4909,282.0204,368.5605117000224,372.9999403923059,709.3025,84.8537,1197.315,-24.0582
1415,1415,1415.0,1415.0,1415.0,1415.0,1415.0,1415.0,,,,,,,,,,,,,,,,,,,,,,,,,,,,,,,,,,,,,,,,,,,,,0.5,356.4954,344.9474,334.3775,325.144,317.4751,311.4628,307.0771,304.197,302.6517,302.2643,302.8944,304.4704,307.0074,310.6049,315.4215,321.6275,329.3431,338.5753,349.1717,360.8052,173.000101880652,372.9999590035682,794.1562,44.72119999999995,1112.4613,-1.5371999999999844
1416,1416,1416.0,1416.0,1416.0,1416.0,1416.0,1416.0,,,,,,,,,,,,,,,,,,,,,,,,,,,,,,,,,,,,,,,,,,,,,0.6,197.8971,221.5021,242.72,260.8033,275.4254,286.6696,294.9484,300.8845,305.1855,308.5402,311.5478,314.6829,318.2882,322.5849,327.6906,333.6379,340.3907,347.8567,355.8989,364.3453,230.939969110898,173.0001674461021,838.8774,99.9416,1067.7401,-26.3304
1417,1417,1417.0,1417.0,1417.0,1417.0,1417.0,1417.0,,,,,,,,,,,,,,,,,,,,,,,,,,,,,,,,,,,,,,,,,,,,,0.7,238.2739,245.6666,253.1461,260.688,268.2088,275.572,282.6021,289.0965,294.8271,299.528,302.8737,304.4558,303.7748,300.2605,293.3319,282.497,267.4779,248.3324,225.5378,200.0044,372.9999267104184,173.00027696837148,938.819,296.58680000000004,967.7985,-37.428
1418,1418,1418.0,1418.0,1418.0,1418.0,1418.0,1418.0,,,,,,,,,,,,,,,,,,,,,,,,,,,,,,,,,,,,,,,,,,,,,0.8,355.8069,339.635,325.3469,313.5239,304.4006,297.8671,293.5241,290.7721,288.909,287.2171,285.0292,281.7721,276.9906,270.3606,261.6935,250.9382,238.1788,223.6289,207.619,190.5769,372.1970715880988,315.1800824568217,1235.4058,425.0678,671.2117000000001,-15.132900000000006
1419,1419,1419.0,1419.0,1419.0,1419.0,1419.0,1419.0,,,,,,,,,,,,,,,,,,,,,,,,,,,,,,,,,,,,,,,,,,,,,0.9,360.9683,349.9984,339.5193,329.7135,320.6987,312.5221,305.1674,298.5732,292.6628,287.3812,282.7337,278.8181,275.8408,274.1073,273.9815,275.8145,279.8534,286.1508,294.4993,304.4147,272.7327498093292,372.9999825356836,1660.4736,246.14390000000003,246.14390000000003,-0.4778999999999769
1420,1420,1420.0,1420.0,1420.0,1420.0,1420.0,1420.0,,,,,,,,,,,,,,,,,,,,,,,,,,,,,,,,,,,,,,,,,,,,,0.0,273.0,273.0,273.0,273.0,273.0,273.0,273.0,273.0,273.0,273.0,273.0,273.0,273.0,273.0,273.0,273.0,273.0,273.0,273.0,273.0,372.99988350001337,372.999982565593,0.0,368.7879,1907.8412,-40.0
1421,1421,1421.0,1421.0,1421.0,1421.0,1421.0,1421.0,,,,,,,,,,,,,,,,,,,,,,,,,,,,,,,,,,,,,,,,,,,,,0.1,355.9582,339.696,324.8873,312.0201,301.3574,292.9443,286.6546,282.2609,279.5107,278.1944,278.1944,279.5107,282.2609,286.6547,292.9443,301.3574,312.0201,324.8873,339.696,355.9583,301.7217674262288,372.5517058956249,368.7879,146.3363,1539.0533,-20.0557
1422,1422,1422.0,1422.0,1422.0,1422.0,1422.0,1422.0,,,,,,,,,,,,,,,,,,,,,,,,,,,,,,,,,,,,,,,,,,,,,0.2,301.9468,301.9275,301.48,300.5255,299.1103,297.3979,295.64,294.1361,293.1926,293.0903,294.0628,296.2858,299.8742,304.8829,311.3085,319.0908,328.1141,338.2094,349.1587,360.7026,173.00719754329648,372.9999336451677,515.1242,86.57820000000004,1392.717,-15.602100000000007
1423,1423,1423.0,1423.0,1423.0,1423.0,1423.0,1423.0,,,,,,,,,,,,,,,,,,,,,,,,,,,,,,,,,,,,,,,,,,,,,0.3,194.3649,214.7344,233.2721,249.392,262.8229,273.6051,282.0367,288.5889,293.8143,298.2668,302.443,306.7488,311.4862,316.8555,322.9652,329.8451,337.4608,345.7253,354.5116,363.6622,339.6374875133215,273.0002813190854,601.7024,107.67089999999996,1306.1388000000002,-39.39490000000001
1424,1424,1424.0,1424.0,1424.0,1424.0,1424.0,1424.0,,,,,,,,,,,,,,,,,,,,,,,,,,,,,,,,,,,,,,,,,,,,,0.4,326.6316,314.6159,304.4283,296.6382,291.493,288.9297,288.6385,290.1524,292.9344,296.4424,300.1646,303.6277,306.393,308.0526,308.2416,306.6689,303.1653,297.7334,290.5842,282.1406,368.5607144785782,372.9999335625205,709.3733,84.77430000000004,1198.4679,-24.07029999999997
1425,1425,1425.0,1425.0,1425.0,1425.0,1425.0,1425.0,,,,,,,,,,,,,,,,,,,,,,,,,,,,,,,,,,,,,,,,,,,,,0.5,356.492,344.9409,334.3685,325.1335,317.4643,311.4526,307.0685,304.1909,302.6486,302.2647,302.8987,304.4786,307.0192,310.6198,315.4386,321.6456,329.3604,338.5903,349.1827,360.811,173.0001169222344,372.9999557535423,794.1476,44.68169999999998,1113.6936,-1.547399999999982
1426,1426,1426.0,1426.0,1426.0,1426.0,1426.0,1426.0,,,,,,,,,,,,,,,,,,,,,,,,,,,,,,,,,,,,,,,,,,,,,0.6,197.896,221.5,242.7171,260.7999,275.422,286.6666,294.9462,300.8834,305.1858,308.5421,311.5514,314.688,318.2945,322.5921,327.6983,333.6455,340.3976,347.8624,355.903,364.3474,230.9415581555157,173.00013234685358,838.8293,99.93060000000004,1069.0119,-26.333399999999983
1427,1427,1427.0,1427.0,1427.0,1427.0,1427.0,1427.0,,,,,,,,,,,,,,,,,,,,,,,,,,,,,,,,,,,,,,,,,,,,,0.7,238.2749,245.6671,253.1463,260.688,268.2088,275.5721,282.6025,289.0974,294.8285,299.53,302.8763,304.459,303.7784,300.2643,293.3357,282.5007,267.4812,248.335,225.5397,200.0054,372.99993967500194,173.0002494876436,938.7599,296.55690000000004,969.0813,-37.42790000000002
1428,1428,1428.0,1428.0,1428.0,1428.0,1428.0,1428.0,,,,,,,,,,,,,,,,,,,,,,,,,,,,,,,,,,,,,,,,,,,,,0.8,355.807,339.6352,325.3473,313.5244,304.4013,297.868,293.5252,290.7734,288.9106,287.2189,285.0313,281.7742,276.9929,270.3629,261.6958,250.9402,238.1805,223.6303,207.6199,190.5773,372.5627324689491,314.6149066719316,1235.3168,425.4231,672.5244,-15.132000000000003
1429,1429,1429.0,1429.0,1429.0,1429.0,1429.0,1429.0,,,,,,,,,,,,,,,,,,,,,,,,,,,,,,,,,,,,,,,,,,,,,0.9,361.2718,350.2425,339.7093,329.8565,320.8025,312.5946,305.2156,298.6029,292.678,287.3839,282.7237,278.7928,275.7954,274.0345,273.8717,275.6562,279.6343,285.8586,294.123,303.9461,272.9980963269226,372.9999915421794,1660.7399,247.10130000000004,247.10130000000004,-0.405399999999986
1430,1430,1430.0,1430.0,1430.0,1430.0,1430.0,1430.0,,,,,,,,,,,,,,,,,,,,,,,,,,,,,,,,,,,,,,,,,,,,,0.0,273.0,273.0,273.0,273.0,273.0,273.0,273.0,273.0,273.0,273.0,273.0,273.0,273.0,273.0,273.0,273.0,273.0,273.0,273.0,273.0,372.9999072084124,372.9999276249461,0.0,368.7879,1434.4382,-40.0
1431,1431,1431.0,1431.0,1431.0,1431.0,1431.0,1431.0,,,,,,,,,,,,,,,,,,,,,,,,,,,,,,,,,,,,,,,,,,,,,0.1,355.9582,339.696,324.8873,312.0201,301.3574,292.9443,286.6547,282.2609,279.5107,278.1944,278.1944,279.5107,282.2609,286.6547,292.9443,301.3574,312.0201,324.8873,339.696,355.9582,372.9999708603528,194.4178050811717,368.7879,213.9128,1065.6503,-20.0557
1432,1432,1432.0,1432.0,1432.0,1432.0,1432.0,1432.0,,,,,,,,,,,,,,,,,,,,,,,,,,,,,,,,,,,,,,,,,,,,,0.2,361.0718,349.4503,338.425,328.2515,319.1379,311.2336,304.618,299.2909,295.16,292.0272,289.5753,287.3613,284.8236,281.3142,276.1611,268.7616,258.6929,245.8198,230.3673,212.9318,331.8188948371044,273.29326767352865,582.7007,316.9199,851.7375000000001,-1.766399999999976
1433,1433,1433.0,1433.0,1433.0,1433.0,1433.0,1433.0,,,,,,,,,,,,,,,,,,,,,,,,,,,,,,,,,,,,,,,,,,,,,0.3,329.3518,326.7182,323.7842,320.4721,316.7691,312.7198,308.4079,303.9336,299.3954,294.8813,290.4713,286.2483,282.3111,278.7826,275.8046,273.5186,272.033,271.3854,271.5124,272.2389,288.7798813327696,372.9999549683628,899.6206,231.19370000000004,534.8176000000001,-0.2801999999999793
1434,1434,1434.0,1434.0,1434.0,1434.0,1434.0,1434.0,,,,,,,,,,,,,,,,,,,,,,,,,,,,,,,,,,,,,,,,,,,,,0.4,292.8043,296.4633,299.4428,301.5215,302.5935,302.6729,301.8823,300.4333,298.6068,296.7374,295.2036,294.4209,294.8309,296.8784,300.9733,307.4352,316.4289,327.9049,341.5612,356.8451,287.5114899099855,372.9999592091205,1130.8143,80.7666999999999,303.62390000000005,-10.327099999999971
1435,1435,1435.0,1435.0,1435.0,1435.0,1435.0,1435.0,,,,,,,,,,,,,,,,,,,,,,,,,,,,,,,,,,,,,,,,,,,,,0.5,289.6207,291.6312,293.4586,295.0465,296.3761,297.4734,298.4108,299.3057,300.3135,301.6182,303.4192,305.9157,309.2898,313.6898,319.2142,325.8987,333.7078,342.5315,352.1894,362.4405,301.5601171528922,372.9973241842066,1211.581,28.49850000000015,222.8572000000001,-15.526599999999974
1436,1436,1436.0,1436.0,1436.0,1436.0,1436.0,1436.0,,,,,,,,,,,,,,,,,,,,,,,,,,,,,,,,,,,,,,,,,,,,,0.6,300.8205,300.1879,299.7592,299.6146,299.8145,300.4019,301.4093,302.865,304.7999,307.2503,310.2576,313.8643,318.1077,323.0125,328.5843,334.8038,341.6235,348.967,356.7307,364.7884,173.00013684152182,292.02406581524656,1240.0795,33.12040000000002,194.3587,-12.598099999999988
1437,1437,1437.0,1437.0,1437.0,1437.0,1437.0,1437.0,,,,,,,,,,,,,,,,,,,,,,,,,,,,,,,,,,,,,,,,,,,,,0.7,195.0432,216.1524,235.5284,252.6093,267.1216,279.0707,288.6839,296.3236,302.3928,307.2539,311.1688,314.2682,316.5483,317.8932,318.1184,317.0314,314.4975,310.5016,305.1892,298.877,372.9999433618482,372.9999335625205,1273.1999,80.2509,161.23829999999998,-33.92930000000001
1438,1438,1438.0,1438.0,1438.0,1438.0,1438.0,1438.0,,,,,,,,,,,,,,,,,,,,,,,,,,,,,,,,,,,,,,,,,,,,,0.8,355.1133,338.4555,324.0641,312.6404,304.4812,299.4968,297.296,297.3121,298.9331,301.6119,304.9406,308.6858,312.7886,317.3356,322.5081,328.5179,335.5384,343.6424,352.7594,362.664,173.01417667242578,372.9999746244453,1353.4508,34.55089999999996,80.98739999999998,-13.503199999999993
1439,1439,1439.0,1439.0,1439.0,1439.0,1439.0,1439.0,,,,,,,,,,,,,,,,,,,,,,,,,,,,,,,,,,,,,,,,,,,,,0.9,196.5383,218.8909,239.0849,256.4577,270.7357,282.0187,290.6985,297.3437,302.582,307.0055,311.111,315.2755,319.7575,324.7133,330.2188,336.2896,342.8955,349.9717,357.4261,365.1449,372.9999335625205,372.9999531235231,1388.0017,46.43650000000002,46.43650000000002,-30.981299999999976
1440,1440,1440.0,1440.0,1440.0,1440.0,1440.0,,,,,,,,,,,,,,,,,,,,,,,,,,,,,,,,,,,,,,,,,,,,,,0.0,273.0,273.0,273.0,273.0,273.0,273.0,273.0,273.0,273.0,273.0,273.0,273.0,273.0,273.0,273.0,273.0,273.0,273.0,273.0,273.0,372.9999574962636,372.9999554089475,0.0,368.7879,1289.4986,11.608000000000004
1441,1441,1441.0,1441.0,1441.0,1441.0,1441.0,,,,,,,,,,,,,,,,,,,,,,,,,,,,,,,,,,,,,,,,,,,,,,0.1,355.9583,339.696,324.8873,312.0201,301.3574,292.9443,286.6547,282.2609,279.5107,278.1944,278.1944,279.5107,282.2609,286.6547,292.9443,301.3574,312.0201,324.8873,339.696,355.9582,372.2862855363668,365.5802894442476,368.7879,151.37820000000005,920.7107,11.608000000000004
1442,1442,1442.0,1442.0,1442.0,1442.0,1442.0,,,,,,,,,,,,,,,,,,,,,,,,,,,,,,,,,,,,,,,,,,,,,,0.2,360.484,348.986,338.0818,328.0329,319.0631,311.3533,305.0407,300.2214,296.9558,295.2742,295.1822,296.663,299.6782,304.1656,310.0362,317.1713,325.4209,334.6044,344.5143,354.9212,372.9999161299589,372.9999626099769,520.1661,82.5353,769.3324999999999,11.608000000000004
1443,1443,1443.0,1443.0,1443.0,1443.0,1443.0,,,,,,,,,,,,,,,,,,,,,,,,,,,,,,,,,,,,,,,,,,,,,,0.3,363.7569,354.7257,346.1116,338.1074,330.8882,324.608,319.3967,315.3593,312.5754,311.1001,310.9647,312.1777,314.7254,318.5711,323.6534,329.8841,337.1445,345.2836,354.1182,363.4353,173.00004082251274,173.0000408265515,602.7014,66.89209999999991,686.7971999999999,11.608000000000004
1444,1444,1444.0,1444.0,1444.0,1444.0,1444.0,,,,,,,,,,,,,,,,,,,,,,,,,,,,,,,,,,,,,,,,,,,,,,0.4,199.8288,225.2591,248.0994,267.5234,283.1442,294.9973,303.4448,309.0332,312.3391,313.8321,313.7755,312.1741,308.7744,303.1148,294.6252,282.763,267.1669,247.7996,225.0428,199.7155,173.00006643747952,372.9998983720454,669.5935,194.0576000000001,619.9051,11.608000000000004
1445,1445,1445.0,1445.0,1445.0,1445.0,1445.0,,,,,,,,,,,,,,,,,,,,,,,,,,,,,,,,,,,,,,,,,,,,,,0.5,191.1422,208.7942,225.4968,240.8481,254.526,266.3026,276.0541,283.7671,289.545,293.6155,296.3397,298.2157,299.8702,302.0264,305.439,310.7985,318.6131,329.0941,342.0768,357.0057,372.9999591685751,372.9997749205761,863.6511,172.27089999999998,425.8474999999999,11.608000000000004
1446,1446,1446.0,1446.0,1446.0,1446.0,1446.0,,,,,,,,,,,,,,,,,,,,,,,,,,,,,,,,,,,,,,,,,,,,,,0.6,353.1393,334.5779,318.4185,305.4183,295.9199,289.8702,286.9095,286.4996,288.055,291.0492,295.0799,299.8924,305.3674,311.4863,318.2858,325.8123,334.0848,343.0692,352.6663,362.7137,173.00149619228824,372.9866679441581,1035.922,68.16239999999993,253.57659999999987,11.608000000000004
1447,1447,1447.0,1447.0,1447.0,1447.0,1447.0,,,,,,,,,,,,,,,,,,,,,,,,,,,,,,,,,,,,,,,,,,,,,,0.7,195.1526,216.1773,235.1318,251.3936,264.7242,275.2523,283.3906,289.7192,294.8674,299.4184,303.85,308.5112,313.6255,319.3109,325.6046,332.4869,339.9001,347.7613,355.9708,364.4184,372.9999337041679,372.99996502897176,1104.0844,78.22250000000008,185.4142,11.608000000000004
1448,1448,1448.0,1448.0,1448.0,1448.0,1448.0,,,,,,,,,,,,,,,,,,,,,,,,,,,,,,,,,,,,,,,,,,,,,,0.8,354.5782,337.3952,322.5049,310.6362,302.1285,296.9482,294.77,295.0939,297.3621,301.0532,305.7394,311.1077,316.9534,323.1562,329.6524,336.408,343.3984,350.5958,357.9626,365.4499,173.0000404409645,357.7065355839269,1182.3069,27.204799999999977,107.19169999999986,11.608000000000004
1449,1449,1449.0,1449.0,1449.0,1449.0,1449.0,,,,,,,,,,,,,,,,,,,,,,,,,,,,,,,,,,,,,,,,,,,,,,0.9,196.2704,218.3972,238.4199,255.6996,269.982,281.3788,290.2836,297.2526,302.8844,307.7226,312.1949,316.5902,321.0642,325.6656,330.3689,335.1107,339.8195,344.4404,348.9493,353.3574,259.13130611939334,273.9629889110664,1209.5117,79.98689999999988,79.98689999999988,11.608000000000004
1450,1450,1450.0,1450.0,1450.0,1450.0,1450.0,,,,,,,,,,,,,,,,,,,,,,,,,,,,,,,,,,,,,,,,,,,,,,0.0,273.0,273.0,273.0,273.0,273.0,273.0,273.0,273.0,273.0,273.0,273.0,273.0,273.0,273.0,273.0,273.0,273.0,273.0,273.0,273.0,372.9999574962636,372.9999554089475,0.0,368.7879,1334.2135,11.592499999999973
1451,1451,1451.0,1451.0,1451.0,1451.0,1451.0,,,,,,,,,,,,,,,,,,,,,,,,,,,,,,,,,,,,,,,,,,,,,,0.1,355.9583,339.696,324.8873,312.0201,301.3574,292.9443,286.6547,282.2609,279.5107,278.1944,278.1944,279.5107,282.2609,286.6547,292.9443,301.3574,312.0201,324.8873,339.696,355.9582,372.1719949055857,365.728403467943,368.7879,151.32880000000006,965.4256,11.592499999999973
1452,1452,1452.0,1452.0,1452.0,1452.0,1452.0,,,,,,,,,,,,,,,,,,,,,,,,,,,,,,,,,,,,,,,,,,,,,,0.2,360.3892,348.9098,338.0226,327.9884,319.0308,311.3309,305.0259,300.2124,296.9512,295.2733,295.1849,296.6698,299.6904,304.185,310.0654,317.2131,325.4786,334.6812,344.6131,355.044,372.9999015184548,372.99985555141,520.1167,82.36849999999993,814.0968,11.592499999999973
1453,1453,1453.0,1453.0,1453.0,1453.0,1453.0,,,,,,,,,,,,,,,,,,,,,,,,,,,,,,,,,,,,,,,,,,,,,,0.3,363.7515,354.7155,346.0977,338.0913,330.8716,324.5925,319.3837,315.35,312.5706,311.1004,310.9703,312.1885,314.7408,318.5903,323.6752,329.9068,337.166,345.3021,354.1317,363.4424,173.00006706740183,173.00060141502237,602.4852,66.82060000000001,731.7283000000001,11.592499999999973
1454,1454,1454.0,1454.0,1454.0,1454.0,1454.0,,,,,,,,,,,,,,,,,,,,,,,,,,,,,,,,,,,,,,,,,,,,,,0.4,199.8271,225.2557,248.0949,267.5181,283.1388,294.9923,303.4408,309.0307,312.3386,313.8338,313.7793,312.1801,308.7821,303.1238,294.6349,282.7726,267.1758,247.8071,225.0483,199.7187,173.00006643747952,372.9998983720454,669.3058,194.0236,664.9077000000001,11.592499999999973
1455,1455,1455.0,1455.0,1455.0,1455.0,1455.0,,,,,,,,,,,,,,,,,,,,,,,,,,,,,,,,,,,,,,,,,,,,,,0.5,191.1417,208.7933,225.4955,240.8467,254.5247,266.3016,276.0536,283.7673,289.5459,293.6174,296.3424,298.2191,299.8743,302.0309,305.4436,310.803,318.6171,329.0973,342.0792,357.0069,372.9999591685678,372.9997749205761,863.3294,172.25530000000015,470.8841000000001,11.592499999999973
1456,1456,1456.0,1456.0,1456.0,1456.0,1456.0,,,,,,,,,,,,,,,,,,,,,,,,,,,,,,,,,,,,,,,,,,,,,,0.6,353.1392,334.5778,318.4185,305.4183,295.9201,289.8706,286.9101,286.5005,288.0563,291.0508,295.0819,299.8946,305.3698,311.4889,318.2883,325.8146,334.0869,343.0709,352.6674,362.7143,217.15027824481643,372.99995018196654,1035.5847,52.6724999999999,298.6288,11.592499999999973
1457,1457,1457.0,1457.0,1457.0,1457.0,1457.0,,,,,,,,,,,,,,,,,,,,,,,,,,,,,,,,,,,,,,,,,,,,,,0.7,231.7768,245.6201,258.0328,268.6055,277.2114,283.9908,289.2862,293.5529,297.27,300.8697,304.6955,308.9867,313.8843,319.4479,325.6761,332.5248,339.9219,347.7761,355.9833,364.4308,248.4138923293307,273.70047601479774,1088.2572,76.31130000000007,245.95630000000008,11.592499999999973
1458,1458,1458.0,1458.0,1458.0,1458.0,1458.0,,,,,,,,,,,,,,,,,,,,,,,,,,,,,,,,,,,,,,,,,,,,,,0.8,253.4129,258.4591,263.5851,268.7984,274.0783,279.3795,284.6385,289.7787,294.7097,299.3194,303.4615,306.9422,309.5149,310.8905,310.7675,308.8823,305.0726,299.3394,291.8897,283.1442,326.1149720216892,372.9998376601756,1164.5685,101.21429999999988,169.64499999999998,11.592499999999973
1459,1459,1459.0,1459.0,1459.0,1459.0,1459.0,,,,,,,,,,,,,,,,,,,,,,,,,,,,,,,,,,,,,,,,,,,,,,0.9,317.9284,310.326,303.8068,298.7183,295.2241,293.3078,292.809,293.4793,295.0455,297.2679,299.986,303.1466,306.8126,311.1478,316.3814,322.752,330.4411,339.5077,349.8427,361.1549,173.00006041247133,368.21532946466033,1265.7828,68.43070000000012,68.43070000000012,11.592499999999973
1460,1460,1460.0,1460.0,1460.0,1460.0,1460.0,,,,,,,,,,,,,,,,,,,,,,,,,,,,,,,,,,,,,,,,,,,,,,0.0,273.0,273.0,273.0,273.0,273.0,273.0,273.0,273.0,273.0,273.0,273.0,273.0,273.0,273.0,273.0,273.0,273.0,273.0,273.0,273.0,372.9999574962636,372.9999554089475,0.0,368.7879,1809.8354,11.299300000000017
1461,1461,1461.0,1461.0,1461.0,1461.0,1461.0,,,,,,,,,,,,,,,,,,,,,,,,,,,,,,,,,,,,,,,,,,,,,,0.1,355.9583,339.696,324.8873,312.0201,301.3574,292.9443,286.6547,282.2609,279.5107,278.1944,278.1944,279.5107,282.2609,286.6547,292.9443,301.3574,312.0201,324.8873,339.696,355.9582,370.0157568576061,368.5229855659766,368.7879,150.41210000000007,1441.0475,11.299300000000017
1462,1462,1462.0,1462.0,1462.0,1462.0,1462.0,,,,,,,,,,,,,,,,,,,,,,,,,,,,,,,,,,,,,,,,,,,,,,0.2,358.6005,347.472,336.9045,327.1487,318.4231,310.9084,304.7465,300.0414,296.8639,295.2559,295.2354,296.7987,299.9205,304.5517,310.6152,318.002,326.5673,336.1304,346.4766,357.3623,372.9998793079095,372.9998139306208,519.2,79.26069999999993,1290.6354,11.299300000000017
1463,1463,1463.0,1463.0,1463.0,1463.0,1463.0,,,,,,,,,,,,,,,,,,,,,,,,,,,,,,,,,,,,,,,,,,,,,,0.3,363.6491,354.5224,345.8354,337.7878,330.5581,324.2993,319.138,315.1736,312.4799,311.1054,311.0753,312.3913,315.0325,318.9542,324.0868,330.3346,337.5735,345.651,354.3871,363.5774,316.31105694420927,273.6942966487884,598.4607,66.47630000000004,1211.3747,11.299300000000017
1464,1464,1464.0,1464.0,1464.0,1464.0,1464.0,,,,,,,,,,,,,,,,,,,,,,,,,,,,,,,,,,,,,,,,,,,,,,0.4,318.6813,320.7729,322.3626,323.3237,323.6435,323.4151,322.8051,322.0093,321.2026,320.4947,319.897,319.3048,318.4992,317.1704,314.9626,311.5369,306.6449,300.1966,292.3069,283.3041,173.00004981377614,173.00004808850974,664.937,91.75699999999996,1144.8984,11.299300000000017
1465,1465,1465.0,1465.0,1465.0,1465.0,1465.0,,,,,,,,,,,,,,,,,,,,,,,,,,,,,,,,,,,,,,,,,,,,,,0.5,198.393,222.6078,244.622,263.6891,279.3965,291.656,300.6369,306.6647,310.1114,311.2994,310.4339,307.5698,302.6141,295.3615,285.5578,272.9826,257.5394,239.3346,218.7284,196.3398,372.353193526816,290.30413374233166,756.694,222.4703000000001,1053.1414,11.299300000000017
1466,1466,1466.0,1466.0,1466.0,1466.0,1466.0,,,,,,,,,,,,,,,,,,,,,,,,,,,,,,,,,,,,,,,,,,,,,,0.6,355.9653,340.6551,327.3137,316.5048,308.4005,302.8017,299.2271,297.0416,295.5903,294.3133,292.825,290.9535,288.7413,286.4123,284.311,282.82,282.2694,282.8514,284.5613,287.1795,310.7855790111712,272.0130030213608,979.1643,210.24349999999995,830.6710999999999,11.299300000000017
1467,1467,1467.0,1467.0,1467.0,1467.0,1467.0,,,,,,,,,,,,,,,,,,,,,,,,,,,,,,,,,,,,,,,,,,,,,,0.7,310.8183,310.6471,310.1084,309.1087,307.6348,305.7454,303.5474,301.1674,298.724,296.3098,293.9816,291.7602,289.6362,287.5781,285.542,283.4815,281.3568,279.1426,276.8335,274.4456,300.06304556365507,272.99997958428384,1189.4078,205.0597,620.4276,11.299300000000017
1468,1468,1468.0,1468.0,1468.0,1468.0,1468.0,,,,,,,,,,,,,,,,,,,,,,,,,,,,,,,,,,,,,,,,,,,,,,0.8,300.8846,301.5789,302.0347,302.1693,301.9354,301.322,300.3491,299.0594,297.5082,295.7545,293.8539,291.854,289.7926,287.6975,285.5879,283.4757,281.3676,279.2665,277.1728,275.0848,337.9855944609759,273.8910379693304,1394.4675,207.87259999999992,415.3679,11.299300000000017
1469,1469,1469.0,1469.0,1469.0,1469.0,1469.0,,,,,,,,,,,,,,,,,,,,,,,,,,,,,,,,,,,,,,,,,,,,,,0.9,331.5065,325.2744,319.4991,314.3249,309.8174,305.9661,302.7002,299.9122,297.4813,295.2933,293.2529,291.2898,289.3579,287.4316,285.5005,283.5633,281.6231,279.6841,277.7491,275.8186,297.0534853735183,271.2112747381317,1602.3401,207.49530000000004,207.49530000000004,11.299300000000017
1470,1470,1470.0,1470.0,1470.0,1470.0,1470.0,,,,,,,,,,,,,,,,,,,,,,,,,,,,,,,,,,,,,,,,,,,,,,0.0,273.0,273.0,273.0,273.0,273.0,273.0,273.0,273.0,273.0,273.0,273.0,273.0,273.0,273.0,273.0,273.0,273.0,273.0,273.0,273.0,372.9999574962636,372.9999554089475,0.0,368.7879,1334.9744,11.549199999999985
1471,1471,1471.0,1471.0,1471.0,1471.0,1471.0,,,,,,,,,,,,,,,,,,,,,,,,,,,,,,,,,,,,,,,,,,,,,,0.1,355.9583,339.696,324.8873,312.0201,301.3574,292.9443,286.6547,282.2609,279.5107,278.1944,278.1944,279.5107,282.2609,286.6547,292.9443,301.3574,312.0201,324.8873,339.696,355.9582,371.85338182654846,366.1410859132464,368.7879,151.19160000000005,966.1865,11.549199999999985
1472,1472,1472.0,1472.0,1472.0,1472.0,1472.0,,,,,,,,,,,,,,,,,,,,,,,,,,,,,,,,,,,,,,,,,,,,,,0.2,360.1249,348.6973,337.8574,327.8643,318.941,311.2685,304.9846,300.1871,296.9383,295.2707,295.1923,296.6888,299.7244,304.2392,310.1466,317.3296,325.6393,334.8952,344.8883,355.3863,372.9999389627976,372.9997519062016,519.9795,81.90469999999993,814.9949,11.549199999999985
1473,1473,1473.0,1473.0,1473.0,1473.0,1473.0,,,,,,,,,,,,,,,,,,,,,,,,,,,,,,,,,,,,,,,,,,,,,,0.3,363.7364,354.687,346.059,338.0465,330.8253,324.5492,319.3474,315.3239,312.5572,311.1011,310.9857,312.2184,314.7839,318.644,323.736,329.9699,337.2262,345.3536,354.1693,363.4623,315.8448647198122,274.75081663494205,601.8842,67.3931,733.0902000000001,11.549199999999985
1474,1474,1474.0,1474.0,1474.0,1474.0,1474.0,,,,,,,,,,,,,,,,,,,,,,,,,,,,,,,,,,,,,,,,,,,,,,0.4,318.3229,320.5157,322.1942,323.2273,323.6001,323.405,322.8102,322.0143,321.1969,320.4731,319.8607,319.2618,318.4647,317.1665,315.0174,311.683,306.9173,300.6292,292.929,284.1376,173.0000263294047,173.00056957456815,669.2773,91.32820000000004,665.6971000000001,11.549199999999985
1475,1475,1475.0,1475.0,1475.0,1475.0,1475.0,,,,,,,,,,,,,,,,,,,,,,,,,,,,,,,,,,,,,,,,,,,,,,0.5,198.3797,222.5827,244.5882,263.6502,279.3566,291.619,300.6064,306.6439,310.1031,311.3061,310.4577,307.612,302.6748,295.439,285.6481,273.0793,257.6338,239.4172,218.7899,196.3728,211.3685049444008,372.999946436368,760.6055,235.1151,574.3689,11.549199999999985
1476,1476,1476.0,1476.0,1476.0,1476.0,1476.0,,,,,,,,,,,,,,,,,,,,,,,,,,,,,,,,,,,,,,,,,,,,,,0.6,222.4174,233.2941,243.812,253.7626,262.92,271.0581,277.979,283.5478,287.7296,290.6233,292.4883,293.7566,295.0235,297.0076,300.4752,306.1313,314.4902,325.7528,339.7218,355.7881,372.9999299468663,372.9998454958785,995.7206,163.20380000000011,339.25380000000007,11.549199999999985
1477,1477,1477.0,1477.0,1477.0,1477.0,1477.0,,,,,,,,,,,,,,,,,,,,,,,,,,,,,,,,,,,,,,,,,,,,,,0.7,354.5847,337.2821,322.0415,309.5254,300.0514,293.6066,289.9211,288.5737,289.1011,291.0865,294.2146,298.2912,303.2319,309.0318,315.7251,323.3439,331.8847,341.2846,351.4114,362.0665,173.00006762730092,372.999905267796,1158.9244,68.04269999999997,176.04999999999995,11.549199999999985
1478,1478,1478.0,1478.0,1478.0,1478.0,1478.0,,,,,,,,,,,,,,,,,,,,,,,,,,,,,,,,,,,,,,,,,,,,,,0.8,195.6027,217.0366,236.3205,252.8029,266.2286,276.7219,284.7046,290.7767,295.5959,299.7787,303.8377,308.1545,312.9806,318.4552,324.629,331.4877,338.971,346.9861,355.418,364.1362,372.99994084783856,355.9076060803944,1226.9671,75.12079999999992,108.0073,11.549199999999985
1479,1479,1479.0,1479.0,1479.0,1479.0,1479.0,,,,,,,,,,,,,,,,,,,,,,,,,,,,,,,,,,,,,,,,,,,,,,0.9,354.7548,337.734,322.9778,311.2043,302.7438,297.5568,295.3135,295.5097,297.5812,300.995,305.3037,310.1648,315.3329,320.6396,325.9701,331.2463,336.417,341.4563,346.3639,351.1654,173.00000000075156,372.9998898708562,1302.0879,32.88650000000007,32.88650000000007,11.549199999999985
1480,1480,1480.0,1480.0,1480.0,1480.0,1480.0,,,,,,,,,,,,,,,,,,,,,,,,,,,,,,,,,,,,,,,,,,,,,,0.0,273.0,273.0,273.0,273.0,273.0,273.0,273.0,273.0,273.0,273.0,273.0,273.0,273.0,273.0,273.0,273.0,273.0,273.0,273.0,273.0,372.9999574962636,372.9999554089475,0.0,368.7879,1793.2905,10.98520000000002
1481,1481,1481.0,1481.0,1481.0,1481.0,1481.0,,,,,,,,,,,,,,,,,,,,,,,,,,,,,,,,,,,,,,,,,,,,,,0.1,355.9583,339.696,324.8873,312.0201,301.3574,292.9443,286.6547,282.2609,279.5107,278.1944,278.1944,279.5107,282.2609,286.6547,292.9443,301.3574,312.0201,324.8873,339.696,355.9582,367.70472043779614,371.5183848149029,368.7879,149.46089999999998,1424.5026,10.98520000000002
1482,1482,1482.0,1482.0,1482.0,1482.0,1482.0,,,,,,,,,,,,,,,,,,,,,,,,,,,,,,,,,,,,,,,,,,,,,,0.2,356.6835,345.931,335.7062,326.2488,317.7717,310.4556,304.447,299.8581,296.7703,295.2372,295.2896,296.9368,300.1671,304.9446,311.2046,318.8475,327.7343,337.6838,348.4741,359.847,372.9999591807429,372.9994755488276,518.2488,76.0136,1275.0417,10.98520000000002
1483,1483,1483.0,1483.0,1483.0,1483.0,1483.0,,,,,,,,,,,,,,,,,,,,,,,,,,,,,,,,,,,,,,,,,,,,,,0.3,363.5395,354.3155,345.5542,337.4627,330.2221,323.9852,318.8746,314.9846,312.3826,311.1109,311.1879,312.6088,315.3451,319.3441,324.528,330.7931,338.0101,346.0249,354.6607,363.7219,316.5726010847831,273.6346640313714,594.2624,65.05990000000008,1199.0281,10.98520000000002
1484,1484,1484.0,1484.0,1484.0,1484.0,1484.0,,,,,,,,,,,,,,,,,,,,,,,,,,,,,,,,,,,,,,,,,,,,,,0.4,318.8628,320.8801,322.4064,323.3187,323.6072,323.3653,322.7592,321.9821,321.2057,320.5355,319.9782,319.4244,318.6508,317.3437,315.1441,311.7115,306.7969,300.311,292.371,283.3087,173.00004081962211,173.00056823063443,659.3223,91.15069999999992,1133.9682,10.98520000000002
1485,1485,1485.0,1485.0,1485.0,1485.0,1485.0,,,,,,,,,,,,,,,,,,,,,,,,,,,,,,,,,,,,,,,,,,,,,,0.5,198.3957,222.6131,244.6301,263.7005,279.4119,291.6767,300.6645,306.7009,310.1575,311.3564,310.5016,307.647,302.6985,295.4496,285.6455,273.0653,257.6124,239.3937,218.77,196.3615,372.3046847329434,289.5767626751698,750.473,222.09220000000005,1042.8175,10.98520000000002
1486,1486,1486.0,1486.0,1486.0,1486.0,1486.0,,,,,,,,,,,,,,,,,,,,,,,,,,,,,,,,,,,,,,,,,,,,,,0.6,355.9293,340.6313,327.3017,316.5037,308.4095,302.8197,299.2527,297.073,295.625,294.3477,292.854,290.9699,288.7354,286.3718,284.2209,282.6633,282.028,282.5075,284.0994,286.588,310.6081708202498,272.3859624780791,972.5652,210.7754,820.7253000000001,10.98520000000002
1487,1487,1487.0,1487.0,1487.0,1487.0,1487.0,,,,,,,,,,,,,,,,,,,,,,,,,,,,,,,,,,,,,,,,,,,,,,0.7,310.6723,310.5311,310.0198,309.0439,307.5894,305.7146,303.5263,301.1511,298.7084,296.2914,293.9585,291.7326,289.6071,287.5538,285.5323,283.4996,281.4181,279.2633,277.0285,274.7264,300.1558103057477,272.999657119104,1183.3406,205.0244,609.9499000000001,10.98520000000002
1488,1488,1488.0,1488.0,1488.0,1488.0,1488.0,,,,,,,,,,,,,,,,,,,,,,,,,,,,,,,,,,,,,,,,,,,,,,0.8,300.9526,301.6238,302.0595,302.1777,301.9315,301.3099,300.3323,299.0411,297.491,295.7405,293.8445,291.8504,289.7952,287.7062,285.6017,283.493,281.3862,279.2838,277.186,275.0918,338.45701076601614,273.28048913679856,1388.365,208.1246000000001,404.92550000000006,10.98520000000002
1489,1489,1489.0,1489.0,1489.0,1489.0,1489.0,,,,,,,,,,,,,,,,,,,,,,,,,,,,,,,,,,,,,,,,,,,,,,0.9,331.8982,325.5898,319.7446,314.5092,309.9503,306.0576,302.7597,299.9474,297.4981,295.2951,293.2406,291.2615,289.3088,287.354,285.3839,283.3951,281.3895,279.3713,277.3448,275.3137,280.0020553312688,299.6508313922397,1596.4896,196.8009,196.8009,10.98520000000002
1490,1490,1490.0,1490.0,1490.0,1490.0,1490.0,,,,,,,,,,,,,,,,,,,,,,,,,,,,,,,,,,,,,,,,,,,,,,0.0,273.0,273.0,273.0,273.0,273.0,273.0,273.0,273.0,273.0,273.0,273.0,273.0,273.0,273.0,273.0,273.0,273.0,273.0,273.0,273.0,372.9999574962636,372.9999554089475,0.0,368.7879,1057.785,-40.0
1491,1491,1491.0,1491.0,1491.0,1491.0,1491.0,,,,,,,,,,,,,,,,,,,,,,,,,,,,,,,,,,,,,,,,,,,,,,0.1,355.9583,339.696,324.8873,312.0201,301.3574,292.9443,286.6547,282.2609,279.5107,278.1944,278.1944,279.5107,282.2609,286.6547,292.9443,301.3574,312.0201,324.8873,339.696,355.9582,366.5614663582061,372.9998708982779,368.7879,149.00230000000005,688.9971,-20.0557
1492,1492,1492.0,1492.0,1492.0,1492.0,1492.0,,,,,,,,,,,,,,,,,,,,,,,,,,,,,,,,,,,,,,,,,,,,,,0.2,355.7351,345.1687,335.1135,325.8036,317.4494,310.2315,304.2988,299.7675,296.724,295.228,295.3164,297.0051,300.2891,305.139,311.496,319.2656,328.3114,338.4521,349.462,361.076,173.00469580808,372.9999705054,517.7902,61.85360000000003,539.9948,-2.7685000000000173
1493,1493,1493.0,1493.0,1493.0,1493.0,1493.0,,,,,,,,,,,,,,,,,,,,,,,,,,,,,,,,,,,,,,,,,,,,,,0.3,197.5774,220.8377,241.6745,259.333,273.4907,284.247,292.0409,297.5294,301.457,304.5463,307.4222,310.5727,314.3401,318.9318,324.4413,330.8717,338.1566,346.1785,354.7828,363.789,249.8120681180152,273.33818935026034,579.6438,88.05379999999991,478.1412,-28.752999999999982
1494,1494,1494.0,1494.0,1494.0,1494.0,1494.0,,,,,,,,,,,,,,,,,,,,,,,,,,,,,,,,,,,,,,,,,,,,,,0.4,253.5503,257.4988,261.8186,266.5868,271.7841,277.3058,282.9888,288.6426,294.0727,299.0901,303.5064,307.1197,309.7024,311.0003,310.7527,308.7339,304.8105,299.0,291.5138,282.7655,344.1113843881351,372.9999337041676,667.6976,104.1494,390.0874000000001,-35.69420000000002
1495,1495,1495.0,1495.0,1495.0,1495.0,1495.0,,,,,,,,,,,,,,,,,,,,,,,,,,,,,,,,,,,,,,,,,,,,,,0.5,332.6159,321.863,312.4886,304.9396,299.432,295.9556,294.3169,294.2078,295.2814,297.223,299.8046,302.9185,306.5867,310.9466,316.2117,322.6136,330.3315,339.4255,349.7873,361.127,173.0000463456233,372.9999589364605,771.847,60.28550000000007,285.9380000000001,-17.044399999999996
1496,1496,1496.0,1496.0,1496.0,1496.0,1496.0,,,,,,,,,,,,,,,,,,,,,,,,,,,,,,,,,,,,,,,,,,,,,,0.6,195.2867,216.4986,235.7265,252.3526,266.1117,277.0794,285.6029,292.2001,297.4549,301.931,306.1156,310.3926,315.0384,320.2324,326.0723,332.5881,339.7554,347.5033,355.7231,364.2756,372.99966800836165,331.9243079723384,832.1325,70.2793999999999,225.65250000000003,-35.92059999999998
1497,1497,1497.0,1497.0,1497.0,1497.0,1497.0,,,,,,,,,,,,,,,,,,,,,,,,,,,,,,,,,,,,,,,,,,,,,,0.7,354.8288,337.8913,323.2345,311.5788,303.2518,298.2038,296.088,296.3748,298.4661,301.7857,305.8319,310.1972,314.5614,318.6762,322.3504,325.4449,327.878,329.6374,330.7898,331.4816,173.00005356363178,372.9992631970616,902.4119,39.707500000000095,155.37310000000014,-14.7962
1498,1498,1498.0,1498.0,1498.0,1498.0,1498.0,,,,,,,,,,,,,,,,,,,,,,,,,,,,,,,,,,,,,,,,,,,,,,0.8,196.3946,218.6274,238.7197,256.0131,270.2328,281.4703,290.1018,296.6737,301.7887,306.0163,309.8405,313.643,317.711,322.2559,327.43,333.3339,340.0134,347.4491,355.5477,364.141,326.83234092590914,322.10547999550664,942.1194,58.7290999999999,115.66560000000004,-31.52969999999999
1499,1499,1499.0,1499.0,1499.0,1499.0,1499.0,,,,,,,,,,,,,,,,,,,,,,,,,,,,,,,,,,,,,,,,,,,,,,0.9,317.1518,308.3196,301.0488,295.8157,292.8137,291.9678,292.9958,295.493,299.0146,303.1382,307.4977,311.7911,315.7724,319.2382,322.0212,323.9939,325.0849,325.2986,324.7319,323.577,173.00001975231143,368.50283728180574,1000.8485,56.93650000000014,56.93650000000014,-21.03219999999999
1500,1500,1500.0,1500.0,1500.0,1500.0,,,,,,,,,,,,,,,,,,,,,,,,,,,,,,,,,,,,,,,,,,,,,,,0.0,273.0,273.0,273.0,273.0,273.0,273.0,273.0,273.0,273.0,273.0,273.0,273.0,273.0,273.0,273.0,273.0,273.0,273.0,273.0,273.0,372.9999591685682,372.9999591685682,0.0,368.7879,871.9585,-40.0
1501,1501,1501.0,1501.0,1501.0,1501.0,,,,,,,,,,,,,,,,,,,,,,,,,,,,,,,,,,,,,,,,,,,,,,,0.1,355.9583,339.696,324.8873,312.0201,301.3574,292.9443,286.6547,282.2609,279.5107,278.1944,278.1944,279.5107,282.2609,286.6547,292.9443,301.3574,312.0201,324.8873,339.696,355.9583,205.88539960908173,372.9999608068872,368.7879,165.9352000000001,503.1706,-20.0557
1502,1502,1502.0,1502.0,1502.0,1502.0,,,,,,,,,,,,,,,,,,,,,,,,,,,,,,,,,,,,,,,,,,,,,,,0.2,222.4447,238.0147,251.7682,263.1636,272.0051,278.4309,282.8454,285.8191,287.985,289.9519,292.2463,295.2829,299.3574,304.6527,311.2511,319.1465,328.2555,338.4268,349.4511,361.072,372.99986631599614,357.6350503039187,534.7231,107.1683999999999,337.2353999999999,-34.56909999999999
1503,1503,1503.0,1503.0,1503.0,1503.0,,,,,,,,,,,,,,,,,,,,,,,,,,,,,,,,,,,,,,,,,,,,,,,0.3,355.5205,339.0873,324.5946,312.6705,303.6237,297.4582,293.9405,292.6943,293.295,295.3432,298.5071,302.5352,307.2467,312.5116,318.2294,324.3132,330.6822,337.261,343.9821,350.7888,322.5387021571978,274.2282566629464,641.8915,49.1803000000001,230.067,-15.541800000000023
1504,1504,1504.0,1504.0,1504.0,1504.0,,,,,,,,,,,,,,,,,,,,,,,,,,,,,,,,,,,,,,,,,,,,,,,0.4,320.2213,317.8768,315.5068,313.1592,310.932,308.9578,307.3769,306.3037,305.7941,305.8206,306.2584,306.8838,307.3878,307.4047,306.5553,304.5038,301.0191,296.0298,289.66,282.2316,230.2999391449059,372.9999335625205,691.0718,70.62109999999996,180.8866999999999,-4.04219999999998
1505,1505,1505.0,1505.0,1505.0,1505.0,,,,,,,,,,,,,,,,,,,,,,,,,,,,,,,,,,,,,,,,,,,,,,,0.5,244.0273,257.0779,268.872,279.0014,287.2669,293.6748,298.4014,301.7399,304.0481,305.7081,307.1039,308.6146,310.6143,313.4685,317.5173,323.0417,330.2169,339.0631,349.4112,360.8981,331.0717676584204,331.99514540268547,761.6929,38.06100000000004,110.26559999999996,-19.325199999999995
1506,1506,1506.0,1506.0,1506.0,1506.0,,,,,,,,,,,,,,,,,,,,,,,,,,,,,,,,,,,,,,,,,,,,,,,0.6,323.4763,316.4515,310.479,305.8858,302.8144,301.2334,300.9796,301.8142,303.4782,305.732,308.3758,311.2513,314.2315,317.2067,320.0763,322.7486,325.1505,327.2424,329.0322,330.5807,277.0400530489732,333.67318122796246,799.7539,27.19409999999993,72.20459999999991,-11.766599999999984
1507,1507,1507.0,1507.0,1507.0,1507.0,,,,,,,,,,,,,,,,,,,,,,,,,,,,,,,,,,,,,,,,,,,,,,,0.7,282.0888,286.8987,291.275,295.0985,298.3396,301.0508,303.3434,305.3574,307.2316,309.0811,310.9859,312.9884,315.0997,317.3081,319.5903,321.9194,324.2716,326.6296,328.9836,331.3308,289.03317209715414,372.9999390814662,826.948,24.558700000000044,45.01049999999998,-11.94920000000002
1508,1508,1508.0,1508.0,1508.0,1508.0,,,,,,,,,,,,,,,,,,,,,,,,,,,,,,,,,,,,,,,,,,,,,,,0.8,290.76,292.5234,294.3533,296.2681,298.2743,300.3695,302.5495,304.8166,307.1883,309.7052,312.4354,315.4766,318.9519,323.0004,327.7599,333.3441,339.8162,347.1643,355.286,363.9875,265.57004294645293,372.999504120864,851.5067,11.403699999999958,20.45179999999993,-12.630499999999984
1509,1509,1509.0,1509.0,1509.0,1509.0,,,,,,,,,,,,,,,,,,,,,,,,,,,,,,,,,,,,,,,,,,,,,,,0.9,271.5464,277.3616,282.8804,288.0128,292.7251,297.0396,301.0262,304.7876,308.4447,312.1219,315.9366,319.9916,324.3704,329.1336,334.3175,339.9318,345.9598,352.358,359.0587,365.9736,277.2482859553675,368.4258732043141,862.9104,9.048099999999977,9.048099999999977,-15.960399999999993
1510,1510,1510.0,1510.0,1510.0,1510.0,,,,,,,,,,,,,,,,,,,,,,,,,,,,,,,,,,,,,,,,,,,,,,,0.0,273.0,273.0,273.0,273.0,273.0,273.0,273.0,273.0,273.0,273.0,273.0,273.0,273.0,273.0,273.0,273.0,273.0,273.0,273.0,273.0,372.9999591685682,372.9999591685682,0.0,368.7879,874.8097,-40.0
1511,1511,1511.0,1511.0,1511.0,1511.0,,,,,,,,,,,,,,,,,,,,,,,,,,,,,,,,,,,,,,,,,,,,,,,0.1,355.9583,339.696,324.8873,312.0201,301.3574,292.9443,286.6547,282.2609,279.5107,278.1944,278.1944,279.5107,282.2609,286.6547,292.9443,301.3574,312.0201,324.8873,339.696,355.9583,205.8839319896512,372.9999464246785,368.7879,165.93580000000003,506.0218,-20.0557
1512,1512,1512.0,1512.0,1512.0,1512.0,,,,,,,,,,,,,,,,,,,,,,,,,,,,,,,,,,,,,,,,,,,,,,,0.2,222.4435,238.0138,251.7674,263.163,272.0047,278.4306,282.8452,285.819,287.9849,289.9518,292.2463,295.2829,299.3574,304.6527,311.2511,319.1464,328.2554,338.4268,349.4511,361.072,372.99986631599614,357.6350503039187,534.7237,107.16970000000003,340.086,-34.56939999999997
1513,1513,1513.0,1513.0,1513.0,1513.0,,,,,,,,,,,,,,,,,,,,,,,,,,,,,,,,,,,,,,,,,,,,,,,0.3,355.5204,339.0872,324.5944,312.6703,303.6234,297.4579,293.9403,292.6941,293.2948,295.3431,298.507,302.5351,307.2466,312.5116,318.2294,324.3132,330.6822,337.261,343.9821,350.7888,323.2103822528714,273.2264124078104,641.8934,49.47709999999995,232.9163,-15.542100000000003
1514,1514,1514.0,1514.0,1514.0,1514.0,,,,,,,,,,,,,,,,,,,,,,,,,,,,,,,,,,,,,,,,,,,,,,,0.4,320.7784,318.3247,315.8549,313.4206,311.1211,309.089,307.4634,306.3561,305.8197,305.8234,306.2382,306.8364,307.3047,307.2728,306.3579,304.2209,300.6287,295.5102,288.992,281.4005,230.2205139615313,372.9998386603612,691.3705,71.45810000000006,183.43920000000003,-3.911000000000002
1515,1515,1515.0,1515.0,1515.0,1515.0,,,,,,,,,,,,,,,,,,,,,,,,,,,,,,,,,,,,,,,,,,,,,,,0.5,243.9931,257.0846,268.9117,279.0636,287.3401,293.7475,298.4631,301.7821,304.0643,305.6938,307.057,308.5351,310.5049,313.3346,317.3673,322.8867,330.0697,338.9372,349.3192,360.8494,330.035582093882,331.2573120834924,762.8286,38.41359999999997,111.98109999999996,-19.2525
1516,1516,1516.0,1516.0,1516.0,1516.0,,,,,,,,,,,,,,,,,,,,,,,,,,,,,,,,,,,,,,,,,,,,,,,0.6,322.6224,315.771,309.9556,305.4974,302.5357,301.0384,300.8438,301.7158,303.3987,305.6563,308.2917,311.1484,314.1001,317.0372,319.8583,322.4708,324.8007,326.8087,328.5039,329.9498,277.6796954875056,332.75024566973696,801.2422,27.89530000000002,73.5675,-11.961599999999976
1517,1517,1517.0,1517.0,1517.0,1517.0,,,,,,,,,,,,,,,,,,,,,,,,,,,,,,,,,,,,,,,,,,,,,,,0.7,282.5671,287.2254,291.4677,295.1801,298.3349,300.9832,303.2326,305.2176,307.0712,308.9027,310.7873,312.7636,314.8398,317.0025,319.2272,321.4867,323.7576,326.0239,328.2774,330.5178,289.16229248091014,372.9998866715677,829.1375,25.43340000000001,45.672199999999975,-12.01679999999999
1518,1518,1518.0,1518.0,1518.0,1518.0,,,,,,,,,,,,,,,,,,,,,,,,,,,,,,,,,,,,,,,,,,,,,,,0.8,290.869,292.6109,294.4167,296.3042,298.2797,300.3414,302.4859,304.7165,307.0519,309.5336,312.2312,315.2439,318.6969,322.7316,327.4886,333.0839,339.5821,346.9716,355.1487,363.916,265.3337242490518,372.99977404281873,854.5709,11.761799999999994,20.23879999999997,-12.65859999999998
1519,1519,1519.0,1519.0,1519.0,1519.0,,,,,,,,,,,,,,,,,,,,,,,,,,,,,,,,,,,,,,,,,,,,,,,0.9,271.3455,277.1931,282.7387,287.8905,292.6141,296.9319,300.9147,304.6672,308.3121,311.976,315.7784,319.8241,324.1979,328.9619,334.1529,339.7812,345.8298,352.2546,358.9869,365.9369,281.9976063309731,363.3665633430237,866.3327,8.476999999999975,8.476999999999975,-16.068100000000015
1520,1520,1520.0,1520.0,1520.0,1520.0,,,,,,,,,,,,,,,,,,,,,,,,,,,,,,,,,,,,,,,,,,,,,,,0.0,273.0,273.0,273.0,273.0,273.0,273.0,273.0,273.0,273.0,273.0,273.0,273.0,273.0,273.0,273.0,273.0,273.0,273.0,273.0,273.0,372.9999591685682,372.9999591685682,0.0,368.7879,878.9211,-40.0
1521,1521,1521.0,1521.0,1521.0,1521.0,,,,,,,,,,,,,,,,,,,,,,,,,,,,,,,,,,,,,,,,,,,,,,,0.1,355.9583,339.696,324.8873,312.0201,301.3574,292.9443,286.6547,282.2609,279.5107,278.1944,278.1944,279.5107,282.2609,286.6547,292.9443,301.3574,312.0201,324.8873,339.696,355.9583,205.8855213238845,372.9999603910561,368.7879,165.9352000000001,510.1332,-20.0557
1522,1522,1522.0,1522.0,1522.0,1522.0,,,,,,,,,,,,,,,,,,,,,,,,,,,,,,,,,,,,,,,,,,,,,,,0.2,222.4448,238.0148,251.7682,263.1637,272.0051,278.4309,282.8454,285.8191,287.985,289.9519,292.2463,295.2829,299.3574,304.6527,311.2511,319.1465,328.2555,338.4268,349.4511,361.072,372.99986631599614,357.6350503039187,534.7231,107.16819999999996,344.198,-34.56909999999999
1523,1523,1523.0,1523.0,1523.0,1523.0,,,,,,,,,,,,,,,,,,,,,,,,,,,,,,,,,,,,,,,,,,,,,,,0.3,355.5205,339.0873,324.5946,312.6705,303.6237,297.4582,293.9405,292.6943,293.295,295.3432,298.5071,302.5352,307.2467,312.5116,318.2294,324.3132,330.6822,337.261,343.9821,350.7888,322.8511062968152,273.7624365931852,641.8913,49.31790000000001,237.0298,-15.541800000000023
1524,1524,1524.0,1524.0,1524.0,1524.0,,,,,,,,,,,,,,,,,,,,,,,,,,,,,,,,,,,,,,,,,,,,,,,0.4,320.4804,318.0852,315.6688,313.2809,311.02,309.0189,307.4172,306.3281,305.8061,305.822,306.2491,306.8618,307.3492,307.3434,306.4635,304.3723,300.8376,295.7882,289.3494,281.8452,231.52962109672947,372.9999343612236,691.2092,70.87699999999995,187.7119,-3.9811000000000254
1525,1525,1525.0,1525.0,1525.0,1525.0,,,,,,,,,,,,,,,,,,,,,,,,,,,,,,,,,,,,,,,,,,,,,,,0.5,245.0622,257.9258,269.5475,279.5242,287.6592,293.9594,298.5993,301.8696,304.1246,305.7431,307.1064,308.5913,310.5708,313.4101,317.4495,322.9706,330.1489,339.0048,349.3686,360.8755,331.3551070230114,331.4661228945124,762.0862,37.69810000000007,116.83490000000006,-19.040599999999984
1526,1526,1526.0,1526.0,1526.0,1526.0,,,,,,,,,,,,,,,,,,,,,,,,,,,,,,,,,,,,,,,,,,,,,,,0.6,323.7768,316.7646,310.7967,306.1976,303.1094,301.5016,301.2132,302.0081,303.6297,305.8404,308.4417,311.2753,314.2133,317.1446,319.9667,322.586,324.9279,326.9521,328.6671,330.1352,273.1048066134378,329.46292274715483,799.7843,27.8021,79.1368,-11.498400000000004
1527,1527,1527.0,1527.0,1527.0,1527.0,,,,,,,,,,,,,,,,,,,,,,,,,,,,,,,,,,,,,,,,,,,,,,,0.7,278.8655,284.3534,289.3441,293.6973,297.3716,300.4172,302.9509,305.1227,307.0824,308.9551,310.8267,312.7414,314.7069,316.7046,318.7023,320.6653,322.5655,324.3876,326.1321,327.8146,295.85101211802333,372.9999061153639,827.5864,26.991499999999974,51.3347,-12.58280000000002
1528,1528,1528.0,1528.0,1528.0,1528.0,,,,,,,,,,,,,,,,,,,,,,,,,,,,,,,,,,,,,,,,,,,,,,,0.8,296.2334,296.7226,297.408,298.3487,299.5689,301.0622,302.8031,304.7617,306.9207,309.2882,311.9074,314.8605,318.2648,322.2616,326.997,332.5949,339.1276,346.5873,354.8692,363.7686,256.6532740193268,372.99977241872807,854.5779,12.40300000000002,24.343200000000024,-11.937799999999982
1529,1529,1529.0,1529.0,1529.0,1529.0,,,,,,,,,,,,,,,,,,,,,,,,,,,,,,,,,,,,,,,,,,,,,,,0.9,264.3892,271.8639,278.8569,285.2199,290.8929,295.9026,300.3481,304.3765,308.1586,311.8669,315.6594,319.6706,324.0059,328.7399,333.9163,339.5482,345.6183,352.0806,358.8633,365.8728,264.15563725497185,350.68106037705985,866.9809,11.940200000000004,11.940200000000004,-17.097399999999993
1530,1530,1530.0,1530.0,1530.0,1530.0,,,,,,,,,,,,,,,,,,,,,,,,,,,,,,,,,,,,,,,,,,,,,,,0.0,273.0,273.0,273.0,273.0,273.0,273.0,273.0,273.0,273.0,273.0,273.0,273.0,273.0,273.0,273.0,273.0,273.0,273.0,273.0,273.0,372.9999591685682,372.9999591685682,0.0,368.7879,981.2406,-40.0
1531,1531,1531.0,1531.0,1531.0,1531.0,,,,,,,,,,,,,,,,,,,,,,,,,,,,,,,,,,,,,,,,,,,,,,,0.1,355.9583,339.696,324.8873,312.0201,301.3574,292.9443,286.6547,282.2609,279.5107,278.1944,278.1944,279.5107,282.2609,286.6547,292.9443,301.3574,312.0201,324.8873,339.696,355.9583,205.8835423440173,372.9999349228011,368.7879,165.9359,612.4527,-20.0557
1532,1532,1532.0,1532.0,1532.0,1532.0,,,,,,,,,,,,,,,,,,,,,,,,,,,,,,,,,,,,,,,,,,,,,,,0.2,222.4432,238.0135,251.7672,263.1629,272.0046,278.4305,282.8451,285.8189,287.9849,289.9518,292.2463,295.2829,299.3574,304.6527,311.251,319.1464,328.2554,338.4268,349.4511,361.072,372.9999408678746,357.6348804041648,534.7238,107.17010000000003,446.5168,-34.569500000000005
1533,1533,1533.0,1533.0,1533.0,1533.0,,,,,,,,,,,,,,,,,,,,,,,,,,,,,,,,,,,,,,,,,,,,,,,0.3,355.5205,339.0872,324.5944,312.6702,303.6234,297.4579,293.9402,292.694,293.2948,295.343,298.507,302.5351,307.2466,312.5116,318.2293,324.3131,330.6822,337.2609,343.982,350.7886,322.89050276822246,273.7037347511336,641.8939,49.3356,339.34669999999994,-15.542100000000003
1534,1534,1534.0,1534.0,1534.0,1534.0,,,,,,,,,,,,,,,,,,,,,,,,,,,,,,,,,,,,,,,,,,,,,,,0.4,320.5131,318.1114,315.6891,313.2961,311.0309,309.0264,307.4221,306.331,305.8074,305.822,306.2477,306.8589,307.3442,307.3355,306.4519,304.3556,300.8146,295.7577,289.3102,281.7965,231.52962109672947,372.9999343612236,691.2295,70.92629999999997,290.01109999999994,-3.973599999999976
1535,1535,1535.0,1535.0,1535.0,1535.0,,,,,,,,,,,,,,,,,,,,,,,,,,,,,,,,,,,,,,,,,,,,,,,0.5,245.064,257.9292,269.5522,279.5296,287.6647,293.9644,298.6034,301.8723,304.1257,305.7423,307.1036,308.5865,310.5643,313.4022,317.4406,322.9614,330.1402,338.9974,349.3631,360.8727,331.231727506483,332.5894741271135,762.1558,37.61800000000005,219.0848,-19.035599999999988
1536,1536,1536.0,1536.0,1536.0,1536.0,,,,,,,,,,,,,,,,,,,,,,,,,,,,,,,,,,,,,,,,,,,,,,,0.6,323.675,316.6834,310.7342,306.1515,303.0769,301.4803,301.2011,302.0042,303.6346,305.8566,308.4741,311.3322,314.3066,317.2903,320.1848,322.8996,325.3621,327.5318,329.4141,331.066,272.292428486526,330.17884998371613,799.7738,27.154199999999943,181.46679999999992,-11.5197
1537,1537,1537.0,1537.0,1537.0,1537.0,,,,,,,,,,,,,,,,,,,,,,,,,,,,,,,,,,,,,,,,,,,,,,,0.7,278.1874,283.8042,288.9139,293.3731,297.1387,300.2615,302.8601,305.0871,307.0959,309.0145,310.932,312.8947,314.9115,316.9649,319.0222,321.0481,323.0135,324.9022,326.7138,328.4635,295.0108811233173,372.9999391449565,826.928,26.409400000000005,154.31259999999995,-12.738499999999988
1538,1538,1538.0,1538.0,1538.0,1538.0,,,,,,,,,,,,,,,,,,,,,,,,,,,,,,,,,,,,,,,,,,,,,,,0.8,295.5004,296.095,296.8823,297.9201,299.2317,300.8101,302.6295,304.6603,306.8851,309.312,311.9841,314.9826,318.4235,322.4465,327.1958,332.7936,339.3112,346.7411,354.98,363.8267,173.0011531539037,372.9999585992126,853.3374,31.68880000000001,127.90319999999996,-12.189900000000025
1539,1539,1539.0,1539.0,1539.0,1539.0,,,,,,,,,,,,,,,,,,,,,,,,,,,,,,,,,,,,,,,,,,,,,,,0.9,194.9449,215.9825,235.3366,252.4583,267.0773,279.1978,289.0497,297.0135,303.5412,309.0875,314.0625,318.8054,323.5764,328.5594,333.8708,339.5696,345.6664,352.1319,358.9039,365.8949,221.43752425783563,372.9999335625205,885.0262,96.21439999999996,96.21439999999996,-33.80220000000003
1540,1540,1540.0,1540.0,1540.0,1540.0,,,,,,,,,,,,,,,,,,,,,,,,,,,,,,,,,,,,,,,,,,,,,,,0.0,273.0,273.0,273.0,273.0,273.0,273.0,273.0,273.0,273.0,273.0,273.0,273.0,273.0,273.0,273.0,273.0,273.0,273.0,273.0,273.0,372.9999591685682,372.9999591685682,0.0,368.7879,871.8796,-40.0
1541,1541,1541.0,1541.0,1541.0,1541.0,,,,,,,,,,,,,,,,,,,,,,,,,,,,,,,,,,,,,,,,,,,,,,,0.1,355.9583,339.696,324.8873,312.0201,301.3574,292.9443,286.6547,282.2609,279.5107,278.1944,278.1944,279.5107,282.2609,286.6547,292.9443,301.3574,312.0201,324.8873,339.696,355.9583,205.88549138556857,372.9998675699472,368.7879,165.9352000000001,503.0917,-20.0557
1542,1542,1542.0,1542.0,1542.0,1542.0,,,,,,,,,,,,,,,,,,,,,,,,,,,,,,,,,,,,,,,,,,,,,,,0.2,222.4448,238.0148,251.7682,263.1637,272.0051,278.4309,282.8454,285.8191,287.985,289.9519,292.2463,295.2829,299.3574,304.6527,311.251,319.1464,328.2554,338.4268,349.4511,361.072,372.99986631599614,357.6350503039187,534.7231,107.1683999999999,337.15649999999994,-34.56909999999999
1543,1543,1543.0,1543.0,1543.0,1543.0,,,,,,,,,,,,,,,,,,,,,,,,,,,,,,,,,,,,,,,,,,,,,,,0.3,355.5205,339.0873,324.5946,312.6705,303.6237,297.4582,293.9405,292.6943,293.295,295.3432,298.5071,302.5352,307.2467,312.5116,318.2294,324.3132,330.6822,337.261,343.9821,350.7888,322.8336048409059,273.7877251034304,641.8915,49.3103000000001,229.98810000000003,-15.541800000000023
1544,1544,1544.0,1544.0,1544.0,1544.0,,,,,,,,,,,,,,,,,,,,,,,,,,,,,,,,,,,,,,,,,,,,,,,0.4,320.4659,318.0735,315.6597,313.2741,311.015,309.0154,307.415,306.3267,305.8054,305.8219,306.2496,306.863,307.3513,307.3467,306.4685,304.3794,300.8474,295.8014,289.3663,281.8662,231.5294056664429,372.9999591685674,691.2018,70.85619999999994,180.6778,-3.9846
1545,1545,1545.0,1545.0,1545.0,1545.0,,,,,,,,,,,,,,,,,,,,,,,,,,,,,,,,,,,,,,,,,,,,,,,0.5,245.0612,257.9241,269.5453,279.5217,287.6567,293.957,298.5973,301.8682,304.124,305.7434,307.1074,308.5932,310.5735,313.4135,317.4533,322.9745,330.1526,339.008,349.3709,360.8768,330.7799874251811,332.3180992391548,762.058,37.63689999999997,109.8216,-19.043000000000006
1546,1546,1546.0,1546.0,1546.0,1546.0,,,,,,,,,,,,,,,,,,,,,,,,,,,,,,,,,,,,,,,,,,,,,,,0.6,323.2995,316.3806,310.4978,305.9729,302.9466,301.3884,301.1385,301.9629,303.6076,305.8382,308.4595,311.3166,314.2853,317.2583,320.1362,322.8282,325.2613,327.3952,329.2361,330.8424,276.42301436390903,333.4824059129796,799.6949,26.95830000000001,72.18470000000002,-11.61160000000001
1547,1547,1547.0,1547.0,1547.0,1547.0,,,,,,,,,,,,,,,,,,,,,,,,,,,,,,,,,,,,,,,,,,,,,,,0.7,281.591,286.5153,290.9965,294.9123,298.2309,301.0041,303.3439,305.3917,307.2882,309.1507,311.061,313.0629,315.1683,317.3656,319.631,321.9371,324.2594,326.5806,328.8914,331.1906,292.1028248926033,372.9999578807443,826.6532,24.42129999999997,45.22640000000001,-11.995900000000006
1548,1548,1548.0,1548.0,1548.0,1548.0,,,,,,,,,,,,,,,,,,,,,,,,,,,,,,,,,,,,,,,,,,,,,,,0.8,293.2868,294.5341,295.8971,297.4108,299.0893,300.9305,302.9236,305.0601,307.3454,309.8076,312.5046,315.5257,318.9884,323.0281,327.7807,333.3592,339.8265,347.1709,355.2899,363.9893,262.80352197333394,372.9999642844441,851.0745,11.130400000000009,20.80510000000004,-12.069500000000003
1549,1549,1549.0,1549.0,1549.0,1549.0,,,,,,,,,,,,,,,,,,,,,,,,,,,,,,,,,,,,,,,,,,,,,,,0.9,269.3978,275.7946,281.8278,287.3865,292.4278,296.9761,301.1119,304.9547,308.6431,312.3188,316.1132,320.1397,324.4884,329.2242,334.3848,339.9805,345.9939,352.3809,359.0728,365.9805,277.17450616177894,372.9991096774985,862.2049,9.67470000000003,9.67470000000003,-16.023900000000026
1550,1550,1550.0,1550.0,1550.0,1550.0,,,,,,,,,,,,,,,,,,,,,,,,,,,,,,,,,,,,,,,,,,,,,,,0.0,273.0,273.0,273.0,273.0,273.0,273.0,273.0,273.0,273.0,273.0,273.0,273.0,273.0,273.0,273.0,273.0,273.0,273.0,273.0,273.0,372.99995593501234,372.9999744310872,0.0,368.7878,943.6226,-40.0
1551,1551,1551.0,1551.0,1551.0,1551.0,,,,,,,,,,,,,,,,,,,,,,,,,,,,,,,,,,,,,,,,,,,,,,,0.1,355.9583,339.696,324.8873,312.0201,301.3574,292.9443,286.6547,282.2609,279.5107,278.1944,278.1944,279.5107,282.2609,286.6547,292.9443,301.3574,312.0201,324.8873,339.696,355.9583,205.8853364552633,372.9999455037944,368.7878,165.93530000000004,574.8348000000001,-20.0557
1552,1552,1552.0,1552.0,1552.0,1552.0,,,,,,,,,,,,,,,,,,,,,,,,,,,,,,,,,,,,,,,,,,,,,,,0.2,222.4447,238.0147,251.7681,263.1636,272.0051,278.4309,282.8454,285.8191,287.985,289.9519,292.2463,295.2829,299.3574,304.6527,311.2511,319.1465,328.2555,338.4268,349.4511,361.072,372.99986631599614,357.6350503039187,534.7231,107.1685,408.8995,-34.56909999999999
1553,1553,1553.0,1553.0,1553.0,1553.0,,,,,,,,,,,,,,,,,,,,,,,,,,,,,,,,,,,,,,,,,,,,,,,0.3,355.5205,339.0873,324.5946,312.6705,303.6237,297.4582,293.9405,292.6943,293.295,295.3432,298.5071,302.5352,307.2467,312.5116,318.2294,324.3132,330.6822,337.261,343.9821,350.7888,323.14061906566855,273.33076249303025,641.8916,49.44589999999994,301.731,-15.541800000000023
1554,1554,1554.0,1554.0,1554.0,1554.0,,,,,,,,,,,,,,,,,,,,,,,,,,,,,,,,,,,,,,,,,,,,,,,0.4,320.7206,318.2782,315.8189,313.3936,311.1015,309.0755,307.4546,306.3507,305.8172,305.8232,306.2404,306.8414,307.3134,307.2866,306.3785,304.2504,300.6694,295.5644,289.0616,281.4871,231.52962109672947,372.9999343612236,691.3375,71.23559999999998,252.28510000000009,-3.924500000000023
1555,1555,1555.0,1555.0,1555.0,1555.0,,,,,,,,,,,,,,,,,,,,,,,,,,,,,,,,,,,,,,,,,,,,,,,0.5,245.0758,257.9515,269.5824,279.5644,287.7005,293.9975,298.6305,301.8908,304.1335,305.7381,307.0868,308.5574,310.5239,313.3526,317.385,322.9039,330.0856,338.9507,349.3289,360.8546,330.9729273915298,332.9751409817487,762.5731,37.67439999999999,181.04950000000008,-19.0025
1556,1556,1556.0,1556.0,1556.0,1556.0,,,,,,,,,,,,,,,,,,,,,,,,,,,,,,,,,,,,,,,,,,,,,,,0.6,323.4639,316.5176,310.6092,306.0612,303.0145,301.4388,301.1742,301.9866,303.6226,305.8482,308.4693,311.333,314.3171,317.3168,320.2353,322.9836,325.4898,327.7132,329.658,331.379,273.93775436282203,330.7329162284192,800.2475,26.936800000000066,143.3751000000001,-11.561199999999983
1557,1557,1557.0,1557.0,1557.0,1557.0,,,,,,,,,,,,,,,,,,,,,,,,,,,,,,,,,,,,,,,,,,,,,,,0.7,279.5408,284.8799,289.7381,293.9805,297.5689,300.5543,303.0525,305.2113,307.1784,309.0766,310.9901,312.9619,314.999,317.0824,319.1791,321.2534,323.2758,325.2294,327.1126,328.9386,293.8034017107465,372.9998953741118,827.1843,25.828700000000023,116.43830000000004,-12.445699999999988
1558,1558,1558.0,1558.0,1558.0,1558.0,,,,,,,,,,,,,,,,,,,,,,,,,,,,,,,,,,,,,,,,,,,,,,,0.8,294.5773,295.4392,296.4624,297.6949,299.1563,300.8411,302.7291,304.799,307.0421,309.4747,312.146,315.1412,318.5782,322.5965,327.3393,332.9269,339.4291,346.8373,355.0484,363.8622,219.1573844532261,372.9941190311684,853.013,18.221900000000005,90.6096,-12.158900000000015
1559,1559,1559.0,1559.0,1559.0,1559.0,,,,,,,,,,,,,,,,,,,,,,,,,,,,,,,,,,,,,,,,,,,,,,,0.9,233.2125,246.7244,259.2291,270.4023,280.0907,288.3091,295.2113,301.0443,306.1,310.673,315.0312,319.3982,323.9476,328.8026,334.0393,339.692,345.7568,352.1963,358.9446,365.9124,187.0365631951749,224.2877907852763,871.2349,72.3877,72.3877,-24.6909
1560,1560,1560.0,1560.0,1560.0,,,,,,,,,,,,,,,,,,,,,,,,,,,,,,,,,,,,,,,,,,,,,,,,0.0,273.0,273.0,273.0,273.0,273.0,273.0,273.0,273.0,273.0,273.0,273.0,273.0,273.0,273.0,273.0,273.0,273.0,273.0,273.0,273.0,372.99999999608224,372.9999440944151,0.0,368.7878,776.4601,-40.0
1561,1561,1561.0,1561.0,1561.0,,,,,,,,,,,,,,,,,,,,,,,,,,,,,,,,,,,,,,,,,,,,,,,,0.1,355.9583,339.696,324.8873,312.0202,301.3574,292.9443,286.6547,282.2609,279.5107,278.1944,278.1944,279.5107,282.2609,286.6547,292.9443,301.3574,312.0201,324.8873,339.696,355.9582,309.8908378855065,344.3730923846983,368.7878,152.28450000000004,407.6723,-20.0557
1562,1562,1562.0,1562.0,1562.0,,,,,,,,,,,,,,,,,,,,,,,,,,,,,,,,,,,,,,,,,,,,,,,,0.2,308.7228,307.3735,305.713,303.7004,301.3999,298.9717,296.6455,294.6819,293.3349,292.8202,293.2936,294.8407,297.4754,301.1452,305.7438,311.127,317.1314,323.594,330.3671,337.327,287.8584165115592,372.96321659746286,521.0723,76.64089999999999,255.3878,-14.028300000000002
1563,1563,1563.0,1563.0,1563.0,,,,,,,,,,,,,,,,,,,,,,,,,,,,,,,,,,,,,,,,,,,,,,,,0.3,290.0002,291.9972,293.7339,295.1466,296.2358,297.0663,297.758,298.4695,299.3812,300.6791,302.5439,305.1428,308.6236,313.1093,318.6889,325.4064,333.2467,342.1232,351.8712,362.251,249.3003423298099,372.9999897323793,597.7132,36.735000000000014,178.74689999999998,-15.933699999999988
1564,1564,1564.0,1564.0,1564.0,,,,,,,,,,,,,,,,,,,,,,,,,,,,,,,,,,,,,,,,,,,,,,,,0.4,257.4207,265.2385,272.4977,279.0251,284.7502,289.7055,294.0107,297.8468,301.4271,304.97,308.6782,312.7246,317.2437,322.328,328.0272,334.3486,341.2601,348.6931,356.5474,364.6974,372.9992983370534,372.99999290056286,634.4482,24.963999999999945,142.01189999999997,-23.294500000000028
1565,1565,1565.0,1565.0,1565.0,,,,,,,,,,,,,,,,,,,,,,,,,,,,,,,,,,,,,,,,,,,,,,,,0.5,358.3107,344.5069,332.3494,322.3831,314.8903,309.8983,307.2305,306.5806,307.5892,309.9071,313.2358,317.3446,322.0692,327.2993,332.9609,339.0,345.3685,352.0154,358.8823,365.902,173.00005034871643,372.9998594009482,659.4122,17.494100000000003,117.04790000000004,-3.101699999999994
1566,1566,1566.0,1566.0,1566.0,,,,,,,,,,,,,,,,,,,,,,,,,,,,,,,,,,,,,,,,,,,,,,,,0.6,198.0443,221.8533,243.3837,261.9297,277.1919,289.2613,298.5364,305.6022,311.1068,315.6602,319.7696,323.8117,328.0341,332.5749,337.4894,342.7759,348.3979,354.299,360.4133,366.6707,342.598238234731,273.62295000904123,676.9063,23.68169999999997,99.55380000000002,-23.738699999999994
1567,1567,1567.0,1567.0,1567.0,,,,,,,,,,,,,,,,,,,,,,,,,,,,,,,,,,,,,,,,,,,,,,,,0.7,331.4126,321.1707,312.6654,306.4244,302.6573,301.2689,301.9238,304.1354,307.3536,311.028,314.643,317.7256,319.8405,320.5876,319.6145,316.6484,311.5446,304.337,295.2739,284.8211,313.65850057105945,372.9999418462612,700.588,31.7876,75.87210000000005,-11.731100000000026
1568,1568,1568.0,1568.0,1568.0,,,,,,,,,,,,,,,,,,,,,,,,,,,,,,,,,,,,,,,,,,,,,,,,0.8,312.8437,312.0626,311.3547,310.7681,310.3557,310.1679,310.2441,310.608,311.2707,312.2426,313.5533,315.2728,317.5269,320.4985,324.4081,329.4742,335.8571,343.6008,352.5896,362.5346,192.9801929591646,372.99995916798656,732.3756,20.12690000000009,44.08450000000005,-2.8321000000000254
1569,1569,1569.0,1569.0,1569.0,,,,,,,,,,,,,,,,,,,,,,,,,,,,,,,,,,,,,,,,,,,,,,,,0.9,213.1737,232.4706,250.103,265.5315,278.4953,289.0089,297.3135,303.8026,308.9427,313.2051,317.0176,320.7377,324.6426,328.9306,333.7276,339.0944,345.0347,351.5019,358.4059,365.6217,348.11428609831046,372.99995996589774,752.5025,23.95759999999996,23.95759999999996,-23.991100000000017
1570,1570,1570.0,1570.0,1570.0,,,,,,,,,,,,,,,,,,,,,,,,,,,,,,,,,,,,,,,,,,,,,,,,0.0,273.0,273.0,273.0,273.0,273.0,273.0,273.0,273.0,273.0,273.0,273.0,273.0,273.0,273.0,273.0,273.0,273.0,273.0,273.0,273.0,372.99996295489154,372.9999258352344,0.0,368.7879,772.7041,3.2461000000000126
1571,1571,1571.0,1571.0,1571.0,,,,,,,,,,,,,,,,,,,,,,,,,,,,,,,,,,,,,,,,,,,,,,,,0.1,355.9583,339.696,324.8873,312.0201,301.3574,292.9443,286.6547,282.2609,279.5107,278.1944,278.1944,279.5107,282.2609,286.6547,292.9443,301.3574,312.0201,324.8873,339.696,355.9582,310.0586846657784,344.14054637807953,368.7879,152.33700000000005,403.91620000000006,3.2461000000000126
1572,1572,1572.0,1572.0,1572.0,,,,,,,,,,,,,,,,,,,,,,,,,,,,,,,,,,,,,,,,,,,,,,,,0.2,308.862,307.4854,305.8,303.7658,301.4472,299.0046,296.6672,294.6951,293.3415,292.8212,293.2891,294.8299,297.4561,301.1146,305.6981,311.0613,317.0408,323.4734,330.212,337.1341,304.91154818226926,337.0967959243738,521.1249,81.27639999999997,251.5792,3.2461000000000126
1573,1573,1573.0,1573.0,1573.0,,,,,,,,,,,,,,,,,,,,,,,,,,,,,,,,,,,,,,,,,,,,,,,,0.3,304.1538,303.3824,302.5943,301.8058,301.0565,300.4092,299.945,299.755,299.9304,300.5522,301.6824,303.3573,305.5841,308.3414,311.5818,315.2391,319.236,323.4924,327.9321,332.4869,257.8735663018968,372.9999335625205,602.4013,51.74680000000001,170.30280000000005,3.2461000000000126
1574,1574,1574.0,1574.0,1574.0,,,,,,,,,,,,,,,,,,,,,,,,,,,,,,,,,,,,,,,,,,,,,,,,0.4,265.3229,272.4396,278.9424,284.6416,289.4595,293.4294,296.6777,299.3956,301.8103,304.1602,306.6786,309.585,313.0801,317.3409,322.5122,328.6927,335.9171,344.1398,353.2237,362.943,336.66034134457703,372.999937991476,654.1481,26.133199999999988,118.55600000000004,3.2461000000000126
1575,1575,1575.0,1575.0,1575.0,,,,,,,,,,,,,,,,,,,,,,,,,,,,,,,,,,,,,,,,,,,,,,,,0.5,328.7813,321.4305,315.0619,310.0001,306.4136,304.3224,303.6304,304.1725,305.7618,308.2268,311.433,315.2902,319.746,324.7738,330.3566,336.4734,343.0874,350.1402,357.5491,365.2094,179.96075516781298,372.9999354604107,680.2813,19.36620000000005,92.42280000000004,3.2461000000000126
1576,1576,1576.0,1576.0,1576.0,,,,,,,,,,,,,,,,,,,,,,,,,,,,,,,,,,,,,,,,,,,,,,,,0.6,202.1888,223.3963,242.7174,259.5595,273.6604,285.0775,294.1231,301.2691,307.0482,311.9716,316.4747,320.8923,325.4556,330.3053,335.5094,341.0828,347.0031,353.2232,359.6795,366.2984,348.05468224819646,372.9999591805808,699.6475,33.61009999999999,73.0566,3.2461000000000126
1577,1577,1577.0,1577.0,1577.0,,,,,,,,,,,,,,,,,,,,,,,,,,,,,,,,,,,,,,,,,,,,,,,,0.7,335.5159,323.9692,314.253,306.9368,302.2681,300.1873,300.3977,302.4636,305.909,310.2964,315.2737,320.5912,326.0948,331.7049,337.3915,343.1507,348.9871,354.902,360.8885,366.9295,267.68790262766,372.9999437199169,733.2576,5.298400000000015,39.446500000000015,3.2461000000000126
1578,1578,1578.0,1578.0,1578.0,,,,,,,,,,,,,,,,,,,,,,,,,,,,,,,,,,,,,,,,,,,,,,,,0.8,274.8009,281.6018,287.8405,293.3741,298.1849,302.3691,306.1033,309.6003,313.0667,316.6724,320.5343,324.7143,329.2276,334.0553,339.1584,344.4889,349.9983,355.6413,361.3784,367.1748,353.1940727542831,372.9999921768937,738.556,12.90859999999998,34.1481,3.2461000000000126
1579,1579,1579.0,1579.0,1579.0,,,,,,,,,,,,,,,,,,,,,,,,,,,,,,,,,,,,,,,,,,,,,,,,0.9,344.18,335.7709,328.4881,322.7053,318.6175,316.2461,315.4724,316.0881,317.8458,320.5024,323.8456,327.7066,331.9597,336.5158,341.3124,346.3035,351.453,356.7285,362.099,367.5334,199.64433511672752,372.9999642465151,751.4646,21.23950000000002,21.23950000000002,3.2461000000000126
1580,1580,1580.0,1580.0,1580.0,,,,,,,,,,,,,,,,,,,,,,,,,,,,,,,,,,,,,,,,,,,,,,,,0.0,273.0,273.0,273.0,273.0,273.0,273.0,273.0,273.0,273.0,273.0,273.0,273.0,273.0,273.0,273.0,273.0,273.0,273.0,273.0,273.0,372.9999594152818,372.99993139620994,0.0,368.7879,785.1277,-40.0
1581,1581,1581.0,1581.0,1581.0,,,,,,,,,,,,,,,,,,,,,,,,,,,,,,,,,,,,,,,,,,,,,,,,0.1,355.9583,339.696,324.8873,312.0201,301.3574,292.9443,286.6547,282.2609,279.5107,278.1944,278.1944,279.5107,282.2609,286.6547,292.9443,301.3574,312.0201,324.8873,339.696,355.9582,310.32356708781947,343.7735760545736,368.7879,152.42040000000003,416.3398,-20.0557
1582,1582,1582.0,1582.0,1582.0,,,,,,,,,,,,,,,,,,,,,,,,,,,,,,,,,,,,,,,,,,,,,,,,0.2,309.0817,307.662,305.9374,303.8689,301.5218,299.0565,296.7014,294.716,293.352,292.8229,293.2822,294.8128,297.4258,301.0665,305.6258,310.9577,316.8979,323.2831,329.9673,336.8296,305.27359824588217,336.3410514028574,521.2083,81.6943,263.9194,-13.943499999999972
1583,1583,1583.0,1583.0,1583.0,,,,,,,,,,,,,,,,,,,,,,,,,,,,,,,,,,,,,,,,,,,,,,,,0.3,304.4667,303.6475,302.8142,301.9838,301.1965,300.5152,300.0205,299.8027,299.9518,300.5473,301.6493,303.2923,305.4815,308.1931,311.3782,314.9691,318.8879,323.0546,327.3947,331.8423,257.2739894604717,372.9999689431986,602.9026,52.39570000000003,182.2251,-12.484800000000009
1584,1584,1584.0,1584.0,1584.0,,,,,,,,,,,,,,,,,,,,,,,,,,,,,,,,,,,,,,,,,,,,,,,,0.4,264.8462,272.0786,278.6838,284.4678,289.3503,293.3645,296.6381,299.3651,301.7758,304.1122,306.6109,309.4949,312.9682,317.2109,322.3709,328.5493,335.7827,344.0259,353.1409,362.8994,332.65992864514334,372.9999591637836,655.2983,26.468799999999987,129.82939999999996,-19.63549999999998
1585,1585,1585.0,1585.0,1585.0,,,,,,,,,,,,,,,,,,,,,,,,,,,,,,,,,,,,,,,,,,,,,,,,0.5,325.438,318.7153,312.9211,308.3613,305.1944,303.4385,303.0028,303.7323,305.4524,308.0046,311.2664,315.1576,319.6341,324.6751,330.2682,336.395,343.0207,350.0873,357.5123,365.1905,185.9611523218714,372.9999549329614,681.7671,18.75540000000001,103.36059999999998,-9.561500000000024
1586,1586,1586.0,1586.0,1586.0,,,,,,,,,,,,,,,,,,,,,,,,,,,,,,,,,,,,,,,,,,,,,,,,0.6,206.9547,226.9947,245.2727,261.2359,274.6405,285.5422,294.235,301.1627,306.8253,311.703,316.2052,320.6464,325.2442,330.1307,335.3696,340.9739,346.9211,353.1646,359.6418,366.2799,360.3442821513474,372.9999674476399,700.5225,30.946199999999976,84.60519999999997,-27.45780000000002
1587,1587,1587.0,1587.0,1587.0,,,,,,,,,,,,,,,,,,,,,,,,,,,,,,,,,,,,,,,,,,,,,,,,0.7,345.91,332.5386,321.1311,312.3046,306.3354,303.1738,302.5167,303.9095,306.8499,310.8712,315.5925,320.7387,326.1335,331.6799,337.334,343.0819,348.9207,354.8467,360.8493,366.9093,185.67439182675176,372.99994822982137,731.4687,13.148199999999974,53.65899999999999,-9.826199999999972
1588,1588,1588.0,1588.0,1588.0,,,,,,,,,,,,,,,,,,,,,,,,,,,,,,,,,,,,,,,,,,,,,,,,0.8,207.4471,228.2033,247.087,263.5238,277.2768,288.431,297.321,304.4286,310.2791,315.358,320.0602,324.6699,329.3664,334.2427,339.3303,344.6222,350.0907,355.6996,361.4112,367.1893,369.8322275779198,372.9999335625205,744.6169,24.72090000000003,40.51080000000002,-24.569000000000017
1589,1589,1589.0,1589.0,1589.0,,,,,,,,,,,,,,,,,,,,,,,,,,,,,,,,,,,,,,,,,,,,,,,,0.9,354.226,339.7468,327.3507,317.6925,311.0658,307.4181,306.4267,307.606,310.4173,314.3568,319.0096,324.0711,329.342,334.7081,340.1149,345.5436,350.9924,356.4641,361.9593,367.4741,173.0000574016157,372.999965265704,769.3378,15.789899999999989,15.789899999999989,-5.581900000000019
1590,1590,1590.0,1590.0,1590.0,,,,,,,,,,,,,,,,,,,,,,,,,,,,,,,,,,,,,,,,,,,,,,,,0.0,273.0,273.0,273.0,273.0,273.0,273.0,273.0,273.0,273.0,273.0,273.0,273.0,273.0,273.0,273.0,273.0,273.0,273.0,273.0,273.0,372.9999629548915,372.9999258352344,0.0,368.7879,776.8577,-40.0
1591,1591,1591.0,1591.0,1591.0,,,,,,,,,,,,,,,,,,,,,,,,,,,,,,,,,,,,,,,,,,,,,,,,0.1,355.9583,339.696,324.8873,312.0201,301.3574,292.9443,286.6547,282.2609,279.5107,278.1944,278.1944,279.5107,282.2609,286.6547,292.9443,301.3574,312.0201,324.8873,339.696,355.9582,309.650227879345,344.70640046902554,368.7879,152.20930000000004,408.0698,-20.0557
1592,1592,1592.0,1592.0,1592.0,,,,,,,,,,,,,,,,,,,,,,,,,,,,,,,,,,,,,,,,,,,,,,,,0.2,308.5232,307.2131,305.5882,303.6067,301.3321,298.9246,296.6144,294.6629,293.3254,292.8186,293.2999,294.8563,297.5029,301.189,305.8094,311.2211,317.2613,323.7669,330.5894,337.6035,287.84688372136554,372.9873294587285,520.9972,76.40649999999994,255.8605,-14.075400000000002
1593,1593,1593.0,1593.0,1593.0,,,,,,,,,,,,,,,,,,,,,,,,,,,,,,,,,,,,,,,,,,,,,,,,0.3,289.9792,291.968,293.6988,295.1085,296.1979,297.0318,297.7298,298.4499,299.3719,300.6814,302.5583,305.1691,308.6612,313.1564,318.7431,325.4645,333.3049,342.1774,351.9178,362.2871,251.77263190124145,372.9999464376709,597.4037,36.18119999999999,179.45400000000006,-15.968200000000024
1594,1594,1594.0,1594.0,1594.0,,,,,,,,,,,,,,,,,,,,,,,,,,,,,,,,,,,,,,,,,,,,,,,,0.4,259.4676,266.8797,273.7697,279.9769,285.4371,290.1836,294.3323,298.0569,301.562,305.0571,308.7369,312.7678,317.2791,322.3598,328.0568,334.376,341.2844,348.713,356.5615,364.7047,366.5088616705952,372.9999394869473,633.5849,23.634300000000053,143.27280000000007,-22.816399999999987
1595,1595,1595.0,1595.0,1595.0,,,,,,,,,,,,,,,,,,,,,,,,,,,,,,,,,,,,,,,,,,,,,,,,0.5,353.048,340.4092,329.3005,320.2291,313.4588,309.0177,306.7448,306.3591,307.5304,309.9381,313.3082,317.4289,322.1496,327.3686,333.0172,339.0437,345.401,352.0383,358.8968,365.909,173.0001220106667,372.9999713055992,657.2192,17.129599999999982,119.63850000000002,-3.982300000000009
1596,1596,1596.0,1596.0,1596.0,,,,,,,,,,,,,,,,,,,,,,,,,,,,,,,,,,,,,,,,,,,,,,,,0.6,197.7773,221.3486,242.6947,261.1246,276.3424,288.4326,297.7798,304.9512,310.5771,315.2521,319.4725,323.6084,327.905,332.5007,337.4529,342.7633,348.3985,354.3052,360.42,366.6749,347.27772573771034,273.2741854365567,674.3488,25.21710000000008,102.50890000000004,-24.56740000000002
1597,1597,1597.0,1597.0,1597.0,,,,,,,,,,,,,,,,,,,,,,,,,,,,,,,,,,,,,,,,,,,,,,,,0.7,335.184,324.0774,314.7883,307.8717,303.5522,301.737,302.0824,304.0865,307.179,310.7893,314.3824,317.4687,319.5995,320.3647,319.4048,316.4423,311.3303,304.1023,295.008,284.5159,310.6632674444623,372.99994422763,699.5659,32.517999999999915,77.29179999999997,-11.262999999999977
1598,1598,1598.0,1598.0,1598.0,,,,,,,,,,,,,,,,,,,,,,,,,,,,,,,,,,,,,,,,,,,,,,,,0.8,310.5274,310.3811,310.227,310.0885,310.0087,310.0425,310.2444,310.6597,311.3226,312.2648,313.5332,315.21,317.4286,320.3758,324.2737,329.3405,335.7353,343.5005,352.5183,362.4976,192.9921111078672,372.999933763034,732.0839,20.35160000000008,44.77380000000005,-2.957499999999982
1599,1599,1599.0,1599.0,1599.0,,,,,,,,,,,,,,,,,,,,,,,,,,,,,,,,,,,,,,,,,,,,,,,,0.9,213.095,232.3117,249.8828,265.2735,278.2235,288.7442,297.0708,303.5903,308.7628,313.0552,316.8924,320.6314,324.5499,328.848,333.6531,339.0282,344.9781,351.4568,358.3743,365.6055,350.28454675510056,372.9999720429597,752.4355,24.42219999999997,24.42219999999997,-24.255800000000026
1600,1600,1600.0,1600.0,1600.0,,,,,,,,,,,,,,,,,,,,,,,,,,,,,,,,,,,,,,,,,,,,,,,,0.0,273.0,273.0,273.0,273.0,273.0,273.0,273.0,273.0,273.0,273.0,273.0,273.0,273.0,273.0,273.0,273.0,273.0,273.0,273.0,273.0,372.99996295489154,372.9999258352344,0.0,368.7879,774.466,-40.0
1601,1601,1601.0,1601.0,1601.0,,,,,,,,,,,,,,,,,,,,,,,,,,,,,,,,,,,,,,,,,,,,,,,,0.1,355.9583,339.696,324.8873,312.0201,301.3574,292.9443,286.6547,282.2609,279.5107,278.1944,278.1944,279.5107,282.2609,286.6547,292.9443,301.3574,312.0201,324.8873,339.696,355.9582,310.02220532248964,344.19104760276645,368.7879,152.3256000000001,405.6781,-20.0557
1602,1602,1602.0,1602.0,1602.0,,,,,,,,,,,,,,,,,,,,,,,,,,,,,,,,,,,,,,,,,,,,,,,,0.2,308.8318,307.4611,305.7811,303.7516,301.4369,298.9975,296.6625,294.6922,293.3401,292.821,293.2901,294.8322,297.4603,301.1213,305.708,311.0756,317.0605,323.4996,330.2457,337.176,287.9433154548355,372.7854030138204,521.1135,76.78269999999998,253.3525,-14.002499999999998
1603,1603,1603.0,1603.0,1603.0,,,,,,,,,,,,,,,,,,,,,,,,,,,,,,,,,,,,,,,,,,,,,,,,0.3,290.0768,292.0655,293.7938,295.198,296.2786,297.1004,297.7834,298.4861,299.3887,300.6773,302.5322,305.1203,308.5893,313.0618,318.6269,325.3282,333.1508,342.0082,351.736,362.0947,246.96258859312275,372.9999464698794,597.8962,37.30020000000002,176.5698,-15.89960000000002
1604,1604,1604.0,1604.0,1604.0,,,,,,,,,,,,,,,,,,,,,,,,,,,,,,,,,,,,,,,,,,,,,,,,0.4,255.4875,263.6909,271.3002,278.1309,284.1062,289.258,293.71,297.65,301.2994,304.8851,308.6175,312.6757,317.1994,322.2848,327.9842,334.307,341.222,348.6612,356.5243,364.6853,372.9968789064168,372.99992882116914,635.1964,25.724099999999908,139.26959999999997,-23.74200000000002
1605,1605,1605.0,1605.0,1605.0,,,,,,,,,,,,,,,,,,,,,,,,,,,,,,,,,,,,,,,,,,,,,,,,0.5,358.1944,344.2879,332.0488,322.0275,314.5082,309.5162,306.8697,306.2558,307.3085,309.6726,313.0453,317.1932,321.9508,327.2078,332.8909,338.947,345.3292,351.9875,358.8644,365.8932,177.84906487846166,372.9997345370351,660.9205,16.575900000000047,113.54550000000006,-3.483799999999974
1606,1606,1606.0,1606.0,1606.0,,,,,,,,,,,,,,,,,,,,,,,,,,,,,,,,,,,,,,,,,,,,,,,,0.6,202.015,224.9863,245.7547,263.6399,278.3562,289.9965,298.9515,305.7918,311.1476,315.6108,319.6721,323.6947,327.9156,332.4654,337.3942,342.6973,348.3362,354.2537,360.3837,366.656,341.72205595677224,273.7709252222464,677.4964,21.65179999999998,96.9696,-23.00349999999997
1607,1607,1607.0,1607.0,1607.0,,,,,,,,,,,,,,,,,,,,,,,,,,,,,,,,,,,,,,,,,,,,,,,,0.7,330.8947,320.9812,312.7498,306.7121,303.0726,301.7409,302.3937,304.5611,307.7098,311.3051,314.8434,317.8597,319.9232,320.6356,319.644,316.6743,311.5794,304.391,295.3549,284.9343,311.89419376217467,372.99996669355016,699.1482,31.46530000000007,75.31780000000003,-11.25909999999999
1608,1608,1608.0,1608.0,1608.0,,,,,,,,,,,,,,,,,,,,,,,,,,,,,,,,,,,,,,,,,,,,,,,,0.8,311.4224,310.9695,310.5621,310.2381,310.0443,310.029,310.2331,310.6846,311.4008,312.3992,313.7166,315.4293,317.6685,320.621,324.5103,329.5565,335.9206,343.647,352.6197,362.5494,193.3742618615838,372.9999335623333,730.6135,19.90919999999994,43.85249999999997,-2.971000000000004
1609,1609,1609.0,1609.0,1609.0,,,,,,,,,,,,,,,,,,,,,,,,,,,,,,,,,,,,,,,,,,,,,,,,0.9,213.4426,232.6253,250.1633,265.5228,278.4449,288.9418,297.2499,303.7565,308.9215,313.2106,317.0473,320.7864,324.7038,328.9979,333.7949,339.1569,345.0886,351.5444,358.4351,365.6366,349.4468366620704,372.9999416964706,750.5227,23.943300000000026,23.943300000000026,-24.0582
1610,1610,1610.0,1610.0,1610.0,,,,,,,,,,,,,,,,,,,,,,,,,,,,,,,,,,,,,,,,,,,,,,,,0.0,273.0,273.0,273.0,273.0,273.0,273.0,273.0,273.0,273.0,273.0,273.0,273.0,273.0,273.0,273.0,273.0,273.0,273.0,273.0,273.0,372.9999359025285,372.999946436368,0.0,368.7879,766.5061,2.346000000000004
1611,1611,1611.0,1611.0,1611.0,,,,,,,,,,,,,,,,,,,,,,,,,,,,,,,,,,,,,,,,,,,,,,,,0.1,355.9582,339.696,324.8873,312.0201,301.3574,292.9443,286.6547,282.2609,279.5107,278.1944,278.1944,279.5107,282.2609,286.6547,292.9443,301.3574,312.0201,324.8873,339.696,355.9582,309.7682021669647,344.5429215079653,368.7879,152.2461,397.7182,2.346000000000004
1612,1612,1612.0,1612.0,1612.0,,,,,,,,,,,,,,,,,,,,,,,,,,,,,,,,,,,,,,,,,,,,,,,,0.2,308.6211,307.2917,305.6494,303.6527,301.3653,298.9477,296.6296,294.6722,293.33,292.8194,293.2968,294.8487,297.4894,301.1675,305.7773,311.1749,317.1976,323.6821,330.4804,337.4678,302.72531409879053,341.84340648267374,521.034,80.18820000000005,245.47209999999995,2.346000000000004
1613,1613,1613.0,1613.0,1613.0,,,,,,,,,,,,,,,,,,,,,,,,,,,,,,,,,,,,,,,,,,,,,,,,0.3,302.3266,301.8988,301.4259,300.9146,300.3999,299.9449,299.6352,299.5701,299.8516,300.5738,301.8131,303.6224,306.0264,309.0215,312.5776,316.6419,321.1446,326.0045,331.1343,336.4439,258.2459189969032,372.9999559223696,601.2222,48.8424,165.2838999999999,2.346000000000004
1614,1614,1614.0,1614.0,1614.0,,,,,,,,,,,,,,,,,,,,,,,,,,,,,,,,,,,,,,,,,,,,,,,,0.4,265.5267,272.4906,278.87,284.4848,289.2621,293.2356,296.5286,299.3268,301.8502,304.3293,306.9885,310.0369,313.6633,318.031,323.2706,329.4676,336.6476,344.7614,353.6771,363.1822,334.42740118104547,372.9999335620144,650.0646,25.00559999999996,116.4414999999999,2.346000000000004
1615,1615,1615.0,1615.0,1615.0,,,,,,,,,,,,,,,,,,,,,,,,,,,,,,,,,,,,,,,,,,,,,,,,0.5,326.9228,319.9312,313.8942,309.1273,305.7954,303.9189,303.4055,304.0956,305.8078,308.3749,311.6651,315.5887,320.0927,325.1487,330.7381,336.8385,343.4134,350.4061,357.7371,365.3068,180.89677633397625,372.9999401167205,675.0702,19.12630000000001,91.43589999999996,2.346000000000004
1616,1616,1616.0,1616.0,1616.0,,,,,,,,,,,,,,,,,,,,,,,,,,,,,,,,,,,,,,,,,,,,,,,,0.6,202.866,223.8342,242.9517,259.6371,273.6322,284.9927,294.024,301.1884,307.0072,311.9812,316.5368,321.0017,325.6023,330.4764,335.6906,341.2599,347.1628,353.3539,359.772,366.3463,352.09426844129297,372.9999258284101,694.1965,33.23759999999993,72.30959999999993,2.346000000000004
1617,1617,1617.0,1617.0,1617.0,,,,,,,,,,,,,,,,,,,,,,,,,,,,,,,,,,,,,,,,,,,,,,,,0.7,338.8807,326.6888,316.383,308.5518,303.4534,301.0304,300.9814,302.8606,306.179,310.4854,315.4148,320.7066,326.1974,331.801,337.4825,343.2349,349.061,354.9619,360.9307,366.9513,251.35546182944807,372.9999849804586,727.4341,5.64510000000007,39.072,2.346000000000004
1618,1618,1618.0,1618.0,1618.0,,,,,,,,,,,,,,,,,,,,,,,,,,,,,,,,,,,,,,,,,,,,,,,,0.8,261.4597,271.1045,279.9133,287.6536,294.2633,299.838,304.589,308.7867,312.7052,316.5806,320.5875,324.8332,329.3657,334.1881,339.2746,344.5847,350.0732,355.6962,361.4143,367.1926,360.0794561087656,372.9999190588949,733.0792,12.691799999999944,33.42689999999993,2.346000000000004
1619,1619,1619.0,1619.0,1619.0,,,,,,,,,,,,,,,,,,,,,,,,,,,,,,,,,,,,,,,,,,,,,,,,0.9,349.1776,339.0108,330.2092,323.2186,318.2618,315.346,314.3063,314.8692,316.7182,319.5466,323.0919,327.15,331.575,336.2683,341.1665,346.2272,351.4202,356.7195,362.1001,367.536,190.3730886099892,372.9997723669631,745.771,20.73509999999999,20.73509999999999,2.346000000000004
1620,1620,1620.0,1620.0,,,,,,,,,,,,,,,,,,,,,,,,,,,,,,,,,,,,,,,,,,,,,,,,,0.0,273.0,273.0,273.0,273.0,273.0,273.0,273.0,273.0,273.0,273.0,273.0,273.0,273.0,273.0,273.0,273.0,273.0,273.0,273.0,273.0,372.99995602563257,372.9999591685679,0.0,368.7879,822.644,-40.0
1621,1621,1621.0,1621.0,,,,,,,,,,,,,,,,,,,,,,,,,,,,,,,,,,,,,,,,,,,,,,,,,0.1,355.9583,339.696,324.8873,312.0201,301.3574,292.9443,286.6547,282.2609,279.5107,278.1944,278.1944,279.5107,282.2609,286.6547,292.9443,301.3574,312.0201,324.8873,339.696,355.9583,209.70583133966343,372.9999098108771,368.7879,164.60809999999998,453.8561,-20.0557
1622,1622,1622.0,1622.0,,,,,,,,,,,,,,,,,,,,,,,,,,,,,,,,,,,,,,,,,,,,,,,,,0.2,225.6142,240.5628,253.75,264.653,273.0855,279.1869,283.3554,286.1508,288.1928,290.0774,292.3193,295.3239,299.3795,304.6642,311.2569,319.1493,328.2568,338.4274,349.4513,361.0721,372.9999548471174,372.999946436371,533.396,102.17190000000004,289.24800000000005,-33.81310000000002
1623,1623,1623.0,1623.0,,,,,,,,,,,,,,,,,,,,,,,,,,,,,,,,,,,,,,,,,,,,,,,,,0.3,355.7107,339.4486,325.0925,313.2616,304.2631,298.1078,294.5754,293.3089,293.9085,296.0049,299.3026,303.5932,308.7451,314.6814,321.353,328.715,336.7092,345.2543,354.2423,363.541,179.0179852213321,372.9999439321738,635.5679,41.54150000000004,187.0761,-14.892200000000004
1624,1624,1624.0,1624.0,,,,,,,,,,,,,,,,,,,,,,,,,,,,,,,,,,,,,,,,,,,,,,,,,0.4,201.2741,222.3888,241.4039,257.6824,270.9736,281.3969,289.3611,295.4478,300.2935,304.4922,308.5345,312.7814,317.4656,322.7102,328.5544,334.9774,341.9194,349.2958,357.0074,364.9463,372.99983626175447,372.9998199086917,677.1094,50.20709999999997,145.53459999999995,-31.603099999999984
1625,1625,1625.0,1625.0,,,,,,,,,,,,,,,,,,,,,,,,,,,,,,,,,,,,,,,,,,,,,,,,,0.5,355.5808,339.345,325.2978,314.1321,306.1659,301.3596,299.3948,299.7871,301.9995,305.5327,309.9798,315.046,320.5413,326.3571,332.4384,338.7578,345.2959,352.029,358.9226,365.9312,194.72437745186423,372.9995778411175,727.3165,14.367799999999988,95.3275,-11.6404
1626,1626,1626.0,1626.0,,,,,,,,,,,,,,,,,,,,,,,,,,,,,,,,,,,,,,,,,,,,,,,,,0.6,214.9244,234.1281,251.5008,266.4912,278.887,288.7982,296.5826,302.7417,307.8153,312.2976,316.5859,320.9614,325.5951,330.5682,335.8976,341.5589,347.5057,353.6817,360.0278,366.486,372.99990976309846,372.99997966765,741.6843,23.801699999999983,80.9597,-24.20179999999999
1627,1627,1627.0,1627.0,,,,,,,,,,,,,,,,,,,,,,,,,,,,,,,,,,,,,,,,,,,,,,,,,0.7,357.0544,342.2104,329.4041,319.2811,312.138,307.9369,306.3787,307.0063,309.3101,312.8125,317.1192,321.94,327.0829,332.4348,337.9368,343.5614,349.2945,355.124,361.0338,367.0016,173.00043316290197,372.9998925019,765.486,15.521399999999971,57.158000000000015,-5.06310000000002
1628,1628,1628.0,1628.0,,,,,,,,,,,,,,,,,,,,,,,,,,,,,,,,,,,,,,,,,,,,,,,,,0.8,197.8688,221.5428,243.0146,261.6039,277.0235,289.3626,299.0035,306.5036,312.4751,317.4878,322.0093,326.3802,330.8191,335.4438,340.299,345.3828,350.6673,356.1131,361.6777,367.3198,372.9998260644205,372.9998543372412,781.0074,25.163099999999982,41.63660000000005,-23.637400000000014
1629,1629,1629.0,1629.0,,,,,,,,,,,,,,,,,,,,,,,,,,,,,,,,,,,,,,,,,,,,,,,,,0.9,356.6977,341.5877,328.6782,318.6551,311.8176,308.0959,307.1332,308.4031,311.3266,315.3671,320.0875,325.1717,330.4185,335.718,341.0237,346.3258,351.6308,356.9485,362.2842,367.637,173.0006658209988,372.9996579375416,806.1705,16.473500000000058,16.473500000000058,-4.904100000000028
1630,1630,1630.0,1630.0,,,,,,,,,,,,,,,,,,,,,,,,,,,,,,,,,,,,,,,,,,,,,,,,,0.0,273.0,273.0,273.0,273.0,273.0,273.0,273.0,273.0,273.0,273.0,273.0,273.0,273.0,273.0,273.0,273.0,273.0,273.0,273.0,273.0,372.99995602563257,372.9999591685679,0.0,368.7879,822.6446,-40.0
1631,1631,1631.0,1631.0,,,,,,,,,,,,,,,,,,,,,,,,,,,,,,,,,,,,,,,,,,,,,,,,,0.1,355.9583,339.696,324.8873,312.0201,301.3574,292.9443,286.6547,282.2609,279.5107,278.1944,278.1944,279.5107,282.2609,286.6547,292.9443,301.3574,312.0201,324.8873,339.696,355.9583,209.7058064220137,372.9999178886694,368.7879,164.60809999999998,453.8567,-20.0557
1632,1632,1632.0,1632.0,,,,,,,,,,,,,,,,,,,,,,,,,,,,,,,,,,,,,,,,,,,,,,,,,0.2,225.6142,240.5628,253.75,264.653,273.0855,279.1869,283.3554,286.1507,288.1928,290.0774,292.3193,295.3239,299.3795,304.6642,311.2569,319.1493,328.2568,338.4274,349.4513,361.0721,372.99978506642685,372.9999244756345,533.396,102.17190000000004,289.2486,-33.81310000000002
1633,1633,1633.0,1633.0,,,,,,,,,,,,,,,,,,,,,,,,,,,,,,,,,,,,,,,,,,,,,,,,,0.3,355.7105,339.4484,325.0925,313.2615,304.2631,298.1077,294.5753,293.3089,293.9085,296.0049,299.3026,303.5932,308.7451,314.6814,321.353,328.715,336.7092,345.2543,354.2423,363.541,179.0179852213321,372.9999439321738,635.5679,41.54160000000002,187.0767,-14.892299999999976
1634,1634,1634.0,1634.0,,,,,,,,,,,,,,,,,,,,,,,,,,,,,,,,,,,,,,,,,,,,,,,,,0.4,201.2741,222.3888,241.4039,257.6823,270.9735,281.3969,289.3611,295.4478,300.2934,304.4921,308.5345,312.7814,317.4655,322.7102,328.5544,334.9774,341.9194,349.2958,357.0074,364.9463,372.99961130747954,372.9999464383105,677.1095,50.20719999999994,145.53509999999994,-31.603099999999984
1635,1635,1635.0,1635.0,,,,,,,,,,,,,,,,,,,,,,,,,,,,,,,,,,,,,,,,,,,,,,,,,0.5,355.5806,339.3448,325.2977,314.132,306.1659,301.3596,299.3948,299.7871,301.9995,305.5326,309.9797,315.046,320.5413,326.3571,332.4384,338.7578,345.296,352.029,358.9227,365.9313,194.72431175695576,372.9999813120616,727.3167,14.367900000000075,95.3279,-11.6404
1636,1636,1636.0,1636.0,,,,,,,,,,,,,,,,,,,,,,,,,,,,,,,,,,,,,,,,,,,,,,,,,0.6,214.9243,234.128,251.5007,266.4911,278.887,288.7981,296.5825,302.7416,307.8153,312.2976,316.5859,320.9614,325.5951,330.5683,335.8976,341.559,347.5059,353.6819,360.0281,366.4863,372.999839517512,372.999959286982,741.6846,23.801699999999983,80.95999999999992,-24.201900000000023
1637,1637,1637.0,1637.0,,,,,,,,,,,,,,,,,,,,,,,,,,,,,,,,,,,,,,,,,,,,,,,,,0.7,357.0543,342.2103,329.4041,319.2811,312.1379,307.9369,306.3787,307.0063,309.3101,312.8125,317.1192,321.94,327.0829,332.4348,337.9369,343.5615,349.2946,355.1241,361.0339,367.0016,173.00030373450116,372.9998883305624,765.4863,15.521499999999946,57.15829999999994,-5.06310000000002
1638,1638,1638.0,1638.0,,,,,,,,,,,,,,,,,,,,,,,,,,,,,,,,,,,,,,,,,,,,,,,,,0.8,197.8687,221.5428,243.0146,261.6038,277.0235,289.3626,299.0035,306.5036,312.475,317.4878,322.0093,326.3802,330.8191,335.4438,340.2991,345.3828,350.6673,356.1131,361.6777,367.3198,372.9999370837732,372.9999024455745,781.0078,25.163200000000074,41.6368,-23.637400000000014
1639,1639,1639.0,1639.0,,,,,,,,,,,,,,,,,,,,,,,,,,,,,,,,,,,,,,,,,,,,,,,,,0.9,356.6978,341.5877,328.6783,318.6551,311.8176,308.0959,307.1332,308.4031,311.3266,315.3671,320.0875,325.1717,330.4185,335.718,341.0237,346.3258,351.6309,356.9485,362.2843,367.637,173.00073680293838,372.9998491465384,806.171,16.47359999999992,16.47359999999992,-4.904100000000028
1640,1640,1640.0,1640.0,,,,,,,,,,,,,,,,,,,,,,,,,,,,,,,,,,,,,,,,,,,,,,,,,0.0,273.0,273.0,273.0,273.0,273.0,273.0,273.0,273.0,273.0,273.0,273.0,273.0,273.0,273.0,273.0,273.0,273.0,273.0,273.0,273.0,372.99995602563257,372.9999591685679,0.0,368.7879,822.6441,-40.0
1641,1641,1641.0,1641.0,,,,,,,,,,,,,,,,,,,,,,,,,,,,,,,,,,,,,,,,,,,,,,,,,0.1,355.9583,339.696,324.8873,312.0201,301.3574,292.9443,286.6547,282.2609,279.5107,278.1944,278.1944,279.5107,282.2609,286.6547,292.9443,301.3574,312.0201,324.8873,339.696,355.9583,209.7058428767902,372.9999432135001,368.7879,164.60809999999998,453.8562,-20.0557
1642,1642,1642.0,1642.0,,,,,,,,,,,,,,,,,,,,,,,,,,,,,,,,,,,,,,,,,,,,,,,,,0.2,225.6143,240.5628,253.75,264.653,273.0855,279.1869,283.3554,286.1508,288.1928,290.0774,292.3193,295.3239,299.3795,304.6642,311.2569,319.1493,328.2568,338.4274,349.4514,361.0721,372.99978725687,372.99995275550486,533.396,102.17190000000004,289.2481,-33.81310000000002
1643,1643,1643.0,1643.0,,,,,,,,,,,,,,,,,,,,,,,,,,,,,,,,,,,,,,,,,,,,,,,,,0.3,355.7105,339.4484,325.0925,313.2615,304.2631,298.1077,294.5753,293.3089,293.9085,296.0049,299.3026,303.5932,308.7451,314.6814,321.353,328.715,336.7092,345.2543,354.2423,363.541,179.0179852213321,372.9999439321738,635.5679,41.54150000000004,187.0762,-14.892299999999976
1644,1644,1644.0,1644.0,,,,,,,,,,,,,,,,,,,,,,,,,,,,,,,,,,,,,,,,,,,,,,,,,0.4,201.2741,222.3888,241.4039,257.6824,270.9736,281.3969,289.3611,295.4478,300.2934,304.4922,308.5345,312.7814,317.4656,322.7102,328.5544,334.9774,341.9194,349.2958,357.0074,364.9463,372.9996315985308,372.9999591702879,677.1094,50.20719999999994,145.53469999999993,-31.603099999999984
1645,1645,1645.0,1645.0,,,,,,,,,,,,,,,,,,,,,,,,,,,,,,,,,,,,,,,,,,,,,,,,,0.5,355.5806,339.3448,325.2977,314.132,306.1659,301.3596,299.3948,299.7871,301.9995,305.5326,309.9797,315.046,320.5413,326.3571,332.4384,338.7578,345.296,352.029,358.9227,365.9314,194.724384352246,372.99992116104704,727.3166,14.367799999999988,95.3275,-11.6404
1646,1646,1646.0,1646.0,,,,,,,,,,,,,,,,,,,,,,,,,,,,,,,,,,,,,,,,,,,,,,,,,0.6,214.9244,234.1281,251.5007,266.4911,278.887,288.7981,296.5825,302.7416,307.8153,312.2976,316.5859,320.9614,325.5951,330.5683,335.8976,341.559,347.5059,353.6819,360.0281,366.4863,372.9999589968274,372.9999464387148,741.6844,23.801699999999983,80.9597,-24.201900000000023
1647,1647,1647.0,1647.0,,,,,,,,,,,,,,,,,,,,,,,,,,,,,,,,,,,,,,,,,,,,,,,,,0.7,357.0544,342.2104,329.4041,319.2811,312.138,307.9369,306.3787,307.0063,309.3102,312.8125,317.1192,321.94,327.0829,332.4348,337.9369,343.5615,349.2946,355.1241,361.0338,367.0016,173.0001563613171,372.99991572039977,765.4861,15.52150000000006,57.158000000000015,-5.06310000000002
1648,1648,1648.0,1648.0,,,,,,,,,,,,,,,,,,,,,,,,,,,,,,,,,,,,,,,,,,,,,,,,,0.8,197.8686,221.5427,243.0145,261.6038,277.0235,289.3626,299.0035,306.5036,312.4751,317.4879,322.0093,326.3802,330.8191,335.4438,340.2991,345.3829,350.6673,356.1131,361.6777,367.3198,372.9998283774174,372.9998543372412,781.0076,25.163299999999936,41.63649999999996,-23.637400000000014
1649,1649,1649.0,1649.0,,,,,,,,,,,,,,,,,,,,,,,,,,,,,,,,,,,,,,,,,,,,,,,,,0.9,356.6977,341.5877,328.6782,318.6551,311.8176,308.0958,307.1332,308.403,311.3266,315.3671,320.0875,325.1717,330.4185,335.718,341.0237,346.3258,351.6308,356.9485,362.2842,367.637,173.0025690364413,372.9998925019,806.1709,16.47320000000002,16.47320000000002,-4.904200000000003
1650,1650,1650.0,1650.0,,,,,,,,,,,,,,,,,,,,,,,,,,,,,,,,,,,,,,,,,,,,,,,,,0.0,273.0,273.0,273.0,273.0,273.0,273.0,273.0,273.0,273.0,273.0,273.0,273.0,273.0,273.0,273.0,273.0,273.0,273.0,273.0,273.0,372.99995602563257,372.9999591685679,0.0,368.7879,822.6443,-40.0
1651,1651,1651.0,1651.0,,,,,,,,,,,,,,,,,,,,,,,,,,,,,,,,,,,,,,,,,,,,,,,,,0.1,355.9583,339.696,324.8873,312.0201,301.3574,292.9443,286.6547,282.2609,279.5107,278.1944,278.1944,279.5107,282.2609,286.6547,292.9443,301.3574,312.0201,324.8873,339.696,355.9583,209.7058281960962,372.9999216169843,368.7879,164.60809999999998,453.85640000000006,-20.0557
1652,1652,1652.0,1652.0,,,,,,,,,,,,,,,,,,,,,,,,,,,,,,,,,,,,,,,,,,,,,,,,,0.2,225.6142,240.5628,253.75,264.653,273.0855,279.1869,283.3554,286.1508,288.1928,290.0774,292.3193,295.3239,299.3795,304.6642,311.2569,319.1493,328.2568,338.4274,349.4513,361.0721,372.9994705805819,372.999913103034,533.396,102.17190000000004,289.2483000000001,-33.81310000000002
1653,1653,1653.0,1653.0,,,,,,,,,,,,,,,,,,,,,,,,,,,,,,,,,,,,,,,,,,,,,,,,,0.3,355.7103,339.4482,325.0923,313.2614,304.263,298.1077,294.5753,293.3089,293.9085,296.0049,299.3026,303.5932,308.7451,314.6814,321.353,328.715,336.7092,345.2543,354.2423,363.541,179.0179852213321,372.9999439321738,635.5679,41.54169999999999,187.07640000000004,-14.892299999999976
1654,1654,1654.0,1654.0,,,,,,,,,,,,,,,,,,,,,,,,,,,,,,,,,,,,,,,,,,,,,,,,,0.4,201.274,222.3888,241.4038,257.6823,270.9735,281.3969,289.361,295.4478,300.2934,304.4921,308.5345,312.7814,317.4655,322.7102,328.5543,334.9774,341.9194,349.2958,357.0074,364.9463,372.9995980011557,372.999944189896,677.1096,50.20740000000001,145.53470000000004,-31.603099999999984
1655,1655,1655.0,1655.0,,,,,,,,,,,,,,,,,,,,,,,,,,,,,,,,,,,,,,,,,,,,,,,,,0.5,355.5805,339.3448,325.2977,314.1319,306.1658,301.3595,299.3947,299.787,301.9994,305.5326,309.9797,315.046,320.5412,326.3571,332.4384,338.7578,345.296,352.029,358.9227,365.9313,194.7249265415253,372.9982805574961,727.317,14.367700000000012,95.32730000000004,-11.640499999999976
1656,1656,1656.0,1656.0,,,,,,,,,,,,,,,,,,,,,,,,,,,,,,,,,,,,,,,,,,,,,,,,,0.6,214.9249,234.1284,251.501,266.4913,278.8871,288.7982,296.5826,302.7416,307.8152,312.2976,316.5858,320.9613,325.595,330.5681,335.8973,341.5585,347.5052,353.681,360.027,366.4849,372.99980854737015,372.9999464405886,741.6847,23.801600000000008,80.95960000000002,-24.20179999999999
1657,1657,1657.0,1657.0,,,,,,,,,,,,,,,,,,,,,,,,,,,,,,,,,,,,,,,,,,,,,,,,,0.7,357.0543,342.2103,329.4041,319.2811,312.138,307.9369,306.3787,307.0063,309.3101,312.8124,317.1191,321.9399,327.0827,332.4346,337.9366,343.5612,349.2943,355.1239,361.0337,367.0016,173.00039814969344,372.9998922352892,765.4863,15.521399999999971,57.158000000000015,-5.06310000000002
1658,1658,1658.0,1658.0,,,,,,,,,,,,,,,,,,,,,,,,,,,,,,,,,,,,,,,,,,,,,,,,,0.8,197.8688,221.5428,243.0146,261.6039,277.0235,289.3626,299.0034,306.5035,312.475,317.4878,322.0092,326.3801,330.819,335.4437,340.2989,345.3827,350.6672,356.113,361.6776,367.3197,372.9998254969913,372.9998414180656,781.0077,25.16319999999996,41.63660000000005,-23.637400000000014
1659,1659,1659.0,1659.0,,,,,,,,,,,,,,,,,,,,,,,,,,,,,,,,,,,,,,,,,,,,,,,,,0.9,356.6977,341.5877,328.6782,318.6551,311.8176,308.0958,307.1332,308.403,311.3265,315.367,320.0874,325.1716,330.4184,335.7179,341.0236,346.3257,351.6308,356.9484,362.2842,367.6369,173.0011921721973,372.99993706951614,806.1709,16.473400000000083,16.473400000000083,-4.904200000000003
1660,1660,1660.0,1660.0,,,,,,,,,,,,,,,,,,,,,,,,,,,,,,,,,,,,,,,,,,,,,,,,,0.0,273.0,273.0,273.0,273.0,273.0,273.0,273.0,273.0,273.0,273.0,273.0,273.0,273.0,273.0,273.0,273.0,273.0,273.0,273.0,273.0,372.99995602563257,372.9999591685679,0.0,368.7879,822.6432,-40.0
1661,1661,1661.0,1661.0,,,,,,,,,,,,,,,,,,,,,,,,,,,,,,,,,,,,,,,,,,,,,,,,,0.1,355.9583,339.696,324.8873,312.0201,301.3574,292.9443,286.6547,282.2609,279.5107,278.1944,278.1944,279.5107,282.2609,286.6547,292.9443,301.3574,312.0201,324.8873,339.696,355.9583,209.70601084849605,372.9999603790567,368.7879,164.608,453.8553,-20.0557
1662,1662,1662.0,1662.0,,,,,,,,,,,,,,,,,,,,,,,,,,,,,,,,,,,,,,,,,,,,,,,,,0.2,225.6144,240.563,253.7501,264.6531,273.0855,279.1869,283.3554,286.1508,288.1928,290.0774,292.3193,295.3239,299.3795,304.6642,311.2569,319.1493,328.2568,338.4274,349.4514,361.0721,372.9999548471173,372.999946436371,533.3959,102.1717,289.2473,-33.81310000000002
1663,1663,1663.0,1663.0,,,,,,,,,,,,,,,,,,,,,,,,,,,,,,,,,,,,,,,,,,,,,,,,,0.3,355.7107,339.4486,325.0926,313.2616,304.2632,298.1078,294.5754,293.3089,293.9085,296.0049,299.3026,303.5932,308.7451,314.6814,321.353,328.715,336.7092,345.2543,354.2423,363.541,179.0179852213321,372.9999439321738,635.5676,41.54150000000004,187.0756,-14.892200000000004
1664,1664,1664.0,1664.0,,,,,,,,,,,,,,,,,,,,,,,,,,,,,,,,,,,,,,,,,,,,,,,,,0.4,201.2741,222.3888,241.4039,257.6824,270.9736,281.3969,289.3611,295.4479,300.2935,304.4922,308.5346,312.7814,317.4656,322.7102,328.5544,334.9774,341.9194,349.2958,357.0074,364.9463,372.9999144216718,372.9998025748233,677.1091,50.207,145.53409999999997,-31.603099999999984
1665,1665,1665.0,1665.0,,,,,,,,,,,,,,,,,,,,,,,,,,,,,,,,,,,,,,,,,,,,,,,,,0.5,355.5808,339.345,325.2979,314.1321,306.166,301.3597,299.3948,299.7871,301.9995,305.5327,309.9798,315.046,320.5413,326.3571,332.4384,338.7578,345.2959,352.029,358.9226,365.9312,194.7249265415253,372.9982805574961,727.3161,14.36760000000004,95.32709999999996,-11.640300000000025
1666,1666,1666.0,1666.0,,,,,,,,,,,,,,,,,,,,,,,,,,,,,,,,,,,,,,,,,,,,,,,,,0.6,214.9249,234.1285,251.5011,266.4914,278.8872,288.7983,296.5827,302.7417,307.8153,312.2976,316.5859,320.9613,325.595,330.5681,335.8973,341.5585,347.5052,353.681,360.027,366.4849,372.9998260644205,372.9999464482251,741.6837,23.801399999999944,80.95949999999993,-24.201700000000017
1667,1667,1667.0,1667.0,,,,,,,,,,,,,,,,,,,,,,,,,,,,,,,,,,,,,,,,,,,,,,,,,0.7,357.0543,342.2104,329.4042,319.2812,312.138,307.937,306.3788,307.0063,309.3101,312.8124,317.1191,321.9399,327.0827,332.4346,337.9366,343.5612,349.2943,355.1239,361.0337,367.0016,173.00036138264474,372.9998925019,765.4851,15.52150000000006,57.15809999999999,-5.062999999999988
1668,1668,1668.0,1668.0,,,,,,,,,,,,,,,,,,,,,,,,,,,,,,,,,,,,,,,,,,,,,,,,,0.8,197.8688,221.5428,243.0146,261.6039,277.0235,289.3626,299.0035,306.5036,312.475,317.4878,322.0093,326.3801,330.819,335.4437,340.2989,345.3827,350.6672,356.113,361.6776,367.3198,372.9996315985308,372.9999405301354,781.0066,25.163099999999982,41.63659999999993,-23.637400000000014
1669,1669,1669.0,1669.0,,,,,,,,,,,,,,,,,,,,,,,,,,,,,,,,,,,,,,,,,,,,,,,,,0.9,356.6975,341.5875,328.6781,318.655,311.8175,308.0958,307.1332,308.403,311.3266,315.367,320.0874,325.1717,330.4185,335.718,341.0237,346.3257,351.6308,356.9485,362.2843,367.637,173.00073680293838,372.9998491514366,806.1697,16.473499999999945,16.473499999999945,-4.904200000000003
1670,1670,1670.0,1670.0,,,,,,,,,,,,,,,,,,,,,,,,,,,,,,,,,,,,,,,,,,,,,,,,,0.0,273.0,273.0,273.0,273.0,273.0,273.0,273.0,273.0,273.0,273.0,273.0,273.0,273.0,273.0,273.0,273.0,273.0,273.0,273.0,273.0,372.99995602563257,372.9999591685679,0.0,368.7879,822.6435,-40.0
1671,1671,1671.0,1671.0,,,,,,,,,,,,,,,,,,,,,,,,,,,,,,,,,,,,,,,,,,,,,,,,,0.1,355.9583,339.696,324.8873,312.0201,301.3574,292.9443,286.6547,282.2609,279.5107,278.1944,278.1944,279.5107,282.2609,286.6547,292.9443,301.3574,312.0201,324.8873,339.696,355.9583,209.7058427904034,372.9999461976824,368.7879,164.60809999999998,453.8556,-20.0557
1672,1672,1672.0,1672.0,,,,,,,,,,,,,,,,,,,,,,,,,,,,,,,,,,,,,,,,,,,,,,,,,0.2,225.6143,240.5628,253.75,264.653,273.0855,279.1869,283.3554,286.1508,288.1928,290.0774,292.3193,295.3239,299.3795,304.6642,311.2569,319.1493,328.2568,338.4274,349.4514,361.0721,372.9999335625205,372.9998298028248,533.396,102.17190000000004,289.24750000000006,-33.81310000000002
1673,1673,1673.0,1673.0,,,,,,,,,,,,,,,,,,,,,,,,,,,,,,,,,,,,,,,,,,,,,,,,,0.3,355.7107,339.4485,325.0925,313.2615,304.2631,298.1078,294.5754,293.3089,293.9085,296.0049,299.3026,303.5932,308.7451,314.6814,321.353,328.715,336.7092,345.2542,354.2422,363.5409,179.0179852213321,372.9999439321738,635.5679,41.54150000000004,187.0756,-14.892200000000004
1674,1674,1674.0,1674.0,,,,,,,,,,,,,,,,,,,,,,,,,,,,,,,,,,,,,,,,,,,,,,,,,0.4,201.2741,222.3888,241.4039,257.6824,270.9736,281.3969,289.3611,295.4478,300.2935,304.4922,308.5345,312.7814,317.4655,322.7102,328.5543,334.9774,341.9194,349.2958,357.0074,364.9463,372.99991895555286,372.9998025748233,677.1094,50.20709999999997,145.53409999999997,-31.603099999999984
1675,1675,1675.0,1675.0,,,,,,,,,,,,,,,,,,,,,,,,,,,,,,,,,,,,,,,,,,,,,,,,,0.5,355.5808,339.345,325.2979,314.1321,306.166,301.3596,299.3948,299.7871,301.9995,305.5326,309.9797,315.046,320.5413,326.3571,332.4384,338.7578,345.2959,352.0289,358.9226,365.9312,194.7249265415253,372.9982805574961,727.3165,14.367700000000012,95.327,-11.6404
1676,1676,1676.0,1676.0,,,,,,,,,,,,,,,,,,,,,,,,,,,,,,,,,,,,,,,,,,,,,,,,,0.6,214.9249,234.1285,251.5011,266.4914,278.8872,288.7983,296.5826,302.7417,307.8153,312.2976,316.5859,320.9613,325.595,330.5681,335.8973,341.5585,347.5052,353.681,360.027,366.4849,372.9998543995659,372.9999707321782,741.6842,23.801399999999944,80.95929999999998,-24.201700000000017
1677,1677,1677.0,1677.0,,,,,,,,,,,,,,,,,,,,,,,,,,,,,,,,,,,,,,,,,,,,,,,,,0.7,357.0543,342.2104,329.4042,319.2812,312.138,307.937,306.3788,307.0063,309.3101,312.8124,317.1191,321.9399,327.0827,332.4346,337.9366,343.5612,349.2943,355.1239,361.0337,367.0016,173.00036494029553,372.9998925019,765.4856,15.52150000000006,57.15790000000004,-5.062999999999988
1678,1678,1678.0,1678.0,,,,,,,,,,,,,,,,,,,,,,,,,,,,,,,,,,,,,,,,,,,,,,,,,0.8,197.8688,221.5428,243.0146,261.6039,277.0235,289.3626,299.0035,306.5036,312.475,317.4878,322.0093,326.3801,330.819,335.4437,340.2989,345.3827,350.6672,356.113,361.6776,367.3198,372.9997959065017,372.99985042243935,781.0071,25.163099999999982,41.63639999999998,-23.637400000000014
1679,1679,1679.0,1679.0,,,,,,,,,,,,,,,,,,,,,,,,,,,,,,,,,,,,,,,,,,,,,,,,,0.9,356.6976,341.5876,328.6782,318.6551,311.8176,308.0958,307.1332,308.403,311.3266,315.367,320.0874,325.1717,330.4184,335.718,341.0236,346.3257,351.6308,356.9485,362.2842,367.6369,173.00189104112027,372.9998925262539,806.1702,16.473299999999995,16.473299999999995,-4.904200000000003
1680,1680,1680.0,,,,,,,,,,,,,,,,,,,,,,,,,,,,,,,,,,,,,,,,,,,,,,,,,,0.0,273.0,273.0,273.0,273.0,273.0,273.0,273.0,273.0,273.0,273.0,273.0,273.0,273.0,273.0,273.0,273.0,273.0,273.0,273.0,273.0,372.9999087131765,372.9999335625205,0.0,368.7879,2111.4322,-40.0
1681,1681,1681.0,,,,,,,,,,,,,,,,,,,,,,,,,,,,,,,,,,,,,,,,,,,,,,,,,,0.1,355.9582,339.696,324.8873,312.0201,301.3574,292.9443,286.6547,282.2609,279.5107,278.1944,278.1944,279.5107,282.2609,286.6547,292.9443,301.3574,312.0201,324.8873,339.696,355.9582,182.18470752930108,273.4706447145388,368.7879,204.04710000000009,1742.6443000000002,-20.0557
1682,1682,1682.0,,,,,,,,,,,,,,,,,,,,,,,,,,,,,,,,,,,,,,,,,,,,,,,,,,0.2,202.7813,222.2024,239.4586,253.8891,265.2278,273.5882,279.3796,283.1845,285.6292,287.2719,288.5252,289.6156,290.5798,291.2918,291.5162,290.9787,289.4454,286.7957,283.0741,278.5061,372.9998990812452,310.27969723503713,572.835,259.5319999999999,1538.5972000000002,-39.41180000000003
1683,1683,1683.0,,,,,,,,,,,,,,,,,,,,,,,,,,,,,,,,,,,,,,,,,,,,,,,,,,0.3,354.1841,336.5015,320.9099,308.0589,298.2288,291.3464,287.0643,284.8726,284.2143,284.5785,285.5609,286.8893,288.4207,290.1194,292.0231,294.2052,296.7371,299.6571,302.9486,306.5332,372.54681905993993,287.07510276120945,832.367,185.61210000000003,1279.0652000000002,-21.653599999999983
1684,1684,1684.0,,,,,,,,,,,,,,,,,,,,,,,,,,,,,,,,,,,,,,,,,,,,,,,,,,0.4,360.5893,348.9828,338.0518,328.0709,319.2472,311.7103,305.5105,300.6237,296.9612,294.3836,292.7144,291.7543,291.294,291.1267,291.0611,290.9343,290.6256,290.0671,289.2499,288.2215,173.00006292503815,295.52824419564354,1017.9791,178.84120000000007,1093.4531000000002,-1.289699999999982
1685,1685,1685.0,,,,,,,,,,,,,,,,,,,,,,,,,,,,,,,,,,,,,,,,,,,,,,,,,,0.5,197.759,221.1441,241.9845,259.4671,273.2126,283.2625,289.9953,294.0027,295.9605,296.5212,296.2437,295.5614,294.7799,294.0948,293.6165,293.3942,293.4354,293.7188,294.2022,294.8282,173.00017393557948,372.9998824483901,1196.8203,256.5519999999999,914.6119,-29.73750000000001
1686,1686,1686.0,,,,,,,,,,,,,,,,,,,,,,,,,,,,,,,,,,,,,,,,,,,,,,,,,,0.6,189.3716,205.2998,220.3762,234.258,246.6922,257.5312,266.7392,274.391,280.6649,285.8313,290.2396,294.3005,298.4647,303.1934,308.9184,315.994,324.6451,334.9207,346.6673,359.5317,372.9999258352341,264.5944465876833,1453.3723,243.3871999999999,658.0599000000002,-55.46879999999999
1687,1687,1687.0,,,,,,,,,,,,,,,,,,,,,,,,,,,,,,,,,,,,,,,,,,,,,,,,,,0.7,351.9789,332.31,315.1454,301.2853,291.1037,284.5603,281.2805,280.672,282.0423,284.6911,287.9648,291.2762,294.1022,295.9774,296.499,295.3508,292.3447,287.4676,280.9153,273.0964,179.4718215000399,372.9999636593392,1696.7595,191.9439000000002,414.6727000000003,-28.439700000000016
1688,1688,1688.0,,,,,,,,,,,,,,,,,,,,,,,,,,,,,,,,,,,,,,,,,,,,,,,,,,0.8,199.6531,218.7563,235.8748,250.4024,262.0916,271.036,277.5939,282.283,285.6792,288.342,290.7772,293.4311,296.7034,300.96,306.5305,313.6844,322.5868,333.2485,345.4874,358.9211,372.9996412045823,372.9999859142039,1888.7034,157.29669999999987,222.7288000000001,-41.964
1689,1689,1689.0,,,,,,,,,,,,,,,,,,,,,,,,,,,,,,,,,,,,,,,,,,,,,,,,,,0.9,353.8946,335.984,320.2842,307.5002,297.9638,291.6519,288.268,287.3563,288.4171,290.9974,294.7452,299.4264,304.9121,311.1496,318.1257,325.8333,334.2448,343.2955,352.8768,362.8389,173.00007284713485,372.9999098877635,2046.0001,65.43210000000022,65.43210000000022,-21.348099999999988
1690,1690,1690.0,,,,,,,,,,,,,,,,,,,,,,,,,,,,,,,,,,,,,,,,,,,,,,,,,,0.0,273.0,273.0,273.0,273.0,273.0,273.0,273.0,273.0,273.0,273.0,273.0,273.0,273.0,273.0,273.0,273.0,273.0,273.0,273.0,273.0,372.99991037825606,372.9999594231523,0.0,368.7879,1651.903,5.14749999999998
1691,1691,1691.0,,,,,,,,,,,,,,,,,,,,,,,,,,,,,,,,,,,,,,,,,,,,,,,,,,0.1,355.9582,339.696,324.8873,312.0201,301.3574,292.9443,286.6547,282.2609,279.5107,278.1944,278.1944,279.5107,282.2609,286.6547,292.9443,301.3574,312.0201,324.8873,339.696,355.9583,181.76110678074528,273.0176043854765,368.7879,204.4011,1283.1151,5.14749999999998
1692,1692,1692.0,,,,,,,,,,,,,,,,,,,,,,,,,,,,,,,,,,,,,,,,,,,,,,,,,,0.2,202.4299,221.9199,239.2388,253.7238,265.1077,273.5037,279.3216,283.1451,285.6013,287.2494,288.5023,289.5865,290.538,291.23,291.4259,290.8503,289.2686,286.5606,282.772,278.1303,372.9999591685674,306.9412370989696,573.189,261.9623,1078.714,5.14749999999998
1693,1693,1693.0,,,,,,,,,,,,,,,,,,,,,,,,,,,,,,,,,,,,,,,,,,,,,,,,,,0.3,354.1624,336.4599,320.8518,307.9885,298.15,291.2621,286.9749,284.7755,284.1024,284.4395,285.3754,286.6298,288.0503,289.5907,291.2789,293.1802,295.3621,297.8641,300.678,303.7406,340.07151968795097,318.7498284050759,835.1513,176.1816,816.7517,5.14749999999998
1694,1694,1694.0,,,,,,,,,,,,,,,,,,,,,,,,,,,,,,,,,,,,,,,,,,,,,,,,,,0.4,333.6328,327.2926,321.1575,315.3462,309.9855,305.2011,301.1038,297.7772,295.2704,293.597,292.7409,292.6663,293.3278,294.6787,296.6737,299.2671,302.4066,306.0248,310.0331,314.3191,372.9956207742152,372.9999340543511,1011.3329,124.48650000000008,640.5701,5.14749999999998
1695,1695,1695.0,,,,,,,,,,,,,,,,,,,,,,,,,,,,,,,,,,,,,,,,,,,,,,,,,,0.5,362.0843,351.5272,341.6422,332.6817,324.8186,318.1475,312.6987,308.4623,305.4134,303.5365,302.8441,303.3858,305.2483,308.5434,313.3845,319.8528,327.9598,337.6117,348.5872,360.5355,173.0000332586473,372.999957122558,1135.8194,52.49399999999992,516.0835999999999,5.14749999999998
1696,1696,1696.0,,,,,,,,,,,,,,,,,,,,,,,,,,,,,,,,,,,,,,,,,,,,,,,,,,0.6,198.8276,223.2847,245.2074,263.7975,278.7006,289.9967,298.1175,303.7226,307.5687,310.3982,312.8629,315.484,318.6408,322.5796,327.431,333.23,339.9333,347.435,355.5796,364.1741,173.0006161301745,372.9999797288826,1188.3134,89.46489999999994,463.5896,5.14749999999998
1697,1697,1697.0,,,,,,,,,,,,,,,,,,,,,,,,,,,,,,,,,,,,,,,,,,,,,,,,,,0.7,190.649,207.8835,224.3256,239.6627,253.6716,266.2314,277.3246,287.0295,295.5023,302.9555,309.6326,315.784,321.6456,327.422,333.2748,339.3163,345.6085,352.1656,358.9605,365.9329,354.0279697405233,213.57567087620384,1277.7783,118.28020000000016,374.1247000000001,5.14749999999998
1698,1698,1698.0,,,,,,,,,,,,,,,,,,,,,,,,,,,,,,,,,,,,,,,,,,,,,,,,,,0.8,337.7688,322.7244,309.9267,300.0848,293.5143,290.1447,289.5868,291.2318,294.3514,298.1747,301.9333,304.8791,306.2908,305.4864,301.8584,294.9363,284.4705,270.5147,253.482,234.1461,372.9996852329854,307.8084224665617,1396.0585,136.15369999999984,255.84449999999995,5.14749999999998
1699,1699,1699.0,,,,,,,,,,,,,,,,,,,,,,,,,,,,,,,,,,,,,,,,,,,,,,,,,,0.9,360.6811,348.855,337.9595,328.3327,320.1826,313.5762,308.4485,304.6271,301.87,299.9101,298.5007,297.4555,296.6774,296.1687,296.0184,296.3679,297.3589,299.0766,301.5032,304.4976,173.00010749809996,372.9999242131818,1532.2122,119.69080000000008,119.69080000000008,5.14749999999998
1700,1700,1700.0,,,,,,,,,,,,,,,,,,,,,,,,,,,,,,,,,,,,,,,,,,,,,,,,,,0.0,273.0,273.0,273.0,273.0,273.0,273.0,273.0,273.0,273.0,273.0,273.0,273.0,273.0,273.0,273.0,273.0,273.0,273.0,273.0,273.0,372.9999068580599,372.9999691381138,0.0,368.7879,1664.1503,-40.0
1701,1701,1701.0,,,,,,,,,,,,,,,,,,,,,,,,,,,,,,,,,,,,,,,,,,,,,,,,,,0.1,355.9582,339.696,324.8873,312.0201,301.3574,292.9443,286.6547,282.2609,279.5107,278.1944,278.1944,279.5107,282.2609,286.6547,292.9443,301.3574,312.0201,324.8873,339.696,355.9583,183.62625726253515,275.02081719992253,368.7879,202.84610000000004,1295.3624,-20.0557
1702,1702,1702.0,,,,,,,,,,,,,,,,,,,,,,,,,,,,,,,,,,,,,,,,,,,,,,,,,,0.2,203.9773,223.1639,240.2067,254.4516,265.6366,273.8758,279.5767,283.3186,285.7242,287.3489,288.6037,289.7154,290.7227,291.5031,291.8252,291.4182,290.0502,287.6,284.1081,279.7921,372.9999464363672,309.9819212217621,571.634,255.5708,1092.5163,-39.12419999999997
1703,1703,1703.0,,,,,,,,,,,,,,,,,,,,,,,,,,,,,,,,,,,,,,,,,,,,,,,,,,0.3,354.258,336.6426,321.1061,308.2948,298.4884,291.6159,287.3335,285.136,284.4706,284.8297,285.8102,287.139,288.6702,290.3631,292.2496,294.397,296.8726,299.7123,302.901,306.3653,365.44771992310086,291.1378846619722,827.2048,181.2818,836.9455,-21.38409999999999
1704,1704,1704.0,,,,,,,,,,,,,,,,,,,,,,,,,,,,,,,,,,,,,,,,,,,,,,,,,,0.4,354.7397,344.3261,334.4824,325.4482,317.412,310.5021,304.7811,300.2472,296.8396,294.4487,292.9277,292.1052,291.7978,291.8226,292.0086,292.2094,292.3135,292.2539,292.0127,291.6187,173.00017393557948,372.9997340957012,1008.4866,152.0734,655.6637000000001,-2.497900000000016
1705,1705,1705.0,,,,,,,,,,,,,,,,,,,,,,,,,,,,,,,,,,,,,,,,,,,,,,,,,,0.5,197.4437,220.5507,241.1825,258.5496,272.2873,282.4465,289.4175,293.8157,296.3646,297.8,298.8095,300.0043,301.9142,304.9883,309.5901,315.9796,324.2825,334.4569,346.2716,359.3089,372.9999374497661,372.9994999298029,1160.56,95.49210000000016,503.59030000000007,-30.553499999999985
1706,1706,1706.0,,,,,,,,,,,,,,,,,,,,,,,,,,,,,,,,,,,,,,,,,,,,,,,,,,0.6,355.2933,338.7321,324.2844,312.6087,303.995,298.3868,295.4653,294.7674,295.8015,298.1375,301.4578,305.5699,310.389,315.9039,322.137,329.1082,336.8073,345.1775,354.1102,363.4485,173.0001932876783,372.9998634255402,1256.0521,39.57939999999985,408.0981999999999,-14.613200000000006
1707,1707,1707.0,,,,,,,,,,,,,,,,,,,,,,,,,,,,,,,,,,,,,,,,,,,,,,,,,,0.7,196.3362,218.4946,238.4846,255.6441,269.7056,280.7804,289.2758,295.7775,300.9287,305.3331,309.4922,313.7792,318.4404,323.6134,329.3514,335.6473,342.4525,349.6904,357.2666,365.0744,173.0043747400423,372.99973016223424,1295.6315,128.3203000000001,368.51880000000006,-32.219600000000014
1708,1708,1708.0,,,,,,,,,,,,,,,,,,,,,,,,,,,,,,,,,,,,,,,,,,,,,,,,,,0.8,189.4659,205.5855,221.0506,235.6036,249.0603,261.3204,272.3681,282.2638,291.1303,299.1332,306.4613,313.3073,319.8512,326.2488,332.6232,339.0617,345.6163,352.306,359.1222,366.035,372.9999557195544,243.40080896396972,1423.9518,134.67200000000005,240.1985,-51.67959999999999
1709,1709,1709.0,,,,,,,,,,,,,,,,,,,,,,,,,,,,,,,,,,,,,,,,,,,,,,,,,,0.9,352.8462,334.0868,317.911,305.1459,296.1774,290.9577,289.0814,289.8995,292.6352,296.4763,300.6326,304.3609,306.9728,307.8426,306.4299,302.3252,295.3124,285.4316,273.0215,258.7184,348.7695110429236,315.3385730784504,1558.6238,105.52649999999994,105.52649999999994,-22.04230000000001
1710,1710,1710.0,,,,,,,,,,,,,,,,,,,,,,,,,,,,,,,,,,,,,,,,,,,,,,,,,,0.0,273.0,273.0,273.0,273.0,273.0,273.0,273.0,273.0,273.0,273.0,273.0,273.0,273.0,273.0,273.0,273.0,273.0,273.0,273.0,273.0,372.999910687432,372.9999392393908,0.0,368.7879,1910.9904,-40.0
1711,1711,1711.0,,,,,,,,,,,,,,,,,,,,,,,,,,,,,,,,,,,,,,,,,,,,,,,,,,0.1,355.9582,339.696,324.8873,312.0201,301.3574,292.9443,286.6547,282.2609,279.5107,278.1944,278.1944,279.5107,282.2609,286.6547,292.9443,301.3574,312.0201,324.8873,339.696,355.9582,182.78260406399363,274.1137960776717,368.7879,203.54750000000007,1542.2025,-20.0557
1712,1712,1712.0,,,,,,,,,,,,,,,,,,,,,,,,,,,,,,,,,,,,,,,,,,,,,,,,,,0.2,203.2772,222.601,239.7688,254.1224,265.3974,273.7076,279.4614,283.2401,285.6686,287.3038,288.5577,289.657,290.6391,291.3795,291.6444,291.1611,289.6963,287.1293,283.503,279.0396,372.9999360209956,309.0205150564879,572.3354,258.299,1338.6549999999995,-39.29239999999999
1713,1713,1713.0,,,,,,,,,,,,,,,,,,,,,,,,,,,,,,,,,,,,,,,,,,,,,,,,,,0.3,354.2148,336.56,320.9911,308.1564,298.3356,291.4564,287.1725,284.9753,284.3085,284.661,285.627,286.9311,288.4256,290.0689,291.8923,293.9636,296.3506,299.0909,302.1715,305.5215,368.6661643696858,291.41711128034405,830.6344,184.27429999999995,1080.3559999999998,-21.543600000000023
1714,1714,1714.0,,,,,,,,,,,,,,,,,,,,,,,,,,,,,,,,,,,,,,,,,,,,,,,,,,0.4,357.3847,346.4232,336.0792,326.6081,318.2065,311.0034,305.0559,300.3528,296.8223,294.3442,292.7629,291.9009,291.572,291.5923,291.7923,292.0272,292.1871,292.205,292.0607,291.7783,173.00003240953535,314.6700180954095,1014.9087,167.81809999999996,896.0817,-1.9966000000000008
1715,1715,1715.0,,,,,,,,,,,,,,,,,,,,,,,,,,,,,,,,,,,,,,,,,,,,,,,,,,0.5,197.5798,220.8062,241.5257,258.9378,272.6693,282.7637,289.5995,293.7696,295.9565,296.8277,296.9687,296.8504,296.8269,297.1482,297.9787,299.4112,301.4766,304.1459,307.3335,310.9011,173.00028760854326,372.9998609457728,1182.7268,233.2556000000002,728.2636,-30.23630000000003
1716,1716,1716.0,,,,,,,,,,,,,,,,,,,,,,,,,,,,,,,,,,,,,,,,,,,,,,,,,,0.6,189.3405,205.2491,220.3292,234.2493,246.7676,257.7464,267.1585,275.0841,281.7018,287.275,292.1352,296.6632,301.2662,306.3508,312.2883,319.3762,327.7969,337.5835,348.6005,360.5491,372.9999641161245,263.5474567308122,1415.9824,225.9131,495.0079999999998,-55.253600000000006
1717,1717,1717.0,,,,,,,,,,,,,,,,,,,,,,,,,,,,,,,,,,,,,,,,,,,,,,,,,,0.7,352.0559,332.4711,315.4044,301.6613,291.6191,285.2384,282.1422,281.7325,283.3073,286.1528,289.5989,293.0395,295.9314,297.7905,298.198,296.8272,293.4874,288.1714,281.0907,272.6778,372.9879731415865,372.9999911642258,1641.8955,145.38580000000002,269.0948999999998,-27.761599999999987
1718,1718,1718.0,,,,,,,,,,,,,,,,,,,,,,,,,,,,,,,,,,,,,,,,,,,,,,,,,,0.8,360.3062,348.0525,336.6199,326.3362,317.4422,310.0803,304.2976,300.06,297.2798,295.8491,295.6779,296.7274,299.0315,302.6987,307.8894,314.7689,323.4428,333.8912,345.9184,359.1378,173.0000460199069,372.9999632572188,1787.2813,70.67769999999996,123.7090999999998,-2.919699999999977
1719,1719,1719.0,,,,,,,,,,,,,,,,,,,,,,,,,,,,,,,,,,,,,,,,,,,,,,,,,,0.9,197.6926,221.0549,241.9608,259.6445,273.7769,284.4552,292.1197,297.4305,301.1382,303.9748,306.579,309.4585,312.9804,317.3808,322.7819,329.2111,336.6178,344.8865,353.8498,363.2996,372.9998252555034,357.1744352720791,1857.959,53.03139999999985,53.03139999999985,-28.54480000000001
1720,1720,1720.0,,,,,,,,,,,,,,,,,,,,,,,,,,,,,,,,,,,,,,,,,,,,,,,,,,0.0,273.0,273.0,273.0,273.0,273.0,273.0,273.0,273.0,273.0,273.0,273.0,273.0,273.0,273.0,273.0,273.0,273.0,273.0,273.0,273.0,372.9999214455319,372.9999335625205,0.0,368.7879,1758.3251,5.122799999999984
1721,1721,1721.0,,,,,,,,,,,,,,,,,,,,,,,,,,,,,,,,,,,,,,,,,,,,,,,,,,0.1,355.9582,339.696,324.8873,312.0201,301.3574,292.9443,286.6547,282.2609,279.5107,278.1944,278.1944,279.5107,282.2609,286.6547,292.9443,301.3574,312.0201,324.8873,339.696,355.9582,182.5867442524224,273.902914889163,368.7879,203.71100000000007,1389.5372,5.122799999999984
1722,1722,1722.0,,,,,,,,,,,,,,,,,,,,,,,,,,,,,,,,,,,,,,,,,,,,,,,,,,0.2,203.1147,222.4704,239.6672,254.046,265.3419,273.6685,279.4346,283.2219,285.6556,287.2933,288.5471,289.6434,290.6196,291.3508,291.6024,291.1013,289.6141,287.0199,283.3623,278.8646,372.9999203941106,307.83617789928667,572.4989,259.2888999999999,1185.8262,5.122799999999984
1723,1723,1723.0,,,,,,,,,,,,,,,,,,,,,,,,,,,,,,,,,,,,,,,,,,,,,,,,,,0.3,354.2047,336.5408,320.9643,308.1239,298.2994,291.418,287.1322,284.9324,284.2605,284.6035,285.5529,286.8305,288.2854,289.8722,291.6191,293.591,295.8546,298.4481,301.3611,304.5282,339.22027933889643,318.35336505386,831.7878,173.7419000000001,926.5373,5.122799999999984
1724,1724,1724.0,,,,,,,,,,,,,,,,,,,,,,,,,,,,,,,,,,,,,,,,,,,,,,,,,,0.4,332.9509,326.7729,320.7867,315.1066,309.8572,305.1641,301.1399,297.8706,295.4082,293.7687,292.9375,292.8784,293.5449,294.8872,296.8568,299.4045,302.4758,306.003,309.8997,314.0584,372.9978571563672,372.99993461419706,1005.5297,123.47379999999998,752.7954,5.122799999999984
1725,1725,1725.0,,,,,,,,,,,,,,,,,,,,,,,,,,,,,,,,,,,,,,,,,,,,,,,,,,0.5,362.0648,351.4901,341.5946,332.6327,324.7777,318.1228,312.6962,308.4848,305.4606,303.6057,302.9302,303.4825,305.349,308.6417,313.475,319.9315,328.024,337.6601,348.6193,360.5515,173.00017767441983,372.9999527348325,1129.0035,52.21090000000004,629.3216,5.122799999999984
1726,1726,1726.0,,,,,,,,,,,,,,,,,,,,,,,,,,,,,,,,,,,,,,,,,,,,,,,,,,0.6,198.8262,223.2825,245.2057,263.7979,278.7051,290.0071,298.1352,303.7485,307.603,310.4405,312.912,315.5381,318.6976,322.6366,327.4857,333.2799,339.9761,347.4688,355.603,364.186,173.0002480939798,372.99992623050633,1181.2144,89.31479999999988,577.1107,5.122799999999984
1727,1727,1727.0,,,,,,,,,,,,,,,,,,,,,,,,,,,,,,,,,,,,,,,,,,,,,,,,,,0.7,190.651,207.8881,224.333,239.6732,253.6857,266.2492,277.3464,287.0552,295.5318,302.9883,309.668,315.821,321.6832,327.4589,333.3096,339.3477,345.6353,352.1867,358.9751,365.9404,335.19011423864686,206.2934647577188,1270.5292,125.48260000000003,487.7959000000001,5.122799999999984
1728,1728,1728.0,,,,,,,,,,,,,,,,,,,,,,,,,,,,,,,,,,,,,,,,,,,,,,,,,,0.8,322.1445,310.1671,300.163,292.75,288.1956,286.4226,287.0695,289.5767,293.2733,297.443,301.3612,304.3085,305.5764,304.483,300.4124,292.8841,281.643,266.7484,248.6338,228.1095,173.00159988373164,372.9998954635362,1396.0118,168.1621,362.3133,5.122799999999984
1729,1729,1729.0,,,,,,,,,,,,,,,,,,,,,,,,,,,,,,,,,,,,,,,,,,,,,,,,,,0.9,193.8299,213.6886,231.7506,247.4385,260.4732,270.8607,278.831,284.7562,289.0744,292.2402,294.7054,296.9272,299.3841,302.5817,307.0319,313.199,321.4189,331.8126,344.2202,358.185,372.5164873229664,206.7186167626206,1564.1739,194.1512,194.1512,5.122799999999984
1730,1730,1730.0,,,,,,,,,,,,,,,,,,,,,,,,,,,,,,,,,,,,,,,,,,,,,,,,,,0.0,273.0,273.0,273.0,273.0,273.0,273.0,273.0,273.0,273.0,273.0,273.0,273.0,273.0,273.0,273.0,273.0,273.0,273.0,273.0,273.0,372.9999389922656,372.9999164453976,0.0,368.7879,1665.1585,-40.0
1731,1731,1731.0,,,,,,,,,,,,,,,,,,,,,,,,,,,,,,,,,,,,,,,,,,,,,,,,,,0.1,355.9582,339.696,324.8873,312.0201,301.3574,292.9443,286.6547,282.2609,279.5107,278.1944,278.1944,279.5107,282.2609,286.6547,292.9443,301.3574,312.0201,324.8873,339.696,355.9582,181.74433005579704,272.99917913507346,368.7879,204.41540000000003,1296.3706,-20.0557
1732,1732,1732.0,,,,,,,,,,,,,,,,,,,,,,,,,,,,,,,,,,,,,,,,,,,,,,,,,,0.2,202.416,221.9087,239.2301,253.7172,265.1029,273.5003,279.3193,283.1435,285.6002,287.2485,288.5013,289.5853,290.5363,291.2275,291.4222,290.8451,289.2614,286.551,282.7597,278.115,372.9999591685674,306.9412370989696,573.2033,262.01070000000004,1091.9552,-39.49970000000002
1733,1733,1733.0,,,,,,,,,,,,,,,,,,,,,,,,,,,,,,,,,,,,,,,,,,,,,,,,,,0.3,354.1615,336.4582,320.8495,307.9857,298.147,291.2589,286.9717,284.7724,284.0994,284.4364,285.3724,286.6267,288.047,289.5874,291.2755,293.1769,295.3591,297.8616,300.6762,303.7397,366.0168662859045,295.56160419610615,835.214,186.8814,829.9445,-21.741100000000017
1734,1734,1734.0,,,,,,,,,,,,,,,,,,,,,,,,,,,,,,,,,,,,,,,,,,,,,,,,,,0.4,355.155,344.5929,334.6108,325.4512,317.3044,310.2985,304.4953,299.8924,296.4302,294.003,292.4723,291.6803,291.4625,291.6585,292.1214,292.7258,293.3738,293.9994,294.5698,295.0833,173.00005356362982,372.9994771859964,1022.0954,151.2332,643.0631,-2.70150000000001
1735,1735,1735.0,,,,,,,,,,,,,,,,,,,,,,,,,,,,,,,,,,,,,,,,,,,,,,,,,,0.5,197.4246,220.5114,241.1207,258.4637,272.1773,282.3158,289.2732,293.6697,296.2328,297.7009,298.762,300.0249,302.0132,305.1663,309.8364,316.271,324.5856,334.7326,346.4816,359.4223,372.999939052246,372.99951030339054,1173.3286,95.29579999999989,491.8299,-30.684199999999976
1736,1736,1736.0,,,,,,,,,,,,,,,,,,,,,,,,,,,,,,,,,,,,,,,,,,,,,,,,,,0.6,355.2782,338.7029,324.2431,312.5583,303.9395,298.3308,295.4141,294.7265,295.776,298.1317,301.4745,305.6099,310.451,315.9841,322.2292,329.2046,336.899,345.2559,354.1673,363.4787,173.00045425996018,372.9999389519989,1268.6244,39.47240000000011,396.5341000000001,-14.66919999999999
1737,1737,1737.0,,,,,,,,,,,,,,,,,,,,,,,,,,,,,,,,,,,,,,,,,,,,,,,,,,0.7,196.3304,218.4833,238.469,255.6258,269.6867,280.763,289.2621,295.7693,300.9279,305.3406,309.5084,313.8036,318.4718,323.6499,329.3906,335.6864,342.4883,349.7202,357.288,365.0856,173.0043747400423,372.99973016223424,1308.0968,128.33359999999993,357.0617,-32.23700000000002
1738,1738,1738.0,,,,,,,,,,,,,,,,,,,,,,,,,,,,,,,,,,,,,,,,,,,,,,,,,,0.8,189.4642,205.5824,221.0466,235.5992,249.0564,261.3178,272.3674,282.2659,291.1354,299.1417,306.4731,313.322,319.8684,326.2674,332.6421,339.08,345.6326,352.3193,359.1316,366.0399,372.9212150200478,243.37069402752107,1436.4304,134.66460000000006,228.72810000000004,-51.68220000000002
1739,1739,1739.0,,,,,,,,,,,,,,,,,,,,,,,,,,,,,,,,,,,,,,,,,,,,,,,,,,0.9,352.7809,334.0343,317.8704,305.1158,296.1564,290.9443,289.0741,289.8971,292.6366,296.4806,300.6388,304.3682,306.9802,307.849,306.4343,302.3264,295.3092,285.4228,273.0062,258.6959,253.7974456065149,372.9994211291191,1571.095,94.06349999999998,94.06349999999998,-22.0557
1740,1740,,,,,,,,,,,,,,,,,,,,,,,,,,,,,,,,,,,,,,,,,,,,,,,,,,,0.0,273.0,273.0,273.0,273.0,273.0,273.0,273.0,273.0,273.0,273.0,273.0,273.0,273.0,273.0,273.0,273.0,273.0,273.0,273.0,273.0,372.99996130466906,372.9999413194767,0.0,368.7879,1752.2524,-40.0
1741,1741,,,,,,,,,,,,,,,,,,,,,,,,,,,,,,,,,,,,,,,,,,,,,,,,,,,0.1,355.9583,339.696,324.8873,312.0201,301.3574,292.9443,286.6547,282.2609,279.5107,278.1944,278.1944,279.5107,282.2609,286.6547,292.9443,301.3574,312.0201,324.8873,339.696,355.9582,342.4185242344857,273.9314045708631,368.7879,174.86690000000004,1383.4645,-20.0557
1742,1742,,,,,,,,,,,,,,,,,,,,,,,,,,,,,,,,,,,,,,,,,,,,,,,,,,,0.2,335.7046,329.0612,322.5745,316.3569,310.5475,305.3022,300.7754,297.0972,294.349,292.5423,291.602,291.3581,291.5489,291.8383,291.8518,291.228,289.6809,287.0599,283.3921,278.8922,296.6166161408165,273.6274533800965,543.6548,178.4756,1208.5976,-7.697799999999972
1743,1743,,,,,,,,,,,,,,,,,,,,,,,,,,,,,,,,,,,,,,,,,,,,,,,,,,,0.3,298.7619,300.6444,302.0465,302.8304,302.9527,302.4584,301.4581,300.096,298.5167,296.8393,295.1405,293.451,291.7595,290.0256,288.1943,286.2124,284.0418,281.669,279.1096,276.4073,230.8047262792806,372.9944774934822,722.1304,167.22090000000003,1030.122,-10.541600000000017
1744,1744,,,,,,,,,,,,,,,,,,,,,,,,,,,,,,,,,,,,,,,,,,,,,,,,,,,0.4,242.704,254.0228,264.2575,273.042,280.181,285.6523,289.5854,292.2267,293.9024,294.9899,295.8994,297.0637,298.9292,301.9395,306.505,312.9556,321.4839,332.0903,344.5467,358.396,230.65737984435864,368.1077748613565,889.3513,123.03179999999998,862.9011,-27.34769999999997
1745,1745,,,,,,,,,,,,,,,,,,,,,,,,,,,,,,,,,,,,,,,,,,,,,,,,,,,0.5,238.9424,247.0402,254.7815,262.0309,268.6996,274.7539,280.2184,285.1739,289.75,294.1141,298.4565,302.9732,307.8489,313.2399,319.2601,325.9709,333.3758,341.4201,349.9962,358.9528,201.38488154541344,273.93331489963845,1012.3831,158.36699999999996,739.8693000000001,-38.24610000000001
1746,1746,,,,,,,,,,,,,,,,,,,,,,,,,,,,,,,,,,,,,,,,,,,,,,,,,,,0.6,213.3926,225.1046,236.2618,246.6705,256.2166,264.8647,272.6417,279.6107,285.8391,291.3671,296.1804,300.1926,303.2416,305.1031,305.5252,304.2802,301.2275,296.3745,289.9178,282.2513,372.9999565729948,372.99994976249326,1170.7501,191.8996,581.5023000000001,-48.13529999999997
1747,1747,,,,,,,,,,,,,,,,,,,,,,,,,,,,,,,,,,,,,,,,,,,,,,,,,,,0.7,353.7181,335.6386,319.7869,306.8761,297.2403,290.8463,287.3675,286.2972,287.0697,289.1664,292.1926,295.9186,300.2873,305.3903,311.4192,318.597,327.1011,336.9912,348.1584,360.3106,323.3242073165858,274.1923223378244,1362.6497,75.70600000000013,389.60270000000014,-22.15370000000001
1748,1748,,,,,,,,,,,,,,,,,,,,,,,,,,,,,,,,,,,,,,,,,,,,,,,,,,,0.8,319.9009,316.4921,313.1364,309.9121,306.938,304.3587,302.3188,300.9316,300.2498,300.2418,300.7787,301.6319,302.4843,302.9572,302.6525,301.2101,298.3725,294.0447,288.3338,281.5544,260.1152318509432,273.7161118423656,1438.3557,112.97749999999996,313.8967,-8.641300000000001
1749,1749,,,,,,,,,,,,,,,,,,,,,,,,,,,,,,,,,,,,,,,,,,,,,,,,,,,0.9,268.0977,275.6486,282.4004,288.0982,292.6223,295.9812,298.2823,299.6888,300.3759,300.4952,300.1539,299.407,298.2644,296.7047,294.6947,292.2077,289.2402,285.8221,282.0214,277.9422,173.00980739212213,260.254591621655,1551.3332,200.91920000000005,200.91920000000005,-17.0188
1750,1750,,,,,,,,,,,,,,,,,,,,,,,,,,,,,,,,,,,,,,,,,,,,,,,,,,,0.0,273.0,273.0,273.0,273.0,273.0,273.0,273.0,273.0,273.0,273.0,273.0,273.0,273.0,273.0,273.0,273.0,273.0,273.0,273.0,273.0,372.9999333125648,372.9999851460117,0.0,368.7878,1763.0111000000002,-40.0
1751,1751,,,,,,,,,,,,,,,,,,,,,,,,,,,,,,,,,,,,,,,,,,,,,,,,,,,0.1,355.9582,339.696,324.8873,312.0201,301.3574,292.9443,286.6547,282.2609,279.5107,278.1944,278.1944,279.5107,282.2609,286.6547,292.9443,301.3574,312.0201,324.8873,339.696,355.9583,342.69538271970583,273.4530071944209,368.7878,175.0654,1394.2233,-20.0557
1752,1752,,,,,,,,,,,,,,,,,,,,,,,,,,,,,,,,,,,,,,,,,,,,,,,,,,,0.2,335.9343,329.2458,322.718,316.4647,310.6254,305.3562,300.8109,297.1184,294.3589,292.5423,291.5916,291.3351,291.509,291.7752,291.7574,291.0928,289.4945,286.8119,283.0733,278.4955,297.56403718518635,274.1770390918571,543.8532,178.96629999999993,1219.1579000000002,-7.643799999999999
1753,1753,,,,,,,,,,,,,,,,,,,,,,,,,,,,,,,,,,,,,,,,,,,,,,,,,,,0.3,299.5607,301.3004,302.5709,303.2378,303.2597,302.6819,301.6142,300.1989,298.5788,296.8711,295.1516,293.4509,291.7588,290.0367,288.2321,286.294,284.1858,281.8939,279.4322,276.84,330.7715983470327,273.6865351782671,722.8195,189.639,1040.1916,-10.318100000000015
1754,1754,,,,,,,,,,,,,,,,,,,,,,,,,,,,,,,,,,,,,,,,,,,,,,,,,,,0.4,325.6813,320.7811,316.2312,312.1403,308.5547,305.4609,302.7994,300.4821,298.4114,296.4949,294.654,292.8282,290.9741,289.0632,287.0786,285.0131,282.8665,280.6458,278.3633,276.0365,308.9178068293924,273.0071403447543,912.4585,195.65380000000005,850.5526,-7.539100000000019
1755,1755,,,,,,,,,,,,,,,,,,,,,,,,,,,,,,,,,,,,,,,,,,,,,,,,,,,0.5,308.6807,308.3315,307.7764,306.954,305.8414,304.4514,302.8234,301.011,299.0697,297.0475,294.9795,292.8868,290.7779,288.6525,286.5056,284.3307,282.1231,279.8818,277.6099,275.3148,272.8963645928766,359.90656521882624,1108.1123,169.40949999999998,654.8987999999999,-8.548600000000022
1756,1756,,,,,,,,,,,,,,,,,,,,,,,,,,,,,,,,,,,,,,,,,,,,,,,,,,,0.6,278.1507,283.0935,287.4551,291.0407,293.7489,295.5745,296.599,296.9738,296.9048,296.6405,296.4661,296.6999,297.6868,299.7831,303.3258,308.5891,315.7305,324.7402,335.4082,347.3226,173.0000531323395,295.9122769352428,1277.5218,133.49630000000002,485.4893,-17.4255
1757,1757,,,,,,,,,,,,,,,,,,,,,,,,,,,,,,,,,,,,,,,,,,,,,,,,,,,0.7,193.3793,212.8919,230.7878,246.524,259.8126,270.6204,279.1268,285.6565,290.6023,294.3553,297.2498,299.5281,301.3258,302.6772,303.5374,303.8198,303.4412,302.3667,300.644,298.4166,372.99995198605774,372.9999379818676,1411.0181,176.1907000000001,351.99299999999994,-42.37959999999998
1758,1758,,,,,,,,,,,,,,,,,,,,,,,,,,,,,,,,,,,,,,,,,,,,,,,,,,,0.8,353.7468,335.7382,320.0274,307.3319,297.9655,291.8569,288.6365,287.7623,288.6507,290.7857,293.7919,297.4669,301.7773,306.8268,312.802,319.906,328.2892,337.9877,348.8831,360.6934,319.9405410017949,274.0605724227908,1587.2088,68.21889999999985,175.80229999999983,-21.143100000000004
1759,1759,,,,,,,,,,,,,,,,,,,,,,,,,,,,,,,,,,,,,,,,,,,,,,,,,,,0.9,317.2411,314.5297,311.8218,309.1779,306.7056,304.5449,302.8416,301.7141,301.222,301.3417,301.9515,302.8289,303.6618,304.0751,303.6739,302.1008,299.1014,294.5846,288.6628,281.6571,254.3691986597315,273.10515445670313,1655.4277,107.58339999999998,107.58339999999998,-8.455100000000016
1760,1760,,,,,,,,,,,,,,,,,,,,,,,,,,,,,,,,,,,,,,,,,,,,,,,,,,,0.0,273.0,273.0,273.0,273.0,273.0,273.0,273.0,273.0,273.0,273.0,273.0,273.0,273.0,273.0,273.0,273.0,273.0,273.0,273.0,273.0,372.9999903154141,372.9998890793668,0.0,368.7879,1943.8638,-40.0
1761,1761,,,,,,,,,,,,,,,,,,,,,,,,,,,,,,,,,,,,,,,,,,,,,,,,,,,0.1,355.9583,339.696,324.8873,312.0202,301.3574,292.9443,286.6547,282.2609,279.5107,278.1944,278.1944,279.5107,282.2609,286.6546,292.9443,301.3574,312.0201,324.8873,339.696,355.9582,342.58915621852407,273.6363974991432,368.7879,174.98920000000004,1575.0758999999998,-20.0557
1762,1762,,,,,,,,,,,,,,,,,,,,,,,,,,,,,,,,,,,,,,,,,,,,,,,,,,,0.2,335.8462,329.175,322.663,316.4233,310.5955,305.3355,300.7973,297.1103,294.3551,292.5423,291.5956,291.344,291.5243,291.7994,291.7936,291.1446,289.5659,286.907,283.1956,278.6476,297.3616092815879,274.526963423735,543.7771,178.56219999999996,1400.0866999999998,-7.664499999999975
1763,1763,,,,,,,,,,,,,,,,,,,,,,,,,,,,,,,,,,,,,,,,,,,,,,,,,,,0.3,299.3879,301.1562,302.4534,303.1445,303.1878,302.6288,301.5774,300.1766,298.5698,296.8749,295.1689,293.4831,291.8087,290.1078,288.3288,286.4214,284.3492,282.0985,279.6824,277.1391,173.00006643747952,216.1145403849821,722.3393,242.78650000000005,1221.5245,-10.371199999999988
1764,1764,,,,,,,,,,,,,,,,,,,,,,,,,,,,,,,,,,,,,,,,,,,,,,,,,,,0.4,194.7884,215.54,234.356,250.5811,263.8572,274.1187,281.5376,286.4396,289.2125,290.2263,289.7748,288.045,285.1124,280.9591,275.5097,268.6802,260.4302,250.811,239.9972,228.2937,372.5095040511414,279.3015774793531,965.1258,389.2852,978.738,-38.88130000000001
1765,1765,,,,,,,,,,,,,,,,,,,,,,,,,,,,,,,,,,,,,,,,,,,,,,,,,,,0.5,353.518,335.6809,319.964,307.0027,297.0361,289.9252,285.2401,282.3839,280.7222,279.6904,278.8649,277.9961,277.0064,275.9621,275.0268,274.4039,274.2775,274.759,275.8514,277.4383,372.9995731318999,372.99990047951206,1354.411,278.8752999999999,589.4528,-23.074799999999986
1766,1766,,,,,,,,,,,,,,,,,,,,,,,,,,,,,,,,,,,,,,,,,,,,,,,,,,,0.6,360.5711,348.4773,337.026,326.4758,317.0213,308.7886,301.8415,296.1987,291.8583,288.8274,287.1497,286.9265,288.324,291.5599,296.8692,304.448,314.3872,326.6082,340.8203,356.5141,269.1398537368782,372.99993450877264,1633.2863,107.93589999999996,310.5775000000001,-4.211400000000026
1767,1767,,,,,,,,,,,,,,,,,,,,,,,,,,,,,,,,,,,,,,,,,,,,,,,,,,,0.7,277.0856,284.4201,290.6374,295.4184,298.6697,300.5184,301.2689,301.3392,301.1924,301.2795,301.9971,303.6649,306.5155,310.6938,316.2605,323.1971,331.411,340.7417,350.9688,361.823,173.00006983533396,332.3275166262448,1741.2222,66.36640000000011,202.64160000000012,-12.481600000000014
1768,1768,,,,,,,,,,,,,,,,,,,,,,,,,,,,,,,,,,,,,,,,,,,,,,,,,,,0.8,194.0936,214.3111,232.8957,249.303,263.2508,274.7195,283.9105,291.1771,296.9471,301.6503,305.6631,309.2723,312.6602,315.9079,319.0141,321.926,324.5746,326.9115,328.9349,330.703,372.9999153584428,372.9999275347952,1807.5886,94.09879999999998,136.27520000000004,-38.28050000000002
1769,1769,,,,,,,,,,,,,,,,,,,,,,,,,,,,,,,,,,,,,,,,,,,,,,,,,,,0.9,354.4707,337.1935,322.2297,310.3054,301.7441,296.4836,294.161,294.2356,296.1153,299.2604,303.2511,307.8166,312.8308,318.285,324.2463,330.8104,338.0549,346.0003,354.5851,363.6595,173.00002646533508,290.913969555602,1901.6874,42.17640000000006,42.17640000000006,-16.516399999999976
1770,1770,,,,,,,,,,,,,,,,,,,,,,,,,,,,,,,,,,,,,,,,,,,,,,,,,,,0.0,273.0,273.0,273.0,273.0,273.0,273.0,273.0,273.0,273.0,273.0,273.0,273.0,273.0,273.0,273.0,273.0,273.0,273.0,273.0,273.0,372.9999589415755,372.9999681456832,0.0,368.7878,1939.8245,-40.0
1771,1771,,,,,,,,,,,,,,,,,,,,,,,,,,,,,,,,,,,,,,,,,,,,,,,,,,,0.1,355.9583,339.696,324.8873,312.0201,301.3574,292.9443,286.6547,282.2609,279.5107,278.1944,278.1944,279.5107,282.2609,286.6547,292.9443,301.3574,312.0201,324.8873,339.696,355.9583,342.3690948092145,274.01680128495,368.7878,174.83160000000004,1571.0366999999997,-20.0557
1772,1772,,,,,,,,,,,,,,,,,,,,,,,,,,,,,,,,,,,,,,,,,,,,,,,,,,,0.2,335.6636,329.0282,322.5488,316.3377,310.5336,305.2925,300.7691,297.0934,294.3472,292.5423,291.6038,291.3623,291.556,291.8496,291.8686,291.2521,289.7141,287.1042,283.4491,278.963,296.9791866120545,273.0008238853244,543.6194,178.6173,1396.2050999999997,-7.707499999999982
1773,1773,,,,,,,,,,,,,,,,,,,,,,,,,,,,,,,,,,,,,,,,,,,,,,,,,,,0.3,299.0603,300.8817,302.2286,302.9649,303.048,302.5229,301.4996,300.1207,298.5289,296.8409,295.1313,293.4279,291.7169,289.9547,288.0838,286.0488,283.8103,281.3548,278.6996,275.8916,173.0000408314321,216.2882199147895,722.2367,245.062,1217.5877999999998,-10.477100000000007
1774,1774,,,,,,,,,,,,,,,,,,,,,,,,,,,,,,,,,,,,,,,,,,,,,,,,,,,0.4,194.7638,215.4929,234.2899,250.4998,263.7647,274.0175,281.429,286.323,289.0861,290.0871,289.6199,287.8731,284.925,280.7618,275.313,268.4994,260.2843,250.7206,239.9818,228.3687,371.7996651453853,283.819695478918,967.2987,389.3145,972.5258,-38.982500000000016
1775,1775,,,,,,,,,,,,,,,,,,,,,,,,,,,,,,,,,,,,,,,,,,,,,,,,,,,0.5,352.9129,335.1752,319.5483,306.6644,296.7614,289.7013,285.0569,282.236,280.6108,279.6255,278.8676,278.1008,277.2632,276.4376,275.8036,275.578,275.9518,277.0348,278.8181,281.1628,372.8127412581933,372.9618297596762,1356.6132,272.4232999999999,583.2112999999999,-23.2987
1776,1776,,,,,,,,,,,,,,,,,,,,,,,,,,,,,,,,,,,,,,,,,,,,,,,,,,,0.6,360.3743,348.2741,336.8236,326.2843,316.8529,308.6571,301.7619,296.1866,291.9289,288.9941,287.4225,287.3092,288.8112,292.1348,297.5013,305.0943,314.995,327.1207,341.1844,356.6884,272.1357208341635,372.9999586125589,1629.0365,105.15300000000002,310.788,-4.342899999999986
1777,1777,,,,,,,,,,,,,,,,,,,,,,,,,,,,,,,,,,,,,,,,,,,,,,,,,,,0.7,279.5578,286.3951,292.1649,296.5645,299.5095,301.1281,301.7194,301.6911,301.4938,301.5646,302.2878,303.9712,306.838,311.0256,316.5894,323.5074,331.6858,340.9647,351.1261,361.9044,173.00005141265444,323.78028732276573,1734.1895,64.38660000000004,205.635,-11.871899999999982
1778,1778,,,,,,,,,,,,,,,,,,,,,,,,,,,,,,,,,,,,,,,,,,,,,,,,,,,0.8,194.2495,214.6088,233.3092,249.7988,263.7923,275.2713,284.4404,291.6559,297.3457,301.9347,305.7876,309.1724,312.2455,315.0582,317.5787,319.7283,321.4235,322.6173,323.3298,323.6607,372.9997910297263,372.9999258352342,1798.5761,96.29690000000004,141.24839999999995,-37.7287
1779,1779,,,,,,,,,,,,,,,,,,,,,,,,,,,,,,,,,,,,,,,,,,,,,,,,,,,0.9,354.536,337.3179,322.4009,310.5051,301.9484,296.6635,294.2835,294.2647,296.0143,298.9953,302.795,307.1551,311.9677,317.2476,323.0883,329.6106,336.911,345.0184,353.8646,363.2781,173.00006643747952,288.8378967457492,1894.873,44.951499999999896,44.951499999999896,-16.3365
1780,1780,,,,,,,,,,,,,,,,,,,,,,,,,,,,,,,,,,,,,,,,,,,,,,,,,,,0.0,273.0,273.0,273.0,273.0,273.0,273.0,273.0,273.0,273.0,273.0,273.0,273.0,273.0,273.0,273.0,273.0,273.0,273.0,273.0,273.0,372.9999589486819,372.99996673584695,0.0,368.7878,1767.9837000000002,-40.0
1781,1781,,,,,,,,,,,,,,,,,,,,,,,,,,,,,,,,,,,,,,,,,,,,,,,,,,,0.1,355.9583,339.696,324.8873,312.0201,301.3574,292.9443,286.6547,282.2609,279.5107,278.1944,278.1944,279.5107,282.2609,286.6547,292.9443,301.3574,312.0201,324.8873,339.696,355.9583,342.3835083745164,273.9918739427086,368.7878,174.84189999999995,1399.1959000000002,-20.0557
1782,1782,,,,,,,,,,,,,,,,,,,,,,,,,,,,,,,,,,,,,,,,,,,,,,,,,,,0.2,335.6756,329.0378,322.5563,316.3433,310.5377,305.2954,300.7709,297.0945,294.3477,292.5423,291.6033,291.3611,291.5539,291.8463,291.8637,291.2451,289.7044,287.0912,283.4325,278.9424,259.3113766754272,338.0904031561024,543.6297,157.39060000000006,1224.3540000000005,-7.704600000000028
1783,1783,,,,,,,,,,,,,,,,,,,,,,,,,,,,,,,,,,,,,,,,,,,,,,,,,,,0.3,267.8149,275.767,282.7017,288.3046,292.4446,295.1689,296.6687,297.229,297.1781,296.8472,296.5476,296.5622,297.1461,298.528,300.905,304.4264,309.1688,315.1087,322.1025,329.8851,173.0000600377368,292.31432775041367,701.0203,154.18089999999995,1066.9634,-17.831099999999992
1784,1784,,,,,,,,,,,,,,,,,,,,,,,,,,,,,,,,,,,,,,,,,,,,,,,,,,,0.4,193.0039,212.1829,229.8186,245.3832,258.584,269.3649,277.8702,284.384,289.2616,292.8659,295.5174,297.462,298.857,299.7741,300.2169,300.1497,299.5333,298.3591,296.6762,294.602,372.9999591685679,372.9999580197173,855.2012,199.08050000000003,912.7825,-43.63510000000002
1785,1785,,,,,,,,,,,,,,,,,,,,,,,,,,,,,,,,,,,,,,,,,,,,,,,,,,,0.5,353.5397,335.3277,319.42,306.5352,296.9873,290.7031,287.3107,286.2661,286.9856,288.9561,291.8092,295.3539,299.5731,304.589,310.6072,317.8473,326.4694,336.51,347.8394,360.1529,327.111557376313,273.4537869076732,1054.2817,79.24319999999989,713.702,-22.296899999999997
1786,1786,,,,,,,,,,,,,,,,,,,,,,,,,,,,,,,,,,,,,,,,,,,,,,,,,,,0.6,323.0021,318.938,314.9843,311.2376,307.8257,304.8927,302.5757,300.9761,300.1327,300.0017,300.4434,301.2215,302.0138,302.4376,302.0923,300.6154,297.7472,293.3907,287.6518,280.8442,256.2815729472432,274.0435889354113,1133.5249,115.92180000000008,634.4588000000001,-8.10730000000001
1787,1787,,,,,,,,,,,,,,,,,,,,,,,,,,,,,,,,,,,,,,,,,,,,,,,,,,,0.7,265.0686,273.3752,280.7926,287.0377,291.9781,295.6248,298.1,299.589,300.2923,300.3861,299.9986,299.2022,298.0198,296.4394,294.434,291.9807,289.077,285.7515,282.0682,278.1245,356.27352333284864,273.8890081721789,1249.4467,157.28919999999994,518.537,-17.375200000000007
1788,1788,,,,,,,,,,,,,,,,,,,,,,,,,,,,,,,,,,,,,,,,,,,,,,,,,,,0.8,345.0461,334.4312,324.9458,316.9383,310.5545,305.7446,302.3045,299.9351,298.3041,297.0956,296.0428,294.943,293.6576,292.1044,290.2464,288.0801,285.6268,282.9252,280.027,276.9927,299.2028518235144,273.3189782139244,1406.7359,177.20180000000005,361.2478000000001,-7.255400000000009
1789,1789,,,,,,,,,,,,,,,,,,,,,,,,,,,,,,,,,,,,,,,,,,,,,,,,,,,0.9,301.3089,303.1522,304.5153,305.2599,305.3398,304.7941,303.723,302.2566,300.5244,298.6333,296.6562,294.6304,292.5645,290.4479,288.2619,285.9886,283.6172,281.1479,278.5923,275.9727,301.5374170314757,274.0631085236391,1583.9377,184.04600000000005,184.04600000000005,-8.205899999999986
1790,1790,,,,,,,,,,,,,,,,,,,,,,,,,,,,,,,,,,,,,,,,,,,,,,,,,,,0.0,273.0,273.0,273.0,273.0,273.0,273.0,273.0,273.0,273.0,273.0,273.0,273.0,273.0,273.0,273.0,273.0,273.0,273.0,273.0,273.0,372.99996130466906,372.9999413194767,0.0,368.7879,2100.7733,-40.0
1791,1791,,,,,,,,,,,,,,,,,,,,,,,,,,,,,,,,,,,,,,,,,,,,,,,,,,,0.1,355.9583,339.696,324.8873,312.0201,301.3574,292.9443,286.6547,282.2609,279.5107,278.1944,278.1944,279.5107,282.2609,286.6547,292.9443,301.3574,312.0201,324.8873,339.696,355.9582,342.5498175868568,273.7043232210945,368.7879,174.96089999999998,1731.9854,-20.0557
1792,1792,,,,,,,,,,,,,,,,,,,,,,,,,,,,,,,,,,,,,,,,,,,,,,,,,,,0.2,335.8136,329.1487,322.6426,316.408,310.5845,305.3278,300.7922,297.1073,294.3537,292.5423,291.5971,291.3472,291.5299,291.8083,291.807,291.1638,289.5924,286.9422,283.2409,278.7039,298.24409361714686,273.0018752260857,543.7488,179.10590000000002,1557.0245,-7.672199999999975
1793,1793,,,,,,,,,,,,,,,,,,,,,,,,,,,,,,,,,,,,,,,,,,,,,,,,,,,0.3,300.118,301.741,302.9061,303.4826,303.4309,302.7962,301.6868,300.2419,298.6007,296.8761,295.1392,293.4153,291.6891,289.9161,288.0386,286.0013,283.765,281.3162,278.6716,275.8773,331.9396755684534,273.5036266229591,722.8547,191.226,1377.9186,-10.2038
1794,1794,,,,,,,,,,,,,,,,,,,,,,,,,,,,,,,,,,,,,,,,,,,,,,,,,,,0.4,326.6802,321.6163,316.9133,312.6832,308.9744,305.774,303.0211,300.6259,298.4881,296.5127,294.6192,292.7457,290.8484,288.8997,286.8843,284.7965,282.6379,280.416,278.1424,275.8324,313.3770913421548,273.6095772773348,914.0807,196.9325000000001,1186.6926,-7.225999999999999
1795,1795,,,,,,,,,,,,,,,,,,,,,,,,,,,,,,,,,,,,,,,,,,,,,,,,,,,0.5,312.4464,311.4311,310.2617,308.8945,307.3163,305.542,303.6068,301.5555,299.4333,297.2778,295.1152,292.96,290.8165,288.6825,286.552,284.4185,282.2768,280.1241,277.9602,275.7874,310.49329884832,273.8853580637208,1111.0132,196.44589999999997,989.7600999999996,-7.458000000000027
1796,1796,,,,,,,,,,,,,,,,,,,,,,,,,,,,,,,,,,,,,,,,,,,,,,,,,,,0.6,309.5857,308.6332,307.5962,306.444,305.1574,303.7289,302.1619,300.4678,298.6636,296.7686,294.8021,292.7822,290.7244,288.6411,286.5422,284.4348,282.324,280.2126,278.1023,275.9934,327.27595584674714,274.1663095450174,1307.4591,198.45949999999996,793.3141999999998,-9.27109999999999
1797,1797,,,,,,,,,,,,,,,,,,,,,,,,,,,,,,,,,,,,,,,,,,,,,,,,,,,0.7,323.1991,319.2342,315.4765,311.9917,308.8099,305.9268,303.3107,300.9128,298.678,296.5538,294.4961,292.4716,290.4582,288.4431,286.4207,284.3897,282.3514,280.3081,278.2619,276.2144,313.0266919687902,274.2787372864849,1505.9186,198.8035,594.8546999999999,-7.073199999999986
1798,1798,,,,,,,,,,,,,,,,,,,,,,,,,,,,,,,,,,,,,,,,,,,,,,,,,,,0.8,312.0588,311.016,309.8359,308.4779,306.927,305.1927,303.303,301.2959,299.2114,297.0855,294.946,292.8116,290.6928,288.5937,286.5141,284.4515,282.4025,280.3636,278.3317,276.3042,316.16099838778604,273.7247805568047,1704.7221,197.2179000000001,396.0511999999999,-7.807299999999998
1799,1799,,,,,,,,,,,,,,,,,,,,,,,,,,,,,,,,,,,,,,,,,,,,,,,,,,,0.9,314.2305,312.3033,310.3811,308.4633,306.5463,304.6245,302.6915,300.7413,298.7697,296.7746,294.7559,292.7152,290.6551,288.5781,286.4864,284.3821,282.2664,280.1408,278.0071,275.8675,321.9052287329994,273.25286717212805,1901.94,198.83329999999975,198.83329999999975,-8.375499999999988
1800,,,,,,,,,,,,,,,,,,,,,,,,,,,,,,,,,,,,,,,,,,,,,,,,,,,,0.0,273.0,273.0,273.0,273.0,273.0,273.0,273.0,273.0,273.0,273.0,273.0,273.0,273.0,273.0,273.0,273.0,273.0,273.0,273.0,273.0,372.9999591685679,372.99994643636796,0.0,368.7879,1693.8279,-40.0
1801,,,,,,,,,,,,,,,,,,,,,,,,,,,,,,,,,,,,,,,,,,,,,,,,,,,,0.1,355.9583,339.696,324.8873,312.0201,301.3574,292.9443,286.6547,282.2609,279.5107,278.1944,278.1944,279.5107,282.2609,286.6547,292.9443,301.3574,312.0201,324.8873,339.696,355.9582,338.4447667098994,273.6358063224112,368.7879,174.7394,1325.04,-20.0557
1802,,,,,,,,,,,,,,,,,,,,,,,,,,,,,,,,,,,,,,,,,,,,,,,,,,,,0.2,332.4082,326.4111,320.5132,314.8076,309.4234,304.5153,300.2439,296.7505,294.1297,292.4061,291.5163,291.2995,291.5002,291.7868,291.7872,291.1414,289.5642,286.9059,283.1948,278.6469,309.1209578796471,273.1914952993665,543.5273,179.83530000000007,1150.3006,-8.484699999999975
1803,,,,,,,,,,,,,,,,,,,,,,,,,,,,,,,,,,,,,,,,,,,,,,,,,,,,0.3,308.9375,308.6081,308.0159,307.0932,305.8313,304.2746,302.505,300.6195,298.7082,296.8362,295.0341,293.2954,291.5824,289.8367,287.9927,285.9914,283.7925,281.3823,278.7779,276.0249,308.29539844983907,273.3458554851346,723.3626,189.97309999999993,970.4653,-8.72539999999998
1804,,,,,,,,,,,,,,,,,,,,,,,,,,,,,,,,,,,,,,,,,,,,,,,,,,,,0.4,307.5144,306.6958,305.8061,304.8188,303.7163,302.4906,301.1419,299.6768,298.1053,296.4384,294.6856,292.854,290.9476,288.9681,286.9162,284.7929,282.6016,280.3488,278.0451,275.705,314.8699057748789,272.99999587496194,913.3357,197.29520000000014,780.4922,-10.509400000000028
1805,,,,,,,,,,,,,,,,,,,,,,,,,,,,,,,,,,,,,,,,,,,,,,,,,,,,0.5,312.6991,310.5621,308.4866,306.4895,304.5746,302.7338,300.9489,299.1966,297.452,295.692,293.8977,292.055,290.1547,288.1922,286.1668,284.0806,281.9391,279.7496,277.522,275.2678,309.7726471341668,273.0003191469878,1110.6309,202.99239999999986,583.1969999999999,-10.266200000000026
1806,,,,,,,,,,,,,,,,,,,,,,,,,,,,,,,,,,,,,,,,,,,,,,,,,,,,0.6,308.6451,307.4847,306.2632,304.96,303.5641,302.0736,300.4934,298.8328,297.1024,295.3121,293.4696,291.5805,289.6484,287.6756,285.6643,283.617,281.5372,279.4293,277.2993,275.1538,277.25589272493386,372.9998949899739,1313.6233,175.03739999999993,380.2046,-10.926400000000001
1807,,,,,,,,,,,,,,,,,,,,,,,,,,,,,,,,,,,,,,,,,,,,,,,,,,,,0.7,281.4585,285.3973,288.8449,291.6391,293.6993,295.0289,295.7082,295.8821,295.7487,295.5524,295.5821,296.17,297.6857,300.5183,305.041,311.5592,320.2478,331.0917,343.8467,358.0376,259.54849750556366,372.99996296502724,1488.6607,82.00260000000003,205.1672000000001,-17.97109999999998
1808,,,,,,,,,,,,,,,,,,,,,,,,,,,,,,,,,,,,,,,,,,,,,,,,,,,,0.8,265.2114,270.6711,275.7536,280.3369,284.3668,287.861,290.9044,293.6381,296.2436,298.9262,301.899,305.3667,309.5117,314.4802,320.3711,327.2256,335.0216,343.6715,353.0258,362.8823,240.10611184555745,372.9999684843492,1570.6633,60.28639999999996,123.16460000000006,-25.13900000000001
1809,,,,,,,,,,,,,,,,,,,,,,,,,,,,,,,,,,,,,,,,,,,,,,,,,,,,0.9,247.9354,255.5687,262.8378,269.6244,275.8732,281.5939,286.8541,291.765,296.4656,301.1055,305.8311,310.7743,316.0442,321.7217,327.8559,334.463,341.5261,348.9972,356.801,364.8397,273.8559332356033,273.29107944535804,1630.9497,62.878200000000106,62.878200000000106,-31.40609999999998
1810,,,,,,,,,,,,,,,,,,,,,,,,,,,,,,,,,,,,,,,,,,,,,,,,,,,,0.0,273.0,273.0,273.0,273.0,273.0,273.0,273.0,273.0,273.0,273.0,273.0,273.0,273.0,273.0,273.0,273.0,273.0,273.0,273.0,273.0,372.9999591685679,372.99994643636796,0.0,368.7879,1676.4309,-40.0
1811,,,,,,,,,,,,,,,,,,,,,,,,,,,,,,,,,,,,,,,,,,,,,,,,,,,,0.1,355.9583,339.696,324.8873,312.0201,301.3574,292.9443,286.6547,282.2609,279.5107,278.1944,278.1944,279.5107,282.2609,286.6547,292.9443,301.3574,312.0201,324.8873,339.696,355.9582,337.9962909435639,274.7974927323627,368.7879,174.2788,1307.643,-20.0557
1812,,,,,,,,,,,,,,,,,,,,,,,,,,,,,,,,,,,,,,,,,,,,,,,,,,,,0.2,332.0362,326.1121,320.2807,314.6332,309.2974,304.4282,300.1875,296.7183,294.1178,292.4137,291.546,291.3579,291.5984,291.9405,292.0164,291.4696,290.017,287.5085,283.9696,279.6107,308.7926449097602,274.55276501494643,543.0667,177.6381,1133.3642,-8.571799999999996
1813,,,,,,,,,,,,,,,,,,,,,,,,,,,,,,,,,,,,,,,,,,,,,,,,,,,,0.3,308.6448,308.3512,307.7947,306.9082,305.6828,304.1633,302.4321,300.5872,298.7198,296.8967,295.1503,293.4763,291.8392,290.1826,288.4424,286.5606,284.4968,282.2362,279.7934,277.211,306.99981724957684,274.30215879934053,720.7048,186.5168,955.7261000000001,-8.836700000000008
1814,,,,,,,,,,,,,,,,,,,,,,,,,,,,,,,,,,,,,,,,,,,,,,,,,,,,0.4,306.4216,305.7988,305.0917,304.2696,303.3131,302.2144,300.9758,299.6074,298.123,296.5374,294.8633,293.1098,291.2824,289.3831,287.412,285.3694,283.2578,281.0828,278.8548,276.5886,310.1392807528635,274.6213708677687,907.2216,193.33270000000005,769.2093000000001,-10.785599999999988
1815,,,,,,,,,,,,,,,,,,,,,,,,,,,,,,,,,,,,,,,,,,,,,,,,,,,,0.5,308.7139,307.2933,305.8803,304.4735,303.0668,301.6503,300.2115,298.7373,297.2156,295.6369,293.9948,292.2864,290.5119,288.6745,286.7792,284.8328,282.843,280.8183,278.7672,276.6987,313.98193361204017,274.31384905887757,1100.5543,199.08410000000003,575.8766,-11.349699999999984
1816,,,,,,,,,,,,,,,,,,,,,,,,,,,,,,,,,,,,,,,,,,,,,,,,,,,,0.6,311.8901,309.8244,307.8068,305.8517,303.9642,302.1407,300.3698,298.6358,296.9206,295.207,293.4795,291.7262,289.9383,288.1106,286.2409,284.3295,282.3794,280.3953,278.3841,276.3539,275.88656983982656,372.9999498091454,1299.6384,171.6214,376.7925,-10.859300000000019
1817,,,,,,,,,,,,,,,,,,,,,,,,,,,,,,,,,,,,,,,,,,,,,,,,,,,,0.7,280.4361,284.6977,288.4242,291.4414,293.6657,295.1061,295.8543,296.0691,295.9619,295.7878,295.8417,296.4572,298.0015,300.8582,305.3939,311.9074,320.5688,331.3609,344.0412,358.1398,257.08651362757246,372.99996138547624,1471.2598,81.16179999999986,205.17110000000002,-17.893899999999974
1818,,,,,,,,,,,,,,,,,,,,,,,,,,,,,,,,,,,,,,,,,,,,,,,,,,,,0.8,263.1528,269.0014,274.4453,279.3531,283.6644,287.3948,290.6304,293.5158,296.2376,299.0066,302.0409,305.5495,309.7182,314.6958,320.5828,327.422,335.1925,343.808,353.121,362.9311,241.14628237073273,372.99992583523385,1552.4216,61.20980000000009,124.00930000000017,-25.605200000000025
1819,,,,,,,,,,,,,,,,,,,,,,,,,,,,,,,,,,,,,,,,,,,,,,,,,,,,0.9,248.6824,256.0439,263.0803,269.6852,275.8078,281.4557,286.6888,291.6079,296.34,301.0237,305.7964,310.7829,316.0883,321.7909,327.9394,334.5502,341.6077,349.0654,356.8498,364.8651,274.0776527968022,273.58214059220603,1613.6314,62.79950000000008,62.79950000000008,-31.54430000000002
1820,,,,,,,,,,,,,,,,,,,,,,,,,,,,,,,,,,,,,,,,,,,,,,,,,,,,0.0,273.0,273.0,273.0,273.0,273.0,273.0,273.0,273.0,273.0,273.0,273.0,273.0,273.0,273.0,273.0,273.0,273.0,273.0,273.0,273.0,372.9999591685679,372.99994643636796,0.0,368.7879,1688.1909000000003,-40.0
1821,,,,,,,,,,,,,,,,,,,,,,,,,,,,,,,,,,,,,,,,,,,,,,,,,,,,0.1,355.9583,339.696,324.8873,312.0201,301.3574,292.9443,286.6547,282.2609,279.5107,278.1944,278.1944,279.5107,282.2609,286.6547,292.9443,301.3574,312.0201,324.8873,339.696,355.9582,338.6067185000794,273.2165796988768,368.7879,174.90630000000004,1319.4030000000002,-20.0557
1822,,,,,,,,,,,,,,,,,,,,,,,,,,,,,,,,,,,,,,,,,,,,,,,,,,,,0.2,332.5425,326.519,320.5971,314.8706,309.4689,304.5467,300.2643,296.7621,294.134,292.4034,291.5057,291.2784,291.4648,291.7314,291.7045,291.023,289.4008,286.6885,282.9152,278.2991,309.0570395009177,274.5679076622985,543.6942,179.87829999999997,1144.4967000000001,-8.453300000000013
1823,,,,,,,,,,,,,,,,,,,,,,,,,,,,,,,,,,,,,,,,,,,,,,,,,,,,0.3,308.8919,308.5795,308.0014,307.0896,305.8347,304.2815,302.5125,300.6261,298.7141,296.8441,295.0501,293.3298,291.6508,289.9607,288.1998,286.3141,284.2664,282.043,279.6569,277.1462,307.4459922629124,273.553633191265,723.5725,188.23559999999998,964.6184000000001,-8.718500000000006
1824,,,,,,,,,,,,,,,,,,,,,,,,,,,,,,,,,,,,,,,,,,,,,,,,,,,,0.4,306.8101,306.1306,305.3686,304.4938,303.4873,302.3411,301.0575,299.6461,298.1204,296.4945,294.7805,292.9864,291.1163,289.1704,287.147,285.0447,282.8643,280.6113,278.2967,275.9371,310.4923692780471,273.50495779046065,911.8081,195.57259999999997,776.3828000000001,-10.658900000000017
1825,,,,,,,,,,,,,,,,,,,,,,,,,,,,,,,,,,,,,,,,,,,,,,,,,,,,0.5,309.031,307.5741,306.1237,304.6783,303.2317,301.774,300.2924,298.7737,297.2053,295.5769,293.8812,292.1141,290.2743,288.363,286.384,284.3426,282.2462,280.1035,277.9247,275.7211,314.0772712286968,273.7922781740288,1107.3807,202.0118,580.8102000000001,-11.225999999999999
1826,,,,,,,,,,,,,,,,,,,,,,,,,,,,,,,,,,,,,,,,,,,,,,,,,,,,0.6,311.9896,309.9257,307.9055,305.9417,304.0387,302.192,300.3908,298.6196,296.8613,295.0995,293.3203,291.5131,289.6711,287.7909,285.8726,283.9184,281.9326,279.9208,277.8891,275.844,275.9061789526132,372.9998978962603,1309.3925,173.90499999999997,378.79840000000013,-10.807999999999993
1827,,,,,,,,,,,,,,,,,,,,,,,,,,,,,,,,,,,,,,,,,,,,,,,,,,,,0.7,280.4567,284.7177,288.4407,291.4504,293.6626,295.0859,295.8122,296.0009,295.8646,295.6598,295.6832,296.271,297.7928,300.6349,305.1663,311.6879,320.3709,331.1979,343.9251,358.0793,257.61687488196253,372.9999357089056,1483.2975,82.02180000000021,204.89340000000016,-17.91410000000002
1828,,,,,,,,,,,,,,,,,,,,,,,,,,,,,,,,,,,,,,,,,,,,,,,,,,,,0.8,263.5868,269.3427,274.7004,279.5306,283.7741,287.4465,290.6337,293.4792,296.1686,298.9118,301.9265,305.4213,309.5821,314.5579,320.4492,327.2988,335.0855,343.7226,353.0615,362.9006,241.90264502800508,372.99999074053807,1565.3193,61.06489999999985,122.87159999999994,-25.553499999999985
1829,,,,,,,,,,,,,,,,,,,,,,,,,,,,,,,,,,,,,,,,,,,,,,,,,,,,0.9,249.3269,256.5796,263.5131,270.0232,276.0608,281.6344,286.804,291.67,296.3589,301.0086,305.7553,310.7236,316.0173,321.7145,327.863,334.4788,341.5453,349.0155,356.815,364.8473,273.06578086572097,278.2667938347482,1626.3842,61.80670000000009,61.80670000000009,-31.365599999999972
1830,,,,,,,,,,,,,,,,,,,,,,,,,,,,,,,,,,,,,,,,,,,,,,,,,,,,0.0,273.0,273.0,273.0,273.0,273.0,273.0,273.0,273.0,273.0,273.0,273.0,273.0,273.0,273.0,273.0,273.0,273.0,273.0,273.0,273.0,372.9999591685679,372.99994643636796,0.0,368.7879,1444.6845,-40.0
1831,,,,,,,,,,,,,,,,,,,,,,,,,,,,,,,,,,,,,,,,,,,,,,,,,,,,0.1,355.9583,339.696,324.8873,312.0201,301.3574,292.9443,286.6547,282.2609,279.5107,278.1944,278.1944,279.5107,282.2609,286.6547,292.9443,301.3574,312.0201,324.8873,339.696,355.9582,338.46405646211804,273.5858268947975,368.7879,174.75920000000002,1075.8966,-20.0557
1832,,,,,,,,,,,,,,,,,,,,,,,,,,,,,,,,,,,,,,,,,,,,,,,,,,,,0.2,332.4242,326.4239,320.5232,314.8151,309.4288,304.519,300.2464,296.7519,294.1302,292.4058,291.5151,291.297,291.496,291.7802,291.7773,291.1273,289.5448,286.88,283.1615,278.6055,308.88131692911924,273.8122381048502,543.5471,179.64459999999997,901.1374000000001,-8.480999999999995
1833,,,,,,,,,,,,,,,,,,,,,,,,,,,,,,,,,,,,,,,,,,,,,,,,,,,,0.3,308.7396,308.4501,307.8939,307.0025,305.7664,304.2301,302.4762,300.6028,298.7011,296.8383,295.0466,293.3219,291.6289,289.9117,288.1074,286.1589,284.0269,281.6979,279.1872,276.5374,306.4156226774707,273.8134678271501,723.1917,188.89550000000008,721.4928000000001,-8.769900000000007
1834,,,,,,,,,,,,,,,,,,,,,,,,,,,,,,,,,,,,,,,,,,,,,,,,,,,,0.4,305.9442,305.4221,304.8042,304.0557,303.1549,302.0933,300.8742,299.5091,298.0144,296.4075,294.7038,292.9149,291.0487,289.1092,287.0985,285.0185,282.8727,280.6673,278.4125,276.1223,271.1412151765917,372.9999258352334,912.0872,165.7812,532.5973,-10.9067
1835,,,,,,,,,,,,,,,,,,,,,,,,,,,,,,,,,,,,,,,,,,,,,,,,,,,,0.5,276.3315,281.2274,285.5742,289.1886,291.9762,293.9342,295.1432,295.7533,295.9702,296.0469,296.2804,297.0095,298.6092,301.4723,305.975,312.4256,321.0026,331.6959,344.2686,358.2545,254.1078372725233,372.9999381503807,1077.8684,82.45339999999987,366.8161,-19.065800000000024
1836,,,,,,,,,,,,,,,,,,,,,,,,,,,,,,,,,,,,,,,,,,,,,,,,,,,,0.6,260.426,266.5325,272.2443,277.431,282.0301,286.0514,289.5732,292.7312,295.7032,298.6928,301.9127,305.5691,309.847,314.8967,320.8215,327.668,335.4202,343.9968,353.2554,363.0009,248.3378295621704,369.1212593901547,1160.3218,62.94230000000016,284.36270000000013,-26.9486
1837,,,,,,,,,,,,,,,,,,,,,,,,,,,,,,,,,,,,,,,,,,,,,,,,,,,,0.7,254.4053,260.3758,266.1659,271.7166,277.0005,282.0248,286.8292,291.4806,296.0651,300.6788,305.4184,310.3727,315.6146,321.1963,327.1448,333.4619,340.1247,347.089,354.2936,361.6649,272.3079789293445,279.6900496287723,1223.2641,61.0342999999998,221.42039999999997,-30.975199999999973
1838,,,,,,,,,,,,,,,,,,,,,,,,,,,,,,,,,,,,,,,,,,,,,,,,,,,,0.8,273.7326,275.3193,277.2072,279.4939,282.2261,285.398,288.9565,292.8078,296.8223,300.8348,304.6411,307.9943,310.6065,312.1626,312.3501,310.905,307.6678,302.6377,296.0088,288.1741,254.96989779099863,372.9999724302539,1284.2984,88.0336000000002,160.38610000000017,-27.601999999999975
1839,,,,,,,,,,,,,,,,,,,,,,,,,,,,,,,,,,,,,,,,,,,,,,,,,,,,0.9,260.2834,265.499,270.5312,275.3169,279.819,284.0258,287.9468,291.6096,295.0609,298.3713,301.6466,305.0378,308.7476,313.0237,318.136,324.3362,331.8047,340.5969,350.605,361.548,256.79944546146385,346.2521032635841,1372.332,72.35249999999996,72.35249999999996,-28.974199999999996
1840,,,,,,,,,,,,,,,,,,,,,,,,,,,,,,,,,,,,,,,,,,,,,,,,,,,,0.0,273.0,273.0,273.0,273.0,273.0,273.0,273.0,273.0,273.0,273.0,273.0,273.0,273.0,273.0,273.0,273.0,273.0,273.0,273.0,273.0,372.9999591685679,372.99994643636796,0.0,368.7879,1223.5519,-40.0
1841,,,,,,,,,,,,,,,,,,,,,,,,,,,,,,,,,,,,,,,,,,,,,,,,,,,,0.1,355.9583,339.696,324.8873,312.0201,301.3574,292.9443,286.6547,282.2609,279.5107,278.1944,278.1944,279.5107,282.2609,286.6547,292.9443,301.3574,312.0201,324.8873,339.696,355.9582,338.50134813134514,273.48906420362084,368.7879,174.79770000000002,854.7639999999999,-20.0557
1842,,,,,,,,,,,,,,,,,,,,,,,,,,,,,,,,,,,,,,,,,,,,,,,,,,,,0.2,332.4551,326.4488,320.5425,314.8296,309.4393,304.5262,300.251,296.7546,294.1312,292.4052,291.5126,291.2921,291.4878,291.7674,291.7583,291.0999,289.507,286.8298,283.0969,278.5252,261.45793327446614,364.06043999429465,543.5856,151.7727,679.9662999999999,-8.473799999999983
1843,,,,,,,,,,,,,,,,,,,,,,,,,,,,,,,,,,,,,,,,,,,,,,,,,,,,0.3,269.403,276.833,283.3131,288.5506,292.4252,294.9858,296.4201,297.0102,297.0879,297.0017,297.0974,297.7128,299.1767,301.8044,305.8818,311.6335,319.1795,328.4913,339.3609,351.3976,244.95028193669603,372.9999523435458,695.3583,85.3913,528.1936,-18.014200000000017
1844,,,,,,,,,,,,,,,,,,,,,,,,,,,,,,,,,,,,,,,,,,,,,,,,,,,,0.4,252.7529,260.2935,267.343,273.7329,279.3725,284.2549,288.4531,292.1077,295.4097,298.5825,301.8636,305.4876,309.6708,314.5965,320.4012,327.1619,334.8861,343.5059,352.879,362.7966,256.4023584183448,343.5249783171416,780.7496,69.96000000000004,442.80229999999995,-28.74509999999998
1845,,,,,,,,,,,,,,,,,,,,,,,,,,,,,,,,,,,,,,,,,,,,,,,,,,,,0.5,260.6387,264.8872,269.1559,273.4471,277.7577,282.0824,286.4177,290.7658,295.1344,299.534,303.9718,308.4433,312.9261,317.3766,321.7339,325.93,329.9052,333.6253,337.0957,340.366,271.2949510091821,306.09206351378316,850.7096,71.27440000000001,372.8422999999999,-30.917599999999993
1846,,,,,,,,,,,,,,,,,,,,,,,,,,,,,,,,,,,,,,,,,,,,,,,,,,,,0.6,273.0471,274.9171,277.006,279.3858,282.091,285.1183,288.4298,291.959,295.6164,299.2934,302.8642,306.187,309.1072,311.4648,313.1095,313.9206,313.8325,312.8568,311.0977,308.7521,253.15395430425286,372.99999767316746,921.984,85.32689999999991,301.5678999999999,-27.881700000000023
1847,,,,,,,,,,,,,,,,,,,,,,,,,,,,,,,,,,,,,,,,,,,,,,,,,,,,0.7,258.6895,264.1139,269.3318,274.2752,278.9094,283.2328,287.2719,291.076,294.7137,298.2738,301.8694,305.6438,309.7725,314.4566,319.9053,326.3052,333.7807,342.3561,351.9277,362.2583,261.8104001331955,333.7843787774116,1007.3109,70.59660000000008,216.24099999999999,-29.767200000000003
1848,,,,,,,,,,,,,,,,,,,,,,,,,,,,,,,,,,,,,,,,,,,,,,,,,,,,0.8,265.1993,268.6248,272.1184,275.7021,279.3878,283.1783,287.0704,291.0568,295.1273,299.2659,303.4463,307.626,311.7416,315.7094,319.4323,322.8146,325.782,328.3034,330.4069,332.1849,266.2683638628043,332.24964128291424,1077.9075,72.09699999999998,145.6443999999999,-29.82170000000002
1849,,,,,,,,,,,,,,,,,,,,,,,,,,,,,,,,,,,,,,,,,,,,,,,,,,,,0.9,269.1311,272.0405,275.0375,278.1517,281.3989,284.7798,288.2816,291.8797,295.5409,299.2262,302.8933,306.4994,310.0033,313.3687,316.5669,319.58,322.4035,325.0485,327.5418,329.9248,257.2152194119129,366.6613647147108,1150.0045,73.54739999999993,73.54739999999993,-28.220199999999977
1850,,,,,,,,,,,,,,,,,,,,,,,,,,,,,,,,,,,,,,,,,,,,,,,,,,,,0.0,273.0,273.0,273.0,273.0,273.0,273.0,273.0,273.0,273.0,273.0,273.0,273.0,273.0,273.0,273.0,273.0,273.0,273.0,273.0,273.0,372.9999591685679,372.99994643636796,0.0,368.7879,1445.8706,-40.0
1851,,,,,,,,,,,,,,,,,,,,,,,,,,,,,,,,,,,,,,,,,,,,,,,,,,,,0.1,355.9583,339.696,324.8873,312.0201,301.3574,292.9443,286.6547,282.2609,279.5107,278.1944,278.1944,279.5107,282.2609,286.6547,292.9443,301.3574,312.0201,324.8873,339.696,355.9582,338.3391284483854,273.9092086707783,368.7879,174.63079999999997,1077.0827,-20.0557
1852,,,,,,,,,,,,,,,,,,,,,,,,,,,,,,,,,,,,,,,,,,,,,,,,,,,,0.2,332.3205,326.3406,320.4584,314.7665,309.3937,304.4948,300.2307,296.7429,294.1269,292.4079,291.5233,291.3132,291.5233,291.823,291.8412,291.2187,289.6708,287.0477,283.3771,278.8737,308.9635218268557,273.4465094372792,543.4187,179.33760000000007,902.4519,-8.505200000000002
1853,,,,,,,,,,,,,,,,,,,,,,,,,,,,,,,,,,,,,,,,,,,,,,,,,,,,0.3,308.8021,308.4942,307.9222,307.0184,305.7736,304.2324,302.4769,300.6045,298.7058,296.8466,295.0578,293.3336,291.6367,289.9091,288.0855,286.1068,283.9327,281.5494,278.9733,276.2498,304.75403934121243,273.17043536961626,722.7563,189.35090000000002,723.1143,-8.767600000000016
1854,,,,,,,,,,,,,,,,,,,,,,,,,,,,,,,,,,,,,,,,,,,,,,,,,,,,0.4,304.5683,304.3186,303.9483,303.4147,302.6916,301.7699,300.6551,299.3633,297.9159,296.335,294.64,292.8454,290.9604,288.99,286.9362,284.801,282.588,280.3043,277.962,275.5773,276.63676101095666,372.99995082443024,912.1072,166.74040000000002,533.7633999999999,-11.230099999999993
1855,,,,,,,,,,,,,,,,,,,,,,,,,,,,,,,,,,,,,,,,,,,,,,,,,,,,0.5,280.8074,284.7344,288.2065,291.0709,293.2479,294.7344,295.5986,295.9697,296.0299,296.0094,296.1857,296.8829,298.466,301.3223,305.8256,312.2838,320.8758,331.5919,344.1945,358.2159,255.6121027284308,372.9999630882425,1078.8476,80.18820000000005,367.0229999999999,-18.265600000000006
1856,,,,,,,,,,,,,,,,,,,,,,,,,,,,,,,,,,,,,,,,,,,,,,,,,,,,0.6,261.9059,267.974,273.6226,278.7157,283.191,287.0642,290.4231,293.4145,296.2266,299.0716,302.1675,305.7233,309.9242,314.9185,320.8072,327.6336,335.3784,343.9574,353.2254,362.9848,241.51897757050173,372.99994050547946,1159.0358,61.77419999999984,286.83479999999986,-25.935799999999972
1857,,,,,,,,,,,,,,,,,,,,,,,,,,,,,,,,,,,,,,,,,,,,,,,,,,,,0.7,248.9177,256.1531,263.0841,269.6109,275.6853,281.3137,286.5518,291.4943,296.2615,300.9855,305.7982,310.8205,316.1542,321.8764,328.0349,334.6465,341.6961,349.1385,356.9019,364.8922,275.8725136288162,272.9998506182981,1220.81,62.51430000000005,225.06060000000002,-31.686300000000017
1858,,,,,,,,,,,,,,,,,,,,,,,,,,,,,,,,,,,,,,,,,,,,,,,,,,,,0.8,276.4436,277.2354,278.4363,280.1766,282.5161,285.443,288.8832,292.7118,296.7635,300.836,304.6882,308.0365,310.5567,311.8972,311.7112,309.7067,305.708,299.7152,291.9445,282.8331,256.56030942867943,372.9998260693933,1283.3243,89.68290000000002,162.54629999999997,-27.557000000000016
1859,,,,,,,,,,,,,,,,,,,,,,,,,,,,,,,,,,,,,,,,,,,,,,,,,,,,0.9,261.6924,266.7265,271.578,276.1848,280.5116,284.548,288.3046,291.8086,295.1052,298.2637,301.3891,304.6349,308.2099,312.3723,317.406,323.5774,331.0789,339.9719,350.1452,361.3041,251.98562330407387,362.30981069967356,1373.0072,72.86339999999996,72.86339999999996,-28.451999999999998
1860,1860,1860.0,1860.0,1860.0,1860.0,1860.0,1860.0,1860.0,1860.0,1860.0,1860.0,1860.0,1860.0,1860.0,1860.0,1860.0,1860.0,1860.0,1860.0,1860.0,1860.0,1860.0,1860.0,1860.0,1860.0,1860.0,1860.0,1860.0,1860.0,1860.0,1860.0,1860.0,1860.0,1860.0,1860.0,1860.0,1860.0,1860.0,1860.0,1860.0,1860.0,1860.0,1860.0,1860.0,1860.0,1860.0,1860.0,1860.0,1860.0,1860.0,0.0,0.0,273.0,273.0,273.0,273.0,273.0,273.0,273.0,273.0,273.0,273.0,273.0,273.0,273.0,273.0,273.0,273.0,273.0,273.0,273.0,273.0,329.0561151449217,286.43263577712406,0.0,418.52121,4082.6245,-40.0
1861,1861,1861.0,1861.0,1861.0,1861.0,1861.0,1861.0,1861.0,1861.0,1861.0,1861.0,1861.0,1861.0,1861.0,1861.0,1861.0,1861.0,1861.0,1861.0,1861.0,1861.0,1861.0,1861.0,1861.0,1861.0,1861.0,1861.0,1861.0,1861.0,1861.0,1861.0,1861.0,1861.0,1861.0,1861.0,1861.0,1861.0,1861.0,1861.0,1861.0,1861.0,1861.0,1861.0,1861.0,1861.0,1861.0,1861.0,1861.0,1861.0,1861.0,1.0,0.1,319.50204,310.38418,302.07921,294.85835,288.86454,284.11511,280.52531,277.94415,276.19276,275.09733,274.51214,274.33141,274.49114,274.96319,275.74406,276.84079,278.2563,279.97654,281.96189,284.14452,256.2893187459755,312.8929518511218,418.52121,340.41342999999995,3664.103290000001,-28.884889999999984
1862,1862,1862.0,1862.0,1862.0,1862.0,1862.0,1862.0,1862.0,1862.0,1862.0,1862.0,1862.0,1862.0,1862.0,1862.0,1862.0,1862.0,1862.0,1862.0,1862.0,1862.0,1862.0,1862.0,1862.0,1862.0,1862.0,1862.0,1862.0,1862.0,1862.0,1862.0,1862.0,1862.0,1862.0,1862.0,1862.0,1862.0,1862.0,1862.0,1862.0,1862.0,1862.0,1862.0,1862.0,1862.0,1862.0,1862.0,1862.0,1862.0,1862.0,2.0,0.2,261.93867,267.18255,271.68296,275.2205,277.71827,279.23631,279.9426,280.07198,279.88498,279.63558,279.55195,279.82897,280.62841,282.08094,284.28544,287.30316,291.14745,295.77244,301.06565,306.84931,223.24187386677568,290.37120892163966,758.93464,326.09832000000006,3323.6898600000004,-33.76369
1863,1863,1863.0,1863.0,1863.0,1863.0,1863.0,1863.0,1863.0,1863.0,1863.0,1863.0,1863.0,1863.0,1863.0,1863.0,1863.0,1863.0,1863.0,1863.0,1863.0,1863.0,1863.0,1863.0,1863.0,1863.0,1863.0,1863.0,1863.0,1863.0,1863.0,1863.0,1863.0,1863.0,1863.0,1863.0,1863.0,1863.0,1863.0,1863.0,1863.0,1863.0,1863.0,1863.0,1863.0,1863.0,1863.0,1863.0,1863.0,1863.0,1863.0,3.0,0.3,232.26698,240.93429,248.932,256.03093,262.10483,267.13234,271.18273,274.39066,276.92634,278.9667,280.67149,282.16646,283.53445,284.81455,286.00864,287.09408,288.04026,288.82565,289.45135,289.9476,204.56298264581284,303.54101881200165,1085.03296,409.0944099999999,2997.5915400000004,-45.86766
1864,1864,1864.0,1864.0,1864.0,1864.0,1864.0,1864.0,1864.0,1864.0,1864.0,1864.0,1864.0,1864.0,1864.0,1864.0,1864.0,1864.0,1864.0,1864.0,1864.0,1864.0,1864.0,1864.0,1864.0,1864.0,1864.0,1864.0,1864.0,1864.0,1864.0,1864.0,1864.0,1864.0,1864.0,1864.0,1864.0,1864.0,1864.0,1864.0,1864.0,1864.0,1864.0,1864.0,1864.0,1864.0,1864.0,1864.0,1864.0,1864.0,1864.0,4.0,0.4,214.45826,224.07854,233.17782,241.56255,249.10561,255.74967,261.50102,266.41729,270.59265,274.1437,277.19809,279.88619,282.3352,284.66444,286.98039,289.37099,291.89922,294.59743,297.46416,300.46536,231.1633148870966,264.91985705448064,1494.12737,495.6453200000001,2588.49713,-57.25032999999999
1865,1865,1865.0,1865.0,1865.0,1865.0,1865.0,1865.0,1865.0,1865.0,1865.0,1865.0,1865.0,1865.0,1865.0,1865.0,1865.0,1865.0,1865.0,1865.0,1865.0,1865.0,1865.0,1865.0,1865.0,1865.0,1865.0,1865.0,1865.0,1865.0,1865.0,1865.0,1865.0,1865.0,1865.0,1865.0,1865.0,1865.0,1865.0,1865.0,1865.0,1865.0,1865.0,1865.0,1865.0,1865.0,1865.0,1865.0,1865.0,1865.0,1865.0,5.0,0.5,234.58242,238.08874,241.74789,245.58821,249.5941,253.70913,257.84647,261.90208,265.76633,269.33101,272.49104,275.14261,277.18094,278.50164,279.00857,278.6291,277.33466,275.16156,272.22558,268.72371,220.49945132743167,268.6285250684703,1989.77269,590.8743299999999,2092.85181,-59.29087000000001
1866,1866,1866.0,1866.0,1866.0,1866.0,1866.0,1866.0,1866.0,1866.0,1866.0,1866.0,1866.0,1866.0,1866.0,1866.0,1866.0,1866.0,1866.0,1866.0,1866.0,1866.0,1866.0,1866.0,1866.0,1866.0,1866.0,1866.0,1866.0,1866.0,1866.0,1866.0,1866.0,1866.0,1866.0,1866.0,1866.0,1866.0,1866.0,1866.0,1866.0,1866.0,1866.0,1866.0,1866.0,1866.0,1866.0,1866.0,1866.0,1866.0,1866.0,6.0,0.6,226.02179,231.45484,236.71732,241.74184,246.47712,250.88665,254.94442,258.62989,261.92349,264.80434,267.25046,269.24134,270.76205,271.80774,272.38759,272.52723,272.26952,271.67338,270.8114,269.76652,372.8705241081502,298.4895703428127,2580.64702,570.01838,1501.97748,-62.11335
1867,1867,1867.0,1867.0,1867.0,1867.0,1867.0,1867.0,1867.0,1867.0,1867.0,1867.0,1867.0,1867.0,1867.0,1867.0,1867.0,1867.0,1867.0,1867.0,1867.0,1867.0,1867.0,1867.0,1867.0,1867.0,1867.0,1867.0,1867.0,1867.0,1867.0,1867.0,1867.0,1867.0,1867.0,1867.0,1867.0,1867.0,1867.0,1867.0,1867.0,1867.0,1867.0,1867.0,1867.0,1867.0,1867.0,1867.0,1867.0,1867.0,1867.0,7.0,0.7,351.69795,331.65598,313.71472,298.56044,286.53422,277.63951,271.60653,267.98972,266.2717,265.95247,266.61163,267.94064,269.74851,271.94748,274.52537,277.51111,280.939,284.81738,289.10686,293.7122,329.7510751098012,340.2998043084366,3150.6654,348.7829900000001,931.9591,-35.36049000000003
1868,1868,1868.0,1868.0,1868.0,1868.0,1868.0,1868.0,1868.0,1868.0,1868.0,1868.0,1868.0,1868.0,1868.0,1868.0,1868.0,1868.0,1868.0,1868.0,1868.0,1868.0,1868.0,1868.0,1868.0,1868.0,1868.0,1868.0,1868.0,1868.0,1868.0,1868.0,1868.0,1868.0,1868.0,1868.0,1868.0,1868.0,1868.0,1868.0,1868.0,1868.0,1868.0,1868.0,1868.0,1868.0,1868.0,1868.0,1868.0,1868.0,1868.0,8.0,0.8,323.00323,316.31001,309.74524,303.41413,297.45421,292.02516,287.29191,283.4071,280.49883,278.6669,277.98729,278.5216,280.32609,283.45493,287.95386,293.84348,301.0952,309.60638,319.1828,329.53605,249.7799236631645,239.52825517694248,3499.44839,245.31599000000008,583.1761099999999,-20.97483999999997
1869,1869,1869.0,1869.0,1869.0,1869.0,1869.0,1869.0,1869.0,1869.0,1869.0,1869.0,1869.0,1869.0,1869.0,1869.0,1869.0,1869.0,1869.0,1869.0,1869.0,1869.0,1869.0,1869.0,1869.0,1869.0,1869.0,1869.0,1869.0,1869.0,1869.0,1869.0,1869.0,1869.0,1869.0,1869.0,1869.0,1869.0,1869.0,1869.0,1869.0,1869.0,1869.0,1869.0,1869.0,1869.0,1869.0,1869.0,1869.0,1869.0,1869.0,9.0,0.9,257.69162,265.08761,271.53641,276.75493,280.63868,283.254,284.79809,285.53896,285.74948,285.64763,285.35147,284.85393,284.02007,282.60823,280.31443,276.836,271.94545,265.56011,257.79039,248.95111,293.0893263183567,253.2362848755485,3744.76438,337.8601199999998,337.8601199999998,-29.74599999999998
1870,1870,1870.0,1870.0,1870.0,1870.0,1870.0,1870.0,1870.0,1870.0,1870.0,1870.0,1870.0,1870.0,1870.0,1870.0,1870.0,1870.0,1870.0,1870.0,1870.0,1870.0,1870.0,1870.0,1870.0,1870.0,1870.0,1870.0,1870.0,1870.0,1870.0,1870.0,1870.0,1870.0,1870.0,1870.0,1870.0,1870.0,1870.0,1870.0,1870.0,1870.0,1870.0,1870.0,1870.0,1870.0,1870.0,1870.0,1870.0,1870.0,1870.0,0.0,0.0,273.0,273.0,273.0,273.0,273.0,273.0,273.0,273.0,273.0,273.0,273.0,273.0,273.0,273.0,273.0,273.0,273.0,273.0,273.0,273.0,341.35613588960643,301.52676101719,0.0,407.17058,3484.57897,0.1688899999999762
1871,1871,1871.0,1871.0,1871.0,1871.0,1871.0,1871.0,1871.0,1871.0,1871.0,1871.0,1871.0,1871.0,1871.0,1871.0,1871.0,1871.0,1871.0,1871.0,1871.0,1871.0,1871.0,1871.0,1871.0,1871.0,1871.0,1871.0,1871.0,1871.0,1871.0,1871.0,1871.0,1871.0,1871.0,1871.0,1871.0,1871.0,1871.0,1871.0,1871.0,1871.0,1871.0,1871.0,1871.0,1871.0,1871.0,1871.0,1871.0,1871.0,1871.0,1.0,0.1,329.70615,318.58819,308.46199,299.65886,292.35449,286.57238,282.21316,279.0994,277.02357,275.78972,275.24288,275.28423,275.87277,277.01573,278.75016,281.11899,284.14509,287.8081,292.02894,296.66632,259.0715329058912,204.47748511861263,407.17058,357.38872000000003,3077.40839,0.1688899999999762
1872,1872,1872.0,1872.0,1872.0,1872.0,1872.0,1872.0,1872.0,1872.0,1872.0,1872.0,1872.0,1872.0,1872.0,1872.0,1872.0,1872.0,1872.0,1872.0,1872.0,1872.0,1872.0,1872.0,1872.0,1872.0,1872.0,1872.0,1872.0,1872.0,1872.0,1872.0,1872.0,1872.0,1872.0,1872.0,1872.0,1872.0,1872.0,1872.0,1872.0,1872.0,1872.0,1872.0,1872.0,1872.0,1872.0,1872.0,1872.0,1872.0,1872.0,2.0,0.2,264.87803,270.24183,274.7947,278.29851,280.66908,281.96514,282.34841,282.02724,281.19708,279.98928,278.43538,276.45076,273.83943,270.32021,265.57349,259.30455,251.31468,241.56672,230.22864,217.68043,245.88360976995216,221.91950780097824,764.5593,530.9461399999999,2720.01967,0.1688899999999762
1873,1873,1873.0,1873.0,1873.0,1873.0,1873.0,1873.0,1873.0,1873.0,1873.0,1873.0,1873.0,1873.0,1873.0,1873.0,1873.0,1873.0,1873.0,1873.0,1873.0,1873.0,1873.0,1873.0,1873.0,1873.0,1873.0,1873.0,1873.0,1873.0,1873.0,1873.0,1873.0,1873.0,1873.0,1873.0,1873.0,1873.0,1873.0,1873.0,1873.0,1873.0,1873.0,1873.0,1873.0,1873.0,1873.0,1873.0,1873.0,1873.0,1873.0,3.0,0.3,251.36112,256.59682,261.37105,265.5039,268.86511,271.37523,272.99927,273.73575,273.60455,272.63686,270.86894,268.34045,265.09631,261.19016,256.68741,251.66585,246.21328,240.42261,234.38616,228.19137,299.7740594577751,269.69810386857574,1295.50544,624.47136,2189.07353,0.1688899999999762
1874,1874,1874.0,1874.0,1874.0,1874.0,1874.0,1874.0,1874.0,1874.0,1874.0,1874.0,1874.0,1874.0,1874.0,1874.0,1874.0,1874.0,1874.0,1874.0,1874.0,1874.0,1874.0,1874.0,1874.0,1874.0,1874.0,1874.0,1874.0,1874.0,1874.0,1874.0,1874.0,1874.0,1874.0,1874.0,1874.0,1874.0,1874.0,1874.0,1874.0,1874.0,1874.0,1874.0,1874.0,1874.0,1874.0,1874.0,1874.0,1874.0,1874.0,4.0,0.4,294.21486,288.94799,284.21415,280.16359,276.83889,274.18162,272.05872,270.30038,268.74013,267.24951,265.76238,264.28646,262.90174,261.74605,260.98913,260.79801,261.29854,262.54013,264.47212,266.939,203.11723123089504,359.87804926385286,1919.9768,548.04927,1564.60217,0.1688899999999762
1875,1875,1875.0,1875.0,1875.0,1875.0,1875.0,1875.0,1875.0,1875.0,1875.0,1875.0,1875.0,1875.0,1875.0,1875.0,1875.0,1875.0,1875.0,1875.0,1875.0,1875.0,1875.0,1875.0,1875.0,1875.0,1875.0,1875.0,1875.0,1875.0,1875.0,1875.0,1875.0,1875.0,1875.0,1875.0,1875.0,1875.0,1875.0,1875.0,1875.0,1875.0,1875.0,1875.0,1875.0,1875.0,1875.0,1875.0,1875.0,1875.0,1875.0,5.0,0.5,215.63982,227.48957,238.09144,247.04392,254.15793,259.45567,263.13773,265.53342,267.05055,268.13609,269.25214,270.86389,273.43147,277.39568,283.15004,290.99728,301.09563,313.40761,327.66757,343.38313,341.6484036319678,364.92646471080656,2468.02607,388.42209,1016.5529,0.1688899999999762
1876,1876,1876.0,1876.0,1876.0,1876.0,1876.0,1876.0,1876.0,1876.0,1876.0,1876.0,1876.0,1876.0,1876.0,1876.0,1876.0,1876.0,1876.0,1876.0,1876.0,1876.0,1876.0,1876.0,1876.0,1876.0,1876.0,1876.0,1876.0,1876.0,1876.0,1876.0,1876.0,1876.0,1876.0,1876.0,1876.0,1876.0,1876.0,1876.0,1876.0,1876.0,1876.0,1876.0,1876.0,1876.0,1876.0,1876.0,1876.0,1876.0,1876.0,6.0,0.6,326.53221,312.29938,299.70601,289.28521,281.30424,275.77867,272.53206,271.27945,271.71082,273.55626,276.6234,280.80655,286.07321,292.43648,299.92182,308.53512,318.23696,328.92604,340.43329,352.5268,358.0702851175175,293.79496981797257,2856.44816,175.86639999999989,628.1308100000001,0.1688899999999762
1877,1877,1877.0,1877.0,1877.0,1877.0,1877.0,1877.0,1877.0,1877.0,1877.0,1877.0,1877.0,1877.0,1877.0,1877.0,1877.0,1877.0,1877.0,1877.0,1877.0,1877.0,1877.0,1877.0,1877.0,1877.0,1877.0,1877.0,1877.0,1877.0,1877.0,1877.0,1877.0,1877.0,1877.0,1877.0,1877.0,1877.0,1877.0,1877.0,1877.0,1877.0,1877.0,1877.0,1877.0,1877.0,1877.0,1877.0,1877.0,1877.0,1877.0,7.0,0.7,345.77833,333.93899,322.96748,313.2102,304.92378,298.26593,293.2967,289.98658,288.22732,287.84202,288.59325,290.19033,292.299,294.55797,296.60555,298.11703,298.84859,298.67898,297.63735,295.90636,363.098973009381,352.22075191254595,3032.31456,140.24045000000024,452.2644100000002,0.1688899999999762
1878,1878,1878.0,1878.0,1878.0,1878.0,1878.0,1878.0,1878.0,1878.0,1878.0,1878.0,1878.0,1878.0,1878.0,1878.0,1878.0,1878.0,1878.0,1878.0,1878.0,1878.0,1878.0,1878.0,1878.0,1878.0,1878.0,1878.0,1878.0,1878.0,1878.0,1878.0,1878.0,1878.0,1878.0,1878.0,1878.0,1878.0,1878.0,1878.0,1878.0,1878.0,1878.0,1878.0,1878.0,1878.0,1878.0,1878.0,1878.0,1878.0,1878.0,8.0,0.8,353.39184,343.94787,335.01276,326.79957,319.47796,313.16889,307.94523,303.83807,300.84785,298.95888,298.15527,298.43524,299.82043,302.35621,306.10063,311.10143,317.36492,324.82366,333.31278,342.5638,266.09697548948753,188.6009422128988,3172.55501,115.45080000000009,312.02396,0.1688899999999762
1879,1879,1879.0,1879.0,1879.0,1879.0,1879.0,1879.0,1879.0,1879.0,1879.0,1879.0,1879.0,1879.0,1879.0,1879.0,1879.0,1879.0,1879.0,1879.0,1879.0,1879.0,1879.0,1879.0,1879.0,1879.0,1879.0,1879.0,1879.0,1879.0,1879.0,1879.0,1879.0,1879.0,1879.0,1879.0,1879.0,1879.0,1879.0,1879.0,1879.0,1879.0,1879.0,1879.0,1879.0,1879.0,1879.0,1879.0,1879.0,1879.0,1879.0,9.0,0.9,275.08783,283.48047,290.77321,296.6337,300.93156,303.72614,305.21631,305.66655,305.32626,304.35674,302.77663,300.43309,297.00373,292.03299,285.00341,275.43648,263.00914,247.66284,229.67708,209.68252,269.077221328631,346.7409940271661,3288.00581,196.57315999999992,196.57315999999992,0.1688899999999762
1880,1880,1880.0,1880.0,1880.0,1880.0,1880.0,1880.0,1880.0,1880.0,1880.0,1880.0,1880.0,1880.0,1880.0,1880.0,1880.0,1880.0,1880.0,1880.0,1880.0,1880.0,1880.0,1880.0,1880.0,1880.0,1880.0,1880.0,1880.0,1880.0,1880.0,1880.0,1880.0,1880.0,1880.0,1880.0,1880.0,1880.0,1880.0,1880.0,1880.0,1880.0,1880.0,1880.0,1880.0,1880.0,1880.0,1880.0,1880.0,1880.0,1880.0,0.0,0.0,273.0,273.0,273.0,273.0,273.0,273.0,273.0,273.0,273.0,273.0,273.0,273.0,273.0,273.0,273.0,273.0,273.0,273.0,273.0,273.0,368.4909078472186,317.3933341269624,0.0,393.30253,5225.89593,-40.0
1881,1881,1881.0,1881.0,1881.0,1881.0,1881.0,1881.0,1881.0,1881.0,1881.0,1881.0,1881.0,1881.0,1881.0,1881.0,1881.0,1881.0,1881.0,1881.0,1881.0,1881.0,1881.0,1881.0,1881.0,1881.0,1881.0,1881.0,1881.0,1881.0,1881.0,1881.0,1881.0,1881.0,1881.0,1881.0,1881.0,1881.0,1881.0,1881.0,1881.0,1881.0,1881.0,1881.0,1881.0,1881.0,1881.0,1881.0,1881.0,1881.0,1881.0,1.0,0.1,352.21637,336.68521,322.53963,310.24289,300.04087,291.96711,285.8843,281.54704,278.66945,276.98386,276.28231,276.43801,277.40752,279.2164,281.93186,285.62671,290.34016,296.04258,302.61207,309.82922,275.2203411647823,202.08459648688955,393.30253,305.4718,4832.5934,-21.03289000000001
1882,1882,1882.0,1882.0,1882.0,1882.0,1882.0,1882.0,1882.0,1882.0,1882.0,1882.0,1882.0,1882.0,1882.0,1882.0,1882.0,1882.0,1882.0,1882.0,1882.0,1882.0,1882.0,1882.0,1882.0,1882.0,1882.0,1882.0,1882.0,1882.0,1882.0,1882.0,1882.0,1882.0,1882.0,1882.0,1882.0,1882.0,1882.0,1882.0,1882.0,1882.0,1882.0,1882.0,1882.0,1882.0,1882.0,1882.0,1882.0,1882.0,1882.0,2.0,0.2,279.64485,283.6214,286.78333,288.90559,289.92983,289.95055,289.16953,287.83204,286.16013,284.29539,282.25935,279.9358,277.07696,273.33435,268.31341,261.64756,253.08166,242.5491,230.22323,216.52591,349.3832475980572,304.75421019677333,698.77433,387.1526000000001,4527.1216,-23.04944999999998
1883,1883,1883.0,1883.0,1883.0,1883.0,1883.0,1883.0,1883.0,1883.0,1883.0,1883.0,1883.0,1883.0,1883.0,1883.0,1883.0,1883.0,1883.0,1883.0,1883.0,1883.0,1883.0,1883.0,1883.0,1883.0,1883.0,1883.0,1883.0,1883.0,1883.0,1883.0,1883.0,1883.0,1883.0,1883.0,1883.0,1883.0,1883.0,1883.0,1883.0,1883.0,1883.0,1883.0,1883.0,1883.0,1883.0,1883.0,1883.0,1883.0,1883.0,3.0,0.3,338.70042,328.47066,319.07684,310.77846,303.6868,297.77176,292.89504,288.85929,285.46173,282.54249,280.02123,277.91835,276.35809,275.55181,275.76083,277.2411,280.17732,284.61926,290.43683,297.30897,298.9308434521704,181.4446529343627,1085.92693,342.9627599999999,4139.968999999999,-15.228240000000028
1884,1884,1884.0,1884.0,1884.0,1884.0,1884.0,1884.0,1884.0,1884.0,1884.0,1884.0,1884.0,1884.0,1884.0,1884.0,1884.0,1884.0,1884.0,1884.0,1884.0,1884.0,1884.0,1884.0,1884.0,1884.0,1884.0,1884.0,1884.0,1884.0,1884.0,1884.0,1884.0,1884.0,1884.0,1884.0,1884.0,1884.0,1884.0,1884.0,1884.0,1884.0,1884.0,1884.0,1884.0,1884.0,1884.0,1884.0,1884.0,1884.0,1884.0,4.0,0.4,299.58633,299.999,299.96953,299.37417,298.1778,296.42556,294.21663,291.66683,288.86776,285.84946,282.55175,278.80879,274.35099,268.82824,261.85662,253.08619,242.28113,229.39589,214.62738,198.42434,359.3681520263448,179.75889060551404,1428.88969,516.0052700000001,3797.00624,-16.57443999999998
1885,1885,1885.0,1885.0,1885.0,1885.0,1885.0,1885.0,1885.0,1885.0,1885.0,1885.0,1885.0,1885.0,1885.0,1885.0,1885.0,1885.0,1885.0,1885.0,1885.0,1885.0,1885.0,1885.0,1885.0,1885.0,1885.0,1885.0,1885.0,1885.0,1885.0,1885.0,1885.0,1885.0,1885.0,1885.0,1885.0,1885.0,1885.0,1885.0,1885.0,1885.0,1885.0,1885.0,1885.0,1885.0,1885.0,1885.0,1885.0,1885.0,1885.0,5.0,0.5,348.33042,337.68271,327.75342,318.76151,310.79202,303.79715,297.61826,292.02006,286.72723,281.45652,275.94048,269.9431,263.26943,255.77201,247.35616,237.98486,227.6826,216.53675,204.69475,192.35612,223.8005009330473,189.65679604585503,1944.89496,664.4283299999997,3281.00097,-9.202850000000012
1886,1886,1886.0,1886.0,1886.0,1886.0,1886.0,1886.0,1886.0,1886.0,1886.0,1886.0,1886.0,1886.0,1886.0,1886.0,1886.0,1886.0,1886.0,1886.0,1886.0,1886.0,1886.0,1886.0,1886.0,1886.0,1886.0,1886.0,1886.0,1886.0,1886.0,1886.0,1886.0,1886.0,1886.0,1886.0,1886.0,1886.0,1886.0,1886.0,1886.0,1886.0,1886.0,1886.0,1886.0,1886.0,1886.0,1886.0,1886.0,1886.0,1886.0,6.0,0.6,238.0646,251.37064,262.89361,272.04306,278.51194,282.26792,283.49819,282.52919,279.74418,275.51668,270.16888,263.95524,257.06538,249.63801,241.77772,233.56922,225.08642,216.39631,207.55962,198.63042,311.0896856571468,187.6693740749977,2609.32329,807.4158500000003,2616.57264,-30.73208
1887,1887,1887.0,1887.0,1887.0,1887.0,1887.0,1887.0,1887.0,1887.0,1887.0,1887.0,1887.0,1887.0,1887.0,1887.0,1887.0,1887.0,1887.0,1887.0,1887.0,1887.0,1887.0,1887.0,1887.0,1887.0,1887.0,1887.0,1887.0,1887.0,1887.0,1887.0,1887.0,1887.0,1887.0,1887.0,1887.0,1887.0,1887.0,1887.0,1887.0,1887.0,1887.0,1887.0,1887.0,1887.0,1887.0,1887.0,1887.0,1887.0,1887.0,7.0,0.7,304.35312,297.94747,292.13347,287.05012,282.69385,278.93077,275.53455,272.23669,268.77521,264.93149,260.55033,255.5443,249.8862,243.59549,236.72347,229.34043,221.52655,213.36624,204.94553,196.35096,333.65743166760404,372.51629198001865,3416.73914,748.6056400000002,1809.1567899999995,-34.069230000000005
1888,1888,1888.0,1888.0,1888.0,1888.0,1888.0,1888.0,1888.0,1888.0,1888.0,1888.0,1888.0,1888.0,1888.0,1888.0,1888.0,1888.0,1888.0,1888.0,1888.0,1888.0,1888.0,1888.0,1888.0,1888.0,1888.0,1888.0,1888.0,1888.0,1888.0,1888.0,1888.0,1888.0,1888.0,1888.0,1888.0,1888.0,1888.0,1888.0,1888.0,1888.0,1888.0,1888.0,1888.0,1888.0,1888.0,1888.0,1888.0,1888.0,1888.0,8.0,0.8,324.58574,315.73739,307.30539,299.42952,292.18668,285.59692,279.64451,274.31098,269.6152,265.65473,262.64135,260.92234,260.97809,263.38704,268.75316,277.5994,290.24169,306.67011,326.46959,348.80941,206.28486495376524,218.60650937814145,4165.34478,456.6252500000001,1060.551149999999,-27.40307999999999
1889,1889,1889.0,1889.0,1889.0,1889.0,1889.0,1889.0,1889.0,1889.0,1889.0,1889.0,1889.0,1889.0,1889.0,1889.0,1889.0,1889.0,1889.0,1889.0,1889.0,1889.0,1889.0,1889.0,1889.0,1889.0,1889.0,1889.0,1889.0,1889.0,1889.0,1889.0,1889.0,1889.0,1889.0,1889.0,1889.0,1889.0,1889.0,1889.0,1889.0,1889.0,1889.0,1889.0,1889.0,1889.0,1889.0,1889.0,1889.0,1889.0,1889.0,9.0,0.9,220.51359,233.87148,245.62197,255.26604,262.59316,267.6735,270.80049,272.40189,272.94084,272.82449,272.33262,271.57309,270.46829,268.77489,266.13745,262.17147,256.56434,249.17434,240.10265,229.71585,259.82032909035274,269.3691481966605,4621.97003,603.9258999999993,603.9258999999993,-45.32650000000001
1890,1890,1890.0,1890.0,1890.0,1890.0,1890.0,1890.0,1890.0,1890.0,1890.0,1890.0,1890.0,1890.0,1890.0,1890.0,1890.0,1890.0,1890.0,1890.0,1890.0,1890.0,1890.0,1890.0,1890.0,1890.0,1890.0,1890.0,1890.0,1890.0,1890.0,1890.0,1890.0,1890.0,1890.0,1890.0,1890.0,1890.0,1890.0,1890.0,1890.0,1890.0,1890.0,1890.0,1890.0,1890.0,1890.0,1890.0,1890.0,1890.0,1890.0,0.0,0.0,273.0,273.0,273.0,273.0,273.0,273.0,273.0,273.0,273.0,273.0,273.0,273.0,273.0,273.0,273.0,273.0,273.0,273.0,273.0,273.0,307.00464194009265,235.55500709302484,0.0,455.48092,5383.10446,-40.0
1891,1891,1891.0,1891.0,1891.0,1891.0,1891.0,1891.0,1891.0,1891.0,1891.0,1891.0,1891.0,1891.0,1891.0,1891.0,1891.0,1891.0,1891.0,1891.0,1891.0,1891.0,1891.0,1891.0,1891.0,1891.0,1891.0,1891.0,1891.0,1891.0,1891.0,1891.0,1891.0,1891.0,1891.0,1891.0,1891.0,1891.0,1891.0,1891.0,1891.0,1891.0,1891.0,1891.0,1891.0,1891.0,1891.0,1891.0,1891.0,1891.0,1891.0,1.0,0.1,301.20789,295.67489,290.63281,286.24376,282.58986,279.67307,277.42698,275.73484,274.44811,273.40113,272.42016,271.3279,269.94656,268.10325,265.64077,262.43455,258.41381,253.58208,248.03054,241.93806,310.76960719971976,252.52123798610648,455.48092,485.79224,4927.62354,-33.326930000000004
1892,1892,1892.0,1892.0,1892.0,1892.0,1892.0,1892.0,1892.0,1892.0,1892.0,1892.0,1892.0,1892.0,1892.0,1892.0,1892.0,1892.0,1892.0,1892.0,1892.0,1892.0,1892.0,1892.0,1892.0,1892.0,1892.0,1892.0,1892.0,1892.0,1892.0,1892.0,1892.0,1892.0,1892.0,1892.0,1892.0,1892.0,1892.0,1892.0,1892.0,1892.0,1892.0,1892.0,1892.0,1892.0,1892.0,1892.0,1892.0,1892.0,1892.0,2.0,0.2,305.95672,301.25553,296.7661,292.567,288.70859,285.21022,282.06138,279.22633,276.65137,274.27375,272.0311,269.87013,267.75345,265.66304,263.59977,261.5784,259.61936,257.73892,255.94074,254.21136,304.5830378118481,248.60470278164385,941.27316,478.2583300000001,4441.8313,-27.789780000000007
1893,1893,1893.0,1893.0,1893.0,1893.0,1893.0,1893.0,1893.0,1893.0,1893.0,1893.0,1893.0,1893.0,1893.0,1893.0,1893.0,1893.0,1893.0,1893.0,1893.0,1893.0,1893.0,1893.0,1893.0,1893.0,1893.0,1893.0,1893.0,1893.0,1893.0,1893.0,1893.0,1893.0,1893.0,1893.0,1893.0,1893.0,1893.0,1893.0,1893.0,1893.0,1893.0,1893.0,1893.0,1893.0,1893.0,1893.0,1893.0,1893.0,1893.0,3.0,0.3,301.59493,298.60395,295.61083,292.62231,289.65151,286.71627,283.83606,281.02834,278.30526,275.67146,273.12315,270.64857,268.22944,265.84331,263.46636,261.07651,258.65645,256.19618,253.6945,251.15906,183.53128638014613,344.07512269773827,1419.53149,470.0310199999999,3963.57297,-26.28372999999999
1894,1894,1894.0,1894.0,1894.0,1894.0,1894.0,1894.0,1894.0,1894.0,1894.0,1894.0,1894.0,1894.0,1894.0,1894.0,1894.0,1894.0,1894.0,1894.0,1894.0,1894.0,1894.0,1894.0,1894.0,1894.0,1894.0,1894.0,1894.0,1894.0,1894.0,1894.0,1894.0,1894.0,1894.0,1894.0,1894.0,1894.0,1894.0,1894.0,1894.0,1894.0,1894.0,1894.0,1894.0,1894.0,1894.0,1894.0,1894.0,1894.0,1894.0,4.0,0.4,201.23099,217.99831,233.0305,245.75526,255.88282,263.40492,268.55049,271.71788,273.40449,274.15001,274.50007,274.98809,276.12638,278.39482,282.21787,287.9259,295.70531,305.54938,317.22646,330.2809,282.6149102962714,184.64795913292787,1889.56251,486.1095200000002,3493.54195,-49.59508
1895,1895,1895.0,1895.0,1895.0,1895.0,1895.0,1895.0,1895.0,1895.0,1895.0,1895.0,1895.0,1895.0,1895.0,1895.0,1895.0,1895.0,1895.0,1895.0,1895.0,1895.0,1895.0,1895.0,1895.0,1895.0,1895.0,1895.0,1895.0,1895.0,1895.0,1895.0,1895.0,1895.0,1895.0,1895.0,1895.0,1895.0,1895.0,1895.0,1895.0,1895.0,1895.0,1895.0,1895.0,1895.0,1895.0,1895.0,1895.0,1895.0,1895.0,5.0,0.5,277.64506,273.14341,269.49742,266.95366,265.59145,265.33196,265.97357,267.23703,268.80398,270.33774,271.48462,271.86241,271.0494,268.58932,264.0239,256.95659,247.13897,234.55942,219.50671,202.58231,303.05440785533,311.05573618536533,2375.67203,572.04729,3007.4324299999994,-47.66804000000002
1896,1896,1896.0,1896.0,1896.0,1896.0,1896.0,1896.0,1896.0,1896.0,1896.0,1896.0,1896.0,1896.0,1896.0,1896.0,1896.0,1896.0,1896.0,1896.0,1896.0,1896.0,1896.0,1896.0,1896.0,1896.0,1896.0,1896.0,1896.0,1896.0,1896.0,1896.0,1896.0,1896.0,1896.0,1896.0,1896.0,1896.0,1896.0,1896.0,1896.0,1896.0,1896.0,1896.0,1896.0,1896.0,1896.0,1896.0,1896.0,1896.0,1896.0,6.0,0.6,297.12971,291.46598,286.28876,281.75981,277.96087,274.89232,272.48607,270.63046,269.20309,268.10727,267.30695,266.85417,266.90211,267.69706,269.54457,272.75068,277.54625,284.01072,292.01621,301.2114,250.6852177940765,246.1671557218852,2947.71932,481.3806999999997,2435.3851399999994,-38.107680000000016
1897,1897,1897.0,1897.0,1897.0,1897.0,1897.0,1897.0,1897.0,1897.0,1897.0,1897.0,1897.0,1897.0,1897.0,1897.0,1897.0,1897.0,1897.0,1897.0,1897.0,1897.0,1897.0,1897.0,1897.0,1897.0,1897.0,1897.0,1897.0,1897.0,1897.0,1897.0,1897.0,1897.0,1897.0,1897.0,1897.0,1897.0,1897.0,1897.0,1897.0,1897.0,1897.0,1897.0,1897.0,1897.0,1897.0,1897.0,1897.0,1897.0,1897.0,7.0,0.7,255.3464,259.6969,263.47651,266.51376,268.74392,270.20429,271.01074,271.32285,271.306,271.09742,270.78044,270.36946,269.80693,268.97303,267.70838,265.84811,263.26272,259.89794,255.80341,251.1409,256.6152607247697,271.00716931882107,3429.10002,545.78062,1954.00444,-42.79570999999999
1898,1898,1898.0,1898.0,1898.0,1898.0,1898.0,1898.0,1898.0,1898.0,1898.0,1898.0,1898.0,1898.0,1898.0,1898.0,1898.0,1898.0,1898.0,1898.0,1898.0,1898.0,1898.0,1898.0,1898.0,1898.0,1898.0,1898.0,1898.0,1898.0,1898.0,1898.0,1898.0,1898.0,1898.0,1898.0,1898.0,1898.0,1898.0,1898.0,1898.0,1898.0,1898.0,1898.0,1898.0,1898.0,1898.0,1898.0,1898.0,1898.0,1898.0,8.0,0.8,258.46428,260.26729,261.97876,263.55477,264.9548,266.14428,267.0974,267.79995,268.2516,268.4678,268.48098,268.34098,268.11391,267.8786,267.71959,267.71673,267.93219,268.39757,269.10461,270.003,208.91995676764023,190.4271205008155,3974.88064,649.7192099999997,1408.2238199999997,-46.85572000000002
1899,1899,1899.0,1899.0,1899.0,1899.0,1899.0,1899.0,1899.0,1899.0,1899.0,1899.0,1899.0,1899.0,1899.0,1899.0,1899.0,1899.0,1899.0,1899.0,1899.0,1899.0,1899.0,1899.0,1899.0,1899.0,1899.0,1899.0,1899.0,1899.0,1899.0,1899.0,1899.0,1899.0,1899.0,1899.0,1899.0,1899.0,1899.0,1899.0,1899.0,1899.0,1899.0,1899.0,1899.0,1899.0,1899.0,1899.0,1899.0,1899.0,1899.0,9.0,0.9,218.474,227.6251,236.02179,243.40357,249.62015,254.628,258.46732,261.2266,263.00302,263.86598,263.82908,262.83454,260.75255,257.39759,252.56198,246.06426,237.80531,227.82106,216.31771,203.67727,346.8153147684859,354.3514544254765,4624.59985,758.50461,758.50461,-58.372000000000014
1900,1900,1900.0,1900.0,1900.0,1900.0,1900.0,1900.0,1900.0,1900.0,1900.0,1900.0,1900.0,1900.0,1900.0,1900.0,1900.0,1900.0,1900.0,1900.0,1900.0,1900.0,1900.0,1900.0,1900.0,1900.0,1900.0,1900.0,1900.0,1900.0,1900.0,1900.0,1900.0,1900.0,1900.0,1900.0,1900.0,1900.0,1900.0,1900.0,1900.0,1900.0,1900.0,1900.0,1900.0,1900.0,1900.0,1900.0,1900.0,1900.0,1900.0,0.0,0.0,273.0,273.0,273.0,273.0,273.0,273.0,273.0,273.0,273.0,273.0,273.0,273.0,273.0,273.0,273.0,273.0,273.0,273.0,273.0,273.0,239.188390280796,285.6141860435914,0.0,458.73233,5845.3859,-40.0
1901,1901,1901.0,1901.0,1901.0,1901.0,1901.0,1901.0,1901.0,1901.0,1901.0,1901.0,1901.0,1901.0,1901.0,1901.0,1901.0,1901.0,1901.0,1901.0,1901.0,1901.0,1901.0,1901.0,1901.0,1901.0,1901.0,1901.0,1901.0,1901.0,1901.0,1901.0,1901.0,1901.0,1901.0,1901.0,1901.0,1901.0,1901.0,1901.0,1901.0,1901.0,1901.0,1901.0,1901.0,1901.0,1901.0,1901.0,1901.0,1901.0,1901.0,1.0,0.1,244.95158,250.45212,255.46338,259.82284,263.44633,266.3273,268.52366,270.13794,271.29623,272.13075,272.76816,273.32366,273.89899,274.58191,275.44503,276.54262,277.90589,279.53784,281.41002,283.46337,290.92706183720185,293.9943653503446,458.73233,454.16195,5386.65357,-46.67270000000002
1902,1902,1902.0,1902.0,1902.0,1902.0,1902.0,1902.0,1902.0,1902.0,1902.0,1902.0,1902.0,1902.0,1902.0,1902.0,1902.0,1902.0,1902.0,1902.0,1902.0,1902.0,1902.0,1902.0,1902.0,1902.0,1902.0,1902.0,1902.0,1902.0,1902.0,1902.0,1902.0,1902.0,1902.0,1902.0,1902.0,1902.0,1902.0,1902.0,1902.0,1902.0,1902.0,1902.0,1902.0,1902.0,1902.0,1902.0,1902.0,1902.0,1902.0,2.0,0.2,286.21663,281.81895,277.99857,274.93611,272.71134,271.30832,270.63779,270.56899,270.9619,271.69334,272.673,273.84923,275.20606,276.75434,278.51954,280.52852,282.79725,285.3213,288.07022,290.98726,258.7009097651039,211.5276858584486,912.89428,443.47702,4932.491620000001,-41.69168000000002
1903,1903,1903.0,1903.0,1903.0,1903.0,1903.0,1903.0,1903.0,1903.0,1903.0,1903.0,1903.0,1903.0,1903.0,1903.0,1903.0,1903.0,1903.0,1903.0,1903.0,1903.0,1903.0,1903.0,1903.0,1903.0,1903.0,1903.0,1903.0,1903.0,1903.0,1903.0,1903.0,1903.0,1903.0,1903.0,1903.0,1903.0,1903.0,1903.0,1903.0,1903.0,1903.0,1903.0,1903.0,1903.0,1903.0,1903.0,1903.0,1903.0,1903.0,3.0,0.3,261.37784,263.90515,266.15963,268.06353,269.5915,270.76402,271.62949,272.2394,272.62186,272.75792,272.56428,271.88571,270.49969,268.13596,264.5121,259.38297,252.59762,244.15209,234.22413,223.17723,308.9911318584084,241.884708632136,1356.3713,570.6055899999999,4489.0146,-42.235979999999984
1904,1904,1904.0,1904.0,1904.0,1904.0,1904.0,1904.0,1904.0,1904.0,1904.0,1904.0,1904.0,1904.0,1904.0,1904.0,1904.0,1904.0,1904.0,1904.0,1904.0,1904.0,1904.0,1904.0,1904.0,1904.0,1904.0,1904.0,1904.0,1904.0,1904.0,1904.0,1904.0,1904.0,1904.0,1904.0,1904.0,1904.0,1904.0,1904.0,1904.0,1904.0,1904.0,1904.0,1904.0,1904.0,1904.0,1904.0,1904.0,1904.0,1904.0,4.0,0.4,302.19263,295.72744,289.87658,284.82836,280.65799,277.32947,274.71606,272.63215,270.86815,269.22226,267.52474,265.65369,263.54212,261.1769,258.59051,255.8464,253.02034,250.18094,247.37375,244.61321,249.16774671475383,196.7194534728996,1926.97689,634.5794900000001,3918.40901,-35.670529999999985
1905,1905,1905.0,1905.0,1905.0,1905.0,1905.0,1905.0,1905.0,1905.0,1905.0,1905.0,1905.0,1905.0,1905.0,1905.0,1905.0,1905.0,1905.0,1905.0,1905.0,1905.0,1905.0,1905.0,1905.0,1905.0,1905.0,1905.0,1905.0,1905.0,1905.0,1905.0,1905.0,1905.0,1905.0,1905.0,1905.0,1905.0,1905.0,1905.0,1905.0,1905.0,1905.0,1905.0,1905.0,1905.0,1905.0,1905.0,1905.0,1905.0,1905.0,5.0,0.5,254.48381,259.42539,263.67262,267.00134,269.30145,270.57032,270.88606,270.36956,269.14514,267.3078,264.90158,261.91088,258.26432,253.85012,248.54124,242.22754,234.85051,226.43429,217.10543,207.09493,343.2125189027046,217.08336414770395,2561.55638,771.5107600000001,3283.82952,-42.42968000000002
1906,1906,1906.0,1906.0,1906.0,1906.0,1906.0,1906.0,1906.0,1906.0,1906.0,1906.0,1906.0,1906.0,1906.0,1906.0,1906.0,1906.0,1906.0,1906.0,1906.0,1906.0,1906.0,1906.0,1906.0,1906.0,1906.0,1906.0,1906.0,1906.0,1906.0,1906.0,1906.0,1906.0,1906.0,1906.0,1906.0,1906.0,1906.0,1906.0,1906.0,1906.0,1906.0,1906.0,1906.0,1906.0,1906.0,1906.0,1906.0,1906.0,1906.0,6.0,0.6,330.11561,317.60926,306.19145,296.19692,287.76318,280.8369,275.21312,270.59325,266.64599,263.05891,259.57406,256.00626,252.24656,248.25463,244.04396,239.66311,235.17568,230.64211,226.1059,221.58701,268.9384555036181,260.43403949788404,3333.06714,742.2821799999997,2512.31876,-32.163099999999986
1907,1907,1907.0,1907.0,1907.0,1907.0,1907.0,1907.0,1907.0,1907.0,1907.0,1907.0,1907.0,1907.0,1907.0,1907.0,1907.0,1907.0,1907.0,1907.0,1907.0,1907.0,1907.0,1907.0,1907.0,1907.0,1907.0,1907.0,1907.0,1907.0,1907.0,1907.0,1907.0,1907.0,1907.0,1907.0,1907.0,1907.0,1907.0,1907.0,1907.0,1907.0,1907.0,1907.0,1907.0,1907.0,1907.0,1907.0,1907.0,1907.0,1907.0,7.0,0.7,271.95816,274.57308,276.44328,277.3425,277.18052,275.99723,273.93472,271.19888,268.02246,264.63821,261.26505,258.10532,255.34739,253.16676,251.72025,251.13111,251.46709,252.71735,254.77636,257.44227,234.33905387631685,343.2148054253967,4075.34932,644.9998200000005,1770.0365800000004,-37.00277
1908,1908,1908.0,1908.0,1908.0,1908.0,1908.0,1908.0,1908.0,1908.0,1908.0,1908.0,1908.0,1908.0,1908.0,1908.0,1908.0,1908.0,1908.0,1908.0,1908.0,1908.0,1908.0,1908.0,1908.0,1908.0,1908.0,1908.0,1908.0,1908.0,1908.0,1908.0,1908.0,1908.0,1908.0,1908.0,1908.0,1908.0,1908.0,1908.0,1908.0,1908.0,1908.0,1908.0,1908.0,1908.0,1908.0,1908.0,1908.0,1908.0,1908.0,8.0,0.8,240.92262,247.12778,252.6249,257.1725,260.64103,263.01908,264.40509,264.99032,265.03958,264.87447,264.86047,265.39581,266.89752,269.77878,274.41386,281.09052,289.9559,300.96734,313.86266,328.16303,252.3988433184606,251.1352443898041,4720.34914,533.8882599999997,1125.03676,-49.980920000000026
1909,1909,1909.0,1909.0,1909.0,1909.0,1909.0,1909.0,1909.0,1909.0,1909.0,1909.0,1909.0,1909.0,1909.0,1909.0,1909.0,1909.0,1909.0,1909.0,1909.0,1909.0,1909.0,1909.0,1909.0,1909.0,1909.0,1909.0,1909.0,1909.0,1909.0,1909.0,1909.0,1909.0,1909.0,1909.0,1909.0,1909.0,1909.0,1909.0,1909.0,1909.0,1909.0,1909.0,1909.0,1909.0,1909.0,1909.0,1909.0,1909.0,1909.0,9.0,0.9,253.5778,254.7875,256.05168,257.38299,258.78307,260.24644,261.76553,263.3333,264.94051,266.56622,268.16284,269.63998,270.85344,271.60647,271.66857,270.81295,268.86742,265.7673,261.59507,256.59221,201.38600468239773,333.76599992342585,5254.2374,591.1485000000002,591.1485000000002,-52.75355999999999
1910,1910,1910.0,1910.0,1910.0,1910.0,1910.0,1910.0,1910.0,1910.0,1910.0,1910.0,1910.0,1910.0,1910.0,1910.0,1910.0,1910.0,1910.0,1910.0,1910.0,1910.0,1910.0,1910.0,1910.0,1910.0,1910.0,1910.0,1910.0,1910.0,1910.0,1910.0,1910.0,1910.0,1910.0,1910.0,1910.0,1910.0,1910.0,1910.0,1910.0,1910.0,1910.0,1910.0,1910.0,1910.0,1910.0,1910.0,1910.0,1910.0,1910.0,0.0,0.0,273.0,273.0,273.0,273.0,273.0,273.0,273.0,273.0,273.0,273.0,273.0,273.0,273.0,273.0,273.0,273.0,273.0,273.0,273.0,273.0,370.09061071076985,291.3441180208076,0.0,406.05323,2802.27673,0.3448300000000017
1911,1911,1911.0,1911.0,1911.0,1911.0,1911.0,1911.0,1911.0,1911.0,1911.0,1911.0,1911.0,1911.0,1911.0,1911.0,1911.0,1911.0,1911.0,1911.0,1911.0,1911.0,1911.0,1911.0,1911.0,1911.0,1911.0,1911.0,1911.0,1911.0,1911.0,1911.0,1911.0,1911.0,1911.0,1911.0,1911.0,1911.0,1911.0,1911.0,1911.0,1911.0,1911.0,1911.0,1911.0,1911.0,1911.0,1911.0,1911.0,1911.0,1911.0,1.0,0.1,353.54277,337.75027,323.3653,310.85746,300.47399,292.24401,286.01906,281.53486,278.47724,276.53865,275.4575,275.03838,275.15545,275.74315,276.77868,278.26033,280.18535,282.5307,285.24014,288.21992,287.0281665467993,260.3440897086599,406.05323,319.02032,2396.2235,0.3448300000000017
1912,1912,1912.0,1912.0,1912.0,1912.0,1912.0,1912.0,1912.0,1912.0,1912.0,1912.0,1912.0,1912.0,1912.0,1912.0,1912.0,1912.0,1912.0,1912.0,1912.0,1912.0,1912.0,1912.0,1912.0,1912.0,1912.0,1912.0,1912.0,1912.0,1912.0,1912.0,1912.0,1912.0,1912.0,1912.0,1912.0,1912.0,1912.0,1912.0,1912.0,1912.0,1912.0,1912.0,1912.0,1912.0,1912.0,1912.0,1912.0,1912.0,1912.0,2.0,0.2,289.47894,291.55857,292.96602,293.52244,293.19288,292.07512,290.36251,288.29326,286.09963,283.96735,282.0107,280.26405,278.6877,277.18468,275.62499,273.87405,271.82145,269.40578,266.63055,263.56732,303.0168243584982,293.67436672395314,725.07355,312.59644000000014,2077.20318,0.3448300000000017
1913,1913,1913.0,1913.0,1913.0,1913.0,1913.0,1913.0,1913.0,1913.0,1913.0,1913.0,1913.0,1913.0,1913.0,1913.0,1913.0,1913.0,1913.0,1913.0,1913.0,1913.0,1913.0,1913.0,1913.0,1913.0,1913.0,1913.0,1913.0,1913.0,1913.0,1913.0,1913.0,1913.0,1913.0,1913.0,1913.0,1913.0,1913.0,1913.0,1913.0,1913.0,1913.0,1913.0,1913.0,1913.0,1913.0,1913.0,1913.0,1913.0,1913.0,3.0,0.3,300.81568,298.65681,296.57406,294.58714,292.70037,290.90609,289.1917,287.54824,285.97888,284.5056,283.1734,282.0513,281.22951,280.81193,280.90348,281.59252,282.93068,284.91386,287.46971,290.45627,315.11282381539297,179.36014020461764,1037.66999,320.36991999999987,1764.60674,0.3448300000000017
1914,1914,1914.0,1914.0,1914.0,1914.0,1914.0,1914.0,1914.0,1914.0,1914.0,1914.0,1914.0,1914.0,1914.0,1914.0,1914.0,1914.0,1914.0,1914.0,1914.0,1914.0,1914.0,1914.0,1914.0,1914.0,1914.0,1914.0,1914.0,1914.0,1914.0,1914.0,1914.0,1914.0,1914.0,1914.0,1914.0,1914.0,1914.0,1914.0,1914.0,1914.0,1914.0,1914.0,1914.0,1914.0,1914.0,1914.0,1914.0,1914.0,1914.0,4.0,0.4,311.10236,307.20206,303.50815,300.09154,296.9906,294.20791,291.70936,289.42299,287.23533,284.98445,282.45118,279.35298,275.3466,270.04675,263.06527,254.07058,242.85936,229.42539,214.00579,197.08685,371.96045083965487,247.8036465647616,1358.03991,462.06441,1444.23682,0.3448300000000017
1915,1915,1915.0,1915.0,1915.0,1915.0,1915.0,1915.0,1915.0,1915.0,1915.0,1915.0,1915.0,1915.0,1915.0,1915.0,1915.0,1915.0,1915.0,1915.0,1915.0,1915.0,1915.0,1915.0,1915.0,1915.0,1915.0,1915.0,1915.0,1915.0,1915.0,1915.0,1915.0,1915.0,1915.0,1915.0,1915.0,1915.0,1915.0,1915.0,1915.0,1915.0,1915.0,1915.0,1915.0,1915.0,1915.0,1915.0,1915.0,1915.0,1915.0,5.0,0.5,358.88981,346.27957,334.52421,323.90072,314.54163,306.43559,299.45189,293.38063,287.97904,283.01562,278.30642,273.74001,269.28884,265.00568,261.00446,257.42707,254.40097,251.99611,250.19205,248.86548,361.7350388010939,334.64603974941826,1820.10432,398.2621400000003,982.17241,0.3448300000000017
1916,1916,1916.0,1916.0,1916.0,1916.0,1916.0,1916.0,1916.0,1916.0,1916.0,1916.0,1916.0,1916.0,1916.0,1916.0,1916.0,1916.0,1916.0,1916.0,1916.0,1916.0,1916.0,1916.0,1916.0,1916.0,1916.0,1916.0,1916.0,1916.0,1916.0,1916.0,1916.0,1916.0,1916.0,1916.0,1916.0,1916.0,1916.0,1916.0,1916.0,1916.0,1916.0,1916.0,1916.0,1916.0,1916.0,1916.0,1916.0,1916.0,1916.0,6.0,0.6,353.23736,344.81299,336.53611,328.48198,320.72634,313.34483,306.41402,300.01535,294.24321,289.21629,285.08987,282.06445,280.38521,280.32682,282.16014,286.10242,292.25775,300.56117,310.74191,322.32039,273.8576885138046,350.5463659902973,2218.36646,194.72989999999984,583.9102699999999,0.3448300000000017
1917,1917,1917.0,1917.0,1917.0,1917.0,1917.0,1917.0,1917.0,1917.0,1917.0,1917.0,1917.0,1917.0,1917.0,1917.0,1917.0,1917.0,1917.0,1917.0,1917.0,1917.0,1917.0,1917.0,1917.0,1917.0,1917.0,1917.0,1917.0,1917.0,1917.0,1917.0,1917.0,1917.0,1917.0,1917.0,1917.0,1917.0,1917.0,1917.0,1917.0,1917.0,1917.0,1917.0,1917.0,1917.0,1917.0,1917.0,1917.0,1917.0,1917.0,7.0,0.7,281.17684,287.89683,293.51385,297.69336,300.308,301.436,301.32687,300.34799,298.92684,297.50061,296.47909,296.22135,297.02266,299.10681,302.61975,307.62234,314.08298,321.87253,330.76528,340.44915,259.7419487912131,347.5495237463947,2413.09636,87.41422000000011,389.18037,0.3448300000000017
1918,1918,1918.0,1918.0,1918.0,1918.0,1918.0,1918.0,1918.0,1918.0,1918.0,1918.0,1918.0,1918.0,1918.0,1918.0,1918.0,1918.0,1918.0,1918.0,1918.0,1918.0,1918.0,1918.0,1918.0,1918.0,1918.0,1918.0,1918.0,1918.0,1918.0,1918.0,1918.0,1918.0,1918.0,1918.0,1918.0,1918.0,1918.0,1918.0,1918.0,1918.0,1918.0,1918.0,1918.0,1918.0,1918.0,1918.0,1918.0,1918.0,1918.0,8.0,0.8,266.11357,272.23031,277.8697,282.86853,287.14006,290.6797,293.5599,295.91638,297.92931,299.80232,301.74218,303.94084,306.56075,309.72419,313.50657,317.93372,322.98297,328.58737,334.64235,341.01422,239.88601090302623,222.22312328986223,2500.51058,101.6872199999998,301.7661499999999,0.3448300000000017
1919,1919,1919.0,1919.0,1919.0,1919.0,1919.0,1919.0,1919.0,1919.0,1919.0,1919.0,1919.0,1919.0,1919.0,1919.0,1919.0,1919.0,1919.0,1919.0,1919.0,1919.0,1919.0,1919.0,1919.0,1919.0,1919.0,1919.0,1919.0,1919.0,1919.0,1919.0,1919.0,1919.0,1919.0,1919.0,1919.0,1919.0,1919.0,1919.0,1919.0,1919.0,1919.0,1919.0,1919.0,1919.0,1919.0,1919.0,1919.0,1919.0,1919.0,9.0,0.9,248.06675,256.01445,263.52376,270.43862,276.66289,282.15833,286.93019,291.00315,294.39146,297.06757,298.93437,299.80696,299.4104,297.39965,293.40533,287.10311,278.29719,267.00011,253.48698,238.30428,326.87586054620164,317.472775926278,2602.1978,200.07893000000013,200.07893000000013,0.3448300000000017
1920,1920,1920.0,1920.0,1920.0,1920.0,1920.0,1920.0,1920.0,1920.0,1920.0,1920.0,1920.0,1920.0,1920.0,1920.0,1920.0,1920.0,1920.0,1920.0,1920.0,1920.0,1920.0,1920.0,1920.0,1920.0,1920.0,1920.0,1920.0,1920.0,1920.0,1920.0,1920.0,1920.0,1920.0,1920.0,1920.0,1920.0,1920.0,1920.0,1920.0,1920.0,1920.0,1920.0,1920.0,1920.0,1920.0,1920.0,1920.0,1920.0,1920.0,0.0,0.0,273.0,273.0,273.0,273.0,273.0,273.0,273.0,273.0,273.0,273.0,273.0,273.0,273.0,273.0,273.0,273.0,273.0,273.0,273.0,273.0,181.2402304542798,193.3366756578154,0.0,554.91357,6189.87835,-40.0
1921,1921,1921.0,1921.0,1921.0,1921.0,1921.0,1921.0,1921.0,1921.0,1921.0,1921.0,1921.0,1921.0,1921.0,1921.0,1921.0,1921.0,1921.0,1921.0,1921.0,1921.0,1921.0,1921.0,1921.0,1921.0,1921.0,1921.0,1921.0,1921.0,1921.0,1921.0,1921.0,1921.0,1921.0,1921.0,1921.0,1921.0,1921.0,1921.0,1921.0,1921.0,1921.0,1921.0,1921.0,1921.0,1921.0,1921.0,1921.0,1921.0,1921.0,1.0,0.1,196.87799,211.80072,225.39024,237.19941,246.98824,254.71754,260.50711,264.57234,267.15545,268.46477,268.63085,267.6837,265.5523,262.08562,257.09321,250.40053,241.91103,231.66294,219.86692,206.91239,226.864560222659,281.32143807324786,554.91357,841.58632,5634.96478,-58.28245999999999
1922,1922,1922.0,1922.0,1922.0,1922.0,1922.0,1922.0,1922.0,1922.0,1922.0,1922.0,1922.0,1922.0,1922.0,1922.0,1922.0,1922.0,1922.0,1922.0,1922.0,1922.0,1922.0,1922.0,1922.0,1922.0,1922.0,1922.0,1922.0,1922.0,1922.0,1922.0,1922.0,1922.0,1922.0,1922.0,1922.0,1922.0,1922.0,1922.0,1922.0,1922.0,1922.0,1922.0,1922.0,1922.0,1922.0,1922.0,1922.0,1922.0,1922.0,2.0,0.2,230.05148,233.31425,236.69583,240.18291,243.6984,247.11129,250.26058,252.98724,255.16733,256.74092,257.73288,258.26288,258.54237,258.85625,259.52822,260.87151,263.13107,266.42843,270.72339,275.80537,372.955887563232,352.4217243988219,1396.49989,700.9260199999999,4793.37846,-65.88871
1923,1923,1923.0,1923.0,1923.0,1923.0,1923.0,1923.0,1923.0,1923.0,1923.0,1923.0,1923.0,1923.0,1923.0,1923.0,1923.0,1923.0,1923.0,1923.0,1923.0,1923.0,1923.0,1923.0,1923.0,1923.0,1923.0,1923.0,1923.0,1923.0,1923.0,1923.0,1923.0,1923.0,1923.0,1923.0,1923.0,1923.0,1923.0,1923.0,1923.0,1923.0,1923.0,1923.0,1923.0,1923.0,1923.0,1923.0,1923.0,1923.0,1923.0,3.0,0.3,351.20736,330.56545,311.98172,296.13425,283.36999,273.7153,266.94284,262.67183,260.47524,259.97221,260.8922,263.10578,266.62297,271.56358,278.10562,286.41955,296.59871,308.59832,322.19665,336.98935,177.79656018804408,361.436010119929,2097.42591,389.9741600000002,4092.45244,-39.28469999999999
1924,1924,1924.0,1924.0,1924.0,1924.0,1924.0,1924.0,1924.0,1924.0,1924.0,1924.0,1924.0,1924.0,1924.0,1924.0,1924.0,1924.0,1924.0,1924.0,1924.0,1924.0,1924.0,1924.0,1924.0,1924.0,1924.0,1924.0,1924.0,1924.0,1924.0,1924.0,1924.0,1924.0,1924.0,1924.0,1924.0,1924.0,1924.0,1924.0,1924.0,1924.0,1924.0,1924.0,1924.0,1924.0,1924.0,1924.0,1924.0,1924.0,1924.0,4.0,0.4,196.38314,213.86135,229.30646,242.11681,252.07927,259.35424,264.39579,267.83693,270.37198,272.66076,275.26651,278.62747,283.05387,288.7391,295.77515,304.16594,313.83655,324.63952,336.36112,348.73087,209.42104323619608,289.4052876838526,2487.40007,429.6096199999997,3702.47828,-53.64576
1925,1925,1925.0,1925.0,1925.0,1925.0,1925.0,1925.0,1925.0,1925.0,1925.0,1925.0,1925.0,1925.0,1925.0,1925.0,1925.0,1925.0,1925.0,1925.0,1925.0,1925.0,1925.0,1925.0,1925.0,1925.0,1925.0,1925.0,1925.0,1925.0,1925.0,1925.0,1925.0,1925.0,1925.0,1925.0,1925.0,1925.0,1925.0,1925.0,1925.0,1925.0,1925.0,1925.0,1925.0,1925.0,1925.0,1925.0,1925.0,1925.0,1925.0,5.0,0.5,216.40682,223.35332,230.21584,236.9425,243.47795,249.77151,255.7862,261.50393,266.92337,272.0491,276.87404,281.36028,285.42484,288.93755,291.7354,293.65413,294.57179,294.45417,293.38879,291.59522,347.42303033053554,194.6019426671203,2917.00969,475.46443,3272.86866,-63.22849
1926,1926,1926.0,1926.0,1926.0,1926.0,1926.0,1926.0,1926.0,1926.0,1926.0,1926.0,1926.0,1926.0,1926.0,1926.0,1926.0,1926.0,1926.0,1926.0,1926.0,1926.0,1926.0,1926.0,1926.0,1926.0,1926.0,1926.0,1926.0,1926.0,1926.0,1926.0,1926.0,1926.0,1926.0,1926.0,1926.0,1926.0,1926.0,1926.0,1926.0,1926.0,1926.0,1926.0,1926.0,1926.0,1926.0,1926.0,1926.0,1926.0,1926.0,6.0,0.6,330.41774,314.44257,300.38007,288.85064,280.15322,274.26651,270.89936,269.56839,269.67898,270.59174,271.66641,272.2855,271.86738,269.88098,265.87208,259.50487,250.61394,239.2542,225.73133,210.59719,354.3601453992649,215.3674072626801,3392.47412,538.8332500000001,2797.40423,-38.73349000000002
1927,1927,1927.0,1927.0,1927.0,1927.0,1927.0,1927.0,1927.0,1927.0,1927.0,1927.0,1927.0,1927.0,1927.0,1927.0,1927.0,1927.0,1927.0,1927.0,1927.0,1927.0,1927.0,1927.0,1927.0,1927.0,1927.0,1927.0,1927.0,1927.0,1927.0,1927.0,1927.0,1927.0,1927.0,1927.0,1927.0,1927.0,1927.0,1927.0,1927.0,1927.0,1927.0,1927.0,1927.0,1927.0,1927.0,1927.0,1927.0,1927.0,1927.0,7.0,0.7,342.41884,330.84334,319.96275,310.03775,301.23768,293.62899,287.17524,281.74785,277.14536,273.1184,269.39751,265.72086,261.85892,257.63354,252.9293,247.6963,241.94474,235.7335,229.15581,222.32568,329.8103919049824,173.41862023677336,3931.30737,631.9043200000001,2258.57098,-19.37101000000001
1928,1928,1928.0,1928.0,1928.0,1928.0,1928.0,1928.0,1928.0,1928.0,1928.0,1928.0,1928.0,1928.0,1928.0,1928.0,1928.0,1928.0,1928.0,1928.0,1928.0,1928.0,1928.0,1928.0,1928.0,1928.0,1928.0,1928.0,1928.0,1928.0,1928.0,1928.0,1928.0,1928.0,1928.0,1928.0,1928.0,1928.0,1928.0,1928.0,1928.0,1928.0,1928.0,1928.0,1928.0,1928.0,1928.0,1928.0,1928.0,1928.0,1928.0,8.0,0.8,324.56289,319.26577,313.88412,308.40751,302.85123,297.24883,291.63776,286.04207,280.45607,274.83222,269.07544,263.04461,256.56217,249.4315,241.46199,232.4996,222.45912,211.35213,199.30345,186.54989,294.5810695128568,178.26138072135944,4563.21169,770.25936,1626.66666,-15.751170000000002
1929,1929,1929.0,1929.0,1929.0,1929.0,1929.0,1929.0,1929.0,1929.0,1929.0,1929.0,1929.0,1929.0,1929.0,1929.0,1929.0,1929.0,1929.0,1929.0,1929.0,1929.0,1929.0,1929.0,1929.0,1929.0,1929.0,1929.0,1929.0,1929.0,1929.0,1929.0,1929.0,1929.0,1929.0,1929.0,1929.0,1929.0,1929.0,1929.0,1929.0,1929.0,1929.0,1929.0,1929.0,1929.0,1929.0,1929.0,1929.0,1929.0,1929.0,9.0,0.9,295.12285,295.37636,295.08998,294.07669,292.2275,289.50885,285.94709,281.60597,276.56348,270.89353,264.65512,257.88938,250.62296,242.87521,234.66639,226.02487,216.9919,207.6235,197.98979,188.1725,248.3206561353585,229.84213808289863,5333.47105,856.4072999999999,856.4072999999999,-23.491150000000005
1930,1930,1930.0,1930.0,1930.0,1930.0,1930.0,1930.0,1930.0,1930.0,1930.0,1930.0,1930.0,1930.0,1930.0,1930.0,1930.0,1930.0,1930.0,1930.0,1930.0,1930.0,1930.0,1930.0,1930.0,1930.0,1930.0,1930.0,1930.0,1930.0,1930.0,1930.0,1930.0,1930.0,1930.0,1930.0,1930.0,1930.0,1930.0,1930.0,1930.0,1930.0,1930.0,1930.0,1930.0,1930.0,1930.0,1930.0,1930.0,1930.0,1930.0,0.0,0.0,273.0,273.0,273.0,273.0,273.0,273.0,273.0,273.0,273.0,273.0,273.0,273.0,273.0,273.0,273.0,273.0,273.0,273.0,273.0,273.0,326.04077165510887,318.4011841076322,0.0,403.31274,4837.19392,-40.0
1931,1931,1931.0,1931.0,1931.0,1931.0,1931.0,1931.0,1931.0,1931.0,1931.0,1931.0,1931.0,1931.0,1931.0,1931.0,1931.0,1931.0,1931.0,1931.0,1931.0,1931.0,1931.0,1931.0,1931.0,1931.0,1931.0,1931.0,1931.0,1931.0,1931.0,1931.0,1931.0,1931.0,1931.0,1931.0,1931.0,1931.0,1931.0,1931.0,1931.0,1931.0,1931.0,1931.0,1931.0,1931.0,1931.0,1931.0,1931.0,1931.0,1931.0,1.0,0.1,317.00159,308.37569,300.52035,293.69397,288.0353,283.56689,280.21932,277.86772,276.37147,275.60925,275.50436,276.03785,277.24883,279.22242,282.06653,285.88024,290.71831,296.55876,303.28141,310.66429,218.58248857186496,287.7693390613986,403.31274,311.81944,4433.881179999999,-29.43311
1932,1932,1932.0,1932.0,1932.0,1932.0,1932.0,1932.0,1932.0,1932.0,1932.0,1932.0,1932.0,1932.0,1932.0,1932.0,1932.0,1932.0,1932.0,1932.0,1932.0,1932.0,1932.0,1932.0,1932.0,1932.0,1932.0,1932.0,1932.0,1932.0,1932.0,1932.0,1932.0,1932.0,1932.0,1932.0,1932.0,1932.0,1932.0,1932.0,1932.0,1932.0,1932.0,1932.0,1932.0,1932.0,1932.0,1932.0,1932.0,1932.0,1932.0,2.0,0.2,230.56012,241.86355,251.92401,260.35866,267.00886,271.93221,275.35695,277.61473,279.07005,280.06061,280.85623,281.63836,282.49753,283.44476,284.43259,285.38187,286.21027,286.85811,287.30693,287.58659,252.2372229142929,324.88940958791136,715.13218,352.91051000000004,4122.061739999999,-41.06779
1933,1933,1933.0,1933.0,1933.0,1933.0,1933.0,1933.0,1933.0,1933.0,1933.0,1933.0,1933.0,1933.0,1933.0,1933.0,1933.0,1933.0,1933.0,1933.0,1933.0,1933.0,1933.0,1933.0,1933.0,1933.0,1933.0,1933.0,1933.0,1933.0,1933.0,1933.0,1933.0,1933.0,1933.0,1933.0,1933.0,1933.0,1933.0,1933.0,1933.0,1933.0,1933.0,1933.0,1933.0,1933.0,1933.0,1933.0,1933.0,1933.0,1933.0,3.0,0.3,254.5111,256.84647,259.28569,261.83903,264.48202,267.16336,269.82063,272.39943,274.87098,277.24483,279.57503,281.9591,284.53042,287.44403,290.85665,294.90227,299.66601,305.16109,311.31465,317.96734,188.1138346042729,208.5642224911788,1068.04269,412.0773999999999,3769.15123,-45.83663999999999
1934,1934,1934.0,1934.0,1934.0,1934.0,1934.0,1934.0,1934.0,1934.0,1934.0,1934.0,1934.0,1934.0,1934.0,1934.0,1934.0,1934.0,1934.0,1934.0,1934.0,1934.0,1934.0,1934.0,1934.0,1934.0,1934.0,1934.0,1934.0,1934.0,1934.0,1934.0,1934.0,1934.0,1934.0,1934.0,1934.0,1934.0,1934.0,1934.0,1934.0,1934.0,1934.0,1934.0,1934.0,1934.0,1934.0,1934.0,1934.0,1934.0,1934.0,4.0,0.4,201.51652,214.42391,226.40774,237.15803,246.50763,254.4267,260.99141,266.33625,270.60079,273.88032,276.18784,277.43243,277.4181,275.86611,272.46184,266.92288,259.07877,248.94633,236.78071,223.08424,181.0885090679096,296.5659501964736,1480.12009,698.77801,3357.07383,-58.57329999999999
1935,1935,1935.0,1935.0,1935.0,1935.0,1935.0,1935.0,1935.0,1935.0,1935.0,1935.0,1935.0,1935.0,1935.0,1935.0,1935.0,1935.0,1935.0,1935.0,1935.0,1935.0,1935.0,1935.0,1935.0,1935.0,1935.0,1935.0,1935.0,1935.0,1935.0,1935.0,1935.0,1935.0,1935.0,1935.0,1935.0,1935.0,1935.0,1935.0,1935.0,1935.0,1935.0,1935.0,1935.0,1935.0,1935.0,1935.0,1935.0,1935.0,1935.0,5.0,0.5,192.40874,203.47067,214.03304,223.88599,232.86096,240.83576,247.73587,253.53427,258.25191,261.9605,264.78746,266.92052,268.6077,270.14726,271.86346,274.06725,277.00652,280.81631,285.48277,290.83415,288.35978274082106,284.40760351411546,2178.8981,737.37673,2658.29582,-72.16424
1936,1936,1936.0,1936.0,1936.0,1936.0,1936.0,1936.0,1936.0,1936.0,1936.0,1936.0,1936.0,1936.0,1936.0,1936.0,1936.0,1936.0,1936.0,1936.0,1936.0,1936.0,1936.0,1936.0,1936.0,1936.0,1936.0,1936.0,1936.0,1936.0,1936.0,1936.0,1936.0,1936.0,1936.0,1936.0,1936.0,1936.0,1936.0,1936.0,1936.0,1936.0,1936.0,1936.0,1936.0,1936.0,1936.0,1936.0,1936.0,1936.0,1936.0,6.0,0.6,279.30154,270.93386,263.84032,258.41645,254.83155,253.03738,252.81483,253.84159,255.76184,258.24295,261.01124,263.8661,266.67705,269.3705,271.91326,274.29765,276.53122,278.63109,280.62188,282.53501,349.8036980206979,305.7819241884163,2916.27483,548.41237,1920.91909,-59.96261999999999
1937,1937,1937.0,1937.0,1937.0,1937.0,1937.0,1937.0,1937.0,1937.0,1937.0,1937.0,1937.0,1937.0,1937.0,1937.0,1937.0,1937.0,1937.0,1937.0,1937.0,1937.0,1937.0,1937.0,1937.0,1937.0,1937.0,1937.0,1937.0,1937.0,1937.0,1937.0,1937.0,1937.0,1937.0,1937.0,1937.0,1937.0,1937.0,1937.0,1937.0,1937.0,1937.0,1937.0,1937.0,1937.0,1937.0,1937.0,1937.0,1937.0,1937.0,7.0,0.7,334.38042,319.64627,306.2083,294.52653,284.87807,277.35428,271.88628,268.28912,266.31252,265.68821,266.16701,267.54282,269.66331,272.42882,275.78177,279.68946,284.12361,289.04075,294.3676,299.99498,359.71774915771505,250.3019043066434,3464.6872,385.1272100000001,1372.50672,-35.64571999999998
1938,1938,1938.0,1938.0,1938.0,1938.0,1938.0,1938.0,1938.0,1938.0,1938.0,1938.0,1938.0,1938.0,1938.0,1938.0,1938.0,1938.0,1938.0,1938.0,1938.0,1938.0,1938.0,1938.0,1938.0,1938.0,1938.0,1938.0,1938.0,1938.0,1938.0,1938.0,1938.0,1938.0,1938.0,1938.0,1938.0,1938.0,1938.0,1938.0,1938.0,1938.0,1938.0,1938.0,1938.0,1938.0,1938.0,1938.0,1938.0,1938.0,1938.0,8.0,0.8,347.28324,335.20628,323.81671,313.39292,304.14503,296.20607,289.63042,284.39752,280.41825,277.54202,275.56369,274.23125,273.25645,272.33112,271.15148,269.4501,267.03208,263.80836,259.81705,255.22453,305.32224003048555,186.5074206911761,3849.81441,419.46439999999984,987.3795099999998,-16.79392999999999
1939,1939,1939.0,1939.0,1939.0,1939.0,1939.0,1939.0,1939.0,1939.0,1939.0,1939.0,1939.0,1939.0,1939.0,1939.0,1939.0,1939.0,1939.0,1939.0,1939.0,1939.0,1939.0,1939.0,1939.0,1939.0,1939.0,1939.0,1939.0,1939.0,1939.0,1939.0,1939.0,1939.0,1939.0,1939.0,1939.0,1939.0,1939.0,1939.0,1939.0,1939.0,1939.0,1939.0,1939.0,1939.0,1939.0,1939.0,1939.0,1939.0,1939.0,9.0,0.9,304.90323,304.23846,303.12871,301.45568,299.19507,296.4057,293.1997,289.70234,286.01109,282.16167,278.10667,273.7095,268.75453,262.97328,256.0849,247.84712,238.11045,226.86563,214.27304,200.66376,364.3117530920418,194.2918419799701,4269.27881,567.9151099999999,567.9151099999999,-16.594299999999976
1940,1940,1940.0,1940.0,1940.0,1940.0,1940.0,1940.0,1940.0,1940.0,1940.0,1940.0,1940.0,1940.0,1940.0,1940.0,1940.0,1940.0,1940.0,1940.0,1940.0,1940.0,1940.0,1940.0,1940.0,1940.0,1940.0,1940.0,1940.0,1940.0,1940.0,1940.0,1940.0,1940.0,1940.0,1940.0,1940.0,1940.0,1940.0,1940.0,1940.0,1940.0,1940.0,1940.0,1940.0,1940.0,1940.0,1940.0,1940.0,1940.0,1940.0,0.0,0.0,273.0,273.0,273.0,273.0,273.0,273.0,273.0,273.0,273.0,273.0,273.0,273.0,273.0,273.0,273.0,273.0,273.0,273.0,273.0,273.0,173.0647914620062,329.3691702534604,0.0,482.10332,5478.71629,-40.0
1941,1941,1941.0,1941.0,1941.0,1941.0,1941.0,1941.0,1941.0,1941.0,1941.0,1941.0,1941.0,1941.0,1941.0,1941.0,1941.0,1941.0,1941.0,1941.0,1941.0,1941.0,1941.0,1941.0,1941.0,1941.0,1941.0,1941.0,1941.0,1941.0,1941.0,1941.0,1941.0,1941.0,1941.0,1941.0,1941.0,1941.0,1941.0,1941.0,1941.0,1941.0,1941.0,1941.0,1941.0,1941.0,1941.0,1941.0,1941.0,1941.0,1941.0,1.0,0.1,190.09935,206.35779,221.17097,234.05959,244.77686,253.30689,259.82724,264.65143,268.16886,270.79551,272.94149,274.99468,277.31396,280.22397,284.00414,288.86892,294.94087,302.22378,310.58539,319.75902,270.52082441285233,199.76712464022165,482.10332,564.7300300000002,4996.61297,-59.69310999999999
1942,1942,1942.0,1942.0,1942.0,1942.0,1942.0,1942.0,1942.0,1942.0,1942.0,1942.0,1942.0,1942.0,1942.0,1942.0,1942.0,1942.0,1942.0,1942.0,1942.0,1942.0,1942.0,1942.0,1942.0,1942.0,1942.0,1942.0,1942.0,1942.0,1942.0,1942.0,1942.0,1942.0,1942.0,1942.0,1942.0,1942.0,1942.0,1942.0,1942.0,1942.0,1942.0,1942.0,1942.0,1942.0,1942.0,1942.0,1942.0,1942.0,1942.0,2.0,0.2,266.07896,262.13374,259.0978,257.23665,256.63997,257.22944,258.79409,261.03728,263.61933,266.18454,268.36969,269.79957,270.08066,268.80632,265.58377,260.08606,252.12193,241.70712,229.11445,214.88193,225.82067986952683,296.98242588574243,1046.83335,677.2415099999998,4431.88294,-55.77055999999999
1943,1943,1943.0,1943.0,1943.0,1943.0,1943.0,1943.0,1943.0,1943.0,1943.0,1943.0,1943.0,1943.0,1943.0,1943.0,1943.0,1943.0,1943.0,1943.0,1943.0,1943.0,1943.0,1943.0,1943.0,1943.0,1943.0,1943.0,1943.0,1943.0,1943.0,1943.0,1943.0,1943.0,1943.0,1943.0,1943.0,1943.0,1943.0,1943.0,1943.0,1943.0,1943.0,1943.0,1943.0,1943.0,1943.0,1943.0,1943.0,1943.0,1943.0,3.0,0.3,231.70757,237.35863,242.57119,247.19998,251.16711,254.45725,257.10279,259.16652,260.72902,261.88576,262.75395,263.4852,264.27624,265.36912,267.03398,269.53251,273.06672,277.72507,283.44186,289.98524,181.0050764469352,342.0330125009977,1724.07486,703.4615900000001,3754.6414300000006,-58.54275000000001
1944,1944,1944.0,1944.0,1944.0,1944.0,1944.0,1944.0,1944.0,1944.0,1944.0,1944.0,1944.0,1944.0,1944.0,1944.0,1944.0,1944.0,1944.0,1944.0,1944.0,1944.0,1944.0,1944.0,1944.0,1944.0,1944.0,1944.0,1944.0,1944.0,1944.0,1944.0,1944.0,1944.0,1944.0,1944.0,1944.0,1944.0,1944.0,1944.0,1944.0,1944.0,1944.0,1944.0,1944.0,1944.0,1944.0,1944.0,1944.0,1944.0,1944.0,4.0,0.4,193.01505,204.59336,215.3633,225.0468,233.48917,240.663,246.6547,251.64076,255.8615,259.59815,263.15552,266.84952,270.99558,275.89401,281.80889,288.94027,297.3931,307.1496,318.05351,329.81411,333.3745173506061,198.20319517503856,2427.53645,667.0909200000001,3051.17984,-72.33699999999999
1945,1945,1945.0,1945.0,1945.0,1945.0,1945.0,1945.0,1945.0,1945.0,1945.0,1945.0,1945.0,1945.0,1945.0,1945.0,1945.0,1945.0,1945.0,1945.0,1945.0,1945.0,1945.0,1945.0,1945.0,1945.0,1945.0,1945.0,1945.0,1945.0,1945.0,1945.0,1945.0,1945.0,1945.0,1945.0,1945.0,1945.0,1945.0,1945.0,1945.0,1945.0,1945.0,1945.0,1945.0,1945.0,1945.0,1945.0,1945.0,1945.0,1945.0,5.0,0.5,316.65902,300.9819,287.23098,276.02806,267.67196,262.14493,259.16902,258.28778,258.947,260.55521,262.51655,264.24058,265.14252,264.6507,262.23471,257.45957,250.05941,240.01275,227.59469,213.38267,262.9357704616657,305.2450816428407,3094.62737,638.8967399999997,2384.08892,-50.85507000000001
1946,1946,1946.0,1946.0,1946.0,1946.0,1946.0,1946.0,1946.0,1946.0,1946.0,1946.0,1946.0,1946.0,1946.0,1946.0,1946.0,1946.0,1946.0,1946.0,1946.0,1946.0,1946.0,1946.0,1946.0,1946.0,1946.0,1946.0,1946.0,1946.0,1946.0,1946.0,1946.0,1946.0,1946.0,1946.0,1946.0,1946.0,1946.0,1946.0,1946.0,1946.0,1946.0,1946.0,1946.0,1946.0,1946.0,1946.0,1946.0,1946.0,1946.0,6.0,0.6,264.55357,265.94683,266.9378,267.42881,267.41337,266.96462,266.20823,265.29123,264.35817,263.5419,262.97006,262.78219,263.14751,264.27229,266.3878,269.71564,274.41531,280.52709,287.92792,296.31759,265.9688867438132,349.91973147915394,3733.52411,521.3825200000006,1745.1921800000005,-46.035379999999975
1947,1947,1947.0,1947.0,1947.0,1947.0,1947.0,1947.0,1947.0,1947.0,1947.0,1947.0,1947.0,1947.0,1947.0,1947.0,1947.0,1947.0,1947.0,1947.0,1947.0,1947.0,1947.0,1947.0,1947.0,1947.0,1947.0,1947.0,1947.0,1947.0,1947.0,1947.0,1947.0,1947.0,1947.0,1947.0,1947.0,1947.0,1947.0,1947.0,1947.0,1947.0,1947.0,1947.0,1947.0,1947.0,1947.0,1947.0,1947.0,1947.0,1947.0,7.0,0.7,265.9919,266.00398,265.99806,265.97501,265.94798,265.94704,266.02377,266.25579,266.75041,267.64717,269.1179,271.36289,274.6013,279.05382,284.91714,292.33156,301.3461,311.88827,323.74697,336.57574,336.13541756095515,260.54449281138955,4254.90663,362.4994199999992,1223.80966,-47.05295999999999
1948,1948,1948.0,1948.0,1948.0,1948.0,1948.0,1948.0,1948.0,1948.0,1948.0,1948.0,1948.0,1948.0,1948.0,1948.0,1948.0,1948.0,1948.0,1948.0,1948.0,1948.0,1948.0,1948.0,1948.0,1948.0,1948.0,1948.0,1948.0,1948.0,1948.0,1948.0,1948.0,1948.0,1948.0,1948.0,1948.0,1948.0,1948.0,1948.0,1948.0,1948.0,1948.0,1948.0,1948.0,1948.0,1948.0,1948.0,1948.0,1948.0,1948.0,8.0,0.8,324.31351,313.0666,302.8972,294.17934,287.12997,281.80991,278.14816,275.97781,275.07112,275.16488,275.97263,277.18668,278.4774,279.49859,279.90659,279.39561,277.74511,274.8684,270.84727,265.9385,228.08526880734715,249.9781318285937,4617.40605,369.7764800000005,861.3102400000007,-31.19009
1949,1949,1949.0,1949.0,1949.0,1949.0,1949.0,1949.0,1949.0,1949.0,1949.0,1949.0,1949.0,1949.0,1949.0,1949.0,1949.0,1949.0,1949.0,1949.0,1949.0,1949.0,1949.0,1949.0,1949.0,1949.0,1949.0,1949.0,1949.0,1949.0,1949.0,1949.0,1949.0,1949.0,1949.0,1949.0,1949.0,1949.0,1949.0,1949.0,1949.0,1949.0,1949.0,1949.0,1949.0,1949.0,1949.0,1949.0,1949.0,1949.0,1949.0,9.0,0.9,238.48459,248.26075,256.88979,264.02126,269.51125,273.41016,275.9145,277.29957,277.85163,277.81402,277.35508,276.55859,275.43292,273.93282,271.98745,269.52934,266.51978,262.96754,258.93824,254.55323,209.0176585968595,299.5750108133218,4987.18253,491.53376000000026,491.53376000000026,-39.58983999999998
1950,1950,1950.0,1950.0,1950.0,1950.0,1950.0,1950.0,1950.0,1950.0,1950.0,1950.0,1950.0,1950.0,1950.0,1950.0,1950.0,1950.0,1950.0,1950.0,1950.0,1950.0,1950.0,1950.0,1950.0,1950.0,1950.0,1950.0,1950.0,1950.0,1950.0,1950.0,1950.0,1950.0,1950.0,1950.0,1950.0,1950.0,1950.0,1950.0,1950.0,1950.0,1950.0,1950.0,1950.0,1950.0,1950.0,1950.0,1950.0,1950.0,1950.0,0.0,0.0,273.0,273.0,273.0,273.0,273.0,273.0,273.0,273.0,273.0,273.0,273.0,273.0,273.0,273.0,273.0,273.0,273.0,273.0,273.0,273.0,319.7746064519676,271.29697259257017,0.0,429.76102,3310.46069,10.228290000000015
1951,1951,1951.0,1951.0,1951.0,1951.0,1951.0,1951.0,1951.0,1951.0,1951.0,1951.0,1951.0,1951.0,1951.0,1951.0,1951.0,1951.0,1951.0,1951.0,1951.0,1951.0,1951.0,1951.0,1951.0,1951.0,1951.0,1951.0,1951.0,1951.0,1951.0,1951.0,1951.0,1951.0,1951.0,1951.0,1951.0,1951.0,1951.0,1951.0,1951.0,1951.0,1951.0,1951.0,1951.0,1951.0,1951.0,1951.0,1951.0,1951.0,1951.0,1.0,0.1,311.80221,304.19352,297.26244,291.23463,286.22812,282.25498,279.2402,277.05066,275.52575,274.50339,273.83781,273.40873,273.12338,272.91417,272.73426,272.55302,272.35237,272.124,271.86744,271.5884,357.4209460903445,279.9107118327337,429.76102,372.78341000000006,2880.69967,10.228290000000015
1952,1952,1952.0,1952.0,1952.0,1952.0,1952.0,1952.0,1952.0,1952.0,1952.0,1952.0,1952.0,1952.0,1952.0,1952.0,1952.0,1952.0,1952.0,1952.0,1952.0,1952.0,1952.0,1952.0,1952.0,1952.0,1952.0,1952.0,1952.0,1952.0,1952.0,1952.0,1952.0,1952.0,1952.0,1952.0,1952.0,1952.0,1952.0,1952.0,1952.0,1952.0,1952.0,1952.0,1952.0,1952.0,1952.0,1952.0,1952.0,1952.0,1952.0,2.0,0.2,345.34798,333.69713,322.84152,313.06657,304.54849,297.35241,291.44722,286.73118,283.06122,280.27996,278.23678,276.80124,275.86938,275.36377,275.22908,275.42451,275.91495,276.66238,277.61934,278.72592,292.21396109074226,207.3990898062625,802.54443,349.77221999999995,2507.91626,10.228290000000015
1953,1953,1953.0,1953.0,1953.0,1953.0,1953.0,1953.0,1953.0,1953.0,1953.0,1953.0,1953.0,1953.0,1953.0,1953.0,1953.0,1953.0,1953.0,1953.0,1953.0,1953.0,1953.0,1953.0,1953.0,1953.0,1953.0,1953.0,1953.0,1953.0,1953.0,1953.0,1953.0,1953.0,1953.0,1953.0,1953.0,1953.0,1953.0,1953.0,1953.0,1953.0,1953.0,1953.0,1953.0,1953.0,1953.0,1953.0,1953.0,1953.0,1953.0,3.0,0.3,294.15729,295.76927,296.77706,297.00966,296.41614,295.05596,293.06663,290.61832,287.86658,284.91198,281.77278,278.37328,274.54919,270.06971,264.67543,258.12829,250.26708,241.05782,230.62671,219.26482,345.34124909706327,344.4441516337291,1152.31665,381.029,2158.14404,10.228290000000015
1954,1954,1954.0,1954.0,1954.0,1954.0,1954.0,1954.0,1954.0,1954.0,1954.0,1954.0,1954.0,1954.0,1954.0,1954.0,1954.0,1954.0,1954.0,1954.0,1954.0,1954.0,1954.0,1954.0,1954.0,1954.0,1954.0,1954.0,1954.0,1954.0,1954.0,1954.0,1954.0,1954.0,1954.0,1954.0,1954.0,1954.0,1954.0,1954.0,1954.0,1954.0,1954.0,1954.0,1954.0,1954.0,1954.0,1954.0,1954.0,1954.0,1954.0,4.0,0.4,336.36527,327.70738,319.63639,312.3349,305.88331,300.2673,295.40551,291.19,287.53144,284.40115,281.86416,280.09773,279.3905,280.11745,282.68818,287.47117,294.70401,304.40811,316.33049,329.93365,358.8829591778417,355.168963810356,1533.34565,199.05098,1777.11504,10.228290000000015
1955,1955,1955.0,1955.0,1955.0,1955.0,1955.0,1955.0,1955.0,1955.0,1955.0,1955.0,1955.0,1955.0,1955.0,1955.0,1955.0,1955.0,1955.0,1955.0,1955.0,1955.0,1955.0,1955.0,1955.0,1955.0,1955.0,1955.0,1955.0,1955.0,1955.0,1955.0,1955.0,1955.0,1955.0,1955.0,1955.0,1955.0,1955.0,1955.0,1955.0,1955.0,1955.0,1955.0,1955.0,1955.0,1955.0,1955.0,1955.0,1955.0,1955.0,5.0,0.5,349.59989,340.54701,331.93627,323.94731,316.72071,310.35931,304.93653,300.50873,297.12831,294.85418,293.75729,293.91982,295.42775,298.35749,302.75819,308.63226,315.91722,324.4727,334.0758,344.42726,356.57385952197217,178.64457081711643,1732.39663,151.4471000000001,1578.06406,10.228290000000015
1956,1956,1956.0,1956.0,1956.0,1956.0,1956.0,1956.0,1956.0,1956.0,1956.0,1956.0,1956.0,1956.0,1956.0,1956.0,1956.0,1956.0,1956.0,1956.0,1956.0,1956.0,1956.0,1956.0,1956.0,1956.0,1956.0,1956.0,1956.0,1956.0,1956.0,1956.0,1956.0,1956.0,1956.0,1956.0,1956.0,1956.0,1956.0,1956.0,1956.0,1956.0,1956.0,1956.0,1956.0,1956.0,1956.0,1956.0,1956.0,1956.0,1956.0,6.0,0.6,349.59375,342.73983,336.13572,329.89889,324.1351,318.92992,314.33644,310.35868,306.93075,303.89374,300.97415,297.77086,293.75984,288.32607,280.82875,270.69816,257.55129,241.30217,222.23641,201.02236,359.9942082600818,206.851400084697,1883.84373,319.3590399999998,1426.6169599999998,10.228290000000015
1957,1957,1957.0,1957.0,1957.0,1957.0,1957.0,1957.0,1957.0,1957.0,1957.0,1957.0,1957.0,1957.0,1957.0,1957.0,1957.0,1957.0,1957.0,1957.0,1957.0,1957.0,1957.0,1957.0,1957.0,1957.0,1957.0,1957.0,1957.0,1957.0,1957.0,1957.0,1957.0,1957.0,1957.0,1957.0,1957.0,1957.0,1957.0,1957.0,1957.0,1957.0,1957.0,1957.0,1957.0,1957.0,1957.0,1957.0,1957.0,1957.0,1957.0,7.0,0.7,353.47562,347.0409,340.76268,334.69229,328.85172,323.22829,317.77259,312.40003,306.99608,301.42542,295.54468,289.21749,282.33026,274.80602,266.61359,257.77021,248.33697,238.40868,228.10113,217.5396,198.6581449942177,285.9438516751566,2203.20277,349.1292800000001,1107.25792,10.228290000000015
1958,1958,1958.0,1958.0,1958.0,1958.0,1958.0,1958.0,1958.0,1958.0,1958.0,1958.0,1958.0,1958.0,1958.0,1958.0,1958.0,1958.0,1958.0,1958.0,1958.0,1958.0,1958.0,1958.0,1958.0,1958.0,1958.0,1958.0,1958.0,1958.0,1958.0,1958.0,1958.0,1958.0,1958.0,1958.0,1958.0,1958.0,1958.0,1958.0,1958.0,1958.0,1958.0,1958.0,1958.0,1958.0,1958.0,1958.0,1958.0,1958.0,1958.0,8.0,0.8,220.07303,240.24437,258.0975,272.857,284.11285,291.81614,296.21779,297.776,297.06048,294.67483,291.20713,287.2072,283.18045,279.58544,276.82358,275.21538,274.96535,276.12511,278.56828,281.99083,244.98693158842727,234.6458899305864,2552.33205,329.99537999999984,758.1286399999999,10.228290000000015
1959,1959,1959.0,1959.0,1959.0,1959.0,1959.0,1959.0,1959.0,1959.0,1959.0,1959.0,1959.0,1959.0,1959.0,1959.0,1959.0,1959.0,1959.0,1959.0,1959.0,1959.0,1959.0,1959.0,1959.0,1959.0,1959.0,1959.0,1959.0,1959.0,1959.0,1959.0,1959.0,1959.0,1959.0,1959.0,1959.0,1959.0,1959.0,1959.0,1959.0,1959.0,1959.0,1959.0,1959.0,1959.0,1959.0,1959.0,1959.0,1959.0,1959.0,9.0,0.9,250.59237,256.12285,261.48619,266.56326,271.21046,275.27362,278.60888,281.10289,282.6859,283.33346,283.05678,281.88534,279.84801,276.95954,273.21775,268.61385,263.15362,256.88334,249.91158,242.41826,357.03482144780514,223.7863934608211,2882.32743,428.13326000000006,428.13326000000006,10.228290000000015
1960,1960,1960.0,1960.0,1960.0,1960.0,1960.0,1960.0,1960.0,1960.0,1960.0,1960.0,1960.0,1960.0,1960.0,1960.0,1960.0,1960.0,1960.0,1960.0,1960.0,1960.0,1960.0,1960.0,1960.0,1960.0,1960.0,1960.0,1960.0,1960.0,1960.0,1960.0,1960.0,1960.0,1960.0,1960.0,1960.0,1960.0,1960.0,1960.0,1960.0,1960.0,1960.0,1960.0,1960.0,1960.0,1960.0,1960.0,1960.0,1960.0,1960.0,0.0,0.0,273.0,273.0,273.0,273.0,273.0,273.0,273.0,273.0,273.0,273.0,273.0,273.0,273.0,273.0,273.0,273.0,273.0,273.0,273.0,273.0,304.21837085640846,335.23157565574496,0.0,403.10842,4265.64422,-40.0
1961,1961,1961.0,1961.0,1961.0,1961.0,1961.0,1961.0,1961.0,1961.0,1961.0,1961.0,1961.0,1961.0,1961.0,1961.0,1961.0,1961.0,1961.0,1961.0,1961.0,1961.0,1961.0,1961.0,1961.0,1961.0,1961.0,1961.0,1961.0,1961.0,1961.0,1961.0,1961.0,1961.0,1961.0,1961.0,1961.0,1961.0,1961.0,1961.0,1961.0,1961.0,1961.0,1961.0,1961.0,1961.0,1961.0,1961.0,1961.0,1961.0,1961.0,1.0,0.1,298.89904,293.82359,289.20334,285.19229,281.8757,279.27352,277.35656,276.07092,275.36498,275.21425,275.64005,276.71933,278.58334,281.40354,285.36428,290.62422,297.27209,305.28554,314.50404,324.62557,222.83542708544337,327.8995921749116,403.10842,290.37568,3862.535800000001,-33.72647999999998
1962,1962,1962.0,1962.0,1962.0,1962.0,1962.0,1962.0,1962.0,1962.0,1962.0,1962.0,1962.0,1962.0,1962.0,1962.0,1962.0,1962.0,1962.0,1962.0,1962.0,1962.0,1962.0,1962.0,1962.0,1962.0,1962.0,1962.0,1962.0,1962.0,1962.0,1962.0,1962.0,1962.0,1962.0,1962.0,1962.0,1962.0,1962.0,1962.0,1962.0,1962.0,1962.0,1962.0,1962.0,1962.0,1962.0,1962.0,1962.0,1962.0,1962.0,2.0,0.2,233.03469,242.70786,251.41159,258.84885,264.9004,269.62067,273.20479,275.93881,278.14693,280.14633,282.21512,284.57441,287.38191,290.73354,294.66939,299.18198,304.22509,309.72264,315.57699,321.67614,282.72304201094755,265.9397752831568,693.4841,293.45314,3572.1601200000005,-43.37932999999998
1963,1963,1963.0,1963.0,1963.0,1963.0,1963.0,1963.0,1963.0,1963.0,1963.0,1963.0,1963.0,1963.0,1963.0,1963.0,1963.0,1963.0,1963.0,1963.0,1963.0,1963.0,1963.0,1963.0,1963.0,1963.0,1963.0,1963.0,1963.0,1963.0,1963.0,1963.0,1963.0,1963.0,1963.0,1963.0,1963.0,1963.0,1963.0,1963.0,1963.0,1963.0,1963.0,1963.0,1963.0,1963.0,1963.0,1963.0,1963.0,1963.0,1963.0,3.0,0.3,279.68047,276.95837,274.82673,273.4671,272.95535,273.26639,274.29533,275.88579,277.85576,280.0143,282.16757,284.11682,285.6548,286.5675,286.64691,285.71636,283.66494,280.48278,276.2859,271.32031,247.02726868199545,274.45339062038613,986.93724,334.6726800000001,3278.7069800000004,-39.73361
1964,1964,1964.0,1964.0,1964.0,1964.0,1964.0,1964.0,1964.0,1964.0,1964.0,1964.0,1964.0,1964.0,1964.0,1964.0,1964.0,1964.0,1964.0,1964.0,1964.0,1964.0,1964.0,1964.0,1964.0,1964.0,1964.0,1964.0,1964.0,1964.0,1964.0,1964.0,1964.0,1964.0,1964.0,1964.0,1964.0,1964.0,1964.0,1964.0,1964.0,1964.0,1964.0,1964.0,1964.0,1964.0,1964.0,1964.0,1964.0,1964.0,1964.0,4.0,0.4,251.9349,256.65343,261.02255,264.93186,268.32936,271.2163,273.63179,275.63252,277.2739,278.59684,279.62234,280.35343,280.78219,280.89903,280.70126,280.19906,279.41794,278.39788,277.19034,275.85441,279.08732790418287,227.8338002938177,1321.60992,410.5382,2944.0343000000003,-41.78370000000001
1965,1965,1965.0,1965.0,1965.0,1965.0,1965.0,1965.0,1965.0,1965.0,1965.0,1965.0,1965.0,1965.0,1965.0,1965.0,1965.0,1965.0,1965.0,1965.0,1965.0,1965.0,1965.0,1965.0,1965.0,1965.0,1965.0,1965.0,1965.0,1965.0,1965.0,1965.0,1965.0,1965.0,1965.0,1965.0,1965.0,1965.0,1965.0,1965.0,1965.0,1965.0,1965.0,1965.0,1965.0,1965.0,1965.0,1965.0,1965.0,1965.0,1965.0,5.0,0.5,277.33771,275.76664,274.52191,273.69686,273.31858,273.34868,273.69401,274.22214,274.77629,275.1862,275.27385,274.85575,273.74545,271.76048,268.73677,264.55112,259.14885,252.57017,244.96708,236.60337,286.435362272718,341.2010284184423,1732.14812,448.14088000000015,2533.4961000000003,-39.65132
1966,1966,1966.0,1966.0,1966.0,1966.0,1966.0,1966.0,1966.0,1966.0,1966.0,1966.0,1966.0,1966.0,1966.0,1966.0,1966.0,1966.0,1966.0,1966.0,1966.0,1966.0,1966.0,1966.0,1966.0,1966.0,1966.0,1966.0,1966.0,1966.0,1966.0,1966.0,1966.0,1966.0,1966.0,1966.0,1966.0,1966.0,1966.0,1966.0,1966.0,1966.0,1966.0,1966.0,1966.0,1966.0,1966.0,1966.0,1966.0,1966.0,1966.0,6.0,0.6,284.35128,282.35542,280.52304,278.90651,277.53042,276.39342,275.47686,274.75969,274.23825,273.94854,273.98747,274.52812,275.82286,278.18808,281.96665,287.46902,294.90115,304.29448,315.4573,327.96537,230.24359525816087,349.2879666537266,2180.289,320.57335999999987,2085.35522,-36.60658000000001
1967,1967,1967.0,1967.0,1967.0,1967.0,1967.0,1967.0,1967.0,1967.0,1967.0,1967.0,1967.0,1967.0,1967.0,1967.0,1967.0,1967.0,1967.0,1967.0,1967.0,1967.0,1967.0,1967.0,1967.0,1967.0,1967.0,1967.0,1967.0,1967.0,1967.0,1967.0,1967.0,1967.0,1967.0,1967.0,1967.0,1967.0,1967.0,1967.0,1967.0,1967.0,1967.0,1967.0,1967.0,1967.0,1967.0,1967.0,1967.0,1967.0,1967.0,7.0,0.7,238.33659,246.0385,253.01874,259.05433,264.05469,268.06162,271.22882,273.78942,276.02053,278.21208,280.64316,283.56607,287.19579,291.70198,297.20129,303.74945,311.3338,319.86869,329.19599,339.09297,197.13420430957936,211.85350000323345,2500.86236,361.1890800000001,1764.78186,-44.93838
1968,1968,1968.0,1968.0,1968.0,1968.0,1968.0,1968.0,1968.0,1968.0,1968.0,1968.0,1968.0,1968.0,1968.0,1968.0,1968.0,1968.0,1968.0,1968.0,1968.0,1968.0,1968.0,1968.0,1968.0,1968.0,1968.0,1968.0,1968.0,1968.0,1968.0,1968.0,1968.0,1968.0,1968.0,1968.0,1968.0,1968.0,1968.0,1968.0,1968.0,1968.0,1968.0,1968.0,1968.0,1968.0,1968.0,1968.0,1968.0,1968.0,1968.0,8.0,0.8,208.64461,219.79718,230.27944,239.85972,248.40534,255.88071,262.32678,267.82656,272.46307,276.27631,279.22599,281.1667,281.84265,280.90814,277.97716,272.69975,264.85401,254.43462,241.71377,227.25282,233.52397823685723,215.33568830854315,2862.05144,625.7436699999998,1403.59278,-57.11929000000001
1969,1969,1969.0,1969.0,1969.0,1969.0,1969.0,1969.0,1969.0,1969.0,1969.0,1969.0,1969.0,1969.0,1969.0,1969.0,1969.0,1969.0,1969.0,1969.0,1969.0,1969.0,1969.0,1969.0,1969.0,1969.0,1969.0,1969.0,1969.0,1969.0,1969.0,1969.0,1969.0,1969.0,1969.0,1969.0,1969.0,1969.0,1969.0,1969.0,1969.0,1969.0,1969.0,1969.0,1969.0,1969.0,1969.0,1969.0,1969.0,1969.0,1969.0,9.0,0.9,236.38104,239.35983,242.54837,245.97557,249.59869,253.30518,256.92642,260.25803,263.08136,265.18261,266.36766,266.47299,265.37391,262.99142,259.29831,254.32419,248.15851,240.95039,232.90426,224.27114,241.33620534975563,286.0136285118027,3487.79511,777.8491100000001,777.8491100000001,-59.69481999999999
1970,1970,1970.0,1970.0,1970.0,1970.0,1970.0,1970.0,1970.0,1970.0,1970.0,1970.0,1970.0,1970.0,1970.0,1970.0,1970.0,1970.0,1970.0,1970.0,1970.0,1970.0,1970.0,1970.0,1970.0,1970.0,1970.0,1970.0,1970.0,1970.0,1970.0,1970.0,1970.0,1970.0,1970.0,1970.0,1970.0,1970.0,1970.0,1970.0,1970.0,1970.0,1970.0,1970.0,1970.0,1970.0,1970.0,1970.0,1970.0,1970.0,1970.0,0.0,0.0,273.0,273.0,273.0,273.0,273.0,273.0,273.0,273.0,273.0,273.0,273.0,273.0,273.0,273.0,273.0,273.0,273.0,273.0,273.0,273.0,308.3826123427337,220.8942719109618,0.0,464.34029,5321.55087,-40.0
1971,1971,1971.0,1971.0,1971.0,1971.0,1971.0,1971.0,1971.0,1971.0,1971.0,1971.0,1971.0,1971.0,1971.0,1971.0,1971.0,1971.0,1971.0,1971.0,1971.0,1971.0,1971.0,1971.0,1971.0,1971.0,1971.0,1971.0,1971.0,1971.0,1971.0,1971.0,1971.0,1971.0,1971.0,1971.0,1971.0,1971.0,1971.0,1971.0,1971.0,1971.0,1971.0,1971.0,1971.0,1971.0,1971.0,1971.0,1971.0,1971.0,1971.0,1.0,0.1,302.35066,296.5929,291.3453,286.77586,282.96869,279.92342,277.56659,275.76945,274.36592,273.16625,271.96507,270.54528,268.68184,266.14994,262.74128,258.28907,252.69876,245.97751,238.25343,229.77612,266.8904329517448,275.35798890281933,464.34029,518.45957,4857.21058,-33.07657999999998
1972,1972,1972.0,1972.0,1972.0,1972.0,1972.0,1972.0,1972.0,1972.0,1972.0,1972.0,1972.0,1972.0,1972.0,1972.0,1972.0,1972.0,1972.0,1972.0,1972.0,1972.0,1972.0,1972.0,1972.0,1972.0,1972.0,1972.0,1972.0,1972.0,1972.0,1972.0,1972.0,1972.0,1972.0,1972.0,1972.0,1972.0,1972.0,1972.0,1972.0,1972.0,1972.0,1972.0,1972.0,1972.0,1972.0,1972.0,1972.0,1972.0,1972.0,2.0,0.2,269.60168,272.07238,274.09813,275.53792,276.32618,276.46931,276.03021,275.10783,273.81879,272.2859,270.63531,268.9998,267.52362,266.36312,265.67841,265.61436,266.27342,267.68663,269.79219,272.43018,206.77578736405871,283.9731360836759,982.79986,527.82255,4338.75101,-36.53068999999999
1973,1973,1973.0,1973.0,1973.0,1973.0,1973.0,1973.0,1973.0,1973.0,1973.0,1973.0,1973.0,1973.0,1973.0,1973.0,1973.0,1973.0,1973.0,1973.0,1973.0,1973.0,1973.0,1973.0,1973.0,1973.0,1973.0,1973.0,1973.0,1973.0,1973.0,1973.0,1973.0,1973.0,1973.0,1973.0,1973.0,1973.0,1973.0,1973.0,1973.0,1973.0,1973.0,1973.0,1973.0,1973.0,1973.0,1973.0,1973.0,1973.0,1973.0,3.0,0.3,218.27513,229.23257,239.17701,247.76376,254.80426,260.26727,264.25626,266.9721,268.67202,269.63309,270.1251,270.39336,270.64957,271.0673,271.77937,272.87517,274.39779,276.34203,278.65503,281.24136,195.2596829881459,243.1417730287427,1510.62241,649.4273800000001,3810.92846,-52.73273
1974,1974,1974.0,1974.0,1974.0,1974.0,1974.0,1974.0,1974.0,1974.0,1974.0,1974.0,1974.0,1974.0,1974.0,1974.0,1974.0,1974.0,1974.0,1974.0,1974.0,1974.0,1974.0,1974.0,1974.0,1974.0,1974.0,1974.0,1974.0,1974.0,1974.0,1974.0,1974.0,1974.0,1974.0,1974.0,1974.0,1974.0,1974.0,1974.0,1974.0,1974.0,1974.0,1974.0,1974.0,1974.0,1974.0,1974.0,1974.0,1974.0,1974.0,4.0,0.4,205.23555,214.92845,224.08154,232.4857,239.9933,246.52229,252.0512,256.60656,260.24554,263.03652,265.04068,266.29715,266.81471,266.57208,265.52823,263.64203,260.89794,257.3321,253.05138,248.23879,225.27707562983795,372.4072109831018,2160.04979,765.5362599999999,3161.50108,-66.47771
1975,1975,1975.0,1975.0,1975.0,1975.0,1975.0,1975.0,1975.0,1975.0,1975.0,1975.0,1975.0,1975.0,1975.0,1975.0,1975.0,1975.0,1975.0,1975.0,1975.0,1975.0,1975.0,1975.0,1975.0,1975.0,1975.0,1975.0,1975.0,1975.0,1975.0,1975.0,1975.0,1975.0,1975.0,1975.0,1975.0,1975.0,1975.0,1975.0,1975.0,1975.0,1975.0,1975.0,1975.0,1975.0,1975.0,1975.0,1975.0,1975.0,1975.0,5.0,0.5,228.01961,230.85558,233.85388,237.04155,240.39853,243.86633,247.36867,250.84026,254.25851,257.67354,261.23155,265.18669,269.89597,275.79212,283.33147,292.91934,304.82278,319.08843,335.48766,353.50891,273.2629650511868,355.1220079862293,2925.58605,556.7038400000001,2395.96482,-69.13367
1976,1976,1976.0,1976.0,1976.0,1976.0,1976.0,1976.0,1976.0,1976.0,1976.0,1976.0,1976.0,1976.0,1976.0,1976.0,1976.0,1976.0,1976.0,1976.0,1976.0,1976.0,1976.0,1976.0,1976.0,1976.0,1976.0,1976.0,1976.0,1976.0,1976.0,1976.0,1976.0,1976.0,1976.0,1976.0,1976.0,1976.0,1976.0,1976.0,1976.0,1976.0,1976.0,1976.0,1976.0,1976.0,1976.0,1976.0,1976.0,1976.0,1976.0,6.0,0.6,268.24383,263.62349,259.75092,256.88747,255.18921,254.71106,255.42865,257.26956,260.14468,263.97239,268.69143,274.26214,280.65895,287.85795,295.82433,304.50316,313.81535,323.65884,333.9135,344.44733,317.8787180005315,306.13102153010504,3482.28989,345.8648199999998,1839.26098,-58.28894
1977,1977,1977.0,1977.0,1977.0,1977.0,1977.0,1977.0,1977.0,1977.0,1977.0,1977.0,1977.0,1977.0,1977.0,1977.0,1977.0,1977.0,1977.0,1977.0,1977.0,1977.0,1977.0,1977.0,1977.0,1977.0,1977.0,1977.0,1977.0,1977.0,1977.0,1977.0,1977.0,1977.0,1977.0,1977.0,1977.0,1977.0,1977.0,1977.0,1977.0,1977.0,1977.0,1977.0,1977.0,1977.0,1977.0,1977.0,1977.0,1977.0,1977.0,7.0,0.7,307.9977,298.63613,290.25701,283.22203,277.76613,273.99357,271.89179,271.35574,272.21421,274.25215,277.22574,280.87146,284.91255,289.06794,293.06745,296.67478,299.71578,302.1059,303.86847,305.13613,199.9100992948476,246.80353726615263,3828.15471,318.99379000000044,1493.3961600000002,-39.00643000000002
1978,1978,1978.0,1978.0,1978.0,1978.0,1978.0,1978.0,1978.0,1978.0,1978.0,1978.0,1978.0,1978.0,1978.0,1978.0,1978.0,1978.0,1978.0,1978.0,1978.0,1978.0,1978.0,1978.0,1978.0,1978.0,1978.0,1978.0,1978.0,1978.0,1978.0,1978.0,1978.0,1978.0,1978.0,1978.0,1978.0,1978.0,1978.0,1978.0,1978.0,1978.0,1978.0,1978.0,1978.0,1978.0,1978.0,1978.0,1978.0,1978.0,1978.0,8.0,0.8,213.78103,226.95575,238.84914,249.07061,257.46114,264.07963,269.14783,272.97238,275.86424,278.07198,279.73848,280.88423,281.41545,281.15333,279.87917,277.38947,273.55296,268.35967,261.95142,254.6249,280.5572206857041,195.1880172472637,4147.1485,512.6786199999997,1174.4023699999998,-48.92036999999999
1979,1979,1979.0,1979.0,1979.0,1979.0,1979.0,1979.0,1979.0,1979.0,1979.0,1979.0,1979.0,1979.0,1979.0,1979.0,1979.0,1979.0,1979.0,1979.0,1979.0,1979.0,1979.0,1979.0,1979.0,1979.0,1979.0,1979.0,1979.0,1979.0,1979.0,1979.0,1979.0,1979.0,1979.0,1979.0,1979.0,1979.0,1979.0,1979.0,1979.0,1979.0,1979.0,1979.0,1979.0,1979.0,1979.0,1979.0,1979.0,1979.0,1979.0,9.0,0.9,276.53026,272.90554,270.01343,268.05782,267.09027,267.01488,267.61724,268.60525,269.64937,270.41324,270.57175,269.81894,267.87198,264.47825,259.43071,252.59312,243.9313,233.54272,221.67434,208.71925,274.5901955702425,239.44189793587424,4659.82712,661.7237500000001,661.7237500000001,-45.98512
1980,1980,1980.0,1980.0,1980.0,1980.0,1980.0,1980.0,1980.0,1980.0,1980.0,1980.0,1980.0,1980.0,1980.0,1980.0,1980.0,1980.0,1980.0,1980.0,1980.0,1980.0,1980.0,1980.0,1980.0,1980.0,1980.0,1980.0,1980.0,1980.0,1980.0,1980.0,1980.0,1980.0,1980.0,1980.0,1980.0,1980.0,1980.0,1980.0,1980.0,1980.0,1980.0,1980.0,1980.0,1980.0,1980.0,1980.0,1980.0,1980.0,1980.0,0.0,0.0,273.0,273.0,273.0,273.0,273.0,273.0,273.0,273.0,273.0,273.0,273.0,273.0,273.0,273.0,273.0,273.0,273.0,273.0,273.0,273.0,343.1201612691116,209.26565392636417,0.0,461.08856,5657.62026,-40.0
1981,1981,1981.0,1981.0,1981.0,1981.0,1981.0,1981.0,1981.0,1981.0,1981.0,1981.0,1981.0,1981.0,1981.0,1981.0,1981.0,1981.0,1981.0,1981.0,1981.0,1981.0,1981.0,1981.0,1981.0,1981.0,1981.0,1981.0,1981.0,1981.0,1981.0,1981.0,1981.0,1981.0,1981.0,1981.0,1981.0,1981.0,1981.0,1981.0,1981.0,1981.0,1981.0,1981.0,1981.0,1981.0,1981.0,1981.0,1981.0,1981.0,1981.0,1.0,0.1,331.16718,319.75831,309.36236,300.31435,292.78499,286.78091,282.16956,278.71761,276.1306,274.08473,272.24697,270.28516,267.87378,264.7024,260.4927,255.02587,248.17741,239.95107,230.50078,220.13038,297.31878160775017,202.92574882871128,461.08856,553.39805,5196.5317,-26.219089999999994
1982,1982,1982.0,1982.0,1982.0,1982.0,1982.0,1982.0,1982.0,1982.0,1982.0,1982.0,1982.0,1982.0,1982.0,1982.0,1982.0,1982.0,1982.0,1982.0,1982.0,1982.0,1982.0,1982.0,1982.0,1982.0,1982.0,1982.0,1982.0,1982.0,1982.0,1982.0,1982.0,1982.0,1982.0,1982.0,1982.0,1982.0,1982.0,1982.0,1982.0,1982.0,1982.0,1982.0,1982.0,1982.0,1982.0,1982.0,1982.0,1982.0,1982.0,2.0,0.2,296.54509,295.58871,294.30029,292.58685,290.41977,287.82598,284.86623,281.60818,278.10168,274.36186,270.36268,266.0409,261.30807,256.0676,250.23364,243.74901,236.5998,228.82475,220.51791,211.82386,318.5692612967164,282.4486873999956,1014.48661,599.3947099999999,4643.13365,-25.174019999999985
1983,1983,1983.0,1983.0,1983.0,1983.0,1983.0,1983.0,1983.0,1983.0,1983.0,1983.0,1983.0,1983.0,1983.0,1983.0,1983.0,1983.0,1983.0,1983.0,1983.0,1983.0,1983.0,1983.0,1983.0,1983.0,1983.0,1983.0,1983.0,1983.0,1983.0,1983.0,1983.0,1983.0,1983.0,1983.0,1983.0,1983.0,1983.0,1983.0,1983.0,1983.0,1983.0,1983.0,1983.0,1983.0,1983.0,1983.0,1983.0,1983.0,1983.0,3.0,0.3,313.11242,307.76168,302.60418,297.69419,293.0476,288.64611,284.44983,280.41573,276.51841,272.77024,269.2376,266.05021,263.40013,261.52708,260.68833,261.11424,262.95567,266.23389,270.80654,276.36203,274.049737875608,326.2715661082309,1613.88132,445.8818900000001,4043.73894,-24.35388999999998
1984,1984,1984.0,1984.0,1984.0,1984.0,1984.0,1984.0,1984.0,1984.0,1984.0,1984.0,1984.0,1984.0,1984.0,1984.0,1984.0,1984.0,1984.0,1984.0,1984.0,1984.0,1984.0,1984.0,1984.0,1984.0,1984.0,1984.0,1984.0,1984.0,1984.0,1984.0,1984.0,1984.0,1984.0,1984.0,1984.0,1984.0,1984.0,1984.0,1984.0,1984.0,1984.0,1984.0,1984.0,1984.0,1984.0,1984.0,1984.0,1984.0,1984.0,4.0,0.4,276.81234,279.27009,281.1656,282.32608,282.68331,282.27479,281.22973,279.74655,278.0693,276.46787,275.22406,274.6218,274.93786,276.42876,279.31093,283.73379,289.74962,297.28664,306.13409,315.94663,209.55371951409265,227.6671305606341,2059.76321,385.0684299999998,3597.85705,-30.725210000000004
1985,1985,1985.0,1985.0,1985.0,1985.0,1985.0,1985.0,1985.0,1985.0,1985.0,1985.0,1985.0,1985.0,1985.0,1985.0,1985.0,1985.0,1985.0,1985.0,1985.0,1985.0,1985.0,1985.0,1985.0,1985.0,1985.0,1985.0,1985.0,1985.0,1985.0,1985.0,1985.0,1985.0,1985.0,1985.0,1985.0,1985.0,1985.0,1985.0,1985.0,1985.0,1985.0,1985.0,1985.0,1985.0,1985.0,1985.0,1985.0,1985.0,1985.0,5.0,0.5,221.61988,233.11667,243.55257,252.57465,260.00009,265.8145,270.14134,273.19204,275.20818,276.40619,276.93239,276.83358,276.04729,274.4141,271.71298,267.71672,262.25924,255.30113,246.9765,237.60585,183.36160820406147,347.6126679412601,2444.83164,561.9226200000003,3212.78862,-47.18549999999999
1986,1986,1986.0,1986.0,1986.0,1986.0,1986.0,1986.0,1986.0,1986.0,1986.0,1986.0,1986.0,1986.0,1986.0,1986.0,1986.0,1986.0,1986.0,1986.0,1986.0,1986.0,1986.0,1986.0,1986.0,1986.0,1986.0,1986.0,1986.0,1986.0,1986.0,1986.0,1986.0,1986.0,1986.0,1986.0,1986.0,1986.0,1986.0,1986.0,1986.0,1986.0,1986.0,1986.0,1986.0,1986.0,1986.0,1986.0,1986.0,1986.0,1986.0,6.0,0.6,196.25117,208.72872,220.42354,231.03997,240.37843,248.34257,254.93504,260.24711,264.44789,267.77698,270.54137,273.11339,275.92346,279.43991,284.13014,290.40233,298.53474,308.60741,320.45581,333.66483,200.36996049534164,251.92701865504324,3006.75426,631.38141,2650.8659999999995,-64.65743
1987,1987,1987.0,1987.0,1987.0,1987.0,1987.0,1987.0,1987.0,1987.0,1987.0,1987.0,1987.0,1987.0,1987.0,1987.0,1987.0,1987.0,1987.0,1987.0,1987.0,1987.0,1987.0,1987.0,1987.0,1987.0,1987.0,1987.0,1987.0,1987.0,1987.0,1987.0,1987.0,1987.0,1987.0,1987.0,1987.0,1987.0,1987.0,1987.0,1987.0,1987.0,1987.0,1987.0,1987.0,1987.0,1987.0,1987.0,1987.0,1987.0,1987.0,7.0,0.7,207.4547,214.50097,221.4646,228.29248,234.92368,241.29432,247.3437,253.01804,258.269,263.04529,267.27888,270.86963,273.67474,275.51035,276.17058,275.46524,273.27075,269.58298,264.55653,258.51563,247.2752025720281,195.1363973975261,3638.13567,794.0740000000001,2019.48459,-71.70568
1988,1988,1988.0,1988.0,1988.0,1988.0,1988.0,1988.0,1988.0,1988.0,1988.0,1988.0,1988.0,1988.0,1988.0,1988.0,1988.0,1988.0,1988.0,1988.0,1988.0,1988.0,1988.0,1988.0,1988.0,1988.0,1988.0,1988.0,1988.0,1988.0,1988.0,1988.0,1988.0,1988.0,1988.0,1988.0,1988.0,1988.0,1988.0,1988.0,1988.0,1988.0,1988.0,1988.0,1988.0,1988.0,1988.0,1988.0,1988.0,1988.0,1988.0,8.0,0.8,245.82817,244.69021,244.11907,244.28106,245.22952,246.90387,249.14495,251.71962,254.3464,256.71664,258.50921,259.40054,259.07449,257.2372,253.64065,248.11524,240.60714,231.21193,220.19397,207.98202,331.5678374616481,366.91606431061166,4432.20967,807.0473899999997,1225.4105899999995,-66.09612999999999
1989,1989,1989.0,1989.0,1989.0,1989.0,1989.0,1989.0,1989.0,1989.0,1989.0,1989.0,1989.0,1989.0,1989.0,1989.0,1989.0,1989.0,1989.0,1989.0,1989.0,1989.0,1989.0,1989.0,1989.0,1989.0,1989.0,1989.0,1989.0,1989.0,1989.0,1989.0,1989.0,1989.0,1989.0,1989.0,1989.0,1989.0,1989.0,1989.0,1989.0,1989.0,1989.0,1989.0,1989.0,1989.0,1989.0,1989.0,1989.0,1989.0,1989.0,9.0,0.9,317.36321,303.86887,291.69623,281.2813,272.84616,266.40388,261.80139,258.78799,257.09454,256.50947,256.94059,258.45414,261.28402,265.80539,272.47062,281.71172,293.82337,308.85043,326.50943,346.17092,361.3202468376874,319.4869074452,5239.25706,418.3631999999998,418.3631999999998,-46.59611999999999
1990,1990,1990.0,1990.0,1990.0,1990.0,1990.0,1990.0,1990.0,1990.0,1990.0,1990.0,1990.0,1990.0,1990.0,1990.0,1990.0,1990.0,1990.0,1990.0,1990.0,1990.0,1990.0,1990.0,1990.0,1990.0,1990.0,1990.0,1990.0,1990.0,1990.0,1990.0,1990.0,1990.0,1990.0,1990.0,1990.0,1990.0,1990.0,1990.0,1990.0,1990.0,1990.0,1990.0,1990.0,1990.0,1990.0,1990.0,1990.0,1990.0,1990.0,0.0,0.0,273.0,273.0,273.0,273.0,273.0,273.0,273.0,273.0,273.0,273.0,273.0,273.0,273.0,273.0,273.0,273.0,273.0,273.0,273.0,273.0,359.12244668623646,370.5994875224893,0.0,372.30809,2675.3022100000003,2.330750000000023
1991,1991,1991.0,1991.0,1991.0,1991.0,1991.0,1991.0,1991.0,1991.0,1991.0,1991.0,1991.0,1991.0,1991.0,1991.0,1991.0,1991.0,1991.0,1991.0,1991.0,1991.0,1991.0,1991.0,1991.0,1991.0,1991.0,1991.0,1991.0,1991.0,1991.0,1991.0,1991.0,1991.0,1991.0,1991.0,1991.0,1991.0,1991.0,1991.0,1991.0,1991.0,1991.0,1991.0,1991.0,1991.0,1991.0,1991.0,1991.0,1991.0,1991.0,1.0,0.1,344.44599,330.44103,317.68843,306.60911,297.43064,290.19407,284.79447,281.04228,278.73019,277.69284,277.85041,279.2314,281.97206,286.29215,292.44809,300.66821,311.07947,323.63994,338.0942,353.96657,215.68020669366555,304.58809614125875,372.30809,193.35051,2302.9941200000003,2.330750000000023
1992,1992,1992.0,1992.0,1992.0,1992.0,1992.0,1992.0,1992.0,1992.0,1992.0,1992.0,1992.0,1992.0,1992.0,1992.0,1992.0,1992.0,1992.0,1992.0,1992.0,1992.0,1992.0,1992.0,1992.0,1992.0,1992.0,1992.0,1992.0,1992.0,1992.0,1992.0,1992.0,1992.0,1992.0,1992.0,1992.0,1992.0,1992.0,1992.0,1992.0,1992.0,1992.0,1992.0,1992.0,1992.0,1992.0,1992.0,1992.0,1992.0,1992.0,2.0,0.2,229.87696,243.22776,255.02561,264.80811,272.40721,277.93735,281.73344,284.2599,286.01469,287.44697,288.89941,290.57797,292.54742,294.74848,297.03211,299.20592,301.08616,302.54652,303.55349,304.17935,339.83303392602687,224.15199998042303,565.6586,234.45507,2109.64361,2.330750000000023
1993,1993,1993.0,1993.0,1993.0,1993.0,1993.0,1993.0,1993.0,1993.0,1993.0,1993.0,1993.0,1993.0,1993.0,1993.0,1993.0,1993.0,1993.0,1993.0,1993.0,1993.0,1993.0,1993.0,1993.0,1993.0,1993.0,1993.0,1993.0,1993.0,1993.0,1993.0,1993.0,1993.0,1993.0,1993.0,1993.0,1993.0,1993.0,1993.0,1993.0,1993.0,1993.0,1993.0,1993.0,1993.0,1993.0,1993.0,1993.0,1993.0,1993.0,3.0,0.3,328.05962,317.01879,307.33051,299.41643,293.45909,289.40921,287.03063,285.96369,285.78715,286.06439,286.36856,286.29058,285.43949,283.44667,279.98304,274.79211,267.73474,258.83396,248.3049,236.55568,299.76586937032374,297.3020114561342,800.11367,285.3432700000001,1875.18854,2.330750000000023
1994,1994,1994.0,1994.0,1994.0,1994.0,1994.0,1994.0,1994.0,1994.0,1994.0,1994.0,1994.0,1994.0,1994.0,1994.0,1994.0,1994.0,1994.0,1994.0,1994.0,1994.0,1994.0,1994.0,1994.0,1994.0,1994.0,1994.0,1994.0,1994.0,1994.0,1994.0,1994.0,1994.0,1994.0,1994.0,1994.0,1994.0,1994.0,1994.0,1994.0,1994.0,1994.0,1994.0,1994.0,1994.0,1994.0,1994.0,1994.0,1994.0,1994.0,4.0,0.4,299.13275,298.39767,297.48141,296.34315,294.98464,293.44291,291.77561,290.04568,288.3113,286.62526,285.04337,283.63831,282.51245,281.80219,281.66839,282.27093,283.73113,286.09114,289.28266,293.11686,361.87747338152826,252.73400555298053,1085.45694,261.3726999999999,1589.8452699999998,2.330750000000023
1995,1995,1995.0,1995.0,1995.0,1995.0,1995.0,1995.0,1995.0,1995.0,1995.0,1995.0,1995.0,1995.0,1995.0,1995.0,1995.0,1995.0,1995.0,1995.0,1995.0,1995.0,1995.0,1995.0,1995.0,1995.0,1995.0,1995.0,1995.0,1995.0,1995.0,1995.0,1995.0,1995.0,1995.0,1995.0,1995.0,1995.0,1995.0,1995.0,1995.0,1995.0,1995.0,1995.0,1995.0,1995.0,1995.0,1995.0,1995.0,1995.0,1995.0,5.0,0.5,350.18389,338.95816,328.60473,319.41588,311.5471,305.01926,299.74214,295.54922,292.23297,289.57253,287.3499,285.35589,283.39032,281.26209,278.79461,275.83866,272.29181,268.11921,263.36862,258.17263,364.5289640002538,277.59229887194533,1346.82964,277.7660500000002,1328.47257,2.330750000000023
1996,1996,1996.0,1996.0,1996.0,1996.0,1996.0,1996.0,1996.0,1996.0,1996.0,1996.0,1996.0,1996.0,1996.0,1996.0,1996.0,1996.0,1996.0,1996.0,1996.0,1996.0,1996.0,1996.0,1996.0,1996.0,1996.0,1996.0,1996.0,1996.0,1996.0,1996.0,1996.0,1996.0,1996.0,1996.0,1996.0,1996.0,1996.0,1996.0,1996.0,1996.0,1996.0,1996.0,1996.0,1996.0,1996.0,1996.0,1996.0,1996.0,1996.0,6.0,0.6,355.37152,346.40006,337.7857,329.67187,322.16513,315.33075,309.19317,303.74103,298.93595,294.72353,291.04539,287.85006,285.10105,282.78021,280.88508,279.42024,278.38418,277.75496,277.47874,277.46521,263.08138718134705,281.45168401076063,1624.59569,235.49606,1050.7065199999995,2.330750000000023
1997,1997,1997.0,1997.0,1997.0,1997.0,1997.0,1997.0,1997.0,1997.0,1997.0,1997.0,1997.0,1997.0,1997.0,1997.0,1997.0,1997.0,1997.0,1997.0,1997.0,1997.0,1997.0,1997.0,1997.0,1997.0,1997.0,1997.0,1997.0,1997.0,1997.0,1997.0,1997.0,1997.0,1997.0,1997.0,1997.0,1997.0,1997.0,1997.0,1997.0,1997.0,1997.0,1997.0,1997.0,1997.0,1997.0,1997.0,1997.0,1997.0,1997.0,7.0,0.7,272.6482,281.5231,289.11786,295.02746,299.06893,301.27572,301.85548,301.12748,299.45694,297.20017,294.66774,292.10635,289.69572,287.55465,285.75092,284.31102,283.22803,282.46736,281.97114,281.66267,362.93928560334905,210.7196446409717,1860.09175,233.7166699999998,815.2104599999998,2.330750000000023
1998,1998,1998.0,1998.0,1998.0,1998.0,1998.0,1998.0,1998.0,1998.0,1998.0,1998.0,1998.0,1998.0,1998.0,1998.0,1998.0,1998.0,1998.0,1998.0,1998.0,1998.0,1998.0,1998.0,1998.0,1998.0,1998.0,1998.0,1998.0,1998.0,1998.0,1998.0,1998.0,1998.0,1998.0,1998.0,1998.0,1998.0,1998.0,1998.0,1998.0,1998.0,1998.0,1998.0,1998.0,1998.0,1998.0,1998.0,1998.0,1998.0,1998.0,8.0,0.8,351.32054,340.26266,330.23683,321.5572,314.34942,308.55803,303.98414,300.33763,297.28751,294.49864,291.65056,288.4413,284.58438,279.80885,273.87008,266.57463,257.81574,247.61052,236.12573,223.68057,191.9771764514692,345.6133769422378,2093.80842,285.6509100000003,581.49379,2.330750000000023
1999,1999,1999.0,1999.0,1999.0,1999.0,1999.0,1999.0,1999.0,1999.0,1999.0,1999.0,1999.0,1999.0,1999.0,1999.0,1999.0,1999.0,1999.0,1999.0,1999.0,1999.0,1999.0,1999.0,1999.0,1999.0,1999.0,1999.0,1999.0,1999.0,1999.0,1999.0,1999.0,1999.0,1999.0,1999.0,1999.0,1999.0,1999.0,1999.0,1999.0,1999.0,1999.0,1999.0,1999.0,1999.0,1999.0,1999.0,1999.0,1999.0,1999.0,9.0,0.9,212.72924,232.30576,249.69886,264.19679,275.44712,283.44919,288.49057,291.05476,291.72945,291.13677,289.8943,288.6026,287.84535,288.18521,290.14098,294.14027,300.45308,309.12299,319.91894,332.32976,188.67281301836985,244.57265980995905,2379.45933,295.8428799999997,295.8428799999997,2.330750000000023
2000,2000,2000.0,2000.0,2000.0,2000.0,2000.0,2000.0,2000.0,2000.0,2000.0,2000.0,2000.0,2000.0,2000.0,2000.0,2000.0,2000.0,2000.0,2000.0,2000.0,2000.0,2000.0,2000.0,2000.0,2000.0,2000.0,2000.0,2000.0,2000.0,2000.0,2000.0,2000.0,2000.0,2000.0,2000.0,2000.0,2000.0,2000.0,2000.0,2000.0,2000.0,2000.0,2000.0,2000.0,2000.0,2000.0,2000.0,2000.0,2000.0,2000.0,0.0,0.0,273.0,273.0,273.0,273.0,273.0,273.0,273.0,273.0,273.0,273.0,273.0,273.0,273.0,273.0,273.0,273.0,273.0,273.0,273.0,273.0,311.54097519077675,315.29359692507285,0.0,409.65932,4738.93147,-40.0
2001,2001,2001.0,2001.0,2001.0,2001.0,2001.0,2001.0,2001.0,2001.0,2001.0,2001.0,2001.0,2001.0,2001.0,2001.0,2001.0,2001.0,2001.0,2001.0,2001.0,2001.0,2001.0,2001.0,2001.0,2001.0,2001.0,2001.0,2001.0,2001.0,2001.0,2001.0,2001.0,2001.0,2001.0,2001.0,2001.0,2001.0,2001.0,2001.0,2001.0,2001.0,2001.0,2001.0,2001.0,2001.0,2001.0,2001.0,2001.0,2001.0,2001.0,1.0,0.1,304.97296,298.70547,292.99842,288.04007,283.93207,280.69252,278.27402,276.59101,275.54949,275.07365,275.12517,275.71337,276.89501,278.76372,281.42952,284.99066,289.50173,294.94436,301.2078,308.08588,301.64724383217174,283.64900203866733,409.65932,303.62845000000004,4329.27215,-32.30748
2002,2002,2002.0,2002.0,2002.0,2002.0,2002.0,2002.0,2002.0,2002.0,2002.0,2002.0,2002.0,2002.0,2002.0,2002.0,2002.0,2002.0,2002.0,2002.0,2002.0,2002.0,2002.0,2002.0,2002.0,2002.0,2002.0,2002.0,2002.0,2002.0,2002.0,2002.0,2002.0,2002.0,2002.0,2002.0,2002.0,2002.0,2002.0,2002.0,2002.0,2002.0,2002.0,2002.0,2002.0,2002.0,2002.0,2002.0,2002.0,2002.0,2002.0,2.0,0.2,298.74338,295.88271,293.11275,290.48792,288.06925,285.92102,284.10492,282.67286,281.65962,281.07626,280.90494,281.09621,281.56951,282.21829,282.92044,283.55401,284.01637,284.24299,284.22106,283.99323,317.8033212655971,253.35080828607045,713.28777,289.0463199999999,4025.6437,-27.07898
2003,2003,2003.0,2003.0,2003.0,2003.0,2003.0,2003.0,2003.0,2003.0,2003.0,2003.0,2003.0,2003.0,2003.0,2003.0,2003.0,2003.0,2003.0,2003.0,2003.0,2003.0,2003.0,2003.0,2003.0,2003.0,2003.0,2003.0,2003.0,2003.0,2003.0,2003.0,2003.0,2003.0,2003.0,2003.0,2003.0,2003.0,2003.0,2003.0,2003.0,2003.0,2003.0,2003.0,2003.0,2003.0,2003.0,2003.0,2003.0,2003.0,2003.0,3.0,0.3,312.67458,307.71648,303.0808,298.88529,295.20479,292.06905,289.46599,287.34795,285.63813,284.23567,283.01899,281.84838,280.57007,279.02405,277.05722,274.54164,271.39576,267.60384,263.22819,258.40923,183.6823463089831,273.78499919957017,1002.33409,346.11920999999995,3736.59738,-20.93095
2004,2004,2004.0,2004.0,2004.0,2004.0,2004.0,2004.0,2004.0,2004.0,2004.0,2004.0,2004.0,2004.0,2004.0,2004.0,2004.0,2004.0,2004.0,2004.0,2004.0,2004.0,2004.0,2004.0,2004.0,2004.0,2004.0,2004.0,2004.0,2004.0,2004.0,2004.0,2004.0,2004.0,2004.0,2004.0,2004.0,2004.0,2004.0,2004.0,2004.0,2004.0,2004.0,2004.0,2004.0,2004.0,2004.0,2004.0,2004.0,2004.0,2004.0,4.0,0.4,202.57741,220.4957,236.59808,250.28875,261.26703,269.5204,275.26952,278.88658,280.81043,281.47665,281.27226,280.51538,279.45421,278.27662,277.12223,276.09133,275.24856,274.62254,274.2045,273.94983,226.26718183477183,193.4777183433048,1348.4533,523.22639,3390.4781700000003,-43.479600000000005
2005,2005,2005.0,2005.0,2005.0,2005.0,2005.0,2005.0,2005.0,2005.0,2005.0,2005.0,2005.0,2005.0,2005.0,2005.0,2005.0,2005.0,2005.0,2005.0,2005.0,2005.0,2005.0,2005.0,2005.0,2005.0,2005.0,2005.0,2005.0,2005.0,2005.0,2005.0,2005.0,2005.0,2005.0,2005.0,2005.0,2005.0,2005.0,2005.0,2005.0,2005.0,2005.0,2005.0,2005.0,2005.0,2005.0,2005.0,2005.0,2005.0,2005.0,5.0,0.5,231.76336,237.25146,242.70147,248.04648,253.17954,257.96182,262.2378,265.85093,268.65363,270.50826,271.27966,270.8237,268.97898,265.56904,260.42054,253.39817,244.45109,233.65961,221.26791,207.68939,239.5939182362841,230.5990474213881,1871.67969,767.7227400000002,2867.2517800000005,-55.03818000000001
2006,2006,2006.0,2006.0,2006.0,2006.0,2006.0,2006.0,2006.0,2006.0,2006.0,2006.0,2006.0,2006.0,2006.0,2006.0,2006.0,2006.0,2006.0,2006.0,2006.0,2006.0,2006.0,2006.0,2006.0,2006.0,2006.0,2006.0,2006.0,2006.0,2006.0,2006.0,2006.0,2006.0,2006.0,2006.0,2006.0,2006.0,2006.0,2006.0,2006.0,2006.0,2006.0,2006.0,2006.0,2006.0,2006.0,2006.0,2006.0,2006.0,2006.0,6.0,0.6,242.147,244.71727,247.30589,249.88566,252.3952,254.74037,256.8025,258.45133,259.56063,260.02411,259.7698,258.77114,257.05306,254.69127,251.80363,248.53374,245.02886,241.41661,237.78628,234.18034,314.2381778748271,343.6068703447601,2639.40243,765.8684899999998,2099.5290400000004,-58.25962999999999
2007,2007,2007.0,2007.0,2007.0,2007.0,2007.0,2007.0,2007.0,2007.0,2007.0,2007.0,2007.0,2007.0,2007.0,2007.0,2007.0,2007.0,2007.0,2007.0,2007.0,2007.0,2007.0,2007.0,2007.0,2007.0,2007.0,2007.0,2007.0,2007.0,2007.0,2007.0,2007.0,2007.0,2007.0,2007.0,2007.0,2007.0,2007.0,2007.0,2007.0,2007.0,2007.0,2007.0,2007.0,2007.0,2007.0,2007.0,2007.0,2007.0,2007.0,7.0,0.7,303.77478,293.8466,284.90956,277.27991,271.10605,266.37647,262.95837,260.65567,259.27295,258.6735,258.82265,259.81085,261.85244,265.25835,270.38281,277.54878,286.96275,298.6359,312.33156,327.55681,327.10014941070244,280.15810171204527,3405.27092,474.9193,1333.6605500000005,-46.62353000000002
2008,2008,2008.0,2008.0,2008.0,2008.0,2008.0,2008.0,2008.0,2008.0,2008.0,2008.0,2008.0,2008.0,2008.0,2008.0,2008.0,2008.0,2008.0,2008.0,2008.0,2008.0,2008.0,2008.0,2008.0,2008.0,2008.0,2008.0,2008.0,2008.0,2008.0,2008.0,2008.0,2008.0,2008.0,2008.0,2008.0,2008.0,2008.0,2008.0,2008.0,2008.0,2008.0,2008.0,2008.0,2008.0,2008.0,2008.0,2008.0,2008.0,2008.0,8.0,0.8,317.80412,308.80495,300.37551,292.74517,286.0877,280.51753,276.09285,272.82254,270.67336,269.57456,269.41901,270.06186,271.32,272.97674,274.79538,276.54325,278.02367,279.10923,279.76673,280.06471,232.68825322982096,281.0343468485687,3880.19022,407.83498999999983,858.7412500000005,-32.48246999999998
2009,2009,2009.0,2009.0,2009.0,2009.0,2009.0,2009.0,2009.0,2009.0,2009.0,2009.0,2009.0,2009.0,2009.0,2009.0,2009.0,2009.0,2009.0,2009.0,2009.0,2009.0,2009.0,2009.0,2009.0,2009.0,2009.0,2009.0,2009.0,2009.0,2009.0,2009.0,2009.0,2009.0,2009.0,2009.0,2009.0,2009.0,2009.0,2009.0,2009.0,2009.0,2009.0,2009.0,2009.0,2009.0,2009.0,2009.0,2009.0,2009.0,2009.0,9.0,0.9,241.80178,250.3384,257.81393,263.90735,268.49368,271.63568,273.54233,274.50876,274.85434,274.87203,274.79588,274.7877,274.93921,275.28441,275.81644,276.50471,277.30936,278.19165,279.12009,280.0724,321.4266815958915,218.193520908228,4288.02521,450.9062600000007,450.9062600000007,-41.36432000000002
2010,2010,2010.0,2010.0,2010.0,2010.0,2010.0,2010.0,2010.0,2010.0,2010.0,2010.0,2010.0,2010.0,2010.0,2010.0,2010.0,2010.0,2010.0,2010.0,2010.0,2010.0,2010.0,2010.0,2010.0,2010.0,2010.0,2010.0,2010.0,2010.0,2010.0,2010.0,2010.0,2010.0,2010.0,2010.0,2010.0,2010.0,2010.0,2010.0,2010.0,2010.0,2010.0,2010.0,2010.0,2010.0,2010.0,2010.0,2010.0,2010.0,2010.0,0.0,0.0,273.0,273.0,273.0,273.0,273.0,273.0,273.0,273.0,273.0,273.0,273.0,273.0,273.0,273.0,273.0,273.0,273.0,273.0,273.0,273.0,359.9430707562008,176.70287207981912,0.0,479.97314,3897.5251600000006,-40.0
2011,2011,2011.0,2011.0,2011.0,2011.0,2011.0,2011.0,2011.0,2011.0,2011.0,2011.0,2011.0,2011.0,2011.0,2011.0,2011.0,2011.0,2011.0,2011.0,2011.0,2011.0,2011.0,2011.0,2011.0,2011.0,2011.0,2011.0,2011.0,2011.0,2011.0,2011.0,2011.0,2011.0,2011.0,2011.0,2011.0,2011.0,2011.0,2011.0,2011.0,2011.0,2011.0,2011.0,2011.0,2011.0,2011.0,2011.0,2011.0,2011.0,2011.0,1.0,0.1,345.12194,330.97515,318.08351,306.86146,297.51891,290.06084,284.31721,279.9892,276.69655,274.01496,271.49916,268.69444,265.14453,260.40553,254.07356,245.82852,235.48858,223.06292,208.78606,193.11809,272.74449487404075,208.5692821036837,479.97314,625.29322,3417.5520200000005,-22.93916000000001
2012,2012,2012.0,2012.0,2012.0,2012.0,2012.0,2012.0,2012.0,2012.0,2012.0,2012.0,2012.0,2012.0,2012.0,2012.0,2012.0,2012.0,2012.0,2012.0,2012.0,2012.0,2012.0,2012.0,2012.0,2012.0,2012.0,2012.0,2012.0,2012.0,2012.0,2012.0,2012.0,2012.0,2012.0,2012.0,2012.0,2012.0,2012.0,2012.0,2012.0,2012.0,2012.0,2012.0,2012.0,2012.0,2012.0,2012.0,2012.0,2012.0,2012.0,2.0,0.2,276.94073,280.66921,283.53535,285.27185,285.76134,285.02516,283.18626,280.42004,276.90784,272.80423,268.22259,263.23773,257.89956,252.25019,246.33734,240.21971,233.96338,227.63175,221.27409,214.91795,285.6830789782461,353.15720804128034,1105.26636,620.5024799999999,2792.2588000000005,-27.97483999999997
2013,2013,2013.0,2013.0,2013.0,2013.0,2013.0,2013.0,2013.0,2013.0,2013.0,2013.0,2013.0,2013.0,2013.0,2013.0,2013.0,2013.0,2013.0,2013.0,2013.0,2013.0,2013.0,2013.0,2013.0,2013.0,2013.0,2013.0,2013.0,2013.0,2013.0,2013.0,2013.0,2013.0,2013.0,2013.0,2013.0,2013.0,2013.0,2013.0,2013.0,2013.0,2013.0,2013.0,2013.0,2013.0,2013.0,2013.0,2013.0,2013.0,2013.0,3.0,0.3,284.82651,283.91645,282.89767,281.71386,280.31249,278.6546,276.72898,274.56981,272.27604,270.03017,268.113,266.90918,266.8969,268.61499,272.60348,279.31947,289.03981,301.77016,317.18578,334.62645,295.6449992346289,364.9113172436596,1725.76884,348.99079000000006,2171.7563200000004,-34.345399999999984
2014,2014,2014.0,2014.0,2014.0,2014.0,2014.0,2014.0,2014.0,2014.0,2014.0,2014.0,2014.0,2014.0,2014.0,2014.0,2014.0,2014.0,2014.0,2014.0,2014.0,2014.0,2014.0,2014.0,2014.0,2014.0,2014.0,2014.0,2014.0,2014.0,2014.0,2014.0,2014.0,2014.0,2014.0,2014.0,2014.0,2014.0,2014.0,2014.0,2014.0,2014.0,2014.0,2014.0,2014.0,2014.0,2014.0,2014.0,2014.0,2014.0,2014.0,4.0,0.4,292.69981,289.82691,287.0945,284.56482,282.29616,280.34873,278.79309,277.71907,277.24254,277.50799,278.68532,280.96033,284.51917,289.52765,296.1076,304.3128,314.10808,325.35548,337.81102,351.13428,174.52800279232756,222.35077933017547,2074.75963,282.23896000000013,1822.76553,-32.65127000000001
2015,2015,2015.0,2015.0,2015.0,2015.0,2015.0,2015.0,2015.0,2015.0,2015.0,2015.0,2015.0,2015.0,2015.0,2015.0,2015.0,2015.0,2015.0,2015.0,2015.0,2015.0,2015.0,2015.0,2015.0,2015.0,2015.0,2015.0,2015.0,2015.0,2015.0,2015.0,2015.0,2015.0,2015.0,2015.0,2015.0,2015.0,2015.0,2015.0,2015.0,2015.0,2015.0,2015.0,2015.0,2015.0,2015.0,2015.0,2015.0,2015.0,2015.0,5.0,0.5,192.99047,210.58577,226.57549,240.44865,251.96943,261.16791,268.28257,273.67255,277.72077,280.74594,282.93595,284.30983,284.71234,283.84267,281.31637,276.75487,269.88948,260.65974,249.28122,236.26115,352.6397440219013,299.8267857693679,2356.99859,436.03548999999975,1540.52657,-51.83209
2016,2016,2016.0,2016.0,2016.0,2016.0,2016.0,2016.0,2016.0,2016.0,2016.0,2016.0,2016.0,2016.0,2016.0,2016.0,2016.0,2016.0,2016.0,2016.0,2016.0,2016.0,2016.0,2016.0,2016.0,2016.0,2016.0,2016.0,2016.0,2016.0,2016.0,2016.0,2016.0,2016.0,2016.0,2016.0,2016.0,2016.0,2016.0,2016.0,2016.0,2016.0,2016.0,2016.0,2016.0,2016.0,2016.0,2016.0,2016.0,2016.0,2016.0,6.0,0.6,335.39777,319.24285,305.09124,293.55845,284.89799,279.0154,275.54363,273.95345,273.6693,274.16782,275.04603,276.05602,277.10902,278.25423,279.6382,281.45081,283.86532,286.98269,290.79168,295.15498,182.4856660353274,296.32994001848067,2793.03408,360.6668,1104.4910800000002,-33.9846
2017,2017,2017.0,2017.0,2017.0,2017.0,2017.0,2017.0,2017.0,2017.0,2017.0,2017.0,2017.0,2017.0,2017.0,2017.0,2017.0,2017.0,2017.0,2017.0,2017.0,2017.0,2017.0,2017.0,2017.0,2017.0,2017.0,2017.0,2017.0,2017.0,2017.0,2017.0,2017.0,2017.0,2017.0,2017.0,2017.0,2017.0,2017.0,2017.0,2017.0,2017.0,2017.0,2017.0,2017.0,2017.0,2017.0,2017.0,2017.0,2017.0,2017.0,7.0,0.7,200.6491,217.81656,233.14743,246.07391,256.35533,264.06388,269.51558,273.17241,275.54309,277.10382,278.24894,279.27137,280.36577,281.64466,283.15919,284.91843,286.90468,289.08419,291.41401,293.84613,346.01015537981016,333.6553457535032,3153.70088,375.4821200000001,743.8242800000003,-48.93612000000002
2018,2018,2018.0,2018.0,2018.0,2018.0,2018.0,2018.0,2018.0,2018.0,2018.0,2018.0,2018.0,2018.0,2018.0,2018.0,2018.0,2018.0,2018.0,2018.0,2018.0,2018.0,2018.0,2018.0,2018.0,2018.0,2018.0,2018.0,2018.0,2018.0,2018.0,2018.0,2018.0,2018.0,2018.0,2018.0,2018.0,2018.0,2018.0,2018.0,2018.0,2018.0,2018.0,2018.0,2018.0,2018.0,2018.0,2018.0,2018.0,2018.0,2018.0,8.0,0.8,330.39117,315.74118,302.87988,292.36521,284.44235,279.05962,275.93808,274.66988,274.81845,275.99945,277.93153,280.45552,283.52686,287.18901,291.53523,296.66577,302.6462,309.47322,317.05375,325.20188,267.85780651336813,358.83950382464667,3529.183,210.55035,368.34216000000015,-33.940380000000005
2019,2019,2019.0,2019.0,2019.0,2019.0,2019.0,2019.0,2019.0,2019.0,2019.0,2019.0,2019.0,2019.0,2019.0,2019.0,2019.0,2019.0,2019.0,2019.0,2019.0,2019.0,2019.0,2019.0,2019.0,2019.0,2019.0,2019.0,2019.0,2019.0,2019.0,2019.0,2019.0,2019.0,2019.0,2019.0,2019.0,2019.0,2019.0,2019.0,2019.0,2019.0,2019.0,2019.0,2019.0,2019.0,2019.0,2019.0,2019.0,2019.0,2019.0,9.0,0.9,271.42643,274.70418,277.46179,279.57704,281.05388,282.01332,282.66275,283.25536,284.05145,285.29022,287.17503,289.87014,293.50402,298.17292,303.94032,310.83019,318.81536,327.805,337.63667,348.07782,358.82039504976524,227.82145814889043,3739.73335,157.79181000000017,157.79181000000017,-30.98667999999998
2020,2020,2020.0,2020.0,2020.0,2020.0,2020.0,2020.0,2020.0,2020.0,2020.0,2020.0,2020.0,2020.0,2020.0,2020.0,2020.0,2020.0,2020.0,2020.0,2020.0,2020.0,2020.0,2020.0,2020.0,2020.0,2020.0,2020.0,2020.0,2020.0,2020.0,2020.0,2020.0,2020.0,2020.0,2020.0,2020.0,2020.0,2020.0,2020.0,2020.0,2020.0,2020.0,2020.0,2020.0,2020.0,2020.0,2020.0,2020.0,2020.0,2020.0,0.0,0.0,273.0,273.0,273.0,273.0,273.0,273.0,273.0,273.0,273.0,273.0,273.0,273.0,273.0,273.0,273.0,273.0,273.0,273.0,273.0,273.0,224.45528612530148,271.09270578374725,0.0,475.6197,4849.10177,-40.0
2021,2021,2021.0,2021.0,2021.0,2021.0,2021.0,2021.0,2021.0,2021.0,2021.0,2021.0,2021.0,2021.0,2021.0,2021.0,2021.0,2021.0,2021.0,2021.0,2021.0,2021.0,2021.0,2021.0,2021.0,2021.0,2021.0,2021.0,2021.0,2021.0,2021.0,2021.0,2021.0,2021.0,2021.0,2021.0,2021.0,2021.0,2021.0,2021.0,2021.0,2021.0,2021.0,2021.0,2021.0,2021.0,2021.0,2021.0,2021.0,2021.0,2021.0,1.0,0.1,232.72922,240.62566,247.81873,254.07402,259.2686,263.38925,266.51258,268.77476,270.33926,271.36948,272.00979,272.37592,272.55294,272.59842,272.5485,272.42455,272.23952,272.00299,271.72474,271.41658,261.0333937896445,221.5774631912814,475.6197,571.5152499999999,4373.48207,-49.61075
2022,2022,2022.0,2022.0,2022.0,2022.0,2022.0,2022.0,2022.0,2022.0,2022.0,2022.0,2022.0,2022.0,2022.0,2022.0,2022.0,2022.0,2022.0,2022.0,2022.0,2022.0,2022.0,2022.0,2022.0,2022.0,2022.0,2022.0,2022.0,2022.0,2022.0,2022.0,2022.0,2022.0,2022.0,2022.0,2022.0,2022.0,2022.0,2022.0,2022.0,2022.0,2022.0,2022.0,2022.0,2022.0,2022.0,2022.0,2022.0,2022.0,2022.0,2.0,0.2,260.66243,260.43973,260.48328,260.85825,261.56683,262.55143,263.70768,264.9015,265.98444,266.80335,267.20349,267.02736,266.11367,264.30121,261.44136,257.42017,252.18678,245.78152,238.35486,230.16892,264.6644205708044,355.84038743193594,1047.13495,612.8605,3801.966820000001,-50.44857000000002
2023,2023,2023.0,2023.0,2023.0,2023.0,2023.0,2023.0,2023.0,2023.0,2023.0,2023.0,2023.0,2023.0,2023.0,2023.0,2023.0,2023.0,2023.0,2023.0,2023.0,2023.0,2023.0,2023.0,2023.0,2023.0,2023.0,2023.0,2023.0,2023.0,2023.0,2023.0,2023.0,2023.0,2023.0,2023.0,2023.0,2023.0,2023.0,2023.0,2023.0,2023.0,2023.0,2023.0,2023.0,2023.0,2023.0,2023.0,2023.0,2023.0,2023.0,3.0,0.3,264.32915,264.03524,263.81622,263.69204,263.667,263.73278,263.87712,264.09819,264.42396,264.93448,265.78334,267.21278,269.55492,273.21198,278.61036,286.1301,296.01899,308.30975,322.76313,338.85819,218.55942364421315,351.3470887611711,1659.99545,450.3420799999999,3189.1063200000003,-49.26722000000001
2024,2024,2024.0,2024.0,2024.0,2024.0,2024.0,2024.0,2024.0,2024.0,2024.0,2024.0,2024.0,2024.0,2024.0,2024.0,2024.0,2024.0,2024.0,2024.0,2024.0,2024.0,2024.0,2024.0,2024.0,2024.0,2024.0,2024.0,2024.0,2024.0,2024.0,2024.0,2024.0,2024.0,2024.0,2024.0,2024.0,2024.0,2024.0,2024.0,2024.0,2024.0,2024.0,2024.0,2024.0,2024.0,2024.0,2024.0,2024.0,2024.0,2024.0,4.0,0.4,226.37617,233.86539,240.75106,246.84912,252.08926,256.51592,260.27186,263.57102,266.66792,269.82942,273.31188,277.34404,282.11465,287.76339,294.37397,301.96952,310.51057,319.8966,329.97154,340.53332,221.010470329442,250.45002682789644,2110.33753,447.5947000000001,2738.7642400000004,-56.484080000000006
2025,2025,2025.0,2025.0,2025.0,2025.0,2025.0,2025.0,2025.0,2025.0,2025.0,2025.0,2025.0,2025.0,2025.0,2025.0,2025.0,2025.0,2025.0,2025.0,2025.0,2025.0,2025.0,2025.0,2025.0,2025.0,2025.0,2025.0,2025.0,2025.0,2025.0,2025.0,2025.0,2025.0,2025.0,2025.0,2025.0,2025.0,2025.0,2025.0,2025.0,2025.0,2025.0,2025.0,2025.0,2025.0,2025.0,2025.0,2025.0,2025.0,2025.0,5.0,0.5,226.59149,232.11493,237.52953,242.7956,247.8883,252.79758,257.52384,262.06861,266.4201,270.53524,274.32092,277.61954,280.2048,281.79412,282.08151,280.79021,277.73775,272.89924,266.45143,258.78117,368.5426267880618,299.6560354214703,2557.93223,471.34724000000006,2291.1695400000003,-60.20241999999999
2026,2026,2026.0,2026.0,2026.0,2026.0,2026.0,2026.0,2026.0,2026.0,2026.0,2026.0,2026.0,2026.0,2026.0,2026.0,2026.0,2026.0,2026.0,2026.0,2026.0,2026.0,2026.0,2026.0,2026.0,2026.0,2026.0,2026.0,2026.0,2026.0,2026.0,2026.0,2026.0,2026.0,2026.0,2026.0,2026.0,2026.0,2026.0,2026.0,2026.0,2026.0,2026.0,2026.0,2026.0,2026.0,2026.0,2026.0,2026.0,2026.0,2026.0,6.0,0.6,348.5301,329.62685,312.78454,298.67583,287.63279,279.65257,274.45863,271.59494,270.52802,270.73636,271.77546,273.3149,275.14982,277.19144,279.44174,281.95769,284.81038,288.04637,291.65847,295.57287,232.87804217356404,239.94969994581004,3029.27947,369.81538,1819.8223000000005,-33.347429999999974
2027,2027,2027.0,2027.0,2027.0,2027.0,2027.0,2027.0,2027.0,2027.0,2027.0,2027.0,2027.0,2027.0,2027.0,2027.0,2027.0,2027.0,2027.0,2027.0,2027.0,2027.0,2027.0,2027.0,2027.0,2027.0,2027.0,2027.0,2027.0,2027.0,2027.0,2027.0,2027.0,2027.0,2027.0,2027.0,2027.0,2027.0,2027.0,2027.0,2027.0,2027.0,2027.0,2027.0,2027.0,2027.0,2027.0,2027.0,2027.0,2027.0,2027.0,7.0,0.7,242.89167,252.22443,260.3122,266.7944,271.55098,274.68533,276.46413,277.23451,277.34059,277.05643,276.54443,275.84104,274.86657,273.45404,271.39188,268.47466,264.55519,259.58955,253.66561,247.0071,302.4589739363306,193.13693797704173,3399.09485,509.65789,1450.0069200000005,-38.31466999999998
2028,2028,2028.0,2028.0,2028.0,2028.0,2028.0,2028.0,2028.0,2028.0,2028.0,2028.0,2028.0,2028.0,2028.0,2028.0,2028.0,2028.0,2028.0,2028.0,2028.0,2028.0,2028.0,2028.0,2028.0,2028.0,2028.0,2028.0,2028.0,2028.0,2028.0,2028.0,2028.0,2028.0,2028.0,2028.0,2028.0,2028.0,2028.0,2028.0,2028.0,2028.0,2028.0,2028.0,2028.0,2028.0,2028.0,2028.0,2028.0,2028.0,2028.0,8.0,0.8,296.74954,291.38615,286.65482,282.73611,279.68362,277.42833,275.8027,274.57444,273.47915,272.24457,270.604,268.30138,265.09373,260.75713,255.10082,247.99061,239.3781,229.3285,218.03781,205.83097,313.2979879419062,360.3923381737342,3908.75274,550.1525600000004,940.3490300000004,-35.57166999999998
2029,2029,2029.0,2029.0,2029.0,2029.0,2029.0,2029.0,2029.0,2029.0,2029.0,2029.0,2029.0,2029.0,2029.0,2029.0,2029.0,2029.0,2029.0,2029.0,2029.0,2029.0,2029.0,2029.0,2029.0,2029.0,2029.0,2029.0,2029.0,2029.0,2029.0,2029.0,2029.0,2029.0,2029.0,2029.0,2029.0,2029.0,2029.0,2029.0,2029.0,2029.0,2029.0,2029.0,2029.0,2029.0,2029.0,2029.0,2029.0,2029.0,2029.0,9.0,0.9,307.56987,301.99746,296.71595,291.82402,287.37601,283.38434,279.83259,276.69827,273.98283,271.74546,270.13494,269.41221,269.95449,272.23176,276.74996,283.96273,294.16368,307.38225,323.31191,341.29709,227.631072051907,203.6648047232019,4458.9053,390.1964699999999,390.1964699999999,-29.61565999999999
2030,2030,2030.0,2030.0,2030.0,2030.0,2030.0,2030.0,2030.0,2030.0,2030.0,2030.0,2030.0,2030.0,2030.0,2030.0,2030.0,2030.0,2030.0,2030.0,2030.0,2030.0,2030.0,2030.0,2030.0,2030.0,2030.0,2030.0,2030.0,2030.0,2030.0,2030.0,2030.0,2030.0,2030.0,2030.0,2030.0,2030.0,2030.0,2030.0,2030.0,2030.0,2030.0,2030.0,2030.0,2030.0,2030.0,2030.0,2030.0,2030.0,2030.0,0.0,0.0,273.0,273.0,273.0,273.0,273.0,273.0,273.0,273.0,273.0,273.0,273.0,273.0,273.0,273.0,273.0,273.0,273.0,273.0,273.0,273.0,288.99453736694136,304.5110131805398,0.0,423.80712,2510.97189,7.924129999999991
2031,2031,2031.0,2031.0,2031.0,2031.0,2031.0,2031.0,2031.0,2031.0,2031.0,2031.0,2031.0,2031.0,2031.0,2031.0,2031.0,2031.0,2031.0,2031.0,2031.0,2031.0,2031.0,2031.0,2031.0,2031.0,2031.0,2031.0,2031.0,2031.0,2031.0,2031.0,2031.0,2031.0,2031.0,2031.0,2031.0,2031.0,2031.0,2031.0,2031.0,2031.0,2031.0,2031.0,2031.0,2031.0,2031.0,2031.0,2031.0,2031.0,2031.0,1.0,0.1,286.26915,283.66873,281.30156,279.24651,277.54718,276.21369,275.23098,274.57122,274.20766,274.12728,274.34031,274.88526,275.82823,277.25579,279.26106,281.92426,285.29025,289.34772,294.01546,299.14055,322.3472553613742,197.9055611329077,423.80712,389.48166,2087.16477,7.924129999999991
2032,2032,2032.0,2032.0,2032.0,2032.0,2032.0,2032.0,2032.0,2032.0,2032.0,2032.0,2032.0,2032.0,2032.0,2032.0,2032.0,2032.0,2032.0,2032.0,2032.0,2032.0,2032.0,2032.0,2032.0,2032.0,2032.0,2032.0,2032.0,2032.0,2032.0,2032.0,2032.0,2032.0,2032.0,2032.0,2032.0,2032.0,2032.0,2032.0,2032.0,2032.0,2032.0,2032.0,2032.0,2032.0,2032.0,2032.0,2032.0,2032.0,2032.0,2.0,0.2,314.77816,307.52113,300.84968,294.96815,289.99442,285.95674,282.80151,280.40611,278.59071,277.12506,275.72988,274.07658,271.79159,268.47314,263.72591,257.214,248.7256,238.23534,225.94611,212.29371,320.7455367081177,304.6546943563958,813.28878,453.50346,1697.68311,7.924129999999991
2033,2033,2033.0,2033.0,2033.0,2033.0,2033.0,2033.0,2033.0,2033.0,2033.0,2033.0,2033.0,2033.0,2033.0,2033.0,2033.0,2033.0,2033.0,2033.0,2033.0,2033.0,2033.0,2033.0,2033.0,2033.0,2033.0,2033.0,2033.0,2033.0,2033.0,2033.0,2033.0,2033.0,2033.0,2033.0,2033.0,2033.0,2033.0,2033.0,2033.0,2033.0,2033.0,2033.0,2033.0,2033.0,2033.0,2033.0,2033.0,2033.0,2033.0,3.0,0.3,315.4504,310.24533,305.21238,300.41856,295.91066,291.71316,287.83056,284.25486,280.97881,278.01396,275.41098,273.27743,271.78687,271.17238,271.69973,273.61979,277.107,282.19704,288.74164,296.39696,196.83479702515507,350.90762236110265,1266.79224,342.59274000000005,1244.1796499999998,7.924129999999991
2034,2034,2034.0,2034.0,2034.0,2034.0,2034.0,2034.0,2034.0,2034.0,2034.0,2034.0,2034.0,2034.0,2034.0,2034.0,2034.0,2034.0,2034.0,2034.0,2034.0,2034.0,2034.0,2034.0,2034.0,2034.0,2034.0,2034.0,2034.0,2034.0,2034.0,2034.0,2034.0,2034.0,2034.0,2034.0,2034.0,2034.0,2034.0,2034.0,2034.0,2034.0,2034.0,2034.0,2034.0,2034.0,2034.0,2034.0,2034.0,2034.0,2034.0,4.0,0.4,213.3599,228.97578,242.9053,254.60589,263.8222,270.58418,275.16041,277.98618,279.58727,280.51576,281.30552,282.4468,284.37337,287.45342,291.97715,298.13764,306.00701,315.51434,326.43429,338.39477,328.62545424001104,331.640586099341,1609.38498,264.05615999999986,901.5869099999998,7.924129999999991
2035,2035,2035.0,2035.0,2035.0,2035.0,2035.0,2035.0,2035.0,2035.0,2035.0,2035.0,2035.0,2035.0,2035.0,2035.0,2035.0,2035.0,2035.0,2035.0,2035.0,2035.0,2035.0,2035.0,2035.0,2035.0,2035.0,2035.0,2035.0,2035.0,2035.0,2035.0,2035.0,2035.0,2035.0,2035.0,2035.0,2035.0,2035.0,2035.0,2035.0,2035.0,2035.0,2035.0,2035.0,2035.0,2035.0,2035.0,2035.0,2035.0,2035.0,5.0,0.5,317.20679,306.53911,297.25831,289.79908,284.35725,280.90417,279.24194,279.07883,280.10292,282.03742,284.67005,287.85746,291.512,295.58,300.02065,304.79107,309.83993,315.10851,320.53585,326.06402,351.40850299695205,338.98691975002123,1873.44114,144.77359,637.5307499999999,7.924129999999991
2036,2036,2036.0,2036.0,2036.0,2036.0,2036.0,2036.0,2036.0,2036.0,2036.0,2036.0,2036.0,2036.0,2036.0,2036.0,2036.0,2036.0,2036.0,2036.0,2036.0,2036.0,2036.0,2036.0,2036.0,2036.0,2036.0,2036.0,2036.0,2036.0,2036.0,2036.0,2036.0,2036.0,2036.0,2036.0,2036.0,2036.0,2036.0,2036.0,2036.0,2036.0,2036.0,2036.0,2036.0,2036.0,2036.0,2036.0,2036.0,2036.0,2036.0,6.0,0.6,340.69861,330.41712,320.95104,312.61241,305.61779,300.08309,296.03228,293.41568,292.13298,292.05609,293.04856,294.9797,297.73275,301.20769,305.31932,309.99217,315.15351,320.72632,326.62386,332.74731,368.6345747388789,231.57235551330973,2018.21473,121.06241000000024,492.7571599999999,7.924129999999991
2037,2037,2037.0,2037.0,2037.0,2037.0,2037.0,2037.0,2037.0,2037.0,2037.0,2037.0,2037.0,2037.0,2037.0,2037.0,2037.0,2037.0,2037.0,2037.0,2037.0,2037.0,2037.0,2037.0,2037.0,2037.0,2037.0,2037.0,2037.0,2037.0,2037.0,2037.0,2037.0,2037.0,2037.0,2037.0,2037.0,2037.0,2037.0,2037.0,2037.0,2037.0,2037.0,2037.0,2037.0,2037.0,2037.0,2037.0,2037.0,2037.0,2037.0,7.0,0.7,358.14282,347.98891,338.48105,329.87292,322.34662,316.00417,310.86592,306.8726,303.8877,301.69828,300.01476,298.47305,296.64474,294.06138,290.25725,284.8299,277.51075,268.23137,257.16675,244.73891,347.55932807114715,359.5996736725238,2139.27714,180.04403999999977,371.69474999999966,7.924129999999991
2038,2038,2038.0,2038.0,2038.0,2038.0,2038.0,2038.0,2038.0,2038.0,2038.0,2038.0,2038.0,2038.0,2038.0,2038.0,2038.0,2038.0,2038.0,2038.0,2038.0,2038.0,2038.0,2038.0,2038.0,2038.0,2038.0,2038.0,2038.0,2038.0,2038.0,2038.0,2038.0,2038.0,2038.0,2038.0,2038.0,2038.0,2038.0,2038.0,2038.0,2038.0,2038.0,2038.0,2038.0,2038.0,2038.0,2038.0,2038.0,2038.0,2038.0,8.0,0.8,343.12249,338.66927,334.19544,329.71728,325.27394,320.92413,316.74036,312.80481,309.21079,306.07166,303.53577,301.80197,301.12794,301.82203,304.21193,308.58937,315.13802,323.86093,334.52852,346.66726,209.6368064518387,304.7354159482233,2319.32118,81.99195000000009,191.6507099999999,7.924129999999991
2039,2039,2039.0,2039.0,2039.0,2039.0,2039.0,2039.0,2039.0,2039.0,2039.0,2039.0,2039.0,2039.0,2039.0,2039.0,2039.0,2039.0,2039.0,2039.0,2039.0,2039.0,2039.0,2039.0,2039.0,2039.0,2039.0,2039.0,2039.0,2039.0,2039.0,2039.0,2039.0,2039.0,2039.0,2039.0,2039.0,2039.0,2039.0,2039.0,2039.0,2039.0,2039.0,2039.0,2039.0,2039.0,2039.0,2039.0,2039.0,2039.0,2039.0,9.0,0.9,228.90265,247.13564,263.45243,277.23478,288.18805,296.33621,301.9639,305.52659,307.55253,308.55588,308.97245,309.12175,309.194,309.25827,309.28733,309.19461,308.87718,308.25755,307.31555,306.10274,249.05526266662312,215.3634560241844,2401.31313,109.6587599999998,109.6587599999998,7.924129999999991
2040,2040,2040.0,2040.0,2040.0,2040.0,2040.0,2040.0,2040.0,2040.0,2040.0,2040.0,2040.0,2040.0,2040.0,2040.0,2040.0,2040.0,2040.0,2040.0,2040.0,2040.0,2040.0,2040.0,2040.0,2040.0,2040.0,2040.0,2040.0,2040.0,2040.0,2040.0,2040.0,2040.0,2040.0,2040.0,2040.0,2040.0,2040.0,2040.0,2040.0,2040.0,2040.0,2040.0,2040.0,2040.0,2040.0,2040.0,2040.0,2040.0,2040.0,0.0,0.0,273.0,273.0,273.0,273.0,273.0,273.0,273.0,273.0,273.0,273.0,273.0,273.0,273.0,273.0,273.0,273.0,273.0,273.0,273.0,273.0,185.52309674928927,306.8175848461609,0.0,483.37316,5442.92971,-40.0
2041,2041,2041.0,2041.0,2041.0,2041.0,2041.0,2041.0,2041.0,2041.0,2041.0,2041.0,2041.0,2041.0,2041.0,2041.0,2041.0,2041.0,2041.0,2041.0,2041.0,2041.0,2041.0,2041.0,2041.0,2041.0,2041.0,2041.0,2041.0,2041.0,2041.0,2041.0,2041.0,2041.0,2041.0,2041.0,2041.0,2041.0,2041.0,2041.0,2041.0,2041.0,2041.0,2041.0,2041.0,2041.0,2041.0,2041.0,2041.0,2041.0,2041.0,1.0,0.1,200.43367,214.66461,227.62972,238.90865,248.28376,255.73824,261.42242,265.60217,268.60473,270.7737,272.43902,273.90167,275.42848,277.25058,279.55976,282.49983,286.1534,290.5279,295.54676,301.05148,231.26344755182265,197.6623077413456,483.37316,615.38713,4959.55655,-57.26176000000001
2042,2042,2042.0,2042.0,2042.0,2042.0,2042.0,2042.0,2042.0,2042.0,2042.0,2042.0,2042.0,2042.0,2042.0,2042.0,2042.0,2042.0,2042.0,2042.0,2042.0,2042.0,2042.0,2042.0,2042.0,2042.0,2042.0,2042.0,2042.0,2042.0,2042.0,2042.0,2042.0,2042.0,2042.0,2042.0,2042.0,2042.0,2042.0,2042.0,2042.0,2042.0,2042.0,2042.0,2042.0,2042.0,2042.0,2042.0,2042.0,2042.0,2042.0,2.0,0.2,234.09378,237.04618,240.2108,243.62262,247.25234,251.01157,254.76757,258.36014,261.61343,264.33845,266.32666,267.33977,267.10388,265.31733,261.67876,255.93642,247.95182,237.76314,225.62932,212.03717,231.50078872605667,224.83055873836588,1098.76029,841.2463,4344.16942,-61.98843
2043,2043,2043.0,2043.0,2043.0,2043.0,2043.0,2043.0,2043.0,2043.0,2043.0,2043.0,2043.0,2043.0,2043.0,2043.0,2043.0,2043.0,2043.0,2043.0,2043.0,2043.0,2043.0,2043.0,2043.0,2043.0,2043.0,2043.0,2043.0,2043.0,2043.0,2043.0,2043.0,2043.0,2043.0,2043.0,2043.0,2043.0,2043.0,2043.0,2043.0,2043.0,2043.0,2043.0,2043.0,2043.0,2043.0,2043.0,2043.0,2043.0,2043.0,3.0,0.3,234.62642,237.73316,240.79615,243.77925,246.63134,249.28445,251.65456,253.64501,255.15284,256.07755,256.33178,255.85236,254.61009,252.6159,249.92153,246.61393,242.8039,238.61165,234.15301,229.53031,306.96002041512315,315.4654397784714,1940.00659,873.69769,3502.9231200000004,-63.71555000000001
2044,2044,2044.0,2044.0,2044.0,2044.0,2044.0,2044.0,2044.0,2044.0,2044.0,2044.0,2044.0,2044.0,2044.0,2044.0,2044.0,2044.0,2044.0,2044.0,2044.0,2044.0,2044.0,2044.0,2044.0,2044.0,2044.0,2044.0,2044.0,2044.0,2044.0,2044.0,2044.0,2044.0,2044.0,2044.0,2044.0,2044.0,2044.0,2044.0,2044.0,2044.0,2044.0,2044.0,2044.0,2044.0,2044.0,2044.0,2044.0,2044.0,2044.0,4.0,0.4,296.80031,287.17867,278.55303,271.24003,265.38583,260.97284,257.85676,255.82254,254.64589,254.14868,254.24039,254.94051,256.37966,258.77821,262.40345,267.50929,274.26729,282.70251,292.65013,303.74706,356.6280088190384,309.06314752451243,2813.70428,576.2284399999999,2629.2254300000004,-52.02715999999998
2045,2045,2045.0,2045.0,2045.0,2045.0,2045.0,2045.0,2045.0,2045.0,2045.0,2045.0,2045.0,2045.0,2045.0,2045.0,2045.0,2045.0,2045.0,2045.0,2045.0,2045.0,2045.0,2045.0,2045.0,2045.0,2045.0,2045.0,2045.0,2045.0,2045.0,2045.0,2045.0,2045.0,2045.0,2045.0,2045.0,2045.0,2045.0,2045.0,2045.0,2045.0,2045.0,2045.0,2045.0,2045.0,2045.0,2045.0,2045.0,2045.0,2045.0,5.0,0.5,341.33548,326.61854,312.98895,300.84505,290.44475,281.90437,275.21968,270.30024,267.00709,265.18582,264.68957,265.39069,267.18215,269.97194,273.67385,278.19796,283.44309,289.29244,295.61266,302.25579,245.74104434960293,360.7310540245789,3389.93272,361.8974500000004,2052.996990000001,-31.09563000000003
2046,2046,2046.0,2046.0,2046.0,2046.0,2046.0,2046.0,2046.0,2046.0,2046.0,2046.0,2046.0,2046.0,2046.0,2046.0,2046.0,2046.0,2046.0,2046.0,2046.0,2046.0,2046.0,2046.0,2046.0,2046.0,2046.0,2046.0,2046.0,2046.0,2046.0,2046.0,2046.0,2046.0,2046.0,2046.0,2046.0,2046.0,2046.0,2046.0,2046.0,2046.0,2046.0,2046.0,2046.0,2046.0,2046.0,2046.0,2046.0,2046.0,2046.0,6.0,0.6,253.44159,260.54234,266.54898,271.15277,274.2682,276.0247,276.72164,276.76411,276.59824,276.66006,277.34423,278.99109,281.88502,286.25518,292.27084,300.02781,309.52746,320.65452,333.16331,346.68069,304.32834225692324,246.50325629219,3751.83017,268.73930999999993,1691.0995400000002,-36.9753
2047,2047,2047.0,2047.0,2047.0,2047.0,2047.0,2047.0,2047.0,2047.0,2047.0,2047.0,2047.0,2047.0,2047.0,2047.0,2047.0,2047.0,2047.0,2047.0,2047.0,2047.0,2047.0,2047.0,2047.0,2047.0,2047.0,2047.0,2047.0,2047.0,2047.0,2047.0,2047.0,2047.0,2047.0,2047.0,2047.0,2047.0,2047.0,2047.0,2047.0,2047.0,2047.0,2047.0,2047.0,2047.0,2047.0,2047.0,2047.0,2047.0,2047.0,7.0,0.7,298.88857,293.7804,289.28915,285.6192,282.87826,281.08132,280.16824,280.02586,280.50502,281.42704,282.57901,283.70341,284.49101,284.58732,283.62024,281.25048,277.23778,271.508,264.20116,255.68204,201.5638919334225,254.5275708523092,4020.56948,352.8977299999997,1422.3602300000002,-31.918679999999995
2048,2048,2048.0,2048.0,2048.0,2048.0,2048.0,2048.0,2048.0,2048.0,2048.0,2048.0,2048.0,2048.0,2048.0,2048.0,2048.0,2048.0,2048.0,2048.0,2048.0,2048.0,2048.0,2048.0,2048.0,2048.0,2048.0,2048.0,2048.0,2048.0,2048.0,2048.0,2048.0,2048.0,2048.0,2048.0,2048.0,2048.0,2048.0,2048.0,2048.0,2048.0,2048.0,2048.0,2048.0,2048.0,2048.0,2048.0,2048.0,2048.0,2048.0,8.0,0.8,215.72913,229.20482,241.40068,251.90091,260.49919,267.18965,272.1226,275.54126,277.71744,278.90046,279.2864,279.00851,278.1443,276.73265,274.79431,272.35046,269.43623,266.10806,262.44522,258.5471,195.84414395383425,318.25675971133364,4373.46721,515.1273600000004,1069.4625000000003,-45.81035000000003
2049,2049,2049.0,2049.0,2049.0,2049.0,2049.0,2049.0,2049.0,2049.0,2049.0,2049.0,2049.0,2049.0,2049.0,2049.0,2049.0,2049.0,2049.0,2049.0,2049.0,2049.0,2049.0,2049.0,2049.0,2049.0,2049.0,2049.0,2049.0,2049.0,2049.0,2049.0,2049.0,2049.0,2049.0,2049.0,2049.0,2049.0,2049.0,2049.0,2049.0,2049.0,2049.0,2049.0,2049.0,2049.0,2049.0,2049.0,2049.0,2049.0,2049.0,9.0,0.9,206.63653,217.1395,227.08615,236.25157,244.46703,251.62811,257.69726,262.70227,266.73295,269.93716,272.51679,274.72243,276.84386,279.19328,282.07883,285.76847,290.44869,296.18612,302.90267,310.37413,319.3435167502645,190.9213268841237,4888.59457,554.3351400000001,554.3351400000001,-61.37189000000001
2050,2050,2050.0,2050.0,2050.0,2050.0,2050.0,2050.0,2050.0,2050.0,2050.0,2050.0,2050.0,2050.0,2050.0,2050.0,2050.0,2050.0,2050.0,2050.0,2050.0,2050.0,2050.0,2050.0,2050.0,2050.0,2050.0,2050.0,2050.0,2050.0,2050.0,2050.0,2050.0,2050.0,2050.0,2050.0,2050.0,2050.0,2050.0,2050.0,2050.0,2050.0,2050.0,2050.0,2050.0,2050.0,2050.0,2050.0,2050.0,2050.0,2050.0,0.0,0.0,273.0,273.0,273.0,273.0,273.0,273.0,273.0,273.0,273.0,273.0,273.0,273.0,273.0,273.0,273.0,273.0,273.0,273.0,273.0,273.0,281.41046794721444,189.47847063150908,0.0,496.81461,4166.45333,-40.0
2051,2051,2051.0,2051.0,2051.0,2051.0,2051.0,2051.0,2051.0,2051.0,2051.0,2051.0,2051.0,2051.0,2051.0,2051.0,2051.0,2051.0,2051.0,2051.0,2051.0,2051.0,2051.0,2051.0,2051.0,2051.0,2051.0,2051.0,2051.0,2051.0,2051.0,2051.0,2051.0,2051.0,2051.0,2051.0,2051.0,2051.0,2051.0,2051.0,2051.0,2051.0,2051.0,2051.0,2051.0,2051.0,2051.0,2051.0,2051.0,2051.0,2051.0,1.0,0.1,279.9749,278.60322,277.34946,276.24974,275.3168,274.53724,273.87019,273.24582,272.56221,271.6803,270.41811,268.54752,265.79821,261.87366,256.48238,249.38365,240.44181,229.6774,217.30064,203.71421,205.62002818224755,318.0464147323851,496.81461,639.6261800000001,3669.63872,-38.46276
2052,2052,2052.0,2052.0,2052.0,2052.0,2052.0,2052.0,2052.0,2052.0,2052.0,2052.0,2052.0,2052.0,2052.0,2052.0,2052.0,2052.0,2052.0,2052.0,2052.0,2052.0,2052.0,2052.0,2052.0,2052.0,2052.0,2052.0,2052.0,2052.0,2052.0,2052.0,2052.0,2052.0,2052.0,2052.0,2052.0,2052.0,2052.0,2052.0,2052.0,2052.0,2052.0,2052.0,2052.0,2052.0,2052.0,2052.0,2052.0,2052.0,2052.0,2.0,0.2,217.38775,228.56452,238.63686,247.22866,254.13179,259.3053,262.85015,264.97242,265.94822,266.09999,265.78698,265.40561,265.39009,266.20187,268.29866,272.08035,277.81849,285.58538,295.20421,306.24058,269.1628030896631,266.54104706926216,1136.44079,609.8112799999999,3030.01254,-53.69470000000001
2053,2053,2053.0,2053.0,2053.0,2053.0,2053.0,2053.0,2053.0,2053.0,2053.0,2053.0,2053.0,2053.0,2053.0,2053.0,2053.0,2053.0,2053.0,2053.0,2053.0,2053.0,2053.0,2053.0,2053.0,2053.0,2053.0,2053.0,2053.0,2053.0,2053.0,2053.0,2053.0,2053.0,2053.0,2053.0,2053.0,2053.0,2053.0,2053.0,2053.0,2053.0,2053.0,2053.0,2053.0,2053.0,2053.0,2053.0,2053.0,2053.0,2053.0,3.0,0.3,266.30118,263.72784,261.68025,260.30783,259.65727,259.6817,260.26771,261.26997,262.54245,263.95844,265.4165,266.83436,268.13673,269.24419,270.06971,270.52608,270.54345,270.09184,269.20037,267.96519,307.9106018685422,359.9008894559752,1746.25207,515.55107,2420.2012600000003,-53.31830000000002
2054,2054,2054.0,2054.0,2054.0,2054.0,2054.0,2054.0,2054.0,2054.0,2054.0,2054.0,2054.0,2054.0,2054.0,2054.0,2054.0,2054.0,2054.0,2054.0,2054.0,2054.0,2054.0,2054.0,2054.0,2054.0,2054.0,2054.0,2054.0,2054.0,2054.0,2054.0,2054.0,2054.0,2054.0,2054.0,2054.0,2054.0,2054.0,2054.0,2054.0,2054.0,2054.0,2054.0,2054.0,2054.0,2054.0,2054.0,2054.0,2054.0,2054.0,4.0,0.4,300.05358,292.57582,285.80925,280.00173,275.29865,271.74519,269.30695,267.90313,267.44489,267.87239,269.18456,271.45724,274.84569,279.5682,285.86971,293.96777,303.98874,315.90719,329.50497,344.3641,228.784177357963,309.7336765896828,2261.80314,334.66885,1904.6501900000003,-41.25481000000002
2055,2055,2055.0,2055.0,2055.0,2055.0,2055.0,2055.0,2055.0,2055.0,2055.0,2055.0,2055.0,2055.0,2055.0,2055.0,2055.0,2055.0,2055.0,2055.0,2055.0,2055.0,2055.0,2055.0,2055.0,2055.0,2055.0,2055.0,2055.0,2055.0,2055.0,2055.0,2055.0,2055.0,2055.0,2055.0,2055.0,2055.0,2055.0,2055.0,2055.0,2055.0,2055.0,2055.0,2055.0,2055.0,2055.0,2055.0,2055.0,2055.0,2055.0,5.0,0.5,237.02058,244.80988,251.78214,257.70338,262.50325,266.26872,269.20934,271.60603,273.75632,275.9264,278.31631,281.04019,284.12157,287.50215,291.06258,294.6526,298.1265,301.37743,304.36319,307.11612,290.5115474024528,347.6068660854552,2596.47199,312.5395400000002,1569.9813400000005,-46.73128000000003
2056,2056,2056.0,2056.0,2056.0,2056.0,2056.0,2056.0,2056.0,2056.0,2056.0,2056.0,2056.0,2056.0,2056.0,2056.0,2056.0,2056.0,2056.0,2056.0,2056.0,2056.0,2056.0,2056.0,2056.0,2056.0,2056.0,2056.0,2056.0,2056.0,2056.0,2056.0,2056.0,2056.0,2056.0,2056.0,2056.0,2056.0,2056.0,2056.0,2056.0,2056.0,2056.0,2056.0,2056.0,2056.0,2056.0,2056.0,2056.0,2056.0,2056.0,6.0,0.6,285.80053,281.46295,277.81782,275.08884,273.38623,272.71316,272.99189,274.10051,275.91061,278.31812,281.26319,284.73795,288.78318,293.47523,298.90534,305.1535,312.26042,320.20262,328.87637,338.09567,277.4598882142937,300.7331824952451,2909.01153,216.1543399999996,1257.4418,-40.286839999999984
2057,2057,2057.0,2057.0,2057.0,2057.0,2057.0,2057.0,2057.0,2057.0,2057.0,2057.0,2057.0,2057.0,2057.0,2057.0,2057.0,2057.0,2057.0,2057.0,2057.0,2057.0,2057.0,2057.0,2057.0,2057.0,2057.0,2057.0,2057.0,2057.0,2057.0,2057.0,2057.0,2057.0,2057.0,2057.0,2057.0,2057.0,2057.0,2057.0,2057.0,2057.0,2057.0,2057.0,2057.0,2057.0,2057.0,2057.0,2057.0,2057.0,2057.0,7.0,0.7,277.34517,277.26716,277.26839,277.40067,277.72466,278.30524,279.20344,280.46654,282.11783,284.14747,286.50568,289.0996,291.79545,294.4277,296.81656,298.79311,300.2292,301.06602,301.33383,301.15595,359.65440644910814,187.5613903298212,3125.16587,242.00648,1041.2874600000005,-34.694759999999974
2058,2058,2058.0,2058.0,2058.0,2058.0,2058.0,2058.0,2058.0,2058.0,2058.0,2058.0,2058.0,2058.0,2058.0,2058.0,2058.0,2058.0,2058.0,2058.0,2058.0,2058.0,2058.0,2058.0,2058.0,2058.0,2058.0,2058.0,2058.0,2058.0,2058.0,2058.0,2058.0,2058.0,2058.0,2058.0,2058.0,2058.0,2058.0,2058.0,2058.0,2058.0,2058.0,2058.0,2058.0,2058.0,2058.0,2058.0,2058.0,2058.0,2058.0,8.0,0.8,346.00587,333.03391,321.3246,311.30243,303.1917,297.01324,292.60959,289.68529,287.84854,286.6439,285.57308,284.10699,281.69799,277.8021,271.91894,263.65041,252.77096,239.29378,223.51269,206.00149,347.1777278308689,239.2178402015877,3367.17235,380.5599100000004,799.2809800000005,-15.986760000000004
2059,2059,2059.0,2059.0,2059.0,2059.0,2059.0,2059.0,2059.0,2059.0,2059.0,2059.0,2059.0,2059.0,2059.0,2059.0,2059.0,2059.0,2059.0,2059.0,2059.0,2059.0,2059.0,2059.0,2059.0,2059.0,2059.0,2059.0,2059.0,2059.0,2059.0,2059.0,2059.0,2059.0,2059.0,2059.0,2059.0,2059.0,2059.0,2059.0,2059.0,2059.0,2059.0,2059.0,2059.0,2059.0,2059.0,2059.0,2059.0,2059.0,2059.0,9.0,0.9,339.86984,332.67784,325.71043,319.06114,312.79944,306.96216,301.54711,296.51143,291.77651,287.24006,282.79396,278.34497,273.83351,269.24565,264.61416,260.00681,255.50411,251.17203,247.0378,243.07717,234.24776669165283,225.5953242057928,3747.73226,418.72107000000005,418.72107000000005,-6.037840000000017
2060,2060,2060.0,2060.0,2060.0,2060.0,2060.0,2060.0,2060.0,2060.0,2060.0,2060.0,2060.0,2060.0,2060.0,2060.0,2060.0,2060.0,2060.0,2060.0,2060.0,2060.0,2060.0,2060.0,2060.0,2060.0,2060.0,2060.0,2060.0,2060.0,2060.0,2060.0,2060.0,2060.0,2060.0,2060.0,2060.0,2060.0,2060.0,2060.0,2060.0,2060.0,2060.0,2060.0,2060.0,2060.0,2060.0,2060.0,2060.0,2060.0,2060.0,0.0,0.0,273.0,273.0,273.0,273.0,273.0,273.0,273.0,273.0,273.0,273.0,273.0,273.0,273.0,273.0,273.0,273.0,273.0,273.0,273.0,273.0,274.6438780258352,180.07791669098924,0.0,506.70025,7206.180700000001,-40.0
2061,2061,2061.0,2061.0,2061.0,2061.0,2061.0,2061.0,2061.0,2061.0,2061.0,2061.0,2061.0,2061.0,2061.0,2061.0,2061.0,2061.0,2061.0,2061.0,2061.0,2061.0,2061.0,2061.0,2061.0,2061.0,2061.0,2061.0,2061.0,2061.0,2061.0,2061.0,2061.0,2061.0,2061.0,2061.0,2061.0,2061.0,2061.0,2061.0,2061.0,2061.0,2061.0,2061.0,2061.0,2061.0,2061.0,2061.0,2061.0,2061.0,2061.0,1.0,0.1,274.36139,274.08999,273.83804,273.60849,273.39602,273.18367,272.93826,272.60389,272.09342,271.27849,269.98015,267.96372,264.94291,260.59801,254.61149,246.71982,236.77462,224.80014,211.03107,195.91577,282.0242082752694,297.4524087842722,506.70025,643.34712,6699.480450000001,-39.81633
2062,2062,2062.0,2062.0,2062.0,2062.0,2062.0,2062.0,2062.0,2062.0,2062.0,2062.0,2062.0,2062.0,2062.0,2062.0,2062.0,2062.0,2062.0,2062.0,2062.0,2062.0,2062.0,2062.0,2062.0,2062.0,2062.0,2062.0,2062.0,2062.0,2062.0,2062.0,2062.0,2062.0,2062.0,2062.0,2062.0,2062.0,2062.0,2062.0,2062.0,2062.0,2062.0,2062.0,2062.0,2062.0,2062.0,2062.0,2062.0,2062.0,2062.0,2.0,0.2,280.41839,278.84634,277.33164,275.87989,274.47531,273.08275,271.65571,270.14986,268.54135,266.84795,265.15001,263.60661,262.46051,262.02546,262.65131,264.66714,268.31026,273.6558,280.56663,288.6817,179.96662903728867,175.8068373499956,1150.04737,668.81764,6056.133330000001,-39.91725000000002
2063,2063,2063.0,2063.0,2063.0,2063.0,2063.0,2063.0,2063.0,2063.0,2063.0,2063.0,2063.0,2063.0,2063.0,2063.0,2063.0,2063.0,2063.0,2063.0,2063.0,2063.0,2063.0,2063.0,2063.0,2063.0,2063.0,2063.0,2063.0,2063.0,2063.0,2063.0,2063.0,2063.0,2063.0,2063.0,2063.0,2063.0,2063.0,2063.0,2063.0,2063.0,2063.0,2063.0,2063.0,2063.0,2063.0,2063.0,2063.0,2063.0,2063.0,3.0,0.3,195.86114,210.96618,224.60101,236.27733,245.74072,252.96475,258.10502,261.4283,263.2338,263.78148,263.23729,261.641,258.89966,254.8082,249.09689,241.50141,231.84565,220.1207,206.54016,191.55326,200.51271403285105,287.0364849342865,1818.86501,997.0163000000002,5387.31569,-60.03524999999999
2064,2064,2064.0,2064.0,2064.0,2064.0,2064.0,2064.0,2064.0,2064.0,2064.0,2064.0,2064.0,2064.0,2064.0,2064.0,2064.0,2064.0,2064.0,2064.0,2064.0,2064.0,2064.0,2064.0,2064.0,2064.0,2064.0,2064.0,2064.0,2064.0,2064.0,2064.0,2064.0,2064.0,2064.0,2064.0,2064.0,2064.0,2064.0,2064.0,2064.0,2064.0,2064.0,2064.0,2064.0,2064.0,2064.0,2064.0,2064.0,2064.0,2064.0,4.0,0.4,207.819,214.98782,221.87738,228.34058,234.2292,239.40387,243.74861,247.18792,249.70436,251.35465,252.28214,252.72272,252.99979,253.50395,254.65368,256.83807,260.34821,265.31125,271.64467,279.04739,179.3267244197535,366.354405838216,2815.88131,1016.3854199999996,4390.29939,-73.59612999999999
2065,2065,2065.0,2065.0,2065.0,2065.0,2065.0,2065.0,2065.0,2065.0,2065.0,2065.0,2065.0,2065.0,2065.0,2065.0,2065.0,2065.0,2065.0,2065.0,2065.0,2065.0,2065.0,2065.0,2065.0,2065.0,2065.0,2065.0,2065.0,2065.0,2065.0,2065.0,2065.0,2065.0,2065.0,2065.0,2065.0,2065.0,2065.0,2065.0,2065.0,2065.0,2065.0,2065.0,2065.0,2065.0,2065.0,2065.0,2065.0,2065.0,2065.0,5.0,0.5,188.8581,198.12307,206.88428,214.95768,222.22854,228.65882,234.28736,239.2263,243.65661,247.82437,252.03721,256.65776,262.08971,268.75169,277.03657,287.25774,299.5895,314.01386,330.28864,347.94986,254.2816525601092,252.4177497728522,3832.26673,896.6926699999999,3373.91397,-84.34118000000001
2066,2066,2066.0,2066.0,2066.0,2066.0,2066.0,2066.0,2066.0,2066.0,2066.0,2066.0,2066.0,2066.0,2066.0,2066.0,2066.0,2066.0,2066.0,2066.0,2066.0,2066.0,2066.0,2066.0,2066.0,2066.0,2066.0,2066.0,2066.0,2066.0,2066.0,2066.0,2066.0,2066.0,2066.0,2066.0,2066.0,2066.0,2066.0,2066.0,2066.0,2066.0,2066.0,2066.0,2066.0,2066.0,2066.0,2066.0,2066.0,2066.0,2066.0,6.0,0.6,249.29688,244.80831,241.24153,238.89777,237.92838,238.3391,240.01733,242.76957,246.35577,250.51143,254.95446,259.38094,263.4591,266.83244,269.14118,270.06507,269.38235,267.03087,263.15262,258.1034,342.723044928809,178.4540644327027,4728.9594,838.2407499999999,2477.2213,-74.6609
2067,2067,2067.0,2067.0,2067.0,2067.0,2067.0,2067.0,2067.0,2067.0,2067.0,2067.0,2067.0,2067.0,2067.0,2067.0,2067.0,2067.0,2067.0,2067.0,2067.0,2067.0,2067.0,2067.0,2067.0,2067.0,2067.0,2067.0,2067.0,2067.0,2067.0,2067.0,2067.0,2067.0,2067.0,2067.0,2067.0,2067.0,2067.0,2067.0,2067.0,2067.0,2067.0,2067.0,2067.0,2067.0,2067.0,2067.0,2067.0,2067.0,2067.0,7.0,0.7,325.74068,309.60512,295.05402,282.62932,272.6287,265.09916,259.8659,256.58224,254.78498,253.94333,253.49556,252.8748,251.52974,248.94802,244.68816,238.42162,229.9801,219.39774,206.93458,193.06912,348.3166306224326,371.5871235688046,5567.20015,759.32114,1638.9805500000002,-47.90084000000002
2068,2068,2068.0,2068.0,2068.0,2068.0,2068.0,2068.0,2068.0,2068.0,2068.0,2068.0,2068.0,2068.0,2068.0,2068.0,2068.0,2068.0,2068.0,2068.0,2068.0,2068.0,2068.0,2068.0,2068.0,2068.0,2068.0,2068.0,2068.0,2068.0,2068.0,2068.0,2068.0,2068.0,2068.0,2068.0,2068.0,2068.0,2068.0,2068.0,2068.0,2068.0,2068.0,2068.0,2068.0,2068.0,2068.0,2068.0,2068.0,2068.0,2068.0,8.0,0.8,335.77132,323.55631,311.97303,301.26984,291.6264,283.14955,275.88215,269.82493,264.96972,261.34037,259.03484,258.2592,259.34192,262.71666,268.86593,278.22674,291.07155,307.39059,326.80868,348.56717,339.3238748746487,246.43991415889843,6326.52129,413.84206,879.6594100000002,-29.850450000000023
2069,2069,2069.0,2069.0,2069.0,2069.0,2069.0,2069.0,2069.0,2069.0,2069.0,2069.0,2069.0,2069.0,2069.0,2069.0,2069.0,2069.0,2069.0,2069.0,2069.0,2069.0,2069.0,2069.0,2069.0,2069.0,2069.0,2069.0,2069.0,2069.0,2069.0,2069.0,2069.0,2069.0,2069.0,2069.0,2069.0,2069.0,2069.0,2069.0,2069.0,2069.0,2069.0,2069.0,2069.0,2069.0,2069.0,2069.0,2069.0,2069.0,2069.0,9.0,0.9,330.89877,322.59406,314.53487,306.85381,299.69025,293.18523,287.4719,282.66159,278.82617,275.97801,274.04994,272.87947,272.20345,271.66984,270.87179,269.40439,266.93691,263.28555,258.46692,252.71336,216.0215987359619,176.5672507433772,6740.36335,465.81735000000026,465.81735000000026,-19.81477000000001
2070,2070,2070.0,2070.0,2070.0,2070.0,2070.0,2070.0,2070.0,2070.0,2070.0,2070.0,2070.0,2070.0,2070.0,2070.0,2070.0,2070.0,2070.0,2070.0,2070.0,2070.0,2070.0,2070.0,2070.0,2070.0,2070.0,2070.0,2070.0,2070.0,2070.0,2070.0,2070.0,2070.0,2070.0,2070.0,2070.0,2070.0,2070.0,2070.0,2070.0,2070.0,2070.0,2070.0,2070.0,2070.0,2070.0,2070.0,2070.0,2070.0,2070.0,0.0,0.0,273.0,273.0,273.0,273.0,273.0,273.0,273.0,273.0,273.0,273.0,273.0,273.0,273.0,273.0,273.0,273.0,273.0,273.0,273.0,273.0,174.53392659482395,262.9861572330089,0.0,515.39741,3457.5127,2.2802899999999795
2071,2071,2071.0,2071.0,2071.0,2071.0,2071.0,2071.0,2071.0,2071.0,2071.0,2071.0,2071.0,2071.0,2071.0,2071.0,2071.0,2071.0,2071.0,2071.0,2071.0,2071.0,2071.0,2071.0,2071.0,2071.0,2071.0,2071.0,2071.0,2071.0,2071.0,2071.0,2071.0,2071.0,2071.0,2071.0,2071.0,2071.0,2071.0,2071.0,2071.0,2071.0,2071.0,2071.0,2071.0,2071.0,2071.0,2071.0,2071.0,2071.0,2071.0,1.0,0.1,191.3164,207.333,221.92253,234.60921,245.14316,253.49647,259.8225,264.39403,267.53723,269.57535,270.78976,271.39995,271.55973,271.36495,270.86794,270.09472,269.06176,267.79012,266.31516,264.69049,206.6472009235299,324.6233617390143,515.39741,684.2634800000001,2942.11529,2.2802899999999795
2072,2072,2072.0,2072.0,2072.0,2072.0,2072.0,2072.0,2072.0,2072.0,2072.0,2072.0,2072.0,2072.0,2072.0,2072.0,2072.0,2072.0,2072.0,2072.0,2072.0,2072.0,2072.0,2072.0,2072.0,2072.0,2072.0,2072.0,2072.0,2072.0,2072.0,2072.0,2072.0,2072.0,2072.0,2072.0,2072.0,2072.0,2072.0,2072.0,2072.0,2072.0,2072.0,2072.0,2072.0,2072.0,2072.0,2072.0,2072.0,2072.0,2072.0,2.0,0.2,213.06095,219.44913,225.77111,231.96199,237.93314,243.58291,248.81497,253.55984,257.79512,261.56071,264.96677,268.19306,271.47863,275.10087,279.34387,284.45797,290.61532,297.86992,306.1323,315.16784,323.8803332415756,222.5437359060193,1199.66089,633.9936399999999,2257.85181,2.2802899999999795
2073,2073,2073.0,2073.0,2073.0,2073.0,2073.0,2073.0,2073.0,2073.0,2073.0,2073.0,2073.0,2073.0,2073.0,2073.0,2073.0,2073.0,2073.0,2073.0,2073.0,2073.0,2073.0,2073.0,2073.0,2073.0,2073.0,2073.0,2073.0,2073.0,2073.0,2073.0,2073.0,2073.0,2073.0,2073.0,2073.0,2073.0,2073.0,2073.0,2073.0,2073.0,2073.0,2073.0,2073.0,2073.0,2073.0,2073.0,2073.0,2073.0,2073.0,3.0,0.3,309.77467,296.53293,284.89599,275.38677,268.26248,263.51817,260.93167,260.13038,260.65923,262.03384,263.77207,265.4065,266.48714,266.5866,265.3181,262.37069,257.55804,250.86862,242.50043,232.86385,324.8150325443602,334.82924585579906,1833.65453,542.9373899999998,1623.8581700000002,2.2802899999999795
2074,2074,2074.0,2074.0,2074.0,2074.0,2074.0,2074.0,2074.0,2074.0,2074.0,2074.0,2074.0,2074.0,2074.0,2074.0,2074.0,2074.0,2074.0,2074.0,2074.0,2074.0,2074.0,2074.0,2074.0,2074.0,2074.0,2074.0,2074.0,2074.0,2074.0,2074.0,2074.0,2074.0,2074.0,2074.0,2074.0,2074.0,2074.0,2074.0,2074.0,2074.0,2074.0,2074.0,2074.0,2074.0,2074.0,2074.0,2074.0,2074.0,2074.0,4.0,0.4,315.86246,307.19299,299.06589,291.696,285.23918,279.78604,275.36517,271.95615,269.51131,267.98385,267.35809,267.67576,269.05119,271.66772,275.75073,281.51717,289.10928,298.5272,309.5796,321.8701,326.38824819838544,338.1813673993201,2376.59192,326.58905000000004,1080.9207800000004,2.2802899999999795
2075,2075,2075.0,2075.0,2075.0,2075.0,2075.0,2075.0,2075.0,2075.0,2075.0,2075.0,2075.0,2075.0,2075.0,2075.0,2075.0,2075.0,2075.0,2075.0,2075.0,2075.0,2075.0,2075.0,2075.0,2075.0,2075.0,2075.0,2075.0,2075.0,2075.0,2075.0,2075.0,2075.0,2075.0,2075.0,2075.0,2075.0,2075.0,2075.0,2075.0,2075.0,2075.0,2075.0,2075.0,2075.0,2075.0,2075.0,2075.0,2075.0,2075.0,5.0,0.5,319.34532,312.46714,305.91189,299.82569,294.33893,289.56488,285.60036,282.52807,280.41954,279.33773,279.33833,280.4689,282.76542,286.24631,290.90452,296.69886,303.54621,311.31641,319.83162,328.87105,362.4338384126745,304.3745903038678,2703.18097,191.2762200000002,754.3317300000003,2.2802899999999795
2076,2076,2076.0,2076.0,2076.0,2076.0,2076.0,2076.0,2076.0,2076.0,2076.0,2076.0,2076.0,2076.0,2076.0,2076.0,2076.0,2076.0,2076.0,2076.0,2076.0,2076.0,2076.0,2076.0,2076.0,2076.0,2076.0,2076.0,2076.0,2076.0,2076.0,2076.0,2076.0,2076.0,2076.0,2076.0,2076.0,2076.0,2076.0,2076.0,2076.0,2076.0,2076.0,2076.0,2076.0,2076.0,2076.0,2076.0,2076.0,2076.0,2076.0,6.0,0.6,350.77889,339.52894,329.04793,319.6265,311.46416,304.66756,299.26155,295.20724,292.42076,290.78796,290.173,290.42181,291.36341,292.81289,294.57937,296.48004,298.35897,300.10643,301.67301,303.07308,356.95148718698306,223.34015610296743,2894.45719,187.7095,563.0555100000001,2.2802899999999795
2077,2077,2077.0,2077.0,2077.0,2077.0,2077.0,2077.0,2077.0,2077.0,2077.0,2077.0,2077.0,2077.0,2077.0,2077.0,2077.0,2077.0,2077.0,2077.0,2077.0,2077.0,2077.0,2077.0,2077.0,2077.0,2077.0,2077.0,2077.0,2077.0,2077.0,2077.0,2077.0,2077.0,2077.0,2077.0,2077.0,2077.0,2077.0,2077.0,2077.0,2077.0,2077.0,2077.0,2077.0,2077.0,2077.0,2077.0,2077.0,2077.0,2077.0,7.0,0.7,349.19435,341.58514,334.26682,327.37154,321.0135,315.28029,310.22305,305.84585,302.0954,298.85192,295.92332,293.04541,289.89162,286.09586,281.29045,275.15744,267.48662,258.22878,247.5297,235.7322,288.18868520542844,347.91840849143944,3082.16669,220.76773000000003,375.3460100000002,2.2802899999999795
2078,2078,2078.0,2078.0,2078.0,2078.0,2078.0,2078.0,2078.0,2078.0,2078.0,2078.0,2078.0,2078.0,2078.0,2078.0,2078.0,2078.0,2078.0,2078.0,2078.0,2078.0,2078.0,2078.0,2078.0,2078.0,2078.0,2078.0,2078.0,2078.0,2078.0,2078.0,2078.0,2078.0,2078.0,2078.0,2078.0,2078.0,2078.0,2078.0,2078.0,2078.0,2078.0,2078.0,2078.0,2078.0,2078.0,2078.0,2078.0,2078.0,2078.0,8.0,0.8,293.38113,298.11759,302.01018,304.79121,306.33892,306.67481,305.9393,304.35729,302.20618,299.7949,297.45646,295.54995,294.46253,294.60067,296.36155,300.0822,305.97268,314.04846,324.08311,335.60066,360.3995191970872,357.8476687191069,3302.93442,105.58494999999994,154.57828000000018,2.2802899999999795
2079,2079,2079.0,2079.0,2079.0,2079.0,2079.0,2079.0,2079.0,2079.0,2079.0,2079.0,2079.0,2079.0,2079.0,2079.0,2079.0,2079.0,2079.0,2079.0,2079.0,2079.0,2079.0,2079.0,2079.0,2079.0,2079.0,2079.0,2079.0,2079.0,2079.0,2079.0,2079.0,2079.0,2079.0,2079.0,2079.0,2079.0,2079.0,2079.0,2079.0,2079.0,2079.0,2079.0,2079.0,2079.0,2079.0,2079.0,2079.0,2079.0,2079.0,9.0,0.9,350.59201,341.22068,332.65923,325.17273,318.89833,313.85491,309.97585,307.15326,305.28118,304.28818,304.15419,304.91088,306.6287,309.3947,313.28598,318.34329,324.54841,331.80887,339.95245,348.73306,186.31060751412016,354.69980060884023,3408.51937,48.99333000000024,48.99333000000024,2.2802899999999795
2080,2080,2080.0,2080.0,2080.0,2080.0,2080.0,2080.0,2080.0,2080.0,2080.0,2080.0,2080.0,2080.0,2080.0,2080.0,2080.0,2080.0,2080.0,2080.0,2080.0,2080.0,2080.0,2080.0,2080.0,2080.0,2080.0,2080.0,2080.0,2080.0,2080.0,2080.0,2080.0,2080.0,2080.0,2080.0,2080.0,2080.0,2080.0,2080.0,2080.0,2080.0,2080.0,2080.0,2080.0,2080.0,2080.0,2080.0,2080.0,2080.0,2080.0,0.0,0.0,273.0,273.0,273.0,273.0,273.0,273.0,273.0,273.0,273.0,273.0,273.0,273.0,273.0,273.0,273.0,273.0,273.0,273.0,273.0,273.0,242.14654212435312,285.71870468208385,0.0,456.97034,4538.8955,-40.0
2081,2081,2081.0,2081.0,2081.0,2081.0,2081.0,2081.0,2081.0,2081.0,2081.0,2081.0,2081.0,2081.0,2081.0,2081.0,2081.0,2081.0,2081.0,2081.0,2081.0,2081.0,2081.0,2081.0,2081.0,2081.0,2081.0,2081.0,2081.0,2081.0,2081.0,2081.0,2081.0,2081.0,2081.0,2081.0,2081.0,2081.0,2081.0,2081.0,2081.0,2081.0,2081.0,2081.0,2081.0,2081.0,2081.0,2081.0,2081.0,2081.0,2081.0,1.0,0.1,247.40563,252.42499,256.99788,260.97611,264.28303,266.91288,268.91892,270.39535,271.45826,272.2299,272.82812,273.36104,273.92521,274.60483,275.47024,276.57439,277.94768,279.5925,281.47989,283.55012,250.5547132187909,360.34141943930274,456.97034,442.50699,4081.92516,-46.08712000000003
2082,2082,2082.0,2082.0,2082.0,2082.0,2082.0,2082.0,2082.0,2082.0,2082.0,2082.0,2082.0,2082.0,2082.0,2082.0,2082.0,2082.0,2082.0,2082.0,2082.0,2082.0,2082.0,2082.0,2082.0,2082.0,2082.0,2082.0,2082.0,2082.0,2082.0,2082.0,2082.0,2082.0,2082.0,2082.0,2082.0,2082.0,2082.0,2082.0,2082.0,2082.0,2082.0,2082.0,2082.0,2082.0,2082.0,2082.0,2082.0,2082.0,2082.0,2.0,0.2,252.87369,255.17797,257.45103,259.67436,261.83003,263.90653,265.90719,267.86048,269.83079,271.92821,274.31547,277.20935,280.87335,285.59848,291.67041,299.32431,308.69342,319.76177,332.33418,346.03499,178.16947978875157,366.7024240955245,899.47733,377.7276799999999,3639.41817,-49.093470000000025
2083,2083,2083.0,2083.0,2083.0,2083.0,2083.0,2083.0,2083.0,2083.0,2083.0,2083.0,2083.0,2083.0,2083.0,2083.0,2083.0,2083.0,2083.0,2083.0,2083.0,2083.0,2083.0,2083.0,2083.0,2083.0,2083.0,2083.0,2083.0,2083.0,2083.0,2083.0,2083.0,2083.0,2083.0,2083.0,2083.0,2083.0,2083.0,2083.0,2083.0,2083.0,2083.0,2083.0,2083.0,2083.0,2083.0,2083.0,2083.0,2083.0,2083.0,3.0,0.3,192.7479,206.77199,219.76785,231.40482,241.52849,250.16089,257.47319,263.74208,269.30187,274.50213,279.67573,285.11811,291.07534,297.73734,305.23342,313.6285,322.91997,333.03676,343.84229,355.1429,322.3493305764517,190.54875716183844,1277.20501,391.1795000000002,3261.69049,-62.839110000000005
2084,2084,2084.0,2084.0,2084.0,2084.0,2084.0,2084.0,2084.0,2084.0,2084.0,2084.0,2084.0,2084.0,2084.0,2084.0,2084.0,2084.0,2084.0,2084.0,2084.0,2084.0,2084.0,2084.0,2084.0,2084.0,2084.0,2084.0,2084.0,2084.0,2084.0,2084.0,2084.0,2084.0,2084.0,2084.0,2084.0,2084.0,2084.0,2084.0,2084.0,2084.0,2084.0,2084.0,2084.0,2084.0,2084.0,2084.0,2084.0,2084.0,2084.0,4.0,0.4,309.02412,296.65264,286.04879,277.77926,272.11019,269.01195,268.20904,269.25209,271.58749,274.60721,277.67359,280.12517,281.27903,280.44717,276.98114,270.34876,260.23325,246.63152,229.92097,210.86593,247.3867379690068,351.00050686238444,1668.38451,417.5631700000001,2870.51099,-43.98804999999999
2085,2085,2085.0,2085.0,2085.0,2085.0,2085.0,2085.0,2085.0,2085.0,2085.0,2085.0,2085.0,2085.0,2085.0,2085.0,2085.0,2085.0,2085.0,2085.0,2085.0,2085.0,2085.0,2085.0,2085.0,2085.0,2085.0,2085.0,2085.0,2085.0,2085.0,2085.0,2085.0,2085.0,2085.0,2085.0,2085.0,2085.0,2085.0,2085.0,2085.0,2085.0,2085.0,2085.0,2085.0,2085.0,2085.0,2085.0,2085.0,2085.0,2085.0,5.0,0.5,252.56128,257.43338,261.75353,265.36332,268.20991,270.33609,271.85399,272.91487,273.68751,274.35297,275.11615,276.22695,277.99851,280.80784,285.06756,291.16543,299.37989,309.79135,322.21594,336.18733,280.4585050484261,263.44167516318885,2085.94768,348.1658799999996,2452.9478199999994,-42.66390999999999
2086,2086,2086.0,2086.0,2086.0,2086.0,2086.0,2086.0,2086.0,2086.0,2086.0,2086.0,2086.0,2086.0,2086.0,2086.0,2086.0,2086.0,2086.0,2086.0,2086.0,2086.0,2086.0,2086.0,2086.0,2086.0,2086.0,2086.0,2086.0,2086.0,2086.0,2086.0,2086.0,2086.0,2086.0,2086.0,2086.0,2086.0,2086.0,2086.0,2086.0,2086.0,2086.0,2086.0,2086.0,2086.0,2086.0,2086.0,2086.0,2086.0,2086.0,6.0,0.6,278.32595,276.37834,274.77415,273.62572,272.99073,272.87522,273.24453,274.03652,275.17126,276.55346,278.06742,279.56761,280.87126,281.75985,281.99554,281.35397,279.66944,276.88202,273.07269,268.47301,236.64475643127025,289.4269929914918,2434.11356,380.2547200000004,2104.78194,-40.12477999999999
2087,2087,2087.0,2087.0,2087.0,2087.0,2087.0,2087.0,2087.0,2087.0,2087.0,2087.0,2087.0,2087.0,2087.0,2087.0,2087.0,2087.0,2087.0,2087.0,2087.0,2087.0,2087.0,2087.0,2087.0,2087.0,2087.0,2087.0,2087.0,2087.0,2087.0,2087.0,2087.0,2087.0,2087.0,2087.0,2087.0,2087.0,2087.0,2087.0,2087.0,2087.0,2087.0,2087.0,2087.0,2087.0,2087.0,2087.0,2087.0,2087.0,2087.0,7.0,0.7,243.13697,249.34901,255.04188,260.04888,264.2899,267.76762,270.54926,272.74129,274.46454,275.83572,276.95785,277.91903,278.79654,279.66196,280.58367,281.62447,282.83426,284.24021,285.83826,287.58992,329.188457220208,181.67988781452053,2814.36828,443.00259000000005,1724.5272199999995,-45.23237999999998
2088,2088,2088.0,2088.0,2088.0,2088.0,2088.0,2088.0,2088.0,2088.0,2088.0,2088.0,2088.0,2088.0,2088.0,2088.0,2088.0,2088.0,2088.0,2088.0,2088.0,2088.0,2088.0,2088.0,2088.0,2088.0,2088.0,2088.0,2088.0,2088.0,2088.0,2088.0,2088.0,2088.0,2088.0,2088.0,2088.0,2088.0,2088.0,2088.0,2088.0,2088.0,2088.0,2088.0,2088.0,2088.0,2088.0,2088.0,2088.0,2088.0,2088.0,8.0,0.8,318.16777,307.77016,298.52595,290.80127,284.76195,280.37572,277.44459,275.65248,274.61254,273.90248,273.08433,271.71191,269.3352,265.51255,259.83906,251.99394,241.80061,229.28573,214.71842,198.61207,287.647786784268,191.65400779553107,3257.37087,608.7580499999999,1281.5246299999994,-32.62428
2089,2089,2089.0,2089.0,2089.0,2089.0,2089.0,2089.0,2089.0,2089.0,2089.0,2089.0,2089.0,2089.0,2089.0,2089.0,2089.0,2089.0,2089.0,2089.0,2089.0,2089.0,2089.0,2089.0,2089.0,2089.0,2089.0,2089.0,2089.0,2089.0,2089.0,2089.0,2089.0,2089.0,2089.0,2089.0,2089.0,2089.0,2089.0,2089.0,2089.0,2089.0,2089.0,2089.0,2089.0,2089.0,2089.0,2089.0,2089.0,2089.0,2089.0,9.0,0.9,287.38464,286.97122,286.28267,285.23687,283.79851,281.96942,279.76932,277.21355,274.2946,270.97237,267.1749,262.80868,257.77522,251.98982,245.39867,237.99125,229.80648,220.93245,211.50094,201.67822,240.4677200253141,352.64158487006586,3866.12892,672.7665799999995,672.7665799999995,-31.030579999999983
2090,2090,2090.0,2090.0,2090.0,2090.0,2090.0,2090.0,2090.0,2090.0,2090.0,2090.0,2090.0,2090.0,2090.0,2090.0,2090.0,2090.0,2090.0,2090.0,2090.0,2090.0,2090.0,2090.0,2090.0,2090.0,2090.0,2090.0,2090.0,2090.0,2090.0,2090.0,2090.0,2090.0,2090.0,2090.0,2090.0,2090.0,2090.0,2090.0,2090.0,2090.0,2090.0,2090.0,2090.0,2090.0,2090.0,2090.0,2090.0,2090.0,2090.0,0.0,0.0,273.0,273.0,273.0,273.0,273.0,273.0,273.0,273.0,273.0,273.0,273.0,273.0,273.0,273.0,273.0,273.0,273.0,273.0,273.0,273.0,276.69665151762143,326.00033621314617,0.0,418.9249,3937.97347,-40.0
2091,2091,2091.0,2091.0,2091.0,2091.0,2091.0,2091.0,2091.0,2091.0,2091.0,2091.0,2091.0,2091.0,2091.0,2091.0,2091.0,2091.0,2091.0,2091.0,2091.0,2091.0,2091.0,2091.0,2091.0,2091.0,2091.0,2091.0,2091.0,2091.0,2091.0,2091.0,2091.0,2091.0,2091.0,2091.0,2091.0,2091.0,2091.0,2091.0,2091.0,2091.0,2091.0,2091.0,2091.0,2091.0,2091.0,2091.0,2091.0,2091.0,2091.0,1.0,0.1,276.06789,275.46885,274.92587,274.45962,274.08485,273.81246,273.65399,273.62824,273.76914,274.13406,274.81096,275.9222,277.62242,280.08784,283.49547,287.99305,293.66365,300.4926,308.34564,316.96684,183.7512188241906,240.20398596539115,418.9249,409.44492,3519.0485699999995,-39.18754000000001
2092,2092,2092.0,2092.0,2092.0,2092.0,2092.0,2092.0,2092.0,2092.0,2092.0,2092.0,2092.0,2092.0,2092.0,2092.0,2092.0,2092.0,2092.0,2092.0,2092.0,2092.0,2092.0,2092.0,2092.0,2092.0,2092.0,2092.0,2092.0,2092.0,2092.0,2092.0,2092.0,2092.0,2092.0,2092.0,2092.0,2092.0,2092.0,2092.0,2092.0,2092.0,2092.0,2092.0,2092.0,2092.0,2092.0,2092.0,2092.0,2092.0,2092.0,2.0,0.2,199.23084,214.01365,227.50204,239.27382,249.11988,257.0387,263.19449,267.85307,271.3113,273.83359,275.60435,276.70069,277.08706,276.63178,275.14405,272.42743,268.34207,262.86367,256.12465,248.42465,275.8365919226743,304.9647108160475,828.36982,561.1869,3109.60365,-55.9613
2093,2093,2093.0,2093.0,2093.0,2093.0,2093.0,2093.0,2093.0,2093.0,2093.0,2093.0,2093.0,2093.0,2093.0,2093.0,2093.0,2093.0,2093.0,2093.0,2093.0,2093.0,2093.0,2093.0,2093.0,2093.0,2093.0,2093.0,2093.0,2093.0,2093.0,2093.0,2093.0,2093.0,2093.0,2093.0,2093.0,2093.0,2093.0,2093.0,2093.0,2093.0,2093.0,2093.0,2093.0,2093.0,2093.0,2093.0,2093.0,2093.0,2093.0,3.0,0.3,271.23426,267.1003,263.82089,261.63849,260.62465,260.69057,261.62813,263.16788,265.0393,267.02151,268.97788,270.87219,272.76706,274.8062,277.18287,280.09758,283.71104,288.10027,293.22841,298.93686,362.57742472389646,205.92197559596943,1389.55672,482.39416000000006,2548.4167499999994,-52.30943000000002
2094,2094,2094.0,2094.0,2094.0,2094.0,2094.0,2094.0,2094.0,2094.0,2094.0,2094.0,2094.0,2094.0,2094.0,2094.0,2094.0,2094.0,2094.0,2094.0,2094.0,2094.0,2094.0,2094.0,2094.0,2094.0,2094.0,2094.0,2094.0,2094.0,2094.0,2094.0,2094.0,2094.0,2094.0,2094.0,2094.0,2094.0,2094.0,2094.0,2094.0,2094.0,2094.0,2094.0,2094.0,2094.0,2094.0,2094.0,2094.0,2094.0,2094.0,4.0,0.4,345.7661,329.74973,315.21969,302.68247,292.41579,284.46595,278.67909,274.75169,272.28409,270.82465,269.89878,269.02465,267.72297,265.53035,262.02475,256.866,249.84713,240.94479,230.3526,218.48195,363.9022470071965,258.9073343071679,1871.95088,508.29755999999975,2066.02259,-28.53404999999998
2095,2095,2095.0,2095.0,2095.0,2095.0,2095.0,2095.0,2095.0,2095.0,2095.0,2095.0,2095.0,2095.0,2095.0,2095.0,2095.0,2095.0,2095.0,2095.0,2095.0,2095.0,2095.0,2095.0,2095.0,2095.0,2095.0,2095.0,2095.0,2095.0,2095.0,2095.0,2095.0,2095.0,2095.0,2095.0,2095.0,2095.0,2095.0,2095.0,2095.0,2095.0,2095.0,2095.0,2095.0,2095.0,2095.0,2095.0,2095.0,2095.0,2095.0,5.0,0.5,351.94907,340.28011,329.15602,318.79316,309.34801,300.90861,293.49385,287.06084,281.51938,276.75202,272.63705,269.07081,265.98533,263.35685,261.20224,259.56259,258.47678,257.95162,257.93705,258.31511,356.0098869194701,225.55775810637465,2380.24844,471.6114900000002,1557.72503,-12.09138999999999
2096,2096,2096.0,2096.0,2096.0,2096.0,2096.0,2096.0,2096.0,2096.0,2096.0,2096.0,2096.0,2096.0,2096.0,2096.0,2096.0,2096.0,2096.0,2096.0,2096.0,2096.0,2096.0,2096.0,2096.0,2096.0,2096.0,2096.0,2096.0,2096.0,2096.0,2096.0,2096.0,2096.0,2096.0,2096.0,2096.0,2096.0,2096.0,2096.0,2096.0,2096.0,2096.0,2096.0,2096.0,2096.0,2096.0,2096.0,2096.0,2096.0,2096.0,6.0,0.6,347.53334,339.1335,330.88812,322.87577,315.17335,307.85125,300.96701,294.55817,288.63578,283.17907,278.13242,273.40517,268.87537,264.39845,259.82155,255.00283,249.83349,244.25839,238.28987,232.00984,296.1098443046001,289.2563706681792,2851.85993,435.12410999999975,1086.1135399999998,-5.148750000000007
2097,2097,2097.0,2097.0,2097.0,2097.0,2097.0,2097.0,2097.0,2097.0,2097.0,2097.0,2097.0,2097.0,2097.0,2097.0,2097.0,2097.0,2097.0,2097.0,2097.0,2097.0,2097.0,2097.0,2097.0,2097.0,2097.0,2097.0,2097.0,2097.0,2097.0,2097.0,2097.0,2097.0,2097.0,2097.0,2097.0,2097.0,2097.0,2097.0,2097.0,2097.0,2097.0,2097.0,2097.0,2097.0,2097.0,2097.0,2097.0,2097.0,2097.0,7.0,0.7,298.59879,300.68014,302.00813,302.34635,301.59156,299.77161,297.02282,293.55656,289.62582,285.49954,281.44789,277.73669,274.62569,272.36367,271.17486,271.23461,272.63695,275.36211,279.25441,284.02096,310.1158611242555,364.4362346020629,3286.98404,284.37750000000005,650.9894300000001,-13.22838999999999
2098,2098,2098.0,2098.0,2098.0,2098.0,2098.0,2098.0,2098.0,2098.0,2098.0,2098.0,2098.0,2098.0,2098.0,2098.0,2098.0,2098.0,2098.0,2098.0,2098.0,2098.0,2098.0,2098.0,2098.0,2098.0,2098.0,2098.0,2098.0,2098.0,2098.0,2098.0,2098.0,2098.0,2098.0,2098.0,2098.0,2098.0,2098.0,2098.0,2098.0,2098.0,2098.0,2098.0,2098.0,2098.0,2098.0,2098.0,2098.0,2098.0,2098.0,8.0,0.8,307.83471,305.55226,303.26511,300.96814,298.6588,296.34563,294.05974,291.86765,289.88297,288.27525,287.27361,287.16293,288.26992,290.93674,295.48097,302.14457,311.0382,322.09225,335.02785,349.35972,190.0033187811524,302.32382751090563,3571.36154,164.31438000000026,366.61193,-16.65436999999997
2099,2099,2099.0,2099.0,2099.0,2099.0,2099.0,2099.0,2099.0,2099.0,2099.0,2099.0,2099.0,2099.0,2099.0,2099.0,2099.0,2099.0,2099.0,2099.0,2099.0,2099.0,2099.0,2099.0,2099.0,2099.0,2099.0,2099.0,2099.0,2099.0,2099.0,2099.0,2099.0,2099.0,2099.0,2099.0,2099.0,2099.0,2099.0,2099.0,2099.0,2099.0,2099.0,2099.0,2099.0,2099.0,2099.0,2099.0,2099.0,2099.0,2099.0,9.0,0.9,208.30484,225.70238,241.42326,254.92772,265.9607,274.54794,280.94526,285.55934,288.86021,291.3027,293.26698,295.02221,296.71326,298.36807,299.92282,301.26068,302.25819,302.8309,302.96796,302.74692,331.9057010736865,305.7247827623198,3735.67592,202.29754999999977,202.29754999999977,-38.45206000000002
2100,2100,2100.0,2100.0,2100.0,2100.0,2100.0,2100.0,2100.0,2100.0,2100.0,2100.0,2100.0,2100.0,2100.0,2100.0,2100.0,2100.0,2100.0,2100.0,2100.0,2100.0,2100.0,2100.0,2100.0,2100.0,2100.0,2100.0,2100.0,2100.0,2100.0,2100.0,2100.0,2100.0,2100.0,2100.0,2100.0,2100.0,2100.0,2100.0,2100.0,2100.0,2100.0,2100.0,2100.0,2100.0,2100.0,2100.0,2100.0,2100.0,2100.0,0.0,0.0,273.0,273.0,273.0,273.0,273.0,273.0,273.0,273.0,273.0,273.0,273.0,273.0,273.0,273.0,273.0,273.0,273.0,273.0,273.0,273.0,225.70138839775865,261.60047158840155,0.0,480.2685,3561.59171,-40.0
2101,2101,2101.0,2101.0,2101.0,2101.0,2101.0,2101.0,2101.0,2101.0,2101.0,2101.0,2101.0,2101.0,2101.0,2101.0,2101.0,2101.0,2101.0,2101.0,2101.0,2101.0,2101.0,2101.0,2101.0,2101.0,2101.0,2101.0,2101.0,2101.0,2101.0,2101.0,2101.0,2101.0,2101.0,2101.0,2101.0,2101.0,2101.0,2101.0,2101.0,2101.0,2101.0,2101.0,2101.0,2101.0,2101.0,2101.0,2101.0,2101.0,2101.0,1.0,0.1,233.7627,241.45604,248.46361,254.55651,259.614,263.62141,266.65023,268.82789,270.30529,271.22902,271.7219,271.87301,271.73614,271.3348,270.67172,269.74077,268.53938,267.07941,265.39451,263.54224,362.1288276091656,360.937289357471,480.2685,462.3618,3081.32321,-49.37858999999997
2102,2102,2102.0,2102.0,2102.0,2102.0,2102.0,2102.0,2102.0,2102.0,2102.0,2102.0,2102.0,2102.0,2102.0,2102.0,2102.0,2102.0,2102.0,2102.0,2102.0,2102.0,2102.0,2102.0,2102.0,2102.0,2102.0,2102.0,2102.0,2102.0,2102.0,2102.0,2102.0,2102.0,2102.0,2102.0,2102.0,2102.0,2102.0,2102.0,2102.0,2102.0,2102.0,2102.0,2102.0,2102.0,2102.0,2102.0,2102.0,2102.0,2102.0,2.0,0.2,344.57689,327.95275,313.04864,300.41835,290.32871,282.7716,277.52588,274.24843,272.57089,272.18319,272.89182,274.64795,277.5454,281.7905,287.64781,295.36812,305.10909,316.8633,330.41064,345.31001,372.9633160668438,238.9122688049553,942.6303,252.445,2618.96141,-30.228400000000025
2103,2103,2103.0,2103.0,2103.0,2103.0,2103.0,2103.0,2103.0,2103.0,2103.0,2103.0,2103.0,2103.0,2103.0,2103.0,2103.0,2103.0,2103.0,2103.0,2103.0,2103.0,2103.0,2103.0,2103.0,2103.0,2103.0,2103.0,2103.0,2103.0,2103.0,2103.0,2103.0,2103.0,2103.0,2103.0,2103.0,2103.0,2103.0,2103.0,2103.0,2103.0,2103.0,2103.0,2103.0,2103.0,2103.0,2103.0,2103.0,2103.0,2103.0,3.0,0.3,359.38036,346.21193,333.84034,322.5882,312.69913,304.32776,297.5375,292.30306,288.51402,285.97694,284.4156,283.47239,282.7163,281.66458,279.82322,276.747,272.11189,265.78513,257.87325,248.72967,336.512523446018,253.04301532569275,1195.0753,293.83457,2366.51641,-8.672239999999988
2104,2104,2104.0,2104.0,2104.0,2104.0,2104.0,2104.0,2104.0,2104.0,2104.0,2104.0,2104.0,2104.0,2104.0,2104.0,2104.0,2104.0,2104.0,2104.0,2104.0,2104.0,2104.0,2104.0,2104.0,2104.0,2104.0,2104.0,2104.0,2104.0,2104.0,2104.0,2104.0,2104.0,2104.0,2104.0,2104.0,2104.0,2104.0,2104.0,2104.0,2104.0,2104.0,2104.0,2104.0,2104.0,2104.0,2104.0,2104.0,2104.0,2104.0,4.0,0.4,332.31128,328.02864,323.60924,319.04171,314.36358,309.6522,305.00523,300.5171,296.25782,292.25952,288.51273,284.97209,281.56878,278.22588,274.87289,271.45639,267.94545,264.33178,260.62605,256.85241,272.86666976889734,219.2302664865926,1488.90987,318.63105,2072.68184,-3.3478000000000065
2105,2105,2105.0,2105.0,2105.0,2105.0,2105.0,2105.0,2105.0,2105.0,2105.0,2105.0,2105.0,2105.0,2105.0,2105.0,2105.0,2105.0,2105.0,2105.0,2105.0,2105.0,2105.0,2105.0,2105.0,2105.0,2105.0,2105.0,2105.0,2105.0,2105.0,2105.0,2105.0,2105.0,2105.0,2105.0,2105.0,2105.0,2105.0,2105.0,2105.0,2105.0,2105.0,2105.0,2105.0,2105.0,2105.0,2105.0,2105.0,2105.0,2105.0,5.0,0.5,279.30625,285.2554,290.29236,294.11668,296.57496,297.65674,297.46548,296.17468,293.98067,291.06148,287.54793,283.50884,278.95051,273.82842,268.06881,261.59692,254.36752,246.39218,237.75712,228.62673,185.85179729790576,347.7638691349845,1807.54092,366.37709,1754.0507900000002,-15.343259999999988
2106,2106,2106.0,2106.0,2106.0,2106.0,2106.0,2106.0,2106.0,2106.0,2106.0,2106.0,2106.0,2106.0,2106.0,2106.0,2106.0,2106.0,2106.0,2106.0,2106.0,2106.0,2106.0,2106.0,2106.0,2106.0,2106.0,2106.0,2106.0,2106.0,2106.0,2106.0,2106.0,2106.0,2106.0,2106.0,2106.0,2106.0,2106.0,2106.0,2106.0,2106.0,2106.0,2106.0,2106.0,2106.0,2106.0,2106.0,2106.0,2106.0,2106.0,6.0,0.6,204.00045,221.29541,236.98778,250.51624,261.55299,270.00915,276.00696,279.83363,281.89256,282.66394,282.67954,282.50846,282.74497,283.98722,286.79781,291.64381,298.82309,308.39335,320.12531,333.50047,263.6895363647891,300.98063644232093,2173.91801,337.78449,1387.6737000000005,-42.99085000000002
2107,2107,2107.0,2107.0,2107.0,2107.0,2107.0,2107.0,2107.0,2107.0,2107.0,2107.0,2107.0,2107.0,2107.0,2107.0,2107.0,2107.0,2107.0,2107.0,2107.0,2107.0,2107.0,2107.0,2107.0,2107.0,2107.0,2107.0,2107.0,2107.0,2107.0,2107.0,2107.0,2107.0,2107.0,2107.0,2107.0,2107.0,2107.0,2107.0,2107.0,2107.0,2107.0,2107.0,2107.0,2107.0,2107.0,2107.0,2107.0,2107.0,2107.0,7.0,0.7,262.96231,262.53015,262.62971,263.39728,264.85387,266.91865,269.44371,272.25721,275.20195,278.15968,281.05756,283.85917,286.54656,289.10174,291.49503,293.68477,295.62818,297.2993,298.70659,299.90258,187.8898206609507,326.9607082770657,2511.7025,355.1203700000001,1049.8892100000005,-46.08134999999999
2108,2108,2108.0,2108.0,2108.0,2108.0,2108.0,2108.0,2108.0,2108.0,2108.0,2108.0,2108.0,2108.0,2108.0,2108.0,2108.0,2108.0,2108.0,2108.0,2108.0,2108.0,2108.0,2108.0,2108.0,2108.0,2108.0,2108.0,2108.0,2108.0,2108.0,2108.0,2108.0,2108.0,2108.0,2108.0,2108.0,2108.0,2108.0,2108.0,2108.0,2108.0,2108.0,2108.0,2108.0,2108.0,2108.0,2108.0,2108.0,2108.0,2108.0,8.0,0.8,201.6039,214.79481,227.01362,237.94259,247.42304,255.45177,262.15197,267.73046,272.434,276.51415,280.20541,283.7158,287.22598,290.89118,294.84126,299.17619,303.95725,309.19681,314.85112,320.8207,307.7624510600009,271.5402365253552,2866.82287,385.0646099999999,694.7688400000002,-57.54822999999999
2109,2109,2109.0,2109.0,2109.0,2109.0,2109.0,2109.0,2109.0,2109.0,2109.0,2109.0,2109.0,2109.0,2109.0,2109.0,2109.0,2109.0,2109.0,2109.0,2109.0,2109.0,2109.0,2109.0,2109.0,2109.0,2109.0,2109.0,2109.0,2109.0,2109.0,2109.0,2109.0,2109.0,2109.0,2109.0,2109.0,2109.0,2109.0,2109.0,2109.0,2109.0,2109.0,2109.0,2109.0,2109.0,2109.0,2109.0,2109.0,2109.0,2109.0,9.0,0.9,297.78131,288.55545,280.72544,274.72981,270.76334,268.785,268.56511,269.75314,271.9456,274.73898,277.76092,280.68124,283.21064,285.09683,286.12674,286.13912,285.04628,282.85846,279.70118,275.81611,276.20577858898014,368.001447880944,3251.88748,309.7042300000003,309.7042300000003,-44.214999999999975
2110,2110,2110.0,2110.0,2110.0,2110.0,2110.0,2110.0,2110.0,2110.0,2110.0,2110.0,2110.0,2110.0,2110.0,2110.0,2110.0,2110.0,2110.0,2110.0,2110.0,2110.0,2110.0,2110.0,2110.0,2110.0,2110.0,2110.0,2110.0,2110.0,2110.0,2110.0,2110.0,2110.0,2110.0,2110.0,2110.0,2110.0,2110.0,2110.0,2110.0,2110.0,2110.0,2110.0,2110.0,2110.0,2110.0,2110.0,2110.0,2110.0,2110.0,0.0,0.0,273.0,273.0,273.0,273.0,273.0,273.0,273.0,273.0,273.0,273.0,273.0,273.0,273.0,273.0,273.0,273.0,273.0,273.0,273.0,273.0,363.7932305366677,372.1324684130256,0.0,370.78092,2057.58558,3.8333299999999895
2111,2111,2111.0,2111.0,2111.0,2111.0,2111.0,2111.0,2111.0,2111.0,2111.0,2111.0,2111.0,2111.0,2111.0,2111.0,2111.0,2111.0,2111.0,2111.0,2111.0,2111.0,2111.0,2111.0,2111.0,2111.0,2111.0,2111.0,2111.0,2111.0,2111.0,2111.0,2111.0,2111.0,2111.0,2111.0,2111.0,2111.0,2111.0,2111.0,2111.0,2111.0,2111.0,2111.0,2111.0,2111.0,2111.0,2111.0,2111.0,2111.0,2111.0,1.0,0.1,348.32071,333.55604,320.11149,308.43057,298.75283,291.12084,285.42275,281.45664,279.00066,277.8755,277.99,279.36484,282.13222,286.51097,292.75861,301.10525,311.67874,324.43586,339.11685,355.23839,338.5081507036754,367.3147246485223,370.78092,150.99763000000002,1686.80466,3.8333299999999895
2112,2112,2112.0,2112.0,2112.0,2112.0,2112.0,2112.0,2112.0,2112.0,2112.0,2112.0,2112.0,2112.0,2112.0,2112.0,2112.0,2112.0,2112.0,2112.0,2112.0,2112.0,2112.0,2112.0,2112.0,2112.0,2112.0,2112.0,2112.0,2112.0,2112.0,2112.0,2112.0,2112.0,2112.0,2112.0,2112.0,2112.0,2112.0,2112.0,2112.0,2112.0,2112.0,2112.0,2112.0,2112.0,2112.0,2112.0,2112.0,2112.0,2112.0,2.0,0.2,332.00536,325.59003,319.36266,313.44548,307.98411,303.14212,299.09049,295.99509,294.00528,293.24534,293.80925,295.75783,299.11705,303.87631,309.98663,317.35892,325.86327,335.33022,345.55449,356.30126,366.2187654919075,356.11735008295955,521.77855,67.55338000000006,1535.80703,3.8333299999999895
2113,2113,2113.0,2113.0,2113.0,2113.0,2113.0,2113.0,2113.0,2113.0,2113.0,2113.0,2113.0,2113.0,2113.0,2113.0,2113.0,2113.0,2113.0,2113.0,2113.0,2113.0,2113.0,2113.0,2113.0,2113.0,2113.0,2113.0,2113.0,2113.0,2113.0,2113.0,2113.0,2113.0,2113.0,2113.0,2113.0,2113.0,2113.0,2113.0,2113.0,2113.0,2113.0,2113.0,2113.0,2113.0,2113.0,2113.0,2113.0,2113.0,2113.0,3.0,0.3,356.25182,346.62451,337.64645,329.57357,322.59531,316.83333,312.34979,309.16061,307.24924,306.57733,307.09083,308.72171,311.38723,314.98885,319.4128,324.53337,330.21871,336.33793,342.76746,349.39461,298.33980377467583,206.9941912288328,589.33193,68.24768999999992,1468.25365,3.8333299999999895
2114,2114,2114.0,2114.0,2114.0,2114.0,2114.0,2114.0,2114.0,2114.0,2114.0,2114.0,2114.0,2114.0,2114.0,2114.0,2114.0,2114.0,2114.0,2114.0,2114.0,2114.0,2114.0,2114.0,2114.0,2114.0,2114.0,2114.0,2114.0,2114.0,2114.0,2114.0,2114.0,2114.0,2114.0,2114.0,2114.0,2114.0,2114.0,2114.0,2114.0,2114.0,2114.0,2114.0,2114.0,2114.0,2114.0,2114.0,2114.0,2114.0,2114.0,4.0,0.4,302.57867,306.47094,309.73327,312.19232,313.80373,314.63986,314.851,314.61013,314.05297,313.22391,312.0361,310.25211,307.49047,303.26202,297.03759,288.34214,276.8626,262.54796,245.67549,226.85994,216.444464610556,310.02054682814213,657.57962,126.33644000000004,1400.00596,3.8333299999999895
2115,2115,2115.0,2115.0,2115.0,2115.0,2115.0,2115.0,2115.0,2115.0,2115.0,2115.0,2115.0,2115.0,2115.0,2115.0,2115.0,2115.0,2115.0,2115.0,2115.0,2115.0,2115.0,2115.0,2115.0,2115.0,2115.0,2115.0,2115.0,2115.0,2115.0,2115.0,2115.0,2115.0,2115.0,2115.0,2115.0,2115.0,2115.0,2115.0,2115.0,2115.0,2115.0,2115.0,2115.0,2115.0,2115.0,2115.0,2115.0,2115.0,2115.0,5.0,0.5,232.68838,248.18718,262.28789,274.50128,284.53882,292.31208,297.90166,301.51005,303.41404,303.92852,303.387,302.13662,300.53974,298.97169,297.80529,297.37794,297.94445,299.62681,302.37677,305.96712,223.32816104786625,348.6920921004354,783.91606,141.15522999999996,1273.66952,3.8333299999999895
2116,2116,2116.0,2116.0,2116.0,2116.0,2116.0,2116.0,2116.0,2116.0,2116.0,2116.0,2116.0,2116.0,2116.0,2116.0,2116.0,2116.0,2116.0,2116.0,2116.0,2116.0,2116.0,2116.0,2116.0,2116.0,2116.0,2116.0,2116.0,2116.0,2116.0,2116.0,2116.0,2116.0,2116.0,2116.0,2116.0,2116.0,2116.0,2116.0,2116.0,2116.0,2116.0,2116.0,2116.0,2116.0,2116.0,2116.0,2116.0,2116.0,2116.0,6.0,0.6,233.41331,243.26193,252.65022,261.37977,269.28993,276.26907,282.26403,287.28666,291.41679,294.80111,297.64751,300.21435,302.79395,305.68969,309.18686,313.519,318.83375,325.1646,332.41562,340.3653,196.4308404549416,352.40050513800577,925.07129,177.93364000000008,1132.51429,3.8333299999999895
2117,2117,2117.0,2117.0,2117.0,2117.0,2117.0,2117.0,2117.0,2117.0,2117.0,2117.0,2117.0,2117.0,2117.0,2117.0,2117.0,2117.0,2117.0,2117.0,2117.0,2117.0,2117.0,2117.0,2117.0,2117.0,2117.0,2117.0,2117.0,2117.0,2117.0,2117.0,2117.0,2117.0,2117.0,2117.0,2117.0,2117.0,2117.0,2117.0,2117.0,2117.0,2117.0,2117.0,2117.0,2117.0,2117.0,2117.0,2117.0,2117.0,2117.0,7.0,0.7,209.21354,221.66628,233.49584,244.47553,254.46293,263.40421,271.32682,278.32431,284.53776,290.13754,295.3073,300.23095,305.08188,310.01373,315.15206,320.58694,326.36708,332.49672,338.93609,345.6066,252.4726190580733,260.60221583476647,1103.00493,229.15276999999992,954.58065,3.8333299999999895
2118,2118,2118.0,2118.0,2118.0,2118.0,2118.0,2118.0,2118.0,2118.0,2118.0,2118.0,2118.0,2118.0,2118.0,2118.0,2118.0,2118.0,2118.0,2118.0,2118.0,2118.0,2118.0,2118.0,2118.0,2118.0,2118.0,2118.0,2118.0,2118.0,2118.0,2118.0,2118.0,2118.0,2118.0,2118.0,2118.0,2118.0,2118.0,2118.0,2118.0,2118.0,2118.0,2118.0,2118.0,2118.0,2118.0,2118.0,2118.0,2118.0,2118.0,8.0,0.8,253.44412,254.71776,256.54417,259.08327,262.38558,266.39516,270.96911,275.90429,280.9618,285.88286,290.39433,294.20766,297.01845,298.5149,298.40182,296.44138,292.50544,286.62723,279.03652,270.16328,241.8275246122259,236.13684446082843,1332.1577,313.43129,725.42788,3.8333299999999895
2119,2119,2119.0,2119.0,2119.0,2119.0,2119.0,2119.0,2119.0,2119.0,2119.0,2119.0,2119.0,2119.0,2119.0,2119.0,2119.0,2119.0,2119.0,2119.0,2119.0,2119.0,2119.0,2119.0,2119.0,2119.0,2119.0,2119.0,2119.0,2119.0,2119.0,2119.0,2119.0,2119.0,2119.0,2119.0,2119.0,2119.0,2119.0,2119.0,2119.0,2119.0,2119.0,2119.0,2119.0,2119.0,2119.0,2119.0,2119.0,2119.0,2119.0,9.0,0.9,246.2071,250.5601,254.86072,259.08307,263.19778,267.16605,270.93243,274.41791,277.51512,280.08704,281.97003,282.98191,282.93495,281.65399,278.99857,274.88746,269.32212,262.40485,254.34646,245.45968,305.81651018423224,283.04500535669774,1645.58899,411.99659,411.99659,3.8333299999999895
2120,2120,2120.0,2120.0,2120.0,2120.0,2120.0,2120.0,2120.0,2120.0,2120.0,2120.0,2120.0,2120.0,2120.0,2120.0,2120.0,2120.0,2120.0,2120.0,2120.0,2120.0,2120.0,2120.0,2120.0,2120.0,2120.0,2120.0,2120.0,2120.0,2120.0,2120.0,2120.0,2120.0,2120.0,2120.0,2120.0,2120.0,2120.0,2120.0,2120.0,2120.0,2120.0,2120.0,2120.0,2120.0,2120.0,2120.0,2120.0,2120.0,2120.0,0.0,0.0,273.0,273.0,273.0,273.0,273.0,273.0,273.0,273.0,273.0,273.0,273.0,273.0,273.0,273.0,273.0,273.0,273.0,273.0,273.0,273.0,338.8079970019601,176.57141343543938,0.0,485.20947,8304.32602,-40.0
2121,2121,2121.0,2121.0,2121.0,2121.0,2121.0,2121.0,2121.0,2121.0,2121.0,2121.0,2121.0,2121.0,2121.0,2121.0,2121.0,2121.0,2121.0,2121.0,2121.0,2121.0,2121.0,2121.0,2121.0,2121.0,2121.0,2121.0,2121.0,2121.0,2121.0,2121.0,2121.0,2121.0,2121.0,2121.0,2121.0,2121.0,2121.0,2121.0,2121.0,2121.0,2121.0,2121.0,2121.0,2121.0,2121.0,2121.0,2121.0,2121.0,2121.0,1.0,0.1,327.58919,316.88034,307.12041,298.62184,291.54112,285.8776,281.49485,278.15369,275.54563,273.31844,271.091,268.46075,265.01057,260.32402,254.01532,245.77567,235.42996,222.99139,208.69693,193.00849,238.8066233599505,244.24651159201684,485.20947,628.0144600000001,7819.11655,-27.122400000000027
2122,2122,2122.0,2122.0,2122.0,2122.0,2122.0,2122.0,2122.0,2122.0,2122.0,2122.0,2122.0,2122.0,2122.0,2122.0,2122.0,2122.0,2122.0,2122.0,2122.0,2122.0,2122.0,2122.0,2122.0,2122.0,2122.0,2122.0,2122.0,2122.0,2122.0,2122.0,2122.0,2122.0,2122.0,2122.0,2122.0,2122.0,2122.0,2122.0,2122.0,2122.0,2122.0,2122.0,2122.0,2122.0,2122.0,2122.0,2122.0,2122.0,2122.0,2.0,0.2,247.74033,256.04873,263.19768,268.81299,272.7118,274.89401,275.50226,274.76707,272.954,270.32572,267.12403,263.56967,259.87171,256.23659,252.86801,249.95302,247.63587,245.98691,244.97765,244.47288,326.7446257096751,190.3785444818213,1113.22393,695.56945,7191.102089999999,-38.10599000000002
2123,2123,2123.0,2123.0,2123.0,2123.0,2123.0,2123.0,2123.0,2123.0,2123.0,2123.0,2123.0,2123.0,2123.0,2123.0,2123.0,2123.0,2123.0,2123.0,2123.0,2123.0,2123.0,2123.0,2123.0,2123.0,2123.0,2123.0,2123.0,2123.0,2123.0,2123.0,2123.0,2123.0,2123.0,2123.0,2123.0,2123.0,2123.0,2123.0,2123.0,2123.0,2123.0,2123.0,2123.0,2123.0,2123.0,2123.0,2123.0,2123.0,2123.0,3.0,0.3,316.79323,307.31207,298.69288,291.1898,284.89258,279.73447,275.5272,272.00904,268.89152,265.89396,262.76143,259.26834,255.21396,250.41836,244.72541,238.01628,230.23177,221.39716,211.64028,201.19409,221.350046995909,370.1338929436231,1808.79338,696.9986599999997,6495.532639999999,-33.26553000000001
2124,2124,2124.0,2124.0,2124.0,2124.0,2124.0,2124.0,2124.0,2124.0,2124.0,2124.0,2124.0,2124.0,2124.0,2124.0,2124.0,2124.0,2124.0,2124.0,2124.0,2124.0,2124.0,2124.0,2124.0,2124.0,2124.0,2124.0,2124.0,2124.0,2124.0,2124.0,2124.0,2124.0,2124.0,2124.0,2124.0,2124.0,2124.0,2124.0,2124.0,2124.0,2124.0,2124.0,2124.0,2124.0,2124.0,2124.0,2124.0,2124.0,2124.0,4.0,0.4,231.99712,241.9467,250.60252,257.54737,262.58239,265.72509,267.1758,267.26972,266.43228,265.1498,263.95837,263.44404,264.24082,267.01052,272.39246,280.92069,292.91929,308.39957,326.99023,347.92945,266.1877407158025,197.49865194145664,2505.79204,552.38652,5798.53398,-47.27490999999998
2125,2125,2125.0,2125.0,2125.0,2125.0,2125.0,2125.0,2125.0,2125.0,2125.0,2125.0,2125.0,2125.0,2125.0,2125.0,2125.0,2125.0,2125.0,2125.0,2125.0,2125.0,2125.0,2125.0,2125.0,2125.0,2125.0,2125.0,2125.0,2125.0,2125.0,2125.0,2125.0,2125.0,2125.0,2125.0,2125.0,2125.0,2125.0,2125.0,2125.0,2125.0,2125.0,2125.0,2125.0,2125.0,2125.0,2125.0,2125.0,2125.0,2125.0,5.0,0.5,265.01714,263.99564,263.2451,262.84102,262.80621,263.11689,263.71581,264.52425,265.44541,266.35515,267.08167,267.38141,266.92338,265.29499,262.03978,256.72879,249.05612,238.93713,226.58037,212.50642,175.98076039260667,214.75273686816595,3058.17856,776.8439000000003,5246.14746,-49.88310999999999
2126,2126,2126.0,2126.0,2126.0,2126.0,2126.0,2126.0,2126.0,2126.0,2126.0,2126.0,2126.0,2126.0,2126.0,2126.0,2126.0,2126.0,2126.0,2126.0,2126.0,2126.0,2126.0,2126.0,2126.0,2126.0,2126.0,2126.0,2126.0,2126.0,2126.0,2126.0,2126.0,2126.0,2126.0,2126.0,2126.0,2126.0,2126.0,2126.0,2126.0,2126.0,2126.0,2126.0,2126.0,2126.0,2126.0,2126.0,2126.0,2126.0,2126.0,6.0,0.6,190.96536,205.27324,218.31747,229.66917,239.08996,246.52513,252.06518,255.8903,258.21396,259.2382,259.12751,258.00151,255.94251,253.01133,249.26495,244.77083,239.61522,233.90507,227.76515,221.33283,323.82935497016075,188.36159363246344,3835.02246,1021.1949299999995,4469.30356,-66.47487000000001
2127,2127,2127.0,2127.0,2127.0,2127.0,2127.0,2127.0,2127.0,2127.0,2127.0,2127.0,2127.0,2127.0,2127.0,2127.0,2127.0,2127.0,2127.0,2127.0,2127.0,2127.0,2127.0,2127.0,2127.0,2127.0,2127.0,2127.0,2127.0,2127.0,2127.0,2127.0,2127.0,2127.0,2127.0,2127.0,2127.0,2127.0,2127.0,2127.0,2127.0,2127.0,2127.0,2127.0,2127.0,2127.0,2127.0,2127.0,2127.0,2127.0,2127.0,7.0,0.7,309.13612,295.32358,283.12998,273.04268,265.24678,259.6358,255.8724,253.47621,251.91366,250.67098,249.30075,247.44255,244.82446,241.25519,236.61537,230.85324,223.98602,216.10399,207.37274,198.02816,207.8489229730523,192.79366144154625,4856.21739,1126.0515100000002,3448.1086300000006,-53.36419999999998
2128,2128,2128.0,2128.0,2128.0,2128.0,2128.0,2128.0,2128.0,2128.0,2128.0,2128.0,2128.0,2128.0,2128.0,2128.0,2128.0,2128.0,2128.0,2128.0,2128.0,2128.0,2128.0,2128.0,2128.0,2128.0,2128.0,2128.0,2128.0,2128.0,2128.0,2128.0,2128.0,2128.0,2128.0,2128.0,2128.0,2128.0,2128.0,2128.0,2128.0,2128.0,2128.0,2128.0,2128.0,2128.0,2128.0,2128.0,2128.0,2128.0,2128.0,8.0,0.8,217.9423,227.36947,235.56457,242.1371,246.90503,249.88266,251.23291,251.20201,250.05526,248.02824,245.30004,241.98774,238.15668,233.83885,229.0527,223.81956,218.17434,212.17032,205.87917,199.3878,275.3328397320083,249.3616854304729,5982.2689,1280.07488,2322.0571200000004,-63.11734000000001
2129,2129,2129.0,2129.0,2129.0,2129.0,2129.0,2129.0,2129.0,2129.0,2129.0,2129.0,2129.0,2129.0,2129.0,2129.0,2129.0,2129.0,2129.0,2129.0,2129.0,2129.0,2129.0,2129.0,2129.0,2129.0,2129.0,2129.0,2129.0,2129.0,2129.0,2129.0,2129.0,2129.0,2129.0,2129.0,2129.0,2129.0,2129.0,2129.0,2129.0,2129.0,2129.0,2129.0,2129.0,2129.0,2129.0,2129.0,2129.0,2129.0,2129.0,9.0,0.9,269.80324,264.57014,259.87385,255.85706,252.54807,249.87092,247.67698,245.7883,244.0418,242.32577,240.60357,238.92265,237.40889,236.24727,235.65046,235.81834,236.89393,238.92357,241.8309,245.41283,303.9358455775956,342.5839154838558,7262.34378,1041.9822400000005,1041.9822400000005,-63.12907999999999
2130,2130,2130.0,2130.0,2130.0,2130.0,2130.0,2130.0,2130.0,2130.0,2130.0,2130.0,2130.0,2130.0,2130.0,2130.0,2130.0,2130.0,2130.0,2130.0,2130.0,2130.0,2130.0,2130.0,2130.0,2130.0,2130.0,2130.0,2130.0,2130.0,2130.0,2130.0,2130.0,2130.0,2130.0,2130.0,2130.0,2130.0,2130.0,2130.0,2130.0,2130.0,2130.0,2130.0,2130.0,2130.0,2130.0,2130.0,2130.0,2130.0,2130.0,0.0,0.0,273.0,273.0,273.0,273.0,273.0,273.0,273.0,273.0,273.0,273.0,273.0,273.0,273.0,273.0,273.0,273.0,273.0,273.0,273.0,273.0,274.3402092586314,317.06744259938563,0.0,424.23801,4075.68071,-40.0
2131,2131,2131.0,2131.0,2131.0,2131.0,2131.0,2131.0,2131.0,2131.0,2131.0,2131.0,2131.0,2131.0,2131.0,2131.0,2131.0,2131.0,2131.0,2131.0,2131.0,2131.0,2131.0,2131.0,2131.0,2131.0,2131.0,2131.0,2131.0,2131.0,2131.0,2131.0,2131.0,2131.0,2131.0,2131.0,2131.0,2131.0,2131.0,2131.0,2131.0,2131.0,2131.0,2131.0,2131.0,2131.0,2131.0,2131.0,2131.0,2131.0,2131.0,1.0,0.1,274.11287,273.89676,273.70214,273.53784,273.41174,273.33244,273.31232,273.37187,273.54523,273.88601,274.47264,275.41113,276.83329,278.88795,281.72383,285.46472,290.18029,295.85866,302.38832,309.55652,299.0685771255953,206.94604722252456,424.23801,384.7339600000001,3651.4427,-39.66755999999998
2132,2132,2132.0,2132.0,2132.0,2132.0,2132.0,2132.0,2132.0,2132.0,2132.0,2132.0,2132.0,2132.0,2132.0,2132.0,2132.0,2132.0,2132.0,2132.0,2132.0,2132.0,2132.0,2132.0,2132.0,2132.0,2132.0,2132.0,2132.0,2132.0,2132.0,2132.0,2132.0,2132.0,2132.0,2132.0,2132.0,2132.0,2132.0,2132.0,2132.0,2132.0,2132.0,2132.0,2132.0,2132.0,2132.0,2132.0,2132.0,2132.0,2132.0,2.0,0.2,294.76124,290.66229,286.95392,283.7715,281.19199,279.23181,277.85142,276.96209,276.43038,276.07774,275.67582,274.94144,273.53802,271.09086,267.22173,261.60306,254.02467,244.45868,233.10374,220.39149,189.1304998490241,275.31515113422506,808.97197,522.39033,3266.70874,-33.768190000000004
2133,2133,2133.0,2133.0,2133.0,2133.0,2133.0,2133.0,2133.0,2133.0,2133.0,2133.0,2133.0,2133.0,2133.0,2133.0,2133.0,2133.0,2133.0,2133.0,2133.0,2133.0,2133.0,2133.0,2133.0,2133.0,2133.0,2133.0,2133.0,2133.0,2133.0,2133.0,2133.0,2133.0,2133.0,2133.0,2133.0,2133.0,2133.0,2133.0,2133.0,2133.0,2133.0,2133.0,2133.0,2133.0,2133.0,2133.0,2133.0,2133.0,2133.0,3.0,0.3,204.86966,219.81591,233.28588,244.78962,254.07119,261.10238,266.03911,269.15829,270.79455,271.29169,270.9754,270.14567,269.08123,268.0456,267.28566,267.0177,267.40205,268.51342,270.31777,272.66658,247.65000441500675,233.129778263579,1331.3623,652.8817999999999,2744.31841,-51.89762000000002
2134,2134,2134.0,2134.0,2134.0,2134.0,2134.0,2134.0,2134.0,2134.0,2134.0,2134.0,2134.0,2134.0,2134.0,2134.0,2134.0,2134.0,2134.0,2134.0,2134.0,2134.0,2134.0,2134.0,2134.0,2134.0,2134.0,2134.0,2134.0,2134.0,2134.0,2134.0,2134.0,2134.0,2134.0,2134.0,2134.0,2134.0,2134.0,2134.0,2134.0,2134.0,2134.0,2134.0,2134.0,2134.0,2134.0,2134.0,2134.0,2134.0,2134.0,4.0,0.4,248.36459,249.25235,250.44384,251.99615,253.88184,255.99816,258.19155,260.28804,262.12027,263.54462,264.44635,264.73503,264.33543,263.1803,261.20998,258.38141,254.68496,250.1642,244.93132,239.17115,276.38596195292496,296.8292683098577,1984.2441,697.69004,2091.43661,-57.00183999999999
2135,2135,2135.0,2135.0,2135.0,2135.0,2135.0,2135.0,2135.0,2135.0,2135.0,2135.0,2135.0,2135.0,2135.0,2135.0,2135.0,2135.0,2135.0,2135.0,2135.0,2135.0,2135.0,2135.0,2135.0,2135.0,2135.0,2135.0,2135.0,2135.0,2135.0,2135.0,2135.0,2135.0,2135.0,2135.0,2135.0,2135.0,2135.0,2135.0,2135.0,2135.0,2135.0,2135.0,2135.0,2135.0,2135.0,2135.0,2135.0,2135.0,2135.0,5.0,0.5,272.84458,269.53095,266.63786,264.29616,262.5614,261.41601,260.78525,260.56241,260.63812,260.92845,261.39791,262.07401,263.05052,264.47757,266.53747,269.40807,273.21892,278.00902,283.6973,290.07559,322.9261554194768,331.52412365871567,2681.93414,535.3789200000001,1393.7465700000002,-51.58398999999997
2136,2136,2136.0,2136.0,2136.0,2136.0,2136.0,2136.0,2136.0,2136.0,2136.0,2136.0,2136.0,2136.0,2136.0,2136.0,2136.0,2136.0,2136.0,2136.0,2136.0,2136.0,2136.0,2136.0,2136.0,2136.0,2136.0,2136.0,2136.0,2136.0,2136.0,2136.0,2136.0,2136.0,2136.0,2136.0,2136.0,2136.0,2136.0,2136.0,2136.0,2136.0,2136.0,2136.0,2136.0,2136.0,2136.0,2136.0,2136.0,2136.0,2136.0,6.0,0.6,312.82586,303.16392,294.32518,286.59965,280.16193,275.07355,271.30481,268.76874,267.35828,266.97907,267.57293,269.12932,271.68436,275.30797,280.081,286.06541,293.27216,301.63301,310.98321,321.0607,367.7356463523965,346.3039855703162,3217.31306,305.84965999999986,858.3676500000001,-37.92644999999999
2137,2137,2137.0,2137.0,2137.0,2137.0,2137.0,2137.0,2137.0,2137.0,2137.0,2137.0,2137.0,2137.0,2137.0,2137.0,2137.0,2137.0,2137.0,2137.0,2137.0,2137.0,2137.0,2137.0,2137.0,2137.0,2137.0,2137.0,2137.0,2137.0,2137.0,2137.0,2137.0,2137.0,2137.0,2137.0,2137.0,2137.0,2137.0,2137.0,2137.0,2137.0,2137.0,2137.0,2137.0,2137.0,2137.0,2137.0,2137.0,2137.0,2137.0,7.0,0.7,353.0257,338.85715,325.71503,313.98363,303.92248,295.66511,289.23727,284.58709,281.6189,280.22335,280.29923,281.76516,284.56145,288.64367,293.97013,300.48582,308.10595,316.70206,326.09432,336.05209,311.67650139165914,212.11117550779497,3523.16272,198.6907000000001,552.5179900000003,-17.334889999999973
2138,2138,2138.0,2138.0,2138.0,2138.0,2138.0,2138.0,2138.0,2138.0,2138.0,2138.0,2138.0,2138.0,2138.0,2138.0,2138.0,2138.0,2138.0,2138.0,2138.0,2138.0,2138.0,2138.0,2138.0,2138.0,2138.0,2138.0,2138.0,2138.0,2138.0,2138.0,2138.0,2138.0,2138.0,2138.0,2138.0,2138.0,2138.0,2138.0,2138.0,2138.0,2138.0,2138.0,2138.0,2138.0,2138.0,2138.0,2138.0,2138.0,2138.0,8.0,0.8,310.47929,309.10597,307.42701,305.39312,303.04686,300.51001,297.95047,295.53673,293.38922,291.53681,289.88504,288.20115,286.12084,283.18036,278.87561,272.74468,264.46274,253.93064,241.33414,227.15322,357.6840925469935,369.3493747706622,3721.85342,247.6175400000002,353.8272900000002,-12.489989999999976
2139,2139,2139.0,2139.0,2139.0,2139.0,2139.0,2139.0,2139.0,2139.0,2139.0,2139.0,2139.0,2139.0,2139.0,2139.0,2139.0,2139.0,2139.0,2139.0,2139.0,2139.0,2139.0,2139.0,2139.0,2139.0,2139.0,2139.0,2139.0,2139.0,2139.0,2139.0,2139.0,2139.0,2139.0,2139.0,2139.0,2139.0,2139.0,2139.0,2139.0,2139.0,2139.0,2139.0,2139.0,2139.0,2139.0,2139.0,2139.0,2139.0,2139.0,9.0,0.9,347.98065,338.61678,329.88544,321.99739,315.06426,309.10306,304.0595,299.84465,296.37773,293.62856,291.65369,290.62002,290.80936,292.59739,296.40259,302.60699,311.45927,322.98051,336.89832,352.63315,294.5305017631395,356.5018492429038,3969.47096,106.20975,106.20975,-3.896939999999972
2140,2140,2140.0,2140.0,2140.0,2140.0,2140.0,2140.0,2140.0,2140.0,2140.0,2140.0,2140.0,2140.0,2140.0,2140.0,2140.0,2140.0,2140.0,2140.0,2140.0,2140.0,2140.0,2140.0,2140.0,2140.0,2140.0,2140.0,2140.0,2140.0,2140.0,2140.0,2140.0,2140.0,2140.0,2140.0,2140.0,2140.0,2140.0,2140.0,2140.0,2140.0,2140.0,2140.0,2140.0,2140.0,2140.0,2140.0,2140.0,2140.0,2140.0,0.0,0.0,273.0,273.0,273.0,273.0,273.0,273.0,273.0,273.0,273.0,273.0,273.0,273.0,273.0,273.0,273.0,273.0,273.0,273.0,273.0,273.0,211.0939587573032,223.55315066711867,0.0,513.10159,5527.82435,-40.0
2141,2141,2141.0,2141.0,2141.0,2141.0,2141.0,2141.0,2141.0,2141.0,2141.0,2141.0,2141.0,2141.0,2141.0,2141.0,2141.0,2141.0,2141.0,2141.0,2141.0,2141.0,2141.0,2141.0,2141.0,2141.0,2141.0,2141.0,2141.0,2141.0,2141.0,2141.0,2141.0,2141.0,2141.0,2141.0,2141.0,2141.0,2141.0,2141.0,2141.0,2141.0,2141.0,2141.0,2141.0,2141.0,2141.0,2141.0,2141.0,2141.0,2141.0,1.0,0.1,221.6441,231.71195,240.88056,248.84851,255.45428,260.67226,264.58466,267.33918,269.10302,270.0224,270.19346,269.64711,268.34852,266.2105,263.11917,258.96891,253.70142,247.34138,240.02005,231.97942,223.18854715585925,356.6044395945409,513.10159,656.19964,5014.72276,-52.327740000000006
2142,2142,2142.0,2142.0,2142.0,2142.0,2142.0,2142.0,2142.0,2142.0,2142.0,2142.0,2142.0,2142.0,2142.0,2142.0,2142.0,2142.0,2142.0,2142.0,2142.0,2142.0,2142.0,2142.0,2142.0,2142.0,2142.0,2142.0,2142.0,2142.0,2142.0,2142.0,2142.0,2142.0,2142.0,2142.0,2142.0,2142.0,2142.0,2142.0,2142.0,2142.0,2142.0,2142.0,2142.0,2142.0,2142.0,2142.0,2142.0,2142.0,2142.0,2.0,0.2,228.53235,233.78477,238.85304,243.64379,248.06758,252.04768,255.53292,258.51351,261.03876,263.23456,265.3179,267.60396,270.49956,274.4769,280.02336,287.56867,297.39896,309.57519,323.8785,339.80268,234.3580031052096,299.6029794622543,1169.30123,559.9997799999999,4358.52312,-60.95231999999999
2143,2143,2143.0,2143.0,2143.0,2143.0,2143.0,2143.0,2143.0,2143.0,2143.0,2143.0,2143.0,2143.0,2143.0,2143.0,2143.0,2143.0,2143.0,2143.0,2143.0,2143.0,2143.0,2143.0,2143.0,2143.0,2143.0,2143.0,2143.0,2143.0,2143.0,2143.0,2143.0,2143.0,2143.0,2143.0,2143.0,2143.0,2143.0,2143.0,2143.0,2143.0,2143.0,2143.0,2143.0,2143.0,2143.0,2143.0,2143.0,2143.0,2143.0,3.0,0.3,236.98651,239.65487,242.39644,245.23406,248.17974,251.23798,254.41101,257.70353,261.12401,264.68139,268.37674,272.19235,276.08172,279.96513,283.73471,287.27075,290.46709,293.25992,295.65114,297.71783,336.51624668436784,180.22543913485416,1729.30101,547.70164,3798.52334,-61.76202000000001
2144,2144,2144.0,2144.0,2144.0,2144.0,2144.0,2144.0,2144.0,2144.0,2144.0,2144.0,2144.0,2144.0,2144.0,2144.0,2144.0,2144.0,2144.0,2144.0,2144.0,2144.0,2144.0,2144.0,2144.0,2144.0,2144.0,2144.0,2144.0,2144.0,2144.0,2144.0,2144.0,2144.0,2144.0,2144.0,2144.0,2144.0,2144.0,2144.0,2144.0,2144.0,2144.0,2144.0,2144.0,2144.0,2144.0,2144.0,2144.0,2144.0,2144.0,4.0,0.4,321.99908,308.29137,296.09158,285.90055,277.97549,272.32837,268.75996,266.91295,266.32664,266.48009,266.81906,266.77036,265.75308,263.19865,258.5886,251.51231,241.73772,229.27896,214.43965,197.81253,354.2771612006931,325.2076601435481,2277.00265,565.75461,3250.8217,-40.67162999999999
2145,2145,2145.0,2145.0,2145.0,2145.0,2145.0,2145.0,2145.0,2145.0,2145.0,2145.0,2145.0,2145.0,2145.0,2145.0,2145.0,2145.0,2145.0,2145.0,2145.0,2145.0,2145.0,2145.0,2145.0,2145.0,2145.0,2145.0,2145.0,2145.0,2145.0,2145.0,2145.0,2145.0,2145.0,2145.0,2145.0,2145.0,2145.0,2145.0,2145.0,2145.0,2145.0,2145.0,2145.0,2145.0,2145.0,2145.0,2145.0,2145.0,2145.0,5.0,0.5,341.74002,329.59599,318.19646,307.81667,298.63439,290.7246,284.07051,278.58896,274.16648,270.70127,268.14506,266.53739,266.02373,266.84888,269.32005,273.74002,280.32045,289.09418,299.85103,312.11967,237.35601514020644,358.1933461961977,2842.75726,349.52945,2685.06709,-22.27539999999999
2146,2146,2146.0,2146.0,2146.0,2146.0,2146.0,2146.0,2146.0,2146.0,2146.0,2146.0,2146.0,2146.0,2146.0,2146.0,2146.0,2146.0,2146.0,2146.0,2146.0,2146.0,2146.0,2146.0,2146.0,2146.0,2146.0,2146.0,2146.0,2146.0,2146.0,2146.0,2146.0,2146.0,2146.0,2146.0,2146.0,2146.0,2146.0,2146.0,2146.0,2146.0,2146.0,2146.0,2146.0,2146.0,2146.0,2146.0,2146.0,2146.0,2146.0,6.0,0.6,247.55352,257.02621,265.16682,271.57593,276.10678,278.86033,280.13996,280.38385,280.09452,279.7802,279.91513,280.91763,283.1401,286.86307,292.28687,299.5181,308.55258,319.25992,331.3769,344.51619,328.2793369067165,197.981086430146,3192.28671,269.7713100000001,2335.53764,-34.139670000000024
2147,2147,2147.0,2147.0,2147.0,2147.0,2147.0,2147.0,2147.0,2147.0,2147.0,2147.0,2147.0,2147.0,2147.0,2147.0,2147.0,2147.0,2147.0,2147.0,2147.0,2147.0,2147.0,2147.0,2147.0,2147.0,2147.0,2147.0,2147.0,2147.0,2147.0,2147.0,2147.0,2147.0,2147.0,2147.0,2147.0,2147.0,2147.0,2147.0,2147.0,2147.0,2147.0,2147.0,2147.0,2147.0,2147.0,2147.0,2147.0,2147.0,2147.0,7.0,0.7,318.93863,310.12718,302.29664,295.76233,290.67561,287.02893,284.68471,283.41346,282.92621,282.89174,282.93698,282.63772,281.51236,279.03339,274.66757,267.9472,258.56285,246.45652,231.88703,215.44177,190.4223746877773,177.01936719842465,3462.05802,463.4496600000002,2065.76633,-25.97107
2148,2148,2148.0,2148.0,2148.0,2148.0,2148.0,2148.0,2148.0,2148.0,2148.0,2148.0,2148.0,2148.0,2148.0,2148.0,2148.0,2148.0,2148.0,2148.0,2148.0,2148.0,2148.0,2148.0,2148.0,2148.0,2148.0,2148.0,2148.0,2148.0,2148.0,2148.0,2148.0,2148.0,2148.0,2148.0,2148.0,2148.0,2148.0,2148.0,2148.0,2148.0,2148.0,2148.0,2148.0,2148.0,2148.0,2148.0,2148.0,2148.0,2148.0,8.0,0.8,207.7753,224.21142,238.94387,251.41364,261.33384,268.67547,273.60621,276.40403,277.36958,276.75641,274.72942,271.35321,266.60603,260.41174,252.68161,243.3585,232.45654,220.0903,206.48867,191.99011,235.65864564700783,238.4369060275424,3925.50768,775.6965699999996,1602.3166699999997,-44.32452999999998
2149,2149,2149.0,2149.0,2149.0,2149.0,2149.0,2149.0,2149.0,2149.0,2149.0,2149.0,2149.0,2149.0,2149.0,2149.0,2149.0,2149.0,2149.0,2149.0,2149.0,2149.0,2149.0,2149.0,2149.0,2149.0,2149.0,2149.0,2149.0,2149.0,2149.0,2149.0,2149.0,2149.0,2149.0,2149.0,2149.0,2149.0,2149.0,2149.0,2149.0,2149.0,2149.0,2149.0,2149.0,2149.0,2149.0,2149.0,2149.0,2149.0,2149.0,9.0,0.9,239.39809,243.14138,246.86415,250.49441,253.90779,256.93842,259.40205,261.12532,261.9747,261.88014,260.85043,258.97886,256.43822,253.46475,250.33067,247.30695,244.62088,242.41601,240.72436,239.45974,340.13883083705684,223.0785672288489,4701.20425,826.6201000000001,826.6201000000001,-56.06157999999999
2150,2150,2150.0,2150.0,2150.0,2150.0,2150.0,2150.0,2150.0,2150.0,2150.0,2150.0,2150.0,2150.0,2150.0,2150.0,2150.0,2150.0,2150.0,2150.0,2150.0,2150.0,2150.0,2150.0,2150.0,2150.0,2150.0,2150.0,2150.0,2150.0,2150.0,2150.0,2150.0,2150.0,2150.0,2150.0,2150.0,2150.0,2150.0,2150.0,2150.0,2150.0,2150.0,2150.0,2150.0,2150.0,2150.0,2150.0,2150.0,2150.0,2150.0,0.0,0.0,273.0,273.0,273.0,273.0,273.0,273.0,273.0,273.0,273.0,273.0,273.0,273.0,273.0,273.0,273.0,273.0,273.0,273.0,273.0,273.0,180.665246944391,324.1818859342775,0.0,478.6341,2607.52599,8.06056000000001
2151,2151,2151.0,2151.0,2151.0,2151.0,2151.0,2151.0,2151.0,2151.0,2151.0,2151.0,2151.0,2151.0,2151.0,2151.0,2151.0,2151.0,2151.0,2151.0,2151.0,2151.0,2151.0,2151.0,2151.0,2151.0,2151.0,2151.0,2151.0,2151.0,2151.0,2151.0,2151.0,2151.0,2151.0,2151.0,2151.0,2151.0,2151.0,2151.0,2151.0,2151.0,2151.0,2151.0,2151.0,2151.0,2151.0,2151.0,2151.0,2151.0,2151.0,1.0,0.1,196.40421,211.42609,225.1126,237.02085,246.92269,254.80328,260.82636,265.28115,268.52663,270.94597,272.91638,274.79402,276.90772,279.55436,282.98906,287.40741,292.92123,299.53427,307.12657,315.45607,342.98692476396127,348.574266861856,478.6341,437.48926000000006,2128.89189,8.06056000000001
2152,2152,2152.0,2152.0,2152.0,2152.0,2152.0,2152.0,2152.0,2152.0,2152.0,2152.0,2152.0,2152.0,2152.0,2152.0,2152.0,2152.0,2152.0,2152.0,2152.0,2152.0,2152.0,2152.0,2152.0,2152.0,2152.0,2152.0,2152.0,2152.0,2152.0,2152.0,2152.0,2152.0,2152.0,2152.0,2152.0,2152.0,2152.0,2152.0,2152.0,2152.0,2152.0,2152.0,2152.0,2152.0,2152.0,2152.0,2152.0,2152.0,2152.0,2.0,0.2,326.5659,311.16811,297.66376,286.65435,278.41965,272.93282,269.93062,269.01335,269.74679,271.74461,274.71964,278.50243,283.03247,288.33037,294.45974,301.48601,309.43858,318.28137,327.89637,338.08308,283.85101202000646,343.88414127976137,916.12336,220.7121199999999,1691.40263,8.06056000000001
2153,2153,2153.0,2153.0,2153.0,2153.0,2153.0,2153.0,2153.0,2153.0,2153.0,2153.0,2153.0,2153.0,2153.0,2153.0,2153.0,2153.0,2153.0,2153.0,2153.0,2153.0,2153.0,2153.0,2153.0,2153.0,2153.0,2153.0,2153.0,2153.0,2153.0,2153.0,2153.0,2153.0,2153.0,2153.0,2153.0,2153.0,2153.0,2153.0,2153.0,2153.0,2153.0,2153.0,2153.0,2153.0,2153.0,2153.0,2153.0,2153.0,2153.0,3.0,0.3,283.82103,283.6797,283.3556,282.84551,282.22385,281.63252,281.25569,281.2882,281.90627,283.24655,285.39566,288.38953,292.21923,296.84007,302.18123,308.15426,314.65984,321.59292,328.84617,336.31214,353.4593891823714,365.0529252829921,1136.83548,131.5683100000001,1470.69051,8.06056000000001
2154,2154,2154.0,2154.0,2154.0,2154.0,2154.0,2154.0,2154.0,2154.0,2154.0,2154.0,2154.0,2154.0,2154.0,2154.0,2154.0,2154.0,2154.0,2154.0,2154.0,2154.0,2154.0,2154.0,2154.0,2154.0,2154.0,2154.0,2154.0,2154.0,2154.0,2154.0,2154.0,2154.0,2154.0,2154.0,2154.0,2154.0,2154.0,2154.0,2154.0,2154.0,2154.0,2154.0,2154.0,2154.0,2154.0,2154.0,2154.0,2154.0,2154.0,4.0,0.4,341.46743,330.05325,319.72388,310.86126,303.69517,298.30601,294.6524,292.61278,292.02934,292.74521,294.62943,297.58864,301.56705,306.53716,312.48441,319.38825,327.20294,335.84109,345.16363,354.97903,343.6242009857233,219.3478412552826,1268.40379,85.78664000000003,1339.1222,8.06056000000001
2155,2155,2155.0,2155.0,2155.0,2155.0,2155.0,2155.0,2155.0,2155.0,2155.0,2155.0,2155.0,2155.0,2155.0,2155.0,2155.0,2155.0,2155.0,2155.0,2155.0,2155.0,2155.0,2155.0,2155.0,2155.0,2155.0,2155.0,2155.0,2155.0,2155.0,2155.0,2155.0,2155.0,2155.0,2155.0,2155.0,2155.0,2155.0,2155.0,2155.0,2155.0,2155.0,2155.0,2155.0,2155.0,2155.0,2155.0,2155.0,2155.0,2155.0,5.0,0.5,337.26968,331.08308,325.22858,319.86126,315.1191,311.11179,307.90649,305.5113,303.85739,302.78157,302.01245,301.16512,299.75102,297.20992,292.96828,286.52235,277.53519,265.92787,251.9398,236.13567,366.20324849847407,290.7255935812548,1354.19043,182.7269799999999,1253.33556,8.06056000000001
2156,2156,2156.0,2156.0,2156.0,2156.0,2156.0,2156.0,2156.0,2156.0,2156.0,2156.0,2156.0,2156.0,2156.0,2156.0,2156.0,2156.0,2156.0,2156.0,2156.0,2156.0,2156.0,2156.0,2156.0,2156.0,2156.0,2156.0,2156.0,2156.0,2156.0,2156.0,2156.0,2156.0,2156.0,2156.0,2156.0,2156.0,2156.0,2156.0,2156.0,2156.0,2156.0,2156.0,2156.0,2156.0,2156.0,2156.0,2156.0,2156.0,2156.0,6.0,0.6,357.41392,348.88657,340.85144,333.48131,326.87626,321.06056,315.99091,311.57348,307.68655,304.20541,301.02687,298.08988,295.38905,292.97715,290.95365,289.43897,288.53792,288.30036,288.69005,289.57215,203.3742512397096,267.8567308972384,1536.91741,168.55817000000002,1070.60858,8.06056000000001
2157,2157,2157.0,2157.0,2157.0,2157.0,2157.0,2157.0,2157.0,2157.0,2157.0,2157.0,2157.0,2157.0,2157.0,2157.0,2157.0,2157.0,2157.0,2157.0,2157.0,2157.0,2157.0,2157.0,2157.0,2157.0,2157.0,2157.0,2157.0,2157.0,2157.0,2157.0,2157.0,2157.0,2157.0,2157.0,2157.0,2157.0,2157.0,2157.0,2157.0,2157.0,2157.0,2157.0,2157.0,2157.0,2157.0,2157.0,2157.0,2157.0,2157.0,7.0,0.7,224.07372,243.60796,260.97875,275.48297,286.77552,294.86056,300.02385,302.73159,303.52365,302.92328,301.37537,299.21558,296.66553,293.84659,290.80458,287.53922,284.03341,280.27843,276.29159,272.12387,220.14418490568568,269.1666667746632,1705.47558,211.24759999999992,902.05041,8.06056000000001
2158,2158,2158.0,2158.0,2158.0,2158.0,2158.0,2158.0,2158.0,2158.0,2158.0,2158.0,2158.0,2158.0,2158.0,2158.0,2158.0,2158.0,2158.0,2158.0,2158.0,2158.0,2158.0,2158.0,2158.0,2158.0,2158.0,2158.0,2158.0,2158.0,2158.0,2158.0,2158.0,2158.0,2158.0,2158.0,2158.0,2158.0,2158.0,2158.0,2158.0,2158.0,2158.0,2158.0,2158.0,2158.0,2158.0,2158.0,2158.0,2158.0,2158.0,8.0,0.8,230.73171,241.05374,250.85514,259.90226,267.99461,274.97609,280.74377,285.25241,288.51337,290.58796,291.57644,291.60482,290.81149,289.33569,287.30894,284.84962,282.06063,279.02939,275.82953,272.52363,320.7012659054616,215.0074471596184,1916.72318,313.21786999999995,690.8028100000001,8.06056000000001
2159,2159,2159.0,2159.0,2159.0,2159.0,2159.0,2159.0,2159.0,2159.0,2159.0,2159.0,2159.0,2159.0,2159.0,2159.0,2159.0,2159.0,2159.0,2159.0,2159.0,2159.0,2159.0,2159.0,2159.0,2159.0,2159.0,2159.0,2159.0,2159.0,2159.0,2159.0,2159.0,2159.0,2159.0,2159.0,2159.0,2159.0,2159.0,2159.0,2159.0,2159.0,2159.0,2159.0,2159.0,2159.0,2159.0,2159.0,2159.0,2159.0,2159.0,9.0,0.9,311.85254,303.61816,296.51161,290.8684,286.80877,284.24372,282.91596,282.45946,282.46015,282.50447,282.20962,281.2367,279.29333,276.13422,271.56717,265.4681,257.80351,248.65401,238.22956,226.86736,205.8896401180515,362.10905331209216,2229.94105,377.5849400000002,377.5849400000002,8.06056000000001
2160,2160,2160.0,2160.0,2160.0,2160.0,2160.0,2160.0,2160.0,2160.0,2160.0,2160.0,2160.0,2160.0,2160.0,2160.0,2160.0,2160.0,2160.0,2160.0,2160.0,2160.0,2160.0,2160.0,2160.0,2160.0,2160.0,2160.0,2160.0,2160.0,2160.0,2160.0,2160.0,2160.0,2160.0,2160.0,2160.0,2160.0,2160.0,2160.0,2160.0,2160.0,2160.0,2160.0,2160.0,2160.0,2160.0,2160.0,2160.0,2160.0,2160.0,0.0,0.0,273.0,273.0,273.0,273.0,273.0,273.0,273.0,273.0,273.0,273.0,273.0,273.0,273.0,273.0,273.0,273.0,273.0,273.0,273.0,273.0,292.2879960223306,191.9203981951117,0.0,490.34587,4453.068759999999,-40.0
2161,2161,2161.0,2161.0,2161.0,2161.0,2161.0,2161.0,2161.0,2161.0,2161.0,2161.0,2161.0,2161.0,2161.0,2161.0,2161.0,2161.0,2161.0,2161.0,2161.0,2161.0,2161.0,2161.0,2161.0,2161.0,2161.0,2161.0,2161.0,2161.0,2161.0,2161.0,2161.0,2161.0,2161.0,2161.0,2161.0,2161.0,2161.0,2161.0,2161.0,2161.0,2161.0,2161.0,2161.0,2161.0,2161.0,2161.0,2161.0,2161.0,2161.0,1.0,0.1,288.99851,285.85753,282.99219,280.49123,278.39513,276.69383,275.32995,274.20426,273.18,272.08414,270.70614,268.79693,266.07327,262.23263,256.98226,250.08237,241.39759,230.94578,218.92989,205.74021,275.2303060599602,182.62818138840368,490.34587,676.7556000000001,3962.72289,-36.30617000000001
2162,2162,2162.0,2162.0,2162.0,2162.0,2162.0,2162.0,2162.0,2162.0,2162.0,2162.0,2162.0,2162.0,2162.0,2162.0,2162.0,2162.0,2162.0,2162.0,2162.0,2162.0,2162.0,2162.0,2162.0,2162.0,2162.0,2162.0,2162.0,2162.0,2162.0,2162.0,2162.0,2162.0,2162.0,2162.0,2162.0,2162.0,2162.0,2162.0,2162.0,2162.0,2162.0,2162.0,2162.0,2162.0,2162.0,2162.0,2162.0,2162.0,2162.0,2.0,0.2,275.67321,276.01038,276.14758,276.00996,275.54395,274.71261,273.48638,271.83195,269.70255,267.0319,263.73359,259.70603,254.84241,249.04452,242.23878,234.39268,225.52898,215.73547,205.16775,194.04355,309.3135253580809,270.5661820048763,1167.10147,789.69273,3285.96729,-38.287390000000016
2163,2163,2163.0,2163.0,2163.0,2163.0,2163.0,2163.0,2163.0,2163.0,2163.0,2163.0,2163.0,2163.0,2163.0,2163.0,2163.0,2163.0,2163.0,2163.0,2163.0,2163.0,2163.0,2163.0,2163.0,2163.0,2163.0,2163.0,2163.0,2163.0,2163.0,2163.0,2163.0,2163.0,2163.0,2163.0,2163.0,2163.0,2163.0,2163.0,2163.0,2163.0,2163.0,2163.0,2163.0,2163.0,2163.0,2163.0,2163.0,2163.0,2163.0,3.0,0.3,303.09361,297.0713,291.40939,286.20967,281.50118,277.24491,273.3529,269.71688,266.24056,262.87052,259.62078,256.58758,253.9503,251.95579,250.88426,250.99876,252.48523,255.39531,259.6068,264.81562,335.0855067428629,355.84212704850484,1956.7942,581.7735,2496.27456,-35.75509
2164,2164,2164.0,2164.0,2164.0,2164.0,2164.0,2164.0,2164.0,2164.0,2164.0,2164.0,2164.0,2164.0,2164.0,2164.0,2164.0,2164.0,2164.0,2164.0,2164.0,2164.0,2164.0,2164.0,2164.0,2164.0,2164.0,2164.0,2164.0,2164.0,2164.0,2164.0,2164.0,2164.0,2164.0,2164.0,2164.0,2164.0,2164.0,2164.0,2164.0,2164.0,2164.0,2164.0,2164.0,2164.0,2164.0,2164.0,2164.0,2164.0,2164.0,4.0,0.4,325.58689,316.34997,307.60714,299.53944,292.26695,285.85353,280.32394,275.68945,271.97644,269.25289,267.64776,267.35931,268.64822,271.81289,277.1462,284.87685,295.10383,307.73746,322.46272,338.73895,278.51509162847213,193.1190501567397,2538.5677,371.9559300000001,1914.50106,-27.146470000000026
2165,2165,2165.0,2165.0,2165.0,2165.0,2165.0,2165.0,2165.0,2165.0,2165.0,2165.0,2165.0,2165.0,2165.0,2165.0,2165.0,2165.0,2165.0,2165.0,2165.0,2165.0,2165.0,2165.0,2165.0,2165.0,2165.0,2165.0,2165.0,2165.0,2165.0,2165.0,2165.0,2165.0,2165.0,2165.0,2165.0,2165.0,2165.0,2165.0,2165.0,2165.0,2165.0,2165.0,2165.0,2165.0,2165.0,2165.0,2165.0,2165.0,2165.0,5.0,0.5,280.63546,282.46095,283.75288,284.37096,284.29193,283.60137,282.46196,281.06603,279.58159,278.10028,276.59503,274.89371,272.67593,269.49889,264.85595,258.26517,249.37588,238.07149,224.54145,209.29715,331.0330470967696,338.7415396606021,2910.52363,439.71976,1542.54513,-29.398630000000026
2166,2166,2166.0,2166.0,2166.0,2166.0,2166.0,2166.0,2166.0,2166.0,2166.0,2166.0,2166.0,2166.0,2166.0,2166.0,2166.0,2166.0,2166.0,2166.0,2166.0,2166.0,2166.0,2166.0,2166.0,2166.0,2166.0,2166.0,2166.0,2166.0,2166.0,2166.0,2166.0,2166.0,2166.0,2166.0,2166.0,2166.0,2166.0,2166.0,2166.0,2166.0,2166.0,2166.0,2166.0,2166.0,2166.0,2166.0,2166.0,2166.0,2166.0,6.0,0.6,322.65442,314.61001,307.18351,300.56981,294.85743,290.03417,286.01313,282.67206,279.89827,277.63167,275.90026,274.8425,274.71107,275.85256,278.65967,283.49759,290.61441,300.05388,311.59418,324.73463,260.6906404041058,367.6193168724194,3350.24339,255.71085,1102.82537,-22.965829999999983
2167,2167,2167.0,2167.0,2167.0,2167.0,2167.0,2167.0,2167.0,2167.0,2167.0,2167.0,2167.0,2167.0,2167.0,2167.0,2167.0,2167.0,2167.0,2167.0,2167.0,2167.0,2167.0,2167.0,2167.0,2167.0,2167.0,2167.0,2167.0,2167.0,2167.0,2167.0,2167.0,2167.0,2167.0,2167.0,2167.0,2167.0,2167.0,2167.0,2167.0,2167.0,2167.0,2167.0,2167.0,2167.0,2167.0,2167.0,2167.0,2167.0,2167.0,7.0,0.7,266.40114,271.69278,276.21705,279.75026,282.22108,283.70912,284.41997,284.64715,284.73224,285.03132,285.89115,287.63408,290.54735,294.87219,300.7891,308.39867,317.70048,328.57547,340.77826,353.94505,188.0037928167975,329.58803751717653,3605.95424,192.94983999999977,847.1145200000001,-29.290880000000016
2168,2168,2168.0,2168.0,2168.0,2168.0,2168.0,2168.0,2168.0,2168.0,2168.0,2168.0,2168.0,2168.0,2168.0,2168.0,2168.0,2168.0,2168.0,2168.0,2168.0,2168.0,2168.0,2168.0,2168.0,2168.0,2168.0,2168.0,2168.0,2168.0,2168.0,2168.0,2168.0,2168.0,2168.0,2168.0,2168.0,2168.0,2168.0,2168.0,2168.0,2168.0,2168.0,2168.0,2168.0,2168.0,2168.0,2168.0,2168.0,2168.0,2168.0,8.0,0.8,203.88321,219.11464,233.14027,245.56327,256.18574,265.00963,272.20565,278.06156,282.92299,287.13807,291.01321,294.78349,298.59844,302.52211,306.546,310.61214,314.64233,318.56793,322.35369,326.00963,284.5121697553515,201.7437470545489,3798.90408,278.8858500000001,654.1646800000003,-47.990369999999984
2169,2169,2169.0,2169.0,2169.0,2169.0,2169.0,2169.0,2169.0,2169.0,2169.0,2169.0,2169.0,2169.0,2169.0,2169.0,2169.0,2169.0,2169.0,2169.0,2169.0,2169.0,2169.0,2169.0,2169.0,2169.0,2169.0,2169.0,2169.0,2169.0,2169.0,2169.0,2169.0,2169.0,2169.0,2169.0,2169.0,2169.0,2169.0,2169.0,2169.0,2169.0,2169.0,2169.0,2169.0,2169.0,2169.0,2169.0,2169.0,2169.0,2169.0,9.0,0.9,279.92131,275.865,272.79017,270.98946,270.56916,271.45391,273.41963,276.13907,279.22442,282.25608,284.795,286.38375,286.54754,284.80763,280.71669,273.91813,264.22143,251.67593,236.62013,219.68553,219.1678993973389,365.2825547609002,4077.78993,375.2788300000002,375.2788300000002,-41.54608999999999
2170,2170,2170.0,2170.0,2170.0,2170.0,2170.0,2170.0,2170.0,2170.0,2170.0,2170.0,2170.0,2170.0,2170.0,2170.0,2170.0,2170.0,2170.0,2170.0,2170.0,2170.0,2170.0,2170.0,2170.0,2170.0,2170.0,2170.0,2170.0,2170.0,2170.0,2170.0,2170.0,2170.0,2170.0,2170.0,2170.0,2170.0,2170.0,2170.0,2170.0,2170.0,2170.0,2170.0,2170.0,2170.0,2170.0,2170.0,2170.0,2170.0,2170.0,0.0,0.0,273.0,273.0,273.0,273.0,273.0,273.0,273.0,273.0,273.0,273.0,273.0,273.0,273.0,273.0,273.0,273.0,273.0,273.0,273.0,273.0,357.51460018791306,249.7219175722568,0.0,431.91007,2484.0176599999995,-40.0
2171,2171,2171.0,2171.0,2171.0,2171.0,2171.0,2171.0,2171.0,2171.0,2171.0,2171.0,2171.0,2171.0,2171.0,2171.0,2171.0,2171.0,2171.0,2171.0,2171.0,2171.0,2171.0,2171.0,2171.0,2171.0,2171.0,2171.0,2171.0,2171.0,2171.0,2171.0,2171.0,2171.0,2171.0,2171.0,2171.0,2171.0,2171.0,2171.0,2171.0,2171.0,2171.0,2171.0,2171.0,2171.0,2171.0,2171.0,2171.0,2171.0,2171.0,1.0,0.1,343.10919,329.36056,316.83533,305.94016,296.88624,289.69154,284.21395,280.20178,277.34712,275.3304,273.85046,272.63981,271.46928,270.14769,268.52169,266.47888,263.95442,260.93865,257.48176,253.69158,279.5185494780714,261.9154418962901,431.91007,411.70596,2052.10759,-23.308460000000025
2172,2172,2172.0,2172.0,2172.0,2172.0,2172.0,2172.0,2172.0,2172.0,2172.0,2172.0,2172.0,2172.0,2172.0,2172.0,2172.0,2172.0,2172.0,2172.0,2172.0,2172.0,2172.0,2172.0,2172.0,2172.0,2172.0,2172.0,2172.0,2172.0,2172.0,2172.0,2172.0,2172.0,2172.0,2172.0,2172.0,2172.0,2172.0,2172.0,2172.0,2172.0,2172.0,2172.0,2172.0,2172.0,2172.0,2172.0,2172.0,2172.0,2172.0,2.0,0.2,282.5587,285.21954,287.18771,288.26529,288.39061,287.62874,286.1385,284.12774,281.80979,279.37077,276.95223,274.64814,272.51212,270.56922,268.82717,267.28396,265.93062,264.75026,263.71559,262.78732,302.6481465889338,318.90035622336586,843.61603,375.7117,1640.4016299999998,-25.371260000000007
2173,2173,2173.0,2173.0,2173.0,2173.0,2173.0,2173.0,2173.0,2173.0,2173.0,2173.0,2173.0,2173.0,2173.0,2173.0,2173.0,2173.0,2173.0,2173.0,2173.0,2173.0,2173.0,2173.0,2173.0,2173.0,2173.0,2173.0,2173.0,2173.0,2173.0,2173.0,2173.0,2173.0,2173.0,2173.0,2173.0,2173.0,2173.0,2173.0,2173.0,2173.0,2173.0,2173.0,2173.0,2173.0,2173.0,2173.0,2173.0,2173.0,2173.0,3.0,0.3,299.64675,296.72809,293.96005,291.38534,289.01901,286.85418,284.87456,283.0705,281.45531,280.07882,279.03611,278.46954,278.56253,279.52346,281.55921,284.83968,289.45809,295.39472,302.49409,310.46392,370.16446540010656,342.44693067027004,1219.32773,242.87889,1264.68993,-26.14582000000001
2174,2174,2174.0,2174.0,2174.0,2174.0,2174.0,2174.0,2174.0,2174.0,2174.0,2174.0,2174.0,2174.0,2174.0,2174.0,2174.0,2174.0,2174.0,2174.0,2174.0,2174.0,2174.0,2174.0,2174.0,2174.0,2174.0,2174.0,2174.0,2174.0,2174.0,2174.0,2174.0,2174.0,2174.0,2174.0,2174.0,2174.0,2174.0,2174.0,2174.0,2174.0,2174.0,2174.0,2174.0,2174.0,2174.0,2174.0,2174.0,2174.0,2174.0,4.0,0.4,356.19214,342.78555,330.43916,319.52159,310.24899,302.68954,296.79338,292.43736,289.47223,287.76233,287.21171,287.77486,289.45309,292.27939,296.29519,301.52292,307.93882,315.45064,323.88526,332.98971,222.0902857875065,365.017303942585,1462.20662,124.9208900000001,1021.81104,-10.310459999999978
2175,2175,2175.0,2175.0,2175.0,2175.0,2175.0,2175.0,2175.0,2175.0,2175.0,2175.0,2175.0,2175.0,2175.0,2175.0,2175.0,2175.0,2175.0,2175.0,2175.0,2175.0,2175.0,2175.0,2175.0,2175.0,2175.0,2175.0,2175.0,2175.0,2175.0,2175.0,2175.0,2175.0,2175.0,2175.0,2175.0,2175.0,2175.0,2175.0,2175.0,2175.0,2175.0,2175.0,2175.0,2175.0,2175.0,2175.0,2175.0,2175.0,2175.0,5.0,0.5,237.20861,251.41648,263.94938,274.30029,282.27349,287.97518,291.75306,294.10777,295.60115,296.78073,298.12985,300.04353,302.82347,306.68303,311.75387,318.08936,325.66365,334.36903,344.01579,354.33939,322.0379210205929,328.43024083466685,1587.12751,78.41569000000004,896.89015,-25.024819999999977
2176,2176,2176.0,2176.0,2176.0,2176.0,2176.0,2176.0,2176.0,2176.0,2176.0,2176.0,2176.0,2176.0,2176.0,2176.0,2176.0,2176.0,2176.0,2176.0,2176.0,2176.0,2176.0,2176.0,2176.0,2176.0,2176.0,2176.0,2176.0,2176.0,2176.0,2176.0,2176.0,2176.0,2176.0,2176.0,2176.0,2176.0,2176.0,2176.0,2176.0,2176.0,2176.0,2176.0,2176.0,2176.0,2176.0,2176.0,2176.0,2176.0,2176.0,6.0,0.6,314.92286,308.34136,302.74442,298.43913,295.56224,294.09103,293.88275,294.72718,296.3963,298.67944,301.3994,304.41172,307.59403,310.83391,314.02239,317.0569,319.85319,322.36196,324.58319,326.57179,178.32312233574248,364.0333665600533,1665.5432,76.42549999999983,818.4744599999999,-18.90897000000001
2177,2177,2177.0,2177.0,2177.0,2177.0,2177.0,2177.0,2177.0,2177.0,2177.0,2177.0,2177.0,2177.0,2177.0,2177.0,2177.0,2177.0,2177.0,2177.0,2177.0,2177.0,2177.0,2177.0,2177.0,2177.0,2177.0,2177.0,2177.0,2177.0,2177.0,2177.0,2177.0,2177.0,2177.0,2177.0,2177.0,2177.0,2177.0,2177.0,2177.0,2177.0,2177.0,2177.0,2177.0,2177.0,2177.0,2177.0,2177.0,2177.0,2177.0,7.0,0.7,198.94429,218.62263,236.55571,252.18884,265.26691,275.82551,284.13329,290.6078,295.72951,299.97249,303.76081,307.4503,311.32816,315.62063,320.49966,326.08338,332.4294,339.52483,347.27887,355.52456,236.0948903970464,196.8235211941036,1741.9687,164.8489800000002,742.0489600000001,-37.17448999999999
2178,2178,2178.0,2178.0,2178.0,2178.0,2178.0,2178.0,2178.0,2178.0,2178.0,2178.0,2178.0,2178.0,2178.0,2178.0,2178.0,2178.0,2178.0,2178.0,2178.0,2178.0,2178.0,2178.0,2178.0,2178.0,2178.0,2178.0,2178.0,2178.0,2178.0,2178.0,2178.0,2178.0,2178.0,2178.0,2178.0,2178.0,2178.0,2178.0,2178.0,2178.0,2178.0,2178.0,2178.0,2178.0,2178.0,2178.0,2178.0,2178.0,2178.0,8.0,0.8,241.1534,246.36132,251.82896,257.59887,263.63424,269.82403,275.99903,281.94931,287.43439,292.18143,295.87294,298.13171,298.51516,296.53211,291.69115,283.58114,271.9727,256.91779,238.81786,218.4338,325.5809240309801,261.2457697176528,1906.81768,298.3172,577.1999799999999,-43.17597000000001
2179,2179,2179.0,2179.0,2179.0,2179.0,2179.0,2179.0,2179.0,2179.0,2179.0,2179.0,2179.0,2179.0,2179.0,2179.0,2179.0,2179.0,2179.0,2179.0,2179.0,2179.0,2179.0,2179.0,2179.0,2179.0,2179.0,2179.0,2179.0,2179.0,2179.0,2179.0,2179.0,2179.0,2179.0,2179.0,2179.0,2179.0,2179.0,2179.0,2179.0,2179.0,2179.0,2179.0,2179.0,2179.0,2179.0,2179.0,2179.0,2179.0,2179.0,9.0,0.9,315.76257,306.60631,298.6711,292.33242,287.74027,284.82052,283.31316,282.83411,282.94528,283.22003,283.29568,282.90939,281.91602,280.28842,278.10084,275.49782,272.65326,269.72743,266.83176,264.01068,335.058299849067,339.5959351447332,2205.13488,278.8827799999999,278.8827799999999,-28.17948000000001
2180,2180,2180.0,2180.0,2180.0,2180.0,2180.0,2180.0,2180.0,2180.0,2180.0,2180.0,2180.0,2180.0,2180.0,2180.0,2180.0,2180.0,2180.0,2180.0,2180.0,2180.0,2180.0,2180.0,2180.0,2180.0,2180.0,2180.0,2180.0,2180.0,2180.0,2180.0,2180.0,2180.0,2180.0,2180.0,2180.0,2180.0,2180.0,2180.0,2180.0,2180.0,2180.0,2180.0,2180.0,2180.0,2180.0,2180.0,2180.0,2180.0,2180.0,0.0,0.0,273.0,273.0,273.0,273.0,273.0,273.0,273.0,273.0,273.0,273.0,273.0,273.0,273.0,273.0,273.0,273.0,273.0,273.0,273.0,273.0,252.31324368786284,275.3146582933777,0.0,456.99097,6150.18956,-40.0
2181,2181,2181.0,2181.0,2181.0,2181.0,2181.0,2181.0,2181.0,2181.0,2181.0,2181.0,2181.0,2181.0,2181.0,2181.0,2181.0,2181.0,2181.0,2181.0,2181.0,2181.0,2181.0,2181.0,2181.0,2181.0,2181.0,2181.0,2181.0,2181.0,2181.0,2181.0,2181.0,2181.0,2181.0,2181.0,2181.0,2181.0,2181.0,2181.0,2181.0,2181.0,2181.0,2181.0,2181.0,2181.0,2181.0,2181.0,2181.0,2181.0,2181.0,1.0,0.1,255.83922,259.20435,262.26984,264.93601,267.15081,268.90921,270.2449,271.21759,271.89969,272.36495,272.68074,272.90416,273.08098,273.24644,273.42657,273.63932,273.89517,274.19738,274.54222,274.91963,256.69413195861705,181.5899943537183,456.99097,542.4344000000001,5693.19859,-44.09079000000003
2182,2182,2182.0,2182.0,2182.0,2182.0,2182.0,2182.0,2182.0,2182.0,2182.0,2182.0,2182.0,2182.0,2182.0,2182.0,2182.0,2182.0,2182.0,2182.0,2182.0,2182.0,2182.0,2182.0,2182.0,2182.0,2182.0,2182.0,2182.0,2182.0,2182.0,2182.0,2182.0,2182.0,2182.0,2182.0,2182.0,2182.0,2182.0,2182.0,2182.0,2182.0,2182.0,2182.0,2182.0,2182.0,2182.0,2182.0,2182.0,2182.0,2182.0,2.0,0.2,258.44942,260.18043,261.86129,263.4631,264.95275,266.2912,267.43039,268.30777,268.83789,268.90156,268.33493,266.92225,264.39775,260.46188,254.81549,247.21082,237.51253,225.75544,212.18296,197.25099,325.5359494547424,235.89228728649297,999.42537,716.57982,5150.76419,-46.7088
2183,2183,2183.0,2183.0,2183.0,2183.0,2183.0,2183.0,2183.0,2183.0,2183.0,2183.0,2183.0,2183.0,2183.0,2183.0,2183.0,2183.0,2183.0,2183.0,2183.0,2183.0,2183.0,2183.0,2183.0,2183.0,2183.0,2183.0,2183.0,2183.0,2183.0,2183.0,2183.0,2183.0,2183.0,2183.0,2183.0,2183.0,2183.0,2183.0,2183.0,2183.0,2183.0,2183.0,2183.0,2183.0,2183.0,2183.0,2183.0,2183.0,2183.0,3.0,0.3,315.18025,305.31252,296.34531,288.55756,282.06501,276.82275,272.65508,269.30235,266.47323,263.8927,261.33946,258.67002,255.82842,252.84179,249.80248,246.83889,244.07923,241.61506,239.47334,237.60468,256.8785259436039,318.6967922659492,1716.00519,652.6492099999998,4434.18437,-36.177250000000015
2184,2184,2184.0,2184.0,2184.0,2184.0,2184.0,2184.0,2184.0,2184.0,2184.0,2184.0,2184.0,2184.0,2184.0,2184.0,2184.0,2184.0,2184.0,2184.0,2184.0,2184.0,2184.0,2184.0,2184.0,2184.0,2184.0,2184.0,2184.0,2184.0,2184.0,2184.0,2184.0,2184.0,2184.0,2184.0,2184.0,2184.0,2184.0,2184.0,2184.0,2184.0,2184.0,2184.0,2184.0,2184.0,2184.0,2184.0,2184.0,2184.0,2184.0,4.0,0.4,261.07941,264.88898,267.97779,270.12553,271.2438,271.37318,270.6603,269.32606,267.63563,265.87797,264.35667,263.38845,263.30179,264.42739,267.07401,271.48854,277.80574,285.99925,295.84919,306.94017,193.95993778228288,180.39039720384343,2368.6544,631.7440700000002,3781.53516,-41.62682000000001
2185,2185,2185.0,2185.0,2185.0,2185.0,2185.0,2185.0,2185.0,2185.0,2185.0,2185.0,2185.0,2185.0,2185.0,2185.0,2185.0,2185.0,2185.0,2185.0,2185.0,2185.0,2185.0,2185.0,2185.0,2185.0,2185.0,2185.0,2185.0,2185.0,2185.0,2185.0,2185.0,2185.0,2185.0,2185.0,2185.0,2185.0,2185.0,2185.0,2185.0,2185.0,2185.0,2185.0,2185.0,2185.0,2185.0,2185.0,2185.0,2185.0,2185.0,5.0,0.5,206.66716,218.78752,229.81209,239.37064,247.26331,253.45869,258.06234,261.2648,263.28035,264.28713,264.37708,263.52283,261.56737,258.24164,253.2122,246.1562,236.85267,225.27124,211.63498,196.43564,289.00068439211884,310.6964933156272,3000.39847,838.6062099999999,3149.79109,-59.54131000000001
2186,2186,2186.0,2186.0,2186.0,2186.0,2186.0,2186.0,2186.0,2186.0,2186.0,2186.0,2186.0,2186.0,2186.0,2186.0,2186.0,2186.0,2186.0,2186.0,2186.0,2186.0,2186.0,2186.0,2186.0,2186.0,2186.0,2186.0,2186.0,2186.0,2186.0,2186.0,2186.0,2186.0,2186.0,2186.0,2186.0,2186.0,2186.0,2186.0,2186.0,2186.0,2186.0,2186.0,2186.0,2186.0,2186.0,2186.0,2186.0,2186.0,2186.0,6.0,0.6,281.66562,274.83971,268.9438,264.24393,260.82187,258.58639,257.3185,256.73708,256.56943,256.61406,256.78703,257.14699,257.89593,259.35363,261.90566,265.92849,271.7019,279.32559,288.6611,299.31833,354.78044874637663,220.7094555951423,3839.00468,650.9751500000002,2311.18488,-54.413610000000006
2187,2187,2187.0,2187.0,2187.0,2187.0,2187.0,2187.0,2187.0,2187.0,2187.0,2187.0,2187.0,2187.0,2187.0,2187.0,2187.0,2187.0,2187.0,2187.0,2187.0,2187.0,2187.0,2187.0,2187.0,2187.0,2187.0,2187.0,2187.0,2187.0,2187.0,2187.0,2187.0,2187.0,2187.0,2187.0,2187.0,2187.0,2187.0,2187.0,2187.0,2187.0,2187.0,2187.0,2187.0,2187.0,2187.0,2187.0,2187.0,2187.0,2187.0,7.0,0.7,339.08286,324.03866,310.22056,298.05728,287.79931,279.51689,273.12441,268.4195,265.12428,262.91833,261.45914,260.39117,259.35,257.96974,255.90135,252.84493,248.59286,243.07391,236.3844,228.79268,304.7921071235322,273.69920785724344,4489.97983,600.1525499999998,1660.2097299999996,-33.48311000000001
2188,2188,2188.0,2188.0,2188.0,2188.0,2188.0,2188.0,2188.0,2188.0,2188.0,2188.0,2188.0,2188.0,2188.0,2188.0,2188.0,2188.0,2188.0,2188.0,2188.0,2188.0,2188.0,2188.0,2188.0,2188.0,2188.0,2188.0,2188.0,2188.0,2188.0,2188.0,2188.0,2188.0,2188.0,2188.0,2188.0,2188.0,2188.0,2188.0,2188.0,2188.0,2188.0,2188.0,2188.0,2188.0,2188.0,2188.0,2188.0,2188.0,2188.0,8.0,0.8,301.94174,298.94911,295.70773,292.17246,288.36835,284.38192,280.34003,276.38412,272.64831,269.24708,266.274,263.80911,261.92937,260.71576,260.25147,260.60882,261.82685,263.88559,266.68583,270.04285,202.9923721859573,293.8369182927412,5090.13238,535.0169999999998,1060.0571799999998,-28.61808000000002
2189,2189,2189.0,2189.0,2189.0,2189.0,2189.0,2189.0,2189.0,2189.0,2189.0,2189.0,2189.0,2189.0,2189.0,2189.0,2189.0,2189.0,2189.0,2189.0,2189.0,2189.0,2189.0,2189.0,2189.0,2189.0,2189.0,2189.0,2189.0,2189.0,2189.0,2189.0,2189.0,2189.0,2189.0,2189.0,2189.0,2189.0,2189.0,2189.0,2189.0,2189.0,2189.0,2189.0,2189.0,2189.0,2189.0,2189.0,2189.0,2189.0,2189.0,9.0,0.9,216.97703,230.16899,241.88833,251.65543,259.23614,264.63996,268.07943,269.9069,270.54652,270.43595,269.98502,269.55233,269.43542,269.86852,271.02195,272.99989,275.83591,279.48844,283.83991,288.7031,332.0480841626727,249.119716826377,5625.14938,525.04018,525.04018,-48.360040000000026
2190,2190,2190.0,2190.0,2190.0,2190.0,2190.0,2190.0,2190.0,2190.0,2190.0,2190.0,2190.0,2190.0,2190.0,2190.0,2190.0,2190.0,2190.0,2190.0,2190.0,2190.0,2190.0,2190.0,2190.0,2190.0,2190.0,2190.0,2190.0,2190.0,2190.0,2190.0,2190.0,2190.0,2190.0,2190.0,2190.0,2190.0,2190.0,2190.0,2190.0,2190.0,2190.0,2190.0,2190.0,2190.0,2190.0,2190.0,2190.0,2190.0,2190.0,0.0,0.0,273.0,273.0,273.0,273.0,273.0,273.0,273.0,273.0,273.0,273.0,273.0,273.0,273.0,273.0,273.0,273.0,273.0,273.0,273.0,273.0,268.2778832110319,339.688684593278,0.0,416.77397,3074.78116,0.6036399999999844
2191,2191,2191.0,2191.0,2191.0,2191.0,2191.0,2191.0,2191.0,2191.0,2191.0,2191.0,2191.0,2191.0,2191.0,2191.0,2191.0,2191.0,2191.0,2191.0,2191.0,2191.0,2191.0,2191.0,2191.0,2191.0,2191.0,2191.0,2191.0,2191.0,2191.0,2191.0,2191.0,2191.0,2191.0,2191.0,2191.0,2191.0,2191.0,2191.0,2191.0,2191.0,2191.0,2191.0,2191.0,2191.0,2191.0,2191.0,2191.0,2191.0,2191.0,1.0,0.1,269.08436,269.85535,270.56107,271.18231,271.71391,272.16709,272.57133,272.97676,273.45798,274.11922,275.09968,276.57655,278.76189,281.88987,286.19153,291.85805,298.99713,307.59193,317.47424,328.32231,346.18235522231544,371.5296123109717,416.77397,265.57019999999994,2658.00719,0.6036399999999844
2192,2192,2192.0,2192.0,2192.0,2192.0,2192.0,2192.0,2192.0,2192.0,2192.0,2192.0,2192.0,2192.0,2192.0,2192.0,2192.0,2192.0,2192.0,2192.0,2192.0,2192.0,2192.0,2192.0,2192.0,2192.0,2192.0,2192.0,2192.0,2192.0,2192.0,2192.0,2192.0,2192.0,2192.0,2192.0,2192.0,2192.0,2192.0,2192.0,2192.0,2192.0,2192.0,2192.0,2192.0,2192.0,2192.0,2192.0,2192.0,2192.0,2192.0,2.0,0.2,333.5849,321.60251,310.7709,301.48595,293.97496,288.30271,284.40635,282.14643,281.3605,281.90771,283.69786,286.70263,290.95025,296.50652,303.44606,311.81824,321.61289,332.73216,344.97449,358.03581,364.19258571873695,358.2923451459824,682.34417,104.57989000000008,2392.43699,0.6036399999999844
2193,2193,2193.0,2193.0,2193.0,2193.0,2193.0,2193.0,2193.0,2193.0,2193.0,2193.0,2193.0,2193.0,2193.0,2193.0,2193.0,2193.0,2193.0,2193.0,2193.0,2193.0,2193.0,2193.0,2193.0,2193.0,2193.0,2193.0,2193.0,2193.0,2193.0,2193.0,2193.0,2193.0,2193.0,2193.0,2193.0,2193.0,2193.0,2193.0,2193.0,2193.0,2193.0,2193.0,2193.0,2193.0,2193.0,2193.0,2193.0,2193.0,2193.0,3.0,0.3,352.6801,341.56633,331.21787,321.94324,313.97703,307.47514,302.51996,299.13228,297.28589,296.9211,297.95506,300.28808,303.80669,308.38514,313.88691,320.16779,327.08055,334.48071,342.23162,350.20737,326.6465053867763,240.98065702000048,786.92406,73.93714,2287.8571,0.6036399999999844
2194,2194,2194.0,2194.0,2194.0,2194.0,2194.0,2194.0,2194.0,2194.0,2194.0,2194.0,2194.0,2194.0,2194.0,2194.0,2194.0,2194.0,2194.0,2194.0,2194.0,2194.0,2194.0,2194.0,2194.0,2194.0,2194.0,2194.0,2194.0,2194.0,2194.0,2194.0,2194.0,2194.0,2194.0,2194.0,2194.0,2194.0,2194.0,2194.0,2194.0,2194.0,2194.0,2194.0,2194.0,2194.0,2194.0,2194.0,2194.0,2194.0,2194.0,4.0,0.4,324.67703,322.6333,320.47083,318.19576,315.87068,313.60364,311.52296,309.74308,308.32815,307.25907,306.40944,305.53497,304.28083,302.21104,298.86139,293.81289,286.77596,277.66861,266.66809,254.21783,236.80970606629603,247.5960243499757,860.8612,138.59006,2213.91996,0.6036399999999844
2195,2195,2195.0,2195.0,2195.0,2195.0,2195.0,2195.0,2195.0,2195.0,2195.0,2195.0,2195.0,2195.0,2195.0,2195.0,2195.0,2195.0,2195.0,2195.0,2195.0,2195.0,2195.0,2195.0,2195.0,2195.0,2195.0,2195.0,2195.0,2195.0,2195.0,2195.0,2195.0,2195.0,2195.0,2195.0,2195.0,2195.0,2195.0,2195.0,2195.0,2195.0,2195.0,2195.0,2195.0,2195.0,2195.0,2195.0,2195.0,2195.0,2195.0,5.0,0.5,250.0665,262.63283,273.91236,283.47474,291.09013,296.72253,300.48964,302.60396,303.31182,302.84354,301.38249,299.05406,295.93128,292.05124,287.43592,282.11232,276.12799,269.56033,262.51925,255.14407,294.41327649428683,296.1778762775743,999.45126,191.90557999999987,2075.3299,0.6036399999999844
2196,2196,2196.0,2196.0,2196.0,2196.0,2196.0,2196.0,2196.0,2196.0,2196.0,2196.0,2196.0,2196.0,2196.0,2196.0,2196.0,2196.0,2196.0,2196.0,2196.0,2196.0,2196.0,2196.0,2196.0,2196.0,2196.0,2196.0,2196.0,2196.0,2196.0,2196.0,2196.0,2196.0,2196.0,2196.0,2196.0,2196.0,2196.0,2196.0,2196.0,2196.0,2196.0,2196.0,2196.0,2196.0,2196.0,2196.0,2196.0,2196.0,2196.0,6.0,0.6,293.36952,292.51205,291.9819,291.84203,292.06514,292.54369,293.11767,293.61181,293.8729,293.80022,293.36489,292.61663,291.67819,290.72819,289.97387,289.61629,289.81231,290.64027,292.07724,293.99497,269.42959787967914,243.11124859918564,1191.35684,207.1822300000001,1883.42432,0.6036399999999844
2197,2197,2197.0,2197.0,2197.0,2197.0,2197.0,2197.0,2197.0,2197.0,2197.0,2197.0,2197.0,2197.0,2197.0,2197.0,2197.0,2197.0,2197.0,2197.0,2197.0,2197.0,2197.0,2197.0,2197.0,2197.0,2197.0,2197.0,2197.0,2197.0,2197.0,2197.0,2197.0,2197.0,2197.0,2197.0,2197.0,2197.0,2197.0,2197.0,2197.0,2197.0,2197.0,2197.0,2197.0,2197.0,2197.0,2197.0,2197.0,2197.0,2197.0,7.0,0.7,273.38362,277.15907,280.6,283.59034,286.06178,287.99157,289.39156,290.29189,290.723,290.69885,290.204,289.18601,287.55515,285.19278,281.96966,277.77313,272.53973,266.28658,259.1328,251.30341,183.1091025164746,214.40771721629125,1398.53907,355.37753999999995,1676.24209,0.6036399999999844
2198,2198,2198.0,2198.0,2198.0,2198.0,2198.0,2198.0,2198.0,2198.0,2198.0,2198.0,2198.0,2198.0,2198.0,2198.0,2198.0,2198.0,2198.0,2198.0,2198.0,2198.0,2198.0,2198.0,2198.0,2198.0,2198.0,2198.0,2198.0,2198.0,2198.0,2198.0,2198.0,2198.0,2198.0,2198.0,2198.0,2198.0,2198.0,2198.0,2198.0,2198.0,2198.0,2198.0,2198.0,2198.0,2198.0,2198.0,2198.0,2198.0,2198.0,8.0,0.8,200.53577,217.20841,232.46726,245.81973,256.97697,265.85038,272.51463,277.1509,279.98592,281.23948,281.08814,279.64759,276.97253,273.07067,267.92705,261.53413,253.9228,245.18867,235.50806,225.13932,258.9295695092236,227.8173851311088,1753.91661,603.4382200000002,1320.86455,0.6036399999999844
2199,2199,2199.0,2199.0,2199.0,2199.0,2199.0,2199.0,2199.0,2199.0,2199.0,2199.0,2199.0,2199.0,2199.0,2199.0,2199.0,2199.0,2199.0,2199.0,2199.0,2199.0,2199.0,2199.0,2199.0,2199.0,2199.0,2199.0,2199.0,2199.0,2199.0,2199.0,2199.0,2199.0,2199.0,2199.0,2199.0,2199.0,2199.0,2199.0,2199.0,2199.0,2199.0,2199.0,2199.0,2199.0,2199.0,2199.0,2199.0,2199.0,2199.0,9.0,0.9,258.32594,257.99832,258.15877,258.90794,260.21531,261.92919,263.81055,265.57893,266.95851,267.71504,267.67879,266.75369,264.915,262.19933,258.69037,254.50285,249.76684,244.61397,239.16735,233.53643,211.16023676300097,280.9755607491746,2357.35483,717.4263299999998,717.4263299999998,0.6036399999999844
2200,2200,2200.0,2200.0,2200.0,2200.0,2200.0,2200.0,2200.0,2200.0,2200.0,2200.0,2200.0,2200.0,2200.0,2200.0,2200.0,2200.0,2200.0,2200.0,2200.0,2200.0,2200.0,2200.0,2200.0,2200.0,2200.0,2200.0,2200.0,2200.0,2200.0,2200.0,2200.0,2200.0,2200.0,2200.0,2200.0,2200.0,2200.0,2200.0,2200.0,2200.0,2200.0,2200.0,2200.0,2200.0,2200.0,2200.0,2200.0,2200.0,2200.0,0.0,0.0,273.0,273.0,273.0,273.0,273.0,273.0,273.0,273.0,273.0,273.0,273.0,273.0,273.0,273.0,273.0,273.0,273.0,273.0,273.0,273.0,250.9552677261969,241.56383890077308,0.0,477.49346,4289.45247,-40.0
2201,2201,2201.0,2201.0,2201.0,2201.0,2201.0,2201.0,2201.0,2201.0,2201.0,2201.0,2201.0,2201.0,2201.0,2201.0,2201.0,2201.0,2201.0,2201.0,2201.0,2201.0,2201.0,2201.0,2201.0,2201.0,2201.0,2201.0,2201.0,2201.0,2201.0,2201.0,2201.0,2201.0,2201.0,2201.0,2201.0,2201.0,2201.0,2201.0,2201.0,2201.0,2201.0,2201.0,2201.0,2201.0,2201.0,2201.0,2201.0,2201.0,2201.0,1.0,0.1,254.71186,258.29643,261.56011,264.39484,266.74169,268.58898,269.96143,270.904,271.46408,271.67548,271.54654,271.05396,270.14318,268.7359,266.74455,264.09245,260.73683,256.69013,252.03401,246.92137,220.6822538827004,345.5466465969264,477.49346,543.98518,3811.95901,-44.41102000000001
2202,2202,2202.0,2202.0,2202.0,2202.0,2202.0,2202.0,2202.0,2202.0,2202.0,2202.0,2202.0,2202.0,2202.0,2202.0,2202.0,2202.0,2202.0,2202.0,2202.0,2202.0,2202.0,2202.0,2202.0,2202.0,2202.0,2202.0,2202.0,2202.0,2202.0,2202.0,2202.0,2202.0,2202.0,2202.0,2202.0,2202.0,2202.0,2202.0,2202.0,2202.0,2202.0,2202.0,2202.0,2202.0,2202.0,2202.0,2202.0,2202.0,2202.0,2.0,0.2,228.45783,235.92847,242.82566,248.94635,254.16976,258.46094,261.86425,264.49202,266.51405,268.15164,269.6763,271.40988,273.71977,277.00197,281.64677,287.98666,296.23305,306.41537,318.34015,331.58655,323.4645626403926,176.19797142078454,1021.47864,501.7668099999999,3267.97383,-54.539060000000006
2203,2203,2203.0,2203.0,2203.0,2203.0,2203.0,2203.0,2203.0,2203.0,2203.0,2203.0,2203.0,2203.0,2203.0,2203.0,2203.0,2203.0,2203.0,2203.0,2203.0,2203.0,2203.0,2203.0,2203.0,2203.0,2203.0,2203.0,2203.0,2203.0,2203.0,2203.0,2203.0,2203.0,2203.0,2203.0,2203.0,2203.0,2203.0,2203.0,2203.0,2203.0,2203.0,2203.0,2203.0,2203.0,2203.0,2203.0,2203.0,2203.0,2203.0,3.0,0.3,311.73443,300.69846,290.95021,282.90551,276.76415,272.5132,269.96246,268.79481,268.61344,268.97339,269.3938,269.35669,268.30525,265.65704,260.84433,253.38496,242.9749,229.58127,213.50708,195.40105,267.18481200416136,320.0513676741177,1523.24545,572.0768200000002,2766.2070200000003,-40.48680000000002
2204,2204,2204.0,2204.0,2204.0,2204.0,2204.0,2204.0,2204.0,2204.0,2204.0,2204.0,2204.0,2204.0,2204.0,2204.0,2204.0,2204.0,2204.0,2204.0,2204.0,2204.0,2204.0,2204.0,2204.0,2204.0,2204.0,2204.0,2204.0,2204.0,2204.0,2204.0,2204.0,2204.0,2204.0,2204.0,2204.0,2204.0,2204.0,2204.0,2204.0,2204.0,2204.0,2204.0,2204.0,2204.0,2204.0,2204.0,2204.0,2204.0,2204.0,4.0,0.4,269.24056,271.06524,272.46787,273.32669,273.60034,273.32095,272.57514,271.48253,270.18136,268.82692,267.60278,266.73876,266.5249,267.3091,269.46915,273.35644,279.21908,287.12194,296.88771,308.08148,200.37592107014817,289.6326184875303,2095.32227,506.0497499999997,2194.1302,-39.67905000000002
2205,2205,2205.0,2205.0,2205.0,2205.0,2205.0,2205.0,2205.0,2205.0,2205.0,2205.0,2205.0,2205.0,2205.0,2205.0,2205.0,2205.0,2205.0,2205.0,2205.0,2205.0,2205.0,2205.0,2205.0,2205.0,2205.0,2205.0,2205.0,2205.0,2205.0,2205.0,2205.0,2205.0,2205.0,2205.0,2205.0,2205.0,2205.0,2205.0,2205.0,2205.0,2205.0,2205.0,2205.0,2205.0,2205.0,2205.0,2205.0,2205.0,2205.0,5.0,0.5,212.55185,224.15681,234.69849,243.82499,251.35778,257.2924,261.77179,265.04242,267.40465,269.16695,270.60967,271.96054,273.38177,274.96745,276.74988,278.71319,280.81186,282.99087,285.20307,287.41986,326.20314604125554,331.7327396865268,2601.37202,490.0183500000003,1688.0804500000004,-55.70760000000001
2206,2206,2206.0,2206.0,2206.0,2206.0,2206.0,2206.0,2206.0,2206.0,2206.0,2206.0,2206.0,2206.0,2206.0,2206.0,2206.0,2206.0,2206.0,2206.0,2206.0,2206.0,2206.0,2206.0,2206.0,2206.0,2206.0,2206.0,2206.0,2206.0,2206.0,2206.0,2206.0,2206.0,2206.0,2206.0,2206.0,2206.0,2206.0,2206.0,2206.0,2206.0,2206.0,2206.0,2206.0,2206.0,2206.0,2206.0,2206.0,2206.0,2206.0,6.0,0.6,313.37333,301.33273,290.75188,282.09278,275.56768,271.1508,268.63294,267.69978,268.01242,269.27376,271.27137,273.89497,277.13161,281.04344,285.73381,291.30704,297.82758,305.28525,313.57337,322.48545,288.9878890430716,354.47535978178496,3091.39037,290.54601,1198.0621,-41.8492
2207,2207,2207.0,2207.0,2207.0,2207.0,2207.0,2207.0,2207.0,2207.0,2207.0,2207.0,2207.0,2207.0,2207.0,2207.0,2207.0,2207.0,2207.0,2207.0,2207.0,2207.0,2207.0,2207.0,2207.0,2207.0,2207.0,2207.0,2207.0,2207.0,2207.0,2207.0,2207.0,2207.0,2207.0,2207.0,2207.0,2207.0,2207.0,2207.0,2207.0,2207.0,2207.0,2207.0,2207.0,2207.0,2207.0,2207.0,2207.0,2207.0,2207.0,7.0,0.7,287.35359,285.69806,284.02235,282.36548,280.80931,279.47227,278.49527,278.02503,278.19993,279.14158,280.95254,283.71826,287.50977,292.38364,298.37674,305.49554,313.7018,322.89869,332.92219,343.5422,203.66815650305685,282.1179695055049,3381.93638,231.95145,907.51609,-33.52773000000002
2208,2208,2208.0,2208.0,2208.0,2208.0,2208.0,2208.0,2208.0,2208.0,2208.0,2208.0,2208.0,2208.0,2208.0,2208.0,2208.0,2208.0,2208.0,2208.0,2208.0,2208.0,2208.0,2208.0,2208.0,2208.0,2208.0,2208.0,2208.0,2208.0,2208.0,2208.0,2208.0,2208.0,2208.0,2208.0,2208.0,2208.0,2208.0,2208.0,2208.0,2208.0,2208.0,2208.0,2208.0,2208.0,2208.0,2208.0,2208.0,2208.0,2208.0,8.0,0.8,216.96114,229.65096,241.22643,251.33893,259.83682,266.75951,272.29748,276.73129,280.36481,283.46531,286.21884,288.70507,290.89276,292.65547,293.80571,294.14357,293.51267,291.85279,289.23663,285.87971,356.4066571437748,238.0892345063752,3613.88783,309.22503000000006,675.56464,-46.24049000000002
2209,2209,2209.0,2209.0,2209.0,2209.0,2209.0,2209.0,2209.0,2209.0,2209.0,2209.0,2209.0,2209.0,2209.0,2209.0,2209.0,2209.0,2209.0,2209.0,2209.0,2209.0,2209.0,2209.0,2209.0,2209.0,2209.0,2209.0,2209.0,2209.0,2209.0,2209.0,2209.0,2209.0,2209.0,2209.0,2209.0,2209.0,2209.0,2209.0,2209.0,2209.0,2209.0,2209.0,2209.0,2209.0,2209.0,2209.0,2209.0,2209.0,2209.0,9.0,0.9,340.04174,324.67123,311.13989,300.0285,291.59781,285.79609,282.31802,280.69135,280.36582,280.78522,281.43346,281.8564,281.66729,280.54667,278.24568,274.5973,269.53459,263.10974,255.50526,247.0291,322.98366018696066,194.8340449034921,3923.11286,366.33961,366.33961,-27.203910000000008
2210,2210,2210.0,2210.0,2210.0,2210.0,2210.0,2210.0,2210.0,2210.0,2210.0,2210.0,2210.0,2210.0,2210.0,2210.0,2210.0,2210.0,2210.0,2210.0,2210.0,2210.0,2210.0,2210.0,2210.0,2210.0,2210.0,2210.0,2210.0,2210.0,2210.0,2210.0,2210.0,2210.0,2210.0,2210.0,2210.0,2210.0,2210.0,2210.0,2210.0,2210.0,2210.0,2210.0,2210.0,2210.0,2210.0,2210.0,2210.0,2210.0,2210.0,0.0,0.0,273.0,273.0,273.0,273.0,273.0,273.0,273.0,273.0,273.0,273.0,273.0,273.0,273.0,273.0,273.0,273.0,273.0,273.0,273.0,273.0,356.5037760749558,353.9588351615323,0.0,379.45949,7345.484579999999,-40.0
2211,2211,2211.0,2211.0,2211.0,2211.0,2211.0,2211.0,2211.0,2211.0,2211.0,2211.0,2211.0,2211.0,2211.0,2211.0,2211.0,2211.0,2211.0,2211.0,2211.0,2211.0,2211.0,2211.0,2211.0,2211.0,2211.0,2211.0,2211.0,2211.0,2211.0,2211.0,2211.0,2211.0,2211.0,2211.0,2211.0,2211.0,2211.0,2211.0,2211.0,2211.0,2211.0,2211.0,2211.0,2211.0,2211.0,2211.0,2211.0,2211.0,2211.0,1.0,0.1,342.27327,328.69357,316.3275,305.58242,296.67763,289.65038,284.39444,280.71846,278.40942,277.28891,277.25397,278.29828,280.51229,284.06234,289.15056,295.95972,304.59115,315.0078,326.99654,340.16215,266.24442148303126,174.11964184022665,379.45949,266.17224,6966.025089999999,-23.349620000000016
2212,2212,2212.0,2212.0,2212.0,2212.0,2212.0,2212.0,2212.0,2212.0,2212.0,2212.0,2212.0,2212.0,2212.0,2212.0,2212.0,2212.0,2212.0,2212.0,2212.0,2212.0,2212.0,2212.0,2212.0,2212.0,2212.0,2212.0,2212.0,2212.0,2212.0,2212.0,2212.0,2212.0,2212.0,2212.0,2212.0,2212.0,2212.0,2212.0,2212.0,2212.0,2212.0,2212.0,2212.0,2212.0,2212.0,2212.0,2212.0,2212.0,2212.0,2.0,0.2,271.66291,276.63432,280.79264,283.91298,285.93662,286.95676,287.17137,286.81598,286.09083,285.09531,283.77908,281.91678,279.11219,274.83636,268.50178,259.56802,247.66452,232.70635,214.97259,195.12024,203.2624750844063,247.5672910399211,645.63173,485.3222300000001,6699.852849999999,-26.043240000000026
2213,2213,2213.0,2213.0,2213.0,2213.0,2213.0,2213.0,2213.0,2213.0,2213.0,2213.0,2213.0,2213.0,2213.0,2213.0,2213.0,2213.0,2213.0,2213.0,2213.0,2213.0,2213.0,2213.0,2213.0,2213.0,2213.0,2213.0,2213.0,2213.0,2213.0,2213.0,2213.0,2213.0,2213.0,2213.0,2213.0,2213.0,2213.0,2213.0,2213.0,2213.0,2213.0,2213.0,2213.0,2213.0,2213.0,2213.0,2213.0,2213.0,2213.0,3.0,0.3,216.91865,229.95156,241.81202,252.08213,260.50519,266.98492,271.56004,274.36532,275.5917,275.45559,274.18191,272.00017,269.14785,265.87337,262.43098,259.06373,255.97534,253.29799,251.06655,249.21009,233.584727066632,252.46411860586608,1130.95396,642.40338,6214.53062,-46.01508000000001
2214,2214,2214.0,2214.0,2214.0,2214.0,2214.0,2214.0,2214.0,2214.0,2214.0,2214.0,2214.0,2214.0,2214.0,2214.0,2214.0,2214.0,2214.0,2214.0,2214.0,2214.0,2214.0,2214.0,2214.0,2214.0,2214.0,2214.0,2214.0,2214.0,2214.0,2214.0,2214.0,2214.0,2214.0,2214.0,2214.0,2214.0,2214.0,2214.0,2214.0,2214.0,2214.0,2214.0,2214.0,2214.0,2214.0,2214.0,2214.0,2214.0,2214.0,4.0,0.4,237.79051,241.97171,246.08704,250.06768,253.81623,257.2156,260.14529,262.50024,264.20744,265.23676,265.60443,265.36941,264.62428,263.48254,262.0645,260.48356,258.83452,257.18517,255.57255,254.0041,343.9585322854996,189.77308371248665,1773.35734,709.06063,5572.12724,-55.784400000000005
2215,2215,2215.0,2215.0,2215.0,2215.0,2215.0,2215.0,2215.0,2215.0,2215.0,2215.0,2215.0,2215.0,2215.0,2215.0,2215.0,2215.0,2215.0,2215.0,2215.0,2215.0,2215.0,2215.0,2215.0,2215.0,2215.0,2215.0,2215.0,2215.0,2215.0,2215.0,2215.0,2215.0,2215.0,2215.0,2215.0,2215.0,2215.0,2215.0,2215.0,2215.0,2215.0,2215.0,2215.0,2215.0,2215.0,2215.0,2215.0,2215.0,2215.0,5.0,0.5,328.72208,314.27832,301.3028,290.26352,281.37536,274.60373,269.70804,266.30741,263.94877,262.16265,260.49924,258.54593,255.93312,252.33778,247.49271,241.20575,233.38682,224.07593,213.46106,201.87614,247.8913877503589,175.36951691227915,2482.41797,832.6768900000002,4863.06661,-38.396270000000015
2216,2216,2216.0,2216.0,2216.0,2216.0,2216.0,2216.0,2216.0,2216.0,2216.0,2216.0,2216.0,2216.0,2216.0,2216.0,2216.0,2216.0,2216.0,2216.0,2216.0,2216.0,2216.0,2216.0,2216.0,2216.0,2216.0,2216.0,2216.0,2216.0,2216.0,2216.0,2216.0,2216.0,2216.0,2216.0,2216.0,2216.0,2216.0,2216.0,2216.0,2216.0,2216.0,2216.0,2216.0,2216.0,2216.0,2216.0,2216.0,2216.0,2216.0,6.0,0.6,253.77704,259.15136,263.58319,266.78075,268.61613,269.1124,268.40132,266.6667,264.08925,260.80499,256.88327,252.32465,247.07452,241.04713,234.15422,226.33368,217.57405,207.9319,197.53913,186.59881,184.9880233233293,292.15032930760026,3315.09486,1027.4175699999996,4030.38972,-43.88760000000002
2217,2217,2217.0,2217.0,2217.0,2217.0,2217.0,2217.0,2217.0,2217.0,2217.0,2217.0,2217.0,2217.0,2217.0,2217.0,2217.0,2217.0,2217.0,2217.0,2217.0,2217.0,2217.0,2217.0,2217.0,2217.0,2217.0,2217.0,2217.0,2217.0,2217.0,2217.0,2217.0,2217.0,2217.0,2217.0,2217.0,2217.0,2217.0,2217.0,2217.0,2217.0,2217.0,2217.0,2217.0,2217.0,2217.0,2217.0,2217.0,2217.0,2217.0,7.0,0.7,198.45777,211.26217,222.81439,232.66842,240.55417,246.3827,250.22725,252.29088,252.87266,252.34103,251.11764,249.66843,248.49454,248.11326,249.02168,251.64119,256.24936,262.91413,271.4498,281.41329,243.0484544213521,289.0468139721837,4342.51243,996.6696000000002,3002.9721500000005,-66.6173
2218,2218,2218.0,2218.0,2218.0,2218.0,2218.0,2218.0,2218.0,2218.0,2218.0,2218.0,2218.0,2218.0,2218.0,2218.0,2218.0,2218.0,2218.0,2218.0,2218.0,2218.0,2218.0,2218.0,2218.0,2218.0,2218.0,2218.0,2218.0,2218.0,2218.0,2218.0,2218.0,2218.0,2218.0,2218.0,2218.0,2218.0,2218.0,2218.0,2218.0,2218.0,2218.0,2218.0,2218.0,2218.0,2218.0,2218.0,2218.0,2218.0,2218.0,8.0,0.8,242.17507,241.50344,241.19321,241.33206,241.92639,242.91345,244.18993,245.64715,247.20337,248.82539,250.53605,252.40808,254.54756,257.07174,260.08583,263.66272,267.82844,272.55471,277.75896,283.31127,217.74272077984,200.5986897863699,5339.18203,974.4379200000004,2006.3025500000003,-70.08654999999999
2219,2219,2219.0,2219.0,2219.0,2219.0,2219.0,2219.0,2219.0,2219.0,2219.0,2219.0,2219.0,2219.0,2219.0,2219.0,2219.0,2219.0,2219.0,2219.0,2219.0,2219.0,2219.0,2219.0,2219.0,2219.0,2219.0,2219.0,2219.0,2219.0,2219.0,2219.0,2219.0,2219.0,2219.0,2219.0,2219.0,2219.0,2219.0,2219.0,2219.0,2219.0,2219.0,2219.0,2219.0,2219.0,2219.0,2219.0,2219.0,2219.0,2219.0,9.0,0.9,222.21803,226.54506,230.59833,234.29206,237.58711,240.48661,243.02162,245.23028,247.13406,248.71509,249.89787,250.53894,250.42816,249.30519,246.89318,242.94829,237.31807,229.99712,221.16448,211.18947,295.26459912774214,343.3137368820594,6313.61995,1031.86463,1031.86463,-72.51338999999999
2220,2220,2220.0,2220.0,2220.0,2220.0,2220.0,2220.0,2220.0,2220.0,2220.0,2220.0,2220.0,2220.0,2220.0,2220.0,2220.0,2220.0,2220.0,2220.0,2220.0,2220.0,2220.0,2220.0,2220.0,2220.0,2220.0,2220.0,2220.0,2220.0,2220.0,2220.0,2220.0,2220.0,2220.0,2220.0,2220.0,2220.0,2220.0,2220.0,2220.0,2220.0,2220.0,2220.0,2220.0,2220.0,2220.0,2220.0,2220.0,2220.0,2220.0,0.0,0.0,273.0,273.0,273.0,273.0,273.0,273.0,273.0,273.0,273.0,273.0,273.0,273.0,273.0,273.0,273.0,273.0,273.0,273.0,273.0,273.0,263.1286564008919,352.6835066622016,0.0,413.7933,4182.95652,-40.0
2221,2221,2221.0,2221.0,2221.0,2221.0,2221.0,2221.0,2221.0,2221.0,2221.0,2221.0,2221.0,2221.0,2221.0,2221.0,2221.0,2221.0,2221.0,2221.0,2221.0,2221.0,2221.0,2221.0,2221.0,2221.0,2221.0,2221.0,2221.0,2221.0,2221.0,2221.0,2221.0,2221.0,2221.0,2221.0,2221.0,2221.0,2221.0,2221.0,2221.0,2221.0,2221.0,2221.0,2221.0,2221.0,2221.0,2221.0,2221.0,2221.0,2221.0,1.0,0.1,264.81312,266.42228,267.89216,269.1794,270.26717,271.16777,271.92314,272.60511,273.3172,274.19839,275.42794,277.22807,279.86014,283.60947,288.7558,295.52977,304.06141,314.33151,326.13969,339.10187,215.459884509176,242.42052040336029,413.7933,361.01206,3769.16322,-41.83222999999998
2222,2222,2222.0,2222.0,2222.0,2222.0,2222.0,2222.0,2222.0,2222.0,2222.0,2222.0,2222.0,2222.0,2222.0,2222.0,2222.0,2222.0,2222.0,2222.0,2222.0,2222.0,2222.0,2222.0,2222.0,2222.0,2222.0,2222.0,2222.0,2222.0,2222.0,2222.0,2222.0,2222.0,2222.0,2222.0,2222.0,2222.0,2222.0,2222.0,2222.0,2222.0,2222.0,2222.0,2222.0,2222.0,2222.0,2222.0,2222.0,2222.0,2222.0,2.0,0.2,224.90553,233.9771,242.35478,249.81489,256.25085,261.67016,266.17039,269.90079,273.01777,275.64156,277.82028,279.50644,280.55045,280.71511,279.71319,277.26615,273.1756,267.39293,260.06874,251.56487,291.22466131164725,245.11574631820167,774.80536,492.82662000000016,3408.15116,-51.32983999999999
2223,2223,2223.0,2223.0,2223.0,2223.0,2223.0,2223.0,2223.0,2223.0,2223.0,2223.0,2223.0,2223.0,2223.0,2223.0,2223.0,2223.0,2223.0,2223.0,2223.0,2223.0,2223.0,2223.0,2223.0,2223.0,2223.0,2223.0,2223.0,2223.0,2223.0,2223.0,2223.0,2223.0,2223.0,2223.0,2223.0,2223.0,2223.0,2223.0,2223.0,2223.0,2223.0,2223.0,2223.0,2223.0,2223.0,2223.0,2223.0,2223.0,2223.0,3.0,0.3,285.41247,280.05337,275.52682,272.08227,269.81159,268.65314,268.42148,268.85136,269.64378,270.50483,271.17258,271.43207,271.12121,270.13117,268.40458,265.93301,262.7544,258.94961,254.63765,249.96883,269.5561815682055,329.37511312693647,1267.63198,489.35593,2915.32454,-44.34685999999999
2224,2224,2224.0,2224.0,2224.0,2224.0,2224.0,2224.0,2224.0,2224.0,2224.0,2224.0,2224.0,2224.0,2224.0,2224.0,2224.0,2224.0,2224.0,2224.0,2224.0,2224.0,2224.0,2224.0,2224.0,2224.0,2224.0,2224.0,2224.0,2224.0,2224.0,2224.0,2224.0,2224.0,2224.0,2224.0,2224.0,2224.0,2224.0,2224.0,2224.0,2224.0,2224.0,2224.0,2224.0,2224.0,2224.0,2224.0,2224.0,2224.0,2224.0,4.0,0.4,269.98237,270.35589,270.63566,270.80044,270.85178,270.81211,270.72048,270.62944,270.60611,270.7387,271.14699,271.9926,273.48318,275.86403,279.39299,284.29861,290.72743,298.69213,308.03539,318.42327,308.076814596742,354.6096995503783,1756.98791,344.12227000000007,2425.96861,-42.18788999999998
2225,2225,2225.0,2225.0,2225.0,2225.0,2225.0,2225.0,2225.0,2225.0,2225.0,2225.0,2225.0,2225.0,2225.0,2225.0,2225.0,2225.0,2225.0,2225.0,2225.0,2225.0,2225.0,2225.0,2225.0,2225.0,2225.0,2225.0,2225.0,2225.0,2225.0,2225.0,2225.0,2225.0,2225.0,2225.0,2225.0,2225.0,2225.0,2225.0,2225.0,2225.0,2225.0,2225.0,2225.0,2225.0,2225.0,2225.0,2225.0,2225.0,2225.0,5.0,0.5,301.74343,295.7154,290.26065,285.5816,281.80259,278.97437,277.09263,276.12422,276.03417,276.80774,278.4637,281.05751,284.67451,289.41428,295.36819,302.59304,311.08463,320.75627,331.42741,342.82652,249.9094274433658,183.90233225433508,2101.11018,270.99776999999995,2081.84634,-34.02562999999998
2226,2226,2226.0,2226.0,2226.0,2226.0,2226.0,2226.0,2226.0,2226.0,2226.0,2226.0,2226.0,2226.0,2226.0,2226.0,2226.0,2226.0,2226.0,2226.0,2226.0,2226.0,2226.0,2226.0,2226.0,2226.0,2226.0,2226.0,2226.0,2226.0,2226.0,2226.0,2226.0,2226.0,2226.0,2226.0,2226.0,2226.0,2226.0,2226.0,2226.0,2226.0,2226.0,2226.0,2226.0,2226.0,2226.0,2226.0,2226.0,2226.0,2226.0,6.0,0.6,255.64781,261.0758,265.93791,270.07429,273.43741,276.08168,278.12951,279.72204,280.96419,281.87316,282.33811,282.0982,280.74573,277.76054,272.57879,264.69228,253.76484,239.74232,222.92677,203.98844,346.7780063109368,338.1547528819929,2372.10795,397.51235,1810.84857,-36.91832
2227,2227,2227.0,2227.0,2227.0,2227.0,2227.0,2227.0,2227.0,2227.0,2227.0,2227.0,2227.0,2227.0,2227.0,2227.0,2227.0,2227.0,2227.0,2227.0,2227.0,2227.0,2227.0,2227.0,2227.0,2227.0,2227.0,2227.0,2227.0,2227.0,2227.0,2227.0,2227.0,2227.0,2227.0,2227.0,2227.0,2227.0,2227.0,2227.0,2227.0,2227.0,2227.0,2227.0,2227.0,2227.0,2227.0,2227.0,2227.0,2227.0,2227.0,7.0,0.7,334.20216,322.27451,311.54458,302.38771,294.96862,289.24869,285.03059,282.0265,279.9343,278.50847,277.61589,277.2704,277.64129,279.0318,281.82605,286.40759,293.06062,301.87393,312.67215,324.99761,211.53794599605047,265.291153974837,2769.6203,287.1026499999998,1413.3362199999997,-23.75130999999999
2228,2228,2228.0,2228.0,2228.0,2228.0,2228.0,2228.0,2228.0,2228.0,2228.0,2228.0,2228.0,2228.0,2228.0,2228.0,2228.0,2228.0,2228.0,2228.0,2228.0,2228.0,2228.0,2228.0,2228.0,2228.0,2228.0,2228.0,2228.0,2228.0,2228.0,2228.0,2228.0,2228.0,2228.0,2228.0,2228.0,2228.0,2228.0,2228.0,2228.0,2228.0,2228.0,2228.0,2228.0,2228.0,2228.0,2228.0,2228.0,2228.0,2228.0,8.0,0.8,225.94723,239.52084,251.55315,261.56762,269.3639,275.00736,278.77179,281.05518,282.29064,282.87018,283.09089,283.12686,283.025,282.72164,282.07621,280.91761,279.0967,276.53593,273.26509,269.43312,187.6107763771771,215.7843920831246,3056.72295,453.4530800000002,1126.23357,-37.99264
2229,2229,2229.0,2229.0,2229.0,2229.0,2229.0,2229.0,2229.0,2229.0,2229.0,2229.0,2229.0,2229.0,2229.0,2229.0,2229.0,2229.0,2229.0,2229.0,2229.0,2229.0,2229.0,2229.0,2229.0,2229.0,2229.0,2229.0,2229.0,2229.0,2229.0,2229.0,2229.0,2229.0,2229.0,2229.0,2229.0,2229.0,2229.0,2229.0,2229.0,2229.0,2229.0,2229.0,2229.0,2229.0,2229.0,2229.0,2229.0,2229.0,2229.0,9.0,0.9,201.13859,214.22272,226.46391,237.54314,247.24242,255.44809,262.13784,267.35579,271.18134,273.69767,274.96499,275.00266,273.78317,271.23998,267.28935,261.86365,254.95075,246.6309,237.1013,226.67991,286.8797025122641,247.29538867137447,3510.17603,672.7804899999996,672.7804899999996,-57.55190999999999
2230,2230,2230.0,2230.0,2230.0,2230.0,2230.0,2230.0,2230.0,2230.0,2230.0,2230.0,2230.0,2230.0,2230.0,2230.0,2230.0,2230.0,2230.0,2230.0,2230.0,2230.0,2230.0,2230.0,2230.0,2230.0,2230.0,2230.0,2230.0,2230.0,2230.0,2230.0,2230.0,2230.0,2230.0,2230.0,2230.0,2230.0,2230.0,2230.0,2230.0,2230.0,2230.0,2230.0,2230.0,2230.0,2230.0,2230.0,2230.0,2230.0,2230.0,0.0,0.0,273.0,273.0,273.0,273.0,273.0,273.0,273.0,273.0,273.0,273.0,273.0,273.0,273.0,273.0,273.0,273.0,273.0,273.0,273.0,273.0,266.29998830093416,207.9684971141837,0.0,491.19046,2558.69597,1.4262899999999945
2231,2231,2231.0,2231.0,2231.0,2231.0,2231.0,2231.0,2231.0,2231.0,2231.0,2231.0,2231.0,2231.0,2231.0,2231.0,2231.0,2231.0,2231.0,2231.0,2231.0,2231.0,2231.0,2231.0,2231.0,2231.0,2231.0,2231.0,2231.0,2231.0,2231.0,2231.0,2231.0,2231.0,2231.0,2231.0,2231.0,2231.0,2231.0,2231.0,2231.0,2231.0,2231.0,2231.0,2231.0,2231.0,2231.0,2231.0,2231.0,2231.0,2231.0,1.0,0.1,267.44034,268.5274,269.51433,270.36532,271.05678,271.57479,271.9086,272.04128,271.93855,271.53741,270.73654,269.3912,267.31572,264.29673,260.11887,254.60203,247.64494,239.26607,229.63047,219.05239,366.460598418651,334.3051634535839,491.19046,534.3727099999999,2067.50551,1.4262899999999945
2232,2232,2232.0,2232.0,2232.0,2232.0,2232.0,2232.0,2232.0,2232.0,2232.0,2232.0,2232.0,2232.0,2232.0,2232.0,2232.0,2232.0,2232.0,2232.0,2232.0,2232.0,2232.0,2232.0,2232.0,2232.0,2232.0,2232.0,2232.0,2232.0,2232.0,2232.0,2232.0,2232.0,2232.0,2232.0,2232.0,2232.0,2232.0,2232.0,2232.0,2232.0,2232.0,2232.0,2232.0,2232.0,2232.0,2232.0,2232.0,2232.0,2232.0,2.0,0.2,350.09558,334.47193,320.22477,307.80144,297.42183,289.08558,282.61894,277.74653,274.17078,271.64426,270.02477,269.30703,269.62754,271.24074,274.46698,279.61652,286.90078,296.34802,307.74508,320.62428,320.66050146994263,367.912095931052,1025.56317,286.1812,1533.1328000000003,1.4262899999999945
2233,2233,2233.0,2233.0,2233.0,2233.0,2233.0,2233.0,2233.0,2233.0,2233.0,2233.0,2233.0,2233.0,2233.0,2233.0,2233.0,2233.0,2233.0,2233.0,2233.0,2233.0,2233.0,2233.0,2233.0,2233.0,2233.0,2233.0,2233.0,2233.0,2233.0,2233.0,2233.0,2233.0,2233.0,2233.0,2233.0,2233.0,2233.0,2233.0,2233.0,2233.0,2233.0,2233.0,2233.0,2233.0,2233.0,2233.0,2233.0,2233.0,2233.0,3.0,0.3,316.78503,312.82451,308.72794,304.50353,300.22946,296.04927,292.15601,288.77148,286.12707,284.45018,283.95691,284.84863,287.30832,291.49238,297.51531,305.42761,315.19026,326.65222,339.53843,353.45465,334.10729443888874,308.10913495031184,1311.74437,130.9639400000001,1246.9516000000003,1.4262899999999945
2234,2234,2234.0,2234.0,2234.0,2234.0,2234.0,2234.0,2234.0,2234.0,2234.0,2234.0,2234.0,2234.0,2234.0,2234.0,2234.0,2234.0,2234.0,2234.0,2234.0,2234.0,2234.0,2234.0,2234.0,2234.0,2234.0,2234.0,2234.0,2234.0,2234.0,2234.0,2234.0,2234.0,2234.0,2234.0,2234.0,2234.0,2234.0,2234.0,2234.0,2234.0,2234.0,2234.0,2234.0,2234.0,2234.0,2234.0,2234.0,2234.0,2234.0,4.0,0.4,328.06248,322.18377,316.62727,311.53141,307.0129,303.16602,300.06379,297.75849,296.27939,295.62685,295.76339,296.60469,298.01434,299.80719,301.7643,303.66015,305.29851,306.54925,307.37592,307.84463,246.22024676365007,322.2338105601457,1442.70831,103.67726999999992,1115.9876600000002,1.4262899999999945
2235,2235,2235.0,2235.0,2235.0,2235.0,2235.0,2235.0,2235.0,2235.0,2235.0,2235.0,2235.0,2235.0,2235.0,2235.0,2235.0,2235.0,2235.0,2235.0,2235.0,2235.0,2235.0,2235.0,2235.0,2235.0,2235.0,2235.0,2235.0,2235.0,2235.0,2235.0,2235.0,2235.0,2235.0,2235.0,2235.0,2235.0,2235.0,2235.0,2235.0,2235.0,2235.0,2235.0,2235.0,2235.0,2235.0,2235.0,2235.0,2235.0,2235.0,5.0,0.5,256.58019,266.3621,275.07742,282.39544,288.17622,292.46455,295.45225,297.42279,298.69381,299.56968,300.31075,301.11964,302.1411,303.46953,305.15879,307.23044,309.67839,312.4708,315.55068,318.83786,325.25503392934513,243.11016581710533,1546.38558,114.05248000000006,1012.3103900000004,1.4262899999999945
2236,2236,2236.0,2236.0,2236.0,2236.0,2236.0,2236.0,2236.0,2236.0,2236.0,2236.0,2236.0,2236.0,2236.0,2236.0,2236.0,2236.0,2236.0,2236.0,2236.0,2236.0,2236.0,2236.0,2236.0,2236.0,2236.0,2236.0,2236.0,2236.0,2236.0,2236.0,2236.0,2236.0,2236.0,2236.0,2236.0,2236.0,2236.0,2236.0,2236.0,2236.0,2236.0,2236.0,2236.0,2236.0,2236.0,2236.0,2236.0,2236.0,2236.0,6.0,0.6,318.73275,312.65287,307.38749,303.1852,300.14617,298.22727,297.2704,297.04152,297.2674,297.66136,297.93487,297.79856,296.96034,295.12949,292.03387,287.45243,281.25862,273.46422,264.24956,253.96691,266.2184440768139,305.4265181005875,1660.43806,168.71803,898.2579100000003,1.4262899999999945
2237,2237,2237.0,2237.0,2237.0,2237.0,2237.0,2237.0,2237.0,2237.0,2237.0,2237.0,2237.0,2237.0,2237.0,2237.0,2237.0,2237.0,2237.0,2237.0,2237.0,2237.0,2237.0,2237.0,2237.0,2237.0,2237.0,2237.0,2237.0,2237.0,2237.0,2237.0,2237.0,2237.0,2237.0,2237.0,2237.0,2237.0,2237.0,2237.0,2237.0,2237.0,2237.0,2237.0,2237.0,2237.0,2237.0,2237.0,2237.0,2237.0,2237.0,7.0,0.7,272.29503,278.02896,283.12804,287.38828,290.7106,293.09532,294.61991,295.40948,295.60999,295.37109,294.84089,294.17009,293.51947,293.06331,292.98282,293.44697,294.58316,296.44506,298.98799,302.06171,339.03761091160027,173.71451570807653,1829.15609,213.3995600000001,729.5398800000003,1.4262899999999945
2238,2238,2238.0,2238.0,2238.0,2238.0,2238.0,2238.0,2238.0,2238.0,2238.0,2238.0,2238.0,2238.0,2238.0,2238.0,2238.0,2238.0,2238.0,2238.0,2238.0,2238.0,2238.0,2238.0,2238.0,2238.0,2238.0,2238.0,2238.0,2238.0,2238.0,2238.0,2238.0,2238.0,2238.0,2238.0,2238.0,2238.0,2238.0,2238.0,2238.0,2238.0,2238.0,2238.0,2238.0,2238.0,2238.0,2238.0,2238.0,2238.0,2238.0,8.0,0.8,330.57449,322.56093,315.37661,309.27765,304.36982,300.61037,297.83182,295.77575,294.12418,292.5201,290.57519,287.86964,283.9536,278.36177,270.64962,260.45319,247.56455,232.006,214.08017,194.3753,349.15520689653647,365.3652932817698,2042.55565,314.4464999999998,516.1403200000002,1.4262899999999945
2239,2239,2239.0,2239.0,2239.0,2239.0,2239.0,2239.0,2239.0,2239.0,2239.0,2239.0,2239.0,2239.0,2239.0,2239.0,2239.0,2239.0,2239.0,2239.0,2239.0,2239.0,2239.0,2239.0,2239.0,2239.0,2239.0,2239.0,2239.0,2239.0,2239.0,2239.0,2239.0,2239.0,2239.0,2239.0,2239.0,2239.0,2239.0,2239.0,2239.0,2239.0,2239.0,2239.0,2239.0,2239.0,2239.0,2239.0,2239.0,2239.0,2239.0,9.0,0.9,341.51671,334.06654,326.96917,320.34612,314.26535,308.74157,303.74849,299.24224,295.19418,291.62931,288.66454,286.53828,285.6206,286.39303,289.39078,295.10836,303.88165,315.77161,330.48212,347.34173,349.8249448410039,201.8011430153689,2357.00215,201.6938200000004,201.6938200000004,1.4262899999999945
2240,2240,2240.0,2240.0,2240.0,2240.0,2240.0,2240.0,2240.0,2240.0,2240.0,2240.0,2240.0,2240.0,2240.0,2240.0,2240.0,2240.0,2240.0,2240.0,2240.0,2240.0,2240.0,2240.0,2240.0,2240.0,2240.0,2240.0,2240.0,2240.0,2240.0,2240.0,2240.0,2240.0,2240.0,2240.0,2240.0,2240.0,2240.0,2240.0,2240.0,2240.0,2240.0,2240.0,2240.0,2240.0,2240.0,2240.0,2240.0,2240.0,2240.0,0.0,0.0,273.0,273.0,273.0,273.0,273.0,273.0,273.0,273.0,273.0,273.0,273.0,273.0,273.0,273.0,273.0,273.0,273.0,273.0,273.0,273.0,362.5886106242814,185.50918746968804,0.0,473.05764,4856.17419,-40.0
2241,2241,2241.0,2241.0,2241.0,2241.0,2241.0,2241.0,2241.0,2241.0,2241.0,2241.0,2241.0,2241.0,2241.0,2241.0,2241.0,2241.0,2241.0,2241.0,2241.0,2241.0,2241.0,2241.0,2241.0,2241.0,2241.0,2241.0,2241.0,2241.0,2241.0,2241.0,2241.0,2241.0,2241.0,2241.0,2241.0,2241.0,2241.0,2241.0,2241.0,2241.0,2241.0,2241.0,2241.0,2241.0,2241.0,2241.0,2241.0,2241.0,2241.0,1.0,0.1,347.31679,332.74003,319.45718,307.8959,298.27369,290.59787,284.6971,280.26992,276.93482,274.27009,271.83888,269.20176,265.92435,261.58935,255.82052,248.32119,238.92267,227.63132,214.65911,200.42351,207.73416433237696,335.82004384069853,473.05764,534.9839900000001,4383.11655,-22.40213
2242,2242,2242.0,2242.0,2242.0,2242.0,2242.0,2242.0,2242.0,2242.0,2242.0,2242.0,2242.0,2242.0,2242.0,2242.0,2242.0,2242.0,2242.0,2242.0,2242.0,2242.0,2242.0,2242.0,2242.0,2242.0,2242.0,2242.0,2242.0,2242.0,2242.0,2242.0,2242.0,2242.0,2242.0,2242.0,2242.0,2242.0,2242.0,2242.0,2242.0,2242.0,2242.0,2242.0,2242.0,2242.0,2242.0,2242.0,2242.0,2242.0,2242.0,2.0,0.2,223.15931,237.603,250.22995,260.46236,268.03315,272.97679,275.57146,276.25755,275.55893,274.02614,272.20858,270.65028,269.89492,270.48275,272.9248,277.64907,284.92509,294.78557,306.97063,320.91906,294.09536871867704,210.2187632797269,1008.04163,473.0460199999999,3848.13256,-40.023210000000006
2243,2243,2243.0,2243.0,2243.0,2243.0,2243.0,2243.0,2243.0,2243.0,2243.0,2243.0,2243.0,2243.0,2243.0,2243.0,2243.0,2243.0,2243.0,2243.0,2243.0,2243.0,2243.0,2243.0,2243.0,2243.0,2243.0,2243.0,2243.0,2243.0,2243.0,2243.0,2243.0,2243.0,2243.0,2243.0,2243.0,2243.0,2243.0,2243.0,2243.0,2243.0,2243.0,2243.0,2243.0,2243.0,2243.0,2243.0,2243.0,2243.0,2243.0,3.0,0.3,288.88838,284.05415,279.89966,276.61796,274.26878,272.78904,272.02499,271.77195,271.80731,271.90755,271.84716,271.38508,270.24983,268.13619,264.72369,259.72052,252.92689,244.30242,234.01654,222.4618,287.89583039336344,331.7123982839943,1481.08765,503.3471,3375.08654,-40.21096
2244,2244,2244.0,2244.0,2244.0,2244.0,2244.0,2244.0,2244.0,2244.0,2244.0,2244.0,2244.0,2244.0,2244.0,2244.0,2244.0,2244.0,2244.0,2244.0,2244.0,2244.0,2244.0,2244.0,2244.0,2244.0,2244.0,2244.0,2244.0,2244.0,2244.0,2244.0,2244.0,2244.0,2244.0,2244.0,2244.0,2244.0,2244.0,2244.0,2244.0,2244.0,2244.0,2244.0,2244.0,2244.0,2244.0,2244.0,2244.0,2244.0,2244.0,4.0,0.4,285.77715,283.69828,281.69588,279.80047,278.03401,276.40934,274.93269,273.61113,272.46549,271.54821,270.96328,270.88303,271.55456,273.28837,276.42389,281.27209,288.04288,296.77321,307.27592,319.12864,209.7887679355095,214.84423914425943,1984.43475,447.0502200000001,2871.73944,-36.590660000000014
2245,2245,2245.0,2245.0,2245.0,2245.0,2245.0,2245.0,2245.0,2245.0,2245.0,2245.0,2245.0,2245.0,2245.0,2245.0,2245.0,2245.0,2245.0,2245.0,2245.0,2245.0,2245.0,2245.0,2245.0,2245.0,2245.0,2245.0,2245.0,2245.0,2245.0,2245.0,2245.0,2245.0,2245.0,2245.0,2245.0,2245.0,2245.0,2245.0,2245.0,2245.0,2245.0,2245.0,2245.0,2245.0,2245.0,2245.0,2245.0,2245.0,2245.0,5.0,0.5,221.33167,232.29984,242.20204,250.6948,257.61385,262.96883,266.90678,269.65556,271.4605,272.52562,272.9675,272.78724,271.86402,269.97288,266.82748,262.14472,255.72214,247.51263,237.67715,226.59816,324.98248005453627,321.26411648765173,2431.48497,556.64714,2424.68922,-50.031169999999975
2246,2246,2246.0,2246.0,2246.0,2246.0,2246.0,2246.0,2246.0,2246.0,2246.0,2246.0,2246.0,2246.0,2246.0,2246.0,2246.0,2246.0,2246.0,2246.0,2246.0,2246.0,2246.0,2246.0,2246.0,2246.0,2246.0,2246.0,2246.0,2246.0,2246.0,2246.0,2246.0,2246.0,2246.0,2246.0,2246.0,2246.0,2246.0,2246.0,2246.0,2246.0,2246.0,2246.0,2246.0,2246.0,2246.0,2246.0,2246.0,2246.0,2246.0,6.0,0.6,313.3038,302.31829,292.60933,284.56732,278.35141,273.90053,270.98537,269.28409,268.46311,268.24753,268.47148,269.10444,270.2522,272.13307,275.03112,279.23082,284.94202,292.22954,300.96426,310.81148,194.32390924489505,333.37155738996285,2988.13211,415.67720999999983,1868.04208,-39.09947
2247,2247,2247.0,2247.0,2247.0,2247.0,2247.0,2247.0,2247.0,2247.0,2247.0,2247.0,2247.0,2247.0,2247.0,2247.0,2247.0,2247.0,2247.0,2247.0,2247.0,2247.0,2247.0,2247.0,2247.0,2247.0,2247.0,2247.0,2247.0,2247.0,2247.0,2247.0,2247.0,2247.0,2247.0,2247.0,2247.0,2247.0,2247.0,2247.0,2247.0,2247.0,2247.0,2247.0,2247.0,2247.0,2247.0,2247.0,2247.0,2247.0,2247.0,7.0,0.7,209.0318,222.94333,235.3867,245.90979,254.32599,260.70622,265.32793,268.60054,270.98887,272.95032,274.89375,277.15931,280.0135,283.65185,288.20258,293.72779,300.22173,307.60849,315.7426,324.41576,206.46451829619284,284.98242919842903,3403.80932,467.0413800000001,1452.36487,-52.29378000000003
2248,2248,2248.0,2248.0,2248.0,2248.0,2248.0,2248.0,2248.0,2248.0,2248.0,2248.0,2248.0,2248.0,2248.0,2248.0,2248.0,2248.0,2248.0,2248.0,2248.0,2248.0,2248.0,2248.0,2248.0,2248.0,2248.0,2248.0,2248.0,2248.0,2248.0,2248.0,2248.0,2248.0,2248.0,2248.0,2248.0,2248.0,2248.0,2248.0,2248.0,2248.0,2248.0,2248.0,2248.0,2248.0,2248.0,2248.0,2248.0,2248.0,2248.0,8.0,0.8,214.46261,222.32927,229.94063,237.18825,243.9867,250.27991,256.04445,261.28794,266.04176,270.34831,274.24492,277.74784,280.84068,283.47153,285.56169,287.02602,287.80178,287.87892,287.3232,286.28402,357.1326002291275,226.9676875330822,3870.8507,500.83201999999983,985.3234899999998,-62.72009
2249,2249,2249.0,2249.0,2249.0,2249.0,2249.0,2249.0,2249.0,2249.0,2249.0,2249.0,2249.0,2249.0,2249.0,2249.0,2249.0,2249.0,2249.0,2249.0,2249.0,2249.0,2249.0,2249.0,2249.0,2249.0,2249.0,2249.0,2249.0,2249.0,2249.0,2249.0,2249.0,2249.0,2249.0,2249.0,2249.0,2249.0,2249.0,2249.0,2249.0,2249.0,2249.0,2249.0,2249.0,2249.0,2249.0,2249.0,2249.0,2249.0,2249.0,9.0,0.9,338.39055,320.74513,305.13469,292.21725,282.30887,275.38817,271.15453,269.1166,268.68486,269.24825,270.22507,271.08909,271.37895,270.70209,268.74278,265.27917,260.20789,253.56902,245.56107,236.53582,218.57207821536605,301.3926391843637,4371.68272,484.49147,484.49147,-37.61183
2250,2250,2250.0,2250.0,2250.0,2250.0,2250.0,2250.0,2250.0,2250.0,2250.0,2250.0,2250.0,2250.0,2250.0,2250.0,2250.0,2250.0,2250.0,2250.0,2250.0,2250.0,2250.0,2250.0,2250.0,2250.0,2250.0,2250.0,2250.0,2250.0,2250.0,2250.0,2250.0,2250.0,2250.0,2250.0,2250.0,2250.0,2250.0,2250.0,2250.0,2250.0,2250.0,2250.0,2250.0,2250.0,2250.0,2250.0,2250.0,2250.0,2250.0,0.0,0.0,273.0,273.0,273.0,273.0,273.0,273.0,273.0,273.0,273.0,273.0,273.0,273.0,273.0,273.0,273.0,273.0,273.0,273.0,273.0,273.0,236.8706894341227,239.2921467859789,0.0,486.89096,5452.32334,-40.0
2251,2251,2251.0,2251.0,2251.0,2251.0,2251.0,2251.0,2251.0,2251.0,2251.0,2251.0,2251.0,2251.0,2251.0,2251.0,2251.0,2251.0,2251.0,2251.0,2251.0,2251.0,2251.0,2251.0,2251.0,2251.0,2251.0,2251.0,2251.0,2251.0,2251.0,2251.0,2251.0,2251.0,2251.0,2251.0,2251.0,2251.0,2251.0,2251.0,2251.0,2251.0,2251.0,2251.0,2251.0,2251.0,2251.0,2251.0,2251.0,2251.0,2251.0,1.0,0.1,243.02781,248.90336,254.25386,258.90313,262.75644,265.79793,268.07399,269.66814,270.67368,271.16957,271.20282,270.77943,269.8643,268.38997,266.27349,263.43951,259.8463,255.50952,250.51805,245.03649,300.0307207415138,321.9080434851573,486.89096,537.0875900000001,4965.43238,-47.20206999999999
2252,2252,2252.0,2252.0,2252.0,2252.0,2252.0,2252.0,2252.0,2252.0,2252.0,2252.0,2252.0,2252.0,2252.0,2252.0,2252.0,2252.0,2252.0,2252.0,2252.0,2252.0,2252.0,2252.0,2252.0,2252.0,2252.0,2252.0,2252.0,2252.0,2252.0,2252.0,2252.0,2252.0,2252.0,2252.0,2252.0,2252.0,2252.0,2252.0,2252.0,2252.0,2252.0,2252.0,2252.0,2252.0,2252.0,2252.0,2252.0,2252.0,2252.0,2.0,0.2,293.57957,287.50992,282.14247,277.69172,274.24519,271.77069,270.14683,269.20748,268.78967,268.77592,269.12519,269.88866,271.20871,273.29983,276.41196,280.77917,286.56074,293.7861,302.31764,311.84365,364.9637794722299,174.41917890375308,1023.97855,439.5525399999999,4428.34479,-41.22931
2253,2253,2253.0,2253.0,2253.0,2253.0,2253.0,2253.0,2253.0,2253.0,2253.0,2253.0,2253.0,2253.0,2253.0,2253.0,2253.0,2253.0,2253.0,2253.0,2253.0,2253.0,2253.0,2253.0,2253.0,2253.0,2253.0,2253.0,2253.0,2253.0,2253.0,2253.0,2253.0,2253.0,2253.0,2253.0,2253.0,2253.0,2253.0,2253.0,2253.0,2253.0,2253.0,2253.0,2253.0,2253.0,2253.0,2253.0,2253.0,2253.0,2253.0,3.0,0.3,349.73247,335.13096,321.7113,309.88642,299.89607,291.80244,285.50962,280.79528,277.34255,274.76316,272.60934,270.37851,267.52038,263.45759,257.62921,249.55874,238.93858,225.71245,210.13128,192.7594,263.1587201799408,316.1492185483142,1463.53109,513.0578500000001,3988.79225,-21.19756000000001
2254,2254,2254.0,2254.0,2254.0,2254.0,2254.0,2254.0,2254.0,2254.0,2254.0,2254.0,2254.0,2254.0,2254.0,2254.0,2254.0,2254.0,2254.0,2254.0,2254.0,2254.0,2254.0,2254.0,2254.0,2254.0,2254.0,2254.0,2254.0,2254.0,2254.0,2254.0,2254.0,2254.0,2254.0,2254.0,2254.0,2254.0,2254.0,2254.0,2254.0,2254.0,2254.0,2254.0,2254.0,2254.0,2254.0,2254.0,2254.0,2254.0,2254.0,4.0,0.4,269.38319,275.03822,279.64464,282.88132,284.61596,284.89642,283.91229,281.94361,279.31443,276.36344,273.43554,270.88874,269.10476,268.48847,269.44474,272.32825,277.37256,284.6157,293.84562,304.58801,258.37146861647665,229.48151779526967,1976.58894,433.07177999999976,3475.7344,-28.103580000000026
2255,2255,2255.0,2255.0,2255.0,2255.0,2255.0,2255.0,2255.0,2255.0,2255.0,2255.0,2255.0,2255.0,2255.0,2255.0,2255.0,2255.0,2255.0,2255.0,2255.0,2255.0,2255.0,2255.0,2255.0,2255.0,2255.0,2255.0,2255.0,2255.0,2255.0,2255.0,2255.0,2255.0,2255.0,2255.0,2255.0,2255.0,2255.0,2255.0,2255.0,2255.0,2255.0,2255.0,2255.0,2255.0,2255.0,2255.0,2255.0,2255.0,2255.0,5.0,0.5,262.10758,265.64989,268.82538,271.4994,273.5874,275.05893,275.93359,276.26891,276.14175,275.62502,274.76326,273.55116,271.92053,269.7412,266.83958,263.03508,258.1891,252.25585,245.32058,237.61203,245.6537393648601,311.98872103131555,2409.66072,498.45652999999993,3042.66262,-37.941070000000025
2256,2256,2256.0,2256.0,2256.0,2256.0,2256.0,2256.0,2256.0,2256.0,2256.0,2256.0,2256.0,2256.0,2256.0,2256.0,2256.0,2256.0,2256.0,2256.0,2256.0,2256.0,2256.0,2256.0,2256.0,2256.0,2256.0,2256.0,2256.0,2256.0,2256.0,2256.0,2256.0,2256.0,2256.0,2256.0,2256.0,2256.0,2256.0,2256.0,2256.0,2256.0,2256.0,2256.0,2256.0,2256.0,2256.0,2256.0,2256.0,2256.0,2256.0,6.0,0.6,250.20907,254.58192,258.60799,262.15605,265.13733,267.50894,269.273,270.47387,271.19619,271.56541,271.7505,271.96619,272.4705,273.55236,275.50557,278.58887,282.977,288.71326,295.67699,303.57859,229.6988632776351,304.13026214251533,2908.11725,466.7714300000002,2544.20609,-45.49106
2257,2257,2257.0,2257.0,2257.0,2257.0,2257.0,2257.0,2257.0,2257.0,2257.0,2257.0,2257.0,2257.0,2257.0,2257.0,2257.0,2257.0,2257.0,2257.0,2257.0,2257.0,2257.0,2257.0,2257.0,2257.0,2257.0,2257.0,2257.0,2257.0,2257.0,2257.0,2257.0,2257.0,2257.0,2257.0,2257.0,2257.0,2257.0,2257.0,2257.0,2257.0,2257.0,2257.0,2257.0,2257.0,2257.0,2257.0,2257.0,2257.0,2257.0,7.0,0.7,235.70028,241.50666,246.94647,251.89077,256.26493,260.05179,263.28732,266.05079,268.45214,270.61871,272.68277,274.77037,276.99202,279.43531,282.15976,285.19438,288.53797,292.16205,296.01566,300.03119,220.82432904275143,178.8267970050103,3374.88868,557.8881299999998,2077.43466,-52.94821000000002
2258,2258,2258.0,2258.0,2258.0,2258.0,2258.0,2258.0,2258.0,2258.0,2258.0,2258.0,2258.0,2258.0,2258.0,2258.0,2258.0,2258.0,2258.0,2258.0,2258.0,2258.0,2258.0,2258.0,2258.0,2258.0,2258.0,2258.0,2258.0,2258.0,2258.0,2258.0,2258.0,2258.0,2258.0,2258.0,2258.0,2258.0,2258.0,2258.0,2258.0,2258.0,2258.0,2258.0,2258.0,2258.0,2258.0,2258.0,2258.0,2258.0,2258.0,8.0,0.8,227.06872,233.17364,239.01344,244.48676,249.52136,254.07156,258.10838,261.60309,264.50601,266.72335,268.09599,268.38582,267.27626,264.39358,259.35285,251.82701,241.62944,228.79246,213.61994,196.69415,275.9880678791409,258.1463960494348,3932.77681,788.0063400000004,1519.54653,-58.92844
2259,2259,2259.0,2259.0,2259.0,2259.0,2259.0,2259.0,2259.0,2259.0,2259.0,2259.0,2259.0,2259.0,2259.0,2259.0,2259.0,2259.0,2259.0,2259.0,2259.0,2259.0,2259.0,2259.0,2259.0,2259.0,2259.0,2259.0,2259.0,2259.0,2259.0,2259.0,2259.0,2259.0,2259.0,2259.0,2259.0,2259.0,2259.0,2259.0,2259.0,2259.0,2259.0,2259.0,2259.0,2259.0,2259.0,2259.0,2259.0,2259.0,2259.0,9.0,0.9,271.69149,267.7295,264.37819,261.81012,260.07206,259.08845,258.68681,258.63735,258.69775,258.65555,258.3626,257.75811,256.87784,255.84738,254.85853,254.13011,253.85874,254.16916,255.07672,256.47379,254.0904515497615,318.5166622945775,4720.78315,731.5401899999997,731.5401899999997,-53.91154999999998
2260,2260,2260.0,2260.0,2260.0,2260.0,2260.0,2260.0,2260.0,2260.0,2260.0,2260.0,2260.0,2260.0,2260.0,2260.0,2260.0,2260.0,2260.0,2260.0,2260.0,2260.0,2260.0,2260.0,2260.0,2260.0,2260.0,2260.0,2260.0,2260.0,2260.0,2260.0,2260.0,2260.0,2260.0,2260.0,2260.0,2260.0,2260.0,2260.0,2260.0,2260.0,2260.0,2260.0,2260.0,2260.0,2260.0,2260.0,2260.0,2260.0,2260.0,0.0,0.0,273.0,273.0,273.0,273.0,273.0,273.0,273.0,273.0,273.0,273.0,273.0,273.0,273.0,273.0,273.0,273.0,273.0,273.0,273.0,273.0,343.339493314993,199.6751094658389,0.0,467.56622,4528.84066,-40.0
2261,2261,2261.0,2261.0,2261.0,2261.0,2261.0,2261.0,2261.0,2261.0,2261.0,2261.0,2261.0,2261.0,2261.0,2261.0,2261.0,2261.0,2261.0,2261.0,2261.0,2261.0,2261.0,2261.0,2261.0,2261.0,2261.0,2261.0,2261.0,2261.0,2261.0,2261.0,2261.0,2261.0,2261.0,2261.0,2261.0,2261.0,2261.0,2261.0,2261.0,2261.0,2261.0,2261.0,2261.0,2261.0,2261.0,2261.0,2261.0,2261.0,2261.0,1.0,0.1,331.34889,319.90393,309.47462,300.39651,292.83991,286.80969,282.16982,278.68104,276.03973,273.90869,271.93624,269.7659,267.04249,263.42254,258.59489,252.31351,244.43858,234.97634,224.10493,212.17447,357.54657603626333,354.47583427183105,467.56622,472.51679,4061.27444,-26.19031000000001
2262,2262,2262.0,2262.0,2262.0,2262.0,2262.0,2262.0,2262.0,2262.0,2262.0,2262.0,2262.0,2262.0,2262.0,2262.0,2262.0,2262.0,2262.0,2262.0,2262.0,2262.0,2262.0,2262.0,2262.0,2262.0,2262.0,2262.0,2262.0,2262.0,2262.0,2262.0,2262.0,2262.0,2262.0,2262.0,2262.0,2262.0,2262.0,2262.0,2262.0,2262.0,2262.0,2262.0,2262.0,2262.0,2262.0,2262.0,2262.0,2262.0,2262.0,2.0,0.2,346.50666,335.75122,325.53525,316.06049,307.46172,299.80579,293.10344,287.33254,282.46971,278.52627,275.58282,273.81523,273.50336,275.01391,278.75205,285.08308,294.23522,306.20442,320.6878,337.07009,247.50642604724504,291.5804470260735,940.08301,258.23449000000016,3588.75765,-13.194209999999998
2263,2263,2263.0,2263.0,2263.0,2263.0,2263.0,2263.0,2263.0,2263.0,2263.0,2263.0,2263.0,2263.0,2263.0,2263.0,2263.0,2263.0,2263.0,2263.0,2263.0,2263.0,2263.0,2263.0,2263.0,2263.0,2263.0,2263.0,2263.0,2263.0,2263.0,2263.0,2263.0,2263.0,2263.0,2263.0,2263.0,2263.0,2263.0,2263.0,2263.0,2263.0,2263.0,2263.0,2263.0,2263.0,2263.0,2263.0,2263.0,2263.0,2263.0,3.0,0.3,257.34654,266.48292,274.32514,280.48314,284.80993,287.39535,288.51888,288.57811,288.01115,287.22765,286.55745,286.21987,286.3132,286.82241,287.64272,288.61565,289.57252,290.37749,290.96087,291.33392,339.95359976176326,266.87125546118847,1198.3175,238.04109,3330.52316,-25.604649999999992
2264,2264,2264.0,2264.0,2264.0,2264.0,2264.0,2264.0,2264.0,2264.0,2264.0,2264.0,2264.0,2264.0,2264.0,2264.0,2264.0,2264.0,2264.0,2264.0,2264.0,2264.0,2264.0,2264.0,2264.0,2264.0,2264.0,2264.0,2264.0,2264.0,2264.0,2264.0,2264.0,2264.0,2264.0,2264.0,2264.0,2264.0,2264.0,2264.0,2264.0,2264.0,2264.0,2264.0,2264.0,2264.0,2264.0,2264.0,2264.0,2264.0,2264.0,4.0,0.4,330.0299,320.63478,312.21573,305.07808,299.35698,295.02512,291.92821,289.83425,288.48179,287.61647,287.01126,286.47214,285.83476,284.95896,283.72689,282.04737,279.86599,277.17727,274.03346,270.54524,293.1234286049363,198.72646784163032,1436.35859,283.20072000000005,3092.48207,-17.974879999999985
2265,2265,2265.0,2265.0,2265.0,2265.0,2265.0,2265.0,2265.0,2265.0,2265.0,2265.0,2265.0,2265.0,2265.0,2265.0,2265.0,2265.0,2265.0,2265.0,2265.0,2265.0,2265.0,2265.0,2265.0,2265.0,2265.0,2265.0,2265.0,2265.0,2265.0,2265.0,2265.0,2265.0,2265.0,2265.0,2265.0,2265.0,2265.0,2265.0,2265.0,2265.0,2265.0,2265.0,2265.0,2265.0,2265.0,2265.0,2265.0,2265.0,2265.0,5.0,0.5,294.35332,295.3818,296.04319,296.2332,295.91775,295.12345,293.91357,292.35608,290.49157,288.30692,285.71919,282.57167,278.64349,273.67337,267.39674,259.59341,250.1395,239.05353,226.52513,212.91569,369.5541247060193,196.51066480178795,1719.55931,439.63760999999977,2809.28135,-17.87655000000001
2266,2266,2266.0,2266.0,2266.0,2266.0,2266.0,2266.0,2266.0,2266.0,2266.0,2266.0,2266.0,2266.0,2266.0,2266.0,2266.0,2266.0,2266.0,2266.0,2266.0,2266.0,2266.0,2266.0,2266.0,2266.0,2266.0,2266.0,2266.0,2266.0,2266.0,2266.0,2266.0,2266.0,2266.0,2266.0,2266.0,2266.0,2266.0,2266.0,2266.0,2266.0,2266.0,2266.0,2266.0,2266.0,2266.0,2266.0,2266.0,2266.0,2266.0,6.0,0.6,356.54856,344.06216,332.53462,322.26469,313.37896,305.83393,299.44538,293.93373,288.97252,284.23053,279.40229,274.22661,268.49568,262.05859,254.82221,246.75139,237.86857,228.25217,218.03233,207.3831,212.34800859331688,182.5792622519216,2159.19692,574.4952499999999,2369.64374,-7.166069999999991
2267,2267,2267.0,2267.0,2267.0,2267.0,2267.0,2267.0,2267.0,2267.0,2267.0,2267.0,2267.0,2267.0,2267.0,2267.0,2267.0,2267.0,2267.0,2267.0,2267.0,2267.0,2267.0,2267.0,2267.0,2267.0,2267.0,2267.0,2267.0,2267.0,2267.0,2267.0,2267.0,2267.0,2267.0,2267.0,2267.0,2267.0,2267.0,2267.0,2267.0,2267.0,2267.0,2267.0,2267.0,2267.0,2267.0,2267.0,2267.0,2267.0,2267.0,7.0,0.7,229.15944,244.89154,258.61788,269.68129,277.74916,282.80183,285.06705,284.9249,282.80986,279.13088,274.22047,268.3141,261.55433,254.01141,245.71194,236.66905,226.9093,216.49289,205.52506,194.1574,196.55375643430605,296.81978560742215,2733.69217,730.4220300000002,1795.14849,-30.198170000000005
2268,2268,2268.0,2268.0,2268.0,2268.0,2268.0,2268.0,2268.0,2268.0,2268.0,2268.0,2268.0,2268.0,2268.0,2268.0,2268.0,2268.0,2268.0,2268.0,2268.0,2268.0,2268.0,2268.0,2268.0,2268.0,2268.0,2268.0,2268.0,2268.0,2268.0,2268.0,2268.0,2268.0,2268.0,2268.0,2268.0,2268.0,2268.0,2268.0,2268.0,2268.0,2268.0,2268.0,2268.0,2268.0,2268.0,2268.0,2268.0,2268.0,2268.0,8.0,0.8,209.21821,221.37441,232.55709,242.38061,250.56459,256.9471,261.48672,264.25711,265.43844,265.30881,264.23644,262.67019,261.12336,260.14469,260.27182,261.96778,265.54768,271.11049,278.49509,287.27768,337.262150166364,321.0393766836011,3464.1142,639.5582000000004,1064.72646,-56.05290000000002
2269,2269,2269.0,2269.0,2269.0,2269.0,2269.0,2269.0,2269.0,2269.0,2269.0,2269.0,2269.0,2269.0,2269.0,2269.0,2269.0,2269.0,2269.0,2269.0,2269.0,2269.0,2269.0,2269.0,2269.0,2269.0,2269.0,2269.0,2269.0,2269.0,2269.0,2269.0,2269.0,2269.0,2269.0,2269.0,2269.0,2269.0,2269.0,2269.0,2269.0,2269.0,2269.0,2269.0,2269.0,2269.0,2269.0,2269.0,2269.0,2269.0,2269.0,9.0,0.9,322.18117,307.96403,295.34112,284.80927,276.58674,270.62897,266.69317,264.42914,263.47166,263.51472,264.35656,265.91378,268.20858,271.33698,275.42597,280.58751,286.8763,294.25743,302.58953,311.62664,336.72391635521,235.159139090274,4103.6724,425.16825999999946,425.16825999999946,-42.37103000000002
2270,2270,2270.0,2270.0,2270.0,2270.0,2270.0,2270.0,2270.0,2270.0,2270.0,2270.0,2270.0,2270.0,2270.0,2270.0,2270.0,2270.0,2270.0,2270.0,2270.0,2270.0,2270.0,2270.0,2270.0,2270.0,2270.0,2270.0,2270.0,2270.0,2270.0,2270.0,2270.0,2270.0,2270.0,2270.0,2270.0,2270.0,2270.0,2270.0,2270.0,2270.0,2270.0,2270.0,2270.0,2270.0,2270.0,2270.0,2270.0,2270.0,2270.0,0.0,0.0,273.0,273.0,273.0,273.0,273.0,273.0,273.0,273.0,273.0,273.0,273.0,273.0,273.0,273.0,273.0,273.0,273.0,273.0,273.0,273.0,266.6207471974081,335.69541480887824,0.0,419.35734,2203.74181,2.577729999999974
2271,2271,2271.0,2271.0,2271.0,2271.0,2271.0,2271.0,2271.0,2271.0,2271.0,2271.0,2271.0,2271.0,2271.0,2271.0,2271.0,2271.0,2271.0,2271.0,2271.0,2271.0,2271.0,2271.0,2271.0,2271.0,2271.0,2271.0,2271.0,2271.0,2271.0,2271.0,2271.0,2271.0,2271.0,2271.0,2271.0,2271.0,2271.0,2271.0,2271.0,2271.0,2271.0,2271.0,2271.0,2271.0,2271.0,2271.0,2271.0,2271.0,2271.0,1.0,0.1,267.7096,268.74998,269.70088,270.53488,271.24224,271.83302,272.33799,272.80976,273.32505,273.98846,274.93682,276.34153,278.40563,281.3518,285.39889,290.7276,297.43979,305.52005,314.81063,325.0093,345.3473908221385,324.03662017794056,419.35734,289.3539099999999,1784.38447,2.577729999999974
2272,2272,2272.0,2272.0,2272.0,2272.0,2272.0,2272.0,2272.0,2272.0,2272.0,2272.0,2272.0,2272.0,2272.0,2272.0,2272.0,2272.0,2272.0,2272.0,2272.0,2272.0,2272.0,2272.0,2272.0,2272.0,2272.0,2272.0,2272.0,2272.0,2272.0,2272.0,2272.0,2272.0,2272.0,2272.0,2272.0,2272.0,2272.0,2272.0,2272.0,2272.0,2272.0,2272.0,2272.0,2272.0,2272.0,2272.0,2272.0,2272.0,2272.0,2.0,0.2,332.80238,320.87222,310.09118,300.85131,293.37247,287.70698,283.77221,281.39858,280.37908,280.50919,281.61158,283.54513,286.20172,289.49613,293.35435,297.70405,302.46925,307.5692,312.91998,318.437,274.4021033340656,305.7158146009972,708.71125,186.74444000000005,1495.0305600000002,2.577729999999974
2273,2273,2273.0,2273.0,2273.0,2273.0,2273.0,2273.0,2273.0,2273.0,2273.0,2273.0,2273.0,2273.0,2273.0,2273.0,2273.0,2273.0,2273.0,2273.0,2273.0,2273.0,2273.0,2273.0,2273.0,2273.0,2273.0,2273.0,2273.0,2273.0,2273.0,2273.0,2273.0,2273.0,2273.0,2273.0,2273.0,2273.0,2273.0,2273.0,2273.0,2273.0,2273.0,2273.0,2273.0,2273.0,2273.0,2273.0,2273.0,2273.0,2273.0,3.0,0.3,278.01716,281.32218,284.06819,286.11272,287.43891,288.14629,288.41883,288.48116,288.55455,288.82162,289.40453,290.35724,291.66961,293.28034,295.09521,297.00805,298.92125,300.76329,302.50001,304.13753,348.16757550493685,351.11807146488843,895.45569,153.4687100000001,1308.28612,2.577729999999974
2274,2274,2274.0,2274.0,2274.0,2274.0,2274.0,2274.0,2274.0,2274.0,2274.0,2274.0,2274.0,2274.0,2274.0,2274.0,2274.0,2274.0,2274.0,2274.0,2274.0,2274.0,2274.0,2274.0,2274.0,2274.0,2274.0,2274.0,2274.0,2274.0,2274.0,2274.0,2274.0,2274.0,2274.0,2274.0,2274.0,2274.0,2274.0,2274.0,2274.0,2274.0,2274.0,2274.0,2274.0,2274.0,2274.0,2274.0,2274.0,2274.0,2274.0,4.0,0.4,337.68318,327.71608,318.71284,310.99553,304.73627,299.96309,296.59121,294.46883,293.42522,293.31152,294.02848,295.53924,297.86788,301.08507,305.28348,310.54551,316.90831,324.3323,332.68057,341.71585,261.2062732099811,346.21698222500845,1048.9244,78.38462999999979,1154.81741,2.577729999999974
2275,2275,2275.0,2275.0,2275.0,2275.0,2275.0,2275.0,2275.0,2275.0,2275.0,2275.0,2275.0,2275.0,2275.0,2275.0,2275.0,2275.0,2275.0,2275.0,2275.0,2275.0,2275.0,2275.0,2275.0,2275.0,2275.0,2275.0,2275.0,2275.0,2275.0,2275.0,2275.0,2275.0,2275.0,2275.0,2275.0,2275.0,2275.0,2275.0,2275.0,2275.0,2275.0,2275.0,2275.0,2275.0,2275.0,2275.0,2275.0,2275.0,2275.0,5.0,0.5,268.92198,276.16358,282.5385,287.79787,291.8651,294.82885,296.90686,298.39376,299.60744,300.84477,302.35247,304.31313,306.84346,310.00021,313.78966,318.178,323.10096,328.47222,334.19031,340.14411,294.27422388587206,352.17825034348505,1127.30903,51.76765,1076.43278,2.577729999999974
2276,2276,2276.0,2276.0,2276.0,2276.0,2276.0,2276.0,2276.0,2276.0,2276.0,2276.0,2276.0,2276.0,2276.0,2276.0,2276.0,2276.0,2276.0,2276.0,2276.0,2276.0,2276.0,2276.0,2276.0,2276.0,2276.0,2276.0,2276.0,2276.0,2276.0,2276.0,2276.0,2276.0,2276.0,2276.0,2276.0,2276.0,2276.0,2276.0,2276.0,2276.0,2276.0,2276.0,2276.0,2276.0,2276.0,2276.0,2276.0,2276.0,2276.0,6.0,0.6,293.78111,293.43423,293.35709,293.63403,294.30449,295.36832,296.79918,298.56137,300.62499,302.97617,305.62074,308.58206,311.89442,315.5943,319.71094,324.25777,329.22558,334.57816,340.25115,346.15445,341.8699480005177,176.21784625210344,1179.07668,68.68046000000004,1024.66513,2.577729999999974
2277,2277,2277.0,2277.0,2277.0,2277.0,2277.0,2277.0,2277.0,2277.0,2277.0,2277.0,2277.0,2277.0,2277.0,2277.0,2277.0,2277.0,2277.0,2277.0,2277.0,2277.0,2277.0,2277.0,2277.0,2277.0,2277.0,2277.0,2277.0,2277.0,2277.0,2277.0,2277.0,2277.0,2277.0,2277.0,2277.0,2277.0,2277.0,2277.0,2277.0,2277.0,2277.0,2277.0,2277.0,2277.0,2277.0,2277.0,2277.0,2277.0,2277.0,7.0,0.7,334.19252,326.93917,320.47888,315.08174,310.89351,307.93008,306.08672,305.15407,304.83205,304.73679,304.40057,303.27112,300.72087,296.07816,288.68876,278.00781,263.71019,245.79563,224.65808,201.09151,346.59606719525044,263.49223200220496,1247.75714,217.64961000000017,955.98467,2.577729999999974
2278,2278,2278.0,2278.0,2278.0,2278.0,2278.0,2278.0,2278.0,2278.0,2278.0,2278.0,2278.0,2278.0,2278.0,2278.0,2278.0,2278.0,2278.0,2278.0,2278.0,2278.0,2278.0,2278.0,2278.0,2278.0,2278.0,2278.0,2278.0,2278.0,2278.0,2278.0,2278.0,2278.0,2278.0,2278.0,2278.0,2278.0,2278.0,2278.0,2278.0,2278.0,2278.0,2278.0,2278.0,2278.0,2278.0,2278.0,2278.0,2278.0,2278.0,8.0,0.8,340.70535,334.96805,329.51725,324.44806,319.80527,315.57773,311.70054,308.06515,304.53686,300.97831,297.27613,293.36676,289.25576,285.02459,280.82002,276.8249,273.21441,270.1076,267.52792,265.38596,191.7999641635054,185.6654414362176,1465.40675,278.5566899999999,738.3350599999999,2.577729999999974
2279,2279,2279.0,2279.0,2279.0,2279.0,2279.0,2279.0,2279.0,2279.0,2279.0,2279.0,2279.0,2279.0,2279.0,2279.0,2279.0,2279.0,2279.0,2279.0,2279.0,2279.0,2279.0,2279.0,2279.0,2279.0,2279.0,2279.0,2279.0,2279.0,2279.0,2279.0,2279.0,2279.0,2279.0,2279.0,2279.0,2279.0,2279.0,2279.0,2279.0,2279.0,2279.0,2279.0,2279.0,2279.0,2279.0,2279.0,2279.0,2279.0,2279.0,9.0,0.9,213.18978,233.4156,251.47331,266.64123,278.54008,287.12361,292.61214,295.39244,295.91092,294.5814,291.72048,287.51465,282.01774,275.17439,266.86418,256.95989,245.39115,232.20203,217.58967,201.91287,238.71247325618992,255.1138177343862,1743.96344,459.77837,459.77837,2.577729999999974
2280,2280,2280.0,2280.0,2280.0,2280.0,2280.0,2280.0,2280.0,2280.0,2280.0,2280.0,2280.0,2280.0,2280.0,2280.0,2280.0,2280.0,2280.0,2280.0,2280.0,2280.0,2280.0,2280.0,2280.0,2280.0,2280.0,2280.0,2280.0,2280.0,2280.0,2280.0,2280.0,2280.0,2280.0,2280.0,2280.0,2280.0,2280.0,2280.0,2280.0,2280.0,2280.0,2280.0,2280.0,2280.0,2280.0,2280.0,2280.0,2280.0,2280.0,0.0,0.0,273.0,273.0,273.0,273.0,273.0,273.0,273.0,273.0,273.0,273.0,273.0,273.0,273.0,273.0,273.0,273.0,273.0,273.0,273.0,273.0,242.999343657289,262.50018626326795,0.0,469.42707,2517.4472800000003,-40.0
2281,2281,2281.0,2281.0,2281.0,2281.0,2281.0,2281.0,2281.0,2281.0,2281.0,2281.0,2281.0,2281.0,2281.0,2281.0,2281.0,2281.0,2281.0,2281.0,2281.0,2281.0,2281.0,2281.0,2281.0,2281.0,2281.0,2281.0,2281.0,2281.0,2281.0,2281.0,2281.0,2281.0,2281.0,2281.0,2281.0,2281.0,2281.0,2281.0,2281.0,2281.0,2281.0,2281.0,2281.0,2281.0,2281.0,2281.0,2281.0,2281.0,2281.0,1.0,0.1,248.1123,252.99194,257.43653,261.30057,264.50711,267.04632,268.96252,270.33473,271.25576,271.81425,272.08198,272.10736,271.91454,271.50727,270.87616,270.00808,268.89619,267.54885,265.99567,264.289,340.37059445935927,372.8151683428424,469.42707,436.87955,2048.02021,-45.95368000000002
2282,2282,2282.0,2282.0,2282.0,2282.0,2282.0,2282.0,2282.0,2282.0,2282.0,2282.0,2282.0,2282.0,2282.0,2282.0,2282.0,2282.0,2282.0,2282.0,2282.0,2282.0,2282.0,2282.0,2282.0,2282.0,2282.0,2282.0,2282.0,2282.0,2282.0,2282.0,2282.0,2282.0,2282.0,2282.0,2282.0,2282.0,2282.0,2282.0,2282.0,2282.0,2282.0,2282.0,2282.0,2282.0,2282.0,2282.0,2282.0,2282.0,2282.0,2.0,0.2,327.38628,315.07455,304.01085,294.59985,287.04123,281.33941,277.34985,274.84726,273.59913,273.43033,274.2696,276.17254,279.31906,283.98472,290.48727,299.11361,310.03734,323.24304,338.47615,355.2353,179.66510902085489,322.6891240750271,906.30662,257.1296800000001,1611.14066,-31.660590000000013
2283,2283,2283.0,2283.0,2283.0,2283.0,2283.0,2283.0,2283.0,2283.0,2283.0,2283.0,2283.0,2283.0,2283.0,2283.0,2283.0,2283.0,2283.0,2283.0,2283.0,2283.0,2283.0,2283.0,2283.0,2283.0,2283.0,2283.0,2283.0,2283.0,2283.0,2283.0,2283.0,2283.0,2283.0,2283.0,2283.0,2283.0,2283.0,2283.0,2283.0,2283.0,2283.0,2283.0,2283.0,2283.0,2283.0,2283.0,2283.0,2283.0,2283.0,3.0,0.3,198.35763,216.05405,231.91597,245.38306,256.23081,264.55953,270.72692,275.24854,278.69266,281.59063,284.3742,287.34244,290.65486,294.34504,298.34906,302.54343,306.78695,310.9601,314.99446,318.88607,364.5515170903633,330.9812555524976,1163.4363,259.5273299999999,1354.0109799999998,-48.440470000000005
2284,2284,2284.0,2284.0,2284.0,2284.0,2284.0,2284.0,2284.0,2284.0,2284.0,2284.0,2284.0,2284.0,2284.0,2284.0,2284.0,2284.0,2284.0,2284.0,2284.0,2284.0,2284.0,2284.0,2284.0,2284.0,2284.0,2284.0,2284.0,2284.0,2284.0,2284.0,2284.0,2284.0,2284.0,2284.0,2284.0,2284.0,2284.0,2284.0,2284.0,2284.0,2284.0,2284.0,2284.0,2284.0,2284.0,2284.0,2284.0,2284.0,2284.0,4.0,0.4,345.94238,328.48547,313.16097,300.64657,291.25674,284.95763,281.44268,280.2405,280.82461,282.70164,285.46638,288.82325,292.58179,296.63612,300.93813,305.47111,310.22786,315.19495,320.34354,325.62655,333.11866675356896,262.3264361575121,1422.96363,151.37860999999998,1094.48365,-28.042370000000005
2285,2285,2285.0,2285.0,2285.0,2285.0,2285.0,2285.0,2285.0,2285.0,2285.0,2285.0,2285.0,2285.0,2285.0,2285.0,2285.0,2285.0,2285.0,2285.0,2285.0,2285.0,2285.0,2285.0,2285.0,2285.0,2285.0,2285.0,2285.0,2285.0,2285.0,2285.0,2285.0,2285.0,2285.0,2285.0,2285.0,2285.0,2285.0,2285.0,2285.0,2285.0,2285.0,2285.0,2285.0,2285.0,2285.0,2285.0,2285.0,2285.0,2285.0,5.0,0.5,326.92626,320.86924,315.0883,309.73023,304.94137,300.85389,297.56754,295.13065,293.52441,292.65285,292.34025,292.33678,292.3333,291.98647,290.95449,288.94171,285.74709,281.30738,275.72398,269.26338,249.823956590739,318.33924072524684,1574.34224,174.9477300000001,943.10504,-12.146110000000022
2286,2286,2286.0,2286.0,2286.0,2286.0,2286.0,2286.0,2286.0,2286.0,2286.0,2286.0,2286.0,2286.0,2286.0,2286.0,2286.0,2286.0,2286.0,2286.0,2286.0,2286.0,2286.0,2286.0,2286.0,2286.0,2286.0,2286.0,2286.0,2286.0,2286.0,2286.0,2286.0,2286.0,2286.0,2286.0,2286.0,2286.0,2286.0,2286.0,2286.0,2286.0,2286.0,2286.0,2286.0,2286.0,2286.0,2286.0,2286.0,2286.0,2286.0,6.0,0.6,259.16708,267.95882,275.73109,282.16269,287.10949,290.59876,292.7946,293.94841,294.34944,294.28671,294.02756,293.81165,293.85417,294.3503,295.47349,297.36387,300.10749,303.71257,308.09136,313.05684,311.4509312184407,284.0282557491472,1749.28997,158.82867999999985,768.1573099999998,-22.401239999999973
2287,2287,2287.0,2287.0,2287.0,2287.0,2287.0,2287.0,2287.0,2287.0,2287.0,2287.0,2287.0,2287.0,2287.0,2287.0,2287.0,2287.0,2287.0,2287.0,2287.0,2287.0,2287.0,2287.0,2287.0,2287.0,2287.0,2287.0,2287.0,2287.0,2287.0,2287.0,2287.0,2287.0,2287.0,2287.0,2287.0,2287.0,2287.0,2287.0,2287.0,2287.0,2287.0,2287.0,2287.0,2287.0,2287.0,2287.0,2287.0,2287.0,2287.0,7.0,0.7,306.98379,302.82745,299.24132,296.3952,294.35293,293.07926,292.46451,292.35739,292.59587,293.02875,293.52534,293.97454,294.27834,294.34535,294.08944,293.43582,292.33396,290.77319,288.79532,286.49841,369.3676255363871,244.2136147291184,1908.11865,183.3163800000002,609.32863,-19.920740000000023
2288,2288,2288.0,2288.0,2288.0,2288.0,2288.0,2288.0,2288.0,2288.0,2288.0,2288.0,2288.0,2288.0,2288.0,2288.0,2288.0,2288.0,2288.0,2288.0,2288.0,2288.0,2288.0,2288.0,2288.0,2288.0,2288.0,2288.0,2288.0,2288.0,2288.0,2288.0,2288.0,2288.0,2288.0,2288.0,2288.0,2288.0,2288.0,2288.0,2288.0,2288.0,2288.0,2288.0,2288.0,2288.0,2288.0,2288.0,2288.0,2288.0,2288.0,8.0,0.8,356.81558,344.8005,333.7894,324.12413,315.99143,309.42057,304.30408,300.43217,297.53036,295.29211,293.40237,291.55244,289.44966,286.82672,283.45472,279.16156,273.85381,267.53706,260.32772,252.44982,238.6801784368128,283.2555779751045,2091.43503,227.6288099999997,426.01224999999977,-3.579430000000002
2289,2289,2289.0,2289.0,2289.0,2289.0,2289.0,2289.0,2289.0,2289.0,2289.0,2289.0,2289.0,2289.0,2289.0,2289.0,2289.0,2289.0,2289.0,2289.0,2289.0,2289.0,2289.0,2289.0,2289.0,2289.0,2289.0,2289.0,2289.0,2289.0,2289.0,2289.0,2289.0,2289.0,2289.0,2289.0,2289.0,2289.0,2289.0,2289.0,2289.0,2289.0,2289.0,2289.0,2289.0,2289.0,2289.0,2289.0,2289.0,2289.0,2289.0,9.0,0.9,251.83184,264.15221,274.93436,283.69016,290.19447,294.47512,296.75938,297.39788,296.78816,295.31495,293.31508,291.0662,288.7918,286.67261,284.85556,283.45473,282.54368,282.14305,282.2098,282.63519,333.2303367566665,334.8470560858981,2319.06384,198.3834400000001,198.3834400000001,-18.52488
2290,2290,2290.0,2290.0,2290.0,2290.0,2290.0,2290.0,2290.0,2290.0,2290.0,2290.0,2290.0,2290.0,2290.0,2290.0,2290.0,2290.0,2290.0,2290.0,2290.0,2290.0,2290.0,2290.0,2290.0,2290.0,2290.0,2290.0,2290.0,2290.0,2290.0,2290.0,2290.0,2290.0,2290.0,2290.0,2290.0,2290.0,2290.0,2290.0,2290.0,2290.0,2290.0,2290.0,2290.0,2290.0,2290.0,2290.0,2290.0,2290.0,2290.0,0.0,0.0,273.0,273.0,273.0,273.0,273.0,273.0,273.0,273.0,273.0,273.0,273.0,273.0,273.0,273.0,273.0,273.0,273.0,273.0,273.0,273.0,257.1796573626185,280.20254556328314,0.0,451.70377,5034.56697,-40.0
2291,2291,2291.0,2291.0,2291.0,2291.0,2291.0,2291.0,2291.0,2291.0,2291.0,2291.0,2291.0,2291.0,2291.0,2291.0,2291.0,2291.0,2291.0,2291.0,2291.0,2291.0,2291.0,2291.0,2291.0,2291.0,2291.0,2291.0,2291.0,2291.0,2291.0,2291.0,2291.0,2291.0,2291.0,2291.0,2291.0,2291.0,2291.0,2291.0,2291.0,2291.0,2291.0,2291.0,2291.0,2291.0,2291.0,2291.0,2291.0,2291.0,2291.0,1.0,0.1,259.87612,262.44983,264.79479,266.83492,268.53093,269.87995,270.90952,271.66838,272.21671,272.6181,272.93422,273.22218,273.53353,273.91379,274.40135,275.02534,275.80241,276.73362,277.80234,278.97461,259.1901702251187,201.5052225219532,451.70377,508.12816,4582.8632,-43.12004999999999
2292,2292,2292.0,2292.0,2292.0,2292.0,2292.0,2292.0,2292.0,2292.0,2292.0,2292.0,2292.0,2292.0,2292.0,2292.0,2292.0,2292.0,2292.0,2292.0,2292.0,2292.0,2292.0,2292.0,2292.0,2292.0,2292.0,2292.0,2292.0,2292.0,2292.0,2292.0,2292.0,2292.0,2292.0,2292.0,2292.0,2292.0,2292.0,2292.0,2292.0,2292.0,2292.0,2292.0,2292.0,2292.0,2292.0,2292.0,2292.0,2292.0,2292.0,2.0,0.2,260.76961,262.32172,263.81946,265.23625,266.54552,267.71932,268.72506,269.52,270.04308,270.20492,269.87788,268.88941,267.02316,264.03225,259.66763,253.72056,246.07362,236.7492,225.94186,214.02211,339.17720335223134,226.3137507941632,959.83193,645.23704,4074.73504,-45.28068000000002
2293,2293,2293.0,2293.0,2293.0,2293.0,2293.0,2293.0,2293.0,2293.0,2293.0,2293.0,2293.0,2293.0,2293.0,2293.0,2293.0,2293.0,2293.0,2293.0,2293.0,2293.0,2293.0,2293.0,2293.0,2293.0,2293.0,2293.0,2293.0,2293.0,2293.0,2293.0,2293.0,2293.0,2293.0,2293.0,2293.0,2293.0,2293.0,2293.0,2293.0,2293.0,2293.0,2293.0,2293.0,2293.0,2293.0,2293.0,2293.0,2293.0,2293.0,3.0,0.3,326.78497,314.97537,304.24424,294.93338,287.19621,281.00006,276.15901,272.38519,269.34495,266.70875,264.18868,261.56134,258.67763,255.4615,251.90038,248.02959,243.91325,239.62493,235.23151,230.78349,278.2515165156809,248.8618671156687,1605.06897,644.1543899999999,3429.498,-31.99993999999998
2294,2294,2294.0,2294.0,2294.0,2294.0,2294.0,2294.0,2294.0,2294.0,2294.0,2294.0,2294.0,2294.0,2294.0,2294.0,2294.0,2294.0,2294.0,2294.0,2294.0,2294.0,2294.0,2294.0,2294.0,2294.0,2294.0,2294.0,2294.0,2294.0,2294.0,2294.0,2294.0,2294.0,2294.0,2294.0,2294.0,2294.0,2294.0,2294.0,2294.0,2294.0,2294.0,2294.0,2294.0,2294.0,2294.0,2294.0,2294.0,2294.0,2294.0,4.0,0.4,279.72442,280.89945,281.52884,281.45205,280.61183,279.0475,276.87098,274.23474,271.30147,268.22245,265.12716,262.12279,259.29924,256.73468,254.49733,252.6415,251.19857,250.16591,249.49828,249.10594,362.2347578776052,210.99798720373445,2249.22336,630.9237499999999,2785.34361,-33.952499999999986
2295,2295,2295.0,2295.0,2295.0,2295.0,2295.0,2295.0,2295.0,2295.0,2295.0,2295.0,2295.0,2295.0,2295.0,2295.0,2295.0,2295.0,2295.0,2295.0,2295.0,2295.0,2295.0,2295.0,2295.0,2295.0,2295.0,2295.0,2295.0,2295.0,2295.0,2295.0,2295.0,2295.0,2295.0,2295.0,2295.0,2295.0,2295.0,2295.0,2295.0,2295.0,2295.0,2295.0,2295.0,2295.0,2295.0,2295.0,2295.0,2295.0,2295.0,5.0,0.5,347.70323,333.74355,320.84539,309.35334,299.43627,291.09174,284.17842,278.46339,273.66995,269.51537,265.7337,262.08455,258.35321,254.3488,249.90624,244.89528,239.23549,232.91304,225.99261,218.61801,361.4793231215524,208.65871073728903,2880.14711,653.1012700000001,2154.41986,-21.908259999999984
2296,2296,2296.0,2296.0,2296.0,2296.0,2296.0,2296.0,2296.0,2296.0,2296.0,2296.0,2296.0,2296.0,2296.0,2296.0,2296.0,2296.0,2296.0,2296.0,2296.0,2296.0,2296.0,2296.0,2296.0,2296.0,2296.0,2296.0,2296.0,2296.0,2296.0,2296.0,2296.0,2296.0,2296.0,2296.0,2296.0,2296.0,2296.0,2296.0,2296.0,2296.0,2296.0,2296.0,2296.0,2296.0,2296.0,2296.0,2296.0,2296.0,2296.0,6.0,0.6,350.61423,339.93136,329.59881,319.7579,310.51327,301.92653,294.01409,286.74884,280.06545,273.86827,268.04102,262.45722,256.99064,251.52504,245.9627,240.23136,234.28893,228.12568,221.76338,215.25122,264.14429263974154,341.6143625282824,3533.24838,577.6359899999998,1501.31859,-11.073469999999986
2297,2297,2297.0,2297.0,2297.0,2297.0,2297.0,2297.0,2297.0,2297.0,2297.0,2297.0,2297.0,2297.0,2297.0,2297.0,2297.0,2297.0,2297.0,2297.0,2297.0,2297.0,2297.0,2297.0,2297.0,2297.0,2297.0,2297.0,2297.0,2297.0,2297.0,2297.0,2297.0,2297.0,2297.0,2297.0,2297.0,2297.0,2297.0,2297.0,2297.0,2297.0,2297.0,2297.0,2297.0,2297.0,2297.0,2297.0,2297.0,2297.0,2297.0,7.0,0.7,271.24492,277.67767,282.87436,286.44357,288.20986,288.21223,286.67046,283.9353,280.43927,276.66033,273.10211,270.28663,268.74877,269.01994,271.59125,276.85347,285.02145,296.06031,309.63651,325.11507,296.5232629362327,300.96062651963365,4110.88437,342.6450500000001,923.6826,-24.787770000000023
2298,2298,2298.0,2298.0,2298.0,2298.0,2298.0,2298.0,2298.0,2298.0,2298.0,2298.0,2298.0,2298.0,2298.0,2298.0,2298.0,2298.0,2298.0,2298.0,2298.0,2298.0,2298.0,2298.0,2298.0,2298.0,2298.0,2298.0,2298.0,2298.0,2298.0,2298.0,2298.0,2298.0,2298.0,2298.0,2298.0,2298.0,2298.0,2298.0,2298.0,2298.0,2298.0,2298.0,2298.0,2298.0,2298.0,2298.0,2298.0,2298.0,2298.0,8.0,0.8,294.19382,291.93672,289.81035,287.8507,286.07189,284.47538,283.06423,281.85711,280.89673,280.24932,279.99489,280.21059,280.95193,282.2372,284.04002,286.29245,288.89812,291.75158,294.75741,297.84303,238.7959751674125,306.2965967728785,4453.52942,281.80713000000014,581.03755,-28.524620000000027
2299,2299,2299.0,2299.0,2299.0,2299.0,2299.0,2299.0,2299.0,2299.0,2299.0,2299.0,2299.0,2299.0,2299.0,2299.0,2299.0,2299.0,2299.0,2299.0,2299.0,2299.0,2299.0,2299.0,2299.0,2299.0,2299.0,2299.0,2299.0,2299.0,2299.0,2299.0,2299.0,2299.0,2299.0,2299.0,2299.0,2299.0,2299.0,2299.0,2299.0,2299.0,2299.0,2299.0,2299.0,2299.0,2299.0,2299.0,2299.0,2299.0,2299.0,9.0,0.9,246.79722,254.38742,261.21672,267.04368,271.75906,275.3836,278.04452,279.93955,281.29846,282.35026,283.30007,284.31654,285.52779,287.02268,288.8545,291.04491,293.58717,296.44865,299.57348,302.88615,258.7489487413436,282.99303956245075,4735.33655,299.23041999999987,299.23041999999987,-37.6164
2300,2300,2300.0,2300.0,2300.0,2300.0,2300.0,2300.0,2300.0,2300.0,2300.0,2300.0,2300.0,2300.0,2300.0,2300.0,2300.0,2300.0,2300.0,2300.0,2300.0,2300.0,2300.0,2300.0,2300.0,2300.0,2300.0,2300.0,2300.0,2300.0,2300.0,2300.0,2300.0,2300.0,2300.0,2300.0,2300.0,2300.0,2300.0,2300.0,2300.0,2300.0,2300.0,2300.0,2300.0,2300.0,2300.0,2300.0,2300.0,2300.0,2300.0,0.0,0.0,273.0,273.0,273.0,273.0,273.0,273.0,273.0,273.0,273.0,273.0,273.0,273.0,273.0,273.0,273.0,273.0,273.0,273.0,273.0,273.0,229.28513554823056,210.8616024334516,0.0,509.82338,3662.36226,-40.0
2301,2301,2301.0,2301.0,2301.0,2301.0,2301.0,2301.0,2301.0,2301.0,2301.0,2301.0,2301.0,2301.0,2301.0,2301.0,2301.0,2301.0,2301.0,2301.0,2301.0,2301.0,2301.0,2301.0,2301.0,2301.0,2301.0,2301.0,2301.0,2301.0,2301.0,2301.0,2301.0,2301.0,2301.0,2301.0,2301.0,2301.0,2301.0,2301.0,2301.0,2301.0,2301.0,2301.0,2301.0,2301.0,2301.0,2301.0,2301.0,2301.0,2301.0,1.0,0.1,236.73443,243.84266,250.31461,255.93597,260.58992,264.25327,266.97513,268.84477,269.95638,270.37725,270.1243,269.15182,267.35224,264.57098,260.635,255.39281,248.75992,240.76095,231.55739,221.4515,285.4224229953693,358.0278748289309,509.82338,604.76929,3152.53888,-48.746730000000014
2302,2302,2302.0,2302.0,2302.0,2302.0,2302.0,2302.0,2302.0,2302.0,2302.0,2302.0,2302.0,2302.0,2302.0,2302.0,2302.0,2302.0,2302.0,2302.0,2302.0,2302.0,2302.0,2302.0,2302.0,2302.0,2302.0,2302.0,2302.0,2302.0,2302.0,2302.0,2302.0,2302.0,2302.0,2302.0,2302.0,2302.0,2302.0,2302.0,2302.0,2302.0,2302.0,2302.0,2302.0,2302.0,2302.0,2302.0,2302.0,2302.0,2302.0,2.0,0.2,281.04024,276.95574,273.41456,270.57166,268.47516,267.07557,266.25674,265.88075,265.8376,266.09138,266.71616,267.91563,270.02111,273.46287,278.71225,286.19774,296.20633,308.78989,323.7017,340.3854,312.8358645419425,270.019664970353,1114.59267,397.2698700000001,2547.76959,-45.92442999999997
2303,2303,2303.0,2303.0,2303.0,2303.0,2303.0,2303.0,2303.0,2303.0,2303.0,2303.0,2303.0,2303.0,2303.0,2303.0,2303.0,2303.0,2303.0,2303.0,2303.0,2303.0,2303.0,2303.0,2303.0,2303.0,2303.0,2303.0,2303.0,2303.0,2303.0,2303.0,2303.0,2303.0,2303.0,2303.0,2303.0,2303.0,2303.0,2303.0,2303.0,2303.0,2303.0,2303.0,2303.0,2303.0,2303.0,2303.0,2303.0,2303.0,2303.0,3.0,0.3,305.51058,298.4977,292.07625,286.46567,281.81178,278.18587,275.59378,273.98975,273.28896,273.37446,274.0973,275.27207,276.67333,278.03951,279.0901,279.55825,279.23484,278.01464,275.93069,273.16381,360.8615614509874,343.8424936805485,1511.86254,313.1806999999999,2150.49972,-34.81412999999998
2304,2304,2304.0,2304.0,2304.0,2304.0,2304.0,2304.0,2304.0,2304.0,2304.0,2304.0,2304.0,2304.0,2304.0,2304.0,2304.0,2304.0,2304.0,2304.0,2304.0,2304.0,2304.0,2304.0,2304.0,2304.0,2304.0,2304.0,2304.0,2304.0,2304.0,2304.0,2304.0,2304.0,2304.0,2304.0,2304.0,2304.0,2304.0,2304.0,2304.0,2304.0,2304.0,2304.0,2304.0,2304.0,2304.0,2304.0,2304.0,2304.0,2304.0,4.0,0.4,347.57692,334.80424,322.99638,312.50077,303.53443,296.18352,290.42401,286.15658,283.24732,281.56678,281.02186,281.57675,283.26016,286.15701,290.38384,296.04991,303.20975,311.81703,321.69201,332.51367,306.62809088788856,291.1280121716471,1825.04324,181.97705,1837.31902,-16.816480000000013
2305,2305,2305.0,2305.0,2305.0,2305.0,2305.0,2305.0,2305.0,2305.0,2305.0,2305.0,2305.0,2305.0,2305.0,2305.0,2305.0,2305.0,2305.0,2305.0,2305.0,2305.0,2305.0,2305.0,2305.0,2305.0,2305.0,2305.0,2305.0,2305.0,2305.0,2305.0,2305.0,2305.0,2305.0,2305.0,2305.0,2305.0,2305.0,2305.0,2305.0,2305.0,2305.0,2305.0,2305.0,2305.0,2305.0,2305.0,2305.0,2305.0,2305.0,5.0,0.5,306.17216,305.52281,304.53323,303.13763,301.36542,299.3332,297.21855,295.22375,293.53789,292.30455,291.5991,291.41753,291.67722,292.2293,292.88216,293.43385,293.70937,293.59602,293.06845,292.19596,225.4695042203288,307.847852713081,2007.02029,170.69367999999986,1655.34197,-13.666800000000023
2306,2306,2306.0,2306.0,2306.0,2306.0,2306.0,2306.0,2306.0,2306.0,2306.0,2306.0,2306.0,2306.0,2306.0,2306.0,2306.0,2306.0,2306.0,2306.0,2306.0,2306.0,2306.0,2306.0,2306.0,2306.0,2306.0,2306.0,2306.0,2306.0,2306.0,2306.0,2306.0,2306.0,2306.0,2306.0,2306.0,2306.0,2306.0,2306.0,2306.0,2306.0,2306.0,2306.0,2306.0,2306.0,2306.0,2306.0,2306.0,2306.0,2306.0,6.0,0.6,238.11308,250.11626,260.9294,270.16383,277.62746,283.3222,287.40951,290.1576,291.8849,292.912,293.52866,293.97675,294.44619,295.07853,295.973,297.19136,298.76002,300.67,302.87696,305.30385,317.9882519993689,284.36327920923384,2177.71397,184.76960000000008,1484.64829,-29.67779999999999
2307,2307,2307.0,2307.0,2307.0,2307.0,2307.0,2307.0,2307.0,2307.0,2307.0,2307.0,2307.0,2307.0,2307.0,2307.0,2307.0,2307.0,2307.0,2307.0,2307.0,2307.0,2307.0,2307.0,2307.0,2307.0,2307.0,2307.0,2307.0,2307.0,2307.0,2307.0,2307.0,2307.0,2307.0,2307.0,2307.0,2307.0,2307.0,2307.0,2307.0,2307.0,2307.0,2307.0,2307.0,2307.0,2307.0,2307.0,2307.0,2307.0,2307.0,7.0,0.7,310.89032,304.29918,298.63926,294.19082,291.06207,289.19811,288.41877,288.47092,289.08006,289.98973,290.98358,291.89124,292.58332,292.96232,292.95565,292.51412,291.61625,290.2759,288.54871,286.53316,254.87904655767795,217.59565600831976,2362.48357,222.38265,1299.87869,-23.80189000000001
2308,2308,2308.0,2308.0,2308.0,2308.0,2308.0,2308.0,2308.0,2308.0,2308.0,2308.0,2308.0,2308.0,2308.0,2308.0,2308.0,2308.0,2308.0,2308.0,2308.0,2308.0,2308.0,2308.0,2308.0,2308.0,2308.0,2308.0,2308.0,2308.0,2308.0,2308.0,2308.0,2308.0,2308.0,2308.0,2308.0,2308.0,2308.0,2308.0,2308.0,2308.0,2308.0,2308.0,2308.0,2308.0,2308.0,2308.0,2308.0,2308.0,2308.0,8.0,0.8,261.46302,267.69841,273.29041,278.03769,281.84862,284.73193,286.7667,288.06102,288.70963,288.75879,288.18379,286.88133,284.67762,281.35158,276.67209,270.44562,262.56786,253.06966,242.14573,230.15609,184.36322353113235,184.04224597530435,2584.86622,448.9825500000002,1077.49604,-28.268070000000023
2309,2309,2309.0,2309.0,2309.0,2309.0,2309.0,2309.0,2309.0,2309.0,2309.0,2309.0,2309.0,2309.0,2309.0,2309.0,2309.0,2309.0,2309.0,2309.0,2309.0,2309.0,2309.0,2309.0,2309.0,2309.0,2309.0,2309.0,2309.0,2309.0,2309.0,2309.0,2309.0,2309.0,2309.0,2309.0,2309.0,2309.0,2309.0,2309.0,2309.0,2309.0,2309.0,2309.0,2309.0,2309.0,2309.0,2309.0,2309.0,2309.0,2309.0,9.0,0.9,200.76682,216.48758,230.92296,243.61274,254.27043,262.7804,269.16631,273.54238,276.06062,276.86511,276.06049,273.6974,269.7745,264.25484,257.09317,248.26987,237.82588,225.89211,212.70649,198.61324,353.28268625793044,340.8357143303317,3033.84877,628.5134899999998,628.5134899999998,-50.219600000000014
2310,2310,2310.0,2310.0,2310.0,2310.0,2310.0,2310.0,2310.0,2310.0,2310.0,2310.0,2310.0,2310.0,2310.0,2310.0,2310.0,2310.0,2310.0,2310.0,2310.0,2310.0,2310.0,2310.0,2310.0,2310.0,2310.0,2310.0,2310.0,2310.0,2310.0,2310.0,2310.0,2310.0,2310.0,2310.0,2310.0,2310.0,2310.0,2310.0,2310.0,2310.0,2310.0,2310.0,2310.0,2310.0,2310.0,2310.0,2310.0,2310.0,2310.0,0.0,0.0,273.0,273.0,273.0,273.0,273.0,273.0,273.0,273.0,273.0,273.0,273.0,273.0,273.0,273.0,273.0,273.0,273.0,273.0,273.0,273.0,227.03845932497688,204.06245425701445,0.0,515.81948,5530.80712,1.2409700000000043
2311,2311,2311.0,2311.0,2311.0,2311.0,2311.0,2311.0,2311.0,2311.0,2311.0,2311.0,2311.0,2311.0,2311.0,2311.0,2311.0,2311.0,2311.0,2311.0,2311.0,2311.0,2311.0,2311.0,2311.0,2311.0,2311.0,2311.0,2311.0,2311.0,2311.0,2311.0,2311.0,2311.0,2311.0,2311.0,2311.0,2311.0,2311.0,2311.0,2311.0,2311.0,2311.0,2311.0,2311.0,2311.0,2311.0,2311.0,2311.0,2311.0,2311.0,1.0,0.1,234.8705,242.34389,249.14815,255.05773,259.94945,263.79826,266.65458,268.61031,269.7613,270.17355,269.8581,268.75794,266.74898,263.65636,259.28591,253.46814,246.10847,237.23376,227.02291,215.81113,219.6686222465248,276.00310843561766,515.81948,719.9229899999999,5014.98764,1.2409700000000043
2312,2312,2312.0,2312.0,2312.0,2312.0,2312.0,2312.0,2312.0,2312.0,2312.0,2312.0,2312.0,2312.0,2312.0,2312.0,2312.0,2312.0,2312.0,2312.0,2312.0,2312.0,2312.0,2312.0,2312.0,2312.0,2312.0,2312.0,2312.0,2312.0,2312.0,2312.0,2312.0,2312.0,2312.0,2312.0,2312.0,2312.0,2312.0,2312.0,2312.0,2312.0,2312.0,2312.0,2312.0,2312.0,2312.0,2312.0,2312.0,2312.0,2312.0,2.0,0.2,226.36928,232.86394,238.96158,244.49866,249.34766,253.42111,256.6724,259.09508,260.72277,261.63095,261.94039,261.82024,261.48695,261.19475,261.21424,261.79868,263.14202,265.33734,268.34753,271.99878,264.5646675076418,192.00341299536623,1235.74247,802.97026,4295.06465,1.2409700000000043
2313,2313,2313.0,2313.0,2313.0,2313.0,2313.0,2313.0,2313.0,2313.0,2313.0,2313.0,2313.0,2313.0,2313.0,2313.0,2313.0,2313.0,2313.0,2313.0,2313.0,2313.0,2313.0,2313.0,2313.0,2313.0,2313.0,2313.0,2313.0,2313.0,2313.0,2313.0,2313.0,2313.0,2313.0,2313.0,2313.0,2313.0,2313.0,2313.0,2313.0,2313.0,2313.0,2313.0,2313.0,2313.0,2313.0,2313.0,2313.0,2313.0,2313.0,3.0,0.3,261.98848,259.65258,257.75487,256.41864,255.67736,255.47739,255.69451,256.15652,256.6639,257.00302,256.95042,256.27105,254.71659,252.03131,247.97115,242.33784,235.0236,226.05612,215.62979,204.10999,334.6221673175951,352.58831950901003,2038.71273,806.8658400000002,3492.09439,1.2409700000000043
2314,2314,2314.0,2314.0,2314.0,2314.0,2314.0,2314.0,2314.0,2314.0,2314.0,2314.0,2314.0,2314.0,2314.0,2314.0,2314.0,2314.0,2314.0,2314.0,2314.0,2314.0,2314.0,2314.0,2314.0,2314.0,2314.0,2314.0,2314.0,2314.0,2314.0,2314.0,2314.0,2314.0,2314.0,2314.0,2314.0,2314.0,2314.0,2314.0,2314.0,2314.0,2314.0,2314.0,2314.0,2314.0,2314.0,2314.0,2314.0,2314.0,2314.0,4.0,0.4,321.33763,308.6406,297.03738,286.89042,278.38724,271.54525,266.24822,262.30417,259.51211,257.72637,256.9089,257.16202,258.73479,261.99767,267.38281,275.29385,285.99796,299.52222,315.58192,333.56538,290.0797450227148,176.28675512279975,2845.57857,551.6242499999998,2685.2285500000003,1.2409700000000043
2315,2315,2315.0,2315.0,2315.0,2315.0,2315.0,2315.0,2315.0,2315.0,2315.0,2315.0,2315.0,2315.0,2315.0,2315.0,2315.0,2315.0,2315.0,2315.0,2315.0,2315.0,2315.0,2315.0,2315.0,2315.0,2315.0,2315.0,2315.0,2315.0,2315.0,2315.0,2315.0,2315.0,2315.0,2315.0,2315.0,2315.0,2315.0,2315.0,2315.0,2315.0,2315.0,2315.0,2315.0,2315.0,2315.0,2315.0,2315.0,2315.0,2315.0,5.0,0.5,288.19685,286.1966,283.99677,281.57554,278.98008,276.31631,273.7223,271.33076,269.22695,267.40808,265.75001,263.98729,261.71372,258.4108,253.50864,246.47769,236.93922,224.77217,210.18746,193.74317,211.45977510894835,287.1048277262492,3397.20282,701.17452,2133.6043000000004,1.2409700000000043
2316,2316,2316.0,2316.0,2316.0,2316.0,2316.0,2316.0,2316.0,2316.0,2316.0,2316.0,2316.0,2316.0,2316.0,2316.0,2316.0,2316.0,2316.0,2316.0,2316.0,2316.0,2316.0,2316.0,2316.0,2316.0,2316.0,2316.0,2316.0,2316.0,2316.0,2316.0,2316.0,2316.0,2316.0,2316.0,2316.0,2316.0,2316.0,2316.0,2316.0,2316.0,2316.0,2316.0,2316.0,2316.0,2316.0,2316.0,2316.0,2316.0,2316.0,6.0,0.6,222.60896,233.13892,242.51426,250.34783,256.43326,260.74231,263.39465,264.6135,264.68215,263.91217,262.62802,261.16515,259.87326,259.11384,259.24268,260.57319,263.32465,267.56759,273.18355,279.85639,298.5380486579311,333.9760941950409,4098.37734,643.1499000000003,1432.4297800000004,1.2409700000000043
2317,2317,2317.0,2317.0,2317.0,2317.0,2317.0,2317.0,2317.0,2317.0,2317.0,2317.0,2317.0,2317.0,2317.0,2317.0,2317.0,2317.0,2317.0,2317.0,2317.0,2317.0,2317.0,2317.0,2317.0,2317.0,2317.0,2317.0,2317.0,2317.0,2317.0,2317.0,2317.0,2317.0,2317.0,2317.0,2317.0,2317.0,2317.0,2317.0,2317.0,2317.0,2317.0,2317.0,2317.0,2317.0,2317.0,2317.0,2317.0,2317.0,2317.0,7.0,0.7,290.90546,283.73704,277.42189,272.21861,268.23269,265.42959,263.67619,262.7973,262.63217,263.07942,264.12346,265.84038,268.38496,271.96162,276.78378,283.0263,290.77815,300.00299,310.51695,321.99031,372.177573192747,356.78679041347885,4741.52724,375.9947999999995,789.27988,1.2409700000000043
2318,2318,2318.0,2318.0,2318.0,2318.0,2318.0,2318.0,2318.0,2318.0,2318.0,2318.0,2318.0,2318.0,2318.0,2318.0,2318.0,2318.0,2318.0,2318.0,2318.0,2318.0,2318.0,2318.0,2318.0,2318.0,2318.0,2318.0,2318.0,2318.0,2318.0,2318.0,2318.0,2318.0,2318.0,2318.0,2318.0,2318.0,2318.0,2318.0,2318.0,2318.0,2318.0,2318.0,2318.0,2318.0,2318.0,2318.0,2318.0,2318.0,2318.0,8.0,0.8,354.80922,338.17499,322.92249,309.54562,298.34988,289.45406,282.82252,278.3158,275.74584,274.92401,275.69466,277.95157,281.63822,286.73477,293.23556,301.12155,310.33249,320.74381,332.15338,344.28168,349.5880508421513,259.1132342317911,5117.52204,195.5380100000002,413.28508000000056,1.2409700000000043
2319,2319,2319.0,2319.0,2319.0,2319.0,2319.0,2319.0,2319.0,2319.0,2319.0,2319.0,2319.0,2319.0,2319.0,2319.0,2319.0,2319.0,2319.0,2319.0,2319.0,2319.0,2319.0,2319.0,2319.0,2319.0,2319.0,2319.0,2319.0,2319.0,2319.0,2319.0,2319.0,2319.0,2319.0,2319.0,2319.0,2319.0,2319.0,2319.0,2319.0,2319.0,2319.0,2319.0,2319.0,2319.0,2319.0,2319.0,2319.0,2319.0,2319.0,9.0,0.9,341.17892,332.91555,324.95074,317.44733,310.57417,304.49475,299.34993,295.2374,292.19118,290.16361,289.01289,288.49888,288.29087,287.99103,287.17546,285.45162,282.5246,278.25943,272.72313,266.19151,359.76052469130707,285.7849277523237,5313.06005,217.74707000000035,217.74707000000035,1.2409700000000043
2320,2320,2320.0,2320.0,2320.0,2320.0,2320.0,2320.0,2320.0,2320.0,2320.0,2320.0,2320.0,2320.0,2320.0,2320.0,2320.0,2320.0,2320.0,2320.0,2320.0,2320.0,2320.0,2320.0,2320.0,2320.0,2320.0,2320.0,2320.0,2320.0,2320.0,2320.0,2320.0,2320.0,2320.0,2320.0,2320.0,2320.0,2320.0,2320.0,2320.0,2320.0,2320.0,2320.0,2320.0,2320.0,2320.0,2320.0,2320.0,2320.0,2320.0,0.0,0.0,273.0,273.0,273.0,273.0,273.0,273.0,273.0,273.0,273.0,273.0,273.0,273.0,273.0,273.0,273.0,273.0,273.0,273.0,273.0,273.0,368.2331747438655,240.33519488858337,0.0,435.46834,3162.92591,-40.0
2321,2321,2321.0,2321.0,2321.0,2321.0,2321.0,2321.0,2321.0,2321.0,2321.0,2321.0,2321.0,2321.0,2321.0,2321.0,2321.0,2321.0,2321.0,2321.0,2321.0,2321.0,2321.0,2321.0,2321.0,2321.0,2321.0,2321.0,2321.0,2321.0,2321.0,2321.0,2321.0,2321.0,2321.0,2321.0,2321.0,2321.0,2321.0,2321.0,2321.0,2321.0,2321.0,2321.0,2321.0,2321.0,2321.0,2321.0,2321.0,2321.0,2321.0,1.0,0.1,352.00063,336.50807,322.39376,310.11556,299.91083,291.79863,285.61669,281.07784,277.82948,275.50302,273.74704,272.24417,270.71656,268.92681,266.68023,263.83197,260.29872,256.07129,251.22255,245.90501,252.5818593460486,292.8700783193419,435.46834,413.16046,2727.45757,-21.20137
2322,2322,2322.0,2322.0,2322.0,2322.0,2322.0,2322.0,2322.0,2322.0,2322.0,2322.0,2322.0,2322.0,2322.0,2322.0,2322.0,2322.0,2322.0,2322.0,2322.0,2322.0,2322.0,2322.0,2322.0,2322.0,2322.0,2322.0,2322.0,2322.0,2322.0,2322.0,2322.0,2322.0,2322.0,2322.0,2322.0,2322.0,2322.0,2322.0,2322.0,2322.0,2322.0,2322.0,2322.0,2322.0,2322.0,2322.0,2322.0,2322.0,2322.0,2.0,0.2,260.7302,268.23369,274.55179,279.32676,282.41951,283.89914,283.99647,283.03939,281.38971,279.39561,277.36585,275.56377,274.21316,273.50624,273.60521,274.63296,276.654,279.65177,283.51144,288.01732,231.3858569946776,351.4125674425071,848.6288,360.6429600000001,2314.29711,-29.10086000000001
2323,2323,2323.0,2323.0,2323.0,2323.0,2323.0,2323.0,2323.0,2323.0,2323.0,2323.0,2323.0,2323.0,2323.0,2323.0,2323.0,2323.0,2323.0,2323.0,2323.0,2323.0,2323.0,2323.0,2323.0,2323.0,2323.0,2323.0,2323.0,2323.0,2323.0,2323.0,2323.0,2323.0,2323.0,2323.0,2323.0,2323.0,2323.0,2323.0,2323.0,2323.0,2323.0,2323.0,2323.0,2323.0,2323.0,2323.0,2323.0,2323.0,2323.0,3.0,0.3,239.43403,247.13967,254.20029,260.3866,265.56372,269.69897,272.85754,275.19033,276.91802,278.31531,279.69668,281.40292,283.78573,287.18694,291.91001,298.18396,306.12402,315.69697,326.70144,338.77215,353.1485283671837,275.90531932952337,1209.27176,271.08717,1953.65415,-43.301030000000026
2324,2324,2324.0,2324.0,2324.0,2324.0,2324.0,2324.0,2324.0,2324.0,2324.0,2324.0,2324.0,2324.0,2324.0,2324.0,2324.0,2324.0,2324.0,2324.0,2324.0,2324.0,2324.0,2324.0,2324.0,2324.0,2324.0,2324.0,2324.0,2324.0,2324.0,2324.0,2324.0,2324.0,2324.0,2324.0,2324.0,2324.0,2324.0,2324.0,2324.0,2324.0,2324.0,2324.0,2324.0,2324.0,2324.0,2324.0,2324.0,2324.0,2324.0,4.0,0.4,338.23882,324.16378,311.63942,301.1726,293.01744,287.18283,283.48035,281.59301,281.14348,281.74594,283.03478,284.67211,286.34314,287.75084,288.61981,288.71461,287.87046,286.02823,283.26073,279.77814,308.6946881332356,265.0017012308767,1480.35893,237.69358999999983,1682.5669799999998,-25.817169999999976
2325,2325,2325.0,2325.0,2325.0,2325.0,2325.0,2325.0,2325.0,2325.0,2325.0,2325.0,2325.0,2325.0,2325.0,2325.0,2325.0,2325.0,2325.0,2325.0,2325.0,2325.0,2325.0,2325.0,2325.0,2325.0,2325.0,2325.0,2325.0,2325.0,2325.0,2325.0,2325.0,2325.0,2325.0,2325.0,2325.0,2325.0,2325.0,2325.0,2325.0,2325.0,2325.0,2325.0,2325.0,2325.0,2325.0,2325.0,2325.0,2325.0,2325.0,5.0,0.5,306.58313,304.4089,302.13494,299.76702,297.357,294.99163,292.77084,290.78227,289.07886,287.66461,286.49062,285.46104,284.44664,283.30335,281.89285,280.10267,277.86347,275.16108,272.04135,268.60632,305.5844829977365,219.0055682965665,1718.05252,287.01055,1444.87339,-18.008370000000014
2326,2326,2326.0,2326.0,2326.0,2326.0,2326.0,2326.0,2326.0,2326.0,2326.0,2326.0,2326.0,2326.0,2326.0,2326.0,2326.0,2326.0,2326.0,2326.0,2326.0,2326.0,2326.0,2326.0,2326.0,2326.0,2326.0,2326.0,2326.0,2326.0,2326.0,2326.0,2326.0,2326.0,2326.0,2326.0,2326.0,2326.0,2326.0,2326.0,2326.0,2326.0,2326.0,2326.0,2326.0,2326.0,2326.0,2326.0,2326.0,2326.0,2326.0,6.0,0.6,303.93907,302.28072,300.59949,298.8901,297.15149,295.38362,293.58196,291.72989,289.79039,287.69808,285.35334,282.62052,279.33255,275.30378,270.35212,264.32906,257.15349,248.84241,239.53012,229.4686,322.08579858389567,284.1130188873375,2005.06307,351.7442400000002,1157.86284,-17.616379999999992
2327,2327,2327.0,2327.0,2327.0,2327.0,2327.0,2327.0,2327.0,2327.0,2327.0,2327.0,2327.0,2327.0,2327.0,2327.0,2327.0,2327.0,2327.0,2327.0,2327.0,2327.0,2327.0,2327.0,2327.0,2327.0,2327.0,2327.0,2327.0,2327.0,2327.0,2327.0,2327.0,2327.0,2327.0,2327.0,2327.0,2327.0,2327.0,2327.0,2327.0,2327.0,2327.0,2327.0,2327.0,2327.0,2327.0,2327.0,2327.0,2327.0,2327.0,7.0,0.7,317.50809,313.04279,308.7838,304.79229,301.08988,297.66015,294.45805,291.42485,288.50626,285.67083,282.92619,280.3303,277.99482,276.07736,274.76093,274.22111,274.58543,275.8934,278.06802,280.9091,342.22962979494844,335.5475008073325,2356.80731,271.46408999999994,806.1185999999998,-15.339850000000013
2328,2328,2328.0,2328.0,2328.0,2328.0,2328.0,2328.0,2328.0,2328.0,2328.0,2328.0,2328.0,2328.0,2328.0,2328.0,2328.0,2328.0,2328.0,2328.0,2328.0,2328.0,2328.0,2328.0,2328.0,2328.0,2328.0,2328.0,2328.0,2328.0,2328.0,2328.0,2328.0,2328.0,2328.0,2328.0,2328.0,2328.0,2328.0,2328.0,2328.0,2328.0,2328.0,2328.0,2328.0,2328.0,2328.0,2328.0,2328.0,2328.0,2328.0,8.0,0.8,334.87654,327.71792,320.9258,314.63284,308.92478,303.84348,299.39918,295.58875,292.4159,289.90966,288.13768,287.21198,287.28468,288.53254,291.12992,295.21252,300.83706,307.94504,316.3405,325.68984,191.2603139440166,233.5792092797526,2628.2714,199.1002199999998,534.6545099999998,-9.15652
2329,2329,2329.0,2329.0,2329.0,2329.0,2329.0,2329.0,2329.0,2329.0,2329.0,2329.0,2329.0,2329.0,2329.0,2329.0,2329.0,2329.0,2329.0,2329.0,2329.0,2329.0,2329.0,2329.0,2329.0,2329.0,2329.0,2329.0,2329.0,2329.0,2329.0,2329.0,2329.0,2329.0,2329.0,2329.0,2329.0,2329.0,2329.0,2329.0,2329.0,2329.0,2329.0,2329.0,2329.0,2329.0,2329.0,2329.0,2329.0,2329.0,2329.0,9.0,0.9,211.07451,229.81673,246.57234,260.70475,271.91425,280.22835,285.9348,289.48021,291.36027,292.02294,291.7979,290.85782,289.2119,286.7293,283.18864,278.34737,272.02067,264.15522,254.88079,244.52432,270.5698351386795,262.7940672316868,2827.37162,335.55429000000004,335.55429000000004,-32.77165000000002
2330,2330,2330.0,2330.0,2330.0,2330.0,2330.0,2330.0,2330.0,2330.0,2330.0,2330.0,2330.0,2330.0,2330.0,2330.0,2330.0,2330.0,2330.0,2330.0,2330.0,2330.0,2330.0,2330.0,2330.0,2330.0,2330.0,2330.0,2330.0,2330.0,2330.0,2330.0,2330.0,2330.0,2330.0,2330.0,2330.0,2330.0,2330.0,2330.0,2330.0,2330.0,2330.0,2330.0,2330.0,2330.0,2330.0,2330.0,2330.0,2330.0,2330.0,0.0,0.0,273.0,273.0,273.0,273.0,273.0,273.0,273.0,273.0,273.0,273.0,273.0,273.0,273.0,273.0,273.0,273.0,273.0,273.0,273.0,273.0,229.43679594913024,223.76647561772285,0.0,501.20949,4467.00953,-40.0
2331,2331,2331.0,2331.0,2331.0,2331.0,2331.0,2331.0,2331.0,2331.0,2331.0,2331.0,2331.0,2331.0,2331.0,2331.0,2331.0,2331.0,2331.0,2331.0,2331.0,2331.0,2331.0,2331.0,2331.0,2331.0,2331.0,2331.0,2331.0,2331.0,2331.0,2331.0,2331.0,2331.0,2331.0,2331.0,2331.0,2331.0,2331.0,2331.0,2331.0,2331.0,2331.0,2331.0,2331.0,2331.0,2331.0,2331.0,2331.0,2331.0,2331.0,1.0,0.1,236.86054,243.94465,250.3953,255.99959,260.6424,264.30298,267.03445,268.93277,270.10294,270.62879,270.55094,269.85532,268.47341,266.29451,263.18937,259.04286,253.79098,247.45491,240.16353,232.15682,225.78969381367,285.1839349446698,501.20949,655.55591,3965.80004,-48.69702000000001
2332,2332,2332.0,2332.0,2332.0,2332.0,2332.0,2332.0,2332.0,2332.0,2332.0,2332.0,2332.0,2332.0,2332.0,2332.0,2332.0,2332.0,2332.0,2332.0,2332.0,2332.0,2332.0,2332.0,2332.0,2332.0,2332.0,2332.0,2332.0,2332.0,2332.0,2332.0,2332.0,2332.0,2332.0,2332.0,2332.0,2332.0,2332.0,2332.0,2332.0,2332.0,2332.0,2332.0,2332.0,2332.0,2332.0,2332.0,2332.0,2332.0,2332.0,2.0,0.2,231.59793,237.24202,242.56892,247.44633,251.76963,255.46612,258.49697,260.8582,262.58188,263.7384,264.43935,264.83934,265.13384,265.54937,266.32362,267.67512,269.76644,272.66813,276.33384,280.59552,236.7969455191493,353.3047467109144,1156.7654,642.5527300000001,3310.24413,-57.53388000000001
2333,2333,2333.0,2333.0,2333.0,2333.0,2333.0,2333.0,2333.0,2333.0,2333.0,2333.0,2333.0,2333.0,2333.0,2333.0,2333.0,2333.0,2333.0,2333.0,2333.0,2333.0,2333.0,2333.0,2333.0,2333.0,2333.0,2333.0,2333.0,2333.0,2333.0,2333.0,2333.0,2333.0,2333.0,2333.0,2333.0,2333.0,2333.0,2333.0,2333.0,2333.0,2333.0,2333.0,2333.0,2333.0,2333.0,2333.0,2333.0,2333.0,2333.0,3.0,0.3,239.43114,242.06701,244.70052,247.31884,249.9018,252.42839,254.88768,257.29235,259.69281,262.18944,264.94064,268.16381,272.1265,277.12504,283.44979,291.33877,300.92631,312.19672,324.95583,338.83098,200.9908170776518,367.6134403499237,1799.31813,531.5463799999998,2667.6914,-60.57160999999999
2334,2334,2334.0,2334.0,2334.0,2334.0,2334.0,2334.0,2334.0,2334.0,2334.0,2334.0,2334.0,2334.0,2334.0,2334.0,2334.0,2334.0,2334.0,2334.0,2334.0,2334.0,2334.0,2334.0,2334.0,2334.0,2334.0,2334.0,2334.0,2334.0,2334.0,2334.0,2334.0,2334.0,2334.0,2334.0,2334.0,2334.0,2334.0,2334.0,2334.0,2334.0,2334.0,2334.0,2334.0,2334.0,2334.0,2334.0,2334.0,2334.0,2334.0,4.0,0.4,209.71458,218.16979,226.1291,233.43891,240.03731,245.95586,251.3078,256.26791,261.04997,265.88604,271.00979,276.64366,282.98828,290.21204,298.43963,307.73939,318.11111,329.47704,341.67947,354.4874,194.5369049664341,334.5774779039772,2330.86451,517.29961,2136.1450200000004,-67.04414
2335,2335,2335.0,2335.0,2335.0,2335.0,2335.0,2335.0,2335.0,2335.0,2335.0,2335.0,2335.0,2335.0,2335.0,2335.0,2335.0,2335.0,2335.0,2335.0,2335.0,2335.0,2335.0,2335.0,2335.0,2335.0,2335.0,2335.0,2335.0,2335.0,2335.0,2335.0,2335.0,2335.0,2335.0,2335.0,2335.0,2335.0,2335.0,2335.0,2335.0,2335.0,2335.0,2335.0,2335.0,2335.0,2335.0,2335.0,2335.0,2335.0,2335.0,5.0,0.5,202.86077,211.07305,219.07735,226.80495,234.22256,241.33435,248.17816,254.81674,261.32564,267.77913,274.23634,280.72948,287.2565,293.78021,300.23522,306.54265,312.63017,318.45315,324.01116,329.35444,337.90928194043977,295.54391005551406,2848.16412,444.9546599999999,1618.8454100000004,-71.66565
2336,2336,2336.0,2336.0,2336.0,2336.0,2336.0,2336.0,2336.0,2336.0,2336.0,2336.0,2336.0,2336.0,2336.0,2336.0,2336.0,2336.0,2336.0,2336.0,2336.0,2336.0,2336.0,2336.0,2336.0,2336.0,2336.0,2336.0,2336.0,2336.0,2336.0,2336.0,2336.0,2336.0,2336.0,2336.0,2336.0,2336.0,2336.0,2336.0,2336.0,2336.0,2336.0,2336.0,2336.0,2336.0,2336.0,2336.0,2336.0,2336.0,2336.0,6.0,0.6,321.11924,305.40885,291.70773,280.67941,272.66256,267.6754,265.47171,265.62546,267.61953,270.91931,275.02178,279.48012,283.91093,287.99374,291.47165,294.15784,295.94817,296.83528,296.91718,296.39327,346.98601691376496,361.492281094896,3293.11878,253.4282700000004,1173.8907500000005,-45.324599999999975
2337,2337,2337.0,2337.0,2337.0,2337.0,2337.0,2337.0,2337.0,2337.0,2337.0,2337.0,2337.0,2337.0,2337.0,2337.0,2337.0,2337.0,2337.0,2337.0,2337.0,2337.0,2337.0,2337.0,2337.0,2337.0,2337.0,2337.0,2337.0,2337.0,2337.0,2337.0,2337.0,2337.0,2337.0,2337.0,2337.0,2337.0,2337.0,2337.0,2337.0,2337.0,2337.0,2337.0,2337.0,2337.0,2337.0,2337.0,2337.0,2337.0,2337.0,7.0,0.7,335.42658,324.30547,314.02404,304.91529,297.22254,291.09063,286.57001,283.63227,282.19428,282.14704,283.38526,285.83247,289.4572,294.27545,300.33715,307.69693,316.3744,326.31296,337.34897,349.20203,189.98017115729468,309.4060585600055,3546.54705,156.12504999999965,920.46248,-21.909370000000024
2338,2338,2338.0,2338.0,2338.0,2338.0,2338.0,2338.0,2338.0,2338.0,2338.0,2338.0,2338.0,2338.0,2338.0,2338.0,2338.0,2338.0,2338.0,2338.0,2338.0,2338.0,2338.0,2338.0,2338.0,2338.0,2338.0,2338.0,2338.0,2338.0,2338.0,2338.0,2338.0,2338.0,2338.0,2338.0,2338.0,2338.0,2338.0,2338.0,2338.0,2338.0,2338.0,2338.0,2338.0,2338.0,2338.0,2338.0,2338.0,2338.0,2338.0,8.0,0.8,208.53347,226.09278,241.82109,255.15798,265.87652,274.07109,280.08847,284.42648,287.62702,290.1851,292.48617,294.77485,297.15198,299.59447,301.99127,304.18944,306.0432,307.45829,308.42289,309.01833,220.29034287320675,198.01140233061955,3702.6721,291.7301400000001,764.3374300000005,-38.92890999999997
2339,2339,2339.0,2339.0,2339.0,2339.0,2339.0,2339.0,2339.0,2339.0,2339.0,2339.0,2339.0,2339.0,2339.0,2339.0,2339.0,2339.0,2339.0,2339.0,2339.0,2339.0,2339.0,2339.0,2339.0,2339.0,2339.0,2339.0,2339.0,2339.0,2339.0,2339.0,2339.0,2339.0,2339.0,2339.0,2339.0,2339.0,2339.0,2339.0,2339.0,2339.0,2339.0,2339.0,2339.0,2339.0,2339.0,2339.0,2339.0,2339.0,2339.0,9.0,0.9,227.85689,235.36394,242.74238,249.90757,256.75914,263.18529,269.06855,274.28817,278.71602,282.20514,284.57366,285.59061,284.97167,282.39344,277.53113,270.11896,260.02418,247.31828,232.32473,215.62468,344.46898661113937,237.3996963970216,3994.40224,472.6072900000004,472.6072900000004,-49.81470999999999
2340,2340,2340.0,2340.0,2340.0,2340.0,2340.0,2340.0,2340.0,2340.0,2340.0,2340.0,2340.0,2340.0,2340.0,2340.0,2340.0,2340.0,2340.0,2340.0,2340.0,2340.0,2340.0,2340.0,2340.0,2340.0,2340.0,2340.0,2340.0,2340.0,2340.0,2340.0,2340.0,2340.0,2340.0,2340.0,2340.0,2340.0,2340.0,2340.0,2340.0,2340.0,2340.0,2340.0,2340.0,2340.0,2340.0,2340.0,2340.0,2340.0,2340.0,0.0,0.0,273.0,273.0,273.0,273.0,273.0,273.0,273.0,273.0,273.0,273.0,273.0,273.0,273.0,273.0,273.0,273.0,273.0,273.0,273.0,273.0,368.70321810954033,256.8940878006128,0.0,425.42686,2452.5282,-40.0
2341,2341,2341.0,2341.0,2341.0,2341.0,2341.0,2341.0,2341.0,2341.0,2341.0,2341.0,2341.0,2341.0,2341.0,2341.0,2341.0,2341.0,2341.0,2341.0,2341.0,2341.0,2341.0,2341.0,2341.0,2341.0,2341.0,2341.0,2341.0,2341.0,2341.0,2341.0,2341.0,2341.0,2341.0,2341.0,2341.0,2341.0,2341.0,2341.0,2341.0,2341.0,2341.0,2341.0,2341.0,2341.0,2341.0,2341.0,2341.0,2341.0,2341.0,1.0,0.1,352.391,336.82269,322.6402,310.30458,300.05604,291.91689,285.72955,281.21466,278.03253,275.83485,274.29976,273.14982,272.15678,271.13918,269.95826,268.51571,266.75442,264.66072,262.26557,259.64158,220.691256466163,338.972140721702,425.42686,365.01237,2027.10134,-21.083109999999976
2342,2342,2342.0,2342.0,2342.0,2342.0,2342.0,2342.0,2342.0,2342.0,2342.0,2342.0,2342.0,2342.0,2342.0,2342.0,2342.0,2342.0,2342.0,2342.0,2342.0,2342.0,2342.0,2342.0,2342.0,2342.0,2342.0,2342.0,2342.0,2342.0,2342.0,2342.0,2342.0,2342.0,2342.0,2342.0,2342.0,2342.0,2342.0,2342.0,2342.0,2342.0,2342.0,2342.0,2342.0,2342.0,2342.0,2342.0,2342.0,2342.0,2342.0,2.0,0.2,234.32626,247.072,258.17875,267.14237,273.7546,278.09295,280.46296,281.31602,281.16772,280.53519,279.90114,279.7019,280.329,282.13126,285.4066,290.37825,297.15834,305.7089,315.81477,327.08239,311.63161079120454,314.76343772183,790.43923,276.15782000000013,1662.0889700000002,-34.90705000000003
2343,2343,2343.0,2343.0,2343.0,2343.0,2343.0,2343.0,2343.0,2343.0,2343.0,2343.0,2343.0,2343.0,2343.0,2343.0,2343.0,2343.0,2343.0,2343.0,2343.0,2343.0,2343.0,2343.0,2343.0,2343.0,2343.0,2343.0,2343.0,2343.0,2343.0,2343.0,2343.0,2343.0,2343.0,2343.0,2343.0,2343.0,2343.0,2343.0,2343.0,2343.0,2343.0,2343.0,2343.0,2343.0,2343.0,2343.0,2343.0,2343.0,2343.0,3.0,0.3,304.59165,298.01004,292.27233,287.63776,284.21734,281.98589,280.81978,280.54644,280.99073,282.00735,283.49476,285.39217,287.66551,290.28977,293.23438,296.45583,299.89849,303.50161,307.20851,310.9735,211.6234255209445,291.8787529237548,1066.59705,237.93644999999992,1385.93115,-31.014110000000016
2344,2344,2344.0,2344.0,2344.0,2344.0,2344.0,2344.0,2344.0,2344.0,2344.0,2344.0,2344.0,2344.0,2344.0,2344.0,2344.0,2344.0,2344.0,2344.0,2344.0,2344.0,2344.0,2344.0,2344.0,2344.0,2344.0,2344.0,2344.0,2344.0,2344.0,2344.0,2344.0,2344.0,2344.0,2344.0,2344.0,2344.0,2344.0,2344.0,2344.0,2344.0,2344.0,2344.0,2344.0,2344.0,2344.0,2344.0,2344.0,2344.0,2344.0,4.0,0.4,224.40778,236.56673,247.57095,257.06017,264.87747,271.0611,275.80195,279.38164,282.10829,284.263,286.0644,287.65253,289.08962,290.37344,291.45872,292.28273,292.79106,292.95975,292.81003,292.41233,276.127546497451,356.72572734120115,1304.5335,280.2176199999999,1147.9947000000002,-41.93889999999999
2345,2345,2345.0,2345.0,2345.0,2345.0,2345.0,2345.0,2345.0,2345.0,2345.0,2345.0,2345.0,2345.0,2345.0,2345.0,2345.0,2345.0,2345.0,2345.0,2345.0,2345.0,2345.0,2345.0,2345.0,2345.0,2345.0,2345.0,2345.0,2345.0,2345.0,2345.0,2345.0,2345.0,2345.0,2345.0,2345.0,2345.0,2345.0,2345.0,2345.0,2345.0,2345.0,2345.0,2345.0,2345.0,2345.0,2345.0,2345.0,2345.0,2345.0,5.0,0.5,274.16533,272.50845,271.40895,271.02633,271.41171,272.51749,274.22739,276.39777,278.89965,281.65363,284.65247,287.96961,291.75302,296.20486,301.54821,307.98373,315.64187,324.53965,334.55253,345.41089,328.72692436843454,326.36410311010627,1584.75112,174.48473000000013,867.7770800000003,-40.48250999999999
2346,2346,2346.0,2346.0,2346.0,2346.0,2346.0,2346.0,2346.0,2346.0,2346.0,2346.0,2346.0,2346.0,2346.0,2346.0,2346.0,2346.0,2346.0,2346.0,2346.0,2346.0,2346.0,2346.0,2346.0,2346.0,2346.0,2346.0,2346.0,2346.0,2346.0,2346.0,2346.0,2346.0,2346.0,2346.0,2346.0,2346.0,2346.0,2346.0,2346.0,2346.0,2346.0,2346.0,2346.0,2346.0,2346.0,2346.0,2346.0,2346.0,2346.0,6.0,0.6,319.55127,310.87862,303.1504,296.69851,291.72033,288.27899,286.32448,285.72672,286.31068,287.88526,290.26212,293.26398,296.72567,300.49249,304.42024,308.37973,312.26605,316.00978,319.58615,323.01712,226.4662976586054,366.6972159390127,1759.23585,119.23723999999991,693.2923500000002,-24.72100999999998
2347,2347,2347.0,2347.0,2347.0,2347.0,2347.0,2347.0,2347.0,2347.0,2347.0,2347.0,2347.0,2347.0,2347.0,2347.0,2347.0,2347.0,2347.0,2347.0,2347.0,2347.0,2347.0,2347.0,2347.0,2347.0,2347.0,2347.0,2347.0,2347.0,2347.0,2347.0,2347.0,2347.0,2347.0,2347.0,2347.0,2347.0,2347.0,2347.0,2347.0,2347.0,2347.0,2347.0,2347.0,2347.0,2347.0,2347.0,2347.0,2347.0,2347.0,7.0,0.7,238.11675,249.17531,259.14686,267.70649,274.73383,280.30511,284.65139,288.0993,291.0115,293.73996,296.5982,299.85109,303.71631,308.36919,313.94396,320.52754,328.14636,336.75087,346.20453,356.28441,196.19446876005148,334.40576038914503,1878.47309,145.79162999999994,574.0551100000002,-32.69488999999999
2348,2348,2348.0,2348.0,2348.0,2348.0,2348.0,2348.0,2348.0,2348.0,2348.0,2348.0,2348.0,2348.0,2348.0,2348.0,2348.0,2348.0,2348.0,2348.0,2348.0,2348.0,2348.0,2348.0,2348.0,2348.0,2348.0,2348.0,2348.0,2348.0,2348.0,2348.0,2348.0,2348.0,2348.0,2348.0,2348.0,2348.0,2348.0,2348.0,2348.0,2348.0,2348.0,2348.0,2348.0,2348.0,2348.0,2348.0,2348.0,2348.0,2348.0,8.0,0.8,209.65587,222.72688,235.06487,246.41333,256.62403,265.66046,273.58447,280.53083,286.67599,292.2066,297.29223,302.06508,306.60851,310.95523,315.0953,318.99266,322.60719,325.91771,328.94017,331.73566,304.52995129080364,230.539080880306,2024.26472,198.91434000000004,428.2634800000003,-47.33954
2349,2349,2349.0,2349.0,2349.0,2349.0,2349.0,2349.0,2349.0,2349.0,2349.0,2349.0,2349.0,2349.0,2349.0,2349.0,2349.0,2349.0,2349.0,2349.0,2349.0,2349.0,2349.0,2349.0,2349.0,2349.0,2349.0,2349.0,2349.0,2349.0,2349.0,2349.0,2349.0,2349.0,2349.0,2349.0,2349.0,2349.0,2349.0,2349.0,2349.0,2349.0,2349.0,2349.0,2349.0,2349.0,2349.0,2349.0,2349.0,2349.0,2349.0,9.0,0.9,296.94306,290.04784,284.42927,280.48375,278.37841,278.05495,279.26874,281.64589,284.73998,288.07517,291.17081,293.55119,294.75014,294.32208,291.86874,287.08438,279.81379,270.10918,258.26736,244.83016,283.06395387032273,328.05922973543807,2223.17906,229.34914000000023,229.34914000000023,-34.94504999999998
2350,2350,2350.0,2350.0,2350.0,2350.0,2350.0,2350.0,2350.0,2350.0,2350.0,2350.0,2350.0,2350.0,2350.0,2350.0,2350.0,2350.0,2350.0,2350.0,2350.0,2350.0,2350.0,2350.0,2350.0,2350.0,2350.0,2350.0,2350.0,2350.0,2350.0,2350.0,2350.0,2350.0,2350.0,2350.0,2350.0,2350.0,2350.0,2350.0,2350.0,2350.0,2350.0,2350.0,2350.0,2350.0,2350.0,2350.0,2350.0,2350.0,2350.0,0.0,0.0,273.0,273.0,273.0,273.0,273.0,273.0,273.0,273.0,273.0,273.0,273.0,273.0,273.0,273.0,273.0,273.0,273.0,273.0,273.0,273.0,312.0675840665283,277.8056143472252,0.0,428.80276,1876.38292,2.4193500000000085
2351,2351,2351.0,2351.0,2351.0,2351.0,2351.0,2351.0,2351.0,2351.0,2351.0,2351.0,2351.0,2351.0,2351.0,2351.0,2351.0,2351.0,2351.0,2351.0,2351.0,2351.0,2351.0,2351.0,2351.0,2351.0,2351.0,2351.0,2351.0,2351.0,2351.0,2351.0,2351.0,2351.0,2351.0,2351.0,2351.0,2351.0,2351.0,2351.0,2351.0,2351.0,2351.0,2351.0,2351.0,2351.0,2351.0,2351.0,2351.0,2351.0,2351.0,1.0,0.1,305.409,299.05424,293.26572,288.23229,284.05315,280.73952,278.23083,276.41934,275.17635,274.37469,273.90428,273.68012,273.64371,273.75988,274.01068,274.38816,274.8871,275.49891,276.20748,276.98751,252.07879448336485,349.5356051515652,428.80276,360.55702,1447.58016,2.4193500000000085
2352,2352,2352.0,2352.0,2352.0,2352.0,2352.0,2352.0,2352.0,2352.0,2352.0,2352.0,2352.0,2352.0,2352.0,2352.0,2352.0,2352.0,2352.0,2352.0,2352.0,2352.0,2352.0,2352.0,2352.0,2352.0,2352.0,2352.0,2352.0,2352.0,2352.0,2352.0,2352.0,2352.0,2352.0,2352.0,2352.0,2352.0,2352.0,2352.0,2352.0,2352.0,2352.0,2352.0,2352.0,2352.0,2352.0,2352.0,2352.0,2352.0,2352.0,2.0,0.2,257.59076,262.74748,267.25102,270.90462,273.63427,275.48636,276.6066,277.20995,277.5513,277.90434,278.55045,279.77524,281.86638,285.10556,289.7491,295.99555,303.94471,313.55759,324.62997,336.7914,300.17414022508774,323.8650577557469,789.35978,253.6651999999999,1087.02314,2.4193500000000085
2353,2353,2353.0,2353.0,2353.0,2353.0,2353.0,2353.0,2353.0,2353.0,2353.0,2353.0,2353.0,2353.0,2353.0,2353.0,2353.0,2353.0,2353.0,2353.0,2353.0,2353.0,2353.0,2353.0,2353.0,2353.0,2353.0,2353.0,2353.0,2353.0,2353.0,2353.0,2353.0,2353.0,2353.0,2353.0,2353.0,2353.0,2353.0,2353.0,2353.0,2353.0,2353.0,2353.0,2353.0,2353.0,2353.0,2353.0,2353.0,2353.0,2353.0,3.0,0.3,295.51792,291.15424,287.33551,284.24416,281.98011,280.56639,279.96883,280.12178,280.95199,282.39458,284.39864,286.92375,289.93107,293.37375,297.19101,301.30846,305.64471,310.12194,314.6765,319.26527,298.43879243645995,332.1770189194128,1043.02498,176.16243000000009,833.3579400000001,2.4193500000000085
2354,2354,2354.0,2354.0,2354.0,2354.0,2354.0,2354.0,2354.0,2354.0,2354.0,2354.0,2354.0,2354.0,2354.0,2354.0,2354.0,2354.0,2354.0,2354.0,2354.0,2354.0,2354.0,2354.0,2354.0,2354.0,2354.0,2354.0,2354.0,2354.0,2354.0,2354.0,2354.0,2354.0,2354.0,2354.0,2354.0,2354.0,2354.0,2354.0,2354.0,2354.0,2354.0,2354.0,2354.0,2354.0,2354.0,2354.0,2354.0,2354.0,2354.0,4.0,0.4,296.01673,293.69937,291.58697,289.77126,288.33194,287.33407,286.82675,286.84314,287.4018,288.50921,290.1628,292.35396,295.0703,298.29643,302.0129,306.19333,310.80036,315.78143,321.06607,326.56572,348.7715179106067,353.0221292229612,1219.18741,114.23277000000007,657.19551,2.4193500000000085
2355,2355,2355.0,2355.0,2355.0,2355.0,2355.0,2355.0,2355.0,2355.0,2355.0,2355.0,2355.0,2355.0,2355.0,2355.0,2355.0,2355.0,2355.0,2355.0,2355.0,2355.0,2355.0,2355.0,2355.0,2355.0,2355.0,2355.0,2355.0,2355.0,2355.0,2355.0,2355.0,2355.0,2355.0,2355.0,2355.0,2355.0,2355.0,2355.0,2355.0,2355.0,2355.0,2355.0,2355.0,2355.0,2355.0,2355.0,2355.0,2355.0,2355.0,5.0,0.5,338.70356,329.09929,320.36694,312.81631,306.63694,301.8992,298.57489,296.56948,295.75702,296.01061,297.22403,299.32294,302.26636,306.03971,310.64156,316.06634,322.28575,329.23241,336.78945,344.78921,215.6979383893652,271.68000568677826,1333.42018,76.85080999999991,542.9627399999999,2.4193500000000085
2356,2356,2356.0,2356.0,2356.0,2356.0,2356.0,2356.0,2356.0,2356.0,2356.0,2356.0,2356.0,2356.0,2356.0,2356.0,2356.0,2356.0,2356.0,2356.0,2356.0,2356.0,2356.0,2356.0,2356.0,2356.0,2356.0,2356.0,2356.0,2356.0,2356.0,2356.0,2356.0,2356.0,2356.0,2356.0,2356.0,2356.0,2356.0,2356.0,2356.0,2356.0,2356.0,2356.0,2356.0,2356.0,2356.0,2356.0,2356.0,2356.0,2356.0,6.0,0.6,231.51522,246.49713,259.9389,271.36551,280.57779,287.64011,292.82,296.50014,299.08512,300.92148,302.24227,303.13996,303.56731,303.36312,302.29855,300.13833,296.70782,291.95397,285.9864,279.08668,344.77709468334217,317.22478029776414,1410.27099,126.05404999999996,466.11193,2.4193500000000085
2357,2357,2357.0,2357.0,2357.0,2357.0,2357.0,2357.0,2357.0,2357.0,2357.0,2357.0,2357.0,2357.0,2357.0,2357.0,2357.0,2357.0,2357.0,2357.0,2357.0,2357.0,2357.0,2357.0,2357.0,2357.0,2357.0,2357.0,2357.0,2357.0,2357.0,2357.0,2357.0,2357.0,2357.0,2357.0,2357.0,2357.0,2357.0,2357.0,2357.0,2357.0,2357.0,2357.0,2357.0,2357.0,2357.0,2357.0,2357.0,2357.0,2357.0,7.0,0.7,333.61005,323.18292,314.11709,306.82585,301.47318,297.9853,296.10483,295.46843,295.68688,296.41152,297.37844,298.42874,299.5081,300.65015,301.94847,303.52152,305.47534,307.86981,310.69519,313.86451,369.9606530118138,276.8893624033294,1536.32504,117.17445999999995,340.05788000000007,2.4193500000000085
2358,2358,2358.0,2358.0,2358.0,2358.0,2358.0,2358.0,2358.0,2358.0,2358.0,2358.0,2358.0,2358.0,2358.0,2358.0,2358.0,2358.0,2358.0,2358.0,2358.0,2358.0,2358.0,2358.0,2358.0,2358.0,2358.0,2358.0,2358.0,2358.0,2358.0,2358.0,2358.0,2358.0,2358.0,2358.0,2358.0,2358.0,2358.0,2358.0,2358.0,2358.0,2358.0,2358.0,2358.0,2358.0,2358.0,2358.0,2358.0,2358.0,2358.0,8.0,0.8,358.82323,348.1002,338.1614,329.29579,321.68939,315.41935,310.4623,306.71216,304.00169,302.1229,300.84353,299.9192,299.10317,298.15652,296.8618,295.04094,292.57631,289.43031,285.65759,281.40403,277.0920375103186,313.2541956257097,1653.4995,130.84129000000007,222.8834200000001,2.4193500000000085
2359,2359,2359.0,2359.0,2359.0,2359.0,2359.0,2359.0,2359.0,2359.0,2359.0,2359.0,2359.0,2359.0,2359.0,2359.0,2359.0,2359.0,2359.0,2359.0,2359.0,2359.0,2359.0,2359.0,2359.0,2359.0,2359.0,2359.0,2359.0,2359.0,2359.0,2359.0,2359.0,2359.0,2359.0,2359.0,2359.0,2359.0,2359.0,2359.0,2359.0,2359.0,2359.0,2359.0,2359.0,2359.0,2359.0,2359.0,2359.0,2359.0,2359.0,9.0,0.9,284.65725,291.67083,297.66878,302.34101,305.562,307.3828,307.99251,307.66392,306.69937,305.38885,303.986,302.70085,301.7039,301.13357,301.10061,301.68535,302.92787,304.8148,307.26893,310.14769,235.63124133161185,320.53780915345624,1784.34079,92.04213000000004,92.04213000000004,2.4193500000000085
2360,2360,2360.0,2360.0,2360.0,2360.0,2360.0,2360.0,2360.0,2360.0,2360.0,2360.0,2360.0,2360.0,2360.0,2360.0,2360.0,2360.0,2360.0,2360.0,2360.0,2360.0,2360.0,2360.0,2360.0,2360.0,2360.0,2360.0,2360.0,2360.0,2360.0,2360.0,2360.0,2360.0,2360.0,2360.0,2360.0,2360.0,2360.0,2360.0,2360.0,2360.0,2360.0,2360.0,2360.0,2360.0,2360.0,2360.0,2360.0,2360.0,2360.0,0.0,0.0,273.0,273.0,273.0,273.0,273.0,273.0,273.0,273.0,273.0,273.0,273.0,273.0,273.0,273.0,273.0,273.0,273.0,273.0,273.0,273.0,216.73310055256027,333.7900861200403,0.0,448.78004,5714.061019999999,-40.0
2361,2361,2361.0,2361.0,2361.0,2361.0,2361.0,2361.0,2361.0,2361.0,2361.0,2361.0,2361.0,2361.0,2361.0,2361.0,2361.0,2361.0,2361.0,2361.0,2361.0,2361.0,2361.0,2361.0,2361.0,2361.0,2361.0,2361.0,2361.0,2361.0,2361.0,2361.0,2361.0,2361.0,2361.0,2361.0,2361.0,2361.0,2361.0,2361.0,2361.0,2361.0,2361.0,2361.0,2361.0,2361.0,2361.0,2361.0,2361.0,2361.0,2361.0,1.0,0.1,226.32487,235.48017,243.82309,251.08536,257.13096,261.95641,265.67122,268.46793,270.5913,272.31391,273.92104,275.70319,277.95096,280.94641,284.94571,290.1517,296.6796,304.52387,313.53662,323.42748,283.6343209769622,181.38764028469515,448.78004,467.81464000000005,5265.28098,-51.04359
2362,2362,2362.0,2362.0,2362.0,2362.0,2362.0,2362.0,2362.0,2362.0,2362.0,2362.0,2362.0,2362.0,2362.0,2362.0,2362.0,2362.0,2362.0,2362.0,2362.0,2362.0,2362.0,2362.0,2362.0,2362.0,2362.0,2362.0,2362.0,2362.0,2362.0,2362.0,2362.0,2362.0,2362.0,2362.0,2362.0,2362.0,2362.0,2362.0,2362.0,2362.0,2362.0,2362.0,2362.0,2362.0,2362.0,2362.0,2362.0,2362.0,2362.0,2.0,0.2,279.12858,275.00401,271.58193,269.07812,267.5808,267.05329,267.35473,268.2679,269.52247,270.80676,271.76692,271.9997,271.04992,268.42497,263.63579,256.26618,246.06113,233.01431,217.42852,199.92486,348.5425240754372,257.2676492204268,916.59468,584.51047,4797.46634,-45.94671
2363,2363,2363.0,2363.0,2363.0,2363.0,2363.0,2363.0,2363.0,2363.0,2363.0,2363.0,2363.0,2363.0,2363.0,2363.0,2363.0,2363.0,2363.0,2363.0,2363.0,2363.0,2363.0,2363.0,2363.0,2363.0,2363.0,2363.0,2363.0,2363.0,2363.0,2363.0,2363.0,2363.0,2363.0,2363.0,2363.0,2363.0,2363.0,2363.0,2363.0,2363.0,2363.0,2363.0,2363.0,2363.0,2363.0,2363.0,2363.0,2363.0,2363.0,3.0,0.3,335.11916,322.28851,310.56159,300.30324,291.69719,284.74443,279.29096,275.07511,271.78329,269.10425,266.7748,264.61266,262.53364,260.55135,258.75885,257.29368,256.29175,255.83946,255.93598,256.47723,350.0181208499207,242.90273749056257,1501.10515,527.7364,4212.95587,-28.255569999999977
2364,2364,2364.0,2364.0,2364.0,2364.0,2364.0,2364.0,2364.0,2364.0,2364.0,2364.0,2364.0,2364.0,2364.0,2364.0,2364.0,2364.0,2364.0,2364.0,2364.0,2364.0,2364.0,2364.0,2364.0,2364.0,2364.0,2364.0,2364.0,2364.0,2364.0,2364.0,2364.0,2364.0,2364.0,2364.0,2364.0,2364.0,2364.0,2364.0,2364.0,2364.0,2364.0,2364.0,2364.0,2364.0,2364.0,2364.0,2364.0,2364.0,2364.0,4.0,0.4,340.0376,330.26737,320.90144,312.10339,303.99609,296.65627,290.11405,284.35672,279.33555,274.97399,271.1762,267.83474,264.83731,262.07285,259.43748,256.84081,254.21233,251.50705,248.70873,245.82919,353.05596034970534,196.179765317896,2028.84155,525.81565,3685.21947,-16.343729999999994
2365,2365,2365.0,2365.0,2365.0,2365.0,2365.0,2365.0,2365.0,2365.0,2365.0,2365.0,2365.0,2365.0,2365.0,2365.0,2365.0,2365.0,2365.0,2365.0,2365.0,2365.0,2365.0,2365.0,2365.0,2365.0,2365.0,2365.0,2365.0,2365.0,2365.0,2365.0,2365.0,2365.0,2365.0,2365.0,2365.0,2365.0,2365.0,2365.0,2365.0,2365.0,2365.0,2365.0,2365.0,2365.0,2365.0,2365.0,2365.0,2365.0,2365.0,5.0,0.5,344.17659,335.42714,326.92822,318.7829,311.07,303.83935,297.10855,290.86059,285.04197,279.56091,274.28648,269.05013,263.65174,257.87259,251.49662,244.33923,236.28,227.29264,217.46403,206.99508,252.4905304677985,283.1957458338972,2554.6572,546.8669799999998,3159.40382,-9.160649999999976
2366,2366,2366.0,2366.0,2366.0,2366.0,2366.0,2366.0,2366.0,2366.0,2366.0,2366.0,2366.0,2366.0,2366.0,2366.0,2366.0,2366.0,2366.0,2366.0,2366.0,2366.0,2366.0,2366.0,2366.0,2366.0,2366.0,2366.0,2366.0,2366.0,2366.0,2366.0,2366.0,2366.0,2366.0,2366.0,2366.0,2366.0,2366.0,2366.0,2366.0,2366.0,2366.0,2366.0,2366.0,2366.0,2366.0,2366.0,2366.0,2366.0,2366.0,6.0,0.6,261.73553,270.25874,277.44145,282.8474,286.26236,287.69056,287.31658,285.44924,282.46496,278.76409,274.74555,270.79761,267.29638,264.60191,263.0427,262.88525,264.29183,267.27692,271.677,277.14768,331.68319493038143,191.98957577688947,3101.52418,491.2989000000002,2612.53684,-25.309439999999995
2367,2367,2367.0,2367.0,2367.0,2367.0,2367.0,2367.0,2367.0,2367.0,2367.0,2367.0,2367.0,2367.0,2367.0,2367.0,2367.0,2367.0,2367.0,2367.0,2367.0,2367.0,2367.0,2367.0,2367.0,2367.0,2367.0,2367.0,2367.0,2367.0,2367.0,2367.0,2367.0,2367.0,2367.0,2367.0,2367.0,2367.0,2367.0,2367.0,2367.0,2367.0,2367.0,2367.0,2367.0,2367.0,2367.0,2367.0,2367.0,2367.0,2367.0,7.0,0.7,322.99168,314.68518,307.08349,300.39275,294.68449,289.90393,285.90004,282.46454,279.36684,276.37572,273.26521,269.80854,265.76885,260.8969,254.94397,247.693,239.00386,228.86156,217.41178,204.96909,220.02923952358103,196.3716865187824,3592.82308,631.99813,2121.23794,-23.09607
2368,2368,2368.0,2368.0,2368.0,2368.0,2368.0,2368.0,2368.0,2368.0,2368.0,2368.0,2368.0,2368.0,2368.0,2368.0,2368.0,2368.0,2368.0,2368.0,2368.0,2368.0,2368.0,2368.0,2368.0,2368.0,2368.0,2368.0,2368.0,2368.0,2368.0,2368.0,2368.0,2368.0,2368.0,2368.0,2368.0,2368.0,2368.0,2368.0,2368.0,2368.0,2368.0,2368.0,2368.0,2368.0,2368.0,2368.0,2368.0,2368.0,2368.0,8.0,0.8,232.5117,244.22078,254.49093,262.84631,269.03944,273.04262,275.00127,275.16685,273.82842,271.25775,267.67594,263.24177,258.05751,252.18513,245.66633,238.54101,230.86124,222.69939,214.15064,205.33095,231.3374324243174,305.4332248903473,4224.82121,776.14797,1489.23981,-39.95738
2369,2369,2369.0,2369.0,2369.0,2369.0,2369.0,2369.0,2369.0,2369.0,2369.0,2369.0,2369.0,2369.0,2369.0,2369.0,2369.0,2369.0,2369.0,2369.0,2369.0,2369.0,2369.0,2369.0,2369.0,2369.0,2369.0,2369.0,2369.0,2369.0,2369.0,2369.0,2369.0,2369.0,2369.0,2369.0,2369.0,2369.0,2369.0,2369.0,2369.0,2369.0,2369.0,2369.0,2369.0,2369.0,2369.0,2369.0,2369.0,2369.0,2369.0,9.0,0.9,236.93175,242.3298,247.34214,251.79407,255.53535,258.45158,260.47676,261.60607,261.90804,261.53477,260.72849,259.82113,259.22273,259.3938,260.79879,263.8422,268.79517,275.72734,284.46251,294.57472,318.3928051264552,192.91296883035284,5000.96918,713.09184,713.09184,-54.54842000000002
2370,2370,2370.0,2370.0,2370.0,2370.0,2370.0,2370.0,2370.0,2370.0,2370.0,2370.0,2370.0,2370.0,2370.0,2370.0,2370.0,2370.0,2370.0,2370.0,2370.0,2370.0,2370.0,2370.0,2370.0,2370.0,2370.0,2370.0,2370.0,2370.0,2370.0,2370.0,2370.0,2370.0,2370.0,2370.0,2370.0,2370.0,2370.0,2370.0,2370.0,2370.0,2370.0,2370.0,2370.0,2370.0,2370.0,2370.0,2370.0,2370.0,2370.0,0.0,0.0,273.0,273.0,273.0,273.0,273.0,273.0,273.0,273.0,273.0,273.0,273.0,273.0,273.0,273.0,273.0,273.0,273.0,273.0,273.0,273.0,315.31186858743683,224.88483262837784,0.0,459.2697,4614.976739999999,-40.0
2371,2371,2371.0,2371.0,2371.0,2371.0,2371.0,2371.0,2371.0,2371.0,2371.0,2371.0,2371.0,2371.0,2371.0,2371.0,2371.0,2371.0,2371.0,2371.0,2371.0,2371.0,2371.0,2371.0,2371.0,2371.0,2371.0,2371.0,2371.0,2371.0,2371.0,2371.0,2371.0,2371.0,2371.0,2371.0,2371.0,2371.0,2371.0,2371.0,2371.0,2371.0,2371.0,2371.0,2371.0,2371.0,2371.0,2371.0,2371.0,2371.0,2371.0,1.0,0.1,308.09899,301.21424,294.94025,289.47864,284.93147,281.30093,278.50385,276.39412,274.78557,273.47004,272.22851,270.8366,269.06844,266.70373,263.54165,259.42287,254.2569,248.04857,240.91518,233.08669,187.9714732463428,335.29485741176336,459.2697,506.60179,4155.707039999999,-31.69907000000001
2372,2372,2372.0,2372.0,2372.0,2372.0,2372.0,2372.0,2372.0,2372.0,2372.0,2372.0,2372.0,2372.0,2372.0,2372.0,2372.0,2372.0,2372.0,2372.0,2372.0,2372.0,2372.0,2372.0,2372.0,2372.0,2372.0,2372.0,2372.0,2372.0,2372.0,2372.0,2372.0,2372.0,2372.0,2372.0,2372.0,2372.0,2372.0,2372.0,2372.0,2372.0,2372.0,2372.0,2372.0,2372.0,2372.0,2372.0,2372.0,2372.0,2372.0,2.0,0.2,204.48518,220.11231,234.09322,245.89262,255.24785,262.16377,266.86554,269.72963,271.21502,271.81092,272.00742,272.2856,273.11663,274.95642,278.22497,283.26592,290.2911,299.32362,310.15846,322.35835,285.4895577438041,225.8166940695058,965.87149,505.88673,3649.10525,-50.83623
2373,2373,2373.0,2373.0,2373.0,2373.0,2373.0,2373.0,2373.0,2373.0,2373.0,2373.0,2373.0,2373.0,2373.0,2373.0,2373.0,2373.0,2373.0,2373.0,2373.0,2373.0,2373.0,2373.0,2373.0,2373.0,2373.0,2373.0,2373.0,2373.0,2373.0,2373.0,2373.0,2373.0,2373.0,2373.0,2373.0,2373.0,2373.0,2373.0,2373.0,2373.0,2373.0,2373.0,2373.0,2373.0,2373.0,2373.0,2373.0,2373.0,2373.0,3.0,0.3,279.92984,274.84491,270.62923,267.53728,265.65795,264.92489,265.15381,266.09082,267.45585,268.9698,270.36203,271.36303,271.69262,271.05628,269.15949,265.74416,260.64217,253.83265,245.4846,235.96701,312.5272433695093,278.59090357485314,1471.75822,527.86195,3143.21852,-48.07511
2374,2374,2374.0,2374.0,2374.0,2374.0,2374.0,2374.0,2374.0,2374.0,2374.0,2374.0,2374.0,2374.0,2374.0,2374.0,2374.0,2374.0,2374.0,2374.0,2374.0,2374.0,2374.0,2374.0,2374.0,2374.0,2374.0,2374.0,2374.0,2374.0,2374.0,2374.0,2374.0,2374.0,2374.0,2374.0,2374.0,2374.0,2374.0,2374.0,2374.0,2374.0,2374.0,2374.0,2374.0,2374.0,2374.0,2374.0,2374.0,2374.0,2374.0,4.0,0.4,305.01155,297.8255,291.25701,285.51886,280.72943,276.9099,273.99654,271.86401,270.35447,269.30757,268.58746,268.10344,267.82173,267.76606,268.00592,268.63314,269.73045,271.3388,273.4319,275.90625,290.070659393107,240.72539281988512,1999.62017,480.6393300000002,2615.35657,-36.09010000000001
2375,2375,2375.0,2375.0,2375.0,2375.0,2375.0,2375.0,2375.0,2375.0,2375.0,2375.0,2375.0,2375.0,2375.0,2375.0,2375.0,2375.0,2375.0,2375.0,2375.0,2375.0,2375.0,2375.0,2375.0,2375.0,2375.0,2375.0,2375.0,2375.0,2375.0,2375.0,2375.0,2375.0,2375.0,2375.0,2375.0,2375.0,2375.0,2375.0,2375.0,2375.0,2375.0,2375.0,2375.0,2375.0,2375.0,2375.0,2375.0,2375.0,2375.0,5.0,0.5,288.52546,286.927,285.2376,283.44617,281.57146,279.65709,277.75995,275.93524,274.22142,272.62787,271.12683,269.65079,268.09581,266.33146,264.21744,261.6259,258.46673,254.71103,250.40669,245.68071,311.6314770998761,190.413654751047,2480.2595,547.89608,2134.71724,-33.34291000000002
2376,2376,2376.0,2376.0,2376.0,2376.0,2376.0,2376.0,2376.0,2376.0,2376.0,2376.0,2376.0,2376.0,2376.0,2376.0,2376.0,2376.0,2376.0,2376.0,2376.0,2376.0,2376.0,2376.0,2376.0,2376.0,2376.0,2376.0,2376.0,2376.0,2376.0,2376.0,2376.0,2376.0,2376.0,2376.0,2376.0,2376.0,2376.0,2376.0,2376.0,2376.0,2376.0,2376.0,2376.0,2376.0,2376.0,2376.0,2376.0,2376.0,2376.0,6.0,0.6,306.23687,301.00608,296.07968,291.55655,287.4834,283.85276,280.60768,277.64958,274.84609,272.0366,269.03544,265.63466,261.60962,256.73124,250.78698,243.61049,235.11577,225.32865,214.40631,202.63667,229.4308462847113,350.05692031283405,3028.15558,607.0447599999998,1586.82116,-29.14724000000001
2377,2377,2377.0,2377.0,2377.0,2377.0,2377.0,2377.0,2377.0,2377.0,2377.0,2377.0,2377.0,2377.0,2377.0,2377.0,2377.0,2377.0,2377.0,2377.0,2377.0,2377.0,2377.0,2377.0,2377.0,2377.0,2377.0,2377.0,2377.0,2377.0,2377.0,2377.0,2377.0,2377.0,2377.0,2377.0,2377.0,2377.0,2377.0,2377.0,2377.0,2377.0,2377.0,2377.0,2377.0,2377.0,2377.0,2377.0,2377.0,2377.0,2377.0,7.0,0.7,238.99466,247.95957,255.80959,262.17583,266.8695,269.88174,271.35777,271.55923,270.82906,269.56863,268.22939,267.31354,267.37197,268.98621,272.72399,279.06628,288.315,300.50225,315.32822,332.15314,249.49042539014303,328.1246838298293,3635.20034,452.11397000000034,979.7764000000002,-43.11826000000002
2378,2378,2378.0,2378.0,2378.0,2378.0,2378.0,2378.0,2378.0,2378.0,2378.0,2378.0,2378.0,2378.0,2378.0,2378.0,2378.0,2378.0,2378.0,2378.0,2378.0,2378.0,2378.0,2378.0,2378.0,2378.0,2378.0,2378.0,2378.0,2378.0,2378.0,2378.0,2378.0,2378.0,2378.0,2378.0,2378.0,2378.0,2378.0,2378.0,2378.0,2378.0,2378.0,2378.0,2378.0,2378.0,2378.0,2378.0,2378.0,2378.0,2378.0,8.0,0.8,251.95227,254.38843,256.77074,259.06903,261.25642,263.31882,265.26625,267.14236,269.02883,271.04241,273.32437,276.02388,279.27831,283.19437,287.83356,293.20448,299.26305,305.9194,313.04888,320.50403,355.72317950074984,344.2100994307072,4087.31431,318.87485999999944,527.6624299999999,-49.68117999999998
2379,2379,2379.0,2379.0,2379.0,2379.0,2379.0,2379.0,2379.0,2379.0,2379.0,2379.0,2379.0,2379.0,2379.0,2379.0,2379.0,2379.0,2379.0,2379.0,2379.0,2379.0,2379.0,2379.0,2379.0,2379.0,2379.0,2379.0,2379.0,2379.0,2379.0,2379.0,2379.0,2379.0,2379.0,2379.0,2379.0,2379.0,2379.0,2379.0,2379.0,2379.0,2379.0,2379.0,2379.0,2379.0,2379.0,2379.0,2379.0,2379.0,2379.0,9.0,0.9,339.9057,324.91435,311.46496,300.07844,291.03922,284.40112,280.032,277.68046,277.04597,277.83755,279.81285,282.79585,286.67637,291.39646,296.92934,303.25543,310.33957,318.11284,326.46172,335.22659,321.4980974883273,201.2226438759396,4406.18917,208.7875700000004,208.7875700000004,-28.59888000000001
2380,2380,2380.0,2380.0,2380.0,2380.0,2380.0,2380.0,2380.0,2380.0,2380.0,2380.0,2380.0,2380.0,2380.0,2380.0,2380.0,2380.0,2380.0,2380.0,2380.0,2380.0,2380.0,2380.0,2380.0,2380.0,2380.0,2380.0,2380.0,2380.0,2380.0,2380.0,2380.0,2380.0,2380.0,2380.0,2380.0,2380.0,2380.0,2380.0,2380.0,2380.0,2380.0,2380.0,2380.0,2380.0,2380.0,2380.0,2380.0,2380.0,2380.0,0.0,0.0,273.0,273.0,273.0,273.0,273.0,273.0,273.0,273.0,273.0,273.0,273.0,273.0,273.0,273.0,273.0,273.0,273.0,273.0,273.0,273.0,350.0140085202065,232.79423876522424,0.0,444.0305,5446.16033,-40.0
2381,2381,2381.0,2381.0,2381.0,2381.0,2381.0,2381.0,2381.0,2381.0,2381.0,2381.0,2381.0,2381.0,2381.0,2381.0,2381.0,2381.0,2381.0,2381.0,2381.0,2381.0,2381.0,2381.0,2381.0,2381.0,2381.0,2381.0,2381.0,2381.0,2381.0,2381.0,2381.0,2381.0,2381.0,2381.0,2381.0,2381.0,2381.0,2381.0,2381.0,2381.0,2381.0,2381.0,2381.0,2381.0,2381.0,2381.0,2381.0,2381.0,2381.0,1.0,0.1,336.88649,324.35721,312.94194,303.01015,294.75233,288.18128,283.16127,279.45249,276.75771,274.76065,273.1513,271.63875,269.95629,267.86479,265.15992,261.68559,257.35249,252.15684,246.19237,239.64895,202.65071605092425,194.3600303185581,444.0305,528.12039,5002.12983,-24.818719999999985
2382,2382,2382.0,2382.0,2382.0,2382.0,2382.0,2382.0,2382.0,2382.0,2382.0,2382.0,2382.0,2382.0,2382.0,2382.0,2382.0,2382.0,2382.0,2382.0,2382.0,2382.0,2382.0,2382.0,2382.0,2382.0,2382.0,2382.0,2382.0,2382.0,2382.0,2382.0,2382.0,2382.0,2382.0,2382.0,2382.0,2382.0,2382.0,2382.0,2382.0,2382.0,2382.0,2382.0,2382.0,2382.0,2382.0,2382.0,2382.0,2382.0,2382.0,2.0,0.2,218.39173,233.18665,246.22966,256.96134,265.1176,270.71589,273.99084,275.30207,275.03931,273.54477,271.06369,267.72522,263.54976,258.47615,252.40141,245.22636,236.90019,227.45712,217.03819,205.89309,329.6102801179753,254.66603087105184,972.15089,699.67222,4474.00944,-42.28411
2383,2383,2383.0,2383.0,2383.0,2383.0,2383.0,2383.0,2383.0,2383.0,2383.0,2383.0,2383.0,2383.0,2383.0,2383.0,2383.0,2383.0,2383.0,2383.0,2383.0,2383.0,2383.0,2383.0,2383.0,2383.0,2383.0,2383.0,2383.0,2383.0,2383.0,2383.0,2383.0,2383.0,2383.0,2383.0,2383.0,2383.0,2383.0,2383.0,2383.0,2383.0,2383.0,2383.0,2383.0,2383.0,2383.0,2383.0,2383.0,2383.0,2383.0,3.0,0.3,317.83922,306.72803,296.82308,288.472,281.78592,276.65345,272.7963,269.84786,267.4339,265.23949,263.05314,260.78598,258.4683,256.22736,254.25061,252.73943,251.85939,251.69544,252.2216,253.29323,220.8469305679297,294.06703786576094,1671.82311,626.11016,3774.33722,-36.34654999999998
2384,2384,2384.0,2384.0,2384.0,2384.0,2384.0,2384.0,2384.0,2384.0,2384.0,2384.0,2384.0,2384.0,2384.0,2384.0,2384.0,2384.0,2384.0,2384.0,2384.0,2384.0,2384.0,2384.0,2384.0,2384.0,2384.0,2384.0,2384.0,2384.0,2384.0,2384.0,2384.0,2384.0,2384.0,2384.0,2384.0,2384.0,2384.0,2384.0,2384.0,2384.0,2384.0,2384.0,2384.0,2384.0,2384.0,2384.0,2384.0,2384.0,2384.0,4.0,0.4,231.29412,241.07263,249.61507,256.53257,261.65196,265.00958,266.81079,267.37152,267.05963,266.24878,265.29034,264.50161,264.16361,264.52044,265.77362,268.06846,271.47429,275.96421,281.40242,287.54628,292.2313091029054,286.40297251030086,2297.93327,572.8187699999999,3148.22706,-47.99041999999997
2385,2385,2385.0,2385.0,2385.0,2385.0,2385.0,2385.0,2385.0,2385.0,2385.0,2385.0,2385.0,2385.0,2385.0,2385.0,2385.0,2385.0,2385.0,2385.0,2385.0,2385.0,2385.0,2385.0,2385.0,2385.0,2385.0,2385.0,2385.0,2385.0,2385.0,2385.0,2385.0,2385.0,2385.0,2385.0,2385.0,2385.0,2385.0,2385.0,2385.0,2385.0,2385.0,2385.0,2385.0,2385.0,2385.0,2385.0,2385.0,2385.0,2385.0,5.0,0.5,286.52652,281.17778,276.48303,272.63926,269.7251,267.71036,266.48638,265.9062,265.82283,266.11701,266.71057,267.56613,268.677,270.05257,271.7038,273.6322,275.82368,278.24726,280.8572,283.59688,212.16930505474247,234.421873583224,2870.75204,555.15085,2575.40829,-45.28964000000002
2386,2386,2386.0,2386.0,2386.0,2386.0,2386.0,2386.0,2386.0,2386.0,2386.0,2386.0,2386.0,2386.0,2386.0,2386.0,2386.0,2386.0,2386.0,2386.0,2386.0,2386.0,2386.0,2386.0,2386.0,2386.0,2386.0,2386.0,2386.0,2386.0,2386.0,2386.0,2386.0,2386.0,2386.0,2386.0,2386.0,2386.0,2386.0,2386.0,2386.0,2386.0,2386.0,2386.0,2386.0,2386.0,2386.0,2386.0,2386.0,2386.0,2386.0,6.0,0.6,222.22569,231.77212,240.37559,247.73828,253.72458,258.3537,261.76398,264.16105,265.76302,266.75387,267.2512,267.29106,266.82938,265.75848,263.93627,261.22459,257.53124,252.84807,247.27621,241.03085,212.7263109592352,304.1132709297117,3425.90289,711.7479699999999,2020.25744,-54.6463
2387,2387,2387.0,2387.0,2387.0,2387.0,2387.0,2387.0,2387.0,2387.0,2387.0,2387.0,2387.0,2387.0,2387.0,2387.0,2387.0,2387.0,2387.0,2387.0,2387.0,2387.0,2387.0,2387.0,2387.0,2387.0,2387.0,2387.0,2387.0,2387.0,2387.0,2387.0,2387.0,2387.0,2387.0,2387.0,2387.0,2387.0,2387.0,2387.0,2387.0,2387.0,2387.0,2387.0,2387.0,2387.0,2387.0,2387.0,2387.0,2387.0,2387.0,7.0,0.7,219.55601,226.21706,232.55181,238.42349,243.72422,248.38084,252.35872,255.66441,258.34787,260.50488,262.27921,263.86291,265.49163,267.43146,269.95467,273.30421,277.65151,283.05579,289.4366,296.56995,368.37324822120064,326.3938335421341,4137.65086,599.8289100000002,1308.50947,-64.61916
2388,2388,2388.0,2388.0,2388.0,2388.0,2388.0,2388.0,2388.0,2388.0,2388.0,2388.0,2388.0,2388.0,2388.0,2388.0,2388.0,2388.0,2388.0,2388.0,2388.0,2388.0,2388.0,2388.0,2388.0,2388.0,2388.0,2388.0,2388.0,2388.0,2388.0,2388.0,2388.0,2388.0,2388.0,2388.0,2388.0,2388.0,2388.0,2388.0,2388.0,2388.0,2388.0,2388.0,2388.0,2388.0,2388.0,2388.0,2388.0,2388.0,2388.0,8.0,0.8,347.35617,327.46643,309.6721,294.65988,282.77602,274.03676,268.19584,264.84419,263.51426,263.7673,265.2512,267.72628,271.06313,275.22048,280.21096,286.06245,292.78123,300.32232,308.57178,317.34385,250.08614789630505,296.1952783991462,4737.47977,359.7605400000002,708.6805599999998,-38.96323999999999
2389,2389,2389.0,2389.0,2389.0,2389.0,2389.0,2389.0,2389.0,2389.0,2389.0,2389.0,2389.0,2389.0,2389.0,2389.0,2389.0,2389.0,2389.0,2389.0,2389.0,2389.0,2389.0,2389.0,2389.0,2389.0,2389.0,2389.0,2389.0,2389.0,2389.0,2389.0,2389.0,2389.0,2389.0,2389.0,2389.0,2389.0,2389.0,2389.0,2389.0,2389.0,2389.0,2389.0,2389.0,2389.0,2389.0,2389.0,2389.0,2389.0,2389.0,9.0,0.9,256.35998,262.11568,266.93461,270.57144,272.98525,274.32441,274.875,274.99023,275.02017,275.25587,275.89535,277.03188,278.66078,280.69921,283.01402,285.45305,287.87588,290.18004,292.31811,294.30234,333.18046335210704,252.06192131246485,5097.24031,348.9200199999996,348.9200199999996,-38.67559
2390,2390,2390.0,2390.0,2390.0,2390.0,2390.0,2390.0,2390.0,2390.0,2390.0,2390.0,2390.0,2390.0,2390.0,2390.0,2390.0,2390.0,2390.0,2390.0,2390.0,2390.0,2390.0,2390.0,2390.0,2390.0,2390.0,2390.0,2390.0,2390.0,2390.0,2390.0,2390.0,2390.0,2390.0,2390.0,2390.0,2390.0,2390.0,2390.0,2390.0,2390.0,2390.0,2390.0,2390.0,2390.0,2390.0,2390.0,2390.0,2390.0,2390.0,0.0,0.0,273.0,273.0,273.0,273.0,273.0,273.0,273.0,273.0,273.0,273.0,273.0,273.0,273.0,273.0,273.0,273.0,273.0,273.0,273.0,273.0,353.7545297189905,281.9305332643208,0.0,414.37513,2613.35764,5.372869999999978
2391,2391,2391.0,2391.0,2391.0,2391.0,2391.0,2391.0,2391.0,2391.0,2391.0,2391.0,2391.0,2391.0,2391.0,2391.0,2391.0,2391.0,2391.0,2391.0,2391.0,2391.0,2391.0,2391.0,2391.0,2391.0,2391.0,2391.0,2391.0,2391.0,2391.0,2391.0,2391.0,2391.0,2391.0,2391.0,2391.0,2391.0,2391.0,2391.0,2391.0,2391.0,2391.0,2391.0,2391.0,2391.0,2391.0,2391.0,2391.0,2391.0,2391.0,1.0,0.1,339.99081,326.85522,314.89003,304.4855,295.84664,288.99644,283.80938,280.06214,277.48785,275.82236,274.83625,274.35129,274.24352,274.43681,274.89065,275.58575,276.50974,277.64515,278.96119,280.4104,333.28131013718473,303.1835468224049,414.37513,319.83989999999994,2198.9825100000003,5.372869999999978
2392,2392,2392.0,2392.0,2392.0,2392.0,2392.0,2392.0,2392.0,2392.0,2392.0,2392.0,2392.0,2392.0,2392.0,2392.0,2392.0,2392.0,2392.0,2392.0,2392.0,2392.0,2392.0,2392.0,2392.0,2392.0,2392.0,2392.0,2392.0,2392.0,2392.0,2392.0,2392.0,2392.0,2392.0,2392.0,2392.0,2392.0,2392.0,2392.0,2392.0,2392.0,2392.0,2392.0,2392.0,2392.0,2392.0,2392.0,2392.0,2392.0,2392.0,2.0,0.2,327.0248,320.83638,314.79105,308.97451,303.48199,298.41232,293.85938,289.90384,286.60791,284.01453,282.15081,281.0338,280.6761,281.08844,282.27722,284.2368,286.93791,290.31531,294.25913,298.61332,343.6030493869322,363.4636290143549,734.21503,212.77085,1879.1426100000003,5.372869999999978
2393,2393,2393.0,2393.0,2393.0,2393.0,2393.0,2393.0,2393.0,2393.0,2393.0,2393.0,2393.0,2393.0,2393.0,2393.0,2393.0,2393.0,2393.0,2393.0,2393.0,2393.0,2393.0,2393.0,2393.0,2393.0,2393.0,2393.0,2393.0,2393.0,2393.0,2393.0,2393.0,2393.0,2393.0,2393.0,2393.0,2393.0,2393.0,2393.0,2393.0,2393.0,2393.0,2393.0,2393.0,2393.0,2393.0,2393.0,2393.0,2393.0,2393.0,3.0,0.3,336.43803,329.43211,322.73311,316.46916,310.74471,305.64206,301.22771,297.56226,294.71217,292.76119,291.81945,292.0277,293.55383,296.57913,301.27297,307.7572,316.06521,326.10434,337.63221,350.25665,314.702408969188,240.5999326339316,946.98588,119.16323000000013,1666.3717600000002,5.372869999999978
2394,2394,2394.0,2394.0,2394.0,2394.0,2394.0,2394.0,2394.0,2394.0,2394.0,2394.0,2394.0,2394.0,2394.0,2394.0,2394.0,2394.0,2394.0,2394.0,2394.0,2394.0,2394.0,2394.0,2394.0,2394.0,2394.0,2394.0,2394.0,2394.0,2394.0,2394.0,2394.0,2394.0,2394.0,2394.0,2394.0,2394.0,2394.0,2394.0,2394.0,2394.0,2394.0,2394.0,2394.0,2394.0,2394.0,2394.0,2394.0,2394.0,2394.0,4.0,0.4,313.85261,312.89076,311.73331,310.34633,308.75406,307.03304,305.29303,303.64883,302.18747,300.93563,299.83218,298.71077,297.29814,295.23358,292.11274,287.55411,281.27933,273.19062,263.42486,252.36512,290.32235747383163,220.9892991578107,1066.14911,193.37589000000003,1547.20853,5.372869999999978
2395,2395,2395.0,2395.0,2395.0,2395.0,2395.0,2395.0,2395.0,2395.0,2395.0,2395.0,2395.0,2395.0,2395.0,2395.0,2395.0,2395.0,2395.0,2395.0,2395.0,2395.0,2395.0,2395.0,2395.0,2395.0,2395.0,2395.0,2395.0,2395.0,2395.0,2395.0,2395.0,2395.0,2395.0,2395.0,2395.0,2395.0,2395.0,2395.0,2395.0,2395.0,2395.0,2395.0,2395.0,2395.0,2395.0,2395.0,2395.0,2395.0,2395.0,5.0,0.5,293.19482,295.86306,298.14881,299.91911,301.09468,301.64588,301.57846,300.91347,299.66624,297.82928,295.36196,292.18879,288.2066,283.29975,277.36174,270.3204,262.16271,252.95465,242.85127,232.09331,347.2539210546545,273.75893619058775,1259.525,274.11736,1353.83264,5.372869999999978
2396,2396,2396.0,2396.0,2396.0,2396.0,2396.0,2396.0,2396.0,2396.0,2396.0,2396.0,2396.0,2396.0,2396.0,2396.0,2396.0,2396.0,2396.0,2396.0,2396.0,2396.0,2396.0,2396.0,2396.0,2396.0,2396.0,2396.0,2396.0,2396.0,2396.0,2396.0,2396.0,2396.0,2396.0,2396.0,2396.0,2396.0,2396.0,2396.0,2396.0,2396.0,2396.0,2396.0,2396.0,2396.0,2396.0,2396.0,2396.0,2396.0,2396.0,6.0,0.6,338.98455,331.06067,323.77065,317.30238,311.72276,306.98259,302.94283,299.41362,296.19669,293.12306,290.08111,287.03231,284.014,281.12889,278.5224,276.34983,274.73811,273.74937,273.35496,273.42813,294.6749373059419,199.23582169980853,1533.64236,292.8475699999999,1079.71528,5.372869999999978
2397,2397,2397.0,2397.0,2397.0,2397.0,2397.0,2397.0,2397.0,2397.0,2397.0,2397.0,2397.0,2397.0,2397.0,2397.0,2397.0,2397.0,2397.0,2397.0,2397.0,2397.0,2397.0,2397.0,2397.0,2397.0,2397.0,2397.0,2397.0,2397.0,2397.0,2397.0,2397.0,2397.0,2397.0,2397.0,2397.0,2397.0,2397.0,2397.0,2397.0,2397.0,2397.0,2397.0,2397.0,2397.0,2397.0,2397.0,2397.0,2397.0,2397.0,7.0,0.7,297.33078,299.67323,301.43639,302.43744,302.59224,301.90891,300.46321,298.36315,295.71145,292.57263,288.94954,284.77197,279.89897,274.13593,267.26645,259.09673,249.50638,238.4959,226.21839,212.98464,364.9435446995972,360.20720391755333,1826.48993,331.0283700000002,786.8677100000002,5.372869999999978
2398,2398,2398.0,2398.0,2398.0,2398.0,2398.0,2398.0,2398.0,2398.0,2398.0,2398.0,2398.0,2398.0,2398.0,2398.0,2398.0,2398.0,2398.0,2398.0,2398.0,2398.0,2398.0,2398.0,2398.0,2398.0,2398.0,2398.0,2398.0,2398.0,2398.0,2398.0,2398.0,2398.0,2398.0,2398.0,2398.0,2398.0,2398.0,2398.0,2398.0,2398.0,2398.0,2398.0,2398.0,2398.0,2398.0,2398.0,2398.0,2398.0,2398.0,8.0,0.8,353.65917,342.80678,332.75058,323.73613,315.86783,309.11842,303.36583,298.44736,294.2199,290.61554,287.6847,285.61997,284.75506,285.53362,288.4458,293.93609,302.29511,313.55702,327.42992,343.28357,335.7311257156083,209.90329707438164,2157.5183,205.7190299999997,455.83934,5.372869999999978
2399,2399,2399.0,2399.0,2399.0,2399.0,2399.0,2399.0,2399.0,2399.0,2399.0,2399.0,2399.0,2399.0,2399.0,2399.0,2399.0,2399.0,2399.0,2399.0,2399.0,2399.0,2399.0,2399.0,2399.0,2399.0,2399.0,2399.0,2399.0,2399.0,2399.0,2399.0,2399.0,2399.0,2399.0,2399.0,2399.0,2399.0,2399.0,2399.0,2399.0,2399.0,2399.0,2399.0,2399.0,2399.0,2399.0,2399.0,2399.0,2399.0,2399.0,9.0,0.9,332.09274,328.3853,324.56318,320.62115,316.60041,312.58211,308.66957,304.96225,301.52533,298.35873,295.36972,292.35451,288.99519,284.87929,279.54663,272.56274,263.60952,252.57421,239.6126,225.16362,362.23029533420856,336.6260480159956,2363.23733,250.12031000000025,250.12031000000025,5.372869999999978
2400,2400,2400.0,2400.0,2400.0,2400.0,2400.0,2400.0,2400.0,2400.0,2400.0,2400.0,2400.0,2400.0,2400.0,2400.0,2400.0,2400.0,2400.0,2400.0,2400.0,2400.0,2400.0,2400.0,2400.0,2400.0,2400.0,2400.0,2400.0,2400.0,2400.0,2400.0,2400.0,2400.0,2400.0,2400.0,2400.0,2400.0,2400.0,2400.0,2400.0,2400.0,2400.0,2400.0,2400.0,2400.0,2400.0,2400.0,2400.0,2400.0,0.0,,0.0,273.0,273.0,273.0,273.0,273.0,273.0,273.0,273.0,273.0,273.0,273.0,273.0,273.0,273.0,273.0,273.0,273.0,273.0,273.0,273.0,304.39434525291097,372.99990225309176,0.0,387.4875,1270.0259,14.654100000000028
2401,2401,2401.0,2401.0,2401.0,2401.0,2401.0,2401.0,2401.0,2401.0,2401.0,2401.0,2401.0,2401.0,2401.0,2401.0,2401.0,2401.0,2401.0,2401.0,2401.0,2401.0,2401.0,2401.0,2401.0,2401.0,2401.0,2401.0,2401.0,2401.0,2401.0,2401.0,2401.0,2401.0,2401.0,2401.0,2401.0,2401.0,2401.0,2401.0,2401.0,2401.0,2401.0,2401.0,2401.0,2401.0,2401.0,2401.0,2401.0,2401.0,1.0,,0.1,299.0459,293.9434,289.3005,285.274,281.9535,279.366,277.4944,276.3052,275.7793,275.9416,276.8835,278.7754,281.8631,286.447,292.8397,301.3065,311.9962,324.8765,339.6913,355.9565,372.9999500720643,372.9996689760377,387.4875,179.69149999999996,882.5384000000001,14.654100000000028
2402,2402,2402.0,2402.0,2402.0,2402.0,2402.0,2402.0,2402.0,2402.0,2402.0,2402.0,2402.0,2402.0,2402.0,2402.0,2402.0,2402.0,2402.0,2402.0,2402.0,2402.0,2402.0,2402.0,2402.0,2402.0,2402.0,2402.0,2402.0,2402.0,2402.0,2402.0,2402.0,2402.0,2402.0,2402.0,2402.0,2402.0,2402.0,2402.0,2402.0,2402.0,2402.0,2402.0,2402.0,2402.0,2402.0,2402.0,2402.0,2402.0,2.0,,0.2,357.6757,343.0047,329.5645,317.7989,307.9891,300.2556,294.5874,290.8868,289.015,288.8312,290.2167,293.0838,297.372,303.0346,310.0216,318.2622,327.6501,338.035,349.2199,360.9653,326.3018282697381,273.3728520350048,567.179,79.99940000000004,702.8469000000001,14.654100000000028
2403,2403,2403.0,2403.0,2403.0,2403.0,2403.0,2403.0,2403.0,2403.0,2403.0,2403.0,2403.0,2403.0,2403.0,2403.0,2403.0,2403.0,2403.0,2403.0,2403.0,2403.0,2403.0,2403.0,2403.0,2403.0,2403.0,2403.0,2403.0,2403.0,2403.0,2403.0,2403.0,2403.0,2403.0,2403.0,2403.0,2403.0,2403.0,2403.0,2403.0,2403.0,2403.0,2403.0,2403.0,2403.0,2403.0,2403.0,2403.0,2403.0,3.0,,0.3,323.5479,320.7259,317.8026,314.8033,311.8199,308.9982,306.511,304.5214,303.1452,302.4176,302.2703,302.5213,302.8815,302.9802,302.4099,300.7893,297.8341,293.4232,287.6442,280.8002,361.7593029470004,372.99996529326063,647.1784,101.26930000000004,622.8475000000001,14.654100000000028
2404,2404,2404.0,2404.0,2404.0,2404.0,2404.0,2404.0,2404.0,2404.0,2404.0,2404.0,2404.0,2404.0,2404.0,2404.0,2404.0,2404.0,2404.0,2404.0,2404.0,2404.0,2404.0,2404.0,2404.0,2404.0,2404.0,2404.0,2404.0,2404.0,2404.0,2404.0,2404.0,2404.0,2404.0,2404.0,2404.0,2404.0,2404.0,2404.0,2404.0,2404.0,2404.0,2404.0,2404.0,2404.0,2404.0,2404.0,2404.0,2404.0,4.0,,0.4,353.0949,344.7439,336.9822,330.0194,323.9839,318.9252,314.8289,311.6434,309.3098,307.7913,307.0993,307.3094,308.5663,311.072,315.0543,320.7186,328.1879,337.4438,348.2857,360.3216,334.79132501928785,372.9999792733339,748.4477,63.83269999999993,521.5782,14.654100000000028
2405,2405,2405.0,2405.0,2405.0,2405.0,2405.0,2405.0,2405.0,2405.0,2405.0,2405.0,2405.0,2405.0,2405.0,2405.0,2405.0,2405.0,2405.0,2405.0,2405.0,2405.0,2405.0,2405.0,2405.0,2405.0,2405.0,2405.0,2405.0,2405.0,2405.0,2405.0,2405.0,2405.0,2405.0,2405.0,2405.0,2405.0,2405.0,2405.0,2405.0,2405.0,2405.0,2405.0,2405.0,2405.0,2405.0,2405.0,2405.0,2405.0,5.0,,0.5,332.9311,331.0083,328.9839,326.8604,324.6898,322.5715,320.6415,319.0574,317.9822,317.5709,317.9605,319.263,321.5605,324.901,329.2949,334.7112,341.0745,348.2648,356.1195,364.4398,323.1785816274217,173.00112435310558,812.2804,65.16560000000004,457.7455000000001,14.654100000000028
2406,2406,2406.0,2406.0,2406.0,2406.0,2406.0,2406.0,2406.0,2406.0,2406.0,2406.0,2406.0,2406.0,2406.0,2406.0,2406.0,2406.0,2406.0,2406.0,2406.0,2406.0,2406.0,2406.0,2406.0,2406.0,2406.0,2406.0,2406.0,2406.0,2406.0,2406.0,2406.0,2406.0,2406.0,2406.0,2406.0,2406.0,2406.0,2406.0,2406.0,2406.0,2406.0,2406.0,2406.0,2406.0,2406.0,2406.0,2406.0,2406.0,6.0,,0.6,323.3481,323.464,323.4859,323.3961,323.2016,322.926,322.5929,322.2,321.6868,320.9007,319.5662,317.2658,313.4442,307.4445,298.584,286.2666,270.1155,250.0998,226.6196,200.5175,358.9399916830546,372.9998377255552,877.446,144.5571,392.57990000000007,14.654100000000028
2407,2407,2407.0,2407.0,2407.0,2407.0,2407.0,2407.0,2407.0,2407.0,2407.0,2407.0,2407.0,2407.0,2407.0,2407.0,2407.0,2407.0,2407.0,2407.0,2407.0,2407.0,2407.0,2407.0,2407.0,2407.0,2407.0,2407.0,2407.0,2407.0,2407.0,2407.0,2407.0,2407.0,2407.0,2407.0,2407.0,2407.0,2407.0,2407.0,2407.0,2407.0,2407.0,2407.0,2407.0,2407.0,2407.0,2407.0,2407.0,2407.0,7.0,,0.7,352.6614,346.6214,341.0177,335.9765,331.5367,327.6541,324.2227,321.1107,318.2041,315.454,312.9202,310.8026,309.452,309.3498,311.0482,315.0756,321.8151,331.3865,343.56,357.735,173.000406824653,372.99942477871264,1022.0031,61.09669999999994,248.02280000000007,14.654100000000028
2408,2408,2408.0,2408.0,2408.0,2408.0,2408.0,2408.0,2408.0,2408.0,2408.0,2408.0,2408.0,2408.0,2408.0,2408.0,2408.0,2408.0,2408.0,2408.0,2408.0,2408.0,2408.0,2408.0,2408.0,2408.0,2408.0,2408.0,2408.0,2408.0,2408.0,2408.0,2408.0,2408.0,2408.0,2408.0,2408.0,2408.0,2408.0,2408.0,2408.0,2408.0,2408.0,2408.0,2408.0,2408.0,2408.0,2408.0,2408.0,2408.0,8.0,,0.8,199.7878,225.2085,248.0916,267.6133,283.374,295.3937,304.0397,309.9156,313.7424,316.256,318.1351,319.9583,322.1869,325.1623,329.11,334.1463,340.2843,347.441,355.4477,364.0643,370.87794135769445,173.00050900371534,1083.0998,41.5304000000001,186.92610000000013,14.654100000000028
2409,2409,2409.0,2409.0,2409.0,2409.0,2409.0,2409.0,2409.0,2409.0,2409.0,2409.0,2409.0,2409.0,2409.0,2409.0,2409.0,2409.0,2409.0,2409.0,2409.0,2409.0,2409.0,2409.0,2409.0,2409.0,2409.0,2409.0,2409.0,2409.0,2409.0,2409.0,2409.0,2409.0,2409.0,2409.0,2409.0,2409.0,2409.0,2409.0,2409.0,2409.0,2409.0,2409.0,2409.0,2409.0,2409.0,2409.0,2409.0,2409.0,9.0,,0.9,355.5456,341.31,329.0909,319.4972,312.7646,308.7695,307.1008,307.1595,308.2528,309.6591,310.6579,310.5315,308.5593,304.0262,296.2643,284.7327,269.1256,249.482,226.2613,200.353,355.03251742445025,372.9998941045352,1124.6302,145.39570000000003,145.39570000000003,14.654100000000028
2410,2410,2410.0,2410.0,2410.0,2410.0,2410.0,2410.0,2410.0,2410.0,2410.0,2410.0,2410.0,2410.0,2410.0,2410.0,2410.0,2410.0,2410.0,2410.0,2410.0,2410.0,2410.0,2410.0,2410.0,2410.0,2410.0,2410.0,2410.0,2410.0,2410.0,2410.0,2410.0,2410.0,2410.0,2410.0,2410.0,2410.0,2410.0,2410.0,2410.0,2410.0,2410.0,2410.0,2410.0,2410.0,2410.0,2410.0,2410.0,2410.0,0.0,,0.0,273.0,273.0,273.0,273.0,273.0,273.0,273.0,273.0,273.0,273.0,273.0,273.0,273.0,273.0,273.0,273.0,273.0,273.0,273.0,273.0,304.3945205771554,372.9999591325036,0.0,387.4875,1270.986,14.641399999999976
2411,2411,2411.0,2411.0,2411.0,2411.0,2411.0,2411.0,2411.0,2411.0,2411.0,2411.0,2411.0,2411.0,2411.0,2411.0,2411.0,2411.0,2411.0,2411.0,2411.0,2411.0,2411.0,2411.0,2411.0,2411.0,2411.0,2411.0,2411.0,2411.0,2411.0,2411.0,2411.0,2411.0,2411.0,2411.0,2411.0,2411.0,2411.0,2411.0,2411.0,2411.0,2411.0,2411.0,2411.0,2411.0,2411.0,2411.0,2411.0,2411.0,1.0,,0.1,299.0461,293.9436,289.3006,285.2741,281.9536,279.366,277.4944,276.3052,275.7794,275.9416,276.8835,278.7754,281.8631,286.447,292.8397,301.3065,311.9962,324.8765,339.6914,355.9566,372.9999500720643,372.9996689760377,387.4875,179.69120000000004,883.4985000000001,14.641399999999976
2412,2412,2412.0,2412.0,2412.0,2412.0,2412.0,2412.0,2412.0,2412.0,2412.0,2412.0,2412.0,2412.0,2412.0,2412.0,2412.0,2412.0,2412.0,2412.0,2412.0,2412.0,2412.0,2412.0,2412.0,2412.0,2412.0,2412.0,2412.0,2412.0,2412.0,2412.0,2412.0,2412.0,2412.0,2412.0,2412.0,2412.0,2412.0,2412.0,2412.0,2412.0,2412.0,2412.0,2412.0,2412.0,2412.0,2412.0,2412.0,2412.0,2.0,,0.2,357.6758,343.0048,329.5645,317.799,307.9892,300.2556,294.5875,290.8868,289.015,288.8312,290.2167,293.0838,297.372,303.0346,310.0217,318.2622,327.6501,338.035,349.2199,360.9653,326.36139136459514,273.24256717316626,567.1787,80.0412,703.8073,14.641399999999976
2413,2413,2413.0,2413.0,2413.0,2413.0,2413.0,2413.0,2413.0,2413.0,2413.0,2413.0,2413.0,2413.0,2413.0,2413.0,2413.0,2413.0,2413.0,2413.0,2413.0,2413.0,2413.0,2413.0,2413.0,2413.0,2413.0,2413.0,2413.0,2413.0,2413.0,2413.0,2413.0,2413.0,2413.0,2413.0,2413.0,2413.0,2413.0,2413.0,2413.0,2413.0,2413.0,2413.0,2413.0,2413.0,2413.0,2413.0,2413.0,2413.0,3.0,,0.3,323.5973,320.7657,317.8334,314.8265,311.8367,309.0099,306.5186,304.5258,303.147,302.4171,302.2672,302.5149,302.8706,302.963,302.3842,300.7525,297.7833,293.3557,287.5574,280.6921,362.0784175791647,372.99993829051454,647.2199,101.50389999999992,623.7661,14.641399999999976
2414,2414,2414.0,2414.0,2414.0,2414.0,2414.0,2414.0,2414.0,2414.0,2414.0,2414.0,2414.0,2414.0,2414.0,2414.0,2414.0,2414.0,2414.0,2414.0,2414.0,2414.0,2414.0,2414.0,2414.0,2414.0,2414.0,2414.0,2414.0,2414.0,2414.0,2414.0,2414.0,2414.0,2414.0,2414.0,2414.0,2414.0,2414.0,2414.0,2414.0,2414.0,2414.0,2414.0,2414.0,2414.0,2414.0,2414.0,2414.0,2414.0,4.0,,0.4,353.3624,344.9619,337.1547,330.1517,324.0821,318.9953,314.8767,311.6738,309.3266,307.7976,307.0974,307.3009,308.5528,311.0547,315.0347,320.6983,328.1686,337.4273,348.2736,360.3152,335.0287096175456,372.9997849137956,748.7238,64.20529999999997,522.2622000000001,14.641399999999976
2415,2415,2415.0,2415.0,2415.0,2415.0,2415.0,2415.0,2415.0,2415.0,2415.0,2415.0,2415.0,2415.0,2415.0,2415.0,2415.0,2415.0,2415.0,2415.0,2415.0,2415.0,2415.0,2415.0,2415.0,2415.0,2415.0,2415.0,2415.0,2415.0,2415.0,2415.0,2415.0,2415.0,2415.0,2415.0,2415.0,2415.0,2415.0,2415.0,2415.0,2415.0,2415.0,2415.0,2415.0,2415.0,2415.0,2415.0,2415.0,2415.0,5.0,,0.5,333.1445,331.1978,329.1499,327.0034,324.8106,322.6713,320.7219,319.1201,318.0293,317.6045,317.9828,319.2761,321.5664,324.9017,329.2922,334.7064,341.069,348.2596,356.1156,364.4376,323.4666403285285,173.00061223343562,812.9291,65.5951,458.05690000000016,14.641399999999976
2416,2416,2416.0,2416.0,2416.0,2416.0,2416.0,2416.0,2416.0,2416.0,2416.0,2416.0,2416.0,2416.0,2416.0,2416.0,2416.0,2416.0,2416.0,2416.0,2416.0,2416.0,2416.0,2416.0,2416.0,2416.0,2416.0,2416.0,2416.0,2416.0,2416.0,2416.0,2416.0,2416.0,2416.0,2416.0,2416.0,2416.0,2416.0,2416.0,2416.0,2416.0,2416.0,2416.0,2416.0,2416.0,2416.0,2416.0,2416.0,2416.0,6.0,,0.6,323.6058,323.6919,323.6852,323.5685,323.3489,323.0505,322.6968,322.2855,321.7561,320.956,319.6095,317.2989,313.4688,307.4622,298.5963,286.2747,270.1205,250.1026,226.6209,200.5178,358.4336516352583,372.99999369638977,878.5242,144.66830000000004,392.46180000000015,14.641399999999976
2417,2417,2417.0,2417.0,2417.0,2417.0,2417.0,2417.0,2417.0,2417.0,2417.0,2417.0,2417.0,2417.0,2417.0,2417.0,2417.0,2417.0,2417.0,2417.0,2417.0,2417.0,2417.0,2417.0,2417.0,2417.0,2417.0,2417.0,2417.0,2417.0,2417.0,2417.0,2417.0,2417.0,2417.0,2417.0,2417.0,2417.0,2417.0,2417.0,2417.0,2417.0,2417.0,2417.0,2417.0,2417.0,2417.0,2417.0,2417.0,2417.0,7.0,,0.7,352.2648,346.3286,340.818,335.8553,331.4778,327.6414,324.2414,321.1484,318.2511,315.5034,312.9674,310.845,309.4885,309.3799,311.0724,315.0943,321.8292,331.3965,343.5663,357.7382,173.000552951144,372.9998656483105,1023.1925,60.92199999999991,247.7935000000001,14.641399999999976
2418,2418,2418.0,2418.0,2418.0,2418.0,2418.0,2418.0,2418.0,2418.0,2418.0,2418.0,2418.0,2418.0,2418.0,2418.0,2418.0,2418.0,2418.0,2418.0,2418.0,2418.0,2418.0,2418.0,2418.0,2418.0,2418.0,2418.0,2418.0,2418.0,2418.0,2418.0,2418.0,2418.0,2418.0,2418.0,2418.0,2418.0,2418.0,2418.0,2418.0,2418.0,2418.0,2418.0,2418.0,2418.0,2418.0,2418.0,2418.0,2418.0,8.0,,0.8,199.7748,225.1844,248.0599,267.5783,283.3403,295.3651,304.0189,309.9039,313.7399,316.2617,318.1473,319.9751,322.2062,325.1823,329.1293,334.1637,340.299,347.4524,355.4556,364.0685,370.87794135769445,173.00050900371534,1084.1145,41.52670000000012,186.8715000000002,14.641399999999976
2419,2419,2419.0,2419.0,2419.0,2419.0,2419.0,2419.0,2419.0,2419.0,2419.0,2419.0,2419.0,2419.0,2419.0,2419.0,2419.0,2419.0,2419.0,2419.0,2419.0,2419.0,2419.0,2419.0,2419.0,2419.0,2419.0,2419.0,2419.0,2419.0,2419.0,2419.0,2419.0,2419.0,2419.0,2419.0,2419.0,2419.0,2419.0,2419.0,2419.0,2419.0,2419.0,2419.0,2419.0,2419.0,2419.0,2419.0,2419.0,2419.0,9.0,,0.9,355.5422,341.3034,329.0819,319.4867,312.7537,308.7592,307.092,307.153,308.249,309.6583,310.66,310.5361,308.5659,304.0341,296.2728,284.7411,269.1333,249.4883,226.2658,200.3553,355.03296205240576,372.9998412965419,1125.6412,145.34480000000008,145.34480000000008,14.641399999999976
2420,2420,2420.0,2420.0,2420.0,2420.0,2420.0,2420.0,2420.0,2420.0,2420.0,2420.0,2420.0,2420.0,2420.0,2420.0,2420.0,2420.0,2420.0,2420.0,2420.0,2420.0,2420.0,2420.0,2420.0,2420.0,2420.0,2420.0,2420.0,2420.0,2420.0,2420.0,2420.0,2420.0,2420.0,2420.0,2420.0,2420.0,2420.0,2420.0,2420.0,2420.0,2420.0,2420.0,2420.0,2420.0,2420.0,2420.0,2420.0,2420.0,0.0,,0.0,273.0,273.0,273.0,273.0,273.0,273.0,273.0,273.0,273.0,273.0,273.0,273.0,273.0,273.0,273.0,273.0,273.0,273.0,273.0,273.0,304.39430522988965,372.99995936495816,0.0,387.4875,1270.0157,14.60129999999998
2421,2421,2421.0,2421.0,2421.0,2421.0,2421.0,2421.0,2421.0,2421.0,2421.0,2421.0,2421.0,2421.0,2421.0,2421.0,2421.0,2421.0,2421.0,2421.0,2421.0,2421.0,2421.0,2421.0,2421.0,2421.0,2421.0,2421.0,2421.0,2421.0,2421.0,2421.0,2421.0,2421.0,2421.0,2421.0,2421.0,2421.0,2421.0,2421.0,2421.0,2421.0,2421.0,2421.0,2421.0,2421.0,2421.0,2421.0,2421.0,2421.0,1.0,,0.1,299.0459,293.9434,289.3005,285.274,281.9535,279.366,277.4944,276.3052,275.7793,275.9416,276.8835,278.7754,281.8631,286.447,292.8397,301.3065,311.9962,324.8765,339.6914,355.9566,372.9999500720643,372.9996689760377,387.4875,179.69149999999996,882.5282,14.60129999999998
2422,2422,2422.0,2422.0,2422.0,2422.0,2422.0,2422.0,2422.0,2422.0,2422.0,2422.0,2422.0,2422.0,2422.0,2422.0,2422.0,2422.0,2422.0,2422.0,2422.0,2422.0,2422.0,2422.0,2422.0,2422.0,2422.0,2422.0,2422.0,2422.0,2422.0,2422.0,2422.0,2422.0,2422.0,2422.0,2422.0,2422.0,2422.0,2422.0,2422.0,2422.0,2422.0,2422.0,2422.0,2422.0,2422.0,2422.0,2422.0,2422.0,2.0,,0.2,357.6757,343.0047,329.5645,317.7989,307.9891,300.2556,294.5874,290.8868,289.015,288.8312,290.2167,293.0838,297.372,303.0346,310.0217,318.2622,327.6501,338.035,349.2199,360.9653,326.472760654662,273.0006355569248,567.179,80.11919999999998,702.8367,14.60129999999998
2423,2423,2423.0,2423.0,2423.0,2423.0,2423.0,2423.0,2423.0,2423.0,2423.0,2423.0,2423.0,2423.0,2423.0,2423.0,2423.0,2423.0,2423.0,2423.0,2423.0,2423.0,2423.0,2423.0,2423.0,2423.0,2423.0,2423.0,2423.0,2423.0,2423.0,2423.0,2423.0,2423.0,2423.0,2423.0,2423.0,2423.0,2423.0,2423.0,2423.0,2423.0,2423.0,2423.0,2423.0,2423.0,2423.0,2423.0,2423.0,2423.0,3.0,,0.3,323.6897,320.8399,317.8912,314.8698,311.868,309.0315,306.5327,304.5341,303.1505,302.4161,302.2613,302.5029,302.8502,302.931,302.3365,300.6842,297.689,293.2302,287.396,280.4914,362.0784175791647,372.99993829051454,647.2982,101.76830000000008,622.7175,14.60129999999998
2424,2424,2424.0,2424.0,2424.0,2424.0,2424.0,2424.0,2424.0,2424.0,2424.0,2424.0,2424.0,2424.0,2424.0,2424.0,2424.0,2424.0,2424.0,2424.0,2424.0,2424.0,2424.0,2424.0,2424.0,2424.0,2424.0,2424.0,2424.0,2424.0,2424.0,2424.0,2424.0,2424.0,2424.0,2424.0,2424.0,2424.0,2424.0,2424.0,2424.0,2424.0,2424.0,2424.0,2424.0,2424.0,2424.0,2424.0,2424.0,2424.0,4.0,,0.4,353.3676,344.9716,337.1677,330.1664,324.0968,319.0083,314.8863,311.6786,309.3256,307.7899,307.0825,307.279,308.5243,311.0209,314.9974,320.6601,328.1326,337.3967,348.2513,360.3034,333.4933451038038,372.9999352224048,749.0665,63.75059999999996,520.9491999999999,14.60129999999998
2425,2425,2425.0,2425.0,2425.0,2425.0,2425.0,2425.0,2425.0,2425.0,2425.0,2425.0,2425.0,2425.0,2425.0,2425.0,2425.0,2425.0,2425.0,2425.0,2425.0,2425.0,2425.0,2425.0,2425.0,2425.0,2425.0,2425.0,2425.0,2425.0,2425.0,2425.0,2425.0,2425.0,2425.0,2425.0,2425.0,2425.0,2425.0,2425.0,2425.0,2425.0,2425.0,2425.0,2425.0,2425.0,2425.0,2425.0,2425.0,2425.0,5.0,,0.5,331.872,330.1761,328.3563,326.4077,324.3787,322.3685,320.5161,318.9836,317.9397,317.5449,317.9413,319.2449,321.5406,324.8789,329.2713,334.6875,341.0526,348.2465,356.1064,364.4329,323.5300093149575,173.00127067116736,812.8171,64.44450000000006,457.1986,14.60129999999998
2426,2426,2426.0,2426.0,2426.0,2426.0,2426.0,2426.0,2426.0,2426.0,2426.0,2426.0,2426.0,2426.0,2426.0,2426.0,2426.0,2426.0,2426.0,2426.0,2426.0,2426.0,2426.0,2426.0,2426.0,2426.0,2426.0,2426.0,2426.0,2426.0,2426.0,2426.0,2426.0,2426.0,2426.0,2426.0,2426.0,2426.0,2426.0,2426.0,2426.0,2426.0,2426.0,2426.0,2426.0,2426.0,2426.0,2426.0,2426.0,2426.0,6.0,,0.6,323.5821,323.5892,323.5183,323.3565,323.1123,322.8083,322.4646,322.0744,321.5725,320.8022,319.4847,317.2003,313.3925,307.4041,298.5528,286.2427,270.0975,250.0868,226.6112,200.5134,358.9322154387919,372.9997427904149,877.2616,144.53429999999992,392.7540999999999,14.60129999999998
2427,2427,2427.0,2427.0,2427.0,2427.0,2427.0,2427.0,2427.0,2427.0,2427.0,2427.0,2427.0,2427.0,2427.0,2427.0,2427.0,2427.0,2427.0,2427.0,2427.0,2427.0,2427.0,2427.0,2427.0,2427.0,2427.0,2427.0,2427.0,2427.0,2427.0,2427.0,2427.0,2427.0,2427.0,2427.0,2427.0,2427.0,2427.0,2427.0,2427.0,2427.0,2427.0,2427.0,2427.0,2427.0,2427.0,2427.0,2427.0,2427.0,7.0,,0.7,352.6471,346.6,340.9888,335.9395,331.4916,327.6013,324.1635,321.0468,318.1378,315.3878,312.8562,310.7428,309.3979,309.3022,311.0078,315.0423,321.789,331.3673,343.5473,357.7287,173.00082377072812,372.9998352458544,1021.7959,61.10939999999994,248.2198,14.60129999999998
2428,2428,2428.0,2428.0,2428.0,2428.0,2428.0,2428.0,2428.0,2428.0,2428.0,2428.0,2428.0,2428.0,2428.0,2428.0,2428.0,2428.0,2428.0,2428.0,2428.0,2428.0,2428.0,2428.0,2428.0,2428.0,2428.0,2428.0,2428.0,2428.0,2428.0,2428.0,2428.0,2428.0,2428.0,2428.0,2428.0,2428.0,2428.0,2428.0,2428.0,2428.0,2428.0,2428.0,2428.0,2428.0,2428.0,2428.0,2428.0,2428.0,8.0,,0.8,199.7803,225.1933,248.0691,267.5841,283.3388,295.3535,303.9955,309.8685,313.6936,316.2068,318.0866,319.9117,322.1432,325.1224,329.0746,334.1161,340.2597,347.4224,355.4353,364.0583,370.4072883865928,173.00096448756784,1082.9053,41.64110000000005,187.11040000000003,14.60129999999998
2429,2429,2429.0,2429.0,2429.0,2429.0,2429.0,2429.0,2429.0,2429.0,2429.0,2429.0,2429.0,2429.0,2429.0,2429.0,2429.0,2429.0,2429.0,2429.0,2429.0,2429.0,2429.0,2429.0,2429.0,2429.0,2429.0,2429.0,2429.0,2429.0,2429.0,2429.0,2429.0,2429.0,2429.0,2429.0,2429.0,2429.0,2429.0,2429.0,2429.0,2429.0,2429.0,2429.0,2429.0,2429.0,2429.0,2429.0,2429.0,2429.0,9.0,,0.9,355.1493,340.9844,328.8295,319.2914,312.6047,308.6456,307.0041,307.0825,308.1895,309.6054,310.611,310.4897,308.5217,303.9926,296.2348,284.7076,269.1051,249.4664,226.2509,200.3479,355.52380689385683,372.9999183592288,1124.5464,145.46929999999998,145.46929999999998,14.60129999999998
2430,2430,2430.0,2430.0,2430.0,2430.0,2430.0,2430.0,2430.0,2430.0,2430.0,2430.0,2430.0,2430.0,2430.0,2430.0,2430.0,2430.0,2430.0,2430.0,2430.0,2430.0,2430.0,2430.0,2430.0,2430.0,2430.0,2430.0,2430.0,2430.0,2430.0,2430.0,2430.0,2430.0,2430.0,2430.0,2430.0,2430.0,2430.0,2430.0,2430.0,2430.0,2430.0,2430.0,2430.0,2430.0,2430.0,2430.0,2430.0,2430.0,0.0,,0.0,273.0,273.0,273.0,273.0,273.0,273.0,273.0,273.0,273.0,273.0,273.0,273.0,273.0,273.0,273.0,273.0,273.0,273.0,273.0,273.0,304.3944297342397,372.99993356794096,0.0,387.4875,1269.8543,14.65519999999998
2431,2431,2431.0,2431.0,2431.0,2431.0,2431.0,2431.0,2431.0,2431.0,2431.0,2431.0,2431.0,2431.0,2431.0,2431.0,2431.0,2431.0,2431.0,2431.0,2431.0,2431.0,2431.0,2431.0,2431.0,2431.0,2431.0,2431.0,2431.0,2431.0,2431.0,2431.0,2431.0,2431.0,2431.0,2431.0,2431.0,2431.0,2431.0,2431.0,2431.0,2431.0,2431.0,2431.0,2431.0,2431.0,2431.0,2431.0,2431.0,2431.0,1.0,,0.1,299.046,293.9435,289.3006,285.2741,281.9535,279.366,277.4944,276.3052,275.7794,275.9416,276.8835,278.7754,281.8631,286.447,292.8397,301.3065,311.9962,324.8765,339.6914,355.9565,372.9999500720643,372.9996689760377,387.4875,179.6914,882.3668,14.65519999999998
2432,2432,2432.0,2432.0,2432.0,2432.0,2432.0,2432.0,2432.0,2432.0,2432.0,2432.0,2432.0,2432.0,2432.0,2432.0,2432.0,2432.0,2432.0,2432.0,2432.0,2432.0,2432.0,2432.0,2432.0,2432.0,2432.0,2432.0,2432.0,2432.0,2432.0,2432.0,2432.0,2432.0,2432.0,2432.0,2432.0,2432.0,2432.0,2432.0,2432.0,2432.0,2432.0,2432.0,2432.0,2432.0,2432.0,2432.0,2432.0,2432.0,2.0,,0.2,357.6758,343.0047,329.5645,317.7989,307.9891,300.2556,294.5875,290.8868,289.015,288.8312,290.2167,293.0838,297.372,303.0346,310.0217,318.2622,327.6501,338.035,349.2199,360.9653,326.2665670540865,273.44940715947985,567.1789,79.97469999999998,702.6754,14.65519999999998
2433,2433,2433.0,2433.0,2433.0,2433.0,2433.0,2433.0,2433.0,2433.0,2433.0,2433.0,2433.0,2433.0,2433.0,2433.0,2433.0,2433.0,2433.0,2433.0,2433.0,2433.0,2433.0,2433.0,2433.0,2433.0,2433.0,2433.0,2433.0,2433.0,2433.0,2433.0,2433.0,2433.0,2433.0,2433.0,2433.0,2433.0,2433.0,2433.0,2433.0,2433.0,2433.0,2433.0,2433.0,2433.0,2433.0,2433.0,2433.0,2433.0,3.0,,0.3,323.5186,320.7024,317.7843,314.7896,311.81,308.9914,306.5065,304.5188,303.1441,302.4179,302.2721,302.5251,302.888,302.9903,302.425,300.811,297.8639,293.463,287.6953,280.8637,361.7594069661414,372.9999045921261,647.1536,101.18579999999996,622.7007,14.65519999999998
2434,2434,2434.0,2434.0,2434.0,2434.0,2434.0,2434.0,2434.0,2434.0,2434.0,2434.0,2434.0,2434.0,2434.0,2434.0,2434.0,2434.0,2434.0,2434.0,2434.0,2434.0,2434.0,2434.0,2434.0,2434.0,2434.0,2434.0,2434.0,2434.0,2434.0,2434.0,2434.0,2434.0,2434.0,2434.0,2434.0,2434.0,2434.0,2434.0,2434.0,2434.0,2434.0,2434.0,2434.0,2434.0,2434.0,2434.0,2434.0,2434.0,4.0,,0.4,353.0934,344.741,336.9782,330.0148,323.9793,318.9211,314.8258,311.6419,309.3101,307.7938,307.104,307.3163,308.5753,311.0827,315.066,320.7307,328.1993,337.4535,348.2927,360.3253,334.79132501928785,372.9999792733339,748.3394,63.80160000000001,521.5149,14.65519999999998
2435,2435,2435.0,2435.0,2435.0,2435.0,2435.0,2435.0,2435.0,2435.0,2435.0,2435.0,2435.0,2435.0,2435.0,2435.0,2435.0,2435.0,2435.0,2435.0,2435.0,2435.0,2435.0,2435.0,2435.0,2435.0,2435.0,2435.0,2435.0,2435.0,2435.0,2435.0,2435.0,2435.0,2435.0,2435.0,2435.0,2435.0,2435.0,2435.0,2435.0,2435.0,2435.0,2435.0,2435.0,2435.0,2435.0,2435.0,2435.0,2435.0,5.0,,0.5,332.9308,331.0076,328.9831,326.8595,324.6891,322.5711,320.6418,319.0585,317.9842,317.5738,317.9644,319.2677,321.5658,324.9067,329.3008,334.7168,341.0795,348.2689,356.1224,364.4413,323.1778220056121,173.0003100617023,812.141,65.15710000000001,457.7133,14.65519999999998
2436,2436,2436.0,2436.0,2436.0,2436.0,2436.0,2436.0,2436.0,2436.0,2436.0,2436.0,2436.0,2436.0,2436.0,2436.0,2436.0,2436.0,2436.0,2436.0,2436.0,2436.0,2436.0,2436.0,2436.0,2436.0,2436.0,2436.0,2436.0,2436.0,2436.0,2436.0,2436.0,2436.0,2436.0,2436.0,2436.0,2436.0,2436.0,2436.0,2436.0,2436.0,2436.0,2436.0,2436.0,2436.0,2436.0,2436.0,2436.0,2436.0,6.0,,0.6,323.3476,323.4636,323.4857,323.3962,323.202,322.9268,322.5942,322.2016,321.6888,320.9032,319.5691,317.269,313.4475,307.4478,298.5872,286.2695,270.1179,250.1015,226.6205,200.5176,358.940180265382,372.9999084110395,877.2981,144.5458,392.5562,14.65519999999998
2437,2437,2437.0,2437.0,2437.0,2437.0,2437.0,2437.0,2437.0,2437.0,2437.0,2437.0,2437.0,2437.0,2437.0,2437.0,2437.0,2437.0,2437.0,2437.0,2437.0,2437.0,2437.0,2437.0,2437.0,2437.0,2437.0,2437.0,2437.0,2437.0,2437.0,2437.0,2437.0,2437.0,2437.0,2437.0,2437.0,2437.0,2437.0,2437.0,2437.0,2437.0,2437.0,2437.0,2437.0,2437.0,2437.0,2437.0,2437.0,2437.0,7.0,,0.7,352.6617,346.6218,341.0183,335.9772,331.5376,327.6552,324.2241,321.1123,318.2059,315.456,312.9223,310.8047,309.4542,309.3519,311.0502,315.0774,321.8167,331.3878,343.5608,357.7355,173.00033515084976,372.9999191117014,1021.8439,61.09399999999994,248.0104,14.65519999999998
2438,2438,2438.0,2438.0,2438.0,2438.0,2438.0,2438.0,2438.0,2438.0,2438.0,2438.0,2438.0,2438.0,2438.0,2438.0,2438.0,2438.0,2438.0,2438.0,2438.0,2438.0,2438.0,2438.0,2438.0,2438.0,2438.0,2438.0,2438.0,2438.0,2438.0,2438.0,2438.0,2438.0,2438.0,2438.0,2438.0,2438.0,2438.0,2438.0,2438.0,2438.0,2438.0,2438.0,2438.0,2438.0,2438.0,2438.0,2438.0,2438.0,8.0,,0.8,199.7879,225.2088,248.0921,267.614,283.3749,295.3948,304.041,309.917,313.7438,316.2576,318.1367,319.9599,322.1885,325.1639,329.1115,334.1477,340.2855,347.4421,355.4485,364.065,370.87794135769445,173.00050900371534,1082.9379,41.52539999999999,186.91640000000007,14.65519999999998
2439,2439,2439.0,2439.0,2439.0,2439.0,2439.0,2439.0,2439.0,2439.0,2439.0,2439.0,2439.0,2439.0,2439.0,2439.0,2439.0,2439.0,2439.0,2439.0,2439.0,2439.0,2439.0,2439.0,2439.0,2439.0,2439.0,2439.0,2439.0,2439.0,2439.0,2439.0,2439.0,2439.0,2439.0,2439.0,2439.0,2439.0,2439.0,2439.0,2439.0,2439.0,2439.0,2439.0,2439.0,2439.0,2439.0,2439.0,2439.0,2439.0,9.0,,0.9,355.5458,341.3103,329.0913,319.4978,312.7654,308.7704,307.1018,307.1606,308.254,309.6604,310.6592,310.5328,308.5605,304.0274,296.2654,284.7337,269.1265,249.4827,226.2618,200.3532,355.0329502202282,372.9996815787878,1124.4633,145.39100000000008,145.39100000000008,14.65519999999998
2440,2440,2440.0,2440.0,2440.0,2440.0,2440.0,2440.0,2440.0,2440.0,2440.0,2440.0,2440.0,2440.0,2440.0,2440.0,2440.0,2440.0,2440.0,2440.0,2440.0,2440.0,2440.0,2440.0,2440.0,2440.0,2440.0,2440.0,2440.0,2440.0,2440.0,2440.0,2440.0,2440.0,2440.0,2440.0,2440.0,2440.0,2440.0,2440.0,2440.0,2440.0,2440.0,2440.0,2440.0,2440.0,2440.0,2440.0,2440.0,2440.0,0.0,,0.0,273.0,273.0,273.0,273.0,273.0,273.0,273.0,273.0,273.0,273.0,273.0,273.0,273.0,273.0,273.0,273.0,273.0,273.0,273.0,273.0,304.3945437744397,372.99995910229256,0.0,387.4874,1270.4446,14.641200000000026
2441,2441,2441.0,2441.0,2441.0,2441.0,2441.0,2441.0,2441.0,2441.0,2441.0,2441.0,2441.0,2441.0,2441.0,2441.0,2441.0,2441.0,2441.0,2441.0,2441.0,2441.0,2441.0,2441.0,2441.0,2441.0,2441.0,2441.0,2441.0,2441.0,2441.0,2441.0,2441.0,2441.0,2441.0,2441.0,2441.0,2441.0,2441.0,2441.0,2441.0,2441.0,2441.0,2441.0,2441.0,2441.0,2441.0,2441.0,2441.0,2441.0,1.0,,0.1,299.0461,293.9436,289.3006,285.2741,281.9536,279.366,277.4944,276.3052,275.7794,275.9416,276.8835,278.7754,281.8631,286.447,292.8397,301.3065,311.9962,324.8765,339.6914,355.9566,372.9999500720643,372.9996689760377,387.4874,179.69130000000007,882.9572000000001,14.641200000000026
2442,2442,2442.0,2442.0,2442.0,2442.0,2442.0,2442.0,2442.0,2442.0,2442.0,2442.0,2442.0,2442.0,2442.0,2442.0,2442.0,2442.0,2442.0,2442.0,2442.0,2442.0,2442.0,2442.0,2442.0,2442.0,2442.0,2442.0,2442.0,2442.0,2442.0,2442.0,2442.0,2442.0,2442.0,2442.0,2442.0,2442.0,2442.0,2442.0,2442.0,2442.0,2442.0,2442.0,2442.0,2442.0,2442.0,2442.0,2442.0,2442.0,2.0,,0.2,357.6758,343.0048,329.5645,317.799,307.9892,300.2556,294.5875,290.8868,289.015,288.8312,290.2167,293.0838,297.372,303.0346,310.0217,318.2622,327.6501,338.035,349.2199,360.9653,326.4130006614548,273.13065346364965,567.1787,80.07729999999992,703.2659,14.641200000000026
2443,2443,2443.0,2443.0,2443.0,2443.0,2443.0,2443.0,2443.0,2443.0,2443.0,2443.0,2443.0,2443.0,2443.0,2443.0,2443.0,2443.0,2443.0,2443.0,2443.0,2443.0,2443.0,2443.0,2443.0,2443.0,2443.0,2443.0,2443.0,2443.0,2443.0,2443.0,2443.0,2443.0,2443.0,2443.0,2443.0,2443.0,2443.0,2443.0,2443.0,2443.0,2443.0,2443.0,2443.0,2443.0,2443.0,2443.0,2443.0,2443.0,3.0,,0.3,323.6401,320.8001,317.8602,314.8466,311.8512,309.0199,306.5251,304.5297,303.1486,302.4166,302.2645,302.5093,302.8612,302.9482,302.3622,300.7209,297.7397,293.2976,287.4827,280.5992,362.0784175791647,372.99993829051454,647.256,101.62620000000004,623.1886000000001,14.641200000000026
2444,2444,2444.0,2444.0,2444.0,2444.0,2444.0,2444.0,2444.0,2444.0,2444.0,2444.0,2444.0,2444.0,2444.0,2444.0,2444.0,2444.0,2444.0,2444.0,2444.0,2444.0,2444.0,2444.0,2444.0,2444.0,2444.0,2444.0,2444.0,2444.0,2444.0,2444.0,2444.0,2444.0,2444.0,2444.0,2444.0,2444.0,2444.0,2444.0,2444.0,2444.0,2444.0,2444.0,2444.0,2444.0,2444.0,2444.0,2444.0,2444.0,4.0,,0.4,353.3648,344.9664,337.1607,330.1585,324.0889,319.0013,314.8811,311.676,309.3261,307.7941,307.0905,307.2908,308.5396,311.0391,315.0174,320.6806,328.1519,337.4132,348.2633,360.3098,334.2147149311823,372.9998506786956,748.8822,63.95659999999998,521.5624,14.641200000000026
2445,2445,2445.0,2445.0,2445.0,2445.0,2445.0,2445.0,2445.0,2445.0,2445.0,2445.0,2445.0,2445.0,2445.0,2445.0,2445.0,2445.0,2445.0,2445.0,2445.0,2445.0,2445.0,2445.0,2445.0,2445.0,2445.0,2445.0,2445.0,2445.0,2445.0,2445.0,2445.0,2445.0,2445.0,2445.0,2445.0,2445.0,2445.0,2445.0,2445.0,2445.0,2445.0,2445.0,2445.0,2445.0,2445.0,2445.0,2445.0,2445.0,5.0,,0.5,332.4698,330.656,328.729,326.6874,324.5814,322.5107,320.6128,319.048,317.9822,317.5736,317.9617,319.2606,321.5539,324.8909,329.2824,334.6976,341.0614,348.2535,356.1113,364.4354,323.3463150764517,173.001013009758,812.8388,64.92510000000004,457.6058,14.641200000000026
2446,2446,2446.0,2446.0,2446.0,2446.0,2446.0,2446.0,2446.0,2446.0,2446.0,2446.0,2446.0,2446.0,2446.0,2446.0,2446.0,2446.0,2446.0,2446.0,2446.0,2446.0,2446.0,2446.0,2446.0,2446.0,2446.0,2446.0,2446.0,2446.0,2446.0,2446.0,2446.0,2446.0,2446.0,2446.0,2446.0,2446.0,2446.0,2446.0,2446.0,2446.0,2446.0,2446.0,2446.0,2446.0,2446.0,2446.0,2446.0,2446.0,6.0,,0.6,323.4656,323.5348,323.5169,323.3962,323.1801,322.8918,322.5534,322.1606,321.6509,320.87,319.541,317.2456,313.4282,307.4317,298.5737,286.2583,270.1088,250.0947,226.6161,200.5157,358.93086827244576,372.9993603486755,877.7639,144.57269999999994,392.6807,14.641200000000026
2447,2447,2447.0,2447.0,2447.0,2447.0,2447.0,2447.0,2447.0,2447.0,2447.0,2447.0,2447.0,2447.0,2447.0,2447.0,2447.0,2447.0,2447.0,2447.0,2447.0,2447.0,2447.0,2447.0,2447.0,2447.0,2447.0,2447.0,2447.0,2447.0,2447.0,2447.0,2447.0,2447.0,2447.0,2447.0,2447.0,2447.0,2447.0,2447.0,2447.0,2447.0,2447.0,2447.0,2447.0,2447.0,2447.0,2447.0,2447.0,2447.0,7.0,,0.7,352.6531,346.6134,341.0095,335.9673,331.5259,327.6412,324.2078,321.0939,318.186,315.4354,312.9016,310.7848,309.4356,309.3351,311.0356,315.065,321.8066,331.3801,343.5556,357.7326,173.0018622969045,372.9998260644205,1022.3366,61.10579999999993,248.1080000000001,14.641200000000026
2448,2448,2448.0,2448.0,2448.0,2448.0,2448.0,2448.0,2448.0,2448.0,2448.0,2448.0,2448.0,2448.0,2448.0,2448.0,2448.0,2448.0,2448.0,2448.0,2448.0,2448.0,2448.0,2448.0,2448.0,2448.0,2448.0,2448.0,2448.0,2448.0,2448.0,2448.0,2448.0,2448.0,2448.0,2448.0,2448.0,2448.0,2448.0,2448.0,2448.0,2448.0,2448.0,2448.0,2448.0,2448.0,2448.0,2448.0,2448.0,2448.0,8.0,,0.8,199.7869,225.2053,248.0862,267.6059,283.3649,295.383,304.0278,309.9027,313.7288,316.2422,318.1213,319.9449,322.1742,325.1506,329.0996,334.1374,340.277,347.4355,355.4441,364.0627,370.87794135769445,173.00050900371534,1083.4424,41.57060000000001,187.00220000000013,14.641200000000026
2449,2449,2449.0,2449.0,2449.0,2449.0,2449.0,2449.0,2449.0,2449.0,2449.0,2449.0,2449.0,2449.0,2449.0,2449.0,2449.0,2449.0,2449.0,2449.0,2449.0,2449.0,2449.0,2449.0,2449.0,2449.0,2449.0,2449.0,2449.0,2449.0,2449.0,2449.0,2449.0,2449.0,2449.0,2449.0,2449.0,2449.0,2449.0,2449.0,2449.0,2449.0,2449.0,2449.0,2449.0,2449.0,2449.0,2449.0,2449.0,2449.0,9.0,,0.9,355.544,341.3069,329.0863,319.4912,312.7574,308.7612,307.0915,307.1495,308.2423,309.6484,310.6472,310.5211,308.5494,304.017,296.256,284.7255,269.1197,249.4774,226.2583,200.3514,355.03261136381536,372.9997625398369,1125.013,145.43160000000012,145.43160000000012,14.641200000000026
2450,2450,2450.0,2450.0,2450.0,2450.0,2450.0,2450.0,2450.0,2450.0,2450.0,2450.0,2450.0,2450.0,2450.0,2450.0,2450.0,2450.0,2450.0,2450.0,2450.0,2450.0,2450.0,2450.0,2450.0,2450.0,2450.0,2450.0,2450.0,2450.0,2450.0,2450.0,2450.0,2450.0,2450.0,2450.0,2450.0,2450.0,2450.0,2450.0,2450.0,2450.0,2450.0,2450.0,2450.0,2450.0,2450.0,2450.0,2450.0,2450.0,0.0,,0.0,273.0,273.0,273.0,273.0,273.0,273.0,273.0,273.0,273.0,273.0,273.0,273.0,273.0,273.0,273.0,273.0,273.0,273.0,273.0,273.0,304.39432086947363,372.99997187213046,0.0,387.4875,1270.0217,14.603099999999984
2451,2451,2451.0,2451.0,2451.0,2451.0,2451.0,2451.0,2451.0,2451.0,2451.0,2451.0,2451.0,2451.0,2451.0,2451.0,2451.0,2451.0,2451.0,2451.0,2451.0,2451.0,2451.0,2451.0,2451.0,2451.0,2451.0,2451.0,2451.0,2451.0,2451.0,2451.0,2451.0,2451.0,2451.0,2451.0,2451.0,2451.0,2451.0,2451.0,2451.0,2451.0,2451.0,2451.0,2451.0,2451.0,2451.0,2451.0,2451.0,2451.0,1.0,,0.1,299.0459,293.9434,289.3005,285.274,281.9535,279.366,277.4944,276.3052,275.7793,275.9416,276.8835,278.7754,281.8631,286.447,292.8397,301.3065,311.9962,324.8765,339.6914,355.9566,372.9999500720643,372.9996689760377,387.4875,179.6914,882.5342,14.603099999999984
2452,2452,2452.0,2452.0,2452.0,2452.0,2452.0,2452.0,2452.0,2452.0,2452.0,2452.0,2452.0,2452.0,2452.0,2452.0,2452.0,2452.0,2452.0,2452.0,2452.0,2452.0,2452.0,2452.0,2452.0,2452.0,2452.0,2452.0,2452.0,2452.0,2452.0,2452.0,2452.0,2452.0,2452.0,2452.0,2452.0,2452.0,2452.0,2452.0,2452.0,2452.0,2452.0,2452.0,2452.0,2452.0,2452.0,2452.0,2452.0,2452.0,2.0,,0.2,357.6757,343.0047,329.5645,317.7989,307.9891,300.2556,294.5874,290.8868,289.015,288.8312,290.2167,293.0838,297.372,303.0346,310.0217,318.2622,327.6501,338.035,349.2199,360.9653,326.472760654662,273.0006355569248,567.1789,80.11919999999998,702.8428,14.603099999999984
2453,2453,2453.0,2453.0,2453.0,2453.0,2453.0,2453.0,2453.0,2453.0,2453.0,2453.0,2453.0,2453.0,2453.0,2453.0,2453.0,2453.0,2453.0,2453.0,2453.0,2453.0,2453.0,2453.0,2453.0,2453.0,2453.0,2453.0,2453.0,2453.0,2453.0,2453.0,2453.0,2453.0,2453.0,2453.0,2453.0,2453.0,2453.0,2453.0,2453.0,2453.0,2453.0,2453.0,2453.0,2453.0,2453.0,2453.0,2453.0,2453.0,3.0,,0.3,323.6897,320.8399,317.8912,314.8698,311.868,309.0315,306.5327,304.5341,303.1505,302.4161,302.2613,302.5029,302.8502,302.931,302.3365,300.6842,297.689,293.2302,287.396,280.4914,362.0784175791647,372.99993829051454,647.2981,101.76830000000008,622.7236,14.603099999999984
2454,2454,2454.0,2454.0,2454.0,2454.0,2454.0,2454.0,2454.0,2454.0,2454.0,2454.0,2454.0,2454.0,2454.0,2454.0,2454.0,2454.0,2454.0,2454.0,2454.0,2454.0,2454.0,2454.0,2454.0,2454.0,2454.0,2454.0,2454.0,2454.0,2454.0,2454.0,2454.0,2454.0,2454.0,2454.0,2454.0,2454.0,2454.0,2454.0,2454.0,2454.0,2454.0,2454.0,2454.0,2454.0,2454.0,2454.0,2454.0,2454.0,4.0,,0.4,353.3676,344.9716,337.1677,330.1664,324.0968,319.0083,314.8863,311.6786,309.3256,307.79,307.0825,307.279,308.5243,311.0209,314.9974,320.6601,328.1326,337.3967,348.2513,360.3034,333.4933451038038,372.9999352224048,749.0664,63.75059999999996,520.9553,14.603099999999984
2455,2455,2455.0,2455.0,2455.0,2455.0,2455.0,2455.0,2455.0,2455.0,2455.0,2455.0,2455.0,2455.0,2455.0,2455.0,2455.0,2455.0,2455.0,2455.0,2455.0,2455.0,2455.0,2455.0,2455.0,2455.0,2455.0,2455.0,2455.0,2455.0,2455.0,2455.0,2455.0,2455.0,2455.0,2455.0,2455.0,2455.0,2455.0,2455.0,2455.0,2455.0,2455.0,2455.0,2455.0,2455.0,2455.0,2455.0,2455.0,2455.0,5.0,,0.5,331.872,330.1761,328.3563,326.4077,324.3787,322.3685,320.5161,318.9836,317.9397,317.5449,317.9413,319.2449,321.5406,324.8789,329.2713,334.6875,341.0526,348.2465,356.1064,364.4329,323.5306468144413,173.00085710407868,812.817,64.44489999999996,457.2047,14.603099999999984
2456,2456,2456.0,2456.0,2456.0,2456.0,2456.0,2456.0,2456.0,2456.0,2456.0,2456.0,2456.0,2456.0,2456.0,2456.0,2456.0,2456.0,2456.0,2456.0,2456.0,2456.0,2456.0,2456.0,2456.0,2456.0,2456.0,2456.0,2456.0,2456.0,2456.0,2456.0,2456.0,2456.0,2456.0,2456.0,2456.0,2456.0,2456.0,2456.0,2456.0,2456.0,2456.0,2456.0,2456.0,2456.0,2456.0,2456.0,2456.0,2456.0,6.0,,0.6,323.5826,323.5896,323.5187,323.3568,323.1125,322.8084,322.4647,322.0744,321.5725,320.8023,319.4847,317.2002,313.3924,307.4041,298.5527,286.2426,270.0973,250.0866,226.6109,200.5131,358.9409060114216,372.9999340536693,877.2619,144.539,392.7598,14.603099999999984
2457,2457,2457.0,2457.0,2457.0,2457.0,2457.0,2457.0,2457.0,2457.0,2457.0,2457.0,2457.0,2457.0,2457.0,2457.0,2457.0,2457.0,2457.0,2457.0,2457.0,2457.0,2457.0,2457.0,2457.0,2457.0,2457.0,2457.0,2457.0,2457.0,2457.0,2457.0,2457.0,2457.0,2457.0,2457.0,2457.0,2457.0,2457.0,2457.0,2457.0,2457.0,2457.0,2457.0,2457.0,2457.0,2457.0,2457.0,2457.0,2457.0,7.0,,0.7,352.6543,346.6059,340.9934,335.943,331.4941,327.6031,324.1647,321.0477,318.1384,315.3881,312.8564,310.7428,309.3979,309.3022,311.0078,315.0423,321.789,331.3673,343.5474,357.7288,173.00134414260154,372.99971856632055,1021.8009,61.11400000000003,248.22080000000005,14.603099999999984
2458,2458,2458.0,2458.0,2458.0,2458.0,2458.0,2458.0,2458.0,2458.0,2458.0,2458.0,2458.0,2458.0,2458.0,2458.0,2458.0,2458.0,2458.0,2458.0,2458.0,2458.0,2458.0,2458.0,2458.0,2458.0,2458.0,2458.0,2458.0,2458.0,2458.0,2458.0,2458.0,2458.0,2458.0,2458.0,2458.0,2458.0,2458.0,2458.0,2458.0,2458.0,2458.0,2458.0,2458.0,2458.0,2458.0,2458.0,2458.0,2458.0,8.0,,0.8,199.7812,225.1945,248.0705,267.5857,283.3405,295.3551,303.9969,309.8698,313.6947,316.2077,318.0873,319.9122,322.1436,325.1226,329.0748,334.1162,340.2597,347.4224,355.4352,364.0582,370.4074255040853,173.00074299699023,1082.9149,41.63830000000007,187.1068,14.603099999999984
2459,2459,2459.0,2459.0,2459.0,2459.0,2459.0,2459.0,2459.0,2459.0,2459.0,2459.0,2459.0,2459.0,2459.0,2459.0,2459.0,2459.0,2459.0,2459.0,2459.0,2459.0,2459.0,2459.0,2459.0,2459.0,2459.0,2459.0,2459.0,2459.0,2459.0,2459.0,2459.0,2459.0,2459.0,2459.0,2459.0,2459.0,2459.0,2459.0,2459.0,2459.0,2459.0,2459.0,2459.0,2459.0,2459.0,2459.0,2459.0,2459.0,9.0,,0.9,355.1496,340.985,328.8302,319.2922,312.6056,308.6466,307.005,307.0834,308.1904,309.6063,310.6117,310.4903,308.5222,303.9931,296.2351,284.7078,269.1052,249.4664,226.2509,200.3478,355.5232256114877,372.9993266793575,1124.5532,145.46849999999995,145.46849999999995,14.603099999999984
2460,2460,2460.0,2460.0,2460.0,2460.0,2460.0,2460.0,2460.0,2460.0,2460.0,2460.0,2460.0,2460.0,2460.0,2460.0,2460.0,2460.0,2460.0,2460.0,2460.0,2460.0,2460.0,2460.0,2460.0,2460.0,2460.0,2460.0,2460.0,2460.0,2460.0,2460.0,2460.0,2460.0,2460.0,2460.0,2460.0,2460.0,2460.0,2460.0,2460.0,2460.0,2460.0,2460.0,2460.0,2460.0,2460.0,2460.0,2460.0,0.0,,,0.0,273.0,273.0,273.0,273.0,273.0,273.0,273.0,273.0,273.0,273.0,273.0,273.0,273.0,273.0,273.0,273.0,273.0,273.0,273.0,273.0,372.99992583523374,372.9999335625205,0.0,368.7879,2299.1994,48.868
2461,2461,2461.0,2461.0,2461.0,2461.0,2461.0,2461.0,2461.0,2461.0,2461.0,2461.0,2461.0,2461.0,2461.0,2461.0,2461.0,2461.0,2461.0,2461.0,2461.0,2461.0,2461.0,2461.0,2461.0,2461.0,2461.0,2461.0,2461.0,2461.0,2461.0,2461.0,2461.0,2461.0,2461.0,2461.0,2461.0,2461.0,2461.0,2461.0,2461.0,2461.0,2461.0,2461.0,2461.0,2461.0,2461.0,2461.0,2461.0,1.0,,,0.1,355.9582,339.696,324.8873,312.0201,301.3574,292.9443,286.6547,282.2609,279.5107,278.1944,278.1944,279.5107,282.2609,286.6547,292.9443,301.3574,312.0201,324.8873,339.696,355.9582,324.09126777804755,273.00001268842954,368.7879,174.5229,1930.4115,48.868
2462,2462,2462.0,2462.0,2462.0,2462.0,2462.0,2462.0,2462.0,2462.0,2462.0,2462.0,2462.0,2462.0,2462.0,2462.0,2462.0,2462.0,2462.0,2462.0,2462.0,2462.0,2462.0,2462.0,2462.0,2462.0,2462.0,2462.0,2462.0,2462.0,2462.0,2462.0,2462.0,2462.0,2462.0,2462.0,2462.0,2462.0,2462.0,2462.0,2462.0,2462.0,2462.0,2462.0,2462.0,2462.0,2462.0,2462.0,2462.0,2.0,,,0.2,320.5011,316.8388,313.0677,309.2116,305.3633,301.6734,298.3255,295.5008,293.3422,291.9227,291.2212,291.1111,291.3618,291.6584,291.6394,290.9509,289.3114,286.5739,282.7699,278.1192,372.9997058325429,372.9999258384733,543.3108,158.64620000000002,1755.8886000000002,48.868
2463,2463,2463.0,2463.0,2463.0,2463.0,2463.0,2463.0,2463.0,2463.0,2463.0,2463.0,2463.0,2463.0,2463.0,2463.0,2463.0,2463.0,2463.0,2463.0,2463.0,2463.0,2463.0,2463.0,2463.0,2463.0,2463.0,2463.0,2463.0,2463.0,2463.0,2463.0,2463.0,2463.0,2463.0,2463.0,2463.0,2463.0,2463.0,2463.0,2463.0,2463.0,2463.0,2463.0,2463.0,2463.0,2463.0,2463.0,2463.0,3.0,,,0.3,361.2186,349.8619,339.303,329.8253,321.6028,314.7021,309.1048,304.7412,301.5291,299.4099,298.3781,298.499,299.9117,302.8142,307.4293,313.9524,322.4891,332.9947,345.2331,358.7687,372.9999403082516,372.9999464415642,701.957,92.2749,1597.2424,48.868
2464,2464,2464.0,2464.0,2464.0,2464.0,2464.0,2464.0,2464.0,2464.0,2464.0,2464.0,2464.0,2464.0,2464.0,2464.0,2464.0,2464.0,2464.0,2464.0,2464.0,2464.0,2464.0,2464.0,2464.0,2464.0,2464.0,2464.0,2464.0,2464.0,2464.0,2464.0,2464.0,2464.0,2464.0,2464.0,2464.0,2464.0,2464.0,2464.0,2464.0,2464.0,2464.0,2464.0,2464.0,2464.0,2464.0,2464.0,2464.0,4.0,,,0.4,364.2001,355.5968,347.3792,339.7226,332.7841,326.6998,321.5851,317.5361,314.6324,312.9388,312.5073,313.3755,315.5639,319.0707,323.8649,329.8797,337.007,345.0951,353.9493,363.3374,372.9999464428857,372.9999359453879,794.2319,99.1096,1504.9675,48.868
2465,2465,2465.0,2465.0,2465.0,2465.0,2465.0,2465.0,2465.0,2465.0,2465.0,2465.0,2465.0,2465.0,2465.0,2465.0,2465.0,2465.0,2465.0,2465.0,2465.0,2465.0,2465.0,2465.0,2465.0,2465.0,2465.0,2465.0,2465.0,2465.0,2465.0,2465.0,2465.0,2465.0,2465.0,2465.0,2465.0,2465.0,2465.0,2465.0,2465.0,2465.0,2465.0,2465.0,2465.0,2465.0,2465.0,2465.0,2465.0,5.0,,,0.5,366.0275,359.2032,352.6725,346.5746,341.0403,336.1892,332.1278,328.9474,326.7224,325.5091,325.3433,326.24,328.191,331.1647,335.1049,339.9311,345.5391,351.8027,358.5764,365.6995,372.9999521170988,372.9996133430668,893.3415,149.6105,1405.8579,48.868
2466,2466,2466.0,2466.0,2466.0,2466.0,2466.0,2466.0,2466.0,2466.0,2466.0,2466.0,2466.0,2466.0,2466.0,2466.0,2466.0,2466.0,2466.0,2466.0,2466.0,2466.0,2466.0,2466.0,2466.0,2466.0,2466.0,2466.0,2466.0,2466.0,2466.0,2466.0,2466.0,2466.0,2466.0,2466.0,2466.0,2466.0,2466.0,2466.0,2466.0,2466.0,2466.0,2466.0,2466.0,2466.0,2466.0,2466.0,2466.0,6.0,,,0.6,367.4727,362.0651,356.8946,352.0737,347.7079,343.8938,340.7165,338.2481,336.5461,335.6514,335.5881,336.3618,337.9592,340.3487,343.4797,347.2843,351.6782,356.5623,361.8256,367.3472,372.999974353052,372.9996313949322,1042.952,216.3554999999999,1256.2474,48.868
2467,2467,2467.0,2467.0,2467.0,2467.0,2467.0,2467.0,2467.0,2467.0,2467.0,2467.0,2467.0,2467.0,2467.0,2467.0,2467.0,2467.0,2467.0,2467.0,2467.0,2467.0,2467.0,2467.0,2467.0,2467.0,2467.0,2467.0,2467.0,2467.0,2467.0,2467.0,2467.0,2467.0,2467.0,2467.0,2467.0,2467.0,2467.0,2467.0,2467.0,2467.0,2467.0,2467.0,2467.0,2467.0,2467.0,2467.0,2467.0,7.0,,,0.7,368.6368,364.3695,360.2921,356.4944,353.0605,350.0667,347.5801,345.6565,344.3401,343.6615,343.6373,344.2698,345.5463,347.4396,349.9086,352.8987,356.3433,360.1651,364.2779,368.5887,372.9999333523642,372.9995982621718,1259.3075,285.1676000000002,1039.8919,48.868
2468,2468,2468.0,2468.0,2468.0,2468.0,2468.0,2468.0,2468.0,2468.0,2468.0,2468.0,2468.0,2468.0,2468.0,2468.0,2468.0,2468.0,2468.0,2468.0,2468.0,2468.0,2468.0,2468.0,2468.0,2468.0,2468.0,2468.0,2468.0,2468.0,2468.0,2468.0,2468.0,2468.0,2468.0,2468.0,2468.0,2468.0,2468.0,2468.0,2468.0,2468.0,2468.0,2468.0,2468.0,2468.0,2468.0,2468.0,2468.0,8.0,,,0.8,369.5649,366.206,362.9977,360.0113,357.3131,354.9632,353.0143,351.51,350.4844,349.9609,349.9516,350.4575,351.4679,352.9606,354.9028,357.2512,359.9535,362.9491,366.1709,369.5464,372.9994686579704,372.9999603506857,1544.4751,349.1809999999998,754.7242999999999,48.868
2469,2469,2469.0,2469.0,2469.0,2469.0,2469.0,2469.0,2469.0,2469.0,2469.0,2469.0,2469.0,2469.0,2469.0,2469.0,2469.0,2469.0,2469.0,2469.0,2469.0,2469.0,2469.0,2469.0,2469.0,2469.0,2469.0,2469.0,2469.0,2469.0,2469.0,2469.0,2469.0,2469.0,2469.0,2469.0,2469.0,2469.0,2469.0,2469.0,2469.0,2469.0,2469.0,2469.0,2469.0,2469.0,2469.0,2469.0,2469.0,9.0,,,0.9,370.299,367.6587,365.1372,362.7907,360.6715,358.8269,357.2982,356.1195,355.3174,354.9099,354.9063,355.3071,356.1034,357.2777,358.8039,360.648,362.7688,365.1189,367.6456,370.2924,372.99974313283496,372.9992964122214,1893.6561,405.5433,405.5433,48.868
2470,2470,2470.0,2470.0,2470.0,2470.0,2470.0,2470.0,2470.0,2470.0,2470.0,2470.0,2470.0,2470.0,2470.0,2470.0,2470.0,2470.0,2470.0,2470.0,2470.0,2470.0,2470.0,2470.0,2470.0,2470.0,2470.0,2470.0,2470.0,2470.0,2470.0,2470.0,2470.0,2470.0,2470.0,2470.0,2470.0,2470.0,2470.0,2470.0,2470.0,2470.0,2470.0,2470.0,2470.0,2470.0,2470.0,2470.0,2470.0,0.0,,,0.0,273.0,273.0,273.0,273.0,273.0,273.0,273.0,273.0,273.0,273.0,273.0,273.0,273.0,273.0,273.0,273.0,273.0,273.0,273.0,273.0,372.99992583523374,372.9999335625205,0.0,368.7879,2299.1979,48.868
2471,2471,2471.0,2471.0,2471.0,2471.0,2471.0,2471.0,2471.0,2471.0,2471.0,2471.0,2471.0,2471.0,2471.0,2471.0,2471.0,2471.0,2471.0,2471.0,2471.0,2471.0,2471.0,2471.0,2471.0,2471.0,2471.0,2471.0,2471.0,2471.0,2471.0,2471.0,2471.0,2471.0,2471.0,2471.0,2471.0,2471.0,2471.0,2471.0,2471.0,2471.0,2471.0,2471.0,2471.0,2471.0,2471.0,2471.0,2471.0,1.0,,,0.1,355.9582,339.696,324.8873,312.0201,301.3574,292.9443,286.6547,282.2609,279.5107,278.1944,278.1944,279.5107,282.2609,286.6547,292.9443,301.3574,312.0201,324.8873,339.696,355.9582,324.09126777804755,273.00001268842954,368.7879,174.5229,1930.4100000000003,48.868
2472,2472,2472.0,2472.0,2472.0,2472.0,2472.0,2472.0,2472.0,2472.0,2472.0,2472.0,2472.0,2472.0,2472.0,2472.0,2472.0,2472.0,2472.0,2472.0,2472.0,2472.0,2472.0,2472.0,2472.0,2472.0,2472.0,2472.0,2472.0,2472.0,2472.0,2472.0,2472.0,2472.0,2472.0,2472.0,2472.0,2472.0,2472.0,2472.0,2472.0,2472.0,2472.0,2472.0,2472.0,2472.0,2472.0,2472.0,2472.0,2.0,,,0.2,320.5011,316.8388,313.0677,309.2116,305.3633,301.6734,298.3255,295.5008,293.3422,291.9227,291.2212,291.1111,291.3618,291.6584,291.6394,290.9509,289.3114,286.5739,282.7699,278.1192,372.9999009792583,372.999929965198,543.3108,158.64620000000002,1755.8871000000004,48.868
2473,2473,2473.0,2473.0,2473.0,2473.0,2473.0,2473.0,2473.0,2473.0,2473.0,2473.0,2473.0,2473.0,2473.0,2473.0,2473.0,2473.0,2473.0,2473.0,2473.0,2473.0,2473.0,2473.0,2473.0,2473.0,2473.0,2473.0,2473.0,2473.0,2473.0,2473.0,2473.0,2473.0,2473.0,2473.0,2473.0,2473.0,2473.0,2473.0,2473.0,2473.0,2473.0,2473.0,2473.0,2473.0,2473.0,2473.0,2473.0,3.0,,,0.3,361.2188,349.862,339.3031,329.8254,321.6028,314.7021,309.1048,304.7413,301.5291,299.4099,298.3781,298.499,299.9117,302.8142,307.4293,313.9524,322.4891,332.9947,345.2331,358.7687,372.9997085038501,372.9999999937568,701.957,92.27499999999998,1597.2409000000002,48.868
2474,2474,2474.0,2474.0,2474.0,2474.0,2474.0,2474.0,2474.0,2474.0,2474.0,2474.0,2474.0,2474.0,2474.0,2474.0,2474.0,2474.0,2474.0,2474.0,2474.0,2474.0,2474.0,2474.0,2474.0,2474.0,2474.0,2474.0,2474.0,2474.0,2474.0,2474.0,2474.0,2474.0,2474.0,2474.0,2474.0,2474.0,2474.0,2474.0,2474.0,2474.0,2474.0,2474.0,2474.0,2474.0,2474.0,2474.0,2474.0,4.0,,,0.4,364.1999,355.5966,347.3791,339.7226,332.784,326.6998,321.5851,317.5361,314.6324,312.9388,312.5073,313.3755,315.564,319.0708,323.8649,329.8797,337.0071,345.0952,353.9493,363.3375,372.9999445445348,372.9999359438723,794.232,99.10950000000004,1504.9659,48.868
2475,2475,2475.0,2475.0,2475.0,2475.0,2475.0,2475.0,2475.0,2475.0,2475.0,2475.0,2475.0,2475.0,2475.0,2475.0,2475.0,2475.0,2475.0,2475.0,2475.0,2475.0,2475.0,2475.0,2475.0,2475.0,2475.0,2475.0,2475.0,2475.0,2475.0,2475.0,2475.0,2475.0,2475.0,2475.0,2475.0,2475.0,2475.0,2475.0,2475.0,2475.0,2475.0,2475.0,2475.0,2475.0,2475.0,2475.0,2475.0,5.0,,,0.5,366.0274,359.2032,352.6725,346.5746,341.0403,336.1892,332.1278,328.9474,326.7224,325.5091,325.3433,326.24,328.191,331.1647,335.1049,339.9311,345.5391,351.8027,358.5764,365.6995,372.99971856632055,372.9995131654992,893.3415,149.6101000000001,1405.8564,48.868
2476,2476,2476.0,2476.0,2476.0,2476.0,2476.0,2476.0,2476.0,2476.0,2476.0,2476.0,2476.0,2476.0,2476.0,2476.0,2476.0,2476.0,2476.0,2476.0,2476.0,2476.0,2476.0,2476.0,2476.0,2476.0,2476.0,2476.0,2476.0,2476.0,2476.0,2476.0,2476.0,2476.0,2476.0,2476.0,2476.0,2476.0,2476.0,2476.0,2476.0,2476.0,2476.0,2476.0,2476.0,2476.0,2476.0,2476.0,2476.0,6.0,,,0.6,367.4725,362.065,356.8945,352.0736,347.7079,343.8938,340.7165,338.2481,336.546,335.6514,335.5881,336.3618,337.9592,340.3486,343.4797,347.2843,351.6781,356.5623,361.8256,367.3471,372.999974353052,372.9996313949322,1042.9516,216.3549999999998,1256.2463,48.868
2477,2477,2477.0,2477.0,2477.0,2477.0,2477.0,2477.0,2477.0,2477.0,2477.0,2477.0,2477.0,2477.0,2477.0,2477.0,2477.0,2477.0,2477.0,2477.0,2477.0,2477.0,2477.0,2477.0,2477.0,2477.0,2477.0,2477.0,2477.0,2477.0,2477.0,2477.0,2477.0,2477.0,2477.0,2477.0,2477.0,2477.0,2477.0,2477.0,2477.0,2477.0,2477.0,2477.0,2477.0,2477.0,2477.0,2477.0,2477.0,7.0,,,0.7,368.6368,364.3695,360.292,356.4943,353.0605,350.0667,347.58,345.6565,344.3401,343.6615,343.6373,344.2698,345.5462,347.4396,349.9086,352.8987,356.3433,360.1651,364.2779,368.5887,372.99993706951614,372.9995982637164,1259.3066,285.16730000000007,1039.8913000000002,48.868
2478,2478,2478.0,2478.0,2478.0,2478.0,2478.0,2478.0,2478.0,2478.0,2478.0,2478.0,2478.0,2478.0,2478.0,2478.0,2478.0,2478.0,2478.0,2478.0,2478.0,2478.0,2478.0,2478.0,2478.0,2478.0,2478.0,2478.0,2478.0,2478.0,2478.0,2478.0,2478.0,2478.0,2478.0,2478.0,2478.0,2478.0,2478.0,2478.0,2478.0,2478.0,2478.0,2478.0,2478.0,2478.0,2478.0,2478.0,2478.0,8.0,,,0.8,369.5649,366.206,362.9977,360.0113,357.313,354.9632,353.0143,351.51,350.4844,349.9608,349.9516,350.4575,351.4679,352.9606,354.9028,357.2512,359.9535,362.9491,366.1709,369.5464,372.99978659539727,372.9994416611156,1544.4739,349.1807000000001,754.7240000000002,48.868
2479,2479,2479.0,2479.0,2479.0,2479.0,2479.0,2479.0,2479.0,2479.0,2479.0,2479.0,2479.0,2479.0,2479.0,2479.0,2479.0,2479.0,2479.0,2479.0,2479.0,2479.0,2479.0,2479.0,2479.0,2479.0,2479.0,2479.0,2479.0,2479.0,2479.0,2479.0,2479.0,2479.0,2479.0,2479.0,2479.0,2479.0,2479.0,2479.0,2479.0,2479.0,2479.0,2479.0,2479.0,2479.0,2479.0,2479.0,2479.0,9.0,,,0.9,370.2993,367.6589,365.1373,362.7908,360.6716,358.827,357.2982,356.1195,355.3173,354.9098,354.9063,355.3071,356.1034,357.2777,358.8038,360.6479,362.7686,365.1186,367.6453,370.292,372.9998424610217,372.998880042172,1893.6546,405.5433,405.5433,48.868
2480,2480,2480.0,2480.0,2480.0,2480.0,2480.0,2480.0,2480.0,2480.0,2480.0,2480.0,2480.0,2480.0,2480.0,2480.0,2480.0,2480.0,2480.0,2480.0,2480.0,2480.0,2480.0,2480.0,2480.0,2480.0,2480.0,2480.0,2480.0,2480.0,2480.0,2480.0,2480.0,2480.0,2480.0,2480.0,2480.0,2480.0,2480.0,2480.0,2480.0,2480.0,2480.0,2480.0,2480.0,2480.0,2480.0,2480.0,2480.0,0.0,,,0.0,273.0,273.0,273.0,273.0,273.0,273.0,273.0,273.0,273.0,273.0,273.0,273.0,273.0,273.0,273.0,273.0,273.0,273.0,273.0,273.0,372.99992583523374,372.9999335625205,0.0,368.7879,2297.1442,48.87189999999998
2481,2481,2481.0,2481.0,2481.0,2481.0,2481.0,2481.0,2481.0,2481.0,2481.0,2481.0,2481.0,2481.0,2481.0,2481.0,2481.0,2481.0,2481.0,2481.0,2481.0,2481.0,2481.0,2481.0,2481.0,2481.0,2481.0,2481.0,2481.0,2481.0,2481.0,2481.0,2481.0,2481.0,2481.0,2481.0,2481.0,2481.0,2481.0,2481.0,2481.0,2481.0,2481.0,2481.0,2481.0,2481.0,2481.0,2481.0,2481.0,1.0,,,0.1,355.9582,339.696,324.8873,312.0201,301.3574,292.9443,286.6547,282.2609,279.5107,278.1944,278.1944,279.5107,282.2609,286.6547,292.9443,301.3574,312.0201,324.8873,339.696,355.9582,323.3793235494079,273.9812721654004,368.7879,174.14659999999998,1928.3563000000004,48.87189999999998
2482,2482,2482.0,2482.0,2482.0,2482.0,2482.0,2482.0,2482.0,2482.0,2482.0,2482.0,2482.0,2482.0,2482.0,2482.0,2482.0,2482.0,2482.0,2482.0,2482.0,2482.0,2482.0,2482.0,2482.0,2482.0,2482.0,2482.0,2482.0,2482.0,2482.0,2482.0,2482.0,2482.0,2482.0,2482.0,2482.0,2482.0,2482.0,2482.0,2482.0,2482.0,2482.0,2482.0,2482.0,2482.0,2482.0,2482.0,2482.0,2.0,,,0.2,319.9105,316.3641,312.6985,308.9344,305.1626,301.534,298.2334,295.4446,293.314,291.9181,291.2399,291.1568,291.4428,291.7873,291.8326,291.2279,289.6937,287.0828,283.4242,278.9332,372.99995755995,372.99971856632055,542.9345,157.3646,1754.2097000000003,48.87189999999998
2483,2483,2483.0,2483.0,2483.0,2483.0,2483.0,2483.0,2483.0,2483.0,2483.0,2483.0,2483.0,2483.0,2483.0,2483.0,2483.0,2483.0,2483.0,2483.0,2483.0,2483.0,2483.0,2483.0,2483.0,2483.0,2483.0,2483.0,2483.0,2483.0,2483.0,2483.0,2483.0,2483.0,2483.0,2483.0,2483.0,2483.0,2483.0,2483.0,2483.0,2483.0,2483.0,2483.0,2483.0,2483.0,2483.0,2483.0,2483.0,3.0,,,0.3,361.1851,349.7985,339.2168,329.7258,321.5002,314.6066,309.0255,304.6856,301.5026,299.416,298.4184,298.5729,300.016,302.9433,307.5747,314.1032,322.6325,333.1174,345.3229,358.816,372.9998260644205,372.9999591805844,700.2991,91.67340000000002,1596.8451000000005,48.87189999999998
2484,2484,2484.0,2484.0,2484.0,2484.0,2484.0,2484.0,2484.0,2484.0,2484.0,2484.0,2484.0,2484.0,2484.0,2484.0,2484.0,2484.0,2484.0,2484.0,2484.0,2484.0,2484.0,2484.0,2484.0,2484.0,2484.0,2484.0,2484.0,2484.0,2484.0,2484.0,2484.0,2484.0,2484.0,2484.0,2484.0,2484.0,2484.0,2484.0,2484.0,2484.0,2484.0,2484.0,2484.0,2484.0,2484.0,2484.0,2484.0,4.0,,,0.4,364.1894,355.5766,347.3518,339.6911,332.7519,326.6708,321.5631,317.5243,314.6331,312.9536,312.5364,313.4179,315.6174,319.132,323.9299,329.9437,337.0655,345.1435,353.9838,363.3554,372.9999648450108,372.9999464430832,791.9725,98.95950000000003,1505.1717000000003,48.87189999999998
2485,2485,2485.0,2485.0,2485.0,2485.0,2485.0,2485.0,2485.0,2485.0,2485.0,2485.0,2485.0,2485.0,2485.0,2485.0,2485.0,2485.0,2485.0,2485.0,2485.0,2485.0,2485.0,2485.0,2485.0,2485.0,2485.0,2485.0,2485.0,2485.0,2485.0,2485.0,2485.0,2485.0,2485.0,2485.0,2485.0,2485.0,2485.0,2485.0,2485.0,2485.0,2485.0,2485.0,2485.0,2485.0,2485.0,2485.0,2485.0,5.0,,,0.5,366.0247,359.1982,352.6659,346.5676,341.0341,336.1852,332.1272,328.9514,326.7317,325.524,325.3637,326.2652,328.22,331.196,335.1368,339.9616,345.5663,351.8249,358.5921,365.7076,372.99995212137753,372.9996133430668,890.932,149.62969999999996,1406.2122000000002,48.87189999999998
2486,2486,2486.0,2486.0,2486.0,2486.0,2486.0,2486.0,2486.0,2486.0,2486.0,2486.0,2486.0,2486.0,2486.0,2486.0,2486.0,2486.0,2486.0,2486.0,2486.0,2486.0,2486.0,2486.0,2486.0,2486.0,2486.0,2486.0,2486.0,2486.0,2486.0,2486.0,2486.0,2486.0,2486.0,2486.0,2486.0,2486.0,2486.0,2486.0,2486.0,2486.0,2486.0,2486.0,2486.0,2486.0,2486.0,2486.0,2486.0,6.0,,,0.6,367.4727,362.0653,356.8952,352.075,347.7104,343.8979,340.7225,338.2564,336.5566,335.6643,335.6031,336.3784,337.977,340.3669,343.4975,347.3008,351.6926,356.5739,361.8337,367.3514,372.999974353052,372.9996313949322,1040.5617,216.43360000000007,1256.5825000000002,48.87189999999998
2487,2487,2487.0,2487.0,2487.0,2487.0,2487.0,2487.0,2487.0,2487.0,2487.0,2487.0,2487.0,2487.0,2487.0,2487.0,2487.0,2487.0,2487.0,2487.0,2487.0,2487.0,2487.0,2487.0,2487.0,2487.0,2487.0,2487.0,2487.0,2487.0,2487.0,2487.0,2487.0,2487.0,2487.0,2487.0,2487.0,2487.0,2487.0,2487.0,2487.0,2487.0,2487.0,2487.0,2487.0,2487.0,2487.0,2487.0,2487.0,7.0,,,0.7,368.6376,364.3712,360.2947,356.4981,353.0653,350.0727,347.5872,345.6649,344.3496,343.672,343.6487,344.2816,345.5583,347.4514,349.9198,352.9089,356.352,360.172,364.2827,368.5911,372.9998606868558,372.9988411615181,1256.9953,285.2599,1040.1489,48.87189999999998
2488,2488,2488.0,2488.0,2488.0,2488.0,2488.0,2488.0,2488.0,2488.0,2488.0,2488.0,2488.0,2488.0,2488.0,2488.0,2488.0,2488.0,2488.0,2488.0,2488.0,2488.0,2488.0,2488.0,2488.0,2488.0,2488.0,2488.0,2488.0,2488.0,2488.0,2488.0,2488.0,2488.0,2488.0,2488.0,2488.0,2488.0,2488.0,2488.0,2488.0,2488.0,2488.0,2488.0,2488.0,2488.0,2488.0,2488.0,2488.0,8.0,,,0.8,369.5658,366.2079,363.0006,360.0151,357.3179,354.9689,353.0209,351.5173,350.4924,349.9693,349.9603,350.4663,351.4765,352.9689,354.9104,357.2579,359.959,362.9533,366.1735,369.5473,372.9998260644205,372.9984616516986,1542.2552,349.26890000000003,754.8890000000001,48.87189999999998
2489,2489,2489.0,2489.0,2489.0,2489.0,2489.0,2489.0,2489.0,2489.0,2489.0,2489.0,2489.0,2489.0,2489.0,2489.0,2489.0,2489.0,2489.0,2489.0,2489.0,2489.0,2489.0,2489.0,2489.0,2489.0,2489.0,2489.0,2489.0,2489.0,2489.0,2489.0,2489.0,2489.0,2489.0,2489.0,2489.0,2489.0,2489.0,2489.0,2489.0,2489.0,2489.0,2489.0,2489.0,2489.0,2489.0,2489.0,2489.0,9.0,,,0.9,370.3002,367.6607,365.14,362.7943,360.6758,358.8319,357.3037,356.1255,355.3237,354.9165,354.913,355.3137,356.1098,357.2836,358.8092,360.6525,362.7723,365.1213,367.6468,370.2923,372.99951343381,372.9987074980534,1891.5241,405.6201000000001,405.6201000000001,48.87189999999998
2490,2490,2490.0,2490.0,2490.0,2490.0,2490.0,2490.0,2490.0,2490.0,2490.0,2490.0,2490.0,2490.0,2490.0,2490.0,2490.0,2490.0,2490.0,2490.0,2490.0,2490.0,2490.0,2490.0,2490.0,2490.0,2490.0,2490.0,2490.0,2490.0,2490.0,2490.0,2490.0,2490.0,2490.0,2490.0,2490.0,2490.0,2490.0,2490.0,2490.0,2490.0,2490.0,2490.0,2490.0,2490.0,2490.0,2490.0,2490.0,0.0,,,0.0,273.0,273.0,273.0,273.0,273.0,273.0,273.0,273.0,273.0,273.0,273.0,273.0,273.0,273.0,273.0,273.0,273.0,273.0,273.0,273.0,372.99999229839045,372.9999220084953,0.0,368.7879,2298.9702,48.86840000000001
2491,2491,2491.0,2491.0,2491.0,2491.0,2491.0,2491.0,2491.0,2491.0,2491.0,2491.0,2491.0,2491.0,2491.0,2491.0,2491.0,2491.0,2491.0,2491.0,2491.0,2491.0,2491.0,2491.0,2491.0,2491.0,2491.0,2491.0,2491.0,2491.0,2491.0,2491.0,2491.0,2491.0,2491.0,2491.0,2491.0,2491.0,2491.0,2491.0,2491.0,2491.0,2491.0,2491.0,2491.0,2491.0,2491.0,2491.0,2491.0,1.0,,,0.1,355.9583,339.696,324.8873,312.0202,301.3574,292.9443,286.6547,282.2609,279.5107,278.1944,278.1944,279.5107,282.2609,286.6547,292.9443,301.3574,312.0201,324.8873,339.696,355.9582,324.01319788565115,273.1073982946492,368.7879,174.4816,1930.1823000000004,48.86840000000001
2492,2492,2492.0,2492.0,2492.0,2492.0,2492.0,2492.0,2492.0,2492.0,2492.0,2492.0,2492.0,2492.0,2492.0,2492.0,2492.0,2492.0,2492.0,2492.0,2492.0,2492.0,2492.0,2492.0,2492.0,2492.0,2492.0,2492.0,2492.0,2492.0,2492.0,2492.0,2492.0,2492.0,2492.0,2492.0,2492.0,2492.0,2492.0,2492.0,2492.0,2492.0,2492.0,2492.0,2492.0,2492.0,2492.0,2492.0,2492.0,2.0,,,0.2,320.4363,316.7867,313.0272,309.1812,305.3413,301.6582,298.3154,295.4946,293.3391,291.9222,291.2233,291.1161,291.3706,291.6725,291.6606,290.9812,289.3532,286.6296,282.8415,278.2082,372.99994040622,372.9997264370015,543.2695,158.50549999999998,1755.7007000000003,48.86840000000001
2493,2493,2493.0,2493.0,2493.0,2493.0,2493.0,2493.0,2493.0,2493.0,2493.0,2493.0,2493.0,2493.0,2493.0,2493.0,2493.0,2493.0,2493.0,2493.0,2493.0,2493.0,2493.0,2493.0,2493.0,2493.0,2493.0,2493.0,2493.0,2493.0,2493.0,2493.0,2493.0,2493.0,2493.0,2493.0,2493.0,2493.0,2493.0,2493.0,2493.0,2493.0,2493.0,2493.0,2493.0,2493.0,2493.0,2493.0,2493.0,3.0,,,0.3,361.2151,349.855,339.2936,329.8145,321.5916,314.6916,309.0961,304.7352,301.5262,299.4106,298.3825,298.5071,299.9231,302.8283,307.4452,313.9689,322.5047,333.0081,345.2428,358.7737,372.99979009499566,372.9999692339383,701.775,92.2092,1597.1952000000003,48.86840000000001
2494,2494,2494.0,2494.0,2494.0,2494.0,2494.0,2494.0,2494.0,2494.0,2494.0,2494.0,2494.0,2494.0,2494.0,2494.0,2494.0,2494.0,2494.0,2494.0,2494.0,2494.0,2494.0,2494.0,2494.0,2494.0,2494.0,2494.0,2494.0,2494.0,2494.0,2494.0,2494.0,2494.0,2494.0,2494.0,2494.0,2494.0,2494.0,2494.0,2494.0,2494.0,2494.0,2494.0,2494.0,2494.0,2494.0,2494.0,2494.0,4.0,,,0.4,364.1988,355.5945,347.3761,339.7191,332.7805,326.6966,321.5827,317.5348,314.6324,312.9404,312.5104,313.3801,315.5698,319.0774,323.872,329.8867,337.0134,345.1004,353.953,363.3394,372.99996484768246,372.9999464393412,793.9842,99.09310000000004,1504.9860000000003,48.86840000000001
2495,2495,2495.0,2495.0,2495.0,2495.0,2495.0,2495.0,2495.0,2495.0,2495.0,2495.0,2495.0,2495.0,2495.0,2495.0,2495.0,2495.0,2495.0,2495.0,2495.0,2495.0,2495.0,2495.0,2495.0,2495.0,2495.0,2495.0,2495.0,2495.0,2495.0,2495.0,2495.0,2495.0,2495.0,2495.0,2495.0,2495.0,2495.0,2495.0,2495.0,2495.0,2495.0,2495.0,2495.0,2495.0,2495.0,2495.0,2495.0,5.0,,,0.5,366.0272,359.2027,352.6718,346.5739,341.0396,336.1888,332.1277,328.9478,326.7234,325.5107,325.3456,326.2427,328.1942,331.1681,335.1083,339.9344,345.542,351.8051,358.5782,365.7004,372.9996728009506,372.9996177069829,893.0773,149.61219999999992,1405.8929000000005,48.86840000000001
2496,2496,2496.0,2496.0,2496.0,2496.0,2496.0,2496.0,2496.0,2496.0,2496.0,2496.0,2496.0,2496.0,2496.0,2496.0,2496.0,2496.0,2496.0,2496.0,2496.0,2496.0,2496.0,2496.0,2496.0,2496.0,2496.0,2496.0,2496.0,2496.0,2496.0,2496.0,2496.0,2496.0,2496.0,2496.0,2496.0,2496.0,2496.0,2496.0,2496.0,2496.0,2496.0,2496.0,2496.0,2496.0,2496.0,2496.0,2496.0,6.0,,,0.6,367.4725,362.065,356.8945,352.0737,347.7081,343.8942,340.7171,338.249,336.5472,335.6528,335.5898,336.3636,337.9612,340.3506,343.4816,347.2861,351.6797,356.5636,361.8265,367.3477,372.999974353052,372.9996313949322,1042.6895,216.36350000000016,1256.2807000000005,48.86840000000001
2497,2497,2497.0,2497.0,2497.0,2497.0,2497.0,2497.0,2497.0,2497.0,2497.0,2497.0,2497.0,2497.0,2497.0,2497.0,2497.0,2497.0,2497.0,2497.0,2497.0,2497.0,2497.0,2497.0,2497.0,2497.0,2497.0,2497.0,2497.0,2497.0,2497.0,2497.0,2497.0,2497.0,2497.0,2497.0,2497.0,2497.0,2497.0,2497.0,2497.0,2497.0,2497.0,2497.0,2497.0,2497.0,2497.0,2497.0,2497.0,7.0,,,0.7,368.6368,364.3697,360.2923,356.4947,353.061,350.0673,347.5808,345.6574,344.3411,343.6626,343.6385,344.2711,345.5476,347.4409,349.9098,352.8998,356.3443,360.1659,364.2785,368.589,372.9996110682206,372.9991965200518,1259.053,285.17689999999993,1039.9172,48.86840000000001
2498,2498,2498.0,2498.0,2498.0,2498.0,2498.0,2498.0,2498.0,2498.0,2498.0,2498.0,2498.0,2498.0,2498.0,2498.0,2498.0,2498.0,2498.0,2498.0,2498.0,2498.0,2498.0,2498.0,2498.0,2498.0,2498.0,2498.0,2498.0,2498.0,2498.0,2498.0,2498.0,2498.0,2498.0,2498.0,2498.0,2498.0,2498.0,2498.0,2498.0,2498.0,2498.0,2498.0,2498.0,2498.0,2498.0,2498.0,2498.0,8.0,,,0.8,369.5647,366.206,362.9979,360.0115,357.3135,354.9638,353.0149,351.5108,350.4852,349.9617,349.9525,350.4585,351.4688,352.9615,354.9035,357.2518,359.954,362.9494,366.171,369.5462,372.99949100023264,372.9999603513763,1544.2299,349.1892,754.7403000000002,48.86840000000001
2499,2499,2499.0,2499.0,2499.0,2499.0,2499.0,2499.0,2499.0,2499.0,2499.0,2499.0,2499.0,2499.0,2499.0,2499.0,2499.0,2499.0,2499.0,2499.0,2499.0,2499.0,2499.0,2499.0,2499.0,2499.0,2499.0,2499.0,2499.0,2499.0,2499.0,2499.0,2499.0,2499.0,2499.0,2499.0,2499.0,2499.0,2499.0,2499.0,2499.0,2499.0,2499.0,2499.0,2499.0,2499.0,2499.0,2499.0,2499.0,9.0,,,0.9,370.2991,367.6588,365.1374,362.791,360.6719,358.8274,357.2987,356.1201,355.318,354.9105,354.907,355.3078,356.1041,357.2783,358.8045,360.6485,362.7692,365.1192,367.6458,370.2925,372.9999335625205,372.9995982609876,1893.4191,405.5511000000001,405.5511000000001,48.86840000000001
2500,2500,2500.0,2500.0,2500.0,2500.0,2500.0,2500.0,2500.0,2500.0,2500.0,2500.0,2500.0,2500.0,2500.0,2500.0,2500.0,2500.0,2500.0,2500.0,2500.0,2500.0,2500.0,2500.0,2500.0,2500.0,2500.0,2500.0,2500.0,2500.0,2500.0,2500.0,2500.0,2500.0,2500.0,2500.0,2500.0,2500.0,2500.0,2500.0,2500.0,2500.0,2500.0,2500.0,2500.0,2500.0,2500.0,2500.0,2500.0,0.0,,,0.0,273.0,273.0,273.0,273.0,273.0,273.0,273.0,273.0,273.0,273.0,273.0,273.0,273.0,273.0,273.0,273.0,273.0,273.0,273.0,273.0,372.9999384706471,372.9999730965281,0.0,368.7878,2298.374,48.86959999999999
2501,2501,2501.0,2501.0,2501.0,2501.0,2501.0,2501.0,2501.0,2501.0,2501.0,2501.0,2501.0,2501.0,2501.0,2501.0,2501.0,2501.0,2501.0,2501.0,2501.0,2501.0,2501.0,2501.0,2501.0,2501.0,2501.0,2501.0,2501.0,2501.0,2501.0,2501.0,2501.0,2501.0,2501.0,2501.0,2501.0,2501.0,2501.0,2501.0,2501.0,2501.0,2501.0,2501.0,2501.0,2501.0,2501.0,2501.0,2501.0,1.0,,,0.1,355.9582,339.696,324.8873,312.0201,301.3574,292.9443,286.6547,282.2609,279.5107,278.1944,278.1944,279.5107,282.2609,286.6547,292.9443,301.3574,312.0201,324.8873,339.696,355.9583,323.8073497174479,273.39098275651764,368.7878,174.37259999999998,1929.5862,48.86959999999999
2502,2502,2502.0,2502.0,2502.0,2502.0,2502.0,2502.0,2502.0,2502.0,2502.0,2502.0,2502.0,2502.0,2502.0,2502.0,2502.0,2502.0,2502.0,2502.0,2502.0,2502.0,2502.0,2502.0,2502.0,2502.0,2502.0,2502.0,2502.0,2502.0,2502.0,2502.0,2502.0,2502.0,2502.0,2502.0,2502.0,2502.0,2502.0,2502.0,2502.0,2502.0,2502.0,2502.0,2502.0,2502.0,2502.0,2502.0,2502.0,2.0,,,0.2,320.2656,316.6495,312.9205,309.1011,305.2833,301.6178,298.2888,295.4784,293.331,291.9208,291.2287,291.1293,291.3941,291.7098,291.7164,291.0613,289.4637,286.7767,283.0306,278.4435,372.9998328874568,372.9996844445614,543.1604,158.1345,1755.2136,48.86959999999999
2503,2503,2503.0,2503.0,2503.0,2503.0,2503.0,2503.0,2503.0,2503.0,2503.0,2503.0,2503.0,2503.0,2503.0,2503.0,2503.0,2503.0,2503.0,2503.0,2503.0,2503.0,2503.0,2503.0,2503.0,2503.0,2503.0,2503.0,2503.0,2503.0,2503.0,2503.0,2503.0,2503.0,2503.0,2503.0,2503.0,2503.0,2503.0,2503.0,2503.0,2503.0,2503.0,2503.0,2503.0,2503.0,2503.0,2503.0,2503.0,3.0,,,0.3,361.2053,349.8366,339.2686,329.7857,321.5619,314.664,309.0732,304.719,301.5185,299.4123,298.3942,298.5284,299.9532,302.8656,307.4872,314.0125,322.5462,333.0436,345.2688,358.7874,372.9999479318575,372.999913103923,701.2949,92.03499999999995,1597.0791,48.86959999999999
2504,2504,2504.0,2504.0,2504.0,2504.0,2504.0,2504.0,2504.0,2504.0,2504.0,2504.0,2504.0,2504.0,2504.0,2504.0,2504.0,2504.0,2504.0,2504.0,2504.0,2504.0,2504.0,2504.0,2504.0,2504.0,2504.0,2504.0,2504.0,2504.0,2504.0,2504.0,2504.0,2504.0,2504.0,2504.0,2504.0,2504.0,2504.0,2504.0,2504.0,2504.0,2504.0,2504.0,2504.0,2504.0,2504.0,2504.0,2504.0,4.0,,,0.4,364.1959,355.5888,347.3683,339.7101,332.7713,326.6882,321.5763,317.5314,314.6326,312.9447,312.5188,313.3923,315.5852,319.0951,323.8908,329.9052,337.0303,345.1144,353.963,363.3445,372.99994644627225,372.9999359435548,793.3299,99.04970000000004,1505.0440999999998,48.86959999999999
2505,2505,2505.0,2505.0,2505.0,2505.0,2505.0,2505.0,2505.0,2505.0,2505.0,2505.0,2505.0,2505.0,2505.0,2505.0,2505.0,2505.0,2505.0,2505.0,2505.0,2505.0,2505.0,2505.0,2505.0,2505.0,2505.0,2505.0,2505.0,2505.0,2505.0,2505.0,2505.0,2505.0,2505.0,2505.0,2505.0,2505.0,2505.0,2505.0,2505.0,2505.0,2505.0,2505.0,2505.0,2505.0,2505.0,2505.0,2505.0,5.0,,,0.5,366.0264,359.2012,352.6699,346.5718,341.0378,336.1876,332.1276,328.9489,326.7261,325.515,325.3514,326.25,328.2025,331.1771,335.1175,339.9432,345.5499,351.8115,358.5827,365.7027,372.9997724014596,372.9994941099828,892.3796,149.61789999999996,1405.9943999999998,48.86959999999999
2506,2506,2506.0,2506.0,2506.0,2506.0,2506.0,2506.0,2506.0,2506.0,2506.0,2506.0,2506.0,2506.0,2506.0,2506.0,2506.0,2506.0,2506.0,2506.0,2506.0,2506.0,2506.0,2506.0,2506.0,2506.0,2506.0,2506.0,2506.0,2506.0,2506.0,2506.0,2506.0,2506.0,2506.0,2506.0,2506.0,2506.0,2506.0,2506.0,2506.0,2506.0,2506.0,2506.0,2506.0,2506.0,2506.0,2506.0,2506.0,6.0,,,0.6,367.4725,362.0651,356.8947,352.0741,347.7089,343.8954,340.7189,338.2514,336.5502,335.6566,335.5941,336.3684,337.9663,340.3559,343.4867,347.2908,351.6839,356.5669,361.8288,367.3488,372.999974353052,372.9996313949322,1041.9975,216.3861,1256.3765,48.86959999999999
2507,2507,2507.0,2507.0,2507.0,2507.0,2507.0,2507.0,2507.0,2507.0,2507.0,2507.0,2507.0,2507.0,2507.0,2507.0,2507.0,2507.0,2507.0,2507.0,2507.0,2507.0,2507.0,2507.0,2507.0,2507.0,2507.0,2507.0,2507.0,2507.0,2507.0,2507.0,2507.0,2507.0,2507.0,2507.0,2507.0,2507.0,2507.0,2507.0,2507.0,2507.0,2507.0,2507.0,2507.0,2507.0,2507.0,2507.0,2507.0,7.0,,,0.7,368.6371,364.3702,360.2931,356.4958,353.0624,350.0691,347.5829,345.6598,344.3439,343.6657,343.6418,344.2745,345.551,347.4443,349.913,352.9027,356.3468,360.1678,364.2798,368.5897,372.9992014577027,372.999461312719,1258.3836,285.2033000000001,1039.9904,48.86959999999999
2508,2508,2508.0,2508.0,2508.0,2508.0,2508.0,2508.0,2508.0,2508.0,2508.0,2508.0,2508.0,2508.0,2508.0,2508.0,2508.0,2508.0,2508.0,2508.0,2508.0,2508.0,2508.0,2508.0,2508.0,2508.0,2508.0,2508.0,2508.0,2508.0,2508.0,2508.0,2508.0,2508.0,2508.0,2508.0,2508.0,2508.0,2508.0,2508.0,2508.0,2508.0,2508.0,2508.0,2508.0,2508.0,2508.0,2508.0,2508.0,8.0,,,0.8,369.5647,366.2063,362.9985,360.0125,357.3148,354.9653,353.0168,351.5129,350.4875,349.9641,349.955,350.461,351.4713,352.9639,354.9058,357.2539,359.9557,362.9508,366.172,369.5469,372.9998398781421,372.99969698784497,1543.5869,349.21440000000007,754.7870999999998,48.86959999999999
2509,2509,2509.0,2509.0,2509.0,2509.0,2509.0,2509.0,2509.0,2509.0,2509.0,2509.0,2509.0,2509.0,2509.0,2509.0,2509.0,2509.0,2509.0,2509.0,2509.0,2509.0,2509.0,2509.0,2509.0,2509.0,2509.0,2509.0,2509.0,2509.0,2509.0,2509.0,2509.0,2509.0,2509.0,2509.0,2509.0,2509.0,2509.0,2509.0,2509.0,2509.0,2509.0,2509.0,2509.0,2509.0,2509.0,2509.0,2509.0,9.0,,,0.9,370.2996,367.6595,365.1383,362.7921,360.6732,358.8288,357.3003,356.1218,355.3198,354.9124,354.9089,355.3097,356.106,357.2801,358.8061,360.6499,362.7703,365.12,367.6463,370.2927,372.9999197545756,372.9980045873848,1892.8013,405.5726999999997,405.5726999999997,48.86959999999999
2510,2510,2510.0,2510.0,2510.0,2510.0,2510.0,2510.0,2510.0,2510.0,2510.0,2510.0,2510.0,2510.0,2510.0,2510.0,2510.0,2510.0,2510.0,2510.0,2510.0,2510.0,2510.0,2510.0,2510.0,2510.0,2510.0,2510.0,2510.0,2510.0,2510.0,2510.0,2510.0,2510.0,2510.0,2510.0,2510.0,2510.0,2510.0,2510.0,2510.0,2510.0,2510.0,2510.0,2510.0,2510.0,2510.0,2510.0,2510.0,0.0,,,0.0,273.0,273.0,273.0,273.0,273.0,273.0,273.0,273.0,273.0,273.0,273.0,273.0,273.0,273.0,273.0,273.0,273.0,273.0,273.0,273.0,372.99992583523374,372.9999335625205,0.0,368.7879,2296.9816,48.87240000000003
2511,2511,2511.0,2511.0,2511.0,2511.0,2511.0,2511.0,2511.0,2511.0,2511.0,2511.0,2511.0,2511.0,2511.0,2511.0,2511.0,2511.0,2511.0,2511.0,2511.0,2511.0,2511.0,2511.0,2511.0,2511.0,2511.0,2511.0,2511.0,2511.0,2511.0,2511.0,2511.0,2511.0,2511.0,2511.0,2511.0,2511.0,2511.0,2511.0,2511.0,2511.0,2511.0,2511.0,2511.0,2511.0,2511.0,2511.0,2511.0,1.0,,,0.1,355.9582,339.696,324.8873,312.0201,301.3574,292.9443,286.6547,282.2609,279.5107,278.1944,278.1944,279.5107,282.2609,286.6547,292.9443,301.3574,312.0201,324.8873,339.696,355.9582,323.32197352937067,274.0602569731749,368.7879,174.11640000000006,1928.1937000000005,48.87240000000003
2512,2512,2512.0,2512.0,2512.0,2512.0,2512.0,2512.0,2512.0,2512.0,2512.0,2512.0,2512.0,2512.0,2512.0,2512.0,2512.0,2512.0,2512.0,2512.0,2512.0,2512.0,2512.0,2512.0,2512.0,2512.0,2512.0,2512.0,2512.0,2512.0,2512.0,2512.0,2512.0,2512.0,2512.0,2512.0,2512.0,2512.0,2512.0,2512.0,2512.0,2512.0,2512.0,2512.0,2512.0,2512.0,2512.0,2512.0,2512.0,2.0,,,0.2,319.8629,316.3258,312.6688,308.9121,305.1465,301.5228,298.226,295.4401,293.3117,291.9177,291.2413,291.1605,291.4493,291.7977,291.8481,291.2502,289.7244,287.1238,283.4769,278.9987,372.99995917812174,372.99971856632055,542.9043,157.26189999999997,1754.0773000000002,48.87240000000003
2513,2513,2513.0,2513.0,2513.0,2513.0,2513.0,2513.0,2513.0,2513.0,2513.0,2513.0,2513.0,2513.0,2513.0,2513.0,2513.0,2513.0,2513.0,2513.0,2513.0,2513.0,2513.0,2513.0,2513.0,2513.0,2513.0,2513.0,2513.0,2513.0,2513.0,2513.0,2513.0,2513.0,2513.0,2513.0,2513.0,2513.0,2513.0,2513.0,2513.0,2513.0,2513.0,2513.0,2513.0,2513.0,2513.0,2513.0,2513.0,3.0,,,0.3,361.1824,349.7934,339.2099,329.7178,321.4919,314.5989,309.0191,304.6811,301.5004,299.4165,298.4217,298.5788,300.0244,302.9537,307.5865,314.1154,322.6441,333.1273,345.3301,358.8198,372.9999186367082,372.999925041556,700.1662,91.625,1596.8154000000002,48.87240000000003
2514,2514,2514.0,2514.0,2514.0,2514.0,2514.0,2514.0,2514.0,2514.0,2514.0,2514.0,2514.0,2514.0,2514.0,2514.0,2514.0,2514.0,2514.0,2514.0,2514.0,2514.0,2514.0,2514.0,2514.0,2514.0,2514.0,2514.0,2514.0,2514.0,2514.0,2514.0,2514.0,2514.0,2514.0,2514.0,2514.0,2514.0,2514.0,2514.0,2514.0,2514.0,2514.0,2514.0,2514.0,2514.0,2514.0,2514.0,2514.0,4.0,,,0.4,364.1886,355.5751,347.3496,339.6885,332.7493,326.6685,321.5613,317.5233,314.6332,312.9548,312.5387,313.4213,315.6217,319.1369,323.9351,329.9489,337.0702,345.1473,353.9865,363.3568,372.9995982638679,372.9999464444616,791.7912,98.94730000000004,1505.1904000000002,48.87240000000003
2515,2515,2515.0,2515.0,2515.0,2515.0,2515.0,2515.0,2515.0,2515.0,2515.0,2515.0,2515.0,2515.0,2515.0,2515.0,2515.0,2515.0,2515.0,2515.0,2515.0,2515.0,2515.0,2515.0,2515.0,2515.0,2515.0,2515.0,2515.0,2515.0,2515.0,2515.0,2515.0,2515.0,2515.0,2515.0,2515.0,2515.0,2515.0,2515.0,2515.0,2515.0,2515.0,2515.0,2515.0,2515.0,2515.0,2515.0,2515.0,5.0,,,0.5,366.0242,359.1975,352.6652,346.5669,341.0335,336.1848,332.1272,328.9517,326.7325,325.5252,325.3654,326.2673,328.2224,331.1985,335.1393,339.9641,345.5685,351.8267,358.5934,365.7083,372.9999521145422,372.9996133430668,890.7385,149.63080000000002,1406.2431,48.87240000000003
2516,2516,2516.0,2516.0,2516.0,2516.0,2516.0,2516.0,2516.0,2516.0,2516.0,2516.0,2516.0,2516.0,2516.0,2516.0,2516.0,2516.0,2516.0,2516.0,2516.0,2516.0,2516.0,2516.0,2516.0,2516.0,2516.0,2516.0,2516.0,2516.0,2516.0,2516.0,2516.0,2516.0,2516.0,2516.0,2516.0,2516.0,2516.0,2516.0,2516.0,2516.0,2516.0,2516.0,2516.0,2516.0,2516.0,2516.0,2516.0,6.0,,,0.6,367.4727,362.0653,356.8952,352.0751,347.7106,343.8982,340.723,338.257,336.5574,335.6653,335.6043,336.3798,337.9784,340.3683,343.4989,347.3022,351.6938,356.5748,361.8344,367.3517,372.999974353052,372.9996313949322,1040.3693,216.43949999999995,1256.6123,48.87240000000003
2517,2517,2517.0,2517.0,2517.0,2517.0,2517.0,2517.0,2517.0,2517.0,2517.0,2517.0,2517.0,2517.0,2517.0,2517.0,2517.0,2517.0,2517.0,2517.0,2517.0,2517.0,2517.0,2517.0,2517.0,2517.0,2517.0,2517.0,2517.0,2517.0,2517.0,2517.0,2517.0,2517.0,2517.0,2517.0,2517.0,2517.0,2517.0,2517.0,2517.0,2517.0,2517.0,2517.0,2517.0,2517.0,2517.0,2517.0,2517.0,7.0,,,0.7,368.6377,364.3713,360.2949,356.4983,353.0656,350.0731,347.5878,345.6656,344.3504,343.6728,343.6496,344.2826,345.5592,347.4524,349.9207,352.9097,356.3527,360.1725,364.2831,368.5913,372.9998482379949,372.99930266861,1256.8088,285.2671,1040.1728,48.87240000000003
2518,2518,2518.0,2518.0,2518.0,2518.0,2518.0,2518.0,2518.0,2518.0,2518.0,2518.0,2518.0,2518.0,2518.0,2518.0,2518.0,2518.0,2518.0,2518.0,2518.0,2518.0,2518.0,2518.0,2518.0,2518.0,2518.0,2518.0,2518.0,2518.0,2518.0,2518.0,2518.0,2518.0,2518.0,2518.0,2518.0,2518.0,2518.0,2518.0,2518.0,2518.0,2518.0,2518.0,2518.0,2518.0,2518.0,2518.0,2518.0,8.0,,,0.8,369.5659,366.2081,363.0008,360.0154,357.3182,354.9694,353.0214,351.5179,350.493,349.9699,349.961,350.467,351.4773,352.9696,354.9111,357.2585,359.9596,362.9539,366.1741,369.5478,372.9999644269204,372.9996426005403,1542.0759,349.2766999999999,754.9057,48.87240000000003
2519,2519,2519.0,2519.0,2519.0,2519.0,2519.0,2519.0,2519.0,2519.0,2519.0,2519.0,2519.0,2519.0,2519.0,2519.0,2519.0,2519.0,2519.0,2519.0,2519.0,2519.0,2519.0,2519.0,2519.0,2519.0,2519.0,2519.0,2519.0,2519.0,2519.0,2519.0,2519.0,2519.0,2519.0,2519.0,2519.0,2519.0,2519.0,2519.0,2519.0,2519.0,2519.0,2519.0,2519.0,2519.0,2519.0,2519.0,2519.0,9.0,,,0.9,370.3004,367.6609,365.1402,362.7946,360.6762,358.8323,357.3042,356.126,355.3243,354.917,354.9136,355.3143,356.1104,357.2843,358.8099,360.6533,362.7732,365.1222,367.6478,370.2934,372.9999258368321,372.9995982615631,1891.3526,405.6290000000001,405.6290000000001,48.87240000000003
2520,2520,2520.0,2520.0,2520.0,2520.0,2520.0,2520.0,2520.0,2520.0,2520.0,2520.0,2520.0,2520.0,2520.0,2520.0,2520.0,2520.0,2520.0,2520.0,2520.0,2520.0,2520.0,2520.0,2520.0,2520.0,2520.0,2520.0,2520.0,2520.0,2520.0,2520.0,2520.0,2520.0,2520.0,2520.0,2520.0,2520.0,2520.0,2520.0,2520.0,2520.0,2520.0,2520.0,2520.0,2520.0,2520.0,2520.0,0.0,,,,0.0,273.0,273.0,273.0,273.0,273.0,273.0,273.0,273.0,273.0,273.0,273.0,273.0,273.0,273.0,273.0,273.0,273.0,273.0,273.0,273.0,372.9998981763382,372.9999335625205,0.0,368.7879,1375.5106,25.11110000000002
2521,2521,2521.0,2521.0,2521.0,2521.0,2521.0,2521.0,2521.0,2521.0,2521.0,2521.0,2521.0,2521.0,2521.0,2521.0,2521.0,2521.0,2521.0,2521.0,2521.0,2521.0,2521.0,2521.0,2521.0,2521.0,2521.0,2521.0,2521.0,2521.0,2521.0,2521.0,2521.0,2521.0,2521.0,2521.0,2521.0,2521.0,2521.0,2521.0,2521.0,2521.0,2521.0,2521.0,2521.0,2521.0,2521.0,2521.0,1.0,,,,0.1,355.9582,339.696,324.8873,312.0201,301.3574,292.9443,286.6546,282.2609,279.5107,278.1944,278.1944,279.5107,282.2609,286.6547,292.9443,301.3574,312.0201,324.8873,339.696,355.9582,226.27981276034456,273.09741173140367,368.7879,188.3045,1006.7227,25.11110000000002
2522,2522,2522.0,2522.0,2522.0,2522.0,2522.0,2522.0,2522.0,2522.0,2522.0,2522.0,2522.0,2522.0,2522.0,2522.0,2522.0,2522.0,2522.0,2522.0,2522.0,2522.0,2522.0,2522.0,2522.0,2522.0,2522.0,2522.0,2522.0,2522.0,2522.0,2522.0,2522.0,2522.0,2522.0,2522.0,2522.0,2522.0,2522.0,2522.0,2522.0,2522.0,2522.0,2522.0,2522.0,2522.0,2522.0,2522.0,2.0,,,,0.2,239.3608,251.609,262.3314,271.0796,277.6991,282.3149,285.266,287.0103,288.0234,288.7127,289.3555,290.068,290.803,291.3754,291.5096,290.9059,289.3152,286.609,282.8282,278.1975,244.9940689119396,372.9999723124228,557.0924,231.53650000000005,818.4182000000001,25.11110000000002
2523,2523,2523.0,2523.0,2523.0,2523.0,2523.0,2523.0,2523.0,2523.0,2523.0,2523.0,2523.0,2523.0,2523.0,2523.0,2523.0,2523.0,2523.0,2523.0,2523.0,2523.0,2523.0,2523.0,2523.0,2523.0,2523.0,2523.0,2523.0,2523.0,2523.0,2523.0,2523.0,2523.0,2523.0,2523.0,2523.0,2523.0,2523.0,2523.0,2523.0,2523.0,2523.0,2523.0,2523.0,2523.0,2523.0,2523.0,3.0,,,,0.3,250.1824,255.289,260.2321,264.9319,269.3164,273.3301,276.9455,280.1751,283.0827,285.7926,288.4955,291.4494,294.9708,299.4139,305.1342,312.4362,321.5135,332.3912,344.8882,358.6127,325.28393795931174,372.9998310001875,788.6289,146.98989999999992,586.8817,25.11110000000002
2524,2524,2524.0,2524.0,2524.0,2524.0,2524.0,2524.0,2524.0,2524.0,2524.0,2524.0,2524.0,2524.0,2524.0,2524.0,2524.0,2524.0,2524.0,2524.0,2524.0,2524.0,2524.0,2524.0,2524.0,2524.0,2524.0,2524.0,2524.0,2524.0,2524.0,2524.0,2524.0,2524.0,2524.0,2524.0,2524.0,2524.0,2524.0,2524.0,2524.0,2524.0,2524.0,2524.0,2524.0,2524.0,2524.0,2524.0,4.0,,,,0.4,316.1122,307.5295,300.0448,294.0257,289.6698,287.0118,285.9593,286.3432,287.971,290.6681,294.3037,298.7981,304.1161,310.2506,317.2023,324.9592,333.4806,342.6867,352.455,362.6233,372.9962469918521,372.9999470218903,935.6188,51.67380000000003,439.8918000000001,25.11110000000002
2525,2525,2525.0,2525.0,2525.0,2525.0,2525.0,2525.0,2525.0,2525.0,2525.0,2525.0,2525.0,2525.0,2525.0,2525.0,2525.0,2525.0,2525.0,2525.0,2525.0,2525.0,2525.0,2525.0,2525.0,2525.0,2525.0,2525.0,2525.0,2525.0,2525.0,2525.0,2525.0,2525.0,2525.0,2525.0,2525.0,2525.0,2525.0,2525.0,2525.0,2525.0,2525.0,2525.0,2525.0,2525.0,2525.0,2525.0,5.0,,,,0.5,359.5432,346.6902,334.9737,324.8161,316.4967,310.1495,305.7805,303.2996,302.5566,303.3738,305.5704,308.9775,313.4443,318.8377,325.0387,331.9362,339.4224,347.3876,355.7185,364.2968,372.9985713013523,372.9999358840673,987.2926,48.62899999999991,388.2180000000001,25.11110000000002
2526,2526,2526.0,2526.0,2526.0,2526.0,2526.0,2526.0,2526.0,2526.0,2526.0,2526.0,2526.0,2526.0,2526.0,2526.0,2526.0,2526.0,2526.0,2526.0,2526.0,2526.0,2526.0,2526.0,2526.0,2526.0,2526.0,2526.0,2526.0,2526.0,2526.0,2526.0,2526.0,2526.0,2526.0,2526.0,2526.0,2526.0,2526.0,2526.0,2526.0,2526.0,2526.0,2526.0,2526.0,2526.0,2526.0,2526.0,6.0,,,,0.6,363.8529,354.9827,346.6496,339.0881,332.496,327.0273,322.7889,319.8406,318.1993,317.8432,318.7195,320.751,323.8427,327.8877,332.7717,338.3764,344.5818,351.2671,358.3119,365.5961,372.9998260644205,372.99768108152887,1035.9216,100.6721,339.58900000000017,25.11110000000002
2527,2527,2527.0,2527.0,2527.0,2527.0,2527.0,2527.0,2527.0,2527.0,2527.0,2527.0,2527.0,2527.0,2527.0,2527.0,2527.0,2527.0,2527.0,2527.0,2527.0,2527.0,2527.0,2527.0,2527.0,2527.0,2527.0,2527.0,2527.0,2527.0,2527.0,2527.0,2527.0,2527.0,2527.0,2527.0,2527.0,2527.0,2527.0,2527.0,2527.0,2527.0,2527.0,2527.0,2527.0,2527.0,2527.0,2527.0,7.0,,,,0.7,366.2193,359.6138,353.3523,347.5916,342.4717,338.1111,334.6045,332.0204,330.4011,329.7631,330.0988,331.3783,333.5523,336.555,340.307,344.7177,349.6881,355.1127,360.8816,366.8817,201.5139947290596,173.00082333123686,1136.5937,86.26580000000013,238.91690000000017,25.11110000000002
2528,2528,2528.0,2528.0,2528.0,2528.0,2528.0,2528.0,2528.0,2528.0,2528.0,2528.0,2528.0,2528.0,2528.0,2528.0,2528.0,2528.0,2528.0,2528.0,2528.0,2528.0,2528.0,2528.0,2528.0,2528.0,2528.0,2528.0,2528.0,2528.0,2528.0,2528.0,2528.0,2528.0,2528.0,2528.0,2528.0,2528.0,2528.0,2528.0,2528.0,2528.0,2528.0,2528.0,2528.0,2528.0,2528.0,2528.0,8.0,,,,0.8,225.5534,248.3801,268.9581,286.563,300.8447,311.8114,319.7461,325.0827,328.2708,329.6562,329.393,327.399,323.3579,316.7704,307.0503,293.6593,276.2578,254.845,229.8514,202.1543,372.99947795359697,372.9987309889633,1222.8595,69.40460000000007,152.65110000000004,25.11110000000002
2529,2529,2529.0,2529.0,2529.0,2529.0,2529.0,2529.0,2529.0,2529.0,2529.0,2529.0,2529.0,2529.0,2529.0,2529.0,2529.0,2529.0,2529.0,2529.0,2529.0,2529.0,2529.0,2529.0,2529.0,2529.0,2529.0,2529.0,2529.0,2529.0,2529.0,2529.0,2529.0,2529.0,2529.0,2529.0,2529.0,2529.0,2529.0,2529.0,2529.0,2529.0,2529.0,2529.0,2529.0,2529.0,2529.0,2529.0,9.0,,,,0.9,360.1589,348.2074,337.8774,329.6259,323.5824,319.5686,317.1774,315.8872,315.1849,314.6722,314.1454,313.6364,313.4154,313.9512,315.8301,319.6404,325.8372,334.6134,345.8088,358.8878,372.99958968232687,372.9991042914232,1292.2641,83.24649999999997,83.24649999999997,25.11110000000002
2530,2530,2530.0,2530.0,2530.0,2530.0,2530.0,2530.0,2530.0,2530.0,2530.0,2530.0,2530.0,2530.0,2530.0,2530.0,2530.0,2530.0,2530.0,2530.0,2530.0,2530.0,2530.0,2530.0,2530.0,2530.0,2530.0,2530.0,2530.0,2530.0,2530.0,2530.0,2530.0,2530.0,2530.0,2530.0,2530.0,2530.0,2530.0,2530.0,2530.0,2530.0,2530.0,2530.0,2530.0,2530.0,2530.0,2530.0,0.0,,,,0.0,273.0,273.0,273.0,273.0,273.0,273.0,273.0,273.0,273.0,273.0,273.0,273.0,273.0,273.0,273.0,273.0,273.0,273.0,273.0,273.0,372.9998981763382,372.9999335625205,0.0,368.7879,2328.6305,-40.0
2531,2531,2531.0,2531.0,2531.0,2531.0,2531.0,2531.0,2531.0,2531.0,2531.0,2531.0,2531.0,2531.0,2531.0,2531.0,2531.0,2531.0,2531.0,2531.0,2531.0,2531.0,2531.0,2531.0,2531.0,2531.0,2531.0,2531.0,2531.0,2531.0,2531.0,2531.0,2531.0,2531.0,2531.0,2531.0,2531.0,2531.0,2531.0,2531.0,2531.0,2531.0,2531.0,2531.0,2531.0,2531.0,2531.0,2531.0,1.0,,,,0.1,355.9582,339.696,324.8873,312.0201,301.3574,292.9443,286.6546,282.2609,279.5107,278.1944,278.1944,279.5107,282.2609,286.6547,292.9443,301.3574,312.0201,324.8873,339.696,355.9582,225.4040402328494,273.93449511304334,368.7879,188.24420000000003,1959.8426000000004,-20.0557
2532,2532,2532.0,2532.0,2532.0,2532.0,2532.0,2532.0,2532.0,2532.0,2532.0,2532.0,2532.0,2532.0,2532.0,2532.0,2532.0,2532.0,2532.0,2532.0,2532.0,2532.0,2532.0,2532.0,2532.0,2532.0,2532.0,2532.0,2532.0,2532.0,2532.0,2532.0,2532.0,2532.0,2532.0,2532.0,2532.0,2532.0,2532.0,2532.0,2532.0,2532.0,2532.0,2532.0,2532.0,2532.0,2532.0,2532.0,2.0,,,,0.2,238.6343,251.025,261.8772,270.7384,277.452,282.1428,285.1516,286.9391,287.9848,288.7,289.3663,290.1041,290.8706,291.4845,291.6739,291.142,289.6413,287.0431,283.3864,278.8919,242.6786580030504,372.99994647356834,557.0321,232.54560000000004,1771.5984000000003,-30.857199999999978
2533,2533,2533.0,2533.0,2533.0,2533.0,2533.0,2533.0,2533.0,2533.0,2533.0,2533.0,2533.0,2533.0,2533.0,2533.0,2533.0,2533.0,2533.0,2533.0,2533.0,2533.0,2533.0,2533.0,2533.0,2533.0,2533.0,2533.0,2533.0,2533.0,2533.0,2533.0,2533.0,2533.0,2533.0,2533.0,2533.0,2533.0,2533.0,2533.0,2533.0,2533.0,2533.0,2533.0,2533.0,2533.0,2533.0,2533.0,3.0,,,,0.3,248.2196,253.6654,258.9227,263.9031,268.5298,272.7463,276.5273,279.8897,282.9026,285.6959,288.4652,291.472,295.0348,299.5088,305.2489,312.5592,321.6325,332.4939,344.9637,358.6527,339.4164851789841,372.99991551964814,789.5777,145.9398,1539.0528000000004,-40.25369999999998
2534,2534,2534.0,2534.0,2534.0,2534.0,2534.0,2534.0,2534.0,2534.0,2534.0,2534.0,2534.0,2534.0,2534.0,2534.0,2534.0,2534.0,2534.0,2534.0,2534.0,2534.0,2534.0,2534.0,2534.0,2534.0,2534.0,2534.0,2534.0,2534.0,2534.0,2534.0,2534.0,2534.0,2534.0,2534.0,2534.0,2534.0,2534.0,2534.0,2534.0,2534.0,2534.0,2534.0,2534.0,2534.0,2534.0,2534.0,4.0,,,,0.4,327.7062,316.7079,307.0359,299.133,293.2352,289.3791,287.4445,287.2154,288.4435,290.8988,294.4016,298.8329,304.1284,310.261,317.2187,324.982,333.5068,342.7117,352.4744,362.6339,173.00007416476578,250.7189079559804,935.5175,100.34090000000003,1393.1130000000005,-23.62090000000001
2535,2535,2535.0,2535.0,2535.0,2535.0,2535.0,2535.0,2535.0,2535.0,2535.0,2535.0,2535.0,2535.0,2535.0,2535.0,2535.0,2535.0,2535.0,2535.0,2535.0,2535.0,2535.0,2535.0,2535.0,2535.0,2535.0,2535.0,2535.0,2535.0,2535.0,2535.0,2535.0,2535.0,2535.0,2535.0,2535.0,2535.0,2535.0,2535.0,2535.0,2535.0,2535.0,2535.0,2535.0,2535.0,2535.0,2535.0,5.0,,,,0.5,194.2752,214.5256,232.8867,248.7745,261.9412,272.4583,280.6404,286.9347,291.8041,295.6276,298.6309,300.8538,302.154,302.2451,300.7633,297.3561,291.7797,283.988,274.1916,262.8684,235.61802104992148,372.9999708575099,1035.8584,245.1824999999999,1292.7721,-40.54169999999999
2536,2536,2536.0,2536.0,2536.0,2536.0,2536.0,2536.0,2536.0,2536.0,2536.0,2536.0,2536.0,2536.0,2536.0,2536.0,2536.0,2536.0,2536.0,2536.0,2536.0,2536.0,2536.0,2536.0,2536.0,2536.0,2536.0,2536.0,2536.0,2536.0,2536.0,2536.0,2536.0,2536.0,2536.0,2536.0,2536.0,2536.0,2536.0,2536.0,2536.0,2536.0,2536.0,2536.0,2536.0,2536.0,2536.0,2536.0,6.0,,,,0.6,240.0562,244.6481,249.5034,254.6568,260.0571,265.5804,271.0603,276.3296,281.2626,285.8116,290.0338,294.1031,298.3058,303.0156,308.6472,315.5897,324.1296,334.3756,346.2081,359.2687,173.00013774208134,372.99996110469306,1281.0409,257.83050000000003,1047.5896000000002,-47.4196
2537,2537,2537.0,2537.0,2537.0,2537.0,2537.0,2537.0,2537.0,2537.0,2537.0,2537.0,2537.0,2537.0,2537.0,2537.0,2537.0,2537.0,2537.0,2537.0,2537.0,2537.0,2537.0,2537.0,2537.0,2537.0,2537.0,2537.0,2537.0,2537.0,2537.0,2537.0,2537.0,2537.0,2537.0,2537.0,2537.0,2537.0,2537.0,2537.0,2537.0,2537.0,2537.0,2537.0,2537.0,2537.0,2537.0,2537.0,7.0,,,,0.7,188.6107,203.7411,217.9768,231.0202,242.7175,253.0586,262.1559,270.2097,277.4703,284.2053,290.6755,297.118,303.7376,310.6995,318.1255,326.0891,334.6125,343.6657,353.1687,362.9984,173.0031321941569,372.9997910790576,1538.8714,356.41280000000006,789.7591000000002,-59.94139999999999
2538,2538,2538.0,2538.0,2538.0,2538.0,2538.0,2538.0,2538.0,2538.0,2538.0,2538.0,2538.0,2538.0,2538.0,2538.0,2538.0,2538.0,2538.0,2538.0,2538.0,2538.0,2538.0,2538.0,2538.0,2538.0,2538.0,2538.0,2538.0,2538.0,2538.0,2538.0,2538.0,2538.0,2538.0,2538.0,2538.0,2538.0,2538.0,2538.0,2538.0,2538.0,2538.0,2538.0,2538.0,2538.0,2538.0,2538.0,8.0,,,,0.8,185.6058,198.0489,210.1858,221.8945,233.086,243.7104,253.758,263.257,272.2685,280.8782,289.1874,297.3033,305.3295,313.3583,321.4641,329.699,338.0911,346.6442,355.3399,364.1416,343.92446166815563,372.9999609670887,1895.2842,287.2680999999998,433.34630000000016,-69.28960000000001
2539,2539,2539.0,2539.0,2539.0,2539.0,2539.0,2539.0,2539.0,2539.0,2539.0,2539.0,2539.0,2539.0,2539.0,2539.0,2539.0,2539.0,2539.0,2539.0,2539.0,2539.0,2539.0,2539.0,2539.0,2539.0,2539.0,2539.0,2539.0,2539.0,2539.0,2539.0,2539.0,2539.0,2539.0,2539.0,2539.0,2539.0,2539.0,2539.0,2539.0,2539.0,2539.0,2539.0,2539.0,2539.0,2539.0,2539.0,9.0,,,,0.9,326.2088,309.7483,295.6206,284.5902,277.0407,272.9836,272.1295,273.9936,278.0078,283.6138,290.3257,297.7609,305.643,313.7887,322.0864,330.4737,338.9182,347.403,355.9178,364.4535,173.00006643747952,261.5821769335576,2182.5523,146.07820000000038,146.07820000000038,-40.016399999999976
2540,2540,2540.0,2540.0,2540.0,2540.0,2540.0,2540.0,2540.0,2540.0,2540.0,2540.0,2540.0,2540.0,2540.0,2540.0,2540.0,2540.0,2540.0,2540.0,2540.0,2540.0,2540.0,2540.0,2540.0,2540.0,2540.0,2540.0,2540.0,2540.0,2540.0,2540.0,2540.0,2540.0,2540.0,2540.0,2540.0,2540.0,2540.0,2540.0,2540.0,2540.0,2540.0,2540.0,2540.0,2540.0,2540.0,2540.0,0.0,,,,0.0,273.0,273.0,273.0,273.0,273.0,273.0,273.0,273.0,273.0,273.0,273.0,273.0,273.0,273.0,273.0,273.0,273.0,273.0,273.0,273.0,372.9998981763382,372.9999335625205,0.0,368.7879,2328.6556,-40.0
2541,2541,2541.0,2541.0,2541.0,2541.0,2541.0,2541.0,2541.0,2541.0,2541.0,2541.0,2541.0,2541.0,2541.0,2541.0,2541.0,2541.0,2541.0,2541.0,2541.0,2541.0,2541.0,2541.0,2541.0,2541.0,2541.0,2541.0,2541.0,2541.0,2541.0,2541.0,2541.0,2541.0,2541.0,2541.0,2541.0,2541.0,2541.0,2541.0,2541.0,2541.0,2541.0,2541.0,2541.0,2541.0,2541.0,2541.0,1.0,,,,0.1,355.9582,339.696,324.8873,312.0201,301.3574,292.9443,286.6546,282.2609,279.5107,278.1944,278.1944,279.5107,282.2609,286.6547,292.9443,301.3574,312.0201,324.8873,339.696,355.9582,225.80169982334763,273.5540647668002,368.7879,188.27130000000005,1959.8677,-20.0557
2542,2542,2542.0,2542.0,2542.0,2542.0,2542.0,2542.0,2542.0,2542.0,2542.0,2542.0,2542.0,2542.0,2542.0,2542.0,2542.0,2542.0,2542.0,2542.0,2542.0,2542.0,2542.0,2542.0,2542.0,2542.0,2542.0,2542.0,2542.0,2542.0,2542.0,2542.0,2542.0,2542.0,2542.0,2542.0,2542.0,2542.0,2542.0,2542.0,2542.0,2542.0,2542.0,2542.0,2542.0,2542.0,2542.0,2542.0,2.0,,,,0.2,238.9642,251.2902,262.0834,270.8933,277.5642,282.221,285.2036,286.9714,288.0023,288.7058,289.3614,290.0877,290.8399,291.4349,291.5992,291.0347,289.4931,286.8458,283.1327,278.5764,242.43717161652933,372.9999464175922,557.0592,232.7067,1771.5964,-30.779
2543,2543,2543.0,2543.0,2543.0,2543.0,2543.0,2543.0,2543.0,2543.0,2543.0,2543.0,2543.0,2543.0,2543.0,2543.0,2543.0,2543.0,2543.0,2543.0,2543.0,2543.0,2543.0,2543.0,2543.0,2543.0,2543.0,2543.0,2543.0,2543.0,2543.0,2543.0,2543.0,2543.0,2543.0,2543.0,2543.0,2543.0,2543.0,2543.0,2543.0,2543.0,2543.0,2543.0,2543.0,2543.0,2543.0,2543.0,3.0,,,,0.3,248.0383,253.5404,258.8466,263.8662,268.5213,272.7555,276.5446,279.907,282.914,285.6973,288.4542,291.4478,294.9982,299.4617,305.1948,312.5023,321.5779,332.447,344.9293,358.6345,339.7966066655722,372.99984666555366,789.7659,146.09720000000004,1538.8897000000002,-40.244500000000016
2544,2544,2544.0,2544.0,2544.0,2544.0,2544.0,2544.0,2544.0,2544.0,2544.0,2544.0,2544.0,2544.0,2544.0,2544.0,2544.0,2544.0,2544.0,2544.0,2544.0,2544.0,2544.0,2544.0,2544.0,2544.0,2544.0,2544.0,2544.0,2544.0,2544.0,2544.0,2544.0,2544.0,2544.0,2544.0,2544.0,2544.0,2544.0,2544.0,2544.0,2544.0,2544.0,2544.0,2544.0,2544.0,2544.0,2544.0,4.0,,,,0.4,328.0164,316.9517,307.2198,299.2657,293.3261,289.4375,287.4784,287.2315,288.4467,290.8927,294.3886,298.8147,304.1065,310.2368,317.1936,324.9576,333.4847,342.6935,352.4614,362.6272,173.0000647720019,250.3284916456805,935.8631,100.29719999999998,1392.7925,-23.5625
2545,2545,2545.0,2545.0,2545.0,2545.0,2545.0,2545.0,2545.0,2545.0,2545.0,2545.0,2545.0,2545.0,2545.0,2545.0,2545.0,2545.0,2545.0,2545.0,2545.0,2545.0,2545.0,2545.0,2545.0,2545.0,2545.0,2545.0,2545.0,2545.0,2545.0,2545.0,2545.0,2545.0,2545.0,2545.0,2545.0,2545.0,2545.0,2545.0,2545.0,2545.0,2545.0,2545.0,2545.0,2545.0,2545.0,2545.0,5.0,,,,0.5,194.2913,214.5561,232.9282,248.8227,261.9914,272.5063,280.6825,286.9682,291.8271,295.6385,298.6282,300.8357,302.1178,302.1867,300.6774,297.2361,291.6183,283.7777,273.9255,262.5416,235.809388208342,372.99995169241663,1036.1603,245.2809,1292.4953,-40.49369999999999
2546,2546,2546.0,2546.0,2546.0,2546.0,2546.0,2546.0,2546.0,2546.0,2546.0,2546.0,2546.0,2546.0,2546.0,2546.0,2546.0,2546.0,2546.0,2546.0,2546.0,2546.0,2546.0,2546.0,2546.0,2546.0,2546.0,2546.0,2546.0,2546.0,2546.0,2546.0,2546.0,2546.0,2546.0,2546.0,2546.0,2546.0,2546.0,2546.0,2546.0,2546.0,2546.0,2546.0,2546.0,2546.0,2546.0,2546.0,6.0,,,,0.6,240.2206,244.7865,249.6175,254.7487,260.1291,265.6345,271.0983,276.3526,281.271,285.8058,290.0141,294.0702,298.2609,302.9608,308.5859,315.5265,324.0695,334.3243,346.1706,359.2489,173.00014299222903,372.99995985031,1281.4412,257.64350000000013,1047.2144,-47.3655
2547,2547,2547.0,2547.0,2547.0,2547.0,2547.0,2547.0,2547.0,2547.0,2547.0,2547.0,2547.0,2547.0,2547.0,2547.0,2547.0,2547.0,2547.0,2547.0,2547.0,2547.0,2547.0,2547.0,2547.0,2547.0,2547.0,2547.0,2547.0,2547.0,2547.0,2547.0,2547.0,2547.0,2547.0,2547.0,2547.0,2547.0,2547.0,2547.0,2547.0,2547.0,2547.0,2547.0,2547.0,2547.0,2547.0,2547.0,7.0,,,,0.7,188.6215,203.7614,218.0044,231.0521,242.7504,253.0894,262.1819,270.2287,277.481,284.2074,290.6691,297.1041,303.7175,310.6751,318.0989,326.0624,334.588,343.6453,353.1541,362.9908,173.00309303048348,372.9826695312965,1539.0847,356.2642999999998,789.5708999999999,-59.91059999999999
2548,2548,2548.0,2548.0,2548.0,2548.0,2548.0,2548.0,2548.0,2548.0,2548.0,2548.0,2548.0,2548.0,2548.0,2548.0,2548.0,2548.0,2548.0,2548.0,2548.0,2548.0,2548.0,2548.0,2548.0,2548.0,2548.0,2548.0,2548.0,2548.0,2548.0,2548.0,2548.0,2548.0,2548.0,2548.0,2548.0,2548.0,2548.0,2548.0,2548.0,2548.0,2548.0,2548.0,2548.0,2548.0,2548.0,2548.0,8.0,,,,0.8,185.6096,198.0561,210.1958,221.9062,233.0984,243.7223,253.7683,263.265,272.2734,280.8797,289.1854,297.2978,305.3209,313.3469,321.4504,329.6836,338.0746,346.627,355.3225,364.1243,343.9242824239198,372.9999861628351,1895.349,287.22489999999993,433.3066000000001,-69.27770000000001
2549,2549,2549.0,2549.0,2549.0,2549.0,2549.0,2549.0,2549.0,2549.0,2549.0,2549.0,2549.0,2549.0,2549.0,2549.0,2549.0,2549.0,2549.0,2549.0,2549.0,2549.0,2549.0,2549.0,2549.0,2549.0,2549.0,2549.0,2549.0,2549.0,2549.0,2549.0,2549.0,2549.0,2549.0,2549.0,2549.0,2549.0,2549.0,2549.0,2549.0,2549.0,2549.0,2549.0,2549.0,2549.0,2549.0,2549.0,9.0,,,,0.9,326.21,309.7508,295.6242,284.5944,277.0452,272.988,272.1332,273.9964,278.0092,283.6136,290.324,297.7575,305.6382,313.7828,322.0798,330.467,338.9119,347.3977,355.914,364.4514,173.00014060224416,261.5820314927973,2182.5739,146.08170000000018,146.08170000000018,-40.012
2550,2550,2550.0,2550.0,2550.0,2550.0,2550.0,2550.0,2550.0,2550.0,2550.0,2550.0,2550.0,2550.0,2550.0,2550.0,2550.0,2550.0,2550.0,2550.0,2550.0,2550.0,2550.0,2550.0,2550.0,2550.0,2550.0,2550.0,2550.0,2550.0,2550.0,2550.0,2550.0,2550.0,2550.0,2550.0,2550.0,2550.0,2550.0,2550.0,2550.0,2550.0,2550.0,2550.0,2550.0,2550.0,2550.0,2550.0,0.0,,,,0.0,273.0,273.0,273.0,273.0,273.0,273.0,273.0,273.0,273.0,273.0,273.0,273.0,273.0,273.0,273.0,273.0,273.0,273.0,273.0,273.0,372.9998981763382,372.9999335625205,0.0,368.7879,1504.6978,28.270899999999983
2551,2551,2551.0,2551.0,2551.0,2551.0,2551.0,2551.0,2551.0,2551.0,2551.0,2551.0,2551.0,2551.0,2551.0,2551.0,2551.0,2551.0,2551.0,2551.0,2551.0,2551.0,2551.0,2551.0,2551.0,2551.0,2551.0,2551.0,2551.0,2551.0,2551.0,2551.0,2551.0,2551.0,2551.0,2551.0,2551.0,2551.0,2551.0,2551.0,2551.0,2551.0,2551.0,2551.0,2551.0,2551.0,2551.0,2551.0,1.0,,,,0.1,355.9582,339.696,324.8873,312.0201,301.3574,292.9443,286.6546,282.2609,279.5107,278.1944,278.1944,279.5107,282.2609,286.6547,292.9443,301.3574,312.0201,324.8873,339.696,355.9582,225.28461480515003,274.0485210651034,368.7879,188.2363,1135.9099,28.270899999999983
2552,2552,2552.0,2552.0,2552.0,2552.0,2552.0,2552.0,2552.0,2552.0,2552.0,2552.0,2552.0,2552.0,2552.0,2552.0,2552.0,2552.0,2552.0,2552.0,2552.0,2552.0,2552.0,2552.0,2552.0,2552.0,2552.0,2552.0,2552.0,2552.0,2552.0,2552.0,2552.0,2552.0,2552.0,2552.0,2552.0,2552.0,2552.0,2552.0,2552.0,2552.0,2552.0,2552.0,2552.0,2552.0,2552.0,2552.0,2.0,,,,0.2,238.5352,250.9454,261.8153,270.6919,277.4183,282.1194,285.136,286.9294,287.9795,288.6982,289.3677,290.109,290.8798,291.4994,291.6963,291.1742,289.6857,287.1022,283.4624,278.9865,372.9996392956091,306.6594022473493,557.0242,215.504,947.6736,28.270899999999983
2553,2553,2553.0,2553.0,2553.0,2553.0,2553.0,2553.0,2553.0,2553.0,2553.0,2553.0,2553.0,2553.0,2553.0,2553.0,2553.0,2553.0,2553.0,2553.0,2553.0,2553.0,2553.0,2553.0,2553.0,2553.0,2553.0,2553.0,2553.0,2553.0,2553.0,2553.0,2553.0,2553.0,2553.0,2553.0,2553.0,2553.0,2553.0,2553.0,2553.0,2553.0,2553.0,2553.0,2553.0,2553.0,2553.0,2553.0,3.0,,,,0.3,356.3211,340.5602,326.497,314.6688,305.3216,298.421,293.7121,290.8067,289.2721,288.7048,288.7788,289.2671,290.0419,291.0592,292.3337,293.9096,295.8311,298.1167,300.7408,303.6281,372.6159672889102,372.99971856632055,772.5282,152.32900000000006,732.1696,28.270899999999983
2554,2554,2554.0,2554.0,2554.0,2554.0,2554.0,2554.0,2554.0,2554.0,2554.0,2554.0,2554.0,2554.0,2554.0,2554.0,2554.0,2554.0,2554.0,2554.0,2554.0,2554.0,2554.0,2554.0,2554.0,2554.0,2554.0,2554.0,2554.0,2554.0,2554.0,2554.0,2554.0,2554.0,2554.0,2554.0,2554.0,2554.0,2554.0,2554.0,2554.0,2554.0,2554.0,2554.0,2554.0,2554.0,2554.0,2554.0,4.0,,,,0.4,361.5978,350.8775,340.7324,331.4013,323.0726,315.8783,309.8976,305.1669,301.6962,299.4901,298.5674,298.978,300.8091,304.1792,309.2159,316.0193,324.617,334.9204,346.6956,359.5582,372.9996836766314,372.99993276816696,924.8572,90.48239999999998,579.8405999999999,28.270899999999983
2555,2555,2555.0,2555.0,2555.0,2555.0,2555.0,2555.0,2555.0,2555.0,2555.0,2555.0,2555.0,2555.0,2555.0,2555.0,2555.0,2555.0,2555.0,2555.0,2555.0,2555.0,2555.0,2555.0,2555.0,2555.0,2555.0,2555.0,2555.0,2555.0,2555.0,2555.0,2555.0,2555.0,2555.0,2555.0,2555.0,2555.0,2555.0,2555.0,2555.0,2555.0,2555.0,2555.0,2555.0,2555.0,2555.0,2555.0,5.0,,,,0.5,364.3677,355.9208,347.8388,340.2912,333.4338,327.4059,322.3297,318.3098,315.4335,313.7716,313.3772,314.2849,316.5073,320.0316,324.8145,330.7785,337.8083,345.7503,354.4143,363.5789,372.999862467976,372.99823125010727,1015.3396,101.47800000000008,489.3581999999999,28.270899999999983
2556,2556,2556.0,2556.0,2556.0,2556.0,2556.0,2556.0,2556.0,2556.0,2556.0,2556.0,2556.0,2556.0,2556.0,2556.0,2556.0,2556.0,2556.0,2556.0,2556.0,2556.0,2556.0,2556.0,2556.0,2556.0,2556.0,2556.0,2556.0,2556.0,2556.0,2556.0,2556.0,2556.0,2556.0,2556.0,2556.0,2556.0,2556.0,2556.0,2556.0,2556.0,2556.0,2556.0,2556.0,2556.0,2556.0,2556.0,6.0,,,,0.6,366.1353,359.4164,352.9858,346.9809,341.5307,336.7538,332.7559,329.6276,327.4431,326.2575,326.1059,327.0019,328.936,331.8751,335.7622,340.5162,346.0335,352.1897,358.8423,365.8341,219.99816009148583,173.00084491763295,1116.8176,84.96640000000002,387.88019999999983,28.270899999999983
2557,2557,2557.0,2557.0,2557.0,2557.0,2557.0,2557.0,2557.0,2557.0,2557.0,2557.0,2557.0,2557.0,2557.0,2557.0,2557.0,2557.0,2557.0,2557.0,2557.0,2557.0,2557.0,2557.0,2557.0,2557.0,2557.0,2557.0,2557.0,2557.0,2557.0,2557.0,2557.0,2557.0,2557.0,2557.0,2557.0,2557.0,2557.0,2557.0,2557.0,2557.0,2557.0,2557.0,2557.0,2557.0,2557.0,2557.0,7.0,,,,0.7,240.6296,260.1857,277.7494,292.6824,304.6817,313.7644,320.1921,324.3579,326.663,327.4064,326.7032,324.4419,320.2861,313.7227,304.1555,291.0365,274.0148,253.0746,228.6277,201.5292,372.9998640180791,372.9981328392724,1201.784,84.24919999999997,302.9137999999998,28.270899999999983
2558,2558,2558.0,2558.0,2558.0,2558.0,2558.0,2558.0,2558.0,2558.0,2558.0,2558.0,2558.0,2558.0,2558.0,2558.0,2558.0,2558.0,2558.0,2558.0,2558.0,2558.0,2558.0,2558.0,2558.0,2558.0,2558.0,2558.0,2558.0,2558.0,2558.0,2558.0,2558.0,2558.0,2558.0,2558.0,2558.0,2558.0,2558.0,2558.0,2558.0,2558.0,2558.0,2558.0,2558.0,2558.0,2558.0,2558.0,8.0,,,,0.8,360.7994,349.3971,339.4508,331.3721,325.2795,321.0158,318.22,316.4301,315.1948,314.1715,313.2003,312.3429,311.8864,312.3046,314.1807,318.0935,324.4848,333.531,345.0544,358.5004,372.9996529185319,372.9981043382547,1286.0332,90.1649,218.66459999999984,28.270899999999983
2559,2559,2559.0,2559.0,2559.0,2559.0,2559.0,2559.0,2559.0,2559.0,2559.0,2559.0,2559.0,2559.0,2559.0,2559.0,2559.0,2559.0,2559.0,2559.0,2559.0,2559.0,2559.0,2559.0,2559.0,2559.0,2559.0,2559.0,2559.0,2559.0,2559.0,2559.0,2559.0,2559.0,2559.0,2559.0,2559.0,2559.0,2559.0,2559.0,2559.0,2559.0,2559.0,2559.0,2559.0,2559.0,2559.0,2559.0,9.0,,,,0.9,365.2014,357.6178,350.4481,343.8626,337.9952,332.941,328.7614,325.492,323.1553,321.7711,321.3657,321.9744,323.6391,326.3991,330.2775,335.2661,341.3108,348.3015,356.069,364.3896,372.9999231666091,372.9997109403805,1376.1981,128.49969999999985,128.49969999999985,28.270899999999983
2560,2560,2560.0,2560.0,2560.0,2560.0,2560.0,2560.0,2560.0,2560.0,2560.0,2560.0,2560.0,2560.0,2560.0,2560.0,2560.0,2560.0,2560.0,2560.0,2560.0,2560.0,2560.0,2560.0,2560.0,2560.0,2560.0,2560.0,2560.0,2560.0,2560.0,2560.0,2560.0,2560.0,2560.0,2560.0,2560.0,2560.0,2560.0,2560.0,2560.0,2560.0,2560.0,2560.0,2560.0,2560.0,2560.0,2560.0,0.0,,,,0.0,273.0,273.0,273.0,273.0,273.0,273.0,273.0,273.0,273.0,273.0,273.0,273.0,273.0,273.0,273.0,273.0,273.0,273.0,273.0,273.0,372.9998981763382,372.9999335625205,0.0,368.7879,1510.9744,28.313199999999995
2561,2561,2561.0,2561.0,2561.0,2561.0,2561.0,2561.0,2561.0,2561.0,2561.0,2561.0,2561.0,2561.0,2561.0,2561.0,2561.0,2561.0,2561.0,2561.0,2561.0,2561.0,2561.0,2561.0,2561.0,2561.0,2561.0,2561.0,2561.0,2561.0,2561.0,2561.0,2561.0,2561.0,2561.0,2561.0,2561.0,2561.0,2561.0,2561.0,2561.0,2561.0,2561.0,2561.0,2561.0,2561.0,2561.0,2561.0,1.0,,,,0.1,355.9582,339.696,324.8873,312.0201,301.3574,292.9443,286.6546,282.2609,279.5107,278.1944,278.1944,279.5107,282.2609,286.6547,292.9443,301.3574,312.0201,324.8873,339.696,355.9582,225.5878657812066,273.758937647504,368.7879,188.2565,1142.1865,28.313199999999995
2562,2562,2562.0,2562.0,2562.0,2562.0,2562.0,2562.0,2562.0,2562.0,2562.0,2562.0,2562.0,2562.0,2562.0,2562.0,2562.0,2562.0,2562.0,2562.0,2562.0,2562.0,2562.0,2562.0,2562.0,2562.0,2562.0,2562.0,2562.0,2562.0,2562.0,2562.0,2562.0,2562.0,2562.0,2562.0,2562.0,2562.0,2562.0,2562.0,2562.0,2562.0,2562.0,2562.0,2562.0,2562.0,2562.0,2562.0,2.0,,,,0.2,238.7868,251.1476,261.9725,270.81,277.5039,282.179,285.1756,286.954,287.9929,288.7026,289.364,290.0965,290.8565,291.4617,291.6395,291.0925,289.5729,286.952,283.2693,278.7463,372.9994781932616,304.6098569643822,557.0444,216.41740000000004,953.93,28.313199999999995
2563,2563,2563.0,2563.0,2563.0,2563.0,2563.0,2563.0,2563.0,2563.0,2563.0,2563.0,2563.0,2563.0,2563.0,2563.0,2563.0,2563.0,2563.0,2563.0,2563.0,2563.0,2563.0,2563.0,2563.0,2563.0,2563.0,2563.0,2563.0,2563.0,2563.0,2563.0,2563.0,2563.0,2563.0,2563.0,2563.0,2563.0,2563.0,2563.0,2563.0,2563.0,2563.0,2563.0,2563.0,2563.0,2563.0,2563.0,3.0,,,,0.3,356.3355,340.5875,326.5341,314.7117,305.3657,298.4613,293.7436,290.8241,289.2689,288.6728,288.7067,289.1392,289.8372,290.7504,291.8871,293.2868,294.9907,297.0179,299.3478,301.914,372.760803899259,372.99994835103297,773.4618,155.09989999999993,737.5126,28.313199999999995
2564,2564,2564.0,2564.0,2564.0,2564.0,2564.0,2564.0,2564.0,2564.0,2564.0,2564.0,2564.0,2564.0,2564.0,2564.0,2564.0,2564.0,2564.0,2564.0,2564.0,2564.0,2564.0,2564.0,2564.0,2564.0,2564.0,2564.0,2564.0,2564.0,2564.0,2564.0,2564.0,2564.0,2564.0,2564.0,2564.0,2564.0,2564.0,2564.0,2564.0,2564.0,2564.0,2564.0,2564.0,2564.0,2564.0,2564.0,4.0,,,,0.4,361.7198,350.9767,340.8088,331.4544,323.101,315.88,309.8691,305.1037,301.5933,299.3424,298.3714,298.7326,300.5175,303.8503,308.8646,315.6664,324.2879,334.6423,346.4936,359.452,372.99988172060336,372.9998064164207,928.5617,91.47900000000004,582.4127000000001,28.313199999999995
2565,2565,2565.0,2565.0,2565.0,2565.0,2565.0,2565.0,2565.0,2565.0,2565.0,2565.0,2565.0,2565.0,2565.0,2565.0,2565.0,2565.0,2565.0,2565.0,2565.0,2565.0,2565.0,2565.0,2565.0,2565.0,2565.0,2565.0,2565.0,2565.0,2565.0,2565.0,2565.0,2565.0,2565.0,2565.0,2565.0,2565.0,2565.0,2565.0,2565.0,2565.0,2565.0,2565.0,2565.0,2565.0,2565.0,2565.0,5.0,,,,0.5,364.3664,355.9166,347.829,340.2723,333.4016,327.3565,322.2595,318.2162,315.3153,313.6291,313.2126,314.1021,316.3121,319.8314,324.6181,330.5952,337.6475,345.6208,354.3235,363.5321,372.99952962907577,372.99896531018027,1020.0407,101.3523,490.9337,28.313199999999995
2566,2566,2566.0,2566.0,2566.0,2566.0,2566.0,2566.0,2566.0,2566.0,2566.0,2566.0,2566.0,2566.0,2566.0,2566.0,2566.0,2566.0,2566.0,2566.0,2566.0,2566.0,2566.0,2566.0,2566.0,2566.0,2566.0,2566.0,2566.0,2566.0,2566.0,2566.0,2566.0,2566.0,2566.0,2566.0,2566.0,2566.0,2566.0,2566.0,2566.0,2566.0,2566.0,2566.0,2566.0,2566.0,2566.0,2566.0,6.0,,,,0.6,366.1252,359.3962,352.9549,346.9384,341.4759,336.6861,332.6748,329.5333,327.3363,326.1398,325.9797,326.8702,328.8025,331.7441,335.6382,340.404,345.9376,352.1141,358.7901,365.8078,221.25102100857748,173.00096303060522,1121.393,85.04829999999993,389.5814,28.313199999999995
2567,2567,2567.0,2567.0,2567.0,2567.0,2567.0,2567.0,2567.0,2567.0,2567.0,2567.0,2567.0,2567.0,2567.0,2567.0,2567.0,2567.0,2567.0,2567.0,2567.0,2567.0,2567.0,2567.0,2567.0,2567.0,2567.0,2567.0,2567.0,2567.0,2567.0,2567.0,2567.0,2567.0,2567.0,2567.0,2567.0,2567.0,2567.0,2567.0,2567.0,2567.0,2567.0,2567.0,2567.0,2567.0,2567.0,2567.0,7.0,,,,0.7,241.6579,260.9991,278.3661,293.1268,304.9815,313.9479,320.2856,324.3846,326.6422,327.3533,326.6297,324.3569,320.1965,313.6337,304.0715,290.9611,273.9509,253.0246,228.5934,201.5118,372.99950576676287,372.9990561453195,1206.4413,84.95849999999996,304.5331000000001,28.313199999999995
2568,2568,2568.0,2568.0,2568.0,2568.0,2568.0,2568.0,2568.0,2568.0,2568.0,2568.0,2568.0,2568.0,2568.0,2568.0,2568.0,2568.0,2568.0,2568.0,2568.0,2568.0,2568.0,2568.0,2568.0,2568.0,2568.0,2568.0,2568.0,2568.0,2568.0,2568.0,2568.0,2568.0,2568.0,2568.0,2568.0,2568.0,2568.0,2568.0,2568.0,2568.0,2568.0,2568.0,2568.0,2568.0,2568.0,2568.0,8.0,,,,0.8,360.8511,349.4949,339.5835,331.5254,325.4383,321.1663,318.3513,316.5351,315.2701,314.2175,313.2197,312.3404,311.8673,312.2745,314.1449,318.0568,324.4508,333.503,345.0347,358.4907,372.9998260794721,372.9986161795676,1291.3998,90.6989000000001,219.5746000000001,28.313199999999995
2569,2569,2569.0,2569.0,2569.0,2569.0,2569.0,2569.0,2569.0,2569.0,2569.0,2569.0,2569.0,2569.0,2569.0,2569.0,2569.0,2569.0,2569.0,2569.0,2569.0,2569.0,2569.0,2569.0,2569.0,2569.0,2569.0,2569.0,2569.0,2569.0,2569.0,2569.0,2569.0,2569.0,2569.0,2569.0,2569.0,2569.0,2569.0,2569.0,2569.0,2569.0,2569.0,2569.0,2569.0,2569.0,2569.0,2569.0,9.0,,,,0.9,365.2208,357.6551,350.5005,343.9265,338.0663,333.0148,328.8336,325.5589,323.2139,321.8197,321.4032,322.001,323.6556,326.4071,330.2789,335.2631,341.3055,348.2957,356.0644,364.3873,372.999193521186,372.9975094774489,1382.0987,128.87570000000005,128.87570000000005,28.313199999999995
2570,2570,2570.0,2570.0,2570.0,2570.0,2570.0,2570.0,2570.0,2570.0,2570.0,2570.0,2570.0,2570.0,2570.0,2570.0,2570.0,2570.0,2570.0,2570.0,2570.0,2570.0,2570.0,2570.0,2570.0,2570.0,2570.0,2570.0,2570.0,2570.0,2570.0,2570.0,2570.0,2570.0,2570.0,2570.0,2570.0,2570.0,2570.0,2570.0,2570.0,2570.0,2570.0,2570.0,2570.0,2570.0,2570.0,2570.0,0.0,,,,0.0,273.0,273.0,273.0,273.0,273.0,273.0,273.0,273.0,273.0,273.0,273.0,273.0,273.0,273.0,273.0,273.0,273.0,273.0,273.0,273.0,372.9998981763382,372.9999335625205,0.0,368.7879,2328.4892,-40.0
2571,2571,2571.0,2571.0,2571.0,2571.0,2571.0,2571.0,2571.0,2571.0,2571.0,2571.0,2571.0,2571.0,2571.0,2571.0,2571.0,2571.0,2571.0,2571.0,2571.0,2571.0,2571.0,2571.0,2571.0,2571.0,2571.0,2571.0,2571.0,2571.0,2571.0,2571.0,2571.0,2571.0,2571.0,2571.0,2571.0,2571.0,2571.0,2571.0,2571.0,2571.0,2571.0,2571.0,2571.0,2571.0,2571.0,2571.0,1.0,,,,0.1,355.9582,339.696,324.8873,312.0201,301.3574,292.9443,286.6546,282.2609,279.5107,278.1944,278.1944,279.5107,282.2609,286.6547,292.9443,301.3574,312.0201,324.8873,339.696,355.9582,225.4448427600684,273.89540176813665,368.7879,188.247,1959.7013,-20.0557
2572,2572,2572.0,2572.0,2572.0,2572.0,2572.0,2572.0,2572.0,2572.0,2572.0,2572.0,2572.0,2572.0,2572.0,2572.0,2572.0,2572.0,2572.0,2572.0,2572.0,2572.0,2572.0,2572.0,2572.0,2572.0,2572.0,2572.0,2572.0,2572.0,2572.0,2572.0,2572.0,2572.0,2572.0,2572.0,2572.0,2572.0,2572.0,2572.0,2572.0,2572.0,2572.0,2572.0,2572.0,2572.0,2572.0,2572.0,2.0,,,,0.2,238.6681,251.0522,261.8984,270.7543,277.4635,282.1509,285.157,286.9424,287.9866,288.7006,289.3658,290.1024,290.8675,291.4794,291.6663,291.131,289.6261,287.0228,283.3603,278.8595,242.6795764424633,372.9999812612616,557.0349,232.54960000000003,1771.4543,-30.84910000000002
2573,2573,2573.0,2573.0,2573.0,2573.0,2573.0,2573.0,2573.0,2573.0,2573.0,2573.0,2573.0,2573.0,2573.0,2573.0,2573.0,2573.0,2573.0,2573.0,2573.0,2573.0,2573.0,2573.0,2573.0,2573.0,2573.0,2573.0,2573.0,2573.0,2573.0,2573.0,2573.0,2573.0,2573.0,2573.0,2573.0,2573.0,2573.0,2573.0,2573.0,2573.0,2573.0,2573.0,2573.0,2573.0,2573.0,2573.0,3.0,,,,0.3,248.2223,253.6697,258.9282,263.9093,268.5362,272.7523,276.5325,279.8937,282.9051,285.6969,288.4646,291.4697,295.0312,299.504,305.2434,312.5534,321.6269,332.4891,344.9602,358.6509,339.4458195447938,372.99989832574926,789.5845,145.9298,1538.9047,-40.24770000000001
2574,2574,2574.0,2574.0,2574.0,2574.0,2574.0,2574.0,2574.0,2574.0,2574.0,2574.0,2574.0,2574.0,2574.0,2574.0,2574.0,2574.0,2574.0,2574.0,2574.0,2574.0,2574.0,2574.0,2574.0,2574.0,2574.0,2574.0,2574.0,2574.0,2574.0,2574.0,2574.0,2574.0,2574.0,2574.0,2574.0,2574.0,2574.0,2574.0,2574.0,2574.0,2574.0,2574.0,2574.0,2574.0,2574.0,2574.0,4.0,,,,0.4,327.7313,316.7289,307.0531,299.1468,293.246,289.3874,287.4506,287.2198,288.4463,290.9003,294.402,298.8324,304.1272,310.2593,317.2166,324.9799,333.5047,342.71,352.4731,362.6333,173.00007416476566,250.7189079559804,935.5143,100.31709999999998,1392.9749,-23.612599999999983
2575,2575,2575.0,2575.0,2575.0,2575.0,2575.0,2575.0,2575.0,2575.0,2575.0,2575.0,2575.0,2575.0,2575.0,2575.0,2575.0,2575.0,2575.0,2575.0,2575.0,2575.0,2575.0,2575.0,2575.0,2575.0,2575.0,2575.0,2575.0,2575.0,2575.0,2575.0,2575.0,2575.0,2575.0,2575.0,2575.0,2575.0,2575.0,2575.0,2575.0,2575.0,2575.0,2575.0,2575.0,2575.0,2575.0,2575.0,5.0,,,,0.5,194.2769,214.529,232.8913,248.7799,261.947,272.4641,280.6458,286.9395,291.8081,295.6308,298.6332,300.8553,302.1548,302.2454,300.7632,297.3557,291.7792,283.9876,274.1912,262.8682,235.6183912687744,372.9999337041681,1035.8314,245.14549999999983,1292.6578,-40.53590000000003
2576,2576,2576.0,2576.0,2576.0,2576.0,2576.0,2576.0,2576.0,2576.0,2576.0,2576.0,2576.0,2576.0,2576.0,2576.0,2576.0,2576.0,2576.0,2576.0,2576.0,2576.0,2576.0,2576.0,2576.0,2576.0,2576.0,2576.0,2576.0,2576.0,2576.0,2576.0,2576.0,2576.0,2576.0,2576.0,2576.0,2576.0,2576.0,2576.0,2576.0,2576.0,2576.0,2576.0,2576.0,2576.0,2576.0,2576.0,6.0,,,,0.6,240.0573,244.6498,249.5057,254.6595,260.0602,265.5837,271.0636,276.3329,281.2656,285.8143,290.0361,294.1051,298.3075,303.0169,308.6481,315.5904,324.13,334.3759,346.2083,359.2688,173.00013733473563,372.9999696823305,1280.9769,257.80150000000003,1047.5123,-47.41629999999998
2577,2577,2577.0,2577.0,2577.0,2577.0,2577.0,2577.0,2577.0,2577.0,2577.0,2577.0,2577.0,2577.0,2577.0,2577.0,2577.0,2577.0,2577.0,2577.0,2577.0,2577.0,2577.0,2577.0,2577.0,2577.0,2577.0,2577.0,2577.0,2577.0,2577.0,2577.0,2577.0,2577.0,2577.0,2577.0,2577.0,2577.0,2577.0,2577.0,2577.0,2577.0,2577.0,2577.0,2577.0,2577.0,2577.0,2577.0,7.0,,,,0.7,188.6111,203.742,217.9781,231.0219,242.7194,253.0607,262.1582,270.212,277.4725,284.2075,290.6775,297.1199,303.7392,310.7009,318.1267,326.09,334.6132,343.6662,353.169,362.9986,173.0032311749845,372.9980506019408,1538.7784,356.3882000000001,789.7108000000001,-59.9393
2578,2578,2578.0,2578.0,2578.0,2578.0,2578.0,2578.0,2578.0,2578.0,2578.0,2578.0,2578.0,2578.0,2578.0,2578.0,2578.0,2578.0,2578.0,2578.0,2578.0,2578.0,2578.0,2578.0,2578.0,2578.0,2578.0,2578.0,2578.0,2578.0,2578.0,2578.0,2578.0,2578.0,2578.0,2578.0,2578.0,2578.0,2578.0,2578.0,2578.0,2578.0,2578.0,2578.0,2578.0,2578.0,2578.0,2578.0,8.0,,,,0.8,185.6062,198.0495,210.1867,221.8956,233.0873,243.7119,253.7596,263.2587,272.2701,280.8798,289.1889,297.3047,305.3308,313.3594,321.4648,329.6994,338.0912,346.6438,355.3391,364.1404,343.9241494306402,372.9999856628935,1895.1666,287.25250000000005,433.3226,-69.28809999999999
2579,2579,2579.0,2579.0,2579.0,2579.0,2579.0,2579.0,2579.0,2579.0,2579.0,2579.0,2579.0,2579.0,2579.0,2579.0,2579.0,2579.0,2579.0,2579.0,2579.0,2579.0,2579.0,2579.0,2579.0,2579.0,2579.0,2579.0,2579.0,2579.0,2579.0,2579.0,2579.0,2579.0,2579.0,2579.0,2579.0,2579.0,2579.0,2579.0,2579.0,2579.0,2579.0,2579.0,2579.0,2579.0,2579.0,2579.0,9.0,,,,0.9,326.2088,309.7485,295.6211,284.5909,277.0415,272.9846,272.1306,273.9948,278.009,283.6149,290.3269,297.7619,305.6439,313.7895,322.0871,330.4743,338.9186,347.4033,355.918,364.4536,173.00006643747952,261.5821769335576,2182.4191,146.0700999999999,146.0700999999999,-40.0154
2580,2580,2580.0,2580.0,2580.0,2580.0,2580.0,2580.0,2580.0,2580.0,2580.0,2580.0,2580.0,2580.0,2580.0,2580.0,2580.0,2580.0,2580.0,2580.0,2580.0,2580.0,2580.0,2580.0,2580.0,2580.0,2580.0,2580.0,2580.0,2580.0,2580.0,2580.0,2580.0,2580.0,2580.0,2580.0,2580.0,2580.0,2580.0,2580.0,2580.0,2580.0,2580.0,2580.0,2580.0,2580.0,2580.0,0.0,,,,,0.0,273.0,273.0,273.0,273.0,273.0,273.0,273.0,273.0,273.0,273.0,273.0,273.0,273.0,273.0,273.0,273.0,273.0,273.0,273.0,273.0,372.9999424378223,372.9998925019,0.0,368.7879,1417.4181,16.423400000000015
2581,2581,2581.0,2581.0,2581.0,2581.0,2581.0,2581.0,2581.0,2581.0,2581.0,2581.0,2581.0,2581.0,2581.0,2581.0,2581.0,2581.0,2581.0,2581.0,2581.0,2581.0,2581.0,2581.0,2581.0,2581.0,2581.0,2581.0,2581.0,2581.0,2581.0,2581.0,2581.0,2581.0,2581.0,2581.0,2581.0,2581.0,2581.0,2581.0,2581.0,2581.0,2581.0,2581.0,2581.0,2581.0,2581.0,1.0,,,,,0.1,355.9582,339.696,324.8873,312.0201,301.3574,292.9443,286.6547,282.2609,279.5107,278.1944,278.1944,279.5107,282.2609,286.6546,292.9443,301.3574,312.0201,324.8873,339.696,355.9582,223.58164470641947,372.9951714315331,368.7879,160.1674,1048.6302,16.423400000000015
2582,2582,2582.0,2582.0,2582.0,2582.0,2582.0,2582.0,2582.0,2582.0,2582.0,2582.0,2582.0,2582.0,2582.0,2582.0,2582.0,2582.0,2582.0,2582.0,2582.0,2582.0,2582.0,2582.0,2582.0,2582.0,2582.0,2582.0,2582.0,2582.0,2582.0,2582.0,2582.0,2582.0,2582.0,2582.0,2582.0,2582.0,2582.0,2582.0,2582.0,2582.0,2582.0,2582.0,2582.0,2582.0,2582.0,2.0,,,,,0.2,237.1249,249.8164,260.9475,270.0625,277.0101,281.9332,285.2081,287.3553,288.9474,290.5329,292.5843,295.4723,299.4596,304.7056,311.2771,319.1582,328.2597,338.4271,349.4491,361.0685,372.9999591685692,372.99971856632055,528.9553,90.90449999999998,888.4628000000001,16.423400000000015
2583,2583,2583.0,2583.0,2583.0,2583.0,2583.0,2583.0,2583.0,2583.0,2583.0,2583.0,2583.0,2583.0,2583.0,2583.0,2583.0,2583.0,2583.0,2583.0,2583.0,2583.0,2583.0,2583.0,2583.0,2583.0,2583.0,2583.0,2583.0,2583.0,2583.0,2583.0,2583.0,2583.0,2583.0,2583.0,2583.0,2583.0,2583.0,2583.0,2583.0,2583.0,2583.0,2583.0,2583.0,2583.0,2583.0,3.0,,,,,0.3,356.3981,340.7542,326.8899,315.388,306.5449,300.3834,296.7135,295.218,295.5382,297.341,300.3584,304.3996,309.3419,315.1102,321.6524,328.9181,336.8426,345.3381,354.2907,363.563,173.00006643747952,182.7388490351671,619.8598,73.59220000000005,797.5583000000001,16.423400000000015
2584,2584,2584.0,2584.0,2584.0,2584.0,2584.0,2584.0,2584.0,2584.0,2584.0,2584.0,2584.0,2584.0,2584.0,2584.0,2584.0,2584.0,2584.0,2584.0,2584.0,2584.0,2584.0,2584.0,2584.0,2584.0,2584.0,2584.0,2584.0,2584.0,2584.0,2584.0,2584.0,2584.0,2584.0,2584.0,2584.0,2584.0,2584.0,2584.0,2584.0,2584.0,2584.0,2584.0,2584.0,2584.0,2584.0,4.0,,,,,0.4,196.5835,218.9579,239.1032,256.3307,270.3464,281.2289,289.3344,295.1616,299.2084,301.8478,303.2434,303.3089,301.7176,297.9579,291.4319,281.5878,268.0663,250.8338,230.2708,207.1854,372.9999576334442,372.9996769519095,693.452,208.05960000000005,723.9661000000001,16.423400000000015
2585,2585,2585.0,2585.0,2585.0,2585.0,2585.0,2585.0,2585.0,2585.0,2585.0,2585.0,2585.0,2585.0,2585.0,2585.0,2585.0,2585.0,2585.0,2585.0,2585.0,2585.0,2585.0,2585.0,2585.0,2585.0,2585.0,2585.0,2585.0,2585.0,2585.0,2585.0,2585.0,2585.0,2585.0,2585.0,2585.0,2585.0,2585.0,2585.0,2585.0,2585.0,2585.0,2585.0,2585.0,2585.0,2585.0,5.0,,,,,0.5,355.1587,338.4649,323.8786,312.0307,303.1579,297.1227,293.5025,291.7201,291.1822,291.4014,292.0827,293.1706,294.8524,297.5179,301.6798,307.8597,316.4571,327.6245,341.1799,356.5845,372.999788982168,372.9999591811811,901.5116,93.26819999999998,515.9065,16.423400000000015
2586,2586,2586.0,2586.0,2586.0,2586.0,2586.0,2586.0,2586.0,2586.0,2586.0,2586.0,2586.0,2586.0,2586.0,2586.0,2586.0,2586.0,2586.0,2586.0,2586.0,2586.0,2586.0,2586.0,2586.0,2586.0,2586.0,2586.0,2586.0,2586.0,2586.0,2586.0,2586.0,2586.0,2586.0,2586.0,2586.0,2586.0,2586.0,2586.0,2586.0,2586.0,2586.0,2586.0,2586.0,2586.0,2586.0,6.0,,,,,0.6,361.8172,350.9779,340.8007,331.5596,323.4698,316.682,311.2857,307.3194,304.785,303.6643,303.9317,305.5637,308.5404,312.841,318.4338,325.2625,333.234,342.2076,351.992,362.3481,372.999423709455,372.9993084823205,994.7798,72.52499999999986,422.6383000000001,16.423400000000015
2587,2587,2587.0,2587.0,2587.0,2587.0,2587.0,2587.0,2587.0,2587.0,2587.0,2587.0,2587.0,2587.0,2587.0,2587.0,2587.0,2587.0,2587.0,2587.0,2587.0,2587.0,2587.0,2587.0,2587.0,2587.0,2587.0,2587.0,2587.0,2587.0,2587.0,2587.0,2587.0,2587.0,2587.0,2587.0,2587.0,2587.0,2587.0,2587.0,2587.0,2587.0,2587.0,2587.0,2587.0,2587.0,2587.0,7.0,,,,,0.7,364.6143,356.4321,348.6487,341.4471,334.9914,329.4234,324.86,321.3916,319.0829,317.9724,318.0748,319.3808,321.8587,325.4546,330.0929,335.6761,342.0863,349.1856,356.8189,364.8166,173.00004083143085,173.00523095615242,1067.3048,62.2456000000002,350.1133000000002,16.423400000000015
2588,2588,2588.0,2588.0,2588.0,2588.0,2588.0,2588.0,2588.0,2588.0,2588.0,2588.0,2588.0,2588.0,2588.0,2588.0,2588.0,2588.0,2588.0,2588.0,2588.0,2588.0,2588.0,2588.0,2588.0,2588.0,2588.0,2588.0,2588.0,2588.0,2588.0,2588.0,2588.0,2588.0,2588.0,2588.0,2588.0,2588.0,2588.0,2588.0,2588.0,2588.0,2588.0,2588.0,2588.0,2588.0,2588.0,8.0,,,,,0.8,200.5744,226.7389,250.2907,270.3915,286.6426,299.0673,308.0151,314.0201,317.6468,319.3533,319.3924,317.7609,314.199,308.2429,299.324,286.9057,270.6377,250.4984,226.8901,200.656,173.00006643747952,372.9995256816948,1129.5504,149.26919999999996,287.8677,16.423400000000015
2589,2589,2589.0,2589.0,2589.0,2589.0,2589.0,2589.0,2589.0,2589.0,2589.0,2589.0,2589.0,2589.0,2589.0,2589.0,2589.0,2589.0,2589.0,2589.0,2589.0,2589.0,2589.0,2589.0,2589.0,2589.0,2589.0,2589.0,2589.0,2589.0,2589.0,2589.0,2589.0,2589.0,2589.0,2589.0,2589.0,2589.0,2589.0,2589.0,2589.0,2589.0,2589.0,2589.0,2589.0,2589.0,2589.0,9.0,,,,,0.9,191.7618,210.022,227.3095,243.2115,257.3946,269.6202,279.7546,287.7748,293.7762,297.9794,300.7404,302.5539,304.0459,305.9406,308.9974,313.9133,321.2062,331.0998,343.4435,357.6978,372.9999218366885,372.9998326015126,1278.8196,138.59850000000006,138.59850000000006,16.423400000000015
2590,2590,2590.0,2590.0,2590.0,2590.0,2590.0,2590.0,2590.0,2590.0,2590.0,2590.0,2590.0,2590.0,2590.0,2590.0,2590.0,2590.0,2590.0,2590.0,2590.0,2590.0,2590.0,2590.0,2590.0,2590.0,2590.0,2590.0,2590.0,2590.0,2590.0,2590.0,2590.0,2590.0,2590.0,2590.0,2590.0,2590.0,2590.0,2590.0,2590.0,2590.0,2590.0,2590.0,2590.0,2590.0,2590.0,0.0,,,,,0.0,273.0,273.0,273.0,273.0,273.0,273.0,273.0,273.0,273.0,273.0,273.0,273.0,273.0,273.0,273.0,273.0,273.0,273.0,273.0,273.0,372.9999424378239,372.9998925019,0.0,368.7879,1746.2815,22.1386
2591,2591,2591.0,2591.0,2591.0,2591.0,2591.0,2591.0,2591.0,2591.0,2591.0,2591.0,2591.0,2591.0,2591.0,2591.0,2591.0,2591.0,2591.0,2591.0,2591.0,2591.0,2591.0,2591.0,2591.0,2591.0,2591.0,2591.0,2591.0,2591.0,2591.0,2591.0,2591.0,2591.0,2591.0,2591.0,2591.0,2591.0,2591.0,2591.0,2591.0,2591.0,2591.0,2591.0,2591.0,2591.0,2591.0,1.0,,,,,0.1,355.9582,339.696,324.8873,312.0201,301.3574,292.9443,286.6547,282.2609,279.5107,278.1944,278.1944,279.5107,282.2609,286.6546,292.9443,301.3574,312.0201,324.8873,339.696,355.9582,296.8647018670411,274.08620332783624,368.7879,174.9939,1377.4936,22.1386
2592,2592,2592.0,2592.0,2592.0,2592.0,2592.0,2592.0,2592.0,2592.0,2592.0,2592.0,2592.0,2592.0,2592.0,2592.0,2592.0,2592.0,2592.0,2592.0,2592.0,2592.0,2592.0,2592.0,2592.0,2592.0,2592.0,2592.0,2592.0,2592.0,2592.0,2592.0,2592.0,2592.0,2592.0,2592.0,2592.0,2592.0,2592.0,2592.0,2592.0,2592.0,2592.0,2592.0,2592.0,2592.0,2592.0,2.0,,,,,0.2,297.9151,298.6817,298.945,298.5977,297.6635,296.2864,294.6935,293.1435,291.8731,291.0494,290.7367,290.8783,291.2982,291.721,291.8129,291.2379,289.7253,287.1331,283.4924,279.0196,253.2207670547056,257.6290498777426,543.7818,203.365,1202.4997,22.1386
2593,2593,2593.0,2593.0,2593.0,2593.0,2593.0,2593.0,2593.0,2593.0,2593.0,2593.0,2593.0,2593.0,2593.0,2593.0,2593.0,2593.0,2593.0,2593.0,2593.0,2593.0,2593.0,2593.0,2593.0,2593.0,2593.0,2593.0,2593.0,2593.0,2593.0,2593.0,2593.0,2593.0,2593.0,2593.0,2593.0,2593.0,2593.0,2593.0,2593.0,2593.0,2593.0,2593.0,2593.0,2593.0,2593.0,3.0,,,,,0.3,260.5044,267.4153,273.6326,278.9266,283.1787,286.3785,288.6012,289.9748,290.6427,290.7325,290.333,289.4843,288.1787,286.3718,284.0017,281.0114,277.3728,273.106,268.2911,263.0688,367.2506643981412,272.64041037967564,747.1468,258.727,999.1347,22.1386
2594,2594,2594.0,2594.0,2594.0,2594.0,2594.0,2594.0,2594.0,2594.0,2594.0,2594.0,2594.0,2594.0,2594.0,2594.0,2594.0,2594.0,2594.0,2594.0,2594.0,2594.0,2594.0,2594.0,2594.0,2594.0,2594.0,2594.0,2594.0,2594.0,2594.0,2594.0,2594.0,2594.0,2594.0,2594.0,2594.0,2594.0,2594.0,2594.0,2594.0,2594.0,2594.0,2594.0,2594.0,2594.0,2594.0,4.0,,,,,0.4,352.7092,338.9161,326.5065,315.916,307.3393,300.7371,295.8845,292.4405,290.0216,288.2632,286.8609,285.5912,284.3135,282.9603,281.5198,280.0156,278.4871,276.9715,275.4925,274.0537,372.9996858118051,372.9999116137424,1005.8738,220.3775,740.4077000000001,22.1386
2595,2595,2595.0,2595.0,2595.0,2595.0,2595.0,2595.0,2595.0,2595.0,2595.0,2595.0,2595.0,2595.0,2595.0,2595.0,2595.0,2595.0,2595.0,2595.0,2595.0,2595.0,2595.0,2595.0,2595.0,2595.0,2595.0,2595.0,2595.0,2595.0,2595.0,2595.0,2595.0,2595.0,2595.0,2595.0,2595.0,2595.0,2595.0,2595.0,2595.0,2595.0,2595.0,2595.0,2595.0,2595.0,2595.0,5.0,,,,,0.5,361.984,351.2493,341.0531,331.6102,323.0807,315.5676,309.1239,303.7691,299.5122,296.3775,294.4302,293.7944,294.6587,297.2625,301.8611,308.67,317.7976,329.1808,342.5406,357.3754,372.9999369360316,372.9996909044166,1226.2513,112.7501000000002,520.0302000000001,22.1386
2596,2596,2596.0,2596.0,2596.0,2596.0,2596.0,2596.0,2596.0,2596.0,2596.0,2596.0,2596.0,2596.0,2596.0,2596.0,2596.0,2596.0,2596.0,2596.0,2596.0,2596.0,2596.0,2596.0,2596.0,2596.0,2596.0,2596.0,2596.0,2596.0,2596.0,2596.0,2596.0,2596.0,2596.0,2596.0,2596.0,2596.0,2596.0,2596.0,2596.0,2596.0,2596.0,2596.0,2596.0,2596.0,2596.0,6.0,,,,,0.6,364.2268,355.6206,347.3449,339.5561,332.4017,326.019,320.5351,316.0674,312.7235,310.6018,309.7887,310.3554,312.3516,315.7981,320.6782,326.93,334.4403,343.0422,352.517,362.6015,372.9999589978906,372.99978500380007,1339.0014,98.80679999999984,407.2801,22.1386
2597,2597,2597.0,2597.0,2597.0,2597.0,2597.0,2597.0,2597.0,2597.0,2597.0,2597.0,2597.0,2597.0,2597.0,2597.0,2597.0,2597.0,2597.0,2597.0,2597.0,2597.0,2597.0,2597.0,2597.0,2597.0,2597.0,2597.0,2597.0,2597.0,2597.0,2597.0,2597.0,2597.0,2597.0,2597.0,2597.0,2597.0,2597.0,2597.0,2597.0,2597.0,2597.0,2597.0,2597.0,2597.0,2597.0,7.0,,,,,0.7,365.8824,358.9064,352.2114,345.9332,340.2016,335.1386,330.8566,327.4557,325.0218,323.6239,323.3117,324.1128,326.0307,329.0421,333.0957,338.1117,343.9821,350.5726,357.7254,365.2644,173.0000361146002,173.0046835266647,1437.8082,73.34069999999997,308.4733000000001,22.1386
2598,2598,2598.0,2598.0,2598.0,2598.0,2598.0,2598.0,2598.0,2598.0,2598.0,2598.0,2598.0,2598.0,2598.0,2598.0,2598.0,2598.0,2598.0,2598.0,2598.0,2598.0,2598.0,2598.0,2598.0,2598.0,2598.0,2598.0,2598.0,2598.0,2598.0,2598.0,2598.0,2598.0,2598.0,2598.0,2598.0,2598.0,2598.0,2598.0,2598.0,2598.0,2598.0,2598.0,2598.0,2598.0,2598.0,8.0,,,,,0.8,201.3824,228.3258,252.5998,273.3421,290.1345,302.9858,312.2377,318.4218,322.1059,323.7561,323.6368,321.7588,317.8777,311.545,302.2062,289.3375,272.5987,251.9763,227.8779,201.1503,173.00006643747952,372.9988204038566,1511.1489,120.116,235.1326000000001,22.1386
2599,2599,2599.0,2599.0,2599.0,2599.0,2599.0,2599.0,2599.0,2599.0,2599.0,2599.0,2599.0,2599.0,2599.0,2599.0,2599.0,2599.0,2599.0,2599.0,2599.0,2599.0,2599.0,2599.0,2599.0,2599.0,2599.0,2599.0,2599.0,2599.0,2599.0,2599.0,2599.0,2599.0,2599.0,2599.0,2599.0,2599.0,2599.0,2599.0,2599.0,2599.0,2599.0,2599.0,2599.0,2599.0,2599.0,9.0,,,,,0.9,192.3305,211.1425,228.9492,245.3229,259.9178,272.4853,282.8843,291.0875,297.1887,301.41,304.1104,305.7903,307.0823,308.7185,311.4664,316.0314,322.9393,332.4215,344.3348,358.1462,372.9999340543511,372.99994643636745,1631.2649,115.01660000000015,115.01660000000015,22.1386
2600,2600,2600.0,2600.0,2600.0,2600.0,2600.0,2600.0,2600.0,2600.0,2600.0,2600.0,2600.0,2600.0,2600.0,2600.0,2600.0,2600.0,2600.0,2600.0,2600.0,2600.0,2600.0,2600.0,2600.0,2600.0,2600.0,2600.0,2600.0,2600.0,2600.0,2600.0,2600.0,2600.0,2600.0,2600.0,2600.0,2600.0,2600.0,2600.0,2600.0,2600.0,2600.0,2600.0,2600.0,2600.0,2600.0,0.0,,,,,0.0,273.0,273.0,273.0,273.0,273.0,273.0,273.0,273.0,273.0,273.0,273.0,273.0,273.0,273.0,273.0,273.0,273.0,273.0,273.0,273.0,372.999905713541,372.9999075133757,0.0,368.7879,2586.3278,-40.0
2601,2601,2601.0,2601.0,2601.0,2601.0,2601.0,2601.0,2601.0,2601.0,2601.0,2601.0,2601.0,2601.0,2601.0,2601.0,2601.0,2601.0,2601.0,2601.0,2601.0,2601.0,2601.0,2601.0,2601.0,2601.0,2601.0,2601.0,2601.0,2601.0,2601.0,2601.0,2601.0,2601.0,2601.0,2601.0,2601.0,2601.0,2601.0,2601.0,2601.0,2601.0,2601.0,2601.0,2601.0,2601.0,2601.0,1.0,,,,,0.1,355.9582,339.696,324.8873,312.0201,301.3574,292.9443,286.6547,282.2609,279.5107,278.1944,278.1944,279.5107,282.2609,286.6547,292.9443,301.3574,312.0201,324.8873,339.696,355.9582,296.826451827828,274.190915046084,368.7879,174.95729999999998,2217.5399,-20.0557
2602,2602,2602.0,2602.0,2602.0,2602.0,2602.0,2602.0,2602.0,2602.0,2602.0,2602.0,2602.0,2602.0,2602.0,2602.0,2602.0,2602.0,2602.0,2602.0,2602.0,2602.0,2602.0,2602.0,2602.0,2602.0,2602.0,2602.0,2602.0,2602.0,2602.0,2602.0,2602.0,2602.0,2602.0,2602.0,2602.0,2602.0,2602.0,2602.0,2602.0,2602.0,2602.0,2602.0,2602.0,2602.0,2602.0,2.0,,,,,0.2,297.8834,298.6562,298.9252,298.5828,297.6527,296.279,294.6887,293.1408,291.8721,291.0502,290.7394,290.8836,291.307,291.7349,291.8335,291.2675,289.7661,287.1874,283.5623,279.1065,254.99795955234111,255.75640136301087,543.7452,203.63210000000004,2042.5826,-16.721000000000004
2603,2603,2603.0,2603.0,2603.0,2603.0,2603.0,2603.0,2603.0,2603.0,2603.0,2603.0,2603.0,2603.0,2603.0,2603.0,2603.0,2603.0,2603.0,2603.0,2603.0,2603.0,2603.0,2603.0,2603.0,2603.0,2603.0,2603.0,2603.0,2603.0,2603.0,2603.0,2603.0,2603.0,2603.0,2603.0,2603.0,2603.0,2603.0,2603.0,2603.0,2603.0,2603.0,2603.0,2603.0,2603.0,2603.0,3.0,,,,,0.3,261.9769,268.5971,274.5498,279.6139,283.6753,286.7233,288.8302,290.1175,290.7209,290.7593,290.3126,289.4116,288.0392,286.1421,283.6501,280.4998,276.6591,272.1483,267.0521,261.5205,352.4790480132145,273.00022768462946,747.3773,261.1623,1838.9505,-26.276700000000005
2604,2604,2604.0,2604.0,2604.0,2604.0,2604.0,2604.0,2604.0,2604.0,2604.0,2604.0,2604.0,2604.0,2604.0,2604.0,2604.0,2604.0,2604.0,2604.0,2604.0,2604.0,2604.0,2604.0,2604.0,2604.0,2604.0,2604.0,2604.0,2604.0,2604.0,2604.0,2604.0,2604.0,2604.0,2604.0,2604.0,2604.0,2604.0,2604.0,2604.0,2604.0,2604.0,2604.0,2604.0,2604.0,2604.0,4.0,,,,,0.4,340.5401,329.2252,319.0626,310.4112,303.4262,298.0654,294.1305,291.3265,289.3255,287.8184,286.5514,285.3429,284.0858,282.7384,281.3082,279.8326,278.3595,276.9298,275.5655,274.2639,249.7070797501636,273.33600640738166,1008.5396,257.29550000000006,1577.7882,-14.934599999999987
2605,2605,2605.0,2605.0,2605.0,2605.0,2605.0,2605.0,2605.0,2605.0,2605.0,2605.0,2605.0,2605.0,2605.0,2605.0,2605.0,2605.0,2605.0,2605.0,2605.0,2605.0,2605.0,2605.0,2605.0,2605.0,2605.0,2605.0,2605.0,2605.0,2605.0,2605.0,2605.0,2605.0,2605.0,2605.0,2605.0,2605.0,2605.0,2605.0,2605.0,2605.0,2605.0,2605.0,2605.0,2605.0,2605.0,5.0,,,,,0.5,259.0013,267.6871,275.2505,281.3423,285.8115,288.696,290.1806,290.5372,290.0648,289.041,287.6933,286.1878,284.6326,283.0888,281.5845,280.1275,278.7149,277.3386,275.9896,274.6584,329.0205544245704,273.6966083570088,1265.8351,271.50520000000006,1320.4927,-24.303999999999974
2606,2606,2606.0,2606.0,2606.0,2606.0,2606.0,2606.0,2606.0,2606.0,2606.0,2606.0,2606.0,2606.0,2606.0,2606.0,2606.0,2606.0,2606.0,2606.0,2606.0,2606.0,2606.0,2606.0,2606.0,2606.0,2606.0,2606.0,2606.0,2606.0,2606.0,2606.0,2606.0,2606.0,2606.0,2606.0,2606.0,2606.0,2606.0,2606.0,2606.0,2606.0,2606.0,2606.0,2606.0,2606.0,2606.0,6.0,,,,,0.6,321.1554,313.7174,307.0637,301.4294,296.9043,293.4413,290.8887,289.0364,287.6612,286.5625,285.5833,284.617,283.6035,282.5186,281.3621,280.1464,278.8887,277.6047,276.3069,275.0028,310.11884538446486,273.5425710228617,1537.3403,260.4658999999999,1048.9875,-19.558699999999988
2607,2607,2607.0,2607.0,2607.0,2607.0,2607.0,2607.0,2607.0,2607.0,2607.0,2607.0,2607.0,2607.0,2607.0,2607.0,2607.0,2607.0,2607.0,2607.0,2607.0,2607.0,2607.0,2607.0,2607.0,2607.0,2607.0,2607.0,2607.0,2607.0,2607.0,2607.0,2607.0,2607.0,2607.0,2607.0,2607.0,2607.0,2607.0,2607.0,2607.0,2607.0,2607.0,2607.0,2607.0,2607.0,2607.0,7.0,,,,,0.7,307.9474,305.7524,303.5204,301.2541,298.9746,296.7164,294.5202,292.424,290.4555,288.6282,286.9408,285.3794,283.922,282.5433,281.2181,279.925,278.6476,277.3746,276.1003,274.8226,266.21927560955174,273.2223255649589,1797.8062,260.1410000000001,788.5216,-16.28359999999998
2608,2608,2608.0,2608.0,2608.0,2608.0,2608.0,2608.0,2608.0,2608.0,2608.0,2608.0,2608.0,2608.0,2608.0,2608.0,2608.0,2608.0,2608.0,2608.0,2608.0,2608.0,2608.0,2608.0,2608.0,2608.0,2608.0,2608.0,2608.0,2608.0,2608.0,2608.0,2608.0,2608.0,2608.0,2608.0,2608.0,2608.0,2608.0,2608.0,2608.0,2608.0,2608.0,2608.0,2608.0,2608.0,2608.0,8.0,,,,,0.8,271.5222,276.4914,280.84,284.3647,286.9638,288.6348,289.4568,289.5618,289.1057,288.2425,287.1071,285.8069,284.4194,282.9959,281.5665,280.146,278.7398,277.3476,275.9664,274.5926,344.0478318799271,273.0088564238475,2057.9472,269.37289999999985,528.3806,-24.365200000000016
2609,2609,2609.0,2609.0,2609.0,2609.0,2609.0,2609.0,2609.0,2609.0,2609.0,2609.0,2609.0,2609.0,2609.0,2609.0,2609.0,2609.0,2609.0,2609.0,2609.0,2609.0,2609.0,2609.0,2609.0,2609.0,2609.0,2609.0,2609.0,2609.0,2609.0,2609.0,2609.0,2609.0,2609.0,2609.0,2609.0,2609.0,2609.0,2609.0,2609.0,2609.0,2609.0,2609.0,2609.0,2609.0,2609.0,9.0,,,,,0.9,333.9961,324.4356,315.7826,308.3224,302.1823,297.3374,293.6435,290.8836,288.8154,287.2104,285.8784,284.6779,283.5153,282.3361,281.1151,279.8456,278.5315,277.1811,275.8044,274.4107,269.3795583045491,273.1671721734047,2327.3201,259.0077000000001,259.0077000000001,-15.662599999999998
2610,2610,2610.0,2610.0,2610.0,2610.0,2610.0,2610.0,2610.0,2610.0,2610.0,2610.0,2610.0,2610.0,2610.0,2610.0,2610.0,2610.0,2610.0,2610.0,2610.0,2610.0,2610.0,2610.0,2610.0,2610.0,2610.0,2610.0,2610.0,2610.0,2610.0,2610.0,2610.0,2610.0,2610.0,2610.0,2610.0,2610.0,2610.0,2610.0,2610.0,2610.0,2610.0,2610.0,2610.0,2610.0,2610.0,0.0,,,,,0.0,273.0,273.0,273.0,273.0,273.0,273.0,273.0,273.0,273.0,273.0,273.0,273.0,273.0,273.0,273.0,273.0,273.0,273.0,273.0,273.0,372.99994480929513,372.9998924958591,0.0,368.7879,2695.8325,-40.0
2611,2611,2611.0,2611.0,2611.0,2611.0,2611.0,2611.0,2611.0,2611.0,2611.0,2611.0,2611.0,2611.0,2611.0,2611.0,2611.0,2611.0,2611.0,2611.0,2611.0,2611.0,2611.0,2611.0,2611.0,2611.0,2611.0,2611.0,2611.0,2611.0,2611.0,2611.0,2611.0,2611.0,2611.0,2611.0,2611.0,2611.0,2611.0,2611.0,2611.0,2611.0,2611.0,2611.0,2611.0,2611.0,2611.0,1.0,,,,,0.1,355.9582,339.696,324.8873,312.0201,301.3574,292.9443,286.6547,282.2609,279.5107,278.1944,278.1944,279.5107,282.2609,286.6546,292.9443,301.3574,312.0201,324.8873,339.696,355.9582,296.6614801964174,274.6426939753895,368.7879,174.79969999999997,2327.0446,-20.0557
2612,2612,2612.0,2612.0,2612.0,2612.0,2612.0,2612.0,2612.0,2612.0,2612.0,2612.0,2612.0,2612.0,2612.0,2612.0,2612.0,2612.0,2612.0,2612.0,2612.0,2612.0,2612.0,2612.0,2612.0,2612.0,2612.0,2612.0,2612.0,2612.0,2612.0,2612.0,2612.0,2612.0,2612.0,2612.0,2612.0,2612.0,2612.0,2612.0,2612.0,2612.0,2612.0,2612.0,2612.0,2612.0,2612.0,2.0,,,,,0.2,297.7465,298.5462,298.8397,298.5186,297.6064,296.2471,294.6681,293.1291,291.868,291.0534,290.7511,290.9064,291.3453,291.7947,291.9227,291.3951,289.9422,287.4217,283.8635,279.4812,254.4397342546462,256.34434404675915,543.5876,202.9202,2152.2449,-16.75290000000001
2613,2613,2613.0,2613.0,2613.0,2613.0,2613.0,2613.0,2613.0,2613.0,2613.0,2613.0,2613.0,2613.0,2613.0,2613.0,2613.0,2613.0,2613.0,2613.0,2613.0,2613.0,2613.0,2613.0,2613.0,2613.0,2613.0,2613.0,2613.0,2613.0,2613.0,2613.0,2613.0,2613.0,2613.0,2613.0,2613.0,2613.0,2613.0,2613.0,2613.0,2613.0,2613.0,2613.0,2613.0,2613.0,2613.0,3.0,,,,,0.3,261.5064,268.211,274.2417,279.3756,283.4973,286.5965,288.746,290.0692,290.7038,290.7708,290.3522,289.4811,288.142,286.2835,283.8362,280.7375,276.9557,272.5107,267.4861,262.0304,353.1165974341045,270.8095822792151,746.5078,261.087,1949.3247,-26.403500000000008
2614,2614,2614.0,2614.0,2614.0,2614.0,2614.0,2614.0,2614.0,2614.0,2614.0,2614.0,2614.0,2614.0,2614.0,2614.0,2614.0,2614.0,2614.0,2614.0,2614.0,2614.0,2614.0,2614.0,2614.0,2614.0,2614.0,2614.0,2614.0,2614.0,2614.0,2614.0,2614.0,2614.0,2614.0,2614.0,2614.0,2614.0,2614.0,2614.0,2614.0,2614.0,2614.0,2614.0,2614.0,2614.0,2614.0,4.0,,,,,0.4,341.041,329.5976,319.3216,310.577,303.5211,298.1115,294.1468,291.328,289.3207,287.8093,286.5318,285.2977,283.9903,282.5573,280.9963,279.3365,277.6211,275.8914,274.1757,272.4841,259.6376626650883,259.63724450260406,1007.5948,264.9825,1688.2377,-14.888500000000022
2615,2615,2615.0,2615.0,2615.0,2615.0,2615.0,2615.0,2615.0,2615.0,2615.0,2615.0,2615.0,2615.0,2615.0,2615.0,2615.0,2615.0,2615.0,2615.0,2615.0,2615.0,2615.0,2615.0,2615.0,2615.0,2615.0,2615.0,2615.0,2615.0,2615.0,2615.0,2615.0,2615.0,2615.0,2615.0,2615.0,2615.0,2615.0,2615.0,2615.0,2615.0,2615.0,2615.0,2615.0,2615.0,2615.0,5.0,,,,,0.5,267.2586,274.3453,280.4473,285.261,288.6581,290.6762,291.4801,291.3065,290.4093,289.0154,287.2978,285.3668,283.2736,281.0246,278.5981,275.9636,273.0972,269.9948,266.6794,263.2021,314.7688610362003,274.0910401370784,1272.5773,292.34730000000013,1423.2552,-22.32380000000001
2616,2616,2616.0,2616.0,2616.0,2616.0,2616.0,2616.0,2616.0,2616.0,2616.0,2616.0,2616.0,2616.0,2616.0,2616.0,2616.0,2616.0,2616.0,2616.0,2616.0,2616.0,2616.0,2616.0,2616.0,2616.0,2616.0,2616.0,2616.0,2616.0,2616.0,2616.0,2616.0,2616.0,2616.0,2616.0,2616.0,2616.0,2616.0,2616.0,2616.0,2616.0,2616.0,2616.0,2616.0,2616.0,2616.0,6.0,,,,,0.6,309.8038,305.1001,300.8726,297.2561,294.2903,291.9264,290.051,288.518,287.1804,285.9157,284.6409,283.3179,281.9493,280.5697,279.2324,277.9949,276.9049,275.988,275.2407,274.6285,334.0506699529731,272.99994625095,1564.9246,278.55759999999987,1130.9079,-21.0736
2617,2617,2617.0,2617.0,2617.0,2617.0,2617.0,2617.0,2617.0,2617.0,2617.0,2617.0,2617.0,2617.0,2617.0,2617.0,2617.0,2617.0,2617.0,2617.0,2617.0,2617.0,2617.0,2617.0,2617.0,2617.0,2617.0,2617.0,2617.0,2617.0,2617.0,2617.0,2617.0,2617.0,2617.0,2617.0,2617.0,2617.0,2617.0,2617.0,2617.0,2617.0,2617.0,2617.0,2617.0,2617.0,2617.0,7.0,,,,,0.7,327.2364,320.6397,314.4516,308.816,303.8175,299.4814,295.7812,292.6534,290.013,287.7688,285.834,284.1337,282.6071,281.2077,279.9014,278.6638,277.4769,276.3273,275.204,274.0978,257.537216334493,257.7274068101943,1843.4822,273.77800000000025,852.3503000000001,-13.518599999999992
2618,2618,2618.0,2618.0,2618.0,2618.0,2618.0,2618.0,2618.0,2618.0,2618.0,2618.0,2618.0,2618.0,2618.0,2618.0,2618.0,2618.0,2618.0,2618.0,2618.0,2618.0,2618.0,2618.0,2618.0,2618.0,2618.0,2618.0,2618.0,2618.0,2618.0,2618.0,2618.0,2618.0,2618.0,2618.0,2618.0,2618.0,2618.0,2618.0,2618.0,2618.0,2618.0,2618.0,2618.0,2618.0,2618.0,8.0,,,,,0.8,265.2228,272.3991,278.6328,283.6243,287.235,289.4822,290.5055,290.5193,289.7627,288.4569,286.778,284.8437,282.714,280.4009,277.8844,275.1312,272.1132,268.8233,265.2856,261.558,333.6652793068866,273.9463180722058,2117.2602,299.9578999999999,578.5722999999998,-23.517800000000022
2619,2619,2619.0,2619.0,2619.0,2619.0,2619.0,2619.0,2619.0,2619.0,2619.0,2619.0,2619.0,2619.0,2619.0,2619.0,2619.0,2619.0,2619.0,2619.0,2619.0,2619.0,2619.0,2619.0,2619.0,2619.0,2619.0,2619.0,2619.0,2619.0,2619.0,2619.0,2619.0,2619.0,2619.0,2619.0,2619.0,2619.0,2619.0,2619.0,2619.0,2619.0,2619.0,2619.0,2619.0,2619.0,2619.0,9.0,,,,,0.9,325.2611,317.2813,310.0816,303.8969,298.8179,294.7989,291.6898,289.2822,287.3551,285.7129,284.2092,282.7557,281.3204,279.9159,278.5841,277.3777,276.343,275.5047,274.8567,274.3598,306.74283610876546,274.3854666671783,2417.2181,278.61439999999993,278.61439999999993,-18.2011
2620,2620,2620.0,2620.0,2620.0,2620.0,2620.0,2620.0,2620.0,2620.0,2620.0,2620.0,2620.0,2620.0,2620.0,2620.0,2620.0,2620.0,2620.0,2620.0,2620.0,2620.0,2620.0,2620.0,2620.0,2620.0,2620.0,2620.0,2620.0,2620.0,2620.0,2620.0,2620.0,2620.0,2620.0,2620.0,2620.0,2620.0,2620.0,2620.0,2620.0,2620.0,2620.0,2620.0,2620.0,2620.0,2620.0,0.0,,,,,0.0,273.0,273.0,273.0,273.0,273.0,273.0,273.0,273.0,273.0,273.0,273.0,273.0,273.0,273.0,273.0,273.0,273.0,273.0,273.0,273.0,372.9999424378223,372.9998925019,0.0,368.7879,2683.7351,-40.0
2621,2621,2621.0,2621.0,2621.0,2621.0,2621.0,2621.0,2621.0,2621.0,2621.0,2621.0,2621.0,2621.0,2621.0,2621.0,2621.0,2621.0,2621.0,2621.0,2621.0,2621.0,2621.0,2621.0,2621.0,2621.0,2621.0,2621.0,2621.0,2621.0,2621.0,2621.0,2621.0,2621.0,2621.0,2621.0,2621.0,2621.0,2621.0,2621.0,2621.0,2621.0,2621.0,2621.0,2621.0,2621.0,2621.0,1.0,,,,,0.1,355.9582,339.696,324.8873,312.0201,301.3574,292.9443,286.6547,282.2609,279.5107,278.1944,278.1944,279.5107,282.2609,286.6546,292.9443,301.3574,312.0201,324.8873,339.696,355.9582,296.82122080057906,274.20496835905965,368.7879,174.95240000000007,2314.9472,-20.0557
2622,2622,2622.0,2622.0,2622.0,2622.0,2622.0,2622.0,2622.0,2622.0,2622.0,2622.0,2622.0,2622.0,2622.0,2622.0,2622.0,2622.0,2622.0,2622.0,2622.0,2622.0,2622.0,2622.0,2622.0,2622.0,2622.0,2622.0,2622.0,2622.0,2622.0,2622.0,2622.0,2622.0,2622.0,2622.0,2622.0,2622.0,2622.0,2622.0,2622.0,2622.0,2622.0,2622.0,2622.0,2622.0,2622.0,2.0,,,,,0.2,297.879,298.6527,298.9225,298.5807,297.6513,296.278,294.688,293.1404,291.872,291.0503,290.7398,290.8843,291.3082,291.7368,291.8363,291.2714,289.7716,287.1947,283.5716,279.1181,254.90243414216573,255.85684090563925,543.7403,203.5921,2139.9948,-16.72199999999998
2623,2623,2623.0,2623.0,2623.0,2623.0,2623.0,2623.0,2623.0,2623.0,2623.0,2623.0,2623.0,2623.0,2623.0,2623.0,2623.0,2623.0,2623.0,2623.0,2623.0,2623.0,2623.0,2623.0,2623.0,2623.0,2623.0,2623.0,2623.0,2623.0,2623.0,2623.0,2623.0,2623.0,2623.0,2623.0,2623.0,2623.0,2623.0,2623.0,2623.0,2623.0,2623.0,2623.0,2623.0,2623.0,2623.0,3.0,,,,,0.3,261.8974,268.533,274.4997,279.5761,283.6477,286.704,288.8174,290.1096,290.717,290.7587,290.3151,289.4174,288.0491,286.1573,283.6721,280.5303,276.7003,272.2021,267.1204,261.6045,353.30447982107245,272.18474824591675,747.3324,261.365,1936.4027,-26.295999999999992
2624,2624,2624.0,2624.0,2624.0,2624.0,2624.0,2624.0,2624.0,2624.0,2624.0,2624.0,2624.0,2624.0,2624.0,2624.0,2624.0,2624.0,2624.0,2624.0,2624.0,2624.0,2624.0,2624.0,2624.0,2624.0,2624.0,2624.0,2624.0,2624.0,2624.0,2624.0,2624.0,2624.0,2624.0,2624.0,2624.0,2624.0,2624.0,2624.0,2624.0,2624.0,2624.0,2624.0,2624.0,2624.0,2624.0,4.0,,,,,0.4,341.2203,329.767,319.4788,310.719,303.6447,298.2141,294.2267,291.385,289.3568,287.8291,286.5436,285.3145,284.0306,282.6457,281.1636,279.6188,278.0573,276.5202,275.0314,273.5926,259.73764688004024,259.7789235893938,1008.6974,263.0827999999999,1675.0377,-14.785900000000026
2625,2625,2625.0,2625.0,2625.0,2625.0,2625.0,2625.0,2625.0,2625.0,2625.0,2625.0,2625.0,2625.0,2625.0,2625.0,2625.0,2625.0,2625.0,2625.0,2625.0,2625.0,2625.0,2625.0,2625.0,2625.0,2625.0,2625.0,2625.0,2625.0,2625.0,2625.0,2625.0,2625.0,2625.0,2625.0,2625.0,2625.0,2625.0,2625.0,2625.0,2625.0,2625.0,2625.0,2625.0,2625.0,2625.0,5.0,,,,,0.5,267.3599,274.4474,280.5492,285.3618,288.7571,290.7734,291.5767,291.4048,290.513,289.1289,287.4259,285.5137,283.4421,281.2148,278.8071,276.1851,273.3221,270.2123,266.8789,263.375,314.6501499405246,273.3401926780387,1271.7802,290.7225000000001,1411.9549,-22.22660000000002
2626,2626,2626.0,2626.0,2626.0,2626.0,2626.0,2626.0,2626.0,2626.0,2626.0,2626.0,2626.0,2626.0,2626.0,2626.0,2626.0,2626.0,2626.0,2626.0,2626.0,2626.0,2626.0,2626.0,2626.0,2626.0,2626.0,2626.0,2626.0,2626.0,2626.0,2626.0,2626.0,2626.0,2626.0,2626.0,2626.0,2626.0,2626.0,2626.0,2626.0,2626.0,2626.0,2626.0,2626.0,2626.0,2626.0,6.0,,,,,0.6,309.7232,305.0559,300.8622,297.2756,294.3353,291.9928,290.1346,288.6148,287.2863,286.0261,284.7497,283.4168,282.0272,280.6121,279.2214,277.9098,276.7233,275.6879,274.8027,274.038,331.7714373969386,273.00017428562427,1562.5027,278.6306,1121.2324,-21.00720000000001
2627,2627,2627.0,2627.0,2627.0,2627.0,2627.0,2627.0,2627.0,2627.0,2627.0,2627.0,2627.0,2627.0,2627.0,2627.0,2627.0,2627.0,2627.0,2627.0,2627.0,2627.0,2627.0,2627.0,2627.0,2627.0,2627.0,2627.0,2627.0,2627.0,2627.0,2627.0,2627.0,2627.0,2627.0,2627.0,2627.0,2627.0,2627.0,2627.0,2627.0,2627.0,2627.0,2627.0,2627.0,2627.0,2627.0,7.0,,,,,0.7,325.3528,319.1342,313.2914,307.957,303.2095,299.0729,295.5235,292.5035,289.9348,287.7336,285.8202,284.1256,282.5946,281.1855,279.8685,278.6225,277.4321,276.2854,275.1717,274.0803,260.43704766454323,260.3976982547454,1841.1333,272.96270000000004,842.6017999999999,-13.927099999999996
2628,2628,2628.0,2628.0,2628.0,2628.0,2628.0,2628.0,2628.0,2628.0,2628.0,2628.0,2628.0,2628.0,2628.0,2628.0,2628.0,2628.0,2628.0,2628.0,2628.0,2628.0,2628.0,2628.0,2628.0,2628.0,2628.0,2628.0,2628.0,2628.0,2628.0,2628.0,2628.0,2628.0,2628.0,2628.0,2628.0,2628.0,2628.0,2628.0,2628.0,2628.0,2628.0,2628.0,2628.0,2628.0,2628.0,8.0,,,,,0.8,267.521,274.1294,279.8576,284.4258,287.7047,289.7105,290.5741,290.4967,289.7028,288.4018,286.7614,284.8965,282.8686,280.6953,278.364,275.8486,273.1256,270.1877,267.0528,263.7665,333.3197101323263,274.3064178991398,2114.096,294.60260000000017,569.6390999999999,-23.28949999999997
2629,2629,2629.0,2629.0,2629.0,2629.0,2629.0,2629.0,2629.0,2629.0,2629.0,2629.0,2629.0,2629.0,2629.0,2629.0,2629.0,2629.0,2629.0,2629.0,2629.0,2629.0,2629.0,2629.0,2629.0,2629.0,2629.0,2629.0,2629.0,2629.0,2629.0,2629.0,2629.0,2629.0,2629.0,2629.0,2629.0,2629.0,2629.0,2629.0,2629.0,2629.0,2629.0,2629.0,2629.0,2629.0,2629.0,9.0,,,,,0.9,325.0752,317.2415,310.1634,304.0694,299.0496,295.0625,291.9664,289.5623,287.6388,286.0077,284.5266,283.1079,281.7164,280.3589,279.0693,277.8926,276.8683,276.0173,275.3341,274.7836,297.37801811702406,274.17910094488786,2408.6986,275.0364999999997,275.0364999999997,-17.9375
2630,2630,2630.0,2630.0,2630.0,2630.0,2630.0,2630.0,2630.0,2630.0,2630.0,2630.0,2630.0,2630.0,2630.0,2630.0,2630.0,2630.0,2630.0,2630.0,2630.0,2630.0,2630.0,2630.0,2630.0,2630.0,2630.0,2630.0,2630.0,2630.0,2630.0,2630.0,2630.0,2630.0,2630.0,2630.0,2630.0,2630.0,2630.0,2630.0,2630.0,2630.0,2630.0,2630.0,2630.0,2630.0,2630.0,0.0,,,,,0.0,273.0,273.0,273.0,273.0,273.0,273.0,273.0,273.0,273.0,273.0,273.0,273.0,273.0,273.0,273.0,273.0,273.0,273.0,273.0,273.0,372.9999424378222,372.9998925019,0.0,368.7879,2655.6557,-40.0
2631,2631,2631.0,2631.0,2631.0,2631.0,2631.0,2631.0,2631.0,2631.0,2631.0,2631.0,2631.0,2631.0,2631.0,2631.0,2631.0,2631.0,2631.0,2631.0,2631.0,2631.0,2631.0,2631.0,2631.0,2631.0,2631.0,2631.0,2631.0,2631.0,2631.0,2631.0,2631.0,2631.0,2631.0,2631.0,2631.0,2631.0,2631.0,2631.0,2631.0,2631.0,2631.0,2631.0,2631.0,2631.0,2631.0,1.0,,,,,0.1,355.9582,339.696,324.8873,312.0201,301.3574,292.9443,286.6547,282.2609,279.5107,278.1944,278.1944,279.5107,282.2609,286.6546,292.9443,301.3574,312.0201,324.8873,339.696,355.9582,297.0716821956653,273.51937259249746,368.7879,175.19240000000008,2286.8677999999995,-20.0557
2632,2632,2632.0,2632.0,2632.0,2632.0,2632.0,2632.0,2632.0,2632.0,2632.0,2632.0,2632.0,2632.0,2632.0,2632.0,2632.0,2632.0,2632.0,2632.0,2632.0,2632.0,2632.0,2632.0,2632.0,2632.0,2632.0,2632.0,2632.0,2632.0,2632.0,2632.0,2632.0,2632.0,2632.0,2632.0,2632.0,2632.0,2632.0,2632.0,2632.0,2632.0,2632.0,2632.0,2632.0,2632.0,2632.0,2.0,,,,,0.2,298.0868,298.8197,299.0523,298.6782,297.7216,296.3265,294.7194,293.1582,291.8782,291.0454,290.722,290.8497,291.2502,291.646,291.701,291.0777,289.5044,286.8391,283.1144,278.5494,253.81077685858185,254.2011532226088,543.9803,205.4662,2111.6754,-16.67349999999999
2633,2633,2633.0,2633.0,2633.0,2633.0,2633.0,2633.0,2633.0,2633.0,2633.0,2633.0,2633.0,2633.0,2633.0,2633.0,2633.0,2633.0,2633.0,2633.0,2633.0,2633.0,2633.0,2633.0,2633.0,2633.0,2633.0,2633.0,2633.0,2633.0,2633.0,2633.0,2633.0,2633.0,2633.0,2633.0,2633.0,2633.0,2633.0,2633.0,2633.0,2633.0,2633.0,2633.0,2633.0,2633.0,2633.0,3.0,,,,,0.3,261.0031,267.826,273.9615,279.1817,283.3688,286.5117,288.684,290.0102,290.6294,290.6631,290.1929,289.2496,287.8154,285.835,283.2357,279.9522,275.9518,271.2558,265.9525,260.1974,357.5863387227294,271.7668877122649,749.4465,265.528,1906.2092,-26.48829999999998
2634,2634,2634.0,2634.0,2634.0,2634.0,2634.0,2634.0,2634.0,2634.0,2634.0,2634.0,2634.0,2634.0,2634.0,2634.0,2634.0,2634.0,2634.0,2634.0,2634.0,2634.0,2634.0,2634.0,2634.0,2634.0,2634.0,2634.0,2634.0,2634.0,2634.0,2634.0,2634.0,2634.0,2634.0,2634.0,2634.0,2634.0,2634.0,2634.0,2634.0,2634.0,2634.0,2634.0,2634.0,2634.0,2634.0,4.0,,,,,0.4,344.7175,332.5174,321.5522,312.208,304.6525,298.8429,294.569,291.5172,289.3373,287.699,286.3297,285.0334,283.6926,282.2592,280.7372,279.1631,277.585,276.0451,274.5666,273.1484,257.0971599361817,260.30297891192333,1014.9745,265.5013999999999,1640.6811999999998,-14.157100000000014
2635,2635,2635.0,2635.0,2635.0,2635.0,2635.0,2635.0,2635.0,2635.0,2635.0,2635.0,2635.0,2635.0,2635.0,2635.0,2635.0,2635.0,2635.0,2635.0,2635.0,2635.0,2635.0,2635.0,2635.0,2635.0,2635.0,2635.0,2635.0,2635.0,2635.0,2635.0,2635.0,2635.0,2635.0,2635.0,2635.0,2635.0,2635.0,2635.0,2635.0,2635.0,2635.0,2635.0,2635.0,2635.0,2635.0,5.0,,,,,0.5,265.3471,273.0209,279.6329,284.8559,288.5523,290.7639,291.67,291.5287,290.6171,289.1843,287.4221,285.4545,283.3424,281.097,278.699,276.117,273.325,270.3154,267.107,263.7463,313.9556428840333,274.2992192099796,1280.4759,291.2921000000001,1375.1798,-22.23610000000002
2636,2636,2636.0,2636.0,2636.0,2636.0,2636.0,2636.0,2636.0,2636.0,2636.0,2636.0,2636.0,2636.0,2636.0,2636.0,2636.0,2636.0,2636.0,2636.0,2636.0,2636.0,2636.0,2636.0,2636.0,2636.0,2636.0,2636.0,2636.0,2636.0,2636.0,2636.0,2636.0,2636.0,2636.0,2636.0,2636.0,2636.0,2636.0,2636.0,2636.0,2636.0,2636.0,2636.0,2636.0,2636.0,2636.0,6.0,,,,,0.6,309.0816,304.4703,300.3373,296.8167,293.9461,291.6738,289.8833,288.4257,287.1524,285.9405,284.7081,283.4184,282.0762,280.7176,279.3974,278.1737,277.0944,276.1855,275.4435,274.8345,334.39180120620057,273.19376126142055,1571.768,277.6333,1083.8876999999998,-21.32619999999997
2637,2637,2637.0,2637.0,2637.0,2637.0,2637.0,2637.0,2637.0,2637.0,2637.0,2637.0,2637.0,2637.0,2637.0,2637.0,2637.0,2637.0,2637.0,2637.0,2637.0,2637.0,2637.0,2637.0,2637.0,2637.0,2637.0,2637.0,2637.0,2637.0,2637.0,2637.0,2637.0,2637.0,2637.0,2637.0,2637.0,2637.0,2637.0,2637.0,2637.0,2637.0,2637.0,2637.0,2637.0,2637.0,2637.0,7.0,,,,,0.7,327.469,320.7719,314.4986,308.7975,303.7557,299.3976,295.6945,292.5787,289.9609,287.7457,285.8427,284.1739,282.6769,281.3039,280.0205,278.8019,277.6307,276.4938,275.381,274.2836,249.5814264565288,273.0001458739805,1849.4013,267.069,806.2543999999998,-13.602399999999989
2638,2638,2638.0,2638.0,2638.0,2638.0,2638.0,2638.0,2638.0,2638.0,2638.0,2638.0,2638.0,2638.0,2638.0,2638.0,2638.0,2638.0,2638.0,2638.0,2638.0,2638.0,2638.0,2638.0,2638.0,2638.0,2638.0,2638.0,2638.0,2638.0,2638.0,2638.0,2638.0,2638.0,2638.0,2638.0,2638.0,2638.0,2638.0,2638.0,2638.0,2638.0,2638.0,2638.0,2638.0,2638.0,2638.0,8.0,,,,,0.8,258.6218,267.0912,274.5033,280.5211,284.988,287.9227,289.4831,289.9152,289.4984,288.5012,287.1519,285.6248,284.0401,282.4712,280.9556,279.5066,278.1223,276.7931,275.5058,274.2461,350.75898378571986,273.25641756911284,2116.4703,276.65459999999985,539.1853999999998,-25.07729999999998
2639,2639,2639.0,2639.0,2639.0,2639.0,2639.0,2639.0,2639.0,2639.0,2639.0,2639.0,2639.0,2639.0,2639.0,2639.0,2639.0,2639.0,2639.0,2639.0,2639.0,2639.0,2639.0,2639.0,2639.0,2639.0,2639.0,2639.0,2639.0,2639.0,2639.0,2639.0,2639.0,2639.0,2639.0,2639.0,2639.0,2639.0,2639.0,2639.0,2639.0,2639.0,2639.0,2639.0,2639.0,2639.0,2639.0,9.0,,,,,0.9,339.0715,327.986,318.0109,309.4903,302.5709,297.2116,293.2247,290.3363,288.2462,286.6765,285.4017,284.2594,283.1478,282.0134,280.837,279.6192,278.3699,277.1011,275.8224,274.5399,262.58325986346586,273.1810477375588,2393.1249,262.5308,262.5308,-15.788400000000024
2640,2640,2640.0,2640.0,2640.0,2640.0,2640.0,2640.0,2640.0,2640.0,2640.0,2640.0,2640.0,2640.0,2640.0,2640.0,2640.0,2640.0,2640.0,2640.0,2640.0,2640.0,2640.0,2640.0,2640.0,2640.0,2640.0,2640.0,2640.0,2640.0,2640.0,2640.0,2640.0,2640.0,2640.0,2640.0,2640.0,2640.0,2640.0,2640.0,2640.0,2640.0,2640.0,2640.0,2640.0,2640.0,0.0,,,,,,0.0,273.0,273.0,273.0,273.0,273.0,273.0,273.0,273.0,273.0,273.0,273.0,273.0,273.0,273.0,273.0,273.0,273.0,273.0,273.0,273.0,372.9998442497967,372.9999355175287,0.0,368.7879,2162.3813,-40.0
2641,2641,2641.0,2641.0,2641.0,2641.0,2641.0,2641.0,2641.0,2641.0,2641.0,2641.0,2641.0,2641.0,2641.0,2641.0,2641.0,2641.0,2641.0,2641.0,2641.0,2641.0,2641.0,2641.0,2641.0,2641.0,2641.0,2641.0,2641.0,2641.0,2641.0,2641.0,2641.0,2641.0,2641.0,2641.0,2641.0,2641.0,2641.0,2641.0,2641.0,2641.0,2641.0,2641.0,2641.0,2641.0,1.0,,,,,,0.1,355.9582,339.6959,324.8872,312.0201,301.3574,292.9443,286.6546,282.2609,279.5107,278.1944,278.1944,279.5107,282.2609,286.6547,292.9443,301.3574,312.0201,324.8873,339.696,355.9582,222.73853863600647,344.2851118720006,368.7879,166.89140000000003,1793.5934000000002,-20.0557
2642,2642,2642.0,2642.0,2642.0,2642.0,2642.0,2642.0,2642.0,2642.0,2642.0,2642.0,2642.0,2642.0,2642.0,2642.0,2642.0,2642.0,2642.0,2642.0,2642.0,2642.0,2642.0,2642.0,2642.0,2642.0,2642.0,2642.0,2642.0,2642.0,2642.0,2642.0,2642.0,2642.0,2642.0,2642.0,2642.0,2642.0,2642.0,2642.0,2642.0,2642.0,2642.0,2642.0,2642.0,2642.0,2.0,,,,,,0.2,236.4249,249.2523,260.5057,269.7238,276.7502,281.7225,285.0086,287.1156,288.5939,289.9567,291.6254,293.9018,296.9624,300.8697,305.5935,311.0374,317.0667,323.5346,330.3025,337.2518,173.00006645041088,307.5777603498389,535.6793,205.4942,1626.7020000000002,-31.27749999999997
2643,2643,2643.0,2643.0,2643.0,2643.0,2643.0,2643.0,2643.0,2643.0,2643.0,2643.0,2643.0,2643.0,2643.0,2643.0,2643.0,2643.0,2643.0,2643.0,2643.0,2643.0,2643.0,2643.0,2643.0,2643.0,2643.0,2643.0,2643.0,2643.0,2643.0,2643.0,2643.0,2643.0,2643.0,2643.0,2643.0,2643.0,2643.0,2643.0,2643.0,2643.0,2643.0,2643.0,2643.0,2643.0,3.0,,,,,,0.3,190.3968,207.1904,222.8523,236.9878,249.3694,259.9406,268.7929,276.1242,282.1903,287.2567,291.559,295.276,298.5163,301.32,303.673,305.5329,306.8596,307.6462,307.9422,307.8623,346.1294829584988,208.13747924526703,741.1735,301.8175,1421.2078,-53.05939999999998
2644,2644,2644.0,2644.0,2644.0,2644.0,2644.0,2644.0,2644.0,2644.0,2644.0,2644.0,2644.0,2644.0,2644.0,2644.0,2644.0,2644.0,2644.0,2644.0,2644.0,2644.0,2644.0,2644.0,2644.0,2644.0,2644.0,2644.0,2644.0,2644.0,2644.0,2644.0,2644.0,2644.0,2644.0,2644.0,2644.0,2644.0,2644.0,2644.0,2644.0,2644.0,2644.0,2644.0,2644.0,2644.0,4.0,,,,,,0.4,330.0185,315.0189,302.0715,291.8157,284.5254,280.1173,278.2174,278.2575,279.5735,281.4832,283.3329,284.5187,284.4914,282.7617,278.9179,272.6608,263.8526,252.5657,239.1151,224.0558,371.5865440306984,372.9999567368031,1042.991,291.8887,1119.3903,-32.8827
2645,2645,2645.0,2645.0,2645.0,2645.0,2645.0,2645.0,2645.0,2645.0,2645.0,2645.0,2645.0,2645.0,2645.0,2645.0,2645.0,2645.0,2645.0,2645.0,2645.0,2645.0,2645.0,2645.0,2645.0,2645.0,2645.0,2645.0,2645.0,2645.0,2645.0,2645.0,2645.0,2645.0,2645.0,2645.0,2645.0,2645.0,2645.0,2645.0,2645.0,2645.0,2645.0,2645.0,2645.0,2645.0,5.0,,,,,,0.5,357.6464,344.2184,331.7583,320.619,311.0233,303.0577,296.6897,291.8026,288.2438,285.8785,284.642,284.5795,285.8666,288.7974,293.7388,301.0484,310.972,323.5394,338.4903,355.2545,227.1850027067496,325.5581074610094,1334.8797,139.33490000000006,827.5016,-9.942299999999989
2646,2646,2646.0,2646.0,2646.0,2646.0,2646.0,2646.0,2646.0,2646.0,2646.0,2646.0,2646.0,2646.0,2646.0,2646.0,2646.0,2646.0,2646.0,2646.0,2646.0,2646.0,2646.0,2646.0,2646.0,2646.0,2646.0,2646.0,2646.0,2646.0,2646.0,2646.0,2646.0,2646.0,2646.0,2646.0,2646.0,2646.0,2646.0,2646.0,2646.0,2646.0,2646.0,2646.0,2646.0,2646.0,6.0,,,,,,0.6,241.4647,254.8544,266.6074,276.2307,283.5373,288.6372,291.8754,293.7426,294.7783,295.4891,296.29,297.4731,299.1991,301.508,304.343,307.5838,311.0836,314.7055,318.3498,321.9676,280.1205453849133,337.1147037223072,1474.2146,118.6742999999999,688.1667,-24.3628
2647,2647,2647.0,2647.0,2647.0,2647.0,2647.0,2647.0,2647.0,2647.0,2647.0,2647.0,2647.0,2647.0,2647.0,2647.0,2647.0,2647.0,2647.0,2647.0,2647.0,2647.0,2647.0,2647.0,2647.0,2647.0,2647.0,2647.0,2647.0,2647.0,2647.0,2647.0,2647.0,2647.0,2647.0,2647.0,2647.0,2647.0,2647.0,2647.0,2647.0,2647.0,2647.0,2647.0,2647.0,2647.0,7.0,,,,,,0.7,280.2967,280.6428,281.2947,282.3308,283.7639,285.5513,287.6157,289.8728,292.2542,294.7235,297.2813,299.9624,302.8248,305.9375,309.3655,313.1576,317.3356,321.8868,326.7614,331.8747,173.00021566559118,311.5924269763339,1592.8889,141.48750000000018,569.4924000000001,-27.44869999999997
2648,2648,2648.0,2648.0,2648.0,2648.0,2648.0,2648.0,2648.0,2648.0,2648.0,2648.0,2648.0,2648.0,2648.0,2648.0,2648.0,2648.0,2648.0,2648.0,2648.0,2648.0,2648.0,2648.0,2648.0,2648.0,2648.0,2648.0,2648.0,2648.0,2648.0,2648.0,2648.0,2648.0,2648.0,2648.0,2648.0,2648.0,2648.0,2648.0,2648.0,2648.0,2648.0,2648.0,2648.0,2648.0,8.0,,,,,,0.8,192.3395,210.8903,227.9747,243.111,256.0553,266.7964,275.5116,282.4992,288.1071,292.6719,296.4758,299.7244,302.5429,304.9863,307.0584,308.7375,310.0021,310.8548,311.3382,311.5412,372.9999335625205,245.9778064190649,1734.3764,211.4451999999999,428.0048999999999,-46.2036
2649,2649,2649.0,2649.0,2649.0,2649.0,2649.0,2649.0,2649.0,2649.0,2649.0,2649.0,2649.0,2649.0,2649.0,2649.0,2649.0,2649.0,2649.0,2649.0,2649.0,2649.0,2649.0,2649.0,2649.0,2649.0,2649.0,2649.0,2649.0,2649.0,2649.0,2649.0,2649.0,2649.0,2649.0,2649.0,2649.0,2649.0,2649.0,2649.0,2649.0,2649.0,2649.0,2649.0,2649.0,2649.0,9.0,,,,,,0.9,353.2763,334.8296,318.7423,305.753,296.1852,289.9586,286.6688,285.7014,286.3499,287.909,289.7335,291.2635,292.0274,291.6372,289.7891,286.2755,281.0088,274.0474,265.6128,256.0863,195.92599595103948,331.95022621507263,1945.8216,216.5597,216.5597,-23.04140000000001
2650,2650,2650.0,2650.0,2650.0,2650.0,2650.0,2650.0,2650.0,2650.0,2650.0,2650.0,2650.0,2650.0,2650.0,2650.0,2650.0,2650.0,2650.0,2650.0,2650.0,2650.0,2650.0,2650.0,2650.0,2650.0,2650.0,2650.0,2650.0,2650.0,2650.0,2650.0,2650.0,2650.0,2650.0,2650.0,2650.0,2650.0,2650.0,2650.0,2650.0,2650.0,2650.0,2650.0,2650.0,2650.0,0.0,,,,,,0.0,273.0,273.0,273.0,273.0,273.0,273.0,273.0,273.0,273.0,273.0,273.0,273.0,273.0,273.0,273.0,273.0,273.0,273.0,273.0,273.0,372.9998790178356,372.9999360442688,0.0,368.7879,2123.2573999999995,-40.0
2651,2651,2651.0,2651.0,2651.0,2651.0,2651.0,2651.0,2651.0,2651.0,2651.0,2651.0,2651.0,2651.0,2651.0,2651.0,2651.0,2651.0,2651.0,2651.0,2651.0,2651.0,2651.0,2651.0,2651.0,2651.0,2651.0,2651.0,2651.0,2651.0,2651.0,2651.0,2651.0,2651.0,2651.0,2651.0,2651.0,2651.0,2651.0,2651.0,2651.0,2651.0,2651.0,2651.0,2651.0,2651.0,1.0,,,,,,0.1,355.9582,339.696,324.8873,312.0201,301.3574,292.9443,286.6546,282.2609,279.5107,278.1944,278.1944,279.5107,282.2609,286.6547,292.9443,301.3574,312.0201,324.8873,339.696,355.9582,222.73381282708223,344.2862092712948,368.7879,166.89249999999998,1754.4694999999997,-20.0557
2652,2652,2652.0,2652.0,2652.0,2652.0,2652.0,2652.0,2652.0,2652.0,2652.0,2652.0,2652.0,2652.0,2652.0,2652.0,2652.0,2652.0,2652.0,2652.0,2652.0,2652.0,2652.0,2652.0,2652.0,2652.0,2652.0,2652.0,2652.0,2652.0,2652.0,2652.0,2652.0,2652.0,2652.0,2652.0,2652.0,2652.0,2652.0,2652.0,2652.0,2652.0,2652.0,2652.0,2652.0,2652.0,2.0,,,,,,0.2,236.421,249.2492,260.5033,269.722,276.7489,281.7215,285.008,287.1152,288.5936,289.9565,291.6254,293.9018,296.9624,300.8698,305.5937,311.0378,317.0672,323.5352,330.3033,337.2527,173.0000146296668,307.5786520429701,535.6804,205.4995,1587.5769999999998,-31.278500000000008
2653,2653,2653.0,2653.0,2653.0,2653.0,2653.0,2653.0,2653.0,2653.0,2653.0,2653.0,2653.0,2653.0,2653.0,2653.0,2653.0,2653.0,2653.0,2653.0,2653.0,2653.0,2653.0,2653.0,2653.0,2653.0,2653.0,2653.0,2653.0,2653.0,2653.0,2653.0,2653.0,2653.0,2653.0,2653.0,2653.0,2653.0,2653.0,2653.0,2653.0,2653.0,2653.0,2653.0,2653.0,2653.0,3.0,,,,,,0.3,190.3965,207.1899,222.8517,236.987,249.3686,259.9399,268.7922,276.1236,282.1899,287.2564,291.5588,295.2759,298.5163,301.3201,303.6733,305.5333,306.8601,307.6468,307.9429,307.8631,346.1295179310538,208.1372362479776,741.1799,301.8211,1382.0775,-53.06009999999998
2654,2654,2654.0,2654.0,2654.0,2654.0,2654.0,2654.0,2654.0,2654.0,2654.0,2654.0,2654.0,2654.0,2654.0,2654.0,2654.0,2654.0,2654.0,2654.0,2654.0,2654.0,2654.0,2654.0,2654.0,2654.0,2654.0,2654.0,2654.0,2654.0,2654.0,2654.0,2654.0,2654.0,2654.0,2654.0,2654.0,2654.0,2654.0,2654.0,2654.0,2654.0,2654.0,2654.0,2654.0,2654.0,4.0,,,,,,0.4,330.0184,315.0187,302.0713,291.8154,284.525,280.1169,278.217,278.2571,279.5732,281.4829,283.3327,284.5186,284.4913,282.7617,278.9179,272.6608,263.8526,252.5657,239.115,224.0556,371.5865440306984,372.9999567368031,1043.001,291.89020000000005,1080.2564,-32.88310000000001
2655,2655,2655.0,2655.0,2655.0,2655.0,2655.0,2655.0,2655.0,2655.0,2655.0,2655.0,2655.0,2655.0,2655.0,2655.0,2655.0,2655.0,2655.0,2655.0,2655.0,2655.0,2655.0,2655.0,2655.0,2655.0,2655.0,2655.0,2655.0,2655.0,2655.0,2655.0,2655.0,2655.0,2655.0,2655.0,2655.0,2655.0,2655.0,2655.0,2655.0,2655.0,2655.0,2655.0,2655.0,2655.0,5.0,,,,,,0.5,357.6463,344.2183,331.7581,320.6188,311.0231,303.0575,296.6895,291.8024,288.2435,285.8783,284.6418,284.5794,285.8664,288.7973,293.7387,301.0484,310.9719,323.5393,338.4903,355.2544,228.52651426129225,324.2318000045389,1334.8912,139.44000000000003,788.3661999999999,-9.942499999999995
2656,2656,2656.0,2656.0,2656.0,2656.0,2656.0,2656.0,2656.0,2656.0,2656.0,2656.0,2656.0,2656.0,2656.0,2656.0,2656.0,2656.0,2656.0,2656.0,2656.0,2656.0,2656.0,2656.0,2656.0,2656.0,2656.0,2656.0,2656.0,2656.0,2656.0,2656.0,2656.0,2656.0,2656.0,2656.0,2656.0,2656.0,2656.0,2656.0,2656.0,2656.0,2656.0,2656.0,2656.0,2656.0,6.0,,,,,,0.6,242.5775,255.7488,267.3029,276.7531,283.9157,288.9005,292.0504,293.8512,294.8369,295.5076,296.2719,297.4152,299.0916,301.3349,304.0825,307.2096,310.567,314.0177,317.4653,320.8674,282.2123065216919,335.4044829762671,1474.3312,118.68920000000004,648.9261999999999,-24.099499999999978
2657,2657,2657.0,2657.0,2657.0,2657.0,2657.0,2657.0,2657.0,2657.0,2657.0,2657.0,2657.0,2657.0,2657.0,2657.0,2657.0,2657.0,2657.0,2657.0,2657.0,2657.0,2657.0,2657.0,2657.0,2657.0,2657.0,2657.0,2657.0,2657.0,2657.0,2657.0,2657.0,2657.0,2657.0,2657.0,2657.0,2657.0,2657.0,2657.0,2657.0,2657.0,2657.0,2657.0,2657.0,2657.0,7.0,,,,,,0.7,282.0963,282.1592,282.5452,283.3384,284.5553,286.1538,288.0554,290.1718,292.43,294.7876,297.2394,299.8139,302.5637,305.5525,308.8416,312.477,316.4793,320.8363,325.5009,330.3924,243.7649230795104,326.6344999537164,1593.0204,105.72779999999987,530.2369999999999,-26.84620000000001
2658,2658,2658.0,2658.0,2658.0,2658.0,2658.0,2658.0,2658.0,2658.0,2658.0,2658.0,2658.0,2658.0,2658.0,2658.0,2658.0,2658.0,2658.0,2658.0,2658.0,2658.0,2658.0,2658.0,2658.0,2658.0,2658.0,2658.0,2658.0,2658.0,2658.0,2658.0,2658.0,2658.0,2658.0,2658.0,2658.0,2658.0,2658.0,2658.0,2658.0,2658.0,2658.0,2658.0,2658.0,2658.0,8.0,,,,,,0.8,251.1669,258.3179,265.0046,271.0798,276.4766,281.2061,285.3417,288.9963,292.2973,295.3667,298.3062,301.1901,304.0635,306.9455,309.8352,312.7189,315.5789,318.4006,321.1782,323.9175,173.00016885541976,308.14910392677547,1698.7482,171.65229999999997,424.5092,-31.793900000000008
2659,2659,2659.0,2659.0,2659.0,2659.0,2659.0,2659.0,2659.0,2659.0,2659.0,2659.0,2659.0,2659.0,2659.0,2659.0,2659.0,2659.0,2659.0,2659.0,2659.0,2659.0,2659.0,2659.0,2659.0,2659.0,2659.0,2659.0,2659.0,2659.0,2659.0,2659.0,2659.0,2659.0,2659.0,2659.0,2659.0,2659.0,2659.0,2659.0,2659.0,2659.0,2659.0,2659.0,2659.0,2659.0,9.0,,,,,,0.9,190.9443,208.2581,224.3925,238.943,251.6822,262.5593,271.6694,279.2077,285.4171,290.5433,294.8012,298.3562,301.3191,303.7513,305.6789,307.1107,308.0581,308.5528,308.6596,308.4805,362.07199925477073,230.7316292372798,1870.4005,252.8569,252.8569,-50.44069999999999
2660,2660,2660.0,2660.0,2660.0,2660.0,2660.0,2660.0,2660.0,2660.0,2660.0,2660.0,2660.0,2660.0,2660.0,2660.0,2660.0,2660.0,2660.0,2660.0,2660.0,2660.0,2660.0,2660.0,2660.0,2660.0,2660.0,2660.0,2660.0,2660.0,2660.0,2660.0,2660.0,2660.0,2660.0,2660.0,2660.0,2660.0,2660.0,2660.0,2660.0,2660.0,2660.0,2660.0,2660.0,2660.0,0.0,,,,,,0.0,273.0,273.0,273.0,273.0,273.0,273.0,273.0,273.0,273.0,273.0,273.0,273.0,273.0,273.0,273.0,273.0,273.0,273.0,273.0,273.0,372.99978641865926,372.99989695325326,0.0,368.7879,2096.7849,-40.0
2661,2661,2661.0,2661.0,2661.0,2661.0,2661.0,2661.0,2661.0,2661.0,2661.0,2661.0,2661.0,2661.0,2661.0,2661.0,2661.0,2661.0,2661.0,2661.0,2661.0,2661.0,2661.0,2661.0,2661.0,2661.0,2661.0,2661.0,2661.0,2661.0,2661.0,2661.0,2661.0,2661.0,2661.0,2661.0,2661.0,2661.0,2661.0,2661.0,2661.0,2661.0,2661.0,2661.0,2661.0,2661.0,1.0,,,,,,0.1,355.9581,339.6959,324.8872,312.0201,301.3574,292.9443,286.6546,282.2609,279.5107,278.1944,278.1944,279.5107,282.2609,286.6546,292.9443,301.3574,312.0201,324.8873,339.696,355.9582,222.73853863600647,344.2851118720006,368.7879,166.8915,1727.997,-20.0557
2662,2662,2662.0,2662.0,2662.0,2662.0,2662.0,2662.0,2662.0,2662.0,2662.0,2662.0,2662.0,2662.0,2662.0,2662.0,2662.0,2662.0,2662.0,2662.0,2662.0,2662.0,2662.0,2662.0,2662.0,2662.0,2662.0,2662.0,2662.0,2662.0,2662.0,2662.0,2662.0,2662.0,2662.0,2662.0,2662.0,2662.0,2662.0,2662.0,2662.0,2662.0,2662.0,2662.0,2662.0,2662.0,2.0,,,,,,0.2,236.4249,249.2523,260.5057,269.7238,276.7502,281.7225,285.0086,287.1156,288.5939,289.9567,291.6254,293.9018,296.9623,300.8697,305.5935,311.0374,317.0667,323.5346,330.3025,337.2518,173.00038466816778,307.5784249280911,535.6794,205.49400000000003,1561.1055,-31.27749999999997
2663,2663,2663.0,2663.0,2663.0,2663.0,2663.0,2663.0,2663.0,2663.0,2663.0,2663.0,2663.0,2663.0,2663.0,2663.0,2663.0,2663.0,2663.0,2663.0,2663.0,2663.0,2663.0,2663.0,2663.0,2663.0,2663.0,2663.0,2663.0,2663.0,2663.0,2663.0,2663.0,2663.0,2663.0,2663.0,2663.0,2663.0,2663.0,2663.0,2663.0,2663.0,2663.0,2663.0,2663.0,2663.0,3.0,,,,,,0.3,190.3971,207.1906,222.8525,236.9879,249.3695,259.9407,268.7929,276.1242,282.1904,287.2567,291.5591,295.2761,298.5164,301.32,303.6732,305.5331,306.8598,307.6465,307.9427,307.8628,346.1296659637184,208.13725941727927,741.1734,301.8159999999999,1355.6115,-53.05930000000001
2664,2664,2664.0,2664.0,2664.0,2664.0,2664.0,2664.0,2664.0,2664.0,2664.0,2664.0,2664.0,2664.0,2664.0,2664.0,2664.0,2664.0,2664.0,2664.0,2664.0,2664.0,2664.0,2664.0,2664.0,2664.0,2664.0,2664.0,2664.0,2664.0,2664.0,2664.0,2664.0,2664.0,2664.0,2664.0,2664.0,2664.0,2664.0,2664.0,2664.0,2664.0,2664.0,2664.0,2664.0,2664.0,4.0,,,,,,0.4,330.0186,315.019,302.0717,291.8159,284.5255,280.1174,278.2175,278.2575,279.5736,281.4833,283.333,284.5188,284.4915,282.7617,278.9179,272.6609,263.8526,252.5657,239.115,224.0556,371.5865440306984,372.9999567368031,1042.9894,291.88800000000015,1053.7955000000002,-32.882600000000025
2665,2665,2665.0,2665.0,2665.0,2665.0,2665.0,2665.0,2665.0,2665.0,2665.0,2665.0,2665.0,2665.0,2665.0,2665.0,2665.0,2665.0,2665.0,2665.0,2665.0,2665.0,2665.0,2665.0,2665.0,2665.0,2665.0,2665.0,2665.0,2665.0,2665.0,2665.0,2665.0,2665.0,2665.0,2665.0,2665.0,2665.0,2665.0,2665.0,2665.0,2665.0,2665.0,2665.0,2665.0,2665.0,5.0,,,,,,0.5,357.6464,344.2184,331.7583,320.6191,311.0233,303.0578,296.6898,291.8027,288.2438,285.8786,284.642,284.5796,285.8666,288.7975,293.7388,301.0485,310.972,323.5394,338.4903,355.2545,229.8549887251627,322.9189655534777,1334.8774,139.55029999999988,761.9075,-9.942200000000014
2666,2666,2666.0,2666.0,2666.0,2666.0,2666.0,2666.0,2666.0,2666.0,2666.0,2666.0,2666.0,2666.0,2666.0,2666.0,2666.0,2666.0,2666.0,2666.0,2666.0,2666.0,2666.0,2666.0,2666.0,2666.0,2666.0,2666.0,2666.0,2666.0,2666.0,2666.0,2666.0,2666.0,2666.0,2666.0,2666.0,2666.0,2666.0,2666.0,2666.0,2666.0,2666.0,2666.0,2666.0,2666.0,6.0,,,,,,0.6,243.6796,256.6348,267.992,277.2707,284.2906,289.1616,292.224,293.9591,294.8953,295.5264,296.2544,297.3582,298.9855,301.1637,303.8248,306.8394,310.0557,313.337,316.5899,319.7784,283.8258954537466,335.2963485725969,1474.4277,118.55840000000012,622.3572000000001,-23.83839999999998
2667,2667,2667.0,2667.0,2667.0,2667.0,2667.0,2667.0,2667.0,2667.0,2667.0,2667.0,2667.0,2667.0,2667.0,2667.0,2667.0,2667.0,2667.0,2667.0,2667.0,2667.0,2667.0,2667.0,2667.0,2667.0,2667.0,2667.0,2667.0,2667.0,2667.0,2667.0,2667.0,2667.0,2667.0,2667.0,2667.0,2667.0,2667.0,2667.0,2667.0,2667.0,2667.0,2667.0,2667.0,2667.0,7.0,,,,,,0.7,283.4986,283.3558,283.5463,284.1584,285.2109,286.6626,288.4347,290.4377,292.5964,294.8667,297.2415,299.7485,302.4404,305.3819,308.6363,312.2514,316.2494,320.6186,325.3101,330.2398,256.4495491955884,313.61374634529693,1592.9861,103.20539999999984,503.7988,-26.3374
2668,2668,2668.0,2668.0,2668.0,2668.0,2668.0,2668.0,2668.0,2668.0,2668.0,2668.0,2668.0,2668.0,2668.0,2668.0,2668.0,2668.0,2668.0,2668.0,2668.0,2668.0,2668.0,2668.0,2668.0,2668.0,2668.0,2668.0,2668.0,2668.0,2668.0,2668.0,2668.0,2668.0,2668.0,2668.0,2668.0,2668.0,2668.0,2668.0,2668.0,2668.0,2668.0,2668.0,2668.0,2668.0,8.0,,,,,,0.8,261.7916,266.971,271.8504,276.3377,280.3943,284.0334,287.3075,290.2916,293.0648,295.6942,298.2237,300.6679,303.0116,305.2149,307.2225,308.9775,310.4368,311.5859,312.449,313.0915,173.2069172095214,315.8573677227972,1696.1915,165.5585000000001,400.5934000000002,-28.966600000000028
2669,2669,2669.0,2669.0,2669.0,2669.0,2669.0,2669.0,2669.0,2669.0,2669.0,2669.0,2669.0,2669.0,2669.0,2669.0,2669.0,2669.0,2669.0,2669.0,2669.0,2669.0,2669.0,2669.0,2669.0,2669.0,2669.0,2669.0,2669.0,2669.0,2669.0,2669.0,2669.0,2669.0,2669.0,2669.0,2669.0,2669.0,2669.0,2669.0,2669.0,2669.0,2669.0,2669.0,2669.0,2669.0,9.0,,,,,,0.9,191.7675,209.6292,226.1853,240.9927,253.8085,264.5877,273.4498,280.6251,286.3991,291.0633,294.882,298.0739,300.8087,303.211,305.3699,307.3487,309.1935,310.9397,312.616,314.2476,372.9999335625205,236.86112358209667,1861.75,235.0349000000001,235.0349000000001,-48.412300000000016
2670,2670,2670.0,2670.0,2670.0,2670.0,2670.0,2670.0,2670.0,2670.0,2670.0,2670.0,2670.0,2670.0,2670.0,2670.0,2670.0,2670.0,2670.0,2670.0,2670.0,2670.0,2670.0,2670.0,2670.0,2670.0,2670.0,2670.0,2670.0,2670.0,2670.0,2670.0,2670.0,2670.0,2670.0,2670.0,2670.0,2670.0,2670.0,2670.0,2670.0,2670.0,2670.0,2670.0,2670.0,2670.0,0.0,,,,,,0.0,273.0,273.0,273.0,273.0,273.0,273.0,273.0,273.0,273.0,273.0,273.0,273.0,273.0,273.0,273.0,273.0,273.0,273.0,273.0,273.0,372.9997800090489,372.9999343091226,0.0,368.7879,2106.7603,-40.0
2671,2671,2671.0,2671.0,2671.0,2671.0,2671.0,2671.0,2671.0,2671.0,2671.0,2671.0,2671.0,2671.0,2671.0,2671.0,2671.0,2671.0,2671.0,2671.0,2671.0,2671.0,2671.0,2671.0,2671.0,2671.0,2671.0,2671.0,2671.0,2671.0,2671.0,2671.0,2671.0,2671.0,2671.0,2671.0,2671.0,2671.0,2671.0,2671.0,2671.0,2671.0,2671.0,2671.0,2671.0,2671.0,1.0,,,,,,0.1,355.9581,339.6959,324.8872,312.0201,301.3574,292.9443,286.6546,282.2609,279.5107,278.1944,278.1944,279.5107,282.2609,286.6547,292.9443,301.3574,312.0201,324.8873,339.696,355.9582,222.73853863600647,344.2851118720006,368.7879,166.89140000000003,1737.9724,-20.0557
2672,2672,2672.0,2672.0,2672.0,2672.0,2672.0,2672.0,2672.0,2672.0,2672.0,2672.0,2672.0,2672.0,2672.0,2672.0,2672.0,2672.0,2672.0,2672.0,2672.0,2672.0,2672.0,2672.0,2672.0,2672.0,2672.0,2672.0,2672.0,2672.0,2672.0,2672.0,2672.0,2672.0,2672.0,2672.0,2672.0,2672.0,2672.0,2672.0,2672.0,2672.0,2672.0,2672.0,2672.0,2672.0,2.0,,,,,,0.2,236.4249,249.2523,260.5057,269.7238,276.7502,281.7225,285.0086,287.1156,288.5939,289.9567,291.6254,293.9018,296.9624,300.8697,305.5935,311.0374,317.0667,323.5346,330.3025,337.2518,173.0000498238011,307.577736948073,535.6793,205.49440000000004,1571.081,-31.27749999999997
2673,2673,2673.0,2673.0,2673.0,2673.0,2673.0,2673.0,2673.0,2673.0,2673.0,2673.0,2673.0,2673.0,2673.0,2673.0,2673.0,2673.0,2673.0,2673.0,2673.0,2673.0,2673.0,2673.0,2673.0,2673.0,2673.0,2673.0,2673.0,2673.0,2673.0,2673.0,2673.0,2673.0,2673.0,2673.0,2673.0,2673.0,2673.0,2673.0,2673.0,2673.0,2673.0,2673.0,2673.0,2673.0,3.0,,,,,,0.3,190.3968,207.1904,222.8523,236.9878,249.3694,259.9406,268.7929,276.1242,282.1903,287.2567,291.559,295.276,298.5163,301.3199,303.673,305.5329,306.8596,307.6462,307.9422,307.8622,346.1296106674383,208.13711683055007,741.1737,301.81770000000006,1365.5866,-53.05939999999998
2674,2674,2674.0,2674.0,2674.0,2674.0,2674.0,2674.0,2674.0,2674.0,2674.0,2674.0,2674.0,2674.0,2674.0,2674.0,2674.0,2674.0,2674.0,2674.0,2674.0,2674.0,2674.0,2674.0,2674.0,2674.0,2674.0,2674.0,2674.0,2674.0,2674.0,2674.0,2674.0,2674.0,2674.0,2674.0,2674.0,2674.0,2674.0,2674.0,2674.0,2674.0,2674.0,2674.0,2674.0,2674.0,4.0,,,,,,0.4,330.0186,315.019,302.0716,291.8158,284.5254,280.1173,278.2174,278.2575,279.5735,281.4832,283.3329,284.5187,284.4913,282.7616,278.9178,272.6607,263.8524,252.5655,239.1149,224.0555,371.5865440306984,372.9999567368031,1042.9914,291.8892999999998,1063.7688999999998,-32.8827
2675,2675,2675.0,2675.0,2675.0,2675.0,2675.0,2675.0,2675.0,2675.0,2675.0,2675.0,2675.0,2675.0,2675.0,2675.0,2675.0,2675.0,2675.0,2675.0,2675.0,2675.0,2675.0,2675.0,2675.0,2675.0,2675.0,2675.0,2675.0,2675.0,2675.0,2675.0,2675.0,2675.0,2675.0,2675.0,2675.0,2675.0,2675.0,2675.0,2675.0,2675.0,2675.0,2675.0,2675.0,2675.0,5.0,,,,,,0.5,357.6464,344.2184,331.7583,320.619,311.0233,303.0577,296.6897,291.8026,288.2437,285.8785,284.6419,284.5795,285.8665,288.7974,293.7387,301.0484,310.9719,323.5393,338.4903,355.2544,228.23152951896512,324.5235583355386,1334.8807,139.4158,771.8796,-9.942299999999989
2676,2676,2676.0,2676.0,2676.0,2676.0,2676.0,2676.0,2676.0,2676.0,2676.0,2676.0,2676.0,2676.0,2676.0,2676.0,2676.0,2676.0,2676.0,2676.0,2676.0,2676.0,2676.0,2676.0,2676.0,2676.0,2676.0,2676.0,2676.0,2676.0,2676.0,2676.0,2676.0,2676.0,2676.0,2676.0,2676.0,2676.0,2676.0,2676.0,2676.0,2676.0,2676.0,2676.0,2676.0,2676.0,6.0,,,,,,0.6,242.3328,255.5522,267.15,276.6383,283.8326,288.8427,292.012,293.8274,294.8241,295.5036,296.276,297.428,299.1153,301.373,304.1399,307.292,310.6807,314.169,317.6599,321.1094,282.4746547238737,335.21312926054674,1474.2965,118.59760000000006,632.4638,-24.15730000000002
2677,2677,2677.0,2677.0,2677.0,2677.0,2677.0,2677.0,2677.0,2677.0,2677.0,2677.0,2677.0,2677.0,2677.0,2677.0,2677.0,2677.0,2677.0,2677.0,2677.0,2677.0,2677.0,2677.0,2677.0,2677.0,2677.0,2677.0,2677.0,2677.0,2677.0,2677.0,2677.0,2677.0,2677.0,2677.0,2677.0,2677.0,2677.0,2677.0,2677.0,2677.0,2677.0,2677.0,2677.0,2677.0,7.0,,,,,,0.7,282.2998,282.3075,282.6448,283.3983,284.5852,286.1635,288.0535,290.1656,292.4246,294.7865,297.2439,299.8235,302.5761,305.5637,308.8457,312.4668,316.4467,320.7732,325.3998,330.2477,257.4266650412768,313.4244138072897,1592.8941,103.91570000000002,513.8661999999999,-26.8365
2678,2678,2678.0,2678.0,2678.0,2678.0,2678.0,2678.0,2678.0,2678.0,2678.0,2678.0,2678.0,2678.0,2678.0,2678.0,2678.0,2678.0,2678.0,2678.0,2678.0,2678.0,2678.0,2678.0,2678.0,2678.0,2678.0,2678.0,2678.0,2678.0,2678.0,2678.0,2678.0,2678.0,2678.0,2678.0,2678.0,2678.0,2678.0,2678.0,2678.0,2678.0,2678.0,2678.0,2678.0,2678.0,8.0,,,,,,0.8,262.5076,267.4426,272.1087,276.4238,280.3542,283.9122,287.1457,290.122,292.9111,295.571,298.1373,300.6179,302.992,305.2159,307.2319,308.9817,310.4223,311.5403,312.3618,312.9552,173.00067098656635,310.4808279794694,1696.8098,167.26690000000008,409.9504999999999,-29.087800000000016
2679,2679,2679.0,2679.0,2679.0,2679.0,2679.0,2679.0,2679.0,2679.0,2679.0,2679.0,2679.0,2679.0,2679.0,2679.0,2679.0,2679.0,2679.0,2679.0,2679.0,2679.0,2679.0,2679.0,2679.0,2679.0,2679.0,2679.0,2679.0,2679.0,2679.0,2679.0,2679.0,2679.0,2679.0,2679.0,2679.0,2679.0,2679.0,2679.0,2679.0,2679.0,2679.0,2679.0,2679.0,2679.0,9.0,,,,,,0.9,191.6035,209.5035,226.0905,240.9196,253.7471,264.5285,273.3834,280.5419,286.287,290.9048,294.6501,297.7286,300.2931,302.4495,304.268,305.7964,307.072,308.1315,309.0175,309.781,372.99995673680354,236.2612554772048,1864.0767,242.68359999999984,242.68359999999984,-48.47149999999999
2680,2680,2680.0,2680.0,2680.0,2680.0,2680.0,2680.0,2680.0,2680.0,2680.0,2680.0,2680.0,2680.0,2680.0,2680.0,2680.0,2680.0,2680.0,2680.0,2680.0,2680.0,2680.0,2680.0,2680.0,2680.0,2680.0,2680.0,2680.0,2680.0,2680.0,2680.0,2680.0,2680.0,2680.0,2680.0,2680.0,2680.0,2680.0,2680.0,2680.0,2680.0,2680.0,2680.0,2680.0,2680.0,0.0,,,,,,0.0,273.0,273.0,273.0,273.0,273.0,273.0,273.0,273.0,273.0,273.0,273.0,273.0,273.0,273.0,273.0,273.0,273.0,273.0,273.0,273.0,372.9997800090489,372.9999343091226,0.0,368.7879,2066.5332,-40.0
2681,2681,2681.0,2681.0,2681.0,2681.0,2681.0,2681.0,2681.0,2681.0,2681.0,2681.0,2681.0,2681.0,2681.0,2681.0,2681.0,2681.0,2681.0,2681.0,2681.0,2681.0,2681.0,2681.0,2681.0,2681.0,2681.0,2681.0,2681.0,2681.0,2681.0,2681.0,2681.0,2681.0,2681.0,2681.0,2681.0,2681.0,2681.0,2681.0,2681.0,2681.0,2681.0,2681.0,2681.0,2681.0,1.0,,,,,,0.1,355.9581,339.6959,324.8872,312.0201,301.3574,292.9443,286.6546,282.2609,279.5107,278.1944,278.1944,279.5107,282.2609,286.6547,292.9443,301.3574,312.0201,324.8873,339.696,355.9582,222.73853863600647,344.2851118720006,368.7879,166.89140000000003,1697.7453,-20.0557
2682,2682,2682.0,2682.0,2682.0,2682.0,2682.0,2682.0,2682.0,2682.0,2682.0,2682.0,2682.0,2682.0,2682.0,2682.0,2682.0,2682.0,2682.0,2682.0,2682.0,2682.0,2682.0,2682.0,2682.0,2682.0,2682.0,2682.0,2682.0,2682.0,2682.0,2682.0,2682.0,2682.0,2682.0,2682.0,2682.0,2682.0,2682.0,2682.0,2682.0,2682.0,2682.0,2682.0,2682.0,2682.0,2.0,,,,,,0.2,236.4249,249.2523,260.5057,269.7238,276.7502,281.7225,285.0086,287.1156,288.5939,289.9567,291.6254,293.9018,296.9624,300.8697,305.5935,311.0374,317.0667,323.5346,330.3025,337.2518,173.00021203823607,307.5780461249517,535.6793,205.4942,1530.8539,-31.27749999999997
2683,2683,2683.0,2683.0,2683.0,2683.0,2683.0,2683.0,2683.0,2683.0,2683.0,2683.0,2683.0,2683.0,2683.0,2683.0,2683.0,2683.0,2683.0,2683.0,2683.0,2683.0,2683.0,2683.0,2683.0,2683.0,2683.0,2683.0,2683.0,2683.0,2683.0,2683.0,2683.0,2683.0,2683.0,2683.0,2683.0,2683.0,2683.0,2683.0,2683.0,2683.0,2683.0,2683.0,2683.0,2683.0,3.0,,,,,,0.3,190.3969,207.1905,222.8524,236.9878,249.3694,259.9407,268.7929,276.1242,282.1903,287.2567,291.5591,295.276,298.5163,301.32,303.6731,305.533,306.8597,307.6463,307.9424,307.8625,346.1298309951981,208.13767022163304,741.1735,301.8166,1325.3597,-53.05930000000001
2684,2684,2684.0,2684.0,2684.0,2684.0,2684.0,2684.0,2684.0,2684.0,2684.0,2684.0,2684.0,2684.0,2684.0,2684.0,2684.0,2684.0,2684.0,2684.0,2684.0,2684.0,2684.0,2684.0,2684.0,2684.0,2684.0,2684.0,2684.0,2684.0,2684.0,2684.0,2684.0,2684.0,2684.0,2684.0,2684.0,2684.0,2684.0,2684.0,2684.0,2684.0,2684.0,2684.0,2684.0,2684.0,4.0,,,,,,0.4,330.0188,315.0191,302.0717,291.8159,284.5255,280.1174,278.2174,278.2575,279.5736,281.4832,283.333,284.5188,284.4914,282.7617,278.9179,272.6609,263.8527,252.5659,239.1153,224.056,371.5865440306984,372.9999567368031,1042.9901,291.8878,1023.5431,-32.882600000000025
2685,2685,2685.0,2685.0,2685.0,2685.0,2685.0,2685.0,2685.0,2685.0,2685.0,2685.0,2685.0,2685.0,2685.0,2685.0,2685.0,2685.0,2685.0,2685.0,2685.0,2685.0,2685.0,2685.0,2685.0,2685.0,2685.0,2685.0,2685.0,2685.0,2685.0,2685.0,2685.0,2685.0,2685.0,2685.0,2685.0,2685.0,2685.0,2685.0,2685.0,2685.0,2685.0,2685.0,2685.0,2685.0,5.0,,,,,,0.5,357.6464,344.2184,331.7583,320.6191,311.0234,303.0578,296.6898,291.8027,288.2438,285.8786,284.642,284.5796,285.8666,288.7975,293.7388,301.0485,310.9721,323.5394,338.4904,355.2545,227.78206074431347,324.96790342376903,1334.8779,139.37959999999998,731.6552999999999,-9.942200000000014
2686,2686,2686.0,2686.0,2686.0,2686.0,2686.0,2686.0,2686.0,2686.0,2686.0,2686.0,2686.0,2686.0,2686.0,2686.0,2686.0,2686.0,2686.0,2686.0,2686.0,2686.0,2686.0,2686.0,2686.0,2686.0,2686.0,2686.0,2686.0,2686.0,2686.0,2686.0,2686.0,2686.0,2686.0,2686.0,2686.0,2686.0,2686.0,2686.0,2686.0,2686.0,2686.0,2686.0,2686.0,2686.0,6.0,,,,,,0.6,241.96,255.2525,266.917,276.4633,283.7059,288.7545,291.9534,293.7911,294.8045,295.4974,296.2821,297.4474,299.1514,301.4311,304.2272,307.4174,310.8538,314.3995,317.9562,321.478,281.1240119595845,334.22597525579647,1474.2575,119.0793000000001,592.2756999999999,-24.2455
2687,2687,2687.0,2687.0,2687.0,2687.0,2687.0,2687.0,2687.0,2687.0,2687.0,2687.0,2687.0,2687.0,2687.0,2687.0,2687.0,2687.0,2687.0,2687.0,2687.0,2687.0,2687.0,2687.0,2687.0,2687.0,2687.0,2687.0,2687.0,2687.0,2687.0,2687.0,2687.0,2687.0,2687.0,2687.0,2687.0,2687.0,2687.0,2687.0,2687.0,2687.0,2687.0,2687.0,2687.0,2687.0,7.0,,,,,,0.7,281.1578,281.3659,281.8886,282.8068,284.1351,285.8306,287.8147,290.0,292.3137,294.7138,297.1943,299.7815,302.5244,305.4824,308.7114,312.2531,316.1251,320.3158,324.7816,329.4501,173.00025623181213,312.000489216334,1593.3368,143.12490000000005,473.1963999999998,-27.1694
2688,2688,2688.0,2688.0,2688.0,2688.0,2688.0,2688.0,2688.0,2688.0,2688.0,2688.0,2688.0,2688.0,2688.0,2688.0,2688.0,2688.0,2688.0,2688.0,2688.0,2688.0,2688.0,2688.0,2688.0,2688.0,2688.0,2688.0,2688.0,2688.0,2688.0,2688.0,2688.0,2688.0,2688.0,2688.0,2688.0,2688.0,2688.0,2688.0,2688.0,2688.0,2688.0,2688.0,2688.0,2688.0,8.0,,,,,,0.8,192.3948,210.9939,228.1141,243.2689,256.2123,266.9326,275.6078,282.5387,288.0766,292.5621,296.2829,299.4516,302.2018,304.5981,306.6547,308.3593,309.697,310.672,311.323,311.7282,315.367079215808,372.9915788645994,1736.4617,199.24969999999985,330.0714999999998,-46.06740000000002
2689,2689,2689.0,2689.0,2689.0,2689.0,2689.0,2689.0,2689.0,2689.0,2689.0,2689.0,2689.0,2689.0,2689.0,2689.0,2689.0,2689.0,2689.0,2689.0,2689.0,2689.0,2689.0,2689.0,2689.0,2689.0,2689.0,2689.0,2689.0,2689.0,2689.0,2689.0,2689.0,2689.0,2689.0,2689.0,2689.0,2689.0,2689.0,2689.0,2689.0,2689.0,2689.0,2689.0,2689.0,2689.0,9.0,,,,,,0.9,305.4814,296.4245,288.8937,283.3546,279.9971,278.7493,279.3406,281.3911,284.5035,288.3397,292.6708,297.3978,302.5464,308.2406,314.6602,321.9887,330.3588,339.8048,350.2315,361.4081,202.8793284616721,274.0963700822666,1935.7114,130.82179999999994,130.82179999999994,-34.250699999999995
2690,2690,2690.0,2690.0,2690.0,2690.0,2690.0,2690.0,2690.0,2690.0,2690.0,2690.0,2690.0,2690.0,2690.0,2690.0,2690.0,2690.0,2690.0,2690.0,2690.0,2690.0,2690.0,2690.0,2690.0,2690.0,2690.0,2690.0,2690.0,2690.0,2690.0,2690.0,2690.0,2690.0,2690.0,2690.0,2690.0,2690.0,2690.0,2690.0,2690.0,2690.0,2690.0,2690.0,2690.0,2690.0,0.0,,,,,,0.0,273.0,273.0,273.0,273.0,273.0,273.0,273.0,273.0,273.0,273.0,273.0,273.0,273.0,273.0,273.0,273.0,273.0,273.0,273.0,273.0,372.9999600651926,372.9999470406955,0.0,368.7879,2106.1285,-40.0
2691,2691,2691.0,2691.0,2691.0,2691.0,2691.0,2691.0,2691.0,2691.0,2691.0,2691.0,2691.0,2691.0,2691.0,2691.0,2691.0,2691.0,2691.0,2691.0,2691.0,2691.0,2691.0,2691.0,2691.0,2691.0,2691.0,2691.0,2691.0,2691.0,2691.0,2691.0,2691.0,2691.0,2691.0,2691.0,2691.0,2691.0,2691.0,2691.0,2691.0,2691.0,2691.0,2691.0,2691.0,2691.0,1.0,,,,,,0.1,355.9583,339.696,324.8873,312.0201,301.3574,292.9443,286.6547,282.2609,279.5107,278.1944,278.1944,279.5107,282.2609,286.6547,292.9443,301.3574,312.0201,324.8873,339.696,355.9582,222.70413857177053,344.3074801033235,368.7879,166.89600000000002,1737.3405999999998,-20.0557
2692,2692,2692.0,2692.0,2692.0,2692.0,2692.0,2692.0,2692.0,2692.0,2692.0,2692.0,2692.0,2692.0,2692.0,2692.0,2692.0,2692.0,2692.0,2692.0,2692.0,2692.0,2692.0,2692.0,2692.0,2692.0,2692.0,2692.0,2692.0,2692.0,2692.0,2692.0,2692.0,2692.0,2692.0,2692.0,2692.0,2692.0,2692.0,2692.0,2692.0,2692.0,2692.0,2692.0,2692.0,2692.0,2.0,,,,,,0.2,236.3964,249.2294,260.4879,269.7104,276.7405,281.7157,285.0041,287.1128,288.5922,289.956,291.6255,293.9027,296.9641,300.8726,305.5979,311.0437,317.0755,323.5462,330.3175,337.2704,173.0002030423051,307.578099568694,535.6839,205.5177,1570.4445999999998,-31.284299999999973
2693,2693,2693.0,2693.0,2693.0,2693.0,2693.0,2693.0,2693.0,2693.0,2693.0,2693.0,2693.0,2693.0,2693.0,2693.0,2693.0,2693.0,2693.0,2693.0,2693.0,2693.0,2693.0,2693.0,2693.0,2693.0,2693.0,2693.0,2693.0,2693.0,2693.0,2693.0,2693.0,2693.0,2693.0,2693.0,2693.0,2693.0,2693.0,2693.0,2693.0,2693.0,2693.0,2693.0,2693.0,2693.0,3.0,,,,,,0.3,190.3953,207.1874,222.8481,236.9828,249.3641,259.9355,268.7883,276.1205,282.1876,287.2551,291.5586,295.2767,298.5179,301.3224,303.676,305.5362,306.8628,307.6491,307.9444,307.8636,346.1295606161176,208.1375351748673,741.2016,301.8343000000001,1364.9269,-53.06450000000001
2694,2694,2694.0,2694.0,2694.0,2694.0,2694.0,2694.0,2694.0,2694.0,2694.0,2694.0,2694.0,2694.0,2694.0,2694.0,2694.0,2694.0,2694.0,2694.0,2694.0,2694.0,2694.0,2694.0,2694.0,2694.0,2694.0,2694.0,2694.0,2694.0,2694.0,2694.0,2694.0,2694.0,2694.0,2694.0,2694.0,2694.0,2694.0,2694.0,2694.0,2694.0,2694.0,2694.0,2694.0,2694.0,4.0,,,,,,0.4,330.0179,315.0177,302.0699,291.8137,284.5231,280.115,278.2151,278.2555,279.5719,281.482,283.3322,284.5185,284.4916,282.7623,278.9187,272.6618,263.8536,252.5666,239.1158,224.0562,371.5865440306984,372.9999567368031,1043.0359,291.8907999999999,1063.0925999999995,-32.88499999999999
2695,2695,2695.0,2695.0,2695.0,2695.0,2695.0,2695.0,2695.0,2695.0,2695.0,2695.0,2695.0,2695.0,2695.0,2695.0,2695.0,2695.0,2695.0,2695.0,2695.0,2695.0,2695.0,2695.0,2695.0,2695.0,2695.0,2695.0,2695.0,2695.0,2695.0,2695.0,2695.0,2695.0,2695.0,2695.0,2695.0,2695.0,2695.0,2695.0,2695.0,2695.0,2695.0,2695.0,2695.0,2695.0,5.0,,,,,,0.5,357.6461,344.2178,331.7575,320.618,311.0222,303.0565,296.6885,291.8015,288.2428,285.8777,284.6413,284.5791,285.8663,288.7973,293.7388,301.0486,310.9722,323.5395,338.4905,355.2545,228.1526208481944,324.6016218380723,1334.9267,139.4112,771.2017999999998,-9.943499999999972
2696,2696,2696.0,2696.0,2696.0,2696.0,2696.0,2696.0,2696.0,2696.0,2696.0,2696.0,2696.0,2696.0,2696.0,2696.0,2696.0,2696.0,2696.0,2696.0,2696.0,2696.0,2696.0,2696.0,2696.0,2696.0,2696.0,2696.0,2696.0,2696.0,2696.0,2696.0,2696.0,2696.0,2696.0,2696.0,2696.0,2696.0,2696.0,2696.0,2696.0,2696.0,2696.0,2696.0,2696.0,2696.0,6.0,,,,,,0.6,242.2672,255.4992,267.1087,276.607,283.8097,288.8266,292.001,293.8204,294.82,295.5019,296.2765,297.4309,299.1213,301.3829,304.155,307.3139,310.711,314.2095,317.7119,321.1742,282.7712106100613,334.92636578162256,1474.3379,118.56330000000004,631.7905999999998,-24.17340000000001
2697,2697,2697.0,2697.0,2697.0,2697.0,2697.0,2697.0,2697.0,2697.0,2697.0,2697.0,2697.0,2697.0,2697.0,2697.0,2697.0,2697.0,2697.0,2697.0,2697.0,2697.0,2697.0,2697.0,2697.0,2697.0,2697.0,2697.0,2697.0,2697.0,2697.0,2697.0,2697.0,2697.0,2697.0,2697.0,2697.0,2697.0,2697.0,2697.0,2697.0,2697.0,2697.0,2697.0,2697.0,2697.0,7.0,,,,,,0.7,282.5419,282.4979,282.7886,283.5021,284.6567,286.2101,288.082,290.1817,292.4325,294.7886,297.2412,299.8153,302.5599,305.5356,308.8002,312.3974,316.346,320.634,325.2155,330.0135,257.9524366664881,312.9186045482341,1592.9012,103.89480000000005,513.2272999999998,-26.78989999999999
2698,2698,2698.0,2698.0,2698.0,2698.0,2698.0,2698.0,2698.0,2698.0,2698.0,2698.0,2698.0,2698.0,2698.0,2698.0,2698.0,2698.0,2698.0,2698.0,2698.0,2698.0,2698.0,2698.0,2698.0,2698.0,2698.0,2698.0,2698.0,2698.0,2698.0,2698.0,2698.0,2698.0,2698.0,2698.0,2698.0,2698.0,2698.0,2698.0,2698.0,2698.0,2698.0,2698.0,2698.0,2698.0,8.0,,,,,,0.8,262.9566,267.8174,272.4143,276.6669,280.5423,284.0532,287.247,290.1897,292.9501,295.5842,298.126,300.5811,302.9272,305.1185,307.096,308.8005,310.1882,311.246,312.0009,312.5231,173.0002813651461,310.76445917764505,1696.796,167.0915,409.33249999999975,-28.9468
2699,2699,2699.0,2699.0,2699.0,2699.0,2699.0,2699.0,2699.0,2699.0,2699.0,2699.0,2699.0,2699.0,2699.0,2699.0,2699.0,2699.0,2699.0,2699.0,2699.0,2699.0,2699.0,2699.0,2699.0,2699.0,2699.0,2699.0,2699.0,2699.0,2699.0,2699.0,2699.0,2699.0,2699.0,2699.0,2699.0,2699.0,2699.0,2699.0,2699.0,2699.0,2699.0,2699.0,2699.0,2699.0,9.0,,,,,,0.9,191.633,209.5595,226.1674,241.0095,253.8415,264.619,273.4628,280.6046,286.3293,290.925,294.6489,297.7092,300.2612,302.4133,304.2385,305.7867,307.0965,308.2048,309.1526,309.9877,372.9999589415538,236.32300151691484,1863.8875,242.24099999999976,242.24099999999976,-48.38099999999997
2700,2700,2700.0,2700.0,2700.0,2700.0,2700.0,2700.0,2700.0,2700.0,2700.0,2700.0,2700.0,2700.0,2700.0,2700.0,2700.0,2700.0,2700.0,2700.0,2700.0,2700.0,2700.0,2700.0,2700.0,2700.0,2700.0,2700.0,2700.0,2700.0,2700.0,2700.0,2700.0,2700.0,2700.0,2700.0,2700.0,2700.0,2700.0,2700.0,2700.0,2700.0,2700.0,2700.0,2700.0,0.0,,,,,,,0.0,273.0,273.0,273.0,273.0,273.0,273.0,273.0,273.0,273.0,273.0,273.0,273.0,273.0,273.0,273.0,273.0,273.0,273.0,273.0,273.0,372.9999312233848,372.99992021414073,0.0,368.7879,2398.648,4.034199999999999
2701,2701,2701.0,2701.0,2701.0,2701.0,2701.0,2701.0,2701.0,2701.0,2701.0,2701.0,2701.0,2701.0,2701.0,2701.0,2701.0,2701.0,2701.0,2701.0,2701.0,2701.0,2701.0,2701.0,2701.0,2701.0,2701.0,2701.0,2701.0,2701.0,2701.0,2701.0,2701.0,2701.0,2701.0,2701.0,2701.0,2701.0,2701.0,2701.0,2701.0,2701.0,2701.0,2701.0,2701.0,1.0,,,,,,,0.1,355.9582,339.696,324.8873,312.0201,301.3574,292.9443,286.6547,282.2609,279.5107,278.1944,278.1944,279.5107,282.2609,286.6547,292.9443,301.3574,312.0201,324.8873,339.696,355.9582,363.5041752593551,273.27040139482364,368.7879,177.19779999999997,2029.8601000000003,4.034199999999999
2702,2702,2702.0,2702.0,2702.0,2702.0,2702.0,2702.0,2702.0,2702.0,2702.0,2702.0,2702.0,2702.0,2702.0,2702.0,2702.0,2702.0,2702.0,2702.0,2702.0,2702.0,2702.0,2702.0,2702.0,2702.0,2702.0,2702.0,2702.0,2702.0,2702.0,2702.0,2702.0,2702.0,2702.0,2702.0,2702.0,2702.0,2702.0,2702.0,2702.0,2702.0,2702.0,2702.0,2702.0,2.0,,,,,,,0.2,353.1964,343.123,333.5118,324.577,316.5107,309.4744,303.5887,298.9238,295.4887,293.2221,291.9832,291.5482,291.6138,291.8138,291.753,291.0565,289.4305,286.7205,282.953,278.3445,331.2143989047369,222.2846652352725,545.9857,208.3452000000001,1852.6623000000004,4.034199999999999
2703,2703,2703.0,2703.0,2703.0,2703.0,2703.0,2703.0,2703.0,2703.0,2703.0,2703.0,2703.0,2703.0,2703.0,2703.0,2703.0,2703.0,2703.0,2703.0,2703.0,2703.0,2703.0,2703.0,2703.0,2703.0,2703.0,2703.0,2703.0,2703.0,2703.0,2703.0,2703.0,2703.0,2703.0,2703.0,2703.0,2703.0,2703.0,2703.0,2703.0,2703.0,2703.0,2703.0,2703.0,3.0,,,,,,,0.3,328.5055,325.6963,322.7127,319.5259,316.1576,312.671,309.1507,305.6745,302.2866,298.975,295.6572,292.1781,288.3201,283.8259,278.4331,271.9179,264.1404,255.085,244.8841,233.8175,357.1264961600469,273.3272012212641,754.3309,274.54470000000003,1644.3171000000002,4.034199999999999
2704,2704,2704.0,2704.0,2704.0,2704.0,2704.0,2704.0,2704.0,2704.0,2704.0,2704.0,2704.0,2704.0,2704.0,2704.0,2704.0,2704.0,2704.0,2704.0,2704.0,2704.0,2704.0,2704.0,2704.0,2704.0,2704.0,2704.0,2704.0,2704.0,2704.0,2704.0,2704.0,2704.0,2704.0,2704.0,2704.0,2704.0,2704.0,2704.0,2704.0,2704.0,2704.0,2704.0,2704.0,4.0,,,,,,,0.4,349.5872,342.2322,335.2189,328.6569,322.5973,317.0342,311.9157,307.1618,302.6857,298.4133,294.3009,290.3462,286.5932,283.1279,280.0637,277.5174,275.5787,274.2799,273.5735,273.3252,173.0003580513143,292.2051251376649,1028.8756,237.4739,1369.7724,4.034199999999999
2705,2705,2705.0,2705.0,2705.0,2705.0,2705.0,2705.0,2705.0,2705.0,2705.0,2705.0,2705.0,2705.0,2705.0,2705.0,2705.0,2705.0,2705.0,2705.0,2705.0,2705.0,2705.0,2705.0,2705.0,2705.0,2705.0,2705.0,2705.0,2705.0,2705.0,2705.0,2705.0,2705.0,2705.0,2705.0,2705.0,2705.0,2705.0,2705.0,2705.0,2705.0,2705.0,2705.0,2705.0,5.0,,,,,,,0.5,197.9822,221.5962,242.6667,260.3589,274.2531,284.3379,290.9368,294.5971,295.9725,295.7247,294.4564,292.6767,290.7924,289.1131,287.8611,287.18,287.1376,287.7279,288.8727,290.4292,372.9997741458327,221.6090032397857,1266.3495,255.7627,1132.2985,4.034199999999999
2706,2706,2706.0,2706.0,2706.0,2706.0,2706.0,2706.0,2706.0,2706.0,2706.0,2706.0,2706.0,2706.0,2706.0,2706.0,2706.0,2706.0,2706.0,2706.0,2706.0,2706.0,2706.0,2706.0,2706.0,2706.0,2706.0,2706.0,2706.0,2706.0,2706.0,2706.0,2706.0,2706.0,2706.0,2706.0,2706.0,2706.0,2706.0,2706.0,2706.0,2706.0,2706.0,2706.0,2706.0,6.0,,,,,,,0.6,355.341,338.7733,324.2088,312.2463,303.11,296.6684,292.5149,290.0798,288.741,287.9067,287.0627,285.7841,283.7263,280.6096,276.2119,270.3767,263.0351,254.2346,244.1605,233.1382,372.99988330941727,321.8974614452555,1522.1122,290.6931,876.5358000000001,4.034199999999999
2707,2707,2707.0,2707.0,2707.0,2707.0,2707.0,2707.0,2707.0,2707.0,2707.0,2707.0,2707.0,2707.0,2707.0,2707.0,2707.0,2707.0,2707.0,2707.0,2707.0,2707.0,2707.0,2707.0,2707.0,2707.0,2707.0,2707.0,2707.0,2707.0,2707.0,2707.0,2707.0,2707.0,2707.0,2707.0,2707.0,2707.0,2707.0,2707.0,2707.0,2707.0,2707.0,2707.0,2707.0,7.0,,,,,,,0.7,361.5721,350.4425,339.8823,330.1119,321.2847,313.4812,306.7125,300.9361,296.0794,292.0702,288.8684,286.4926,285.0348,284.6576,285.5678,287.9684,291.9967,297.6611,304.795,313.0447,334.41529677627153,273.266500344226,1812.8053,210.6316999999999,585.8427000000001,4.034199999999999
2708,2708,2708.0,2708.0,2708.0,2708.0,2708.0,2708.0,2708.0,2708.0,2708.0,2708.0,2708.0,2708.0,2708.0,2708.0,2708.0,2708.0,2708.0,2708.0,2708.0,2708.0,2708.0,2708.0,2708.0,2708.0,2708.0,2708.0,2708.0,2708.0,2708.0,2708.0,2708.0,2708.0,2708.0,2708.0,2708.0,2708.0,2708.0,2708.0,2708.0,2708.0,2708.0,2708.0,2708.0,8.0,,,,,,,0.8,331.7867,329.0075,325.9618,322.5952,318.9254,315.0373,311.0646,307.1633,303.4828,300.1412,297.2059,294.6833,292.5162,290.592,288.7597,286.8557,284.7353,282.3024,279.5324,276.4799,326.4891647100366,273.6734144483027,2023.437,189.6878999999999,375.2110000000002,4.034199999999999
2709,2709,2709.0,2709.0,2709.0,2709.0,2709.0,2709.0,2709.0,2709.0,2709.0,2709.0,2709.0,2709.0,2709.0,2709.0,2709.0,2709.0,2709.0,2709.0,2709.0,2709.0,2709.0,2709.0,2709.0,2709.0,2709.0,2709.0,2709.0,2709.0,2709.0,2709.0,2709.0,2709.0,2709.0,2709.0,2709.0,2709.0,2709.0,2709.0,2709.0,2709.0,2709.0,2709.0,2709.0,9.0,,,,,,,0.9,324.6192,322.6782,320.6072,318.368,315.9484,313.3614,310.6404,307.8312,304.9833,302.1417,299.3412,296.6028,293.9334,291.3281,288.7732,286.251,283.7438,281.2377,278.7245,276.202,341.59100980355845,273.8398832496767,2213.1249,185.5231000000004,185.5231000000004,4.034199999999999
2710,2710,2710.0,2710.0,2710.0,2710.0,2710.0,2710.0,2710.0,2710.0,2710.0,2710.0,2710.0,2710.0,2710.0,2710.0,2710.0,2710.0,2710.0,2710.0,2710.0,2710.0,2710.0,2710.0,2710.0,2710.0,2710.0,2710.0,2710.0,2710.0,2710.0,2710.0,2710.0,2710.0,2710.0,2710.0,2710.0,2710.0,2710.0,2710.0,2710.0,2710.0,2710.0,2710.0,2710.0,0.0,,,,,,,0.0,273.0,273.0,273.0,273.0,273.0,273.0,273.0,273.0,273.0,273.0,273.0,273.0,273.0,273.0,273.0,273.0,273.0,273.0,273.0,273.0,372.9998925032572,372.9999556693644,0.0,368.7879,2439.3209,4.048099999999977
2711,2711,2711.0,2711.0,2711.0,2711.0,2711.0,2711.0,2711.0,2711.0,2711.0,2711.0,2711.0,2711.0,2711.0,2711.0,2711.0,2711.0,2711.0,2711.0,2711.0,2711.0,2711.0,2711.0,2711.0,2711.0,2711.0,2711.0,2711.0,2711.0,2711.0,2711.0,2711.0,2711.0,2711.0,2711.0,2711.0,2711.0,2711.0,2711.0,2711.0,2711.0,2711.0,2711.0,2711.0,1.0,,,,,,,0.1,355.9582,339.696,324.8873,312.0201,301.3574,292.9443,286.6546,282.2609,279.5107,278.1944,278.1944,279.5107,282.2609,286.6547,292.9443,301.3574,312.0201,324.8873,339.696,355.9583,363.4379075462047,273.5905955827832,368.7879,177.06840000000005,2070.5330000000004,4.048099999999977
2712,2712,2712.0,2712.0,2712.0,2712.0,2712.0,2712.0,2712.0,2712.0,2712.0,2712.0,2712.0,2712.0,2712.0,2712.0,2712.0,2712.0,2712.0,2712.0,2712.0,2712.0,2712.0,2712.0,2712.0,2712.0,2712.0,2712.0,2712.0,2712.0,2712.0,2712.0,2712.0,2712.0,2712.0,2712.0,2712.0,2712.0,2712.0,2712.0,2712.0,2712.0,2712.0,2712.0,2712.0,2.0,,,,,,,0.2,353.1415,343.0789,333.4775,324.5512,316.4922,309.4617,303.5808,298.9199,295.4886,293.226,291.9925,291.565,291.6412,291.8563,291.8162,291.147,289.5553,286.8866,283.1666,278.6102,333.1037708212904,221.55975958158007,545.8563,208.5996,1893.4646,4.048099999999977
2713,2713,2713.0,2713.0,2713.0,2713.0,2713.0,2713.0,2713.0,2713.0,2713.0,2713.0,2713.0,2713.0,2713.0,2713.0,2713.0,2713.0,2713.0,2713.0,2713.0,2713.0,2713.0,2713.0,2713.0,2713.0,2713.0,2713.0,2713.0,2713.0,2713.0,2713.0,2713.0,2713.0,2713.0,2713.0,2713.0,2713.0,2713.0,2713.0,2713.0,2713.0,2713.0,2713.0,2713.0,3.0,,,,,,,0.3,330.0701,326.9511,323.686,320.2552,316.6852,313.0399,309.4004,305.8389,302.3925,299.0412,295.6953,292.1927,288.3094,283.7821,278.3436,271.7659,263.9069,254.7504,244.4307,233.232,355.67843872565936,273.3401592667271,754.4559,275.6047,1684.8650000000002,4.048099999999977
2714,2714,2714.0,2714.0,2714.0,2714.0,2714.0,2714.0,2714.0,2714.0,2714.0,2714.0,2714.0,2714.0,2714.0,2714.0,2714.0,2714.0,2714.0,2714.0,2714.0,2714.0,2714.0,2714.0,2714.0,2714.0,2714.0,2714.0,2714.0,2714.0,2714.0,2714.0,2714.0,2714.0,2714.0,2714.0,2714.0,2714.0,2714.0,2714.0,2714.0,2714.0,2714.0,2714.0,2714.0,4.0,,,,,,,0.4,348.4786,341.4423,334.7094,328.3773,322.4919,317.0481,312.0,307.2771,302.8024,298.5119,294.37,290.3812,286.5946,283.1,280.0138,277.4545,275.5133,274.2225,273.5335,273.3098,173.0001206337072,293.837983713848,1030.0606,236.8952,1409.2603,4.048099999999977
2715,2715,2715.0,2715.0,2715.0,2715.0,2715.0,2715.0,2715.0,2715.0,2715.0,2715.0,2715.0,2715.0,2715.0,2715.0,2715.0,2715.0,2715.0,2715.0,2715.0,2715.0,2715.0,2715.0,2715.0,2715.0,2715.0,2715.0,2715.0,2715.0,2715.0,2715.0,2715.0,2715.0,2715.0,2715.0,2715.0,2715.0,2715.0,2715.0,2715.0,2715.0,2715.0,2715.0,2715.0,5.0,,,,,,,0.5,197.9496,221.5359,242.5872,260.2707,274.1669,284.2626,290.8791,294.561,295.9605,295.7394,294.5021,292.7621,290.9315,289.327,288.1777,287.633,287.7642,288.5653,289.9541,291.7796,372.9997725007888,219.33341939933305,1266.9558,254.6216,1172.3651000000002,4.048099999999977
2716,2716,2716.0,2716.0,2716.0,2716.0,2716.0,2716.0,2716.0,2716.0,2716.0,2716.0,2716.0,2716.0,2716.0,2716.0,2716.0,2716.0,2716.0,2716.0,2716.0,2716.0,2716.0,2716.0,2716.0,2716.0,2716.0,2716.0,2716.0,2716.0,2716.0,2716.0,2716.0,2716.0,2716.0,2716.0,2716.0,2716.0,2716.0,2716.0,2716.0,2716.0,2716.0,2716.0,2716.0,6.0,,,,,,,0.6,355.3331,338.7588,324.1902,312.227,303.0941,296.6605,292.5192,290.0999,288.7779,287.9579,287.12,285.8311,283.7362,280.5435,276.0183,269.9929,262.3916,253.261,242.7935,231.3299,372.9999648430056,322.64215369182034,1521.5774,292.49980000000005,917.7435000000004,4.048099999999977
2717,2717,2717.0,2717.0,2717.0,2717.0,2717.0,2717.0,2717.0,2717.0,2717.0,2717.0,2717.0,2717.0,2717.0,2717.0,2717.0,2717.0,2717.0,2717.0,2717.0,2717.0,2717.0,2717.0,2717.0,2717.0,2717.0,2717.0,2717.0,2717.0,2717.0,2717.0,2717.0,2717.0,2717.0,2717.0,2717.0,2717.0,2717.0,2717.0,2717.0,2717.0,2717.0,2717.0,2717.0,7.0,,,,,,,0.7,361.5716,350.4414,339.8805,330.109,321.2798,313.4725,306.6974,300.9109,296.04,292.0128,288.7908,286.3959,284.9256,284.5497,285.483,287.9369,292.0544,297.8462,305.1433,313.5836,331.99256906688765,287.02877028359404,1814.0772,205.028,625.2437000000002,4.048099999999977
2718,2718,2718.0,2718.0,2718.0,2718.0,2718.0,2718.0,2718.0,2718.0,2718.0,2718.0,2718.0,2718.0,2718.0,2718.0,2718.0,2718.0,2718.0,2718.0,2718.0,2718.0,2718.0,2718.0,2718.0,2718.0,2718.0,2718.0,2718.0,2718.0,2718.0,2718.0,2718.0,2718.0,2718.0,2718.0,2718.0,2718.0,2718.0,2718.0,2718.0,2718.0,2718.0,2718.0,2718.0,8.0,,,,,,,0.8,329.7742,327.3864,324.6974,321.6417,318.2323,314.5562,310.7558,307.0021,303.4654,300.2908,297.5795,295.3781,293.6758,292.4094,291.4758,290.7502,290.109,289.4521,288.7204,287.9023,298.5050742430979,261.2683717900041,2019.1052,170.07979999999998,420.2157000000002,4.048099999999977
2719,2719,2719.0,2719.0,2719.0,2719.0,2719.0,2719.0,2719.0,2719.0,2719.0,2719.0,2719.0,2719.0,2719.0,2719.0,2719.0,2719.0,2719.0,2719.0,2719.0,2719.0,2719.0,2719.0,2719.0,2719.0,2719.0,2719.0,2719.0,2719.0,2719.0,2719.0,2719.0,2719.0,2719.0,2719.0,2719.0,2719.0,2719.0,2719.0,2719.0,2719.0,2719.0,2719.0,2719.0,9.0,,,,,,,0.9,301.3031,303.8288,305.8495,307.2031,307.8131,307.6871,306.9003,305.5694,303.824,301.7805,299.5219,297.0872,294.4691,291.6207,288.4703,284.942,280.9787,276.5636,271.7346,266.5879,173.0000143531871,173.0000569695427,2189.185,250.13590000000025,250.13590000000025,4.048099999999977
2720,2720,2720.0,2720.0,2720.0,2720.0,2720.0,2720.0,2720.0,2720.0,2720.0,2720.0,2720.0,2720.0,2720.0,2720.0,2720.0,2720.0,2720.0,2720.0,2720.0,2720.0,2720.0,2720.0,2720.0,2720.0,2720.0,2720.0,2720.0,2720.0,2720.0,2720.0,2720.0,2720.0,2720.0,2720.0,2720.0,2720.0,2720.0,2720.0,2720.0,2720.0,2720.0,2720.0,2720.0,0.0,,,,,,,0.0,273.0,273.0,273.0,273.0,273.0,273.0,273.0,273.0,273.0,273.0,273.0,273.0,273.0,273.0,273.0,273.0,273.0,273.0,273.0,273.0,372.9999128139844,372.9999340567696,0.0,368.7879,2456.5538,3.977100000000007
2721,2721,2721.0,2721.0,2721.0,2721.0,2721.0,2721.0,2721.0,2721.0,2721.0,2721.0,2721.0,2721.0,2721.0,2721.0,2721.0,2721.0,2721.0,2721.0,2721.0,2721.0,2721.0,2721.0,2721.0,2721.0,2721.0,2721.0,2721.0,2721.0,2721.0,2721.0,2721.0,2721.0,2721.0,2721.0,2721.0,2721.0,2721.0,2721.0,2721.0,2721.0,2721.0,2721.0,2721.0,1.0,,,,,,,0.1,355.9582,339.696,324.8873,312.0201,301.3574,292.9443,286.6547,282.2609,279.5107,278.1944,278.1944,279.5107,282.2609,286.6547,292.9443,301.3574,312.0201,324.8873,339.696,355.9582,363.4310891974805,273.6231606426242,368.7879,177.05530000000005,2087.7659,3.977100000000007
2722,2722,2722.0,2722.0,2722.0,2722.0,2722.0,2722.0,2722.0,2722.0,2722.0,2722.0,2722.0,2722.0,2722.0,2722.0,2722.0,2722.0,2722.0,2722.0,2722.0,2722.0,2722.0,2722.0,2722.0,2722.0,2722.0,2722.0,2722.0,2722.0,2722.0,2722.0,2722.0,2722.0,2722.0,2722.0,2722.0,2722.0,2722.0,2722.0,2722.0,2722.0,2722.0,2722.0,2722.0,2.0,,,,,,,0.2,353.1358,343.0743,333.474,324.5486,316.4903,309.4604,303.58,298.9195,295.4885,293.2264,291.9934,291.5667,291.644,291.8606,291.8226,291.1562,289.568,286.9035,283.1883,278.6372,333.9675046207525,221.3822175690485,545.8432,208.8194,1910.7106,3.977100000000007
2723,2723,2723.0,2723.0,2723.0,2723.0,2723.0,2723.0,2723.0,2723.0,2723.0,2723.0,2723.0,2723.0,2723.0,2723.0,2723.0,2723.0,2723.0,2723.0,2723.0,2723.0,2723.0,2723.0,2723.0,2723.0,2723.0,2723.0,2723.0,2723.0,2723.0,2723.0,2723.0,2723.0,2723.0,2723.0,2723.0,2723.0,2723.0,2723.0,2723.0,2723.0,2723.0,2723.0,2723.0,3.0,,,,,,,0.3,330.7863,327.5266,324.1333,320.5911,316.9287,313.2102,309.5152,305.9134,302.4386,299.068,295.7086,292.1957,288.3031,283.7658,278.315,271.7216,263.8429,254.6626,244.3154,233.0863,354.61750134130847,273.7064669666896,754.6626,275.6843,1701.8912,3.977100000000007
2724,2724,2724.0,2724.0,2724.0,2724.0,2724.0,2724.0,2724.0,2724.0,2724.0,2724.0,2724.0,2724.0,2724.0,2724.0,2724.0,2724.0,2724.0,2724.0,2724.0,2724.0,2724.0,2724.0,2724.0,2724.0,2724.0,2724.0,2724.0,2724.0,2724.0,2724.0,2724.0,2724.0,2724.0,2724.0,2724.0,2724.0,2724.0,2724.0,2724.0,2724.0,2724.0,2724.0,2724.0,4.0,,,,,,,0.4,347.641,340.8156,334.2701,328.0947,322.3319,316.9771,311.988,307.2995,302.8413,298.5557,294.4127,290.4217,286.6358,283.148,280.077,277.5435,275.6392,274.3965,273.7654,273.6069,173.00052359939724,294.07451807905323,1030.3469,236.1748,1426.2069,3.977100000000007
2725,2725,2725.0,2725.0,2725.0,2725.0,2725.0,2725.0,2725.0,2725.0,2725.0,2725.0,2725.0,2725.0,2725.0,2725.0,2725.0,2725.0,2725.0,2725.0,2725.0,2725.0,2725.0,2725.0,2725.0,2725.0,2725.0,2725.0,2725.0,2725.0,2725.0,2725.0,2725.0,2725.0,2725.0,2725.0,2725.0,2725.0,2725.0,2725.0,2725.0,2725.0,2725.0,2725.0,2725.0,5.0,,,,,,,0.5,197.9162,221.473,242.5026,260.1744,274.0691,284.1727,290.8045,294.5066,295.929,295.7315,294.5177,292.8002,290.9916,289.4084,288.2804,287.7572,287.9102,288.7336,290.1449,291.9932,372.99972720483737,221.38345036005987,1266.5217,253.1678,1190.0321,3.977100000000007
2726,2726,2726.0,2726.0,2726.0,2726.0,2726.0,2726.0,2726.0,2726.0,2726.0,2726.0,2726.0,2726.0,2726.0,2726.0,2726.0,2726.0,2726.0,2726.0,2726.0,2726.0,2726.0,2726.0,2726.0,2726.0,2726.0,2726.0,2726.0,2726.0,2726.0,2726.0,2726.0,2726.0,2726.0,2726.0,2726.0,2726.0,2726.0,2726.0,2726.0,2726.0,2726.0,2726.0,2726.0,6.0,,,,,,,0.6,355.3224,338.7384,324.1622,312.1943,303.0605,296.6302,292.4972,290.0917,288.7907,288.0006,287.2042,285.9728,283.9564,280.8689,276.4816,270.6318,263.2465,254.3716,244.1949,233.0485,372.9999516924167,319.6702650716041,1519.6895,289.7188000000001,936.8643000000002,3.977100000000007
2727,2727,2727.0,2727.0,2727.0,2727.0,2727.0,2727.0,2727.0,2727.0,2727.0,2727.0,2727.0,2727.0,2727.0,2727.0,2727.0,2727.0,2727.0,2727.0,2727.0,2727.0,2727.0,2727.0,2727.0,2727.0,2727.0,2727.0,2727.0,2727.0,2727.0,2727.0,2727.0,2727.0,2727.0,2727.0,2727.0,2727.0,2727.0,2727.0,2727.0,2727.0,2727.0,2727.0,2727.0,7.0,,,,,,,0.7,361.5712,350.4418,339.8835,330.1174,321.2974,313.5033,306.7456,300.9795,296.1297,292.1197,288.9036,286.4929,284.9716,284.4935,285.2571,287.459,291.2332,296.5894,303.368,311.2269,335.3108822048542,273.505295632909,1809.4083,213.1796,647.1455000000001,3.977100000000007
2728,2728,2728.0,2728.0,2728.0,2728.0,2728.0,2728.0,2728.0,2728.0,2728.0,2728.0,2728.0,2728.0,2728.0,2728.0,2728.0,2728.0,2728.0,2728.0,2728.0,2728.0,2728.0,2728.0,2728.0,2728.0,2728.0,2728.0,2728.0,2728.0,2728.0,2728.0,2728.0,2728.0,2728.0,2728.0,2728.0,2728.0,2728.0,2728.0,2728.0,2728.0,2728.0,2728.0,2728.0,8.0,,,,,,,0.8,332.5317,329.6084,326.4308,322.9481,319.1791,315.2081,311.1662,307.2057,303.4721,300.0808,297.0976,294.5296,292.3226,290.369,288.5243,286.6313,284.5504,282.1876,279.5165,276.5852,309.5267918925498,271.2405558499478,2022.5879,188.9328999999998,433.96590000000015,3.977100000000007
2729,2729,2729.0,2729.0,2729.0,2729.0,2729.0,2729.0,2729.0,2729.0,2729.0,2729.0,2729.0,2729.0,2729.0,2729.0,2729.0,2729.0,2729.0,2729.0,2729.0,2729.0,2729.0,2729.0,2729.0,2729.0,2729.0,2729.0,2729.0,2729.0,2729.0,2729.0,2729.0,2729.0,2729.0,2729.0,2729.0,2729.0,2729.0,2729.0,2729.0,2729.0,2729.0,2729.0,2729.0,9.0,,,,,,,0.9,310.5879,311.4411,311.9092,311.8694,311.2654,310.1059,308.4526,306.401,304.0594,301.5308,298.9001,296.2264,293.5429,290.8594,288.1693,285.4571,282.7063,279.9057,277.0534,274.1589,173.00004083143182,173.00004913176792,2211.5208,245.0330000000004,245.0330000000004,3.977100000000007
2730,2730,2730.0,2730.0,2730.0,2730.0,2730.0,2730.0,2730.0,2730.0,2730.0,2730.0,2730.0,2730.0,2730.0,2730.0,2730.0,2730.0,2730.0,2730.0,2730.0,2730.0,2730.0,2730.0,2730.0,2730.0,2730.0,2730.0,2730.0,2730.0,2730.0,2730.0,2730.0,2730.0,2730.0,2730.0,2730.0,2730.0,2730.0,2730.0,2730.0,2730.0,2730.0,2730.0,2730.0,0.0,,,,,,,0.0,273.0,273.0,273.0,273.0,273.0,273.0,273.0,273.0,273.0,273.0,273.0,273.0,273.0,273.0,273.0,273.0,273.0,273.0,273.0,273.0,372.9999408023848,372.9999072526604,0.0,368.7879,2388.8161,4.242500000000007
2731,2731,2731.0,2731.0,2731.0,2731.0,2731.0,2731.0,2731.0,2731.0,2731.0,2731.0,2731.0,2731.0,2731.0,2731.0,2731.0,2731.0,2731.0,2731.0,2731.0,2731.0,2731.0,2731.0,2731.0,2731.0,2731.0,2731.0,2731.0,2731.0,2731.0,2731.0,2731.0,2731.0,2731.0,2731.0,2731.0,2731.0,2731.0,2731.0,2731.0,2731.0,2731.0,2731.0,2731.0,1.0,,,,,,,0.1,355.9582,339.696,324.8873,312.0201,301.3574,292.9443,286.6547,282.2609,279.5107,278.1944,278.1944,279.5107,282.2609,286.6547,292.9443,301.3574,312.0201,324.8873,339.696,355.9582,363.4182567248564,273.6853147338213,368.7879,177.03030000000007,2020.0282,4.242500000000007
2732,2732,2732.0,2732.0,2732.0,2732.0,2732.0,2732.0,2732.0,2732.0,2732.0,2732.0,2732.0,2732.0,2732.0,2732.0,2732.0,2732.0,2732.0,2732.0,2732.0,2732.0,2732.0,2732.0,2732.0,2732.0,2732.0,2732.0,2732.0,2732.0,2732.0,2732.0,2732.0,2732.0,2732.0,2732.0,2732.0,2732.0,2732.0,2732.0,2732.0,2732.0,2732.0,2732.0,2732.0,2.0,,,,,,,0.2,353.1252,343.0658,333.4673,324.5436,316.4867,309.458,303.5785,298.9187,295.4885,293.2272,291.9952,291.5699,291.6493,291.8689,291.8349,291.1738,289.5922,286.9357,283.2297,278.6888,333.69608524992105,221.43806413347608,545.8182,208.6391,1842.9979,4.242500000000007
2733,2733,2733.0,2733.0,2733.0,2733.0,2733.0,2733.0,2733.0,2733.0,2733.0,2733.0,2733.0,2733.0,2733.0,2733.0,2733.0,2733.0,2733.0,2733.0,2733.0,2733.0,2733.0,2733.0,2733.0,2733.0,2733.0,2733.0,2733.0,2733.0,2733.0,2733.0,2733.0,2733.0,2733.0,2733.0,2733.0,2733.0,2733.0,2733.0,2733.0,2733.0,2733.0,2733.0,2733.0,3.0,,,,,,,0.3,330.5606,327.3446,323.9913,320.4839,316.8508,313.1558,309.4791,305.891,302.4266,299.0636,295.7102,292.2024,288.3144,283.7817,278.3355,271.7472,263.8739,254.6995,244.3584,233.1357,356.17222804104057,273.56009515655927,754.4573,275.9321,1634.3588,4.242500000000007
2734,2734,2734.0,2734.0,2734.0,2734.0,2734.0,2734.0,2734.0,2734.0,2734.0,2734.0,2734.0,2734.0,2734.0,2734.0,2734.0,2734.0,2734.0,2734.0,2734.0,2734.0,2734.0,2734.0,2734.0,2734.0,2734.0,2734.0,2734.0,2734.0,2734.0,2734.0,2734.0,2734.0,2734.0,2734.0,2734.0,2734.0,2734.0,2734.0,2734.0,2734.0,2734.0,2734.0,2734.0,4.0,,,,,,,0.4,348.9174,341.8271,335.0419,328.6602,322.7285,317.2425,312.1568,307.4011,302.8987,298.5857,294.4266,290.426,286.6333,283.1388,280.0591,277.5135,275.5931,274.33,273.6747,273.4892,173.0003264332945,291.586439813242,1030.3894,237.32569999999987,1358.4267,4.242500000000007
2735,2735,2735.0,2735.0,2735.0,2735.0,2735.0,2735.0,2735.0,2735.0,2735.0,2735.0,2735.0,2735.0,2735.0,2735.0,2735.0,2735.0,2735.0,2735.0,2735.0,2735.0,2735.0,2735.0,2735.0,2735.0,2735.0,2735.0,2735.0,2735.0,2735.0,2735.0,2735.0,2735.0,2735.0,2735.0,2735.0,2735.0,2735.0,2735.0,2735.0,2735.0,2735.0,2735.0,2735.0,5.0,,,,,,,0.5,197.9873,221.608,242.6878,260.3919,274.3,284.399,291.0103,294.6793,296.0579,295.8067,294.5274,292.7284,290.8156,289.0976,287.7956,287.0518,286.9334,287.4345,288.4783,289.925,372.9998688919845,223.48725915421952,1267.7151,255.02790000000005,1121.101,4.242500000000007
2736,2736,2736.0,2736.0,2736.0,2736.0,2736.0,2736.0,2736.0,2736.0,2736.0,2736.0,2736.0,2736.0,2736.0,2736.0,2736.0,2736.0,2736.0,2736.0,2736.0,2736.0,2736.0,2736.0,2736.0,2736.0,2736.0,2736.0,2736.0,2736.0,2736.0,2736.0,2736.0,2736.0,2736.0,2736.0,2736.0,2736.0,2736.0,2736.0,2736.0,2736.0,2736.0,2736.0,2736.0,6.0,,,,,,,0.6,355.3492,338.7894,324.2322,312.2762,303.1454,296.708,292.5575,290.1249,288.7892,287.9611,287.1302,285.8772,283.8644,280.8205,276.5316,270.8487,263.7073,255.1552,245.3727,234.6746,372.9999579098569,321.4834022182289,1522.743,287.817,866.0731000000001,4.242500000000007
2737,2737,2737.0,2737.0,2737.0,2737.0,2737.0,2737.0,2737.0,2737.0,2737.0,2737.0,2737.0,2737.0,2737.0,2737.0,2737.0,2737.0,2737.0,2737.0,2737.0,2737.0,2737.0,2737.0,2737.0,2737.0,2737.0,2737.0,2737.0,2737.0,2737.0,2737.0,2737.0,2737.0,2737.0,2737.0,2737.0,2737.0,2737.0,2737.0,2737.0,2737.0,2737.0,2737.0,2737.0,7.0,,,,,,,0.7,361.5794,350.4575,339.9054,330.1439,321.3274,313.5365,306.7835,301.0259,296.1917,292.2081,289.0333,286.6829,285.2446,284.8751,285.7746,288.14,292.104,297.6734,304.6839,312.7881,333.154513040156,273.8876751631786,1810.56,208.90970000000016,578.2561000000001,4.242500000000007
2738,2738,2738.0,2738.0,2738.0,2738.0,2738.0,2738.0,2738.0,2738.0,2738.0,2738.0,2738.0,2738.0,2738.0,2738.0,2738.0,2738.0,2738.0,2738.0,2738.0,2738.0,2738.0,2738.0,2738.0,2738.0,2738.0,2738.0,2738.0,2738.0,2738.0,2738.0,2738.0,2738.0,2738.0,2738.0,2738.0,2738.0,2738.0,2738.0,2738.0,2738.0,2738.0,2738.0,2738.0,8.0,,,,,,,0.8,330.7516,328.1884,325.3412,322.1491,318.6269,314.859,310.981,307.1521,303.526,300.2252,297.3212,294.8245,292.6816,290.7836,288.9831,287.1194,285.05,282.6798,279.9837,277.0137,317.3946410037848,273.69252401668376,2019.4697,185.8939999999997,369.3463999999999,4.242500000000007
2739,2739,2739.0,2739.0,2739.0,2739.0,2739.0,2739.0,2739.0,2739.0,2739.0,2739.0,2739.0,2739.0,2739.0,2739.0,2739.0,2739.0,2739.0,2739.0,2739.0,2739.0,2739.0,2739.0,2739.0,2739.0,2739.0,2739.0,2739.0,2739.0,2739.0,2739.0,2739.0,2739.0,2739.0,2739.0,2739.0,2739.0,2739.0,2739.0,2739.0,2739.0,2739.0,2739.0,2739.0,9.0,,,,,,,0.9,317.0243,316.5188,315.7632,314.6789,313.2317,311.4311,309.3224,306.9734,304.4607,301.857,299.2214,296.5951,294.0001,291.4416,288.9125,286.399,283.886,281.3615,278.8196,276.2611,347.960576841916,273.7014925142214,2205.3637,183.45240000000013,183.45240000000013,4.242500000000007
2740,2740,2740.0,2740.0,2740.0,2740.0,2740.0,2740.0,2740.0,2740.0,2740.0,2740.0,2740.0,2740.0,2740.0,2740.0,2740.0,2740.0,2740.0,2740.0,2740.0,2740.0,2740.0,2740.0,2740.0,2740.0,2740.0,2740.0,2740.0,2740.0,2740.0,2740.0,2740.0,2740.0,2740.0,2740.0,2740.0,2740.0,2740.0,2740.0,2740.0,2740.0,2740.0,2740.0,2740.0,0.0,,,,,,,0.0,273.0,273.0,273.0,273.0,273.0,273.0,273.0,273.0,273.0,273.0,273.0,273.0,273.0,273.0,273.0,273.0,273.0,273.0,273.0,273.0,372.99993176652464,372.99996920220127,0.0,368.7879,2379.207,4.105799999999988
2741,2741,2741.0,2741.0,2741.0,2741.0,2741.0,2741.0,2741.0,2741.0,2741.0,2741.0,2741.0,2741.0,2741.0,2741.0,2741.0,2741.0,2741.0,2741.0,2741.0,2741.0,2741.0,2741.0,2741.0,2741.0,2741.0,2741.0,2741.0,2741.0,2741.0,2741.0,2741.0,2741.0,2741.0,2741.0,2741.0,2741.0,2741.0,2741.0,2741.0,2741.0,2741.0,2741.0,2741.0,1.0,,,,,,,0.1,355.9582,339.696,324.8873,312.0201,301.3574,292.9443,286.6547,282.2609,279.5107,278.1944,278.1944,279.5107,282.2609,286.6547,292.9443,301.3574,312.0201,324.8873,339.696,355.9583,363.5598341046107,273.0017012905062,368.7879,177.3064,2010.4191,4.105799999999988
2742,2742,2742.0,2742.0,2742.0,2742.0,2742.0,2742.0,2742.0,2742.0,2742.0,2742.0,2742.0,2742.0,2742.0,2742.0,2742.0,2742.0,2742.0,2742.0,2742.0,2742.0,2742.0,2742.0,2742.0,2742.0,2742.0,2742.0,2742.0,2742.0,2742.0,2742.0,2742.0,2742.0,2742.0,2742.0,2742.0,2742.0,2742.0,2742.0,2742.0,2742.0,2742.0,2742.0,2742.0,2.0,,,,,,,0.2,353.2426,343.1601,333.5407,324.5986,316.5262,309.485,303.5954,298.9271,295.4889,293.2188,291.9755,291.5342,291.5908,291.7781,291.6999,290.9806,289.3258,286.5811,282.7738,278.1216,331.8711500583985,221.8306545505416,546.0943,209.11340000000007,1833.1127,4.105799999999988
2743,2743,2743.0,2743.0,2743.0,2743.0,2743.0,2743.0,2743.0,2743.0,2743.0,2743.0,2743.0,2743.0,2743.0,2743.0,2743.0,2743.0,2743.0,2743.0,2743.0,2743.0,2743.0,2743.0,2743.0,2743.0,2743.0,2743.0,2743.0,2743.0,2743.0,2743.0,2743.0,2743.0,2743.0,2743.0,2743.0,2743.0,2743.0,2743.0,2743.0,2743.0,2743.0,2743.0,2743.0,3.0,,,,,,,0.3,329.0527,326.1385,323.0589,319.7877,316.3482,312.8037,309.2372,305.7249,302.3084,298.9728,295.6332,292.1321,288.2499,283.7276,278.3014,271.7466,263.923,254.8151,244.5563,233.4277,357.0182332017973,273.5563301970336,755.2077,275.69299999999987,1623.9993,4.105799999999988
2744,2744,2744.0,2744.0,2744.0,2744.0,2744.0,2744.0,2744.0,2744.0,2744.0,2744.0,2744.0,2744.0,2744.0,2744.0,2744.0,2744.0,2744.0,2744.0,2744.0,2744.0,2744.0,2744.0,2744.0,2744.0,2744.0,2744.0,2744.0,2744.0,2744.0,2744.0,2744.0,2744.0,2744.0,2744.0,2744.0,2744.0,2744.0,2744.0,2744.0,2744.0,2744.0,2744.0,2744.0,4.0,,,,,,,0.4,349.529,342.2197,335.244,328.709,322.6648,317.1058,311.9815,307.2143,302.7199,298.4269,294.2939,290.3213,286.5555,283.085,280.0254,277.4952,275.5855,274.3284,273.6749,273.4882,173.0001400116903,292.2054472348061,1030.9007,237.6115,1348.3063,4.105799999999988
2745,2745,2745.0,2745.0,2745.0,2745.0,2745.0,2745.0,2745.0,2745.0,2745.0,2745.0,2745.0,2745.0,2745.0,2745.0,2745.0,2745.0,2745.0,2745.0,2745.0,2745.0,2745.0,2745.0,2745.0,2745.0,2745.0,2745.0,2745.0,2745.0,2745.0,2745.0,2745.0,2745.0,2745.0,2745.0,2745.0,2745.0,2745.0,2745.0,2745.0,2745.0,2745.0,2745.0,2745.0,5.0,,,,,,,0.5,197.9881,221.6078,242.6833,260.3794,274.2761,284.3619,290.9602,294.6185,295.9908,295.7395,294.4676,292.6847,290.7981,289.1173,287.8647,287.1835,287.1411,287.7312,288.8754,290.4308,372.9998740007475,221.60830202529883,1268.5122,255.6358,1110.6948,4.105799999999988
2746,2746,2746.0,2746.0,2746.0,2746.0,2746.0,2746.0,2746.0,2746.0,2746.0,2746.0,2746.0,2746.0,2746.0,2746.0,2746.0,2746.0,2746.0,2746.0,2746.0,2746.0,2746.0,2746.0,2746.0,2746.0,2746.0,2746.0,2746.0,2746.0,2746.0,2746.0,2746.0,2746.0,2746.0,2746.0,2746.0,2746.0,2746.0,2746.0,2746.0,2746.0,2746.0,2746.0,2746.0,6.0,,,,,,,0.6,355.3442,338.7794,324.2176,312.2573,303.1226,296.6821,292.529,290.094,288.7546,287.9194,287.0742,285.7943,283.7351,280.617,276.218,270.3815,263.0388,254.2371,244.1619,233.1386,372.9999381868142,321.89742437981937,1524.148,290.6206000000002,855.059,4.105799999999988
2747,2747,2747.0,2747.0,2747.0,2747.0,2747.0,2747.0,2747.0,2747.0,2747.0,2747.0,2747.0,2747.0,2747.0,2747.0,2747.0,2747.0,2747.0,2747.0,2747.0,2747.0,2747.0,2747.0,2747.0,2747.0,2747.0,2747.0,2747.0,2747.0,2747.0,2747.0,2747.0,2747.0,2747.0,2747.0,2747.0,2747.0,2747.0,2747.0,2747.0,2747.0,2747.0,2747.0,2747.0,7.0,,,,,,,0.7,361.574,350.4463,339.8878,330.1188,321.2929,313.4903,306.7223,300.9462,296.0895,292.0801,288.8779,286.5014,285.0429,284.6648,285.5739,287.9735,292.0008,297.6641,304.7971,313.0456,333.98940584517663,272.9995403576822,1814.7686,210.59109999999987,564.4383999999998,4.105799999999988
2748,2748,2748.0,2748.0,2748.0,2748.0,2748.0,2748.0,2748.0,2748.0,2748.0,2748.0,2748.0,2748.0,2748.0,2748.0,2748.0,2748.0,2748.0,2748.0,2748.0,2748.0,2748.0,2748.0,2748.0,2748.0,2748.0,2748.0,2748.0,2748.0,2748.0,2748.0,2748.0,2748.0,2748.0,2748.0,2748.0,2748.0,2748.0,2748.0,2748.0,2748.0,2748.0,2748.0,2748.0,8.0,,,,,,,0.8,331.4347,328.726,325.7447,322.434,318.8105,314.9591,311.0141,307.1323,303.4645,300.1298,297.1966,294.6714,292.4973,290.5612,288.7116,286.7846,284.6348,282.1667,279.3563,276.2594,322.3426912246235,273.0043766309282,2025.3597,189.26499999999987,353.8472999999999,4.105799999999988
2749,2749,2749.0,2749.0,2749.0,2749.0,2749.0,2749.0,2749.0,2749.0,2749.0,2749.0,2749.0,2749.0,2749.0,2749.0,2749.0,2749.0,2749.0,2749.0,2749.0,2749.0,2749.0,2749.0,2749.0,2749.0,2749.0,2749.0,2749.0,2749.0,2749.0,2749.0,2749.0,2749.0,2749.0,2749.0,2749.0,2749.0,2749.0,2749.0,2749.0,2749.0,2749.0,2749.0,2749.0,9.0,,,,,,,0.9,321.1587,319.8736,318.4021,316.687,314.7056,312.4691,310.0163,307.403,304.6909,301.9374,299.1878,296.4716,293.8017,291.177,288.586,286.0124,283.4397,280.8553,278.253,275.6338,281.70435925342736,308.7754903466407,2214.6247,164.58230000000003,164.58230000000003,4.105799999999988
2750,2750,2750.0,2750.0,2750.0,2750.0,2750.0,2750.0,2750.0,2750.0,2750.0,2750.0,2750.0,2750.0,2750.0,2750.0,2750.0,2750.0,2750.0,2750.0,2750.0,2750.0,2750.0,2750.0,2750.0,2750.0,2750.0,2750.0,2750.0,2750.0,2750.0,2750.0,2750.0,2750.0,2750.0,2750.0,2750.0,2750.0,2750.0,2750.0,2750.0,2750.0,2750.0,2750.0,2750.0,0.0,,,,,,,0.0,273.0,273.0,273.0,273.0,273.0,273.0,273.0,273.0,273.0,273.0,273.0,273.0,273.0,273.0,273.0,273.0,273.0,273.0,273.0,273.0,372.9999335625205,372.9999335625205,0.0,368.7879,2397.0245,4.017600000000016
2751,2751,2751.0,2751.0,2751.0,2751.0,2751.0,2751.0,2751.0,2751.0,2751.0,2751.0,2751.0,2751.0,2751.0,2751.0,2751.0,2751.0,2751.0,2751.0,2751.0,2751.0,2751.0,2751.0,2751.0,2751.0,2751.0,2751.0,2751.0,2751.0,2751.0,2751.0,2751.0,2751.0,2751.0,2751.0,2751.0,2751.0,2751.0,2751.0,2751.0,2751.0,2751.0,2751.0,2751.0,1.0,,,,,,,0.1,355.9582,339.696,324.8873,312.0201,301.3574,292.9443,286.6547,282.2609,279.5107,278.1944,278.1944,279.5107,282.2609,286.6547,292.9443,301.3574,312.0201,324.8873,339.696,355.9582,363.5210806663174,273.18894475362714,368.7879,177.2307,2028.2366,4.017600000000016
2752,2752,2752.0,2752.0,2752.0,2752.0,2752.0,2752.0,2752.0,2752.0,2752.0,2752.0,2752.0,2752.0,2752.0,2752.0,2752.0,2752.0,2752.0,2752.0,2752.0,2752.0,2752.0,2752.0,2752.0,2752.0,2752.0,2752.0,2752.0,2752.0,2752.0,2752.0,2752.0,2752.0,2752.0,2752.0,2752.0,2752.0,2752.0,2752.0,2752.0,2752.0,2752.0,2752.0,2752.0,2.0,,,,,,,0.2,353.2104,343.1343,333.5206,324.5835,316.5154,309.4776,303.5907,298.9248,295.4888,293.2211,291.9809,291.544,291.6068,291.803,291.7369,291.0335,289.3987,286.6782,282.8987,278.277,331.1518344967107,222.2980505733067,546.0186,208.4508,1851.0059,4.017600000000016
2753,2753,2753.0,2753.0,2753.0,2753.0,2753.0,2753.0,2753.0,2753.0,2753.0,2753.0,2753.0,2753.0,2753.0,2753.0,2753.0,2753.0,2753.0,2753.0,2753.0,2753.0,2753.0,2753.0,2753.0,2753.0,2753.0,2753.0,2753.0,2753.0,2753.0,2753.0,2753.0,2753.0,2753.0,2753.0,2753.0,2753.0,2753.0,2753.0,2753.0,2753.0,2753.0,2753.0,2753.0,3.0,,,,,,,0.3,328.4544,325.6559,322.682,319.5033,316.1414,312.6597,309.1424,305.6679,302.2806,298.9687,295.6499,292.1696,288.3104,283.8155,278.4227,271.9084,264.1332,255.0815,244.8855,233.8247,357.10022733484334,273.4109801166842,754.4694,274.5488,1642.5551,4.017600000000016
2754,2754,2754.0,2754.0,2754.0,2754.0,2754.0,2754.0,2754.0,2754.0,2754.0,2754.0,2754.0,2754.0,2754.0,2754.0,2754.0,2754.0,2754.0,2754.0,2754.0,2754.0,2754.0,2754.0,2754.0,2754.0,2754.0,2754.0,2754.0,2754.0,2754.0,2754.0,2754.0,2754.0,2754.0,2754.0,2754.0,2754.0,2754.0,2754.0,2754.0,2754.0,2754.0,2754.0,2754.0,4.0,,,,,,,0.4,349.5622,342.2087,335.1969,328.6366,322.5788,317.0176,311.9009,307.1489,302.6746,298.4042,294.294,290.342,286.5926,283.132,280.074,277.5357,275.6069,274.32,273.6271,273.3936,173.00025990440145,292.2051242395897,1029.0182,237.39840000000004,1368.0063,4.017600000000016
2755,2755,2755.0,2755.0,2755.0,2755.0,2755.0,2755.0,2755.0,2755.0,2755.0,2755.0,2755.0,2755.0,2755.0,2755.0,2755.0,2755.0,2755.0,2755.0,2755.0,2755.0,2755.0,2755.0,2755.0,2755.0,2755.0,2755.0,2755.0,2755.0,2755.0,2755.0,2755.0,2755.0,2755.0,2755.0,2755.0,2755.0,2755.0,2755.0,2755.0,2755.0,2755.0,2755.0,2755.0,5.0,,,,,,,0.5,197.9793,221.5907,242.6591,260.3497,274.2431,284.3277,290.9271,294.5886,295.9657,295.7202,294.4544,292.6774,290.7958,289.1188,287.8687,287.1886,287.1464,287.7357,288.8785,290.4323,372.99995673681445,221.60786746451632,1266.4166,255.76029999999992,1130.6079,4.017600000000016
2756,2756,2756.0,2756.0,2756.0,2756.0,2756.0,2756.0,2756.0,2756.0,2756.0,2756.0,2756.0,2756.0,2756.0,2756.0,2756.0,2756.0,2756.0,2756.0,2756.0,2756.0,2756.0,2756.0,2756.0,2756.0,2756.0,2756.0,2756.0,2756.0,2756.0,2756.0,2756.0,2756.0,2756.0,2756.0,2756.0,2756.0,2756.0,2756.0,2756.0,2756.0,2756.0,2756.0,2756.0,6.0,,,,,,,0.6,355.3399,338.7709,324.2055,312.2422,303.1054,296.6637,292.5103,290.0757,288.7376,287.9043,287.0613,285.7837,283.7269,280.611,276.2138,270.3788,263.0371,254.2362,244.1614,233.1381,372.9999363748085,321.8974398193449,1522.1769,290.6869000000001,874.8476,4.017600000000016
2757,2757,2757.0,2757.0,2757.0,2757.0,2757.0,2757.0,2757.0,2757.0,2757.0,2757.0,2757.0,2757.0,2757.0,2757.0,2757.0,2757.0,2757.0,2757.0,2757.0,2757.0,2757.0,2757.0,2757.0,2757.0,2757.0,2757.0,2757.0,2757.0,2757.0,2757.0,2757.0,2757.0,2757.0,2757.0,2757.0,2757.0,2757.0,2757.0,2757.0,2757.0,2757.0,2757.0,2757.0,7.0,,,,,,,0.7,361.5715,350.4414,339.8807,330.1099,321.2824,313.4788,306.7101,300.9338,296.0774,292.0685,288.8671,286.4917,285.0343,284.6574,285.5678,287.9686,291.997,297.6614,304.7953,313.0448,334.21220720135085,274.56410252109123,1812.8638,210.0664,584.1606999999999,4.017600000000016
2758,2758,2758.0,2758.0,2758.0,2758.0,2758.0,2758.0,2758.0,2758.0,2758.0,2758.0,2758.0,2758.0,2758.0,2758.0,2758.0,2758.0,2758.0,2758.0,2758.0,2758.0,2758.0,2758.0,2758.0,2758.0,2758.0,2758.0,2758.0,2758.0,2758.0,2758.0,2758.0,2758.0,2758.0,2758.0,2758.0,2758.0,2758.0,2758.0,2758.0,2758.0,2758.0,2758.0,2758.0,8.0,,,,,,,0.8,331.6179,328.8715,325.8558,322.5154,318.8676,314.9977,311.04,307.1518,303.4843,300.158,297.2435,294.7507,292.6269,290.764,289.0157,287.2223,285.2409,282.9753,280.3977,277.5563,314.1493935489272,270.70647834244085,2022.9302,186.4945,374.0943,4.017600000000016
2759,2759,2759.0,2759.0,2759.0,2759.0,2759.0,2759.0,2759.0,2759.0,2759.0,2759.0,2759.0,2759.0,2759.0,2759.0,2759.0,2759.0,2759.0,2759.0,2759.0,2759.0,2759.0,2759.0,2759.0,2759.0,2759.0,2759.0,2759.0,2759.0,2759.0,2759.0,2759.0,2759.0,2759.0,2759.0,2759.0,2759.0,2759.0,2759.0,2759.0,2759.0,2759.0,2759.0,2759.0,9.0,,,,,,,0.9,314.3741,314.4335,314.1867,313.537,312.4411,310.9087,308.9918,306.7697,304.3309,301.758,299.1166,296.4489,293.7734,291.0877,288.3751,285.6126,282.7794,279.8634,276.8662,273.8043,352.889904716678,273.888618910912,2209.4247,187.5998,187.5998,4.017600000000016
2760,2760,2760.0,2760.0,2760.0,2760.0,2760.0,2760.0,2760.0,2760.0,2760.0,2760.0,2760.0,2760.0,2760.0,2760.0,2760.0,2760.0,2760.0,2760.0,2760.0,2760.0,2760.0,2760.0,2760.0,2760.0,2760.0,2760.0,2760.0,2760.0,2760.0,2760.0,2760.0,2760.0,2760.0,2760.0,2760.0,2760.0,2760.0,2760.0,2760.0,2760.0,2760.0,2760.0,0.0,,,,,,,,0.0,273.0,273.0,273.0,273.0,273.0,273.0,273.0,273.0,273.0,273.0,273.0,273.0,273.0,273.0,273.0,273.0,273.0,273.0,273.0,273.0,372.99993706951614,372.9999389602182,0.0,368.7879,1021.9160000000002,-40.0
2761,2761,2761.0,2761.0,2761.0,2761.0,2761.0,2761.0,2761.0,2761.0,2761.0,2761.0,2761.0,2761.0,2761.0,2761.0,2761.0,2761.0,2761.0,2761.0,2761.0,2761.0,2761.0,2761.0,2761.0,2761.0,2761.0,2761.0,2761.0,2761.0,2761.0,2761.0,2761.0,2761.0,2761.0,2761.0,2761.0,2761.0,2761.0,2761.0,2761.0,2761.0,2761.0,2761.0,1.0,,,,,,,,0.1,355.9582,339.696,324.8873,312.0201,301.3574,292.9443,286.6547,282.2609,279.5107,278.1944,278.1944,279.5107,282.2609,286.6547,292.9443,301.3574,312.0201,324.8873,339.696,355.9582,173.00003802003195,372.9999992489562,368.7879,179.22269999999995,653.1281000000001,-20.0557
2762,2762,2762.0,2762.0,2762.0,2762.0,2762.0,2762.0,2762.0,2762.0,2762.0,2762.0,2762.0,2762.0,2762.0,2762.0,2762.0,2762.0,2762.0,2762.0,2762.0,2762.0,2762.0,2762.0,2762.0,2762.0,2762.0,2762.0,2762.0,2762.0,2762.0,2762.0,2762.0,2762.0,2762.0,2762.0,2762.0,2762.0,2762.0,2762.0,2762.0,2762.0,2762.0,2762.0,2.0,,,,,,,,0.2,195.1646,216.0839,234.7101,250.3431,262.704,271.9222,278.4545,282.9643,286.1964,288.8721,291.618,294.9305,299.1667,304.5532,311.2009,319.1221,328.244,338.4216,349.4489,361.0713,372.99974607518976,372.9998260644205,548.0106,140.23930000000007,473.9054000000001,-41.077800000000025
2763,2763,2763.0,2763.0,2763.0,2763.0,2763.0,2763.0,2763.0,2763.0,2763.0,2763.0,2763.0,2763.0,2763.0,2763.0,2763.0,2763.0,2763.0,2763.0,2763.0,2763.0,2763.0,2763.0,2763.0,2763.0,2763.0,2763.0,2763.0,2763.0,2763.0,2763.0,2763.0,2763.0,2763.0,2763.0,2763.0,2763.0,2763.0,2763.0,2763.0,2763.0,2763.0,2763.0,3.0,,,,,,,,0.3,353.8907,335.9926,320.3361,307.6356,298.2276,292.089,288.92,288.2586,289.5966,292.4692,296.5082,301.4581,307.1644,313.5451,320.559,328.1756,336.3542,345.0306,354.1126,363.4818,178.3106119059962,372.999966913102,688.2499,55.16379999999992,333.66610000000003,-20.911
2764,2764,2764.0,2764.0,2764.0,2764.0,2764.0,2764.0,2764.0,2764.0,2764.0,2764.0,2764.0,2764.0,2764.0,2764.0,2764.0,2764.0,2764.0,2764.0,2764.0,2764.0,2764.0,2764.0,2764.0,2764.0,2764.0,2764.0,2764.0,2764.0,2764.0,2764.0,2764.0,2764.0,2764.0,2764.0,2764.0,2764.0,2764.0,2764.0,2764.0,2764.0,2764.0,2764.0,4.0,,,,,,,,0.4,199.8766,220.342,238.7855,254.6003,267.5563,277.783,285.688,291.8424,296.864,301.3234,305.6855,310.2857,315.3342,320.9357,327.116,333.8465,341.064,348.6855,356.6162,364.7556,372.999796745102,372.9997852329877,743.4137,64.68500000000006,278.5023000000001,-35.216999999999985
2765,2765,2765.0,2765.0,2765.0,2765.0,2765.0,2765.0,2765.0,2765.0,2765.0,2765.0,2765.0,2765.0,2765.0,2765.0,2765.0,2765.0,2765.0,2765.0,2765.0,2765.0,2765.0,2765.0,2765.0,2765.0,2765.0,2765.0,2765.0,2765.0,2765.0,2765.0,2765.0,2765.0,2765.0,2765.0,2765.0,2765.0,2765.0,2765.0,2765.0,2765.0,2765.0,2765.0,5.0,,,,,,,,0.5,355.0615,338.3297,323.8306,312.2747,303.993,298.9531,296.8393,297.1649,299.3868,302.9967,307.5772,312.8219,318.5293,324.5805,330.9115,337.4875,344.2841,351.2741,358.4218,365.6817,190.514140180807,372.9999464363672,808.0987,18.689300000000003,213.81730000000005,-14.046899999999994
2766,2766,2766.0,2766.0,2766.0,2766.0,2766.0,2766.0,2766.0,2766.0,2766.0,2766.0,2766.0,2766.0,2766.0,2766.0,2766.0,2766.0,2766.0,2766.0,2766.0,2766.0,2766.0,2766.0,2766.0,2766.0,2766.0,2766.0,2766.0,2766.0,2766.0,2766.0,2766.0,2766.0,2766.0,2766.0,2766.0,2766.0,2766.0,2766.0,2766.0,2766.0,2766.0,2766.0,6.0,,,,,,,,0.6,211.0868,230.6417,248.3266,263.5796,276.1857,286.2597,294.17,300.4319,305.5991,310.1782,314.5758,319.0789,323.8614,329.0044,334.5229,340.39,346.556,352.9613,359.5439,366.2431,209.5698880419584,372.99993706951614,826.788,68.57730000000004,195.12800000000004,-26.74029999999999
2767,2767,2767.0,2767.0,2767.0,2767.0,2767.0,2767.0,2767.0,2767.0,2767.0,2767.0,2767.0,2767.0,2767.0,2767.0,2767.0,2767.0,2767.0,2767.0,2767.0,2767.0,2767.0,2767.0,2767.0,2767.0,2767.0,2767.0,2767.0,2767.0,2767.0,2767.0,2767.0,2767.0,2767.0,2767.0,2767.0,2767.0,2767.0,2767.0,2767.0,2767.0,2767.0,2767.0,7.0,,,,,,,,0.7,221.0215,232.3318,243.364,253.9918,264.1075,273.6307,282.5164,290.7595,298.3953,305.4934,312.1486,318.4691,324.5637,330.5317,336.4553,342.3952,348.3894,354.4549,360.5903,366.7803,372.99599382960406,372.9998216391093,895.3653,56.39859999999999,126.5507,-39.36930000000001
2768,2768,2768.0,2768.0,2768.0,2768.0,2768.0,2768.0,2768.0,2768.0,2768.0,2768.0,2768.0,2768.0,2768.0,2768.0,2768.0,2768.0,2768.0,2768.0,2768.0,2768.0,2768.0,2768.0,2768.0,2768.0,2768.0,2768.0,2768.0,2768.0,2768.0,2768.0,2768.0,2768.0,2768.0,2768.0,2768.0,2768.0,2768.0,2768.0,2768.0,2768.0,2768.0,2768.0,8.0,,,,,,,,0.8,355.3953,338.9829,324.7774,313.4975,305.4975,300.7762,299.0446,299.8282,302.5742,306.7414,311.8606,317.5636,323.5873,329.7601,335.9818,342.2017,348.3998,354.5732,360.7264,366.8663,196.9384511500701,372.9999012266354,951.7639,11.940799999999967,70.15210000000002,-12.223799999999985
2769,2769,2769.0,2769.0,2769.0,2769.0,2769.0,2769.0,2769.0,2769.0,2769.0,2769.0,2769.0,2769.0,2769.0,2769.0,2769.0,2769.0,2769.0,2769.0,2769.0,2769.0,2769.0,2769.0,2769.0,2769.0,2769.0,2769.0,2769.0,2769.0,2769.0,2769.0,2769.0,2769.0,2769.0,2769.0,2769.0,2769.0,2769.0,2769.0,2769.0,2769.0,2769.0,2769.0,9.0,,,,,,,,0.9,216.7484,235.5925,252.6631,267.4296,279.692,289.5634,297.3956,303.6765,308.9256,313.6127,318.1081,322.6663,327.4332,332.4691,337.7755,343.3198,349.0548,354.9314,360.9051,366.9385,198.05415322018104,372.9999543176964,963.7047,58.21130000000005,58.21130000000005,-23.4366
2770,2770,2770.0,2770.0,2770.0,2770.0,2770.0,2770.0,2770.0,2770.0,2770.0,2770.0,2770.0,2770.0,2770.0,2770.0,2770.0,2770.0,2770.0,2770.0,2770.0,2770.0,2770.0,2770.0,2770.0,2770.0,2770.0,2770.0,2770.0,2770.0,2770.0,2770.0,2770.0,2770.0,2770.0,2770.0,2770.0,2770.0,2770.0,2770.0,2770.0,2770.0,2770.0,2770.0,0.0,,,,,,,,0.0,273.0,273.0,273.0,273.0,273.0,273.0,273.0,273.0,273.0,273.0,273.0,273.0,273.0,273.0,273.0,273.0,273.0,273.0,273.0,273.0,372.99993706951614,372.9999389602182,0.0,368.7879,1021.9164,-40.0
2771,2771,2771.0,2771.0,2771.0,2771.0,2771.0,2771.0,2771.0,2771.0,2771.0,2771.0,2771.0,2771.0,2771.0,2771.0,2771.0,2771.0,2771.0,2771.0,2771.0,2771.0,2771.0,2771.0,2771.0,2771.0,2771.0,2771.0,2771.0,2771.0,2771.0,2771.0,2771.0,2771.0,2771.0,2771.0,2771.0,2771.0,2771.0,2771.0,2771.0,2771.0,2771.0,2771.0,1.0,,,,,,,,0.1,355.9582,339.696,324.8873,312.0201,301.3574,292.9443,286.6547,282.2609,279.5107,278.1944,278.1944,279.5107,282.2609,286.6547,292.9443,301.3574,312.0201,324.8873,339.696,355.9582,173.00004453058094,372.9998459569818,368.7879,179.22269999999995,653.1285,-20.0557
2772,2772,2772.0,2772.0,2772.0,2772.0,2772.0,2772.0,2772.0,2772.0,2772.0,2772.0,2772.0,2772.0,2772.0,2772.0,2772.0,2772.0,2772.0,2772.0,2772.0,2772.0,2772.0,2772.0,2772.0,2772.0,2772.0,2772.0,2772.0,2772.0,2772.0,2772.0,2772.0,2772.0,2772.0,2772.0,2772.0,2772.0,2772.0,2772.0,2772.0,2772.0,2772.0,2772.0,2.0,,,,,,,,0.2,195.1646,216.0839,234.7101,250.3431,262.704,271.9222,278.4545,282.9643,286.1964,288.8721,291.618,294.9304,299.1667,304.5531,311.2009,319.122,328.2439,338.4216,349.4488,361.0711,372.99974607518976,372.9998260644205,548.0106,140.23940000000005,473.9058,-41.077800000000025
2773,2773,2773.0,2773.0,2773.0,2773.0,2773.0,2773.0,2773.0,2773.0,2773.0,2773.0,2773.0,2773.0,2773.0,2773.0,2773.0,2773.0,2773.0,2773.0,2773.0,2773.0,2773.0,2773.0,2773.0,2773.0,2773.0,2773.0,2773.0,2773.0,2773.0,2773.0,2773.0,2773.0,2773.0,2773.0,2773.0,2773.0,2773.0,2773.0,2773.0,2773.0,2773.0,2773.0,3.0,,,,,,,,0.3,353.8907,335.9926,320.3361,307.6356,298.2276,292.089,288.92,288.2586,289.5966,292.4692,296.5082,301.4581,307.1644,313.5451,320.559,328.1756,336.3542,345.0306,354.1126,363.4818,178.31078045418272,372.9999616505291,688.25,55.16380000000004,333.66639999999995,-20.911
2774,2774,2774.0,2774.0,2774.0,2774.0,2774.0,2774.0,2774.0,2774.0,2774.0,2774.0,2774.0,2774.0,2774.0,2774.0,2774.0,2774.0,2774.0,2774.0,2774.0,2774.0,2774.0,2774.0,2774.0,2774.0,2774.0,2774.0,2774.0,2774.0,2774.0,2774.0,2774.0,2774.0,2774.0,2774.0,2774.0,2774.0,2774.0,2774.0,2774.0,2774.0,2774.0,2774.0,4.0,,,,,,,,0.4,199.8767,220.3421,238.7856,254.6004,267.5564,277.783,285.688,291.8424,296.864,301.3234,305.6855,310.2857,315.3342,320.9357,327.116,333.8464,341.064,348.6854,356.6162,364.7556,372.999796745102,372.9997852329877,743.4138,64.68489999999997,278.5025999999999,-35.216999999999985
2775,2775,2775.0,2775.0,2775.0,2775.0,2775.0,2775.0,2775.0,2775.0,2775.0,2775.0,2775.0,2775.0,2775.0,2775.0,2775.0,2775.0,2775.0,2775.0,2775.0,2775.0,2775.0,2775.0,2775.0,2775.0,2775.0,2775.0,2775.0,2775.0,2775.0,2775.0,2775.0,2775.0,2775.0,2775.0,2775.0,2775.0,2775.0,2775.0,2775.0,2775.0,2775.0,2775.0,5.0,,,,,,,,0.5,355.0616,338.3297,323.8307,312.2748,303.993,298.9531,296.8393,297.1649,299.3868,302.9968,307.5772,312.8219,318.5293,324.5805,330.9115,337.4875,344.2841,351.2741,358.4218,365.6816,190.514140180807,372.9999464363672,808.0987,18.689300000000003,213.8177,-14.046899999999994
2776,2776,2776.0,2776.0,2776.0,2776.0,2776.0,2776.0,2776.0,2776.0,2776.0,2776.0,2776.0,2776.0,2776.0,2776.0,2776.0,2776.0,2776.0,2776.0,2776.0,2776.0,2776.0,2776.0,2776.0,2776.0,2776.0,2776.0,2776.0,2776.0,2776.0,2776.0,2776.0,2776.0,2776.0,2776.0,2776.0,2776.0,2776.0,2776.0,2776.0,2776.0,2776.0,2776.0,6.0,,,,,,,,0.6,211.0868,230.6417,248.3266,263.5797,276.1858,286.2597,294.1701,300.4319,305.5991,310.1782,314.5758,319.0789,323.8614,329.0044,334.5229,340.39,346.556,352.9613,359.5439,366.2431,209.56976013847355,372.9998507198432,826.788,68.57730000000004,195.1284,-26.74029999999999
2777,2777,2777.0,2777.0,2777.0,2777.0,2777.0,2777.0,2777.0,2777.0,2777.0,2777.0,2777.0,2777.0,2777.0,2777.0,2777.0,2777.0,2777.0,2777.0,2777.0,2777.0,2777.0,2777.0,2777.0,2777.0,2777.0,2777.0,2777.0,2777.0,2777.0,2777.0,2777.0,2777.0,2777.0,2777.0,2777.0,2777.0,2777.0,2777.0,2777.0,2777.0,2777.0,2777.0,7.0,,,,,,,,0.7,221.0214,232.3317,243.3639,253.9918,264.1075,273.6307,282.5163,290.7595,298.3953,305.4934,312.1486,318.4691,324.5637,330.5317,336.4553,342.3951,348.3894,354.4548,360.5902,366.7802,372.995983742313,372.9998275027703,895.3653,56.39869999999996,126.5510999999999,-39.36930000000001
2778,2778,2778.0,2778.0,2778.0,2778.0,2778.0,2778.0,2778.0,2778.0,2778.0,2778.0,2778.0,2778.0,2778.0,2778.0,2778.0,2778.0,2778.0,2778.0,2778.0,2778.0,2778.0,2778.0,2778.0,2778.0,2778.0,2778.0,2778.0,2778.0,2778.0,2778.0,2778.0,2778.0,2778.0,2778.0,2778.0,2778.0,2778.0,2778.0,2778.0,2778.0,2778.0,2778.0,8.0,,,,,,,,0.8,355.3953,338.9829,324.7774,313.4975,305.4975,300.7762,299.0446,299.8282,302.5742,306.7414,311.8606,317.5636,323.5873,329.7601,335.9818,342.2016,348.3998,354.5732,360.7264,366.8663,196.93838426281664,372.99995914518456,951.764,11.940899999999942,70.15239999999994,-12.223799999999985
2779,2779,2779.0,2779.0,2779.0,2779.0,2779.0,2779.0,2779.0,2779.0,2779.0,2779.0,2779.0,2779.0,2779.0,2779.0,2779.0,2779.0,2779.0,2779.0,2779.0,2779.0,2779.0,2779.0,2779.0,2779.0,2779.0,2779.0,2779.0,2779.0,2779.0,2779.0,2779.0,2779.0,2779.0,2779.0,2779.0,2779.0,2779.0,2779.0,2779.0,2779.0,2779.0,2779.0,9.0,,,,,,,,0.9,216.7483,235.5924,252.663,267.4296,279.692,289.5633,297.3956,303.6765,308.9256,313.6127,318.1081,322.6662,327.4332,332.4691,337.7755,343.3198,349.0548,354.9314,360.9052,366.9385,198.0541219558968,372.9999340543511,963.7049,58.2115,58.2115,-23.436699999999973
2780,2780,2780.0,2780.0,2780.0,2780.0,2780.0,2780.0,2780.0,2780.0,2780.0,2780.0,2780.0,2780.0,2780.0,2780.0,2780.0,2780.0,2780.0,2780.0,2780.0,2780.0,2780.0,2780.0,2780.0,2780.0,2780.0,2780.0,2780.0,2780.0,2780.0,2780.0,2780.0,2780.0,2780.0,2780.0,2780.0,2780.0,2780.0,2780.0,2780.0,2780.0,2780.0,2780.0,0.0,,,,,,,,0.0,273.0,273.0,273.0,273.0,273.0,273.0,273.0,273.0,273.0,273.0,273.0,273.0,273.0,273.0,273.0,273.0,273.0,273.0,273.0,273.0,372.99993706951614,372.9999389602182,0.0,368.7879,1021.9179,-40.0
2781,2781,2781.0,2781.0,2781.0,2781.0,2781.0,2781.0,2781.0,2781.0,2781.0,2781.0,2781.0,2781.0,2781.0,2781.0,2781.0,2781.0,2781.0,2781.0,2781.0,2781.0,2781.0,2781.0,2781.0,2781.0,2781.0,2781.0,2781.0,2781.0,2781.0,2781.0,2781.0,2781.0,2781.0,2781.0,2781.0,2781.0,2781.0,2781.0,2781.0,2781.0,2781.0,2781.0,1.0,,,,,,,,0.1,355.9582,339.696,324.8873,312.0201,301.3574,292.9443,286.6547,282.2609,279.5107,278.1944,278.1944,279.5107,282.2609,286.6547,292.9443,301.3574,312.0201,324.8873,339.696,355.9582,173.0001373039664,372.9999489144697,368.7879,179.2226,653.1300000000001,-20.0557
2782,2782,2782.0,2782.0,2782.0,2782.0,2782.0,2782.0,2782.0,2782.0,2782.0,2782.0,2782.0,2782.0,2782.0,2782.0,2782.0,2782.0,2782.0,2782.0,2782.0,2782.0,2782.0,2782.0,2782.0,2782.0,2782.0,2782.0,2782.0,2782.0,2782.0,2782.0,2782.0,2782.0,2782.0,2782.0,2782.0,2782.0,2782.0,2782.0,2782.0,2782.0,2782.0,2782.0,2.0,,,,,,,,0.2,195.1646,216.084,234.7101,250.3432,262.704,271.9222,278.4545,282.9643,286.1964,288.8721,291.618,294.9305,299.1667,304.5532,311.2009,319.1221,328.244,338.4216,349.4489,361.0712,372.9997431278852,372.9998260644205,548.0105,140.23919999999998,473.90740000000005,-41.077800000000025
2783,2783,2783.0,2783.0,2783.0,2783.0,2783.0,2783.0,2783.0,2783.0,2783.0,2783.0,2783.0,2783.0,2783.0,2783.0,2783.0,2783.0,2783.0,2783.0,2783.0,2783.0,2783.0,2783.0,2783.0,2783.0,2783.0,2783.0,2783.0,2783.0,2783.0,2783.0,2783.0,2783.0,2783.0,2783.0,2783.0,2783.0,2783.0,2783.0,2783.0,2783.0,2783.0,2783.0,3.0,,,,,,,,0.3,353.8907,335.9926,320.3362,307.6357,298.2276,292.089,288.92,288.2586,289.5966,292.4692,296.5082,301.4581,307.1644,313.5451,320.559,328.1756,336.3542,345.0306,354.1126,363.4818,178.31074495346658,372.9999583282216,688.2497,55.16380000000004,333.66820000000007,-20.911
2784,2784,2784.0,2784.0,2784.0,2784.0,2784.0,2784.0,2784.0,2784.0,2784.0,2784.0,2784.0,2784.0,2784.0,2784.0,2784.0,2784.0,2784.0,2784.0,2784.0,2784.0,2784.0,2784.0,2784.0,2784.0,2784.0,2784.0,2784.0,2784.0,2784.0,2784.0,2784.0,2784.0,2784.0,2784.0,2784.0,2784.0,2784.0,2784.0,2784.0,2784.0,2784.0,2784.0,4.0,,,,,,,,0.4,199.8767,220.3421,238.7856,254.6004,267.5564,277.783,285.688,291.8424,296.864,301.3235,305.6855,310.2857,315.3342,320.9357,327.116,333.8465,341.064,348.6855,356.6162,364.7556,372.999796745102,372.9997852329877,743.4135,64.6848,278.50440000000003,-35.216999999999985
2785,2785,2785.0,2785.0,2785.0,2785.0,2785.0,2785.0,2785.0,2785.0,2785.0,2785.0,2785.0,2785.0,2785.0,2785.0,2785.0,2785.0,2785.0,2785.0,2785.0,2785.0,2785.0,2785.0,2785.0,2785.0,2785.0,2785.0,2785.0,2785.0,2785.0,2785.0,2785.0,2785.0,2785.0,2785.0,2785.0,2785.0,2785.0,2785.0,2785.0,2785.0,2785.0,2785.0,5.0,,,,,,,,0.5,355.0616,338.3297,323.8307,312.2748,303.993,298.9531,296.8393,297.1649,299.3868,302.9968,307.5772,312.8219,318.5293,324.5805,330.9115,337.4875,344.2841,351.2741,358.4218,365.6817,190.5143329782409,372.9999953988554,808.0983,18.689300000000003,213.81960000000004,-14.046899999999994
2786,2786,2786.0,2786.0,2786.0,2786.0,2786.0,2786.0,2786.0,2786.0,2786.0,2786.0,2786.0,2786.0,2786.0,2786.0,2786.0,2786.0,2786.0,2786.0,2786.0,2786.0,2786.0,2786.0,2786.0,2786.0,2786.0,2786.0,2786.0,2786.0,2786.0,2786.0,2786.0,2786.0,2786.0,2786.0,2786.0,2786.0,2786.0,2786.0,2786.0,2786.0,2786.0,2786.0,6.0,,,,,,,,0.6,211.0869,230.6418,248.3267,263.5797,276.1858,286.2598,294.1701,300.4319,305.5991,310.1782,314.5758,319.079,323.8614,329.0044,334.5229,340.39,346.556,352.9613,359.544,366.2432,209.5697978957549,372.9997862613041,826.7876,68.57709999999997,195.13030000000003,-26.740200000000016
2787,2787,2787.0,2787.0,2787.0,2787.0,2787.0,2787.0,2787.0,2787.0,2787.0,2787.0,2787.0,2787.0,2787.0,2787.0,2787.0,2787.0,2787.0,2787.0,2787.0,2787.0,2787.0,2787.0,2787.0,2787.0,2787.0,2787.0,2787.0,2787.0,2787.0,2787.0,2787.0,2787.0,2787.0,2787.0,2787.0,2787.0,2787.0,2787.0,2787.0,2787.0,2787.0,2787.0,7.0,,,,,,,,0.7,221.0215,232.3318,243.364,253.9918,264.1075,273.6307,282.5164,290.7596,298.3953,305.4934,312.1487,318.4691,324.5637,330.5317,336.4553,342.3951,348.3894,354.4548,360.5902,366.7802,372.99577631655535,372.98451332664513,895.3647,56.39740000000006,126.55320000000006,-39.36930000000001
2788,2788,2788.0,2788.0,2788.0,2788.0,2788.0,2788.0,2788.0,2788.0,2788.0,2788.0,2788.0,2788.0,2788.0,2788.0,2788.0,2788.0,2788.0,2788.0,2788.0,2788.0,2788.0,2788.0,2788.0,2788.0,2788.0,2788.0,2788.0,2788.0,2788.0,2788.0,2788.0,2788.0,2788.0,2788.0,2788.0,2788.0,2788.0,2788.0,2788.0,2788.0,2788.0,2788.0,8.0,,,,,,,,0.8,355.3951,338.9827,324.7773,313.4974,305.4975,300.7761,299.0445,299.8281,302.574,306.7411,311.8601,317.5628,323.586,329.758,335.9788,342.1973,348.3938,354.5652,360.7162,366.8536,196.9384436742388,372.9999027193687,951.7621,11.942199999999955,70.1558,-12.223900000000016
2789,2789,2789.0,2789.0,2789.0,2789.0,2789.0,2789.0,2789.0,2789.0,2789.0,2789.0,2789.0,2789.0,2789.0,2789.0,2789.0,2789.0,2789.0,2789.0,2789.0,2789.0,2789.0,2789.0,2789.0,2789.0,2789.0,2789.0,2789.0,2789.0,2789.0,2789.0,2789.0,2789.0,2789.0,2789.0,2789.0,2789.0,2789.0,2789.0,2789.0,2789.0,2789.0,2789.0,9.0,,,,,,,,0.9,216.7483,235.5924,252.663,267.4294,279.6918,289.563,297.3951,303.6758,308.9247,313.6115,318.1066,322.6644,327.4311,332.4667,337.773,343.3172,349.0524,354.9294,360.9037,366.9377,198.0542302046816,372.9999542855247,963.7043,58.21360000000004,58.21360000000004,-23.43700000000001
2790,2790,2790.0,2790.0,2790.0,2790.0,2790.0,2790.0,2790.0,2790.0,2790.0,2790.0,2790.0,2790.0,2790.0,2790.0,2790.0,2790.0,2790.0,2790.0,2790.0,2790.0,2790.0,2790.0,2790.0,2790.0,2790.0,2790.0,2790.0,2790.0,2790.0,2790.0,2790.0,2790.0,2790.0,2790.0,2790.0,2790.0,2790.0,2790.0,2790.0,2790.0,2790.0,2790.0,0.0,,,,,,,,0.0,273.0,273.0,273.0,273.0,273.0,273.0,273.0,273.0,273.0,273.0,273.0,273.0,273.0,273.0,273.0,273.0,273.0,273.0,273.0,273.0,372.9999554326063,372.9999872667696,0.0,368.7878,1021.9193,-40.0
2791,2791,2791.0,2791.0,2791.0,2791.0,2791.0,2791.0,2791.0,2791.0,2791.0,2791.0,2791.0,2791.0,2791.0,2791.0,2791.0,2791.0,2791.0,2791.0,2791.0,2791.0,2791.0,2791.0,2791.0,2791.0,2791.0,2791.0,2791.0,2791.0,2791.0,2791.0,2791.0,2791.0,2791.0,2791.0,2791.0,2791.0,2791.0,2791.0,2791.0,2791.0,2791.0,2791.0,1.0,,,,,,,,0.1,355.9582,339.696,324.8873,312.0201,301.3574,292.9443,286.6547,282.2609,279.5107,278.1944,278.1944,279.5107,282.2609,286.6547,292.9443,301.3574,312.0201,324.8873,339.696,355.9583,173.00010749809996,372.99986049803,368.7878,179.22269999999995,653.1315,-20.0557
2792,2792,2792.0,2792.0,2792.0,2792.0,2792.0,2792.0,2792.0,2792.0,2792.0,2792.0,2792.0,2792.0,2792.0,2792.0,2792.0,2792.0,2792.0,2792.0,2792.0,2792.0,2792.0,2792.0,2792.0,2792.0,2792.0,2792.0,2792.0,2792.0,2792.0,2792.0,2792.0,2792.0,2792.0,2792.0,2792.0,2792.0,2792.0,2792.0,2792.0,2792.0,2792.0,2792.0,2.0,,,,,,,,0.2,195.1646,216.0839,234.7101,250.3431,262.704,271.9222,278.4545,282.9643,286.1964,288.8721,291.618,294.9305,299.1667,304.5532,311.2009,319.122,328.244,338.4216,349.4488,361.0711,372.9997431278852,372.9998260644205,548.0105,140.23919999999998,473.9088,-41.077800000000025
2793,2793,2793.0,2793.0,2793.0,2793.0,2793.0,2793.0,2793.0,2793.0,2793.0,2793.0,2793.0,2793.0,2793.0,2793.0,2793.0,2793.0,2793.0,2793.0,2793.0,2793.0,2793.0,2793.0,2793.0,2793.0,2793.0,2793.0,2793.0,2793.0,2793.0,2793.0,2793.0,2793.0,2793.0,2793.0,2793.0,2793.0,2793.0,2793.0,2793.0,2793.0,2793.0,2793.0,3.0,,,,,,,,0.3,353.8907,335.9926,320.3361,307.6357,298.2276,292.089,288.92,288.2586,289.5966,292.4692,296.5082,301.4581,307.1644,313.5451,320.559,328.1756,336.3542,345.0306,354.1126,363.4818,178.31061397075808,372.9999934190415,688.2497,55.16390000000001,333.66960000000006,-20.911
2794,2794,2794.0,2794.0,2794.0,2794.0,2794.0,2794.0,2794.0,2794.0,2794.0,2794.0,2794.0,2794.0,2794.0,2794.0,2794.0,2794.0,2794.0,2794.0,2794.0,2794.0,2794.0,2794.0,2794.0,2794.0,2794.0,2794.0,2794.0,2794.0,2794.0,2794.0,2794.0,2794.0,2794.0,2794.0,2794.0,2794.0,2794.0,2794.0,2794.0,2794.0,2794.0,2794.0,4.0,,,,,,,,0.4,199.8766,220.342,238.7855,254.6003,267.5563,277.783,285.688,291.8424,296.864,301.3234,305.6855,310.2857,315.3342,320.9357,327.116,333.8465,341.064,348.6855,356.6162,364.7556,372.99997553227416,372.99994986784174,743.4136,64.68489999999997,278.50570000000005,-35.216999999999985
2795,2795,2795.0,2795.0,2795.0,2795.0,2795.0,2795.0,2795.0,2795.0,2795.0,2795.0,2795.0,2795.0,2795.0,2795.0,2795.0,2795.0,2795.0,2795.0,2795.0,2795.0,2795.0,2795.0,2795.0,2795.0,2795.0,2795.0,2795.0,2795.0,2795.0,2795.0,2795.0,2795.0,2795.0,2795.0,2795.0,2795.0,2795.0,2795.0,2795.0,2795.0,2795.0,2795.0,5.0,,,,,,,,0.5,355.0617,338.3298,323.8307,312.2748,303.993,298.9532,296.8393,297.1649,299.3868,302.9968,307.5772,312.8219,318.5293,324.5805,330.9115,337.4876,344.2842,351.2742,358.4219,365.6818,190.514140180807,372.9999464363672,808.0985,18.689300000000003,213.82080000000008,-14.04680000000002
2796,2796,2796.0,2796.0,2796.0,2796.0,2796.0,2796.0,2796.0,2796.0,2796.0,2796.0,2796.0,2796.0,2796.0,2796.0,2796.0,2796.0,2796.0,2796.0,2796.0,2796.0,2796.0,2796.0,2796.0,2796.0,2796.0,2796.0,2796.0,2796.0,2796.0,2796.0,2796.0,2796.0,2796.0,2796.0,2796.0,2796.0,2796.0,2796.0,2796.0,2796.0,2796.0,2796.0,6.0,,,,,,,,0.6,211.0868,230.6417,248.3266,263.5797,276.1858,286.2597,294.1701,300.4319,305.5991,310.1783,314.5758,319.079,323.8614,329.0044,334.5229,340.39,346.556,352.9613,359.5439,366.2431,209.5696248049911,372.9999874966015,826.7878,68.57720000000006,195.13150000000007,-26.74029999999999
2797,2797,2797.0,2797.0,2797.0,2797.0,2797.0,2797.0,2797.0,2797.0,2797.0,2797.0,2797.0,2797.0,2797.0,2797.0,2797.0,2797.0,2797.0,2797.0,2797.0,2797.0,2797.0,2797.0,2797.0,2797.0,2797.0,2797.0,2797.0,2797.0,2797.0,2797.0,2797.0,2797.0,2797.0,2797.0,2797.0,2797.0,2797.0,2797.0,2797.0,2797.0,2797.0,2797.0,7.0,,,,,,,,0.7,221.0213,232.3317,243.3639,253.9917,264.1075,273.6307,282.5164,290.7595,298.3953,305.4934,312.1487,318.4692,324.5637,330.5318,336.4553,342.3952,348.3894,354.4549,360.5903,366.7803,372.9964102211272,372.9764483009282,895.365,56.39710000000002,126.5543,-39.36930000000001
2798,2798,2798.0,2798.0,2798.0,2798.0,2798.0,2798.0,2798.0,2798.0,2798.0,2798.0,2798.0,2798.0,2798.0,2798.0,2798.0,2798.0,2798.0,2798.0,2798.0,2798.0,2798.0,2798.0,2798.0,2798.0,2798.0,2798.0,2798.0,2798.0,2798.0,2798.0,2798.0,2798.0,2798.0,2798.0,2798.0,2798.0,2798.0,2798.0,2798.0,2798.0,2798.0,2798.0,8.0,,,,,,,,0.8,355.3956,338.9831,324.7776,313.4976,305.4976,300.7762,299.0445,299.8281,302.574,306.741,311.8598,317.5624,323.5853,329.757,335.9772,342.1951,348.3907,354.5611,360.7108,366.8469,196.93838033176195,372.9999866018025,951.7621,11.942699999999943,70.15719999999999,-12.223799999999985
2799,2799,2799.0,2799.0,2799.0,2799.0,2799.0,2799.0,2799.0,2799.0,2799.0,2799.0,2799.0,2799.0,2799.0,2799.0,2799.0,2799.0,2799.0,2799.0,2799.0,2799.0,2799.0,2799.0,2799.0,2799.0,2799.0,2799.0,2799.0,2799.0,2799.0,2799.0,2799.0,2799.0,2799.0,2799.0,2799.0,2799.0,2799.0,2799.0,2799.0,2799.0,2799.0,2799.0,9.0,,,,,,,,0.9,216.7483,235.5924,252.6629,267.4294,279.6917,289.5629,297.3949,303.6755,308.9243,313.6109,318.1059,322.6635,327.43,332.4655,337.7717,343.316,349.0512,354.9284,360.903,366.9374,198.0541219558968,372.9999340543511,963.7048,58.21450000000005,58.21450000000005,-23.437099999999987
2800,2800,2800.0,2800.0,2800.0,2800.0,2800.0,2800.0,2800.0,2800.0,2800.0,2800.0,2800.0,2800.0,2800.0,2800.0,2800.0,2800.0,2800.0,2800.0,2800.0,2800.0,2800.0,2800.0,2800.0,2800.0,2800.0,2800.0,2800.0,2800.0,2800.0,2800.0,2800.0,2800.0,2800.0,2800.0,2800.0,2800.0,2800.0,2800.0,2800.0,2800.0,2800.0,2800.0,0.0,,,,,,,,0.0,273.0,273.0,273.0,273.0,273.0,273.0,273.0,273.0,273.0,273.0,273.0,273.0,273.0,273.0,273.0,273.0,273.0,273.0,273.0,273.0,372.99993706951614,372.9999389602182,0.0,368.7879,1021.9162,-40.0
2801,2801,2801.0,2801.0,2801.0,2801.0,2801.0,2801.0,2801.0,2801.0,2801.0,2801.0,2801.0,2801.0,2801.0,2801.0,2801.0,2801.0,2801.0,2801.0,2801.0,2801.0,2801.0,2801.0,2801.0,2801.0,2801.0,2801.0,2801.0,2801.0,2801.0,2801.0,2801.0,2801.0,2801.0,2801.0,2801.0,2801.0,2801.0,2801.0,2801.0,2801.0,2801.0,2801.0,1.0,,,,,,,,0.1,355.9582,339.696,324.8873,312.0201,301.3574,292.9443,286.6547,282.2609,279.5107,278.1944,278.1944,279.5107,282.2609,286.6547,292.9443,301.3574,312.0201,324.8873,339.696,355.9582,173.0000409870037,372.9999999991149,368.7879,179.22269999999995,653.1283000000001,-20.0557
2802,2802,2802.0,2802.0,2802.0,2802.0,2802.0,2802.0,2802.0,2802.0,2802.0,2802.0,2802.0,2802.0,2802.0,2802.0,2802.0,2802.0,2802.0,2802.0,2802.0,2802.0,2802.0,2802.0,2802.0,2802.0,2802.0,2802.0,2802.0,2802.0,2802.0,2802.0,2802.0,2802.0,2802.0,2802.0,2802.0,2802.0,2802.0,2802.0,2802.0,2802.0,2802.0,2802.0,2.0,,,,,,,,0.2,195.1646,216.0839,234.7101,250.3431,262.704,271.9222,278.4545,282.9643,286.1964,288.8721,291.618,294.9305,299.1667,304.5532,311.2009,319.1221,328.244,338.4216,349.4489,361.0713,372.99995683896736,372.999718171815,548.0106,140.2392000000001,473.9056000000001,-41.077800000000025
2803,2803,2803.0,2803.0,2803.0,2803.0,2803.0,2803.0,2803.0,2803.0,2803.0,2803.0,2803.0,2803.0,2803.0,2803.0,2803.0,2803.0,2803.0,2803.0,2803.0,2803.0,2803.0,2803.0,2803.0,2803.0,2803.0,2803.0,2803.0,2803.0,2803.0,2803.0,2803.0,2803.0,2803.0,2803.0,2803.0,2803.0,2803.0,2803.0,2803.0,2803.0,2803.0,2803.0,3.0,,,,,,,,0.3,353.8909,335.9928,320.3362,307.6357,298.2276,292.0891,288.92,288.2586,289.5966,292.4692,296.5082,301.4581,307.1644,313.5451,320.559,328.1756,336.3542,345.0305,354.1125,363.4817,178.310534834499,372.9998679237693,688.2498,55.16379999999992,333.66639999999995,-20.910900000000023
2804,2804,2804.0,2804.0,2804.0,2804.0,2804.0,2804.0,2804.0,2804.0,2804.0,2804.0,2804.0,2804.0,2804.0,2804.0,2804.0,2804.0,2804.0,2804.0,2804.0,2804.0,2804.0,2804.0,2804.0,2804.0,2804.0,2804.0,2804.0,2804.0,2804.0,2804.0,2804.0,2804.0,2804.0,2804.0,2804.0,2804.0,2804.0,2804.0,2804.0,2804.0,2804.0,2804.0,4.0,,,,,,,,0.4,199.8766,220.342,238.7855,254.6003,267.5564,277.783,285.688,291.8424,296.864,301.3235,305.6855,310.2857,315.3342,320.9357,327.116,333.8464,341.064,348.6854,356.6161,364.7555,372.999796745102,372.9997852329877,743.4136,64.68500000000006,278.50260000000003,-35.216999999999985
2805,2805,2805.0,2805.0,2805.0,2805.0,2805.0,2805.0,2805.0,2805.0,2805.0,2805.0,2805.0,2805.0,2805.0,2805.0,2805.0,2805.0,2805.0,2805.0,2805.0,2805.0,2805.0,2805.0,2805.0,2805.0,2805.0,2805.0,2805.0,2805.0,2805.0,2805.0,2805.0,2805.0,2805.0,2805.0,2805.0,2805.0,2805.0,2805.0,2805.0,2805.0,2805.0,2805.0,5.0,,,,,,,,0.5,355.0615,338.3297,323.8306,312.2747,303.993,298.9531,296.8393,297.1649,299.3868,302.9967,307.5772,312.8219,318.5293,324.5805,330.9114,337.4875,344.2841,351.2741,358.4218,365.6816,190.514140180807,372.9999464363672,808.0986,18.68939999999997,213.8176,-14.046899999999994
2806,2806,2806.0,2806.0,2806.0,2806.0,2806.0,2806.0,2806.0,2806.0,2806.0,2806.0,2806.0,2806.0,2806.0,2806.0,2806.0,2806.0,2806.0,2806.0,2806.0,2806.0,2806.0,2806.0,2806.0,2806.0,2806.0,2806.0,2806.0,2806.0,2806.0,2806.0,2806.0,2806.0,2806.0,2806.0,2806.0,2806.0,2806.0,2806.0,2806.0,2806.0,2806.0,2806.0,6.0,,,,,,,,0.6,211.0868,230.6417,248.3266,263.5796,276.1857,286.2597,294.17,300.4319,305.5991,310.1782,314.5758,319.0789,323.8614,329.0043,334.5229,340.39,346.556,352.9613,359.5439,366.2431,209.56986254737208,372.9999430865169,826.788,68.57730000000004,195.1282,-26.74029999999999
2807,2807,2807.0,2807.0,2807.0,2807.0,2807.0,2807.0,2807.0,2807.0,2807.0,2807.0,2807.0,2807.0,2807.0,2807.0,2807.0,2807.0,2807.0,2807.0,2807.0,2807.0,2807.0,2807.0,2807.0,2807.0,2807.0,2807.0,2807.0,2807.0,2807.0,2807.0,2807.0,2807.0,2807.0,2807.0,2807.0,2807.0,2807.0,2807.0,2807.0,2807.0,2807.0,2807.0,7.0,,,,,,,,0.7,221.0215,232.3318,243.364,253.9918,264.1075,273.6307,282.5164,290.7595,298.3953,305.4933,312.1486,318.4691,324.5637,330.5317,336.4553,342.3952,348.3894,354.4549,360.5903,366.7803,372.9960319671932,372.9992499144017,895.3653,56.39859999999999,126.55089999999996,-39.36930000000001
2808,2808,2808.0,2808.0,2808.0,2808.0,2808.0,2808.0,2808.0,2808.0,2808.0,2808.0,2808.0,2808.0,2808.0,2808.0,2808.0,2808.0,2808.0,2808.0,2808.0,2808.0,2808.0,2808.0,2808.0,2808.0,2808.0,2808.0,2808.0,2808.0,2808.0,2808.0,2808.0,2808.0,2808.0,2808.0,2808.0,2808.0,2808.0,2808.0,2808.0,2808.0,2808.0,2808.0,8.0,,,,,,,,0.8,355.3953,338.9829,324.7774,313.4975,305.4976,300.7762,299.0446,299.8282,302.5742,306.7414,311.8606,317.5636,323.5872,329.76,335.9817,342.2015,348.3996,354.5729,360.726,366.8659,196.93837854102648,372.9999590845357,951.7639,11.940899999999942,70.15229999999997,-12.223799999999985
2809,2809,2809.0,2809.0,2809.0,2809.0,2809.0,2809.0,2809.0,2809.0,2809.0,2809.0,2809.0,2809.0,2809.0,2809.0,2809.0,2809.0,2809.0,2809.0,2809.0,2809.0,2809.0,2809.0,2809.0,2809.0,2809.0,2809.0,2809.0,2809.0,2809.0,2809.0,2809.0,2809.0,2809.0,2809.0,2809.0,2809.0,2809.0,2809.0,2809.0,2809.0,2809.0,2809.0,9.0,,,,,,,,0.9,216.7483,235.5924,252.663,267.4296,279.692,289.5633,297.3956,303.6765,308.9256,313.6126,318.1081,322.6662,327.4331,332.469,337.7754,343.3197,349.0547,354.9314,360.9051,366.9385,198.0541775641993,372.99996484512445,963.7048,58.211400000000026,58.211400000000026,-23.436699999999973
2810,2810,2810.0,2810.0,2810.0,2810.0,2810.0,2810.0,2810.0,2810.0,2810.0,2810.0,2810.0,2810.0,2810.0,2810.0,2810.0,2810.0,2810.0,2810.0,2810.0,2810.0,2810.0,2810.0,2810.0,2810.0,2810.0,2810.0,2810.0,2810.0,2810.0,2810.0,2810.0,2810.0,2810.0,2810.0,2810.0,2810.0,2810.0,2810.0,2810.0,2810.0,2810.0,2810.0,0.0,,,,,,,,0.0,273.0,273.0,273.0,273.0,273.0,273.0,273.0,273.0,273.0,273.0,273.0,273.0,273.0,273.0,273.0,273.0,273.0,273.0,273.0,273.0,372.99993706951614,372.9999389602182,0.0,368.7879,1021.9191,-40.0
2811,2811,2811.0,2811.0,2811.0,2811.0,2811.0,2811.0,2811.0,2811.0,2811.0,2811.0,2811.0,2811.0,2811.0,2811.0,2811.0,2811.0,2811.0,2811.0,2811.0,2811.0,2811.0,2811.0,2811.0,2811.0,2811.0,2811.0,2811.0,2811.0,2811.0,2811.0,2811.0,2811.0,2811.0,2811.0,2811.0,2811.0,2811.0,2811.0,2811.0,2811.0,2811.0,2811.0,1.0,,,,,,,,0.1,355.9582,339.696,324.8873,312.0201,301.3574,292.9443,286.6547,282.2609,279.5107,278.1944,278.1944,279.5107,282.2609,286.6547,292.9443,301.3574,312.0201,324.8873,339.696,355.9582,173.00024810034256,372.9999464363674,368.7879,179.2226,653.1312,-20.0557
2812,2812,2812.0,2812.0,2812.0,2812.0,2812.0,2812.0,2812.0,2812.0,2812.0,2812.0,2812.0,2812.0,2812.0,2812.0,2812.0,2812.0,2812.0,2812.0,2812.0,2812.0,2812.0,2812.0,2812.0,2812.0,2812.0,2812.0,2812.0,2812.0,2812.0,2812.0,2812.0,2812.0,2812.0,2812.0,2812.0,2812.0,2812.0,2812.0,2812.0,2812.0,2812.0,2812.0,2.0,,,,,,,,0.2,195.1647,216.084,234.7102,250.3432,262.704,271.9222,278.4545,282.9643,286.1964,288.8721,291.618,294.9305,299.1667,304.5532,311.2009,319.1221,328.244,338.4216,349.4489,361.0712,372.9997431278852,372.9998260644205,548.0105,140.2391,473.9086,-41.077800000000025
2813,2813,2813.0,2813.0,2813.0,2813.0,2813.0,2813.0,2813.0,2813.0,2813.0,2813.0,2813.0,2813.0,2813.0,2813.0,2813.0,2813.0,2813.0,2813.0,2813.0,2813.0,2813.0,2813.0,2813.0,2813.0,2813.0,2813.0,2813.0,2813.0,2813.0,2813.0,2813.0,2813.0,2813.0,2813.0,2813.0,2813.0,2813.0,2813.0,2813.0,2813.0,2813.0,2813.0,3.0,,,,,,,,0.3,353.8907,335.9926,320.3362,307.6357,298.2276,292.089,288.92,288.2586,289.5966,292.4692,296.5082,301.4582,307.1644,313.5451,320.559,328.1756,336.3542,345.0306,354.1126,363.4818,178.31078398675675,372.999961410953,688.2496,55.16359999999997,333.6695,-20.911
2814,2814,2814.0,2814.0,2814.0,2814.0,2814.0,2814.0,2814.0,2814.0,2814.0,2814.0,2814.0,2814.0,2814.0,2814.0,2814.0,2814.0,2814.0,2814.0,2814.0,2814.0,2814.0,2814.0,2814.0,2814.0,2814.0,2814.0,2814.0,2814.0,2814.0,2814.0,2814.0,2814.0,2814.0,2814.0,2814.0,2814.0,2814.0,2814.0,2814.0,2814.0,2814.0,2814.0,4.0,,,,,,,,0.4,199.8768,220.3422,238.7856,254.6004,267.5564,277.783,285.688,291.8424,296.864,301.3235,305.6855,310.2857,315.3342,320.9357,327.116,333.8465,341.064,348.6855,356.6162,364.7556,372.9999580101809,372.99985043776655,743.4132,64.6848,278.5059,-35.216999999999985
2815,2815,2815.0,2815.0,2815.0,2815.0,2815.0,2815.0,2815.0,2815.0,2815.0,2815.0,2815.0,2815.0,2815.0,2815.0,2815.0,2815.0,2815.0,2815.0,2815.0,2815.0,2815.0,2815.0,2815.0,2815.0,2815.0,2815.0,2815.0,2815.0,2815.0,2815.0,2815.0,2815.0,2815.0,2815.0,2815.0,2815.0,2815.0,2815.0,2815.0,2815.0,2815.0,2815.0,5.0,,,,,,,,0.5,355.0617,338.3298,323.8308,312.2748,303.993,298.9532,296.8394,297.1649,299.3868,302.9968,307.5772,312.8219,318.5293,324.5805,330.9115,337.4876,344.2841,351.2741,358.4219,365.6817,190.514140180807,372.9999464363672,808.098,18.689300000000003,213.8211,-14.04680000000002
2816,2816,2816.0,2816.0,2816.0,2816.0,2816.0,2816.0,2816.0,2816.0,2816.0,2816.0,2816.0,2816.0,2816.0,2816.0,2816.0,2816.0,2816.0,2816.0,2816.0,2816.0,2816.0,2816.0,2816.0,2816.0,2816.0,2816.0,2816.0,2816.0,2816.0,2816.0,2816.0,2816.0,2816.0,2816.0,2816.0,2816.0,2816.0,2816.0,2816.0,2816.0,2816.0,2816.0,6.0,,,,,,,,0.6,211.0868,230.6417,248.3267,263.5797,276.1858,286.2598,294.1701,300.432,305.5992,310.1783,314.5758,319.079,323.8614,329.0044,334.5229,340.39,346.556,352.9613,359.5439,366.2431,209.5697978957549,372.9997862613041,826.7873,68.577,195.1318,-26.740200000000016
2817,2817,2817.0,2817.0,2817.0,2817.0,2817.0,2817.0,2817.0,2817.0,2817.0,2817.0,2817.0,2817.0,2817.0,2817.0,2817.0,2817.0,2817.0,2817.0,2817.0,2817.0,2817.0,2817.0,2817.0,2817.0,2817.0,2817.0,2817.0,2817.0,2817.0,2817.0,2817.0,2817.0,2817.0,2817.0,2817.0,2817.0,2817.0,2817.0,2817.0,2817.0,2817.0,2817.0,7.0,,,,,,,,0.7,221.0215,232.3318,243.364,253.9918,264.1075,273.6307,282.5164,290.7596,298.3953,305.4934,312.1487,318.4692,324.5637,330.5317,336.4553,342.3951,348.3894,354.4548,360.5902,366.7802,372.9957325879973,372.975220569709,895.3643,56.39690000000007,126.5548,-39.36930000000001
2818,2818,2818.0,2818.0,2818.0,2818.0,2818.0,2818.0,2818.0,2818.0,2818.0,2818.0,2818.0,2818.0,2818.0,2818.0,2818.0,2818.0,2818.0,2818.0,2818.0,2818.0,2818.0,2818.0,2818.0,2818.0,2818.0,2818.0,2818.0,2818.0,2818.0,2818.0,2818.0,2818.0,2818.0,2818.0,2818.0,2818.0,2818.0,2818.0,2818.0,2818.0,2818.0,2818.0,8.0,,,,,,,,0.8,355.3951,338.9827,324.7773,313.4974,305.4975,300.7761,299.0445,299.828,302.5739,306.7409,311.8598,317.5623,323.5852,329.7568,335.9769,342.1947,348.3902,354.5604,360.71,366.8459,196.93842795215105,372.9998998362268,951.7612,11.942900000000009,70.15789999999993,-12.223900000000016
2819,2819,2819.0,2819.0,2819.0,2819.0,2819.0,2819.0,2819.0,2819.0,2819.0,2819.0,2819.0,2819.0,2819.0,2819.0,2819.0,2819.0,2819.0,2819.0,2819.0,2819.0,2819.0,2819.0,2819.0,2819.0,2819.0,2819.0,2819.0,2819.0,2819.0,2819.0,2819.0,2819.0,2819.0,2819.0,2819.0,2819.0,2819.0,2819.0,2819.0,2819.0,2819.0,2819.0,9.0,,,,,,,,0.9,216.7483,235.5924,252.6629,267.4293,279.6916,289.5628,297.3948,303.6754,308.9242,313.6108,318.1057,322.6634,327.4298,332.4653,337.7714,343.3157,349.051,354.9282,360.9028,366.9373,198.0541219558968,372.9999340543511,963.7041,58.21499999999992,58.21499999999992,-23.43720000000002
2820,2820,2820.0,2820.0,2820.0,2820.0,2820.0,2820.0,2820.0,2820.0,2820.0,2820.0,2820.0,2820.0,2820.0,2820.0,2820.0,2820.0,2820.0,2820.0,2820.0,2820.0,2820.0,2820.0,2820.0,2820.0,2820.0,2820.0,2820.0,2820.0,2820.0,2820.0,2820.0,2820.0,2820.0,2820.0,2820.0,2820.0,2820.0,2820.0,2820.0,2820.0,2820.0,0.0,,,,,,,,,0.0,273.0,273.0,273.0,273.0,273.0,273.0,273.0,273.0,273.0,273.0,273.0,273.0,273.0,273.0,273.0,273.0,273.0,273.0,273.0,273.0,372.9998932976986,372.9999340543511,0.0,368.7879,847.3902,1.2502999999999815
2821,2821,2821.0,2821.0,2821.0,2821.0,2821.0,2821.0,2821.0,2821.0,2821.0,2821.0,2821.0,2821.0,2821.0,2821.0,2821.0,2821.0,2821.0,2821.0,2821.0,2821.0,2821.0,2821.0,2821.0,2821.0,2821.0,2821.0,2821.0,2821.0,2821.0,2821.0,2821.0,2821.0,2821.0,2821.0,2821.0,2821.0,2821.0,2821.0,2821.0,2821.0,2821.0,1.0,,,,,,,,,0.1,355.9582,339.696,324.8873,312.0201,301.3574,292.9443,286.6546,282.2609,279.5107,278.1944,278.1944,279.5107,282.2609,286.6547,292.9443,301.3574,312.0201,324.8873,339.696,355.9582,260.025813372609,346.8557163078258,368.7879,157.14410000000004,478.60230000000007,1.2502999999999815
2822,2822,2822.0,2822.0,2822.0,2822.0,2822.0,2822.0,2822.0,2822.0,2822.0,2822.0,2822.0,2822.0,2822.0,2822.0,2822.0,2822.0,2822.0,2822.0,2822.0,2822.0,2822.0,2822.0,2822.0,2822.0,2822.0,2822.0,2822.0,2822.0,2822.0,2822.0,2822.0,2822.0,2822.0,2822.0,2822.0,2822.0,2822.0,2822.0,2822.0,2822.0,2822.0,2.0,,,,,,,,,0.2,267.3569,274.119,279.8476,284.2613,287.2982,289.1063,289.995,290.3675,290.6494,291.2302,292.4223,294.4413,297.4017,301.3258,306.1592,311.7922,318.0819,324.8739,332.0194,339.3852,342.1620939250063,372.9997927310853,525.932,91.2726,321.45820000000003,1.2502999999999815
2823,2823,2823.0,2823.0,2823.0,2823.0,2823.0,2823.0,2823.0,2823.0,2823.0,2823.0,2823.0,2823.0,2823.0,2823.0,2823.0,2823.0,2823.0,2823.0,2823.0,2823.0,2823.0,2823.0,2823.0,2823.0,2823.0,2823.0,2823.0,2823.0,2823.0,2823.0,2823.0,2823.0,2823.0,2823.0,2823.0,2823.0,2823.0,2823.0,2823.0,2823.0,2823.0,3.0,,,,,,,,,0.3,332.5805,323.5267,315.4564,308.6986,303.4316,299.6908,297.4023,296.4298,296.6217,297.8488,300.0257,303.1181,307.1359,312.1174,318.1074,325.1325,333.1781,342.1686,351.9568,362.3253,280.55667626447,337.6200459996078,617.2046,32.769199999999955,230.1856,1.2502999999999815
2824,2824,2824.0,2824.0,2824.0,2824.0,2824.0,2824.0,2824.0,2824.0,2824.0,2824.0,2824.0,2824.0,2824.0,2824.0,2824.0,2824.0,2824.0,2824.0,2824.0,2824.0,2824.0,2824.0,2824.0,2824.0,2824.0,2824.0,2824.0,2824.0,2824.0,2824.0,2824.0,2824.0,2824.0,2824.0,2824.0,2824.0,2824.0,2824.0,2824.0,2824.0,2824.0,4.0,,,,,,,,,0.4,284.9524,289.0796,292.7243,295.7669,298.2001,300.1212,301.7035,303.1576,304.6907,306.4725,308.612,311.1475,314.047,317.2197,320.5357,323.8511,327.037,330.0048,332.7252,335.2335,356.06701333811014,372.9997334221926,649.9738,29.19900000000007,197.41640000000007,1.2502999999999815
2825,2825,2825.0,2825.0,2825.0,2825.0,2825.0,2825.0,2825.0,2825.0,2825.0,2825.0,2825.0,2825.0,2825.0,2825.0,2825.0,2825.0,2825.0,2825.0,2825.0,2825.0,2825.0,2825.0,2825.0,2825.0,2825.0,2825.0,2825.0,2825.0,2825.0,2825.0,2825.0,2825.0,2825.0,2825.0,2825.0,2825.0,2825.0,2825.0,2825.0,2825.0,2825.0,5.0,,,,,,,,,0.5,346.3153,337.1077,328.9142,322.0749,316.7728,313.0386,310.7817,309.837,310.0126,311.1312,313.0581,315.7148,319.0785,323.1715,328.0407,333.7322,340.2632,347.5975,355.6285,364.1763,246.9170092739668,274.0939926692044,679.1728,19.50369999999998,168.2174,1.2502999999999815
2826,2826,2826.0,2826.0,2826.0,2826.0,2826.0,2826.0,2826.0,2826.0,2826.0,2826.0,2826.0,2826.0,2826.0,2826.0,2826.0,2826.0,2826.0,2826.0,2826.0,2826.0,2826.0,2826.0,2826.0,2826.0,2826.0,2826.0,2826.0,2826.0,2826.0,2826.0,2826.0,2826.0,2826.0,2826.0,2826.0,2826.0,2826.0,2826.0,2826.0,2826.0,2826.0,6.0,,,,,,,,,0.6,259.3125,271.0669,281.6423,290.6817,298.0439,303.7916,308.1402,311.3848,313.8219,315.683,317.0876,318.0211,318.3373,317.7862,316.064,312.8794,308.0291,301.4668,293.3488,284.0432,358.4189818211978,367.2660710121345,698.6765,38.848499999999945,148.71370000000002,1.2502999999999815
2827,2827,2827.0,2827.0,2827.0,2827.0,2827.0,2827.0,2827.0,2827.0,2827.0,2827.0,2827.0,2827.0,2827.0,2827.0,2827.0,2827.0,2827.0,2827.0,2827.0,2827.0,2827.0,2827.0,2827.0,2827.0,2827.0,2827.0,2827.0,2827.0,2827.0,2827.0,2827.0,2827.0,2827.0,2827.0,2827.0,2827.0,2827.0,2827.0,2827.0,2827.0,2827.0,7.0,,,,,,,,,0.7,348.0175,338.2809,329.7691,322.8583,317.7037,314.2503,312.2818,311.4922,311.5612,312.22,313.2977,314.7457,316.6383,319.1524,322.5259,327.0011,332.7588,339.8572,348.1885,357.4689,259.3031379767913,273.01257143619466,737.525,30.264400000000023,109.86520000000009,1.2502999999999815
2828,2828,2828.0,2828.0,2828.0,2828.0,2828.0,2828.0,2828.0,2828.0,2828.0,2828.0,2828.0,2828.0,2828.0,2828.0,2828.0,2828.0,2828.0,2828.0,2828.0,2828.0,2828.0,2828.0,2828.0,2828.0,2828.0,2828.0,2828.0,2828.0,2828.0,2828.0,2828.0,2828.0,2828.0,2828.0,2828.0,2828.0,2828.0,2828.0,2828.0,2828.0,2828.0,8.0,,,,,,,,,0.8,269.7505,279.6362,288.4887,295.9948,302.0295,306.6456,310.0292,312.4353,314.1211,315.2877,316.0401,316.367,316.143,315.1511,313.1256,309.8101,305.0239,298.7236,291.0457,282.3147,338.8348386456599,351.4630335553769,767.7894,45.22339999999997,79.60080000000005,1.2502999999999815
2829,2829,2829.0,2829.0,2829.0,2829.0,2829.0,2829.0,2829.0,2829.0,2829.0,2829.0,2829.0,2829.0,2829.0,2829.0,2829.0,2829.0,2829.0,2829.0,2829.0,2829.0,2829.0,2829.0,2829.0,2829.0,2829.0,2829.0,2829.0,2829.0,2829.0,2829.0,2829.0,2829.0,2829.0,2829.0,2829.0,2829.0,2829.0,2829.0,2829.0,2829.0,2829.0,9.0,,,,,,,,,0.9,332.396,326.3974,321.2066,317.0641,314.0587,312.1356,311.1323,310.8292,311.0038,311.4779,312.1506,313.0161,314.1639,315.7621,318.0246,321.1654,325.3447,330.6186,336.9042,343.9707,287.16999554242415,307.1312250804397,813.0128,34.37740000000008,34.37740000000008,1.2502999999999815
2830,2830,2830.0,2830.0,2830.0,2830.0,2830.0,2830.0,2830.0,2830.0,2830.0,2830.0,2830.0,2830.0,2830.0,2830.0,2830.0,2830.0,2830.0,2830.0,2830.0,2830.0,2830.0,2830.0,2830.0,2830.0,2830.0,2830.0,2830.0,2830.0,2830.0,2830.0,2830.0,2830.0,2830.0,2830.0,2830.0,2830.0,2830.0,2830.0,2830.0,2830.0,2830.0,0.0,,,,,,,,,0.0,273.0,273.0,273.0,273.0,273.0,273.0,273.0,273.0,273.0,273.0,273.0,273.0,273.0,273.0,273.0,273.0,273.0,273.0,273.0,273.0,372.9998638376779,372.9999615092185,0.0,368.7879,840.2711,1.1967000000000212
2831,2831,2831.0,2831.0,2831.0,2831.0,2831.0,2831.0,2831.0,2831.0,2831.0,2831.0,2831.0,2831.0,2831.0,2831.0,2831.0,2831.0,2831.0,2831.0,2831.0,2831.0,2831.0,2831.0,2831.0,2831.0,2831.0,2831.0,2831.0,2831.0,2831.0,2831.0,2831.0,2831.0,2831.0,2831.0,2831.0,2831.0,2831.0,2831.0,2831.0,2831.0,2831.0,1.0,,,,,,,,,0.1,355.9582,339.6959,324.8872,312.0201,301.3574,292.9443,286.6546,282.2609,279.5107,278.1944,278.1944,279.5107,282.2609,286.6547,292.9443,301.3574,312.0201,324.8873,339.696,355.9583,260.0177299710396,346.85028112556193,368.7879,157.14690000000002,471.48320000000007,1.1967000000000212
2832,2832,2832.0,2832.0,2832.0,2832.0,2832.0,2832.0,2832.0,2832.0,2832.0,2832.0,2832.0,2832.0,2832.0,2832.0,2832.0,2832.0,2832.0,2832.0,2832.0,2832.0,2832.0,2832.0,2832.0,2832.0,2832.0,2832.0,2832.0,2832.0,2832.0,2832.0,2832.0,2832.0,2832.0,2832.0,2832.0,2832.0,2832.0,2832.0,2832.0,2832.0,2832.0,2.0,,,,,,,,,0.2,267.3502,274.1137,279.8434,284.2581,287.2959,289.1047,289.9939,290.3667,290.6489,291.2298,292.422,294.4409,297.4012,301.325,306.1581,311.7906,318.0798,324.8711,332.0158,339.3807,342.1620939250063,372.9997927310853,525.9348,91.28200000000004,314.33630000000005,1.1967000000000212
2833,2833,2833.0,2833.0,2833.0,2833.0,2833.0,2833.0,2833.0,2833.0,2833.0,2833.0,2833.0,2833.0,2833.0,2833.0,2833.0,2833.0,2833.0,2833.0,2833.0,2833.0,2833.0,2833.0,2833.0,2833.0,2833.0,2833.0,2833.0,2833.0,2833.0,2833.0,2833.0,2833.0,2833.0,2833.0,2833.0,2833.0,2833.0,2833.0,2833.0,2833.0,2833.0,3.0,,,,,,,,,0.3,332.5801,323.5259,315.4553,308.6973,303.4302,299.6894,297.4009,296.4284,296.6205,297.8476,300.0246,303.117,307.1348,312.1163,318.1063,325.1315,333.1772,342.1678,351.9563,362.3251,280.5573598760181,337.61622683720293,617.2168,32.77329999999995,223.0543,1.1967000000000212
2834,2834,2834.0,2834.0,2834.0,2834.0,2834.0,2834.0,2834.0,2834.0,2834.0,2834.0,2834.0,2834.0,2834.0,2834.0,2834.0,2834.0,2834.0,2834.0,2834.0,2834.0,2834.0,2834.0,2834.0,2834.0,2834.0,2834.0,2834.0,2834.0,2834.0,2834.0,2834.0,2834.0,2834.0,2834.0,2834.0,2834.0,2834.0,2834.0,2834.0,2834.0,2834.0,4.0,,,,,,,,,0.4,284.9527,289.0797,292.7241,295.7664,298.1995,300.1203,301.7025,303.1566,304.6896,306.4713,308.6108,311.1462,314.0456,317.2183,320.5341,323.8493,327.0349,330.0023,332.7224,335.2302,354.74359368886815,372.99993706951614,649.9901,28.98379999999997,190.2810000000001,1.1967000000000212
2835,2835,2835.0,2835.0,2835.0,2835.0,2835.0,2835.0,2835.0,2835.0,2835.0,2835.0,2835.0,2835.0,2835.0,2835.0,2835.0,2835.0,2835.0,2835.0,2835.0,2835.0,2835.0,2835.0,2835.0,2835.0,2835.0,2835.0,2835.0,2835.0,2835.0,2835.0,2835.0,2835.0,2835.0,2835.0,2835.0,2835.0,2835.0,2835.0,2835.0,2835.0,2835.0,5.0,,,,,,,,,0.5,345.2174,336.2248,328.2273,321.5585,316.398,312.7759,310.6042,309.7212,309.9396,311.0866,313.0316,315.6993,319.0696,323.1662,328.0375,333.7301,340.2618,347.5965,355.6279,364.1761,257.3535496358095,281.85457113090314,678.9739,18.950300000000084,161.2972000000001,1.1967000000000212
2836,2836,2836.0,2836.0,2836.0,2836.0,2836.0,2836.0,2836.0,2836.0,2836.0,2836.0,2836.0,2836.0,2836.0,2836.0,2836.0,2836.0,2836.0,2836.0,2836.0,2836.0,2836.0,2836.0,2836.0,2836.0,2836.0,2836.0,2836.0,2836.0,2836.0,2836.0,2836.0,2836.0,2836.0,2836.0,2836.0,2836.0,2836.0,2836.0,2836.0,2836.0,2836.0,6.0,,,,,,,,,0.6,267.9047,277.9027,286.8853,294.5498,300.7833,305.6514,309.3526,312.1529,314.3163,316.0455,317.4402,318.4771,319.0135,318.8122,317.5864,315.0619,311.0448,305.4854,298.5199,290.479,349.3584878529833,358.1824251069314,697.9242,34.56229999999994,142.3469,1.1967000000000212
2837,2837,2837.0,2837.0,2837.0,2837.0,2837.0,2837.0,2837.0,2837.0,2837.0,2837.0,2837.0,2837.0,2837.0,2837.0,2837.0,2837.0,2837.0,2837.0,2837.0,2837.0,2837.0,2837.0,2837.0,2837.0,2837.0,2837.0,2837.0,2837.0,2837.0,2837.0,2837.0,2837.0,2837.0,2837.0,2837.0,2837.0,2837.0,2837.0,2837.0,2837.0,2837.0,7.0,,,,,,,,,0.7,341.0015,333.1907,326.3859,320.896,316.8481,314.1967,312.7633,312.2947,312.5255,313.2308,314.2654,315.5827,317.237,319.3664,322.1602,325.8134,330.4735,336.1906,342.8831,350.3277,276.77587343306686,284.2476516038628,732.4865,30.807800000000043,107.78460000000008,1.1967000000000212
2838,2838,2838.0,2838.0,2838.0,2838.0,2838.0,2838.0,2838.0,2838.0,2838.0,2838.0,2838.0,2838.0,2838.0,2838.0,2838.0,2838.0,2838.0,2838.0,2838.0,2838.0,2838.0,2838.0,2838.0,2838.0,2838.0,2838.0,2838.0,2838.0,2838.0,2838.0,2838.0,2838.0,2838.0,2838.0,2838.0,2838.0,2838.0,2838.0,2838.0,2838.0,2838.0,8.0,,,,,,,,,0.8,284.0348,290.9005,297.044,302.2494,306.4355,309.6472,312.0224,313.7453,314.9976,315.9161,316.5641,316.9164,316.8618,316.2208,314.7785,312.3297,308.7301,303.9443,298.0783,291.3868,323.3035388289498,336.76414291537776,763.2943,41.12609999999995,76.97680000000003,1.1967000000000212
2839,2839,2839.0,2839.0,2839.0,2839.0,2839.0,2839.0,2839.0,2839.0,2839.0,2839.0,2839.0,2839.0,2839.0,2839.0,2839.0,2839.0,2839.0,2839.0,2839.0,2839.0,2839.0,2839.0,2839.0,2839.0,2839.0,2839.0,2839.0,2839.0,2839.0,2839.0,2839.0,2839.0,2839.0,2839.0,2839.0,2839.0,2839.0,2839.0,2839.0,2839.0,2839.0,9.0,,,,,,,,,0.9,320.3267,317.5891,315.289,313.552,312.418,311.8458,311.7341,311.9511,312.3659,312.8758,313.4267,314.0234,314.7306,315.6624,316.963,318.7771,321.2159,324.3244,328.0585,332.2784,297.02636895449524,315.6989865842806,804.4204,35.850700000000074,35.850700000000074,1.1967000000000212
2840,2840,2840.0,2840.0,2840.0,2840.0,2840.0,2840.0,2840.0,2840.0,2840.0,2840.0,2840.0,2840.0,2840.0,2840.0,2840.0,2840.0,2840.0,2840.0,2840.0,2840.0,2840.0,2840.0,2840.0,2840.0,2840.0,2840.0,2840.0,2840.0,2840.0,2840.0,2840.0,2840.0,2840.0,2840.0,2840.0,2840.0,2840.0,2840.0,2840.0,2840.0,2840.0,0.0,,,,,,,,,0.0,273.0,273.0,273.0,273.0,273.0,273.0,273.0,273.0,273.0,273.0,273.0,273.0,273.0,273.0,273.0,273.0,273.0,273.0,273.0,273.0,372.9998932976986,372.9999340543511,0.0,368.7879,828.4744,0.9902999999999906
2841,2841,2841.0,2841.0,2841.0,2841.0,2841.0,2841.0,2841.0,2841.0,2841.0,2841.0,2841.0,2841.0,2841.0,2841.0,2841.0,2841.0,2841.0,2841.0,2841.0,2841.0,2841.0,2841.0,2841.0,2841.0,2841.0,2841.0,2841.0,2841.0,2841.0,2841.0,2841.0,2841.0,2841.0,2841.0,2841.0,2841.0,2841.0,2841.0,2841.0,2841.0,2841.0,1.0,,,,,,,,,0.1,355.9582,339.696,324.8873,312.0201,301.3574,292.9443,286.6546,282.2609,279.5107,278.1944,278.1944,279.5107,282.2609,286.6547,292.9443,301.3574,312.0201,324.8873,339.696,355.9582,260.0153051551532,346.8465015970081,368.7879,157.1483,459.6865,0.9902999999999906
2842,2842,2842.0,2842.0,2842.0,2842.0,2842.0,2842.0,2842.0,2842.0,2842.0,2842.0,2842.0,2842.0,2842.0,2842.0,2842.0,2842.0,2842.0,2842.0,2842.0,2842.0,2842.0,2842.0,2842.0,2842.0,2842.0,2842.0,2842.0,2842.0,2842.0,2842.0,2842.0,2842.0,2842.0,2842.0,2842.0,2842.0,2842.0,2842.0,2842.0,2842.0,2842.0,2.0,,,,,,,,,0.2,267.3482,274.112,279.8422,284.2572,287.2953,289.1042,289.9936,290.3665,290.6487,291.2297,292.4218,294.4407,297.4009,301.3245,306.1573,311.7895,318.0783,324.8691,332.0132,339.3776,342.1620939250063,372.9997927310853,525.9362,91.28679999999996,302.5382,0.9902999999999906
2843,2843,2843.0,2843.0,2843.0,2843.0,2843.0,2843.0,2843.0,2843.0,2843.0,2843.0,2843.0,2843.0,2843.0,2843.0,2843.0,2843.0,2843.0,2843.0,2843.0,2843.0,2843.0,2843.0,2843.0,2843.0,2843.0,2843.0,2843.0,2843.0,2843.0,2843.0,2843.0,2843.0,2843.0,2843.0,2843.0,2843.0,2843.0,2843.0,2843.0,2843.0,2843.0,3.0,,,,,,,,,0.3,332.5799,323.5257,315.455,308.6969,303.4297,299.6889,297.4004,296.4279,296.62,297.8471,300.024,303.1164,307.1342,312.1157,318.1056,325.1309,333.1766,342.1673,351.9559,362.3249,280.5551942907432,337.61726638546065,617.223,32.775300000000016,211.2514,0.9902999999999906
2844,2844,2844.0,2844.0,2844.0,2844.0,2844.0,2844.0,2844.0,2844.0,2844.0,2844.0,2844.0,2844.0,2844.0,2844.0,2844.0,2844.0,2844.0,2844.0,2844.0,2844.0,2844.0,2844.0,2844.0,2844.0,2844.0,2844.0,2844.0,2844.0,2844.0,2844.0,2844.0,2844.0,2844.0,2844.0,2844.0,2844.0,2844.0,2844.0,2844.0,2844.0,2844.0,4.0,,,,,,,,,0.4,284.9508,289.0781,292.7227,295.7653,298.1985,300.1195,301.7018,303.1559,304.689,306.4708,308.6103,311.1457,314.0452,317.2179,320.5338,323.8492,327.035,330.0026,332.7229,335.231,346.1263875753649,372.999921836898,649.9983,27.690500000000043,178.47609999999997,0.9902999999999906
2845,2845,2845.0,2845.0,2845.0,2845.0,2845.0,2845.0,2845.0,2845.0,2845.0,2845.0,2845.0,2845.0,2845.0,2845.0,2845.0,2845.0,2845.0,2845.0,2845.0,2845.0,2845.0,2845.0,2845.0,2845.0,2845.0,2845.0,2845.0,2845.0,2845.0,2845.0,2845.0,2845.0,2845.0,2845.0,2845.0,2845.0,2845.0,2845.0,2845.0,2845.0,2845.0,5.0,,,,,,,,,0.5,338.0689,330.4781,323.7573,318.1986,313.96,311.0696,309.4528,308.9725,309.4704,310.8032,312.8666,315.6066,319.0192,323.1398,328.024,333.7234,340.2587,347.5952,355.6275,364.1759,305.89492048911774,318.5280728515739,677.6888,20.212300000000027,150.78559999999993,0.9902999999999906
2846,2846,2846.0,2846.0,2846.0,2846.0,2846.0,2846.0,2846.0,2846.0,2846.0,2846.0,2846.0,2846.0,2846.0,2846.0,2846.0,2846.0,2846.0,2846.0,2846.0,2846.0,2846.0,2846.0,2846.0,2846.0,2846.0,2846.0,2846.0,2846.0,2846.0,2846.0,2846.0,2846.0,2846.0,2846.0,2846.0,2846.0,2846.0,2846.0,2846.0,2846.0,2846.0,6.0,,,,,,,,,0.6,307.7463,309.4658,310.9536,312.1656,313.1222,313.901,314.6166,315.3934,316.3368,317.5098,318.9155,320.4904,322.1073,323.5886,324.7321,325.3434,325.2755,324.4636,322.9501,320.8892,308.54007874374787,315.4313270685949,697.9011,25.73429999999996,130.5732999999999,0.9902999999999906
2847,2847,2847.0,2847.0,2847.0,2847.0,2847.0,2847.0,2847.0,2847.0,2847.0,2847.0,2847.0,2847.0,2847.0,2847.0,2847.0,2847.0,2847.0,2847.0,2847.0,2847.0,2847.0,2847.0,2847.0,2847.0,2847.0,2847.0,2847.0,2847.0,2847.0,2847.0,2847.0,2847.0,2847.0,2847.0,2847.0,2847.0,2847.0,2847.0,2847.0,2847.0,2847.0,7.0,,,,,,,,,0.7,309.4141,310.2953,311.1901,312.1032,313.037,313.9903,314.958,315.9292,316.886,317.8023,318.6433,319.3668,319.9255,320.2716,320.363,320.17,319.6822,318.913,317.902,316.7137,299.9787745856641,309.4540081784252,723.6354,31.660999999999945,104.83899999999994,0.9902999999999906
2848,2848,2848.0,2848.0,2848.0,2848.0,2848.0,2848.0,2848.0,2848.0,2848.0,2848.0,2848.0,2848.0,2848.0,2848.0,2848.0,2848.0,2848.0,2848.0,2848.0,2848.0,2848.0,2848.0,2848.0,2848.0,2848.0,2848.0,2848.0,2848.0,2848.0,2848.0,2848.0,2848.0,2848.0,2848.0,2848.0,2848.0,2848.0,2848.0,2848.0,2848.0,2848.0,8.0,,,,,,,,,0.8,302.3406,304.6339,306.7985,308.7891,310.5773,312.1516,313.5127,314.6676,315.6243,316.3865,316.9506,317.3054,317.4332,317.3129,316.9257,316.2597,315.3165,314.1152,312.6955,311.1167,307.0080935227738,319.63900563570303,755.2964,36.29510000000005,73.178,0.9902999999999906
2849,2849,2849.0,2849.0,2849.0,2849.0,2849.0,2849.0,2849.0,2849.0,2849.0,2849.0,2849.0,2849.0,2849.0,2849.0,2849.0,2849.0,2849.0,2849.0,2849.0,2849.0,2849.0,2849.0,2849.0,2849.0,2849.0,2849.0,2849.0,2849.0,2849.0,2849.0,2849.0,2849.0,2849.0,2849.0,2849.0,2849.0,2849.0,2849.0,2849.0,2849.0,2849.0,9.0,,,,,,,,,0.9,307.6863,308.3868,309.1255,309.9079,310.7264,311.5622,312.3882,313.1746,313.8939,314.5259,315.0618,315.5056,315.8747,316.1982,316.5124,316.8554,317.2597,317.7457,318.3169,318.9582,307.16664260439967,321.4292677783855,791.5915,36.88289999999995,36.88289999999995,0.9902999999999906
2850,2850,2850.0,2850.0,2850.0,2850.0,2850.0,2850.0,2850.0,2850.0,2850.0,2850.0,2850.0,2850.0,2850.0,2850.0,2850.0,2850.0,2850.0,2850.0,2850.0,2850.0,2850.0,2850.0,2850.0,2850.0,2850.0,2850.0,2850.0,2850.0,2850.0,2850.0,2850.0,2850.0,2850.0,2850.0,2850.0,2850.0,2850.0,2850.0,2850.0,2850.0,2850.0,0.0,,,,,,,,,0.0,273.0,273.0,273.0,273.0,273.0,273.0,273.0,273.0,273.0,273.0,273.0,273.0,273.0,273.0,273.0,273.0,273.0,273.0,273.0,273.0,372.9998932976986,372.9999340543511,0.0,368.7879,829.8604,1.5219999999999914
2851,2851,2851.0,2851.0,2851.0,2851.0,2851.0,2851.0,2851.0,2851.0,2851.0,2851.0,2851.0,2851.0,2851.0,2851.0,2851.0,2851.0,2851.0,2851.0,2851.0,2851.0,2851.0,2851.0,2851.0,2851.0,2851.0,2851.0,2851.0,2851.0,2851.0,2851.0,2851.0,2851.0,2851.0,2851.0,2851.0,2851.0,2851.0,2851.0,2851.0,2851.0,2851.0,1.0,,,,,,,,,0.1,355.9582,339.696,324.8873,312.0201,301.3574,292.9443,286.6546,282.2609,279.5107,278.1944,278.1944,279.5107,282.2609,286.6547,292.9443,301.3574,312.0201,324.8873,339.696,355.9582,260.0277619378448,346.85468205552064,368.7879,157.14400000000006,461.0725000000001,1.5219999999999914
2852,2852,2852.0,2852.0,2852.0,2852.0,2852.0,2852.0,2852.0,2852.0,2852.0,2852.0,2852.0,2852.0,2852.0,2852.0,2852.0,2852.0,2852.0,2852.0,2852.0,2852.0,2852.0,2852.0,2852.0,2852.0,2852.0,2852.0,2852.0,2852.0,2852.0,2852.0,2852.0,2852.0,2852.0,2852.0,2852.0,2852.0,2852.0,2852.0,2852.0,2852.0,2852.0,2.0,,,,,,,,,0.2,267.3585,274.1203,279.8486,284.262,287.2988,289.1067,289.9953,290.3676,290.6495,291.2302,292.4223,294.4413,297.4016,301.3256,306.159,311.7919,318.0815,324.8734,332.0187,339.3844,342.1620939250063,372.9997927310853,525.9319,91.27249999999992,303.9285,1.5219999999999914
2853,2853,2853.0,2853.0,2853.0,2853.0,2853.0,2853.0,2853.0,2853.0,2853.0,2853.0,2853.0,2853.0,2853.0,2853.0,2853.0,2853.0,2853.0,2853.0,2853.0,2853.0,2853.0,2853.0,2853.0,2853.0,2853.0,2853.0,2853.0,2853.0,2853.0,2853.0,2853.0,2853.0,2853.0,2853.0,2853.0,2853.0,2853.0,2853.0,2853.0,2853.0,2853.0,3.0,,,,,,,,,0.3,332.5806,323.5269,315.4566,308.6989,303.4319,299.6911,297.4026,296.43,296.6219,297.8489,300.0258,303.1181,307.1359,312.1173,318.1072,325.1324,333.178,342.1685,351.9568,362.3253,280.5551942907432,337.61726638546065,617.2044,32.76960000000008,212.6560000000001,1.5219999999999914
2854,2854,2854.0,2854.0,2854.0,2854.0,2854.0,2854.0,2854.0,2854.0,2854.0,2854.0,2854.0,2854.0,2854.0,2854.0,2854.0,2854.0,2854.0,2854.0,2854.0,2854.0,2854.0,2854.0,2854.0,2854.0,2854.0,2854.0,2854.0,2854.0,2854.0,2854.0,2854.0,2854.0,2854.0,2854.0,2854.0,2854.0,2854.0,2854.0,2854.0,2854.0,2854.0,4.0,,,,,,,,,0.4,284.9512,289.0787,292.7236,295.7664,298.1999,300.121,301.7034,303.1576,304.6907,306.4725,308.612,311.1474,314.0467,317.2193,320.5351,323.8503,327.0359,330.0033,332.7233,335.2312,342.5048315002944,372.9995982651973,649.974,27.21219999999994,179.88639999999998,1.5219999999999914
2855,2855,2855.0,2855.0,2855.0,2855.0,2855.0,2855.0,2855.0,2855.0,2855.0,2855.0,2855.0,2855.0,2855.0,2855.0,2855.0,2855.0,2855.0,2855.0,2855.0,2855.0,2855.0,2855.0,2855.0,2855.0,2855.0,2855.0,2855.0,2855.0,2855.0,2855.0,2855.0,2855.0,2855.0,2855.0,2855.0,2855.0,2855.0,2855.0,2855.0,2855.0,2855.0,5.0,,,,,,,,,0.5,335.0648,328.0631,321.8792,316.7875,312.9368,310.3541,308.9706,308.6594,309.2747,310.6856,312.7987,315.569,318.9995,323.13,328.0195,333.7216,340.258,347.5949,355.6273,364.1757,311.9859369307888,324.0727453343281,677.1862,19.826599999999985,152.67420000000004,1.5219999999999914
2856,2856,2856.0,2856.0,2856.0,2856.0,2856.0,2856.0,2856.0,2856.0,2856.0,2856.0,2856.0,2856.0,2856.0,2856.0,2856.0,2856.0,2856.0,2856.0,2856.0,2856.0,2856.0,2856.0,2856.0,2856.0,2856.0,2856.0,2856.0,2856.0,2856.0,2856.0,2856.0,2856.0,2856.0,2856.0,2856.0,2856.0,2856.0,2856.0,2856.0,2856.0,2856.0,6.0,,,,,,,,,0.6,312.6199,313.1876,313.6452,313.9877,314.2543,314.522,314.8896,315.457,316.3031,317.4679,318.9393,320.6476,322.4689,324.2362,325.7612,326.8637,327.4047,327.319,326.6356,325.4832,306.8214146012827,313.20225522187565,697.0128,25.58789999999999,132.84760000000006,1.5219999999999914
2857,2857,2857.0,2857.0,2857.0,2857.0,2857.0,2857.0,2857.0,2857.0,2857.0,2857.0,2857.0,2857.0,2857.0,2857.0,2857.0,2857.0,2857.0,2857.0,2857.0,2857.0,2857.0,2857.0,2857.0,2857.0,2857.0,2857.0,2857.0,2857.0,2857.0,2857.0,2857.0,2857.0,2857.0,2857.0,2857.0,2857.0,2857.0,2857.0,2857.0,2857.0,2857.0,7.0,,,,,,,,,0.7,308.2193,309.5868,310.8994,312.1431,313.3154,314.4234,315.4795,316.495,317.4729,318.4026,319.2563,319.9883,320.5383,320.8376,320.819,320.4284,319.6371,318.4516,316.92,315.1301,295.94236379608094,304.2115555584302,722.6007,31.09770000000003,107.25970000000008,1.5219999999999914
2858,2858,2858.0,2858.0,2858.0,2858.0,2858.0,2858.0,2858.0,2858.0,2858.0,2858.0,2858.0,2858.0,2858.0,2858.0,2858.0,2858.0,2858.0,2858.0,2858.0,2858.0,2858.0,2858.0,2858.0,2858.0,2858.0,2858.0,2858.0,2858.0,2858.0,2858.0,2858.0,2858.0,2858.0,2858.0,2858.0,2858.0,2858.0,2858.0,2858.0,2858.0,2858.0,8.0,,,,,,,,,0.8,299.0189,301.999,304.798,307.3513,309.6186,311.5828,313.2448,314.6153,315.7067,316.526,317.0704,317.3256,317.2674,316.8662,316.0938,314.9319,313.38,311.4635,309.237,306.7841,306.9732148833293,319.0976213351249,753.6984,37.64179999999999,76.16200000000003,1.5219999999999914
2859,2859,2859.0,2859.0,2859.0,2859.0,2859.0,2859.0,2859.0,2859.0,2859.0,2859.0,2859.0,2859.0,2859.0,2859.0,2859.0,2859.0,2859.0,2859.0,2859.0,2859.0,2859.0,2859.0,2859.0,2859.0,2859.0,2859.0,2859.0,2859.0,2859.0,2859.0,2859.0,2859.0,2859.0,2859.0,2859.0,2859.0,2859.0,2859.0,2859.0,2859.0,2859.0,9.0,,,,,,,,,0.9,307.4847,308.0363,308.6583,309.3637,310.1452,310.9765,311.8183,312.6259,313.3576,313.9823,314.4853,314.871,315.1636,315.4043,315.645,315.9398,316.3349,316.8583,317.5131,318.2752,310.4409353062734,326.12603131885106,791.3402,38.520200000000045,38.520200000000045,1.5219999999999914
2860,2860,2860.0,2860.0,2860.0,2860.0,2860.0,2860.0,2860.0,2860.0,2860.0,2860.0,2860.0,2860.0,2860.0,2860.0,2860.0,2860.0,2860.0,2860.0,2860.0,2860.0,2860.0,2860.0,2860.0,2860.0,2860.0,2860.0,2860.0,2860.0,2860.0,2860.0,2860.0,2860.0,2860.0,2860.0,2860.0,2860.0,2860.0,2860.0,2860.0,2860.0,2860.0,0.0,,,,,,,,,0.0,273.0,273.0,273.0,273.0,273.0,273.0,273.0,273.0,273.0,273.0,273.0,273.0,273.0,273.0,273.0,273.0,273.0,273.0,273.0,273.0,372.9999308290744,372.9999642602237,0.0,368.7879,829.3151,1.5812999999999988
2861,2861,2861.0,2861.0,2861.0,2861.0,2861.0,2861.0,2861.0,2861.0,2861.0,2861.0,2861.0,2861.0,2861.0,2861.0,2861.0,2861.0,2861.0,2861.0,2861.0,2861.0,2861.0,2861.0,2861.0,2861.0,2861.0,2861.0,2861.0,2861.0,2861.0,2861.0,2861.0,2861.0,2861.0,2861.0,2861.0,2861.0,2861.0,2861.0,2861.0,2861.0,2861.0,1.0,,,,,,,,,0.1,355.9582,339.696,324.8873,312.0201,301.3574,292.9443,286.6547,282.2609,279.5107,278.1944,278.1944,279.5107,282.2609,286.6547,292.9443,301.3574,312.0201,324.8873,339.696,355.9583,260.02456822653147,346.93811149536447,368.7879,157.12399999999997,460.5272000000001,1.5812999999999988
2862,2862,2862.0,2862.0,2862.0,2862.0,2862.0,2862.0,2862.0,2862.0,2862.0,2862.0,2862.0,2862.0,2862.0,2862.0,2862.0,2862.0,2862.0,2862.0,2862.0,2862.0,2862.0,2862.0,2862.0,2862.0,2862.0,2862.0,2862.0,2862.0,2862.0,2862.0,2862.0,2862.0,2862.0,2862.0,2862.0,2862.0,2862.0,2862.0,2862.0,2862.0,2862.0,2.0,,,,,,,,,0.2,267.3559,274.1182,279.847,284.2608,287.2979,289.1062,289.9951,290.3678,290.6502,291.2317,292.425,294.4458,297.4089,301.3368,306.1755,311.8155,318.114,324.9167,332.0743,339.4536,342.1620939250063,372.9997927310853,525.9119,91.19830000000002,303.4032000000001,1.5812999999999988
2863,2863,2863.0,2863.0,2863.0,2863.0,2863.0,2863.0,2863.0,2863.0,2863.0,2863.0,2863.0,2863.0,2863.0,2863.0,2863.0,2863.0,2863.0,2863.0,2863.0,2863.0,2863.0,2863.0,2863.0,2863.0,2863.0,2863.0,2863.0,2863.0,2863.0,2863.0,2863.0,2863.0,2863.0,2863.0,2863.0,2863.0,2863.0,2863.0,2863.0,2863.0,2863.0,3.0,,,,,,,,,0.3,332.5806,323.5269,315.4567,308.6992,303.4326,299.6924,297.4047,296.4332,296.6264,297.8549,300.0336,303.1277,307.1472,312.1301,318.1209,325.1461,333.1907,342.1793,351.9646,362.3294,280.55696873850565,337.6164827779216,617.1102,32.733400000000074,212.20490000000007,1.5812999999999988
2864,2864,2864.0,2864.0,2864.0,2864.0,2864.0,2864.0,2864.0,2864.0,2864.0,2864.0,2864.0,2864.0,2864.0,2864.0,2864.0,2864.0,2864.0,2864.0,2864.0,2864.0,2864.0,2864.0,2864.0,2864.0,2864.0,2864.0,2864.0,2864.0,2864.0,2864.0,2864.0,2864.0,2864.0,2864.0,2864.0,2864.0,2864.0,2864.0,2864.0,2864.0,2864.0,4.0,,,,,,,,,0.4,284.953,289.0806,292.7257,295.7688,298.2027,300.1243,301.7073,303.1623,304.6962,306.4787,308.6189,311.1548,314.0545,317.2272,320.5427,323.8573,327.0419,330.008,332.7264,335.2324,342.5048315002944,372.9995982651847,649.8436,27.19509999999991,179.4715,1.5812999999999988
2865,2865,2865.0,2865.0,2865.0,2865.0,2865.0,2865.0,2865.0,2865.0,2865.0,2865.0,2865.0,2865.0,2865.0,2865.0,2865.0,2865.0,2865.0,2865.0,2865.0,2865.0,2865.0,2865.0,2865.0,2865.0,2865.0,2865.0,2865.0,2865.0,2865.0,2865.0,2865.0,2865.0,2865.0,2865.0,2865.0,2865.0,2865.0,2865.0,2865.0,2865.0,2865.0,5.0,,,,,,,,,0.5,335.0654,328.0644,321.881,316.7899,312.9397,310.3576,308.9747,308.6639,309.2796,310.6908,312.8041,315.5746,319.005,323.1353,328.0245,333.726,340.2618,347.5979,355.6293,364.1768,312.2686517917483,324.27573979412216,677.0387,19.88160000000005,152.27640000000008,1.5812999999999988
2866,2866,2866.0,2866.0,2866.0,2866.0,2866.0,2866.0,2866.0,2866.0,2866.0,2866.0,2866.0,2866.0,2866.0,2866.0,2866.0,2866.0,2866.0,2866.0,2866.0,2866.0,2866.0,2866.0,2866.0,2866.0,2866.0,2866.0,2866.0,2866.0,2866.0,2866.0,2866.0,2866.0,2866.0,2866.0,2866.0,2866.0,2866.0,2866.0,2866.0,2866.0,2866.0,6.0,,,,,,,,,0.6,312.855,313.3772,313.7935,314.1001,314.337,314.5813,314.9314,315.4864,316.3247,317.4853,318.9556,320.666,322.4923,324.2681,325.8054,326.9245,327.4866,327.4264,326.7724,325.6523,305.82577736967056,312.4578253005993,696.9203,25.484199999999987,132.39480000000003,1.5812999999999988
2867,2867,2867.0,2867.0,2867.0,2867.0,2867.0,2867.0,2867.0,2867.0,2867.0,2867.0,2867.0,2867.0,2867.0,2867.0,2867.0,2867.0,2867.0,2867.0,2867.0,2867.0,2867.0,2867.0,2867.0,2867.0,2867.0,2867.0,2867.0,2867.0,2867.0,2867.0,2867.0,2867.0,2867.0,2867.0,2867.0,2867.0,2867.0,2867.0,2867.0,2867.0,2867.0,7.0,,,,,,,,,0.7,307.4082,308.951,310.4221,311.8018,313.0848,314.2784,315.397,316.4549,317.459,318.4017,319.2572,319.9807,320.5112,320.7782,320.7122,320.257,319.3823,318.095,316.4448,314.5237,297.0772359945376,305.3920741867062,722.4045,31.103000000000065,106.91060000000004,1.5812999999999988
2868,2868,2868.0,2868.0,2868.0,2868.0,2868.0,2868.0,2868.0,2868.0,2868.0,2868.0,2868.0,2868.0,2868.0,2868.0,2868.0,2868.0,2868.0,2868.0,2868.0,2868.0,2868.0,2868.0,2868.0,2868.0,2868.0,2868.0,2868.0,2868.0,2868.0,2868.0,2868.0,2868.0,2868.0,2868.0,2868.0,2868.0,2868.0,2868.0,2868.0,2868.0,2868.0,8.0,,,,,,,,,0.8,299.9174,302.6745,305.2751,307.6622,309.7986,311.6666,313.2631,314.5931,315.6632,316.4757,317.0252,317.2971,317.2696,316.9175,316.218,315.1579,313.7405,311.9918,309.9632,307.7312,306.50375127167825,318.7610987649079,753.5075,37.41689999999994,75.80759999999998,1.5812999999999988
2869,2869,2869.0,2869.0,2869.0,2869.0,2869.0,2869.0,2869.0,2869.0,2869.0,2869.0,2869.0,2869.0,2869.0,2869.0,2869.0,2869.0,2869.0,2869.0,2869.0,2869.0,2869.0,2869.0,2869.0,2869.0,2869.0,2869.0,2869.0,2869.0,2869.0,2869.0,2869.0,2869.0,2869.0,2869.0,2869.0,2869.0,2869.0,2869.0,2869.0,2869.0,2869.0,9.0,,,,,,,,,0.9,307.133,307.7942,308.5112,309.2926,310.1301,310.9989,311.8633,312.6832,313.4216,314.0509,314.5585,314.9489,315.2446,315.4832,315.7123,315.9817,316.3339,316.7957,317.371,318.0398,311.2266731011708,327.07039824175234,790.9244,38.39070000000004,38.39070000000004,1.5812999999999988
2870,2870,2870.0,2870.0,2870.0,2870.0,2870.0,2870.0,2870.0,2870.0,2870.0,2870.0,2870.0,2870.0,2870.0,2870.0,2870.0,2870.0,2870.0,2870.0,2870.0,2870.0,2870.0,2870.0,2870.0,2870.0,2870.0,2870.0,2870.0,2870.0,2870.0,2870.0,2870.0,2870.0,2870.0,2870.0,2870.0,2870.0,2870.0,2870.0,2870.0,2870.0,2870.0,0.0,,,,,,,,,0.0,273.0,273.0,273.0,273.0,273.0,273.0,273.0,273.0,273.0,273.0,273.0,273.0,273.0,273.0,273.0,273.0,273.0,273.0,273.0,273.0,372.9999492533883,372.9999807372322,0.0,368.7878,828.9864,0.9972000000000208
2871,2871,2871.0,2871.0,2871.0,2871.0,2871.0,2871.0,2871.0,2871.0,2871.0,2871.0,2871.0,2871.0,2871.0,2871.0,2871.0,2871.0,2871.0,2871.0,2871.0,2871.0,2871.0,2871.0,2871.0,2871.0,2871.0,2871.0,2871.0,2871.0,2871.0,2871.0,2871.0,2871.0,2871.0,2871.0,2871.0,2871.0,2871.0,2871.0,2871.0,2871.0,2871.0,1.0,,,,,,,,,0.1,355.9582,339.696,324.8873,312.0201,301.3574,292.9443,286.6547,282.2609,279.5107,278.1944,278.1944,279.5107,282.2609,286.6547,292.9443,301.3574,312.0201,324.8873,339.696,355.9583,260.0273763907855,346.85525469471816,368.7878,157.14389999999997,460.1986,0.9972000000000208
2872,2872,2872.0,2872.0,2872.0,2872.0,2872.0,2872.0,2872.0,2872.0,2872.0,2872.0,2872.0,2872.0,2872.0,2872.0,2872.0,2872.0,2872.0,2872.0,2872.0,2872.0,2872.0,2872.0,2872.0,2872.0,2872.0,2872.0,2872.0,2872.0,2872.0,2872.0,2872.0,2872.0,2872.0,2872.0,2872.0,2872.0,2872.0,2872.0,2872.0,2872.0,2872.0,2.0,,,,,,,,,0.2,267.3582,274.1201,279.8484,284.2619,287.2987,289.1066,289.9952,290.3676,290.6495,291.2302,292.4223,294.4413,297.4017,301.3257,306.1591,311.792,318.0817,324.8737,332.0191,339.3848,342.1620939250063,372.9997927310853,525.9317,91.2722,303.0547,0.9972000000000208
2873,2873,2873.0,2873.0,2873.0,2873.0,2873.0,2873.0,2873.0,2873.0,2873.0,2873.0,2873.0,2873.0,2873.0,2873.0,2873.0,2873.0,2873.0,2873.0,2873.0,2873.0,2873.0,2873.0,2873.0,2873.0,2873.0,2873.0,2873.0,2873.0,2873.0,2873.0,2873.0,2873.0,2873.0,2873.0,2873.0,2873.0,2873.0,2873.0,2873.0,2873.0,2873.0,3.0,,,,,,,,,0.3,332.5806,323.5269,315.4566,308.6988,303.4319,299.6911,297.4025,296.43,296.6219,297.8489,300.0258,303.1182,307.1359,312.1174,318.1073,325.1325,333.1781,342.1685,351.9568,362.3253,280.5565895973125,337.6180851415371,617.2039,32.76920000000007,211.78250000000003,0.9972000000000208
2874,2874,2874.0,2874.0,2874.0,2874.0,2874.0,2874.0,2874.0,2874.0,2874.0,2874.0,2874.0,2874.0,2874.0,2874.0,2874.0,2874.0,2874.0,2874.0,2874.0,2874.0,2874.0,2874.0,2874.0,2874.0,2874.0,2874.0,2874.0,2874.0,2874.0,2874.0,2874.0,2874.0,2874.0,2874.0,2874.0,2874.0,2874.0,2874.0,2874.0,2874.0,2874.0,4.0,,,,,,,,,0.4,284.9523,289.0796,292.7243,295.767,298.2002,300.1213,301.7036,303.1577,304.6908,306.4726,308.612,311.1474,314.0468,317.2195,320.5353,323.8506,327.0362,330.0038,332.7239,335.2319,346.467358446168,372.9997770277493,649.9731,27.73359999999991,179.01329999999996,0.9972000000000208
2875,2875,2875.0,2875.0,2875.0,2875.0,2875.0,2875.0,2875.0,2875.0,2875.0,2875.0,2875.0,2875.0,2875.0,2875.0,2875.0,2875.0,2875.0,2875.0,2875.0,2875.0,2875.0,2875.0,2875.0,2875.0,2875.0,2875.0,2875.0,2875.0,2875.0,2875.0,2875.0,2875.0,2875.0,2875.0,2875.0,2875.0,2875.0,2875.0,2875.0,2875.0,2875.0,5.0,,,,,,,,,0.5,338.3521,330.706,323.9349,318.3326,314.0577,311.1384,309.4998,309.0036,309.4905,310.816,312.8747,315.6118,319.0226,323.1421,328.0257,333.7247,340.2596,347.5959,355.6279,364.1761,304.8375415747795,317.37442542928284,677.7067,20.17990000000009,151.27970000000005,0.9972000000000208
2876,2876,2876.0,2876.0,2876.0,2876.0,2876.0,2876.0,2876.0,2876.0,2876.0,2876.0,2876.0,2876.0,2876.0,2876.0,2876.0,2876.0,2876.0,2876.0,2876.0,2876.0,2876.0,2876.0,2876.0,2876.0,2876.0,2876.0,2876.0,2876.0,2876.0,2876.0,2876.0,2876.0,2876.0,2876.0,2876.0,2876.0,2876.0,2876.0,2876.0,2876.0,2876.0,6.0,,,,,,,,,0.6,306.8863,308.793,310.4497,311.806,312.8792,313.7469,314.5256,315.343,316.3082,317.4871,318.8846,320.4374,322.0168,323.443,324.5105,325.0222,324.8293,323.8676,322.1822,319.9328,309.40571908878303,316.065520513546,697.8866,25.903500000000008,131.09979999999996,0.9972000000000208
2877,2877,2877.0,2877.0,2877.0,2877.0,2877.0,2877.0,2877.0,2877.0,2877.0,2877.0,2877.0,2877.0,2877.0,2877.0,2877.0,2877.0,2877.0,2877.0,2877.0,2877.0,2877.0,2877.0,2877.0,2877.0,2877.0,2877.0,2877.0,2877.0,2877.0,2877.0,2877.0,2877.0,2877.0,2877.0,2877.0,2877.0,2877.0,2877.0,2877.0,2877.0,2877.0,7.0,,,,,,,,,0.7,310.0856,310.784,311.5165,312.2943,313.1219,313.9972,314.9109,315.8467,316.7811,317.6835,318.5166,319.2379,319.8022,320.1658,320.2919,320.1558,319.7509,319.0919,318.2163,317.1826,299.9862564175957,309.4340993042246,723.7901,31.88929999999993,105.19629999999997,0.9972000000000208
2878,2878,2878.0,2878.0,2878.0,2878.0,2878.0,2878.0,2878.0,2878.0,2878.0,2878.0,2878.0,2878.0,2878.0,2878.0,2878.0,2878.0,2878.0,2878.0,2878.0,2878.0,2878.0,2878.0,2878.0,2878.0,2878.0,2878.0,2878.0,2878.0,2878.0,2878.0,2878.0,2878.0,2878.0,2878.0,2878.0,2878.0,2878.0,2878.0,2878.0,2878.0,2878.0,8.0,,,,,,,,,0.8,302.3659,304.6738,306.8474,308.8398,310.6226,312.1855,313.5313,314.6698,315.6115,316.362,316.9192,317.2721,317.4025,317.2883,316.9086,316.2497,315.3112,314.1112,312.689,311.1044,307.0059722025362,319.6378464111265,755.6794,36.38729999999998,73.30700000000002,0.9972000000000208
2879,2879,2879.0,2879.0,2879.0,2879.0,2879.0,2879.0,2879.0,2879.0,2879.0,2879.0,2879.0,2879.0,2879.0,2879.0,2879.0,2879.0,2879.0,2879.0,2879.0,2879.0,2879.0,2879.0,2879.0,2879.0,2879.0,2879.0,2879.0,2879.0,2879.0,2879.0,2879.0,2879.0,2879.0,2879.0,2879.0,2879.0,2879.0,2879.0,2879.0,2879.0,2879.0,9.0,,,,,,,,,0.9,307.6887,308.3931,309.1348,309.9186,310.7372,311.5715,312.395,313.1779,313.8934,314.5218,315.0544,315.4957,315.8632,316.186,316.5004,316.8442,317.25,317.7379,318.3111,318.9547,307.1664724703597,321.4324891664948,792.0667,36.919700000000034,36.919700000000034,0.9972000000000208
2880,2880,2880.0,2880.0,2880.0,2880.0,2880.0,2880.0,2880.0,2880.0,2880.0,2880.0,2880.0,2880.0,2880.0,2880.0,2880.0,2880.0,2880.0,2880.0,2880.0,2880.0,2880.0,2880.0,2880.0,2880.0,2880.0,2880.0,2880.0,2880.0,2880.0,2880.0,2880.0,2880.0,2880.0,2880.0,2880.0,2880.0,2880.0,2880.0,2880.0,2880.0,0.0,,,,,,,,,,0.0,273.0,273.0,273.0,273.0,273.0,273.0,273.0,273.0,273.0,273.0,273.0,273.0,273.0,273.0,273.0,273.0,273.0,273.0,273.0,273.0,372.9999292395852,372.9999652488604,0.0,368.7879,1124.6444,30.309900000000027
2881,2881,2881.0,2881.0,2881.0,2881.0,2881.0,2881.0,2881.0,2881.0,2881.0,2881.0,2881.0,2881.0,2881.0,2881.0,2881.0,2881.0,2881.0,2881.0,2881.0,2881.0,2881.0,2881.0,2881.0,2881.0,2881.0,2881.0,2881.0,2881.0,2881.0,2881.0,2881.0,2881.0,2881.0,2881.0,2881.0,2881.0,2881.0,2881.0,2881.0,2881.0,1.0,,,,,,,,,,0.1,355.9582,339.696,324.8873,312.0201,301.3574,292.9443,286.6547,282.2609,279.5107,278.1944,278.1944,279.5107,282.2609,286.6547,292.9443,301.3574,312.0201,324.8873,339.696,355.9583,372.99981142792177,350.8068867607228,368.7879,154.7942,755.8564999999999,30.309900000000027
2882,2882,2882.0,2882.0,2882.0,2882.0,2882.0,2882.0,2882.0,2882.0,2882.0,2882.0,2882.0,2882.0,2882.0,2882.0,2882.0,2882.0,2882.0,2882.0,2882.0,2882.0,2882.0,2882.0,2882.0,2882.0,2882.0,2882.0,2882.0,2882.0,2882.0,2882.0,2882.0,2882.0,2882.0,2882.0,2882.0,2882.0,2882.0,2882.0,2882.0,2882.0,2.0,,,,,,,,,,0.2,361.0755,349.4608,338.4496,328.3059,319.2539,311.472,305.0913,300.1977,296.8363,295.0154,294.7107,295.8671,298.3998,302.1952,307.1134,312.9935,319.6617,326.9413,334.6621,342.6658,173.00484436475793,372.9999369910466,523.5821,78.38870000000009,601.0622999999999,30.309900000000027
2883,2883,2883.0,2883.0,2883.0,2883.0,2883.0,2883.0,2883.0,2883.0,2883.0,2883.0,2883.0,2883.0,2883.0,2883.0,2883.0,2883.0,2883.0,2883.0,2883.0,2883.0,2883.0,2883.0,2883.0,2883.0,2883.0,2883.0,2883.0,2883.0,2883.0,2883.0,2883.0,2883.0,2883.0,2883.0,2883.0,2883.0,2883.0,2883.0,2883.0,2883.0,3.0,,,,,,,,,,0.3,197.8609,221.3654,242.3735,260.1052,274.2234,284.8227,292.346,297.4596,300.9225,303.477,305.7746,308.3401,311.5637,315.7115,320.9413,327.3169,334.8174,343.3423,352.7165,362.6993,372.9999540690676,372.9999335625205,601.9708,55.64469999999994,522.6735999999999,30.309900000000027
2884,2884,2884.0,2884.0,2884.0,2884.0,2884.0,2884.0,2884.0,2884.0,2884.0,2884.0,2884.0,2884.0,2884.0,2884.0,2884.0,2884.0,2884.0,2884.0,2884.0,2884.0,2884.0,2884.0,2884.0,2884.0,2884.0,2884.0,2884.0,2884.0,2884.0,2884.0,2884.0,2884.0,2884.0,2884.0,2884.0,2884.0,2884.0,2884.0,2884.0,2884.0,4.0,,,,,,,,,,0.4,355.7712,339.6984,325.7598,314.622,306.5804,301.5793,299.2946,299.25,300.9314,303.8768,307.7283,312.2467,317.2987,322.8271,328.8171,335.266,342.1601,349.4613,357.1021,364.9871,322.6626869057406,372.9999591685672,657.6155,17.290499999999952,467.0288999999999,30.309900000000027
2885,2885,2885.0,2885.0,2885.0,2885.0,2885.0,2885.0,2885.0,2885.0,2885.0,2885.0,2885.0,2885.0,2885.0,2885.0,2885.0,2885.0,2885.0,2885.0,2885.0,2885.0,2885.0,2885.0,2885.0,2885.0,2885.0,2885.0,2885.0,2885.0,2885.0,2885.0,2885.0,2885.0,2885.0,2885.0,2885.0,2885.0,2885.0,2885.0,2885.0,2885.0,5.0,,,,,,,,,,0.5,321.0244,319.3721,317.7184,316.121,314.6856,313.555,312.8876,312.8321,313.5063,314.9843,317.2925,320.4145,324.3009,328.8797,334.0669,339.7732,345.9089,352.3855,359.1164,366.016,365.2236573654631,368.54281607310656,674.906,37.323800000000006,449.7384,30.309900000000027
2886,2886,2886.0,2886.0,2886.0,2886.0,2886.0,2886.0,2886.0,2886.0,2886.0,2886.0,2886.0,2886.0,2886.0,2886.0,2886.0,2886.0,2886.0,2886.0,2886.0,2886.0,2886.0,2886.0,2886.0,2886.0,2886.0,2886.0,2886.0,2886.0,2886.0,2886.0,2886.0,2886.0,2886.0,2886.0,2886.0,2886.0,2886.0,2886.0,2886.0,2886.0,6.0,,,,,,,,,,0.6,356.8356,348.8456,341.6068,335.3923,330.3771,326.6378,324.1678,322.9004,322.7334,323.5502,325.2335,327.6721,330.7626,334.4087,338.5195,343.0085,347.7947,352.8036,357.9688,363.2323,267.7262832927559,372.99996507448185,712.2298,55.39140000000009,412.4146,30.309900000000027
2887,2887,2887.0,2887.0,2887.0,2887.0,2887.0,2887.0,2887.0,2887.0,2887.0,2887.0,2887.0,2887.0,2887.0,2887.0,2887.0,2887.0,2887.0,2887.0,2887.0,2887.0,2887.0,2887.0,2887.0,2887.0,2887.0,2887.0,2887.0,2887.0,2887.0,2887.0,2887.0,2887.0,2887.0,2887.0,2887.0,2887.0,2887.0,2887.0,2887.0,2887.0,7.0,,,,,,,,,,0.7,278.7631,289.219,298.6077,306.6089,313.1024,318.1599,322.0038,324.9469,327.3313,329.4776,331.6525,334.0547,336.8153,340.0064,343.6533,347.7461,352.2485,357.1039,362.2396,367.5699,372.9999502416458,372.9998390155809,767.6212,53.55160000000001,357.02319999999986,30.309900000000027
2888,2888,2888.0,2888.0,2888.0,2888.0,2888.0,2888.0,2888.0,2888.0,2888.0,2888.0,2888.0,2888.0,2888.0,2888.0,2888.0,2888.0,2888.0,2888.0,2888.0,2888.0,2888.0,2888.0,2888.0,2888.0,2888.0,2888.0,2888.0,2888.0,2888.0,2888.0,2888.0,2888.0,2888.0,2888.0,2888.0,2888.0,2888.0,2888.0,2888.0,2888.0,8.0,,,,,,,,,,0.8,362.7787,353.2181,344.8812,338.1605,333.2431,330.12,328.6286,328.5142,329.4914,331.2932,333.7012,336.5559,339.7527,343.2296,346.9512,350.895,355.0399,359.3605,363.823,368.3855,372.9996545161754,372.9999464395,821.1728,143.0827999999999,303.47159999999985,30.309900000000027
2889,2889,2889.0,2889.0,2889.0,2889.0,2889.0,2889.0,2889.0,2889.0,2889.0,2889.0,2889.0,2889.0,2889.0,2889.0,2889.0,2889.0,2889.0,2889.0,2889.0,2889.0,2889.0,2889.0,2889.0,2889.0,2889.0,2889.0,2889.0,2889.0,2889.0,2889.0,2889.0,2889.0,2889.0,2889.0,2889.0,2889.0,2889.0,2889.0,2889.0,2889.0,9.0,,,,,,,,,,0.9,366.873,360.9714,355.5043,350.6519,346.5553,343.3099,340.9651,339.5271,338.9654,339.2216,340.2185,341.8688,344.0824,346.772,349.8562,353.2613,356.9211,360.7766,364.7742,368.8642,262.710023694624,372.9996518996514,964.2556,160.38879999999995,160.38879999999995,30.309900000000027
2890,2890,2890.0,2890.0,2890.0,2890.0,2890.0,2890.0,2890.0,2890.0,2890.0,2890.0,2890.0,2890.0,2890.0,2890.0,2890.0,2890.0,2890.0,2890.0,2890.0,2890.0,2890.0,2890.0,2890.0,2890.0,2890.0,2890.0,2890.0,2890.0,2890.0,2890.0,2890.0,2890.0,2890.0,2890.0,2890.0,2890.0,2890.0,2890.0,2890.0,2890.0,0.0,,,,,,,,,,0.0,273.0,273.0,273.0,273.0,273.0,273.0,273.0,273.0,273.0,273.0,273.0,273.0,273.0,273.0,273.0,273.0,273.0,273.0,273.0,273.0,372.9999607900658,372.9999758358831,0.0,368.7878,1122.3895,30.220700000000026
2891,2891,2891.0,2891.0,2891.0,2891.0,2891.0,2891.0,2891.0,2891.0,2891.0,2891.0,2891.0,2891.0,2891.0,2891.0,2891.0,2891.0,2891.0,2891.0,2891.0,2891.0,2891.0,2891.0,2891.0,2891.0,2891.0,2891.0,2891.0,2891.0,2891.0,2891.0,2891.0,2891.0,2891.0,2891.0,2891.0,2891.0,2891.0,2891.0,2891.0,2891.0,1.0,,,,,,,,,,0.1,355.9583,339.696,324.8873,312.0201,301.3574,292.9443,286.6547,282.2609,279.5107,278.1944,278.1944,279.5107,282.2609,286.6547,292.9443,301.3574,312.0201,324.8873,339.696,355.9583,372.99971856632055,350.8068859039521,368.7878,154.79429999999996,753.6016999999999,30.220700000000026
2892,2892,2892.0,2892.0,2892.0,2892.0,2892.0,2892.0,2892.0,2892.0,2892.0,2892.0,2892.0,2892.0,2892.0,2892.0,2892.0,2892.0,2892.0,2892.0,2892.0,2892.0,2892.0,2892.0,2892.0,2892.0,2892.0,2892.0,2892.0,2892.0,2892.0,2892.0,2892.0,2892.0,2892.0,2892.0,2892.0,2892.0,2892.0,2892.0,2892.0,2892.0,2.0,,,,,,,,,,0.2,361.0754,349.4608,338.4496,328.3059,319.2539,311.472,305.0913,300.1977,296.8363,295.0154,294.7107,295.8671,298.3998,302.1952,307.1134,312.9935,319.6617,326.9413,334.6621,342.6658,173.00484436475793,372.9999369910466,523.5821,78.3886,598.8074,30.220700000000026
2893,2893,2893.0,2893.0,2893.0,2893.0,2893.0,2893.0,2893.0,2893.0,2893.0,2893.0,2893.0,2893.0,2893.0,2893.0,2893.0,2893.0,2893.0,2893.0,2893.0,2893.0,2893.0,2893.0,2893.0,2893.0,2893.0,2893.0,2893.0,2893.0,2893.0,2893.0,2893.0,2893.0,2893.0,2893.0,2893.0,2893.0,2893.0,2893.0,2893.0,2893.0,3.0,,,,,,,,,,0.3,197.8609,221.3654,242.3735,260.1052,274.2234,284.8227,292.346,297.4596,300.9225,303.477,305.7746,308.3401,311.5637,315.7115,320.9413,327.3169,334.8174,343.3423,352.7165,362.6993,372.9999540690656,372.9999335625205,601.9707,55.64480000000003,520.4188,30.220700000000026
2894,2894,2894.0,2894.0,2894.0,2894.0,2894.0,2894.0,2894.0,2894.0,2894.0,2894.0,2894.0,2894.0,2894.0,2894.0,2894.0,2894.0,2894.0,2894.0,2894.0,2894.0,2894.0,2894.0,2894.0,2894.0,2894.0,2894.0,2894.0,2894.0,2894.0,2894.0,2894.0,2894.0,2894.0,2894.0,2894.0,2894.0,2894.0,2894.0,2894.0,2894.0,4.0,,,,,,,,,,0.4,355.7712,339.6984,325.7598,314.622,306.5804,301.5793,299.2946,299.25,300.9314,303.8768,307.7283,312.2467,317.2987,322.8271,328.8171,335.266,342.1601,349.4613,357.1021,364.9871,322.6626778590128,372.9999591685672,657.6155,17.290499999999952,464.774,30.220700000000026
2895,2895,2895.0,2895.0,2895.0,2895.0,2895.0,2895.0,2895.0,2895.0,2895.0,2895.0,2895.0,2895.0,2895.0,2895.0,2895.0,2895.0,2895.0,2895.0,2895.0,2895.0,2895.0,2895.0,2895.0,2895.0,2895.0,2895.0,2895.0,2895.0,2895.0,2895.0,2895.0,2895.0,2895.0,2895.0,2895.0,2895.0,2895.0,2895.0,2895.0,2895.0,5.0,,,,,,,,,,0.5,321.0244,319.372,317.7184,316.121,314.6856,313.555,312.8876,312.8321,313.5063,314.9843,317.2925,320.4145,324.3009,328.8797,334.0669,339.7732,345.9089,352.3855,359.1164,366.016,365.44361791725055,368.63176718945465,674.906,37.42090000000008,447.4835000000001,30.220700000000026
2896,2896,2896.0,2896.0,2896.0,2896.0,2896.0,2896.0,2896.0,2896.0,2896.0,2896.0,2896.0,2896.0,2896.0,2896.0,2896.0,2896.0,2896.0,2896.0,2896.0,2896.0,2896.0,2896.0,2896.0,2896.0,2896.0,2896.0,2896.0,2896.0,2896.0,2896.0,2896.0,2896.0,2896.0,2896.0,2896.0,2896.0,2896.0,2896.0,2896.0,2896.0,6.0,,,,,,,,,,0.6,357.0182,348.9925,341.721,335.4781,330.4393,326.6814,324.1974,322.92,322.7463,323.5592,325.2407,327.6793,330.7716,334.4213,338.5374,343.0338,347.8294,352.8498,358.0282,363.3061,266.60014227166783,372.9999316556069,712.3269,55.2835,410.0626,30.220700000000026
2897,2897,2897.0,2897.0,2897.0,2897.0,2897.0,2897.0,2897.0,2897.0,2897.0,2897.0,2897.0,2897.0,2897.0,2897.0,2897.0,2897.0,2897.0,2897.0,2897.0,2897.0,2897.0,2897.0,2897.0,2897.0,2897.0,2897.0,2897.0,2897.0,2897.0,2897.0,2897.0,2897.0,2897.0,2897.0,2897.0,2897.0,2897.0,2897.0,2897.0,2897.0,7.0,,,,,,,,,,0.7,277.8399,288.4891,298.0526,306.2045,312.8214,317.975,321.8901,324.8833,327.3011,329.4685,331.6562,334.0659,336.8305,340.0235,343.6709,347.7631,352.2638,357.1166,362.2486,367.5746,372.9999581276952,372.999945948852,767.6104,52.82280000000003,354.7791,30.220700000000026
2898,2898,2898.0,2898.0,2898.0,2898.0,2898.0,2898.0,2898.0,2898.0,2898.0,2898.0,2898.0,2898.0,2898.0,2898.0,2898.0,2898.0,2898.0,2898.0,2898.0,2898.0,2898.0,2898.0,2898.0,2898.0,2898.0,2898.0,2898.0,2898.0,2898.0,2898.0,2898.0,2898.0,2898.0,2898.0,2898.0,2898.0,2898.0,2898.0,2898.0,2898.0,8.0,,,,,,,,,,0.8,362.7282,353.1224,344.7502,338.0068,333.0799,329.9596,328.4808,328.3857,329.3854,331.2105,333.6401,336.5135,339.7256,343.2141,346.9439,350.893,355.041,359.3628,363.8252,368.3869,372.9995316195997,372.9998924972488,820.4332,142.2109999999999,301.95629999999994,30.220700000000026
2899,2899,2899.0,2899.0,2899.0,2899.0,2899.0,2899.0,2899.0,2899.0,2899.0,2899.0,2899.0,2899.0,2899.0,2899.0,2899.0,2899.0,2899.0,2899.0,2899.0,2899.0,2899.0,2899.0,2899.0,2899.0,2899.0,2899.0,2899.0,2899.0,2899.0,2899.0,2899.0,2899.0,2899.0,2899.0,2899.0,2899.0,2899.0,2899.0,2899.0,2899.0,9.0,,,,,,,,,,0.9,366.8515,360.9299,355.4452,350.5787,346.4719,343.2207,340.8742,339.4383,338.8818,339.1456,340.1516,341.8117,344.0351,346.7341,349.8267,353.2391,356.9051,360.7657,364.7674,368.861,262.71007741632405,372.9999329808901,962.6442,159.74530000000004,159.74530000000004,30.220700000000026
2900,2900,2900.0,2900.0,2900.0,2900.0,2900.0,2900.0,2900.0,2900.0,2900.0,2900.0,2900.0,2900.0,2900.0,2900.0,2900.0,2900.0,2900.0,2900.0,2900.0,2900.0,2900.0,2900.0,2900.0,2900.0,2900.0,2900.0,2900.0,2900.0,2900.0,2900.0,2900.0,2900.0,2900.0,2900.0,2900.0,2900.0,2900.0,2900.0,2900.0,2900.0,0.0,,,,,,,,,,0.0,273.0,273.0,273.0,273.0,273.0,273.0,273.0,273.0,273.0,273.0,273.0,273.0,273.0,273.0,273.0,273.0,273.0,273.0,273.0,273.0,372.9999379303288,372.9999660487776,0.0,368.7879,1122.0908,30.20890000000003
2901,2901,2901.0,2901.0,2901.0,2901.0,2901.0,2901.0,2901.0,2901.0,2901.0,2901.0,2901.0,2901.0,2901.0,2901.0,2901.0,2901.0,2901.0,2901.0,2901.0,2901.0,2901.0,2901.0,2901.0,2901.0,2901.0,2901.0,2901.0,2901.0,2901.0,2901.0,2901.0,2901.0,2901.0,2901.0,2901.0,2901.0,2901.0,2901.0,2901.0,2901.0,1.0,,,,,,,,,,0.1,355.9582,339.696,324.8873,312.0201,301.3574,292.9443,286.6547,282.2609,279.5107,278.1944,278.1944,279.5107,282.2609,286.6547,292.9443,301.3574,312.0201,324.8873,339.696,355.9583,372.99772315370535,350.8079449720016,368.7879,154.79360000000003,753.3028999999999,30.20890000000003
2902,2902,2902.0,2902.0,2902.0,2902.0,2902.0,2902.0,2902.0,2902.0,2902.0,2902.0,2902.0,2902.0,2902.0,2902.0,2902.0,2902.0,2902.0,2902.0,2902.0,2902.0,2902.0,2902.0,2902.0,2902.0,2902.0,2902.0,2902.0,2902.0,2902.0,2902.0,2902.0,2902.0,2902.0,2902.0,2902.0,2902.0,2902.0,2902.0,2902.0,2902.0,2.0,,,,,,,,,,0.2,361.0738,349.4594,338.4485,328.3051,319.2533,311.4716,305.091,300.1975,296.8362,295.0153,294.7107,295.8672,298.3999,302.1954,307.1136,312.9938,319.6621,326.9419,334.6628,342.6667,173.00484436475793,372.9999369910466,523.5815,78.38789999999995,598.5092999999999,30.20890000000003
2903,2903,2903.0,2903.0,2903.0,2903.0,2903.0,2903.0,2903.0,2903.0,2903.0,2903.0,2903.0,2903.0,2903.0,2903.0,2903.0,2903.0,2903.0,2903.0,2903.0,2903.0,2903.0,2903.0,2903.0,2903.0,2903.0,2903.0,2903.0,2903.0,2903.0,2903.0,2903.0,2903.0,2903.0,2903.0,2903.0,2903.0,2903.0,2903.0,2903.0,2903.0,3.0,,,,,,,,,,0.3,197.8608,221.3652,242.3732,260.1049,274.2231,284.8224,292.3457,297.4594,300.9223,303.4768,305.7746,308.3401,311.5638,315.7116,320.9415,327.3171,334.8176,343.3424,352.7166,362.6993,372.9999335625205,372.9999335625205,601.9694,55.6454,520.1214,30.20890000000003
2904,2904,2904.0,2904.0,2904.0,2904.0,2904.0,2904.0,2904.0,2904.0,2904.0,2904.0,2904.0,2904.0,2904.0,2904.0,2904.0,2904.0,2904.0,2904.0,2904.0,2904.0,2904.0,2904.0,2904.0,2904.0,2904.0,2904.0,2904.0,2904.0,2904.0,2904.0,2904.0,2904.0,2904.0,2904.0,2904.0,2904.0,2904.0,2904.0,2904.0,2904.0,4.0,,,,,,,,,,0.4,355.7711,339.6983,325.7597,314.6218,306.5803,301.5791,299.2945,299.2499,300.9313,303.8767,307.7282,312.2467,317.2987,322.8271,328.8172,335.2661,342.1601,349.4613,357.1021,364.9871,322.6626869057406,372.9999591685675,657.6148,17.290300000000002,464.476,30.20890000000003
2905,2905,2905.0,2905.0,2905.0,2905.0,2905.0,2905.0,2905.0,2905.0,2905.0,2905.0,2905.0,2905.0,2905.0,2905.0,2905.0,2905.0,2905.0,2905.0,2905.0,2905.0,2905.0,2905.0,2905.0,2905.0,2905.0,2905.0,2905.0,2905.0,2905.0,2905.0,2905.0,2905.0,2905.0,2905.0,2905.0,2905.0,2905.0,2905.0,2905.0,2905.0,5.0,,,,,,,,,,0.5,321.0244,319.372,317.7184,316.1209,314.6855,313.5549,312.8875,312.832,313.5063,314.9842,317.2924,320.4145,324.3008,328.8797,334.0668,339.7732,345.9089,352.3855,359.1164,366.016,365.4717198141408,368.6432839510995,674.9051,37.433200000000056,447.1857,30.20890000000003
2906,2906,2906.0,2906.0,2906.0,2906.0,2906.0,2906.0,2906.0,2906.0,2906.0,2906.0,2906.0,2906.0,2906.0,2906.0,2906.0,2906.0,2906.0,2906.0,2906.0,2906.0,2906.0,2906.0,2906.0,2906.0,2906.0,2906.0,2906.0,2906.0,2906.0,2906.0,2906.0,2906.0,2906.0,2906.0,2906.0,2906.0,2906.0,2906.0,2906.0,2906.0,6.0,,,,,,,,,,0.6,357.0415,349.0112,341.7356,335.489,330.4472,326.6869,324.2011,322.9224,322.7479,323.5603,325.2416,327.6802,330.7727,334.4229,338.5397,343.0371,347.8339,352.8557,358.0358,363.3156,266.4526220168499,372.9998278471306,712.3383,55.26869999999997,409.7525,30.20890000000003
2907,2907,2907.0,2907.0,2907.0,2907.0,2907.0,2907.0,2907.0,2907.0,2907.0,2907.0,2907.0,2907.0,2907.0,2907.0,2907.0,2907.0,2907.0,2907.0,2907.0,2907.0,2907.0,2907.0,2907.0,2907.0,2907.0,2907.0,2907.0,2907.0,2907.0,2907.0,2907.0,2907.0,2907.0,2907.0,2907.0,2907.0,2907.0,2907.0,2907.0,2907.0,7.0,,,,,,,,,,0.7,277.719,288.3933,297.9798,306.1514,312.7844,317.9507,321.875,324.8748,327.297,329.4672,331.6566,334.0673,336.8324,340.0257,343.6731,347.7652,352.2658,357.1182,362.2497,367.5751,372.9999551760512,372.9999358446991,767.607,52.727300000000014,354.4838,30.20890000000003
2908,2908,2908.0,2908.0,2908.0,2908.0,2908.0,2908.0,2908.0,2908.0,2908.0,2908.0,2908.0,2908.0,2908.0,2908.0,2908.0,2908.0,2908.0,2908.0,2908.0,2908.0,2908.0,2908.0,2908.0,2908.0,2908.0,2908.0,2908.0,2908.0,2908.0,2908.0,2908.0,2908.0,2908.0,2908.0,2908.0,2908.0,2908.0,2908.0,2908.0,2908.0,8.0,,,,,,,,,,0.8,362.7216,353.1099,344.733,337.9865,333.0585,329.9385,328.4614,328.3687,329.3715,331.1995,333.632,336.5078,339.7219,343.2119,346.9429,350.8927,355.0411,359.3631,363.8255,368.3871,372.9995466424166,372.9998724060546,820.3343,142.09620000000007,301.7565,30.20890000000003
2909,2909,2909.0,2909.0,2909.0,2909.0,2909.0,2909.0,2909.0,2909.0,2909.0,2909.0,2909.0,2909.0,2909.0,2909.0,2909.0,2909.0,2909.0,2909.0,2909.0,2909.0,2909.0,2909.0,2909.0,2909.0,2909.0,2909.0,2909.0,2909.0,2909.0,2909.0,2909.0,2909.0,2909.0,2909.0,2909.0,2909.0,2909.0,2909.0,2909.0,2909.0,9.0,,,,,,,,,,0.9,366.8487,360.9244,355.4374,350.5691,346.4609,343.2089,340.8622,339.4266,338.8708,339.1356,340.1427,341.8041,344.0288,346.729,349.8228,353.2362,356.903,360.7642,364.7665,368.8606,262.7098409776599,372.9997178761187,962.4305,159.6602999999999,159.6602999999999,30.20890000000003
2910,2910,2910.0,2910.0,2910.0,2910.0,2910.0,2910.0,2910.0,2910.0,2910.0,2910.0,2910.0,2910.0,2910.0,2910.0,2910.0,2910.0,2910.0,2910.0,2910.0,2910.0,2910.0,2910.0,2910.0,2910.0,2910.0,2910.0,2910.0,2910.0,2910.0,2910.0,2910.0,2910.0,2910.0,2910.0,2910.0,2910.0,2910.0,2910.0,2910.0,2910.0,0.0,,,,,,,,,,0.0,273.0,273.0,273.0,273.0,273.0,273.0,273.0,273.0,273.0,273.0,273.0,273.0,273.0,273.0,273.0,273.0,273.0,273.0,273.0,273.0,372.99996426648886,372.99997827861097,0.0,368.7878,1121.6206,30.211799999999982
2911,2911,2911.0,2911.0,2911.0,2911.0,2911.0,2911.0,2911.0,2911.0,2911.0,2911.0,2911.0,2911.0,2911.0,2911.0,2911.0,2911.0,2911.0,2911.0,2911.0,2911.0,2911.0,2911.0,2911.0,2911.0,2911.0,2911.0,2911.0,2911.0,2911.0,2911.0,2911.0,2911.0,2911.0,2911.0,2911.0,2911.0,2911.0,2911.0,2911.0,2911.0,1.0,,,,,,,,,,0.1,355.9583,339.696,324.8873,312.0201,301.3574,292.9443,286.6547,282.2609,279.5107,278.1944,278.1944,279.5107,282.2609,286.6547,292.9443,301.3574,312.0201,324.8873,339.696,355.9583,372.137094114954,351.24204050810897,368.7878,154.5528,752.8327999999999,30.211799999999982
2912,2912,2912.0,2912.0,2912.0,2912.0,2912.0,2912.0,2912.0,2912.0,2912.0,2912.0,2912.0,2912.0,2912.0,2912.0,2912.0,2912.0,2912.0,2912.0,2912.0,2912.0,2912.0,2912.0,2912.0,2912.0,2912.0,2912.0,2912.0,2912.0,2912.0,2912.0,2912.0,2912.0,2912.0,2912.0,2912.0,2912.0,2912.0,2912.0,2912.0,2912.0,2.0,,,,,,,,,,0.2,360.3599,348.8855,338.0022,327.9697,319.0102,311.3019,304.9774,300.1253,296.794,294.9954,294.7085,295.8815,298.4326,302.2507,307.1982,313.1159,319.831,327.1669,334.9522,343.0267,173.00006293048384,372.9999337041676,523.3406,78.07749999999999,598.28,30.211799999999982
2913,2913,2913.0,2913.0,2913.0,2913.0,2913.0,2913.0,2913.0,2913.0,2913.0,2913.0,2913.0,2913.0,2913.0,2913.0,2913.0,2913.0,2913.0,2913.0,2913.0,2913.0,2913.0,2913.0,2913.0,2913.0,2913.0,2913.0,2913.0,2913.0,2913.0,2913.0,2913.0,2913.0,2913.0,2913.0,2913.0,2913.0,2913.0,2913.0,2913.0,2913.0,3.0,,,,,,,,,,0.3,197.8148,221.2825,242.2619,259.9753,274.0866,284.6897,292.2259,297.3592,300.8462,303.4268,305.7508,308.341,311.5864,315.7519,320.994,327.3758,334.8758,343.3934,352.7544,362.7195,372.9999820696952,372.9998980323697,601.4181,55.907100000000014,520.2025,30.211799999999982
2914,2914,2914.0,2914.0,2914.0,2914.0,2914.0,2914.0,2914.0,2914.0,2914.0,2914.0,2914.0,2914.0,2914.0,2914.0,2914.0,2914.0,2914.0,2914.0,2914.0,2914.0,2914.0,2914.0,2914.0,2914.0,2914.0,2914.0,2914.0,2914.0,2914.0,2914.0,2914.0,2914.0,2914.0,2914.0,2914.0,2914.0,2914.0,2914.0,2914.0,2914.0,4.0,,,,,,,,,,0.4,355.7542,339.6656,325.7135,314.5654,306.5174,301.5139,299.2308,299.1913,300.8806,303.836,307.6986,312.2282,317.2905,322.8277,328.8244,335.2775,342.1732,349.4736,357.1115,364.9922,322.6627202395353,372.99971856632055,657.3252,17.240300000000047,464.2954,30.211799999999982
2915,2915,2915.0,2915.0,2915.0,2915.0,2915.0,2915.0,2915.0,2915.0,2915.0,2915.0,2915.0,2915.0,2915.0,2915.0,2915.0,2915.0,2915.0,2915.0,2915.0,2915.0,2915.0,2915.0,2915.0,2915.0,2915.0,2915.0,2915.0,2915.0,2915.0,2915.0,2915.0,2915.0,2915.0,2915.0,2915.0,2915.0,2915.0,2915.0,2915.0,2915.0,5.0,,,,,,,,,,0.5,321.0159,319.3555,317.6947,316.0915,314.6518,313.5187,312.8504,312.7958,313.4723,314.9537,317.2661,320.3929,324.2839,328.8672,334.0582,339.7678,345.9058,352.384,359.1157,366.0157,365.4438152387478,368.6323108139973,674.5655,37.3338,447.0550999999999,30.211799999999982
2916,2916,2916.0,2916.0,2916.0,2916.0,2916.0,2916.0,2916.0,2916.0,2916.0,2916.0,2916.0,2916.0,2916.0,2916.0,2916.0,2916.0,2916.0,2916.0,2916.0,2916.0,2916.0,2916.0,2916.0,2916.0,2916.0,2916.0,2916.0,2916.0,2916.0,2916.0,2916.0,2916.0,2916.0,2916.0,2916.0,2916.0,2916.0,2916.0,2916.0,2916.0,6.0,,,,,,,,,,0.6,357.0134,348.9829,341.7071,335.4604,330.4186,326.6585,324.1732,322.8953,322.722,323.536,325.2191,327.6597,330.7544,334.4065,338.5252,343.0241,347.822,352.8445,358.0249,363.3047,266.5994218463603,372.9996660040212,711.8993,55.18809999999996,409.7212999999999,30.211799999999982
2917,2917,2917.0,2917.0,2917.0,2917.0,2917.0,2917.0,2917.0,2917.0,2917.0,2917.0,2917.0,2917.0,2917.0,2917.0,2917.0,2917.0,2917.0,2917.0,2917.0,2917.0,2917.0,2917.0,2917.0,2917.0,2917.0,2917.0,2917.0,2917.0,2917.0,2917.0,2917.0,2917.0,2917.0,2917.0,2917.0,2917.0,2917.0,2917.0,2917.0,2917.0,7.0,,,,,,,,,,0.7,277.8361,288.4822,298.043,306.1923,312.8071,317.9591,321.8729,324.8654,327.283,329.4506,331.639,334.0496,336.8155,340.0101,343.6592,347.7532,352.2558,357.1105,362.2445,367.5724,372.9999005166456,372.9999355006358,767.0874,52.75249999999994,354.5332,30.211799999999982
2918,2918,2918.0,2918.0,2918.0,2918.0,2918.0,2918.0,2918.0,2918.0,2918.0,2918.0,2918.0,2918.0,2918.0,2918.0,2918.0,2918.0,2918.0,2918.0,2918.0,2918.0,2918.0,2918.0,2918.0,2918.0,2918.0,2918.0,2918.0,2918.0,2918.0,2918.0,2918.0,2918.0,2918.0,2918.0,2918.0,2918.0,2918.0,2918.0,2918.0,2918.0,8.0,,,,,,,,,,0.8,362.7258,353.1178,344.7435,337.9981,333.0696,329.9479,328.4681,328.3721,329.3715,331.1965,333.6263,336.5003,339.7132,343.2027,346.9339,350.8843,355.0339,359.3574,363.8216,368.3851,372.9995178214021,372.99989249737104,819.8399,142.11800000000005,301.7807,30.211799999999982
2919,2919,2919.0,2919.0,2919.0,2919.0,2919.0,2919.0,2919.0,2919.0,2919.0,2919.0,2919.0,2919.0,2919.0,2919.0,2919.0,2919.0,2919.0,2919.0,2919.0,2919.0,2919.0,2919.0,2919.0,2919.0,2919.0,2919.0,2919.0,2919.0,2919.0,2919.0,2919.0,2919.0,2919.0,2919.0,2919.0,2919.0,2919.0,2919.0,2919.0,2919.0,9.0,,,,,,,,,,0.9,366.8498,360.9264,355.4402,350.5722,346.4641,343.2118,340.8645,339.4279,338.871,339.1347,340.1407,341.8011,344.0252,346.7249,349.8185,353.232,356.8993,360.7612,364.7644,368.8595,262.7088286457053,372.99919881426734,961.9579,159.66269999999997,159.66269999999997,30.211799999999982
2920,2920,2920.0,2920.0,2920.0,2920.0,2920.0,2920.0,2920.0,2920.0,2920.0,2920.0,2920.0,2920.0,2920.0,2920.0,2920.0,2920.0,2920.0,2920.0,2920.0,2920.0,2920.0,2920.0,2920.0,2920.0,2920.0,2920.0,2920.0,2920.0,2920.0,2920.0,2920.0,2920.0,2920.0,2920.0,2920.0,2920.0,2920.0,2920.0,2920.0,2920.0,0.0,,,,,,,,,,0.0,273.0,273.0,273.0,273.0,273.0,273.0,273.0,273.0,273.0,273.0,273.0,273.0,273.0,273.0,273.0,273.0,273.0,273.0,273.0,273.0,372.9998536387738,372.9999258352344,0.0,368.7879,1124.646,30.31
2921,2921,2921.0,2921.0,2921.0,2921.0,2921.0,2921.0,2921.0,2921.0,2921.0,2921.0,2921.0,2921.0,2921.0,2921.0,2921.0,2921.0,2921.0,2921.0,2921.0,2921.0,2921.0,2921.0,2921.0,2921.0,2921.0,2921.0,2921.0,2921.0,2921.0,2921.0,2921.0,2921.0,2921.0,2921.0,2921.0,2921.0,2921.0,2921.0,2921.0,2921.0,1.0,,,,,,,,,,0.1,355.9582,339.6959,324.8872,312.0201,301.3574,292.9443,286.6546,282.2609,279.5107,278.1944,278.1944,279.5107,282.2609,286.6547,292.9443,301.3574,312.0201,324.8873,339.696,355.9582,372.9998593977555,350.8068859039519,368.7879,154.79429999999996,755.8580999999999,30.31
2922,2922,2922.0,2922.0,2922.0,2922.0,2922.0,2922.0,2922.0,2922.0,2922.0,2922.0,2922.0,2922.0,2922.0,2922.0,2922.0,2922.0,2922.0,2922.0,2922.0,2922.0,2922.0,2922.0,2922.0,2922.0,2922.0,2922.0,2922.0,2922.0,2922.0,2922.0,2922.0,2922.0,2922.0,2922.0,2922.0,2922.0,2922.0,2922.0,2922.0,2922.0,2.0,,,,,,,,,,0.2,361.0755,349.4609,338.4496,328.3059,319.2539,311.472,305.0913,300.1977,296.8363,295.0154,294.7107,295.8671,298.3998,302.1952,307.1134,312.9935,319.6616,326.9413,334.6621,342.6658,173.00484436475793,372.9999369910466,523.5822,78.38870000000009,601.0638,30.31
2923,2923,2923.0,2923.0,2923.0,2923.0,2923.0,2923.0,2923.0,2923.0,2923.0,2923.0,2923.0,2923.0,2923.0,2923.0,2923.0,2923.0,2923.0,2923.0,2923.0,2923.0,2923.0,2923.0,2923.0,2923.0,2923.0,2923.0,2923.0,2923.0,2923.0,2923.0,2923.0,2923.0,2923.0,2923.0,2923.0,2923.0,2923.0,2923.0,2923.0,2923.0,3.0,,,,,,,,,,0.3,197.8609,221.3654,242.3735,260.1052,274.2234,284.8227,292.346,297.4596,300.9225,303.477,305.7746,308.3401,311.5637,315.7115,320.9413,327.3169,334.8174,343.3423,352.7165,362.6993,372.9999617627836,372.9999452966829,601.9709,55.64479999999992,522.6750999999999,30.31
2924,2924,2924.0,2924.0,2924.0,2924.0,2924.0,2924.0,2924.0,2924.0,2924.0,2924.0,2924.0,2924.0,2924.0,2924.0,2924.0,2924.0,2924.0,2924.0,2924.0,2924.0,2924.0,2924.0,2924.0,2924.0,2924.0,2924.0,2924.0,2924.0,2924.0,2924.0,2924.0,2924.0,2924.0,2924.0,2924.0,2924.0,2924.0,2924.0,2924.0,2924.0,4.0,,,,,,,,,,0.4,355.7712,339.6984,325.7598,314.622,306.5804,301.5793,299.2946,299.25,300.9314,303.8768,307.7283,312.2467,317.2987,322.8271,328.8171,335.266,342.1601,349.4613,357.1021,364.9871,322.6626869057406,372.9999591685674,657.6157,17.29040000000009,467.0303,30.31
2925,2925,2925.0,2925.0,2925.0,2925.0,2925.0,2925.0,2925.0,2925.0,2925.0,2925.0,2925.0,2925.0,2925.0,2925.0,2925.0,2925.0,2925.0,2925.0,2925.0,2925.0,2925.0,2925.0,2925.0,2925.0,2925.0,2925.0,2925.0,2925.0,2925.0,2925.0,2925.0,2925.0,2925.0,2925.0,2925.0,2925.0,2925.0,2925.0,2925.0,2925.0,5.0,,,,,,,,,,0.5,321.0244,319.3721,317.7184,316.121,314.6856,313.555,312.8876,312.8321,313.5063,314.9843,317.2925,320.4145,324.3009,328.8797,334.0669,339.7732,345.9089,352.3855,359.1164,366.016,365.2236573654631,368.54281607310656,674.9061,37.323800000000006,449.7398999999999,30.31
2926,2926,2926.0,2926.0,2926.0,2926.0,2926.0,2926.0,2926.0,2926.0,2926.0,2926.0,2926.0,2926.0,2926.0,2926.0,2926.0,2926.0,2926.0,2926.0,2926.0,2926.0,2926.0,2926.0,2926.0,2926.0,2926.0,2926.0,2926.0,2926.0,2926.0,2926.0,2926.0,2926.0,2926.0,2926.0,2926.0,2926.0,2926.0,2926.0,2926.0,2926.0,6.0,,,,,,,,,,0.6,356.8356,348.8456,341.6068,335.3923,330.3771,326.6378,324.1678,322.9004,322.7334,323.5502,325.2335,327.6721,330.7626,334.4087,338.5195,343.0085,347.7947,352.8036,357.9688,363.2323,267.72647464476364,372.9999171072908,712.2299,55.39149999999995,412.4160999999999,30.31
2927,2927,2927.0,2927.0,2927.0,2927.0,2927.0,2927.0,2927.0,2927.0,2927.0,2927.0,2927.0,2927.0,2927.0,2927.0,2927.0,2927.0,2927.0,2927.0,2927.0,2927.0,2927.0,2927.0,2927.0,2927.0,2927.0,2927.0,2927.0,2927.0,2927.0,2927.0,2927.0,2927.0,2927.0,2927.0,2927.0,2927.0,2927.0,2927.0,2927.0,2927.0,7.0,,,,,,,,,,0.7,278.7633,289.2192,298.6078,306.609,313.1025,318.16,322.0038,324.9469,327.3313,329.4776,331.6525,334.0547,336.8153,340.0064,343.6533,347.7461,352.2485,357.1039,362.2396,367.5699,372.9999733036876,372.999818688904,767.6214,53.55179999999996,357.0246,30.31
2928,2928,2928.0,2928.0,2928.0,2928.0,2928.0,2928.0,2928.0,2928.0,2928.0,2928.0,2928.0,2928.0,2928.0,2928.0,2928.0,2928.0,2928.0,2928.0,2928.0,2928.0,2928.0,2928.0,2928.0,2928.0,2928.0,2928.0,2928.0,2928.0,2928.0,2928.0,2928.0,2928.0,2928.0,2928.0,2928.0,2928.0,2928.0,2928.0,2928.0,2928.0,8.0,,,,,,,,,,0.8,362.7788,353.2181,344.8812,338.1605,333.2431,330.12,328.6286,328.5142,329.4914,331.2932,333.7012,336.5559,339.7527,343.2296,346.9512,350.8949,355.0399,359.3605,363.823,368.3855,372.9999340543511,372.9998629244505,821.1732,143.08300000000008,303.4728,30.31
2929,2929,2929.0,2929.0,2929.0,2929.0,2929.0,2929.0,2929.0,2929.0,2929.0,2929.0,2929.0,2929.0,2929.0,2929.0,2929.0,2929.0,2929.0,2929.0,2929.0,2929.0,2929.0,2929.0,2929.0,2929.0,2929.0,2929.0,2929.0,2929.0,2929.0,2929.0,2929.0,2929.0,2929.0,2929.0,2929.0,2929.0,2929.0,2929.0,2929.0,2929.0,9.0,,,,,,,,,,0.9,366.8732,360.9716,355.5044,350.6521,346.5554,343.31,340.9652,339.5271,338.9655,339.2217,340.2185,341.8688,344.0824,346.772,349.8562,353.2613,356.9211,360.7766,364.7741,368.8642,262.7105519251071,372.9999310243829,964.2562,160.38979999999992,160.38979999999992,30.31
2930,2930,2930.0,2930.0,2930.0,2930.0,2930.0,2930.0,2930.0,2930.0,2930.0,2930.0,2930.0,2930.0,2930.0,2930.0,2930.0,2930.0,2930.0,2930.0,2930.0,2930.0,2930.0,2930.0,2930.0,2930.0,2930.0,2930.0,2930.0,2930.0,2930.0,2930.0,2930.0,2930.0,2930.0,2930.0,2930.0,2930.0,2930.0,2930.0,2930.0,2930.0,0.0,,,,,,,,,,0.0,273.0,273.0,273.0,273.0,273.0,273.0,273.0,273.0,273.0,273.0,273.0,273.0,273.0,273.0,273.0,273.0,273.0,273.0,273.0,273.0,372.99986717639626,372.9999564403241,0.0,368.7879,1122.4104,30.22120000000001
2931,2931,2931.0,2931.0,2931.0,2931.0,2931.0,2931.0,2931.0,2931.0,2931.0,2931.0,2931.0,2931.0,2931.0,2931.0,2931.0,2931.0,2931.0,2931.0,2931.0,2931.0,2931.0,2931.0,2931.0,2931.0,2931.0,2931.0,2931.0,2931.0,2931.0,2931.0,2931.0,2931.0,2931.0,2931.0,2931.0,2931.0,2931.0,2931.0,2931.0,2931.0,1.0,,,,,,,,,,0.1,355.9582,339.6959,324.8872,312.0201,301.3574,292.9443,286.6546,282.2609,279.5107,278.1944,278.1944,279.5107,282.2609,286.6547,292.9443,301.3574,312.0201,324.8873,339.696,355.9583,372.9998593977544,350.8068859039519,368.7879,154.79429999999996,753.6225,30.22120000000001
2932,2932,2932.0,2932.0,2932.0,2932.0,2932.0,2932.0,2932.0,2932.0,2932.0,2932.0,2932.0,2932.0,2932.0,2932.0,2932.0,2932.0,2932.0,2932.0,2932.0,2932.0,2932.0,2932.0,2932.0,2932.0,2932.0,2932.0,2932.0,2932.0,2932.0,2932.0,2932.0,2932.0,2932.0,2932.0,2932.0,2932.0,2932.0,2932.0,2932.0,2932.0,2.0,,,,,,,,,,0.2,361.0755,349.4609,338.4496,328.3059,319.2539,311.472,305.0913,300.1977,296.8363,295.0154,294.7107,295.8671,298.3998,302.1952,307.1134,312.9935,319.6617,326.9413,334.6621,342.6658,173.00484436475793,372.9999369910466,523.5822,78.38860000000011,598.8282,30.22120000000001
2933,2933,2933.0,2933.0,2933.0,2933.0,2933.0,2933.0,2933.0,2933.0,2933.0,2933.0,2933.0,2933.0,2933.0,2933.0,2933.0,2933.0,2933.0,2933.0,2933.0,2933.0,2933.0,2933.0,2933.0,2933.0,2933.0,2933.0,2933.0,2933.0,2933.0,2933.0,2933.0,2933.0,2933.0,2933.0,2933.0,2933.0,2933.0,2933.0,2933.0,2933.0,3.0,,,,,,,,,,0.3,197.8609,221.3654,242.3735,260.1052,274.2234,284.8227,292.346,297.4596,300.9225,303.477,305.7746,308.3401,311.5637,315.7115,320.9413,327.3169,334.8174,343.3423,352.7165,362.6993,372.9999258352343,372.9999335625205,601.9708,55.64479999999992,520.4395999999999,30.22120000000001
2934,2934,2934.0,2934.0,2934.0,2934.0,2934.0,2934.0,2934.0,2934.0,2934.0,2934.0,2934.0,2934.0,2934.0,2934.0,2934.0,2934.0,2934.0,2934.0,2934.0,2934.0,2934.0,2934.0,2934.0,2934.0,2934.0,2934.0,2934.0,2934.0,2934.0,2934.0,2934.0,2934.0,2934.0,2934.0,2934.0,2934.0,2934.0,2934.0,2934.0,2934.0,4.0,,,,,,,,,,0.4,355.7711,339.6984,325.7598,314.622,306.5804,301.5793,299.2946,299.25,300.9314,303.8768,307.7283,312.2467,317.2987,322.8271,328.8171,335.266,342.1601,349.4613,357.1021,364.9871,322.66262397525674,372.99971856632055,657.6156,17.290399999999977,464.7948,30.22120000000001
2935,2935,2935.0,2935.0,2935.0,2935.0,2935.0,2935.0,2935.0,2935.0,2935.0,2935.0,2935.0,2935.0,2935.0,2935.0,2935.0,2935.0,2935.0,2935.0,2935.0,2935.0,2935.0,2935.0,2935.0,2935.0,2935.0,2935.0,2935.0,2935.0,2935.0,2935.0,2935.0,2935.0,2935.0,2935.0,2935.0,2935.0,2935.0,2935.0,2935.0,2935.0,5.0,,,,,,,,,,0.5,321.0243,319.372,317.7184,316.121,314.6856,313.555,312.8876,312.8321,313.5063,314.9843,317.2925,320.4145,324.3008,328.8797,334.0668,339.7731,345.9088,352.3854,359.1162,366.0158,365.4495617328812,368.6340976190547,674.906,37.42360000000008,447.5044,30.22120000000001
2936,2936,2936.0,2936.0,2936.0,2936.0,2936.0,2936.0,2936.0,2936.0,2936.0,2936.0,2936.0,2936.0,2936.0,2936.0,2936.0,2936.0,2936.0,2936.0,2936.0,2936.0,2936.0,2936.0,2936.0,2936.0,2936.0,2936.0,2936.0,2936.0,2936.0,2936.0,2936.0,2936.0,2936.0,2936.0,2936.0,2936.0,2936.0,2936.0,2936.0,2936.0,6.0,,,,,,,,,,0.6,357.0231,348.9965,341.7241,335.4804,330.4409,326.6825,324.1982,322.9205,322.7467,323.5594,325.2409,327.6794,330.7718,334.4216,338.5378,343.0344,347.8303,352.851,358.0297,363.308,266.5997072740436,372.9999457232485,712.3296,55.28919999999994,410.0808,30.22120000000001
2937,2937,2937.0,2937.0,2937.0,2937.0,2937.0,2937.0,2937.0,2937.0,2937.0,2937.0,2937.0,2937.0,2937.0,2937.0,2937.0,2937.0,2937.0,2937.0,2937.0,2937.0,2937.0,2937.0,2937.0,2937.0,2937.0,2937.0,2937.0,2937.0,2937.0,2937.0,2937.0,2937.0,2937.0,2937.0,2937.0,2937.0,2937.0,2937.0,2937.0,2937.0,7.0,,,,,,,,,,0.7,277.8399,288.4893,298.0532,306.2052,312.8223,317.976,321.891,324.8841,327.3019,329.4693,331.6569,334.0665,336.8311,340.024,343.6714,347.7636,352.2642,357.1169,362.2489,367.5747,372.99995614049993,372.999945948852,767.6188,52.826200000000085,354.7916,30.22120000000001
2938,2938,2938.0,2938.0,2938.0,2938.0,2938.0,2938.0,2938.0,2938.0,2938.0,2938.0,2938.0,2938.0,2938.0,2938.0,2938.0,2938.0,2938.0,2938.0,2938.0,2938.0,2938.0,2938.0,2938.0,2938.0,2938.0,2938.0,2938.0,2938.0,2938.0,2938.0,2938.0,2938.0,2938.0,2938.0,2938.0,2938.0,2938.0,2938.0,2938.0,2938.0,8.0,,,,,,,,,,0.8,362.7283,353.1227,344.7506,338.0072,333.0805,329.9602,328.4815,328.3863,329.3861,331.2111,333.6407,336.5141,339.7261,343.2145,346.9444,350.8934,355.0413,359.363,363.8254,368.387,372.9999131047538,372.9999486165582,820.445,142.2154999999999,301.9654,30.22120000000001
2939,2939,2939.0,2939.0,2939.0,2939.0,2939.0,2939.0,2939.0,2939.0,2939.0,2939.0,2939.0,2939.0,2939.0,2939.0,2939.0,2939.0,2939.0,2939.0,2939.0,2939.0,2939.0,2939.0,2939.0,2939.0,2939.0,2939.0,2939.0,2939.0,2939.0,2939.0,2939.0,2939.0,2939.0,2939.0,2939.0,2939.0,2939.0,2939.0,2939.0,2939.0,9.0,,,,,,,,,,0.9,366.8519,360.9303,355.4456,350.5792,346.4724,343.2212,340.8747,339.4388,338.8824,339.1461,340.1521,341.8121,344.0356,346.7345,349.8271,353.2395,356.9054,360.7659,364.7676,368.8611,262.7104389008644,372.9999329601936,962.6605,159.74990000000005,159.74990000000005,30.22120000000001
2940,2940,2940.0,2940.0,2940.0,2940.0,2940.0,2940.0,2940.0,2940.0,2940.0,2940.0,2940.0,2940.0,2940.0,2940.0,2940.0,2940.0,2940.0,2940.0,2940.0,2940.0,2940.0,2940.0,2940.0,2940.0,2940.0,2940.0,2940.0,2940.0,2940.0,2940.0,2940.0,2940.0,2940.0,2940.0,2940.0,2940.0,2940.0,2940.0,2940.0,0.0,,,,,,,,,,,0.0,273.0,273.0,273.0,273.0,273.0,273.0,273.0,273.0,273.0,273.0,273.0,273.0,273.0,273.0,273.0,273.0,273.0,273.0,273.0,273.0,372.9998352458544,372.9999381150295,0.0,368.7879,2120.2706,-40.0
2941,2941,2941.0,2941.0,2941.0,2941.0,2941.0,2941.0,2941.0,2941.0,2941.0,2941.0,2941.0,2941.0,2941.0,2941.0,2941.0,2941.0,2941.0,2941.0,2941.0,2941.0,2941.0,2941.0,2941.0,2941.0,2941.0,2941.0,2941.0,2941.0,2941.0,2941.0,2941.0,2941.0,2941.0,2941.0,2941.0,2941.0,2941.0,2941.0,2941.0,1.0,,,,,,,,,,,0.1,355.9582,339.6959,324.8872,312.0201,301.3574,292.9443,286.6546,282.2609,279.5107,278.1944,278.1944,279.5107,282.2609,286.6547,292.9443,301.3574,312.0201,324.8873,339.696,355.9582,236.95707453708067,372.9999591685672,368.7879,156.44729999999998,1751.4827,-20.0557
2942,2942,2942.0,2942.0,2942.0,2942.0,2942.0,2942.0,2942.0,2942.0,2942.0,2942.0,2942.0,2942.0,2942.0,2942.0,2942.0,2942.0,2942.0,2942.0,2942.0,2942.0,2942.0,2942.0,2942.0,2942.0,2942.0,2942.0,2942.0,2942.0,2942.0,2942.0,2942.0,2942.0,2942.0,2942.0,2942.0,2942.0,2942.0,2942.0,2942.0,2.0,,,,,,,,,,,0.2,248.2207,258.7364,267.8856,275.2769,280.793,284.5804,286.994,288.5164,289.675,290.9722,292.84,295.616,299.5376,304.7467,311.2984,319.1695,328.2663,338.4317,349.4532,361.0728,244.88905805492067,322.80006547782284,525.2352,116.4312,1595.0354,-28.419600000000003
2943,2943,2943.0,2943.0,2943.0,2943.0,2943.0,2943.0,2943.0,2943.0,2943.0,2943.0,2943.0,2943.0,2943.0,2943.0,2943.0,2943.0,2943.0,2943.0,2943.0,2943.0,2943.0,2943.0,2943.0,2943.0,2943.0,2943.0,2943.0,2943.0,2943.0,2943.0,2943.0,2943.0,2943.0,2943.0,2943.0,2943.0,2943.0,2943.0,2943.0,3.0,,,,,,,,,,,0.3,250.7843,256.5735,262.1618,267.4761,272.4732,277.1448,281.5173,285.6461,289.6039,293.4637,297.2808,301.0747,304.8178,308.4346,311.8117,314.8223,317.3576,319.3607,320.852,321.9381,248.1595231411089,273.4736504206259,641.6664,152.15280000000007,1478.6042,-35.855200000000025
2944,2944,2944.0,2944.0,2944.0,2944.0,2944.0,2944.0,2944.0,2944.0,2944.0,2944.0,2944.0,2944.0,2944.0,2944.0,2944.0,2944.0,2944.0,2944.0,2944.0,2944.0,2944.0,2944.0,2944.0,2944.0,2944.0,2944.0,2944.0,2944.0,2944.0,2944.0,2944.0,2944.0,2944.0,2944.0,2944.0,2944.0,2944.0,2944.0,2944.0,4.0,,,,,,,,,,,0.4,252.7994,257.4248,262.0198,266.5658,271.0401,275.4147,279.6549,283.7153,287.5356,291.0346,294.1045,296.6082,298.3819,299.2458,299.0254,297.5814,294.8448,290.8492,285.7513,279.832,264.2395515294252,192.6208613471945,793.8192,262.0967999999999,1326.4514,-37.58530000000002
2945,2945,2945.0,2945.0,2945.0,2945.0,2945.0,2945.0,2945.0,2945.0,2945.0,2945.0,2945.0,2945.0,2945.0,2945.0,2945.0,2945.0,2945.0,2945.0,2945.0,2945.0,2945.0,2945.0,2945.0,2945.0,2945.0,2945.0,2945.0,2945.0,2945.0,2945.0,2945.0,2945.0,2945.0,2945.0,2945.0,2945.0,2945.0,2945.0,2945.0,5.0,,,,,,,,,,,0.5,265.8892,267.6302,269.5343,271.6376,273.9305,276.3543,278.8021,281.1229,283.1241,284.5738,285.201,284.6989,282.7349,278.9716,273.1024,264.9007,254.2754,241.3208,226.3479,209.8819,372.999943249846,289.76317264460687,1055.916,393.73940000000016,1064.3546,-36.64569999999998
2946,2946,2946.0,2946.0,2946.0,2946.0,2946.0,2946.0,2946.0,2946.0,2946.0,2946.0,2946.0,2946.0,2946.0,2946.0,2946.0,2946.0,2946.0,2946.0,2946.0,2946.0,2946.0,2946.0,2946.0,2946.0,2946.0,2946.0,2946.0,2946.0,2946.0,2946.0,2946.0,2946.0,2946.0,2946.0,2946.0,2946.0,2946.0,2946.0,2946.0,6.0,,,,,,,,,,,0.6,356.3559,340.5335,326.2335,313.9417,303.8818,296.0195,290.1115,285.7814,282.6055,280.191,278.2369,276.5722,275.1681,274.1256,273.6384,273.9359,275.2145,277.5703,280.95,285.1348,365.46942735260393,276.63663236572216,1449.6554,319.49659999999994,670.6151999999997,-16.980500000000006
2947,2947,2947.0,2947.0,2947.0,2947.0,2947.0,2947.0,2947.0,2947.0,2947.0,2947.0,2947.0,2947.0,2947.0,2947.0,2947.0,2947.0,2947.0,2947.0,2947.0,2947.0,2947.0,2947.0,2947.0,2947.0,2947.0,2947.0,2947.0,2947.0,2947.0,2947.0,2947.0,2947.0,2947.0,2947.0,2947.0,2947.0,2947.0,2947.0,2947.0,7.0,,,,,,,,,,,0.7,355.1077,344.9533,335.2023,326.0291,317.5771,309.9519,303.2184,297.4008,292.4862,288.4312,285.1688,282.6163,280.681,279.2659,278.2733,277.6094,277.1877,276.9333,276.7853,276.6976,321.9782197252145,372.9992631970616,1769.152,234.23059999999987,351.1185999999998,-3.0480999999999767
2948,2948,2948.0,2948.0,2948.0,2948.0,2948.0,2948.0,2948.0,2948.0,2948.0,2948.0,2948.0,2948.0,2948.0,2948.0,2948.0,2948.0,2948.0,2948.0,2948.0,2948.0,2948.0,2948.0,2948.0,2948.0,2948.0,2948.0,2948.0,2948.0,2948.0,2948.0,2948.0,2948.0,2948.0,2948.0,2948.0,2948.0,2948.0,2948.0,2948.0,8.0,,,,,,,,,,,0.8,320.7625,319.3339,317.5218,315.2299,312.4531,309.2753,305.8559,302.4087,299.1841,296.4567,294.5209,293.6904,294.2956,296.6697,301.1194,307.8784,317.0511,328.5571,342.0958,357.1445,274.4221601266259,372.9994705582763,2003.3826,79.8112000000001,116.88799999999992,-3.724699999999984
2949,2949,2949.0,2949.0,2949.0,2949.0,2949.0,2949.0,2949.0,2949.0,2949.0,2949.0,2949.0,2949.0,2949.0,2949.0,2949.0,2949.0,2949.0,2949.0,2949.0,2949.0,2949.0,2949.0,2949.0,2949.0,2949.0,2949.0,2949.0,2949.0,2949.0,2949.0,2949.0,2949.0,2949.0,2949.0,2949.0,2949.0,2949.0,2949.0,2949.0,9.0,,,,,,,,,,,0.9,280.4088,286.0196,290.9386,294.9561,297.9955,300.1146,301.4881,302.3756,303.0856,303.9412,305.2515,307.2902,310.2803,314.3837,319.6935,326.2295,333.9368,342.6879,352.2884,362.4887,251.16989188807304,284.87501822745406,2083.1938,37.07679999999982,37.07679999999982,-12.885400000000004
2950,2950,2950.0,2950.0,2950.0,2950.0,2950.0,2950.0,2950.0,2950.0,2950.0,2950.0,2950.0,2950.0,2950.0,2950.0,2950.0,2950.0,2950.0,2950.0,2950.0,2950.0,2950.0,2950.0,2950.0,2950.0,2950.0,2950.0,2950.0,2950.0,2950.0,2950.0,2950.0,2950.0,2950.0,2950.0,2950.0,2950.0,2950.0,2950.0,2950.0,0.0,,,,,,,,,,,0.0,273.0,273.0,273.0,273.0,273.0,273.0,273.0,273.0,273.0,273.0,273.0,273.0,273.0,273.0,273.0,273.0,273.0,273.0,273.0,273.0,372.9998352458544,372.9999381150295,0.0,368.7879,2121.0888,-40.0
2951,2951,2951.0,2951.0,2951.0,2951.0,2951.0,2951.0,2951.0,2951.0,2951.0,2951.0,2951.0,2951.0,2951.0,2951.0,2951.0,2951.0,2951.0,2951.0,2951.0,2951.0,2951.0,2951.0,2951.0,2951.0,2951.0,2951.0,2951.0,2951.0,2951.0,2951.0,2951.0,2951.0,2951.0,2951.0,2951.0,2951.0,2951.0,2951.0,2951.0,1.0,,,,,,,,,,,0.1,355.9582,339.6959,324.8872,312.0201,301.3574,292.9443,286.6546,282.2609,279.5107,278.1944,278.1944,279.5107,282.2609,286.6547,292.9443,301.3574,312.0201,324.8873,339.696,355.9582,236.95698015909136,372.9999848213585,368.7879,156.44729999999998,1752.3009,-20.0557
2952,2952,2952.0,2952.0,2952.0,2952.0,2952.0,2952.0,2952.0,2952.0,2952.0,2952.0,2952.0,2952.0,2952.0,2952.0,2952.0,2952.0,2952.0,2952.0,2952.0,2952.0,2952.0,2952.0,2952.0,2952.0,2952.0,2952.0,2952.0,2952.0,2952.0,2952.0,2952.0,2952.0,2952.0,2952.0,2952.0,2952.0,2952.0,2952.0,2952.0,2.0,,,,,,,,,,,0.2,248.2206,258.7364,267.8856,275.2769,280.793,284.5804,286.994,288.5164,289.675,290.9722,292.84,295.616,299.5376,304.7467,311.2984,319.1695,328.2663,338.4317,349.4532,361.0728,244.8890545740745,322.80006547782284,525.2352,116.43130000000008,1595.8536,-28.419600000000003
2953,2953,2953.0,2953.0,2953.0,2953.0,2953.0,2953.0,2953.0,2953.0,2953.0,2953.0,2953.0,2953.0,2953.0,2953.0,2953.0,2953.0,2953.0,2953.0,2953.0,2953.0,2953.0,2953.0,2953.0,2953.0,2953.0,2953.0,2953.0,2953.0,2953.0,2953.0,2953.0,2953.0,2953.0,2953.0,2953.0,2953.0,2953.0,2953.0,2953.0,3.0,,,,,,,,,,,0.3,250.7843,256.5735,262.1618,267.4761,272.4732,277.1448,281.5173,285.6461,289.6038,293.4637,297.2808,301.0747,304.8178,308.4346,311.8117,314.8223,317.3576,319.3607,320.852,321.9381,248.15225238601408,273.489844756304,641.6665,152.15159999999992,1479.4223,-35.855200000000025
2954,2954,2954.0,2954.0,2954.0,2954.0,2954.0,2954.0,2954.0,2954.0,2954.0,2954.0,2954.0,2954.0,2954.0,2954.0,2954.0,2954.0,2954.0,2954.0,2954.0,2954.0,2954.0,2954.0,2954.0,2954.0,2954.0,2954.0,2954.0,2954.0,2954.0,2954.0,2954.0,2954.0,2954.0,2954.0,2954.0,2954.0,2954.0,2954.0,2954.0,4.0,,,,,,,,,,,0.4,252.7933,257.4199,262.0161,266.563,271.038,275.4133,279.654,283.7148,287.5354,291.0346,294.1049,296.609,298.3833,299.2479,299.0286,297.586,294.8511,290.8576,285.7621,279.8455,264.23953467627126,192.620863969374,793.8181,262.08190000000013,1327.2707,-37.58670000000001
2955,2955,2955.0,2955.0,2955.0,2955.0,2955.0,2955.0,2955.0,2955.0,2955.0,2955.0,2955.0,2955.0,2955.0,2955.0,2955.0,2955.0,2955.0,2955.0,2955.0,2955.0,2955.0,2955.0,2955.0,2955.0,2955.0,2955.0,2955.0,2955.0,2955.0,2955.0,2955.0,2955.0,2955.0,2955.0,2955.0,2955.0,2955.0,2955.0,2955.0,5.0,,,,,,,,,,,0.5,265.8888,267.6295,269.5334,271.6366,273.9296,276.3534,278.8015,281.1226,283.1242,284.5743,285.202,284.7004,282.7368,278.9738,273.1048,264.9032,254.2778,241.3229,226.3496,209.8828,372.9999385747234,289.76317264460687,1055.9,393.7214999999999,1065.1888,-36.64659999999998
2956,2956,2956.0,2956.0,2956.0,2956.0,2956.0,2956.0,2956.0,2956.0,2956.0,2956.0,2956.0,2956.0,2956.0,2956.0,2956.0,2956.0,2956.0,2956.0,2956.0,2956.0,2956.0,2956.0,2956.0,2956.0,2956.0,2956.0,2956.0,2956.0,2956.0,2956.0,2956.0,2956.0,2956.0,2956.0,2956.0,2956.0,2956.0,2956.0,2956.0,6.0,,,,,,,,,,,0.6,356.3558,340.5334,326.2334,313.9415,303.8816,296.0194,290.1115,285.7816,282.6059,280.1916,278.2377,276.5732,275.1692,274.1268,273.6396,273.9371,275.2156,277.5711,280.9507,285.1351,365.5066018179748,276.3523930431334,1449.6215,319.63570000000004,671.4673,-16.98059999999998
2957,2957,2957.0,2957.0,2957.0,2957.0,2957.0,2957.0,2957.0,2957.0,2957.0,2957.0,2957.0,2957.0,2957.0,2957.0,2957.0,2957.0,2957.0,2957.0,2957.0,2957.0,2957.0,2957.0,2957.0,2957.0,2957.0,2957.0,2957.0,2957.0,2957.0,2957.0,2957.0,2957.0,2957.0,2957.0,2957.0,2957.0,2957.0,2957.0,2957.0,7.0,,,,,,,,,,,0.7,355.1385,344.978,335.2216,326.0436,317.5876,309.9591,303.2228,297.4027,292.4856,288.4274,285.1607,282.6018,280.6573,279.2288,278.2179,277.5297,277.0774,276.7862,276.5959,276.4619,321.9781079982373,372.9996856182324,1769.2572,234.6794,351.8316,-3.040900000000022
2958,2958,2958.0,2958.0,2958.0,2958.0,2958.0,2958.0,2958.0,2958.0,2958.0,2958.0,2958.0,2958.0,2958.0,2958.0,2958.0,2958.0,2958.0,2958.0,2958.0,2958.0,2958.0,2958.0,2958.0,2958.0,2958.0,2958.0,2958.0,2958.0,2958.0,2958.0,2958.0,2958.0,2958.0,2958.0,2958.0,2958.0,2958.0,2958.0,2958.0,8.0,,,,,,,,,,,0.8,320.7638,319.3364,317.5249,315.233,312.4552,309.2755,305.8531,302.4019,299.1724,296.4391,294.4968,293.6597,294.2587,296.6276,301.0741,307.8328,317.0084,328.521,342.0696,357.1309,274.4221915007949,372.9991962445782,2003.9366,79.99060000000009,117.1522,-3.7244999999999777
2959,2959,2959.0,2959.0,2959.0,2959.0,2959.0,2959.0,2959.0,2959.0,2959.0,2959.0,2959.0,2959.0,2959.0,2959.0,2959.0,2959.0,2959.0,2959.0,2959.0,2959.0,2959.0,2959.0,2959.0,2959.0,2959.0,2959.0,2959.0,2959.0,2959.0,2959.0,2959.0,2959.0,2959.0,2959.0,2959.0,2959.0,2959.0,2959.0,2959.0,9.0,,,,,,,,,,,0.9,280.4082,286.0183,290.9363,294.9525,297.9902,300.1073,301.4783,302.363,303.0701,303.9228,305.2304,307.2668,310.2555,314.3582,319.6683,326.206,333.9162,342.6712,352.2766,362.4825,251.16989188807304,284.87501822745406,2083.9272,37.16159999999991,37.16159999999991,-12.89269999999999
2960,2960,2960.0,2960.0,2960.0,2960.0,2960.0,2960.0,2960.0,2960.0,2960.0,2960.0,2960.0,2960.0,2960.0,2960.0,2960.0,2960.0,2960.0,2960.0,2960.0,2960.0,2960.0,2960.0,2960.0,2960.0,2960.0,2960.0,2960.0,2960.0,2960.0,2960.0,2960.0,2960.0,2960.0,2960.0,2960.0,2960.0,2960.0,2960.0,2960.0,0.0,,,,,,,,,,,0.0,273.0,273.0,273.0,273.0,273.0,273.0,273.0,273.0,273.0,273.0,273.0,273.0,273.0,273.0,273.0,273.0,273.0,273.0,273.0,273.0,372.9998352458544,372.9999381150295,0.0,368.7879,2104.9934,-40.0
2961,2961,2961.0,2961.0,2961.0,2961.0,2961.0,2961.0,2961.0,2961.0,2961.0,2961.0,2961.0,2961.0,2961.0,2961.0,2961.0,2961.0,2961.0,2961.0,2961.0,2961.0,2961.0,2961.0,2961.0,2961.0,2961.0,2961.0,2961.0,2961.0,2961.0,2961.0,2961.0,2961.0,2961.0,2961.0,2961.0,2961.0,2961.0,2961.0,2961.0,1.0,,,,,,,,,,,0.1,355.9582,339.6959,324.8872,312.0201,301.3574,292.9443,286.6546,282.2609,279.5107,278.1944,278.1944,279.5107,282.2609,286.6547,292.9443,301.3574,312.0201,324.8873,339.696,355.9582,236.95702749393908,372.9999432764939,368.7879,156.44729999999998,1736.2054999999998,-20.0557
2962,2962,2962.0,2962.0,2962.0,2962.0,2962.0,2962.0,2962.0,2962.0,2962.0,2962.0,2962.0,2962.0,2962.0,2962.0,2962.0,2962.0,2962.0,2962.0,2962.0,2962.0,2962.0,2962.0,2962.0,2962.0,2962.0,2962.0,2962.0,2962.0,2962.0,2962.0,2962.0,2962.0,2962.0,2962.0,2962.0,2962.0,2962.0,2962.0,2962.0,2.0,,,,,,,,,,,0.2,248.2207,258.7364,267.8856,275.2769,280.793,284.5804,286.994,288.5164,289.675,290.9722,292.84,295.616,299.5376,304.7467,311.2984,319.1695,328.2663,338.4317,349.4532,361.0728,244.8890513722248,322.80006547782284,525.2352,116.43130000000008,1579.7581999999998,-28.419600000000003
2963,2963,2963.0,2963.0,2963.0,2963.0,2963.0,2963.0,2963.0,2963.0,2963.0,2963.0,2963.0,2963.0,2963.0,2963.0,2963.0,2963.0,2963.0,2963.0,2963.0,2963.0,2963.0,2963.0,2963.0,2963.0,2963.0,2963.0,2963.0,2963.0,2963.0,2963.0,2963.0,2963.0,2963.0,2963.0,2963.0,2963.0,2963.0,2963.0,2963.0,3.0,,,,,,,,,,,0.3,250.7843,256.5735,262.1618,267.4761,272.4732,277.1448,281.5173,285.6461,289.6039,293.4637,297.2808,301.0747,304.8178,308.4346,311.8117,314.8223,317.3576,319.3607,320.852,321.9381,248.01336902414835,273.86479279591964,641.6665,152.10719999999992,1463.3268999999998,-35.855200000000025
2964,2964,2964.0,2964.0,2964.0,2964.0,2964.0,2964.0,2964.0,2964.0,2964.0,2964.0,2964.0,2964.0,2964.0,2964.0,2964.0,2964.0,2964.0,2964.0,2964.0,2964.0,2964.0,2964.0,2964.0,2964.0,2964.0,2964.0,2964.0,2964.0,2964.0,2964.0,2964.0,2964.0,2964.0,2964.0,2964.0,2964.0,2964.0,2964.0,2964.0,4.0,,,,,,,,,,,0.4,252.6781,257.3273,261.9441,266.509,270.999,275.3864,279.6366,283.7049,287.5318,291.0372,294.1145,296.6279,298.415,299.2976,299.1026,297.6919,294.9973,291.052,286.0121,280.1565,263.40015294307017,197.2174056485773,793.7737,259.65070000000014,1311.2197,-37.61360000000002
2965,2965,2965.0,2965.0,2965.0,2965.0,2965.0,2965.0,2965.0,2965.0,2965.0,2965.0,2965.0,2965.0,2965.0,2965.0,2965.0,2965.0,2965.0,2965.0,2965.0,2965.0,2965.0,2965.0,2965.0,2965.0,2965.0,2965.0,2965.0,2965.0,2965.0,2965.0,2965.0,2965.0,2965.0,2965.0,2965.0,2965.0,2965.0,2965.0,2965.0,5.0,,,,,,,,,,,0.5,265.1863,267.0583,269.083,271.2933,273.6782,276.1797,278.6935,281.0734,283.1333,284.6498,285.3624,284.9774,283.1766,279.6384,274.0717,266.2622,256.1256,243.7549,229.4498,213.7143,372.9999046173941,286.7061897313864,1053.4244,386.4469999999999,1051.5689999999995,-36.820299999999975
2966,2966,2966.0,2966.0,2966.0,2966.0,2966.0,2966.0,2966.0,2966.0,2966.0,2966.0,2966.0,2966.0,2966.0,2966.0,2966.0,2966.0,2966.0,2966.0,2966.0,2966.0,2966.0,2966.0,2966.0,2966.0,2966.0,2966.0,2966.0,2966.0,2966.0,2966.0,2966.0,2966.0,2966.0,2966.0,2966.0,2966.0,2966.0,2966.0,2966.0,6.0,,,,,,,,,,,0.6,356.3204,340.4684,326.1498,313.8544,303.8082,295.9781,290.1198,285.8546,282.7545,280.4193,278.5376,276.9233,275.5283,274.4307,273.8002,273.8446,274.7456,276.5966,279.3563,282.8332,365.2940879626261,278.625652713947,1439.8714,318.0653,665.1219999999998,-17.021900000000016
2967,2967,2967.0,2967.0,2967.0,2967.0,2967.0,2967.0,2967.0,2967.0,2967.0,2967.0,2967.0,2967.0,2967.0,2967.0,2967.0,2967.0,2967.0,2967.0,2967.0,2967.0,2967.0,2967.0,2967.0,2967.0,2967.0,2967.0,2967.0,2967.0,2967.0,2967.0,2967.0,2967.0,2967.0,2967.0,2967.0,2967.0,2967.0,2967.0,2967.0,7.0,,,,,,,,,,,0.7,354.9634,344.8401,335.1205,325.9786,317.5573,309.9616,303.2555,297.4618,292.5674,288.529,285.2823,282.7494,280.8462,279.4866,278.586,278.0631,277.841,277.8485,278.0203,278.2974,321.8666636744937,372.99971741670777,1757.9367,231.4151999999999,347.05669999999986,-3.038400000000024
2968,2968,2968.0,2968.0,2968.0,2968.0,2968.0,2968.0,2968.0,2968.0,2968.0,2968.0,2968.0,2968.0,2968.0,2968.0,2968.0,2968.0,2968.0,2968.0,2968.0,2968.0,2968.0,2968.0,2968.0,2968.0,2968.0,2968.0,2968.0,2968.0,2968.0,2968.0,2968.0,2968.0,2968.0,2968.0,2968.0,2968.0,2968.0,2968.0,2968.0,8.0,,,,,,,,,,,0.8,320.6699,319.2607,317.4688,315.1985,312.445,309.2925,305.9008,302.4841,299.2929,296.6015,294.7033,293.9105,294.5502,296.9517,301.4168,308.1747,317.326,328.7888,342.2639,357.2331,273.98465684479777,372.9997851805304,1989.3519,78.60410000000024,115.64149999999997,-3.707499999999982
2969,2969,2969.0,2969.0,2969.0,2969.0,2969.0,2969.0,2969.0,2969.0,2969.0,2969.0,2969.0,2969.0,2969.0,2969.0,2969.0,2969.0,2969.0,2969.0,2969.0,2969.0,2969.0,2969.0,2969.0,2969.0,2969.0,2969.0,2969.0,2969.0,2969.0,2969.0,2969.0,2969.0,2969.0,2969.0,2969.0,2969.0,2969.0,2969.0,2969.0,9.0,,,,,,,,,,,0.9,280.0498,285.7368,290.7277,294.8114,297.9104,300.0825,301.5024,302.4303,303.175,304.0598,305.3938,307.4501,310.4513,314.5585,319.8642,326.3882,334.0755,342.7993,352.3664,362.529,251.05314457859413,282.57643650035,2067.956,37.03739999999971,37.03739999999971,-12.917500000000018
2970,2970,2970.0,2970.0,2970.0,2970.0,2970.0,2970.0,2970.0,2970.0,2970.0,2970.0,2970.0,2970.0,2970.0,2970.0,2970.0,2970.0,2970.0,2970.0,2970.0,2970.0,2970.0,2970.0,2970.0,2970.0,2970.0,2970.0,2970.0,2970.0,2970.0,2970.0,2970.0,2970.0,2970.0,2970.0,2970.0,2970.0,2970.0,2970.0,2970.0,0.0,,,,,,,,,,,0.0,273.0,273.0,273.0,273.0,273.0,273.0,273.0,273.0,273.0,273.0,273.0,273.0,273.0,273.0,273.0,273.0,273.0,273.0,273.0,273.0,372.99993008603775,372.9999812890401,0.0,368.7878,2067.0276,-40.0
2971,2971,2971.0,2971.0,2971.0,2971.0,2971.0,2971.0,2971.0,2971.0,2971.0,2971.0,2971.0,2971.0,2971.0,2971.0,2971.0,2971.0,2971.0,2971.0,2971.0,2971.0,2971.0,2971.0,2971.0,2971.0,2971.0,2971.0,2971.0,2971.0,2971.0,2971.0,2971.0,2971.0,2971.0,2971.0,2971.0,2971.0,2971.0,2971.0,2971.0,1.0,,,,,,,,,,,0.1,355.9582,339.696,324.8873,312.0201,301.3574,292.9443,286.6547,282.2609,279.5107,278.1944,278.1944,279.5107,282.2609,286.6547,292.9443,301.3574,312.0201,324.8873,339.696,355.9583,236.95703003591083,372.9999171544487,368.7878,156.44729999999998,1698.2398,-20.0557
2972,2972,2972.0,2972.0,2972.0,2972.0,2972.0,2972.0,2972.0,2972.0,2972.0,2972.0,2972.0,2972.0,2972.0,2972.0,2972.0,2972.0,2972.0,2972.0,2972.0,2972.0,2972.0,2972.0,2972.0,2972.0,2972.0,2972.0,2972.0,2972.0,2972.0,2972.0,2972.0,2972.0,2972.0,2972.0,2972.0,2972.0,2972.0,2972.0,2972.0,2.0,,,,,,,,,,,0.2,248.2207,258.7364,267.8856,275.2769,280.793,284.5804,286.994,288.5164,289.675,290.9722,292.84,295.616,299.5376,304.7467,311.2984,319.1695,328.2663,338.4317,349.4532,361.0728,244.8891310615604,322.80051326246286,525.2351,116.43100000000004,1541.7925,-28.419600000000003
2973,2973,2973.0,2973.0,2973.0,2973.0,2973.0,2973.0,2973.0,2973.0,2973.0,2973.0,2973.0,2973.0,2973.0,2973.0,2973.0,2973.0,2973.0,2973.0,2973.0,2973.0,2973.0,2973.0,2973.0,2973.0,2973.0,2973.0,2973.0,2973.0,2973.0,2973.0,2973.0,2973.0,2973.0,2973.0,2973.0,2973.0,2973.0,2973.0,2973.0,3.0,,,,,,,,,,,0.3,250.7844,256.5736,262.1619,267.4762,272.4733,277.1448,281.5173,285.6461,289.6039,293.4638,297.2808,301.0747,304.8179,308.4346,311.8118,314.8224,317.3577,319.3609,320.8523,321.9385,247.74765489467143,274.57648673250185,641.6661,152.02429999999993,1425.3615,-35.855200000000025
2974,2974,2974.0,2974.0,2974.0,2974.0,2974.0,2974.0,2974.0,2974.0,2974.0,2974.0,2974.0,2974.0,2974.0,2974.0,2974.0,2974.0,2974.0,2974.0,2974.0,2974.0,2974.0,2974.0,2974.0,2974.0,2974.0,2974.0,2974.0,2974.0,2974.0,2974.0,2974.0,2974.0,2974.0,2974.0,2974.0,2974.0,2974.0,2974.0,2974.0,4.0,,,,,,,,,,,0.4,252.4577,257.1502,261.8064,266.4057,270.9244,275.3349,279.6033,283.686,287.5251,291.0422,294.1329,296.6638,298.4753,299.3919,299.2431,297.8931,295.2747,291.4212,286.4868,280.7469,262.3993299358028,202.77704796335743,793.6904,256.5101,1273.3372,-37.6651
2975,2975,2975.0,2975.0,2975.0,2975.0,2975.0,2975.0,2975.0,2975.0,2975.0,2975.0,2975.0,2975.0,2975.0,2975.0,2975.0,2975.0,2975.0,2975.0,2975.0,2975.0,2975.0,2975.0,2975.0,2975.0,2975.0,2975.0,2975.0,2975.0,2975.0,2975.0,2975.0,2975.0,2975.0,2975.0,2975.0,2975.0,2975.0,2975.0,2975.0,5.0,,,,,,,,,,,0.5,264.3442,266.3687,268.5347,270.8713,273.3661,275.9619,278.5579,281.0129,283.1487,284.7518,285.5742,285.3372,283.7399,280.4792,275.2816,267.9472,258.3992,246.7292,233.2234,218.3611,372.99993461108,292.07743524630627,1050.2005,372.6897000000001,1016.8271,-37.03809999999999
2976,2976,2976.0,2976.0,2976.0,2976.0,2976.0,2976.0,2976.0,2976.0,2976.0,2976.0,2976.0,2976.0,2976.0,2976.0,2976.0,2976.0,2976.0,2976.0,2976.0,2976.0,2976.0,2976.0,2976.0,2976.0,2976.0,2976.0,2976.0,2976.0,2976.0,2976.0,2976.0,2976.0,2976.0,2976.0,2976.0,2976.0,2976.0,2976.0,2976.0,6.0,,,,,,,,,,,0.6,356.2777,340.3904,326.0504,313.7529,303.728,295.9452,290.1624,286.0031,283.0416,280.881,279.2138,277.8581,276.7698,276.0301,275.8103,276.3175,277.7303,280.1362,283.4859,287.5773,366.9218251928452,274.92765065182385,1422.8902,302.6314,644.1373999999998,-17.0548
2977,2977,2977.0,2977.0,2977.0,2977.0,2977.0,2977.0,2977.0,2977.0,2977.0,2977.0,2977.0,2977.0,2977.0,2977.0,2977.0,2977.0,2977.0,2977.0,2977.0,2977.0,2977.0,2977.0,2977.0,2977.0,2977.0,2977.0,2977.0,2977.0,2977.0,2977.0,2977.0,2977.0,2977.0,2977.0,2977.0,2977.0,2977.0,2977.0,2977.0,7.0,,,,,,,,,,,0.7,356.3303,345.9635,336.0326,326.7236,318.1869,310.5301,303.8151,298.0587,293.2371,289.2921,286.1393,283.6758,281.7871,280.3538,279.2578,278.3888,277.6515,276.9721,276.3026,275.6211,320.4128439493231,372.99976145271074,1725.5216,227.5923,341.50599999999986,-2.4698999999999955
2978,2978,2978.0,2978.0,2978.0,2978.0,2978.0,2978.0,2978.0,2978.0,2978.0,2978.0,2978.0,2978.0,2978.0,2978.0,2978.0,2978.0,2978.0,2978.0,2978.0,2978.0,2978.0,2978.0,2978.0,2978.0,2978.0,2978.0,2978.0,2978.0,2978.0,2978.0,2978.0,2978.0,2978.0,2978.0,2978.0,2978.0,2978.0,2978.0,2978.0,8.0,,,,,,,,,,,0.8,319.5932,318.5427,317.0754,315.0844,312.559,309.5827,306.3179,302.984,299.8365,297.1548,295.237,294.3993,294.9744,297.2978,301.6795,308.3572,317.4395,328.8499,342.2911,357.2422,274.448195445839,372.9995359408682,1953.1139,77.03340000000003,113.91369999999984,-3.417300000000012
2979,2979,2979.0,2979.0,2979.0,2979.0,2979.0,2979.0,2979.0,2979.0,2979.0,2979.0,2979.0,2979.0,2979.0,2979.0,2979.0,2979.0,2979.0,2979.0,2979.0,2979.0,2979.0,2979.0,2979.0,2979.0,2979.0,2979.0,2979.0,2979.0,2979.0,2979.0,2979.0,2979.0,2979.0,2979.0,2979.0,2979.0,2979.0,2979.0,2979.0,9.0,,,,,,,,,,,0.9,280.4448,286.0714,291.0161,295.0715,298.1602,300.3374,301.7728,302.7207,303.4843,304.3821,305.72,307.7701,310.7548,314.8365,320.1097,326.5962,334.2431,342.9251,352.45,362.5707,252.14428521483973,275.2267862462867,2030.1473,36.88029999999981,36.88029999999981,-12.662599999999998
2980,2980,2980.0,2980.0,2980.0,2980.0,2980.0,2980.0,2980.0,2980.0,2980.0,2980.0,2980.0,2980.0,2980.0,2980.0,2980.0,2980.0,2980.0,2980.0,2980.0,2980.0,2980.0,2980.0,2980.0,2980.0,2980.0,2980.0,2980.0,2980.0,2980.0,2980.0,2980.0,2980.0,2980.0,2980.0,2980.0,2980.0,2980.0,2980.0,2980.0,0.0,,,,,,,,,,,0.0,273.0,273.0,273.0,273.0,273.0,273.0,273.0,273.0,273.0,273.0,273.0,273.0,273.0,273.0,273.0,273.0,273.0,273.0,273.0,273.0,372.9998352458544,372.9999381150295,0.0,368.7879,2063.3495,-40.0
2981,2981,2981.0,2981.0,2981.0,2981.0,2981.0,2981.0,2981.0,2981.0,2981.0,2981.0,2981.0,2981.0,2981.0,2981.0,2981.0,2981.0,2981.0,2981.0,2981.0,2981.0,2981.0,2981.0,2981.0,2981.0,2981.0,2981.0,2981.0,2981.0,2981.0,2981.0,2981.0,2981.0,2981.0,2981.0,2981.0,2981.0,2981.0,2981.0,2981.0,1.0,,,,,,,,,,,0.1,355.9582,339.6959,324.8872,312.0201,301.3574,292.9443,286.6546,282.2609,279.5107,278.1944,278.1944,279.5107,282.2609,286.6547,292.9443,301.3574,312.0201,324.8873,339.696,355.9582,236.9570050404216,372.9999840543149,368.7879,156.44729999999998,1694.5615999999998,-20.0557
2982,2982,2982.0,2982.0,2982.0,2982.0,2982.0,2982.0,2982.0,2982.0,2982.0,2982.0,2982.0,2982.0,2982.0,2982.0,2982.0,2982.0,2982.0,2982.0,2982.0,2982.0,2982.0,2982.0,2982.0,2982.0,2982.0,2982.0,2982.0,2982.0,2982.0,2982.0,2982.0,2982.0,2982.0,2982.0,2982.0,2982.0,2982.0,2982.0,2982.0,2.0,,,,,,,,,,,0.2,248.2206,258.7364,267.8856,275.2769,280.793,284.5804,286.994,288.5164,289.675,290.9722,292.84,295.616,299.5376,304.7467,311.2984,319.1695,328.2663,338.4317,349.4532,361.0728,244.88913695162023,322.8005132624633,525.2352,116.4311,1538.1142999999995,-28.419600000000003
2983,2983,2983.0,2983.0,2983.0,2983.0,2983.0,2983.0,2983.0,2983.0,2983.0,2983.0,2983.0,2983.0,2983.0,2983.0,2983.0,2983.0,2983.0,2983.0,2983.0,2983.0,2983.0,2983.0,2983.0,2983.0,2983.0,2983.0,2983.0,2983.0,2983.0,2983.0,2983.0,2983.0,2983.0,2983.0,2983.0,2983.0,2983.0,2983.0,2983.0,3.0,,,,,,,,,,,0.3,250.7844,256.5736,262.1619,267.4761,272.4732,277.1448,281.5173,285.6461,289.6039,293.4638,297.2808,301.0747,304.8179,308.4346,311.8118,314.8224,317.3577,319.3609,320.8523,321.9385,247.6770058225649,274.7649801649821,641.6663,152.00279999999998,1421.6831999999995,-35.855200000000025
2984,2984,2984.0,2984.0,2984.0,2984.0,2984.0,2984.0,2984.0,2984.0,2984.0,2984.0,2984.0,2984.0,2984.0,2984.0,2984.0,2984.0,2984.0,2984.0,2984.0,2984.0,2984.0,2984.0,2984.0,2984.0,2984.0,2984.0,2984.0,2984.0,2984.0,2984.0,2984.0,2984.0,2984.0,2984.0,2984.0,2984.0,2984.0,2984.0,2984.0,4.0,,,,,,,,,,,0.4,252.3991,257.1031,261.7698,266.3782,270.9046,275.3212,279.5944,283.6809,287.5232,291.0434,294.1377,296.6733,298.4913,299.4168,299.2803,297.9464,295.3481,291.519,286.6125,280.9033,262.3992616205989,202.7788721384318,793.6691,256.3223000000001,1269.6803999999995,-37.67880000000002
2985,2985,2985.0,2985.0,2985.0,2985.0,2985.0,2985.0,2985.0,2985.0,2985.0,2985.0,2985.0,2985.0,2985.0,2985.0,2985.0,2985.0,2985.0,2985.0,2985.0,2985.0,2985.0,2985.0,2985.0,2985.0,2985.0,2985.0,2985.0,2985.0,2985.0,2985.0,2985.0,2985.0,2985.0,2985.0,2985.0,2985.0,2985.0,2985.0,2985.0,5.0,,,,,,,,,,,0.5,264.3409,266.3627,268.5266,270.8622,273.3572,275.9544,278.5528,281.0113,283.1514,284.7593,285.5871,285.3553,283.763,280.5063,275.3113,267.9776,258.4282,246.7541,233.2421,218.3718,372.9999258352341,292.077435506449,1049.9914,372.4694,1013.3580999999996,-37.04559999999998
2986,2986,2986.0,2986.0,2986.0,2986.0,2986.0,2986.0,2986.0,2986.0,2986.0,2986.0,2986.0,2986.0,2986.0,2986.0,2986.0,2986.0,2986.0,2986.0,2986.0,2986.0,2986.0,2986.0,2986.0,2986.0,2986.0,2986.0,2986.0,2986.0,2986.0,2986.0,2986.0,2986.0,2986.0,2986.0,2986.0,2986.0,2986.0,2986.0,2986.0,6.0,,,,,,,,,,,0.6,356.2772,340.3894,326.0492,313.7519,303.7276,295.9459,290.1647,286.0073,283.0479,280.8897,279.2247,277.8709,276.7841,276.0454,275.8257,276.3321,277.7433,280.1468,283.4934,287.5812,366.7950022657394,275.89612697831643,1422.4608,302.00419999999986,640.8886999999997,-17.054100000000005
2987,2987,2987.0,2987.0,2987.0,2987.0,2987.0,2987.0,2987.0,2987.0,2987.0,2987.0,2987.0,2987.0,2987.0,2987.0,2987.0,2987.0,2987.0,2987.0,2987.0,2987.0,2987.0,2987.0,2987.0,2987.0,2987.0,2987.0,2987.0,2987.0,2987.0,2987.0,2987.0,2987.0,2987.0,2987.0,2987.0,2987.0,2987.0,2987.0,2987.0,7.0,,,,,,,,,,,0.7,356.2254,345.8796,335.9682,326.6764,318.1543,310.5099,303.8055,298.0588,293.247,289.3139,286.1769,283.736,281.8798,280.4922,279.4585,278.6711,278.0362,277.4801,276.9522,276.4264,319.769830074275,372.99933253732354,1724.465,225.9014000000002,338.8844999999999,-2.490099999999984
2988,2988,2988.0,2988.0,2988.0,2988.0,2988.0,2988.0,2988.0,2988.0,2988.0,2988.0,2988.0,2988.0,2988.0,2988.0,2988.0,2988.0,2988.0,2988.0,2988.0,2988.0,2988.0,2988.0,2988.0,2988.0,2988.0,2988.0,2988.0,2988.0,2988.0,2988.0,2988.0,2988.0,2988.0,2988.0,2988.0,2988.0,2988.0,2988.0,2988.0,8.0,,,,,,,,,,,0.8,319.0556,318.1066,316.7332,314.8262,312.3736,309.4594,306.247,302.9574,299.8485,297.2013,295.3147,294.5053,295.105,297.4475,301.8404,308.5193,317.5908,328.9779,342.384,357.2909,274.9312832146805,372.9994649525472,1950.3664,76.3762999999999,112.9830999999997,-3.5405999999999835
2989,2989,2989.0,2989.0,2989.0,2989.0,2989.0,2989.0,2989.0,2989.0,2989.0,2989.0,2989.0,2989.0,2989.0,2989.0,2989.0,2989.0,2989.0,2989.0,2989.0,2989.0,2989.0,2989.0,2989.0,2989.0,2989.0,2989.0,2989.0,2989.0,2989.0,2989.0,2989.0,2989.0,2989.0,2989.0,2989.0,2989.0,2989.0,2989.0,2989.0,9.0,,,,,,,,,,,0.9,280.8166,286.3391,291.1935,295.1765,298.2128,300.3569,301.7765,302.7223,303.4935,304.4047,305.7584,307.8236,310.8208,314.9109,320.1874,326.6717,334.3112,342.9809,352.4896,362.5911,252.1423148750248,275.2254534725448,2026.7427,36.606799999999794,36.606799999999794,-12.643100000000004
2990,2990,2990.0,2990.0,2990.0,2990.0,2990.0,2990.0,2990.0,2990.0,2990.0,2990.0,2990.0,2990.0,2990.0,2990.0,2990.0,2990.0,2990.0,2990.0,2990.0,2990.0,2990.0,2990.0,2990.0,2990.0,2990.0,2990.0,2990.0,2990.0,2990.0,2990.0,2990.0,2990.0,2990.0,2990.0,2990.0,2990.0,2990.0,2990.0,2990.0,0.0,,,,,,,,,,,0.0,273.0,273.0,273.0,273.0,273.0,273.0,273.0,273.0,273.0,273.0,273.0,273.0,273.0,273.0,273.0,273.0,273.0,273.0,273.0,273.0,372.9998352458544,372.9999381150295,0.0,368.7879,2120.8252,-40.0
2991,2991,2991.0,2991.0,2991.0,2991.0,2991.0,2991.0,2991.0,2991.0,2991.0,2991.0,2991.0,2991.0,2991.0,2991.0,2991.0,2991.0,2991.0,2991.0,2991.0,2991.0,2991.0,2991.0,2991.0,2991.0,2991.0,2991.0,2991.0,2991.0,2991.0,2991.0,2991.0,2991.0,2991.0,2991.0,2991.0,2991.0,2991.0,2991.0,2991.0,1.0,,,,,,,,,,,0.1,355.9582,339.6959,324.8872,312.0201,301.3574,292.9443,286.6546,282.2609,279.5107,278.1944,278.1944,279.5107,282.2609,286.6547,292.9443,301.3574,312.0201,324.8873,339.696,355.9582,236.95707453708067,372.9999591685672,368.7879,156.44729999999998,1752.0373000000004,-20.0557
2992,2992,2992.0,2992.0,2992.0,2992.0,2992.0,2992.0,2992.0,2992.0,2992.0,2992.0,2992.0,2992.0,2992.0,2992.0,2992.0,2992.0,2992.0,2992.0,2992.0,2992.0,2992.0,2992.0,2992.0,2992.0,2992.0,2992.0,2992.0,2992.0,2992.0,2992.0,2992.0,2992.0,2992.0,2992.0,2992.0,2992.0,2992.0,2992.0,2992.0,2.0,,,,,,,,,,,0.2,248.2207,258.7364,267.8856,275.2769,280.793,284.5804,286.994,288.5164,289.675,290.9722,292.84,295.616,299.5376,304.7467,311.2984,319.1695,328.2663,338.4317,349.4532,361.0728,244.88914072165483,322.79988535990344,525.2352,116.4312,1595.5900000000004,-28.419600000000003
2993,2993,2993.0,2993.0,2993.0,2993.0,2993.0,2993.0,2993.0,2993.0,2993.0,2993.0,2993.0,2993.0,2993.0,2993.0,2993.0,2993.0,2993.0,2993.0,2993.0,2993.0,2993.0,2993.0,2993.0,2993.0,2993.0,2993.0,2993.0,2993.0,2993.0,2993.0,2993.0,2993.0,2993.0,2993.0,2993.0,2993.0,2993.0,2993.0,2993.0,3.0,,,,,,,,,,,0.3,250.7844,256.5736,262.1619,267.4762,272.4733,277.1448,281.5173,285.6461,289.6039,293.4637,297.2808,301.0746,304.8178,308.4346,311.8117,314.8222,317.3575,319.3606,320.8519,321.938,248.17210262844267,273.4320802177794,641.6664,152.15910000000008,1479.1588000000004,-35.855200000000025
2994,2994,2994.0,2994.0,2994.0,2994.0,2994.0,2994.0,2994.0,2994.0,2994.0,2994.0,2994.0,2994.0,2994.0,2994.0,2994.0,2994.0,2994.0,2994.0,2994.0,2994.0,2994.0,2994.0,2994.0,2994.0,2994.0,2994.0,2994.0,2994.0,2994.0,2994.0,2994.0,2994.0,2994.0,2994.0,2994.0,2994.0,2994.0,2994.0,2994.0,4.0,,,,,,,,,,,0.4,252.8098,257.4332,262.0264,266.5707,271.0436,275.4172,279.6565,283.7162,287.5359,291.0342,294.1033,296.6061,298.3783,299.2403,299.0172,297.5696,294.8286,290.8276,285.7235,279.7975,264.2394958721825,192.6210128916408,793.8255,262.1429999999999,1326.9997000000003,-37.58280000000002
2995,2995,2995.0,2995.0,2995.0,2995.0,2995.0,2995.0,2995.0,2995.0,2995.0,2995.0,2995.0,2995.0,2995.0,2995.0,2995.0,2995.0,2995.0,2995.0,2995.0,2995.0,2995.0,2995.0,2995.0,2995.0,2995.0,2995.0,2995.0,2995.0,2995.0,2995.0,2995.0,2995.0,2995.0,2995.0,2995.0,2995.0,2995.0,2995.0,2995.0,5.0,,,,,,,,,,,0.5,265.8897,267.6312,269.5356,271.6391,273.932,276.3554,278.8027,281.1228,283.1232,284.5718,285.1979,284.6947,282.7297,278.9656,273.0959,264.8941,254.2692,241.3155,226.3442,209.88,372.9999385747234,289.76317264460687,1055.9685,393.7918,1064.8567000000005,-36.644600000000025
2996,2996,2996.0,2996.0,2996.0,2996.0,2996.0,2996.0,2996.0,2996.0,2996.0,2996.0,2996.0,2996.0,2996.0,2996.0,2996.0,2996.0,2996.0,2996.0,2996.0,2996.0,2996.0,2996.0,2996.0,2996.0,2996.0,2996.0,2996.0,2996.0,2996.0,2996.0,2996.0,2996.0,2996.0,2996.0,2996.0,2996.0,2996.0,2996.0,2996.0,6.0,,,,,,,,,,,0.6,356.356,340.5336,326.2336,313.9417,303.8816,296.019,290.1107,285.7802,282.6038,280.1888,278.2343,276.5692,275.1648,274.1221,273.635,273.9327,275.2117,277.5679,280.9484,285.134,365.48636586329417,276.5072992172924,1449.7603,319.5948000000001,671.0649000000003,-16.980999999999995
2997,2997,2997.0,2997.0,2997.0,2997.0,2997.0,2997.0,2997.0,2997.0,2997.0,2997.0,2997.0,2997.0,2997.0,2997.0,2997.0,2997.0,2997.0,2997.0,2997.0,2997.0,2997.0,2997.0,2997.0,2997.0,2997.0,2997.0,2997.0,2997.0,2997.0,2997.0,2997.0,2997.0,2997.0,2997.0,2997.0,2997.0,2997.0,2997.0,2997.0,7.0,,,,,,,,,,,0.7,355.1216,344.9643,335.2107,326.0351,317.581,309.9541,303.2191,297.4001,292.4841,288.4274,285.1629,282.6073,280.6677,279.2465,278.2457,277.5709,277.1356,276.8649,276.6981,276.5898,321.9782088384728,372.9992631970616,1769.3551,234.4528,351.47010000000023,-3.0459000000000174
2998,2998,2998.0,2998.0,2998.0,2998.0,2998.0,2998.0,2998.0,2998.0,2998.0,2998.0,2998.0,2998.0,2998.0,2998.0,2998.0,2998.0,2998.0,2998.0,2998.0,2998.0,2998.0,2998.0,2998.0,2998.0,2998.0,2998.0,2998.0,2998.0,2998.0,2998.0,2998.0,2998.0,2998.0,2998.0,2998.0,2998.0,2998.0,2998.0,2998.0,8.0,,,,,,,,,,,0.8,320.763,319.3347,317.5227,315.2307,312.4532,309.2744,305.8534,302.4042,299.1772,296.447,294.5082,293.6746,294.277,296.6488,301.0971,307.8562,317.0304,328.5396,342.0831,357.1378,274.4222262216406,372.9994854617785,2003.8079,79.90039999999976,117.0173000000002,-3.725599999999986
2999,2999,2999.0,2999.0,2999.0,2999.0,2999.0,2999.0,2999.0,2999.0,2999.0,2999.0,2999.0,2999.0,2999.0,2999.0,2999.0,2999.0,2999.0,2999.0,2999.0,2999.0,2999.0,2999.0,2999.0,2999.0,2999.0,2999.0,2999.0,2999.0,2999.0,2999.0,2999.0,2999.0,2999.0,2999.0,2999.0,2999.0,2999.0,2999.0,2999.0,9.0,,,,,,,,,,,0.9,280.4084,286.0187,290.937,294.9539,297.9923,300.1103,301.4826,302.3687,303.0773,303.9315,305.2405,307.2782,310.2677,314.3708,319.6809,326.2178,333.9266,342.6797,352.2826,362.4858,251.171159616476,284.8951714319519,2083.7083,37.11690000000044,37.11690000000044,-12.889700000000005
3000,3000,3000.0,3000.0,3000.0,3000.0,3000.0,3000.0,3000.0,3000.0,3000.0,3000.0,3000.0,3000.0,3000.0,3000.0,3000.0,3000.0,3000.0,3000.0,3000.0,3000.0,3000.0,3000.0,3000.0,3000.0,3000.0,3000.0,3000.0,3000.0,3000.0,3000.0,3000.0,3000.0,3000.0,3000.0,3000.0,3000.0,3000.0,3000.0,0.0,,,,,,,,,,,,0.0,273.0,273.0,273.0,273.0,273.0,273.0,273.0,273.0,273.0,273.0,273.0,273.0,273.0,273.0,273.0,273.0,273.0,273.0,273.0,273.0,372.99963577040586,372.99995089974016,0.0,368.7879,1600.6959000000002,17.0154
3001,3001,3001.0,3001.0,3001.0,3001.0,3001.0,3001.0,3001.0,3001.0,3001.0,3001.0,3001.0,3001.0,3001.0,3001.0,3001.0,3001.0,3001.0,3001.0,3001.0,3001.0,3001.0,3001.0,3001.0,3001.0,3001.0,3001.0,3001.0,3001.0,3001.0,3001.0,3001.0,3001.0,3001.0,3001.0,3001.0,3001.0,3001.0,3001.0,1.0,,,,,,,,,,,,0.1,355.958,339.6958,324.8871,312.02,301.3573,292.9443,286.6546,282.2609,279.5107,278.1944,278.1944,279.5107,282.2609,286.6547,292.9443,301.3574,312.0201,324.8873,339.696,355.9582,324.8056371289966,274.3282869466794,368.7879,174.02979999999997,1231.908,17.0154
3002,3002,3002.0,3002.0,3002.0,3002.0,3002.0,3002.0,3002.0,3002.0,3002.0,3002.0,3002.0,3002.0,3002.0,3002.0,3002.0,3002.0,3002.0,3002.0,3002.0,3002.0,3002.0,3002.0,3002.0,3002.0,3002.0,3002.0,3002.0,3002.0,3002.0,3002.0,3002.0,3002.0,3002.0,3002.0,3002.0,3002.0,3002.0,3002.0,2.0,,,,,,,,,,,,0.2,321.0938,317.3154,313.4385,309.4905,305.5662,301.8168,298.4248,295.5704,293.3953,291.9715,291.2785,291.191,291.4812,291.8379,291.9033,291.327,289.8294,287.2631,283.6559,279.2212,371.6867942239113,274.79220223683507,542.8177,186.8826,1057.8782,17.0154
3003,3003,3003.0,3003.0,3003.0,3003.0,3003.0,3003.0,3003.0,3003.0,3003.0,3003.0,3003.0,3003.0,3003.0,3003.0,3003.0,3003.0,3003.0,3003.0,3003.0,3003.0,3003.0,3003.0,3003.0,3003.0,3003.0,3003.0,3003.0,3003.0,3003.0,3003.0,3003.0,3003.0,3003.0,3003.0,3003.0,3003.0,3003.0,3003.0,3.0,,,,,,,,,,,,0.3,360.1646,349.0515,338.7071,329.4016,321.2956,314.4383,308.7834,304.2133,300.5662,297.6602,295.3105,293.3411,291.5921,289.9242,288.2234,286.404,284.4126,282.2291,279.8666,277.3666,338.1546765061613,372.9997142705317,729.7003,174.2582,870.9956,17.0154
3004,3004,3004.0,3004.0,3004.0,3004.0,3004.0,3004.0,3004.0,3004.0,3004.0,3004.0,3004.0,3004.0,3004.0,3004.0,3004.0,3004.0,3004.0,3004.0,3004.0,3004.0,3004.0,3004.0,3004.0,3004.0,3004.0,3004.0,3004.0,3004.0,3004.0,3004.0,3004.0,3004.0,3004.0,3004.0,3004.0,3004.0,3004.0,3004.0,4.0,,,,,,,,,,,,0.4,335.093,331.9327,328.6014,325.0722,321.3729,317.5829,313.8238,310.2475,307.0271,304.356,302.4513,301.5606,301.9627,303.9567,307.8325,313.8237,322.048,332.4498,344.7616,358.4991,300.7025752497536,372.9998513611141,903.9585,63.75330000000008,696.7374,17.0154
3005,3005,3005.0,3005.0,3005.0,3005.0,3005.0,3005.0,3005.0,3005.0,3005.0,3005.0,3005.0,3005.0,3005.0,3005.0,3005.0,3005.0,3005.0,3005.0,3005.0,3005.0,3005.0,3005.0,3005.0,3005.0,3005.0,3005.0,3005.0,3005.0,3005.0,3005.0,3005.0,3005.0,3005.0,3005.0,3005.0,3005.0,3005.0,3005.0,5.0,,,,,,,,,,,,0.5,303.8045,306.6422,308.9968,310.731,311.8086,312.2958,312.3467,312.1792,312.0468,312.2126,312.9269,314.4106,316.8429,320.3517,325.0072,330.8164,337.721,345.5978,354.2645,363.4881,330.2296775328156,366.799744008513,967.7118,23.39009999999996,632.9840999999999,17.0154
3006,3006,3006.0,3006.0,3006.0,3006.0,3006.0,3006.0,3006.0,3006.0,3006.0,3006.0,3006.0,3006.0,3006.0,3006.0,3006.0,3006.0,3006.0,3006.0,3006.0,3006.0,3006.0,3006.0,3006.0,3006.0,3006.0,3006.0,3006.0,3006.0,3006.0,3006.0,3006.0,3006.0,3006.0,3006.0,3006.0,3006.0,3006.0,3006.0,6.0,,,,,,,,,,,,0.6,326.9721,323.9035,321.1901,318.9587,317.2894,316.2201,315.7575,315.8923,316.6124,317.9116,319.7911,322.2573,325.3142,328.9561,333.1616,337.8902,343.082,348.6608,354.5382,360.618,372.999820196452,173.0001288404255,991.1019,65.0077,609.5939999999999,17.0154
3007,3007,3007.0,3007.0,3007.0,3007.0,3007.0,3007.0,3007.0,3007.0,3007.0,3007.0,3007.0,3007.0,3007.0,3007.0,3007.0,3007.0,3007.0,3007.0,3007.0,3007.0,3007.0,3007.0,3007.0,3007.0,3007.0,3007.0,3007.0,3007.0,3007.0,3007.0,3007.0,3007.0,3007.0,3007.0,3007.0,3007.0,3007.0,3007.0,7.0,,,,,,,,,,,,0.7,363.8053,355.0314,347.0475,340.1307,334.4414,330.0154,326.7696,324.513,322.9549,321.7069,320.2791,318.078,314.4168,308.5516,299.7516,287.4025,271.131,250.9216,227.1946,200.8123,174.3695933394568,372.9867786077296,1056.1096,128.5199,544.5862999999999,17.0154
3008,3008,3008.0,3008.0,3008.0,3008.0,3008.0,3008.0,3008.0,3008.0,3008.0,3008.0,3008.0,3008.0,3008.0,3008.0,3008.0,3008.0,3008.0,3008.0,3008.0,3008.0,3008.0,3008.0,3008.0,3008.0,3008.0,3008.0,3008.0,3008.0,3008.0,3008.0,3008.0,3008.0,3008.0,3008.0,3008.0,3008.0,3008.0,3008.0,8.0,,,,,,,,,,,,0.8,201.6748,227.5597,250.8009,270.5222,286.2688,297.9972,306.001,310.8025,313.0479,313.4301,312.6495,311.4078,310.4149,310.3878,312.0207,315.9183,322.5014,331.9048,343.9043,357.9016,216.7755063158067,184.43833077509444,1184.6295,103.29880000000004,416.06639999999993,17.0154
3009,3009,3009.0,3009.0,3009.0,3009.0,3009.0,3009.0,3009.0,3009.0,3009.0,3009.0,3009.0,3009.0,3009.0,3009.0,3009.0,3009.0,3009.0,3009.0,3009.0,3009.0,3009.0,3009.0,3009.0,3009.0,3009.0,3009.0,3009.0,3009.0,3009.0,3009.0,3009.0,3009.0,3009.0,3009.0,3009.0,3009.0,3009.0,3009.0,9.0,,,,,,,,,,,,0.9,227.8805,238.8261,249.4441,259.5545,268.9703,277.5101,285.0111,291.3367,296.3711,300.0007,302.0824,302.4119,300.7021,296.588,289.6679,279.5824,266.1203,249.3258,229.5773,207.6058,359.2726542456237,173.00011404467287,1287.9283,312.7675999999999,312.7675999999999,17.0154
3010,3010,3010.0,3010.0,3010.0,3010.0,3010.0,3010.0,3010.0,3010.0,3010.0,3010.0,3010.0,3010.0,3010.0,3010.0,3010.0,3010.0,3010.0,3010.0,3010.0,3010.0,3010.0,3010.0,3010.0,3010.0,3010.0,3010.0,3010.0,3010.0,3010.0,3010.0,3010.0,3010.0,3010.0,3010.0,3010.0,3010.0,3010.0,3010.0,0.0,,,,,,,,,,,,0.0,273.0,273.0,273.0,273.0,273.0,273.0,273.0,273.0,273.0,273.0,273.0,273.0,273.0,273.0,273.0,273.0,273.0,273.0,273.0,273.0,372.99963577040586,372.99995089974016,0.0,368.7879,2105.1427,7.872200000000021
3011,3011,3011.0,3011.0,3011.0,3011.0,3011.0,3011.0,3011.0,3011.0,3011.0,3011.0,3011.0,3011.0,3011.0,3011.0,3011.0,3011.0,3011.0,3011.0,3011.0,3011.0,3011.0,3011.0,3011.0,3011.0,3011.0,3011.0,3011.0,3011.0,3011.0,3011.0,3011.0,3011.0,3011.0,3011.0,3011.0,3011.0,3011.0,3011.0,1.0,,,,,,,,,,,,0.1,355.958,339.6958,324.8871,312.02,301.3573,292.9443,286.6546,282.2609,279.5107,278.1944,278.1944,279.5107,282.2609,286.6547,292.9443,301.3574,312.0201,324.8873,339.696,355.9582,325.0028746194089,274.0916346583729,368.7879,174.12130000000008,1736.3547999999998,7.872200000000021
3012,3012,3012.0,3012.0,3012.0,3012.0,3012.0,3012.0,3012.0,3012.0,3012.0,3012.0,3012.0,3012.0,3012.0,3012.0,3012.0,3012.0,3012.0,3012.0,3012.0,3012.0,3012.0,3012.0,3012.0,3012.0,3012.0,3012.0,3012.0,3012.0,3012.0,3012.0,3012.0,3012.0,3012.0,3012.0,3012.0,3012.0,3012.0,3012.0,2.0,,,,,,,,,,,,0.2,321.2573,317.4468,313.5407,309.5674,305.6219,301.8555,298.4505,295.5862,293.4035,291.9735,291.2745,291.1802,291.4618,291.8069,291.8569,291.2603,289.7373,287.1403,283.4979,279.0248,189.6490166970267,372.99990505291873,542.9092,168.77059999999994,1562.2334999999998,7.872200000000021
3013,3013,3013.0,3013.0,3013.0,3013.0,3013.0,3013.0,3013.0,3013.0,3013.0,3013.0,3013.0,3013.0,3013.0,3013.0,3013.0,3013.0,3013.0,3013.0,3013.0,3013.0,3013.0,3013.0,3013.0,3013.0,3013.0,3013.0,3013.0,3013.0,3013.0,3013.0,3013.0,3013.0,3013.0,3013.0,3013.0,3013.0,3013.0,3013.0,3.0,,,,,,,,,,,,0.3,209.1655,227.6763,244.3209,258.4958,269.9111,278.5866,284.798,288.9969,291.7275,293.5602,295.0493,296.715,299.0379,302.4557,307.3484,314.0093,322.6013,333.1128,345.3267,358.8197,336.97646475146934,173.0000408273485,711.6798,178.76610000000005,1393.4628999999998,7.872200000000021
3014,3014,3014.0,3014.0,3014.0,3014.0,3014.0,3014.0,3014.0,3014.0,3014.0,3014.0,3014.0,3014.0,3014.0,3014.0,3014.0,3014.0,3014.0,3014.0,3014.0,3014.0,3014.0,3014.0,3014.0,3014.0,3014.0,3014.0,3014.0,3014.0,3014.0,3014.0,3014.0,3014.0,3014.0,3014.0,3014.0,3014.0,3014.0,3014.0,4.0,,,,,,,,,,,,0.4,325.249,314.3507,304.9795,297.6027,292.411,289.3276,288.0604,288.173,289.1494,290.4364,291.4579,291.6104,290.2558,286.7325,280.3988,270.7155,257.3547,240.3106,219.9766,197.1578,372.9999335625205,191.80583277973463,890.4459,352.4048999999999,1214.6967999999997,7.872200000000021
3015,3015,3015.0,3015.0,3015.0,3015.0,3015.0,3015.0,3015.0,3015.0,3015.0,3015.0,3015.0,3015.0,3015.0,3015.0,3015.0,3015.0,3015.0,3015.0,3015.0,3015.0,3015.0,3015.0,3015.0,3015.0,3015.0,3015.0,3015.0,3015.0,3015.0,3015.0,3015.0,3015.0,3015.0,3015.0,3015.0,3015.0,3015.0,3015.0,5.0,,,,,,,,,,,,0.5,359.8851,347.2644,335.5683,325.1118,316.062,308.4284,302.0748,296.7462,292.1052,287.7705,283.3546,278.4967,272.8901,266.3034,258.594,249.7133,239.7046,228.6934,216.8724,204.4848,372.99995918155753,372.9998925019,1242.8508,417.6674,862.2918999999999,7.872200000000021
3016,3016,3016.0,3016.0,3016.0,3016.0,3016.0,3016.0,3016.0,3016.0,3016.0,3016.0,3016.0,3016.0,3016.0,3016.0,3016.0,3016.0,3016.0,3016.0,3016.0,3016.0,3016.0,3016.0,3016.0,3016.0,3016.0,3016.0,3016.0,3016.0,3016.0,3016.0,3016.0,3016.0,3016.0,3016.0,3016.0,3016.0,3016.0,3016.0,6.0,,,,,,,,,,,,0.6,362.9433,353.0399,343.4301,334.2298,325.5252,317.3725,309.807,302.8606,296.5878,291.0976,286.5851,283.3557,281.8295,282.5174,285.9594,292.6293,302.8171,316.5163,333.3458,352.5369,309.43213612775804,372.9980312644417,1660.5182,165.65120000000002,444.6244999999999,7.872200000000021
3017,3017,3017.0,3017.0,3017.0,3017.0,3017.0,3017.0,3017.0,3017.0,3017.0,3017.0,3017.0,3017.0,3017.0,3017.0,3017.0,3017.0,3017.0,3017.0,3017.0,3017.0,3017.0,3017.0,3017.0,3017.0,3017.0,3017.0,3017.0,3017.0,3017.0,3017.0,3017.0,3017.0,3017.0,3017.0,3017.0,3017.0,3017.0,3017.0,7.0,,,,,,,,,,,,0.7,311.5002,313.185,314.1721,314.2699,313.4379,311.7864,309.5536,307.0672,304.7028,302.8454,301.8592,302.0647,303.7228,307.0215,312.0656,318.8678,327.343,337.3075,348.4848,360.5194,296.5526458748331,346.98526226657674,1826.1694,45.04099999999994,278.9732999999999,7.872200000000021
3018,3018,3018.0,3018.0,3018.0,3018.0,3018.0,3018.0,3018.0,3018.0,3018.0,3018.0,3018.0,3018.0,3018.0,3018.0,3018.0,3018.0,3018.0,3018.0,3018.0,3018.0,3018.0,3018.0,3018.0,3018.0,3018.0,3018.0,3018.0,3018.0,3018.0,3018.0,3018.0,3018.0,3018.0,3018.0,3018.0,3018.0,3018.0,3018.0,8.0,,,,,,,,,,,,0.8,298.9522,301.1996,303.1688,304.7808,306.017,306.9211,307.5926,308.1724,308.8231,309.708,310.9708,312.7189,315.0113,317.8549,321.2072,324.9878,329.0952,333.4259,337.8908,342.4245,372.9999591759,173.0003809826803,1871.2104,68.7627,233.9323,7.872200000000021
3019,3019,3019.0,3019.0,3019.0,3019.0,3019.0,3019.0,3019.0,3019.0,3019.0,3019.0,3019.0,3019.0,3019.0,3019.0,3019.0,3019.0,3019.0,3019.0,3019.0,3019.0,3019.0,3019.0,3019.0,3019.0,3019.0,3019.0,3019.0,3019.0,3019.0,3019.0,3019.0,3019.0,3019.0,3019.0,3019.0,3019.0,3019.0,3019.0,9.0,,,,,,,,,,,,0.9,361.6217,350.8141,341.0693,332.7398,326.0057,320.8722,317.1905,314.6883,312.999,311.6795,310.2163,308.0261,304.4629,298.8458,290.5167,278.9293,263.7571,244.9972,223.0386,198.6685,173.0179787569985,372.98677892989207,1939.9731,165.16959999999995,165.16959999999995,7.872200000000021
3020,3020,3020.0,3020.0,3020.0,3020.0,3020.0,3020.0,3020.0,3020.0,3020.0,3020.0,3020.0,3020.0,3020.0,3020.0,3020.0,3020.0,3020.0,3020.0,3020.0,3020.0,3020.0,3020.0,3020.0,3020.0,3020.0,3020.0,3020.0,3020.0,3020.0,3020.0,3020.0,3020.0,3020.0,3020.0,3020.0,3020.0,3020.0,3020.0,0.0,,,,,,,,,,,,0.0,273.0,273.0,273.0,273.0,273.0,273.0,273.0,273.0,273.0,273.0,273.0,273.0,273.0,273.0,273.0,273.0,273.0,273.0,273.0,273.0,372.99963577040586,372.99995089974016,0.0,368.7879,1636.5252,16.791499999999985
3021,3021,3021.0,3021.0,3021.0,3021.0,3021.0,3021.0,3021.0,3021.0,3021.0,3021.0,3021.0,3021.0,3021.0,3021.0,3021.0,3021.0,3021.0,3021.0,3021.0,3021.0,3021.0,3021.0,3021.0,3021.0,3021.0,3021.0,3021.0,3021.0,3021.0,3021.0,3021.0,3021.0,3021.0,3021.0,3021.0,3021.0,3021.0,3021.0,1.0,,,,,,,,,,,,0.1,355.958,339.6958,324.8871,312.02,301.3573,292.9443,286.6546,282.2609,279.5107,278.1944,278.1944,279.5107,282.2609,286.6547,292.9443,301.3574,312.0201,324.8873,339.696,355.9582,325.7981679694411,273.13759922852614,368.7879,174.49200000000002,1267.7373,16.791499999999985
3022,3022,3022.0,3022.0,3022.0,3022.0,3022.0,3022.0,3022.0,3022.0,3022.0,3022.0,3022.0,3022.0,3022.0,3022.0,3022.0,3022.0,3022.0,3022.0,3022.0,3022.0,3022.0,3022.0,3022.0,3022.0,3022.0,3022.0,3022.0,3022.0,3022.0,3022.0,3022.0,3022.0,3022.0,3022.0,3022.0,3022.0,3022.0,3022.0,2.0,,,,,,,,,,,,0.2,321.917,317.9771,313.9531,309.8771,305.8461,302.0114,298.5538,295.6497,293.4365,291.9813,291.2583,291.1368,291.3836,291.682,291.6693,290.9911,289.3656,286.6456,282.8617,278.2333,371.45110169310766,273.722875942718,543.2799,188.9883,1093.2453,16.791499999999985
3023,3023,3023.0,3023.0,3023.0,3023.0,3023.0,3023.0,3023.0,3023.0,3023.0,3023.0,3023.0,3023.0,3023.0,3023.0,3023.0,3023.0,3023.0,3023.0,3023.0,3023.0,3023.0,3023.0,3023.0,3023.0,3023.0,3023.0,3023.0,3023.0,3023.0,3023.0,3023.0,3023.0,3023.0,3023.0,3023.0,3023.0,3023.0,3023.0,3.0,,,,,,,,,,,,0.3,360.0163,348.9835,338.706,329.4499,321.3738,314.527,308.8648,304.2719,300.5893,297.637,295.2318,293.1983,291.3768,289.628,287.8376,285.9202,283.8227,281.5262,279.0449,276.4222,337.21980931099336,372.9999179663038,732.2682,176.29230000000007,904.257,16.791499999999985
3024,3024,3024.0,3024.0,3024.0,3024.0,3024.0,3024.0,3024.0,3024.0,3024.0,3024.0,3024.0,3024.0,3024.0,3024.0,3024.0,3024.0,3024.0,3024.0,3024.0,3024.0,3024.0,3024.0,3024.0,3024.0,3024.0,3024.0,3024.0,3024.0,3024.0,3024.0,3024.0,3024.0,3024.0,3024.0,3024.0,3024.0,3024.0,3024.0,4.0,,,,,,,,,,,,0.4,334.3198,331.3132,328.1205,324.7094,321.1043,317.3834,313.6689,310.1147,306.8974,304.2143,302.2871,301.3685,301.7426,303.7136,307.5769,313.57,321.8137,332.2533,344.6197,358.4247,301.60099265545114,372.9999464368568,908.5605,64.19629999999995,727.9647,16.791499999999985
3025,3025,3025.0,3025.0,3025.0,3025.0,3025.0,3025.0,3025.0,3025.0,3025.0,3025.0,3025.0,3025.0,3025.0,3025.0,3025.0,3025.0,3025.0,3025.0,3025.0,3025.0,3025.0,3025.0,3025.0,3025.0,3025.0,3025.0,3025.0,3025.0,3025.0,3025.0,3025.0,3025.0,3025.0,3025.0,3025.0,3025.0,3025.0,3025.0,5.0,,,,,,,,,,,,0.5,304.4978,307.1413,309.3222,310.9097,311.8701,312.2691,312.2573,312.0479,311.8892,312.0398,312.7465,314.2281,316.6626,320.178,324.8446,330.6698,337.5955,345.4985,354.1956,363.4529,328.9082930469003,367.6592829427557,972.7568,23.38300000000004,663.7684,16.791499999999985
3026,3026,3026.0,3026.0,3026.0,3026.0,3026.0,3026.0,3026.0,3026.0,3026.0,3026.0,3026.0,3026.0,3026.0,3026.0,3026.0,3026.0,3026.0,3026.0,3026.0,3026.0,3026.0,3026.0,3026.0,3026.0,3026.0,3026.0,3026.0,3026.0,3026.0,3026.0,3026.0,3026.0,3026.0,3026.0,3026.0,3026.0,3026.0,3026.0,6.0,,,,,,,,,,,,0.6,325.8906,323.0483,320.5359,318.4722,316.9343,315.9608,315.5631,315.7386,316.4831,317.7979,319.6918,322.1772,325.2637,328.9503,333.2193,338.0327,343.3319,349.04,355.0656,361.3077,372.99997594668025,173.00012539211843,996.1398,63.86569999999995,640.3854,16.791499999999985
3027,3027,3027.0,3027.0,3027.0,3027.0,3027.0,3027.0,3027.0,3027.0,3027.0,3027.0,3027.0,3027.0,3027.0,3027.0,3027.0,3027.0,3027.0,3027.0,3027.0,3027.0,3027.0,3027.0,3027.0,3027.0,3027.0,3027.0,3027.0,3027.0,3027.0,3027.0,3027.0,3027.0,3027.0,3027.0,3027.0,3027.0,3027.0,3027.0,7.0,,,,,,,,,,,,0.7,363.7396,354.9061,346.8742,339.9245,334.2185,329.7915,326.5583,324.3249,322.7974,321.5847,320.1944,318.0306,314.4046,308.5702,299.7946,287.4616,271.1961,250.9824,227.2414,200.8378,173.97141490999255,372.9867786077296,1060.0055,127.9909,576.5197000000001,16.791499999999985
3028,3028,3028.0,3028.0,3028.0,3028.0,3028.0,3028.0,3028.0,3028.0,3028.0,3028.0,3028.0,3028.0,3028.0,3028.0,3028.0,3028.0,3028.0,3028.0,3028.0,3028.0,3028.0,3028.0,3028.0,3028.0,3028.0,3028.0,3028.0,3028.0,3028.0,3028.0,3028.0,3028.0,3028.0,3028.0,3028.0,3028.0,3028.0,3028.0,8.0,,,,,,,,,,,,0.8,201.3151,227.2373,250.5134,270.2668,286.0425,297.7975,305.8258,310.6506,312.9186,313.3228,312.5635,311.3421,310.3679,310.3571,312.0034,315.9113,322.5011,331.9079,343.9081,357.9041,211.5098252538948,173.86030121682825,1187.9964,110.27179999999998,448.5288000000001,16.791499999999985
3029,3029,3029.0,3029.0,3029.0,3029.0,3029.0,3029.0,3029.0,3029.0,3029.0,3029.0,3029.0,3029.0,3029.0,3029.0,3029.0,3029.0,3029.0,3029.0,3029.0,3029.0,3029.0,3029.0,3029.0,3029.0,3029.0,3029.0,3029.0,3029.0,3029.0,3029.0,3029.0,3029.0,3029.0,3029.0,3029.0,3029.0,3029.0,3029.0,9.0,,,,,,,,,,,,0.9,223.476,235.2444,246.6136,257.3791,267.3405,276.3128,284.1375,290.6856,295.8489,299.5159,301.5388,301.699,299.6862,295.1056,287.5239,276.5545,261.971,243.8216,222.5123,198.8257,358.93920561114373,173.00041737444275,1298.2682,338.25700000000006,338.25700000000006,16.791499999999985
3030,3030,3030.0,3030.0,3030.0,3030.0,3030.0,3030.0,3030.0,3030.0,3030.0,3030.0,3030.0,3030.0,3030.0,3030.0,3030.0,3030.0,3030.0,3030.0,3030.0,3030.0,3030.0,3030.0,3030.0,3030.0,3030.0,3030.0,3030.0,3030.0,3030.0,3030.0,3030.0,3030.0,3030.0,3030.0,3030.0,3030.0,3030.0,3030.0,0.0,,,,,,,,,,,,0.0,273.0,273.0,273.0,273.0,273.0,273.0,273.0,273.0,273.0,273.0,273.0,273.0,273.0,273.0,273.0,273.0,273.0,273.0,273.0,273.0,372.99963577040586,372.99995089974016,0.0,368.7879,1421.7073,38.12009999999998
3031,3031,3031.0,3031.0,3031.0,3031.0,3031.0,3031.0,3031.0,3031.0,3031.0,3031.0,3031.0,3031.0,3031.0,3031.0,3031.0,3031.0,3031.0,3031.0,3031.0,3031.0,3031.0,3031.0,3031.0,3031.0,3031.0,3031.0,3031.0,3031.0,3031.0,3031.0,3031.0,3031.0,3031.0,3031.0,3031.0,3031.0,3031.0,3031.0,1.0,,,,,,,,,,,,0.1,355.958,339.6958,324.8871,312.02,301.3573,292.9443,286.6546,282.2609,279.5107,278.1944,278.1944,279.5107,282.2609,286.6547,292.9443,301.3574,312.0201,324.8873,339.696,355.9582,325.6052077903401,273.3688455642143,368.7879,174.40180000000004,1052.9194,38.12009999999998
3032,3032,3032.0,3032.0,3032.0,3032.0,3032.0,3032.0,3032.0,3032.0,3032.0,3032.0,3032.0,3032.0,3032.0,3032.0,3032.0,3032.0,3032.0,3032.0,3032.0,3032.0,3032.0,3032.0,3032.0,3032.0,3032.0,3032.0,3032.0,3032.0,3032.0,3032.0,3032.0,3032.0,3032.0,3032.0,3032.0,3032.0,3032.0,3032.0,2.0,,,,,,,,,,,,0.2,321.757,317.8484,313.853,309.8019,305.7917,301.9736,298.5287,295.6343,293.4285,291.9794,291.2623,291.1473,291.4025,291.7123,291.7147,291.0563,289.4557,286.7655,283.0159,278.4252,275.0110848522061,372.993539836383,543.1897,151.32299999999998,878.5176,38.12009999999998
3033,3033,3033.0,3033.0,3033.0,3033.0,3033.0,3033.0,3033.0,3033.0,3033.0,3033.0,3033.0,3033.0,3033.0,3033.0,3033.0,3033.0,3033.0,3033.0,3033.0,3033.0,3033.0,3033.0,3033.0,3033.0,3033.0,3033.0,3033.0,3033.0,3033.0,3033.0,3033.0,3033.0,3033.0,3033.0,3033.0,3033.0,3033.0,3033.0,3.0,,,,,,,,,,,,0.3,280.007,284.6578,288.6732,291.8598,294.1427,295.5645,296.266,296.4589,296.3989,296.366,296.6564,297.5797,299.4588,302.6204,307.3718,313.9608,322.5236,333.033,345.2623,358.7817,342.0369773093056,273.0004913199789,694.5127,82.51880000000006,727.1946,38.12009999999998
3034,3034,3034.0,3034.0,3034.0,3034.0,3034.0,3034.0,3034.0,3034.0,3034.0,3034.0,3034.0,3034.0,3034.0,3034.0,3034.0,3034.0,3034.0,3034.0,3034.0,3034.0,3034.0,3034.0,3034.0,3034.0,3034.0,3034.0,3034.0,3034.0,3034.0,3034.0,3034.0,3034.0,3034.0,3034.0,3034.0,3034.0,3034.0,3034.0,4.0,,,,,,,,,,,,0.4,333.6902,325.7857,318.705,312.7225,307.9835,304.5081,302.2151,300.9533,300.5304,300.7309,301.3207,302.0418,302.6065,302.6999,301.9992,300.2111,297.1253,292.6682,286.9429,280.2387,372.9969751209789,372.99991260397405,777.0315,105.0204,644.6758,38.12009999999998
3035,3035,3035.0,3035.0,3035.0,3035.0,3035.0,3035.0,3035.0,3035.0,3035.0,3035.0,3035.0,3035.0,3035.0,3035.0,3035.0,3035.0,3035.0,3035.0,3035.0,3035.0,3035.0,3035.0,3035.0,3035.0,3035.0,3035.0,3035.0,3035.0,3035.0,3035.0,3035.0,3035.0,3035.0,3035.0,3035.0,3035.0,3035.0,3035.0,5.0,,,,,,,,,,,,0.5,362.1874,351.7729,342.1039,333.4515,325.9876,319.7836,314.8258,311.0432,308.342,306.6415,305.9054,306.1647,307.5261,310.1631,314.285,320.0872,327.6892,337.073,348.0395,360.1987,301.0924336559345,372.9999005184347,882.0519,59.73799999999994,539.6554,38.12009999999998
3036,3036,3036.0,3036.0,3036.0,3036.0,3036.0,3036.0,3036.0,3036.0,3036.0,3036.0,3036.0,3036.0,3036.0,3036.0,3036.0,3036.0,3036.0,3036.0,3036.0,3036.0,3036.0,3036.0,3036.0,3036.0,3036.0,3036.0,3036.0,3036.0,3036.0,3036.0,3036.0,3036.0,3036.0,3036.0,3036.0,3036.0,3036.0,3036.0,6.0,,,,,,,,,,,,0.6,305.3414,309.2151,312.4072,314.7336,316.1568,316.7815,316.825,316.574,316.3399,316.4216,317.0789,318.5189,320.8899,324.2822,328.7294,334.2108,340.6539,347.9374,355.8957,364.3262,339.62711237773453,372.9998260644205,941.7899,31.5539,479.9174,38.12009999999998
3037,3037,3037.0,3037.0,3037.0,3037.0,3037.0,3037.0,3037.0,3037.0,3037.0,3037.0,3037.0,3037.0,3037.0,3037.0,3037.0,3037.0,3037.0,3037.0,3037.0,3037.0,3037.0,3037.0,3037.0,3037.0,3037.0,3037.0,3037.0,3037.0,3037.0,3037.0,3037.0,3037.0,3037.0,3037.0,3037.0,3037.0,3037.0,3037.0,7.0,,,,,,,,,,,,0.7,335.4352,331.4794,327.9658,325.0477,322.8167,321.3072,320.5119,320.4009,320.9409,322.1076,323.8908,326.2927,329.3213,332.9812,337.2651,342.1467,347.5769,353.4823,359.7669,366.3156,372.9991968257965,372.9999464399656,973.3438,72.04820000000007,448.3635,38.12009999999998
3038,3038,3038.0,3038.0,3038.0,3038.0,3038.0,3038.0,3038.0,3038.0,3038.0,3038.0,3038.0,3038.0,3038.0,3038.0,3038.0,3038.0,3038.0,3038.0,3038.0,3038.0,3038.0,3038.0,3038.0,3038.0,3038.0,3038.0,3038.0,3038.0,3038.0,3038.0,3038.0,3038.0,3038.0,3038.0,3038.0,3038.0,3038.0,3038.0,8.0,,,,,,,,,,,,0.8,364.7601,356.8873,349.7071,343.4741,338.3546,334.4252,331.6862,330.082,329.5243,329.9118,331.1445,333.1309,335.7904,339.0514,342.8478,347.1147,351.7852,356.7882,362.0468,367.4794,372.9999069404202,372.99993193424376,1045.392,154.86019999999985,376.3153,38.12009999999998
3039,3039,3039.0,3039.0,3039.0,3039.0,3039.0,3039.0,3039.0,3039.0,3039.0,3039.0,3039.0,3039.0,3039.0,3039.0,3039.0,3039.0,3039.0,3039.0,3039.0,3039.0,3039.0,3039.0,3039.0,3039.0,3039.0,3039.0,3039.0,3039.0,3039.0,3039.0,3039.0,3039.0,3039.0,3039.0,3039.0,3039.0,3039.0,3039.0,9.0,,,,,,,,,,,,0.9,367.3735,361.9142,356.7806,352.1153,348.0389,344.6456,342.0017,340.1458,339.0903,338.8253,339.3218,340.5362,342.4136,344.8916,347.9019,351.373,355.2308,359.3995,363.8025,368.362,372.99966625127234,173.00028143367945,1200.2522,221.45510000000013,221.45510000000013,38.12009999999998
3040,3040,3040.0,3040.0,3040.0,3040.0,3040.0,3040.0,3040.0,3040.0,3040.0,3040.0,3040.0,3040.0,3040.0,3040.0,3040.0,3040.0,3040.0,3040.0,3040.0,3040.0,3040.0,3040.0,3040.0,3040.0,3040.0,3040.0,3040.0,3040.0,3040.0,3040.0,3040.0,3040.0,3040.0,3040.0,3040.0,3040.0,3040.0,3040.0,0.0,,,,,,,,,,,,0.0,273.0,273.0,273.0,273.0,273.0,273.0,273.0,273.0,273.0,273.0,273.0,273.0,273.0,273.0,273.0,273.0,273.0,273.0,273.0,273.0,372.99963577040586,372.99995089974016,0.0,368.7879,2415.6386,-40.0
3041,3041,3041.0,3041.0,3041.0,3041.0,3041.0,3041.0,3041.0,3041.0,3041.0,3041.0,3041.0,3041.0,3041.0,3041.0,3041.0,3041.0,3041.0,3041.0,3041.0,3041.0,3041.0,3041.0,3041.0,3041.0,3041.0,3041.0,3041.0,3041.0,3041.0,3041.0,3041.0,3041.0,3041.0,3041.0,3041.0,3041.0,3041.0,3041.0,1.0,,,,,,,,,,,,0.1,355.958,339.6958,324.8871,312.02,301.3573,292.9443,286.6546,282.2609,279.5107,278.1944,278.1944,279.5107,282.2609,286.6547,292.9443,301.3574,312.0201,324.8873,339.696,355.9582,325.36226970690205,273.66032012215106,368.7879,174.28839999999997,2046.8507,-20.0557
3042,3042,3042.0,3042.0,3042.0,3042.0,3042.0,3042.0,3042.0,3042.0,3042.0,3042.0,3042.0,3042.0,3042.0,3042.0,3042.0,3042.0,3042.0,3042.0,3042.0,3042.0,3042.0,3042.0,3042.0,3042.0,3042.0,3042.0,3042.0,3042.0,3042.0,3042.0,3042.0,3042.0,3042.0,3042.0,3042.0,3042.0,3042.0,3042.0,2.0,,,,,,,,,,,,0.2,321.5555,317.6864,313.727,309.7073,305.7232,301.926,298.4972,295.6149,293.4184,291.977,291.2672,291.1606,291.4264,291.7504,291.7721,291.1386,289.5692,286.9166,283.2103,278.667,190.2382005632572,372.9998925019,543.0763,168.95640000000003,1872.5623,-11.074000000000012
3043,3043,3043.0,3043.0,3043.0,3043.0,3043.0,3043.0,3043.0,3043.0,3043.0,3043.0,3043.0,3043.0,3043.0,3043.0,3043.0,3043.0,3043.0,3043.0,3043.0,3043.0,3043.0,3043.0,3043.0,3043.0,3043.0,3043.0,3043.0,3043.0,3043.0,3043.0,3043.0,3043.0,3043.0,3043.0,3043.0,3043.0,3043.0,3043.0,3.0,,,,,,,,,,,,0.3,209.6714,228.1016,244.6705,258.7764,270.1305,278.7528,284.9187,289.0789,291.7767,293.5813,295.0464,296.6916,298.9975,302.4021,307.2864,313.9441,322.5389,333.0592,345.2874,358.7989,336.0373821258452,173.0000229908308,712.0327,178.44760000000008,1703.6059,-34.24720000000002
3044,3044,3044.0,3044.0,3044.0,3044.0,3044.0,3044.0,3044.0,3044.0,3044.0,3044.0,3044.0,3044.0,3044.0,3044.0,3044.0,3044.0,3044.0,3044.0,3044.0,3044.0,3044.0,3044.0,3044.0,3044.0,3044.0,3044.0,3044.0,3044.0,3044.0,3044.0,3044.0,3044.0,3044.0,3044.0,3044.0,3044.0,3044.0,3044.0,4.0,,,,,,,,,,,,0.4,324.5049,313.7907,304.5836,297.3443,292.2605,289.2555,288.04,288.1822,289.1715,290.4598,291.4756,291.6191,290.2549,286.7232,280.3833,270.6967,257.3355,240.2935,219.9639,197.1511,372.9999516924187,191.35442131753044,890.4803,352.87569999999994,1525.1583,-23.744500000000016
3045,3045,3045.0,3045.0,3045.0,3045.0,3045.0,3045.0,3045.0,3045.0,3045.0,3045.0,3045.0,3045.0,3045.0,3045.0,3045.0,3045.0,3045.0,3045.0,3045.0,3045.0,3045.0,3045.0,3045.0,3045.0,3045.0,3045.0,3045.0,3045.0,3045.0,3045.0,3045.0,3045.0,3045.0,3045.0,3045.0,3045.0,3045.0,3045.0,5.0,,,,,,,,,,,,0.5,359.8534,347.2047,335.4873,325.0181,315.9642,308.3342,301.9895,296.6727,292.0435,287.7184,283.3078,278.4491,272.8344,266.231,258.4953,249.5781,239.5225,228.4545,216.5681,204.1086,173.03088515841532,372.997788855098,1243.356,422.2732000000001,1172.2826000000002,-4.66579999999999
3046,3046,3046.0,3046.0,3046.0,3046.0,3046.0,3046.0,3046.0,3046.0,3046.0,3046.0,3046.0,3046.0,3046.0,3046.0,3046.0,3046.0,3046.0,3046.0,3046.0,3046.0,3046.0,3046.0,3046.0,3046.0,3046.0,3046.0,3046.0,3046.0,3046.0,3046.0,3046.0,3046.0,3046.0,3046.0,3046.0,3046.0,3046.0,3046.0,6.0,,,,,,,,,,,,0.6,197.044,219.6561,239.6657,256.2242,268.9123,277.7333,283.0405,285.4303,285.6372,284.4528,282.6817,281.1255,280.5794,281.8191,285.5614,292.3916,302.6665,316.4174,333.2834,352.5054,354.1594685714577,372.99997696207146,1665.6292,242.23869999999988,750.0094000000001,-35.266700000000014
3047,3047,3047.0,3047.0,3047.0,3047.0,3047.0,3047.0,3047.0,3047.0,3047.0,3047.0,3047.0,3047.0,3047.0,3047.0,3047.0,3047.0,3047.0,3047.0,3047.0,3047.0,3047.0,3047.0,3047.0,3047.0,3047.0,3047.0,3047.0,3047.0,3047.0,3047.0,3047.0,3047.0,3047.0,3047.0,3047.0,3047.0,3047.0,3047.0,7.0,,,,,,,,,,,,0.7,338.6827,324.171,311.436,301.0227,293.1623,287.7963,284.6567,283.3733,283.578,284.9825,287.4187,290.8409,295.2997,300.8984,307.7445,315.9059,325.3769,336.059,347.7565,360.1864,255.67005445829696,349.94843721595987,1907.8679,92.34480000000008,507.77070000000026,-25.203700000000023
3048,3048,3048.0,3048.0,3048.0,3048.0,3048.0,3048.0,3048.0,3048.0,3048.0,3048.0,3048.0,3048.0,3048.0,3048.0,3048.0,3048.0,3048.0,3048.0,3048.0,3048.0,3048.0,3048.0,3048.0,3048.0,3048.0,3048.0,3048.0,3048.0,3048.0,3048.0,3048.0,3048.0,3048.0,3048.0,3048.0,3048.0,3048.0,3048.0,8.0,,,,,,,,,,,,0.8,262.8308,269.5498,275.4697,280.3807,284.248,287.201,289.4915,291.436,293.3577,295.5381,298.1878,301.4322,305.3141,309.8047,314.8223,320.2535,325.9759,331.878,337.8729,343.9054,327.4488158162779,173.00001564015318,2000.2127,112.4148,415.4259000000002,-25.79899999999997
3049,3049,3049.0,3049.0,3049.0,3049.0,3049.0,3049.0,3049.0,3049.0,3049.0,3049.0,3049.0,3049.0,3049.0,3049.0,3049.0,3049.0,3049.0,3049.0,3049.0,3049.0,3049.0,3049.0,3049.0,3049.0,3049.0,3049.0,3049.0,3049.0,3049.0,3049.0,3049.0,3049.0,3049.0,3049.0,3049.0,3049.0,3049.0,3049.0,9.0,,,,,,,,,,,,0.9,320.1573,313.3376,307.394,302.6117,299.1294,296.9372,295.8954,295.7589,296.1996,296.8161,297.1344,296.6035,294.6009,290.4599,283.5292,273.2646,259.341,241.7592,220.918,197.62,372.9999623058415,200.49972626940644,2112.6275,303.01110000000017,303.01110000000017,-16.06279999999998
3050,3050,3050.0,3050.0,3050.0,3050.0,3050.0,3050.0,3050.0,3050.0,3050.0,3050.0,3050.0,3050.0,3050.0,3050.0,3050.0,3050.0,3050.0,3050.0,3050.0,3050.0,3050.0,3050.0,3050.0,3050.0,3050.0,3050.0,3050.0,3050.0,3050.0,3050.0,3050.0,3050.0,3050.0,3050.0,3050.0,3050.0,3050.0,3050.0,0.0,,,,,,,,,,,,0.0,273.0,273.0,273.0,273.0,273.0,273.0,273.0,273.0,273.0,273.0,273.0,273.0,273.0,273.0,273.0,273.0,273.0,273.0,273.0,273.0,372.99963577040586,372.99995089974016,0.0,368.7879,1627.8802,16.785900000000026
3051,3051,3051.0,3051.0,3051.0,3051.0,3051.0,3051.0,3051.0,3051.0,3051.0,3051.0,3051.0,3051.0,3051.0,3051.0,3051.0,3051.0,3051.0,3051.0,3051.0,3051.0,3051.0,3051.0,3051.0,3051.0,3051.0,3051.0,3051.0,3051.0,3051.0,3051.0,3051.0,3051.0,3051.0,3051.0,3051.0,3051.0,3051.0,3051.0,1.0,,,,,,,,,,,,0.1,355.958,339.6958,324.8871,312.02,301.3573,292.9443,286.6546,282.2609,279.5107,278.1944,278.1944,279.5107,282.2609,286.6547,292.9443,301.3574,312.0201,324.8873,339.696,355.9582,325.7453234638745,273.2006925538522,368.7879,174.46729999999997,1259.0923,16.785900000000026
3052,3052,3052.0,3052.0,3052.0,3052.0,3052.0,3052.0,3052.0,3052.0,3052.0,3052.0,3052.0,3052.0,3052.0,3052.0,3052.0,3052.0,3052.0,3052.0,3052.0,3052.0,3052.0,3052.0,3052.0,3052.0,3052.0,3052.0,3052.0,3052.0,3052.0,3052.0,3052.0,3052.0,3052.0,3052.0,3052.0,3052.0,3052.0,3052.0,2.0,,,,,,,,,,,,0.2,321.8732,317.9419,313.9257,309.8565,305.8312,302.0011,298.5469,295.6455,293.4343,291.9808,291.2594,291.1397,291.3888,291.6902,291.6817,291.0089,289.3902,286.6783,282.9038,278.2857,371.9610819400585,274.2037188826343,543.2552,188.81490000000008,1084.625,16.785900000000026
3053,3053,3053.0,3053.0,3053.0,3053.0,3053.0,3053.0,3053.0,3053.0,3053.0,3053.0,3053.0,3053.0,3053.0,3053.0,3053.0,3053.0,3053.0,3053.0,3053.0,3053.0,3053.0,3053.0,3053.0,3053.0,3053.0,3053.0,3053.0,3053.0,3053.0,3053.0,3053.0,3053.0,3053.0,3053.0,3053.0,3053.0,3053.0,3053.0,3.0,,,,,,,,,,,,0.3,360.4368,349.3189,338.9641,329.6414,321.5107,314.6214,308.9282,304.3144,300.6196,297.6627,295.2594,293.2343,291.4279,289.7018,287.9428,286.0662,284.0195,281.7835,279.3714,276.8241,339.54996506373584,372.99980686243975,732.0701,176.55139999999994,895.8101,16.785900000000026
3054,3054,3054.0,3054.0,3054.0,3054.0,3054.0,3054.0,3054.0,3054.0,3054.0,3054.0,3054.0,3054.0,3054.0,3054.0,3054.0,3054.0,3054.0,3054.0,3054.0,3054.0,3054.0,3054.0,3054.0,3054.0,3054.0,3054.0,3054.0,3054.0,3054.0,3054.0,3054.0,3054.0,3054.0,3054.0,3054.0,3054.0,3054.0,3054.0,4.0,,,,,,,,,,,,0.4,336.278,332.9153,329.396,325.6981,321.8516,317.9361,314.0714,310.4064,307.1114,304.3769,302.4181,301.4819,301.8472,303.8142,307.6742,313.6621,321.8966,332.322,344.669,358.4504,300.2724278886381,372.9997672962417,908.6215,64.88690000000008,719.2587000000001,16.785900000000026
3055,3055,3055.0,3055.0,3055.0,3055.0,3055.0,3055.0,3055.0,3055.0,3055.0,3055.0,3055.0,3055.0,3055.0,3055.0,3055.0,3055.0,3055.0,3055.0,3055.0,3055.0,3055.0,3055.0,3055.0,3055.0,3055.0,3055.0,3055.0,3055.0,3055.0,3055.0,3055.0,3055.0,3055.0,3055.0,3055.0,3055.0,3055.0,3055.0,5.0,,,,,,,,,,,,0.5,303.5246,306.5011,308.9736,310.7983,311.9363,312.4547,312.5114,312.33,312.1705,312.302,312.98,314.4295,316.8327,320.3193,324.9601,330.7626,337.6677,345.5517,354.2306,363.4702,328.87070708224456,364.9054661979839,973.5084,23.177599999999984,654.3718,16.785900000000026
3056,3056,3056.0,3056.0,3056.0,3056.0,3056.0,3056.0,3056.0,3056.0,3056.0,3056.0,3056.0,3056.0,3056.0,3056.0,3056.0,3056.0,3056.0,3056.0,3056.0,3056.0,3056.0,3056.0,3056.0,3056.0,3056.0,3056.0,3056.0,3056.0,3056.0,3056.0,3056.0,3056.0,3056.0,3056.0,3056.0,3056.0,3056.0,3056.0,6.0,,,,,,,,,,,,0.6,325.8549,323.0175,320.5155,318.4684,316.9523,316.0034,315.6292,315.8228,316.5747,317.8812,319.745,322.1718,325.1636,328.7111,332.7885,337.3513,342.3373,347.6712,353.269,359.0432,372.9999340543511,173.00012333624443,996.686,64.69999999999993,631.1942,16.785900000000026
3057,3057,3057.0,3057.0,3057.0,3057.0,3057.0,3057.0,3057.0,3057.0,3057.0,3057.0,3057.0,3057.0,3057.0,3057.0,3057.0,3057.0,3057.0,3057.0,3057.0,3057.0,3057.0,3057.0,3057.0,3057.0,3057.0,3057.0,3057.0,3057.0,3057.0,3057.0,3057.0,3057.0,3057.0,3057.0,3057.0,3057.0,3057.0,3057.0,7.0,,,,,,,,,,,,0.7,363.7424,354.9113,346.8808,339.9307,334.2212,329.7859,326.5379,324.2813,322.7212,321.4659,320.0244,317.8039,314.1211,308.2369,299.4267,287.0826,270.8358,250.6735,227.0149,200.7178,174.49376027390184,372.9867786077296,1061.386,129.41370000000006,566.4942000000001,16.785900000000026
3058,3058,3058.0,3058.0,3058.0,3058.0,3058.0,3058.0,3058.0,3058.0,3058.0,3058.0,3058.0,3058.0,3058.0,3058.0,3058.0,3058.0,3058.0,3058.0,3058.0,3058.0,3058.0,3058.0,3058.0,3058.0,3058.0,3058.0,3058.0,3058.0,3058.0,3058.0,3058.0,3058.0,3058.0,3058.0,3058.0,3058.0,3058.0,3058.0,8.0,,,,,,,,,,,,0.8,201.7428,227.5735,250.7642,270.4402,286.1473,297.8423,305.8187,310.5983,312.8269,313.1971,312.4092,311.165,310.1749,310.1565,311.8043,315.7239,322.3356,331.7739,343.8138,357.8554,220.3688982632268,173.34694929569193,1190.7997,107.44609999999987,437.0805,16.785900000000026
3059,3059,3059.0,3059.0,3059.0,3059.0,3059.0,3059.0,3059.0,3059.0,3059.0,3059.0,3059.0,3059.0,3059.0,3059.0,3059.0,3059.0,3059.0,3059.0,3059.0,3059.0,3059.0,3059.0,3059.0,3059.0,3059.0,3059.0,3059.0,3059.0,3059.0,3059.0,3059.0,3059.0,3059.0,3059.0,3059.0,3059.0,3059.0,3059.0,9.0,,,,,,,,,,,,0.9,230.8399,241.1792,251.2424,260.8664,269.8725,278.0788,285.3137,291.425,296.2759,299.7261,301.6015,301.6617,299.5792,294.9464,287.3207,276.3091,261.6811,243.4825,222.1188,198.3735,369.0603855339965,173.00021985656218,1298.2458,329.63440000000014,329.63440000000014,16.785900000000026
3060,3060,3060.0,3060.0,3060.0,3060.0,3060.0,3060.0,3060.0,3060.0,3060.0,3060.0,3060.0,3060.0,3060.0,3060.0,3060.0,3060.0,3060.0,3060.0,3060.0,3060.0,3060.0,3060.0,3060.0,3060.0,3060.0,3060.0,3060.0,3060.0,3060.0,3060.0,3060.0,3060.0,3060.0,3060.0,3060.0,3060.0,3060.0,0.0,,,,,,,,,,,,,0.0,273.0,273.0,273.0,273.0,273.0,273.0,273.0,273.0,273.0,273.0,273.0,273.0,273.0,273.0,273.0,273.0,273.0,273.0,273.0,273.0,372.9999696585217,372.99728290192775,0.0,368.7889,2390.1362,-40.0
3061,3061,3061.0,3061.0,3061.0,3061.0,3061.0,3061.0,3061.0,3061.0,3061.0,3061.0,3061.0,3061.0,3061.0,3061.0,3061.0,3061.0,3061.0,3061.0,3061.0,3061.0,3061.0,3061.0,3061.0,3061.0,3061.0,3061.0,3061.0,3061.0,3061.0,3061.0,3061.0,3061.0,3061.0,3061.0,3061.0,3061.0,3061.0,1.0,,,,,,,,,,,,,0.1,355.9583,339.696,324.8873,312.0201,301.3574,292.9443,286.6547,282.2609,279.5107,278.1943,278.1943,279.5106,282.2607,286.6543,292.9438,301.3567,312.0191,324.8859,339.6942,355.956,257.4701501564495,273.9584027246995,368.7889,180.3696,2021.3473,-20.0557
3062,3062,3062.0,3062.0,3062.0,3062.0,3062.0,3062.0,3062.0,3062.0,3062.0,3062.0,3062.0,3062.0,3062.0,3062.0,3062.0,3062.0,3062.0,3062.0,3062.0,3062.0,3062.0,3062.0,3062.0,3062.0,3062.0,3062.0,3062.0,3062.0,3062.0,3062.0,3062.0,3062.0,3062.0,3062.0,3062.0,3062.0,3062.0,2.0,,,,,,,,,,,,,0.2,265.2351,272.4098,278.5105,283.2395,286.5213,288.4892,289.4331,289.7228,289.7289,289.7532,289.9795,290.4488,291.0583,291.5843,291.7271,291.1721,289.6614,287.0602,283.4043,278.9125,363.0269465301407,274.8807531230216,549.1585,205.3619,1840.9777,-24.510800000000017
3063,3063,3063.0,3063.0,3063.0,3063.0,3063.0,3063.0,3063.0,3063.0,3063.0,3063.0,3063.0,3063.0,3063.0,3063.0,3063.0,3063.0,3063.0,3063.0,3063.0,3063.0,3063.0,3063.0,3063.0,3063.0,3063.0,3063.0,3063.0,3063.0,3063.0,3063.0,3063.0,3063.0,3063.0,3063.0,3063.0,3063.0,3063.0,3.0,,,,,,,,,,,,,0.3,349.6425,336.9366,325.4885,315.7018,307.7685,301.6746,297.2407,294.1811,292.1645,290.8633,289.986,289.293,288.5987,287.7682,286.7102,285.3721,283.7359,281.8153,279.6523,277.3129,255.3267930426268,273.9066834925416,754.5204,211.158,1635.6158,-11.325400000000002
3064,3064,3064.0,3064.0,3064.0,3064.0,3064.0,3064.0,3064.0,3064.0,3064.0,3064.0,3064.0,3064.0,3064.0,3064.0,3064.0,3064.0,3064.0,3064.0,3064.0,3064.0,3064.0,3064.0,3064.0,3064.0,3064.0,3064.0,3064.0,3064.0,3064.0,3064.0,3064.0,3064.0,3064.0,3064.0,3064.0,3064.0,3064.0,4.0,,,,,,,,,,,,,0.4,264.4619,272.9805,280.3638,286.264,290.5371,293.2331,294.5503,294.7719,294.2022,293.1164,291.7306,290.1913,288.5811,286.9332,285.2493,283.5166,281.7202,279.8522,277.9158,275.9259,311.3507445188392,273.3874254630036,965.6784,229.8553,1424.4578,-19.76690000000002
3065,3065,3065.0,3065.0,3065.0,3065.0,3065.0,3065.0,3065.0,3065.0,3065.0,3065.0,3065.0,3065.0,3065.0,3065.0,3065.0,3065.0,3065.0,3065.0,3065.0,3065.0,3065.0,3065.0,3065.0,3065.0,3065.0,3065.0,3065.0,3065.0,3065.0,3065.0,3065.0,3065.0,3065.0,3065.0,3065.0,3065.0,3065.0,5.0,,,,,,,,,,,,,0.5,307.2887,303.4739,300.1085,297.3161,295.1285,293.4921,292.2914,291.3794,290.6083,289.851,289.0141,288.0398,286.9021,285.5981,284.1401,282.5483,280.8457,279.056,277.2018,275.3052,318.56450436260246,273.18409397558446,1195.5337,235.9215000000001,1194.6025,-19.507900000000006
3066,3066,3066.0,3066.0,3066.0,3066.0,3066.0,3066.0,3066.0,3066.0,3066.0,3066.0,3066.0,3066.0,3066.0,3066.0,3066.0,3066.0,3066.0,3066.0,3066.0,3066.0,3066.0,3066.0,3066.0,3066.0,3066.0,3066.0,3066.0,3066.0,3066.0,3066.0,3066.0,3066.0,3066.0,3066.0,3066.0,3066.0,3066.0,6.0,,,,,,,,,,,,,0.6,314.5957,310.7414,307.1026,303.7556,300.7457,298.0852,295.7575,293.7231,291.9277,290.3109,288.8126,287.3786,285.9637,284.533,283.0627,281.5391,279.9573,278.3202,276.6363,274.919,293.1072017401169,273.52227837937335,1431.4552,237.4613,958.6809999999998,-14.914800000000014
3067,3067,3067.0,3067.0,3067.0,3067.0,3067.0,3067.0,3067.0,3067.0,3067.0,3067.0,3067.0,3067.0,3067.0,3067.0,3067.0,3067.0,3067.0,3067.0,3067.0,3067.0,3067.0,3067.0,3067.0,3067.0,3067.0,3067.0,3067.0,3067.0,3067.0,3067.0,3067.0,3067.0,3067.0,3067.0,3067.0,3067.0,3067.0,7.0,,,,,,,,,,,,,0.7,294.2382,295.2144,295.9054,296.2226,296.1283,295.633,294.7849,293.6543,292.3183,290.848,289.3008,287.7179,286.1247,284.5343,282.951,281.3747,279.8028,278.233,276.6633,275.0931,312.9607289018728,273.04112509425835,1668.9165,240.6751999999999,721.2196999999999,-17.36700000000002
3068,3068,3068.0,3068.0,3068.0,3068.0,3068.0,3068.0,3068.0,3068.0,3068.0,3068.0,3068.0,3068.0,3068.0,3068.0,3068.0,3068.0,3068.0,3068.0,3068.0,3068.0,3068.0,3068.0,3068.0,3068.0,3068.0,3068.0,3068.0,3068.0,3068.0,3068.0,3068.0,3068.0,3068.0,3068.0,3068.0,3068.0,3068.0,8.0,,,,,,,,,,,,,0.8,309.7856,306.7169,303.8439,301.2252,298.8833,296.806,294.9555,293.279,291.7201,290.228,288.7623,287.2947,285.8083,284.2947,282.7516,281.1804,279.5842,277.9673,276.3344,274.6905,303.62608274280973,273.9211840371857,1909.5917,240.4314,480.5445,-16.194000000000017
3069,3069,3069.0,3069.0,3069.0,3069.0,3069.0,3069.0,3069.0,3069.0,3069.0,3069.0,3069.0,3069.0,3069.0,3069.0,3069.0,3069.0,3069.0,3069.0,3069.0,3069.0,3069.0,3069.0,3069.0,3069.0,3069.0,3069.0,3069.0,3069.0,3069.0,3069.0,3069.0,3069.0,3069.0,3069.0,3069.0,3069.0,3069.0,9.0,,,,,,,,,,,,,0.9,302.6575,301.6472,300.5604,299.3753,298.0851,296.6969,295.228,293.7008,292.1383,290.5599,288.9802,287.4089,285.851,284.309,282.7835,281.2743,279.7807,278.3013,276.8339,275.3752,303.5886310392143,274.06203736174143,2150.0231,240.11310000000003,240.11310000000003,-16.303099999999972
3070,3070,3070.0,3070.0,3070.0,3070.0,3070.0,3070.0,3070.0,3070.0,3070.0,3070.0,3070.0,3070.0,3070.0,3070.0,3070.0,3070.0,3070.0,3070.0,3070.0,3070.0,3070.0,3070.0,3070.0,3070.0,3070.0,3070.0,3070.0,3070.0,3070.0,3070.0,3070.0,3070.0,3070.0,3070.0,3070.0,3070.0,3070.0,0.0,,,,,,,,,,,,,0.0,273.0,273.0,273.0,273.0,273.0,273.0,273.0,273.0,273.0,273.0,273.0,273.0,273.0,273.0,273.0,273.0,273.0,273.0,273.0,273.0,372.9999631512913,372.9990470509251,0.0,368.7882,2389.3133,-40.0
3071,3071,3071.0,3071.0,3071.0,3071.0,3071.0,3071.0,3071.0,3071.0,3071.0,3071.0,3071.0,3071.0,3071.0,3071.0,3071.0,3071.0,3071.0,3071.0,3071.0,3071.0,3071.0,3071.0,3071.0,3071.0,3071.0,3071.0,3071.0,3071.0,3071.0,3071.0,3071.0,3071.0,3071.0,3071.0,3071.0,3071.0,3071.0,1.0,,,,,,,,,,,,,0.1,355.9583,339.696,324.8873,312.0201,301.3574,292.9443,286.6547,282.2609,279.5107,278.1944,278.1944,279.5107,282.2608,286.6545,292.9442,301.3572,312.0198,324.8868,339.6954,355.9575,257.7902133650661,273.4011417108802,368.7882,180.5154,2020.5251,-20.0557
3072,3072,3072.0,3072.0,3072.0,3072.0,3072.0,3072.0,3072.0,3072.0,3072.0,3072.0,3072.0,3072.0,3072.0,3072.0,3072.0,3072.0,3072.0,3072.0,3072.0,3072.0,3072.0,3072.0,3072.0,3072.0,3072.0,3072.0,3072.0,3072.0,3072.0,3072.0,3072.0,3072.0,3072.0,3072.0,3072.0,3072.0,3072.0,2.0,,,,,,,,,,,,,0.2,265.5006,272.6232,278.6764,283.3641,286.6114,288.5518,289.4742,289.7474,289.7405,289.7532,289.9675,290.4221,291.012,291.5112,291.6175,291.015,289.4445,286.7715,283.0329,278.4503,361.93316808722886,274.2140374935302,549.3036,206.2948,1840.0097,-24.448199999999986
3073,3073,3073.0,3073.0,3073.0,3073.0,3073.0,3073.0,3073.0,3073.0,3073.0,3073.0,3073.0,3073.0,3073.0,3073.0,3073.0,3073.0,3073.0,3073.0,3073.0,3073.0,3073.0,3073.0,3073.0,3073.0,3073.0,3073.0,3073.0,3073.0,3073.0,3073.0,3073.0,3073.0,3073.0,3073.0,3073.0,3073.0,3073.0,3.0,,,,,,,,,,,,,0.3,348.7501,336.2353,324.9591,315.3189,307.5032,301.4976,297.1248,294.1025,292.1032,290.8032,289.9141,289.1983,288.4718,287.6001,286.4922,285.0959,283.3935,281.3992,279.1564,276.7328,257.40235596678644,273.0006830567662,755.5984,213.12490000000005,1633.7148999999995,-11.502400000000025
3074,3074,3074.0,3074.0,3074.0,3074.0,3074.0,3074.0,3074.0,3074.0,3074.0,3074.0,3074.0,3074.0,3074.0,3074.0,3074.0,3074.0,3074.0,3074.0,3074.0,3074.0,3074.0,3074.0,3074.0,3074.0,3074.0,3074.0,3074.0,3074.0,3074.0,3074.0,3074.0,3074.0,3074.0,3074.0,3074.0,3074.0,3074.0,4.0,,,,,,,,,,,,,0.4,266.1326,274.2671,281.305,286.9103,290.9448,293.4573,294.6399,294.7663,294.13,292.9956,291.5701,289.9927,288.3405,286.6431,284.9001,283.0973,281.2199,279.2607,277.2247,275.1289,317.3582174449397,273.2449042368956,968.7233,231.1571,1420.5899999999997,-19.542700000000025
3075,3075,3075.0,3075.0,3075.0,3075.0,3075.0,3075.0,3075.0,3075.0,3075.0,3075.0,3075.0,3075.0,3075.0,3075.0,3075.0,3075.0,3075.0,3075.0,3075.0,3075.0,3075.0,3075.0,3075.0,3075.0,3075.0,3075.0,3075.0,3075.0,3075.0,3075.0,3075.0,3075.0,3075.0,3075.0,3075.0,3075.0,3075.0,5.0,,,,,,,,,,,,,0.5,312.3465,307.6191,303.4104,299.8683,297.038,294.8691,293.2407,291.9945,290.9674,290.0172,289.0364,287.9558,286.7405,285.3824,283.89,282.2817,280.5793,278.8049,276.9789,275.1199,315.21392251070176,273.19325935689045,1199.8804,235.0254,1189.4328999999998,-18.1309
3076,3076,3076.0,3076.0,3076.0,3076.0,3076.0,3076.0,3076.0,3076.0,3076.0,3076.0,3076.0,3076.0,3076.0,3076.0,3076.0,3076.0,3076.0,3076.0,3076.0,3076.0,3076.0,3076.0,3076.0,3076.0,3076.0,3076.0,3076.0,3076.0,3076.0,3076.0,3076.0,3076.0,3076.0,3076.0,3076.0,3076.0,3076.0,6.0,,,,,,,,,,,,,0.6,312.1351,309.1124,306.1972,303.4325,300.849,298.4634,296.2779,294.2805,292.4479,290.7488,289.1476,287.6084,286.0981,284.5895,283.0618,281.5017,279.9031,278.2659,276.5955,274.9008,289.9066515838069,274.1581636598217,1434.9058,236.29690000000005,954.4074999999998,-14.53660000000002
3077,3077,3077.0,3077.0,3077.0,3077.0,3077.0,3077.0,3077.0,3077.0,3077.0,3077.0,3077.0,3077.0,3077.0,3077.0,3077.0,3077.0,3077.0,3077.0,3077.0,3077.0,3077.0,3077.0,3077.0,3077.0,3077.0,3077.0,3077.0,3077.0,3077.0,3077.0,3077.0,3077.0,3077.0,3077.0,3077.0,3077.0,3077.0,7.0,,,,,,,,,,,,,0.7,291.5551,293.0323,294.1924,294.9344,295.211,295.0271,294.4296,293.491,292.294,290.9177,289.4296,287.8813,286.3088,284.7351,283.1731,281.6291,280.1048,278.5992,277.1093,275.6308,313.81964084841394,273.6885633750696,1671.2027,239.66699999999992,718.1105999999997,-17.97289999999998
3078,3078,3078.0,3078.0,3078.0,3078.0,3078.0,3078.0,3078.0,3078.0,3078.0,3078.0,3078.0,3078.0,3078.0,3078.0,3078.0,3078.0,3078.0,3078.0,3078.0,3078.0,3078.0,3078.0,3078.0,3078.0,3078.0,3078.0,3078.0,3078.0,3078.0,3078.0,3078.0,3078.0,3078.0,3078.0,3078.0,3078.0,3078.0,8.0,,,,,,,,,,,,,0.8,310.3456,307.0018,303.8971,301.1033,298.6477,296.5157,294.6606,293.0179,291.5185,290.1003,288.7139,287.3254,285.9147,284.4728,282.9979,281.4927,279.962,278.4109,276.845,275.2692,304.5614399490161,274.04658025895725,1910.8697,239.0788,478.44359999999983,-16.48430000000002
3079,3079,3079.0,3079.0,3079.0,3079.0,3079.0,3079.0,3079.0,3079.0,3079.0,3079.0,3079.0,3079.0,3079.0,3079.0,3079.0,3079.0,3079.0,3079.0,3079.0,3079.0,3079.0,3079.0,3079.0,3079.0,3079.0,3079.0,3079.0,3079.0,3079.0,3079.0,3079.0,3079.0,3079.0,3079.0,3079.0,3079.0,3079.0,9.0,,,,,,,,,,,,,0.9,303.4177,302.2397,300.9993,299.6802,298.2795,296.8064,295.2785,293.7168,292.1415,290.5684,289.0076,287.464,285.938,284.4275,282.929,281.4393,279.9554,278.4755,276.998,275.5219,303.0548306709124,273.1855421743345,2149.9485,239.36479999999983,239.36479999999983,-16.193600000000004
3080,3080,3080.0,3080.0,3080.0,3080.0,3080.0,3080.0,3080.0,3080.0,3080.0,3080.0,3080.0,3080.0,3080.0,3080.0,3080.0,3080.0,3080.0,3080.0,3080.0,3080.0,3080.0,3080.0,3080.0,3080.0,3080.0,3080.0,3080.0,3080.0,3080.0,3080.0,3080.0,3080.0,3080.0,3080.0,3080.0,3080.0,3080.0,0.0,,,,,,,,,,,,,0.0,273.0,273.0,273.0,273.0,273.0,273.0,273.0,273.0,273.0,273.0,273.0,273.0,273.0,273.0,273.0,273.0,273.0,273.0,273.0,273.0,372.9999335625205,372.9971065372965,0.0,368.7889,2390.6203,-40.0
3081,3081,3081.0,3081.0,3081.0,3081.0,3081.0,3081.0,3081.0,3081.0,3081.0,3081.0,3081.0,3081.0,3081.0,3081.0,3081.0,3081.0,3081.0,3081.0,3081.0,3081.0,3081.0,3081.0,3081.0,3081.0,3081.0,3081.0,3081.0,3081.0,3081.0,3081.0,3081.0,3081.0,3081.0,3081.0,3081.0,3081.0,3081.0,1.0,,,,,,,,,,,,,0.1,355.9582,339.696,324.8873,312.0201,301.3574,292.9443,286.6546,282.2609,279.5107,278.1943,278.1943,279.5105,282.2607,286.6543,292.9438,301.3566,312.019,324.8858,339.6941,355.9559,257.3795778640651,274.1158006047915,368.7889,180.3283,2021.8314,-20.0557
3082,3082,3082.0,3082.0,3082.0,3082.0,3082.0,3082.0,3082.0,3082.0,3082.0,3082.0,3082.0,3082.0,3082.0,3082.0,3082.0,3082.0,3082.0,3082.0,3082.0,3082.0,3082.0,3082.0,3082.0,3082.0,3082.0,3082.0,3082.0,3082.0,3082.0,3082.0,3082.0,3082.0,3082.0,3082.0,3082.0,3082.0,3082.0,2.0,,,,,,,,,,,,,0.2,265.1599,272.3494,278.4635,283.2042,286.4958,288.4716,289.4214,289.7158,289.7257,289.7532,289.983,290.4564,291.0714,291.6051,291.758,291.2165,289.7227,287.1418,283.5093,279.043,362.6833388881527,273.9919063088611,549.1172,205.5546,1841.5031,-24.528399999999976
3083,3083,3083.0,3083.0,3083.0,3083.0,3083.0,3083.0,3083.0,3083.0,3083.0,3083.0,3083.0,3083.0,3083.0,3083.0,3083.0,3083.0,3083.0,3083.0,3083.0,3083.0,3083.0,3083.0,3083.0,3083.0,3083.0,3083.0,3083.0,3083.0,3083.0,3083.0,3083.0,3083.0,3083.0,3083.0,3083.0,3083.0,3083.0,3.0,,,,,,,,,,,,,0.3,349.3532,336.6995,325.2993,315.5552,307.6581,301.5938,297.183,294.1405,292.1348,290.8383,289.9585,289.2542,288.5373,287.6699,286.5575,285.145,283.4125,281.374,279.074,276.5832,255.4439974299901,274.33457006732,754.6718,212.2922000000001,1635.9485000000002,-11.406200000000013
3084,3084,3084.0,3084.0,3084.0,3084.0,3084.0,3084.0,3084.0,3084.0,3084.0,3084.0,3084.0,3084.0,3084.0,3084.0,3084.0,3084.0,3084.0,3084.0,3084.0,3084.0,3084.0,3084.0,3084.0,3084.0,3084.0,3084.0,3084.0,3084.0,3084.0,3084.0,3084.0,3084.0,3084.0,3084.0,3084.0,3084.0,3084.0,4.0,,,,,,,,,,,,,0.4,264.5395,273.0211,280.3719,286.2453,290.4979,293.179,294.4856,294.6994,294.1233,293.0321,291.6416,290.0999,288.4918,286.854,285.1924,283.4975,281.7574,279.965,278.1221,276.2393,311.1316301997898,273.1128557266716,966.964,230.48209999999983,1423.6563,-19.821000000000023
3085,3085,3085.0,3085.0,3085.0,3085.0,3085.0,3085.0,3085.0,3085.0,3085.0,3085.0,3085.0,3085.0,3085.0,3085.0,3085.0,3085.0,3085.0,3085.0,3085.0,3085.0,3085.0,3085.0,3085.0,3085.0,3085.0,3085.0,3085.0,3085.0,3085.0,3085.0,3085.0,3085.0,3085.0,3085.0,3085.0,3085.0,3085.0,5.0,,,,,,,,,,,,,0.5,307.1011,303.3159,299.9765,297.2057,295.0347,293.4103,292.2176,291.3109,290.5432,289.7883,288.9531,287.9797,286.8411,285.5333,284.0667,282.4598,280.7344,278.9135,277.0204,275.0788,321.76016321286284,273.9425230524183,1197.4461,236.26670000000013,1193.1742000000002,-19.5897
3086,3086,3086.0,3086.0,3086.0,3086.0,3086.0,3086.0,3086.0,3086.0,3086.0,3086.0,3086.0,3086.0,3086.0,3086.0,3086.0,3086.0,3086.0,3086.0,3086.0,3086.0,3086.0,3086.0,3086.0,3086.0,3086.0,3086.0,3086.0,3086.0,3086.0,3086.0,3086.0,3086.0,3086.0,3086.0,3086.0,3086.0,3086.0,6.0,,,,,,,,,,,,,0.6,317.2298,312.84,308.7142,304.9447,301.585,298.6485,296.1131,293.9299,292.0341,290.3547,288.823,287.3787,285.9731,284.5704,283.1471,281.6905,280.1965,278.6673,277.1093,275.5311,288.49136258156864,273.36725237270605,1433.7128,236.1941999999999,956.9075,-14.351499999999987
3087,3087,3087.0,3087.0,3087.0,3087.0,3087.0,3087.0,3087.0,3087.0,3087.0,3087.0,3087.0,3087.0,3087.0,3087.0,3087.0,3087.0,3087.0,3087.0,3087.0,3087.0,3087.0,3087.0,3087.0,3087.0,3087.0,3087.0,3087.0,3087.0,3087.0,3087.0,3087.0,3087.0,3087.0,3087.0,3087.0,3087.0,3087.0,7.0,,,,,,,,,,,,,0.7,290.5583,292.4191,293.8997,294.8815,295.313,295.207,294.6263,293.6635,292.421,290.9936,289.4584,287.8707,286.2648,284.6575,283.054,281.4527,279.8492,278.2395,276.6217,274.9966,313.5152131173353,273.6168236011162,1669.907,240.5282,720.7133000000001,-17.793000000000006
3088,3088,3088.0,3088.0,3088.0,3088.0,3088.0,3088.0,3088.0,3088.0,3088.0,3088.0,3088.0,3088.0,3088.0,3088.0,3088.0,3088.0,3088.0,3088.0,3088.0,3088.0,3088.0,3088.0,3088.0,3088.0,3088.0,3088.0,3088.0,3088.0,3088.0,3088.0,3088.0,3088.0,3088.0,3088.0,3088.0,3088.0,3088.0,8.0,,,,,,,,,,,,,0.8,310.0831,306.7813,303.7184,300.965,298.5469,296.4475,294.6181,292.9924,291.5008,290.0811,288.6852,287.281,285.8511,284.3893,282.897,281.3794,279.8432,278.2946,276.7385,275.1785,305.7047631733405,273.5663632054492,1910.4352,240.0146,480.18510000000015,-16.55250000000001
3089,3089,3089.0,3089.0,3089.0,3089.0,3089.0,3089.0,3089.0,3089.0,3089.0,3089.0,3089.0,3089.0,3089.0,3089.0,3089.0,3089.0,3089.0,3089.0,3089.0,3089.0,3089.0,3089.0,3089.0,3089.0,3089.0,3089.0,3089.0,3089.0,3089.0,3089.0,3089.0,3089.0,3089.0,3089.0,3089.0,3089.0,3089.0,9.0,,,,,,,,,,,,,0.9,304.3489,302.9688,301.5457,300.0694,298.54,296.9666,295.3638,293.7482,292.1345,290.5335,288.9506,287.3867,285.8392,284.3034,282.7742,281.2467,279.7177,278.1852,276.6485,275.1084,302.264928586118,273.60954200462817,2150.4498,240.1705000000001,240.1705000000001,-16.033399999999972
3090,3090,3090.0,3090.0,3090.0,3090.0,3090.0,3090.0,3090.0,3090.0,3090.0,3090.0,3090.0,3090.0,3090.0,3090.0,3090.0,3090.0,3090.0,3090.0,3090.0,3090.0,3090.0,3090.0,3090.0,3090.0,3090.0,3090.0,3090.0,3090.0,3090.0,3090.0,3090.0,3090.0,3090.0,3090.0,3090.0,3090.0,3090.0,0.0,,,,,,,,,,,,,0.0,273.0,273.0,273.0,273.0,273.0,273.0,273.0,273.0,273.0,273.0,273.0,273.0,273.0,273.0,273.0,273.0,273.0,273.0,273.0,273.0,372.9999914267989,372.99926610445385,0.0,368.7881,2387.4145,-40.0
3091,3091,3091.0,3091.0,3091.0,3091.0,3091.0,3091.0,3091.0,3091.0,3091.0,3091.0,3091.0,3091.0,3091.0,3091.0,3091.0,3091.0,3091.0,3091.0,3091.0,3091.0,3091.0,3091.0,3091.0,3091.0,3091.0,3091.0,3091.0,3091.0,3091.0,3091.0,3091.0,3091.0,3091.0,3091.0,3091.0,3091.0,3091.0,1.0,,,,,,,,,,,,,0.1,355.9583,339.696,324.8873,312.0202,301.3574,292.9443,286.6547,282.2609,279.5107,278.1944,278.1944,279.5107,282.2609,286.6546,292.9442,301.3572,312.0199,324.8869,339.6955,355.9577,257.54788862144767,273.82320787502283,368.7881,180.4027,2018.6264,-20.0557
3092,3092,3092.0,3092.0,3092.0,3092.0,3092.0,3092.0,3092.0,3092.0,3092.0,3092.0,3092.0,3092.0,3092.0,3092.0,3092.0,3092.0,3092.0,3092.0,3092.0,3092.0,3092.0,3092.0,3092.0,3092.0,3092.0,3092.0,3092.0,3092.0,3092.0,3092.0,3092.0,3092.0,3092.0,3092.0,3092.0,3092.0,3092.0,2.0,,,,,,,,,,,,,0.2,265.2996,272.4616,278.5508,283.2698,286.5432,288.5045,289.4431,289.7288,289.7318,289.7533,289.9768,290.4425,291.0473,291.5668,291.7007,291.1342,289.609,286.9904,283.3143,278.8004,361.81172914497125,274.4233185249976,549.1908,205.7264,1838.2237,-24.4955
3093,3093,3093.0,3093.0,3093.0,3093.0,3093.0,3093.0,3093.0,3093.0,3093.0,3093.0,3093.0,3093.0,3093.0,3093.0,3093.0,3093.0,3093.0,3093.0,3093.0,3093.0,3093.0,3093.0,3093.0,3093.0,3093.0,3093.0,3093.0,3093.0,3093.0,3093.0,3093.0,3093.0,3093.0,3093.0,3093.0,3093.0,3093.0,3.0,,,,,,,,,,,,,0.3,348.6381,336.1331,324.8674,315.2385,307.4353,301.4433,297.0849,294.078,292.0949,290.812,289.9409,289.2439,288.5369,287.6852,286.5975,285.2209,283.5374,281.5609,279.3348,276.9269,256.4857662841003,274.5966135905532,754.9172,211.8629,1632.4973,-11.556699999999978
3094,3094,3094.0,3094.0,3094.0,3094.0,3094.0,3094.0,3094.0,3094.0,3094.0,3094.0,3094.0,3094.0,3094.0,3094.0,3094.0,3094.0,3094.0,3094.0,3094.0,3094.0,3094.0,3094.0,3094.0,3094.0,3094.0,3094.0,3094.0,3094.0,3094.0,3094.0,3094.0,3094.0,3094.0,3094.0,3094.0,3094.0,3094.0,4.0,,,,,,,,,,,,,0.4,265.3634,273.6394,280.8074,286.5282,290.6616,293.2566,294.5069,294.6894,294.1014,293.0121,291.6334,290.1098,288.524,286.9114,285.2767,283.6102,281.8993,280.1366,278.3237,276.4711,311.3305332849079,273.33760098678766,966.7801,229.4906000000001,1420.6344,-19.74340000000001
3095,3095,3095.0,3095.0,3095.0,3095.0,3095.0,3095.0,3095.0,3095.0,3095.0,3095.0,3095.0,3095.0,3095.0,3095.0,3095.0,3095.0,3095.0,3095.0,3095.0,3095.0,3095.0,3095.0,3095.0,3095.0,3095.0,3095.0,3095.0,3095.0,3095.0,3095.0,3095.0,3095.0,3095.0,3095.0,3095.0,3095.0,3095.0,5.0,,,,,,,,,,,,,0.5,307.3015,303.5152,300.1704,297.389,295.2026,293.5594,292.3467,291.4209,290.6371,289.8708,289.0297,288.0561,286.9229,285.6251,284.1724,282.5823,280.8757,279.0749,277.2026,275.2822,318.3974295180524,273.47479063796584,1196.2707,235.4991,1191.1437999999998,-19.440600000000018
3096,3096,3096.0,3096.0,3096.0,3096.0,3096.0,3096.0,3096.0,3096.0,3096.0,3096.0,3096.0,3096.0,3096.0,3096.0,3096.0,3096.0,3096.0,3096.0,3096.0,3096.0,3096.0,3096.0,3096.0,3096.0,3096.0,3096.0,3096.0,3096.0,3096.0,3096.0,3096.0,3096.0,3096.0,3096.0,3096.0,3096.0,3096.0,6.0,,,,,,,,,,,,,0.6,314.4659,310.647,307.0402,303.7205,300.7325,298.0888,295.7731,293.7468,291.9569,290.3441,288.8497,287.4209,286.0136,284.5944,283.1403,281.6386,280.085,278.482,276.8377,275.1639,296.4804782427694,273.2031023995351,1431.7698,236.6793,955.6446999999998,-14.911200000000008
3097,3097,3097.0,3097.0,3097.0,3097.0,3097.0,3097.0,3097.0,3097.0,3097.0,3097.0,3097.0,3097.0,3097.0,3097.0,3097.0,3097.0,3097.0,3097.0,3097.0,3097.0,3097.0,3097.0,3097.0,3097.0,3097.0,3097.0,3097.0,3097.0,3097.0,3097.0,3097.0,3097.0,3097.0,3097.0,3097.0,3097.0,3097.0,7.0,,,,,,,,,,,,,0.7,297.0338,297.4594,297.6498,297.5333,297.0808,296.3035,295.2439,293.9622,292.5233,290.986,289.3965,287.7861,286.1725,284.5623,282.9554,281.3479,279.7352,278.1143,276.484,274.8458,307.79735772475414,273.4738137072718,1668.4491,239.405,718.9653999999998,-16.696500000000015
3098,3098,3098.0,3098.0,3098.0,3098.0,3098.0,3098.0,3098.0,3098.0,3098.0,3098.0,3098.0,3098.0,3098.0,3098.0,3098.0,3098.0,3098.0,3098.0,3098.0,3098.0,3098.0,3098.0,3098.0,3098.0,3098.0,3098.0,3098.0,3098.0,3098.0,3098.0,3098.0,3098.0,3098.0,3098.0,3098.0,3098.0,3098.0,8.0,,,,,,,,,,,,,0.8,305.6703,303.5928,301.6056,299.7336,297.9833,296.3445,294.7946,293.305,291.8472,290.3969,288.937,287.4575,285.9547,284.4299,282.8866,281.3298,279.7641,278.1936,276.6208,275.0474,307.0734635525706,273.74075876276663,1907.8541,239.84969999999976,479.5603999999999,-16.655500000000018
3099,3099,3099.0,3099.0,3099.0,3099.0,3099.0,3099.0,3099.0,3099.0,3099.0,3099.0,3099.0,3099.0,3099.0,3099.0,3099.0,3099.0,3099.0,3099.0,3099.0,3099.0,3099.0,3099.0,3099.0,3099.0,3099.0,3099.0,3099.0,3099.0,3099.0,3099.0,3099.0,3099.0,3099.0,3099.0,3099.0,3099.0,3099.0,9.0,,,,,,,,,,,,,0.9,305.3375,303.6081,301.8913,300.1923,298.5155,296.8633,295.2366,293.6346,292.0549,290.4939,288.9476,287.4119,285.8835,284.3594,282.8381,281.3185,279.8004,278.2838,276.7684,275.2543,302.61039451482844,273.65572536894126,2147.7038,239.7107000000001,239.7107000000001,-16.13670000000002
3100,3100,3100.0,3100.0,3100.0,3100.0,3100.0,3100.0,3100.0,3100.0,3100.0,3100.0,3100.0,3100.0,3100.0,3100.0,3100.0,3100.0,3100.0,3100.0,3100.0,3100.0,3100.0,3100.0,3100.0,3100.0,3100.0,3100.0,3100.0,3100.0,3100.0,3100.0,3100.0,3100.0,3100.0,3100.0,3100.0,3100.0,3100.0,0.0,,,,,,,,,,,,,0.0,273.0,273.0,273.0,273.0,273.0,273.0,273.0,273.0,273.0,273.0,273.0,273.0,273.0,273.0,273.0,273.0,273.0,273.0,273.0,273.0,372.9999335625205,372.9971065372965,0.0,368.7889,2387.3337,-40.0
3101,3101,3101.0,3101.0,3101.0,3101.0,3101.0,3101.0,3101.0,3101.0,3101.0,3101.0,3101.0,3101.0,3101.0,3101.0,3101.0,3101.0,3101.0,3101.0,3101.0,3101.0,3101.0,3101.0,3101.0,3101.0,3101.0,3101.0,3101.0,3101.0,3101.0,3101.0,3101.0,3101.0,3101.0,3101.0,3101.0,3101.0,3101.0,1.0,,,,,,,,,,,,,0.1,355.9582,339.696,324.8873,312.0201,301.3574,292.9443,286.6546,282.2609,279.5107,278.1943,278.1943,279.5105,282.2607,286.6543,292.9438,301.3566,312.019,324.8858,339.6941,355.9559,257.53782153534735,273.8406646482702,368.7889,180.4012,2018.5448,-20.0557
3102,3102,3102.0,3102.0,3102.0,3102.0,3102.0,3102.0,3102.0,3102.0,3102.0,3102.0,3102.0,3102.0,3102.0,3102.0,3102.0,3102.0,3102.0,3102.0,3102.0,3102.0,3102.0,3102.0,3102.0,3102.0,3102.0,3102.0,3102.0,3102.0,3102.0,3102.0,3102.0,3102.0,3102.0,3102.0,3102.0,3102.0,3102.0,2.0,,,,,,,,,,,,,0.2,265.2912,272.4549,278.5455,283.2658,286.5403,288.5025,289.4417,289.728,289.7313,289.7532,289.9769,290.4431,291.0484,291.5688,291.7038,291.1388,289.6155,286.9992,283.3258,278.8148,362.63223373496896,273.0080508540784,549.1901,206.2782,1838.1436,-24.4975
3103,3103,3103.0,3103.0,3103.0,3103.0,3103.0,3103.0,3103.0,3103.0,3103.0,3103.0,3103.0,3103.0,3103.0,3103.0,3103.0,3103.0,3103.0,3103.0,3103.0,3103.0,3103.0,3103.0,3103.0,3103.0,3103.0,3103.0,3103.0,3103.0,3103.0,3103.0,3103.0,3103.0,3103.0,3103.0,3103.0,3103.0,3103.0,3.0,,,,,,,,,,,,,0.3,349.3182,336.6793,325.2915,315.5565,307.6648,301.6021,297.1891,294.1402,292.1241,290.8121,289.9108,289.177,288.4206,287.5009,286.3211,284.8237,282.9883,280.829,278.3925,275.7537,255.12661734672528,274.3040289594488,755.4683,214.14120000000003,1631.8654,-11.397899999999993
3104,3104,3104.0,3104.0,3104.0,3104.0,3104.0,3104.0,3104.0,3104.0,3104.0,3104.0,3104.0,3104.0,3104.0,3104.0,3104.0,3104.0,3104.0,3104.0,3104.0,3104.0,3104.0,3104.0,3104.0,3104.0,3104.0,3104.0,3104.0,3104.0,3104.0,3104.0,3104.0,3104.0,3104.0,3104.0,3104.0,3104.0,3104.0,4.0,,,,,,,,,,,,,0.4,264.2742,272.805,280.1997,286.1099,290.3906,293.0907,294.4069,294.6216,294.0385,292.9336,291.5246,289.9616,288.3323,286.6766,285.0035,283.3068,281.5767,279.8071,277.9988,276.1598,314.01538238238896,274.5516511948414,969.6095,231.0742,1417.7242,-19.909299999999973
3105,3105,3105.0,3105.0,3105.0,3105.0,3105.0,3105.0,3105.0,3105.0,3105.0,3105.0,3105.0,3105.0,3105.0,3105.0,3105.0,3105.0,3105.0,3105.0,3105.0,3105.0,3105.0,3105.0,3105.0,3105.0,3105.0,3105.0,3105.0,3105.0,3105.0,3105.0,3105.0,3105.0,3105.0,3105.0,3105.0,3105.0,3105.0,5.0,,,,,,,,,,,,,0.5,309.4716,305.1968,301.4121,298.2547,295.7634,293.8858,292.5021,291.4587,290.5995,289.7902,288.9317,287.9629,286.8565,285.6104,284.2382,282.7614,281.2034,279.5861,277.9284,276.2459,323.1242455464344,273.58498259375915,1200.6837,233.92239999999995,1186.65,-19.114199999999983
3106,3106,3106.0,3106.0,3106.0,3106.0,3106.0,3106.0,3106.0,3106.0,3106.0,3106.0,3106.0,3106.0,3106.0,3106.0,3106.0,3106.0,3106.0,3106.0,3106.0,3106.0,3106.0,3106.0,3106.0,3106.0,3106.0,3106.0,3106.0,3106.0,3106.0,3106.0,3106.0,3106.0,3106.0,3106.0,3106.0,3106.0,3106.0,6.0,,,,,,,,,,,,,0.6,318.4916,313.9966,309.7607,305.8761,302.3982,299.3442,296.6966,294.4116,292.4284,290.6782,289.0926,287.6088,286.1735,284.7446,283.2914,281.7941,280.2429,278.637,276.983,275.2934,284.83357296446326,273.27976483682266,1434.6061,234.2684,952.7276000000002,-13.6558
3107,3107,3107.0,3107.0,3107.0,3107.0,3107.0,3107.0,3107.0,3107.0,3107.0,3107.0,3107.0,3107.0,3107.0,3107.0,3107.0,3107.0,3107.0,3107.0,3107.0,3107.0,3107.0,3107.0,3107.0,3107.0,3107.0,3107.0,3107.0,3107.0,3107.0,3107.0,3107.0,3107.0,3107.0,3107.0,3107.0,3107.0,3107.0,7.0,,,,,,,,,,,,,0.7,287.6503,290.2226,292.3433,293.8704,294.7405,294.9659,294.618,293.8048,292.6458,291.2533,289.7198,288.1126,286.4748,284.8296,283.186,281.5445,279.902,278.2551,276.6018,274.9426,313.6181112085099,274.0942832311206,1668.8745,239.6277,718.4592000000002,-18.034100000000024
3108,3108,3108.0,3108.0,3108.0,3108.0,3108.0,3108.0,3108.0,3108.0,3108.0,3108.0,3108.0,3108.0,3108.0,3108.0,3108.0,3108.0,3108.0,3108.0,3108.0,3108.0,3108.0,3108.0,3108.0,3108.0,3108.0,3108.0,3108.0,3108.0,3108.0,3108.0,3108.0,3108.0,3108.0,3108.0,3108.0,3108.0,3108.0,8.0,,,,,,,,,,,,,0.8,310.0537,306.6356,303.4853,300.6811,298.2502,296.1717,294.3888,292.825,291.4008,290.0461,288.7081,287.3526,285.9629,284.5356,283.0758,281.5926,280.096,278.5941,277.0921,275.5923,304.21235432014794,273.78247575075704,1908.5022,239.0893000000001,478.8315000000002,-16.828300000000013
3109,3109,3109.0,3109.0,3109.0,3109.0,3109.0,3109.0,3109.0,3109.0,3109.0,3109.0,3109.0,3109.0,3109.0,3109.0,3109.0,3109.0,3109.0,3109.0,3109.0,3109.0,3109.0,3109.0,3109.0,3109.0,3109.0,3109.0,3109.0,3109.0,3109.0,3109.0,3109.0,3109.0,3109.0,3109.0,3109.0,3109.0,3109.0,9.0,,,,,,,,,,,,,0.9,303.0787,301.9122,300.6863,299.3856,298.0077,296.5618,295.0649,293.537,291.9966,290.4578,288.9287,287.4119,285.9058,284.4061,282.9076,281.4056,279.8965,278.3786,276.8523,275.3192,305.6179182238986,273.7480601990003,2147.5915,239.7422000000001,239.7422000000001,-16.438199999999995
3110,3110,3110.0,3110.0,3110.0,3110.0,3110.0,3110.0,3110.0,3110.0,3110.0,3110.0,3110.0,3110.0,3110.0,3110.0,3110.0,3110.0,3110.0,3110.0,3110.0,3110.0,3110.0,3110.0,3110.0,3110.0,3110.0,3110.0,3110.0,3110.0,3110.0,3110.0,3110.0,3110.0,3110.0,3110.0,3110.0,3110.0,3110.0,0.0,,,,,,,,,,,,,0.0,273.0,273.0,273.0,273.0,273.0,273.0,273.0,273.0,273.0,273.0,273.0,273.0,273.0,273.0,273.0,273.0,273.0,273.0,273.0,273.0,372.9999444935715,372.99875340898336,0.0,368.7883,2386.7446,-40.0
3111,3111,3111.0,3111.0,3111.0,3111.0,3111.0,3111.0,3111.0,3111.0,3111.0,3111.0,3111.0,3111.0,3111.0,3111.0,3111.0,3111.0,3111.0,3111.0,3111.0,3111.0,3111.0,3111.0,3111.0,3111.0,3111.0,3111.0,3111.0,3111.0,3111.0,3111.0,3111.0,3111.0,3111.0,3111.0,3111.0,3111.0,3111.0,1.0,,,,,,,,,,,,,0.1,355.9582,339.696,324.8873,312.0201,301.3574,292.9443,286.6547,282.2609,279.5107,278.1944,278.1944,279.5106,282.2608,286.6545,292.9441,301.3571,312.0197,324.8867,339.6952,355.9573,257.88006179379425,273.2441410280543,368.7883,180.5578,2017.9563,-20.0557
3112,3112,3112.0,3112.0,3112.0,3112.0,3112.0,3112.0,3112.0,3112.0,3112.0,3112.0,3112.0,3112.0,3112.0,3112.0,3112.0,3112.0,3112.0,3112.0,3112.0,3112.0,3112.0,3112.0,3112.0,3112.0,3112.0,3112.0,3112.0,3112.0,3112.0,3112.0,3112.0,3112.0,3112.0,3112.0,3112.0,3112.0,3112.0,2.0,,,,,,,,,,,,,0.2,265.5751,272.6831,278.723,283.3991,286.6367,288.5693,289.4857,289.7543,289.7437,289.7531,289.9641,290.4145,290.9989,291.4904,291.5866,290.9706,289.3833,286.69,282.9281,278.32,362.6467547922986,273.3957506802423,549.3461,206.8016,1837.3985,-24.4307
3113,3113,3113.0,3113.0,3113.0,3113.0,3113.0,3113.0,3113.0,3113.0,3113.0,3113.0,3113.0,3113.0,3113.0,3113.0,3113.0,3113.0,3113.0,3113.0,3113.0,3113.0,3113.0,3113.0,3113.0,3113.0,3113.0,3113.0,3113.0,3113.0,3113.0,3113.0,3113.0,3113.0,3113.0,3113.0,3113.0,3113.0,3113.0,3.0,,,,,,,,,,,,,0.3,349.3463,336.7191,325.3398,315.609,307.7168,301.6489,297.2265,294.1653,292.1346,290.8077,289.8925,289.1482,288.3871,287.4715,286.3075,284.8405,283.0515,280.955,278.5962,276.0463,256.65801427798425,273.5941328109136,756.1477,214.20360000000005,1630.5969,-11.351099999999974
3114,3114,3114.0,3114.0,3114.0,3114.0,3114.0,3114.0,3114.0,3114.0,3114.0,3114.0,3114.0,3114.0,3114.0,3114.0,3114.0,3114.0,3114.0,3114.0,3114.0,3114.0,3114.0,3114.0,3114.0,3114.0,3114.0,3114.0,3114.0,3114.0,3114.0,3114.0,3114.0,3114.0,3114.0,3114.0,3114.0,3114.0,3114.0,4.0,,,,,,,,,,,,,0.4,265.5503,273.8372,281.0093,286.7249,290.843,293.4126,294.6282,294.7676,294.1297,292.9845,291.5444,289.9539,288.2959,286.6051,284.8863,283.1295,281.3225,279.4586,277.5401,275.5788,316.61810091692365,274.1254863001535,970.3513,230.94810000000007,1416.3933,-19.5874
3115,3115,3115.0,3115.0,3115.0,3115.0,3115.0,3115.0,3115.0,3115.0,3115.0,3115.0,3115.0,3115.0,3115.0,3115.0,3115.0,3115.0,3115.0,3115.0,3115.0,3115.0,3115.0,3115.0,3115.0,3115.0,3115.0,3115.0,3115.0,3115.0,3115.0,3115.0,3115.0,3115.0,3115.0,3115.0,3115.0,3115.0,3115.0,5.0,,,,,,,,,,,,,0.5,311.7083,307.0797,302.9642,299.5072,296.7526,294.6494,293.0768,291.8776,290.8909,289.9771,289.0318,287.9894,286.8187,285.5146,284.0887,282.5614,280.9551,279.2915,277.589,275.8628,316.11214482789006,273.9694545395584,1201.2994,233.5075999999999,1185.4452,-18.350599999999982
3116,3116,3116.0,3116.0,3116.0,3116.0,3116.0,3116.0,3116.0,3116.0,3116.0,3116.0,3116.0,3116.0,3116.0,3116.0,3116.0,3116.0,3116.0,3116.0,3116.0,3116.0,3116.0,3116.0,3116.0,3116.0,3116.0,3116.0,3116.0,3116.0,3116.0,3116.0,3116.0,3116.0,3116.0,3116.0,3116.0,3116.0,3116.0,6.0,,,,,,,,,,,,,0.6,312.8353,309.6262,306.5462,303.6455,300.9584,298.5019,296.2757,294.2639,292.4384,290.7632,289.1991,287.7072,286.2525,284.8062,283.3468,281.8601,280.3394,278.7839,277.198,275.5896,290.7798888340541,273.0831825676737,1434.807,234.4994999999999,951.9376,-14.498100000000022
3117,3117,3117.0,3117.0,3117.0,3117.0,3117.0,3117.0,3117.0,3117.0,3117.0,3117.0,3117.0,3117.0,3117.0,3117.0,3117.0,3117.0,3117.0,3117.0,3117.0,3117.0,3117.0,3117.0,3117.0,3117.0,3117.0,3117.0,3117.0,3117.0,3117.0,3117.0,3117.0,3117.0,3117.0,3117.0,3117.0,3117.0,3117.0,7.0,,,,,,,,,,,,,0.7,292.3084,293.6697,294.7216,295.366,295.5583,295.305,294.6533,293.675,292.4509,291.0568,289.5555,287.9925,286.3966,284.7827,283.1561,281.5163,279.8607,278.1876,276.4976,274.7941,309.85811947400487,274.31191879557105,1669.3065,239.395,717.4381000000001,-17.694999999999993
3118,3118,3118.0,3118.0,3118.0,3118.0,3118.0,3118.0,3118.0,3118.0,3118.0,3118.0,3118.0,3118.0,3118.0,3118.0,3118.0,3118.0,3118.0,3118.0,3118.0,3118.0,3118.0,3118.0,3118.0,3118.0,3118.0,3118.0,3118.0,3118.0,3118.0,3118.0,3118.0,3118.0,3118.0,3118.0,3118.0,3118.0,3118.0,8.0,,,,,,,,,,,,,0.8,307.1179,304.4721,301.9987,299.7473,297.7342,295.9439,294.3377,292.8645,291.4716,290.1133,288.7556,287.3781,285.972,284.538,283.0827,281.615,280.144,278.6763,277.2154,275.7615,309.0412522872642,273.90790911269806,1908.7015,239.0555999999999,478.0431000000001,-17.056100000000015
3119,3119,3119.0,3119.0,3119.0,3119.0,3119.0,3119.0,3119.0,3119.0,3119.0,3119.0,3119.0,3119.0,3119.0,3119.0,3119.0,3119.0,3119.0,3119.0,3119.0,3119.0,3119.0,3119.0,3119.0,3119.0,3119.0,3119.0,3119.0,3119.0,3119.0,3119.0,3119.0,3119.0,3119.0,3119.0,3119.0,3119.0,3119.0,9.0,,,,,,,,,,,,,0.9,306.9667,304.9109,302.891,300.9217,299.014,297.1744,295.4051,293.7034,292.0633,290.4755,288.9294,287.4137,285.9176,284.4314,282.9475,281.4599,279.965,278.4614,276.9492,275.4303,299.61481789675946,273.09530805160097,2147.7571,238.98750000000013,238.98750000000013,-15.825600000000009
3120,3120,3120.0,3120.0,3120.0,3120.0,3120.0,3120.0,3120.0,3120.0,3120.0,3120.0,3120.0,3120.0,3120.0,3120.0,3120.0,3120.0,3120.0,3120.0,3120.0,3120.0,3120.0,3120.0,3120.0,3120.0,3120.0,3120.0,3120.0,3120.0,3120.0,3120.0,3120.0,3120.0,3120.0,3120.0,3120.0,3120.0,0.0,,,,,,,,,,,,,,0.0,273.0,273.0,273.0,273.0,273.0,273.0,273.0,273.0,273.0,273.0,273.0,273.0,273.0,273.0,273.0,273.0,273.0,273.0,273.0,273.0,344.68899689084617,372.9999589480335,0.0,374.7437,1841.8524,-40.0
3121,3121,3121.0,3121.0,3121.0,3121.0,3121.0,3121.0,3121.0,3121.0,3121.0,3121.0,3121.0,3121.0,3121.0,3121.0,3121.0,3121.0,3121.0,3121.0,3121.0,3121.0,3121.0,3121.0,3121.0,3121.0,3121.0,3121.0,3121.0,3121.0,3121.0,3121.0,3121.0,3121.0,3121.0,3121.0,3121.0,3121.0,1.0,,,,,,,,,,,,,,0.1,332.4727,320.8157,310.2021,300.983,293.3501,287.341,282.8745,279.8032,277.9709,277.2648,277.6535,279.2073,282.0967,286.5689,292.9011,301.3364,312.0103,324.883,339.6942,355.9576,275.088357013096,372.9999114094179,374.7437,164.4941,1467.1087000000002,-25.658999999999992
3122,3122,3122.0,3122.0,3122.0,3122.0,3122.0,3122.0,3122.0,3122.0,3122.0,3122.0,3122.0,3122.0,3122.0,3122.0,3122.0,3122.0,3122.0,3122.0,3122.0,3122.0,3122.0,3122.0,3122.0,3122.0,3122.0,3122.0,3122.0,3122.0,3122.0,3122.0,3122.0,3122.0,3122.0,3122.0,3122.0,3122.0,2.0,,,,,,,,,,,,,,0.2,278.4495,281.501,283.9968,285.8035,286.9225,287.4848,287.7231,287.9313,288.4232,289.4973,291.4134,294.378,298.5395,303.9857,310.7441,318.7817,328.0057,338.2652,349.3558,361.0281,348.7350260992056,372.9999591685682,539.2378,74.40179999999998,1302.6146000000003,-25.5152
3123,3123,3123.0,3123.0,3123.0,3123.0,3123.0,3123.0,3123.0,3123.0,3123.0,3123.0,3123.0,3123.0,3123.0,3123.0,3123.0,3123.0,3123.0,3123.0,3123.0,3123.0,3123.0,3123.0,3123.0,3123.0,3123.0,3123.0,3123.0,3123.0,3123.0,3123.0,3123.0,3123.0,3123.0,3123.0,3123.0,3123.0,3.0,,,,,,,,,,,,,,0.3,338.1966,328.2055,319.2402,311.658,305.6703,301.3479,298.65,297.4652,297.6538,299.0797,301.6293,305.2168,309.7792,315.265,321.6219,328.786,336.6736,345.1782,354.1699,363.4987,234.30325201673512,271.8313907491307,613.6396,35.50660000000005,1228.2128000000002,-11.65210000000002
3124,3124,3124.0,3124.0,3124.0,3124.0,3124.0,3124.0,3124.0,3124.0,3124.0,3124.0,3124.0,3124.0,3124.0,3124.0,3124.0,3124.0,3124.0,3124.0,3124.0,3124.0,3124.0,3124.0,3124.0,3124.0,3124.0,3124.0,3124.0,3124.0,3124.0,3124.0,3124.0,3124.0,3124.0,3124.0,3124.0,3124.0,4.0,,,,,,,,,,,,,,0.4,247.0018,259.0412,269.8709,279.131,286.6892,292.6268,297.1852,300.6873,303.4547,305.7368,307.6608,309.2085,310.2196,310.422,309.4848,307.0898,303.0111,297.1871,289.7694,281.1316,300.9500710179678,173.00048395712423,649.1462,131.6322,1192.7062,-20.3732
3125,3125,3125.0,3125.0,3125.0,3125.0,3125.0,3125.0,3125.0,3125.0,3125.0,3125.0,3125.0,3125.0,3125.0,3125.0,3125.0,3125.0,3125.0,3125.0,3125.0,3125.0,3125.0,3125.0,3125.0,3125.0,3125.0,3125.0,3125.0,3125.0,3125.0,3125.0,3125.0,3125.0,3125.0,3125.0,3125.0,3125.0,5.0,,,,,,,,,,,,,,0.5,298.4558,296.2771,294.6709,293.7905,293.6633,294.192,295.1744,296.3306,297.3291,297.8038,297.3626,295.5907,292.0587,286.3421,278.0595,266.9293,252.8358,235.891,216.4732,195.2245,229.98954793312924,273.4605846664686,780.7784,309.81169999999986,1061.074,-18.808
3126,3126,3126.0,3126.0,3126.0,3126.0,3126.0,3126.0,3126.0,3126.0,3126.0,3126.0,3126.0,3126.0,3126.0,3126.0,3126.0,3126.0,3126.0,3126.0,3126.0,3126.0,3126.0,3126.0,3126.0,3126.0,3126.0,3126.0,3126.0,3126.0,3126.0,3126.0,3126.0,3126.0,3126.0,3126.0,3126.0,3126.0,6.0,,,,,,,,,,,,,,0.6,241.0596,251.6073,261.1746,269.4161,276.1219,281.2139,284.7204,286.7431,287.4271,286.9438,285.4871,283.2816,280.5925,277.7264,275.0166,272.7875,271.304,270.7166,271.02,272.0404,372.99995597282367,372.999962360224,1090.5901,297.11400000000003,751.2623000000001,-31.786099999999976
3127,3127,3127.0,3127.0,3127.0,3127.0,3127.0,3127.0,3127.0,3127.0,3127.0,3127.0,3127.0,3127.0,3127.0,3127.0,3127.0,3127.0,3127.0,3127.0,3127.0,3127.0,3127.0,3127.0,3127.0,3127.0,3127.0,3127.0,3127.0,3127.0,3127.0,3127.0,3127.0,3127.0,3127.0,3127.0,3127.0,3127.0,7.0,,,,,,,,,,,,,,0.7,356.1257,340.1491,325.8302,313.6872,303.9501,296.5762,291.3183,287.8212,285.7243,284.7471,284.7477,285.7469,287.9196,291.5556,296.9948,304.5459,314.398,326.5436,340.7296,356.4517,255.0868419961657,358.95361515064764,1387.7041,119.09190000000012,454.14830000000006,-16.42380000000003
3128,3128,3128.0,3128.0,3128.0,3128.0,3128.0,3128.0,3128.0,3128.0,3128.0,3128.0,3128.0,3128.0,3128.0,3128.0,3128.0,3128.0,3128.0,3128.0,3128.0,3128.0,3128.0,3128.0,3128.0,3128.0,3128.0,3128.0,3128.0,3128.0,3128.0,3128.0,3128.0,3128.0,3128.0,3128.0,3128.0,3128.0,8.0,,,,,,,,,,,,,,0.8,263.815,271.9361,278.9507,284.5478,288.643,291.3686,293.0267,294.02,294.7826,295.7212,297.1771,299.4057,302.5728,306.7594,311.9722,318.1562,325.2071,332.9845,341.3232,350.0424,210.71405488597227,251.95795015252543,1506.796,113.64809999999989,335.05639999999994,-21.631399999999985
3129,3129,3129.0,3129.0,3129.0,3129.0,3129.0,3129.0,3129.0,3129.0,3129.0,3129.0,3129.0,3129.0,3129.0,3129.0,3129.0,3129.0,3129.0,3129.0,3129.0,3129.0,3129.0,3129.0,3129.0,3129.0,3129.0,3129.0,3129.0,3129.0,3129.0,3129.0,3129.0,3129.0,3129.0,3129.0,3129.0,3129.0,9.0,,,,,,,,,,,,,,0.9,223.7957,236.4002,248.113,258.6303,267.7858,275.5494,282.0027,287.2967,291.6018,295.0582,297.7342,299.5982,300.5115,300.2438,298.5142,295.0545,289.6853,282.3887,273.359,263.0139,309.3771554162891,271.70312892622195,1620.4441,221.40830000000005,221.40830000000005,-37.45060000000001
3130,3130,3130.0,3130.0,3130.0,3130.0,3130.0,3130.0,3130.0,3130.0,3130.0,3130.0,3130.0,3130.0,3130.0,3130.0,3130.0,3130.0,3130.0,3130.0,3130.0,3130.0,3130.0,3130.0,3130.0,3130.0,3130.0,3130.0,3130.0,3130.0,3130.0,3130.0,3130.0,3130.0,3130.0,3130.0,3130.0,3130.0,0.0,,,,,,,,,,,,,,0.0,273.0,273.0,273.0,273.0,273.0,273.0,273.0,273.0,273.0,273.0,273.0,273.0,273.0,273.0,273.0,273.0,273.0,273.0,273.0,273.0,344.68967490866453,372.99998211793,0.0,374.7435,1902.432,-40.0
3131,3131,3131.0,3131.0,3131.0,3131.0,3131.0,3131.0,3131.0,3131.0,3131.0,3131.0,3131.0,3131.0,3131.0,3131.0,3131.0,3131.0,3131.0,3131.0,3131.0,3131.0,3131.0,3131.0,3131.0,3131.0,3131.0,3131.0,3131.0,3131.0,3131.0,3131.0,3131.0,3131.0,3131.0,3131.0,3131.0,3131.0,1.0,,,,,,,,,,,,,,0.1,332.4733,320.8162,310.2024,300.9833,293.3503,287.3411,282.8746,279.8033,277.971,277.2649,277.6535,279.2073,282.0967,286.5689,292.9011,301.3364,312.0103,324.883,339.6943,355.9577,372.1312013499655,279.51243858676537,374.7435,183.98420000000004,1527.6885,-25.658900000000017
3132,3132,3132.0,3132.0,3132.0,3132.0,3132.0,3132.0,3132.0,3132.0,3132.0,3132.0,3132.0,3132.0,3132.0,3132.0,3132.0,3132.0,3132.0,3132.0,3132.0,3132.0,3132.0,3132.0,3132.0,3132.0,3132.0,3132.0,3132.0,3132.0,3132.0,3132.0,3132.0,3132.0,3132.0,3132.0,3132.0,3132.0,2.0,,,,,,,,,,,,,,0.2,358.9499,346.2118,334.3197,323.6035,314.3002,306.549,300.3974,295.8136,292.6992,290.8977,290.1978,290.3336,290.9865,291.797,292.3891,292.4124,291.5932,289.7872,287.0163,283.4772,247.28262300250788,365.38451934221314,558.7277,149.82999999999993,1343.7043,-6.451000000000022
3133,3133,3133.0,3133.0,3133.0,3133.0,3133.0,3133.0,3133.0,3133.0,3133.0,3133.0,3133.0,3133.0,3133.0,3133.0,3133.0,3133.0,3133.0,3133.0,3133.0,3133.0,3133.0,3133.0,3133.0,3133.0,3133.0,3133.0,3133.0,3133.0,3133.0,3133.0,3133.0,3133.0,3133.0,3133.0,3133.0,3133.0,3.0,,,,,,,,,,,,,,0.3,258.6952,269.3518,278.6179,286.0729,291.5541,295.148,297.1396,297.9405,298.0166,297.8333,297.8235,298.3775,299.8457,302.5405,306.729,312.6102,320.2796,329.6906,340.627,352.7013,218.38622800075385,222.66094332458968,708.5577,126.86710000000004,1193.8743,-17.851999999999975
3134,3134,3134.0,3134.0,3134.0,3134.0,3134.0,3134.0,3134.0,3134.0,3134.0,3134.0,3134.0,3134.0,3134.0,3134.0,3134.0,3134.0,3134.0,3134.0,3134.0,3134.0,3134.0,3134.0,3134.0,3134.0,3134.0,3134.0,3134.0,3134.0,3134.0,3134.0,3134.0,3134.0,3134.0,3134.0,3134.0,3134.0,4.0,,,,,,,,,,,,,,0.4,230.4129,242.0138,252.8136,262.5273,270.9831,278.1242,283.9907,288.6852,292.3294,295.017,296.7703,297.5095,297.0397,295.0658,291.2373,285.2227,276.8013,265.9534,252.9243,238.24,289.8570974259484,272.9148599646408,835.4248,264.83230000000003,1067.0072,-34.87580000000003
3135,3135,3135.0,3135.0,3135.0,3135.0,3135.0,3135.0,3135.0,3135.0,3135.0,3135.0,3135.0,3135.0,3135.0,3135.0,3135.0,3135.0,3135.0,3135.0,3135.0,3135.0,3135.0,3135.0,3135.0,3135.0,3135.0,3135.0,3135.0,3135.0,3135.0,3135.0,3135.0,3135.0,3135.0,3135.0,3135.0,3135.0,5.0,,,,,,,,,,,,,,0.5,286.7546,284.0182,281.946,280.7161,280.3624,280.7812,281.7614,283.0312,284.3061,285.3324,285.9182,285.9525,285.4103,284.3468,282.8793,281.1615,279.3508,277.5761,275.9135,274.3748,372.9999258295033,372.9999720809024,1100.2571,240.5018,802.1749,-32.21879999999999
3136,3136,3136.0,3136.0,3136.0,3136.0,3136.0,3136.0,3136.0,3136.0,3136.0,3136.0,3136.0,3136.0,3136.0,3136.0,3136.0,3136.0,3136.0,3136.0,3136.0,3136.0,3136.0,3136.0,3136.0,3136.0,3136.0,3136.0,3136.0,3136.0,3136.0,3136.0,3136.0,3136.0,3136.0,3136.0,3136.0,3136.0,6.0,,,,,,,,,,,,,,0.6,357.5734,342.864,329.4921,317.9068,308.3483,300.8529,295.294,291.4458,289.0561,287.9111,287.8868,288.9764,291.2949,295.0553,300.5215,307.9399,317.4616,329.07,342.5324,357.3907,232.03518453369728,329.68166581926744,1340.7589,105.13079999999992,561.6731,-12.147100000000025
3137,3137,3137.0,3137.0,3137.0,3137.0,3137.0,3137.0,3137.0,3137.0,3137.0,3137.0,3137.0,3137.0,3137.0,3137.0,3137.0,3137.0,3137.0,3137.0,3137.0,3137.0,3137.0,3137.0,3137.0,3137.0,3137.0,3137.0,3137.0,3137.0,3137.0,3137.0,3137.0,3137.0,3137.0,3137.0,3137.0,3137.0,7.0,,,,,,,,,,,,,,0.7,245.3174,257.7836,268.7528,277.7814,284.7119,289.6617,292.9629,295.0761,296.4984,297.687,299.0061,300.6996,302.8872,305.5775,308.6936,312.1069,315.6736,319.2682,322.8098,326.2728,214.196113070418,244.69423741474623,1445.8897,141.00760000000014,456.54230000000007,-23.338300000000004
3138,3138,3138.0,3138.0,3138.0,3138.0,3138.0,3138.0,3138.0,3138.0,3138.0,3138.0,3138.0,3138.0,3138.0,3138.0,3138.0,3138.0,3138.0,3138.0,3138.0,3138.0,3138.0,3138.0,3138.0,3138.0,3138.0,3138.0,3138.0,3138.0,3138.0,3138.0,3138.0,3138.0,3138.0,3138.0,3138.0,3138.0,8.0,,,,,,,,,,,,,,0.8,225.9206,237.2891,247.9838,257.7564,266.4456,273.9796,280.3633,285.6534,289.9266,293.2454,295.6275,297.0248,297.3156,296.3163,293.8134,289.6133,283.6035,275.8106,266.4403,255.8855,372.9999621750108,372.9999263321463,1586.8973,208.5989,315.5347,-39.0204
3139,3139,3139.0,3139.0,3139.0,3139.0,3139.0,3139.0,3139.0,3139.0,3139.0,3139.0,3139.0,3139.0,3139.0,3139.0,3139.0,3139.0,3139.0,3139.0,3139.0,3139.0,3139.0,3139.0,3139.0,3139.0,3139.0,3139.0,3139.0,3139.0,3139.0,3139.0,3139.0,3139.0,3139.0,3139.0,3139.0,3139.0,9.0,,,,,,,,,,,,,,0.9,355.0966,338.2594,323.3933,311.1191,301.7141,295.1255,291.0416,288.9997,288.5021,289.1173,290.5546,292.7033,295.6368,299.5829,304.8635,311.8103,320.6685,331.5077,344.1594,358.2017,220.4047351900588,272.99784809628204,1795.4962,106.93579999999996,106.93579999999996,-17.874500000000012
3140,3140,3140.0,3140.0,3140.0,3140.0,3140.0,3140.0,3140.0,3140.0,3140.0,3140.0,3140.0,3140.0,3140.0,3140.0,3140.0,3140.0,3140.0,3140.0,3140.0,3140.0,3140.0,3140.0,3140.0,3140.0,3140.0,3140.0,3140.0,3140.0,3140.0,3140.0,3140.0,3140.0,3140.0,3140.0,3140.0,3140.0,0.0,,,,,,,,,,,,,,0.0,273.0,273.0,273.0,273.0,273.0,273.0,273.0,273.0,273.0,273.0,273.0,273.0,273.0,273.0,273.0,273.0,273.0,273.0,273.0,273.0,344.68966000107173,372.9999743996307,0.0,374.7435,1790.3089,-40.0
3141,3141,3141.0,3141.0,3141.0,3141.0,3141.0,3141.0,3141.0,3141.0,3141.0,3141.0,3141.0,3141.0,3141.0,3141.0,3141.0,3141.0,3141.0,3141.0,3141.0,3141.0,3141.0,3141.0,3141.0,3141.0,3141.0,3141.0,3141.0,3141.0,3141.0,3141.0,3141.0,3141.0,3141.0,3141.0,3141.0,3141.0,1.0,,,,,,,,,,,,,,0.1,332.4733,320.8162,310.2024,300.9833,293.3503,287.3411,282.8746,279.8033,277.971,277.2649,277.6535,279.2073,282.0967,286.5689,292.9011,301.3364,312.0103,324.883,339.6943,355.9577,275.0886476419629,372.9999444728303,374.7435,164.49360000000007,1415.5654,-25.658900000000017
3142,3142,3142.0,3142.0,3142.0,3142.0,3142.0,3142.0,3142.0,3142.0,3142.0,3142.0,3142.0,3142.0,3142.0,3142.0,3142.0,3142.0,3142.0,3142.0,3142.0,3142.0,3142.0,3142.0,3142.0,3142.0,3142.0,3142.0,3142.0,3142.0,3142.0,3142.0,3142.0,3142.0,3142.0,3142.0,3142.0,3142.0,2.0,,,,,,,,,,,,,,0.2,278.4498,281.5012,283.997,285.8037,286.9227,287.485,287.7232,287.9314,288.4233,289.4974,291.4134,294.3781,298.5395,303.9857,310.7441,318.7818,328.0058,338.2652,349.3558,361.0281,348.7350260992056,372.9999591685682,539.2371,74.40129999999999,1251.0718,-25.514999999999983
3143,3143,3143.0,3143.0,3143.0,3143.0,3143.0,3143.0,3143.0,3143.0,3143.0,3143.0,3143.0,3143.0,3143.0,3143.0,3143.0,3143.0,3143.0,3143.0,3143.0,3143.0,3143.0,3143.0,3143.0,3143.0,3143.0,3143.0,3143.0,3143.0,3143.0,3143.0,3143.0,3143.0,3143.0,3143.0,3143.0,3143.0,3.0,,,,,,,,,,,,,,0.3,338.1966,328.2056,319.2403,311.6581,305.6704,301.3481,298.6501,297.4653,297.6539,299.0798,301.6294,305.2169,309.7793,315.265,321.622,328.786,336.6736,345.1782,354.1699,363.4987,234.3997784771088,272.88695076652374,613.6384,35.29909999999995,1176.6705,-11.651900000000012
3144,3144,3144.0,3144.0,3144.0,3144.0,3144.0,3144.0,3144.0,3144.0,3144.0,3144.0,3144.0,3144.0,3144.0,3144.0,3144.0,3144.0,3144.0,3144.0,3144.0,3144.0,3144.0,3144.0,3144.0,3144.0,3144.0,3144.0,3144.0,3144.0,3144.0,3144.0,3144.0,3144.0,3144.0,3144.0,3144.0,3144.0,4.0,,,,,,,,,,,,,,0.4,247.082,259.1057,269.9212,279.1691,286.7173,292.6476,297.2014,300.7019,303.4714,305.7602,307.6974,309.267,310.3118,310.5632,309.6939,307.3885,303.4227,297.7347,290.4734,282.0072,299.4481638062359,173.00099539414995,648.9375,130.59209999999996,1141.3714,-20.35239999999999
3145,3145,3145.0,3145.0,3145.0,3145.0,3145.0,3145.0,3145.0,3145.0,3145.0,3145.0,3145.0,3145.0,3145.0,3145.0,3145.0,3145.0,3145.0,3145.0,3145.0,3145.0,3145.0,3145.0,3145.0,3145.0,3145.0,3145.0,3145.0,3145.0,3145.0,3145.0,3145.0,3145.0,3145.0,3145.0,3145.0,3145.0,5.0,,,,,,,,,,,,,,0.5,297.2163,295.2882,293.9107,293.23,293.27,293.9335,295.0215,296.259,297.3201,297.8442,297.443,295.7043,292.1995,286.5032,278.2324,267.1032,252.9981,236.0285,216.5734,195.2776,230.03271318853007,273.9996800110108,779.5296,309.0371000000001,1010.7793,-19.06650000000002
3146,3146,3146.0,3146.0,3146.0,3146.0,3146.0,3146.0,3146.0,3146.0,3146.0,3146.0,3146.0,3146.0,3146.0,3146.0,3146.0,3146.0,3146.0,3146.0,3146.0,3146.0,3146.0,3146.0,3146.0,3146.0,3146.0,3146.0,3146.0,3146.0,3146.0,3146.0,3146.0,3146.0,3146.0,3146.0,3146.0,3146.0,6.0,,,,,,,,,,,,,,0.6,241.0286,251.5102,261.026,269.2349,275.9286,281.0275,284.5568,286.6139,287.3394,286.9007,285.4892,283.3282,280.6825,277.8597,275.1947,273.0135,271.5827,271.0535,271.4206,272.5091,372.9999427390061,372.999946436368,1088.5667,296.3707999999999,701.7421999999999,-31.972500000000025
3147,3147,3147.0,3147.0,3147.0,3147.0,3147.0,3147.0,3147.0,3147.0,3147.0,3147.0,3147.0,3147.0,3147.0,3147.0,3147.0,3147.0,3147.0,3147.0,3147.0,3147.0,3147.0,3147.0,3147.0,3147.0,3147.0,3147.0,3147.0,3147.0,3147.0,3147.0,3147.0,3147.0,3147.0,3147.0,3147.0,3147.0,7.0,,,,,,,,,,,,,,0.7,356.104,340.1075,325.7722,313.6178,303.8752,296.5024,291.2522,287.7691,285.6915,284.7377,284.7641,285.7895,287.9865,291.6425,297.0953,304.6514,314.499,326.6303,340.7931,356.4853,254.72651752801968,358.79748116131367,1384.9375,118.82269999999994,405.3714,-16.497599999999977
3148,3148,3148.0,3148.0,3148.0,3148.0,3148.0,3148.0,3148.0,3148.0,3148.0,3148.0,3148.0,3148.0,3148.0,3148.0,3148.0,3148.0,3148.0,3148.0,3148.0,3148.0,3148.0,3148.0,3148.0,3148.0,3148.0,3148.0,3148.0,3148.0,3148.0,3148.0,3148.0,3148.0,3148.0,3148.0,3148.0,3148.0,8.0,,,,,,,,,,,,,,0.8,263.5078,271.68,278.742,284.3816,288.5139,291.2715,292.9566,293.9729,294.7549,295.7098,297.1787,299.4168,302.589,306.7756,311.9823,318.1535,325.1847,332.9357,341.2421,349.925,209.2346706209769,256.1859089136192,1503.7602,113.442,286.54870000000005,-21.7285
3149,3149,3149.0,3149.0,3149.0,3149.0,3149.0,3149.0,3149.0,3149.0,3149.0,3149.0,3149.0,3149.0,3149.0,3149.0,3149.0,3149.0,3149.0,3149.0,3149.0,3149.0,3149.0,3149.0,3149.0,3149.0,3149.0,3149.0,3149.0,3149.0,3149.0,3149.0,3149.0,3149.0,3149.0,3149.0,3149.0,3149.0,9.0,,,,,,,,,,,,,,0.9,222.5477,235.3744,247.2917,257.9904,267.301,275.1937,281.7527,287.1344,291.5168,295.0493,297.8116,299.7859,300.8489,300.7865,299.3341,296.2366,291.3223,284.5728,276.1722,266.5179,372.9999340543511,372.9999610330849,1617.2022,173.10670000000005,173.10670000000005,-37.80630000000002
3150,3150,3150.0,3150.0,3150.0,3150.0,3150.0,3150.0,3150.0,3150.0,3150.0,3150.0,3150.0,3150.0,3150.0,3150.0,3150.0,3150.0,3150.0,3150.0,3150.0,3150.0,3150.0,3150.0,3150.0,3150.0,3150.0,3150.0,3150.0,3150.0,3150.0,3150.0,3150.0,3150.0,3150.0,3150.0,3150.0,3150.0,0.0,,,,,,,,,,,,,,0.0,273.0,273.0,273.0,273.0,273.0,273.0,273.0,273.0,273.0,273.0,273.0,273.0,273.0,273.0,273.0,273.0,273.0,273.0,273.0,273.0,344.6895023206457,372.9999888525429,0.0,374.7436,1840.3740000000005,-40.0
3151,3151,3151.0,3151.0,3151.0,3151.0,3151.0,3151.0,3151.0,3151.0,3151.0,3151.0,3151.0,3151.0,3151.0,3151.0,3151.0,3151.0,3151.0,3151.0,3151.0,3151.0,3151.0,3151.0,3151.0,3151.0,3151.0,3151.0,3151.0,3151.0,3151.0,3151.0,3151.0,3151.0,3151.0,3151.0,3151.0,3151.0,1.0,,,,,,,,,,,,,,0.1,332.4732,320.8161,310.2023,300.9832,293.3503,287.3411,282.8746,279.8032,277.971,277.2649,277.6535,279.2073,282.0967,286.5689,292.9011,301.3364,312.0103,324.883,339.6943,355.9577,275.08834388736767,372.9999033469034,374.7436,164.4937,1465.6304000000002,-25.658900000000017
3152,3152,3152.0,3152.0,3152.0,3152.0,3152.0,3152.0,3152.0,3152.0,3152.0,3152.0,3152.0,3152.0,3152.0,3152.0,3152.0,3152.0,3152.0,3152.0,3152.0,3152.0,3152.0,3152.0,3152.0,3152.0,3152.0,3152.0,3152.0,3152.0,3152.0,3152.0,3152.0,3152.0,3152.0,3152.0,3152.0,3152.0,2.0,,,,,,,,,,,,,,0.2,278.4495,281.501,283.9969,285.8036,286.9226,287.4849,287.7232,287.9314,288.4232,289.4974,291.4134,294.3781,298.5395,303.9857,310.7441,318.7818,328.0058,338.2652,349.3558,361.0281,348.7350260992056,372.9999591685682,539.2373,74.40149999999994,1301.1367000000002,-25.51510000000001
3153,3153,3153.0,3153.0,3153.0,3153.0,3153.0,3153.0,3153.0,3153.0,3153.0,3153.0,3153.0,3153.0,3153.0,3153.0,3153.0,3153.0,3153.0,3153.0,3153.0,3153.0,3153.0,3153.0,3153.0,3153.0,3153.0,3153.0,3153.0,3153.0,3153.0,3153.0,3153.0,3153.0,3153.0,3153.0,3153.0,3153.0,3.0,,,,,,,,,,,,,,0.3,338.1966,328.2055,319.2403,311.6581,305.6704,301.348,298.65,297.4653,297.6539,299.0798,301.6293,305.2169,309.7792,315.265,321.6219,328.786,336.6736,345.1782,354.1699,363.4987,234.33627090110664,272.1923913548228,613.6388,35.43540000000007,1226.7352000000003,-11.651999999999989
3154,3154,3154.0,3154.0,3154.0,3154.0,3154.0,3154.0,3154.0,3154.0,3154.0,3154.0,3154.0,3154.0,3154.0,3154.0,3154.0,3154.0,3154.0,3154.0,3154.0,3154.0,3154.0,3154.0,3154.0,3154.0,3154.0,3154.0,3154.0,3154.0,3154.0,3154.0,3154.0,3154.0,3154.0,3154.0,3154.0,3154.0,4.0,,,,,,,,,,,,,,0.4,247.0293,259.0633,269.8881,279.1441,286.6988,292.6339,297.1908,300.6923,303.4604,305.7449,307.6734,309.2285,310.2511,310.4703,309.5563,307.192,303.1519,297.3744,290.0102,281.4311,300.4039953823668,173.0009238295939,649.0742,131.27949999999998,1191.2998000000002,-20.366100000000017
3155,3155,3155.0,3155.0,3155.0,3155.0,3155.0,3155.0,3155.0,3155.0,3155.0,3155.0,3155.0,3155.0,3155.0,3155.0,3155.0,3155.0,3155.0,3155.0,3155.0,3155.0,3155.0,3155.0,3155.0,3155.0,3155.0,3155.0,3155.0,3155.0,3155.0,3155.0,3155.0,3155.0,3155.0,3155.0,3155.0,3155.0,5.0,,,,,,,,,,,,,,0.5,298.0051,295.9174,294.3941,293.5862,293.5196,294.0972,295.1177,296.3033,297.3243,297.8166,297.3895,295.6292,292.1067,286.3971,278.1187,266.9889,252.8914,235.9381,216.5076,195.2428,229.7615544305588,274.10296245813913,780.3537,309.40829999999994,1060.0203,-18.902800000000013
3156,3156,3156.0,3156.0,3156.0,3156.0,3156.0,3156.0,3156.0,3156.0,3156.0,3156.0,3156.0,3156.0,3156.0,3156.0,3156.0,3156.0,3156.0,3156.0,3156.0,3156.0,3156.0,3156.0,3156.0,3156.0,3156.0,3156.0,3156.0,3156.0,3156.0,3156.0,3156.0,3156.0,3156.0,3156.0,3156.0,3156.0,6.0,,,,,,,,,,,,,,0.6,240.846,251.4092,260.9938,269.2547,275.9822,281.0975,284.6285,286.676,287.385,286.9267,285.4958,283.318,280.6603,277.8315,275.1671,272.9937,271.5775,271.0692,271.4624,272.5806,372.9997870791318,372.99996371682937,1089.762,296.31820000000016,750.6120000000001,-31.90249999999997
3157,3157,3157.0,3157.0,3157.0,3157.0,3157.0,3157.0,3157.0,3157.0,3157.0,3157.0,3157.0,3157.0,3157.0,3157.0,3157.0,3157.0,3157.0,3157.0,3157.0,3157.0,3157.0,3157.0,3157.0,3157.0,3157.0,3157.0,3157.0,3157.0,3157.0,3157.0,3157.0,3157.0,3157.0,3157.0,3157.0,3157.0,7.0,,,,,,,,,,,,,,0.7,356.1061,340.1122,325.7796,313.6282,303.8884,296.518,291.2693,287.7866,285.7082,284.7526,284.7765,285.799,287.9932,291.6468,297.0978,304.6528,314.4997,326.6306,340.7932,356.4853,255.1630469578373,359.66514597947844,1386.0802,118.5451999999998,454.2937999999999,-16.482000000000028
3158,3158,3158.0,3158.0,3158.0,3158.0,3158.0,3158.0,3158.0,3158.0,3158.0,3158.0,3158.0,3158.0,3158.0,3158.0,3158.0,3158.0,3158.0,3158.0,3158.0,3158.0,3158.0,3158.0,3158.0,3158.0,3158.0,3158.0,3158.0,3158.0,3158.0,3158.0,3158.0,3158.0,3158.0,3158.0,3158.0,3158.0,8.0,,,,,,,,,,,,,,0.8,263.872,271.9752,278.9744,284.5595,288.6468,291.369,293.0279,294.0265,294.7985,295.7509,297.225,299.4772,302.6743,306.899,312.1599,318.4033,325.5262,333.3881,341.8222,350.6454,211.30668175423045,249.70715920278693,1504.6254,113.1649,335.7486000000001,-21.63099999999997
3159,3159,3159.0,3159.0,3159.0,3159.0,3159.0,3159.0,3159.0,3159.0,3159.0,3159.0,3159.0,3159.0,3159.0,3159.0,3159.0,3159.0,3159.0,3159.0,3159.0,3159.0,3159.0,3159.0,3159.0,3159.0,3159.0,3159.0,3159.0,3159.0,3159.0,3159.0,3159.0,3159.0,3159.0,3159.0,3159.0,3159.0,9.0,,,,,,,,,,,,,,0.9,224.2908,236.8026,248.4312,258.8763,267.9729,275.6911,282.1113,287.3819,291.6695,295.1093,297.7627,299.5901,300.4431,300.0808,298.2118,294.5591,288.9378,281.3301,271.9365,261.1879,308.39997006623406,272.9981445578314,1617.7903,222.5837000000001,222.5837000000001,-37.3089
3160,3160,3160.0,3160.0,3160.0,3160.0,3160.0,3160.0,3160.0,3160.0,3160.0,3160.0,3160.0,3160.0,3160.0,3160.0,3160.0,3160.0,3160.0,3160.0,3160.0,3160.0,3160.0,3160.0,3160.0,3160.0,3160.0,3160.0,3160.0,3160.0,3160.0,3160.0,3160.0,3160.0,3160.0,3160.0,3160.0,3160.0,0.0,,,,,,,,,,,,,,0.0,273.0,273.0,273.0,273.0,273.0,273.0,273.0,273.0,273.0,273.0,273.0,273.0,273.0,273.0,273.0,273.0,273.0,273.0,273.0,273.0,344.6895508477671,372.9999122045983,0.0,374.7436,1888.0403,-40.0
3161,3161,3161.0,3161.0,3161.0,3161.0,3161.0,3161.0,3161.0,3161.0,3161.0,3161.0,3161.0,3161.0,3161.0,3161.0,3161.0,3161.0,3161.0,3161.0,3161.0,3161.0,3161.0,3161.0,3161.0,3161.0,3161.0,3161.0,3161.0,3161.0,3161.0,3161.0,3161.0,3161.0,3161.0,3161.0,3161.0,3161.0,1.0,,,,,,,,,,,,,,0.1,332.4732,320.8161,310.2023,300.9833,293.3503,287.3411,282.8746,279.8032,277.971,277.2649,277.6535,279.2073,282.0967,286.5689,292.901,301.3364,312.0103,324.8829,339.6942,355.9576,371.5820245698652,280.06262050407736,374.7436,183.7409,1513.2966999999996,-25.658900000000017
3162,3162,3162.0,3162.0,3162.0,3162.0,3162.0,3162.0,3162.0,3162.0,3162.0,3162.0,3162.0,3162.0,3162.0,3162.0,3162.0,3162.0,3162.0,3162.0,3162.0,3162.0,3162.0,3162.0,3162.0,3162.0,3162.0,3162.0,3162.0,3162.0,3162.0,3162.0,3162.0,3162.0,3162.0,3162.0,3162.0,3162.0,2.0,,,,,,,,,,,,,,0.2,358.4943,345.8456,334.035,323.3895,314.1452,306.4411,300.3257,295.7691,292.6752,290.8902,290.2054,290.3576,291.0311,291.8688,292.4972,292.5676,291.8075,290.0725,287.3832,283.9336,244.6400658216504,367.9737015890613,558.4845,148.77699999999993,1329.5557999999996,-6.558899999999994
3163,3163,3163.0,3163.0,3163.0,3163.0,3163.0,3163.0,3163.0,3163.0,3163.0,3163.0,3163.0,3163.0,3163.0,3163.0,3163.0,3163.0,3163.0,3163.0,3163.0,3163.0,3163.0,3163.0,3163.0,3163.0,3163.0,3163.0,3163.0,3163.0,3163.0,3163.0,3163.0,3163.0,3163.0,3163.0,3163.0,3163.0,3.0,,,,,,,,,,,,,,0.3,256.4768,267.54,277.1798,284.9647,290.7264,294.5507,296.727,297.6742,297.8681,297.785,297.8692,298.5227,300.1072,302.946,307.3158,313.423,321.3671,331.1011,342.4034,354.8755,215.23725622676463,229.96539467508305,707.2615,124.77240000000006,1180.7787999999998,-18.4493
3164,3164,3164.0,3164.0,3164.0,3164.0,3164.0,3164.0,3164.0,3164.0,3164.0,3164.0,3164.0,3164.0,3164.0,3164.0,3164.0,3164.0,3164.0,3164.0,3164.0,3164.0,3164.0,3164.0,3164.0,3164.0,3164.0,3164.0,3164.0,3164.0,3164.0,3164.0,3164.0,3164.0,3164.0,3164.0,3164.0,3164.0,4.0,,,,,,,,,,,,,,0.4,227.6647,239.657,250.8302,260.893,269.6702,277.1043,283.2383,288.1809,292.0632,294.9912,297.003,298.0371,297.9193,296.3757,293.0761,287.7045,280.0484,270.0859,258.0477,244.4328,297.70272879389563,272.6786349031114,832.0339,254.0611,1056.0063999999998,-35.89569999999998
3165,3165,3165.0,3165.0,3165.0,3165.0,3165.0,3165.0,3165.0,3165.0,3165.0,3165.0,3165.0,3165.0,3165.0,3165.0,3165.0,3165.0,3165.0,3165.0,3165.0,3165.0,3165.0,3165.0,3165.0,3165.0,3165.0,3165.0,3165.0,3165.0,3165.0,3165.0,3165.0,3165.0,3165.0,3165.0,3165.0,3165.0,5.0,,,,,,,,,,,,,,0.5,293.0702,288.8873,285.5238,283.2098,282.007,281.8149,282.4062,283.479,284.7115,285.8101,286.5438,286.7639,286.4098,285.5022,284.1275,282.4129,280.498,278.5063,276.5227,274.5831,364.6446614988088,372.9999591685682,1086.095,228.70350000000008,801.9452999999999,-31.185099999999977
3166,3166,3166.0,3166.0,3166.0,3166.0,3166.0,3166.0,3166.0,3166.0,3166.0,3166.0,3166.0,3166.0,3166.0,3166.0,3166.0,3166.0,3166.0,3166.0,3166.0,3166.0,3166.0,3166.0,3166.0,3166.0,3166.0,3166.0,3166.0,3166.0,3166.0,3166.0,3166.0,3166.0,3166.0,3166.0,3166.0,3166.0,6.0,,,,,,,,,,,,,,0.6,350.9804,337.9366,326.0518,315.7198,307.157,300.406,295.3693,291.8641,289.6837,288.6563,288.69,289.8001,292.1132,295.8469,301.265,308.6124,318.0387,329.5281,342.8507,357.5539,222.31253425726567,318.4579910442828,1314.7985,106.14109999999982,573.2417999999998,-12.593999999999994
3167,3167,3167.0,3167.0,3167.0,3167.0,3167.0,3167.0,3167.0,3167.0,3167.0,3167.0,3167.0,3167.0,3167.0,3167.0,3167.0,3167.0,3167.0,3167.0,3167.0,3167.0,3167.0,3167.0,3167.0,3167.0,3167.0,3167.0,3167.0,3167.0,3167.0,3167.0,3167.0,3167.0,3167.0,3167.0,3167.0,3167.0,7.0,,,,,,,,,,,,,,0.7,237.0103,250.8506,263.1145,273.3274,281.309,287.1625,291.2134,293.9203,295.7812,297.2521,298.692,300.3327,302.2745,304.5009,306.9083,309.3462,311.6606,313.7364,315.5266,317.0655,210.43493049753368,264.0392911222568,1420.9396,158.42970000000014,467.1007,-25.837499999999977
3168,3168,3168.0,3168.0,3168.0,3168.0,3168.0,3168.0,3168.0,3168.0,3168.0,3168.0,3168.0,3168.0,3168.0,3168.0,3168.0,3168.0,3168.0,3168.0,3168.0,3168.0,3168.0,3168.0,3168.0,3168.0,3168.0,3168.0,3168.0,3168.0,3168.0,3168.0,3168.0,3168.0,3168.0,3168.0,3168.0,3168.0,8.0,,,,,,,,,,,,,,0.8,222.2347,233.7017,244.5362,254.4983,263.4247,271.2325,277.9106,283.5011,288.0744,291.7018,294.4309,296.2674,297.1675,297.0437,295.7848,293.2898,289.5078,284.4775,278.3543,271.4152,372.9999335625205,372.9999335625205,1579.3693,207.9855,308.6709999999998,-41.767499999999984
3169,3169,3169.0,3169.0,3169.0,3169.0,3169.0,3169.0,3169.0,3169.0,3169.0,3169.0,3169.0,3169.0,3169.0,3169.0,3169.0,3169.0,3169.0,3169.0,3169.0,3169.0,3169.0,3169.0,3169.0,3169.0,3169.0,3169.0,3169.0,3169.0,3169.0,3169.0,3169.0,3169.0,3169.0,3169.0,3169.0,3169.0,9.0,,,,,,,,,,,,,,0.9,354.6459,337.3944,322.1827,309.6565,300.1103,293.4992,289.513,287.684,287.5046,288.5283,290.4426,293.1063,296.5525,300.9594,306.594,313.7353,322.5881,333.204,345.4267,358.8794,232.17267833596168,272.2312025406219,1787.3548,100.68549999999982,100.68549999999982,-19.500800000000027
3170,3170,3170.0,3170.0,3170.0,3170.0,3170.0,3170.0,3170.0,3170.0,3170.0,3170.0,3170.0,3170.0,3170.0,3170.0,3170.0,3170.0,3170.0,3170.0,3170.0,3170.0,3170.0,3170.0,3170.0,3170.0,3170.0,3170.0,3170.0,3170.0,3170.0,3170.0,3170.0,3170.0,3170.0,3170.0,3170.0,3170.0,0.0,,,,,,,,,,,,,,0.0,273.0,273.0,273.0,273.0,273.0,273.0,273.0,273.0,273.0,273.0,273.0,273.0,273.0,273.0,273.0,273.0,273.0,273.0,273.0,273.0,344.6889130511363,372.9999916416783,0.0,374.7437,1905.8287,-40.0
3171,3171,3171.0,3171.0,3171.0,3171.0,3171.0,3171.0,3171.0,3171.0,3171.0,3171.0,3171.0,3171.0,3171.0,3171.0,3171.0,3171.0,3171.0,3171.0,3171.0,3171.0,3171.0,3171.0,3171.0,3171.0,3171.0,3171.0,3171.0,3171.0,3171.0,3171.0,3171.0,3171.0,3171.0,3171.0,3171.0,3171.0,1.0,,,,,,,,,,,,,,0.1,332.4727,320.8157,310.202,300.983,293.3501,287.341,282.8745,279.8032,277.9709,277.2648,277.6535,279.2073,282.0967,286.5689,292.9011,301.3364,312.0103,324.883,339.6943,355.9577,372.1021896418202,279.54148071683164,374.7437,183.9716,1531.085,-25.658999999999992
3172,3172,3172.0,3172.0,3172.0,3172.0,3172.0,3172.0,3172.0,3172.0,3172.0,3172.0,3172.0,3172.0,3172.0,3172.0,3172.0,3172.0,3172.0,3172.0,3172.0,3172.0,3172.0,3172.0,3172.0,3172.0,3172.0,3172.0,3172.0,3172.0,3172.0,3172.0,3172.0,3172.0,3172.0,3172.0,3172.0,3172.0,2.0,,,,,,,,,,,,,,0.2,358.9258,346.1924,334.3046,323.5921,314.2919,306.5432,300.3935,295.8112,292.6979,290.8972,290.1982,290.3348,290.9889,291.8007,292.3948,292.4206,291.6045,289.8022,287.0357,283.5013,247.28271277211616,365.3843785106437,558.7153,149.79450000000008,1347.1134000000002,-6.456799999999987
3173,3173,3173.0,3173.0,3173.0,3173.0,3173.0,3173.0,3173.0,3173.0,3173.0,3173.0,3173.0,3173.0,3173.0,3173.0,3173.0,3173.0,3173.0,3173.0,3173.0,3173.0,3173.0,3173.0,3173.0,3173.0,3173.0,3173.0,3173.0,3173.0,3173.0,3173.0,3173.0,3173.0,3173.0,3173.0,3173.0,3173.0,3.0,,,,,,,,,,,,,,0.3,258.6939,269.3492,278.6143,286.0687,291.5497,295.1438,297.136,297.9376,298.0148,297.8327,297.824,298.3792,299.8484,302.544,306.7331,312.6145,320.2837,329.6941,340.6296,352.7026,217.8739817713216,223.0847029479762,708.5098,126.90589999999996,1197.3189,-17.8562
3174,3174,3174.0,3174.0,3174.0,3174.0,3174.0,3174.0,3174.0,3174.0,3174.0,3174.0,3174.0,3174.0,3174.0,3174.0,3174.0,3174.0,3174.0,3174.0,3174.0,3174.0,3174.0,3174.0,3174.0,3174.0,3174.0,3174.0,3174.0,3174.0,3174.0,3174.0,3174.0,3174.0,3174.0,3174.0,3174.0,3174.0,4.0,,,,,,,,,,,,,,0.4,229.9874,241.6713,252.5466,262.3262,270.8368,278.0218,283.9221,288.642,292.3054,295.008,296.7747,297.5278,297.0746,295.1222,291.3219,285.3438,276.9679,266.1744,253.2079,238.592,289.6769666459257,271.99633801320323,835.4157,265.2556,1070.413,-34.978200000000015
3175,3175,3175.0,3175.0,3175.0,3175.0,3175.0,3175.0,3175.0,3175.0,3175.0,3175.0,3175.0,3175.0,3175.0,3175.0,3175.0,3175.0,3175.0,3175.0,3175.0,3175.0,3175.0,3175.0,3175.0,3175.0,3175.0,3175.0,3175.0,3175.0,3175.0,3175.0,3175.0,3175.0,3175.0,3175.0,3175.0,3175.0,5.0,,,,,,,,,,,,,,0.5,286.5802,283.8509,281.7881,280.5705,280.2322,280.6686,281.6682,282.9575,284.2506,285.2917,285.8865,285.9208,285.3662,284.2735,282.7562,280.9644,279.0532,277.1519,275.3394,273.6332,372.9998621877256,372.99996216645167,1100.6713,241.9331,805.1574,-32.331399999999974
3176,3176,3176.0,3176.0,3176.0,3176.0,3176.0,3176.0,3176.0,3176.0,3176.0,3176.0,3176.0,3176.0,3176.0,3176.0,3176.0,3176.0,3176.0,3176.0,3176.0,3176.0,3176.0,3176.0,3176.0,3176.0,3176.0,3176.0,3176.0,3176.0,3176.0,3176.0,3176.0,3176.0,3176.0,3176.0,3176.0,3176.0,6.0,,,,,,,,,,,,,,0.6,357.5538,342.8261,329.4386,317.8407,308.273,300.7713,295.208,291.3564,288.9628,287.8126,287.7813,288.8626,291.1721,294.925,300.3872,307.8078,317.3397,328.9675,342.4582,357.3516,233.59108172435603,330.05294057594165,1342.6044,105.55300000000013,563.2243000000001,-12.228700000000003
3177,3177,3177.0,3177.0,3177.0,3177.0,3177.0,3177.0,3177.0,3177.0,3177.0,3177.0,3177.0,3177.0,3177.0,3177.0,3177.0,3177.0,3177.0,3177.0,3177.0,3177.0,3177.0,3177.0,3177.0,3177.0,3177.0,3177.0,3177.0,3177.0,3177.0,3177.0,3177.0,3177.0,3177.0,3177.0,3177.0,3177.0,7.0,,,,,,,,,,,,,,0.7,246.5956,258.7964,269.5231,278.34,285.0939,289.9024,293.0958,295.1302,296.4979,297.6515,298.9511,300.6382,302.8309,305.5373,308.6809,312.1333,315.7507,319.4072,323.0203,326.5618,214.3714776233192,243.1461416894691,1448.1574,140.28019999999992,457.6713,-23.0976
3178,3178,3178.0,3178.0,3178.0,3178.0,3178.0,3178.0,3178.0,3178.0,3178.0,3178.0,3178.0,3178.0,3178.0,3178.0,3178.0,3178.0,3178.0,3178.0,3178.0,3178.0,3178.0,3178.0,3178.0,3178.0,3178.0,3178.0,3178.0,3178.0,3178.0,3178.0,3178.0,3178.0,3178.0,3178.0,3178.0,3178.0,8.0,,,,,,,,,,,,,,0.8,226.1333,237.533,248.2478,258.0263,266.7067,274.2186,280.5699,285.8208,290.0507,293.3236,295.657,296.9998,297.2258,296.1451,293.5372,289.2025,283.0243,275.0282,265.4231,254.6094,372.9999662361862,372.9999472260237,1588.4376,209.39370000000008,317.39110000000005,-38.78140000000002
3179,3179,3179.0,3179.0,3179.0,3179.0,3179.0,3179.0,3179.0,3179.0,3179.0,3179.0,3179.0,3179.0,3179.0,3179.0,3179.0,3179.0,3179.0,3179.0,3179.0,3179.0,3179.0,3179.0,3179.0,3179.0,3179.0,3179.0,3179.0,3179.0,3179.0,3179.0,3179.0,3179.0,3179.0,3179.0,3179.0,3179.0,9.0,,,,,,,,,,,,,,0.9,355.1305,338.3241,323.4831,311.2258,301.8283,295.2366,291.1391,289.0736,288.5432,289.1182,290.5102,292.6116,295.4998,299.4073,304.6606,311.5959,320.4619,331.3293,344.0281,358.132,218.97774207212595,272.8927178569853,1797.8313,107.99739999999996,107.99739999999996,-17.76339999999999
3180,3180,3180.0,3180.0,3180.0,3180.0,3180.0,3180.0,3180.0,3180.0,3180.0,3180.0,3180.0,3180.0,3180.0,3180.0,3180.0,3180.0,3180.0,3180.0,3180.0,3180.0,3180.0,3180.0,3180.0,3180.0,3180.0,3180.0,3180.0,3180.0,3180.0,3180.0,3180.0,3180.0,3180.0,3180.0,3180.0,0.0,,,,,,,,,,,,,,,0.0,273.0,273.0,273.0,273.0,273.0,273.0,273.0,273.0,273.0,273.0,273.0,273.0,273.0,273.0,273.0,273.0,273.0,273.0,273.0,273.0,372.99976093466233,372.9999589424001,0.0,368.7879,1512.3482,-40.0
3181,3181,3181.0,3181.0,3181.0,3181.0,3181.0,3181.0,3181.0,3181.0,3181.0,3181.0,3181.0,3181.0,3181.0,3181.0,3181.0,3181.0,3181.0,3181.0,3181.0,3181.0,3181.0,3181.0,3181.0,3181.0,3181.0,3181.0,3181.0,3181.0,3181.0,3181.0,3181.0,3181.0,3181.0,3181.0,3181.0,1.0,,,,,,,,,,,,,,,0.1,355.9581,339.6959,324.8872,312.0201,301.3574,292.9443,286.6546,282.2609,279.5107,278.1944,278.1944,279.5107,282.2609,286.6547,292.9443,301.3574,312.0201,324.8873,339.696,355.9583,222.1481274006404,372.99993473767927,368.7879,160.59780000000006,1143.5603,-20.0557
3182,3182,3182.0,3182.0,3182.0,3182.0,3182.0,3182.0,3182.0,3182.0,3182.0,3182.0,3182.0,3182.0,3182.0,3182.0,3182.0,3182.0,3182.0,3182.0,3182.0,3182.0,3182.0,3182.0,3182.0,3182.0,3182.0,3182.0,3182.0,3182.0,3182.0,3182.0,3182.0,3182.0,3182.0,3182.0,3182.0,2.0,,,,,,,,,,,,,,,0.2,235.9358,248.8605,260.204,269.5036,276.6045,281.6494,285.0167,287.2309,288.8695,290.4859,292.5571,295.4572,299.4517,304.7019,311.2758,319.1585,328.2611,338.4294,349.4522,361.0724,231.9699930405853,371.2481105939349,529.3857,132.3762999999999,982.9625,-31.350599999999982
3183,3183,3183.0,3183.0,3183.0,3183.0,3183.0,3183.0,3183.0,3183.0,3183.0,3183.0,3183.0,3183.0,3183.0,3183.0,3183.0,3183.0,3183.0,3183.0,3183.0,3183.0,3183.0,3183.0,3183.0,3183.0,3183.0,3183.0,3183.0,3183.0,3183.0,3183.0,3183.0,3183.0,3183.0,3183.0,3183.0,3.0,,,,,,,,,,,,,,,0.3,239.3344,246.5671,253.5494,260.1868,266.4202,272.2334,277.6572,282.7679,287.6809,292.5388,297.4975,302.7099,308.311,314.4059,321.0604,328.2978,336.0975,344.3992,353.1084,362.1044,236.9123464457737,355.1698233045523,661.762,133.4498000000001,850.5862,-40.76659999999998
3184,3184,3184.0,3184.0,3184.0,3184.0,3184.0,3184.0,3184.0,3184.0,3184.0,3184.0,3184.0,3184.0,3184.0,3184.0,3184.0,3184.0,3184.0,3184.0,3184.0,3184.0,3184.0,3184.0,3184.0,3184.0,3184.0,3184.0,3184.0,3184.0,3184.0,3184.0,3184.0,3184.0,3184.0,3184.0,3184.0,4.0,,,,,,,,,,,,,,,0.4,242.5819,248.2492,253.9117,259.5659,265.2093,270.8413,276.4658,282.0916,287.7317,293.401,299.1114,304.867,310.6603,316.4698,322.2627,328.0,333.6458,339.1768,344.5902,349.9072,242.267932095697,358.8119036734606,795.2118,131.37469999999996,717.1363999999999,-42.15870000000001
3185,3185,3185.0,3185.0,3185.0,3185.0,3185.0,3185.0,3185.0,3185.0,3185.0,3185.0,3185.0,3185.0,3185.0,3185.0,3185.0,3185.0,3185.0,3185.0,3185.0,3185.0,3185.0,3185.0,3185.0,3185.0,3185.0,3185.0,3185.0,3185.0,3185.0,3185.0,3185.0,3185.0,3185.0,3185.0,3185.0,5.0,,,,,,,,,,,,,,,0.5,247.0119,251.7978,256.6621,261.6315,266.7206,271.9323,277.2601,282.6915,288.2109,293.8036,299.4575,305.1644,310.9206,316.7263,322.5841,328.4973,334.4677,340.4937,346.5687,352.6805,241.01304203204268,361.7146820203321,926.5865,122.86620000000003,585.7616999999999,-41.0677
3186,3186,3186.0,3186.0,3186.0,3186.0,3186.0,3186.0,3186.0,3186.0,3186.0,3186.0,3186.0,3186.0,3186.0,3186.0,3186.0,3186.0,3186.0,3186.0,3186.0,3186.0,3186.0,3186.0,3186.0,3186.0,3186.0,3186.0,3186.0,3186.0,3186.0,3186.0,3186.0,3186.0,3186.0,3186.0,3186.0,6.0,,,,,,,,,,,,,,,0.6,246.2465,251.4865,256.74,262.0148,267.319,272.6612,278.0498,283.4929,288.9976,294.5708,300.219,305.9489,311.7674,317.6814,323.6967,329.8167,336.0402,342.36,348.7613,355.2222,239.03056011930872,361.2467096154055,1049.4527,117.45360000000004,462.8954999999999,-40.33879999999999
3187,3187,3187.0,3187.0,3187.0,3187.0,3187.0,3187.0,3187.0,3187.0,3187.0,3187.0,3187.0,3187.0,3187.0,3187.0,3187.0,3187.0,3187.0,3187.0,3187.0,3187.0,3187.0,3187.0,3187.0,3187.0,3187.0,3187.0,3187.0,3187.0,3187.0,3187.0,3187.0,3187.0,3187.0,3187.0,3187.0,7.0,,,,,,,,,,,,,,,0.7,244.6812,250.324,255.9529,261.566,267.1655,272.7579,278.3535,283.9641,289.6026,295.2805,301.0079,306.7922,312.6376,318.5458,324.515,330.5411,336.6178,342.7366,348.8881,355.0618,238.4528340915376,359.7481960741419,1166.9063,115.52639999999997,345.4418999999998,-40.24209999999999
3188,3188,3188.0,3188.0,3188.0,3188.0,3188.0,3188.0,3188.0,3188.0,3188.0,3188.0,3188.0,3188.0,3188.0,3188.0,3188.0,3188.0,3188.0,3188.0,3188.0,3188.0,3188.0,3188.0,3188.0,3188.0,3188.0,3188.0,3188.0,3188.0,3188.0,3188.0,3188.0,3188.0,3188.0,3188.0,3188.0,8.0,,,,,,,,,,,,,,,0.8,244.1819,249.9077,255.6281,261.3422,267.0513,272.7585,278.4683,284.1862,289.9176,295.6671,301.4378,307.2306,313.044,318.8746,324.7169,330.5648,336.4125,342.2556,348.092,353.922,238.4377731019556,358.99325283404545,1282.4327,114.95489999999997,229.91549999999984,-40.24149999999997
3189,3189,3189.0,3189.0,3189.0,3189.0,3189.0,3189.0,3189.0,3189.0,3189.0,3189.0,3189.0,3189.0,3189.0,3189.0,3189.0,3189.0,3189.0,3189.0,3189.0,3189.0,3189.0,3189.0,3189.0,3189.0,3189.0,3189.0,3189.0,3189.0,3189.0,3189.0,3189.0,3189.0,3189.0,3189.0,3189.0,9.0,,,,,,,,,,,,,,,0.9,244.1626,249.8878,255.6142,261.3423,267.0733,272.8081,278.5479,284.2936,290.0458,295.8045,301.5689,307.3374,313.1073,318.8753,324.6378,330.3915,336.1336,341.8633,347.5811,353.2897,237.89632627480168,361.012228793186,1397.3876,114.96059999999989,114.96059999999989,-40.191899999999976
3190,3190,3190.0,3190.0,3190.0,3190.0,3190.0,3190.0,3190.0,3190.0,3190.0,3190.0,3190.0,3190.0,3190.0,3190.0,3190.0,3190.0,3190.0,3190.0,3190.0,3190.0,3190.0,3190.0,3190.0,3190.0,3190.0,3190.0,3190.0,3190.0,3190.0,3190.0,3190.0,3190.0,3190.0,3190.0,3190.0,0.0,,,,,,,,,,,,,,,0.0,273.0,273.0,273.0,273.0,273.0,273.0,273.0,273.0,273.0,273.0,273.0,273.0,273.0,273.0,273.0,273.0,273.0,273.0,273.0,273.0,372.99990505291873,372.9999363287331,0.0,368.7879,1209.9384,-40.0
3191,3191,3191.0,3191.0,3191.0,3191.0,3191.0,3191.0,3191.0,3191.0,3191.0,3191.0,3191.0,3191.0,3191.0,3191.0,3191.0,3191.0,3191.0,3191.0,3191.0,3191.0,3191.0,3191.0,3191.0,3191.0,3191.0,3191.0,3191.0,3191.0,3191.0,3191.0,3191.0,3191.0,3191.0,3191.0,3191.0,1.0,,,,,,,,,,,,,,,0.1,355.9582,339.696,324.8873,312.0201,301.3574,292.9443,286.6547,282.2609,279.5107,278.1944,278.1944,279.5107,282.2609,286.6547,292.9443,301.3574,312.0201,324.8873,339.696,355.9582,222.14820296442656,372.9998369030091,368.7879,160.59780000000006,841.1505,-20.0557
3192,3192,3192.0,3192.0,3192.0,3192.0,3192.0,3192.0,3192.0,3192.0,3192.0,3192.0,3192.0,3192.0,3192.0,3192.0,3192.0,3192.0,3192.0,3192.0,3192.0,3192.0,3192.0,3192.0,3192.0,3192.0,3192.0,3192.0,3192.0,3192.0,3192.0,3192.0,3192.0,3192.0,3192.0,3192.0,3192.0,2.0,,,,,,,,,,,,,,,0.2,235.9359,248.8606,260.2041,269.5037,276.6046,281.6494,285.0167,287.2309,288.8695,290.486,292.5571,295.4572,299.4517,304.7019,311.2758,319.1585,328.2611,338.4293,349.4521,361.0723,231.989650353808,371.38685045404367,529.3857,132.35349999999994,680.5527,-31.350599999999982
3193,3193,3193.0,3193.0,3193.0,3193.0,3193.0,3193.0,3193.0,3193.0,3193.0,3193.0,3193.0,3193.0,3193.0,3193.0,3193.0,3193.0,3193.0,3193.0,3193.0,3193.0,3193.0,3193.0,3193.0,3193.0,3193.0,3193.0,3193.0,3193.0,3193.0,3193.0,3193.0,3193.0,3193.0,3193.0,3193.0,3.0,,,,,,,,,,,,,,,0.3,239.3507,246.5803,253.5596,260.1945,266.4258,272.2375,277.6602,282.7705,287.6834,292.5421,297.5024,302.7176,308.3232,314.4244,321.0879,328.337,336.1515,344.4711,353.2009,362.2194,236.8111569283128,355.05598165016687,661.7392,133.39750000000004,548.1992,-40.76249999999999
3194,3194,3194.0,3194.0,3194.0,3194.0,3194.0,3194.0,3194.0,3194.0,3194.0,3194.0,3194.0,3194.0,3194.0,3194.0,3194.0,3194.0,3194.0,3194.0,3194.0,3194.0,3194.0,3194.0,3194.0,3194.0,3194.0,3194.0,3194.0,3194.0,3194.0,3194.0,3194.0,3194.0,3194.0,3194.0,3194.0,4.0,,,,,,,,,,,,,,,0.4,242.4992,248.1841,253.8626,259.5308,265.1858,270.8273,276.4593,282.0908,287.7354,293.408,299.1206,304.8772,310.6697,316.4764,322.2633,327.9909,333.6229,339.1357,344.5272,349.8195,259.2833996541321,351.2535502898962,795.1367,123.53750000000002,414.8017,-42.17270000000002
3195,3195,3195.0,3195.0,3195.0,3195.0,3195.0,3195.0,3195.0,3195.0,3195.0,3195.0,3195.0,3195.0,3195.0,3195.0,3195.0,3195.0,3195.0,3195.0,3195.0,3195.0,3195.0,3195.0,3195.0,3195.0,3195.0,3195.0,3195.0,3195.0,3195.0,3195.0,3195.0,3195.0,3195.0,3195.0,3195.0,5.0,,,,,,,,,,,,,,,0.5,261.123,263.1373,265.4769,268.2505,271.5151,275.2766,279.4986,284.1159,289.0481,294.2119,299.5291,304.9306,310.3577,315.7624,321.1071,326.3647,331.5196,336.5693,341.5244,346.4082,231.66565908308456,372.9998500853361,918.6742,110.04629999999986,291.2642,-37.72340000000003
3196,3196,3196.0,3196.0,3196.0,3196.0,3196.0,3196.0,3196.0,3196.0,3196.0,3196.0,3196.0,3196.0,3196.0,3196.0,3196.0,3196.0,3196.0,3196.0,3196.0,3196.0,3196.0,3196.0,3196.0,3196.0,3196.0,3196.0,3196.0,3196.0,3196.0,3196.0,3196.0,3196.0,3196.0,3196.0,3196.0,6.0,,,,,,,,,,,,,,,0.6,239.3221,246.8254,254.0472,260.9037,267.364,273.448,279.2163,284.755,290.1619,295.5358,300.9713,306.5577,312.3794,318.5162,325.0394,332.0041,339.4387,347.3337,355.6333,364.2355,362.91518034695815,332.35516797318564,1028.7205,74.98220000000015,181.2179000000001,-39.55200000000002
3197,3197,3197.0,3197.0,3197.0,3197.0,3197.0,3197.0,3197.0,3197.0,3197.0,3197.0,3197.0,3197.0,3197.0,3197.0,3197.0,3197.0,3197.0,3197.0,3197.0,3197.0,3197.0,3197.0,3197.0,3197.0,3197.0,3197.0,3197.0,3197.0,3197.0,3197.0,3197.0,3197.0,3197.0,3197.0,3197.0,7.0,,,,,,,,,,,,,,,0.7,347.3403,332.7473,319.9821,309.6504,302.0655,297.2536,295.0046,294.95,296.6428,299.6235,303.4626,307.7802,312.2492,316.5924,320.5806,324.0377,326.8521,328.9918,330.5137,331.5627,200.0543697851014,372.8152631195454,1103.7027,39.69609999999989,106.23569999999997,-15.746399999999994
3198,3198,3198.0,3198.0,3198.0,3198.0,3198.0,3198.0,3198.0,3198.0,3198.0,3198.0,3198.0,3198.0,3198.0,3198.0,3198.0,3198.0,3198.0,3198.0,3198.0,3198.0,3198.0,3198.0,3198.0,3198.0,3198.0,3198.0,3198.0,3198.0,3198.0,3198.0,3198.0,3198.0,3198.0,3198.0,3198.0,8.0,,,,,,,,,,,,,,,0.8,218.4471,235.9152,251.6825,265.2339,276.366,285.1725,291.9771,297.2394,301.4615,305.1157,308.6023,312.2368,316.2576,320.8409,326.1143,332.1605,339.0118,346.6389,354.9408,363.7442,358.3675754838635,339.1525673020764,1143.3988,40.66679999999997,66.53960000000006,-27.827499999999983
3199,3199,3199.0,3199.0,3199.0,3199.0,3199.0,3199.0,3199.0,3199.0,3199.0,3199.0,3199.0,3199.0,3199.0,3199.0,3199.0,3199.0,3199.0,3199.0,3199.0,3199.0,3199.0,3199.0,3199.0,3199.0,3199.0,3199.0,3199.0,3199.0,3199.0,3199.0,3199.0,3199.0,3199.0,3199.0,3199.0,9.0,,,,,,,,,,,,,,,0.9,344.4105,331.4195,320.2153,311.3632,305.1217,301.4553,300.0985,300.6449,302.6374,305.6382,309.2692,313.2257,317.2701,321.2174,324.9229,328.2773,331.2103,333.7006,335.7835,337.5533,190.73109252050835,359.7120474271398,1184.0656,25.872800000000097,25.872800000000097,-11.544699999999978
3200,3200,3200.0,3200.0,3200.0,3200.0,3200.0,3200.0,3200.0,3200.0,3200.0,3200.0,3200.0,3200.0,3200.0,3200.0,3200.0,3200.0,3200.0,3200.0,3200.0,3200.0,3200.0,3200.0,3200.0,3200.0,3200.0,3200.0,3200.0,3200.0,3200.0,3200.0,3200.0,3200.0,3200.0,3200.0,3200.0,0.0,,,,,,,,,,,,,,,0.0,273.0,273.0,273.0,273.0,273.0,273.0,273.0,273.0,273.0,273.0,273.0,273.0,273.0,273.0,273.0,273.0,273.0,273.0,273.0,273.0,372.99990505291873,372.9999363287331,0.0,368.7879,1309.5858,-40.0
3201,3201,3201.0,3201.0,3201.0,3201.0,3201.0,3201.0,3201.0,3201.0,3201.0,3201.0,3201.0,3201.0,3201.0,3201.0,3201.0,3201.0,3201.0,3201.0,3201.0,3201.0,3201.0,3201.0,3201.0,3201.0,3201.0,3201.0,3201.0,3201.0,3201.0,3201.0,3201.0,3201.0,3201.0,3201.0,3201.0,1.0,,,,,,,,,,,,,,,0.1,355.9582,339.696,324.8873,312.0201,301.3574,292.9443,286.6547,282.2609,279.5107,278.1944,278.1944,279.5107,282.2609,286.6547,292.9443,301.3574,312.0201,324.8873,339.696,355.9582,222.14813535455616,372.9999380203229,368.7879,160.59780000000006,940.7979,-20.0557
3202,3202,3202.0,3202.0,3202.0,3202.0,3202.0,3202.0,3202.0,3202.0,3202.0,3202.0,3202.0,3202.0,3202.0,3202.0,3202.0,3202.0,3202.0,3202.0,3202.0,3202.0,3202.0,3202.0,3202.0,3202.0,3202.0,3202.0,3202.0,3202.0,3202.0,3202.0,3202.0,3202.0,3202.0,3202.0,3202.0,2.0,,,,,,,,,,,,,,,0.2,235.9359,248.8605,260.204,269.5036,276.6046,281.6494,285.0167,287.2309,288.8695,290.486,292.5571,295.4572,299.4517,304.7019,311.2758,319.1585,328.2611,338.4294,349.4522,361.0724,231.983674071908,371.3291905048805,529.3857,132.3617999999999,780.2001,-31.350599999999982
3203,3203,3203.0,3203.0,3203.0,3203.0,3203.0,3203.0,3203.0,3203.0,3203.0,3203.0,3203.0,3203.0,3203.0,3203.0,3203.0,3203.0,3203.0,3203.0,3203.0,3203.0,3203.0,3203.0,3203.0,3203.0,3203.0,3203.0,3203.0,3203.0,3203.0,3203.0,3203.0,3203.0,3203.0,3203.0,3203.0,3.0,,,,,,,,,,,,,,,0.3,239.3457,246.5763,253.5565,260.1922,266.4241,272.2362,277.6593,282.7696,287.6825,292.5408,297.5004,302.7144,308.3181,314.4167,321.0765,328.3207,336.1291,344.4412,353.1625,362.1716,236.3684496780997,354.5575872931816,661.7475,133.7193000000001,647.8383000000001,-40.7638
3204,3204,3204.0,3204.0,3204.0,3204.0,3204.0,3204.0,3204.0,3204.0,3204.0,3204.0,3204.0,3204.0,3204.0,3204.0,3204.0,3204.0,3204.0,3204.0,3204.0,3204.0,3204.0,3204.0,3204.0,3204.0,3204.0,3204.0,3204.0,3204.0,3204.0,3204.0,3204.0,3204.0,3204.0,3204.0,3204.0,4.0,,,,,,,,,,,,,,,0.4,242.1315,247.8881,253.6317,259.3565,265.0584,270.7367,276.396,282.0462,287.7019,293.379,299.0897,304.8382,310.6157,316.3994,322.1544,327.8401,333.4195,338.8696,344.1894,349.4032,243.68015979215463,360.2214031975049,795.4668,131.60439999999994,514.119,-42.263300000000015
3205,3205,3205.0,3205.0,3205.0,3205.0,3205.0,3205.0,3205.0,3205.0,3205.0,3205.0,3205.0,3205.0,3205.0,3205.0,3205.0,3205.0,3205.0,3205.0,3205.0,3205.0,3205.0,3205.0,3205.0,3205.0,3205.0,3205.0,3205.0,3205.0,3205.0,3205.0,3205.0,3205.0,3205.0,3205.0,3205.0,5.0,,,,,,,,,,,,,,,0.5,248.1563,252.6879,257.323,262.0962,267.0262,272.1159,277.3554,282.7271,288.2101,293.7854,299.4384,305.1611,310.9522,316.8162,322.7612,328.7958,334.9251,341.1477,347.453,353.8205,240.1443560098364,361.5598242056567,927.0712,121.4062,382.5146000000001,-40.88409999999999
3206,3206,3206.0,3206.0,3206.0,3206.0,3206.0,3206.0,3206.0,3206.0,3206.0,3206.0,3206.0,3206.0,3206.0,3206.0,3206.0,3206.0,3206.0,3206.0,3206.0,3206.0,3206.0,3206.0,3206.0,3206.0,3206.0,3206.0,3206.0,3206.0,3206.0,3206.0,3206.0,3206.0,3206.0,3206.0,3206.0,6.0,,,,,,,,,,,,,,,0.6,245.5837,251.0167,256.4396,261.8532,267.2631,272.6798,278.1168,283.5889,289.1106,294.6949,300.3525,306.0919,311.9194,317.8391,323.8528,329.9594,336.154,342.4275,348.766,355.1508,238.3882895969886,360.4578131108675,1048.4774,117.615,261.1084000000001,-40.3202
3207,3207,3207.0,3207.0,3207.0,3207.0,3207.0,3207.0,3207.0,3207.0,3207.0,3207.0,3207.0,3207.0,3207.0,3207.0,3207.0,3207.0,3207.0,3207.0,3207.0,3207.0,3207.0,3207.0,3207.0,3207.0,3207.0,3207.0,3207.0,3207.0,3207.0,3207.0,3207.0,3207.0,3207.0,3207.0,3207.0,7.0,,,,,,,,,,,,,,,0.7,244.1329,249.8678,255.5852,261.2814,266.9569,272.6171,278.2709,283.9296,289.6049,295.3079,301.0476,306.83,312.658,318.531,324.4459,330.397,336.3775,342.3802,348.3983,354.4258,348.24962544108143,342.5896526102439,1166.0924,79.88419999999996,143.4934000000001,-40.38290000000001
3208,3208,3208.0,3208.0,3208.0,3208.0,3208.0,3208.0,3208.0,3208.0,3208.0,3208.0,3208.0,3208.0,3208.0,3208.0,3208.0,3208.0,3208.0,3208.0,3208.0,3208.0,3208.0,3208.0,3208.0,3208.0,3208.0,3208.0,3208.0,3208.0,3208.0,3208.0,3208.0,3208.0,3208.0,3208.0,3208.0,8.0,,,,,,,,,,,,,,,0.8,335.2309,323.0661,312.4922,304.0392,297.9841,294.355,292.974,293.5242,295.6198,298.8655,302.8962,307.3973,312.1105,316.83,321.3984,325.7028,329.6763,333.2998,336.6032,339.6625,249.86937362694144,372.99992583523385,1245.9766,31.78780000000006,63.6092000000001,-18.644999999999985
3209,3209,3209.0,3209.0,3209.0,3209.0,3209.0,3209.0,3209.0,3209.0,3209.0,3209.0,3209.0,3209.0,3209.0,3209.0,3209.0,3209.0,3209.0,3209.0,3209.0,3209.0,3209.0,3209.0,3209.0,3209.0,3209.0,3209.0,3209.0,3209.0,3209.0,3209.0,3209.0,3209.0,3209.0,3209.0,3209.0,9.0,,,,,,,,,,,,,,,0.9,259.0453,267.757,275.6238,282.4105,288.0544,292.6534,296.4258,299.6548,302.6354,305.6349,308.8719,312.5132,316.681,321.4639,326.9237,333.0956,339.9815,347.5382,355.6692,364.2224,248.79146247017763,371.3064948022719,1277.7644,31.82140000000004,31.82140000000004,-20.346600000000024
3210,3210,3210.0,3210.0,3210.0,3210.0,3210.0,3210.0,3210.0,3210.0,3210.0,3210.0,3210.0,3210.0,3210.0,3210.0,3210.0,3210.0,3210.0,3210.0,3210.0,3210.0,3210.0,3210.0,3210.0,3210.0,3210.0,3210.0,3210.0,3210.0,3210.0,3210.0,3210.0,3210.0,3210.0,3210.0,3210.0,0.0,,,,,,,,,,,,,,,0.0,273.0,273.0,273.0,273.0,273.0,273.0,273.0,273.0,273.0,273.0,273.0,273.0,273.0,273.0,273.0,273.0,273.0,273.0,273.0,273.0,372.99993333220254,372.9999750161815,0.0,368.7878,1210.6974,-40.0
3211,3211,3211.0,3211.0,3211.0,3211.0,3211.0,3211.0,3211.0,3211.0,3211.0,3211.0,3211.0,3211.0,3211.0,3211.0,3211.0,3211.0,3211.0,3211.0,3211.0,3211.0,3211.0,3211.0,3211.0,3211.0,3211.0,3211.0,3211.0,3211.0,3211.0,3211.0,3211.0,3211.0,3211.0,3211.0,3211.0,1.0,,,,,,,,,,,,,,,0.1,355.9582,339.696,324.8873,312.0201,301.3574,292.9443,286.6547,282.2609,279.5107,278.1944,278.1944,279.5107,282.2609,286.6547,292.9443,301.3574,312.0201,324.8873,339.696,355.9583,222.14814315390183,372.99993473767927,368.7878,160.59779999999995,841.9096,-20.0557
3212,3212,3212.0,3212.0,3212.0,3212.0,3212.0,3212.0,3212.0,3212.0,3212.0,3212.0,3212.0,3212.0,3212.0,3212.0,3212.0,3212.0,3212.0,3212.0,3212.0,3212.0,3212.0,3212.0,3212.0,3212.0,3212.0,3212.0,3212.0,3212.0,3212.0,3212.0,3212.0,3212.0,3212.0,3212.0,3212.0,2.0,,,,,,,,,,,,,,,0.2,235.9359,248.8605,260.204,269.5036,276.6046,281.6494,285.0167,287.2309,288.8695,290.486,292.5571,295.4573,299.4517,304.7019,311.2758,319.1585,328.2611,338.4294,349.4522,361.0724,231.8738154384832,370.57108106264855,529.3856,132.48710000000003,681.3118000000001,-31.350599999999982
3213,3213,3213.0,3213.0,3213.0,3213.0,3213.0,3213.0,3213.0,3213.0,3213.0,3213.0,3213.0,3213.0,3213.0,3213.0,3213.0,3213.0,3213.0,3213.0,3213.0,3213.0,3213.0,3213.0,3213.0,3213.0,3213.0,3213.0,3213.0,3213.0,3213.0,3213.0,3213.0,3213.0,3213.0,3213.0,3213.0,3.0,,,,,,,,,,,,,,,0.3,239.2546,246.503,253.4994,260.1491,266.3925,272.2133,277.6423,282.7557,287.6684,292.5227,297.4734,302.672,308.2517,314.3152,320.9263,328.1062,335.8335,344.048,352.6569,361.5427,236.2823268054329,354.2454974850746,661.8727,134.42579999999998,548.8247,-40.7867
3214,3214,3214.0,3214.0,3214.0,3214.0,3214.0,3214.0,3214.0,3214.0,3214.0,3214.0,3214.0,3214.0,3214.0,3214.0,3214.0,3214.0,3214.0,3214.0,3214.0,3214.0,3214.0,3214.0,3214.0,3214.0,3214.0,3214.0,3214.0,3214.0,3214.0,3214.0,3214.0,3214.0,3214.0,3214.0,3214.0,4.0,,,,,,,,,,,,,,,0.4,242.0534,247.8176,253.5681,259.2987,265.0046,270.6848,276.3431,281.9892,287.6369,293.3019,298.9965,304.7249,310.4791,316.2372,321.9657,327.6254,333.1805,338.6089,343.9096,349.1066,259.2735114563091,351.59367421377647,796.2985,125.32810000000006,414.3989,-42.3152
3215,3215,3215.0,3215.0,3215.0,3215.0,3215.0,3215.0,3215.0,3215.0,3215.0,3215.0,3215.0,3215.0,3215.0,3215.0,3215.0,3215.0,3215.0,3215.0,3215.0,3215.0,3215.0,3215.0,3215.0,3215.0,3215.0,3215.0,3215.0,3215.0,3215.0,3215.0,3215.0,3215.0,3215.0,3215.0,3215.0,5.0,,,,,,,,,,,,,,,0.5,261.0805,263.0643,265.3777,268.13,271.3785,275.1281,279.3411,283.9509,288.8759,294.0325,299.3429,304.7398,310.1674,315.5815,320.9483,326.2447,331.4578,336.5855,341.6369,346.6307,234.01997095599305,370.7758397700096,921.6266,110.1857,289.0708,-37.87189999999998
3216,3216,3216.0,3216.0,3216.0,3216.0,3216.0,3216.0,3216.0,3216.0,3216.0,3216.0,3216.0,3216.0,3216.0,3216.0,3216.0,3216.0,3216.0,3216.0,3216.0,3216.0,3216.0,3216.0,3216.0,3216.0,3216.0,3216.0,3216.0,3216.0,3216.0,3216.0,3216.0,3216.0,3216.0,3216.0,3216.0,6.0,,,,,,,,,,,,,,,0.6,241.2523,248.3502,255.202,261.7354,267.9258,273.7937,279.3955,284.8098,290.1245,295.4277,300.8028,306.3275,312.0751,318.1141,324.5053,331.2956,338.5082,346.1329,354.1192,362.3753,362.2665098767006,335.0484471232569,1031.8123,74.56479999999988,178.88509999999997,-39.2063
3217,3217,3217.0,3217.0,3217.0,3217.0,3217.0,3217.0,3217.0,3217.0,3217.0,3217.0,3217.0,3217.0,3217.0,3217.0,3217.0,3217.0,3217.0,3217.0,3217.0,3217.0,3217.0,3217.0,3217.0,3217.0,3217.0,3217.0,3217.0,3217.0,3217.0,3217.0,3217.0,3217.0,3217.0,3217.0,3217.0,7.0,,,,,,,,,,,,,,,0.7,346.8984,332.4948,319.8875,309.6729,302.1606,297.3782,295.1222,295.0331,296.6753,299.6015,303.3951,307.6905,312.1756,316.5892,320.7177,324.398,327.5265,330.0712,332.0791,333.6755,200.60350777407027,372.96219786304425,1106.3771,38.94710000000009,104.32030000000007,-15.621800000000007
3218,3218,3218.0,3218.0,3218.0,3218.0,3218.0,3218.0,3218.0,3218.0,3218.0,3218.0,3218.0,3218.0,3218.0,3218.0,3218.0,3218.0,3218.0,3218.0,3218.0,3218.0,3218.0,3218.0,3218.0,3218.0,3218.0,3218.0,3218.0,3218.0,3218.0,3218.0,3218.0,3218.0,3218.0,3218.0,3218.0,8.0,,,,,,,,,,,,,,,0.8,218.9021,236.2811,251.9689,265.4533,276.5325,285.3007,292.081,297.3323,301.556,305.2234,308.7337,312.4006,316.4592,321.0811,326.3881,332.4567,339.3138,346.927,355.1954,363.9494,357.42259481857883,339.0821085015836,1145.3242,39.85200000000009,65.3732,-27.6993
3219,3219,3219.0,3219.0,3219.0,3219.0,3219.0,3219.0,3219.0,3219.0,3219.0,3219.0,3219.0,3219.0,3219.0,3219.0,3219.0,3219.0,3219.0,3219.0,3219.0,3219.0,3219.0,3219.0,3219.0,3219.0,3219.0,3219.0,3219.0,3219.0,3219.0,3219.0,3219.0,3219.0,3219.0,3219.0,3219.0,9.0,,,,,,,,,,,,,,,0.9,343.6597,330.853,319.8152,311.1062,304.9822,301.4078,300.12,300.7167,302.7451,305.7712,309.4197,313.3873,317.4368,321.3827,325.0792,328.416,331.3224,333.7768,335.8159,337.5358,191.20792685649096,360.3310887240244,1185.1762,25.521199999999908,25.521199999999908,-11.592199999999991
3220,3220,3220.0,3220.0,3220.0,3220.0,3220.0,3220.0,3220.0,3220.0,3220.0,3220.0,3220.0,3220.0,3220.0,3220.0,3220.0,3220.0,3220.0,3220.0,3220.0,3220.0,3220.0,3220.0,3220.0,3220.0,3220.0,3220.0,3220.0,3220.0,3220.0,3220.0,3220.0,3220.0,3220.0,3220.0,3220.0,0.0,,,,,,,,,,,,,,,0.0,273.0,273.0,273.0,273.0,273.0,273.0,273.0,273.0,273.0,273.0,273.0,273.0,273.0,273.0,273.0,273.0,273.0,273.0,273.0,273.0,372.99990505291873,372.9999363287331,0.0,368.7879,1403.9915,-40.0
3221,3221,3221.0,3221.0,3221.0,3221.0,3221.0,3221.0,3221.0,3221.0,3221.0,3221.0,3221.0,3221.0,3221.0,3221.0,3221.0,3221.0,3221.0,3221.0,3221.0,3221.0,3221.0,3221.0,3221.0,3221.0,3221.0,3221.0,3221.0,3221.0,3221.0,3221.0,3221.0,3221.0,3221.0,3221.0,3221.0,1.0,,,,,,,,,,,,,,,0.1,355.9582,339.696,324.8873,312.0201,301.3574,292.9443,286.6547,282.2609,279.5107,278.1944,278.1944,279.5107,282.2609,286.6547,292.9443,301.3574,312.0201,324.8873,339.696,355.9582,222.14814315390183,372.99993473767927,368.7879,160.59780000000006,1035.2036,-20.0557
3222,3222,3222.0,3222.0,3222.0,3222.0,3222.0,3222.0,3222.0,3222.0,3222.0,3222.0,3222.0,3222.0,3222.0,3222.0,3222.0,3222.0,3222.0,3222.0,3222.0,3222.0,3222.0,3222.0,3222.0,3222.0,3222.0,3222.0,3222.0,3222.0,3222.0,3222.0,3222.0,3222.0,3222.0,3222.0,3222.0,2.0,,,,,,,,,,,,,,,0.2,235.9359,248.8605,260.204,269.5036,276.6046,281.6494,285.0167,287.2309,288.8695,290.486,292.5571,295.4572,299.4517,304.7019,311.2758,319.1585,328.2611,338.4294,349.4522,361.0724,231.8689813090651,370.53042526399753,529.3857,132.49329999999998,874.6058,-31.350599999999982
3223,3223,3223.0,3223.0,3223.0,3223.0,3223.0,3223.0,3223.0,3223.0,3223.0,3223.0,3223.0,3223.0,3223.0,3223.0,3223.0,3223.0,3223.0,3223.0,3223.0,3223.0,3223.0,3223.0,3223.0,3223.0,3223.0,3223.0,3223.0,3223.0,3223.0,3223.0,3223.0,3223.0,3223.0,3223.0,3223.0,3.0,,,,,,,,,,,,,,,0.3,239.2505,246.4997,253.4969,260.1472,266.3911,272.2123,277.6415,282.755,287.6677,292.5218,297.472,302.6697,308.2481,314.3097,320.9182,328.0947,335.8176,344.0269,352.6298,361.509,236.45571613565983,354.4407047540985,661.879,134.3496,742.1125000000001,-40.78769999999997
3224,3224,3224.0,3224.0,3224.0,3224.0,3224.0,3224.0,3224.0,3224.0,3224.0,3224.0,3224.0,3224.0,3224.0,3224.0,3224.0,3224.0,3224.0,3224.0,3224.0,3224.0,3224.0,3224.0,3224.0,3224.0,3224.0,3224.0,3224.0,3224.0,3224.0,3224.0,3224.0,3224.0,3224.0,3224.0,3224.0,4.0,,,,,,,,,,,,,,,0.4,242.1969,247.9326,253.6572,259.3652,265.0524,270.7177,276.3649,282.0029,287.6455,293.3077,299.0019,304.7323,310.4912,316.2574,321.9979,327.674,333.2504,338.7049,344.036,349.2666,243.36320822601,359.7733577957629,796.2286,132.3456,607.7629000000001,-42.28230000000002
3225,3225,3225.0,3225.0,3225.0,3225.0,3225.0,3225.0,3225.0,3225.0,3225.0,3225.0,3225.0,3225.0,3225.0,3225.0,3225.0,3225.0,3225.0,3225.0,3225.0,3225.0,3225.0,3225.0,3225.0,3225.0,3225.0,3225.0,3225.0,3225.0,3225.0,3225.0,3225.0,3225.0,3225.0,3225.0,3225.0,5.0,,,,,,,,,,,,,,,0.5,247.8906,252.4706,257.1486,261.9573,266.9143,272.0223,277.2719,282.6466,288.1268,293.6943,299.3356,305.043,310.8154,316.6568,322.5748,328.5774,334.6695,340.8496,347.1078,353.4248,240.35261307490663,360.4666789088531,928.5742,122.5109,475.41730000000007,-40.97770000000003
3226,3226,3226.0,3226.0,3226.0,3226.0,3226.0,3226.0,3226.0,3226.0,3226.0,3226.0,3226.0,3226.0,3226.0,3226.0,3226.0,3226.0,3226.0,3226.0,3226.0,3226.0,3226.0,3226.0,3226.0,3226.0,3226.0,3226.0,3226.0,3226.0,3226.0,3226.0,3226.0,3226.0,3226.0,3226.0,3226.0,6.0,,,,,,,,,,,,,,,0.6,245.7345,251.1129,256.4866,261.8578,267.2327,272.6213,278.0355,283.4883,288.9916,294.5558,300.189,305.8969,311.6831,317.5491,323.4942,329.5157,335.608,341.7625,347.9673,354.2078,239.45447018065428,360.5976662620492,1051.0851,118.3130000000001,352.9064000000001,-40.37869999999998
3227,3227,3227.0,3227.0,3227.0,3227.0,3227.0,3227.0,3227.0,3227.0,3227.0,3227.0,3227.0,3227.0,3227.0,3227.0,3227.0,3227.0,3227.0,3227.0,3227.0,3227.0,3227.0,3227.0,3227.0,3227.0,3227.0,3227.0,3227.0,3227.0,3227.0,3227.0,3227.0,3227.0,3227.0,3227.0,3227.0,7.0,,,,,,,,,,,,,,,0.7,245.0107,250.5644,256.1142,261.6606,267.2066,272.7577,278.3211,283.9055,289.5197,295.1722,300.8703,306.6196,312.4238,318.2848,324.2021,330.173,336.1927,342.2544,348.3494,354.4676,238.64915010711985,359.8910597522963,1169.3981,116.11419999999998,234.5934,-40.2423
3228,3228,3228.0,3228.0,3228.0,3228.0,3228.0,3228.0,3228.0,3228.0,3228.0,3228.0,3228.0,3228.0,3228.0,3228.0,3228.0,3228.0,3228.0,3228.0,3228.0,3228.0,3228.0,3228.0,3228.0,3228.0,3228.0,3228.0,3228.0,3228.0,3228.0,3228.0,3228.0,3228.0,3228.0,3228.0,3228.0,8.0,,,,,,,,,,,,,,,0.8,244.351,250.0491,255.7408,261.4249,267.1028,272.7775,278.4542,284.1388,289.8374,295.5556,301.2979,307.0668,312.8633,318.6862,324.5331,330.3999,336.2825,342.1763,348.0777,353.9834,351.88637890412303,341.8292375403766,1285.5123,78.3123999999998,118.4792,-40.222500000000025
3229,3229,3229.0,3229.0,3229.0,3229.0,3229.0,3229.0,3229.0,3229.0,3229.0,3229.0,3229.0,3229.0,3229.0,3229.0,3229.0,3229.0,3229.0,3229.0,3229.0,3229.0,3229.0,3229.0,3229.0,3229.0,3229.0,3229.0,3229.0,3229.0,3229.0,3229.0,3229.0,3229.0,3229.0,3229.0,3229.0,9.0,,,,,,,,,,,,,,,0.9,338.2783,325.5512,314.4653,305.5673,299.1426,295.2195,293.6137,293.9971,295.9709,299.1258,303.0846,307.5223,312.1727,316.8242,321.3154,325.5316,329.4052,332.9176,336.1006,339.0327,203.8324979018765,372.9933997483705,1363.8247,40.166800000000194,40.166800000000194,-17.780500000000018
3230,3230,3230.0,3230.0,3230.0,3230.0,3230.0,3230.0,3230.0,3230.0,3230.0,3230.0,3230.0,3230.0,3230.0,3230.0,3230.0,3230.0,3230.0,3230.0,3230.0,3230.0,3230.0,3230.0,3230.0,3230.0,3230.0,3230.0,3230.0,3230.0,3230.0,3230.0,3230.0,3230.0,3230.0,3230.0,3230.0,0.0,,,,,,,,,,,,,,,0.0,273.0,273.0,273.0,273.0,273.0,273.0,273.0,273.0,273.0,273.0,273.0,273.0,273.0,273.0,273.0,273.0,273.0,273.0,273.0,273.0,372.9998422426044,372.9999589415755,0.0,368.7879,1514.3656,-40.0
3231,3231,3231.0,3231.0,3231.0,3231.0,3231.0,3231.0,3231.0,3231.0,3231.0,3231.0,3231.0,3231.0,3231.0,3231.0,3231.0,3231.0,3231.0,3231.0,3231.0,3231.0,3231.0,3231.0,3231.0,3231.0,3231.0,3231.0,3231.0,3231.0,3231.0,3231.0,3231.0,3231.0,3231.0,3231.0,3231.0,1.0,,,,,,,,,,,,,,,0.1,355.9582,339.6959,324.8872,312.0201,301.3574,292.9443,286.6546,282.2609,279.5107,278.1944,278.1944,279.5107,282.2609,286.6547,292.9443,301.3574,312.0201,324.8873,339.696,355.9583,222.1481501325593,372.99993096442313,368.7879,160.59780000000006,1145.5777,-20.0557
3232,3232,3232.0,3232.0,3232.0,3232.0,3232.0,3232.0,3232.0,3232.0,3232.0,3232.0,3232.0,3232.0,3232.0,3232.0,3232.0,3232.0,3232.0,3232.0,3232.0,3232.0,3232.0,3232.0,3232.0,3232.0,3232.0,3232.0,3232.0,3232.0,3232.0,3232.0,3232.0,3232.0,3232.0,3232.0,3232.0,2.0,,,,,,,,,,,,,,,0.2,235.9359,248.8605,260.204,269.5036,276.6046,281.6494,285.0167,287.2309,288.8695,290.4859,292.5571,295.4572,299.4517,304.7019,311.2758,319.1585,328.2611,338.4294,349.4522,361.0724,231.9668556152034,371.228804162532,529.3857,132.3795,984.9799,-31.350599999999982
3233,3233,3233.0,3233.0,3233.0,3233.0,3233.0,3233.0,3233.0,3233.0,3233.0,3233.0,3233.0,3233.0,3233.0,3233.0,3233.0,3233.0,3233.0,3233.0,3233.0,3233.0,3233.0,3233.0,3233.0,3233.0,3233.0,3233.0,3233.0,3233.0,3233.0,3233.0,3233.0,3233.0,3233.0,3233.0,3233.0,3.0,,,,,,,,,,,,,,,0.3,239.3318,246.5651,253.5478,260.1856,266.4193,272.2327,277.6567,282.7675,287.6805,292.5383,297.4968,302.7088,308.3093,314.4033,321.0566,328.2923,336.0899,344.3891,353.0956,362.0883,236.9849755594785,355.25163088653534,661.7652,133.42099999999994,852.6004,-40.76729999999998
3234,3234,3234.0,3234.0,3234.0,3234.0,3234.0,3234.0,3234.0,3234.0,3234.0,3234.0,3234.0,3234.0,3234.0,3234.0,3234.0,3234.0,3234.0,3234.0,3234.0,3234.0,3234.0,3234.0,3234.0,3234.0,3234.0,3234.0,3234.0,3234.0,3234.0,3234.0,3234.0,3234.0,3234.0,3234.0,3234.0,4.0,,,,,,,,,,,,,,,0.4,242.6419,248.2973,253.9488,259.5936,265.2291,270.8549,276.4747,282.0971,287.7351,293.4032,299.1134,304.8698,310.665,316.4779,322.2758,328.02,333.6747,339.2167,344.6429,349.9741,242.5644174998104,359.1455582336443,795.1862,131.06050000000005,719.1794000000001,-42.14510000000001
3235,3235,3235.0,3235.0,3235.0,3235.0,3235.0,3235.0,3235.0,3235.0,3235.0,3235.0,3235.0,3235.0,3235.0,3235.0,3235.0,3235.0,3235.0,3235.0,3235.0,3235.0,3235.0,3235.0,3235.0,3235.0,3235.0,3235.0,3235.0,3235.0,3235.0,3235.0,3235.0,3235.0,3235.0,3235.0,3235.0,5.0,,,,,,,,,,,,,,,0.5,247.2614,252.0023,256.8254,261.7585,266.817,272.0041,277.3132,282.7312,288.2423,293.8312,299.4856,305.1975,310.9637,316.7846,322.6636,328.6046,334.6096,340.6767,346.7984,352.961,240.3991490097226,361.16593388298736,926.2467,122.52020000000005,588.1189,-40.995900000000006
3236,3236,3236.0,3236.0,3236.0,3236.0,3236.0,3236.0,3236.0,3236.0,3236.0,3236.0,3236.0,3236.0,3236.0,3236.0,3236.0,3236.0,3236.0,3236.0,3236.0,3236.0,3236.0,3236.0,3236.0,3236.0,3236.0,3236.0,3236.0,3236.0,3236.0,3236.0,3236.0,3236.0,3236.0,3236.0,3236.0,6.0,,,,,,,,,,,,,,,0.6,245.7543,251.1098,256.4673,261.8307,267.2066,272.6038,278.0321,283.502,289.0235,294.6052,300.2551,305.9799,311.7855,317.6769,323.6575,329.7284,335.887,342.1258,348.4316,354.786,239.03880208769328,360.0687399140608,1048.7669,118.1006,465.5987,-40.39620000000002
3237,3237,3237.0,3237.0,3237.0,3237.0,3237.0,3237.0,3237.0,3237.0,3237.0,3237.0,3237.0,3237.0,3237.0,3237.0,3237.0,3237.0,3237.0,3237.0,3237.0,3237.0,3237.0,3237.0,3237.0,3237.0,3237.0,3237.0,3237.0,3237.0,3237.0,3237.0,3237.0,3237.0,3237.0,3237.0,3237.0,7.0,,,,,,,,,,,,,,,0.7,244.6663,250.2886,255.9018,261.505,267.1003,272.6934,278.2923,283.9063,289.5451,295.2175,300.9303,306.6877,312.4913,318.3397,324.2289,330.1533,336.1061,342.0801,348.0689,354.0667,238.63012960483115,359.716948562689,1166.8675,116.50549999999998,347.4981,-40.3066
3238,3238,3238.0,3238.0,3238.0,3238.0,3238.0,3238.0,3238.0,3238.0,3238.0,3238.0,3238.0,3238.0,3238.0,3238.0,3238.0,3238.0,3238.0,3238.0,3238.0,3238.0,3238.0,3238.0,3238.0,3238.0,3238.0,3238.0,3238.0,3238.0,3238.0,3238.0,3238.0,3238.0,3238.0,3238.0,3238.0,8.0,,,,,,,,,,,,,,,0.8,244.3183,250.0047,255.6882,261.3688,267.0477,272.7276,278.4122,284.1058,289.8126,295.5368,301.2814,307.0481,312.8376,318.6491,324.4806,330.3292,336.1917,342.0647,347.9451,353.8299,238.10599840759025,360.0115110100861,1283.373,115.81129999999985,230.99260000000004,-40.272400000000005
3239,3239,3239.0,3239.0,3239.0,3239.0,3239.0,3239.0,3239.0,3239.0,3239.0,3239.0,3239.0,3239.0,3239.0,3239.0,3239.0,3239.0,3239.0,3239.0,3239.0,3239.0,3239.0,3239.0,3239.0,3239.0,3239.0,3239.0,3239.0,3239.0,3239.0,3239.0,3239.0,3239.0,3239.0,3239.0,3239.0,9.0,,,,,,,,,,,,,,,0.9,243.884,249.6589,255.4282,261.1906,266.946,272.6959,278.4428,284.1899,289.9408,295.6992,301.4682,307.2506,313.0487,318.8638,324.6969,330.548,336.4163,342.3,348.1962,354.1015,238.6913793998256,359.2658654897779,1399.1843,115.1813000000002,115.1813000000002,-40.304100000000005
3240,3240,3240.0,3240.0,3240.0,3240.0,3240.0,3240.0,3240.0,3240.0,3240.0,3240.0,3240.0,3240.0,3240.0,3240.0,3240.0,3240.0,3240.0,3240.0,3240.0,3240.0,3240.0,3240.0,3240.0,3240.0,3240.0,3240.0,3240.0,3240.0,3240.0,3240.0,3240.0,3240.0,3240.0,3240.0,0.0,,,,,,,,,,,,,,,,0.0,273.0,273.0,273.0,273.0,273.0,273.0,273.0,273.0,273.0,273.0,273.0,273.0,273.0,273.0,273.0,273.0,273.0,273.0,273.0,273.0,372.99991684499975,372.9999836739009,0.0,368.7878,743.8201,5.278999999999996
3241,3241,3241.0,3241.0,3241.0,3241.0,3241.0,3241.0,3241.0,3241.0,3241.0,3241.0,3241.0,3241.0,3241.0,3241.0,3241.0,3241.0,3241.0,3241.0,3241.0,3241.0,3241.0,3241.0,3241.0,3241.0,3241.0,3241.0,3241.0,3241.0,3241.0,3241.0,3241.0,3241.0,3241.0,3241.0,1.0,,,,,,,,,,,,,,,,0.1,355.9582,339.696,324.8873,312.0201,301.3574,292.9443,286.6547,282.2609,279.5107,278.1944,278.1944,279.5107,282.2609,286.6547,292.9443,301.3574,312.0201,324.8873,339.696,355.9583,332.71125921343497,372.9999591685684,368.7878,145.94549999999998,375.0323,5.278999999999996
3242,3242,3242.0,3242.0,3242.0,3242.0,3242.0,3242.0,3242.0,3242.0,3242.0,3242.0,3242.0,3242.0,3242.0,3242.0,3242.0,3242.0,3242.0,3242.0,3242.0,3242.0,3242.0,3242.0,3242.0,3242.0,3242.0,3242.0,3242.0,3242.0,3242.0,3242.0,3242.0,3242.0,3242.0,3242.0,2.0,,,,,,,,,,,,,,,,0.2,327.6542,322.594,317.5548,312.6071,307.8755,303.532,299.7791,296.8289,294.8829,294.1165,294.6696,296.6423,300.0928,305.0365,311.4444,319.2405,328.2997,338.4468,349.4597,361.0752,372.9998260644205,372.99995916857137,514.7333,61.918300000000045,229.08680000000004,5.278999999999996
3243,3243,3243.0,3243.0,3243.0,3243.0,3243.0,3243.0,3243.0,3243.0,3243.0,3243.0,3243.0,3243.0,3243.0,3243.0,3243.0,3243.0,3243.0,3243.0,3243.0,3243.0,3243.0,3243.0,3243.0,3243.0,3243.0,3243.0,3243.0,3243.0,3243.0,3243.0,3243.0,3243.0,3243.0,3243.0,3.0,,,,,,,,,,,,,,,,0.3,361.8071,351.0265,341.0292,332.1137,324.4898,318.279,313.5286,310.2336,308.358,307.853,308.6666,310.7475,314.0421,318.4892,324.014,330.5226,337.8989,346.0038,354.6768,363.7393,173.0004881130807,372.9999131030333,576.6516,31.9878,167.1685,5.278999999999996
3244,3244,3244.0,3244.0,3244.0,3244.0,3244.0,3244.0,3244.0,3244.0,3244.0,3244.0,3244.0,3244.0,3244.0,3244.0,3244.0,3244.0,3244.0,3244.0,3244.0,3244.0,3244.0,3244.0,3244.0,3244.0,3244.0,3244.0,3244.0,3244.0,3244.0,3244.0,3244.0,3244.0,3244.0,3244.0,4.0,,,,,,,,,,,,,,,,0.4,198.9987,223.6538,245.8272,264.7405,280.0526,291.8474,300.55,306.8019,311.3297,314.8354,317.9216,321.0548,324.5593,328.6313,333.3615,338.761,344.7828,351.3398,358.3179,365.5853,372.9997556487039,310.3902266912566,608.6394,20.41139999999996,135.1807,5.278999999999996
3245,3245,3245.0,3245.0,3245.0,3245.0,3245.0,3245.0,3245.0,3245.0,3245.0,3245.0,3245.0,3245.0,3245.0,3245.0,3245.0,3245.0,3245.0,3245.0,3245.0,3245.0,3245.0,3245.0,3245.0,3245.0,3245.0,3245.0,3245.0,3245.0,3245.0,3245.0,3245.0,3245.0,3245.0,3245.0,5.0,,,,,,,,,,,,,,,,0.5,356.9028,341.9529,329.1173,319.0487,312.0222,307.9534,306.4768,307.0571,309.0983,312.0263,315.3364,318.6061,321.4872,323.6912,324.9821,325.1832,324.197,322.0309,318.8173,314.8157,278.46927021494474,372.9998604495565,629.0508,22.64459999999997,114.76930000000004,5.278999999999996
3246,3246,3246.0,3246.0,3246.0,3246.0,3246.0,3246.0,3246.0,3246.0,3246.0,3246.0,3246.0,3246.0,3246.0,3246.0,3246.0,3246.0,3246.0,3246.0,3246.0,3246.0,3246.0,3246.0,3246.0,3246.0,3246.0,3246.0,3246.0,3246.0,3246.0,3246.0,3246.0,3246.0,3246.0,3246.0,6.0,,,,,,,,,,,,,,,,0.6,285.2656,291.6701,297.3629,302.149,305.9793,308.9387,311.2089,313.021,314.6128,316.2014,317.9739,320.0927,322.7082,325.9679,330.0154,334.9745,340.922,347.8561,355.6722,364.1559,329.9614471722798,325.2425059399208,651.6954,11.778600000000097,92.12470000000008,5.278999999999996
3247,3247,3247.0,3247.0,3247.0,3247.0,3247.0,3247.0,3247.0,3247.0,3247.0,3247.0,3247.0,3247.0,3247.0,3247.0,3247.0,3247.0,3247.0,3247.0,3247.0,3247.0,3247.0,3247.0,3247.0,3247.0,3247.0,3247.0,3247.0,3247.0,3247.0,3247.0,3247.0,3247.0,3247.0,3247.0,7.0,,,,,,,,,,,,,,,,0.7,325.9011,322.1527,318.9831,316.5804,315.0383,314.3596,314.4754,315.2701,316.6055,318.3371,320.3204,322.4098,324.4547,326.2985,327.7844,328.7722,329.1607,328.9134,328.0766,326.7839,256.1380666599092,358.46083856649506,663.474,17.26699999999994,80.34609999999998,5.278999999999996
3248,3248,3248.0,3248.0,3248.0,3248.0,3248.0,3248.0,3248.0,3248.0,3248.0,3248.0,3248.0,3248.0,3248.0,3248.0,3248.0,3248.0,3248.0,3248.0,3248.0,3248.0,3248.0,3248.0,3248.0,3248.0,3248.0,3248.0,3248.0,3248.0,3248.0,3248.0,3248.0,3248.0,3248.0,3248.0,8.0,,,,,,,,,,,,,,,,0.8,266.6058,276.6046,285.7362,293.7266,300.4515,305.9313,310.3012,313.7691,316.5729,318.948,321.108,323.2384,325.4988,328.0271,330.9408,334.3315,338.254,342.7132,347.6538,352.9589,353.9643265128252,264.58284306088507,680.741,15.593799999999987,63.07910000000004,5.278999999999996
3249,3249,3249.0,3249.0,3249.0,3249.0,3249.0,3249.0,3249.0,3249.0,3249.0,3249.0,3249.0,3249.0,3249.0,3249.0,3249.0,3249.0,3249.0,3249.0,3249.0,3249.0,3249.0,3249.0,3249.0,3249.0,3249.0,3249.0,3249.0,3249.0,3249.0,3249.0,3249.0,3249.0,3249.0,3249.0,9.0,,,,,,,,,,,,,,,,0.9,344.928,336.5049,329.215,323.4146,319.2613,316.7192,315.5944,315.5862,316.336,317.4644,318.5903,319.3356,319.3256,318.1944,315.6051,311.2863,305.0821,297.0022,287.2561,276.2565,173.0008978208357,372.9999335625205,696.3348,47.48530000000005,47.48530000000005,5.278999999999996
3250,3250,3250.0,3250.0,3250.0,3250.0,3250.0,3250.0,3250.0,3250.0,3250.0,3250.0,3250.0,3250.0,3250.0,3250.0,3250.0,3250.0,3250.0,3250.0,3250.0,3250.0,3250.0,3250.0,3250.0,3250.0,3250.0,3250.0,3250.0,3250.0,3250.0,3250.0,3250.0,3250.0,3250.0,3250.0,0.0,,,,,,,,,,,,,,,,0.0,273.0,273.0,273.0,273.0,273.0,273.0,273.0,273.0,273.0,273.0,273.0,273.0,273.0,273.0,273.0,273.0,273.0,273.0,273.0,273.0,372.9999401489869,372.9999365938078,0.0,368.7879,743.668,5.278999999999996
3251,3251,3251.0,3251.0,3251.0,3251.0,3251.0,3251.0,3251.0,3251.0,3251.0,3251.0,3251.0,3251.0,3251.0,3251.0,3251.0,3251.0,3251.0,3251.0,3251.0,3251.0,3251.0,3251.0,3251.0,3251.0,3251.0,3251.0,3251.0,3251.0,3251.0,3251.0,3251.0,3251.0,3251.0,3251.0,1.0,,,,,,,,,,,,,,,,0.1,355.9582,339.696,324.8873,312.0201,301.3574,292.9443,286.6547,282.2609,279.5107,278.1944,278.1944,279.5107,282.2609,286.6547,292.9443,301.3574,312.0201,324.8873,339.696,355.9582,332.71125921343497,372.9999591685684,368.7879,145.94549999999998,374.8801,5.278999999999996
3252,3252,3252.0,3252.0,3252.0,3252.0,3252.0,3252.0,3252.0,3252.0,3252.0,3252.0,3252.0,3252.0,3252.0,3252.0,3252.0,3252.0,3252.0,3252.0,3252.0,3252.0,3252.0,3252.0,3252.0,3252.0,3252.0,3252.0,3252.0,3252.0,3252.0,3252.0,3252.0,3252.0,3252.0,3252.0,2.0,,,,,,,,,,,,,,,,0.2,327.6542,322.594,317.5548,312.6071,307.8755,303.532,299.7791,296.8289,294.8829,294.1165,294.6696,296.6423,300.0928,305.0365,311.4444,319.2405,328.2997,338.4468,349.4597,361.0752,372.99985939775934,372.9999337041681,514.7334,61.918300000000045,228.93460000000005,5.278999999999996
3253,3253,3253.0,3253.0,3253.0,3253.0,3253.0,3253.0,3253.0,3253.0,3253.0,3253.0,3253.0,3253.0,3253.0,3253.0,3253.0,3253.0,3253.0,3253.0,3253.0,3253.0,3253.0,3253.0,3253.0,3253.0,3253.0,3253.0,3253.0,3253.0,3253.0,3253.0,3253.0,3253.0,3253.0,3253.0,3.0,,,,,,,,,,,,,,,,0.3,361.8071,351.0265,341.0292,332.1137,324.4898,318.279,313.5286,310.2336,308.358,307.853,308.6666,310.7475,314.0421,318.4892,324.014,330.5226,337.8989,346.0038,354.6768,363.7393,173.00078591919677,372.99995458295433,576.6517,31.9878,167.0163,5.278999999999996
3254,3254,3254.0,3254.0,3254.0,3254.0,3254.0,3254.0,3254.0,3254.0,3254.0,3254.0,3254.0,3254.0,3254.0,3254.0,3254.0,3254.0,3254.0,3254.0,3254.0,3254.0,3254.0,3254.0,3254.0,3254.0,3254.0,3254.0,3254.0,3254.0,3254.0,3254.0,3254.0,3254.0,3254.0,3254.0,4.0,,,,,,,,,,,,,,,,0.4,198.9989,223.654,245.8273,264.7406,280.0527,291.8475,300.5501,306.8019,311.3297,314.8354,317.9216,321.0548,324.5593,328.6313,333.3615,338.761,344.7828,351.3398,358.3179,365.5854,372.999753124791,310.39022690412577,608.6395,20.411299999999983,135.0285,5.278999999999996
3255,3255,3255.0,3255.0,3255.0,3255.0,3255.0,3255.0,3255.0,3255.0,3255.0,3255.0,3255.0,3255.0,3255.0,3255.0,3255.0,3255.0,3255.0,3255.0,3255.0,3255.0,3255.0,3255.0,3255.0,3255.0,3255.0,3255.0,3255.0,3255.0,3255.0,3255.0,3255.0,3255.0,3255.0,3255.0,5.0,,,,,,,,,,,,,,,,0.5,356.9028,341.9529,329.1174,319.0487,312.0223,307.9534,306.4768,307.0572,309.0983,312.0263,315.3364,318.6061,321.4872,323.6912,324.9821,325.1832,324.197,322.0309,318.8174,314.8157,278.46875564191794,372.9999401963465,629.0508,22.6445,114.61720000000004,5.278999999999996
3256,3256,3256.0,3256.0,3256.0,3256.0,3256.0,3256.0,3256.0,3256.0,3256.0,3256.0,3256.0,3256.0,3256.0,3256.0,3256.0,3256.0,3256.0,3256.0,3256.0,3256.0,3256.0,3256.0,3256.0,3256.0,3256.0,3256.0,3256.0,3256.0,3256.0,3256.0,3256.0,3256.0,3256.0,3256.0,6.0,,,,,,,,,,,,,,,,0.6,285.2652,291.6698,297.3627,302.1488,305.9792,308.9387,311.2089,313.021,314.6128,316.2015,317.9739,320.0927,322.7082,325.9679,330.0154,334.9745,340.922,347.8562,355.6723,364.1559,329.96298226552983,325.2394906448218,651.6953,11.778800000000048,91.97270000000005,5.278999999999996
3257,3257,3257.0,3257.0,3257.0,3257.0,3257.0,3257.0,3257.0,3257.0,3257.0,3257.0,3257.0,3257.0,3257.0,3257.0,3257.0,3257.0,3257.0,3257.0,3257.0,3257.0,3257.0,3257.0,3257.0,3257.0,3257.0,3257.0,3257.0,3257.0,3257.0,3257.0,3257.0,3257.0,3257.0,3257.0,7.0,,,,,,,,,,,,,,,,0.7,325.9024,322.1537,318.9838,316.581,315.0387,314.3599,314.4755,315.2702,316.6056,318.3371,320.3203,322.4096,324.4545,326.2981,327.7839,328.7714,329.1595,328.9118,328.0746,326.7815,256.14020196713847,358.45694021603896,663.4741,17.26819999999998,80.19389999999999,5.278999999999996
3258,3258,3258.0,3258.0,3258.0,3258.0,3258.0,3258.0,3258.0,3258.0,3258.0,3258.0,3258.0,3258.0,3258.0,3258.0,3258.0,3258.0,3258.0,3258.0,3258.0,3258.0,3258.0,3258.0,3258.0,3258.0,3258.0,3258.0,3258.0,3258.0,3258.0,3258.0,3258.0,3258.0,3258.0,3258.0,8.0,,,,,,,,,,,,,,,,0.8,266.6076,276.6062,285.7375,293.7276,300.4523,305.9319,310.3016,313.7693,316.5729,318.9479,321.1077,323.2379,325.4981,328.0262,330.9396,334.3299,338.252,342.7108,347.6509,352.9555,353.9049516369768,264.78221680352215,680.7423,15.560500000000047,62.925700000000006,5.278999999999996
3259,3259,3259.0,3259.0,3259.0,3259.0,3259.0,3259.0,3259.0,3259.0,3259.0,3259.0,3259.0,3259.0,3259.0,3259.0,3259.0,3259.0,3259.0,3259.0,3259.0,3259.0,3259.0,3259.0,3259.0,3259.0,3259.0,3259.0,3259.0,3259.0,3259.0,3259.0,3259.0,3259.0,3259.0,3259.0,9.0,,,,,,,,,,,,,,,,0.9,344.8789,336.4655,329.1846,323.3919,319.245,316.708,315.5873,315.5822,316.3348,317.4661,318.5954,319.3453,319.3419,318.2201,315.6436,311.3418,305.159,297.1049,287.3886,276.4216,173.000411060986,372.99995156153415,696.3028,47.36519999999996,47.36519999999996,5.278999999999996
3260,3260,3260.0,3260.0,3260.0,3260.0,3260.0,3260.0,3260.0,3260.0,3260.0,3260.0,3260.0,3260.0,3260.0,3260.0,3260.0,3260.0,3260.0,3260.0,3260.0,3260.0,3260.0,3260.0,3260.0,3260.0,3260.0,3260.0,3260.0,3260.0,3260.0,3260.0,3260.0,3260.0,3260.0,3260.0,0.0,,,,,,,,,,,,,,,,0.0,273.0,273.0,273.0,273.0,273.0,273.0,273.0,273.0,273.0,273.0,273.0,273.0,273.0,273.0,273.0,273.0,273.0,273.0,273.0,273.0,372.9999286991048,372.9999897427221,0.0,368.7878,743.8941,5.2789000000000215
3261,3261,3261.0,3261.0,3261.0,3261.0,3261.0,3261.0,3261.0,3261.0,3261.0,3261.0,3261.0,3261.0,3261.0,3261.0,3261.0,3261.0,3261.0,3261.0,3261.0,3261.0,3261.0,3261.0,3261.0,3261.0,3261.0,3261.0,3261.0,3261.0,3261.0,3261.0,3261.0,3261.0,3261.0,3261.0,1.0,,,,,,,,,,,,,,,,0.1,355.9582,339.696,324.8873,312.0201,301.3574,292.9443,286.6547,282.2609,279.5107,278.1944,278.1944,279.5107,282.2609,286.6547,292.9443,301.3574,312.0202,324.8873,339.696,355.9583,332.71125921343497,372.9999591685684,368.7878,145.94549999999998,375.1063,5.2789000000000215
3262,3262,3262.0,3262.0,3262.0,3262.0,3262.0,3262.0,3262.0,3262.0,3262.0,3262.0,3262.0,3262.0,3262.0,3262.0,3262.0,3262.0,3262.0,3262.0,3262.0,3262.0,3262.0,3262.0,3262.0,3262.0,3262.0,3262.0,3262.0,3262.0,3262.0,3262.0,3262.0,3262.0,3262.0,3262.0,2.0,,,,,,,,,,,,,,,,0.2,327.6542,322.594,317.5548,312.6071,307.8755,303.532,299.7791,296.8289,294.8829,294.1165,294.6696,296.6423,300.0928,305.0365,311.4444,319.2405,328.2997,338.4468,349.4597,361.0752,372.9996419059372,372.9998683941901,514.7333,61.91820000000007,229.1608,5.2789000000000215
3263,3263,3263.0,3263.0,3263.0,3263.0,3263.0,3263.0,3263.0,3263.0,3263.0,3263.0,3263.0,3263.0,3263.0,3263.0,3263.0,3263.0,3263.0,3263.0,3263.0,3263.0,3263.0,3263.0,3263.0,3263.0,3263.0,3263.0,3263.0,3263.0,3263.0,3263.0,3263.0,3263.0,3263.0,3263.0,3.0,,,,,,,,,,,,,,,,0.3,361.8069,351.0264,341.0291,332.1136,324.4897,318.2789,313.5286,310.2336,308.358,307.853,308.6666,310.7475,314.0421,318.4892,324.014,330.5226,337.8989,346.0038,354.6768,363.7393,173.00078591918347,372.9999545829544,576.6515,31.9878,167.24259999999992,5.2789000000000215
3264,3264,3264.0,3264.0,3264.0,3264.0,3264.0,3264.0,3264.0,3264.0,3264.0,3264.0,3264.0,3264.0,3264.0,3264.0,3264.0,3264.0,3264.0,3264.0,3264.0,3264.0,3264.0,3264.0,3264.0,3264.0,3264.0,3264.0,3264.0,3264.0,3264.0,3264.0,3264.0,3264.0,3264.0,3264.0,4.0,,,,,,,,,,,,,,,,0.4,198.9989,223.654,245.8273,264.7406,280.0526,291.8474,300.55,306.8019,311.3297,314.8354,317.9215,321.0547,324.5593,328.6313,333.3615,338.761,344.7828,351.3398,358.3179,365.5854,372.9997424276464,310.39022669126217,608.6393,20.41139999999996,135.25479999999993,5.2789000000000215
3265,3265,3265.0,3265.0,3265.0,3265.0,3265.0,3265.0,3265.0,3265.0,3265.0,3265.0,3265.0,3265.0,3265.0,3265.0,3265.0,3265.0,3265.0,3265.0,3265.0,3265.0,3265.0,3265.0,3265.0,3265.0,3265.0,3265.0,3265.0,3265.0,3265.0,3265.0,3265.0,3265.0,3265.0,3265.0,5.0,,,,,,,,,,,,,,,,0.5,356.9028,341.9529,329.1174,319.0487,312.0223,307.9534,306.4768,307.0572,309.0983,312.0263,315.3364,318.6061,321.4872,323.6912,324.9821,325.1832,324.197,322.0309,318.8173,314.8157,278.46892928043,372.9999029778924,629.0507,22.6445,114.84339999999996,5.2789000000000215
3266,3266,3266.0,3266.0,3266.0,3266.0,3266.0,3266.0,3266.0,3266.0,3266.0,3266.0,3266.0,3266.0,3266.0,3266.0,3266.0,3266.0,3266.0,3266.0,3266.0,3266.0,3266.0,3266.0,3266.0,3266.0,3266.0,3266.0,3266.0,3266.0,3266.0,3266.0,3266.0,3266.0,3266.0,3266.0,6.0,,,,,,,,,,,,,,,,0.6,285.2654,291.6699,297.3627,302.1488,305.9792,308.9387,311.2089,313.021,314.6128,316.2014,317.9739,320.0927,322.7082,325.9679,330.0154,334.9745,340.922,347.8561,355.6723,364.1559,329.9622554434243,325.2409034527356,651.6952,11.778699999999958,92.19889999999998,5.2789000000000215
3267,3267,3267.0,3267.0,3267.0,3267.0,3267.0,3267.0,3267.0,3267.0,3267.0,3267.0,3267.0,3267.0,3267.0,3267.0,3267.0,3267.0,3267.0,3267.0,3267.0,3267.0,3267.0,3267.0,3267.0,3267.0,3267.0,3267.0,3267.0,3267.0,3267.0,3267.0,3267.0,3267.0,3267.0,3267.0,7.0,,,,,,,,,,,,,,,,0.7,325.9018,322.1532,318.9835,316.5807,315.0385,314.3597,314.4755,315.2701,316.6055,318.3371,320.3203,322.4097,324.4546,326.2983,327.7841,328.7717,329.1601,328.9125,328.0755,326.7826,256.14044305683046,358.4564177488648,663.4739,17.267600000000016,80.42020000000002,5.2789000000000215
3268,3268,3268.0,3268.0,3268.0,3268.0,3268.0,3268.0,3268.0,3268.0,3268.0,3268.0,3268.0,3268.0,3268.0,3268.0,3268.0,3268.0,3268.0,3268.0,3268.0,3268.0,3268.0,3268.0,3268.0,3268.0,3268.0,3268.0,3268.0,3268.0,3268.0,3268.0,3268.0,3268.0,3268.0,3268.0,8.0,,,,,,,,,,,,,,,,0.8,266.6078,276.6063,285.7375,293.7276,300.4523,305.9319,310.3016,313.7693,316.5729,318.9479,321.1078,323.238,325.4982,328.0263,330.9397,334.33,338.252,342.7107,347.6507,352.9552,353.9903400254019,264.4949226901657,680.7415,15.61110000000008,63.15260000000001,5.2789000000000215
3269,3269,3269.0,3269.0,3269.0,3269.0,3269.0,3269.0,3269.0,3269.0,3269.0,3269.0,3269.0,3269.0,3269.0,3269.0,3269.0,3269.0,3269.0,3269.0,3269.0,3269.0,3269.0,3269.0,3269.0,3269.0,3269.0,3269.0,3269.0,3269.0,3269.0,3269.0,3269.0,3269.0,3269.0,3269.0,9.0,,,,,,,,,,,,,,,,0.9,344.9497,336.5224,329.2288,323.425,319.2689,316.7245,315.5979,315.588,316.3364,317.4634,318.5876,319.3306,319.3175,318.182,315.5869,311.2606,305.0471,296.9559,287.197,276.1833,173.0001739498365,372.99989839769074,696.3526,47.54149999999993,47.54149999999993,5.2789000000000215
3270,3270,3270.0,3270.0,3270.0,3270.0,3270.0,3270.0,3270.0,3270.0,3270.0,3270.0,3270.0,3270.0,3270.0,3270.0,3270.0,3270.0,3270.0,3270.0,3270.0,3270.0,3270.0,3270.0,3270.0,3270.0,3270.0,3270.0,3270.0,3270.0,3270.0,3270.0,3270.0,3270.0,3270.0,3270.0,0.0,,,,,,,,,,,,,,,,0.0,273.0,273.0,273.0,273.0,273.0,273.0,273.0,273.0,273.0,273.0,273.0,273.0,273.0,273.0,273.0,273.0,273.0,273.0,273.0,273.0,372.9993940783512,372.99997371065007,0.0,368.7879,743.6081,5.27879999999999
3271,3271,3271.0,3271.0,3271.0,3271.0,3271.0,3271.0,3271.0,3271.0,3271.0,3271.0,3271.0,3271.0,3271.0,3271.0,3271.0,3271.0,3271.0,3271.0,3271.0,3271.0,3271.0,3271.0,3271.0,3271.0,3271.0,3271.0,3271.0,3271.0,3271.0,3271.0,3271.0,3271.0,3271.0,3271.0,1.0,,,,,,,,,,,,,,,,0.1,355.9578,339.6956,324.887,312.0199,301.3573,292.9442,286.6546,282.2609,279.5107,278.1944,278.1944,279.5107,282.2609,286.6547,292.9443,301.3574,312.0201,324.8873,339.696,355.9583,332.71125921343497,372.9999591685684,368.7879,145.94560000000007,374.82020000000006,5.27879999999999
3272,3272,3272.0,3272.0,3272.0,3272.0,3272.0,3272.0,3272.0,3272.0,3272.0,3272.0,3272.0,3272.0,3272.0,3272.0,3272.0,3272.0,3272.0,3272.0,3272.0,3272.0,3272.0,3272.0,3272.0,3272.0,3272.0,3272.0,3272.0,3272.0,3272.0,3272.0,3272.0,3272.0,3272.0,3272.0,2.0,,,,,,,,,,,,,,,,0.2,327.6541,322.594,317.5547,312.6071,307.8755,303.5319,299.779,296.8288,294.8828,294.1164,294.6696,296.6423,300.0928,305.0365,311.4444,319.2405,328.2997,338.4468,349.4597,361.0752,372.999408865225,372.99995278613017,514.7335,61.91819999999996,228.8746,5.27879999999999
3273,3273,3273.0,3273.0,3273.0,3273.0,3273.0,3273.0,3273.0,3273.0,3273.0,3273.0,3273.0,3273.0,3273.0,3273.0,3273.0,3273.0,3273.0,3273.0,3273.0,3273.0,3273.0,3273.0,3273.0,3273.0,3273.0,3273.0,3273.0,3273.0,3273.0,3273.0,3273.0,3273.0,3273.0,3273.0,3.0,,,,,,,,,,,,,,,,0.3,361.8067,351.0262,341.0289,332.1135,324.4896,318.2788,313.5285,310.2335,308.358,307.8529,308.6666,310.7475,314.042,318.4892,324.014,330.5226,337.8989,346.0038,354.6768,363.7393,173.00055656785392,372.9999597070562,576.6517,31.98770000000001,166.95640000000003,5.27879999999999
3274,3274,3274.0,3274.0,3274.0,3274.0,3274.0,3274.0,3274.0,3274.0,3274.0,3274.0,3274.0,3274.0,3274.0,3274.0,3274.0,3274.0,3274.0,3274.0,3274.0,3274.0,3274.0,3274.0,3274.0,3274.0,3274.0,3274.0,3274.0,3274.0,3274.0,3274.0,3274.0,3274.0,3274.0,3274.0,4.0,,,,,,,,,,,,,,,,0.4,198.9987,223.6538,245.8271,264.7404,280.0525,291.8473,300.5499,306.8018,311.3296,314.8353,317.9215,321.0547,324.5593,328.6312,333.3615,338.761,344.7828,351.3398,358.3179,365.5854,372.9996649318688,310.390102081964,608.6394,20.41160000000002,134.9687,5.27879999999999
3275,3275,3275.0,3275.0,3275.0,3275.0,3275.0,3275.0,3275.0,3275.0,3275.0,3275.0,3275.0,3275.0,3275.0,3275.0,3275.0,3275.0,3275.0,3275.0,3275.0,3275.0,3275.0,3275.0,3275.0,3275.0,3275.0,3275.0,3275.0,3275.0,3275.0,3275.0,3275.0,3275.0,3275.0,3275.0,5.0,,,,,,,,,,,,,,,,0.5,356.9027,341.9528,329.1173,319.0486,312.0222,307.9533,306.4767,307.0571,309.0982,312.0262,315.3363,318.606,321.4871,323.6911,324.9821,325.1832,324.1969,322.0308,318.8173,314.8156,278.4687626588485,372.9998963310016,629.051,22.6445,114.5571,5.27879999999999
3276,3276,3276.0,3276.0,3276.0,3276.0,3276.0,3276.0,3276.0,3276.0,3276.0,3276.0,3276.0,3276.0,3276.0,3276.0,3276.0,3276.0,3276.0,3276.0,3276.0,3276.0,3276.0,3276.0,3276.0,3276.0,3276.0,3276.0,3276.0,3276.0,3276.0,3276.0,3276.0,3276.0,3276.0,3276.0,6.0,,,,,,,,,,,,,,,,0.6,285.2652,291.6698,297.3626,302.1487,305.9791,308.9386,311.2088,313.0209,314.6127,316.2014,317.9738,320.0926,322.7081,325.9678,330.0153,334.9744,340.9219,347.8561,355.6722,364.1559,329.9617436447495,325.242016532526,651.6955,11.778500000000008,91.9126,5.27879999999999
3277,3277,3277.0,3277.0,3277.0,3277.0,3277.0,3277.0,3277.0,3277.0,3277.0,3277.0,3277.0,3277.0,3277.0,3277.0,3277.0,3277.0,3277.0,3277.0,3277.0,3277.0,3277.0,3277.0,3277.0,3277.0,3277.0,3277.0,3277.0,3277.0,3277.0,3277.0,3277.0,3277.0,3277.0,3277.0,7.0,,,,,,,,,,,,,,,,0.7,325.9013,322.1528,318.9832,316.5804,315.0383,314.3596,314.4753,315.27,316.6054,318.337,320.3203,322.4097,324.4546,326.2984,327.7843,328.772,329.1605,328.9131,328.0762,326.7835,256.139031147477,358.4589760288389,663.474,17.267099999999914,80.13409999999999,5.27879999999999
3278,3278,3278.0,3278.0,3278.0,3278.0,3278.0,3278.0,3278.0,3278.0,3278.0,3278.0,3278.0,3278.0,3278.0,3278.0,3278.0,3278.0,3278.0,3278.0,3278.0,3278.0,3278.0,3278.0,3278.0,3278.0,3278.0,3278.0,3278.0,3278.0,3278.0,3278.0,3278.0,3278.0,3278.0,3278.0,8.0,,,,,,,,,,,,,,,,0.8,266.6066,276.6053,285.7367,293.7269,300.4518,305.9315,310.3013,313.7691,316.5728,318.9479,321.1079,323.2382,325.4985,328.0268,330.9403,334.3308,338.2531,342.7121,347.6525,352.9573,353.88361212349025,264.8536592915932,680.7411,15.54690000000005,62.86700000000008,5.27879999999999
3279,3279,3279.0,3279.0,3279.0,3279.0,3279.0,3279.0,3279.0,3279.0,3279.0,3279.0,3279.0,3279.0,3279.0,3279.0,3279.0,3279.0,3279.0,3279.0,3279.0,3279.0,3279.0,3279.0,3279.0,3279.0,3279.0,3279.0,3279.0,3279.0,3279.0,3279.0,3279.0,3279.0,3279.0,3279.0,9.0,,,,,,,,,,,,,,,,0.9,344.8611,336.4511,329.1733,323.3833,319.2387,316.7037,315.5845,315.5807,316.3344,317.4668,318.5975,319.3492,319.3483,318.23,315.6582,311.3625,305.1873,297.1423,287.4365,276.481,173.00089782089586,372.9999335625205,696.288,47.320100000000025,47.320100000000025,5.27879999999999
3280,3280,3280.0,3280.0,3280.0,3280.0,3280.0,3280.0,3280.0,3280.0,3280.0,3280.0,3280.0,3280.0,3280.0,3280.0,3280.0,3280.0,3280.0,3280.0,3280.0,3280.0,3280.0,3280.0,3280.0,3280.0,3280.0,3280.0,3280.0,3280.0,3280.0,3280.0,3280.0,3280.0,3280.0,3280.0,0.0,,,,,,,,,,,,,,,,0.0,273.0,273.0,273.0,273.0,273.0,273.0,273.0,273.0,273.0,273.0,273.0,273.0,273.0,273.0,273.0,273.0,273.0,273.0,273.0,273.0,372.9999338573501,372.9999464363671,0.0,368.7879,743.6341,5.278999999999996
3281,3281,3281.0,3281.0,3281.0,3281.0,3281.0,3281.0,3281.0,3281.0,3281.0,3281.0,3281.0,3281.0,3281.0,3281.0,3281.0,3281.0,3281.0,3281.0,3281.0,3281.0,3281.0,3281.0,3281.0,3281.0,3281.0,3281.0,3281.0,3281.0,3281.0,3281.0,3281.0,3281.0,3281.0,3281.0,1.0,,,,,,,,,,,,,,,,0.1,355.9582,339.696,324.8873,312.0201,301.3574,292.9443,286.6547,282.2609,279.5107,278.1944,278.1944,279.5107,282.2609,286.6547,292.9443,301.3574,312.0201,324.8873,339.696,355.9582,332.71125921343497,372.9999591685684,368.7879,145.9454,374.8462,5.278999999999996
3282,3282,3282.0,3282.0,3282.0,3282.0,3282.0,3282.0,3282.0,3282.0,3282.0,3282.0,3282.0,3282.0,3282.0,3282.0,3282.0,3282.0,3282.0,3282.0,3282.0,3282.0,3282.0,3282.0,3282.0,3282.0,3282.0,3282.0,3282.0,3282.0,3282.0,3282.0,3282.0,3282.0,3282.0,3282.0,2.0,,,,,,,,,,,,,,,,0.2,327.6542,322.594,317.5548,312.6071,307.8755,303.532,299.7791,296.8289,294.8829,294.1165,294.6696,296.6423,300.0928,305.0365,311.4444,319.2405,328.2997,338.4468,349.4597,361.0752,372.9998260644205,372.99995916857137,514.7333,61.918300000000045,228.9008,5.278999999999996
3283,3283,3283.0,3283.0,3283.0,3283.0,3283.0,3283.0,3283.0,3283.0,3283.0,3283.0,3283.0,3283.0,3283.0,3283.0,3283.0,3283.0,3283.0,3283.0,3283.0,3283.0,3283.0,3283.0,3283.0,3283.0,3283.0,3283.0,3283.0,3283.0,3283.0,3283.0,3283.0,3283.0,3283.0,3283.0,3.0,,,,,,,,,,,,,,,,0.3,361.8071,351.0265,341.0292,332.1137,324.4898,318.279,313.5286,310.2336,308.358,307.853,308.6666,310.7475,314.0421,318.4892,324.014,330.5226,337.8989,346.0038,354.6768,363.7393,173.00045727180003,372.99997596042647,576.6516,31.987899999999968,166.98249999999996,5.278999999999996
3284,3284,3284.0,3284.0,3284.0,3284.0,3284.0,3284.0,3284.0,3284.0,3284.0,3284.0,3284.0,3284.0,3284.0,3284.0,3284.0,3284.0,3284.0,3284.0,3284.0,3284.0,3284.0,3284.0,3284.0,3284.0,3284.0,3284.0,3284.0,3284.0,3284.0,3284.0,3284.0,3284.0,3284.0,3284.0,4.0,,,,,,,,,,,,,,,,0.4,198.9986,223.6538,245.8272,264.7405,280.0526,291.8474,300.55,306.8019,311.3297,314.8354,317.9216,321.0548,324.5593,328.6313,333.3615,338.761,344.7828,351.3399,358.318,365.5854,372.9999432890568,310.38998821398434,608.6395,20.41139999999996,134.9946,5.278999999999996
3285,3285,3285.0,3285.0,3285.0,3285.0,3285.0,3285.0,3285.0,3285.0,3285.0,3285.0,3285.0,3285.0,3285.0,3285.0,3285.0,3285.0,3285.0,3285.0,3285.0,3285.0,3285.0,3285.0,3285.0,3285.0,3285.0,3285.0,3285.0,3285.0,3285.0,3285.0,3285.0,3285.0,3285.0,3285.0,5.0,,,,,,,,,,,,,,,,0.5,356.903,341.953,329.1174,319.0488,312.0223,307.9534,306.4768,307.0572,309.0983,312.0263,315.3364,318.6061,321.4871,323.6911,324.9821,325.1832,324.1969,322.0308,318.8172,314.8155,278.4691942911274,372.9998593977558,629.0509,22.644700000000057,114.58320000000003,5.278999999999996
3286,3286,3286.0,3286.0,3286.0,3286.0,3286.0,3286.0,3286.0,3286.0,3286.0,3286.0,3286.0,3286.0,3286.0,3286.0,3286.0,3286.0,3286.0,3286.0,3286.0,3286.0,3286.0,3286.0,3286.0,3286.0,3286.0,3286.0,3286.0,3286.0,3286.0,3286.0,3286.0,3286.0,3286.0,3286.0,6.0,,,,,,,,,,,,,,,,0.6,285.2656,291.6701,297.3629,302.1489,305.9793,308.9387,311.2089,313.021,314.6128,316.2014,317.9739,320.0927,322.7081,325.9679,330.0153,334.9744,340.9219,347.8561,355.6722,364.1559,329.96318612507446,325.2393437319673,651.6956,11.778999999999996,91.93849999999998,5.278999999999996
3287,3287,3287.0,3287.0,3287.0,3287.0,3287.0,3287.0,3287.0,3287.0,3287.0,3287.0,3287.0,3287.0,3287.0,3287.0,3287.0,3287.0,3287.0,3287.0,3287.0,3287.0,3287.0,3287.0,3287.0,3287.0,3287.0,3287.0,3287.0,3287.0,3287.0,3287.0,3287.0,3287.0,3287.0,3287.0,7.0,,,,,,,,,,,,,,,,0.7,325.9026,322.1538,318.984,316.5811,315.0388,314.36,314.4756,315.2702,316.6056,318.3371,320.3203,322.4096,324.4545,326.298,327.7838,328.7713,329.1595,328.9117,328.0744,326.7813,256.13945027016393,358.45806529032103,663.4746,17.268400000000042,80.15949999999998,5.278999999999996
3288,3288,3288.0,3288.0,3288.0,3288.0,3288.0,3288.0,3288.0,3288.0,3288.0,3288.0,3288.0,3288.0,3288.0,3288.0,3288.0,3288.0,3288.0,3288.0,3288.0,3288.0,3288.0,3288.0,3288.0,3288.0,3288.0,3288.0,3288.0,3288.0,3288.0,3288.0,3288.0,3288.0,3288.0,3288.0,8.0,,,,,,,,,,,,,,,,0.8,266.607,276.6057,285.7371,293.7274,300.4521,305.9318,310.3016,313.7693,316.5729,318.9479,321.1078,323.238,325.4982,328.0263,330.9398,334.3302,338.2524,342.7113,347.6516,352.9565,353.8921743306881,264.8248946295663,680.743,15.552599999999984,62.89109999999994,5.278999999999996
3289,3289,3289.0,3289.0,3289.0,3289.0,3289.0,3289.0,3289.0,3289.0,3289.0,3289.0,3289.0,3289.0,3289.0,3289.0,3289.0,3289.0,3289.0,3289.0,3289.0,3289.0,3289.0,3289.0,3289.0,3289.0,3289.0,3289.0,3289.0,3289.0,3289.0,3289.0,3289.0,3289.0,3289.0,3289.0,9.0,,,,,,,,,,,,,,,,0.9,344.8682,336.4569,329.1779,323.3868,319.2413,316.7055,315.5857,315.5814,316.3346,317.4665,318.5966,319.3476,319.3456,318.2259,315.6522,311.354,305.1758,297.1272,287.4171,276.4571,173.00089782088816,372.9999335625205,696.2956,47.338499999999954,47.338499999999954,5.278999999999996
3290,3290,3290.0,3290.0,3290.0,3290.0,3290.0,3290.0,3290.0,3290.0,3290.0,3290.0,3290.0,3290.0,3290.0,3290.0,3290.0,3290.0,3290.0,3290.0,3290.0,3290.0,3290.0,3290.0,3290.0,3290.0,3290.0,3290.0,3290.0,3290.0,3290.0,3290.0,3290.0,3290.0,3290.0,3290.0,0.0,,,,,,,,,,,,,,,,0.0,273.0,273.0,273.0,273.0,273.0,273.0,273.0,273.0,273.0,273.0,273.0,273.0,273.0,273.0,273.0,273.0,273.0,273.0,273.0,273.0,372.9999766277349,372.99996674600254,0.0,368.7878,743.8156,5.2789000000000215
3291,3291,3291.0,3291.0,3291.0,3291.0,3291.0,3291.0,3291.0,3291.0,3291.0,3291.0,3291.0,3291.0,3291.0,3291.0,3291.0,3291.0,3291.0,3291.0,3291.0,3291.0,3291.0,3291.0,3291.0,3291.0,3291.0,3291.0,3291.0,3291.0,3291.0,3291.0,3291.0,3291.0,3291.0,3291.0,1.0,,,,,,,,,,,,,,,,0.1,355.9583,339.696,324.8873,312.0201,301.3574,292.9443,286.6547,282.2609,279.5107,278.1944,278.1944,279.5107,282.2609,286.6547,292.9443,301.3574,312.0201,324.8873,339.696,355.9583,332.71125921343497,372.9999591685684,368.7878,145.94549999999998,375.0278,5.2789000000000215
3292,3292,3292.0,3292.0,3292.0,3292.0,3292.0,3292.0,3292.0,3292.0,3292.0,3292.0,3292.0,3292.0,3292.0,3292.0,3292.0,3292.0,3292.0,3292.0,3292.0,3292.0,3292.0,3292.0,3292.0,3292.0,3292.0,3292.0,3292.0,3292.0,3292.0,3292.0,3292.0,3292.0,3292.0,3292.0,2.0,,,,,,,,,,,,,,,,0.2,327.6542,322.594,317.5548,312.6071,307.8755,303.532,299.7791,296.8289,294.8829,294.1165,294.6696,296.6423,300.0928,305.0365,311.4444,319.2405,328.2997,338.4468,349.4597,361.0752,372.9994318428029,372.9999394100464,514.7333,61.91820000000007,229.08230000000003,5.2789000000000215
3293,3293,3293.0,3293.0,3293.0,3293.0,3293.0,3293.0,3293.0,3293.0,3293.0,3293.0,3293.0,3293.0,3293.0,3293.0,3293.0,3293.0,3293.0,3293.0,3293.0,3293.0,3293.0,3293.0,3293.0,3293.0,3293.0,3293.0,3293.0,3293.0,3293.0,3293.0,3293.0,3293.0,3293.0,3293.0,3.0,,,,,,,,,,,,,,,,0.3,361.8068,351.0262,341.029,332.1135,324.4897,318.2789,313.5286,310.2336,308.358,307.8529,308.6666,310.7475,314.0421,318.4892,324.014,330.5226,337.8989,346.0038,354.6768,363.7393,173.00078591917648,372.99995458295433,576.6515,31.987699999999904,167.16409999999996,5.2789000000000215
3294,3294,3294.0,3294.0,3294.0,3294.0,3294.0,3294.0,3294.0,3294.0,3294.0,3294.0,3294.0,3294.0,3294.0,3294.0,3294.0,3294.0,3294.0,3294.0,3294.0,3294.0,3294.0,3294.0,3294.0,3294.0,3294.0,3294.0,3294.0,3294.0,3294.0,3294.0,3294.0,3294.0,3294.0,3294.0,4.0,,,,,,,,,,,,,,,,0.4,198.9989,223.654,245.8273,264.7405,280.0526,291.8474,300.55,306.8019,311.3297,314.8354,317.9215,321.0547,324.5593,328.6313,333.3615,338.761,344.7828,351.3398,358.3179,365.5854,372.9997556487039,310.3902266912566,608.6392,20.41140000000007,135.17640000000006,5.2789000000000215
3295,3295,3295.0,3295.0,3295.0,3295.0,3295.0,3295.0,3295.0,3295.0,3295.0,3295.0,3295.0,3295.0,3295.0,3295.0,3295.0,3295.0,3295.0,3295.0,3295.0,3295.0,3295.0,3295.0,3295.0,3295.0,3295.0,3295.0,3295.0,3295.0,3295.0,3295.0,3295.0,3295.0,3295.0,3295.0,5.0,,,,,,,,,,,,,,,,0.5,356.9028,341.9529,329.1174,319.0487,312.0223,307.9534,306.4768,307.0571,309.0983,312.0263,315.3364,318.6061,321.4872,323.6912,324.9821,325.1832,324.197,322.0309,318.8173,314.8157,278.4692775281461,372.9999464363676,629.0506,22.6445,114.765,5.2789000000000215
3296,3296,3296.0,3296.0,3296.0,3296.0,3296.0,3296.0,3296.0,3296.0,3296.0,3296.0,3296.0,3296.0,3296.0,3296.0,3296.0,3296.0,3296.0,3296.0,3296.0,3296.0,3296.0,3296.0,3296.0,3296.0,3296.0,3296.0,3296.0,3296.0,3296.0,3296.0,3296.0,3296.0,3296.0,3296.0,6.0,,,,,,,,,,,,,,,,0.6,285.2657,291.6701,297.3629,302.149,305.9793,308.9387,311.2089,313.021,314.6128,316.2015,317.9739,320.0927,322.7082,325.9679,330.0154,334.9745,340.922,347.8562,355.6723,364.1559,329.9633155499233,325.23906394417213,651.6951,11.778999999999996,92.1205,5.2789000000000215
3297,3297,3297.0,3297.0,3297.0,3297.0,3297.0,3297.0,3297.0,3297.0,3297.0,3297.0,3297.0,3297.0,3297.0,3297.0,3297.0,3297.0,3297.0,3297.0,3297.0,3297.0,3297.0,3297.0,3297.0,3297.0,3297.0,3297.0,3297.0,3297.0,3297.0,3297.0,3297.0,3297.0,3297.0,3297.0,7.0,,,,,,,,,,,,,,,,0.7,325.9027,322.1539,318.9841,316.5812,315.0388,314.36,314.4756,315.2702,316.6056,318.3371,320.3203,322.4096,324.4545,326.298,327.7838,328.7712,329.1594,328.9116,328.0743,326.7811,256.139084896527,358.4590095777364,663.4741,17.268500000000017,80.3415,5.2789000000000215
3298,3298,3298.0,3298.0,3298.0,3298.0,3298.0,3298.0,3298.0,3298.0,3298.0,3298.0,3298.0,3298.0,3298.0,3298.0,3298.0,3298.0,3298.0,3298.0,3298.0,3298.0,3298.0,3298.0,3298.0,3298.0,3298.0,3298.0,3298.0,3298.0,3298.0,3298.0,3298.0,3298.0,3298.0,3298.0,8.0,,,,,,,,,,,,,,,,0.8,266.6067,276.6055,285.737,293.7272,300.4521,305.9318,310.3016,313.7693,316.5729,318.9479,321.1078,323.238,325.4982,328.0264,330.9399,334.3304,338.2528,342.7118,347.6522,352.9572,353.9610115019768,264.5938886663038,680.7426,15.593099999999936,63.07299999999998,5.2789000000000215
3299,3299,3299.0,3299.0,3299.0,3299.0,3299.0,3299.0,3299.0,3299.0,3299.0,3299.0,3299.0,3299.0,3299.0,3299.0,3299.0,3299.0,3299.0,3299.0,3299.0,3299.0,3299.0,3299.0,3299.0,3299.0,3299.0,3299.0,3299.0,3299.0,3299.0,3299.0,3299.0,3299.0,3299.0,3299.0,9.0,,,,,,,,,,,,,,,,0.9,344.9253,336.5028,329.2135,323.4135,319.2606,316.7187,315.5942,315.586,316.3359,317.4644,318.5904,319.3358,319.3261,318.1954,315.6067,311.2889,305.0859,297.0075,287.2632,276.2655,173.00050060365487,372.99990095343895,696.3357,47.47990000000004,47.47990000000004,5.2789000000000215
3300,3300,3300.0,3300.0,3300.0,3300.0,3300.0,3300.0,3300.0,3300.0,3300.0,3300.0,3300.0,3300.0,3300.0,3300.0,3300.0,3300.0,3300.0,3300.0,3300.0,3300.0,3300.0,3300.0,3300.0,3300.0,3300.0,3300.0,3300.0,3300.0,3300.0,3300.0,3300.0,3300.0,3300.0,0.0,,,,,,,,,,,,,,,,,0.0,273.0,273.0,273.0,273.0,273.0,273.0,273.0,273.0,273.0,273.0,273.0,273.0,273.0,273.0,273.0,273.0,273.0,273.0,273.0,273.0,369.3157071953916,372.9999575142167,0.0,369.423,1839.1764,-40.0
3301,3301,3301.0,3301.0,3301.0,3301.0,3301.0,3301.0,3301.0,3301.0,3301.0,3301.0,3301.0,3301.0,3301.0,3301.0,3301.0,3301.0,3301.0,3301.0,3301.0,3301.0,3301.0,3301.0,3301.0,3301.0,3301.0,3301.0,3301.0,3301.0,3301.0,3301.0,3301.0,3301.0,3301.0,1.0,,,,,,,,,,,,,,,,,0.1,352.902,337.239,322.9762,310.5838,300.3154,292.2152,286.1627,281.9411,279.3103,278.0734,278.124,279.4712,282.2396,286.6435,292.9387,301.3547,312.0189,324.8867,339.6958,355.9582,312.54935573927975,372.9999335625205,369.423,147.01459999999997,1469.7534,-20.78480000000002
3302,3302,3302.0,3302.0,3302.0,3302.0,3302.0,3302.0,3302.0,3302.0,3302.0,3302.0,3302.0,3302.0,3302.0,3302.0,3302.0,3302.0,3302.0,3302.0,3302.0,3302.0,3302.0,3302.0,3302.0,3302.0,3302.0,3302.0,3302.0,3302.0,3302.0,3302.0,3302.0,3302.0,3302.0,2.0,,,,,,,,,,,,,,,,,0.2,310.7463,308.8016,306.6192,304.1822,301.5672,298.9374,296.5194,294.5717,293.3535,293.0996,294.0039,296.2119,299.8172,304.8614,311.334,319.1714,328.257,338.4212,349.4453,361.0687,351.0730286361253,274.4285943650571,516.4376,71.57460000000003,1322.7388,-14.062599999999977
3303,3303,3303.0,3303.0,3303.0,3303.0,3303.0,3303.0,3303.0,3303.0,3303.0,3303.0,3303.0,3303.0,3303.0,3303.0,3303.0,3303.0,3303.0,3303.0,3303.0,3303.0,3303.0,3303.0,3303.0,3303.0,3303.0,3303.0,3303.0,3303.0,3303.0,3303.0,3303.0,3303.0,3303.0,3.0,,,,,,,,,,,,,,,,,0.3,342.5345,334.3412,326.8017,320.1593,314.5767,310.134,306.8368,304.6287,303.4001,302.9918,303.1914,303.7289,304.2761,304.4596,303.8911,302.2174,299.1821,294.6857,288.8282,281.9164,305.274377029418,277.0370656472641,588.0122,107.52409999999998,1251.1642000000002,-2.865999999999985
3304,3304,3304.0,3304.0,3304.0,3304.0,3304.0,3304.0,3304.0,3304.0,3304.0,3304.0,3304.0,3304.0,3304.0,3304.0,3304.0,3304.0,3304.0,3304.0,3304.0,3304.0,3304.0,3304.0,3304.0,3304.0,3304.0,3304.0,3304.0,3304.0,3304.0,3304.0,3304.0,3304.0,3304.0,4.0,,,,,,,,,,,,,,,,,0.4,306.9855,308.4872,309.6082,310.2435,310.3652,310.0145,309.2797,308.2664,307.0698,305.7537,304.3407,302.8128,301.1215,299.2021,296.9909,294.4395,291.5274,288.2677,284.7089,280.9309,173.00039618908562,372.9999616009921,695.5363,116.96460000000002,1143.6401,-2.985500000000002
3305,3305,3305.0,3305.0,3305.0,3305.0,3305.0,3305.0,3305.0,3305.0,3305.0,3305.0,3305.0,3305.0,3305.0,3305.0,3305.0,3305.0,3305.0,3305.0,3305.0,3305.0,3305.0,3305.0,3305.0,3305.0,3305.0,3305.0,3305.0,3305.0,3305.0,3305.0,3305.0,3305.0,3305.0,5.0,,,,,,,,,,,,,,,,,0.5,196.0996,218.1138,238.1037,255.3895,269.6101,280.7225,288.9528,294.7207,298.559,301.0491,302.7781,304.317,306.2112,308.9691,313.0417,318.7856,326.4151,335.9546,347.2069,359.7544,173.00016861198432,264.03920005715383,812.5009,185.7078,1026.6755,-32.277499999999975
3306,3306,3306.0,3306.0,3306.0,3306.0,3306.0,3306.0,3306.0,3306.0,3306.0,3306.0,3306.0,3306.0,3306.0,3306.0,3306.0,3306.0,3306.0,3306.0,3306.0,3306.0,3306.0,3306.0,3306.0,3306.0,3306.0,3306.0,3306.0,3306.0,3306.0,3306.0,3306.0,3306.0,3306.0,6.0,,,,,,,,,,,,,,,,,0.6,189.219,205.0657,220.1966,234.322,247.2242,258.767,268.8943,277.6175,284.9933,291.0934,295.9719,299.6354,302.0239,303.0107,302.4246,300.0972,295.925,289.9348,282.3315,273.5127,372.999901531625,215.00320642391225,998.2087,303.9627999999999,840.9677,-54.233
3307,3307,3307.0,3307.0,3307.0,3307.0,3307.0,3307.0,3307.0,3307.0,3307.0,3307.0,3307.0,3307.0,3307.0,3307.0,3307.0,3307.0,3307.0,3307.0,3307.0,3307.0,3307.0,3307.0,3307.0,3307.0,3307.0,3307.0,3307.0,3307.0,3307.0,3307.0,3307.0,3307.0,3307.0,7.0,,,,,,,,,,,,,,,,,0.7,352.2113,332.7726,315.8276,302.1553,292.0914,285.5367,282.0367,280.9013,281.33,282.5162,283.7173,284.2913,283.7092,281.5563,277.5347,271.4716,263.336,253.2548,241.5203,228.58,354.4238225444976,372.99997891906696,1302.1715,282.97320000000013,537.0049000000001,-27.463300000000004
3308,3308,3308.0,3308.0,3308.0,3308.0,3308.0,3308.0,3308.0,3308.0,3308.0,3308.0,3308.0,3308.0,3308.0,3308.0,3308.0,3308.0,3308.0,3308.0,3308.0,3308.0,3308.0,3308.0,3308.0,3308.0,3308.0,3308.0,3308.0,3308.0,3308.0,3308.0,3308.0,3308.0,3308.0,8.0,,,,,,,,,,,,,,,,,0.8,344.7379,335.2959,326.3264,318.0283,310.5576,304.019,298.4642,293.9023,290.3206,287.7174,286.1392,285.7143,286.6722,289.3356,294.0791,301.2547,311.094,323.6109,338.5308,355.273,173.00006586619375,372.9998555129972,1585.1447,139.73749999999995,254.0317,-8.980999999999995
3309,3309,3309.0,3309.0,3309.0,3309.0,3309.0,3309.0,3309.0,3309.0,3309.0,3309.0,3309.0,3309.0,3309.0,3309.0,3309.0,3309.0,3309.0,3309.0,3309.0,3309.0,3309.0,3309.0,3309.0,3309.0,3309.0,3309.0,3309.0,3309.0,3309.0,3309.0,3309.0,3309.0,3309.0,9.0,,,,,,,,,,,,,,,,,0.9,196.2477,218.2362,237.8968,254.4972,267.7155,277.6335,284.6628,289.4342,292.6789,295.1264,297.4333,300.1426,303.6684,308.2967,314.1932,321.4144,329.9168,339.5674,350.1553,361.4059,372.9999857759018,282.1760248969792,1724.8822,114.29420000000005,114.29420000000005,-35.366499999999974
3310,3310,3310.0,3310.0,3310.0,3310.0,3310.0,3310.0,3310.0,3310.0,3310.0,3310.0,3310.0,3310.0,3310.0,3310.0,3310.0,3310.0,3310.0,3310.0,3310.0,3310.0,3310.0,3310.0,3310.0,3310.0,3310.0,3310.0,3310.0,3310.0,3310.0,3310.0,3310.0,3310.0,3310.0,0.0,,,,,,,,,,,,,,,,,0.0,273.0,273.0,273.0,273.0,273.0,273.0,273.0,273.0,273.0,273.0,273.0,273.0,273.0,273.0,273.0,273.0,273.0,273.0,273.0,273.0,369.3156951488086,372.9999575142167,0.0,369.423,1749.7889,-40.0
3311,3311,3311.0,3311.0,3311.0,3311.0,3311.0,3311.0,3311.0,3311.0,3311.0,3311.0,3311.0,3311.0,3311.0,3311.0,3311.0,3311.0,3311.0,3311.0,3311.0,3311.0,3311.0,3311.0,3311.0,3311.0,3311.0,3311.0,3311.0,3311.0,3311.0,3311.0,3311.0,3311.0,3311.0,1.0,,,,,,,,,,,,,,,,,0.1,352.9019,337.239,322.9762,310.5838,300.3154,292.2152,286.1627,281.9411,279.3103,278.0734,278.124,279.4712,282.2396,286.6435,292.9387,301.3547,312.0189,324.8867,339.6958,355.9582,312.54935573927975,372.9999335625205,369.423,147.01469999999995,1380.3659,-20.78480000000002
3312,3312,3312.0,3312.0,3312.0,3312.0,3312.0,3312.0,3312.0,3312.0,3312.0,3312.0,3312.0,3312.0,3312.0,3312.0,3312.0,3312.0,3312.0,3312.0,3312.0,3312.0,3312.0,3312.0,3312.0,3312.0,3312.0,3312.0,3312.0,3312.0,3312.0,3312.0,3312.0,3312.0,3312.0,2.0,,,,,,,,,,,,,,,,,0.2,310.7463,308.8016,306.6192,304.1822,301.5672,298.9374,296.5194,294.5717,293.3535,293.0996,294.0039,296.2119,299.8172,304.8614,311.334,319.1714,328.257,338.4212,349.4453,361.0687,351.39282029273795,273.30749448751766,516.4377,71.8936000000001,1233.3512,-14.062599999999977
3313,3313,3313.0,3313.0,3313.0,3313.0,3313.0,3313.0,3313.0,3313.0,3313.0,3313.0,3313.0,3313.0,3313.0,3313.0,3313.0,3313.0,3313.0,3313.0,3313.0,3313.0,3313.0,3313.0,3313.0,3313.0,3313.0,3313.0,3313.0,3313.0,3313.0,3313.0,3313.0,3313.0,3313.0,3.0,,,,,,,,,,,,,,,,,0.3,342.7997,334.5543,326.9674,320.2836,314.6664,310.1956,306.8761,304.65,303.4055,302.9809,303.1607,303.6714,304.1807,304.3108,303.6696,301.9005,298.7451,294.1043,288.0807,280.9865,306.3423234636747,272.602437284105,588.3313,110.3246999999999,1161.4576,-2.804399999999987
3314,3314,3314.0,3314.0,3314.0,3314.0,3314.0,3314.0,3314.0,3314.0,3314.0,3314.0,3314.0,3314.0,3314.0,3314.0,3314.0,3314.0,3314.0,3314.0,3314.0,3314.0,3314.0,3314.0,3314.0,3314.0,3314.0,3314.0,3314.0,3314.0,3314.0,3314.0,3314.0,3314.0,3314.0,4.0,,,,,,,,,,,,,,,,,0.4,307.8856,309.2255,310.1962,310.6965,310.7,310.2472,309.4233,308.3291,307.0528,305.6496,304.1319,302.47,300.6022,298.4504,295.9379,293.0064,289.6302,285.8243,281.6472,277.1971,173.00005356363013,372.999946436368,698.656,122.26430000000003,1051.1329,-2.75279999999998
3315,3315,3315.0,3315.0,3315.0,3315.0,3315.0,3315.0,3315.0,3315.0,3315.0,3315.0,3315.0,3315.0,3315.0,3315.0,3315.0,3315.0,3315.0,3315.0,3315.0,3315.0,3315.0,3315.0,3315.0,3315.0,3315.0,3315.0,3315.0,3315.0,3315.0,3315.0,3315.0,3315.0,3315.0,5.0,,,,,,,,,,,,,,,,,0.5,196.1464,218.2002,238.2157,255.5084,269.7139,280.788,288.9572,294.6425,298.38,300.7551,302.3608,303.7763,305.5573,308.2249,312.2439,317.9836,325.6676,335.3231,346.7486,359.5132,173.00006643747952,270.0487302469853,820.9203,187.19600000000003,928.8686,-32.21199999999999
3316,3316,3316.0,3316.0,3316.0,3316.0,3316.0,3316.0,3316.0,3316.0,3316.0,3316.0,3316.0,3316.0,3316.0,3316.0,3316.0,3316.0,3316.0,3316.0,3316.0,3316.0,3316.0,3316.0,3316.0,3316.0,3316.0,3316.0,3316.0,3316.0,3316.0,3316.0,3316.0,3316.0,3316.0,6.0,,,,,,,,,,,,,,,,,0.6,189.2162,205.0576,220.1783,234.2868,247.165,258.6773,268.7701,277.4599,284.8111,290.9069,295.8168,299.5667,302.1195,303.3728,303.1793,301.3892,297.9091,292.7624,286.1357,278.393,372.9999596805846,219.41455814997985,1008.1163,297.01699999999994,741.6726,-54.3227
3317,3317,3317.0,3317.0,3317.0,3317.0,3317.0,3317.0,3317.0,3317.0,3317.0,3317.0,3317.0,3317.0,3317.0,3317.0,3317.0,3317.0,3317.0,3317.0,3317.0,3317.0,3317.0,3317.0,3317.0,3317.0,3317.0,3317.0,3317.0,3317.0,3317.0,3317.0,3317.0,3317.0,3317.0,7.0,,,,,,,,,,,,,,,,,0.7,352.2008,332.7527,315.8008,302.1265,292.0683,285.5308,282.0644,280.9851,281.4987,282.8054,284.1688,284.9519,284.6288,282.7856,279.1221,273.4613,265.7657,256.1546,244.9121,232.4781,364.7071515981695,372.99997791542586,1305.1333,270.7495000000001,444.6556000000001,-27.4692
3318,3318,3318.0,3318.0,3318.0,3318.0,3318.0,3318.0,3318.0,3318.0,3318.0,3318.0,3318.0,3318.0,3318.0,3318.0,3318.0,3318.0,3318.0,3318.0,3318.0,3318.0,3318.0,3318.0,3318.0,3318.0,3318.0,3318.0,3318.0,3318.0,3318.0,3318.0,3318.0,3318.0,3318.0,8.0,,,,,,,,,,,,,,,,,0.8,353.2834,342.1864,331.7169,322.1265,313.6,306.2474,300.1062,295.1574,291.3527,288.6523,287.0652,286.685,287.709,290.4309,295.2002,302.3481,312.0928,324.443,339.1293,355.5864,322.0350309902502,360.17162790551293,1575.8828,118.97749999999996,173.90609999999992,-6.752599999999973
3319,3319,3319.0,3319.0,3319.0,3319.0,3319.0,3319.0,3319.0,3319.0,3319.0,3319.0,3319.0,3319.0,3319.0,3319.0,3319.0,3319.0,3319.0,3319.0,3319.0,3319.0,3319.0,3319.0,3319.0,3319.0,3319.0,3319.0,3319.0,3319.0,3319.0,3319.0,3319.0,3319.0,3319.0,9.0,,,,,,,,,,,,,,,,,0.9,320.4325,318.6797,316.6669,314.355,311.7899,309.0993,306.4752,304.1476,302.3571,301.33,301.2608,302.2992,304.543,308.0345,312.7599,318.6509,325.59,333.417,341.9378,350.934,314.9669411220569,293.7141951245708,1694.8603,54.92859999999996,54.92859999999996,-3.900699999999972
3320,3320,3320.0,3320.0,3320.0,3320.0,3320.0,3320.0,3320.0,3320.0,3320.0,3320.0,3320.0,3320.0,3320.0,3320.0,3320.0,3320.0,3320.0,3320.0,3320.0,3320.0,3320.0,3320.0,3320.0,3320.0,3320.0,3320.0,3320.0,3320.0,3320.0,3320.0,3320.0,3320.0,3320.0,0.0,,,,,,,,,,,,,,,,,0.0,273.0,273.0,273.0,273.0,273.0,273.0,273.0,273.0,273.0,273.0,273.0,273.0,273.0,273.0,273.0,273.0,273.0,273.0,273.0,273.0,369.31569514812367,372.9999575142167,0.0,369.423,1749.7284,-40.0
3321,3321,3321.0,3321.0,3321.0,3321.0,3321.0,3321.0,3321.0,3321.0,3321.0,3321.0,3321.0,3321.0,3321.0,3321.0,3321.0,3321.0,3321.0,3321.0,3321.0,3321.0,3321.0,3321.0,3321.0,3321.0,3321.0,3321.0,3321.0,3321.0,3321.0,3321.0,3321.0,3321.0,3321.0,1.0,,,,,,,,,,,,,,,,,0.1,352.9019,337.239,322.9762,310.5838,300.3154,292.2152,286.1627,281.9411,279.3103,278.0734,278.124,279.4712,282.2396,286.6435,292.9387,301.3547,312.0189,324.8867,339.6958,355.9582,312.54935573927975,372.9999335625205,369.423,147.01469999999995,1380.3054,-20.78480000000002
3322,3322,3322.0,3322.0,3322.0,3322.0,3322.0,3322.0,3322.0,3322.0,3322.0,3322.0,3322.0,3322.0,3322.0,3322.0,3322.0,3322.0,3322.0,3322.0,3322.0,3322.0,3322.0,3322.0,3322.0,3322.0,3322.0,3322.0,3322.0,3322.0,3322.0,3322.0,3322.0,3322.0,3322.0,2.0,,,,,,,,,,,,,,,,,0.2,310.7463,308.8016,306.6192,304.1822,301.5672,298.9374,296.5194,294.5717,293.3535,293.0996,294.0039,296.2119,299.8172,304.8614,311.334,319.1714,328.257,338.4212,349.4453,361.0687,351.41738277232633,273.2422156414054,516.4377,71.91300000000001,1233.2907,-14.062599999999977
3323,3323,3323.0,3323.0,3323.0,3323.0,3323.0,3323.0,3323.0,3323.0,3323.0,3323.0,3323.0,3323.0,3323.0,3323.0,3323.0,3323.0,3323.0,3323.0,3323.0,3323.0,3323.0,3323.0,3323.0,3323.0,3323.0,3323.0,3323.0,3323.0,3323.0,3323.0,3323.0,3323.0,3323.0,3.0,,,,,,,,,,,,,,,,,0.3,342.8201,334.5707,326.9801,320.2932,314.6733,310.2003,306.8792,304.6517,303.4062,302.9804,303.159,303.6681,304.1751,304.3022,303.6567,301.8821,298.7197,294.0705,288.0372,280.9323,306.3423015794767,272.60277511189145,588.3507,110.4008,1161.3777,-2.799699999999973
3324,3324,3324.0,3324.0,3324.0,3324.0,3324.0,3324.0,3324.0,3324.0,3324.0,3324.0,3324.0,3324.0,3324.0,3324.0,3324.0,3324.0,3324.0,3324.0,3324.0,3324.0,3324.0,3324.0,3324.0,3324.0,3324.0,3324.0,3324.0,3324.0,3324.0,3324.0,3324.0,3324.0,3324.0,4.0,,,,,,,,,,,,,,,,,0.4,307.8867,309.2275,310.199,310.6996,310.7031,310.2498,309.4251,308.3297,307.0518,305.647,304.1275,302.4638,300.5943,298.4412,295.9278,292.9961,289.6206,285.8161,281.6413,277.1942,173.00028143367945,372.9998260644205,698.7515,122.3093,1050.9769,-2.750200000000006
3325,3325,3325.0,3325.0,3325.0,3325.0,3325.0,3325.0,3325.0,3325.0,3325.0,3325.0,3325.0,3325.0,3325.0,3325.0,3325.0,3325.0,3325.0,3325.0,3325.0,3325.0,3325.0,3325.0,3325.0,3325.0,3325.0,3325.0,3325.0,3325.0,3325.0,3325.0,3325.0,3325.0,3325.0,5.0,,,,,,,,,,,,,,,,,0.5,196.1468,218.2007,238.2163,255.5088,269.7142,280.7879,288.9565,294.6411,298.3779,300.7522,302.3572,303.772,305.5524,308.2198,312.2387,317.9787,325.6632,335.3195,346.746,359.5118,173.00006643747952,270.0487302469853,821.0608,187.22070000000008,928.6676,-32.21210000000002
3326,3326,3326.0,3326.0,3326.0,3326.0,3326.0,3326.0,3326.0,3326.0,3326.0,3326.0,3326.0,3326.0,3326.0,3326.0,3326.0,3326.0,3326.0,3326.0,3326.0,3326.0,3326.0,3326.0,3326.0,3326.0,3326.0,3326.0,3326.0,3326.0,3326.0,3326.0,3326.0,3326.0,3326.0,6.0,,,,,,,,,,,,,,,,,0.6,189.2161,205.0574,220.1779,234.2863,247.1642,258.6762,268.7687,277.4581,284.8089,290.9044,295.814,299.5637,302.1163,303.3696,303.1763,301.3864,297.9066,292.7604,286.1344,278.3923,372.999905203205,219.41532411336163,1008.2815,297.04510000000005,741.4468999999999,-54.323800000000006
3327,3327,3327.0,3327.0,3327.0,3327.0,3327.0,3327.0,3327.0,3327.0,3327.0,3327.0,3327.0,3327.0,3327.0,3327.0,3327.0,3327.0,3327.0,3327.0,3327.0,3327.0,3327.0,3327.0,3327.0,3327.0,3327.0,3327.0,3327.0,3327.0,3327.0,3327.0,3327.0,3327.0,3327.0,7.0,,,,,,,,,,,,,,,,,0.7,352.2005,332.7522,315.8002,302.1257,292.0672,285.5295,282.0629,280.9834,281.4969,282.8034,284.1667,284.9498,284.6267,282.7835,279.1202,273.4597,265.7645,256.1538,244.9118,232.4783,364.707234643426,372.9999852740215,1305.3266,270.7678999999998,444.4017999999999,-27.47050000000001
3328,3328,3328.0,3328.0,3328.0,3328.0,3328.0,3328.0,3328.0,3328.0,3328.0,3328.0,3328.0,3328.0,3328.0,3328.0,3328.0,3328.0,3328.0,3328.0,3328.0,3328.0,3328.0,3328.0,3328.0,3328.0,3328.0,3328.0,3328.0,3328.0,3328.0,3328.0,3328.0,3328.0,3328.0,8.0,,,,,,,,,,,,,,,,,0.8,353.2832,342.186,331.7164,322.1257,313.599,306.2463,300.105,295.156,291.3513,288.6507,287.0636,286.6834,287.7075,290.4295,295.1989,302.347,312.0918,324.4423,339.1289,355.5862,322.03473395352125,360.1851914908515,1576.0945,118.98210000000016,173.63390000000004,-6.753699999999981
3329,3329,3329.0,3329.0,3329.0,3329.0,3329.0,3329.0,3329.0,3329.0,3329.0,3329.0,3329.0,3329.0,3329.0,3329.0,3329.0,3329.0,3329.0,3329.0,3329.0,3329.0,3329.0,3329.0,3329.0,3329.0,3329.0,3329.0,3329.0,3329.0,3329.0,3329.0,3329.0,3329.0,3329.0,9.0,,,,,,,,,,,,,,,,,0.9,320.432,318.6792,316.6663,314.3543,311.789,309.0984,306.4742,304.1466,302.356,301.3291,301.2601,302.2988,304.5431,308.0353,312.7616,318.6539,325.5946,333.4234,341.9465,350.9451,314.62436400499723,294.90981243291145,1695.0766,54.65179999999987,54.65179999999987,-3.9015999999999735
3330,3330,3330.0,3330.0,3330.0,3330.0,3330.0,3330.0,3330.0,3330.0,3330.0,3330.0,3330.0,3330.0,3330.0,3330.0,3330.0,3330.0,3330.0,3330.0,3330.0,3330.0,3330.0,3330.0,3330.0,3330.0,3330.0,3330.0,3330.0,3330.0,3330.0,3330.0,3330.0,3330.0,3330.0,0.0,,,,,,,,,,,,,,,,,0.0,273.0,273.0,273.0,273.0,273.0,273.0,273.0,273.0,273.0,273.0,273.0,273.0,273.0,273.0,273.0,273.0,273.0,273.0,273.0,273.0,369.3157093351008,372.9999562155764,0.0,369.423,1890.0701,-40.0
3331,3331,3331.0,3331.0,3331.0,3331.0,3331.0,3331.0,3331.0,3331.0,3331.0,3331.0,3331.0,3331.0,3331.0,3331.0,3331.0,3331.0,3331.0,3331.0,3331.0,3331.0,3331.0,3331.0,3331.0,3331.0,3331.0,3331.0,3331.0,3331.0,3331.0,3331.0,3331.0,3331.0,3331.0,1.0,,,,,,,,,,,,,,,,,0.1,352.902,337.239,322.9762,310.5838,300.3154,292.2152,286.1627,281.9411,279.3103,278.0734,278.124,279.4712,282.2396,286.6435,292.9387,301.3547,312.0189,324.8867,339.6958,355.9582,312.54935573927975,372.9999335625205,369.423,147.01469999999995,1520.6471,-20.78480000000002
3332,3332,3332.0,3332.0,3332.0,3332.0,3332.0,3332.0,3332.0,3332.0,3332.0,3332.0,3332.0,3332.0,3332.0,3332.0,3332.0,3332.0,3332.0,3332.0,3332.0,3332.0,3332.0,3332.0,3332.0,3332.0,3332.0,3332.0,3332.0,3332.0,3332.0,3332.0,3332.0,3332.0,3332.0,2.0,,,,,,,,,,,,,,,,,0.2,310.7463,308.8016,306.6192,304.1822,301.5672,298.9374,296.5194,294.5717,293.3535,293.0996,294.0039,296.2119,299.8172,304.8614,311.334,319.1714,328.257,338.4212,349.4453,361.0687,351.2846990123278,273.6863377356634,516.4377,71.78550000000007,1373.6324,-14.062599999999977
3333,3333,3333.0,3333.0,3333.0,3333.0,3333.0,3333.0,3333.0,3333.0,3333.0,3333.0,3333.0,3333.0,3333.0,3333.0,3333.0,3333.0,3333.0,3333.0,3333.0,3333.0,3333.0,3333.0,3333.0,3333.0,3333.0,3333.0,3333.0,3333.0,3333.0,3333.0,3333.0,3333.0,3333.0,3.0,,,,,,,,,,,,,,,,,0.3,342.71,334.4822,326.9113,320.2416,314.6361,310.1747,306.8628,304.6428,303.4037,302.9846,303.1711,303.6908,304.2129,304.3611,303.7444,302.0076,298.8928,294.3008,288.3334,281.3007,306.3177845347832,275.3236032334329,588.2232,109.04999999999995,1301.8468999999998,-2.825300000000027
3334,3334,3334.0,3334.0,3334.0,3334.0,3334.0,3334.0,3334.0,3334.0,3334.0,3334.0,3334.0,3334.0,3334.0,3334.0,3334.0,3334.0,3334.0,3334.0,3334.0,3334.0,3334.0,3334.0,3334.0,3334.0,3334.0,3334.0,3334.0,3334.0,3334.0,3334.0,3334.0,3334.0,3334.0,4.0,,,,,,,,,,,,,,,,,0.4,307.8605,309.2005,310.1722,310.675,310.6828,310.237,309.4234,308.3442,307.0899,305.7192,304.249,302.656,300.8858,298.8687,296.5362,293.8367,290.7481,287.2842,283.4972,279.4731,173.00027935025165,372.9999335625205,697.2732,119.04880000000004,1192.7968999999998,-2.762999999999977
3335,3335,3335.0,3335.0,3335.0,3335.0,3335.0,3335.0,3335.0,3335.0,3335.0,3335.0,3335.0,3335.0,3335.0,3335.0,3335.0,3335.0,3335.0,3335.0,3335.0,3335.0,3335.0,3335.0,3335.0,3335.0,3335.0,3335.0,3335.0,3335.0,3335.0,3335.0,3335.0,3335.0,3335.0,5.0,,,,,,,,,,,,,,,,,0.5,196.1492,218.2069,238.2289,255.5318,269.7523,280.8475,289.0454,294.7678,298.5511,300.9799,302.6452,304.1222,305.961,308.6752,312.7212,318.4605,326.1107,335.697,347.0199,359.656,173.00003579875462,264.07721129284613,816.322,186.3411,1073.7480999999998,-32.152499999999975
3336,3336,3336.0,3336.0,3336.0,3336.0,3336.0,3336.0,3336.0,3336.0,3336.0,3336.0,3336.0,3336.0,3336.0,3336.0,3336.0,3336.0,3336.0,3336.0,3336.0,3336.0,3336.0,3336.0,3336.0,3336.0,3336.0,3336.0,3336.0,3336.0,3336.0,3336.0,3336.0,3336.0,3336.0,6.0,,,,,,,,,,,,,,,,,0.6,189.2308,205.0875,220.2248,234.3515,247.2492,258.7813,268.892,277.5936,284.9444,291.0179,295.8706,299.5113,301.8826,302.8597,302.2732,299.9556,295.8036,289.8433,282.2781,273.5034,372.9999464363676,217.54280782386184,1002.6631,303.6508000000001,887.4069999999999,-54.21870000000001
3337,3337,3337.0,3337.0,3337.0,3337.0,3337.0,3337.0,3337.0,3337.0,3337.0,3337.0,3337.0,3337.0,3337.0,3337.0,3337.0,3337.0,3337.0,3337.0,3337.0,3337.0,3337.0,3337.0,3337.0,3337.0,3337.0,3337.0,3337.0,3337.0,3337.0,3337.0,3337.0,3337.0,3337.0,7.0,,,,,,,,,,,,,,,,,0.7,352.2107,332.7707,315.8234,302.1475,292.0787,285.5183,282.0128,280.874,281.3043,282.5013,283.7279,284.3493,283.845,281.8097,277.9542,272.1132,264.2596,254.5191,243.177,230.6678,361.43940277998513,372.9999633350686,1306.3139,279.6316999999999,583.7561999999998,-27.48169999999999
3338,3338,3338.0,3338.0,3338.0,3338.0,3338.0,3338.0,3338.0,3338.0,3338.0,3338.0,3338.0,3338.0,3338.0,3338.0,3338.0,3338.0,3338.0,3338.0,3338.0,3338.0,3338.0,3338.0,3338.0,3338.0,3338.0,3338.0,3338.0,3338.0,3338.0,3338.0,3338.0,3338.0,3338.0,8.0,,,,,,,,,,,,,,,,,0.8,350.5575,339.9746,329.9673,320.7691,312.5549,305.4325,299.4438,294.5792,290.8032,288.0898,286.463,286.0308,287.0047,289.6917,294.4531,301.6294,311.4447,323.9088,338.7481,355.3878,325.0845449831699,249.99598096944808,1585.9456,153.82420000000002,304.1244999999999,-7.5674999999999955
3339,3339,3339.0,3339.0,3339.0,3339.0,3339.0,3339.0,3339.0,3339.0,3339.0,3339.0,3339.0,3339.0,3339.0,3339.0,3339.0,3339.0,3339.0,3339.0,3339.0,3339.0,3339.0,3339.0,3339.0,3339.0,3339.0,3339.0,3339.0,3339.0,3339.0,3339.0,3339.0,3339.0,3339.0,9.0,,,,,,,,,,,,,,,,,0.9,322.7636,320.3296,317.7026,314.86,311.8467,308.7679,305.7682,303.0002,300.5896,298.601,297.0095,295.6827,294.3776,292.7582,290.4355,287.0305,282.2506,275.9641,268.2539,259.4306,281.5638717929408,372.999926564497,1739.7698,150.30029999999988,150.30029999999988,-4.232100000000003
3340,3340,3340.0,3340.0,3340.0,3340.0,3340.0,3340.0,3340.0,3340.0,3340.0,3340.0,3340.0,3340.0,3340.0,3340.0,3340.0,3340.0,3340.0,3340.0,3340.0,3340.0,3340.0,3340.0,3340.0,3340.0,3340.0,3340.0,3340.0,3340.0,3340.0,3340.0,3340.0,3340.0,3340.0,0.0,,,,,,,,,,,,,,,,,0.0,273.0,273.0,273.0,273.0,273.0,273.0,273.0,273.0,273.0,273.0,273.0,273.0,273.0,273.0,273.0,273.0,273.0,273.0,273.0,273.0,369.3157071953916,372.9999575142167,0.0,369.423,1756.0539,-40.0
3341,3341,3341.0,3341.0,3341.0,3341.0,3341.0,3341.0,3341.0,3341.0,3341.0,3341.0,3341.0,3341.0,3341.0,3341.0,3341.0,3341.0,3341.0,3341.0,3341.0,3341.0,3341.0,3341.0,3341.0,3341.0,3341.0,3341.0,3341.0,3341.0,3341.0,3341.0,3341.0,3341.0,3341.0,1.0,,,,,,,,,,,,,,,,,0.1,352.902,337.239,322.9762,310.5838,300.3154,292.2152,286.1627,281.9411,279.3103,278.0734,278.124,279.4712,282.2396,286.6435,292.9387,301.3547,312.0189,324.8867,339.6958,355.9582,312.54935573927975,372.9999335625205,369.423,147.01459999999997,1386.6309,-20.78480000000002
3342,3342,3342.0,3342.0,3342.0,3342.0,3342.0,3342.0,3342.0,3342.0,3342.0,3342.0,3342.0,3342.0,3342.0,3342.0,3342.0,3342.0,3342.0,3342.0,3342.0,3342.0,3342.0,3342.0,3342.0,3342.0,3342.0,3342.0,3342.0,3342.0,3342.0,3342.0,3342.0,3342.0,3342.0,2.0,,,,,,,,,,,,,,,,,0.2,310.7463,308.8016,306.6192,304.1822,301.5672,298.9374,296.5194,294.5717,293.3535,293.0996,294.0039,296.2119,299.8172,304.8614,311.334,319.1714,328.257,338.4212,349.4453,361.0687,351.3245316860281,273.5482805908735,516.4376,71.82500000000005,1239.6163,-14.062599999999977
3343,3343,3343.0,3343.0,3343.0,3343.0,3343.0,3343.0,3343.0,3343.0,3343.0,3343.0,3343.0,3343.0,3343.0,3343.0,3343.0,3343.0,3343.0,3343.0,3343.0,3343.0,3343.0,3343.0,3343.0,3343.0,3343.0,3343.0,3343.0,3343.0,3343.0,3343.0,3343.0,3343.0,3343.0,3.0,,,,,,,,,,,,,,,,,0.3,342.7431,334.5088,326.932,320.2571,314.6472,310.1824,306.8677,304.6454,303.4044,302.9832,303.1673,303.6837,304.2012,304.3428,303.7172,301.9686,298.839,294.2292,288.2413,281.1862,306.65561141578735,272.3805584906147,588.2626,110.1694,1167.7913,-2.817600000000027
3344,3344,3344.0,3344.0,3344.0,3344.0,3344.0,3344.0,3344.0,3344.0,3344.0,3344.0,3344.0,3344.0,3344.0,3344.0,3344.0,3344.0,3344.0,3344.0,3344.0,3344.0,3344.0,3344.0,3344.0,3344.0,3344.0,3344.0,3344.0,3344.0,3344.0,3344.0,3344.0,3344.0,3344.0,4.0,,,,,,,,,,,,,,,,,0.4,308.1424,309.4288,310.3513,310.8104,310.7807,310.3029,309.4614,308.356,307.0734,305.6674,304.1486,302.4856,300.615,298.4567,295.9324,292.9825,289.58,285.74,281.5216,277.0249,173.000083211487,372.9999335625205,698.432,122.24929999999996,1057.6219,-2.6970999999999776
3345,3345,3345.0,3345.0,3345.0,3345.0,3345.0,3345.0,3345.0,3345.0,3345.0,3345.0,3345.0,3345.0,3345.0,3345.0,3345.0,3345.0,3345.0,3345.0,3345.0,3345.0,3345.0,3345.0,3345.0,3345.0,3345.0,3345.0,3345.0,3345.0,3345.0,3345.0,3345.0,3345.0,3345.0,5.0,,,,,,,,,,,,,,,,,0.5,196.1614,218.2286,238.2548,255.5547,269.7636,280.8376,289.0036,294.6834,298.4139,300.7811,302.3787,303.7861,305.5595,308.2206,312.2344,317.9708,325.6534,335.3099,346.7384,359.5077,173.00009443413288,269.00393419869823,820.6813,187.20260000000007,935.3726,-32.16239999999999
3346,3346,3346.0,3346.0,3346.0,3346.0,3346.0,3346.0,3346.0,3346.0,3346.0,3346.0,3346.0,3346.0,3346.0,3346.0,3346.0,3346.0,3346.0,3346.0,3346.0,3346.0,3346.0,3346.0,3346.0,3346.0,3346.0,3346.0,3346.0,3346.0,3346.0,3346.0,3346.0,3346.0,3346.0,6.0,,,,,,,,,,,,,,,,,0.6,189.2227,205.0701,220.196,234.3086,247.1893,258.7023,268.7937,277.4795,284.8234,290.9075,295.7995,299.5232,302.0384,303.2395,302.9759,301.095,297.5017,292.2197,285.4382,277.5258,372.9997426326368,218.73871698064988,1007.8839,298.5797,748.1700000000001,-54.29770000000002
3347,3347,3347.0,3347.0,3347.0,3347.0,3347.0,3347.0,3347.0,3347.0,3347.0,3347.0,3347.0,3347.0,3347.0,3347.0,3347.0,3347.0,3347.0,3347.0,3347.0,3347.0,3347.0,3347.0,3347.0,3347.0,3347.0,3347.0,3347.0,3347.0,3347.0,3347.0,3347.0,3347.0,3347.0,7.0,,,,,,,,,,,,,,,,,0.7,352.2025,332.7558,315.8043,302.1288,292.0671,285.5233,282.0469,280.9532,281.4473,282.7286,284.0603,284.8051,284.4373,282.5434,278.8243,273.1041,265.3464,255.6716,244.365,231.8666,365.3918351796405,372.9998932976986,1306.4636,273.1923999999999,449.59030000000007,-27.4767
3348,3348,3348.0,3348.0,3348.0,3348.0,3348.0,3348.0,3348.0,3348.0,3348.0,3348.0,3348.0,3348.0,3348.0,3348.0,3348.0,3348.0,3348.0,3348.0,3348.0,3348.0,3348.0,3348.0,3348.0,3348.0,3348.0,3348.0,3348.0,3348.0,3348.0,3348.0,3348.0,3348.0,3348.0,8.0,,,,,,,,,,,,,,,,,0.8,353.8471,342.6339,332.057,322.3707,313.7612,306.3382,300.138,295.1393,291.292,288.5546,286.9351,286.5271,287.5288,290.2357,294.999,302.1522,311.9145,324.2952,339.0234,355.531,322.4043838820341,359.0409386291503,1579.656,120.33799999999997,176.39790000000016,-6.661800000000028
3349,3349,3349.0,3349.0,3349.0,3349.0,3349.0,3349.0,3349.0,3349.0,3349.0,3349.0,3349.0,3349.0,3349.0,3349.0,3349.0,3349.0,3349.0,3349.0,3349.0,3349.0,3349.0,3349.0,3349.0,3349.0,3349.0,3349.0,3349.0,3349.0,3349.0,3349.0,3349.0,3349.0,3349.0,9.0,,,,,,,,,,,,,,,,,0.9,320.7638,318.9721,316.919,314.565,311.9563,309.2213,306.5526,304.1808,302.3468,301.2767,301.1638,302.1558,304.3475,307.7778,312.4288,318.2293,325.0591,332.7576,341.1326,349.9697,314.39969282695336,294.16753588473625,1699.994,56.0599000000002,56.0599000000002,-3.778700000000015
3350,3350,3350.0,3350.0,3350.0,3350.0,3350.0,3350.0,3350.0,3350.0,3350.0,3350.0,3350.0,3350.0,3350.0,3350.0,3350.0,3350.0,3350.0,3350.0,3350.0,3350.0,3350.0,3350.0,3350.0,3350.0,3350.0,3350.0,3350.0,3350.0,3350.0,3350.0,3350.0,3350.0,3350.0,0.0,,,,,,,,,,,,,,,,,0.0,273.0,273.0,273.0,273.0,273.0,273.0,273.0,273.0,273.0,273.0,273.0,273.0,273.0,273.0,273.0,273.0,273.0,273.0,273.0,273.0,369.3156951487484,372.9999575142166,0.0,369.423,1756.9237,-40.0
3351,3351,3351.0,3351.0,3351.0,3351.0,3351.0,3351.0,3351.0,3351.0,3351.0,3351.0,3351.0,3351.0,3351.0,3351.0,3351.0,3351.0,3351.0,3351.0,3351.0,3351.0,3351.0,3351.0,3351.0,3351.0,3351.0,3351.0,3351.0,3351.0,3351.0,3351.0,3351.0,3351.0,3351.0,1.0,,,,,,,,,,,,,,,,,0.1,352.9019,337.239,322.9762,310.5838,300.3154,292.2152,286.1627,281.9411,279.3103,278.0734,278.124,279.4712,282.2396,286.6435,292.9387,301.3547,312.0189,324.8867,339.6958,355.9582,312.54935573927975,372.9999335625205,369.423,147.01469999999995,1387.5007,-20.78480000000002
3352,3352,3352.0,3352.0,3352.0,3352.0,3352.0,3352.0,3352.0,3352.0,3352.0,3352.0,3352.0,3352.0,3352.0,3352.0,3352.0,3352.0,3352.0,3352.0,3352.0,3352.0,3352.0,3352.0,3352.0,3352.0,3352.0,3352.0,3352.0,3352.0,3352.0,3352.0,3352.0,3352.0,3352.0,2.0,,,,,,,,,,,,,,,,,0.2,310.7463,308.8016,306.6192,304.1822,301.5672,298.9374,296.5194,294.5717,293.3535,293.0996,294.0039,296.2119,299.8172,304.8614,311.334,319.1714,328.257,338.4212,349.4453,361.0687,351.3957740450187,273.2974245880578,516.4377,71.89650000000006,1240.486,-14.062599999999977
3353,3353,3353.0,3353.0,3353.0,3353.0,3353.0,3353.0,3353.0,3353.0,3353.0,3353.0,3353.0,3353.0,3353.0,3353.0,3353.0,3353.0,3353.0,3353.0,3353.0,3353.0,3353.0,3353.0,3353.0,3353.0,3353.0,3353.0,3353.0,3353.0,3353.0,3353.0,3353.0,3353.0,3353.0,3.0,,,,,,,,,,,,,,,,,0.3,342.8022,334.5563,326.9689,320.2848,314.6672,310.1961,306.8765,304.6502,303.4056,302.9808,303.1604,303.6708,304.1798,304.3095,303.6676,301.8977,298.7412,294.0991,288.074,280.9781,306.21116690496086,272.84367388810006,588.3342,110.24019999999996,1168.5895,-2.8038999999999987
3354,3354,3354.0,3354.0,3354.0,3354.0,3354.0,3354.0,3354.0,3354.0,3354.0,3354.0,3354.0,3354.0,3354.0,3354.0,3354.0,3354.0,3354.0,3354.0,3354.0,3354.0,3354.0,3354.0,3354.0,3354.0,3354.0,3354.0,3354.0,3354.0,3354.0,3354.0,3354.0,3354.0,3354.0,4.0,,,,,,,,,,,,,,,,,0.4,307.7769,309.1383,310.1285,310.6458,310.6634,310.2219,309.4067,308.3191,307.048,305.6494,304.1365,302.4807,300.6212,298.4808,295.9838,293.0729,289.7227,285.9481,281.8071,277.3967,173.00005356363013,372.999946436368,698.5744,122.04280000000006,1058.3493,-2.778099999999995
3355,3355,3355.0,3355.0,3355.0,3355.0,3355.0,3355.0,3355.0,3355.0,3355.0,3355.0,3355.0,3355.0,3355.0,3355.0,3355.0,3355.0,3355.0,3355.0,3355.0,3355.0,3355.0,3355.0,3355.0,3355.0,3355.0,3355.0,3355.0,3355.0,3355.0,3355.0,3355.0,3355.0,3355.0,5.0,,,,,,,,,,,,,,,,,0.5,196.1403,218.1887,238.2002,255.4906,269.6959,280.7716,288.9442,294.6346,298.3782,300.7603,302.3734,303.7963,305.584,308.2572,312.2798,318.0206,325.7026,335.353,346.7704,359.5247,173.00017393557948,268.9485940928198,820.6172,187.4134,936.3065,-32.22840000000002
3356,3356,3356.0,3356.0,3356.0,3356.0,3356.0,3356.0,3356.0,3356.0,3356.0,3356.0,3356.0,3356.0,3356.0,3356.0,3356.0,3356.0,3356.0,3356.0,3356.0,3356.0,3356.0,3356.0,3356.0,3356.0,3356.0,3356.0,3356.0,3356.0,3356.0,3356.0,3356.0,3356.0,3356.0,6.0,,,,,,,,,,,,,,,,,0.6,189.2146,205.0545,220.174,234.282,247.16,258.6724,268.7654,277.4545,284.8031,290.8929,295.7908,299.5198,302.0391,303.2425,302.9787,301.0946,297.4951,292.2041,285.4109,277.485,372.9997193842818,218.7372509303025,1008.0306,298.7818,748.8931,-54.32760000000002
3357,3357,3357.0,3357.0,3357.0,3357.0,3357.0,3357.0,3357.0,3357.0,3357.0,3357.0,3357.0,3357.0,3357.0,3357.0,3357.0,3357.0,3357.0,3357.0,3357.0,3357.0,3357.0,3357.0,3357.0,3357.0,3357.0,3357.0,3357.0,3357.0,3357.0,3357.0,3357.0,3357.0,3357.0,7.0,,,,,,,,,,,,,,,,,0.7,352.1987,332.7484,315.7938,302.1158,292.0523,285.5074,282.0308,280.9374,281.4324,282.715,284.0481,284.7943,284.4278,282.5351,278.8169,273.0976,265.3407,255.6668,244.3612,231.864,365.3919659242733,372.9999613546684,1306.8124,273.29410000000007,450.1113,-27.49259999999998
3358,3358,3358.0,3358.0,3358.0,3358.0,3358.0,3358.0,3358.0,3358.0,3358.0,3358.0,3358.0,3358.0,3358.0,3358.0,3358.0,3358.0,3358.0,3358.0,3358.0,3358.0,3358.0,3358.0,3358.0,3358.0,3358.0,3358.0,3358.0,3358.0,3358.0,3358.0,3358.0,3358.0,3358.0,8.0,,,,,,,,,,,,,,,,,0.8,353.845,342.6297,332.0509,322.3629,313.752,306.3279,300.1269,295.1279,291.2806,288.5434,286.9244,286.5171,287.5196,290.2274,294.9918,302.1461,311.9096,324.2914,339.0209,355.5298,322.4037751509061,359.0366854028847,1580.1065,120.37969999999996,176.81719999999996,-6.6721
3359,3359,3359.0,3359.0,3359.0,3359.0,3359.0,3359.0,3359.0,3359.0,3359.0,3359.0,3359.0,3359.0,3359.0,3359.0,3359.0,3359.0,3359.0,3359.0,3359.0,3359.0,3359.0,3359.0,3359.0,3359.0,3359.0,3359.0,3359.0,3359.0,3359.0,3359.0,3359.0,3359.0,3359.0,9.0,,,,,,,,,,,,,,,,,0.9,320.7618,318.9689,316.9145,314.5593,311.9495,309.2137,306.5444,304.1722,302.338,301.2679,301.1551,302.1473,304.3394,307.7701,312.4217,318.2227,325.053,332.752,341.1275,349.965,314.8396791563072,292.6267482142449,1700.4862,56.4375,56.4375,-3.786299999999983
3360,3360,3360.0,3360.0,3360.0,3360.0,3360.0,3360.0,3360.0,3360.0,3360.0,3360.0,3360.0,3360.0,3360.0,3360.0,3360.0,3360.0,3360.0,3360.0,3360.0,3360.0,3360.0,3360.0,3360.0,3360.0,3360.0,3360.0,3360.0,3360.0,3360.0,3360.0,3360.0,3360.0,0.0,,,,,,,,,,,,,,,,,,0.0,273.0,273.0,273.0,273.0,273.0,273.0,273.0,273.0,273.0,273.0,273.0,273.0,273.0,273.0,273.0,273.0,273.0,273.0,273.0,273.0,372.9999129897725,372.9998357203429,0.0,368.7879,939.9305000000002,-40.0
3361,3361,3361.0,3361.0,3361.0,3361.0,3361.0,3361.0,3361.0,3361.0,3361.0,3361.0,3361.0,3361.0,3361.0,3361.0,3361.0,3361.0,3361.0,3361.0,3361.0,3361.0,3361.0,3361.0,3361.0,3361.0,3361.0,3361.0,3361.0,3361.0,3361.0,3361.0,3361.0,3361.0,1.0,,,,,,,,,,,,,,,,,,0.1,355.9582,339.696,324.8873,312.0201,301.3574,292.9443,286.6547,282.2609,279.5107,278.1944,278.1944,279.5107,282.2609,286.6546,292.9443,301.3574,312.0201,324.8872,339.6959,355.9582,372.60409502994025,350.94618623436,368.7879,154.69760000000002,571.1426000000001,-20.0557
3362,3362,3362.0,3362.0,3362.0,3362.0,3362.0,3362.0,3362.0,3362.0,3362.0,3362.0,3362.0,3362.0,3362.0,3362.0,3362.0,3362.0,3362.0,3362.0,3362.0,3362.0,3362.0,3362.0,3362.0,3362.0,3362.0,3362.0,3362.0,3362.0,3362.0,3362.0,3362.0,3362.0,2.0,,,,,,,,,,,,,,,,,,0.2,360.7472,349.1969,338.2444,328.1517,319.1421,311.3939,305.0388,300.1642,296.8162,295.005,294.7077,295.8704,298.4096,302.2126,307.1403,313.0325,319.7158,327.0135,334.755,342.7813,302.65552307557226,274.68458141733703,523.4855,91.47680000000004,416.4450000000001,-1.6061000000000265
3363,3363,3363.0,3363.0,3363.0,3363.0,3363.0,3363.0,3363.0,3363.0,3363.0,3363.0,3363.0,3363.0,3363.0,3363.0,3363.0,3363.0,3363.0,3363.0,3363.0,3363.0,3363.0,3363.0,3363.0,3363.0,3363.0,3363.0,3363.0,3363.0,3363.0,3363.0,3363.0,3363.0,3.0,,,,,,,,,,,,,,,,,,0.3,305.3919,307.7851,309.5594,310.5563,310.7568,310.2712,309.3027,308.0961,306.8819,305.8282,305.0068,304.3759,303.7828,302.986,301.6948,299.6234,296.5516,292.3807,287.1712,281.1505,173.9719420315605,372.9961719538224,614.9623,99.51639999999998,324.9682,-2.7287999999999784
3364,3364,3364.0,3364.0,3364.0,3364.0,3364.0,3364.0,3364.0,3364.0,3364.0,3364.0,3364.0,3364.0,3364.0,3364.0,3364.0,3364.0,3364.0,3364.0,3364.0,3364.0,3364.0,3364.0,3364.0,3364.0,3364.0,3364.0,3364.0,3364.0,3364.0,3364.0,3364.0,3364.0,4.0,,,,,,,,,,,,,,,,,,0.4,196.9258,218.8096,238.6981,255.9232,270.1328,281.2895,289.6219,295.5472,299.5912,302.3219,304.3066,306.091,308.1906,311.0836,315.1933,320.8561,328.2764,337.4816,348.2912,360.3159,286.40977072153737,372.9999335625205,714.4787,96.77549999999997,225.45180000000005,-31.710500000000025
3365,3365,3365.0,3365.0,3365.0,3365.0,3365.0,3365.0,3365.0,3365.0,3365.0,3365.0,3365.0,3365.0,3365.0,3365.0,3365.0,3365.0,3365.0,3365.0,3365.0,3365.0,3365.0,3365.0,3365.0,3365.0,3365.0,3365.0,3365.0,3365.0,3365.0,3365.0,3365.0,3365.0,5.0,,,,,,,,,,,,,,,,,,0.5,283.4335,280.9676,279.4323,279.0906,280.0231,282.1444,285.2537,289.1006,293.4486,298.1206,303.0222,308.1411,313.5288,319.2735,325.4696,332.1909,339.4705,347.2888,355.5718,364.1957,277.7147286567822,372.9999258352342,811.2542,47.67270000000008,128.67630000000008,-30.85559999999998
3366,3366,3366.0,3366.0,3366.0,3366.0,3366.0,3366.0,3366.0,3366.0,3366.0,3366.0,3366.0,3366.0,3366.0,3366.0,3366.0,3366.0,3366.0,3366.0,3366.0,3366.0,3366.0,3366.0,3366.0,3366.0,3366.0,3366.0,3366.0,3366.0,3366.0,3366.0,3366.0,3366.0,6.0,,,,,,,,,,,,,,,,,,0.6,279.0911,280.5446,282.1508,283.9817,286.1034,288.573,291.4352,294.7215,298.4499,302.626,307.2462,312.2998,317.7714,323.6415,329.8863,336.4762,343.3743,350.5348,357.9027,365.4144,270.52892281412016,372.9998679022213,858.9269,27.706899999999905,81.0036,-24.42700000000002
3367,3367,3367.0,3367.0,3367.0,3367.0,3367.0,3367.0,3367.0,3367.0,3367.0,3367.0,3367.0,3367.0,3367.0,3367.0,3367.0,3367.0,3367.0,3367.0,3367.0,3367.0,3367.0,3367.0,3367.0,3367.0,3367.0,3367.0,3367.0,3367.0,3367.0,3367.0,3367.0,3367.0,7.0,,,,,,,,,,,,,,,,,,0.7,273.8528,277.1778,280.5112,283.8705,287.2856,290.7967,294.4512,298.2981,302.3828,306.7432,311.4062,316.3873,321.69,327.3066,333.2195,339.4023,345.8216,352.4375,359.2053,366.0764,262.5352259669585,372.9999542350043,886.6338,21.338800000000106,53.2967000000001,-22.203300000000013
3368,3368,3368.0,3368.0,3368.0,3368.0,3368.0,3368.0,3368.0,3368.0,3368.0,3368.0,3368.0,3368.0,3368.0,3368.0,3368.0,3368.0,3368.0,3368.0,3368.0,3368.0,3368.0,3368.0,3368.0,3368.0,3368.0,3368.0,3368.0,3368.0,3368.0,3368.0,3368.0,3368.0,8.0,,,,,,,,,,,,,,,,,,0.8,267.4031,272.232,276.992,281.6686,286.2664,290.808,295.3307,299.8802,304.5046,309.2486,314.1497,319.2355,324.5227,330.0174,335.7154,341.604,347.6627,353.865,360.1792,366.5701,270.1121206646694,372.9999674873258,907.9726,18.77559999999994,31.957899999999995,-22.192000000000007
3369,3369,3369.0,3369.0,3369.0,3369.0,3369.0,3369.0,3369.0,3369.0,3369.0,3369.0,3369.0,3369.0,3369.0,3369.0,3369.0,3369.0,3369.0,3369.0,3369.0,3369.0,3369.0,3369.0,3369.0,3369.0,3369.0,3369.0,3369.0,3369.0,3369.0,3369.0,3369.0,3369.0,9.0,,,,,,,,,,,,,,,,,,0.9,273.5464,277.0401,280.6457,284.4038,288.3406,292.4684,296.7884,301.2948,305.9787,310.831,315.8439,321.0113,326.3277,331.7874,337.383,343.1041,348.9371,354.8649,360.8671,366.9205,278.18178644674725,372.99991577698125,926.7482,13.182300000000057,13.182300000000057,-20.531600000000022
3370,3370,3370.0,3370.0,3370.0,3370.0,3370.0,3370.0,3370.0,3370.0,3370.0,3370.0,3370.0,3370.0,3370.0,3370.0,3370.0,3370.0,3370.0,3370.0,3370.0,3370.0,3370.0,3370.0,3370.0,3370.0,3370.0,3370.0,3370.0,3370.0,3370.0,3370.0,3370.0,3370.0,0.0,,,,,,,,,,,,,,,,,,0.0,273.0,273.0,273.0,273.0,273.0,273.0,273.0,273.0,273.0,273.0,273.0,273.0,273.0,273.0,273.0,273.0,273.0,273.0,273.0,273.0,372.9999419758616,372.9999109496149,0.0,368.7879,937.5162,-40.0
3371,3371,3371.0,3371.0,3371.0,3371.0,3371.0,3371.0,3371.0,3371.0,3371.0,3371.0,3371.0,3371.0,3371.0,3371.0,3371.0,3371.0,3371.0,3371.0,3371.0,3371.0,3371.0,3371.0,3371.0,3371.0,3371.0,3371.0,3371.0,3371.0,3371.0,3371.0,3371.0,3371.0,1.0,,,,,,,,,,,,,,,,,,0.1,355.9582,339.696,324.8873,312.0201,301.3574,292.9443,286.6547,282.2609,279.5107,278.1944,278.1944,279.5107,282.2609,286.6547,292.9443,301.3574,312.0201,324.8873,339.696,355.9582,372.481702128149,351.2732393153208,368.7879,154.60060000000004,568.7283,-20.0557
3372,3372,3372.0,3372.0,3372.0,3372.0,3372.0,3372.0,3372.0,3372.0,3372.0,3372.0,3372.0,3372.0,3372.0,3372.0,3372.0,3372.0,3372.0,3372.0,3372.0,3372.0,3372.0,3372.0,3372.0,3372.0,3372.0,3372.0,3372.0,3372.0,3372.0,3372.0,3372.0,3372.0,2.0,,,,,,,,,,,,,,,,,,0.2,360.6457,349.1154,338.1809,328.1041,319.1077,311.3701,305.0235,300.1554,296.8131,295.0073,294.7161,295.8869,298.4373,302.2559,307.2049,313.125,319.8433,327.1831,334.9731,343.0526,302.6818190901528,273.0005593822345,523.3885,91.58209999999995,414.1277,-1.6299000000000206
3373,3373,3373.0,3373.0,3373.0,3373.0,3373.0,3373.0,3373.0,3373.0,3373.0,3373.0,3373.0,3373.0,3373.0,3373.0,3373.0,3373.0,3373.0,3373.0,3373.0,3373.0,3373.0,3373.0,3373.0,3373.0,3373.0,3373.0,3373.0,3373.0,3373.0,3373.0,3373.0,3373.0,3.0,,,,,,,,,,,,,,,,,,0.3,305.4081,307.7921,309.5588,310.5504,310.7477,310.2609,309.2925,308.0859,306.8699,305.81,304.9742,304.3159,303.6765,302.8079,301.4126,299.1992,295.944,291.5487,286.0784,279.7694,175.58973232815856,372.9957408229096,614.9706,100.4615,322.54560000000004,-2.739100000000008
3374,3374,3374.0,3374.0,3374.0,3374.0,3374.0,3374.0,3374.0,3374.0,3374.0,3374.0,3374.0,3374.0,3374.0,3374.0,3374.0,3374.0,3374.0,3374.0,3374.0,3374.0,3374.0,3374.0,3374.0,3374.0,3374.0,3374.0,3374.0,3374.0,3374.0,3374.0,3374.0,3374.0,4.0,,,,,,,,,,,,,,,,,,0.4,198.2654,219.8833,239.5284,256.5399,270.5693,281.5788,289.7937,295.6259,299.5952,302.2641,304.1959,305.9339,307.9938,310.8557,314.9463,320.6055,328.0411,337.2817,348.1453,360.2387,286.4822890171259,372.9999480395408,715.4321,95.86270000000002,222.08410000000003,-31.4212
3375,3375,3375.0,3375.0,3375.0,3375.0,3375.0,3375.0,3375.0,3375.0,3375.0,3375.0,3375.0,3375.0,3375.0,3375.0,3375.0,3375.0,3375.0,3375.0,3375.0,3375.0,3375.0,3375.0,3375.0,3375.0,3375.0,3375.0,3375.0,3375.0,3375.0,3375.0,3375.0,3375.0,5.0,,,,,,,,,,,,,,,,,,0.5,283.5663,281.1528,279.6553,279.3327,280.2644,282.3664,285.4413,289.2437,293.5418,298.1636,303.0186,308.0974,313.4537,319.1768,325.3617,332.082,339.3702,347.2056,355.5123,364.1647,277.7602120330481,372.9998976793544,811.2948,47.24850000000004,126.22140000000002,-30.6336
3376,3376,3376.0,3376.0,3376.0,3376.0,3376.0,3376.0,3376.0,3376.0,3376.0,3376.0,3376.0,3376.0,3376.0,3376.0,3376.0,3376.0,3376.0,3376.0,3376.0,3376.0,3376.0,3376.0,3376.0,3376.0,3376.0,3376.0,3376.0,3376.0,3376.0,3376.0,3376.0,3376.0,6.0,,,,,,,,,,,,,,,,,,0.6,279.1581,280.6311,282.2527,284.0936,286.219,288.6857,291.539,294.8111,298.5215,302.6774,307.2769,312.3108,317.7653,323.6218,329.8574,336.4427,343.3409,350.5056,357.8812,365.403,270.8500557238458,372.999974353052,858.5433,27.427599999999984,78.97289999999998,-24.314300000000003
3377,3377,3377.0,3377.0,3377.0,3377.0,3377.0,3377.0,3377.0,3377.0,3377.0,3377.0,3377.0,3377.0,3377.0,3377.0,3377.0,3377.0,3377.0,3377.0,3377.0,3377.0,3377.0,3377.0,3377.0,3377.0,3377.0,3377.0,3377.0,3377.0,3377.0,3377.0,3377.0,3377.0,7.0,,,,,,,,,,,,,,,,,,0.7,274.1348,277.422,280.7201,284.0475,287.4343,290.9209,294.5542,298.3825,302.4509,306.7966,311.4466,316.4161,321.7087,327.317,333.2234,339.4018,345.8184,352.4334,359.2017,366.0744,262.9996076133717,372.9999424001867,885.9709,20.9597,51.5453,-22.079099999999983
3378,3378,3378.0,3378.0,3378.0,3378.0,3378.0,3378.0,3378.0,3378.0,3378.0,3378.0,3378.0,3378.0,3378.0,3378.0,3378.0,3378.0,3378.0,3378.0,3378.0,3378.0,3378.0,3378.0,3378.0,3378.0,3378.0,3378.0,3378.0,3378.0,3378.0,3378.0,3378.0,3378.0,8.0,,,,,,,,,,,,,,,,,,0.8,267.8123,272.5877,277.2971,281.9273,286.4834,290.9883,295.4793,300.0017,304.6031,309.3278,314.2127,319.2849,324.5609,330.0463,335.7368,341.6194,347.6735,353.8721,360.1835,366.5721,271.0401478416008,372.9999607772096,906.9306,18.217599999999948,30.5856,-22.01170000000002
3379,3379,3379.0,3379.0,3379.0,3379.0,3379.0,3379.0,3379.0,3379.0,3379.0,3379.0,3379.0,3379.0,3379.0,3379.0,3379.0,3379.0,3379.0,3379.0,3379.0,3379.0,3379.0,3379.0,3379.0,3379.0,3379.0,3379.0,3379.0,3379.0,3379.0,3379.0,3379.0,3379.0,9.0,,,,,,,,,,,,,,,,,,0.9,274.3513,277.7262,281.221,284.8793,288.7287,292.7822,297.0403,301.4962,306.1394,310.9591,315.9459,321.0923,326.3918,331.8379,337.4222,343.134,348.9594,354.8806,360.8771,366.9254,280.6318046812682,372.9999746481366,925.1482,12.368000000000052,12.368000000000052,-20.21780000000001
3380,3380,3380.0,3380.0,3380.0,3380.0,3380.0,3380.0,3380.0,3380.0,3380.0,3380.0,3380.0,3380.0,3380.0,3380.0,3380.0,3380.0,3380.0,3380.0,3380.0,3380.0,3380.0,3380.0,3380.0,3380.0,3380.0,3380.0,3380.0,3380.0,3380.0,3380.0,3380.0,3380.0,0.0,,,,,,,,,,,,,,,,,,0.0,273.0,273.0,273.0,273.0,273.0,273.0,273.0,273.0,273.0,273.0,273.0,273.0,273.0,273.0,273.0,273.0,273.0,273.0,273.0,273.0,372.9998809372579,372.9999564825993,0.0,368.7879,913.739,-40.0
3381,3381,3381.0,3381.0,3381.0,3381.0,3381.0,3381.0,3381.0,3381.0,3381.0,3381.0,3381.0,3381.0,3381.0,3381.0,3381.0,3381.0,3381.0,3381.0,3381.0,3381.0,3381.0,3381.0,3381.0,3381.0,3381.0,3381.0,3381.0,3381.0,3381.0,3381.0,3381.0,3381.0,1.0,,,,,,,,,,,,,,,,,,0.1,355.9582,339.696,324.8873,312.0201,301.3574,292.9443,286.6546,282.2609,279.5107,278.1944,278.1944,279.5107,282.2609,286.6547,292.9443,301.3574,312.0201,324.8873,339.696,355.9583,370.0993985330883,357.6444739231377,368.7879,152.76010000000002,544.9511,-20.0557
3382,3382,3382.0,3382.0,3382.0,3382.0,3382.0,3382.0,3382.0,3382.0,3382.0,3382.0,3382.0,3382.0,3382.0,3382.0,3382.0,3382.0,3382.0,3382.0,3382.0,3382.0,3382.0,3382.0,3382.0,3382.0,3382.0,3382.0,3382.0,3382.0,3382.0,3382.0,3382.0,3382.0,2.0,,,,,,,,,,,,,,,,,,0.2,358.6696,347.527,336.9462,327.1775,318.4386,310.9083,304.7247,299.9856,296.7518,295.0508,294.8798,296.2079,298.9766,303.0994,308.4622,314.9252,322.3263,330.4876,339.2218,348.3379,308.36372093471937,273.81846767244417,521.548,85.65279999999996,392.191,-2.091700000000003
3383,3383,3383.0,3383.0,3383.0,3383.0,3383.0,3383.0,3383.0,3383.0,3383.0,3383.0,3383.0,3383.0,3383.0,3383.0,3383.0,3383.0,3383.0,3383.0,3383.0,3383.0,3383.0,3383.0,3383.0,3383.0,3383.0,3383.0,3383.0,3383.0,3383.0,3383.0,3383.0,3383.0,3.0,,,,,,,,,,,,,,,,,,0.3,310.0138,311.3797,312.2365,312.4623,312.0572,311.1338,309.8837,308.5304,307.2784,306.2678,305.542,305.0311,304.5545,303.8422,302.5763,300.4473,297.2183,292.7849,287.2157,280.7601,176.2654424587986,372.99990527663545,607.2008,94.32630000000006,306.5382000000001,-1.866199999999992
3384,3384,3384.0,3384.0,3384.0,3384.0,3384.0,3384.0,3384.0,3384.0,3384.0,3384.0,3384.0,3384.0,3384.0,3384.0,3384.0,3384.0,3384.0,3384.0,3384.0,3384.0,3384.0,3384.0,3384.0,3384.0,3384.0,3384.0,3384.0,3384.0,3384.0,3384.0,3384.0,3384.0,4.0,,,,,,,,,,,,,,,,,,0.4,199.0893,220.8371,240.5798,257.6484,271.6942,282.6861,290.8601,296.6408,300.5588,303.184,305.0822,306.7951,308.8324,311.6664,315.7148,321.3102,328.6548,337.7758,348.4933,360.4203,284.821647038968,372.9999590348324,701.5271,89.31510000000003,212.2119,-30.31389999999999
3385,3385,3385.0,3385.0,3385.0,3385.0,3385.0,3385.0,3385.0,3385.0,3385.0,3385.0,3385.0,3385.0,3385.0,3385.0,3385.0,3385.0,3385.0,3385.0,3385.0,3385.0,3385.0,3385.0,3385.0,3385.0,3385.0,3385.0,3385.0,3385.0,3385.0,3385.0,3385.0,3385.0,5.0,,,,,,,,,,,,,,,,,,0.5,282.3636,280.3864,279.2845,279.3033,280.5143,282.8321,286.0631,289.9688,294.3262,298.9721,303.8236,308.8775,314.1916,319.8582,325.9738,332.6133,339.81,347.5446,355.7429,364.2815,276.82081366974467,372.9999335625205,790.8422,44.99919999999997,122.89679999999998,-30.16789999999997
3386,3386,3386.0,3386.0,3386.0,3386.0,3386.0,3386.0,3386.0,3386.0,3386.0,3386.0,3386.0,3386.0,3386.0,3386.0,3386.0,3386.0,3386.0,3386.0,3386.0,3386.0,3386.0,3386.0,3386.0,3386.0,3386.0,3386.0,3386.0,3386.0,3386.0,3386.0,3386.0,3386.0,6.0,,,,,,,,,,,,,,,,,,0.6,278.4123,280.076,281.8829,283.9005,286.1906,288.8061,291.7892,295.1694,298.9641,303.18,307.8153,312.8621,318.3082,324.1375,330.3292,336.8568,343.6857,350.772,358.0625,365.4949,270.33766528231854,372.9999581520856,835.8414,26.640199999999936,77.89760000000001,-24.193899999999985
3387,3387,3387.0,3387.0,3387.0,3387.0,3387.0,3387.0,3387.0,3387.0,3387.0,3387.0,3387.0,3387.0,3387.0,3387.0,3387.0,3387.0,3387.0,3387.0,3387.0,3387.0,3387.0,3387.0,3387.0,3387.0,3387.0,3387.0,3387.0,3387.0,3387.0,3387.0,3387.0,3387.0,7.0,,,,,,,,,,,,,,,,,,0.7,273.7119,277.0892,280.4782,283.8967,287.3737,290.9475,294.6625,298.5645,302.6958,307.0917,311.7776,316.7681,322.0666,327.666,333.55,339.6936,346.065,352.626,359.3338,366.1416,262.4383363575476,372.9999902872578,862.4816,20.75150000000008,51.25740000000008,-22.05250000000001
3388,3388,3388.0,3388.0,3388.0,3388.0,3388.0,3388.0,3388.0,3388.0,3388.0,3388.0,3388.0,3388.0,3388.0,3388.0,3388.0,3388.0,3388.0,3388.0,3388.0,3388.0,3388.0,3388.0,3388.0,3388.0,3388.0,3388.0,3388.0,3388.0,3388.0,3388.0,3388.0,3388.0,8.0,,,,,,,,,,,,,,,,,,0.8,267.344,272.211,277.0094,281.7248,286.361,290.9401,295.4979,300.0791,304.7302,309.495,314.4097,319.5012,324.786,330.2698,335.949,341.8112,347.837,354.0008,360.2723,366.6174,270.97745926030825,372.9999521108061,883.2331,18.253299999999967,30.5059,-22.059900000000027
3389,3389,3389.0,3389.0,3389.0,3389.0,3389.0,3389.0,3389.0,3389.0,3389.0,3389.0,3389.0,3389.0,3389.0,3389.0,3389.0,3389.0,3389.0,3389.0,3389.0,3389.0,3389.0,3389.0,3389.0,3389.0,3389.0,3389.0,3389.0,3389.0,3389.0,3389.0,3389.0,3389.0,9.0,,,,,,,,,,,,,,,,,,0.9,274.2837,277.6562,281.1536,284.8208,288.6859,292.7608,297.0447,301.5285,306.1993,311.0441,316.0519,321.2139,326.5226,331.971,337.5511,343.2523,349.0614,354.9616,360.9332,366.954,281.6495808119573,372.9999341436591,901.4864,12.25260000000003,12.25260000000003,-20.239199999999983
3390,3390,3390.0,3390.0,3390.0,3390.0,3390.0,3390.0,3390.0,3390.0,3390.0,3390.0,3390.0,3390.0,3390.0,3390.0,3390.0,3390.0,3390.0,3390.0,3390.0,3390.0,3390.0,3390.0,3390.0,3390.0,3390.0,3390.0,3390.0,3390.0,3390.0,3390.0,3390.0,3390.0,0.0,,,,,,,,,,,,,,,,,,0.0,273.0,273.0,273.0,273.0,273.0,273.0,273.0,273.0,273.0,273.0,273.0,273.0,273.0,273.0,273.0,273.0,273.0,273.0,273.0,273.0,372.9999005546688,372.9999258766808,0.0,368.7879,937.8922,-40.0
3391,3391,3391.0,3391.0,3391.0,3391.0,3391.0,3391.0,3391.0,3391.0,3391.0,3391.0,3391.0,3391.0,3391.0,3391.0,3391.0,3391.0,3391.0,3391.0,3391.0,3391.0,3391.0,3391.0,3391.0,3391.0,3391.0,3391.0,3391.0,3391.0,3391.0,3391.0,3391.0,3391.0,1.0,,,,,,,,,,,,,,,,,,0.1,355.9582,339.696,324.8873,312.0201,301.3574,292.9443,286.6547,282.2609,279.5107,278.1944,278.1944,279.5107,282.2609,286.6547,292.9443,301.3574,312.0201,324.8873,339.696,355.9582,372.794472313879,350.43684806926603,368.7879,154.8489,569.1043,-20.0557
3392,3392,3392.0,3392.0,3392.0,3392.0,3392.0,3392.0,3392.0,3392.0,3392.0,3392.0,3392.0,3392.0,3392.0,3392.0,3392.0,3392.0,3392.0,3392.0,3392.0,3392.0,3392.0,3392.0,3392.0,3392.0,3392.0,3392.0,3392.0,3392.0,3392.0,3392.0,3392.0,3392.0,2.0,,,,,,,,,,,,,,,,,,0.2,360.9052,349.3239,338.343,328.2257,319.1955,311.4308,305.0627,300.1777,296.8211,295.0016,294.6946,295.8448,298.3665,302.1452,307.0398,312.8886,319.5173,326.7493,334.4153,342.3588,302.84374676011794,273.972998401995,523.6368,92.2428,414.2554,-1.5692000000000237
3393,3393,3393.0,3393.0,3393.0,3393.0,3393.0,3393.0,3393.0,3393.0,3393.0,3393.0,3393.0,3393.0,3393.0,3393.0,3393.0,3393.0,3393.0,3393.0,3393.0,3393.0,3393.0,3393.0,3393.0,3393.0,3393.0,3393.0,3393.0,3393.0,3393.0,3393.0,3393.0,3393.0,3.0,,,,,,,,,,,,,,,,,,0.3,305.5566,307.9267,309.6785,310.6537,310.8333,310.3275,309.3393,308.1126,306.8772,305.8004,304.9525,304.2905,303.6603,302.819,301.4749,299.3413,296.198,291.9468,286.6494,280.5352,175.25117425707256,372.99625602254577,615.8796,100.0938,322.0126,-2.6725000000000136
3394,3394,3394.0,3394.0,3394.0,3394.0,3394.0,3394.0,3394.0,3394.0,3394.0,3394.0,3394.0,3394.0,3394.0,3394.0,3394.0,3394.0,3394.0,3394.0,3394.0,3394.0,3394.0,3394.0,3394.0,3394.0,3394.0,3394.0,3394.0,3394.0,3394.0,3394.0,3394.0,3394.0,4.0,,,,,,,,,,,,,,,,,,0.4,197.9967,219.6807,239.3849,256.4466,270.5161,281.5563,289.7936,295.6424,299.6246,302.3048,304.2479,305.9979,308.0701,310.9432,315.0419,320.704,328.1351,337.3628,348.2052,360.2708,286.42874477768567,372.9999464363676,715.9734,95.78930000000004,221.91880000000003,-31.44369999999998
3395,3395,3395.0,3395.0,3395.0,3395.0,3395.0,3395.0,3395.0,3395.0,3395.0,3395.0,3395.0,3395.0,3395.0,3395.0,3395.0,3395.0,3395.0,3395.0,3395.0,3395.0,3395.0,3395.0,3395.0,3395.0,3395.0,3395.0,3395.0,3395.0,3395.0,3395.0,3395.0,3395.0,5.0,,,,,,,,,,,,,,,,,,0.5,283.5121,281.0992,279.6043,279.287,280.2266,282.3387,285.4256,289.2408,293.5519,298.1858,303.0515,308.139,313.5015,319.228,325.4134,332.1312,339.4138,347.2409,355.5372,364.1776,277.760467682998,372.9999652085556,811.7627,47.2201,126.1295,-30.661299999999983
3396,3396,3396.0,3396.0,3396.0,3396.0,3396.0,3396.0,3396.0,3396.0,3396.0,3396.0,3396.0,3396.0,3396.0,3396.0,3396.0,3396.0,3396.0,3396.0,3396.0,3396.0,3396.0,3396.0,3396.0,3396.0,3396.0,3396.0,3396.0,3396.0,3396.0,3396.0,3396.0,3396.0,6.0,,,,,,,,,,,,,,,,,,0.6,279.1543,280.6238,282.243,284.0831,286.2094,288.6785,291.5356,294.8127,298.5285,302.69,307.2946,312.3329,317.7905,323.6488,329.8845,336.4684,343.3635,350.5239,357.8941,365.4097,270.8500557238458,372.999974353052,858.9828,27.402000000000044,78.9094,-24.32150000000001
3397,3397,3397.0,3397.0,3397.0,3397.0,3397.0,3397.0,3397.0,3397.0,3397.0,3397.0,3397.0,3397.0,3397.0,3397.0,3397.0,3397.0,3397.0,3397.0,3397.0,3397.0,3397.0,3397.0,3397.0,3397.0,3397.0,3397.0,3397.0,3397.0,3397.0,3397.0,3397.0,3397.0,7.0,,,,,,,,,,,,,,,,,,0.7,274.1343,277.4212,280.7193,284.0471,287.4347,290.9226,294.5576,298.388,302.4586,306.8065,311.4585,316.4296,321.7234,327.3321,333.2383,339.4156,345.8305,352.4431,359.2085,366.0779,262.9996076133717,372.9999424001867,886.3848,20.94169999999997,51.50739999999996,-22.07740000000001
3398,3398,3398.0,3398.0,3398.0,3398.0,3398.0,3398.0,3398.0,3398.0,3398.0,3398.0,3398.0,3398.0,3398.0,3398.0,3398.0,3398.0,3398.0,3398.0,3398.0,3398.0,3398.0,3398.0,3398.0,3398.0,3398.0,3398.0,3398.0,3398.0,3398.0,3398.0,3398.0,3398.0,8.0,,,,,,,,,,,,,,,,,,0.8,267.8128,272.5887,277.2988,281.9296,286.4865,290.9924,295.4843,300.0078,304.6102,309.3358,314.2215,319.2943,324.5705,330.0558,335.7459,341.6277,347.6806,353.8777,360.1874,366.5741,271.0399399213957,372.9999607583168,907.3265,18.20500000000004,30.5657,-22.007600000000025
3399,3399,3399.0,3399.0,3399.0,3399.0,3399.0,3399.0,3399.0,3399.0,3399.0,3399.0,3399.0,3399.0,3399.0,3399.0,3399.0,3399.0,3399.0,3399.0,3399.0,3399.0,3399.0,3399.0,3399.0,3399.0,3399.0,3399.0,3399.0,3399.0,3399.0,3399.0,3399.0,3399.0,9.0,,,,,,,,,,,,,,,,,,0.9,274.3518,277.7274,281.223,284.882,288.7322,292.7863,297.0452,301.5017,306.1454,310.9655,315.9526,321.0992,326.3987,331.8444,337.4283,343.1395,348.964,354.8843,360.8796,366.9266,280.6320142477149,372.9999464363672,925.5315,12.360699999999952,12.360699999999952,-20.213700000000017
3400,3400,3400.0,3400.0,3400.0,3400.0,3400.0,3400.0,3400.0,3400.0,3400.0,3400.0,3400.0,3400.0,3400.0,3400.0,3400.0,3400.0,3400.0,3400.0,3400.0,3400.0,3400.0,3400.0,3400.0,3400.0,3400.0,3400.0,3400.0,3400.0,3400.0,3400.0,3400.0,3400.0,0.0,,,,,,,,,,,,,,,,,,0.0,273.0,273.0,273.0,273.0,273.0,273.0,273.0,273.0,273.0,273.0,273.0,273.0,273.0,273.0,273.0,273.0,273.0,273.0,273.0,273.0,372.9999129897725,372.9998357203429,0.0,368.7879,777.4597,-40.0
3401,3401,3401.0,3401.0,3401.0,3401.0,3401.0,3401.0,3401.0,3401.0,3401.0,3401.0,3401.0,3401.0,3401.0,3401.0,3401.0,3401.0,3401.0,3401.0,3401.0,3401.0,3401.0,3401.0,3401.0,3401.0,3401.0,3401.0,3401.0,3401.0,3401.0,3401.0,3401.0,3401.0,1.0,,,,,,,,,,,,,,,,,,0.1,355.9582,339.696,324.8873,312.0201,301.3574,292.9443,286.6547,282.2609,279.5107,278.1944,278.1944,279.5107,282.2609,286.6546,292.9443,301.3574,312.0201,324.8872,339.6959,355.9582,364.3567045420549,372.9991017753897,368.7879,148.69580000000002,408.6718,-20.0557
3402,3402,3402.0,3402.0,3402.0,3402.0,3402.0,3402.0,3402.0,3402.0,3402.0,3402.0,3402.0,3402.0,3402.0,3402.0,3402.0,3402.0,3402.0,3402.0,3402.0,3402.0,3402.0,3402.0,3402.0,3402.0,3402.0,3402.0,3402.0,3402.0,3402.0,3402.0,3402.0,3402.0,2.0,,,,,,,,,,,,,,,,,,0.2,353.906,343.6982,333.9697,324.9441,316.8259,309.7953,304.0045,299.5761,296.604,295.1555,295.2742,296.9814,300.2762,305.1322,311.4925,319.2638,328.3104,338.4514,349.4613,361.0753,173.0011550235075,372.99993306620655,517.4837,62.07039999999995,259.976,-3.2047000000000025
3403,3403,3403.0,3403.0,3403.0,3403.0,3403.0,3403.0,3403.0,3403.0,3403.0,3403.0,3403.0,3403.0,3403.0,3403.0,3403.0,3403.0,3403.0,3403.0,3403.0,3403.0,3403.0,3403.0,3403.0,3403.0,3403.0,3403.0,3403.0,3403.0,3403.0,3403.0,3403.0,3403.0,3.0,,,,,,,,,,,,,,,,,,0.3,197.4652,220.6278,241.387,258.9937,273.1272,283.8847,291.7007,297.2257,301.1978,304.3338,307.2542,310.4443,314.245,318.8634,324.3935,330.8391,338.1351,346.165,354.775,363.7853,280.40213663827456,372.9999717701482,579.5541,69.83710000000008,197.90560000000005,-29.11529999999999
3404,3404,3404.0,3404.0,3404.0,3404.0,3404.0,3404.0,3404.0,3404.0,3404.0,3404.0,3404.0,3404.0,3404.0,3404.0,3404.0,3404.0,3404.0,3404.0,3404.0,3404.0,3404.0,3404.0,3404.0,3404.0,3404.0,3404.0,3404.0,3404.0,3404.0,3404.0,3404.0,3404.0,4.0,,,,,,,,,,,,,,,,,,0.4,278.8802,277.811,277.5662,278.3781,280.316,283.3028,287.1593,291.6626,296.6005,301.8095,307.1928,312.7183,318.4034,324.293,330.4378,336.8762,343.6231,350.6642,357.956,365.4301,269.06473848397013,372.9999581246705,649.3912,38.43439999999998,128.06849999999997,-29.69720000000001
3405,3405,3405.0,3405.0,3405.0,3405.0,3405.0,3405.0,3405.0,3405.0,3405.0,3405.0,3405.0,3405.0,3405.0,3405.0,3405.0,3405.0,3405.0,3405.0,3405.0,3405.0,3405.0,3405.0,3405.0,3405.0,3405.0,3405.0,3405.0,3405.0,3405.0,3405.0,3405.0,3405.0,5.0,,,,,,,,,,,,,,,,,,0.5,272.0084,274.9897,278.0489,281.2294,284.577,288.1365,291.9476,296.0414,300.4374,305.1437,310.1579,315.4694,321.0623,326.9169,333.0108,339.3194,345.8153,352.4676,359.2417,366.0995,263.7918423057436,372.9999545229642,687.8256,27.08839999999998,89.63409999999999,-24.863499999999988
3406,3406,3406.0,3406.0,3406.0,3406.0,3406.0,3406.0,3406.0,3406.0,3406.0,3406.0,3406.0,3406.0,3406.0,3406.0,3406.0,3406.0,3406.0,3406.0,3406.0,3406.0,3406.0,3406.0,3406.0,3406.0,3406.0,3406.0,3406.0,3406.0,3406.0,3406.0,3406.0,3406.0,6.0,,,,,,,,,,,,,,,,,,0.6,268.0576,272.3184,276.5743,280.8333,285.1133,289.4412,293.8493,298.3724,303.0429,307.8881,312.9278,318.1735,323.628,329.2863,335.1364,341.1608,347.3371,353.6392,360.0379,366.5024,263.3663569349374,372.9998925019,714.914,23.004400000000032,62.54570000000001,-23.55880000000002
3407,3407,3407.0,3407.0,3407.0,3407.0,3407.0,3407.0,3407.0,3407.0,3407.0,3407.0,3407.0,3407.0,3407.0,3407.0,3407.0,3407.0,3407.0,3407.0,3407.0,3407.0,3407.0,3407.0,3407.0,3407.0,3407.0,3407.0,3407.0,3407.0,3407.0,3407.0,3407.0,3407.0,7.0,,,,,,,,,,,,,,,,,,0.7,267.7889,272.2215,276.6751,281.162,285.6962,290.293,294.9688,299.74,304.6219,309.628,314.7688,320.051,325.4773,331.0459,336.7505,342.5805,348.5216,354.5559,360.6625,366.8186,269.6154856221735,372.9999568215305,737.9184,19.062099999999987,39.54129999999998,-22.707
3408,3408,3408.0,3408.0,3408.0,3408.0,3408.0,3408.0,3408.0,3408.0,3408.0,3408.0,3408.0,3408.0,3408.0,3408.0,3408.0,3408.0,3408.0,3408.0,3408.0,3408.0,3408.0,3408.0,3408.0,3408.0,3408.0,3408.0,3408.0,3408.0,3408.0,3408.0,3408.0,3408.0,8.0,,,,,,,,,,,,,,,,,,0.8,273.1036,276.653,280.3181,284.1416,288.1515,292.3612,296.7717,301.3755,306.1602,311.1115,316.2154,321.4592,326.8313,332.3209,337.9172,343.6087,349.3826,355.2249,361.1199,367.0508,279.9520916971956,372.9998679022213,756.9805,13.02679999999998,20.47919999999999,-20.638800000000003
3409,3409,3409.0,3409.0,3409.0,3409.0,3409.0,3409.0,3409.0,3409.0,3409.0,3409.0,3409.0,3409.0,3409.0,3409.0,3409.0,3409.0,3409.0,3409.0,3409.0,3409.0,3409.0,3409.0,3409.0,3409.0,3409.0,3409.0,3409.0,3409.0,3409.0,3409.0,3409.0,3409.0,9.0,,,,,,,,,,,,,,,,,,0.9,282.1184,284.3937,286.8743,289.6348,292.7223,296.1562,299.9323,304.0288,308.4138,313.0514,317.9063,322.9464,328.1437,333.4744,338.9178,344.4559,350.0718,355.7496,361.4739,367.2291,291.76155588760525,372.9998679022213,770.0073,7.4524000000000115,7.4524000000000115,-16.843799999999987
3410,3410,3410.0,3410.0,3410.0,3410.0,3410.0,3410.0,3410.0,3410.0,3410.0,3410.0,3410.0,3410.0,3410.0,3410.0,3410.0,3410.0,3410.0,3410.0,3410.0,3410.0,3410.0,3410.0,3410.0,3410.0,3410.0,3410.0,3410.0,3410.0,3410.0,3410.0,3410.0,3410.0,0.0,,,,,,,,,,,,,,,,,,0.0,273.0,273.0,273.0,273.0,273.0,273.0,273.0,273.0,273.0,273.0,273.0,273.0,273.0,273.0,273.0,273.0,273.0,273.0,273.0,273.0,372.9999251496256,372.9999658282179,0.0,368.7879,777.4783,-40.0
3411,3411,3411.0,3411.0,3411.0,3411.0,3411.0,3411.0,3411.0,3411.0,3411.0,3411.0,3411.0,3411.0,3411.0,3411.0,3411.0,3411.0,3411.0,3411.0,3411.0,3411.0,3411.0,3411.0,3411.0,3411.0,3411.0,3411.0,3411.0,3411.0,3411.0,3411.0,3411.0,3411.0,1.0,,,,,,,,,,,,,,,,,,0.1,355.9582,339.696,324.8873,312.0201,301.3574,292.9443,286.6547,282.2609,279.5107,278.1944,278.1944,279.5107,282.2609,286.6547,292.9443,301.3574,312.0201,324.8873,339.696,355.9583,364.3625816494444,372.9867377762978,368.7879,148.69880000000006,408.6904,-20.0557
3412,3412,3412.0,3412.0,3412.0,3412.0,3412.0,3412.0,3412.0,3412.0,3412.0,3412.0,3412.0,3412.0,3412.0,3412.0,3412.0,3412.0,3412.0,3412.0,3412.0,3412.0,3412.0,3412.0,3412.0,3412.0,3412.0,3412.0,3412.0,3412.0,3412.0,3412.0,3412.0,3412.0,2.0,,,,,,,,,,,,,,,,,,0.2,353.9109,343.7021,333.9728,324.9464,316.8275,309.7964,304.0052,299.5765,296.6042,295.1555,295.2739,296.9808,300.2752,305.1305,311.4901,319.2603,328.3056,338.445,349.4531,361.065,173.00003679969305,372.9999204480261,517.4867,62.07869999999991,259.99159999999995,-3.2035999999999945
3413,3413,3413.0,3413.0,3413.0,3413.0,3413.0,3413.0,3413.0,3413.0,3413.0,3413.0,3413.0,3413.0,3413.0,3413.0,3413.0,3413.0,3413.0,3413.0,3413.0,3413.0,3413.0,3413.0,3413.0,3413.0,3413.0,3413.0,3413.0,3413.0,3413.0,3413.0,3413.0,3413.0,3.0,,,,,,,,,,,,,,,,,,0.3,197.4646,220.6275,241.3871,258.994,273.1277,283.8852,291.7011,297.2259,301.1977,304.3334,307.2534,310.4432,314.2435,318.8617,324.3916,330.8372,338.1333,346.1634,354.7738,363.7847,280.40213663827456,372.9999717701482,579.5654,69.83950000000004,197.91290000000004,-29.1148
3414,3414,3414.0,3414.0,3414.0,3414.0,3414.0,3414.0,3414.0,3414.0,3414.0,3414.0,3414.0,3414.0,3414.0,3414.0,3414.0,3414.0,3414.0,3414.0,3414.0,3414.0,3414.0,3414.0,3414.0,3414.0,3414.0,3414.0,3414.0,3414.0,3414.0,3414.0,3414.0,3414.0,4.0,,,,,,,,,,,,,,,,,,0.4,278.8802,277.811,277.5662,278.3781,280.316,283.3027,287.1591,291.6623,296.6001,301.8089,307.1921,312.7175,318.4025,324.2921,330.4368,336.8753,343.6223,350.6635,357.9555,365.4298,269.0646204100632,372.99985628100734,649.4049,38.43610000000001,128.0734,-29.697299999999984
3415,3415,3415.0,3415.0,3415.0,3415.0,3415.0,3415.0,3415.0,3415.0,3415.0,3415.0,3415.0,3415.0,3415.0,3415.0,3415.0,3415.0,3415.0,3415.0,3415.0,3415.0,3415.0,3415.0,3415.0,3415.0,3415.0,3415.0,3415.0,3415.0,3415.0,3415.0,3415.0,3415.0,5.0,,,,,,,,,,,,,,,,,,0.5,272.0083,274.9896,278.0488,281.2292,284.5768,288.1362,291.9473,296.041,300.437,305.1432,310.1573,315.4689,321.0617,326.9163,333.0102,339.3188,345.8148,352.4672,359.2414,366.0993,263.79181911883467,372.9998387516376,687.841,27.0897,89.63729999999998,-24.863800000000023
3416,3416,3416.0,3416.0,3416.0,3416.0,3416.0,3416.0,3416.0,3416.0,3416.0,3416.0,3416.0,3416.0,3416.0,3416.0,3416.0,3416.0,3416.0,3416.0,3416.0,3416.0,3416.0,3416.0,3416.0,3416.0,3416.0,3416.0,3416.0,3416.0,3416.0,3416.0,3416.0,3416.0,6.0,,,,,,,,,,,,,,,,,,0.6,268.0575,272.3183,276.5741,280.8331,285.1131,289.4409,293.849,298.372,303.0425,307.8877,312.9274,318.1731,323.6276,329.2858,335.136,341.1605,347.3368,353.6389,360.0377,366.5022,263.3664094615602,372.9999928823534,714.9307,23.00530000000004,62.54759999999999,-23.5591
3417,3417,3417.0,3417.0,3417.0,3417.0,3417.0,3417.0,3417.0,3417.0,3417.0,3417.0,3417.0,3417.0,3417.0,3417.0,3417.0,3417.0,3417.0,3417.0,3417.0,3417.0,3417.0,3417.0,3417.0,3417.0,3417.0,3417.0,3417.0,3417.0,3417.0,3417.0,3417.0,3417.0,7.0,,,,,,,,,,,,,,,,,,0.7,267.7889,272.2214,276.675,281.1619,285.696,290.2928,294.9685,299.7397,304.6216,309.6277,314.7684,320.0506,325.4769,331.0456,336.7502,342.5803,348.5214,354.5557,360.6624,366.8187,269.61543877387254,372.9998594213157,737.936,19.06259999999997,39.54229999999996,-22.7072
3418,3418,3418.0,3418.0,3418.0,3418.0,3418.0,3418.0,3418.0,3418.0,3418.0,3418.0,3418.0,3418.0,3418.0,3418.0,3418.0,3418.0,3418.0,3418.0,3418.0,3418.0,3418.0,3418.0,3418.0,3418.0,3418.0,3418.0,3418.0,3418.0,3418.0,3418.0,3418.0,3418.0,8.0,,,,,,,,,,,,,,,,,,0.8,273.1035,276.6529,280.318,284.1415,288.1513,292.361,296.7715,301.3753,306.16,311.1113,316.2152,321.4589,326.831,332.3207,337.917,343.6085,349.3824,355.2247,361.1197,367.0507,279.95212744599803,372.9999700355049,756.9986,13.027199999999992,20.47969999999998,-20.63900000000001
3419,3419,3419.0,3419.0,3419.0,3419.0,3419.0,3419.0,3419.0,3419.0,3419.0,3419.0,3419.0,3419.0,3419.0,3419.0,3419.0,3419.0,3419.0,3419.0,3419.0,3419.0,3419.0,3419.0,3419.0,3419.0,3419.0,3419.0,3419.0,3419.0,3419.0,3419.0,3419.0,3419.0,9.0,,,,,,,,,,,,,,,,,,0.9,282.1184,284.3936,286.8742,289.6347,292.7221,296.1561,299.9321,304.0286,308.4136,313.0512,317.9061,322.9462,328.1435,333.4742,338.9177,344.4557,350.0717,355.7496,361.4739,367.2292,291.762137316923,372.9999183739177,770.0258,7.452499999999986,7.452499999999986,-16.84390000000002
3420,3420,3420.0,3420.0,3420.0,3420.0,3420.0,3420.0,3420.0,3420.0,3420.0,3420.0,3420.0,3420.0,3420.0,3420.0,3420.0,3420.0,3420.0,3420.0,3420.0,3420.0,3420.0,3420.0,3420.0,3420.0,3420.0,3420.0,3420.0,3420.0,3420.0,3420.0,3420.0,0.0,,,,,,,,,,,,,,,,,,,0.0,273.0,273.0,273.0,273.0,273.0,273.0,273.0,273.0,273.0,273.0,273.0,273.0,273.0,273.0,273.0,273.0,273.0,273.0,273.0,273.0,372.9998899778839,372.99996737727446,0.0,368.7879,758.5162,11.43119999999999
3421,3421,3421.0,3421.0,3421.0,3421.0,3421.0,3421.0,3421.0,3421.0,3421.0,3421.0,3421.0,3421.0,3421.0,3421.0,3421.0,3421.0,3421.0,3421.0,3421.0,3421.0,3421.0,3421.0,3421.0,3421.0,3421.0,3421.0,3421.0,3421.0,3421.0,3421.0,3421.0,1.0,,,,,,,,,,,,,,,,,,,0.1,355.9582,339.696,324.8873,312.0201,301.3574,292.9443,286.6546,282.2609,279.5107,278.1944,278.1944,279.5107,282.2609,286.6547,292.9443,301.3574,312.0201,324.8873,339.696,355.9583,372.9999515677959,372.9998422926235,368.7879,149.9826,389.7283000000001,11.43119999999999
3422,3422,3422.0,3422.0,3422.0,3422.0,3422.0,3422.0,3422.0,3422.0,3422.0,3422.0,3422.0,3422.0,3422.0,3422.0,3422.0,3422.0,3422.0,3422.0,3422.0,3422.0,3422.0,3422.0,3422.0,3422.0,3422.0,3422.0,3422.0,3422.0,3422.0,3422.0,3422.0,2.0,,,,,,,,,,,,,,,,,,,0.2,361.0761,349.4623,338.4531,328.3136,319.2703,311.5058,305.1584,300.3265,297.0742,295.4395,295.4395,297.0742,300.3265,305.1584,311.5058,319.2703,328.3135,338.453,349.4623,361.076,173.0000336918245,372.99990260370623,518.7705,61.47320000000002,239.74570000000008,11.43119999999999
3423,3423,3423.0,3423.0,3423.0,3423.0,3423.0,3423.0,3423.0,3423.0,3423.0,3423.0,3423.0,3423.0,3423.0,3423.0,3423.0,3423.0,3423.0,3423.0,3423.0,3423.0,3423.0,3423.0,3423.0,3423.0,3423.0,3423.0,3423.0,3423.0,3423.0,3423.0,3423.0,3.0,,,,,,,,,,,,,,,,,,,0.3,197.8926,221.4406,242.5062,260.3179,274.5482,285.3019,293.0324,298.4149,302.2131,305.1663,307.9122,310.9471,314.6173,319.1311,324.5806,330.9662,338.2188,346.2177,354.8055,363.7993,372.99986852791767,372.999965383581,580.2437,47.14580000000001,178.27250000000004,11.43119999999999
3424,3424,3424.0,3424.0,3424.0,3424.0,3424.0,3424.0,3424.0,3424.0,3424.0,3424.0,3424.0,3424.0,3424.0,3424.0,3424.0,3424.0,3424.0,3424.0,3424.0,3424.0,3424.0,3424.0,3424.0,3424.0,3424.0,3424.0,3424.0,3424.0,3424.0,3424.0,3424.0,4.0,,,,,,,,,,,,,,,,,,,0.4,355.8862,339.9344,326.1281,315.1382,307.2631,302.4475,300.3655,300.5355,302.4351,305.5907,309.6297,314.2967,319.4413,324.9907,330.9174,337.2111,343.8568,350.8225,358.0544,365.4773,372.9998925019,372.9999130571104,627.3895,30.512100000000032,131.12670000000003,11.43119999999999
3425,3425,3425.0,3425.0,3425.0,3425.0,3425.0,3425.0,3425.0,3425.0,3425.0,3425.0,3425.0,3425.0,3425.0,3425.0,3425.0,3425.0,3425.0,3425.0,3425.0,3425.0,3425.0,3425.0,3425.0,3425.0,3425.0,3425.0,3425.0,3425.0,3425.0,3425.0,3425.0,5.0,,,,,,,,,,,,,,,,,,,0.5,362.9323,353.243,344.283,336.3526,329.684,324.4312,320.669,318.3994,317.5634,318.0567,319.7458,322.4831,326.119,330.511,335.5283,341.0539,346.9838,353.225,359.6932,366.3099,180.07413612609818,372.9999342372628,657.9016,34.93369999999993,100.6146,11.43119999999999
3426,3426,3426.0,3426.0,3426.0,3426.0,3426.0,3426.0,3426.0,3426.0,3426.0,3426.0,3426.0,3426.0,3426.0,3426.0,3426.0,3426.0,3426.0,3426.0,3426.0,3426.0,3426.0,3426.0,3426.0,3426.0,3426.0,3426.0,3426.0,3426.0,3426.0,3426.0,3426.0,6.0,,,,,,,,,,,,,,,,,,,0.6,205.8832,230.3974,252.5176,271.4909,286.9827,299.0648,308.1331,314.7876,319.7059,323.5376,326.8351,330.0194,333.3776,337.0785,341.1985,345.7471,350.6897,355.9654,361.4984,367.2054,372.681488478278,285.41839443188894,692.8353,10.613800000000085,65.68090000000007,11.43119999999999
3427,3427,3427.0,3427.0,3427.0,3427.0,3427.0,3427.0,3427.0,3427.0,3427.0,3427.0,3427.0,3427.0,3427.0,3427.0,3427.0,3427.0,3427.0,3427.0,3427.0,3427.0,3427.0,3427.0,3427.0,3427.0,3427.0,3427.0,3427.0,3427.0,3427.0,3427.0,3427.0,7.0,,,,,,,,,,,,,,,,,,,0.7,357.8933,344.2008,332.5262,323.4866,317.3341,313.9703,313.0218,313.9445,316.1264,318.9652,321.9111,324.4793,326.2435,326.8291,325.9169,323.2653,318.7482,312.3965,304.4275,295.2476,191.28286344709275,372.9942069762922,703.4491,25.16689999999994,55.06709999999998,11.43119999999999
3428,3428,3428.0,3428.0,3428.0,3428.0,3428.0,3428.0,3428.0,3428.0,3428.0,3428.0,3428.0,3428.0,3428.0,3428.0,3428.0,3428.0,3428.0,3428.0,3428.0,3428.0,3428.0,3428.0,3428.0,3428.0,3428.0,3428.0,3428.0,3428.0,3428.0,3428.0,3428.0,8.0,,,,,,,,,,,,,,,,,,,0.8,213.7947,235.2076,254.5878,271.2905,285.0182,295.8055,303.9483,309.9042,314.1955,317.336,319.7926,321.9768,324.2549,326.9602,330.3947,334.8119,340.3843,347.1638,355.0516,363.7911,313.60400271995627,372.8099578898708,728.616,15.78550000000007,29.90020000000004,11.43119999999999
3429,3429,3429.0,3429.0,3429.0,3429.0,3429.0,3429.0,3429.0,3429.0,3429.0,3429.0,3429.0,3429.0,3429.0,3429.0,3429.0,3429.0,3429.0,3429.0,3429.0,3429.0,3429.0,3429.0,3429.0,3429.0,3429.0,3429.0,3429.0,3429.0,3429.0,3429.0,3429.0,9.0,,,,,,,,,,,,,,,,,,,0.9,308.5783,304.1517,300.8213,298.9061,298.5158,299.566,301.8315,305.0173,308.8276,313.0185,317.4259,321.9705,326.6435,331.4834,336.5493,341.8961,347.5569,353.5317,359.7835,366.2417,367.33237787969983,306.3981544885823,744.4015,14.11469999999997,14.11469999999997,11.43119999999999
3430,3430,3430.0,3430.0,3430.0,3430.0,3430.0,3430.0,3430.0,3430.0,3430.0,3430.0,3430.0,3430.0,3430.0,3430.0,3430.0,3430.0,3430.0,3430.0,3430.0,3430.0,3430.0,3430.0,3430.0,3430.0,3430.0,3430.0,3430.0,3430.0,3430.0,3430.0,3430.0,0.0,,,,,,,,,,,,,,,,,,,0.0,273.0,273.0,273.0,273.0,273.0,273.0,273.0,273.0,273.0,273.0,273.0,273.0,273.0,273.0,273.0,273.0,273.0,273.0,273.0,273.0,372.99995801971727,372.9999464363676,0.0,368.7879,724.7202,-40.0
3431,3431,3431.0,3431.0,3431.0,3431.0,3431.0,3431.0,3431.0,3431.0,3431.0,3431.0,3431.0,3431.0,3431.0,3431.0,3431.0,3431.0,3431.0,3431.0,3431.0,3431.0,3431.0,3431.0,3431.0,3431.0,3431.0,3431.0,3431.0,3431.0,3431.0,3431.0,3431.0,1.0,,,,,,,,,,,,,,,,,,,0.1,355.9583,339.696,324.8873,312.0201,301.3574,292.9443,286.6547,282.2609,279.5107,278.1944,278.1944,279.5107,282.2609,286.6547,292.9443,301.3574,312.0201,324.8873,339.696,355.9582,372.99983917645466,372.99997596250654,368.7879,149.9826,355.9323,-20.0557
3432,3432,3432.0,3432.0,3432.0,3432.0,3432.0,3432.0,3432.0,3432.0,3432.0,3432.0,3432.0,3432.0,3432.0,3432.0,3432.0,3432.0,3432.0,3432.0,3432.0,3432.0,3432.0,3432.0,3432.0,3432.0,3432.0,3432.0,3432.0,3432.0,3432.0,3432.0,3432.0,2.0,,,,,,,,,,,,,,,,,,,0.2,361.076,349.4623,338.453,328.3135,319.2703,311.5058,305.1584,300.3265,297.0742,295.4395,295.4395,297.0742,300.3265,305.1585,311.5058,319.2703,328.3136,338.4531,349.4624,361.0761,173.0001001133238,372.9998114265074,518.7705,61.473100000000045,205.9497,-1.494199999999978
3433,3433,3433.0,3433.0,3433.0,3433.0,3433.0,3433.0,3433.0,3433.0,3433.0,3433.0,3433.0,3433.0,3433.0,3433.0,3433.0,3433.0,3433.0,3433.0,3433.0,3433.0,3433.0,3433.0,3433.0,3433.0,3433.0,3433.0,3433.0,3433.0,3433.0,3433.0,3433.0,3.0,,,,,,,,,,,,,,,,,,,0.3,197.8927,221.4406,242.5062,260.318,274.5482,285.3019,293.0324,298.4149,302.2131,305.1663,307.9122,310.9471,314.6173,319.1311,324.5806,330.9662,338.2188,346.2177,354.8055,363.7992,372.99980221922567,372.999969147948,580.2436,47.14580000000001,144.47659999999996,-27.69810000000001
3434,3434,3434.0,3434.0,3434.0,3434.0,3434.0,3434.0,3434.0,3434.0,3434.0,3434.0,3434.0,3434.0,3434.0,3434.0,3434.0,3434.0,3434.0,3434.0,3434.0,3434.0,3434.0,3434.0,3434.0,3434.0,3434.0,3434.0,3434.0,3434.0,3434.0,3434.0,3434.0,4.0,,,,,,,,,,,,,,,,,,,0.4,355.8861,339.9344,326.1281,315.1382,307.2631,302.4475,300.3655,300.5355,302.4352,305.5907,309.6297,314.2967,319.4413,324.9907,330.9174,337.2111,343.8568,350.8225,358.0544,365.4773,299.8620999577774,372.9543749620639,627.3894,12.358099999999922,97.33079999999995,-10.552500000000007
3435,3435,3435.0,3435.0,3435.0,3435.0,3435.0,3435.0,3435.0,3435.0,3435.0,3435.0,3435.0,3435.0,3435.0,3435.0,3435.0,3435.0,3435.0,3435.0,3435.0,3435.0,3435.0,3435.0,3435.0,3435.0,3435.0,3435.0,3435.0,3435.0,3435.0,3435.0,3435.0,5.0,,,,,,,,,,,,,,,,,,,0.5,302.2601,304.4677,306.345,307.8394,308.998,309.9557,310.9035,312.05,313.5852,315.6544,318.347,321.6967,325.691,330.2836,335.4078,340.9868,346.9405,353.1898,359.6579,366.2703,183.7272520835378,372.999859397754,639.7475,14.870700000000056,84.97270000000003,-3.044300000000021
3436,3436,3436.0,3436.0,3436.0,3436.0,3436.0,3436.0,3436.0,3436.0,3436.0,3436.0,3436.0,3436.0,3436.0,3436.0,3436.0,3436.0,3436.0,3436.0,3436.0,3436.0,3436.0,3436.0,3436.0,3436.0,3436.0,3436.0,3436.0,3436.0,3436.0,3436.0,3436.0,6.0,,,,,,,,,,,,,,,,,,,0.6,205.2884,225.9488,244.9361,261.7052,275.9888,287.7934,297.3502,305.0396,311.3103,316.6093,321.3327,325.7993,330.2429,334.8185,339.6145,344.6675,349.9766,355.5144,361.236,367.0852,372.9998403994119,372.9999591802104,654.6182,26.08439999999996,70.10199999999998,-25.20659999999998
3437,3437,3437.0,3437.0,3437.0,3437.0,3437.0,3437.0,3437.0,3437.0,3437.0,3437.0,3437.0,3437.0,3437.0,3437.0,3437.0,3437.0,3437.0,3437.0,3437.0,3437.0,3437.0,3437.0,3437.0,3437.0,3437.0,3437.0,3437.0,3437.0,3437.0,3437.0,3437.0,7.0,,,,,,,,,,,,,,,,,,,0.7,356.7251,341.6241,328.6916,318.6085,311.6781,307.8423,306.7595,307.9184,310.7519,314.7299,319.4175,324.4968,329.7627,335.1012,340.4623,345.8338,351.2203,356.63,362.0665,367.5265,206.0850463964937,372.9999525749873,680.7026,12.035100000000057,44.017600000000016,-5.157699999999977
3438,3438,3438.0,3438.0,3438.0,3438.0,3438.0,3438.0,3438.0,3438.0,3438.0,3438.0,3438.0,3438.0,3438.0,3438.0,3438.0,3438.0,3438.0,3438.0,3438.0,3438.0,3438.0,3438.0,3438.0,3438.0,3438.0,3438.0,3438.0,3438.0,3438.0,3438.0,3438.0,8.0,,,,,,,,,,,,,,,,,,,0.8,225.3469,243.6847,260.3235,274.7503,286.7646,296.4617,304.164,310.324,315.4267,319.9134,324.1353,328.3375,332.6658,337.1876,341.9154,346.8304,351.8984,357.0821,362.3466,367.6613,358.9761702666794,372.9990252989841,692.7377,15.140300000000025,31.98249999999996,-16.538299999999992
3439,3439,3439.0,3439.0,3439.0,3439.0,3439.0,3439.0,3439.0,3439.0,3439.0,3439.0,3439.0,3439.0,3439.0,3439.0,3439.0,3439.0,3439.0,3439.0,3439.0,3439.0,3439.0,3439.0,3439.0,3439.0,3439.0,3439.0,3439.0,3439.0,3439.0,3439.0,3439.0,9.0,,,,,,,,,,,,,,,,,,,0.9,346.8045,335.5526,325.9994,318.6779,313.825,311.3952,311.1231,312.6118,315.4228,319.1476,323.4516,328.0908,332.9065,337.8089,342.7555,347.7317,352.7354,357.7675,362.8266,367.907,199.81809435124788,372.9999474889496,707.878,16.842199999999934,16.842199999999934,-1.6048000000000116
3440,3440,3440.0,3440.0,3440.0,3440.0,3440.0,3440.0,3440.0,3440.0,3440.0,3440.0,3440.0,3440.0,3440.0,3440.0,3440.0,3440.0,3440.0,3440.0,3440.0,3440.0,3440.0,3440.0,3440.0,3440.0,3440.0,3440.0,3440.0,3440.0,3440.0,3440.0,3440.0,0.0,,,,,,,,,,,,,,,,,,,0.0,273.0,273.0,273.0,273.0,273.0,273.0,273.0,273.0,273.0,273.0,273.0,273.0,273.0,273.0,273.0,273.0,273.0,273.0,273.0,273.0,372.99993904352687,372.9999790961938,0.0,368.7878,769.6,11.43119999999999
3441,3441,3441.0,3441.0,3441.0,3441.0,3441.0,3441.0,3441.0,3441.0,3441.0,3441.0,3441.0,3441.0,3441.0,3441.0,3441.0,3441.0,3441.0,3441.0,3441.0,3441.0,3441.0,3441.0,3441.0,3441.0,3441.0,3441.0,3441.0,3441.0,3441.0,3441.0,3441.0,1.0,,,,,,,,,,,,,,,,,,,0.1,355.9582,339.696,324.8873,312.0201,301.3574,292.9443,286.6547,282.2609,279.5107,278.1944,278.1944,279.5107,282.2609,286.6547,292.9443,301.3574,312.0201,324.8873,339.696,355.9583,372.99996304749504,372.99994708550224,368.7878,149.98269999999997,400.8122,11.43119999999999
3442,3442,3442.0,3442.0,3442.0,3442.0,3442.0,3442.0,3442.0,3442.0,3442.0,3442.0,3442.0,3442.0,3442.0,3442.0,3442.0,3442.0,3442.0,3442.0,3442.0,3442.0,3442.0,3442.0,3442.0,3442.0,3442.0,3442.0,3442.0,3442.0,3442.0,3442.0,3442.0,2.0,,,,,,,,,,,,,,,,,,,0.2,361.0761,349.4624,338.4531,328.3136,319.2703,311.5058,305.1585,300.3265,297.0742,295.4395,295.4395,297.0742,300.3265,305.1585,311.5058,319.2703,328.3136,338.4531,349.4623,361.0761,173.00006185911954,372.999788982038,518.7705,61.473100000000045,250.82950000000005,11.43119999999999
3443,3443,3443.0,3443.0,3443.0,3443.0,3443.0,3443.0,3443.0,3443.0,3443.0,3443.0,3443.0,3443.0,3443.0,3443.0,3443.0,3443.0,3443.0,3443.0,3443.0,3443.0,3443.0,3443.0,3443.0,3443.0,3443.0,3443.0,3443.0,3443.0,3443.0,3443.0,3443.0,3.0,,,,,,,,,,,,,,,,,,,0.3,197.8927,221.4406,242.5062,260.318,274.5482,285.3019,293.0324,298.4149,302.2131,305.1663,307.9123,310.9471,314.6173,319.1311,324.5806,330.9662,338.2188,346.2177,354.8055,363.7992,372.9999562175944,372.9999299028692,580.2436,47.14570000000003,189.3564,11.43119999999999
3444,3444,3444.0,3444.0,3444.0,3444.0,3444.0,3444.0,3444.0,3444.0,3444.0,3444.0,3444.0,3444.0,3444.0,3444.0,3444.0,3444.0,3444.0,3444.0,3444.0,3444.0,3444.0,3444.0,3444.0,3444.0,3444.0,3444.0,3444.0,3444.0,3444.0,3444.0,3444.0,4.0,,,,,,,,,,,,,,,,,,,0.4,355.8863,339.9345,326.1281,315.1383,307.2631,302.4475,300.3655,300.5355,302.4352,305.5907,309.6297,314.2967,319.4413,324.9906,330.9174,337.2111,343.8567,350.8225,358.0544,365.4772,372.99978898336855,372.9999464024231,627.3893,30.512200000000007,142.21069999999995,11.43119999999999
3445,3445,3445.0,3445.0,3445.0,3445.0,3445.0,3445.0,3445.0,3445.0,3445.0,3445.0,3445.0,3445.0,3445.0,3445.0,3445.0,3445.0,3445.0,3445.0,3445.0,3445.0,3445.0,3445.0,3445.0,3445.0,3445.0,3445.0,3445.0,3445.0,3445.0,3445.0,3445.0,5.0,,,,,,,,,,,,,,,,,,,0.5,362.9323,353.2429,344.2829,336.3526,329.684,324.4312,320.669,318.3994,317.5634,318.0567,319.7458,322.4831,326.119,330.511,335.5283,341.0539,346.9838,353.225,359.6933,366.3099,180.07428851588358,372.999953027244,657.9015,34.93359999999996,111.69849999999995,11.43119999999999
3446,3446,3446.0,3446.0,3446.0,3446.0,3446.0,3446.0,3446.0,3446.0,3446.0,3446.0,3446.0,3446.0,3446.0,3446.0,3446.0,3446.0,3446.0,3446.0,3446.0,3446.0,3446.0,3446.0,3446.0,3446.0,3446.0,3446.0,3446.0,3446.0,3446.0,3446.0,3446.0,6.0,,,,,,,,,,,,,,,,,,,0.6,205.8834,230.3975,252.5177,271.4909,286.9828,299.0648,308.1331,314.7876,319.7059,323.5376,326.8351,330.0194,333.3776,337.0785,341.1985,345.7471,350.6897,355.9655,361.4984,367.2054,372.5998149295893,285.6396483681219,692.8351,10.59979999999996,76.76490000000001,11.43119999999999
3447,3447,3447.0,3447.0,3447.0,3447.0,3447.0,3447.0,3447.0,3447.0,3447.0,3447.0,3447.0,3447.0,3447.0,3447.0,3447.0,3447.0,3447.0,3447.0,3447.0,3447.0,3447.0,3447.0,3447.0,3447.0,3447.0,3447.0,3447.0,3447.0,3447.0,3447.0,3447.0,7.0,,,,,,,,,,,,,,,,,,,0.7,357.8256,344.1464,332.4839,323.4549,317.3111,313.9545,313.0116,313.9388,316.1244,318.9668,321.9169,324.4904,326.2623,326.8584,325.9606,323.3278,318.8345,312.5112,304.575,295.4311,191.28286344709275,372.9942069762922,703.4349,25.080600000000004,66.16510000000005,11.43119999999999
3448,3448,3448.0,3448.0,3448.0,3448.0,3448.0,3448.0,3448.0,3448.0,3448.0,3448.0,3448.0,3448.0,3448.0,3448.0,3448.0,3448.0,3448.0,3448.0,3448.0,3448.0,3448.0,3448.0,3448.0,3448.0,3448.0,3448.0,3448.0,3448.0,3448.0,3448.0,3448.0,8.0,,,,,,,,,,,,,,,,,,,0.8,213.791,235.2007,254.5786,271.2802,285.008,295.7969,303.9426,309.9025,314.1988,317.345,319.8077,321.9981,324.2818,326.9918,330.4292,334.8471,340.4175,347.192,355.0721,363.802,366.1128214224707,302.5090031336752,728.5155,15.103200000000015,41.08450000000005,11.43119999999999
3449,3449,3449.0,3449.0,3449.0,3449.0,3449.0,3449.0,3449.0,3449.0,3449.0,3449.0,3449.0,3449.0,3449.0,3449.0,3449.0,3449.0,3449.0,3449.0,3449.0,3449.0,3449.0,3449.0,3449.0,3449.0,3449.0,3449.0,3449.0,3449.0,3449.0,3449.0,3449.0,9.0,,,,,,,,,,,,,,,,,,,0.9,352.135,339.1636,328.046,319.3513,313.3145,309.8522,308.6325,309.1729,310.9374,313.4095,316.1334,318.7246,320.8617,322.2734,322.7332,322.0685,320.1832,317.0859,312.9124,307.9287,197.29986676895163,372.99994047620254,743.6187,25.98130000000004,25.98130000000004,11.43119999999999
3450,3450,3450.0,3450.0,3450.0,3450.0,3450.0,3450.0,3450.0,3450.0,3450.0,3450.0,3450.0,3450.0,3450.0,3450.0,3450.0,3450.0,3450.0,3450.0,3450.0,3450.0,3450.0,3450.0,3450.0,3450.0,3450.0,3450.0,3450.0,3450.0,3450.0,3450.0,3450.0,0.0,,,,,,,,,,,,,,,,,,,0.0,273.0,273.0,273.0,273.0,273.0,273.0,273.0,273.0,273.0,273.0,273.0,273.0,273.0,273.0,273.0,273.0,273.0,273.0,273.0,273.0,372.9999629858773,372.9999589393311,0.0,368.7879,847.5148,11.43119999999999
3451,3451,3451.0,3451.0,3451.0,3451.0,3451.0,3451.0,3451.0,3451.0,3451.0,3451.0,3451.0,3451.0,3451.0,3451.0,3451.0,3451.0,3451.0,3451.0,3451.0,3451.0,3451.0,3451.0,3451.0,3451.0,3451.0,3451.0,3451.0,3451.0,3451.0,3451.0,3451.0,1.0,,,,,,,,,,,,,,,,,,,0.1,355.9583,339.696,324.8873,312.0201,301.3574,292.9443,286.6547,282.2609,279.5107,278.1944,278.1944,279.5107,282.2609,286.6547,292.9443,301.3574,312.0201,324.8873,339.696,355.9583,372.9997596397412,372.9999617281547,368.7879,149.9826,478.72690000000006,11.43119999999999
3452,3452,3452.0,3452.0,3452.0,3452.0,3452.0,3452.0,3452.0,3452.0,3452.0,3452.0,3452.0,3452.0,3452.0,3452.0,3452.0,3452.0,3452.0,3452.0,3452.0,3452.0,3452.0,3452.0,3452.0,3452.0,3452.0,3452.0,3452.0,3452.0,3452.0,3452.0,3452.0,2.0,,,,,,,,,,,,,,,,,,,0.2,361.076,349.4622,338.453,328.3135,319.2703,311.5058,305.1584,300.3265,297.0742,295.4395,295.4395,297.0742,300.3265,305.1585,311.5058,319.2703,328.3136,338.4531,349.4624,361.0761,173.00003369182434,372.99990260370623,518.7705,61.473100000000045,328.74430000000007,11.43119999999999
3453,3453,3453.0,3453.0,3453.0,3453.0,3453.0,3453.0,3453.0,3453.0,3453.0,3453.0,3453.0,3453.0,3453.0,3453.0,3453.0,3453.0,3453.0,3453.0,3453.0,3453.0,3453.0,3453.0,3453.0,3453.0,3453.0,3453.0,3453.0,3453.0,3453.0,3453.0,3453.0,3.0,,,,,,,,,,,,,,,,,,,0.3,197.8926,221.4406,242.5062,260.3179,274.5481,285.3018,293.0324,298.4149,302.2131,305.1663,307.9122,310.9471,314.6173,319.1311,324.5806,330.9662,338.2188,346.2177,354.8055,363.7993,372.9999335682697,372.99994954299865,580.2436,47.14580000000001,267.2712,11.43119999999999
3454,3454,3454.0,3454.0,3454.0,3454.0,3454.0,3454.0,3454.0,3454.0,3454.0,3454.0,3454.0,3454.0,3454.0,3454.0,3454.0,3454.0,3454.0,3454.0,3454.0,3454.0,3454.0,3454.0,3454.0,3454.0,3454.0,3454.0,3454.0,3454.0,3454.0,3454.0,3454.0,4.0,,,,,,,,,,,,,,,,,,,0.4,355.8862,339.9345,326.1281,315.1382,307.2631,302.4475,300.3655,300.5355,302.4351,305.5907,309.6297,314.2967,319.4413,324.9907,330.9174,337.2111,343.8568,350.8225,358.0544,365.4773,372.99985940088857,372.9999336698056,627.3894,30.512100000000032,220.1254,11.43119999999999
3455,3455,3455.0,3455.0,3455.0,3455.0,3455.0,3455.0,3455.0,3455.0,3455.0,3455.0,3455.0,3455.0,3455.0,3455.0,3455.0,3455.0,3455.0,3455.0,3455.0,3455.0,3455.0,3455.0,3455.0,3455.0,3455.0,3455.0,3455.0,3455.0,3455.0,3455.0,3455.0,5.0,,,,,,,,,,,,,,,,,,,0.5,362.9323,353.243,344.283,336.3526,329.684,324.4312,320.669,318.3994,317.5634,318.0567,319.7458,322.4831,326.119,330.511,335.5283,341.0539,346.9838,353.225,359.6932,366.3099,180.07389112300973,372.9999604398849,657.9015,34.93359999999996,189.6133,11.43119999999999
3456,3456,3456.0,3456.0,3456.0,3456.0,3456.0,3456.0,3456.0,3456.0,3456.0,3456.0,3456.0,3456.0,3456.0,3456.0,3456.0,3456.0,3456.0,3456.0,3456.0,3456.0,3456.0,3456.0,3456.0,3456.0,3456.0,3456.0,3456.0,3456.0,3456.0,3456.0,3456.0,6.0,,,,,,,,,,,,,,,,,,,0.6,205.883,230.3972,252.5175,271.4908,286.9827,299.0647,308.1331,314.7876,319.7058,323.5376,326.8351,330.0194,333.3776,337.0785,341.1985,345.7471,350.6897,355.9655,361.4984,367.2054,308.27365531123303,372.7210513212134,692.8351,13.357899999999972,154.67970000000005,11.43119999999999
3457,3457,3457.0,3457.0,3457.0,3457.0,3457.0,3457.0,3457.0,3457.0,3457.0,3457.0,3457.0,3457.0,3457.0,3457.0,3457.0,3457.0,3457.0,3457.0,3457.0,3457.0,3457.0,3457.0,3457.0,3457.0,3457.0,3457.0,3457.0,3457.0,3457.0,3457.0,3457.0,7.0,,,,,,,,,,,,,,,,,,,0.7,304.4654,301.2536,299.1305,298.4074,299.1822,301.3559,304.6863,308.8595,313.5591,318.5183,323.5472,328.5372,333.4488,338.2908,343.0975,347.9095,352.761,357.6716,362.6447,367.6687,196.373016932042,372.9970824763697,706.193,16.08280000000002,141.32180000000005,11.43119999999999
3458,3458,3458.0,3458.0,3458.0,3458.0,3458.0,3458.0,3458.0,3458.0,3458.0,3458.0,3458.0,3458.0,3458.0,3458.0,3458.0,3458.0,3458.0,3458.0,3458.0,3458.0,3458.0,3458.0,3458.0,3458.0,3458.0,3458.0,3458.0,3458.0,3458.0,3458.0,3458.0,8.0,,,,,,,,,,,,,,,,,,,0.8,214.9655,232.8478,249.4151,264.2479,277.1498,288.1397,297.4064,305.2436,311.9841,317.9454,323.396,328.5409,333.5232,338.434,343.3258,348.2257,353.1447,358.0851,363.0443,368.0171,204.1095340642152,272.41469088066026,722.2758,53.27269999999999,125.23900000000005,11.43119999999999
3459,3459,3459.0,3459.0,3459.0,3459.0,3459.0,3459.0,3459.0,3459.0,3459.0,3459.0,3459.0,3459.0,3459.0,3459.0,3459.0,3459.0,3459.0,3459.0,3459.0,3459.0,3459.0,3459.0,3459.0,3459.0,3459.0,3459.0,3459.0,3459.0,3459.0,3459.0,3459.0,9.0,,,,,,,,,,,,,,,,,,,0.9,217.0272,229.7696,242.1693,254.0742,265.3532,275.8994,285.6283,294.4712,302.3619,309.2199,314.9308,319.3323,322.2093,323.3069,322.3634,319.1633,313.6031,305.7532,295.9011,284.5569,372.9999121147899,372.9999329627972,775.5485,71.96630000000005,71.96630000000005,11.43119999999999
3460,3460,3460.0,3460.0,3460.0,3460.0,3460.0,3460.0,3460.0,3460.0,3460.0,3460.0,3460.0,3460.0,3460.0,3460.0,3460.0,3460.0,3460.0,3460.0,3460.0,3460.0,3460.0,3460.0,3460.0,3460.0,3460.0,3460.0,3460.0,3460.0,3460.0,3460.0,3460.0,0.0,,,,,,,,,,,,,,,,,,,0.0,273.0,273.0,273.0,273.0,273.0,273.0,273.0,273.0,273.0,273.0,273.0,273.0,273.0,273.0,273.0,273.0,273.0,273.0,273.0,273.0,372.99988922454105,372.99995785561566,0.0,368.7879,775.7295,11.43119999999999
3461,3461,3461.0,3461.0,3461.0,3461.0,3461.0,3461.0,3461.0,3461.0,3461.0,3461.0,3461.0,3461.0,3461.0,3461.0,3461.0,3461.0,3461.0,3461.0,3461.0,3461.0,3461.0,3461.0,3461.0,3461.0,3461.0,3461.0,3461.0,3461.0,3461.0,3461.0,3461.0,1.0,,,,,,,,,,,,,,,,,,,0.1,355.9582,339.696,324.8873,312.0201,301.3574,292.9443,286.6546,282.2609,279.5107,278.1944,278.1944,279.5107,282.2609,286.6547,292.9443,301.3574,312.0201,324.8873,339.696,355.9583,372.99996451547577,372.99993475640616,368.7879,149.9826,406.9416000000001,11.43119999999999
3462,3462,3462.0,3462.0,3462.0,3462.0,3462.0,3462.0,3462.0,3462.0,3462.0,3462.0,3462.0,3462.0,3462.0,3462.0,3462.0,3462.0,3462.0,3462.0,3462.0,3462.0,3462.0,3462.0,3462.0,3462.0,3462.0,3462.0,3462.0,3462.0,3462.0,3462.0,3462.0,2.0,,,,,,,,,,,,,,,,,,,0.2,361.0761,349.4624,338.4531,328.3136,319.2703,311.5058,305.1584,300.3265,297.0742,295.4395,295.4395,297.0742,300.3265,305.1584,311.5058,319.2703,328.3136,338.4531,349.4623,361.0761,173.00003369182448,372.99990260370623,518.7705,61.473100000000045,256.95900000000006,11.43119999999999
3463,3463,3463.0,3463.0,3463.0,3463.0,3463.0,3463.0,3463.0,3463.0,3463.0,3463.0,3463.0,3463.0,3463.0,3463.0,3463.0,3463.0,3463.0,3463.0,3463.0,3463.0,3463.0,3463.0,3463.0,3463.0,3463.0,3463.0,3463.0,3463.0,3463.0,3463.0,3463.0,3.0,,,,,,,,,,,,,,,,,,,0.3,197.8927,221.4406,242.5062,260.318,274.5482,285.3019,293.0324,298.4149,302.2131,305.1663,307.9122,310.9471,314.6173,319.1311,324.5806,330.9662,338.2188,346.2177,354.8055,363.7993,372.9998339333555,372.9999335625205,580.2436,47.14580000000001,195.4859,11.43119999999999
3464,3464,3464.0,3464.0,3464.0,3464.0,3464.0,3464.0,3464.0,3464.0,3464.0,3464.0,3464.0,3464.0,3464.0,3464.0,3464.0,3464.0,3464.0,3464.0,3464.0,3464.0,3464.0,3464.0,3464.0,3464.0,3464.0,3464.0,3464.0,3464.0,3464.0,3464.0,3464.0,4.0,,,,,,,,,,,,,,,,,,,0.4,355.8862,339.9344,326.1281,315.1382,307.2631,302.4475,300.3655,300.5355,302.4352,305.5907,309.6297,314.2967,319.4413,324.9907,330.9174,337.2111,343.8568,350.8225,358.0544,365.4773,372.9998466697037,372.9999336713829,627.3894,30.512100000000032,148.3401,11.43119999999999
3465,3465,3465.0,3465.0,3465.0,3465.0,3465.0,3465.0,3465.0,3465.0,3465.0,3465.0,3465.0,3465.0,3465.0,3465.0,3465.0,3465.0,3465.0,3465.0,3465.0,3465.0,3465.0,3465.0,3465.0,3465.0,3465.0,3465.0,3465.0,3465.0,3465.0,3465.0,3465.0,5.0,,,,,,,,,,,,,,,,,,,0.5,362.9323,353.243,344.2829,336.3526,329.684,324.4312,320.669,318.3994,317.5634,318.0567,319.7458,322.4831,326.119,330.511,335.5283,341.0539,346.9838,353.225,359.6932,366.3099,180.07396915510586,372.9999431095552,657.9015,34.93359999999996,117.82799999999996,11.43119999999999
3466,3466,3466.0,3466.0,3466.0,3466.0,3466.0,3466.0,3466.0,3466.0,3466.0,3466.0,3466.0,3466.0,3466.0,3466.0,3466.0,3466.0,3466.0,3466.0,3466.0,3466.0,3466.0,3466.0,3466.0,3466.0,3466.0,3466.0,3466.0,3466.0,3466.0,3466.0,3466.0,6.0,,,,,,,,,,,,,,,,,,,0.6,205.8831,230.3973,252.5175,271.4908,286.9827,299.0647,308.1331,314.7876,319.7058,323.5376,326.8351,330.0194,333.3776,337.0785,341.1985,345.7471,350.6897,355.9655,361.4984,367.2054,372.7802328194167,285.1508238193032,692.8351,10.630899999999995,82.89440000000002,11.43119999999999
3467,3467,3467.0,3467.0,3467.0,3467.0,3467.0,3467.0,3467.0,3467.0,3467.0,3467.0,3467.0,3467.0,3467.0,3467.0,3467.0,3467.0,3467.0,3467.0,3467.0,3467.0,3467.0,3467.0,3467.0,3467.0,3467.0,3467.0,3467.0,3467.0,3467.0,3467.0,3467.0,7.0,,,,,,,,,,,,,,,,,,,0.7,357.9752,344.2667,332.5773,323.525,317.3618,313.9894,313.0342,313.9515,316.1289,318.9633,321.9042,324.4658,326.2209,326.7937,325.8641,323.1897,318.6439,312.2577,304.249,295.0256,191.28286344709275,372.9942069762922,703.466,25.271799999999985,72.26350000000002,11.43119999999999
3468,3468,3468.0,3468.0,3468.0,3468.0,3468.0,3468.0,3468.0,3468.0,3468.0,3468.0,3468.0,3468.0,3468.0,3468.0,3468.0,3468.0,3468.0,3468.0,3468.0,3468.0,3468.0,3468.0,3468.0,3468.0,3468.0,3468.0,3468.0,3468.0,3468.0,3468.0,3468.0,8.0,,,,,,,,,,,,,,,,,,,0.8,213.7991,235.216,254.599,271.3031,285.0305,295.8159,303.9552,309.9063,314.1915,317.3252,319.7743,321.9511,324.2223,326.9221,330.353,334.7694,340.3443,347.1298,355.0267,363.778,372.1065172537522,294.484369807388,728.7378,16.183099999999968,46.99170000000004,11.43119999999999
3469,3469,3469.0,3469.0,3469.0,3469.0,3469.0,3469.0,3469.0,3469.0,3469.0,3469.0,3469.0,3469.0,3469.0,3469.0,3469.0,3469.0,3469.0,3469.0,3469.0,3469.0,3469.0,3469.0,3469.0,3469.0,3469.0,3469.0,3469.0,3469.0,3469.0,3469.0,3469.0,9.0,,,,,,,,,,,,,,,,,,,0.9,357.1084,343.1627,331.1567,321.6875,315.0045,311.0241,309.4024,309.6358,311.1609,313.4307,315.9565,318.3195,320.1631,321.1811,321.1149,319.7661,317.0237,312.8974,307.5422,301.2621,191.42405378339583,372.9999584918452,744.9209,30.80860000000007,30.80860000000007,11.43119999999999
3470,3470,3470.0,3470.0,3470.0,3470.0,3470.0,3470.0,3470.0,3470.0,3470.0,3470.0,3470.0,3470.0,3470.0,3470.0,3470.0,3470.0,3470.0,3470.0,3470.0,3470.0,3470.0,3470.0,3470.0,3470.0,3470.0,3470.0,3470.0,3470.0,3470.0,3470.0,3470.0,0.0,,,,,,,,,,,,,,,,,,,0.0,273.0,273.0,273.0,273.0,273.0,273.0,273.0,273.0,273.0,273.0,273.0,273.0,273.0,273.0,273.0,273.0,273.0,273.0,273.0,273.0,372.999925833744,372.9999589406068,0.0,368.7879,742.9605,11.43119999999999
3471,3471,3471.0,3471.0,3471.0,3471.0,3471.0,3471.0,3471.0,3471.0,3471.0,3471.0,3471.0,3471.0,3471.0,3471.0,3471.0,3471.0,3471.0,3471.0,3471.0,3471.0,3471.0,3471.0,3471.0,3471.0,3471.0,3471.0,3471.0,3471.0,3471.0,3471.0,3471.0,1.0,,,,,,,,,,,,,,,,,,,0.1,355.9582,339.696,324.8873,312.0201,301.3574,292.9443,286.6547,282.2609,279.5107,278.1944,278.1944,279.5107,282.2609,286.6547,292.9443,301.3574,312.0201,324.8873,339.696,355.9583,372.9997564317835,372.9999604352504,368.7879,149.9826,374.1726000000001,11.43119999999999
3472,3472,3472.0,3472.0,3472.0,3472.0,3472.0,3472.0,3472.0,3472.0,3472.0,3472.0,3472.0,3472.0,3472.0,3472.0,3472.0,3472.0,3472.0,3472.0,3472.0,3472.0,3472.0,3472.0,3472.0,3472.0,3472.0,3472.0,3472.0,3472.0,3472.0,3472.0,3472.0,2.0,,,,,,,,,,,,,,,,,,,0.2,361.076,349.4622,338.453,328.3135,319.2703,311.5058,305.1584,300.3264,297.0742,295.4395,295.4395,297.0742,300.3265,305.1585,311.5058,319.2703,328.3136,338.4531,349.4624,361.0761,173.0000336918245,372.99990260370623,518.7705,61.473100000000045,224.19000000000003,11.43119999999999
3473,3473,3473.0,3473.0,3473.0,3473.0,3473.0,3473.0,3473.0,3473.0,3473.0,3473.0,3473.0,3473.0,3473.0,3473.0,3473.0,3473.0,3473.0,3473.0,3473.0,3473.0,3473.0,3473.0,3473.0,3473.0,3473.0,3473.0,3473.0,3473.0,3473.0,3473.0,3473.0,3.0,,,,,,,,,,,,,,,,,,,0.3,197.8926,221.4406,242.5062,260.3179,274.5481,285.3018,293.0324,298.4149,302.2131,305.1663,307.9122,310.9471,314.6173,319.1311,324.5806,330.9662,338.2188,346.2177,354.8055,363.7993,372.99995704085495,372.9999335625205,580.2436,47.14580000000001,162.7169,11.43119999999999
3474,3474,3474.0,3474.0,3474.0,3474.0,3474.0,3474.0,3474.0,3474.0,3474.0,3474.0,3474.0,3474.0,3474.0,3474.0,3474.0,3474.0,3474.0,3474.0,3474.0,3474.0,3474.0,3474.0,3474.0,3474.0,3474.0,3474.0,3474.0,3474.0,3474.0,3474.0,3474.0,4.0,,,,,,,,,,,,,,,,,,,0.4,355.8863,339.9345,326.1281,315.1383,307.2631,302.4475,300.3655,300.5355,302.4351,305.5907,309.6297,314.2967,319.4413,324.9907,330.9174,337.2111,343.8568,350.8225,358.0544,365.4773,372.9998594006013,372.9999336712783,627.3894,30.512100000000032,115.5711,11.43119999999999
3475,3475,3475.0,3475.0,3475.0,3475.0,3475.0,3475.0,3475.0,3475.0,3475.0,3475.0,3475.0,3475.0,3475.0,3475.0,3475.0,3475.0,3475.0,3475.0,3475.0,3475.0,3475.0,3475.0,3475.0,3475.0,3475.0,3475.0,3475.0,3475.0,3475.0,3475.0,3475.0,5.0,,,,,,,,,,,,,,,,,,,0.5,362.9323,353.243,344.283,336.3526,329.684,324.4312,320.669,318.3994,317.5634,318.0567,319.7458,322.4831,326.119,330.511,335.5283,341.0539,346.9838,353.225,359.6932,366.3099,180.07428851590626,372.9999530272437,657.9015,34.93369999999993,85.05899999999997,11.43119999999999
3476,3476,3476.0,3476.0,3476.0,3476.0,3476.0,3476.0,3476.0,3476.0,3476.0,3476.0,3476.0,3476.0,3476.0,3476.0,3476.0,3476.0,3476.0,3476.0,3476.0,3476.0,3476.0,3476.0,3476.0,3476.0,3476.0,3476.0,3476.0,3476.0,3476.0,3476.0,3476.0,6.0,,,,,,,,,,,,,,,,,,,0.6,205.8834,230.3975,252.5177,271.491,286.9828,299.0648,308.1331,314.7876,319.7059,323.5376,326.8351,330.0194,333.3776,337.0785,341.1985,345.7471,350.6897,355.9655,361.4984,367.2054,363.06502960433227,299.3640003742377,692.8352,9.36480000000006,50.12530000000004,11.43119999999999
3477,3477,3477.0,3477.0,3477.0,3477.0,3477.0,3477.0,3477.0,3477.0,3477.0,3477.0,3477.0,3477.0,3477.0,3477.0,3477.0,3477.0,3477.0,3477.0,3477.0,3477.0,3477.0,3477.0,3477.0,3477.0,3477.0,3477.0,3477.0,3477.0,3477.0,3477.0,3477.0,7.0,,,,,,,,,,,,,,,,,,,0.7,349.9162,337.7886,327.5401,319.7425,314.6246,312.0883,311.7801,313.1906,315.7529,318.9159,322.1853,325.1347,327.3984,328.662,328.6623,327.2024,324.1816,319.6288,313.7271,306.8161,215.9691518250011,372.999947460574,702.2,17.95909999999992,40.76049999999998,11.43119999999999
3478,3478,3478.0,3478.0,3478.0,3478.0,3478.0,3478.0,3478.0,3478.0,3478.0,3478.0,3478.0,3478.0,3478.0,3478.0,3478.0,3478.0,3478.0,3478.0,3478.0,3478.0,3478.0,3478.0,3478.0,3478.0,3478.0,3478.0,3478.0,3478.0,3478.0,3478.0,3478.0,8.0,,,,,,,,,,,,,,,,,,,0.8,233.8192,250.8148,266.232,279.5756,290.6239,299.4161,306.1944,311.3247,315.2197,318.2822,320.8757,323.3206,325.9032,328.8868,332.5123,336.9837,342.4395,348.919,356.3358,364.4722,343.9424151137608,322.35486684979674,720.1591,7.58280000000002,22.80140000000005,11.43119999999999
3479,3479,3479.0,3479.0,3479.0,3479.0,3479.0,3479.0,3479.0,3479.0,3479.0,3479.0,3479.0,3479.0,3479.0,3479.0,3479.0,3479.0,3479.0,3479.0,3479.0,3479.0,3479.0,3479.0,3479.0,3479.0,3479.0,3479.0,3479.0,3479.0,3479.0,3479.0,3479.0,9.0,,,,,,,,,,,,,,,,,,,0.9,334.8281,326.4404,319.3909,314.0894,310.7051,309.1778,309.2693,310.635,312.894,315.6821,318.6809,321.6245,324.2924,326.4989,328.0878,328.9381,328.9792,328.2112,326.7211,324.6851,208.31842741488305,372.9998850679633,727.7419,15.218600000000038,15.218600000000038,11.43119999999999
3480,3480,3480.0,3480.0,3480.0,3480.0,3480.0,3480.0,3480.0,3480.0,3480.0,3480.0,3480.0,3480.0,3480.0,3480.0,3480.0,3480.0,3480.0,3480.0,3480.0,3480.0,3480.0,3480.0,3480.0,3480.0,3480.0,3480.0,3480.0,3480.0,3480.0,3480.0,0.0,,,,,,,,,,,,,,,,,,,,0.0,273.0,273.0,273.0,273.0,273.0,273.0,273.0,273.0,273.0,273.0,273.0,273.0,273.0,273.0,273.0,273.0,273.0,273.0,273.0,273.0,372.9999663269608,372.9999604907838,0.0,368.7878,1507.354,36.167700000000025
3481,3481,3481.0,3481.0,3481.0,3481.0,3481.0,3481.0,3481.0,3481.0,3481.0,3481.0,3481.0,3481.0,3481.0,3481.0,3481.0,3481.0,3481.0,3481.0,3481.0,3481.0,3481.0,3481.0,3481.0,3481.0,3481.0,3481.0,3481.0,3481.0,3481.0,3481.0,1.0,,,,,,,,,,,,,,,,,,,,0.1,355.9583,339.696,324.8873,312.0201,301.3574,292.9443,286.6547,282.2609,279.5107,278.1944,278.1944,279.5107,282.2609,286.6547,292.9443,301.3574,312.0201,324.8873,339.696,355.9583,372.9999248933402,372.9999589451287,368.7878,149.98269999999997,1138.5662,36.167700000000025
3482,3482,3482.0,3482.0,3482.0,3482.0,3482.0,3482.0,3482.0,3482.0,3482.0,3482.0,3482.0,3482.0,3482.0,3482.0,3482.0,3482.0,3482.0,3482.0,3482.0,3482.0,3482.0,3482.0,3482.0,3482.0,3482.0,3482.0,3482.0,3482.0,3482.0,3482.0,2.0,,,,,,,,,,,,,,,,,,,,0.2,361.0761,349.4623,338.4531,328.3136,319.2703,311.5058,305.1585,300.3265,297.0742,295.4395,295.4395,297.0742,300.3265,305.1585,311.5058,319.2703,328.3136,338.4531,349.4624,361.0761,293.78314029204535,307.6233774537812,518.7705,64.05470000000003,988.5835,36.167700000000025
3483,3483,3483.0,3483.0,3483.0,3483.0,3483.0,3483.0,3483.0,3483.0,3483.0,3483.0,3483.0,3483.0,3483.0,3483.0,3483.0,3483.0,3483.0,3483.0,3483.0,3483.0,3483.0,3483.0,3483.0,3483.0,3483.0,3483.0,3483.0,3483.0,3483.0,3483.0,3.0,,,,,,,,,,,,,,,,,,,,0.3,298.0877,301.9856,305.148,307.3828,308.661,309.1073,308.9615,308.5211,308.0816,307.8833,308.0734,308.686,309.6423,310.7675,311.8255,312.5652,312.7737,312.325,311.2146,309.5687,294.3873960143247,273.54423368323177,582.8252,61.00739999999996,924.5288,36.167700000000025
3484,3484,3484.0,3484.0,3484.0,3484.0,3484.0,3484.0,3484.0,3484.0,3484.0,3484.0,3484.0,3484.0,3484.0,3484.0,3484.0,3484.0,3484.0,3484.0,3484.0,3484.0,3484.0,3484.0,3484.0,3484.0,3484.0,3484.0,3484.0,3484.0,3484.0,3484.0,4.0,,,,,,,,,,,,,,,,,,,,0.4,296.5516,298.6402,300.5858,302.3357,303.8554,305.129,306.1548,306.9379,307.4795,307.7662,307.7596,307.3902,306.5577,305.139,303.0057,300.0482,296.2045,291.4864,285.9954,279.9252,370.36495211871335,285.64740566936,643.8326,105.16200000000003,863.5214000000001,36.167700000000025
3485,3485,3485.0,3485.0,3485.0,3485.0,3485.0,3485.0,3485.0,3485.0,3485.0,3485.0,3485.0,3485.0,3485.0,3485.0,3485.0,3485.0,3485.0,3485.0,3485.0,3485.0,3485.0,3485.0,3485.0,3485.0,3485.0,3485.0,3485.0,3485.0,3485.0,3485.0,5.0,,,,,,,,,,,,,,,,,,,,0.5,359.0149,348.2143,338.4321,329.9955,323.0586,317.6051,313.4803,310.4379,308.1913,306.4579,304.9907,303.5959,302.1387,300.54,298.768,296.8262,294.7404,292.5465,290.2806,287.9732,372.9999611556018,372.9999281612872,748.9946,136.3369,758.3594,36.167700000000025
3486,3486,3486.0,3486.0,3486.0,3486.0,3486.0,3486.0,3486.0,3486.0,3486.0,3486.0,3486.0,3486.0,3486.0,3486.0,3486.0,3486.0,3486.0,3486.0,3486.0,3486.0,3486.0,3486.0,3486.0,3486.0,3486.0,3486.0,3486.0,3486.0,3486.0,3486.0,6.0,,,,,,,,,,,,,,,,,,,,0.6,364.5523,356.3022,348.4314,341.0928,334.4023,328.4373,323.2413,318.8364,315.2402,312.4865,310.6445,309.8338,310.2285,312.0455,315.515,320.8323,328.1005,337.2747,348.1243,360.2264,372.9999279713352,372.99991310509415,885.3315,114.69410000000003,622.0225,36.167700000000025
3487,3487,3487.0,3487.0,3487.0,3487.0,3487.0,3487.0,3487.0,3487.0,3487.0,3487.0,3487.0,3487.0,3487.0,3487.0,3487.0,3487.0,3487.0,3487.0,3487.0,3487.0,3487.0,3487.0,3487.0,3487.0,3487.0,3487.0,3487.0,3487.0,3487.0,3487.0,7.0,,,,,,,,,,,,,,,,,,,,0.7,366.158,359.4388,352.9628,346.8467,341.2021,336.1352,331.747,328.1333,325.3856,323.5896,322.8236,323.1548,324.6331,327.2848,331.1045,336.0483,342.0283,348.9103,356.5158,364.6275,372.9999591808615,372.9999335625205,1000.0256,145.3428,507.3284,36.167700000000025
3488,3488,3488.0,3488.0,3488.0,3488.0,3488.0,3488.0,3488.0,3488.0,3488.0,3488.0,3488.0,3488.0,3488.0,3488.0,3488.0,3488.0,3488.0,3488.0,3488.0,3488.0,3488.0,3488.0,3488.0,3488.0,3488.0,3488.0,3488.0,3488.0,3488.0,3488.0,8.0,,,,,,,,,,,,,,,,,,,,0.8,367.4009,361.9102,356.6347,351.6792,347.1445,343.1265,339.7144,336.9891,335.021,333.8683,333.5742,334.1648,335.6468,338.0053,341.2022,345.1761,349.8415,355.0911,360.7979,366.8189,372.9998260644205,372.99993438784605,1145.3684,205.10580000000004,361.9856,36.167700000000025
3489,3489,3489.0,3489.0,3489.0,3489.0,3489.0,3489.0,3489.0,3489.0,3489.0,3489.0,3489.0,3489.0,3489.0,3489.0,3489.0,3489.0,3489.0,3489.0,3489.0,3489.0,3489.0,3489.0,3489.0,3489.0,3489.0,3489.0,3489.0,3489.0,3489.0,3489.0,9.0,,,,,,,,,,,,,,,,,,,,0.9,368.4963,364.0863,359.8619,355.912,352.3211,349.1677,346.5225,344.447,342.9921,342.196,342.0837,342.6651,343.9344,345.8698,348.4329,351.5695,355.2104,359.2727,363.6618,368.2743,173.0002840277793,372.9998816622463,1350.4742,156.87979999999993,156.87979999999993,36.167700000000025
3490,3490,3490.0,3490.0,3490.0,3490.0,3490.0,3490.0,3490.0,3490.0,3490.0,3490.0,3490.0,3490.0,3490.0,3490.0,3490.0,3490.0,3490.0,3490.0,3490.0,3490.0,3490.0,3490.0,3490.0,3490.0,3490.0,3490.0,3490.0,3490.0,3490.0,3490.0,0.0,,,,,,,,,,,,,,,,,,,,0.0,273.0,273.0,273.0,273.0,273.0,273.0,273.0,273.0,273.0,273.0,273.0,273.0,273.0,273.0,273.0,273.0,273.0,273.0,273.0,273.0,372.9999591685674,372.9999591685682,0.0,368.7879,1508.9758,36.147400000000005
3491,3491,3491.0,3491.0,3491.0,3491.0,3491.0,3491.0,3491.0,3491.0,3491.0,3491.0,3491.0,3491.0,3491.0,3491.0,3491.0,3491.0,3491.0,3491.0,3491.0,3491.0,3491.0,3491.0,3491.0,3491.0,3491.0,3491.0,3491.0,3491.0,3491.0,3491.0,1.0,,,,,,,,,,,,,,,,,,,,0.1,355.9583,339.696,324.8873,312.0201,301.3574,292.9443,286.6547,282.2609,279.5107,278.1944,278.1944,279.5107,282.2609,286.6547,292.9443,301.3574,312.0201,324.8873,339.696,355.9583,372.9998940514199,372.9999723368277,368.7879,149.9826,1140.1879,36.147400000000005
3492,3492,3492.0,3492.0,3492.0,3492.0,3492.0,3492.0,3492.0,3492.0,3492.0,3492.0,3492.0,3492.0,3492.0,3492.0,3492.0,3492.0,3492.0,3492.0,3492.0,3492.0,3492.0,3492.0,3492.0,3492.0,3492.0,3492.0,3492.0,3492.0,3492.0,3492.0,2.0,,,,,,,,,,,,,,,,,,,,0.2,361.0761,349.4623,338.453,328.3136,319.2703,311.5058,305.1584,300.3265,297.0742,295.4395,295.4395,297.0742,300.3265,305.1585,311.5058,319.2703,328.3136,338.4531,349.4624,361.0761,293.83555884634944,307.58940443569526,518.7705,64.06820000000005,990.2053,36.147400000000005
3493,3493,3493.0,3493.0,3493.0,3493.0,3493.0,3493.0,3493.0,3493.0,3493.0,3493.0,3493.0,3493.0,3493.0,3493.0,3493.0,3493.0,3493.0,3493.0,3493.0,3493.0,3493.0,3493.0,3493.0,3493.0,3493.0,3493.0,3493.0,3493.0,3493.0,3493.0,3.0,,,,,,,,,,,,,,,,,,,,0.3,298.1312,302.0206,305.1752,307.4032,308.6758,309.1177,308.9683,308.5254,308.0841,307.8844,308.0732,308.6847,309.6397,310.7631,311.8188,312.5556,312.7604,312.3074,311.192,309.5405,295.40846081077376,274.1842791120308,582.8387,60.95339999999999,926.1371,36.147400000000005
3494,3494,3494.0,3494.0,3494.0,3494.0,3494.0,3494.0,3494.0,3494.0,3494.0,3494.0,3494.0,3494.0,3494.0,3494.0,3494.0,3494.0,3494.0,3494.0,3494.0,3494.0,3494.0,3494.0,3494.0,3494.0,3494.0,3494.0,3494.0,3494.0,3494.0,3494.0,4.0,,,,,,,,,,,,,,,,,,,,0.4,297.4012,299.326,301.1222,302.7417,304.1528,305.3399,306.3001,307.036,307.5461,307.8144,307.8008,307.435,306.6168,305.224,303.1295,300.2251,296.4497,291.8144,286.4194,280.4546,370.25020862234055,283.7542770146994,643.7921,105.21500000000005,865.1836999999999,36.147400000000005
3495,3495,3495.0,3495.0,3495.0,3495.0,3495.0,3495.0,3495.0,3495.0,3495.0,3495.0,3495.0,3495.0,3495.0,3495.0,3495.0,3495.0,3495.0,3495.0,3495.0,3495.0,3495.0,3495.0,3495.0,3495.0,3495.0,3495.0,3495.0,3495.0,3495.0,3495.0,5.0,,,,,,,,,,,,,,,,,,,,0.5,358.9723,348.2379,338.5111,330.116,323.2055,317.7644,313.6399,310.5881,308.3244,306.5669,305.0669,303.6267,302.1054,300.4163,298.519,296.4096,294.109,291.6524,289.081,286.4356,372.9998666304111,372.9999466536623,749.0071,137.91769999999997,759.9686999999999,36.147400000000005
3496,3496,3496.0,3496.0,3496.0,3496.0,3496.0,3496.0,3496.0,3496.0,3496.0,3496.0,3496.0,3496.0,3496.0,3496.0,3496.0,3496.0,3496.0,3496.0,3496.0,3496.0,3496.0,3496.0,3496.0,3496.0,3496.0,3496.0,3496.0,3496.0,3496.0,3496.0,6.0,,,,,,,,,,,,,,,,,,,,0.6,364.5698,356.3362,348.4794,341.1514,334.4666,328.5011,323.2973,318.8765,315.2559,312.4696,310.5882,309.7338,310.0845,311.8623,315.3027,320.6068,327.8818,337.0848,347.9837,360.1517,372.9998486572097,372.99992583530974,886.9248,115.24159999999996,622.0509999999999,36.147400000000005
3497,3497,3497.0,3497.0,3497.0,3497.0,3497.0,3497.0,3497.0,3497.0,3497.0,3497.0,3497.0,3497.0,3497.0,3497.0,3497.0,3497.0,3497.0,3497.0,3497.0,3497.0,3497.0,3497.0,3497.0,3497.0,3497.0,3497.0,3497.0,3497.0,3497.0,3497.0,7.0,,,,,,,,,,,,,,,,,,,,0.7,366.1636,359.4492,352.9763,346.8608,341.2139,336.1414,331.7441,328.1184,325.3562,323.5441,322.7618,323.0777,324.5435,327.1867,331.0032,335.95,341.9395,348.8373,356.4638,364.6005,372.99993535529626,372.9999648509321,1002.1664,145.29930000000002,506.8094,36.147400000000005
3498,3498,3498.0,3498.0,3498.0,3498.0,3498.0,3498.0,3498.0,3498.0,3498.0,3498.0,3498.0,3498.0,3498.0,3498.0,3498.0,3498.0,3498.0,3498.0,3498.0,3498.0,3498.0,3498.0,3498.0,3498.0,3498.0,3498.0,3498.0,3498.0,3498.0,3498.0,8.0,,,,,,,,,,,,,,,,,,,,0.8,367.4001,361.9081,356.6308,351.6725,347.1339,343.111,339.693,336.961,334.9859,333.8263,333.5259,334.1115,335.5901,337.9474,341.1457,345.1235,349.7956,355.0543,360.7721,366.8057,372.9999114873214,372.9998980706432,1147.4657,204.8623,361.5101,36.147400000000005
3499,3499,3499.0,3499.0,3499.0,3499.0,3499.0,3499.0,3499.0,3499.0,3499.0,3499.0,3499.0,3499.0,3499.0,3499.0,3499.0,3499.0,3499.0,3499.0,3499.0,3499.0,3499.0,3499.0,3499.0,3499.0,3499.0,3499.0,3499.0,3499.0,3499.0,3499.0,9.0,,,,,,,,,,,,,,,,,,,,0.9,368.4934,364.0803,359.8526,355.8992,352.3046,349.1474,346.4983,344.4191,342.9606,342.1615,342.0467,342.6266,343.8955,345.8317,348.3969,351.537,355.1826,359.2507,363.6466,368.2665,173.00005316074893,372.9996397216839,1352.328,156.64779999999996,156.64779999999996,36.147400000000005
3500,3500,3500.0,3500.0,3500.0,3500.0,3500.0,3500.0,3500.0,3500.0,3500.0,3500.0,3500.0,3500.0,3500.0,3500.0,3500.0,3500.0,3500.0,3500.0,3500.0,3500.0,3500.0,3500.0,3500.0,3500.0,3500.0,3500.0,3500.0,3500.0,3500.0,3500.0,0.0,,,,,,,,,,,,,,,,,,,,0.0,273.0,273.0,273.0,273.0,273.0,273.0,273.0,273.0,273.0,273.0,273.0,273.0,273.0,273.0,273.0,273.0,273.0,273.0,273.0,273.0,372.9999591685675,372.9999591685682,0.0,368.7879,1438.4318,35.95170000000002
3501,3501,3501.0,3501.0,3501.0,3501.0,3501.0,3501.0,3501.0,3501.0,3501.0,3501.0,3501.0,3501.0,3501.0,3501.0,3501.0,3501.0,3501.0,3501.0,3501.0,3501.0,3501.0,3501.0,3501.0,3501.0,3501.0,3501.0,3501.0,3501.0,3501.0,3501.0,1.0,,,,,,,,,,,,,,,,,,,,0.1,355.9583,339.696,324.8873,312.0201,301.3574,292.9443,286.6547,282.2609,279.5107,278.1944,278.1944,279.5107,282.2609,286.6547,292.9443,301.3574,312.0201,324.8873,339.696,355.9583,372.9997561241608,372.9999240987915,368.7879,149.9826,1069.6439,35.95170000000002
3502,3502,3502.0,3502.0,3502.0,3502.0,3502.0,3502.0,3502.0,3502.0,3502.0,3502.0,3502.0,3502.0,3502.0,3502.0,3502.0,3502.0,3502.0,3502.0,3502.0,3502.0,3502.0,3502.0,3502.0,3502.0,3502.0,3502.0,3502.0,3502.0,3502.0,3502.0,2.0,,,,,,,,,,,,,,,,,,,,0.2,361.076,349.4622,338.453,328.3135,319.2703,311.5058,305.1584,300.3264,297.0742,295.4395,295.4395,297.0742,300.3265,305.1584,311.5058,319.2703,328.3136,338.4531,349.4623,361.0761,293.1264914967176,308.0461615111013,518.7705,63.88729999999998,919.6613,35.95170000000002
3503,3503,3503.0,3503.0,3503.0,3503.0,3503.0,3503.0,3503.0,3503.0,3503.0,3503.0,3503.0,3503.0,3503.0,3503.0,3503.0,3503.0,3503.0,3503.0,3503.0,3503.0,3503.0,3503.0,3503.0,3503.0,3503.0,3503.0,3503.0,3503.0,3503.0,3503.0,3.0,,,,,,,,,,,,,,,,,,,,0.3,297.543,301.5477,304.8075,307.1269,308.4756,308.978,308.875,308.4665,308.0504,307.8698,308.0747,308.702,309.6752,310.822,311.9082,312.6843,312.9383,312.5442,311.4965,309.9194,297.3557148445702,273.4231715152452,582.6578,60.83760000000007,855.7740000000001,35.95170000000002
3504,3504,3504.0,3504.0,3504.0,3504.0,3504.0,3504.0,3504.0,3504.0,3504.0,3504.0,3504.0,3504.0,3504.0,3504.0,3504.0,3504.0,3504.0,3504.0,3504.0,3504.0,3504.0,3504.0,3504.0,3504.0,3504.0,3504.0,3504.0,3504.0,3504.0,3504.0,4.0,,,,,,,,,,,,,,,,,,,,0.4,298.9821,300.5594,302.043,303.3963,304.5931,305.6178,306.4627,307.1227,307.5871,307.8303,307.803,307.4268,306.5942,305.1766,303.0414,300.076,296.2168,291.4748,285.9524,279.8448,318.36414200999747,305.7605860091053,643.4954,90.69510000000002,794.9364,35.95170000000002
3505,3505,3505.0,3505.0,3505.0,3505.0,3505.0,3505.0,3505.0,3505.0,3505.0,3505.0,3505.0,3505.0,3505.0,3505.0,3505.0,3505.0,3505.0,3505.0,3505.0,3505.0,3505.0,3505.0,3505.0,3505.0,3505.0,3505.0,3505.0,3505.0,3505.0,3505.0,5.0,,,,,,,,,,,,,,,,,,,,0.5,316.0125,313.7921,311.8124,310.1433,308.8076,307.7823,307.008,306.4046,305.8883,305.3878,304.8575,304.2855,303.6971,303.1508,302.7281,302.5168,302.5907,302.9888,303.7007,304.6617,360.5938624803208,275.0534014424484,734.1905,106.3189,704.2413,35.95170000000002
3506,3506,3506.0,3506.0,3506.0,3506.0,3506.0,3506.0,3506.0,3506.0,3506.0,3506.0,3506.0,3506.0,3506.0,3506.0,3506.0,3506.0,3506.0,3506.0,3506.0,3506.0,3506.0,3506.0,3506.0,3506.0,3506.0,3506.0,3506.0,3506.0,3506.0,3506.0,6.0,,,,,,,,,,,,,,,,,,,,0.6,351.7723,343.3129,335.5298,328.6511,322.7998,317.9931,314.1586,311.1599,308.8228,306.9579,305.3752,303.8919,302.3358,300.5478,298.388,295.7457,292.5532,288.7999,284.5417,279.9009,372.9999490561128,372.99987665410464,840.5094,137.96929999999998,597.9224,35.95170000000002
3507,3507,3507.0,3507.0,3507.0,3507.0,3507.0,3507.0,3507.0,3507.0,3507.0,3507.0,3507.0,3507.0,3507.0,3507.0,3507.0,3507.0,3507.0,3507.0,3507.0,3507.0,3507.0,3507.0,3507.0,3507.0,3507.0,3507.0,3507.0,3507.0,3507.0,3507.0,7.0,,,,,,,,,,,,,,,,,,,,0.7,364.3765,355.9769,348.0033,340.6179,333.9339,328.0144,322.8824,318.5367,314.9744,312.2149,310.3218,309.419,309.6942,311.3862,314.7514,320.0126,327.2954,336.5675,347.5969,359.9445,372.9999131046084,372.9999496984328,978.4787,114.12990000000002,459.95310000000006,35.95170000000002
3508,3508,3508.0,3508.0,3508.0,3508.0,3508.0,3508.0,3508.0,3508.0,3508.0,3508.0,3508.0,3508.0,3508.0,3508.0,3508.0,3508.0,3508.0,3508.0,3508.0,3508.0,3508.0,3508.0,3508.0,3508.0,3508.0,3508.0,3508.0,3508.0,3508.0,3508.0,8.0,,,,,,,,,,,,,,,,,,,,0.8,366.0924,359.3104,352.777,346.6104,340.9227,335.8195,331.4003,327.7596,324.9874,323.1689,322.3829,322.6984,324.1681,326.8219,330.6579,335.6351,341.6671,348.6196,356.3118,364.5223,372.9996199530722,372.9999630248258,1092.6086,143.28759999999988,345.82320000000004,35.95170000000002
3509,3509,3509.0,3509.0,3509.0,3509.0,3509.0,3509.0,3509.0,3509.0,3509.0,3509.0,3509.0,3509.0,3509.0,3509.0,3509.0,3509.0,3509.0,3509.0,3509.0,3509.0,3509.0,3509.0,3509.0,3509.0,3509.0,3509.0,3509.0,3509.0,3509.0,3509.0,9.0,,,,,,,,,,,,,,,,,,,,0.9,367.3517,361.8129,356.4912,351.492,346.917,342.8627,339.4188,336.6668,334.6777,333.5103,333.2086,333.7993,335.2896,337.6652,340.8885,344.8975,349.6067,354.9077,360.672,366.7548,372.9996845111526,372.99992254662834,1235.8962,202.53560000000016,202.53560000000016,35.95170000000002
3510,3510,3510.0,3510.0,3510.0,3510.0,3510.0,3510.0,3510.0,3510.0,3510.0,3510.0,3510.0,3510.0,3510.0,3510.0,3510.0,3510.0,3510.0,3510.0,3510.0,3510.0,3510.0,3510.0,3510.0,3510.0,3510.0,3510.0,3510.0,3510.0,3510.0,3510.0,0.0,,,,,,,,,,,,,,,,,,,,0.0,273.0,273.0,273.0,273.0,273.0,273.0,273.0,273.0,273.0,273.0,273.0,273.0,273.0,273.0,273.0,273.0,273.0,273.0,273.0,273.0,372.9999588035541,372.999974898901,0.0,368.7878,1243.3326,32.31450000000001
3511,3511,3511.0,3511.0,3511.0,3511.0,3511.0,3511.0,3511.0,3511.0,3511.0,3511.0,3511.0,3511.0,3511.0,3511.0,3511.0,3511.0,3511.0,3511.0,3511.0,3511.0,3511.0,3511.0,3511.0,3511.0,3511.0,3511.0,3511.0,3511.0,3511.0,3511.0,1.0,,,,,,,,,,,,,,,,,,,,0.1,355.9583,339.696,324.8873,312.0201,301.3574,292.9443,286.6547,282.2609,279.5107,278.1944,278.1944,279.5107,282.2609,286.6547,292.9443,301.3574,312.0201,324.8873,339.696,355.9583,372.9998928295245,372.99997622247855,368.7878,149.98269999999997,874.5447999999999,32.31450000000001
3512,3512,3512.0,3512.0,3512.0,3512.0,3512.0,3512.0,3512.0,3512.0,3512.0,3512.0,3512.0,3512.0,3512.0,3512.0,3512.0,3512.0,3512.0,3512.0,3512.0,3512.0,3512.0,3512.0,3512.0,3512.0,3512.0,3512.0,3512.0,3512.0,3512.0,3512.0,2.0,,,,,,,,,,,,,,,,,,,,0.2,361.0761,349.4623,338.453,328.3136,319.2703,311.5058,305.1584,300.3265,297.0742,295.4395,295.4395,297.0742,300.3265,305.1585,311.5058,319.2703,328.3136,338.4531,349.4624,361.0761,293.01300446320005,308.1192341980448,518.7705,63.85850000000005,724.5621,32.31450000000001
3513,3513,3513.0,3513.0,3513.0,3513.0,3513.0,3513.0,3513.0,3513.0,3513.0,3513.0,3513.0,3513.0,3513.0,3513.0,3513.0,3513.0,3513.0,3513.0,3513.0,3513.0,3513.0,3513.0,3513.0,3513.0,3513.0,3513.0,3513.0,3513.0,3513.0,3513.0,3.0,,,,,,,,,,,,,,,,,,,,0.3,297.4489,301.4721,304.7487,307.0827,308.4435,308.9556,308.8601,308.4571,308.0451,307.8675,308.0749,308.7047,309.6809,310.8314,311.9224,312.7048,312.9667,312.5821,311.5453,309.9801,297.90468407098103,273.0155491753857,582.629,60.90599999999995,660.7035999999999,32.31450000000001
3514,3514,3514.0,3514.0,3514.0,3514.0,3514.0,3514.0,3514.0,3514.0,3514.0,3514.0,3514.0,3514.0,3514.0,3514.0,3514.0,3514.0,3514.0,3514.0,3514.0,3514.0,3514.0,3514.0,3514.0,3514.0,3514.0,3514.0,3514.0,3514.0,3514.0,3514.0,4.0,,,,,,,,,,,,,,,,,,,,0.4,299.432,300.9151,302.3135,303.5935,304.7305,305.7088,306.5196,307.1556,307.6035,307.8352,307.7985,307.4126,306.5672,305.1316,302.9711,299.9715,296.0682,291.2722,285.687,279.5101,251.7541513163154,344.5011747991484,643.535,82.63570000000004,599.7976,32.31450000000001
3515,3515,3515.0,3515.0,3515.0,3515.0,3515.0,3515.0,3515.0,3515.0,3515.0,3515.0,3515.0,3515.0,3515.0,3515.0,3515.0,3515.0,3515.0,3515.0,3515.0,3515.0,3515.0,3515.0,3515.0,3515.0,3515.0,3515.0,3515.0,3515.0,3515.0,3515.0,5.0,,,,,,,,,,,,,,,,,,,,0.5,260.781,269.4192,277.3297,284.2619,290.0735,294.7314,298.2959,300.898,302.7159,303.9585,304.8568,305.6617,306.642,308.0777,310.2416,313.3685,317.6164,323.0266,329.4973,336.7792,335.0661332810739,336.02857375422946,726.1707,58.15869999999995,517.1619,32.31450000000001
3516,3516,3516.0,3516.0,3516.0,3516.0,3516.0,3516.0,3516.0,3516.0,3516.0,3516.0,3516.0,3516.0,3516.0,3516.0,3516.0,3516.0,3516.0,3516.0,3516.0,3516.0,3516.0,3516.0,3516.0,3516.0,3516.0,3516.0,3516.0,3516.0,3516.0,3516.0,6.0,,,,,,,,,,,,,,,,,,,,0.6,327.3669,320.1768,313.9276,308.9152,305.273,302.9807,301.9003,301.8262,302.5361,303.8305,305.5555,307.6092,309.9344,312.5054,315.3118,318.3454,321.591,325.0227,328.604,332.2896,371.8665998504802,285.4191034810727,784.3294,60.27769999999998,459.0032,32.31450000000001
3517,3517,3517.0,3517.0,3517.0,3517.0,3517.0,3517.0,3517.0,3517.0,3517.0,3517.0,3517.0,3517.0,3517.0,3517.0,3517.0,3517.0,3517.0,3517.0,3517.0,3517.0,3517.0,3517.0,3517.0,3517.0,3517.0,3517.0,3517.0,3517.0,3517.0,3517.0,7.0,,,,,,,,,,,,,,,,,,,,0.7,361.0012,350.5898,341.0348,332.6459,325.6163,320.0175,315.8113,312.8709,311.0054,309.9804,309.5343,309.3882,309.2555,308.8526,307.9171,306.2319,303.655,300.147,295.7885,290.78,372.9999290514205,372.999975899853,844.6071,113.5643,398.7255,32.31450000000001
3518,3518,3518.0,3518.0,3518.0,3518.0,3518.0,3518.0,3518.0,3518.0,3518.0,3518.0,3518.0,3518.0,3518.0,3518.0,3518.0,3518.0,3518.0,3518.0,3518.0,3518.0,3518.0,3518.0,3518.0,3518.0,3518.0,3518.0,3518.0,3518.0,3518.0,3518.0,8.0,,,,,,,,,,,,,,,,,,,,0.8,365.0338,357.257,349.8459,342.952,336.6945,331.1572,326.3902,322.4186,319.256,316.9222,315.4616,314.9594,315.5487,317.4042,320.7181,325.6595,332.3216,340.6696,350.5041,361.4529,372.9997282211433,372.99996485006056,958.1714,121.06500000000004,285.1612,32.31450000000001
3519,3519,3519.0,3519.0,3519.0,3519.0,3519.0,3519.0,3519.0,3519.0,3519.0,3519.0,3519.0,3519.0,3519.0,3519.0,3519.0,3519.0,3519.0,3519.0,3519.0,3519.0,3519.0,3519.0,3519.0,3519.0,3519.0,3519.0,3519.0,3519.0,3519.0,3519.0,9.0,,,,,,,,,,,,,,,,,,,,0.9,366.6038,360.3275,354.2883,348.599,343.3665,338.6911,334.6662,331.3788,328.9092,327.3312,326.7101,327.1001,328.5396,331.0457,334.6078,339.1816,344.685,350.9954,357.9518,365.3597,372.9999009394791,372.9997123049573,1079.2364,164.09619999999995,164.09619999999995,32.31450000000001
3520,3520,3520.0,3520.0,3520.0,3520.0,3520.0,3520.0,3520.0,3520.0,3520.0,3520.0,3520.0,3520.0,3520.0,3520.0,3520.0,3520.0,3520.0,3520.0,3520.0,3520.0,3520.0,3520.0,3520.0,3520.0,3520.0,3520.0,3520.0,3520.0,3520.0,3520.0,0.0,,,,,,,,,,,,,,,,,,,,0.0,273.0,273.0,273.0,273.0,273.0,273.0,273.0,273.0,273.0,273.0,273.0,273.0,273.0,273.0,273.0,273.0,273.0,273.0,273.0,273.0,372.9999591685682,372.9999591685682,0.0,368.7879,1428.4053,35.60410000000002
3521,3521,3521.0,3521.0,3521.0,3521.0,3521.0,3521.0,3521.0,3521.0,3521.0,3521.0,3521.0,3521.0,3521.0,3521.0,3521.0,3521.0,3521.0,3521.0,3521.0,3521.0,3521.0,3521.0,3521.0,3521.0,3521.0,3521.0,3521.0,3521.0,3521.0,3521.0,1.0,,,,,,,,,,,,,,,,,,,,0.1,355.9583,339.696,324.8873,312.0201,301.3574,292.9443,286.6547,282.2609,279.5107,278.1944,278.1944,279.5107,282.2609,286.6547,292.9443,301.3574,312.0201,324.8873,339.696,355.9583,372.99994700040014,372.9999217788075,368.7879,149.9826,1059.6174,35.60410000000002
3522,3522,3522.0,3522.0,3522.0,3522.0,3522.0,3522.0,3522.0,3522.0,3522.0,3522.0,3522.0,3522.0,3522.0,3522.0,3522.0,3522.0,3522.0,3522.0,3522.0,3522.0,3522.0,3522.0,3522.0,3522.0,3522.0,3522.0,3522.0,3522.0,3522.0,3522.0,2.0,,,,,,,,,,,,,,,,,,,,0.2,361.0761,349.4623,338.4531,328.3136,319.2703,311.5058,305.1585,300.3265,297.0742,295.4395,295.4395,297.0742,300.3265,305.1584,311.5058,319.2703,328.3136,338.4531,349.4623,361.0761,294.5860044704655,307.10606026927314,518.7705,64.26170000000002,909.6348,35.60410000000002
3523,3523,3523.0,3523.0,3523.0,3523.0,3523.0,3523.0,3523.0,3523.0,3523.0,3523.0,3523.0,3523.0,3523.0,3523.0,3523.0,3523.0,3523.0,3523.0,3523.0,3523.0,3523.0,3523.0,3523.0,3523.0,3523.0,3523.0,3523.0,3523.0,3523.0,3523.0,3.0,,,,,,,,,,,,,,,,,,,,0.3,298.7537,302.521,305.5644,307.6956,308.8877,309.2655,309.0671,308.5878,308.1197,307.8998,308.0717,308.6665,309.602,310.7009,311.7243,312.4195,312.5723,312.0568,310.8697,309.1395,293.94797285647644,272.99998731157046,583.0322,61.60350000000005,845.3730999999999,35.60410000000002
3524,3524,3524.0,3524.0,3524.0,3524.0,3524.0,3524.0,3524.0,3524.0,3524.0,3524.0,3524.0,3524.0,3524.0,3524.0,3524.0,3524.0,3524.0,3524.0,3524.0,3524.0,3524.0,3524.0,3524.0,3524.0,3524.0,3524.0,3524.0,3524.0,3524.0,3524.0,4.0,,,,,,,,,,,,,,,,,,,,0.4,296.226,298.4209,300.4587,302.2822,303.8551,305.1617,306.2022,306.9848,307.514,307.7793,307.7446,307.3418,306.4713,305.0102,302.8298,299.8206,295.9207,291.1418,285.5866,279.4494,328.4828981577405,303.40875355037895,644.6357,93.14419999999996,783.7695999999999,35.60410000000002
3525,3525,3525.0,3525.0,3525.0,3525.0,3525.0,3525.0,3525.0,3525.0,3525.0,3525.0,3525.0,3525.0,3525.0,3525.0,3525.0,3525.0,3525.0,3525.0,3525.0,3525.0,3525.0,3525.0,3525.0,3525.0,3525.0,3525.0,3525.0,3525.0,3525.0,3525.0,5.0,,,,,,,,,,,,,,,,,,,,0.5,324.2642,320.2704,316.6905,313.6506,311.2003,309.3148,307.9107,306.8687,306.0596,305.3671,304.7055,304.0302,303.3404,302.6756,302.1032,301.7021,301.5416,301.6614,302.0562,302.6712,349.0220233251269,274.7512383897205,737.7799,109.24170000000004,690.6253999999999,35.60410000000002
3526,3526,3526.0,3526.0,3526.0,3526.0,3526.0,3526.0,3526.0,3526.0,3526.0,3526.0,3526.0,3526.0,3526.0,3526.0,3526.0,3526.0,3526.0,3526.0,3526.0,3526.0,3526.0,3526.0,3526.0,3526.0,3526.0,3526.0,3526.0,3526.0,3526.0,3526.0,6.0,,,,,,,,,,,,,,,,,,,,0.6,342.606,336.4142,330.6434,325.4412,320.8938,317.024,313.7986,311.1407,308.9432,307.081,305.4186,303.8157,302.1304,300.2246,297.9717,295.269,292.0522,288.3103,284.0948,279.5201,372.999938412416,372.99996023289526,847.0216,133.92949999999996,581.3836999999999,35.60410000000002
3527,3527,3527.0,3527.0,3527.0,3527.0,3527.0,3527.0,3527.0,3527.0,3527.0,3527.0,3527.0,3527.0,3527.0,3527.0,3527.0,3527.0,3527.0,3527.0,3527.0,3527.0,3527.0,3527.0,3527.0,3527.0,3527.0,3527.0,3527.0,3527.0,3527.0,3527.0,7.0,,,,,,,,,,,,,,,,,,,,0.7,363.9728,355.2155,346.9668,339.4108,332.6639,326.7766,321.7476,317.5468,314.1434,311.5348,309.7708,308.9692,309.3189,311.0644,314.4699,319.7662,327.0856,336.4002,347.4795,359.8839,372.9998891976189,372.99997449272206,980.9511,109.84529999999997,447.4541999999999,35.60410000000002
3528,3528,3528.0,3528.0,3528.0,3528.0,3528.0,3528.0,3528.0,3528.0,3528.0,3528.0,3528.0,3528.0,3528.0,3528.0,3528.0,3528.0,3528.0,3528.0,3528.0,3528.0,3528.0,3528.0,3528.0,3528.0,3528.0,3528.0,3528.0,3528.0,3528.0,3528.0,8.0,,,,,,,,,,,,,,,,,,,,0.8,365.9237,358.9829,352.3094,346.0283,340.256,335.0998,330.6583,327.0228,324.2785,322.5054,321.7768,322.1565,323.6934,326.4143,330.3157,335.3555,341.4473,348.4571,356.2046,364.469,372.9998515152264,372.9999464398121,1090.7964,139.1522,337.60889999999995,35.60410000000002
3529,3529,3529.0,3529.0,3529.0,3529.0,3529.0,3529.0,3529.0,3529.0,3529.0,3529.0,3529.0,3529.0,3529.0,3529.0,3529.0,3529.0,3529.0,3529.0,3529.0,3529.0,3529.0,3529.0,3529.0,3529.0,3529.0,3529.0,3529.0,3529.0,3529.0,3529.0,9.0,,,,,,,,,,,,,,,,,,,,0.9,367.2509,361.6151,356.204,351.1264,346.4862,342.3816,338.9034,336.1327,334.1401,332.9828,332.7032,333.3259,334.8563,337.2781,340.5519,344.6144,349.379,354.7363,360.5576,366.6976,372.9998687117153,372.99984040715646,1229.9486,198.4567,198.4567,35.60410000000002
3530,3530,3530.0,3530.0,3530.0,3530.0,3530.0,3530.0,3530.0,3530.0,3530.0,3530.0,3530.0,3530.0,3530.0,3530.0,3530.0,3530.0,3530.0,3530.0,3530.0,3530.0,3530.0,3530.0,3530.0,3530.0,3530.0,3530.0,3530.0,3530.0,3530.0,3530.0,0.0,,,,,,,,,,,,,,,,,,,,0.0,273.0,273.0,273.0,273.0,273.0,273.0,273.0,273.0,273.0,273.0,273.0,273.0,273.0,273.0,273.0,273.0,273.0,273.0,273.0,273.0,372.9999591685672,372.9999591685682,0.0,368.7879,1515.963,36.23219999999998
3531,3531,3531.0,3531.0,3531.0,3531.0,3531.0,3531.0,3531.0,3531.0,3531.0,3531.0,3531.0,3531.0,3531.0,3531.0,3531.0,3531.0,3531.0,3531.0,3531.0,3531.0,3531.0,3531.0,3531.0,3531.0,3531.0,3531.0,3531.0,3531.0,3531.0,3531.0,1.0,,,,,,,,,,,,,,,,,,,,0.1,355.9583,339.696,324.8873,312.0201,301.3574,292.9443,286.6547,282.2609,279.5107,278.1944,278.1944,279.5107,282.2609,286.6547,292.9443,301.3574,312.0201,324.8873,339.696,355.9583,372.9999273165865,372.9999589406072,368.7879,149.9826,1147.1751,36.23219999999998
3532,3532,3532.0,3532.0,3532.0,3532.0,3532.0,3532.0,3532.0,3532.0,3532.0,3532.0,3532.0,3532.0,3532.0,3532.0,3532.0,3532.0,3532.0,3532.0,3532.0,3532.0,3532.0,3532.0,3532.0,3532.0,3532.0,3532.0,3532.0,3532.0,3532.0,3532.0,2.0,,,,,,,,,,,,,,,,,,,,0.2,361.0761,349.4623,338.4531,328.3136,319.2703,311.5058,305.1585,300.3265,297.0742,295.4395,295.4395,297.0742,300.3265,305.1585,311.5058,319.2703,328.3136,338.4531,349.4624,361.0761,292.45467426668915,308.4788563435509,518.7705,63.71780000000001,997.1925,36.23219999999998
3533,3533,3533.0,3533.0,3533.0,3533.0,3533.0,3533.0,3533.0,3533.0,3533.0,3533.0,3533.0,3533.0,3533.0,3533.0,3533.0,3533.0,3533.0,3533.0,3533.0,3533.0,3533.0,3533.0,3533.0,3533.0,3533.0,3533.0,3533.0,3533.0,3533.0,3533.0,3.0,,,,,,,,,,,,,,,,,,,,0.3,296.9858,301.0998,304.4591,306.8652,308.2858,308.8457,308.7866,308.4107,308.0185,307.8561,308.0761,308.7183,309.7089,310.8777,311.9927,312.8061,313.1067,312.7686,311.7851,310.2784,298.344264572059,274.16865282343514,582.4883,60.32079999999996,933.4747,36.23219999999998
3534,3534,3534.0,3534.0,3534.0,3534.0,3534.0,3534.0,3534.0,3534.0,3534.0,3534.0,3534.0,3534.0,3534.0,3534.0,3534.0,3534.0,3534.0,3534.0,3534.0,3534.0,3534.0,3534.0,3534.0,3534.0,3534.0,3534.0,3534.0,3534.0,3534.0,3534.0,4.0,,,,,,,,,,,,,,,,,,,,0.4,299.7696,301.157,302.4715,303.6832,304.7691,305.7138,306.5068,307.1391,307.5951,307.8452,307.8369,307.4898,306.6953,305.3251,303.2468,300.3489,296.5676,291.9136,286.488,280.4836,371.3936878060999,282.3822298551211,642.8091,105.9960000000001,873.1539,36.23219999999998
3535,3535,3535.0,3535.0,3535.0,3535.0,3535.0,3535.0,3535.0,3535.0,3535.0,3535.0,3535.0,3535.0,3535.0,3535.0,3535.0,3535.0,3535.0,3535.0,3535.0,3535.0,3535.0,3535.0,3535.0,3535.0,3535.0,3535.0,3535.0,3535.0,3535.0,3535.0,5.0,,,,,,,,,,,,,,,,,,,,0.5,360.0407,349.2272,339.4147,330.9263,323.9167,318.3737,314.1484,311.0008,308.6487,306.8103,305.2353,303.7219,302.1231,300.345,298.3402,296.0984,293.6363,290.9884,288.1985,285.3139,372.9999288468314,372.9999598475092,748.8051,140.5797,767.1578999999999,36.23219999999998
3536,3536,3536.0,3536.0,3536.0,3536.0,3536.0,3536.0,3536.0,3536.0,3536.0,3536.0,3536.0,3536.0,3536.0,3536.0,3536.0,3536.0,3536.0,3536.0,3536.0,3536.0,3536.0,3536.0,3536.0,3536.0,3536.0,3536.0,3536.0,3536.0,3536.0,3536.0,6.0,,,,,,,,,,,,,,,,,,,,0.6,364.6769,356.5412,348.7655,341.496,334.8445,328.8866,323.667,319.2103,315.5384,312.6898,310.74,309.8159,310.1002,311.8197,315.2145,320.4894,327.7543,336.967,347.8936,360.103,372.9999152826514,372.999938569443,889.3848,116.8927,626.5781999999999,36.23219999999998
3537,3537,3537.0,3537.0,3537.0,3537.0,3537.0,3537.0,3537.0,3537.0,3537.0,3537.0,3537.0,3537.0,3537.0,3537.0,3537.0,3537.0,3537.0,3537.0,3537.0,3537.0,3537.0,3537.0,3537.0,3537.0,3537.0,3537.0,3537.0,3537.0,3537.0,3537.0,7.0,,,,,,,,,,,,,,,,,,,,0.7,366.2138,359.5465,353.1148,347.0326,341.4091,336.3493,331.9541,328.3203,325.5413,323.7057,322.8954,323.1813,324.6174,327.2335,331.0274,335.957,341.9353,348.8279,356.4544,364.5948,372.9999134945446,372.9999003713359,1006.2775,146.47860000000003,509.68549999999993,36.23219999999998
3538,3538,3538.0,3538.0,3538.0,3538.0,3538.0,3538.0,3538.0,3538.0,3538.0,3538.0,3538.0,3538.0,3538.0,3538.0,3538.0,3538.0,3538.0,3538.0,3538.0,3538.0,3538.0,3538.0,3538.0,3538.0,3538.0,3538.0,3538.0,3538.0,3538.0,3538.0,8.0,,,,,,,,,,,,,,,,,,,,0.8,367.4281,361.9628,356.7095,351.7716,347.2491,343.2372,339.8251,337.0939,335.115,333.9477,333.6366,334.2093,335.6739,338.017,341.2015,345.1667,349.8276,355.0766,360.7861,366.8124,372.99966493526153,372.9998496811552,1152.7561,205.874,363.2068999999999,36.23219999999998
3539,3539,3539.0,3539.0,3539.0,3539.0,3539.0,3539.0,3539.0,3539.0,3539.0,3539.0,3539.0,3539.0,3539.0,3539.0,3539.0,3539.0,3539.0,3539.0,3539.0,3539.0,3539.0,3539.0,3539.0,3539.0,3539.0,3539.0,3539.0,3539.0,3539.0,3539.0,9.0,,,,,,,,,,,,,,,,,,,,0.9,368.5109,364.1148,359.9029,355.9634,352.3805,349.2322,346.5894,344.5135,343.0556,342.2546,342.1358,342.7097,343.9712,345.8989,348.4549,351.5854,355.2212,359.2796,363.6658,368.276,173.00040972510538,372.9997238747623,1358.6301,157.33289999999988,157.33289999999988,36.23219999999998
3540,3540,3540.0,3540.0,3540.0,3540.0,3540.0,3540.0,3540.0,3540.0,3540.0,3540.0,3540.0,3540.0,3540.0,3540.0,3540.0,3540.0,3540.0,3540.0,3540.0,3540.0,3540.0,3540.0,3540.0,3540.0,3540.0,3540.0,3540.0,3540.0,3540.0,0.0,,,,,,,,,,,,,,,,,,,,,0.0,273.0,273.0,273.0,273.0,273.0,273.0,273.0,273.0,273.0,273.0,273.0,273.0,273.0,273.0,273.0,273.0,273.0,273.0,273.0,273.0,372.9999335625205,372.9999335625205,0.0,368.7879,2319.004,-40.0
3541,3541,3541.0,3541.0,3541.0,3541.0,3541.0,3541.0,3541.0,3541.0,3541.0,3541.0,3541.0,3541.0,3541.0,3541.0,3541.0,3541.0,3541.0,3541.0,3541.0,3541.0,3541.0,3541.0,3541.0,3541.0,3541.0,3541.0,3541.0,3541.0,3541.0,1.0,,,,,,,,,,,,,,,,,,,,,0.1,355.9582,339.696,324.8873,312.0201,301.3574,292.9443,286.6547,282.2609,279.5107,278.1944,278.1944,279.5107,282.2609,286.6547,292.9443,301.3574,312.0201,324.8873,339.696,355.9582,336.1804396140344,272.05439686086913,368.7879,175.22320000000008,1950.2161,-20.0557
3542,3542,3542.0,3542.0,3542.0,3542.0,3542.0,3542.0,3542.0,3542.0,3542.0,3542.0,3542.0,3542.0,3542.0,3542.0,3542.0,3542.0,3542.0,3542.0,3542.0,3542.0,3542.0,3542.0,3542.0,3542.0,3542.0,3542.0,3542.0,3542.0,3542.0,2.0,,,,,,,,,,,,,,,,,,,,,0.2,330.5297,324.9009,319.3384,313.9243,308.7818,304.0647,299.9368,296.5447,293.9896,292.3016,291.4212,291.1892,291.3498,291.5687,291.4707,290.6924,288.9469,286.0853,282.1401,277.3351,270.62306177123355,261.9812106173374,544.0111,187.00109999999995,1774.9928999999995,-8.935299999999984
3543,3543,3543.0,3543.0,3543.0,3543.0,3543.0,3543.0,3543.0,3543.0,3543.0,3543.0,3543.0,3543.0,3543.0,3543.0,3543.0,3543.0,3543.0,3543.0,3543.0,3543.0,3543.0,3543.0,3543.0,3543.0,3543.0,3543.0,3543.0,3543.0,3543.0,3.0,,,,,,,,,,,,,,,,,,,,,0.3,276.8862,282.7147,287.7417,291.7185,294.5389,296.2325,296.9329,296.8328,296.1362,295.0194,293.6057,291.9556,290.0709,287.9096,285.407,282.4989,279.1444,275.3426,271.1424,266.6423,347.61731717593034,272.9998798134705,731.0122,220.4598,1587.9917999999998,-16.767499999999984
3544,3544,3544.0,3544.0,3544.0,3544.0,3544.0,3544.0,3544.0,3544.0,3544.0,3544.0,3544.0,3544.0,3544.0,3544.0,3544.0,3544.0,3544.0,3544.0,3544.0,3544.0,3544.0,3544.0,3544.0,3544.0,3544.0,3544.0,3544.0,3544.0,3544.0,4.0,,,,,,,,,,,,,,,,,,,,,0.4,338.1495,329.1416,320.9814,313.9298,308.0954,303.441,299.8152,296.9983,294.7494,292.8451,291.1045,289.401,287.6614,285.8584,283.9983,282.1068,280.2163,278.3538,276.5338,274.7546,320.01560979863166,273.00001268842954,951.472,222.59179999999992,1367.532,-9.559000000000026
3545,3545,3545.0,3545.0,3545.0,3545.0,3545.0,3545.0,3545.0,3545.0,3545.0,3545.0,3545.0,3545.0,3545.0,3545.0,3545.0,3545.0,3545.0,3545.0,3545.0,3545.0,3545.0,3545.0,3545.0,3545.0,3545.0,3545.0,3545.0,3545.0,3545.0,5.0,,,,,,,,,,,,,,,,,,,,,0.5,317.9672,315.8425,313.5835,311.1632,308.5903,305.904,303.1629,300.4309,297.7644,295.2038,292.7704,290.4678,288.2858,286.2063,284.2082,282.271,280.3769,278.512,276.6657,274.8304,255.84206455147697,262.5218474278801,1174.0638,221.4815000000001,1144.9402,-7.096000000000004
3546,3546,3546.0,3546.0,3546.0,3546.0,3546.0,3546.0,3546.0,3546.0,3546.0,3546.0,3546.0,3546.0,3546.0,3546.0,3546.0,3546.0,3546.0,3546.0,3546.0,3546.0,3546.0,3546.0,3546.0,3546.0,3546.0,3546.0,3546.0,3546.0,3546.0,6.0,,,,,,,,,,,,,,,,,,,,,0.6,264.4139,272.4787,279.5992,285.4619,289.9043,292.9125,294.5935,295.1339,294.7552,293.6748,292.0794,290.1101,287.86,285.3796,282.6882,279.7871,276.6746,273.3576,269.8604,266.2276,372.999939070961,276.3396269392078,1395.5453,244.40660000000003,923.4587,-20.087499999999977
3547,3547,3547.0,3547.0,3547.0,3547.0,3547.0,3547.0,3547.0,3547.0,3547.0,3547.0,3547.0,3547.0,3547.0,3547.0,3547.0,3547.0,3547.0,3547.0,3547.0,3547.0,3547.0,3547.0,3547.0,3547.0,3547.0,3547.0,3547.0,3547.0,3547.0,7.0,,,,,,,,,,,,,,,,,,,,,0.7,358.3787,344.488,331.9459,321.1727,312.3513,305.4362,300.2031,296.3209,293.4246,291.1761,289.3037,287.6189,286.015,284.4532,282.9425,281.517,280.2143,279.0589,278.0509,277.162,304.9371168971935,272.99209747544825,1639.9519,231.6012000000001,679.0520999999999,-7.563800000000015
3548,3548,3548.0,3548.0,3548.0,3548.0,3548.0,3548.0,3548.0,3548.0,3548.0,3548.0,3548.0,3548.0,3548.0,3548.0,3548.0,3548.0,3548.0,3548.0,3548.0,3548.0,3548.0,3548.0,3548.0,3548.0,3548.0,3548.0,3548.0,3548.0,3548.0,8.0,,,,,,,,,,,,,,,,,,,,,0.8,306.2911,307.344,307.8497,307.6573,306.7284,305.1283,302.9975,300.5141,297.8566,295.1762,292.5813,290.1343,287.8572,285.7414,283.7601,281.8784,280.0614,278.2804,276.5148,274.7535,277.6364395712849,271.32160729617067,1871.5531,219.5452,447.4508999999998,-7.871699999999976
3549,3549,3549.0,3549.0,3549.0,3549.0,3549.0,3549.0,3549.0,3549.0,3549.0,3549.0,3549.0,3549.0,3549.0,3549.0,3549.0,3549.0,3549.0,3549.0,3549.0,3549.0,3549.0,3549.0,3549.0,3549.0,3549.0,3549.0,3549.0,3549.0,3549.0,9.0,,,,,,,,,,,,,,,,,,,,,0.9,282.0304,286.1401,289.7175,292.5792,294.6221,295.8238,296.2314,295.9416,295.0785,293.7729,292.1468,290.3036,288.3238,286.2646,284.1631,282.0407,279.9077,277.768,275.6229,273.4735,362.4066257653342,272.77687118443026,2091.0983,227.9056999999998,227.9056999999998,-17.176199999999994
3550,3550,3550.0,3550.0,3550.0,3550.0,3550.0,3550.0,3550.0,3550.0,3550.0,3550.0,3550.0,3550.0,3550.0,3550.0,3550.0,3550.0,3550.0,3550.0,3550.0,3550.0,3550.0,3550.0,3550.0,3550.0,3550.0,3550.0,3550.0,3550.0,3550.0,0.0,,,,,,,,,,,,,,,,,,,,,0.0,273.0,273.0,273.0,273.0,273.0,273.0,273.0,273.0,273.0,273.0,273.0,273.0,273.0,273.0,273.0,273.0,273.0,273.0,273.0,273.0,372.9998920154117,372.99996751378944,0.0,368.7879,2329.6608,-40.0
3551,3551,3551.0,3551.0,3551.0,3551.0,3551.0,3551.0,3551.0,3551.0,3551.0,3551.0,3551.0,3551.0,3551.0,3551.0,3551.0,3551.0,3551.0,3551.0,3551.0,3551.0,3551.0,3551.0,3551.0,3551.0,3551.0,3551.0,3551.0,3551.0,3551.0,1.0,,,,,,,,,,,,,,,,,,,,,0.1,355.9582,339.696,324.8873,312.0201,301.3574,292.9443,286.6546,282.2609,279.5107,278.1944,278.1944,279.5107,282.2609,286.6547,292.9443,301.3574,312.0201,324.8873,339.696,355.9583,335.3392131330988,272.7112195923373,368.7879,174.93580000000003,1960.8729,-20.0557
3552,3552,3552.0,3552.0,3552.0,3552.0,3552.0,3552.0,3552.0,3552.0,3552.0,3552.0,3552.0,3552.0,3552.0,3552.0,3552.0,3552.0,3552.0,3552.0,3552.0,3552.0,3552.0,3552.0,3552.0,3552.0,3552.0,3552.0,3552.0,3552.0,3552.0,2.0,,,,,,,,,,,,,,,,,,,,,0.2,329.8319,324.34,318.9021,313.5966,308.5443,303.8992,299.8264,296.4755,293.9509,292.2865,291.4267,291.2159,291.4019,291.6539,291.5994,290.8775,289.2027,286.4259,282.5781,277.8799,265.18817584702833,263.0904006288416,543.7237,186.1313,1785.9371,-9.100799999999992
3553,3553,3553.0,3553.0,3553.0,3553.0,3553.0,3553.0,3553.0,3553.0,3553.0,3553.0,3553.0,3553.0,3553.0,3553.0,3553.0,3553.0,3553.0,3553.0,3553.0,3553.0,3553.0,3553.0,3553.0,3553.0,3553.0,3553.0,3553.0,3553.0,3553.0,3.0,,,,,,,,,,,,,,,,,,,,,0.3,272.337,279.0135,284.8177,289.4775,292.8739,295.0348,296.1013,296.2799,295.7918,294.8311,293.5375,291.9859,290.1898,288.1164,285.7077,282.9042,279.6675,275.9971,271.9406,267.5935,350.41618616538886,272.73604021228084,729.855,220.6865,1599.8058,-17.96519999999998
3554,3554,3554.0,3554.0,3554.0,3554.0,3554.0,3554.0,3554.0,3554.0,3554.0,3554.0,3554.0,3554.0,3554.0,3554.0,3554.0,3554.0,3554.0,3554.0,3554.0,3554.0,3554.0,3554.0,3554.0,3554.0,3554.0,3554.0,3554.0,3554.0,3554.0,4.0,,,,,,,,,,,,,,,,,,,,,0.4,340.1887,330.4715,321.6952,314.1495,307.9558,303.0733,299.3347,296.4966,294.2917,292.4716,290.8338,289.2345,287.5879,285.8577,284.0438,282.1684,280.2625,278.3543,276.4625,274.5921,320.4566172809993,272.9348575254392,950.5415,223.37210000000005,1379.1193,-9.926699999999984
3555,3555,3555.0,3555.0,3555.0,3555.0,3555.0,3555.0,3555.0,3555.0,3555.0,3555.0,3555.0,3555.0,3555.0,3555.0,3555.0,3555.0,3555.0,3555.0,3555.0,3555.0,3555.0,3555.0,3555.0,3555.0,3555.0,3555.0,3555.0,3555.0,3555.0,5.0,,,,,,,,,,,,,,,,,,,,,0.5,318.3505,316.165,313.8403,311.3498,308.7045,305.948,303.1437,300.3597,297.6553,295.072,292.6299,290.3301,288.1588,286.0942,284.1118,282.1884,280.3047,278.4462,276.6026,274.767,256.5667605639716,261.0127949593077,1173.9136,222.9749999999999,1155.7472,-7.052000000000021
3556,3556,3556.0,3556.0,3556.0,3556.0,3556.0,3556.0,3556.0,3556.0,3556.0,3556.0,3556.0,3556.0,3556.0,3556.0,3556.0,3556.0,3556.0,3556.0,3556.0,3556.0,3556.0,3556.0,3556.0,3556.0,3556.0,3556.0,3556.0,3556.0,3556.0,6.0,,,,,,,,,,,,,,,,,,,,,0.6,265.0299,272.9888,280.0089,285.7789,290.1378,293.0721,294.6888,295.1738,294.7465,293.6219,291.9828,289.9657,287.6582,285.1046,282.3181,279.295,276.0303,272.5307,268.8235,264.9602,372.9999464363672,277.80941189003505,1396.8886,246.462,932.7722,-19.927900000000022
3557,3557,3557.0,3557.0,3557.0,3557.0,3557.0,3557.0,3557.0,3557.0,3557.0,3557.0,3557.0,3557.0,3557.0,3557.0,3557.0,3557.0,3557.0,3557.0,3557.0,3557.0,3557.0,3557.0,3557.0,3557.0,3557.0,3557.0,3557.0,3557.0,3557.0,7.0,,,,,,,,,,,,,,,,,,,,,0.7,358.4134,344.5528,332.0323,321.2697,312.4464,305.5173,300.2598,296.3453,293.4123,291.1276,289.2249,287.5227,285.9226,284.3953,282.959,281.656,280.5291,279.6032,278.8729,278.298,310.1055010799748,273.00001291761816,1643.3506,231.5679,686.3102000000001,-7.4827000000000226
3558,3558,3558.0,3558.0,3558.0,3558.0,3558.0,3558.0,3558.0,3558.0,3558.0,3558.0,3558.0,3558.0,3558.0,3558.0,3558.0,3558.0,3558.0,3558.0,3558.0,3558.0,3558.0,3558.0,3558.0,3558.0,3558.0,3558.0,3558.0,3558.0,3558.0,8.0,,,,,,,,,,,,,,,,,,,,,0.8,310.5875,310.8076,310.5534,309.6988,308.2184,306.1792,303.7146,300.9893,298.1658,295.3787,292.7217,290.2443,287.9576,285.8441,283.8693,281.9919,280.1723,278.3788,276.5905,274.7976,261.8851048844885,269.0216227518423,1874.9185,220.0831999999998,454.7423000000001,-6.82080000000002
3559,3559,3559.0,3559.0,3559.0,3559.0,3559.0,3559.0,3559.0,3559.0,3559.0,3559.0,3559.0,3559.0,3559.0,3559.0,3559.0,3559.0,3559.0,3559.0,3559.0,3559.0,3559.0,3559.0,3559.0,3559.0,3559.0,3559.0,3559.0,3559.0,3559.0,9.0,,,,,,,,,,,,,,,,,,,,,0.9,269.2245,276.1314,282.2304,287.2485,291.0384,293.5779,294.9498,295.3089,294.846,293.7561,292.2149,290.3653,288.3131,286.1286,283.8534,281.5086,279.1032,276.6426,274.1335,271.5876,371.2417103422113,272.9998799551176,2095.0017,234.6591000000003,234.6591000000003,-19.4221
3560,3560,3560.0,3560.0,3560.0,3560.0,3560.0,3560.0,3560.0,3560.0,3560.0,3560.0,3560.0,3560.0,3560.0,3560.0,3560.0,3560.0,3560.0,3560.0,3560.0,3560.0,3560.0,3560.0,3560.0,3560.0,3560.0,3560.0,3560.0,3560.0,3560.0,0.0,,,,,,,,,,,,,,,,,,,,,0.0,273.0,273.0,273.0,273.0,273.0,273.0,273.0,273.0,273.0,273.0,273.0,273.0,273.0,273.0,273.0,273.0,273.0,273.0,273.0,273.0,372.9999589405253,372.99996950567606,0.0,368.7878,2392.4892,-40.0
3561,3561,3561.0,3561.0,3561.0,3561.0,3561.0,3561.0,3561.0,3561.0,3561.0,3561.0,3561.0,3561.0,3561.0,3561.0,3561.0,3561.0,3561.0,3561.0,3561.0,3561.0,3561.0,3561.0,3561.0,3561.0,3561.0,3561.0,3561.0,3561.0,3561.0,1.0,,,,,,,,,,,,,,,,,,,,,0.1,355.9583,339.696,324.8873,312.0201,301.3574,292.9443,286.6547,282.2609,279.5107,278.1944,278.1944,279.5107,282.2609,286.6547,292.9443,301.3574,312.0201,324.8873,339.696,355.9583,335.52068235805865,272.5694936698212,368.7878,174.99759999999998,2023.7014,-20.0557
3562,3562,3562.0,3562.0,3562.0,3562.0,3562.0,3562.0,3562.0,3562.0,3562.0,3562.0,3562.0,3562.0,3562.0,3562.0,3562.0,3562.0,3562.0,3562.0,3562.0,3562.0,3562.0,3562.0,3562.0,3562.0,3562.0,3562.0,3562.0,3562.0,3562.0,2.0,,,,,,,,,,,,,,,,,,,,,0.2,329.9825,324.461,318.9963,313.6673,308.5955,303.9349,299.8503,296.4905,293.9593,292.2898,291.4255,291.2102,291.3907,291.6355,291.5716,290.8376,289.1475,286.3525,282.4836,277.7624,265.06294370960376,263.1179024814311,543.7854,186.3014000000001,1848.7038,-9.065099999999973
3563,3563,3563.0,3563.0,3563.0,3563.0,3563.0,3563.0,3563.0,3563.0,3563.0,3563.0,3563.0,3563.0,3563.0,3563.0,3563.0,3563.0,3563.0,3563.0,3563.0,3563.0,3563.0,3563.0,3563.0,3563.0,3563.0,3563.0,3563.0,3563.0,3563.0,3.0,,,,,,,,,,,,,,,,,,,,,0.3,272.2419,278.9465,284.7754,289.4551,292.8663,295.0367,296.1082,296.2881,295.7984,294.8342,293.5362,291.98,290.1798,288.1035,285.6936,282.8913,279.6582,275.9941,271.9462,267.6096,352.5093816674896,271.8877115147314,730.0868,221.17319999999995,1662.4024,-17.963300000000004
3564,3564,3564.0,3564.0,3564.0,3564.0,3564.0,3564.0,3564.0,3564.0,3564.0,3564.0,3564.0,3564.0,3564.0,3564.0,3564.0,3564.0,3564.0,3564.0,3564.0,3564.0,3564.0,3564.0,3564.0,3564.0,3564.0,3564.0,3564.0,3564.0,3564.0,4.0,,,,,,,,,,,,,,,,,,,,,0.4,341.9222,331.8619,322.7735,314.9569,308.5386,303.4781,299.604,296.6666,294.3905,292.5187,290.8409,289.2059,287.5217,285.7461,283.8746,281.9259,279.9289,277.9117,275.8949,273.8874,318.79548178109826,273.00005374905,951.26,224.51790000000005,1441.2292,-9.521900000000016
3565,3565,3565.0,3565.0,3565.0,3565.0,3565.0,3565.0,3565.0,3565.0,3565.0,3565.0,3565.0,3565.0,3565.0,3565.0,3565.0,3565.0,3565.0,3565.0,3565.0,3565.0,3565.0,3565.0,3565.0,3565.0,3565.0,3565.0,3565.0,3565.0,3565.0,5.0,,,,,,,,,,,,,,,,,,,,,0.5,317.0737,315.2489,313.2413,311.0106,308.5616,305.9389,303.2128,300.4617,297.7566,295.1503,292.6727,290.333,288.1237,286.0279,284.0247,282.0937,280.2172,278.3806,276.5721,274.7817,257.52832486788253,262.1508860353238,1175.7779,222.75,1216.7113,-7.06110000000001
3566,3566,3566.0,3566.0,3566.0,3566.0,3566.0,3566.0,3566.0,3566.0,3566.0,3566.0,3566.0,3566.0,3566.0,3566.0,3566.0,3566.0,3566.0,3566.0,3566.0,3566.0,3566.0,3566.0,3566.0,3566.0,3566.0,3566.0,3566.0,3566.0,3566.0,6.0,,,,,,,,,,,,,,,,,,,,,0.6,265.7864,273.5532,280.4051,286.0377,290.2924,293.1543,294.7258,295.1867,294.7511,293.6296,292.003,290.0083,287.7355,285.2329,282.5181,279.5913,276.45,273.1006,269.5676,265.8965,372.9998925019,274.9541796330397,1398.5279,245.85670000000005,993.9613,-19.845700000000026
3567,3567,3567.0,3567.0,3567.0,3567.0,3567.0,3567.0,3567.0,3567.0,3567.0,3567.0,3567.0,3567.0,3567.0,3567.0,3567.0,3567.0,3567.0,3567.0,3567.0,3567.0,3567.0,3567.0,3567.0,3567.0,3567.0,3567.0,3567.0,3567.0,3567.0,7.0,,,,,,,,,,,,,,,,,,,,,0.7,358.4478,344.6181,332.1221,321.3761,312.5612,305.6335,300.3716,296.4483,293.5022,291.198,289.2648,287.5132,285.8343,284.1859,282.5731,281.0263,279.5811,278.2615,277.0699,275.9827,317.2870021765084,272.28739823674675,1644.3846,236.019,748.1045999999999,-7.366499999999974
3568,3568,3568.0,3568.0,3568.0,3568.0,3568.0,3568.0,3568.0,3568.0,3568.0,3568.0,3568.0,3568.0,3568.0,3568.0,3568.0,3568.0,3568.0,3568.0,3568.0,3568.0,3568.0,3568.0,3568.0,3568.0,3568.0,3568.0,3568.0,3568.0,3568.0,8.0,,,,,,,,,,,,,,,,,,,,,0.8,316.5589,315.6232,314.3145,312.5396,310.2898,307.6325,304.6882,301.5996,298.5036,295.5098,292.6902,290.0781,287.6742,285.4561,283.3886,281.4321,279.55,277.712,275.8966,274.0905,329.03366352183804,237.94534422624656,1880.4036,237.94810000000007,512.0855999999999,-5.367500000000007
3569,3569,3569.0,3569.0,3569.0,3569.0,3569.0,3569.0,3569.0,3569.0,3569.0,3569.0,3569.0,3569.0,3569.0,3569.0,3569.0,3569.0,3569.0,3569.0,3569.0,3569.0,3569.0,3569.0,3569.0,3569.0,3569.0,3569.0,3569.0,3569.0,3569.0,9.0,,,,,,,,,,,,,,,,,,,,,0.9,325.2819,321.582,317.9776,314.4983,311.1567,307.9486,304.8548,301.8439,298.8732,295.8872,292.8152,289.5684,286.0403,282.111,277.6598,272.583,266.817,260.3592,253.2831,245.74,285.27892488582944,258.629810471107,2118.3517,274.1374999999998,274.1374999999998,-5.051400000000001
3570,3570,3570.0,3570.0,3570.0,3570.0,3570.0,3570.0,3570.0,3570.0,3570.0,3570.0,3570.0,3570.0,3570.0,3570.0,3570.0,3570.0,3570.0,3570.0,3570.0,3570.0,3570.0,3570.0,3570.0,3570.0,3570.0,3570.0,3570.0,3570.0,3570.0,0.0,,,,,,,,,,,,,,,,,,,,,0.0,273.0,273.0,273.0,273.0,273.0,273.0,273.0,273.0,273.0,273.0,273.0,273.0,273.0,273.0,273.0,273.0,273.0,273.0,273.0,273.0,372.99988183634366,372.9999642539279,0.0,368.7879,2303.7366,-40.0
3571,3571,3571.0,3571.0,3571.0,3571.0,3571.0,3571.0,3571.0,3571.0,3571.0,3571.0,3571.0,3571.0,3571.0,3571.0,3571.0,3571.0,3571.0,3571.0,3571.0,3571.0,3571.0,3571.0,3571.0,3571.0,3571.0,3571.0,3571.0,3571.0,3571.0,1.0,,,,,,,,,,,,,,,,,,,,,0.1,355.9582,339.696,324.8873,312.0201,301.3574,292.9443,286.6546,282.2609,279.5107,278.1944,278.1944,279.5107,282.2609,286.6547,292.9443,301.3574,312.0201,324.8873,339.696,355.9583,334.96933664382806,273.00001291761816,368.7879,174.81030000000004,1934.9487,-20.0557
3572,3572,3572.0,3572.0,3572.0,3572.0,3572.0,3572.0,3572.0,3572.0,3572.0,3572.0,3572.0,3572.0,3572.0,3572.0,3572.0,3572.0,3572.0,3572.0,3572.0,3572.0,3572.0,3572.0,3572.0,3572.0,3572.0,3572.0,3572.0,3572.0,3572.0,2.0,,,,,,,,,,,,,,,,,,,,,0.2,329.5251,324.0933,318.7103,313.4525,308.4399,303.8264,299.7779,296.4451,293.9339,292.2799,291.4291,291.2277,291.4248,291.6913,291.656,290.9589,289.3152,286.5757,282.7707,278.1195,262.4023115888077,263.58138801383274,543.5982,185.825,1760.1383999999998,-9.173600000000022
3573,3573,3573.0,3573.0,3573.0,3573.0,3573.0,3573.0,3573.0,3573.0,3573.0,3573.0,3573.0,3573.0,3573.0,3573.0,3573.0,3573.0,3573.0,3573.0,3573.0,3573.0,3573.0,3573.0,3573.0,3573.0,3573.0,3573.0,3573.0,3573.0,3573.0,3.0,,,,,,,,,,,,,,,,,,,,,0.3,270.0082,277.1219,283.3266,288.3377,292.0297,294.4297,295.6827,296.0025,295.6189,294.7354,293.5001,291.9952,290.2401,288.2066,285.84,283.0831,279.8986,276.2865,272.2937,268.0145,356.76100190461966,271.78855239507806,729.4232,221.4887,1574.3134,-18.57029999999997
3574,3574,3574.0,3574.0,3574.0,3574.0,3574.0,3574.0,3574.0,3574.0,3574.0,3574.0,3574.0,3574.0,3574.0,3574.0,3574.0,3574.0,3574.0,3574.0,3574.0,3574.0,3574.0,3574.0,3574.0,3574.0,3574.0,3574.0,3574.0,3574.0,3574.0,4.0,,,,,,,,,,,,,,,,,,,,,0.4,345.3082,334.4296,324.6104,316.179,309.2752,303.8577,299.7428,296.6607,294.3134,292.4215,290.7553,289.1482,287.4965,285.7501,283.8991,281.9589,279.9571,277.9221,275.8759,273.8306,304.1866404945968,272.81473926106474,950.9119,223.8011,1352.8247,-9.142299999999976
3575,3575,3575.0,3575.0,3575.0,3575.0,3575.0,3575.0,3575.0,3575.0,3575.0,3575.0,3575.0,3575.0,3575.0,3575.0,3575.0,3575.0,3575.0,3575.0,3575.0,3575.0,3575.0,3575.0,3575.0,3575.0,3575.0,3575.0,3575.0,3575.0,3575.0,5.0,,,,,,,,,,,,,,,,,,,,,0.5,305.1046,305.7886,306.0464,305.7588,304.8923,303.492,301.6605,299.5284,297.227,294.8673,292.5295,290.2613,288.0827,285.9943,283.9853,282.0405,280.1446,278.2843,276.4484,274.6279,321.6782765808829,272.7115653761939,1174.713,218.3338000000001,1129.0236000000002,-9.50799999999998
3576,3576,3576.0,3576.0,3576.0,3576.0,3576.0,3576.0,3576.0,3576.0,3576.0,3576.0,3576.0,3576.0,3576.0,3576.0,3576.0,3576.0,3576.0,3576.0,3576.0,3576.0,3576.0,3576.0,3576.0,3576.0,3576.0,3576.0,3576.0,3576.0,3576.0,6.0,,,,,,,,,,,,,,,,,,,,,0.6,318.3376,315.074,311.9514,309.0109,306.2671,303.7099,301.3119,299.037,296.8488,294.7172,292.6207,290.5472,288.4917,286.4538,284.4352,282.4374,280.4607,278.5037,276.5631,274.6343,272.32495283172955,271.3267577560633,1393.0468,216.6813,910.6898,-9.290099999999995
3577,3577,3577.0,3577.0,3577.0,3577.0,3577.0,3577.0,3577.0,3577.0,3577.0,3577.0,3577.0,3577.0,3577.0,3577.0,3577.0,3577.0,3577.0,3577.0,3577.0,3577.0,3577.0,3577.0,3577.0,3577.0,3577.0,3577.0,3577.0,3577.0,3577.0,7.0,,,,,,,,,,,,,,,,,,,,,0.7,277.8386,282.9908,287.471,291.0584,293.6413,295.2145,295.8596,295.7142,294.9406,293.6985,292.1275,290.3377,288.4086,286.3927,284.3217,282.2127,280.0745,277.9119,275.7293,273.532,364.92815350951867,272.07181634728323,1609.7281,228.57729999999992,694.0085000000001,-17.785500000000013
3578,3578,3578.0,3578.0,3578.0,3578.0,3578.0,3578.0,3578.0,3578.0,3578.0,3578.0,3578.0,3578.0,3578.0,3578.0,3578.0,3578.0,3578.0,3578.0,3578.0,3578.0,3578.0,3578.0,3578.0,3578.0,3578.0,3578.0,3578.0,3578.0,3578.0,8.0,,,,,,,,,,,,,,,,,,,,,0.8,352.3836,340.4335,329.5826,320.1775,312.3748,306.1471,301.3223,297.6389,294.8038,292.5392,290.6129,288.8512,287.1384,285.4073,283.6272,281.7906,279.9032,277.9761,276.0217,274.0506,276.3247584973845,263.99549032897914,1838.3054,228.7630000000001,465.4312000000002,-6.852899999999977
3579,3579,3579.0,3579.0,3579.0,3579.0,3579.0,3579.0,3579.0,3579.0,3579.0,3579.0,3579.0,3579.0,3579.0,3579.0,3579.0,3579.0,3579.0,3579.0,3579.0,3579.0,3579.0,3579.0,3579.0,3579.0,3579.0,3579.0,3579.0,3579.0,3579.0,9.0,,,,,,,,,,,,,,,,,,,,,0.9,282.4771,288.1295,292.8614,296.3923,298.6081,299.5527,299.3905,298.3546,296.6936,294.6302,292.3352,289.919,287.4351,284.8931,282.2745,279.5494,276.6915,273.6882,270.548,267.301,348.28709343702144,272.32513343516894,2067.0684,236.66820000000007,236.66820000000007,-13.447299999999984
3580,3580,3580.0,3580.0,3580.0,3580.0,3580.0,3580.0,3580.0,3580.0,3580.0,3580.0,3580.0,3580.0,3580.0,3580.0,3580.0,3580.0,3580.0,3580.0,3580.0,3580.0,3580.0,3580.0,3580.0,3580.0,3580.0,3580.0,3580.0,3580.0,3580.0,0.0,,,,,,,,,,,,,,,,,,,,,0.0,273.0,273.0,273.0,273.0,273.0,273.0,273.0,273.0,273.0,273.0,273.0,273.0,273.0,273.0,273.0,273.0,273.0,273.0,273.0,273.0,372.9998882238415,372.999969504743,0.0,368.7879,2341.6678999999995,-40.0
3581,3581,3581.0,3581.0,3581.0,3581.0,3581.0,3581.0,3581.0,3581.0,3581.0,3581.0,3581.0,3581.0,3581.0,3581.0,3581.0,3581.0,3581.0,3581.0,3581.0,3581.0,3581.0,3581.0,3581.0,3581.0,3581.0,3581.0,3581.0,3581.0,3581.0,1.0,,,,,,,,,,,,,,,,,,,,,0.1,355.9582,339.696,324.8873,312.0201,301.3574,292.9443,286.6546,282.2609,279.5107,278.1944,278.1944,279.5107,282.2609,286.6547,292.9443,301.3574,312.0201,324.8873,339.696,355.9583,335.27009252251383,272.76518983551614,368.7879,174.91230000000002,1972.88,-20.0557
3582,3582,3582.0,3582.0,3582.0,3582.0,3582.0,3582.0,3582.0,3582.0,3582.0,3582.0,3582.0,3582.0,3582.0,3582.0,3582.0,3582.0,3582.0,3582.0,3582.0,3582.0,3582.0,3582.0,3582.0,3582.0,3582.0,3582.0,3582.0,3582.0,3582.0,2.0,,,,,,,,,,,,,,,,,,,,,0.2,329.7746,324.2939,318.8663,313.5696,308.5248,303.8856,299.8174,296.4698,293.9477,292.2853,291.4271,291.2181,291.4062,291.6609,291.61,290.8927,289.2237,286.4539,282.6141,277.9247,267.06856327256344,262.6767867870988,543.7002,186.0883,1797.9676999999997,-9.11439999999999
3583,3583,3583.0,3583.0,3583.0,3583.0,3583.0,3583.0,3583.0,3583.0,3583.0,3583.0,3583.0,3583.0,3583.0,3583.0,3583.0,3583.0,3583.0,3583.0,3583.0,3583.0,3583.0,3583.0,3583.0,3583.0,3583.0,3583.0,3583.0,3583.0,3583.0,3.0,,,,,,,,,,,,,,,,,,,,,0.3,273.8935,280.2611,285.7844,290.2004,293.3949,295.3961,296.3421,296.4336,295.8847,294.8824,293.5598,291.9859,290.1693,288.0731,285.6361,282.7965,279.5145,275.7894,271.6697,267.253,350.49243252195885,272.04254158509025,729.7885,220.86,1611.8793999999998,-17.60390000000001
3584,3584,3584.0,3584.0,3584.0,3584.0,3584.0,3584.0,3584.0,3584.0,3584.0,3584.0,3584.0,3584.0,3584.0,3584.0,3584.0,3584.0,3584.0,3584.0,3584.0,3584.0,3584.0,3584.0,3584.0,3584.0,3584.0,3584.0,3584.0,3584.0,3584.0,4.0,,,,,,,,,,,,,,,,,,,,,0.4,340.3431,330.6953,321.9723,314.4592,308.2757,303.3824,299.6156,296.7365,294.4825,292.6087,290.915,289.2587,287.5535,285.7618,283.882,281.9346,279.9494,277.9546,275.9693,274.0002,319.0628392014533,272.8739746229122,950.6485,224.2192,1391.0194,-9.617599999999982
3585,3585,3585.0,3585.0,3585.0,3585.0,3585.0,3585.0,3585.0,3585.0,3585.0,3585.0,3585.0,3585.0,3585.0,3585.0,3585.0,3585.0,3585.0,3585.0,3585.0,3585.0,3585.0,3585.0,3585.0,3585.0,3585.0,3585.0,3585.0,3585.0,3585.0,5.0,,,,,,,,,,,,,,,,,,,,,0.5,317.2357,315.3154,313.2299,310.9436,308.4627,305.8293,303.109,300.3747,297.6916,295.1076,292.6493,290.3236,288.1223,286.0281,284.0206,282.0795,280.1878,278.3315,276.4996,274.6831,263.56114470983965,261.8290776384383,1174.8677,222.4827,1166.8002,-7.170700000000011
3586,3586,3586.0,3586.0,3586.0,3586.0,3586.0,3586.0,3586.0,3586.0,3586.0,3586.0,3586.0,3586.0,3586.0,3586.0,3586.0,3586.0,3586.0,3586.0,3586.0,3586.0,3586.0,3586.0,3586.0,3586.0,3586.0,3586.0,3586.0,3586.0,3586.0,6.0,,,,,,,,,,,,,,,,,,,,,0.6,270.7828,277.5603,283.5105,288.3588,291.962,294.307,295.4869,295.6644,295.0325,293.7803,292.0695,290.0207,287.7113,285.1804,282.439,279.4835,276.3087,272.9206,269.3437,265.6247,372.1981981160815,272.6760426706359,1397.3504,245.18169999999984,944.3175,-18.692999999999984
3587,3587,3587.0,3587.0,3587.0,3587.0,3587.0,3587.0,3587.0,3587.0,3587.0,3587.0,3587.0,3587.0,3587.0,3587.0,3587.0,3587.0,3587.0,3587.0,3587.0,3587.0,3587.0,3587.0,3587.0,3587.0,3587.0,3587.0,3587.0,3587.0,3587.0,7.0,,,,,,,,,,,,,,,,,,,,,0.7,358.0755,344.6389,332.4692,321.9632,313.295,306.4254,301.1467,297.1497,294.0916,291.6523,289.5714,287.6638,285.8195,283.9912,282.1764,280.398,278.6861,277.0629,275.5336,274.0826,293.077845993211,266.57035878231534,1642.5321,238.93630000000007,699.1358,-6.574599999999975
3588,3588,3588.0,3588.0,3588.0,3588.0,3588.0,3588.0,3588.0,3588.0,3588.0,3588.0,3588.0,3588.0,3588.0,3588.0,3588.0,3588.0,3588.0,3588.0,3588.0,3588.0,3588.0,3588.0,3588.0,3588.0,3588.0,3588.0,3588.0,3588.0,3588.0,8.0,,,,,,,,,,,,,,,,,,,,,0.8,296.5598,299.6417,301.9909,303.3931,303.7736,303.1891,301.7941,299.7959,297.4093,294.8217,292.1729,289.5485,286.9853,284.4827,282.0163,279.5523,277.0586,274.5131,271.9086,269.2539,329.85423893916806,272.02495869837736,1881.4684,233.6335000000001,460.1995,-9.810900000000004
3589,3589,3589.0,3589.0,3589.0,3589.0,3589.0,3589.0,3589.0,3589.0,3589.0,3589.0,3589.0,3589.0,3589.0,3589.0,3589.0,3589.0,3589.0,3589.0,3589.0,3589.0,3589.0,3589.0,3589.0,3589.0,3589.0,3589.0,3589.0,3589.0,3589.0,9.0,,,,,,,,,,,,,,,,,,,,,0.9,324.799,319.9191,315.3605,311.2171,307.5219,304.2516,301.3413,298.705,296.2553,293.9186,291.6437,289.4037,287.1933,285.0228,282.9111,280.8783,278.9392,277.0986,275.3485,273.6679,308.697195233144,271.8456201334305,2115.1019,226.5659999999998,226.5659999999998,-8.748400000000004
3590,3590,3590.0,3590.0,3590.0,3590.0,3590.0,3590.0,3590.0,3590.0,3590.0,3590.0,3590.0,3590.0,3590.0,3590.0,3590.0,3590.0,3590.0,3590.0,3590.0,3590.0,3590.0,3590.0,3590.0,3590.0,3590.0,3590.0,3590.0,3590.0,3590.0,0.0,,,,,,,,,,,,,,,,,,,,,0.0,273.0,273.0,273.0,273.0,273.0,273.0,273.0,273.0,273.0,273.0,273.0,273.0,273.0,273.0,273.0,273.0,273.0,273.0,273.0,273.0,372.999890688852,372.9999700118815,0.0,368.7879,2294.1666,-40.0
3591,3591,3591.0,3591.0,3591.0,3591.0,3591.0,3591.0,3591.0,3591.0,3591.0,3591.0,3591.0,3591.0,3591.0,3591.0,3591.0,3591.0,3591.0,3591.0,3591.0,3591.0,3591.0,3591.0,3591.0,3591.0,3591.0,3591.0,3591.0,3591.0,3591.0,1.0,,,,,,,,,,,,,,,,,,,,,0.1,355.9582,339.696,324.8873,312.0201,301.3574,292.9443,286.6546,282.2609,279.5107,278.1944,278.1944,279.5107,282.2609,286.6547,292.9443,301.3574,312.0201,324.8873,339.696,355.9583,335.4323257463504,272.6385478420195,368.7879,174.96740000000003,1925.3787,-20.0557
3592,3592,3592.0,3592.0,3592.0,3592.0,3592.0,3592.0,3592.0,3592.0,3592.0,3592.0,3592.0,3592.0,3592.0,3592.0,3592.0,3592.0,3592.0,3592.0,3592.0,3592.0,3592.0,3592.0,3592.0,3592.0,3592.0,3592.0,3592.0,3592.0,3592.0,2.0,,,,,,,,,,,,,,,,,,,,,0.2,329.9092,324.4021,318.9504,313.6328,308.5706,303.9175,299.8387,296.4832,293.9552,292.2882,291.4261,291.213,291.3961,291.6445,291.5851,290.857,289.1744,286.3883,282.5297,277.8197,262.1007048266263,263.7693919375847,543.7553,186.2057,1750.4113,-9.082499999999982
3593,3593,3593.0,3593.0,3593.0,3593.0,3593.0,3593.0,3593.0,3593.0,3593.0,3593.0,3593.0,3593.0,3593.0,3593.0,3593.0,3593.0,3593.0,3593.0,3593.0,3593.0,3593.0,3593.0,3593.0,3593.0,3593.0,3593.0,3593.0,3593.0,3593.0,3.0,,,,,,,,,,,,,,,,,,,,,0.3,269.7803,276.9631,283.228,288.2876,292.0154,294.4384,295.7032,296.0255,295.6379,294.7461,293.5009,291.9866,290.2249,288.1894,285.8275,283.0834,279.9209,276.34,272.3867,268.1533,357.50004426319225,271.86165734713074,729.961,221.4748,1564.2056,-18.5616
3594,3594,3594.0,3594.0,3594.0,3594.0,3594.0,3594.0,3594.0,3594.0,3594.0,3594.0,3594.0,3594.0,3594.0,3594.0,3594.0,3594.0,3594.0,3594.0,3594.0,3594.0,3594.0,3594.0,3594.0,3594.0,3594.0,3594.0,3594.0,3594.0,3594.0,4.0,,,,,,,,,,,,,,,,,,,,,0.4,345.9148,334.9106,324.9781,316.4497,309.467,303.9884,299.8288,296.7157,294.3481,292.4441,290.7717,289.1626,287.512,285.7689,283.9229,281.9892,279.9949,277.9681,275.9308,273.8945,303.344185758072,273.00001268842954,951.4358,223.48160000000007,1342.7308,-9.011599999999987
3595,3595,3595.0,3595.0,3595.0,3595.0,3595.0,3595.0,3595.0,3595.0,3595.0,3595.0,3595.0,3595.0,3595.0,3595.0,3595.0,3595.0,3595.0,3595.0,3595.0,3595.0,3595.0,3595.0,3595.0,3595.0,3595.0,3595.0,3595.0,3595.0,3595.0,5.0,,,,,,,,,,,,,,,,,,,,,0.5,304.4405,305.2927,305.7002,305.5379,304.7696,303.4411,301.658,299.5553,297.2695,294.9166,292.5809,290.3135,288.1366,286.0524,284.0511,282.118,280.2377,278.3967,276.5832,274.7873,319.13763864334777,271.7947630811098,1174.9174,218.077,1119.2492,-9.558899999999994
3596,3596,3596.0,3596.0,3596.0,3596.0,3596.0,3596.0,3596.0,3596.0,3596.0,3596.0,3596.0,3596.0,3596.0,3596.0,3596.0,3596.0,3596.0,3596.0,3596.0,3596.0,3596.0,3596.0,3596.0,3596.0,3596.0,3596.0,3596.0,3596.0,3596.0,6.0,,,,,,,,,,,,,,,,,,,,,0.6,316.2043,313.3317,310.5694,307.9479,305.4756,303.1407,300.9179,298.7754,296.6829,294.6157,292.5572,290.4984,288.4357,286.3687,284.2979,282.2238,280.1459,278.0639,275.9774,273.8872,289.7511194086431,272.8293267611119,1392.9944,216.76160000000004,901.1722,-9.85930000000002
3597,3597,3597.0,3597.0,3597.0,3597.0,3597.0,3597.0,3597.0,3597.0,3597.0,3597.0,3597.0,3597.0,3597.0,3597.0,3597.0,3597.0,3597.0,3597.0,3597.0,3597.0,3597.0,3597.0,3597.0,3597.0,3597.0,3597.0,3597.0,3597.0,3597.0,7.0,,,,,,,,,,,,,,,,,,,,,0.7,292.1593,294.3548,296.1549,297.4298,298.1137,298.2039,297.7485,296.8287,295.5407,293.9796,292.2294,290.3583,288.4174,286.4429,284.4593,282.4818,280.5192,278.5748,276.648,274.7349,349.22680922651966,272.9999054195174,1609.756,221.64289999999983,684.4105999999999,-14.796100000000024
3598,3598,3598.0,3598.0,3598.0,3598.0,3598.0,3598.0,3598.0,3598.0,3598.0,3598.0,3598.0,3598.0,3598.0,3598.0,3598.0,3598.0,3598.0,3598.0,3598.0,3598.0,3598.0,3598.0,3598.0,3598.0,3598.0,3598.0,3598.0,3598.0,3598.0,8.0,,,,,,,,,,,,,,,,,,,,,0.8,340.1607,331.4834,323.5259,316.5166,310.5607,305.6441,301.6584,298.4368,295.7911,293.5419,291.5387,289.6678,287.8528,286.0479,284.2304,282.3927,280.5355,278.6629,276.7801,274.8913,265.6738766472428,263.40400491442074,1831.3989,223.0233000000001,462.7677000000001,-7.35590000000002
3599,3599,3599.0,3599.0,3599.0,3599.0,3599.0,3599.0,3599.0,3599.0,3599.0,3599.0,3599.0,3599.0,3599.0,3599.0,3599.0,3599.0,3599.0,3599.0,3599.0,3599.0,3599.0,3599.0,3599.0,3599.0,3599.0,3599.0,3599.0,3599.0,3599.0,9.0,,,,,,,,,,,,,,,,,,,,,0.9,273.2165,280.2349,286.2842,291.0592,294.422,296.396,297.1297,296.8473,295.7962,294.2047,292.2555,290.0736,287.7287,285.2453,282.618,279.8278,276.857,273.7015,270.378,266.9259,362.3732454363598,272.3913068376706,2054.4222,239.74440000000004,239.74440000000004,-16.603999999999985
