,Unnamed: 0,Unnamed: 0.1,Unnamed: 0.1.1,Unnamed: 0.1.1.1,Unnamed: 0.1.1.1.1,Unnamed: 0.1.1.1.1.1,Unnamed: 0.1.1.1.1.1.1,Unnamed: 0.1.1.1.1.1.1.1,Unnamed: 0.1.1.1.1.1.1.1.1,Unnamed: 0.1.1.1.1.1.1.1.1.1,Unnamed: 0.1.1.1.1.1.1.1.1.1.1,Unnamed: 0.1.1.1.1.1.1.1.1.1.1.1,Unnamed: 0.1.1.1.1.1.1.1.1.1.1.1.1,Unnamed: 0.1.1.1.1.1.1.1.1.1.1.1.1.1,Unnamed: 0.1.1.1.1.1.1.1.1.1.1.1.1.1.1,Unnamed: 0.1.1.1.1.1.1.1.1.1.1.1.1.1.1.1,Unnamed: 0.1.1.1.1.1.1.1.1.1.1.1.1.1.1.1.1,Unnamed: 0.1.1.1.1.1.1.1.1.1.1.1.1.1.1.1.1.1,Unnamed: 0.1.1.1.1.1.1.1.1.1.1.1.1.1.1.1.1.1.1,Unnamed: 0.1.1.1.1.1.1.1.1.1.1.1.1.1.1.1.1.1.1.1,Unnamed: 0.1.1.1.1.1.1.1.1.1.1.1.1.1.1.1.1.1.1.1.1,Unnamed: 0.1.1.1.1.1.1.1.1.1.1.1.1.1.1.1.1.1.1.1.1.1,Unnamed: 0.1.1.1.1.1.1.1.1.1.1.1.1.1.1.1.1.1.1.1.1.1.1,Unnamed: 0.1.1.1.1.1.1.1.1.1.1.1.1.1.1.1.1.1.1.1.1.1.1.1,Unnamed: 0.1.1.1.1.1.1.1.1.1.1.1.1.1.1.1.1.1.1.1.1.1.1.1.1,Unnamed: 0.1.1.1.1.1.1.1.1.1.1.1.1.1.1.1.1.1.1.1.1.1.1.1.1.1,Unnamed: 0.1.1.1.1.1.1.1.1.1.1.1.1.1.1.1.1.1.1.1.1.1.1.1.1.1.1,Unnamed: 0.1.1.1.1.1.1.1.1.1.1.1.1.1.1.1.1.1.1.1.1.1.1.1.1.1.1.1,Unnamed: 0.1.1.1.1.1.1.1.1.1.1.1.1.1.1.1.1.1.1.1.1.1.1.1.1.1.1.1.1,t,x0,x1,x2,x3,x4,x5,x6,x7,x8,x9,x10,x11,x12,x13,x14,x15,x16,x17,x18,x19,u0,u1,L,inst_cost,ctg,path_diff
0,0,0.0,0.0,0.0,0.0,0.0,0.0,0.0,,,,,,,,,,,,,,,,,,,,,,0.0,273.0,273.0,273.0,273.0,273.0,273.0,273.0,273.0,273.0,273.0,273.0,273.0,273.0,273.0,273.0,273.0,273.0,273.0,273.0,273.0,473.0,419.0,0.0,362.3143,1993.4937,7.500299999999981
1,1,1.0,1.0,1.0,1.0,1.0,1.0,1.0,,,,,,,,,,,,,,,,,,,,,,0.1,428.5453,392.4458,362.9699,339.142,320.2995,305.8612,295.2385,287.8364,283.1028,280.5905,280.0092,281.2538,284.4045,289.7008,297.4928,308.1822,322.1668,339.8134,361.4819,387.6269,303.0,473.0,362.3143,126.7679,1631.1794,7.500299999999981
2,2,2.0,2.0,2.0,2.0,2.0,2.0,2.0,,,,,,,,,,,,,,,,,,,,,,0.2,303.4174,304.0018,304.2809,303.9633,302.9687,301.4168,299.5868,297.8602,296.6649,296.4315,297.5685,300.4541,305.4414,312.8711,323.0872,336.4587,353.4147,374.506,400.5194,432.6779,402.0,362.0,489.0822,43.7362,1504.4115,7.500299999999981
3,3,3.0,3.0,3.0,3.0,3.0,3.0,3.0,,,,,,,,,,,,,,,,,,,,,,0.3,377.9857,358.2912,342.2673,329.4786,319.5829,312.2687,307.2329,304.182,302.8429,302.9697,304.3444,306.771,310.0688,314.0728,318.6465,323.708,329.2679,335.4704,342.6272,351.2386,369.0,274.0,532.8184,78.928,1460.6753,7.500299999999981
4,4,4.0,4.0,4.0,4.0,4.0,4.0,4.0,,,,,,,,,,,,,,,,,,,,,,0.4,354.9488,343.5404,334.2214,326.5901,320.3618,315.3373,311.3741,308.357,306.1718,304.6839,303.7226,303.0734,302.4805,301.6596,300.3226,298.2128,295.146,291.0506,285.9955,280.1975,352.0,273.0,611.7464,148.73180000000002,1381.7473,7.500299999999981
5,5,5.0,5.0,5.0,5.0,5.0,5.0,5.0,,,,,,,,,,,,,,,,,,,,,,0.5,341.462,332.9221,325.941,320.1788,315.3759,311.3351,307.9056,304.9672,302.4175,300.1617,298.1066,296.159,294.2278,292.2279,290.0864,287.7489,285.1848,282.3907,279.3913,276.2374,417.0,274.0,760.4782,209.6915,1233.0155,7.500299999999981
6,6,6.0,6.0,6.0,6.0,6.0,6.0,6.0,,,,,,,,,,,,,,,,,,,,,,0.6,390.8657,369.6592,352.3948,338.3886,327.1149,318.1269,311.0192,305.4182,300.9856,297.4256,294.491,291.9836,289.7519,287.6848,285.7047,283.7609,281.8231,279.8768,277.9194,275.9566,406.0,271.0,970.1697,250.6997,1023.324,7.500299999999981
7,7,7.0,7.0,7.0,7.0,7.0,7.0,7.0,,,,,,,,,,,,,,,,,,,,,,0.7,383.8434,365.9159,351.2308,339.0864,328.9703,320.5003,313.3834,307.3878,302.3233,298.0281,294.3606,291.1945,288.4169,285.9274,283.639,281.4782,279.3859,277.3173,275.2415,273.1391,383.0,275.0,1220.8694,254.71669999999995,772.6243,7.500299999999981
8,8,8.0,8.0,8.0,8.0,8.0,8.0,8.0,,,,,,,,,,,,,,,,,,,,,,0.8,366.2499,352.6477,341.4366,332.0558,324.0918,317.2436,311.2953,306.0925,301.5231,297.5026,293.9632,290.8479,288.1068,285.6954,283.5741,281.7069,280.0602,278.6008,277.295,276.1071,403.0,271.0,1475.5861,253.9099000000001,517.9076,7.500299999999981
9,9,9.0,9.0,9.0,9.0,9.0,9.0,9.0,,,,,,,,,,,,,,,,,,,,,,0.9,381.0141,363.161,348.5368,336.4921,326.5373,318.2864,311.4245,305.6902,300.8652,296.7686,293.2512,290.1906,287.4864,285.055,282.8261,280.7403,278.7474,276.8063,274.8838,272.9549,404.0,274.0,1729.496,263.9976999999999,263.9976999999999,7.500299999999981
10,10,10.0,10.0,10.0,10.0,10.0,10.0,10.0,,,,,,,,,,,,,,,,,,,,,,0.0,273.0,273.0,273.0,273.0,273.0,273.0,273.0,273.0,273.0,273.0,273.0,273.0,273.0,273.0,273.0,273.0,273.0,273.0,273.0,273.0,453.0,473.0,0.0,350.428,1680.8617999999997,7.186300000000017
11,11,11.0,11.0,11.0,11.0,11.0,11.0,11.0,,,,,,,,,,,,,,,,,,,,,,0.1,413.4983,381.1042,354.5052,332.9454,315.8876,302.839,293.2907,286.7333,282.7114,280.889,281.1023,283.3897,287.9915,295.3193,305.9017,320.319,339.1511,362.9739,392.4475,428.5459,324.0,446.0,350.428,90.3467,1330.4337999999998,7.186300000000017
12,12,12.0,12.0,12.0,12.0,12.0,12.0,12.0,,,,,,,,,,,,,,,,,,,,,,0.2,319.449,315.7775,312.5483,309.4807,306.4691,303.5721,300.9789,298.9609,297.8237,297.8662,299.355,302.5135,307.5255,314.5506,323.7506,335.3245,349.5561,366.8758,387.9464,413.7906,384.0,359.0,440.7747,41.5301,1240.0870999999995,7.186300000000017
13,13,13.0,13.0,13.0,13.0,13.0,13.0,13.0,,,,,,,,,,,,,,,,,,,,,,0.3,364.6499,348.7506,335.7915,325.4151,317.3412,311.3254,307.1422,304.5815,303.4503,303.5735,304.7906,306.9508,309.9103,313.5355,317.7182,322.4007,327.6099,333.4928,340.3462,348.6352,374.0,272.0,482.3048,79.74260000000004,1198.5569999999998,7.186300000000017
14,14,14.0,14.0,14.0,14.0,14.0,14.0,14.0,,,,,,,,,,,,,,,,,,,,,,0.4,358.4858,345.8599,335.5649,327.1953,320.4509,315.1034,310.9685,307.8841,305.6904,304.214,303.2558,302.5839,301.9348,301.0235,299.5652,297.3079,294.071,289.784,284.5143,278.4741,365.0,274.0,562.0474,155.57709999999997,1118.8143999999998,7.186300000000017
15,15,15.0,15.0,15.0,15.0,15.0,15.0,15.0,,,,,,,,,,,,,,,,,,,,,,0.5,351.6111,340.7192,331.8045,324.4717,318.4159,313.3976,309.2242,305.7343,302.7863,300.2511,298.0075,295.9416,293.949,291.9377,289.8331,287.5822,285.1561,282.552,279.7923,276.9212,407.0,272.0,717.6245,211.8235,963.2373,7.186300000000017
16,16,16.0,16.0,16.0,16.0,16.0,16.0,16.0,,,,,,,,,,,,,,,,,,,,,,0.6,383.5822,364.5545,349.026,336.3645,326.084,317.7802,311.0986,305.7214,301.3657,297.785,294.7705,292.1509,289.7888,287.5775,285.4361,283.3063,281.1488,278.9413,276.6762,274.358,407.0,272.0,929.448,249.91410000000008,751.4137999999999,7.186300000000017
17,17,17.0,17.0,17.0,17.0,17.0,17.0,17.0,,,,,,,,,,,,,,,,,,,,,,0.7,384.45,366.1959,351.2552,338.9292,328.7034,320.1863,313.0702,307.1062,302.0877,297.84,294.214,291.0816,288.3337,285.878,283.6377,281.5502,279.5654,277.6444,275.7575,273.8819,384.0,275.0,1179.3621,254.62279999999987,501.4996999999999,7.186300000000017
18,18,18.0,18.0,18.0,18.0,18.0,18.0,18.0,,,,,,,,,,,,,,,,,,,,,,0.8,367.0052,353.2026,341.827,332.3126,324.2425,317.3131,311.306,306.0642,301.4729,297.4447,293.9088,290.805,288.0802,285.687,283.5827,281.7288,280.0896,278.6311,277.3197,276.1209,282.0,472.0,1433.9849,188.51710000000003,246.8769,7.186300000000017
19,19,19.0,19.0,19.0,19.0,19.0,19.0,19.0,,,,,,,,,,,,,,,,,,,,,,0.9,286.5748,290.8723,294.4944,297.1754,298.8061,299.4309,299.2253,298.4671,297.5108,296.7731,296.7303,297.9219,300.9507,306.4728,315.169,327.7086,344.7195,366.8008,394.617,429.1243,396.0,369.0,1622.502,58.35979999999995,58.35979999999995,7.186300000000017
20,20,20.0,20.0,20.0,20.0,20.0,20.0,20.0,,,,,,,,,,,,,,,,,,,,,,0.0,273.0,273.0,273.0,273.0,273.0,273.0,273.0,273.0,273.0,273.0,273.0,273.0,273.0,273.0,273.0,273.0,273.0,273.0,273.0,273.0,471.0,420.0,0.0,361.8875,1995.4637,7.961299999999994
21,21,21.0,21.0,21.0,21.0,21.0,21.0,21.0,,,,,,,,,,,,,,,,,,,,,,0.1,427.0464,391.3182,362.1287,338.5256,319.8588,305.5557,295.0345,287.7069,283.0271,280.5548,280.0057,281.2804,284.4646,289.8027,297.6494,308.4103,322.4871,340.2504,362.0648,388.3928,299.0,471.0,361.8875,125.6596,1633.5762,7.961299999999994
22,22,22.0,22.0,22.0,22.0,22.0,22.0,22.0,,,,,,,,,,,,,,,,,,,,,,0.2,300.2009,301.4594,302.3075,302.4602,301.8454,300.5937,298.9958,297.4447,296.3786,296.2361,297.4311,300.344,305.3274,312.719,322.8578,336.1071,352.8889,373.7462,399.4535,431.2124,408.0,357.0,487.5471,45.81679999999994,1507.9166,7.961299999999994
23,23,23.0,23.0,23.0,23.0,23.0,23.0,23.0,,,,,,,,,,,,,,,,,,,,,,0.3,382.4554,361.5319,344.5207,330.9527,320.4616,312.7119,307.3732,304.122,302.6537,302.6923,303.9922,306.3325,309.5105,313.341,317.6688,322.3938,327.5093,333.1417,339.5842,347.3153,371.0,274.0,533.3639,84.1513000000001,1462.0998,7.961299999999994
24,24,24.0,24.0,24.0,24.0,24.0,24.0,24.0,,,,,,,,,,,,,,,,,,,,,,0.4,356.6105,344.933,335.3872,327.5537,321.1363,315.9302,311.791,308.6038,306.2565,304.6166,303.5161,302.7436,302.0476,301.1492,299.7668,297.6501,294.6196,290.6049,285.6714,280.0268,350.0,273.0,617.5152,151.49169999999992,1377.9485,7.961299999999994
25,25,25.0,25.0,25.0,25.0,25.0,25.0,25.0,,,,,,,,,,,,,,,,,,,,,,0.5,339.9791,331.8734,325.2458,319.7584,315.155,311.2457,307.8895,304.9782,302.4219,300.1379,298.0437,296.0548,294.087,292.06,289.9042,287.5668,285.0174,282.2515,279.2916,276.1854,416.0,274.0,769.0069,209.99980000000005,1226.4568,7.961299999999994
26,26,26.0,26.0,26.0,26.0,26.0,26.0,26.0,,,,,,,,,,,,,,,,,,,,,,0.6,390.0674,369.0138,351.8697,337.9612,326.7683,317.8473,310.7945,305.2373,300.8381,297.3024,294.3843,291.8877,289.6631,287.6014,285.6269,283.6901,281.7617,279.8276,277.8849,275.9388,410.0,275.0,979.0067,250.53830000000005,1016.457,7.961299999999994
27,27,27.0,27.0,27.0,27.0,27.0,27.0,27.0,,,,,,,,,,,,,,,,,,,,,,0.7,386.8572,368.1472,352.839,340.2038,329.7107,320.9613,313.6474,307.5232,302.3863,298.0661,294.4164,291.3109,288.642,286.3183,284.2648,282.4207,280.7381,279.1799,277.7179,276.3303,384.0,272.0,1229.545,253.0574999999999,765.9187,7.961299999999994
28,28,28.0,28.0,28.0,28.0,28.0,28.0,28.0,,,,,,,,,,,,,,,,,,,,,,0.8,367.1135,353.4115,342.1216,332.6729,324.6462,317.739,311.7365,306.4864,301.8778,297.8253,294.2564,291.1048,288.3063,285.7985,283.5208,281.417,279.4364,277.5358,275.6801,273.8419,399.0,275.0,1482.6025,252.6405,512.8612,7.961299999999994
29,29,29.0,29.0,29.0,29.0,29.0,29.0,29.0,,,,,,,,,,,,,,,,,,,,,,0.9,378.0101,360.9559,346.9737,335.4378,325.8759,317.9171,311.2624,305.6669,300.9301,296.8885,293.4116,290.3964,287.7632,285.4507,283.4111,281.6063,280.0037,278.5729,277.2833,276.1034,411.0,275.0,1735.243,260.2207000000001,260.2207000000001,7.961299999999994
30,30,30.0,30.0,30.0,30.0,30.0,30.0,30.0,,,,,,,,,,,,,,,,,,,,,,0.0,273.0,273.0,273.0,273.0,273.0,273.0,273.0,273.0,273.0,273.0,273.0,273.0,273.0,273.0,273.0,273.0,273.0,273.0,273.0,273.0,472.0,418.0,0.0,362.4586,2005.1809,8.576999999999998
31,31,31.0,31.0,31.0,31.0,31.0,31.0,31.0,,,,,,,,,,,,,,,,,,,,,,0.1,427.796,391.8821,362.5493,338.8335,320.0783,305.7067,295.133,287.7648,283.0522,280.5499,279.9683,281.2022,284.3309,289.5917,297.3325,307.9521,321.8454,339.3758,360.8985,386.8606,301.0,472.0,362.4586,127.32760000000002,1642.7223,8.576999999999998
32,32,32.0,32.0,32.0,32.0,32.0,32.0,32.0,,,,,,,,,,,,,,,,,,,,,,0.2,301.8082,302.7281,303.2894,303.2037,302.3943,300.9862,299.2637,297.6139,296.4695,296.2657,297.4141,300.2954,305.2646,312.6628,322.8344,336.1473,353.0285,374.0246,399.9145,431.9082,400.0,361.0,489.7862,44.03989999999999,1515.3947,8.576999999999998
33,33,33.0,33.0,33.0,33.0,33.0,33.0,33.0,,,,,,,,,,,,,,,,,,,,,,0.3,376.3803,356.9897,341.2064,328.6115,318.8737,311.6882,306.7559,303.7866,302.5089,302.6789,304.0797,306.5163,309.8085,313.7916,318.3283,323.3357,328.8227,334.9305,341.9672,350.4277,384.0,272.0,533.8261,83.5901,1471.3548,8.576999999999998
34,34,34.0,34.0,34.0,34.0,34.0,34.0,34.0,,,,,,,,,,,,,,,,,,,,,,0.4,366.4523,352.1971,340.5704,331.0983,323.4378,317.3335,312.5847,309.0172,306.4599,304.7269,303.6035,302.84,302.1529,301.237,299.7887,297.5396,294.2968,289.9829,284.6633,278.5541,339.0,274.0,617.4162,152.40210000000002,1387.7647,8.576999999999998
35,35,35.0,35.0,35.0,35.0,35.0,35.0,35.0,,,,,,,,,,,,,,,,,,,,,,0.5,331.7035,325.8902,321.1404,317.1327,313.6391,310.5122,307.666,305.0529,302.6423,300.4041,298.2989,296.2749,294.2709,292.2231,290.0732,287.7763,285.3067,282.6623,279.8646,276.957,419.0,272.0,769.8183,208.3525,1235.3626,8.576999999999998
36,36,36.0,36.0,36.0,36.0,36.0,36.0,36.0,,,,,,,,,,,,,,,,,,,,,,0.6,392.1431,370.342,352.6076,338.2573,326.7614,317.6596,310.5249,304.9575,300.592,297.1086,294.2406,291.7757,289.5519,287.4504,285.3875,283.3072,281.1754,278.9756,276.7055,274.3745,414.0,273.0,978.1708,255.0143,1027.0101,8.576999999999998
37,37,37.0,37.0,37.0,37.0,37.0,37.0,37.0,,,,,,,,,,,,,,,,,,,,,,0.7,389.9242,370.4825,354.5908,341.488,330.6215,321.577,314.0327,307.7303,302.4551,298.0243,294.28,291.0853,288.3225,285.8919,283.7109,281.713,279.8456,278.0683,276.3499,274.6668,379.0,273.0,1233.1851,256.42920000000004,771.9958000000001,8.576999999999998
38,38,38.0,38.0,38.0,38.0,38.0,38.0,38.0,,,,,,,,,,,,,,,,,,,,,,0.8,363.3638,350.6805,340.2094,331.3997,323.8505,317.2791,311.4933,306.3656,301.8096,297.7629,294.1735,290.9927,288.1716,285.661,283.4119,281.377,279.5124,277.7774,276.1355,274.5532,401.0,274.0,1489.6143,252.6651,515.5666000000001,8.576999999999998
39,39,39.0,39.0,39.0,39.0,39.0,39.0,39.0,,,,,,,,,,,,,,,,,,,,,,0.9,379.4349,361.9113,347.5532,335.7284,325.9574,317.8599,311.1243,305.4915,300.7466,296.7133,293.2504,290.2464,287.6145,285.2878,283.2134,281.3487,279.6577,278.1076,276.6679,275.3086,410.0,272.0,1742.2794,262.90150000000017,262.90150000000017,8.576999999999998
40,40,40.0,40.0,40.0,40.0,40.0,40.0,40.0,,,,,,,,,,,,,,,,,,,,,,0.0,273.0,273.0,273.0,273.0,273.0,273.0,273.0,273.0,273.0,273.0,273.0,273.0,273.0,273.0,273.0,273.0,273.0,273.0,273.0,273.0,472.0,418.0,0.0,362.4586,1737.0631,7.504900000000019
41,41,41.0,41.0,41.0,41.0,41.0,41.0,41.0,,,,,,,,,,,,,,,,,,,,,,0.1,427.796,391.8821,362.5493,338.8335,320.0783,305.7067,295.133,287.7648,283.0522,280.5499,279.9683,281.2022,284.3309,289.5917,297.3325,307.9521,321.8454,339.3758,360.8985,386.8606,301.0,473.0,362.4586,127.34020000000004,1374.6045,7.504900000000019
42,42,42.0,42.0,42.0,42.0,42.0,42.0,42.0,,,,,,,,,,,,,,,,,,,,,,0.2,301.8082,302.7282,303.2896,303.204,302.3949,300.9873,299.2659,297.6181,296.4773,296.2796,297.438,300.335,305.3279,312.7607,322.9805,336.359,353.3265,374.4347,400.4694,432.6523,399.0,361.0,489.7988,43.494699999999966,1247.2643,7.504900000000019
43,43,43.0,43.0,43.0,43.0,43.0,43.0,43.0,,,,,,,,,,,,,,,,,,,,,,0.3,375.6126,356.4072,340.7729,328.2978,318.655,311.5435,306.6683,303.7424,302.4982,302.6944,304.1163,306.5702,309.8764,313.8696,318.412,323.4197,328.9007,334.9961,342.0145,350.4526,384.0,274.0,533.2935,82.62890000000004,1203.7696,7.504900000000019
44,44,44.0,44.0,44.0,44.0,44.0,44.0,44.0,,,,,,,,,,,,,,,,,,,,,,0.4,366.4272,352.1495,340.5052,331.0222,323.3581,317.2578,312.5198,308.9692,306.4346,304.7303,303.6435,302.9275,302.304,301.4741,300.1415,298.0454,295.0,290.9331,285.9129,280.1548,347.0,274.0,615.9224,152.03539999999998,1121.1407,7.504900000000019
45,45,45.0,45.0,45.0,45.0,45.0,45.0,45.0,,,,,,,,,,,,,,,,,,,,,,0.5,337.9459,330.6648,324.7067,319.7269,315.4744,311.7758,308.5168,305.6205,303.0278,300.683,298.5245,296.4821,294.4798,292.4419,290.3003,288.0025,285.5177,282.8412,279.995,277.0259,417.0,271.0,767.9578,208.5752,969.1053,7.504900000000019
46,46,46.0,46.0,46.0,46.0,46.0,46.0,46.0,,,,,,,,,,,,,,,,,,,,,,0.6,390.8379,369.6106,352.3382,338.3403,327.0908,318.1391,311.0736,305.513,301.1114,297.5658,294.622,292.0749,289.7651,287.5725,285.4093,283.2145,280.9491,278.5928,276.1414,273.6041,406.0,272.0,976.533,252.51010000000008,760.5301000000001,7.504900000000019
47,47,47.0,47.0,47.0,47.0,47.0,47.0,47.0,,,,,,,,,,,,,,,,,,,,,,0.7,383.8445,365.9182,351.2347,339.0915,328.9761,320.5049,313.3837,307.3795,302.3014,297.9879,294.2992,291.113,288.3227,285.8363,283.5767,281.4801,279.4958,277.5836,275.7125,273.858,385.0,271.0,1229.0431,256.9517999999998,508.02,7.504900000000019
48,48,48.0,48.0,48.0,48.0,48.0,48.0,48.0,,,,,,,,,,,,,,,,,,,,,,0.8,367.7884,353.8137,342.3022,332.6816,324.5295,317.5369,311.4792,306.1935,301.5582,297.4787,293.8761,290.6807,287.8279,285.2575,282.9127,280.7411,278.6954,276.7333,274.8177,272.9163,285.0,472.0,1485.9949,192.8237000000001,251.06820000000016,7.504900000000019
49,49,49.0,49.0,49.0,49.0,49.0,49.0,49.0,,,,,,,,,,,,,,,,,,,,,,0.9,288.991,292.7784,295.9646,298.2814,299.614,299.9979,299.5985,298.6824,297.5943,296.743,296.5998,297.7024,300.6556,306.1199,314.7823,327.3173,344.3564,366.4978,394.4007,429.0125,390.0,368.0,1678.8186,58.244500000000016,58.244500000000016,7.504900000000019
50,50,50.0,50.0,50.0,50.0,50.0,50.0,50.0,,,,,,,,,,,,,,,,,,,,,,0.0,273.0,273.0,273.0,273.0,273.0,273.0,273.0,273.0,273.0,273.0,273.0,273.0,273.0,273.0,273.0,273.0,273.0,273.0,273.0,273.0,459.0,449.0,0.0,354.791,1984.5533000000005,9.478799999999978
51,51,51.0,51.0,51.0,51.0,51.0,51.0,51.0,,,,,,,,,,,,,,,,,,,,,,0.1,418.0259,384.522,357.0572,334.8125,317.2138,303.7411,293.8597,287.031,282.7653,280.6853,280.5781,282.4244,286.3984,292.8394,302.1999,314.9829,331.6878,352.7939,378.8167,410.473,297.0,473.0,354.791,104.8573,1629.7623000000003,9.478799999999978
52,52,52.0,52.0,52.0,52.0,52.0,52.0,52.0,,,,,,,,,,,,,,,,,,,,,,0.2,298.3052,299.6513,300.6037,300.9026,300.4922,299.511,298.2508,297.1002,296.4881,296.8398,298.5491,301.9701,307.4221,315.2042,325.6183,338.9986,355.7569,376.4517,401.9043,433.3935,420.0,356.0,459.6483,43.04469999999998,1524.9050000000002,9.478799999999978
53,53,53.0,53.0,53.0,53.0,53.0,53.0,53.0,,,,,,,,,,,,,,,,,,,,,,0.3,391.5306,368.3036,349.468,334.4766,322.9121,314.3953,308.5507,305.0053,303.4035,303.4188,304.7589,307.1621,310.3914,314.2345,318.5156,323.1213,328.038,333.3914,339.4799,346.7909,352.0,272.0,502.693,81.1182,1481.8603000000005,9.478799999999978
54,54,54.0,54.0,54.0,54.0,54.0,54.0,54.0,,,,,,,,,,,,,,,,,,,,,,0.4,342.1892,334.3056,327.8564,322.4843,317.9552,314.1359,310.9636,308.4095,306.4432,305.0033,303.9774,303.1939,302.4255,301.4054,299.8554,297.5236,294.2267,289.8912,284.5813,278.5063,340.0,274.0,583.8112,145.42640000000006,1400.7421000000002,9.478799999999978
55,55,55.0,55.0,55.0,55.0,55.0,55.0,55.0,,,,,,,,,,,,,,,,,,,,,,0.5,331.7378,325.0743,319.654,315.196,311.4811,308.3412,305.6467,303.2952,301.2012,299.2872,297.4797,295.7065,293.899,291.9949,289.9431,287.7084,285.2753,282.6501,279.8611,276.9565,430.0,272.0,729.2376,212.4029,1255.3157,9.478799999999978
56,56,56.0,56.0,56.0,56.0,56.0,56.0,56.0,,,,,,,,,,,,,,,,,,,,,,0.6,400.3272,376.3067,356.7992,341.04,328.4484,318.524,310.8021,304.8432,300.2421,296.6408,293.7381,291.2927,289.1201,287.0847,285.0915,283.0775,281.0051,278.8566,276.6308,274.3385,416.0,272.0,941.6405,261.82490000000007,1042.9128,9.478799999999978
57,57,57.0,57.0,57.0,57.0,57.0,57.0,57.0,,,,,,,,,,,,,,,,,,,,,,0.7,391.6483,372.014,355.9672,342.7166,331.6935,322.4788,314.7545,308.2705,302.822,298.2344,294.3545,291.0462,288.1889,285.6768,283.42,281.3435,279.3875,277.5057,275.6631,273.8343,372.0,272.0,1203.4654,258.18679999999995,781.0879,9.478799999999978
58,58,58.0,58.0,58.0,58.0,58.0,58.0,58.0,,,,,,,,,,,,,,,,,,,,,,0.8,358.0633,346.7705,337.4259,329.5079,322.6406,316.5673,311.1237,306.2115,301.7732,297.7718,294.1771,290.9569,288.0744,285.4878,283.1523,281.0224,279.0538,277.2047,275.4362,273.7125,404.0,271.0,1461.6522,254.5083,522.9011,9.478799999999978
59,59,59.0,59.0,59.0,59.0,59.0,59.0,59.0,,,,,,,,,,,,,,,,,,,,,,0.9,381.5755,363.3528,348.4359,336.1815,326.0989,317.7922,310.9302,305.2311,300.4565,296.4091,292.9286,289.8882,287.1886,284.7523,282.518,280.4356,278.4632,276.5644,274.7069,272.8612,410.0,272.0,1716.1605,268.3928000000001,268.3928000000001,9.478799999999978
60,60,60.0,60.0,60.0,60.0,60.0,60.0,,,,,,,,,,,,,,,,,,,,,,,0.0,273.0,273.0,273.0,273.0,273.0,273.0,273.0,273.0,273.0,273.0,273.0,273.0,273.0,273.0,273.0,273.0,273.0,273.0,273.0,273.0,473.0,473.0,0.0,351.8898,1480.2641,-40.0
61,61,61.0,61.0,61.0,61.0,61.0,61.0,,,,,,,,,,,,,,,,,,,,,,,0.1,428.5462,392.4485,362.9763,339.1565,320.3305,305.9254,295.3664,288.0818,283.5568,281.3999,281.3999,283.5568,288.0818,295.3664,305.9254,320.3305,339.1565,362.9763,392.4485,428.5462,171.0,473.0,351.8898,105.1243,1128.3743000000002,-7.074599999999975
62,62,62.0,62.0,62.0,62.0,62.0,62.0,,,,,,,,,,,,,,,,,,,,,,,0.2,197.5889,221.6568,242.2171,258.7441,271.2144,280.0454,285.9695,289.8866,292.7323,295.3805,298.5871,302.9724,309.0327,317.1709,327.7406,341.0977,357.6656,378.0203,403.0127,433.9639,470.0,312.0,457.0141,83.3949,1023.25,-32.95460000000003
63,63,63.0,63.0,63.0,63.0,63.0,63.0,,,,,,,,,,,,,,,,,,,,,,,0.3,425.83,390.0621,361.2619,338.6586,321.6838,309.7396,302.1256,298.062,296.755,297.4594,299.5159,302.3587,305.5041,308.536,311.1036,312.9385,313.8901,313.9683,313.3776,312.5263,174.0,403.0,540.409,90.57050000000004,939.8551,-3.260400000000004
64,64,64.0,64.0,64.0,64.0,64.0,64.0,,,,,,,,,,,,,,,,,,,,,,,0.4,200.5967,224.7377,245.472,262.2827,275.1199,284.335,290.5564,294.5487,297.0917,298.8999,300.5847,302.6548,305.5396,309.62,315.2554,322.8,332.6113,345.0607,360.561,379.6289,326.0,273.0,630.9795,117.9765,849.2846000000001,-28.66500000000002
65,65,65.0,65.0,65.0,65.0,65.0,65.0,,,,,,,,,,,,,,,,,,,,,,,0.5,315.0185,305.7354,298.339,292.9248,289.4492,287.7276,287.4677,288.3199,289.9256,291.9492,294.0884,296.068,297.6248,298.4984,298.4352,297.2123,294.6762,290.7895,285.6679,279.5947,234.0,416.0,748.956,167.91369999999995,731.3081000000001,-25.272400000000005
66,66,66.0,66.0,66.0,66.0,66.0,66.0,,,,,,,,,,,,,,,,,,,,,,,0.6,244.4265,253.8748,262.1075,269.0007,274.5579,278.8993,282.2334,284.8238,286.9629,288.9589,291.1368,293.8493,297.4898,302.4961,309.3418,318.514,330.4871,345.7109,364.6357,387.7994,444.0,358.0,916.8697,126.39830000000006,563.3944000000001,-34.10070000000002
67,67,67.0,67.0,67.0,67.0,67.0,67.0,,,,,,,,,,,,,,,,,,,,,,,0.7,406.919,376.543,351.8307,332.1867,317.1533,306.254,298.9454,294.6375,292.7457,292.7421,294.1898,296.7552,300.2023,304.3798,309.2106,314.6887,320.8872,327.9727,336.2241,346.049,172.0,355.0,1043.268,101.11439999999992,436.99610000000007,-6.745999999999981
68,68,68.0,68.0,68.0,68.0,68.0,68.0,,,,,,,,,,,,,,,,,,,,,,,0.8,198.1397,221.8696,242.2811,258.8792,271.6163,280.8312,287.1298,291.2478,293.9282,295.8345,297.503,299.3328,301.6017,304.4976,308.1558,312.6941,318.2437,324.9751,333.1189,342.9878,394.0,274.0,1144.3824,154.67110000000002,335.88170000000014,-32.168799999999976
69,69,69.0,69.0,69.0,69.0,69.0,69.0,,,,,,,,,,,,,,,,,,,,,,,0.9,367.8345,345.9429,328.088,314.1153,303.7928,296.7439,292.4573,290.3415,289.7943,290.259,291.2556,292.3862,293.3237,293.7966,293.5803,292.5013,290.4545,287.4264,283.5148,278.9345,171.0,471.0,1299.0535,181.2106000000001,181.2106000000001,-16.256100000000004
70,70,70.0,70.0,70.0,70.0,70.0,70.0,,,,,,,,,,,,,,,,,,,,,,,0.0,273.0,273.0,273.0,273.0,273.0,273.0,273.0,273.0,273.0,273.0,273.0,273.0,273.0,273.0,273.0,273.0,273.0,273.0,273.0,273.0,471.0,471.0,0.0,351.9981,1416.3162,-40.0
71,71,71.0,71.0,71.0,71.0,71.0,71.0,,,,,,,,,,,,,,,,,,,,,,,0.1,427.0473,391.3208,362.1348,338.5392,319.8881,305.6164,295.1553,287.9387,283.456,281.3194,281.3194,283.456,287.9387,295.1553,305.6164,319.8881,338.5392,362.1348,391.3208,427.0473,174.0,472.0,351.9981,105.6807,1064.3181,-7.383600000000001
72,72,72.0,72.0,72.0,72.0,72.0,72.0,,,,,,,,,,,,,,,,,,,,,,,0.2,199.9612,223.4494,243.5031,259.6111,271.7529,280.3393,286.0897,289.8882,292.6543,295.2477,298.4127,302.7614,308.7843,316.8814,327.4037,340.7057,357.2079,377.4811,402.3678,433.1738,470.0,306.0,457.6788,83.81859999999995,958.6374,-32.66070000000002
73,73,73.0,73.0,73.0,73.0,73.0,73.0,,,,,,,,,,,,,,,,,,,,,,,0.3,425.8984,390.1929,361.4416,338.8672,321.8979,309.9357,302.282,298.1602,296.7784,297.3911,299.3345,302.0339,304.9917,307.7737,310.0077,311.4023,311.7842,311.1437,309.6701,307.7623,173.0,399.0,541.4974,95.351,874.8188,-3.064300000000003
74,74,74.0,74.0,74.0,74.0,74.0,74.0,,,,,,,,,,,,,,,,,,,,,,,0.4,199.7976,224.1226,245.0145,261.95,274.8756,284.1418,290.3778,294.3494,296.8381,298.5594,300.1257,302.0464,304.7511,308.6208,314.0136,321.2803,330.7712,342.8437,357.8872,376.3805,323.0,271.0,636.8484,124.78300000000002,779.4678,-28.85820000000001
75,75,75.0,75.0,75.0,75.0,75.0,75.0,,,,,,,,,,,,,,,,,,,,,,,0.5,312.597,303.8008,296.8088,291.7221,288.5016,286.9678,286.8344,287.7589,289.3902,291.4001,293.4937,295.4019,296.8673,297.6337,297.4512,296.0983,293.4217,289.3817,284.0896,277.8217,243.0,428.0,761.6314,171.5328000000001,654.6848,-26.03219999999999
76,76,76.0,76.0,76.0,76.0,76.0,76.0,,,,,,,,,,,,,,,,,,,,,,,0.6,251.5366,259.2807,266.0381,271.7078,276.295,279.9028,282.7107,284.949,286.8791,288.7869,290.9874,293.838,297.7496,303.1898,310.6691,320.715,333.8434,350.5479,371.3349,396.8319,439.0,369.0,933.1642,115.65430000000003,483.15199999999993,-33.09719999999999
77,77,77.0,77.0,77.0,77.0,77.0,77.0,,,,,,,,,,,,,,,,,,,,,,,0.7,403.3523,374.1094,350.2975,331.3531,316.8413,306.3117,299.2545,295.1202,293.3668,293.5073,295.1414,297.9661,301.771,306.4264,311.8754,318.1333,325.2978,333.5679,343.2662,354.8623,172.0,377.0,1048.8185,88.07330000000002,367.4976999999999,-6.688300000000027
78,78,78.0,78.0,78.0,78.0,78.0,78.0,,,,,,,,,,,,,,,,,,,,,,,0.8,198.0852,221.7765,242.1781,258.8039,271.6107,280.9392,287.3967,291.7223,294.6669,296.9081,299.0049,301.3876,304.3747,308.2037,313.0664,319.1433,326.634,335.7843,346.9148,360.4561,395.0,272.0,1136.8918,132.45749999999998,279.4243999999999,-32.06079999999997
79,79,79.0,79.0,79.0,79.0,79.0,79.0,,,,,,,,,,,,,,,,,,,,,,,0.9,368.6523,346.6311,328.6957,314.6926,304.3922,297.4207,293.2676,291.34,291.0303,291.7706,293.0622,294.4794,295.6575,296.2789,296.0682,294.8032,292.3408,288.6497,283.8377,278.1601,245.0,471.0,1269.3493,146.9668999999999,146.9668999999999,-15.57929999999999
80,80,80.0,80.0,80.0,80.0,80.0,80.0,,,,,,,,,,,,,,,,,,,,,,,0.0,273.0,273.0,273.0,273.0,273.0,273.0,273.0,273.0,273.0,273.0,273.0,273.0,273.0,273.0,273.0,273.0,273.0,273.0,273.0,273.0,473.0,472.0,0.0,352.038,1438.9743,-40.0
81,81,81.0,81.0,81.0,81.0,81.0,81.0,,,,,,,,,,,,,,,,,,,,,,,0.1,428.5462,392.4485,362.9762,339.1562,320.3299,305.9242,295.364,288.0773,283.5485,281.3851,281.3745,283.5147,288.0148,295.2632,305.7721,320.11,338.8482,362.5558,391.8849,427.797,173.0,473.0,352.038,105.1651,1086.9363,-7.075800000000015
82,82,82.0,82.0,82.0,82.0,82.0,82.0,,,,,,,,,,,,,,,,,,,,,,,0.2,199.2121,222.9306,243.1822,259.4488,271.709,280.3772,286.1792,290.0071,292.7887,295.3907,298.5637,302.9244,308.9667,317.0931,327.6569,341.0145,357.5896,377.9575,402.9681,433.9409,471.0,307.0,457.2031,83.2131,981.7712,-32.622799999999984
83,83,83.0,83.0,83.0,83.0,83.0,83.0,,,,,,,,,,,,,,,,,,,,,,,0.3,426.6397,390.7415,361.8435,339.1585,322.109,310.0928,302.4071,298.2713,296.8894,297.5128,299.4753,302.2014,305.1936,308.0188,310.3067,311.7685,312.2337,311.6955,310.3461,308.5867,173.0,400.0,540.4162,94.11699999999996,898.5581000000001,-2.907199999999989
84,84,84.0,84.0,84.0,84.0,84.0,84.0,,,,,,,,,,,,,,,,,,,,,,,0.4,199.8313,224.1871,245.1048,262.0598,274.9991,284.2747,290.5172,294.495,296.9916,298.7243,300.3073,302.251,304.9864,308.8953,314.3372,321.6644,331.2294,343.3933,358.5509,377.1898,321.0,273.0,634.5332,122.98180000000002,804.4411000000001,-28.725300000000004
85,85,85.0,85.0,85.0,85.0,85.0,85.0,,,,,,,,,,,,,,,,,,,,,,,0.5,311.0293,302.6043,295.9269,291.1013,288.0922,286.7249,286.7198,287.7423,289.4496,291.5221,293.6731,295.6413,297.1768,298.0309,297.9606,296.7515,294.2562,290.4396,285.416,279.4626,249.0,424.0,757.515,168.29949999999997,681.4593000000001,-26.27510000000001
86,86,86.0,86.0,86.0,86.0,86.0,86.0,,,,,,,,,,,,,,,,,,,,,,,0.6,256.3074,262.951,268.7636,273.6579,277.6389,280.7974,283.291,285.3227,287.1251,288.9554,291.1019,293.8968,297.7279,303.0401,310.3234,320.0862,332.8278,349.0263,369.1702,393.8588,418.0,360.0,925.8145,113.8895,513.1598000000001,-32.20260000000002
87,87,87.0,87.0,87.0,87.0,87.0,87.0,,,,,,,,,,,,,,,,,,,,,,,0.7,387.5036,362.2763,341.6504,325.2249,312.6621,303.587,297.5623,294.1116,292.7633,293.0924,294.7461,297.4525,301.0152,305.3043,310.2508,315.8499,322.1742,329.3931,337.7945,347.8038,171.0,365.0,1039.704,98.97220000000016,399.2703000000001,-9.413000000000013
88,88,88.0,88.0,88.0,88.0,88.0,88.0,,,,,,,,,,,,,,,,,,,,,,,0.8,196.6439,219.9509,240.0719,256.5435,269.321,278.7228,285.3203,289.8107,292.9031,295.2369,297.3387,299.612,302.3529,305.7785,310.0605,315.3574,321.8423,329.7269,339.2853,350.8804,432.0,273.0,1138.6762,152.07129999999984,300.2981,-34.27719999999999
89,89,89.0,89.0,89.0,89.0,89.0,89.0,,,,,,,,,,,,,,,,,,,,,,,0.9,396.8491,367.8544,344.2948,325.7591,311.863,302.1117,295.8765,292.4408,291.0728,291.0904,291.9003,293.0072,294.0031,294.5509,294.3735,293.2572,291.0697,287.785,283.5039,278.4599,263.0,473.0,1290.7475,148.22680000000014,148.22680000000014,-10.888300000000015
90,90,90.0,90.0,90.0,90.0,90.0,90.0,,,,,,,,,,,,,,,,,,,,,,,0.0,273.0,273.0,273.0,273.0,273.0,273.0,273.0,273.0,273.0,273.0,273.0,273.0,273.0,273.0,273.0,273.0,273.0,273.0,273.0,273.0,473.0,473.0,0.0,351.8898,1486.1059999999998,-40.0
91,91,91.0,91.0,91.0,91.0,91.0,91.0,,,,,,,,,,,,,,,,,,,,,,,0.1,428.5462,392.4485,362.9763,339.1565,320.3305,305.9254,295.3664,288.0818,283.5568,281.3999,281.3999,283.5568,288.0818,295.3664,305.9254,320.3305,339.1565,362.9763,392.4485,428.5462,171.0,471.0,351.8898,105.01390000000004,1134.2161999999998,-7.074599999999975
92,92,92.0,92.0,92.0,92.0,92.0,92.0,,,,,,,,,,,,,,,,,,,,,,,0.2,197.5889,221.6567,242.2169,258.7436,271.2133,280.0433,285.9651,289.8783,292.717,295.3533,298.5403,302.8948,308.9085,316.9789,327.4531,340.6803,357.0762,377.2066,401.9084,432.4789,473.0,312.0,456.9037,84.51749999999998,1029.2023,-32.95670000000001
93,93,93.0,93.0,93.0,93.0,93.0,93.0,,,,,,,,,,,,,,,,,,,,,,,0.3,428.0805,391.756,362.5242,339.5796,322.3349,310.1798,302.404,298.2182,296.8196,297.4549,299.4584,302.2599,305.3732,308.382,310.9362,312.7692,313.7317,313.8341,313.28,312.4748,174.0,403.0,541.4212,91.1694,944.6848,-2.8202
94,94,94.0,94.0,94.0,94.0,94.0,94.0,,,,,,,,,,,,,,,,,,,,,,,0.4,200.6852,224.904,245.6972,262.5433,275.3919,284.597,290.7915,294.7456,297.2448,299.0082,300.6512,302.6852,305.5409,309.6002,315.2223,322.7608,332.5723,345.0271,360.5366,379.6161,320.0,274.0,632.5906,118.28240000000004,853.5154,-28.40300000000002
95,95,95.0,95.0,95.0,95.0,95.0,95.0,,,,,,,,,,,,,,,,,,,,,,,0.5,310.2946,302.1015,295.6223,290.9614,288.0851,286.8227,286.9003,287.9896,289.7544,291.8806,294.0854,296.1099,297.7042,298.6188,298.6088,297.458,295.0179,291.2544,286.2844,280.3904,245.0,416.0,750.873,166.83619999999996,735.233,-26.1773
96,96,96.0,96.0,96.0,96.0,96.0,96.0,,,,,,,,,,,,,,,,,,,,,,,0.6,253.0896,260.4373,266.8648,272.2794,276.6868,280.1831,282.9343,285.1524,287.0769,288.968,291.111,293.8288,297.4931,302.5276,309.3973,318.5844,330.5613,345.7778,364.6858,387.8261,416.0,356.0,917.7092,120.26170000000002,568.3968,-32.816899999999976
97,97,97.0,97.0,97.0,97.0,97.0,97.0,,,,,,,,,,,,,,,,,,,,,,,0.7,385.85,360.8765,340.4486,324.1864,311.7635,302.808,296.8804,293.499,292.1863,292.511,294.1163,296.7276,300.1481,304.2488,308.9616,314.2817,320.2779,327.111,335.0525,344.5017,173.0,352.0,1037.9709,106.32799999999996,448.1351,-10.192000000000007
98,98,98.0,98.0,98.0,98.0,98.0,98.0,,,,,,,,,,,,,,,,,,,,,,,0.8,198.146,220.9911,240.7057,256.8372,269.3417,278.5301,284.9602,289.3108,292.2702,294.4546,296.365,298.3767,300.7538,303.6779,307.2822,311.6846,317.0165,323.4466,331.2016,340.5851,432.0,272.0,1144.2989,166.16319999999996,341.8071,-34.4699
99,99,99.0,99.0,99.0,99.0,99.0,99.0,,,,,,,,,,,,,,,,,,,,,,,0.9,396.8445,367.8374,344.2503,325.6664,311.6974,301.8466,295.4852,291.8974,290.3537,290.1761,290.7779,291.6738,292.4701,292.8474,292.5486,291.3795,289.2221,286.0551,281.9716,277.1827,172.0,473.0,1310.4621,175.64390000000003,175.64390000000003,-11.153399999999976
100,100,100.0,100.0,100.0,100.0,100.0,100.0,,,,,,,,,,,,,,,,,,,,,,,0.0,273.0,273.0,273.0,273.0,273.0,273.0,273.0,273.0,273.0,273.0,273.0,273.0,273.0,273.0,273.0,273.0,273.0,273.0,273.0,273.0,473.0,473.0,0.0,351.8898,1435.7493999999997,-40.0
101,101,101.0,101.0,101.0,101.0,101.0,101.0,,,,,,,,,,,,,,,,,,,,,,,0.1,428.5462,392.4485,362.9763,339.1565,320.3305,305.9254,295.3664,288.0818,283.5568,281.3999,281.3999,283.5568,288.0818,295.3664,305.9254,320.3305,339.1565,362.9763,392.4485,428.5462,172.0,472.0,351.8898,104.79290000000005,1083.8595999999998,-7.074599999999975
102,102,102.0,102.0,102.0,102.0,102.0,102.0,,,,,,,,,,,,,,,,,,,,,,,0.2,198.4011,222.2948,242.7014,259.0991,271.4655,280.2166,286.0811,289.9551,292.7695,295.3936,298.579,302.9421,308.9751,317.0773,327.5981,340.8896,357.3713,377.6137,402.4608,433.2216,346.0,473.0,456.6827,88.0156,979.0667,-32.78339999999997
103,103,103.0,103.0,103.0,103.0,103.0,103.0,,,,,,,,,,,,,,,,,,,,,,,0.3,330.3992,317.1905,306.5251,298.4941,293.0614,290.0529,289.1912,290.1575,292.6564,296.468,301.4765,307.6796,315.1821,324.1862,334.9858,347.9739,363.6697,382.775,406.2745,435.6108,391.0,271.0,544.6983,34.75810000000001,891.0510999999999,-22.947099999999978
104,104,104.0,104.0,104.0,104.0,104.0,104.0,,,,,,,,,,,,,,,,,,,,,,,0.4,369.2604,351.3298,336.6881,324.9954,315.9919,309.4375,305.0789,302.6356,301.7935,302.2014,303.4661,305.1473,306.7599,307.788,307.7184,306.0944,302.5857,297.0613,289.6467,280.7442,171.0,458.0,579.4564,102.5553,856.2929999999999,-3.5625
105,105,105.0,105.0,105.0,105.0,105.0,105.0,,,,,,,,,,,,,,,,,,,,,,,0.5,196.8674,220.4342,240.8745,257.7258,270.9198,280.7334,287.6908,292.4545,295.7327,298.2209,300.5797,303.4408,307.4261,313.165,321.2975,332.4641,347.2936,366.4139,390.5215,420.551,397.0,274.0,682.0117,96.24580000000005,753.7376999999999,-32.26659999999998
106,106,106.0,106.0,106.0,106.0,106.0,106.0,,,,,,,,,,,,,,,,,,,,,,,0.6,370.1925,347.82,329.6388,315.501,305.1861,298.3298,294.4298,292.8989,293.13,294.5471,296.6282,298.9034,300.9389,302.3229,302.6689,301.6421,299.0076,294.6879,288.8119,281.7323,171.0,332.0,778.2575,152.32979999999998,657.4918999999999,-14.670200000000024
107,107,107.0,107.0,107.0,107.0,107.0,107.0,,,,,,,,,,,,,,,,,,,,,,,0.7,195.7541,218.2674,237.7615,253.804,266.3376,275.6284,282.1663,286.5495,289.3844,291.2167,292.4997,293.5925,294.7795,296.296,298.3507,301.1388,304.844,309.635,315.6628,323.0676,468.0,290.0,930.5873,216.52660000000003,505.1620999999999,-37.3716
108,108,108.0,108.0,108.0,108.0,108.0,108.0,,,,,,,,,,,,,,,,,,,,,,,0.8,423.7667,387.7825,358.6451,335.5928,318.0458,305.3764,296.8411,291.6138,288.8633,287.8308,287.8816,288.5226,289.3941,290.2461,290.9145,291.3036,291.3785,291.1656,290.7547,290.298,174.0,472.0,1147.1139,178.22399999999993,288.63549999999987,-7.62360000000001
109,109,109.0,109.0,109.0,109.0,109.0,109.0,,,,,,,,,,,,,,,,,,,,,,,0.9,199.9197,223.3827,243.433,259.5459,271.664,280.1382,285.61,288.8798,290.7952,292.1782,293.795,296.3581,300.545,307.0157,316.4185,329.3829,346.5158,368.4287,395.8353,429.7705,473.0,319.0,1325.3379,110.41149999999992,110.41149999999992,-32.86180000000002
110,110,110.0,110.0,110.0,110.0,110.0,110.0,,,,,,,,,,,,,,,,,,,,,,,0.0,273.0,273.0,273.0,273.0,273.0,273.0,273.0,273.0,273.0,273.0,273.0,273.0,273.0,273.0,273.0,273.0,273.0,273.0,273.0,273.0,473.0,473.0,0.0,351.8898,1517.6244,-40.0
111,111,111.0,111.0,111.0,111.0,111.0,111.0,,,,,,,,,,,,,,,,,,,,,,,0.1,428.5462,392.4485,362.9763,339.1565,320.3305,305.9254,295.3664,288.0818,283.5568,281.3999,281.3999,283.5568,288.0818,295.3664,305.9254,320.3305,339.1565,362.9763,392.4485,428.5462,174.0,472.0,351.8898,104.25,1165.7346,-7.074599999999975
112,112,112.0,112.0,112.0,112.0,112.0,112.0,,,,,,,,,,,,,,,,,,,,,,,0.2,200.025,223.5704,243.6698,259.8093,271.9685,280.5607,286.3086,290.1003,292.859,295.4468,298.6096,302.9591,308.9842,317.082,327.6004,340.8908,357.3718,377.6139,402.4609,433.2216,472.0,309.0,456.1398,82.69350000000003,1061.4846,-32.4393
113,113,113.0,113.0,113.0,113.0,113.0,113.0,,,,,,,,,,,,,,,,,,,,,,,0.3,427.422,391.3687,362.3528,339.5735,322.4458,310.3637,302.6226,298.441,297.0234,297.622,299.5731,302.3047,305.3245,308.2062,310.5874,312.1877,312.8446,312.5578,311.5234,310.1437,174.0,405.0,538.8333,92.39070000000004,978.7911,-2.6363000000000056
114,114,114.0,114.0,114.0,114.0,114.0,114.0,,,,,,,,,,,,,,,,,,,,,,,0.4,200.687,224.9084,245.7054,262.5563,275.4095,284.6175,290.8115,294.7604,297.2495,298.9995,300.6295,302.6574,305.523,309.6195,315.3188,322.9869,332.9914,345.7115,361.5659,381.0786,326.0,271.0,631.224,117.03369999999995,886.4003999999999,-28.3825
115,115,115.0,115.0,115.0,115.0,115.0,115.0,,,,,,,,,,,,,,,,,,,,,,,0.5,315.0464,305.7894,298.4159,293.0199,289.557,287.8424,287.5839,288.4324,290.0294,292.0387,294.1564,296.1035,297.611,298.4102,298.2381,296.8612,294.1169,289.961,284.5069,278.0406,237.0,404.0,748.2577,169.2881,769.3666999999999,-25.1576
116,116,116.0,116.0,116.0,116.0,116.0,116.0,,,,,,,,,,,,,,,,,,,,,,,0.6,246.8557,255.7893,263.5743,270.0915,275.343,279.4414,282.5826,285.0136,287.0073,288.8495,290.8395,293.3016,296.5966,301.1269,307.3289,315.6511,326.5286,340.3675,357.5607,378.5568,425.0,356.0,917.5458,132.30550000000005,600.0785999999999,-33.55860000000001
117,117,117.0,117.0,117.0,117.0,117.0,117.0,,,,,,,,,,,,,,,,,,,,,,,0.7,392.5367,365.7267,343.827,326.3986,313.0748,303.4454,297.0286,293.297,291.729,291.8567,293.2973,295.7635,299.0589,303.0648,307.7305,313.0691,319.1635,326.1794,334.3816,344.1506,174.0,343.0,1049.8513,111.30029999999988,467.7730999999999,-9.554599999999994
118,118,118.0,118.0,118.0,118.0,118.0,118.0,,,,,,,,,,,,,,,,,,,,,,,0.8,199.1571,221.9971,241.674,257.7264,270.1095,279.1398,285.384,289.5306,292.2748,294.2348,295.9071,297.6545,299.7211,302.2615,305.3767,309.1497,313.6767,319.0927,325.5918,333.4422,429.0,271.0,1161.1516,174.06240000000005,356.4728,-33.86020000000002
119,119,119.0,119.0,119.0,119.0,119.0,119.0,,,,,,,,,,,,,,,,,,,,,,,0.9,394.6129,366.2067,343.0919,324.8691,311.1584,301.4702,295.1842,291.5958,289.9882,289.6978,290.1524,290.8822,291.5094,291.7314,291.3072,290.057,287.8727,284.7356,280.7326,276.0585,173.0,472.0,1335.214,182.4104,182.4104,-11.529800000000025
120,120,120.0,120.0,120.0,120.0,120.0,,,,,,,,,,,,,,,,,,,,,,,,0.0,273.0,273.0,273.0,273.0,273.0,273.0,273.0,273.0,273.0,273.0,273.0,273.0,273.0,273.0,273.0,273.0,273.0,273.0,273.0,273.0,453.0,468.0,0.0,351.1872,691.7491,-40.0
121,121,121.0,121.0,121.0,121.0,121.0,,,,,,,,,,,,,,,,,,,,,,,,0.1,413.4983,381.104,354.5046,332.944,315.8847,302.8331,293.279,286.7107,282.6698,280.8148,280.975,283.1792,287.6558,294.8029,305.1342,319.2147,337.6075,360.8683,389.6256,424.7962,328.0,471.0,351.1872,94.46089999999998,340.5619,-10.166899999999998
122,122,122.0,122.0,122.0,122.0,122.0,,,,,,,,,,,,,,,,,,,,,,,,0.2,322.5853,318.1815,314.342,310.7778,307.3735,304.1776,301.3694,299.2142,298.0189,298.0941,299.7321,303.1979,308.7333,316.5708,326.9557,340.1793,356.6254,376.8423,401.6546,432.3494,324.0,353.0,445.6481,27.47750000000002,246.101,-8.822400000000016
123,123,123.0,123.0,123.0,123.0,123.0,,,,,,,,,,,,,,,,,,,,,,,,0.3,317.9776,313.1296,309.2588,306.2232,303.9325,302.3416,301.4422,301.2488,301.7832,303.0571,305.0557,307.7268,310.978,314.6875,318.7293,323.0128,327.5301,332.4041,337.9256,344.571,302.0,473.0,473.1256,51.06999999999999,218.6235,-10.658399999999972
124,124,124.0,124.0,124.0,124.0,124.0,,,,,,,,,,,,,,,,,,,,,,,,0.4,300.3912,299.3264,298.6599,298.2886,298.1573,298.2585,298.6285,299.3444,300.5228,302.3232,304.956,308.6913,313.8668,320.8902,330.2344,342.4313,358.0752,377.855,402.6454,433.6979,394.0,473.0,524.1956,36.21590000000003,167.5535,-14.741499999999974
125,125,125.0,125.0,125.0,125.0,125.0,,,,,,,,,,,,,,,,,,,,,,,,0.5,371.6392,353.2711,338.3784,326.614,317.6945,311.3471,307.2973,305.2818,305.0721,306.4988,309.4679,313.969,320.0768,327.9512,337.8406,350.0956,365.1989,383.8216,406.9219,435.918,321.0,472.0,560.4115,29.878099999999904,131.33759999999995,-1.6528999999999885
126,126,126.0,126.0,126.0,126.0,126.0,,,,,,,,,,,,,,,,,,,,,,,,0.6,317.4146,314.7693,312.7588,311.18,309.9405,309.0502,308.6003,308.7357,309.6288,311.4594,314.4059,318.6458,324.3658,331.7802,341.1549,352.8396,367.3124,385.2432,407.5941,435.7863,314.0,473.0,590.2896,22.4176,101.45950000000003,-3.949799999999982
127,127,127.0,127.0,127.0,127.0,127.0,,,,,,,,,,,,,,,,,,,,,,,,0.7,310.6312,308.161,306.4381,305.3538,304.8423,304.88,305.4819,306.6975,308.6066,311.3163,314.9596,319.698,325.727,333.2869,342.6798,354.2949,368.6486,386.4452,408.6767,436.792,354.0,473.0,612.7072,24.903800000000047,79.04190000000006,-8.120000000000005
128,128,128.0,128.0,128.0,128.0,128.0,,,,,,,,,,,,,,,,,,,,,,,,0.8,341.5453,331.3915,323.3001,317.0928,312.6166,309.7271,308.2876,308.1774,309.304,311.6152,315.1089,319.8399,325.926,333.5558,343.0003,354.6338,368.9688,386.7136,408.8681,436.8908,332.0,471.0,637.611,26.60620000000005,54.13810000000001,-3.272899999999993
129,129,129.0,129.0,129.0,129.0,129.0,,,,,,,,,,,,,,,,,,,,,,,,0.9,325.3843,320.1777,316.1381,313.0927,310.9319,309.6015,309.0928,309.4322,310.6729,312.8902,316.1801,320.6643,326.4984,333.8859,343.0969,354.4955,368.5791,386.0382,407.8516,435.4486,346.0,472.0,664.2172,27.53189999999995,27.53189999999995,-3.3985000000000127
130,130,130.0,130.0,130.0,130.0,130.0,,,,,,,,,,,,,,,,,,,,,,,,0.0,273.0,273.0,273.0,273.0,273.0,273.0,273.0,273.0,273.0,273.0,273.0,273.0,273.0,273.0,273.0,273.0,273.0,273.0,273.0,273.0,454.0,468.0,0.0,351.237,687.1201,-40.0
131,131,131.0,131.0,131.0,131.0,131.0,,,,,,,,,,,,,,,,,,,,,,,,0.1,414.2537,381.6747,354.9312,333.2569,316.1085,302.9884,293.3834,286.7786,282.7123,280.8405,280.9899,283.1876,287.6604,294.8053,305.1354,319.2152,337.6078,360.8684,389.6256,424.7962,327.0,471.0,351.237,94.42659999999997,335.8831,-10.011599999999987
132,132,132.0,132.0,132.0,132.0,132.0,,,,,,,,,,,,,,,,,,,,,,,,0.2,321.8286,317.6321,313.964,310.5359,307.2346,304.1121,301.3522,299.226,298.0451,298.1251,299.762,303.2238,308.7541,316.5864,326.967,340.187,356.6305,376.8454,401.6564,432.3502,323.0,356.0,445.6636,27.294400000000053,241.4565,-8.887900000000002
133,133,133.0,133.0,133.0,133.0,133.0,,,,,,,,,,,,,,,,,,,,,,,,0.3,317.1687,312.4824,308.7482,305.8274,303.6323,302.1207,301.2867,301.1481,301.7307,303.0509,305.1,307.8333,311.1677,314.9921,319.1924,323.6902,328.49,333.7262,339.7003,346.9001,300.0,471.0,472.958,49.88359999999994,214.16209999999995,-10.8793
134,134,134.0,134.0,134.0,134.0,134.0,,,,,,,,,,,,,,,,,,,,,,,,0.4,298.7708,298.0334,297.6461,297.5098,297.5738,297.8354,298.3367,299.1598,300.4254,302.2953,304.9799,308.7464,313.9269,320.9209,330.1917,342.2613,357.7146,377.2316,401.6766,432.2828,395.0,473.0,522.8416,36.567800000000034,164.2785,-15.164600000000007
135,135,135.0,135.0,135.0,135.0,135.0,,,,,,,,,,,,,,,,,,,,,,,,0.5,372.3427,353.7297,338.639,326.7214,317.691,311.2706,307.1794,305.146,304.9341,306.3669,309.3447,313.8535,319.9667,327.8446,337.7375,349.9983,365.1117,383.7498,406.8708,435.8916,321.0,471.0,559.4094,29.72810000000004,127.71069999999996,-1.7293999999999985
136,136,136.0,136.0,136.0,136.0,136.0,,,,,,,,,,,,,,,,,,,,,,,,0.6,317.4211,314.7804,312.7712,311.1898,309.9435,309.043,308.5807,308.7025,309.5816,311.3979,314.3291,318.5512,324.2487,331.6327,340.9655,352.5928,366.9879,384.8151,407.0287,435.0376,306.0,471.0,589.1375,21.47659999999996,97.98259999999992,-3.9569999999999936
137,137,137.0,137.0,137.0,137.0,137.0,,,,,,,,,,,,,,,,,,,,,,,,0.7,304.3073,303.275,302.7586,302.6583,302.923,303.5505,304.5821,306.0962,308.2004,311.0263,314.7268,319.4778,325.4838,332.9893,342.2968,353.7929,367.9879,385.5766,407.5359,435.2891,353.0,471.0,610.6141,23.673900000000003,76.50599999999997,-9.4495
138,138,138.0,138.0,138.0,138.0,138.0,,,,,,,,,,,,,,,,,,,,,,,,0.8,340.5177,330.3211,322.1969,315.9839,311.5368,308.71,307.359,307.3512,308.5811,310.985,314.5514,319.3288,325.4312,333.0446,342.4383,353.9842,368.1903,385.7564,407.6681,435.3584,336.0,471.0,634.288,26.15409999999997,52.83209999999997,-4.2900000000000205
139,139,139.0,139.0,139.0,139.0,139.0,,,,,,,,,,,,,,,,,,,,,,,,0.9,328.4078,322.3674,317.6304,314.0185,311.4145,309.7524,309.0077,309.1894,310.3329,312.4968,315.7641,320.2463,326.0925,333.5027,342.7455,354.1851,368.3186,385.8358,407.7138,435.3792,339.0,472.0,660.4421,26.678,26.678,-3.247599999999977
140,140,140.0,140.0,140.0,140.0,140.0,,,,,,,,,,,,,,,,,,,,,,,,0.0,273.0,273.0,273.0,273.0,273.0,273.0,273.0,273.0,273.0,273.0,273.0,273.0,273.0,273.0,273.0,273.0,273.0,273.0,273.0,273.0,451.0,469.0,0.0,350.9397,708.1471,1.931600000000003
141,141,141.0,141.0,141.0,141.0,141.0,,,,,,,,,,,,,,,,,,,,,,,,0.1,411.9864,379.9614,353.6505,332.3179,315.4373,302.5232,293.0723,286.5795,282.5931,280.7783,280.9706,283.2046,287.714,294.9016,305.2856,319.4347,337.9162,361.2899,390.1906,425.5467,250.0,472.0,350.9397,94.57059999999996,357.2074,1.931600000000003
142,142,142.0,142.0,142.0,142.0,142.0,,,,,,,,,,,,,,,,,,,,,,,,0.2,260.6603,270.2333,278.2115,284.3271,288.5857,291.2442,292.7496,293.6593,294.5646,296.0313,298.5632,302.5902,308.4753,316.5354,327.0723,340.4136,356.9671,377.2976,402.2447,433.1124,454.0,473.0,445.5103,58.50240000000002,262.63680000000005,1.931600000000003
143,143,143.0,143.0,143.0,143.0,143.0,,,,,,,,,,,,,,,,,,,,,,,,0.3,415.9341,385.1277,360.2899,340.6672,325.7154,314.9316,307.7972,303.7889,302.4215,303.2934,306.1188,310.7401,317.127,325.3674,335.6625,348.3318,363.838,382.8404,406.2921,435.6125,318.0,473.0,504.0127,41.63499999999999,204.13440000000003,1.931600000000003
144,144,144.0,144.0,144.0,144.0,144.0,,,,,,,,,,,,,,,,,,,,,,,,0.4,316.1957,315.0892,314.2604,313.4405,312.5305,311.5894,310.7975,310.4084,310.7024,311.9511,314.3994,318.264,323.747,331.0593,340.4521,352.2555,366.9274,385.121,407.788,436.3493,341.0,473.0,545.6477,27.16809999999998,162.49940000000004,1.931600000000003
145,145,145.0,145.0,145.0,145.0,145.0,,,,,,,,,,,,,,,,,,,,,,,,0.5,332.0383,324.8497,319.2042,314.9261,311.8778,309.9525,309.0731,309.1953,310.3111,312.4515,315.6894,320.1412,325.9702,333.3948,342.7012,354.267,368.599,386.3938,408.6365,436.7703,335.0,471.0,572.8158,26.357700000000023,135.33130000000006,1.931600000000003
146,146,146.0,146.0,146.0,146.0,146.0,,,,,,,,,,,,,,,,,,,,,,,,0.6,327.5593,321.6556,317.0588,313.6,311.1618,309.6705,309.0897,309.4155,310.6732,312.9158,316.2255,320.7175,326.5471,333.9211,343.1147,354.4971,368.5692,386.023,407.8375,435.4404,343.0,471.0,599.1735,27.10609999999997,108.97360000000003,1.931600000000003
147,147,147.0,147.0,147.0,147.0,147.0,,,,,,,,,,,,,,,,,,,,,,,,0.7,333.717,326.2655,320.399,315.934,312.7328,310.6926,309.7404,309.8325,310.9549,313.126,316.4005,320.8737,326.6885,334.0457,343.2191,354.579,368.6287,386.0626,407.8608,435.4509,333.0,472.0,626.2796,27.248500000000035,81.86750000000006,1.931600000000003
148,148,148.0,148.0,148.0,148.0,148.0,,,,,,,,,,,,,,,,,,,,,,,,0.8,326.099,320.6603,316.4539,313.3114,311.1185,309.8076,309.3508,309.7542,311.0533,313.3106,316.617,321.0952,326.9077,334.2686,343.4602,354.859,368.973,386.5016,408.4315,436.2017,341.0,473.0,653.5281,27.29169999999999,54.61900000000003,1.931600000000003
149,149,149.0,149.0,149.0,149.0,149.0,,,,,,,,,,,,,,,,,,,,,,,,0.9,332.1385,325.0419,319.475,315.2624,312.272,310.4058,309.5955,309.8016,311.015,313.2596,316.5959,321.1256,326.9988,334.4235,343.6815,355.1518,369.3473,386.9744,409.0299,436.9677,334.0,473.0,680.8198,27.32730000000004,27.32730000000004,1.931600000000003
150,150,150.0,150.0,150.0,150.0,150.0,,,,,,,,,,,,,,,,,,,,,,,,0.0,273.0,273.0,273.0,273.0,273.0,273.0,273.0,273.0,273.0,273.0,273.0,273.0,273.0,273.0,273.0,273.0,273.0,273.0,273.0,273.0,454.0,465.0,0.0,351.7127,833.0613,-40.0
151,151,151.0,151.0,151.0,151.0,151.0,,,,,,,,,,,,,,,,,,,,,,,,0.1,414.2537,381.6746,354.9309,333.2561,316.1068,302.9849,293.3763,286.765,282.6872,280.7959,280.9134,283.061,287.4585,294.4946,304.6736,318.5506,336.6787,359.6011,387.9279,422.5424,330.0,471.0,351.7127,96.4932,481.3486,-10.015100000000018
152,152,152.0,152.0,152.0,152.0,152.0,,,,,,,,,,,,,,,,,,,,,,,,0.2,324.1796,319.4336,315.3078,311.5065,307.908,304.554,301.617,299.356,298.0718,298.0709,299.6428,303.0516,308.5403,316.3435,326.71,339.9335,356.3993,376.6547,401.5212,432.2804,318.0,328.0,448.2059,29.133800000000008,384.8554,-8.446000000000026
153,153,153.0,153.0,153.0,153.0,153.0,,,,,,,,,,,,,,,,,,,,,,,,0.3,313.3129,309.6036,306.68,304.4055,302.6995,301.5317,300.9106,300.8665,301.4307,302.6132,304.3823,306.6509,309.2727,312.0538,314.7823,317.273,319.4234,321.267,323.0148,325.0681,319.0,334.0,477.3397,67.89560000000006,355.7216,-11.4683
154,154,154.0,154.0,154.0,154.0,154.0,,,,,,,,,,,,,,,,,,,,,,,,0.4,313.6374,309.335,305.9368,303.3181,301.3778,300.0329,299.2144,298.8639,298.9315,299.3757,300.1639,301.2751,302.7037,304.4646,306.5986,309.1772,312.308,316.1383,320.8597,326.7137,319.0,362.0,545.2353,91.5177,287.8259999999999,-12.967100000000016
155,155,155.0,155.0,155.0,155.0,155.0,,,,,,,,,,,,,,,,,,,,,,,,0.5,313.4294,308.9127,305.2891,302.4303,300.2344,298.6216,297.5326,296.9278,296.7886,297.1198,297.9527,299.3484,301.3993,304.2299,307.9939,312.8704,319.0602,326.7856,336.2992,347.9052,324.0,473.0,636.753,82.2233,196.30829999999992,-14.3784
156,156,156.0,156.0,156.0,156.0,156.0,,,,,,,,,,,,,,,,,,,,,,,,0.6,317.2227,311.6624,307.1563,303.5789,300.8353,298.8588,297.6131,297.0986,297.362,298.507,300.7054,304.2055,309.3345,316.4939,326.1484,338.8142,355.0595,375.5386,401.0871,432.9198,339.0,473.0,718.9763,35.79009999999994,114.08499999999992,-14.141200000000026
157,157,157.0,157.0,157.0,157.0,157.0,,,,,,,,,,,,,,,,,,,,,,,,0.7,329.2123,321.1496,314.6168,309.4734,305.6157,302.9675,301.4784,301.1258,301.9187,303.9017,307.158,311.8113,318.0288,326.0273,336.0838,348.5576,363.9264,382.8494,406.2701,435.5931,350.0,471.0,754.7664,25.769000000000005,78.29489999999998,-10.032500000000027
158,158,158.0,158.0,158.0,158.0,158.0,,,,,,,,,,,,,,,,,,,,,,,,0.8,338.5385,329.1646,321.6079,315.675,311.2243,308.1506,306.3777,305.856,306.5634,308.5077,311.7304,316.3111,322.3744,330.0999,339.7375,351.6325,366.2623,384.2975,406.6976,434.877,338.0,471.0,780.5354,25.69119999999998,52.52589999999998,-4.849400000000003
159,159,159.0,159.0,159.0,159.0,159.0,,,,,,,,,,,,,,,,,,,,,,,,0.9,329.8432,323.3063,318.1332,314.1403,311.2051,309.2571,308.2686,308.2463,309.2256,311.267,314.4559,318.9066,324.7695,332.2438,341.595,353.1811,367.4914,385.2059,407.2924,435.1693,342.0,473.0,806.2266,26.8347,26.8347,-3.74290000000002
160,160,160.0,160.0,160.0,160.0,160.0,,,,,,,,,,,,,,,,,,,,,,,,0.0,273.0,273.0,273.0,273.0,273.0,273.0,273.0,273.0,273.0,273.0,273.0,273.0,273.0,273.0,273.0,273.0,273.0,273.0,273.0,273.0,453.0,468.0,0.0,351.1872,709.9673,1.9026000000000067
161,161,161.0,161.0,161.0,161.0,161.0,,,,,,,,,,,,,,,,,,,,,,,,0.1,413.4983,381.104,354.5046,332.944,315.8847,302.8331,293.279,286.7107,282.6698,280.8148,280.975,283.1792,287.6558,294.8029,305.1342,319.2147,337.6075,360.8683,389.6256,424.7962,249.0,473.0,351.1872,95.1667,358.7801,1.9026000000000067
162,162,162.0,162.0,162.0,162.0,162.0,,,,,,,,,,,,,,,,,,,,,,,,0.2,259.9185,269.7217,277.8935,284.1614,288.5305,291.2612,292.8065,293.7312,294.6345,296.0896,298.6073,302.6238,308.508,316.5822,327.1534,340.5538,357.1954,377.6476,402.7556,433.8334,454.0,471.0,446.3539,58.083699999999965,263.6134,1.9026000000000067
163,163,163.0,163.0,163.0,163.0,163.0,,,,,,,,,,,,,,,,,,,,,,,,0.3,415.9214,385.1039,360.2582,340.632,325.6812,314.9026,307.7761,303.7762,302.4154,303.2892,306.1082,310.7108,317.0613,325.2415,335.4456,347.9851,363.3144,382.0824,405.2284,434.1488,317.0,473.0,504.4376,41.5376,205.52970000000005,1.9026000000000067
164,164,164.0,164.0,164.0,164.0,164.0,,,,,,,,,,,,,,,,,,,,,,,,0.4,315.4064,314.4789,313.7986,313.098,312.2805,311.4076,310.6628,310.3029,310.6114,311.8632,314.3063,318.1606,323.6314,330.933,340.3199,352.125,366.8077,385.0216,407.7172,436.3127,341.0,473.0,545.9752,26.941800000000057,163.99210000000005,1.9026000000000067
165,165,165.0,165.0,165.0,165.0,165.0,,,,,,,,,,,,,,,,,,,,,,,,0.5,332.0051,324.7861,319.1153,314.8187,311.7592,309.8295,308.9513,309.0787,310.2018,312.3507,315.5972,320.0573,325.8944,333.3269,342.6415,354.2161,368.5576,386.3623,408.6154,436.7598,340.0,472.0,572.917,27.22769999999992,137.0503,1.9026000000000067
166,166,166.0,166.0,166.0,166.0,166.0,,,,,,,,,,,,,,,,,,,,,,,,0.6,331.4644,324.64,319.2798,315.2022,312.2767,310.4145,309.5622,309.6978,310.8292,312.9945,316.2633,320.742,326.5804,333.9825,343.2231,354.6727,368.8351,386.4066,408.3732,436.1743,337.0,473.0,600.1447,27.5843000000001,109.82260000000008,1.9026000000000067
167,167,167.0,167.0,167.0,167.0,167.0,,,,,,,,,,,,,,,,,,,,,,,,0.7,329.1633,322.933,318.0723,314.4071,311.8137,310.211,309.5545,309.8319,311.0609,313.289,316.5949,321.0931,326.941,334.3501,343.6025,355.0757,369.2809,386.9222,408.9943,436.9498,339.0,473.0,627.729,27.63379999999995,82.23829999999998,1.9026000000000067
168,168,168.0,168.0,168.0,168.0,168.0,,,,,,,,,,,,,,,,,,,,,,,,0.8,330.6702,324.0247,318.8271,314.9021,312.1217,310.3969,309.6717,309.9209,311.1493,313.3926,316.7204,321.2401,327.1043,334.5217,343.7728,355.235,369.4198,387.0328,409.0708,436.9887,336.0,472.0,655.3628,27.313999999999965,54.60450000000003,1.9026000000000067
169,169,169.0,169.0,169.0,169.0,169.0,,,,,,,,,,,,,,,,,,,,,,,,0.9,328.3687,322.3132,317.6033,314.0693,311.5905,310.088,309.5184,309.8698,311.1599,313.435,316.7727,321.2852,327.1274,334.5078,343.7053,355.0944,369.183,386.6717,408.5506,436.2627,339.0,472.0,682.6768,27.290500000000065,27.290500000000065,1.9026000000000067
170,170,170.0,170.0,170.0,170.0,170.0,,,,,,,,,,,,,,,,,,,,,,,,0.0,273.0,273.0,273.0,273.0,273.0,273.0,273.0,273.0,273.0,273.0,273.0,273.0,273.0,273.0,273.0,273.0,273.0,273.0,273.0,273.0,451.0,465.0,0.0,351.5707,682.7333,0.1911000000000058
171,171,171.0,171.0,171.0,171.0,171.0,,,,,,,,,,,,,,,,,,,,,,,,0.1,411.9863,379.9612,353.6501,332.3168,315.435,302.5185,293.0629,286.5615,282.5597,280.7188,280.8686,283.0359,287.4449,294.4875,304.6701,318.5488,336.6779,359.6008,387.9278,422.5423,327.0,471.0,351.5707,96.06760000000004,331.1626,0.1911000000000058
172,172,172.0,172.0,172.0,172.0,172.0,,,,,,,,,,,,,,,,,,,,,,,,0.2,321.7418,317.466,313.7325,310.2566,306.9262,303.791,301.031,298.9115,297.7393,297.8259,299.4651,302.9251,308.4518,316.283,326.6694,339.9069,356.3824,376.6444,401.5154,432.2779,331.0,399.0,447.6383,28.208699999999965,235.095,0.1911000000000058
173,173,173.0,173.0,173.0,173.0,173.0,,,,,,,,,,,,,,,,,,,,,,,,0.3,323.4294,317.2663,312.3,308.3779,305.3975,303.2996,302.0619,301.6903,302.2099,303.6535,306.0521,309.4277,313.7928,319.1594,325.5586,333.0716,341.8692,352.2562,364.7171,379.9643,290.0,473.0,475.847,35.921400000000006,206.8863,0.1911000000000058
174,174,174.0,174.0,174.0,174.0,174.0,,,,,,,,,,,,,,,,,,,,,,,,0.4,291.1057,292.4127,293.7631,295.0582,296.2689,297.4348,298.6538,300.0697,301.8601,304.2301,307.412,311.6703,317.3097,324.683,334.1979,346.3269,361.6275,380.7889,404.7282,434.7731,289.0,427.0,511.7684,23.188000000000045,170.9649,0.1911000000000058
175,175,175.0,175.0,175.0,175.0,175.0,,,,,,,,,,,,,,,,,,,,,,,,0.5,289.1061,289.5322,290.2402,291.2096,292.4407,293.9557,295.7984,298.0321,300.7361,304.0013,307.9272,312.6197,318.1942,324.7847,332.5609,341.7547,352.696,365.8589,381.9207,401.843,416.0,472.0,534.9564,40.4556,147.77689999999996,0.1911000000000058
176,176,176.0,176.0,176.0,176.0,176.0,,,,,,,,,,,,,,,,,,,,,,,,0.6,388.0025,365.1138,346.6098,332.0314,321.0125,313.1911,308.1848,305.606,305.0976,306.3711,309.2359,313.617,319.56,327.2294,336.9036,348.9753,363.9662,382.5679,405.7308,434.8337,316.0,472.0,575.412,33.76580000000001,107.32129999999997,0.1911000000000058
177,177,177.0,177.0,177.0,177.0,177.0,,,,,,,,,,,,,,,,,,,,,,,,0.7,313.9628,312.6527,311.7264,310.9614,310.2695,309.6876,309.3507,309.4556,310.2261,311.8874,314.653,318.7252,324.3063,331.6184,340.9298,352.5892,367.0708,385.0386,407.4473,435.7103,311.0,472.0,609.1778,22.14059999999995,73.55549999999994,0.1911000000000058
178,178,178.0,178.0,178.0,178.0,178.0,,,,,,,,,,,,,,,,,,,,,,,,0.8,308.2424,306.2996,305.0281,304.3247,304.1277,304.4169,305.2113,306.5653,308.5647,311.3235,314.9821,319.709,325.7057,333.2169,342.5469,354.0852,368.3456,386.0279,408.116,436.0449,356.0,473.0,631.3184,24.91139999999996,51.41489999999999,0.1911000000000058
179,179,179.0,179.0,179.0,179.0,179.0,,,,,,,,,,,,,,,,,,,,,,,,0.9,343.0164,332.4181,323.9633,317.4717,312.7855,309.7523,308.224,308.0666,309.1745,311.4842,314.9846,319.7248,325.8198,333.4572,342.909,354.5509,368.8969,386.6558,408.8277,436.8702,329.0,472.0,656.2298,26.50350000000003,26.50350000000003,0.1911000000000058
180,180,180.0,180.0,180.0,180.0,,,,,,,,,,,,,,,,,,,,,,,,,0.0,273.0,273.0,273.0,273.0,273.0,273.0,273.0,273.0,273.0,273.0,273.0,273.0,273.0,273.0,273.0,273.0,273.0,273.0,273.0,273.0,473.0,470.0,0.0,352.3396,1277.1047,4.864899999999977
181,181,181.0,181.0,181.0,181.0,,,,,,,,,,,,,,,,,,,,,,,,,0.1,428.5462,392.4484,362.976,339.1557,320.3288,305.9218,295.3593,288.0683,283.5318,281.3554,281.3236,283.4306,287.8806,295.0568,305.4652,319.6684,338.231,361.7139,390.7565,426.2974,246.0,471.0,352.3396,93.42129999999996,924.7651,4.864899999999977
182,182,182.0,182.0,182.0,182.0,,,,,,,,,,,,,,,,,,,,,,,,,0.2,258.1113,268.9804,278.0305,284.9556,289.7565,292.7135,294.3164,295.1746,295.9317,297.1986,299.5138,303.3297,309.0205,316.9051,327.2813,340.4686,356.8651,377.0254,401.7776,432.4109,471.0,359.0,445.7609,55.04399999999998,831.3438000000001,4.864899999999977
183,183,183.0,183.0,183.0,183.0,,,,,,,,,,,,,,,,,,,,,,,,,0.3,428.7734,394.8758,367.6621,346.1865,329.7858,317.8649,309.8138,305.0045,302.8254,302.7185,304.2028,306.8792,310.4235,314.5785,319.1552,324.0479,329.2618,334.9465,341.4248,349.2086,173.0,472.0,500.8049,67.72820000000002,776.2998000000001,4.864899999999977
184,184,184.0,184.0,184.0,184.0,,,,,,,,,,,,,,,,,,,,,,,,,0.4,200.6544,225.79,247.4125,264.9827,278.4506,288.1895,294.8683,299.31,302.3695,304.8522,307.4762,310.8711,315.5997,322.1881,331.1535,343.0276,358.3831,377.8824,402.3763,433.0949,473.0,295.0,568.5331,57.84720000000004,708.5716000000001,4.864899999999977
185,185,185.0,185.0,185.0,185.0,,,,,,,,,,,,,,,,,,,,,,,,,0.5,428.8963,393.394,364.9674,342.7732,326.1836,314.5524,307.1411,303.1409,301.7365,302.1665,303.7572,305.927,308.172,310.0485,311.1703,311.2265,310.0209,307.5203,303.8945,299.5295,201.0,274.0,626.3803,107.26469999999996,650.7244000000001,4.864899999999977
186,186,186.0,186.0,186.0,186.0,,,,,,,,,,,,,,,,,,,,,,,,,0.6,223.0025,242.9221,259.9492,273.6402,283.943,291.1397,295.7354,298.3319,299.5143,299.7705,299.4486,298.7493,297.7446,296.4133,294.6818,292.4657,289.7044,286.3883,282.5735,278.3837,412.0,315.0,733.645,180.6789,543.4597000000001,4.864899999999977
187,187,187.0,187.0,187.0,187.0,,,,,,,,,,,,,,,,,,,,,,,,,0.7,383.1012,359.2167,339.7804,324.4162,312.7482,304.3146,298.5631,294.8987,292.7487,291.6237,291.1566,291.1166,291.4025,292.0208,293.0555,294.6348,296.8999,299.9798,303.9763,308.9631,289.0,471.0,914.3239,143.20529999999997,362.7808000000001,4.864899999999977
188,188,188.0,188.0,188.0,188.0,,,,,,,,,,,,,,,,,,,,,,,,,0.8,291.3908,293.7191,295.6305,296.9013,297.4608,297.384,296.8638,296.1761,295.6487,295.6435,296.5531,298.8072,302.8799,309.2906,318.5924,331.3538,348.1486,369.5795,396.3722,429.5848,454.0,274.0,1057.5292,76.30430000000001,219.5755000000001,4.864899999999977
189,189,189.0,189.0,189.0,189.0,,,,,,,,,,,,,,,,,,,,,,,,,0.9,416.9382,387.0494,362.9382,343.7579,328.9004,317.8319,310.0234,304.9387,302.046,300.832,300.8045,301.4831,302.3871,303.0317,302.943,301.6971,298.9784,294.6451,288.782,281.7189,218.0,275.0,1133.8335,143.27120000000014,143.27120000000014,4.864899999999977
190,190,190.0,190.0,190.0,190.0,,,,,,,,,,,,,,,,,,,,,,,,,0.0,273.0,273.0,273.0,273.0,273.0,273.0,273.0,273.0,273.0,273.0,273.0,273.0,273.0,273.0,273.0,273.0,273.0,273.0,273.0,273.0,473.0,471.0,0.0,352.188,1200.551,4.765800000000013
191,191,191.0,191.0,191.0,191.0,,,,,,,,,,,,,,,,,,,,,,,,,0.1,428.5462,392.4484,362.9761,339.1559,320.3294,305.923,295.3617,288.0728,283.5402,281.3703,281.349,283.4727,287.9477,295.16,305.6187,319.8893,338.5398,362.135,391.3209,427.0473,248.0,473.0,352.188,92.78680000000004,848.363,4.765800000000013
192,192,192.0,192.0,192.0,192.0,,,,,,,,,,,,,,,,,,,,,,,,,0.2,259.7141,270.2285,278.9742,285.6487,290.2522,293.061,294.5588,295.3485,296.0673,297.321,299.6446,303.4891,309.2288,317.1847,327.6575,340.9718,357.5322,377.9029,402.927,433.9192,418.0,473.0,444.9748,49.1157,755.5762,4.765800000000013
193,193,193.0,193.0,193.0,193.0,,,,,,,,,,,,,,,,,,,,,,,,,0.3,388.7364,364.7247,345.2608,329.9072,318.3058,310.087,304.8501,302.1877,301.7283,303.1766,306.3393,311.1341,317.5878,325.8292,336.0866,348.697,364.1336,383.0617,406.4383,435.6847,174.0,471.0,494.0905,35.594600000000014,706.4604999999999,4.765800000000013
194,194,194.0,194.0,194.0,194.0,,,,,,,,,,,,,,,,,,,,,,,,,0.4,199.946,223.5929,244.1163,261.0803,274.4704,284.6388,292.1964,297.8874,302.4777,306.6759,311.091,316.2255,322.4934,330.2559,339.8659,351.7192,366.3141,384.3254,406.7113,434.8824,473.0,348.0,529.6851,50.156999999999925,670.8658999999999,4.765800000000013
195,195,195.0,195.0,195.0,195.0,,,,,,,,,,,,,,,,,,,,,,,,,0.5,428.6836,392.9945,364.4397,342.2091,325.7023,314.2912,307.2458,303.7603,303.0229,304.2853,306.9069,310.3692,314.268,318.2991,322.251,326.0123,329.5929,333.1537,337.0312,341.7473,174.0,252.0,579.8421,73.64359999999999,620.7089,4.765800000000013
196,196,196.0,196.0,196.0,196.0,,,,,,,,,,,,,,,,,,,,,,,,,0.6,201.1997,225.9261,247.2156,264.5428,277.85,287.4752,294.0171,298.1817,300.6458,301.9571,302.4783,302.3722,301.6198,300.0618,297.4568,293.5476,288.1299,281.1133,272.5658,262.7294,426.0,313.0,653.4857,181.5019000000001,547.0653,4.765800000000013
197,197,197.0,197.0,197.0,197.0,,,,,,,,,,,,,,,,,,,,,,,,,0.7,393.1115,366.0239,344.0513,326.7671,313.753,304.4836,298.3149,294.5391,292.4659,291.4972,291.1781,291.2179,291.4846,291.9803,292.8054,294.117,296.0881,298.8721,302.5806,307.2787,283.0,472.0,834.9876,144.7341,365.5633999999999,4.765800000000013
198,198,198.0,198.0,198.0,198.0,,,,,,,,,,,,,,,,,,,,,,,,,0.8,286.8545,290.4596,293.4306,295.5314,296.6984,297.031,296.758,296.1956,295.7104,295.6979,296.5766,298.7956,302.8429,309.248,318.572,331.3899,348.2803,369.8494,396.8268,430.2771,456.0,274.0,979.7217,76.71569999999997,220.82929999999988,4.765800000000013
199,199,199.0,199.0,199.0,199.0,,,,,,,,,,,,,,,,,,,,,,,,,0.9,418.3295,387.9636,363.4791,344.0169,328.9605,317.7658,309.891,304.7848,301.9006,300.7122,300.7172,301.4286,302.3617,303.0299,302.9586,301.7236,299.0095,294.6749,288.8053,281.7316,217.0,273.0,1056.4374,144.1135999999999,144.1135999999999,4.765800000000013
200,200,200.0,200.0,200.0,200.0,,,,,,,,,,,,,,,,,,,,,,,,,0.0,273.0,273.0,273.0,273.0,273.0,273.0,273.0,273.0,273.0,273.0,273.0,273.0,273.0,273.0,273.0,273.0,273.0,273.0,273.0,273.0,472.0,470.0,0.0,352.2434,1418.6868000000002,5.581000000000017
201,201,201.0,201.0,201.0,201.0,,,,,,,,,,,,,,,,,,,,,,,,,0.1,427.7969,391.8847,362.5555,338.8474,320.1083,305.7686,295.2562,288.0013,283.4898,281.33,281.3088,283.4222,287.8761,295.0544,305.4641,319.6678,338.2308,361.7138,390.7564,426.2974,252.0,472.0,352.2434,93.0231,1066.4434,5.581000000000017
202,202,202.0,202.0,202.0,202.0,,,,,,,,,,,,,,,,,,,,,,,,,0.2,262.8855,272.6602,280.7719,286.9253,291.1182,293.6167,294.8894,295.5214,296.1323,297.3122,299.5828,303.3848,309.0846,316.9974,327.4199,340.6727,357.1564,377.4301,402.3286,433.1529,472.0,340.0,445.2665,55.278399999999976,973.4203,5.581000000000017
203,203,203.0,203.0,203.0,203.0,,,,,,,,,,,,,,,,,,,,,,,,,0.3,429.6822,395.7482,368.5164,347.0169,330.5723,318.581,310.4315,305.4953,303.1568,302.8467,304.0617,306.3675,309.3908,312.8127,316.3727,319.8882,323.2879,326.6494,330.229,334.4725,171.0,258.0,500.5449,94.03769999999996,918.1419,5.581000000000017
204,204,204.0,204.0,204.0,204.0,,,,,,,,,,,,,,,,,,,,,,,,,0.4,199.0996,224.6391,246.597,264.4097,278.0032,287.7191,294.1765,298.115,300.2544,301.1926,301.3475,300.9395,300.0078,298.4496,296.0751,292.6704,288.0599,282.1629,275.0325,266.8684,419.0,317.0,594.5826,186.0289,824.1042,5.581000000000017
205,205,205.0,205.0,205.0,205.0,,,,,,,,,,,,,,,,,,,,,,,,,0.5,387.7061,361.8516,340.8525,324.3376,311.9213,303.1025,297.2604,293.7129,291.7974,290.9456,290.7317,290.8921,291.3184,292.032,293.1476,294.8321,297.2646,300.6025,304.9614,310.4125,307.0,473.0,780.6115,143.38440000000003,638.0753,5.581000000000017
206,206,206.0,206.0,206.0,206.0,,,,,,,,,,,,,,,,,,,,,,,,,0.6,305.6376,304.7114,303.8663,302.8673,301.6165,300.1466,298.5971,297.1847,296.1776,295.8827,296.6451,298.8557,302.9595,309.4549,318.8818,331.8023,348.7889,370.4499,397.5246,431.0974,402.0,317.0,923.9959,56.169899999999984,494.6909,5.581000000000017
207,207,207.0,207.0,207.0,207.0,,,,,,,,,,,,,,,,,,,,,,,,,0.7,377.9002,358.1163,341.9964,329.1021,319.0872,311.6332,306.4252,303.1513,301.51,301.2138,301.9865,303.5523,305.6275,307.9193,310.1426,312.0535,313.4969,314.4575,315.0981,315.7718,217.0,271.0,980.1658,103.34699999999998,438.521,5.581000000000017
208,208,208.0,208.0,208.0,208.0,,,,,,,,,,,,,,,,,,,,,,,,,0.8,234.4859,250.3369,263.9647,275.0413,283.5211,289.6045,293.6612,296.1389,297.4776,298.0459,298.1028,297.7862,297.1228,296.0534,294.4685,292.2482,289.3016,285.601,281.2045,276.2614,433.0,316.0,1083.5128,187.6944000000001,335.174,5.581000000000017
209,209,209.0,209.0,209.0,209.0,,,,,,,,,,,,,,,,,,,,,,,,,0.9,399.2547,371.5921,349.1224,331.2925,317.6263,307.5995,300.6119,296.023,293.2138,291.6473,290.9105,290.7318,290.9762,291.6245,292.7433,294.4505,296.8821,300.1649,304.3994,309.6583,242.0,461.0,1271.2072,147.4795999999999,147.4795999999999,5.581000000000017
210,210,210.0,210.0,210.0,210.0,,,,,,,,,,,,,,,,,,,,,,,,,0.0,273.0,273.0,273.0,273.0,273.0,273.0,273.0,273.0,273.0,273.0,273.0,273.0,273.0,273.0,273.0,273.0,273.0,273.0,273.0,273.0,470.0,472.0,0.0,351.7568,1507.0653000000002,6.668600000000026
211,211,211.0,211.0,211.0,211.0,,,,,,,,,,,,,,,,,,,,,,,,,0.1,426.2974,390.7564,361.7138,338.2308,319.6678,305.4641,295.0544,287.8761,283.4222,281.3088,281.33,283.4898,288.0013,295.2562,305.7686,320.1083,338.8474,362.5555,391.8847,427.7969,262.0,471.0,351.7568,91.2115,1155.3085,6.668600000000026
212,212,212.0,212.0,212.0,212.0,,,,,,,,,,,,,,,,,,,,,,,,,0.2,270.8207,278.7612,285.3061,290.1759,293.3621,295.1064,295.8408,296.109,296.4887,297.5321,299.7285,303.4919,309.1676,317.0543,327.4355,340.6219,357.007,377.1441,401.8626,432.4549,473.0,322.0,442.9683,56.24000000000001,1064.097,6.668600000000026
213,213,213.0,213.0,213.0,213.0,,,,,,,,,,,,,,,,,,,,,,,,,0.3,430.6941,396.8207,369.6526,348.1873,331.7287,319.6686,311.3974,306.2925,303.7417,303.1715,304.0631,305.9525,308.4222,311.0963,313.6472,315.8204,317.4737,318.6202,319.4616,320.3972,174.0,259.0,499.2083,105.22349999999994,1007.857,6.668600000000026
214,214,214.0,214.0,214.0,214.0,,,,,,,,,,,,,,,,,,,,,,,,,0.4,201.6417,226.7521,248.3186,265.781,279.0617,288.4934,294.6828,298.3566,300.2244,300.8793,300.7419,300.045,298.85,297.0854,294.5982,291.2113,286.779,281.2355,274.6272,267.1232,417.0,318.0,604.4318,190.5550000000001,902.6335,6.668600000000026
215,215,215.0,215.0,215.0,215.0,,,,,,,,,,,,,,,,,,,,,,,,,0.5,386.2775,360.8819,340.2449,324.0007,311.7675,303.0509,297.2414,293.6718,291.697,290.7663,290.4715,290.5645,290.9504,291.6615,292.8209,294.601,297.1827,300.7227,305.333,311.0793,306.0,473.0,794.9868,144.73059999999998,712.0785,6.668600000000026
216,216,216.0,216.0,216.0,216.0,,,,,,,,,,,,,,,,,,,,,,,,,0.6,304.8078,304.0257,303.3019,302.4039,301.2356,299.8316,298.3333,296.9591,295.98,295.7057,296.484,298.7086,302.8265,309.3375,318.7819,331.721,348.7265,370.4055,397.4966,431.084,431.0,272.0,939.7174,70.12279999999998,567.3479,6.668600000000026
217,217,217.0,217.0,217.0,217.0,,,,,,,,,,,,,,,,,,,,,,,,,0.7,399.9987,374.8056,354.3843,338.0755,325.3876,315.8843,309.1368,304.7139,302.1873,301.136,301.1417,301.7767,302.5921,303.117,302.8785,301.4457,298.4931,293.87,287.6563,280.1826,213.0,272.0,1009.8402,142.16019999999992,497.2251,6.668600000000026
218,218,218.0,218.0,218.0,218.0,,,,,,,,,,,,,,,,,,,,,,,,,0.8,232.0934,249.3745,264.149,276.0252,284.938,291.1054,294.9396,296.9433,297.6163,297.3872,296.5761,295.3869,293.9208,292.2034,290.2154,287.9225,285.2992,282.3454,279.0945,275.6141,415.0,318.0,1152.0004,204.36030000000005,355.0649000000001,6.668600000000026
219,219,219.0,219.0,219.0,219.0,,,,,,,,,,,,,,,,,,,,,,,,,0.9,385.5379,361.2084,341.3769,325.6254,313.5566,304.7047,298.5255,294.4396,291.8938,290.4196,289.6705,289.4368,289.6383,290.3017,291.5292,293.4635,296.2532,300.0263,304.8743,310.8528,295.0,472.0,1356.3607,150.70460000000003,150.70460000000003,6.668600000000026
220,220,220.0,220.0,220.0,220.0,,,,,,,,,,,,,,,,,,,,,,,,,0.0,273.0,273.0,273.0,273.0,273.0,273.0,273.0,273.0,273.0,273.0,273.0,273.0,273.0,273.0,273.0,273.0,273.0,273.0,273.0,273.0,470.0,470.0,0.0,352.0584,1199.2666,6.454999999999984
221,221,221.0,221.0,221.0,221.0,,,,,,,,,,,,,,,,,,,,,,,,,0.1,426.2973,390.7563,361.7136,338.2302,319.6667,305.4617,295.0497,287.8671,283.4056,281.2791,281.2791,283.4056,287.8671,295.0497,305.4617,319.6667,338.2302,361.7136,390.7563,426.2973,261.0,473.0,352.0584,92.53409999999997,847.2081999999999,6.454999999999984
222,222,222.0,222.0,222.0,222.0,,,,,,,,,,,,,,,,,,,,,,,,,0.2,270.0205,278.1375,284.8323,289.8242,293.1049,294.9183,295.7001,295.9978,296.3943,297.4472,299.6523,303.431,309.1372,317.0788,327.5495,340.87,357.4429,377.8314,402.8774,433.8939,410.0,472.0,444.5925,45.85080000000005,754.6741,6.454999999999984
223,223,223.0,223.0,223.0,223.0,,,,,,,,,,,,,,,,,,,,,,,,,0.3,382.9712,360.7618,342.7405,328.5043,317.7219,310.0561,305.1489,302.6424,302.2157,303.6187,306.6938,311.3839,317.7301,325.8675,336.0243,348.5331,363.8606,382.6639,405.8892,434.943,171.0,473.0,490.4433,36.70709999999997,708.8232999999999,6.454999999999984
224,224,224.0,224.0,224.0,224.0,,,,,,,,,,,,,,,,,,,,,,,,,0.4,197.3755,221.4312,242.3379,259.655,273.3631,283.811,291.6068,297.4941,302.2406,306.5589,311.0654,316.2721,322.6049,330.4377,340.1369,352.1116,366.8724,385.107,407.7891,436.3524,473.0,350.0,527.1504,51.60990000000004,672.1161999999999,6.454999999999984
225,225,225.0,225.0,225.0,225.0,,,,,,,,,,,,,,,,,,,,,,,,,0.5,428.5669,392.7681,364.121,341.8246,325.2842,313.8729,306.8579,303.428,302.7649,304.1144,306.832,310.3977,314.408,318.562,322.653,326.5759,330.3479,334.1382,338.2922,343.3424,172.0,256.0,578.7603,71.65149999999994,620.5062999999999,6.454999999999984
226,226,226.0,226.0,226.0,226.0,,,,,,,,,,,,,,,,,,,,,,,,,0.6,199.5381,224.5787,246.1474,263.7133,277.2185,287.005,293.6792,297.9562,300.5226,301.9361,302.5692,302.5947,302.004,300.6493,298.3009,294.7134,289.6932,283.1576,275.1784,265.9961,427.0,315.0,650.4118,177.67520000000002,548.8548,6.454999999999984
227,227,227.0,227.0,227.0,227.0,,,,,,,,,,,,,,,,,,,,,,,,,0.7,393.8058,366.4716,344.3034,326.8729,313.7611,304.4406,298.2636,294.517,292.5045,291.6222,291.4105,291.5744,291.9783,292.6215,293.602,295.0756,297.2156,300.179,304.0844,309.0082,278.0,472.0,828.087,141.1186,371.1796,6.454999999999984
228,228,228.0,228.0,228.0,228.0,,,,,,,,,,,,,,,,,,,,,,,,,0.8,282.8952,287.4131,291.1609,293.9018,295.5797,296.3083,296.3352,295.9968,295.6788,295.7923,296.7676,299.0605,303.1618,309.6008,318.9367,331.7425,348.5963,370.1064,397.0069,430.3693,470.0,271.0,969.2056,80.4541999999999,230.06099999999992,6.454999999999984
229,229,229.0,229.0,229.0,229.0,,,,,,,,,,,,,,,,,,,,,,,,,0.9,428.7008,395.6011,368.9991,347.8916,331.5784,319.455,310.9241,305.3788,302.2174,300.8622,300.7651,301.401,302.2539,302.812,302.5804,301.1184,298.0982,293.3706,287.0185,279.3765,209.0,272.0,1049.6598,149.60680000000002,149.60680000000002,6.454999999999984
230,230,230.0,230.0,230.0,230.0,,,,,,,,,,,,,,,,,,,,,,,,,0.0,273.0,273.0,273.0,273.0,273.0,273.0,273.0,273.0,273.0,273.0,273.0,273.0,273.0,273.0,273.0,273.0,273.0,273.0,273.0,273.0,471.0,469.0,0.0,352.303,1426.7889,6.097199999999987
231,231,231.0,231.0,231.0,231.0,,,,,,,,,,,,,,,,,,,,,,,,,0.1,427.0473,391.3207,362.1346,338.5387,319.887,305.614,295.1506,287.9297,283.4394,281.2897,281.2685,283.3718,287.8044,294.9487,305.3093,319.4462,337.9215,361.2922,390.1916,425.5471,259.0,473.0,352.303,93.23720000000004,1074.4859,6.097199999999987
232,232,232.0,232.0,232.0,232.0,,,,,,,,,,,,,,,,,,,,,,,,,0.2,268.4514,276.9504,283.9699,289.2251,292.7089,294.6703,295.5526,295.9126,296.3425,297.4081,299.6125,303.3828,309.0778,317.0091,327.4732,340.7925,357.3708,377.7712,402.8343,433.8716,471.0,338.0,445.5402,54.40159999999997,981.2487,6.097199999999987
233,233,233.0,233.0,233.0,233.0,,,,,,,,,,,,,,,,,,,,,,,,,0.3,429.1204,395.5473,368.6052,347.3215,331.0178,319.0972,310.9584,305.9877,303.5846,303.1929,304.3182,306.5296,309.4521,312.761,316.1864,319.5351,322.7251,325.8242,329.0811,332.9349,172.0,249.0,499.9418,97.22949999999996,926.8471,6.097199999999987
234,234,234.0,234.0,234.0,234.0,,,,,,,,,,,,,,,,,,,,,,,,,0.4,199.9461,225.3443,247.1784,264.8871,278.3952,288.0398,294.4329,298.3052,300.3656,301.1991,301.2076,300.5925,299.3693,297.4083,294.4896,290.3693,284.8458,277.8207,269.3412,259.6167,412.0,319.0,597.1713,193.7807,829.6176,6.097199999999987
235,235,235.0,235.0,235.0,235.0,,,,,,,,,,,,,,,,,,,,,,,,,0.5,382.3712,357.827,337.8722,322.182,310.3983,302.0407,296.5095,293.145,291.3094,290.46,290.1977,290.2869,290.6486,291.3354,292.4929,294.3166,297.0071,300.7331,305.6084,311.6902,316.0,380.0,790.952,155.55640000000005,635.8369,6.097199999999987
236,236,236.0,236.0,236.0,236.0,,,,,,,,,,,,,,,,,,,,,,,,,0.6,312.5272,309.7804,307.4098,305.1749,302.955,300.7406,298.6085,296.6928,295.1568,294.1758,293.93,294.6073,296.4095,299.5564,304.2844,310.8394,319.467,330.4095,343.9202,360.3047,289.0,321.0,946.5084,107.32190000000004,480.2805,6.097199999999987
237,237,237.0,237.0,237.0,237.0,,,,,,,,,,,,,,,,,,,,,,,,,0.7,289.5985,290.3744,291.1656,291.8606,292.4074,292.8119,293.1283,293.443,293.8553,294.4596,295.3297,296.5083,298.0034,299.7925,301.8364,304.1,306.5798,309.3306,312.4868,316.2728,457.0,310.0,1053.8303,149.63279999999986,372.95859999999993,6.097199999999987
238,238,238.0,238.0,238.0,238.0,,,,,,,,,,,,,,,,,,,,,,,,,0.8,418.7546,387.8629,362.8763,342.918,327.3515,315.606,307.1064,301.2689,297.5291,295.3768,294.3814,294.2035,294.593,295.3792,296.4592,297.7875,299.3701,301.2605,303.5589,306.41,173.0,471.0,1203.4631,141.90440000000012,223.32580000000007,6.097199999999987
239,239,239.0,239.0,239.0,239.0,,,,,,,,,,,,,,,,,,,,,,,,,0.9,200.0083,224.5093,245.5101,262.4594,275.2833,284.3249,290.2253,293.791,295.8805,297.3297,298.9173,301.3637,305.346,311.5151,320.5034,332.9245,349.3764,370.4749,396.9521,429.8677,450.0,456.0,1345.3675,81.42139999999995,81.42139999999995,6.097199999999987
240,240,240.0,240.0,240.0,,,,,,,,,,,,,,,,,,,,,,,,,,0.0,273.0,273.0,273.0,273.0,273.0,273.0,273.0,273.0,273.0,273.0,273.0,273.0,273.0,273.0,273.0,273.0,273.0,273.0,273.0,273.0,472.0,471.0,0.0,352.0918,988.8300000000002,0.3249999999999886
241,241,241.0,241.0,241.0,,,,,,,,,,,,,,,,,,,,,,,,,,0.1,427.7969,391.8848,362.5556,338.8477,320.1088,305.7697,295.2585,288.0058,283.4981,281.3448,281.3342,283.4643,287.9432,295.1577,305.6175,319.8887,338.5395,362.1349,391.3208,427.0473,373.0,473.0,352.0918,102.4343,636.7382000000001,0.3249999999999886
242,242,242.0,242.0,242.0,,,,,,,,,,,,,,,,,,,,,,,,,,0.2,358.1474,345.9557,335.7264,326.9851,319.4591,313.0488,307.7898,303.8103,301.2902,300.4292,301.4264,304.4719,309.7498,317.4496,327.7864,341.0315,357.5584,377.9137,402.9311,433.9205,172.0,472.0,454.5261,46.26390000000004,534.3039000000001,0.3249999999999886
243,243,243.0,243.0,243.0,,,,,,,,,,,,,,,,,,,,,,,,,,0.3,197.768,221.2716,241.7151,258.6667,272.0919,282.3087,289.8912,295.5562,300.0607,304.1247,308.3874,313.3927,319.5992,327.4068,337.1952,349.3716,364.4297,383.0277,406.1006,435.039,473.0,340.0,500.79,57.71509999999995,488.04,0.3249999999999886
244,244,244.0,244.0,244.0,,,,,,,,,,,,,,,,,,,,,,,,,,0.4,428.4116,392.4508,363.634,341.1628,324.4465,312.8629,305.6826,302.0965,301.2851,302.4894,305.0551,308.4457,312.235,316.092,319.7738,323.1349,326.1504,328.9474,331.8313,335.2941,171.0,471.0,558.5051,64.66090000000008,430.32490000000007,0.3249999999999886
245,245,245.0,245.0,245.0,,,,,,,,,,,,,,,,,,,,,,,,,,0.5,198.604,223.7009,245.3145,262.9178,276.4667,286.333,293.1777,297.809,301.0621,303.7206,306.4831,309.9659,314.729,321.3068,330.2343,342.0657,357.3936,376.8903,401.4007,432.1309,471.0,295.0,623.166,62.4985999999999,365.664,0.3249999999999886
246,246,246.0,246.0,246.0,,,,,,,,,,,,,,,,,,,,,,,,,,0.6,427.1972,391.8708,363.551,341.4289,324.8983,313.325,305.976,302.0439,300.7121,301.2168,302.8821,305.1254,307.4424,309.3909,310.5866,310.7213,309.6011,307.1943,303.671,299.4157,174.0,472.0,685.6646,91.2958000000001,303.1654000000001,0.3249999999999886
247,247,247.0,247.0,247.0,,,,,,,,,,,,,,,,,,,,,,,,,,0.7,200.9885,225.5006,246.5688,263.6648,276.7333,286.1268,292.4836,296.591,299.272,301.3118,303.4298,306.2853,310.5022,316.6944,325.4808,337.4864,353.345,373.7265,399.4276,431.5732,473.0,328.0,776.9604,68.83569999999997,211.8696,0.3249999999999886
248,248,248.0,248.0,248.0,,,,,,,,,,,,,,,,,,,,,,,,,,0.8,428.6745,392.9398,364.2678,341.8187,324.9723,313.0935,305.4594,301.2837,299.7822,300.2376,302.0363,304.6755,307.7499,310.9321,313.9644,316.6674,318.9669,320.928,322.7849,324.9508,174.0,471.0,845.7961,79.63099999999997,143.03390000000002,0.3249999999999886
249,249,249.0,249.0,249.0,,,,,,,,,,,,,,,,,,,,,,,,,,0.9,200.999,225.5193,246.593,263.6958,276.7798,286.2098,292.6384,296.868,299.7327,302.022,304.4471,307.644,312.1969,318.6665,327.6111,339.6001,355.2286,375.1551,400.1955,431.517,424.0,473.0,925.4271,63.402900000000045,63.402900000000045,0.3249999999999886
250,250,250.0,250.0,250.0,,,,,,,,,,,,,,,,,,,,,,,,,,0.0,273.0,273.0,273.0,273.0,273.0,273.0,273.0,273.0,273.0,273.0,273.0,273.0,273.0,273.0,273.0,273.0,273.0,273.0,273.0,273.0,471.0,473.0,0.0,351.6998,997.9651,0.5520000000000209
251,251,251.0,251.0,251.0,,,,,,,,,,,,,,,,,,,,,,,,,,0.1,427.0473,391.3209,362.135,338.5398,319.8893,305.6187,295.16,287.9477,283.4727,281.349,281.3703,283.5402,288.0728,295.3617,305.923,320.3294,339.1559,362.9761,392.4484,428.5462,374.0,472.0,351.6998,101.27210000000002,646.2653,0.5520000000000209
252,252,252.0,252.0,252.0,,,,,,,,,,,,,,,,,,,,,,,,,,0.2,358.8957,346.4973,336.1016,327.2313,319.6106,313.1365,307.8399,303.844,301.3232,300.4715,301.4817,304.5379,309.8175,317.5032,327.8037,340.984,357.412,377.6301,402.4668,433.2234,174.0,471.0,452.9719,45.58019999999999,544.9932,0.5520000000000209
253,253,253.0,253.0,253.0,,,,,,,,,,,,,,,,,,,,,,,,,,0.3,199.42,222.5998,242.7545,259.459,272.681,282.7363,290.1942,295.7651,300.1984,304.2073,308.4243,313.3876,319.5509,327.3097,337.04,349.1452,364.1152,382.6027,405.5349,434.2893,473.0,326.0,498.5521,57.38720000000001,499.413,0.5520000000000209
254,254,254.0,254.0,254.0,,,,,,,,,,,,,,,,,,,,,,,,,,0.4,428.4786,392.5804,363.8157,341.3802,324.6792,313.0882,305.8766,302.2329,301.3332,302.4088,304.7887,307.9114,311.3163,314.6293,317.5576,319.9012,321.5811,322.6747,323.4441,324.3441,172.0,471.0,555.9393,70.4117,442.0258,0.5520000000000209
255,255,255.0,255.0,255.0,,,,,,,,,,,,,,,,,,,,,,,,,,0.5,199.4262,224.3548,245.8125,263.2723,276.6872,286.4235,293.1355,297.6246,300.7214,303.2082,305.7875,309.0862,313.6807,320.1269,328.9832,340.8241,356.2541,375.9452,400.7281,431.7832,473.0,291.0,626.351,65.39919999999995,371.6141,0.5520000000000209
256,256,256.0,256.0,256.0,,,,,,,,,,,,,,,,,,,,,,,,,,0.6,428.7074,393.0163,364.4069,342.0441,325.3066,313.552,306.0418,301.9647,300.5001,300.8798,302.4225,304.5383,306.7135,308.4938,309.4807,309.3504,307.8932,305.0634,301.0206,296.1431,172.0,472.0,691.7502,95.69190000000005,306.21490000000006,0.5520000000000209
257,257,257.0,257.0,257.0,,,,,,,,,,,,,,,,,,,,,,,,,,0.7,199.409,224.3055,245.7016,263.0568,276.312,285.8234,292.2379,296.3542,299.0076,300.9952,303.048,305.8362,309.9941,316.1458,324.9186,336.9441,352.8587,373.3305,399.1494,431.4306,470.0,335.0,787.4421,69.70040000000006,210.523,0.5520000000000209
258,258,258.0,258.0,258.0,,,,,,,,,,,,,,,,,,,,,,,,,,0.8,426.3619,391.123,362.8266,340.671,324.0571,312.3627,304.8748,300.8164,299.4146,299.9657,301.8726,304.6529,307.9248,311.3877,314.8126,318.0494,321.0513,323.9075,326.8717,330.3725,174.0,472.0,857.1425,76.74329999999998,140.82259999999997,0.5520000000000209
259,259,259.0,259.0,259.0,,,,,,,,,,,,,,,,,,,,,,,,,,0.9,200.8826,225.2996,246.2938,263.3469,276.4141,285.8596,292.3337,296.6357,299.5961,301.9999,304.5536,307.887,312.5769,319.175,328.2312,340.308,355.9984,375.9657,401.0397,432.412,434.0,473.0,933.8858,64.07929999999999,64.07929999999999,0.5520000000000209
260,260,260.0,260.0,260.0,,,,,,,,,,,,,,,,,,,,,,,,,,0.0,273.0,273.0,273.0,273.0,273.0,273.0,273.0,273.0,273.0,273.0,273.0,273.0,273.0,273.0,273.0,273.0,273.0,273.0,273.0,273.0,472.0,472.0,0.0,351.9419,969.2489,0.5308999999999742
261,261,261.0,261.0,261.0,,,,,,,,,,,,,,,,,,,,,,,,,,0.1,427.7969,391.8848,362.5557,338.848,320.1094,305.7709,295.2609,288.0103,283.5064,281.3597,281.3597,283.5064,288.0103,295.2609,305.7709,320.1094,338.848,362.5557,391.8848,427.7969,373.0,473.0,351.9419,101.8677,617.307,0.5308999999999742
262,262,262.0,262.0,262.0,,,,,,,,,,,,,,,,,,,,,,,,,,0.2,358.1483,345.9577,335.7298,326.9905,319.4674,313.0611,307.8074,303.8348,301.3232,300.4722,301.4804,304.537,309.8248,317.5321,327.8725,341.1159,357.6351,377.9768,402.9758,433.9435,172.0,472.0,453.8096,46.1413,515.4393,0.5308999999999742
263,263,263.0,263.0,263.0,,,,,,,,,,,,,,,,,,,,,,,,,,0.3,197.7702,221.2762,241.7222,258.6764,272.1046,282.3246,289.9105,295.5791,300.0871,304.1543,308.4197,313.4268,319.634,327.4411,337.2276,349.4007,364.4543,383.0469,406.1136,435.0456,472.0,338.0,499.9509,57.53000000000003,469.29800000000006,0.5308999999999742
264,264,264.0,264.0,264.0,,,,,,,,,,,,,,,,,,,,,,,,,,0.4,427.6632,391.8894,363.2175,340.8604,324.2337,312.7184,305.5883,302.0359,301.2437,302.4533,305.0096,308.3743,312.1173,315.9021,319.4794,322.6963,325.5202,328.0714,330.6488,333.7391,172.0,471.0,557.4809,65.14109999999994,411.768,0.5308999999999742
265,265,265.0,265.0,265.0,,,,,,,,,,,,,,,,,,,,,,,,,,0.5,199.3845,224.2787,245.7158,263.1737,276.6089,286.3903,293.1738,297.7613,300.9822,303.6153,306.3558,309.8189,314.5648,321.1299,330.0521,341.8881,357.2325,376.7577,401.3067,432.0824,472.0,306.0,622.622,61.6083000000001,346.6269000000001,0.5308999999999742
266,266,266.0,266.0,266.0,,,,,,,,,,,,,,,,,,,,,,,,,,0.6,427.9655,392.4702,364.0194,341.7916,325.1741,313.5309,306.1295,302.1662,300.831,301.3705,303.1248,305.5328,308.1195,310.4778,312.2642,313.2129,313.1706,312.1388,310.3092,308.0738,173.0,471.0,684.2303,85.70809999999994,285.0186,0.5308999999999742
267,267,267.0,267.0,267.0,,,,,,,,,,,,,,,,,,,,,,,,,,0.7,200.221,224.9497,246.2108,263.4727,276.6813,286.1949,292.6591,296.8699,299.6568,301.8087,304.0429,307.011,311.3225,317.5722,326.3571,338.2822,353.9673,374.0773,399.413,431.1078,472.0,344.0,769.9384,65.75760000000002,199.31050000000005,0.5308999999999742
268,268,268.0,268.0,268.0,,,,,,,,,,,,,,,,,,,,,,,,,,0.8,427.9257,392.381,363.8639,341.5491,324.8243,313.0599,305.5378,301.4779,300.1057,300.7189,302.726,305.656,309.1445,312.9156,316.7705,320.5934,324.373,328.2327,332.4573,337.5051,172.0,471.0,835.696,71.56859999999995,133.55290000000002,0.5308999999999742
269,269,269.0,269.0,269.0,,,,,,,,,,,,,,,,,,,,,,,,,,0.9,199.3748,224.2495,245.649,263.0455,276.3935,286.064,292.7184,297.1679,300.2539,302.7687,305.4203,308.8346,313.578,320.1879,329.1974,341.1542,356.641,376.3181,401.0193,431.9416,473.0,332.0,907.2646,61.98430000000008,61.98430000000008,0.5308999999999742
270,270,270.0,270.0,270.0,,,,,,,,,,,,,,,,,,,,,,,,,,0.0,273.0,273.0,273.0,273.0,273.0,273.0,273.0,273.0,273.0,273.0,273.0,273.0,273.0,273.0,273.0,273.0,273.0,273.0,273.0,273.0,471.0,471.0,0.0,351.9981,982.2411,1.04910000000001
271,271,271.0,271.0,271.0,,,,,,,,,,,,,,,,,,,,,,,,,,0.1,427.0473,391.3208,362.1348,338.5392,319.8881,305.6164,295.1553,287.9387,283.456,281.3194,281.3194,283.456,287.9387,295.1553,305.6164,319.8881,338.5392,362.1348,391.3208,427.0473,378.0,471.0,351.9981,103.277,630.2429999999999,1.04910000000001
272,272,272.0,272.0,272.0,,,,,,,,,,,,,,,,,,,,,,,,,,0.2,361.9813,348.8403,337.843,328.4913,320.4927,313.7281,308.213,304.0548,301.4135,300.4702,301.4073,304.4008,309.6223,317.2509,327.4921,340.6085,356.9647,377.0971,401.8251,432.4346,174.0,473.0,455.2751,46.221900000000005,526.9659999999999,1.04910000000001
273,273,273.0,273.0,273.0,,,,,,,,,,,,,,,,,,,,,,,,,,0.3,199.5439,222.8327,243.0695,259.8229,273.0598,283.0997,290.5187,296.0358,300.4096,304.3617,308.533,313.4692,319.6313,327.4223,337.2253,349.4512,364.597,383.3241,406.572,435.739,473.0,332.0,501.497,56.12489999999997,480.7441,1.04910000000001
274,274,274.0,274.0,274.0,,,,,,,,,,,,,,,,,,,,,,,,,,0.4,428.5113,392.6454,363.9109,341.5019,324.8229,313.2494,306.0528,302.4252,301.5483,302.661,305.1024,308.3239,311.8801,315.4149,318.6554,321.423,323.6599,325.4631,327.1121,329.0772,174.0,471.0,557.6219,67.1635,424.6192,1.04910000000001
275,275,275.0,275.0,275.0,,,,,,,,,,,,,,,,,,,,,,,,,,0.5,201.0719,225.6745,246.8483,264.0754,277.3121,286.9236,293.5594,298.0146,301.1122,303.627,306.2529,309.6071,314.2551,320.7413,329.6127,341.4341,356.8047,376.3967,401.047,431.9474,466.0,272.0,624.7854,64.56180000000006,357.4557,1.04910000000001
276,276,276.0,276.0,276.0,,,,,,,,,,,,,,,,,,,,,,,,,,0.6,423.5328,389.2157,361.6786,340.1603,324.0787,312.8163,305.6543,301.7973,300.4359,300.804,302.2097,304.037,305.73,306.7773,306.7116,305.1358,301.7721,296.5218,289.5173,281.1417,173.0,473.0,689.3472,105.74789999999996,292.8938999999999,1.04910000000001
277,277,277.0,277.0,277.0,,,,,,,,,,,,,,,,,,,,,,,,,,0.7,200.0269,224.5746,245.6756,262.7984,275.8805,285.2647,291.5786,295.6,298.1462,300.0036,301.9024,304.5243,308.5275,314.5695,323.3156,335.4326,351.5812,372.4364,398.7773,431.696,473.0,386.0,795.0951,72.46010000000001,187.146,1.04910000000001
278,278,278.0,278.0,278.0,,,,,,,,,,,,,,,,,,,,,,,,,,0.8,428.5618,392.7133,363.9296,341.3761,324.4398,312.4958,304.8365,300.7003,299.3427,300.1063,302.4646,306.0334,310.5598,315.9004,322.006,328.919,336.7864,345.8859,356.6575,369.7376,174.0,473.0,867.5552,57.97939999999994,114.68589999999996,1.04910000000001
279,279,279.0,279.0,279.0,,,,,,,,,,,,,,,,,,,,,,,,,,0.9,200.9751,225.4834,246.5695,263.7223,276.9095,286.5124,293.2009,297.7921,301.129,303.9974,307.088,310.9939,316.234,323.2854,332.6177,344.7234,360.1541,379.5761,403.873,434.334,473.0,316.0,925.5346,56.706500000000005,56.706500000000005,1.04910000000001
280,280,280.0,280.0,280.0,,,,,,,,,,,,,,,,,,,,,,,,,,0.0,273.0,273.0,273.0,273.0,273.0,273.0,273.0,273.0,273.0,273.0,273.0,273.0,273.0,273.0,273.0,273.0,273.0,273.0,273.0,273.0,472.0,471.0,0.0,352.0918,1005.2429,0.6922999999999888
281,281,281.0,281.0,281.0,,,,,,,,,,,,,,,,,,,,,,,,,,0.1,427.7969,391.8848,362.5556,338.8477,320.1088,305.7697,295.2585,288.0058,283.4981,281.3448,281.3342,283.4643,287.9432,295.1577,305.6175,319.8887,338.5395,362.1349,391.3208,427.0473,374.0,471.0,352.0918,102.55060000000005,653.1511,0.6922999999999888
282,282,282.0,282.0,282.0,,,,,,,,,,,,,,,,,,,,,,,,,,0.2,358.9199,346.5432,336.164,327.3029,319.6832,313.2012,307.8882,303.8681,301.316,300.4266,301.3939,304.4023,309.6298,317.2596,327.4999,340.6146,356.969,377.0999,401.8267,432.4353,174.0,473.0,454.6424,46.29969999999997,550.6005,0.6922999999999888
283,283,283.0,283.0,283.0,,,,,,,,,,,,,,,,,,,,,,,,,,0.3,199.424,222.607,242.7631,259.4666,272.685,282.734,290.1832,295.744,300.1677,304.1699,308.3871,313.3627,319.5567,327.3721,337.193,349.4313,364.5853,383.3177,406.5687,435.7377,473.0,334.0,500.9421,56.81810000000007,504.3008,0.6922999999999888
284,284,284.0,284.0,284.0,,,,,,,,,,,,,,,,,,,,,,,,,,0.4,428.4786,392.5804,363.816,341.382,324.6844,313.1002,305.9014,302.2804,301.4191,302.5569,305.0343,308.305,311.9279,315.5522,318.9118,321.8357,324.2737,326.3302,328.2909,330.6318,172.0,472.0,557.7602,66.88419999999996,447.4826999999999,0.6922999999999888
285,285,285.0,285.0,285.0,,,,,,,,,,,,,,,,,,,,,,,,,,0.5,199.435,224.3741,245.8455,263.3239,276.7646,286.5365,293.2961,297.847,301.0212,303.6009,306.2862,309.6986,314.4065,320.9558,329.8942,341.7877,357.2378,376.9215,401.6848,432.7347,473.0,281.0,624.6444,64.79369999999994,380.5985,0.6922999999999888
286,286,286.0,286.0,286.0,,,,,,,,,,,,,,,,,,,,,,,,,,0.6,428.7255,393.0541,364.467,342.1291,325.4188,313.6923,306.208,302.1495,300.6881,301.0432,302.5161,304.4929,306.4298,307.8361,308.2726,307.3738,304.8922,300.7535,295.1029,288.322,172.0,471.0,689.4381,100.336,315.8048,0.6922999999999888
287,287,287.0,287.0,287.0,,,,,,,,,,,,,,,,,,,,,,,,,,0.7,199.4195,224.3246,245.7254,263.0793,276.3244,285.8137,292.1905,296.2502,298.825,300.7116,302.6426,305.294,309.3101,315.3282,323.9904,335.941,351.8232,372.3016,398.1506,430.4558,470.0,333.0,789.7741,71.84800000000007,215.4688,0.6922999999999888
288,288,288.0,288.0,288.0,,,,,,,,,,,,,,,,,,,,,,,,,,0.8,426.3529,391.1034,362.793,340.6191,323.9813,312.2569,304.7325,300.6311,299.18,299.6754,301.5206,304.2323,307.4273,310.8023,314.1242,317.2377,320.0891,322.7603,325.4964,328.7166,172.0,473.0,861.6221,79.21109999999999,143.62079999999992,0.6922999999999888
289,289,289.0,289.0,289.0,,,,,,,,,,,,,,,,,,,,,,,,,,0.9,199.2425,223.9911,245.2744,262.5658,275.8176,285.397,291.9603,296.3149,299.3005,301.7117,304.264,307.5966,312.2951,318.9203,328.0301,340.1941,356.0103,376.146,401.4347,433.0745,472.0,409.0,940.8332,64.40969999999993,64.40969999999993,0.6922999999999888
290,290,290.0,290.0,290.0,,,,,,,,,,,,,,,,,,,,,,,,,,0.0,273.0,273.0,273.0,273.0,273.0,273.0,273.0,273.0,273.0,273.0,273.0,273.0,273.0,273.0,273.0,273.0,273.0,273.0,273.0,273.0,473.0,472.0,0.0,352.038,1004.2519,0.2968999999999937
291,291,291.0,291.0,291.0,,,,,,,,,,,,,,,,,,,,,,,,,,0.1,428.5462,392.4485,362.9762,339.1562,320.3299,305.9242,295.364,288.0773,283.5485,281.3851,281.3745,283.5147,288.0148,295.2632,305.7721,320.11,338.8482,362.5558,391.8849,427.797,368.0,471.0,352.038,100.8467,652.2139,0.2968999999999937
292,292,292.0,292.0,292.0,,,,,,,,,,,,,,,,,,,,,,,,,,0.2,354.3078,343.065,333.6059,325.4782,318.4282,312.3752,307.3743,303.573,301.1689,300.3766,301.4058,304.4529,309.7038,317.3465,327.5916,340.704,357.0495,377.1657,401.8731,432.4592,173.0,473.0,452.8847,46.68239999999997,551.3671999999999,0.2968999999999937
293,293,293.0,293.0,293.0,,,,,,,,,,,,,,,,,,,,,,,,,,0.3,198.4279,221.6229,241.8093,258.5665,271.8616,282.0061,289.5625,295.2344,299.7656,303.8662,308.1686,313.2144,319.4632,327.3192,337.1681,349.4242,364.5879,383.3241,406.5749,435.7413,473.0,351.0,499.5671,58.02970000000005,504.6848,0.2968999999999937
294,294,294.0,294.0,294.0,,,,,,,,,,,,,,,,,,,,,,,,,,0.4,428.3989,392.4242,363.5922,341.1055,324.3755,312.7828,305.6029,302.0322,301.2596,302.5373,305.2262,308.8108,312.8914,317.1697,321.4409,325.6005,329.6652,333.8024,338.3546,343.851,171.0,471.0,557.5968,60.59089999999992,446.6551,0.2968999999999937
295,295,295.0,295.0,295.0,,,,,,,,,,,,,,,,,,,,,,,,,,0.5,198.6045,223.7041,245.3251,262.943,276.5166,286.4209,293.3199,298.0245,301.371,304.1421,307.0311,310.6455,315.5315,322.2061,331.1862,343.0099,358.2602,377.6092,401.9126,432.3955,470.0,273.0,618.1877,63.440000000000055,386.0642,0.2968999999999937
296,296,296.0,296.0,296.0,,,,,,,,,,,,,,,,,,,,,,,,,,0.6,426.4635,391.3408,363.185,341.1987,324.7804,313.2969,306.0121,302.111,300.7634,301.1829,302.66,304.5648,306.332,307.4445,307.4333,305.9026,302.5777,297.3647,290.4013,282.0761,173.0,473.0,681.6277,103.3524,322.6242,0.2968999999999937
297,297,297.0,297.0,297.0,,,,,,,,,,,,,,,,,,,,,,,,,,0.7,200.1449,224.7992,245.9869,263.1723,276.2932,285.6965,292.0151,296.033,298.5722,300.4225,302.3151,304.9309,308.9255,314.9531,323.6758,335.7576,351.8585,372.6542,398.9265,431.7713,472.0,329.0,784.9801,73.25430000000006,219.2718,0.2968999999999937
298,298,298.0,298.0,298.0,,,,,,,,,,,,,,,,,,,,,,,,,,0.8,427.8536,392.2314,363.6287,341.2183,324.3877,312.5066,304.8562,300.6542,299.122,299.5485,301.3275,303.9644,307.0619,310.3005,313.4287,316.2721,318.7589,320.9553,323.0941,325.5854,172.0,472.0,858.2344,81.5204,146.01749999999993,0.2968999999999937
299,299,299.0,299.0,299.0,,,,,,,,,,,,,,,,,,,,,,,,,,0.9,199.2936,224.0855,245.3983,262.7014,275.9462,285.5,292.0216,296.3206,299.2397,301.5759,304.0477,307.2971,311.9132,318.4602,327.4992,339.6014,355.3638,375.448,400.6755,432.225,472.0,367.0,939.7548,64.49709999999993,64.49709999999993,0.2968999999999937
300,300,300.0,300.0,,,,,,,,,,,,,,,,,,,,,,,,,,,0.0,273.0,273.0,273.0,273.0,273.0,273.0,273.0,273.0,273.0,273.0,273.0,273.0,273.0,273.0,273.0,273.0,273.0,273.0,273.0,273.0,472.0,402.0,0.0,366.5289,911.7417,4.199400000000026
301,301,301.0,301.0,,,,,,,,,,,,,,,,,,,,,,,,,,,0.1,427.7957,391.8813,362.5473,338.8292,320.0691,305.6875,295.0947,287.6912,282.9159,280.3065,279.5495,280.5073,283.2191,287.8753,294.773,304.259,316.6768,332.3349,351.5181,374.561,319.0,472.0,366.5289,141.0462,545.2128,4.199400000000026
302,302,302.0,302.0,,,,,,,,,,,,,,,,,,,,,,,,,,,0.2,315.9828,313.6198,311.4253,309.0849,306.4791,303.6743,300.886,298.4295,296.6707,295.9887,296.7548,299.3264,304.0516,311.2784,321.365,334.6945,351.7016,372.9293,399.1379,431.5077,211.0,471.0,507.5751,56.05830000000003,404.1666,4.199400000000026
303,303,303.0,303.0,,,,,,,,,,,,,,,,,,,,,,,,,,,0.3,227.4432,242.407,255.4773,266.4386,275.2976,282.2662,287.7152,292.1155,295.9804,299.8205,304.1146,309.2976,315.763,323.878,334.0085,346.5557,362.0062,381.0055,404.4685,433.7585,473.0,473.0,563.6334,66.6608,348.1083,4.199400000000026
304,304,304.0,304.0,,,,,,,,,,,,,,,,,,,,,,,,,,,0.4,428.946,393.4519,364.961,342.6241,325.8414,314.0301,306.5465,302.7047,301.841,303.3828,306.8993,312.1245,318.9584,327.4551,337.8113,350.3637,365.6064,384.237,407.2483,436.0947,171.0,473.0,630.2942,38.11559999999997,281.4475,4.199400000000026
305,305,305.0,305.0,,,,,,,,,,,,,,,,,,,,,,,,,,,0.5,198.8012,224.1025,245.94,263.8059,277.6839,287.981,295.3972,300.7766,304.9774,308.7808,312.8443,317.6959,323.7572,331.3857,340.9258,352.7658,367.4005,385.5081,408.0587,436.4874,384.0,273.0,668.4098,38.844100000000026,243.3319,4.199400000000026
306,306,306.0,306.0,,,,,,,,,,,,,,,,,,,,,,,,,,,0.6,361.0127,341.8939,326.5239,314.8171,306.5898,301.5084,299.1038,298.8226,300.0873,302.3404,305.0631,307.7713,310.0023,311.3054,311.2525,309.4724,305.7091,299.8882,292.1737,282.9912,249.0,473.0,707.2539,79.40549999999996,204.4878,4.199400000000026
307,307,307.0,307.0,,,,,,,,,,,,,,,,,,,,,,,,,,,0.7,259.0072,268.1293,276.0254,282.5076,287.5601,291.323,294.0537,296.081,297.7695,299.5017,301.6809,304.7468,309.1949,315.5856,324.5372,336.7049,352.7617,373.4097,399.4623,432.0467,360.0,471.0,786.6594,48.80579999999998,125.08230000000005,4.199400000000026
308,308,308.0,308.0,,,,,,,,,,,,,,,,,,,,,,,,,,,0.8,343.7482,330.1837,319.1822,310.6472,304.4478,300.399,298.2754,297.8444,298.9058,301.3235,305.0455,310.1097,316.6412,324.8465,335.0119,347.5128,362.8416,381.6639,404.9172,433.9839,228.0,454.0,835.4652,28.02830000000006,76.27650000000006,4.199400000000026
309,309,309.0,309.0,,,,,,,,,,,,,,,,,,,,,,,,,,,0.9,241.698,254.1772,265.0835,274.245,281.6924,287.6393,292.4331,296.4937,300.2573,304.1339,308.4853,313.6212,319.8118,327.3121,336.3941,347.3859,360.7195,376.9913,397.0464,422.1081,473.0,313.0,863.4935,48.2482,48.2482,4.199400000000026
310,310,310.0,310.0,,,,,,,,,,,,,,,,,,,,,,,,,,,0.0,273.0,273.0,273.0,273.0,273.0,273.0,273.0,273.0,273.0,273.0,273.0,273.0,273.0,273.0,273.0,273.0,273.0,273.0,273.0,273.0,473.0,401.0,0.0,366.8932,924.5156,1.1367999999999938
311,311,311.0,311.0,,,,,,,,,,,,,,,,,,,,,,,,,,,0.1,428.5449,392.4449,362.9677,339.1371,320.289,305.8396,295.1954,287.7536,282.9494,280.3167,279.538,280.472,283.1538,287.7699,294.6134,304.0274,316.3521,331.8924,350.929,373.7899,316.0,472.0,366.8932,141.6841,557.6224,1.1367999999999938
312,312,312.0,312.0,,,,,,,,,,,,,,,,,,,,,,,,,,,0.2,313.6496,311.8558,310.1344,308.174,305.8618,303.2733,300.6359,298.2773,296.5759,295.9221,296.6967,299.2652,303.9818,311.1994,321.2799,334.6087,351.6221,372.8629,399.0905,431.4832,216.0,471.0,508.5773,55.62479999999999,415.9383,1.1367999999999938
313,313,313.0,313.0,,,,,,,,,,,,,,,,,,,,,,,,,,,0.3,231.392,245.3996,257.6425,267.9237,276.2527,282.8307,288.0088,292.2336,295.9938,299.7783,304.048,309.2248,315.6938,323.8167,333.9566,346.5134,361.9731,380.9812,404.4526,433.7507,471.0,473.0,564.2021,64.94940000000008,360.3135,1.1367999999999938
314,314,314.0,314.0,,,,,,,,,,,,,,,,,,,,,,,,,,,0.4,427.5687,392.5588,364.4471,342.3978,325.819,314.1368,306.72,302.8976,302.0216,303.5335,307.0135,312.2032,319.007,327.4808,337.8211,350.364,365.6019,384.2313,407.2435,436.092,174.0,470.0,629.1515,37.09129999999993,295.3640999999999,1.1367999999999938
315,315,315.0,315.0,,,,,,,,,,,,,,,,,,,,,,,,,,,0.5,201.2154,225.9765,247.3425,264.8188,278.3914,288.461,295.7148,300.9813,305.1028,308.8455,312.8536,317.6429,323.6239,331.1436,340.5355,352.1766,366.549,384.3151,406.4228,434.2711,383.0,273.0,666.2428,37.94950000000006,258.2728,1.1367999999999938
316,316,316.0,316.0,,,,,,,,,,,,,,,,,,,,,,,,,,,0.6,360.3301,341.4773,326.3222,314.7782,306.6618,301.643,299.2591,298.9656,300.1942,302.3958,305.0593,307.7072,309.8822,311.1387,311.0528,309.2575,305.4996,299.7057,292.0384,282.9192,247.0,473.0,704.1923,80.1135999999999,220.3232999999999,1.1367999999999938
317,317,317.0,317.0,,,,,,,,,,,,,,,,,,,,,,,,,,,0.7,257.3981,266.8704,275.0699,281.8052,287.0609,290.9802,293.8255,295.932,297.6713,299.4326,301.6255,304.6954,309.1424,315.5305,324.4807,336.65,352.7122,373.3693,399.4338,432.0321,374.0,473.0,784.3059,49.99660000000006,140.2097,1.1367999999999938
318,318,318.0,318.0,,,,,,,,,,,,,,,,,,,,,,,,,,,0.8,354.5921,338.4322,325.304,315.0549,307.5106,302.4428,299.5781,298.6334,299.3582,301.5717,305.1851,310.2092,316.7516,325.0093,335.2655,347.8972,363.4021,382.4541,406.0047,435.4601,190.0,456.0,834.3025,34.22019999999998,90.21309999999994,1.1367999999999938
319,319,319.0,319.0,,,,,,,,,,,,,,,,,,,,,,,,,,,0.9,211.417,230.9329,247.9528,262.1712,273.5977,282.5197,289.4234,294.8995,299.5579,303.9656,308.6133,313.9085,320.1908,327.7609,336.9195,348.0127,361.485,377.944,398.2492,423.6469,473.0,373.0,868.5227,55.99289999999996,55.99289999999996,1.1367999999999938
320,320,320.0,320.0,,,,,,,,,,,,,,,,,,,,,,,,,,,0.0,273.0,273.0,273.0,273.0,273.0,273.0,273.0,273.0,273.0,273.0,273.0,273.0,273.0,273.0,273.0,273.0,273.0,273.0,273.0,273.0,473.0,400.0,0.0,367.1639,945.3103,1.0948000000000206
321,321,321.0,321.0,,,,,,,,,,,,,,,,,,,,,,,,,,,0.1,428.5449,392.4448,362.9676,339.1369,320.2884,305.8384,295.193,287.749,282.9409,280.3014,279.5117,280.4284,283.0839,287.662,294.4524,303.7951,316.0269,331.4496,350.3395,373.0184,318.0,471.0,367.1639,142.6737,578.1464,1.0948000000000206
322,322,322.0,322.0,,,,,,,,,,,,,,,,,,,,,,,,,,,0.2,315.2221,313.0635,311.0374,308.8288,306.3198,303.5795,300.8274,298.3832,296.6171,295.9124,296.6437,299.1711,303.8452,311.0154,321.0409,334.3045,351.2389,372.382,398.4852,430.7128,212.0,473.0,509.8376,56.90569999999997,435.4727,1.0948000000000206
323,323,323.0,323.0,,,,,,,,,,,,,,,,,,,,,,,,,,,0.3,228.2224,242.9847,255.8804,266.6978,275.4438,282.328,287.7168,292.0764,295.9162,299.7443,304.0394,309.2386,315.74,323.917,334.1434,346.8282,362.4668,381.7144,405.4988,435.2054,473.0,473.0,566.7433,66.32900000000006,378.567,1.0948000000000206
324,324,324.0,324.0,,,,,,,,,,,,,,,,,,,,,,,,,,,0.4,428.9657,393.4896,365.0131,342.6856,325.9068,314.0948,306.6076,302.7618,301.8957,303.4386,306.9604,312.1946,319.0397,327.5473,337.9111,350.4652,365.7017,384.3176,407.3065,436.1251,174.0,471.0,633.0723,37.289499999999975,312.23799999999994,1.0948000000000206
325,325,325.0,325.0,,,,,,,,,,,,,,,,,,,,,,,,,,,0.5,201.243,226.0274,247.4092,264.8926,278.464,288.5262,295.7693,301.025,305.1385,308.8782,312.8904,317.6923,323.6961,331.25,340.6901,352.3959,366.8532,384.7293,406.9799,435.016,381.0,272.0,670.3618,37.752200000000016,274.9485,1.0948000000000206
326,326,326.0,326.0,,,,,,,,,,,,,,,,,,,,,,,,,,,0.6,358.7839,340.2999,325.4463,314.1464,306.2238,301.3545,299.0822,298.8688,300.1524,302.3893,305.072,307.7247,309.8895,311.1184,310.9837,309.1137,305.2508,299.3183,291.4779,282.1528,242.0,471.0,708.114,81.23209999999995,237.19629999999995,1.0948000000000206
327,327,327.0,327.0,,,,,,,,,,,,,,,,,,,,,,,,,,,0.7,253.3232,263.6252,272.5452,279.8864,285.6349,289.9417,293.0815,295.4034,297.2923,299.1495,301.3937,304.4767,308.9024,315.236,324.0982,336.1437,352.0419,372.4876,398.2799,430.5207,382.0,473.0,789.3461,52.9538,155.9642,1.0948000000000206
328,328,328.0,328.0,,,,,,,,,,,,,,,,,,,,,,,,,,,0.8,360.6236,342.8449,328.3954,317.0929,308.739,303.078,299.8032,298.5943,299.1635,301.296,304.8756,309.8934,316.4442,324.7186,334.9976,347.6583,363.1994,382.2949,405.8954,435.4047,172.0,456.0,842.2999,38.59500000000003,103.0104,1.0948000000000206
329,329,329.0,329.0,,,,,,,,,,,,,,,,,,,,,,,,,,,0.9,196.9958,219.8084,239.7097,256.3161,269.6185,279.9362,287.8214,293.9475,299.0089,303.6481,308.4171,313.7692,320.075,327.6549,336.8204,347.9227,361.4079,377.8835,398.2078,423.626,473.0,402.0,880.8949,64.41539999999998,64.41539999999998,1.0948000000000206
330,330,330.0,330.0,,,,,,,,,,,,,,,,,,,,,,,,,,,0.0,273.0,273.0,273.0,273.0,273.0,273.0,273.0,273.0,273.0,273.0,273.0,273.0,273.0,273.0,273.0,273.0,273.0,273.0,273.0,273.0,473.0,400.0,0.0,367.1639,913.8436,3.368600000000015
331,331,331.0,331.0,,,,,,,,,,,,,,,,,,,,,,,,,,,0.1,428.5449,392.4448,362.9676,339.1369,320.2884,305.8384,295.193,287.749,282.9409,280.3014,279.5117,280.4284,283.0839,287.662,294.4524,303.7951,316.0269,331.4496,350.3395,373.0184,319.0,472.0,367.1639,142.75990000000002,546.6797,3.368600000000015
332,332,332.0,332.0,,,,,,,,,,,,,,,,,,,,,,,,,,,0.2,316.0085,313.6681,311.4905,309.1592,306.5539,303.7407,300.9359,298.4556,296.6672,295.9517,296.6823,299.2192,303.9134,311.1162,321.1891,334.5179,351.5387,372.7938,399.0415,431.4579,213.0,471.0,509.9238,55.806299999999965,403.9198,3.368600000000015
333,333,333.0,333.0,,,,,,,,,,,,,,,,,,,,,,,,,,,0.3,229.0655,243.6841,256.4517,267.1579,275.8099,282.6164,287.9425,292.252,296.0513,299.8449,304.1065,309.2674,315.7188,323.8262,333.9546,346.5042,361.9609,380.9694,404.4435,433.7458,471.0,472.0,565.7301,65.40139999999997,348.11350000000004,3.368600000000015
334,334,334.0,334.0,,,,,,,,,,,,,,,,,,,,,,,,,,,0.4,427.5063,392.4389,364.2807,342.2011,325.6102,313.9332,306.5351,302.7396,301.8925,303.4302,306.9284,312.1254,318.9228,327.3745,337.675,350.1575,365.3118,383.8298,406.6961,435.3524,171.0,473.0,631.1315,38.03510000000006,282.7121000000001,3.368600000000015
335,335,335.0,335.0,,,,,,,,,,,,,,,,,,,,,,,,,,,0.5,198.76,224.0255,245.8366,263.6872,277.5607,287.8622,295.2884,300.6801,304.8926,308.7049,312.7736,317.6267,323.6869,331.3134,340.8526,352.6948,367.336,385.4547,408.0206,436.4677,386.0,271.0,669.1666,39.39009999999996,244.677,3.368600000000015
336,336,336.0,336.0,,,,,,,,,,,,,,,,,,,,,,,,,,,0.6,362.5525,343.0598,327.3843,315.4301,307.0066,301.7742,299.2568,298.8935,300.0986,302.306,304.9884,307.6531,309.8286,311.0554,310.896,308.9705,305.0149,298.9489,290.9338,281.3961,252.0,473.0,708.5567,80.17340000000002,205.2869000000001,3.368600000000015
337,337,337.0,337.0,,,,,,,,,,,,,,,,,,,,,,,,,,,0.7,261.4684,270.1083,277.5835,283.7069,288.4603,291.9786,294.5119,296.3812,297.9431,299.5735,301.6703,304.67,309.0665,315.4202,324.3505,336.5139,352.5839,373.2613,399.3564,431.9919,360.0,473.0,788.7301,48.11779999999999,125.11350000000004,3.368600000000015
338,338,338.0,338.0,,,,,,,,,,,,,,,,,,,,,,,,,,,0.8,343.8573,330.3919,319.4704,310.9893,304.8153,300.7645,298.6162,298.1453,299.1596,301.5318,305.218,310.2635,316.8006,325.0423,335.2812,347.8991,363.3955,382.4443,405.9959,435.4551,220.0,458.0,836.8479,29.607399999999984,76.99570000000006,3.368600000000015
339,339,339.0,339.0,,,,,,,,,,,,,,,,,,,,,,,,,,,0.9,235.2846,249.2036,261.3635,271.5715,279.8568,286.4475,291.7172,296.1184,300.1214,304.1688,308.6513,313.9039,320.2183,327.8683,337.1425,348.3854,362.0463,378.7426,399.3486,425.1335,472.0,340.0,866.4553,47.38830000000007,47.38830000000007,3.368600000000015
340,340,340.0,340.0,,,,,,,,,,,,,,,,,,,,,,,,,,,0.0,273.0,273.0,273.0,273.0,273.0,273.0,273.0,273.0,273.0,273.0,273.0,273.0,273.0,273.0,273.0,273.0,273.0,273.0,273.0,273.0,473.0,399.0,0.0,367.4363,922.7464,3.2531000000000176
341,341,341.0,341.0,,,,,,,,,,,,,,,,,,,,,,,,,,,0.1,428.5449,392.4448,362.9674,339.1366,320.2878,305.8372,295.1906,287.7444,282.9323,280.2862,279.4854,280.3847,283.0141,287.5541,294.2914,303.5627,315.7015,331.0064,349.7496,372.2467,320.0,472.0,367.4363,143.6678,555.3100999999999,3.2531000000000176
342,342,342.0,342.0,,,,,,,,,,,,,,,,,,,,,,,,,,,0.2,316.7937,314.2702,311.9396,309.4833,306.7784,303.8876,301.0232,298.4975,296.674,295.9307,296.6386,299.1568,303.8361,311.0283,321.0959,334.4258,351.4546,372.7244,398.9923,431.4325,205.0,472.0,511.1041,58.0462,411.6423,3.2531000000000176
343,343,343.0,343.0,,,,,,,,,,,,,,,,,,,,,,,,,,,0.3,222.6241,238.6656,252.675,264.4166,273.8931,281.3267,287.1083,291.7337,295.7427,299.6704,304.017,309.2345,315.7303,323.882,334.0634,346.6818,362.2288,381.3545,404.9804,434.4805,472.0,473.0,569.1503,68.67319999999995,353.5961,3.2531000000000176
344,344,344.0,344.0,,,,,,,,,,,,,,,,,,,,,,,,,,,0.4,428.0259,392.5576,364.0757,341.7557,325.0114,313.264,305.8667,302.126,301.3694,303.016,306.6286,311.9374,318.8404,327.3913,337.7872,350.366,365.6233,384.2587,407.2669,436.1052,171.0,471.0,637.8235,37.2047,284.9229,3.2531000000000176
345,345,345.0,345.0,,,,,,,,,,,,,,,,,,,,,,,,,,,0.5,198.7095,223.927,245.6946,263.5083,277.353,287.6351,295.0517,300.4435,304.6642,308.4896,312.5716,317.4317,323.4847,331.0808,340.557,352.2938,366.7776,384.6765,406.9467,435.0001,386.0,272.0,675.0282,40.17870000000005,247.7182,3.2531000000000176
346,346,346.0,346.0,,,,,,,,,,,,,,,,,,,,,,,,,,,0.6,362.529,343.0132,327.3155,315.3407,306.8988,301.6504,299.1195,298.7455,299.9426,302.1453,304.8274,307.499,309.6922,310.9524,310.8484,309.0068,305.1692,299.2595,291.4398,282.1341,251.0,473.0,715.2069,80.48689999999999,207.5395,3.2531000000000176
347,347,347.0,347.0,,,,,,,,,,,,,,,,,,,,,,,,,,,0.7,260.6532,269.457,277.0723,283.3109,288.1556,291.7438,294.3292,296.237,297.828,299.4817,301.5986,304.617,309.0314,315.4019,324.3469,336.5216,352.5984,373.2776,399.3701,431.9996,360.0,471.0,795.6938,48.32749999999999,127.05259999999998,3.2531000000000176
348,348,348.0,348.0,,,,,,,,,,,,,,,,,,,,,,,,,,,0.8,343.8185,330.3174,319.3662,310.8636,304.6769,300.622,298.4765,298.0123,299.0343,301.4112,305.0948,310.1259,316.6313,324.8182,334.9729,347.47,362.801,381.63,404.8932,433.9716,218.0,456.0,844.0213,30.1676,78.7251,3.2531000000000176
349,349,349.0,349.0,,,,,,,,,,,,,,,,,,,,,,,,,,,0.9,233.6538,247.9074,260.3579,270.8073,279.2839,286.0187,291.3905,295.8577,299.8968,303.9553,308.4274,313.6498,319.9149,327.4949,336.676,347.7985,361.3051,377.8036,398.1529,423.5981,473.0,363.0,874.1889,48.557500000000005,48.557500000000005,3.2531000000000176
350,350,350.0,350.0,,,,,,,,,,,,,,,,,,,,,,,,,,,0.0,273.0,273.0,273.0,273.0,273.0,273.0,273.0,273.0,273.0,273.0,273.0,273.0,273.0,273.0,273.0,273.0,273.0,273.0,273.0,273.0,431.0,472.0,0.0,350.1053,851.4335,5.2900000000000205
351,351,351.0,351.0,,,,,,,,,,,,,,,,,,,,,,,,,,,0.1,396.7984,368.4547,345.0396,326.0017,310.9227,299.3926,290.9741,285.2271,281.7628,280.3065,280.7465,283.1624,287.8243,295.164,305.7223,320.0859,338.837,362.5508,391.8828,427.7962,322.0,473.0,350.1053,91.75310000000002,501.3282,5.2900000000000205
352,352,352.0,352.0,,,,,,,,,,,,,,,,,,,,,,,,,,,0.2,317.2485,313.3731,309.9921,306.8631,303.8986,301.1571,298.8152,297.1272,296.3854,296.8875,298.9161,302.7315,308.5752,316.683,327.3072,340.7483,357.4028,377.836,402.8971,433.9086,250.0,473.0,441.8584,39.78449999999998,409.5751,5.2900000000000205
353,353,353.0,353.0,,,,,,,,,,,,,,,,,,,,,,,,,,,0.3,258.7304,266.7331,273.7817,279.7646,284.7034,288.747,292.1466,295.2206,298.3193,301.7964,305.9913,311.2233,317.7962,326.0135,336.2023,348.7473,364.1396,383.0461,406.4187,435.6724,473.0,386.0,481.6429,45.22830000000005,369.7906,5.2900000000000205
354,354,354.0,354.0,,,,,,,,,,,,,,,,,,,,,,,,,,,0.4,430.0887,395.6717,368.0982,346.4347,330.0299,318.29,310.5912,306.2797,304.7111,305.2968,307.5367,311.033,315.4892,320.7047,326.574,333.0971,340.4006,348.7663,358.6604,370.7632,174.0,471.0,526.8712,53.23269999999991,324.56229999999994,5.2900000000000205
355,355,355.0,355.0,,,,,,,,,,,,,,,,,,,,,,,,,,,0.5,201.6062,226.713,248.3395,265.9582,279.5286,289.4301,296.334,301.0604,304.4551,307.306,310.3046,314.0438,319.0408,325.7713,334.7036,346.3306,361.2058,379.9979,403.5889,433.2555,363.0,274.0,580.1039,43.594600000000014,271.3296,5.2900000000000205
356,356,356.0,356.0,,,,,,,,,,,,,,,,,,,,,,,,,,,0.6,344.7821,329.5573,317.3477,308.1461,301.8251,298.1108,296.6058,296.8415,298.3317,300.6097,303.2407,305.8147,307.9304,309.1858,309.1893,307.5947,304.1587,298.8079,291.6941,283.2176,308.0,472.0,623.6985,85.14380000000006,227.735,5.2900000000000205
357,357,357.0,357.0,,,,,,,,,,,,,,,,,,,,,,,,,,,0.7,305.3216,303.2966,301.7247,300.4669,299.4497,298.6594,298.132,297.9435,298.2072,299.0816,300.787,303.6251,307.9944,314.3916,323.3943,335.6323,351.7614,372.4695,398.5552,431.128,252.0,472.0,708.8423,46.40689999999995,142.59119999999996,5.2900000000000205
358,358,358.0,358.0,,,,,,,,,,,,,,,,,,,,,,,,,,,0.8,259.8375,267.051,273.4683,279.0059,283.6841,287.6247,291.0338,294.1774,297.3565,300.8875,305.0892,310.2784,316.772,324.8971,335.0072,347.5095,362.907,381.8647,405.3169,434.6463,471.0,415.0,755.2492,48.58260000000007,96.1843,5.2900000000000205
359,359,359.0,359.0,,,,,,,,,,,,,,,,,,,,,,,,,,,0.9,428.5135,394.3886,367.0203,345.5019,329.2005,317.5377,309.9066,305.6728,304.2173,304.985,307.521,311.4863,316.6588,322.9274,330.2891,338.8555,348.8705,360.7411,375.0782,392.7554,171.0,473.0,803.8318,47.60169999999994,47.60169999999994,5.2900000000000205
360,360,360.0,,,,,,,,,,,,,,,,,,,,,,,,,,,,0.0,273.0,273.0,273.0,273.0,273.0,273.0,273.0,273.0,273.0,273.0,273.0,273.0,273.0,273.0,273.0,273.0,273.0,273.0,273.0,273.0,472.0,471.0,0.0,352.0918,836.9536,3.6720000000000255
361,361,361.0,,,,,,,,,,,,,,,,,,,,,,,,,,,,0.1,427.7969,391.8848,362.5556,338.8477,320.1088,305.7697,295.2585,288.0058,283.4981,281.3448,281.3342,283.4643,287.9432,295.1577,305.6175,319.8887,338.5395,362.1349,391.3208,427.0473,347.0,471.0,352.0918,97.2174,484.8618000000001,3.6720000000000255
362,362,362.0,,,,,,,,,,,,,,,,,,,,,,,,,,,,0.2,337.9686,330.5669,324.244,318.6317,313.5501,308.9929,305.092,302.0712,300.2005,299.7582,301.0074,304.1867,309.5139,317.1995,327.4698,340.6001,356.9623,377.0969,401.8255,432.4349,171.0,473.0,449.3092,49.86920000000004,387.6444000000001,3.6720000000000255
363,363,363.0,,,,,,,,,,,,,,,,,,,,,,,,,,,,0.3,196.0962,219.0126,239.0219,255.7288,269.1024,279.4365,287.2637,293.2534,298.1169,302.5376,307.1295,312.4236,318.8763,326.8936,336.8663,349.2148,364.4468,383.233,406.5211,435.7165,472.0,473.0,499.1784,73.58270000000005,337.77520000000004,3.6720000000000255
364,364,364.0,,,,,,,,,,,,,,,,,,,,,,,,,,,,0.4,427.3875,391.3456,362.4315,339.8805,323.1321,311.5939,304.572,301.307,301.0563,303.1782,307.1909,312.7987,319.89,328.5223,338.9044,351.3908,366.4957,384.9371,407.7267,436.3358,171.0,472.0,572.7611,35.81409999999994,264.1925,3.6720000000000255
365,365,365.0,,,,,,,,,,,,,,,,,,,,,,,,,,,,0.5,198.5602,223.6449,245.3099,263.0599,276.8838,287.1874,294.6634,300.1449,304.4759,308.4223,312.6259,317.5998,323.7533,331.4341,340.9802,352.7766,367.317,385.28,407.6348,435.8115,368.0,321.0,608.5752,37.39499999999998,228.37840000000008,3.6720000000000255
366,366,366.0,,,,,,,,,,,,,,,,,,,,,,,,,,,,0.6,348.4833,332.183,319.1154,309.2771,302.5437,298.6368,297.1481,297.5951,299.4819,302.3452,305.7758,309.4191,312.9639,316.1343,318.695,320.4749,321.4055,321.5661,321.2191,320.8207,323.0,455.0,645.9702,53.59050000000002,190.98340000000007,3.6720000000000255
367,367,367.0,,,,,,,,,,,,,,,,,,,,,,,,,,,,0.7,317.3494,312.8117,309.1679,306.2638,304.006,302.3533,301.3049,300.8905,301.1665,302.221,304.1863,307.2559,311.6987,317.8652,326.1834,337.1453,351.2974,369.2526,391.7521,419.8113,230.0,473.0,699.5607,40.95169999999996,137.39290000000005,3.6720000000000255
368,368,368.0,,,,,,,,,,,,,,,,,,,,,,,,,,,,0.8,242.8181,254.5204,264.8082,273.5297,280.7001,286.4894,291.1881,295.1641,298.821,302.5667,306.7963,311.8873,318.2053,326.118,336.0148,348.3342,363.6048,382.5097,405.9924,435.4386,472.0,473.0,740.5124,56.9054000000001,96.4412000000001,3.6720000000000255
369,369,369.0,,,,,,,,,,,,,,,,,,,,,,,,,,,,0.9,428.8669,394.2005,366.4207,344.6468,328.2585,316.672,309.2614,305.3716,304.3745,305.7305,309.0344,314.0376,320.649,328.9261,339.0655,351.4028,366.4314,384.8494,407.6513,436.2936,173.0,473.0,797.4178,39.5358,39.5358,3.6720000000000255
370,370,370.0,,,,,,,,,,,,,,,,,,,,,,,,,,,,0.0,273.0,273.0,273.0,273.0,273.0,273.0,273.0,273.0,273.0,273.0,273.0,273.0,273.0,273.0,273.0,273.0,273.0,273.0,273.0,273.0,473.0,471.0,0.0,352.188,841.8874,5.307999999999993
371,371,371.0,,,,,,,,,,,,,,,,,,,,,,,,,,,,0.1,428.5462,392.4484,362.9761,339.1559,320.3294,305.923,295.3617,288.0728,283.5402,281.3703,281.349,283.4727,287.9477,295.16,305.6187,319.8893,338.5398,362.135,391.3209,427.0473,350.0,473.0,352.188,98.0057,489.6994,5.307999999999993
372,372,372.0,,,,,,,,,,,,,,,,,,,,,,,,,,,,0.2,340.3326,332.4044,325.6494,319.6875,314.3289,309.5575,305.4956,302.3581,300.4071,299.915,301.1409,304.3217,309.6757,317.4159,327.773,341.0274,357.558,377.9144,402.9319,433.9209,173.0,473.0,450.1937,48.262400000000014,391.6937,5.307999999999993
373,373,373.0,,,,,,,,,,,,,,,,,,,,,,,,,,,,0.3,197.8342,220.5037,240.2855,256.7874,269.9804,280.1593,287.8566,293.7405,298.521,302.8791,307.4259,312.6888,319.1199,327.1206,337.077,349.4059,364.6117,383.3645,406.6124,435.7631,473.0,473.0,498.4561,71.74090000000001,343.4313,5.307999999999993
374,374,374.0,,,,,,,,,,,,,,,,,,,,,,,,,,,,0.4,428.2345,392.1004,363.1254,340.527,323.734,312.149,305.0768,301.759,301.4549,303.525,307.4891,313.0524,320.1037,328.7,339.0499,351.5071,366.5853,385.0019,407.7687,436.3563,173.0,473.0,570.197,35.94150000000002,271.69039999999995,5.307999999999993
375,375,375.0,,,,,,,,,,,,,,,,,,,,,,,,,,,,0.5,200.256,225.0583,246.4715,264.0057,277.6511,287.8113,295.1747,300.5689,304.8332,308.729,312.8957,317.8453,323.9872,331.6706,341.2361,353.0719,367.6755,385.7306,408.2136,436.5663,401.0,349.0,606.1385,34.92829999999992,235.7489,5.307999999999993
376,376,376.0,,,,,,,,,,,,,,,,,,,,,,,,,,,,0.6,374.1916,352.0092,334.1579,320.455,310.6584,304.3932,301.1577,300.3766,301.4688,303.9031,307.2282,311.0789,315.1667,319.2696,323.2308,326.9735,330.5293,334.0726,337.9493,342.6896,233.0,472.0,641.0668,45.03360000000009,200.8206,5.307999999999993
377,377,377.0,,,,,,,,,,,,,,,,,,,,,,,,,,,,0.7,246.777,259.3008,270.1355,279.0528,286.0543,291.3464,295.2846,298.3073,300.8795,303.4568,306.4742,310.3546,315.5274,322.448,331.6107,343.5569,358.8864,378.2945,402.6614,433.2388,473.0,378.0,686.1004,47.24389999999994,155.78699999999992,5.307999999999993
378,378,378.0,,,,,,,,,,,,,,,,,,,,,,,,,,,,0.8,430.0439,395.5966,368.0184,346.3774,330.0121,318.308,310.6155,306.2561,304.5673,304.9524,306.9132,310.0604,314.1083,318.864,324.2224,330.1732,336.8204,344.4098,353.3581,364.2775,171.0,471.0,733.3443,57.41550000000007,108.54309999999998,5.307999999999993
379,379,379.0,,,,,,,,,,,,,,,,,,,,,,,,,,,,0.9,199.1537,224.764,246.827,264.8002,278.6368,288.7174,295.7204,300.4762,303.8432,306.6239,309.5255,313.1585,318.0592,324.7224,333.6342,345.3009,360.2827,379.2455,403.0598,432.9839,446.0,272.0,790.7598,51.12759999999992,51.12759999999992,5.307999999999993
380,380,380.0,,,,,,,,,,,,,,,,,,,,,,,,,,,,0.0,273.0,273.0,273.0,273.0,273.0,273.0,273.0,273.0,273.0,273.0,273.0,273.0,273.0,273.0,273.0,273.0,273.0,273.0,273.0,273.0,473.0,472.0,0.0,352.038,808.858,-40.0
381,381,381.0,,,,,,,,,,,,,,,,,,,,,,,,,,,,0.1,428.5462,392.4485,362.9762,339.1562,320.3299,305.9242,295.364,288.0773,283.5485,281.3851,281.3745,283.5147,288.0148,295.2632,305.7721,320.11,338.8482,362.5558,391.8849,427.797,352.0,473.0,352.038,97.7908,456.82,-7.075800000000015
382,382,382.0,,,,,,,,,,,,,,,,,,,,,,,,,,,,0.2,341.8902,333.5956,326.5409,320.3393,314.7944,309.8835,305.7216,302.5165,300.5232,300.0077,301.2235,304.4027,309.7593,317.503,327.8613,341.1128,357.6351,377.9777,402.9767,433.944,172.0,473.0,449.8288,48.1354,359.02919999999995,-3.1164999999999736
383,383,383.0,,,,,,,,,,,,,,,,,,,,,,,,,,,,0.3,197.0898,219.9939,239.9767,256.6392,269.9508,280.2094,287.9539,293.8601,298.6456,302.9979,307.5333,312.7826,319.2,327.1878,337.1324,349.4505,364.6464,383.3898,406.6289,435.7712,473.0,471.0,497.9642,71.37670000000003,310.89379999999994,-32.79059999999998
384,384,384.0,,,,,,,,,,,,,,,,,,,,,,,,,,,,0.4,428.2248,392.0826,363.1025,340.5033,323.7139,312.1359,305.0723,301.7622,301.462,303.5291,307.4802,313.0166,320.0228,328.5509,338.8035,351.1278,366.0295,384.2162,406.6848,434.8822,171.0,471.0,569.3409,36.01329999999996,239.5170999999999,-0.8641000000000076
385,385,385.0,,,,,,,,,,,,,,,,,,,,,,,,,,,,0.5,198.6304,223.7793,245.4977,263.2873,277.1356,287.4482,294.9189,300.3817,304.6823,308.5875,312.7405,317.6556,323.743,331.3511,340.8181,352.5282,366.9726,384.8249,407.0453,435.0489,405.0,353.0,605.3542,36.40330000000006,203.5038,-25.55180000000001
386,386,386.0,,,,,,,,,,,,,,,,,,,,,,,,,,,,0.6,377.2064,354.2319,335.7398,321.5254,311.332,304.7711,301.3262,300.4064,301.4162,303.8128,307.1386,311.0281,315.1985,319.4386,323.6069,327.6439,331.5988,335.6617,340.1918,345.7312,226.0,471.0,641.7575,44.86169999999993,167.1004999999999,-8.22890000000001
387,387,387.0,,,,,,,,,,,,,,,,,,,,,,,,,,,,0.7,241.2453,255.0932,267.0668,276.9173,284.6465,290.4785,294.7978,298.0774,300.8159,303.498,306.5805,310.4994,315.6898,322.6063,331.7379,343.6187,358.8415,378.096,402.2581,432.5733,438.0,472.0,686.6192,48.627200000000016,122.23879999999996,-22.521500000000003
388,388,388.0,,,,,,,,,,,,,,,,,,,,,,,,,,,,0.8,403.4915,375.3805,352.7317,334.9926,321.7218,312.4561,306.6774,303.8423,303.4403,305.0495,308.3749,313.264,319.7047,327.8138,337.8281,350.1047,365.1409,383.6231,406.5207,435.2538,173.0,473.0,735.2464,35.65549999999996,73.61159999999995,-0.5439000000000078
389,389,389.0,,,,,,,,,,,,,,,,,,,,,,,,,,,,0.9,199.722,224.0712,245.1713,262.5593,276.2181,286.5177,294.0982,299.7363,304.2284,308.3069,312.5979,317.615,323.7796,331.4585,341.011,352.8404,367.4549,385.5418,408.0763,436.4945,409.0,357.0,770.9019,37.95609999999999,37.95609999999999,-26.48230000000001
390,390,390.0,,,,,,,,,,,,,,,,,,,,,,,,,,,,0.0,273.0,273.0,273.0,273.0,273.0,273.0,273.0,273.0,273.0,273.0,273.0,273.0,273.0,273.0,273.0,273.0,273.0,273.0,273.0,273.0,472.0,473.0,0.0,351.7936,816.0032,6.278999999999996
391,391,391.0,,,,,,,,,,,,,,,,,,,,,,,,,,,,0.1,427.797,391.8849,362.5558,338.8482,320.11,305.7721,295.2632,288.0148,283.5147,281.3745,281.3851,283.5485,288.0773,295.364,305.9242,320.3299,339.1562,362.9762,392.4485,428.5462,350.0,471.0,351.7936,96.587,464.2096,6.278999999999996
392,392,392.0,,,,,,,,,,,,,,,,,,,,,,,,,,,,0.2,340.3077,332.3573,325.5855,319.6139,314.2537,309.4888,305.4403,302.3213,300.3913,299.9189,301.1584,304.3408,309.677,317.3714,327.6454,340.7705,357.1165,377.2236,401.9152,432.4811,174.0,471.0,448.3806,47.93360000000001,367.6226,6.278999999999996
393,393,393.0,,,,,,,,,,,,,,,,,,,,,,,,,,,,0.3,198.6403,221.1302,240.7531,257.1211,270.2059,280.3004,287.9331,293.767,298.5062,302.8257,307.3312,312.5448,318.9138,326.8348,336.6895,348.889,363.9311,382.4756,405.4552,434.251,472.0,473.0,496.3142,71.44629999999995,319.689,6.278999999999996
394,394,394.0,,,,,,,,,,,,,,,,,,,,,,,,,,,,0.4,427.5095,391.5832,362.7686,340.2918,323.5864,312.0586,305.0172,301.7085,301.397,303.4482,307.3872,312.9234,319.9501,328.5281,338.8691,351.3295,366.4237,384.869,407.6746,436.3078,173.0,472.0,567.7605,35.74090000000001,248.2427,6.278999999999996
395,395,395.0,,,,,,,,,,,,,,,,,,,,,,,,,,,,0.5,200.2294,225.0079,246.4018,263.9223,277.5593,287.7155,295.0776,300.4717,304.7351,308.6279,312.7878,317.7253,323.848,331.5029,341.0279,352.8078,367.336,385.2906,407.6401,435.8136,368.0,325.0,603.5014,35.7174,212.5018,6.278999999999996
396,396,396.0,,,,,,,,,,,,,,,,,,,,,,,,,,,,0.6,348.5691,332.3479,319.3464,309.5564,302.8514,298.9542,297.4601,297.8924,299.7626,302.6159,306.0524,309.7278,313.3431,316.6358,319.3857,321.437,322.7364,323.3763,323.6293,323.959,320.0,473.0,639.2188,52.62760000000003,176.7844,6.278999999999996
397,397,397.0,,,,,,,,,,,,,,,,,,,,,,,,,,,,0.7,315.0205,311.0584,307.9001,305.3971,303.4641,302.0715,301.234,301.0006,301.4508,302.7,304.9127,308.3193,313.2314,320.0474,329.2473,341.3804,357.0582,376.9772,402.0029,433.3602,255.0,473.0,691.8464,32.56700000000001,124.15679999999998,6.278999999999996
398,398,398.0,,,,,,,,,,,,,,,,,,,,,,,,,,,,0.8,262.8552,270.1097,276.5691,282.1358,286.8252,290.7618,294.1578,297.2856,300.4495,303.9637,308.1397,313.2823,319.6955,327.6942,337.6247,349.8941,365.0137,383.6657,406.8095,435.8595,471.0,408.0,724.4134,42.92169999999999,91.58979999999995,6.278999999999996
399,399,399.0,,,,,,,,,,,,,,,,,,,,,,,,,,,,0.9,428.8552,395.0699,368.0265,346.802,330.7489,319.279,311.78,307.6162,306.1684,306.8805,309.2934,313.0599,317.9446,323.8187,330.6583,338.5514,347.7173,358.5359,371.5852,387.6911,173.0,473.0,767.3351,48.66809999999998,48.66809999999998,6.278999999999996
400,400,400.0,,,,,,,,,,,,,,,,,,,,,,,,,,,,0.0,273.0,273.0,273.0,273.0,273.0,273.0,273.0,273.0,273.0,273.0,273.0,273.0,273.0,273.0,273.0,273.0,273.0,273.0,273.0,273.0,471.0,473.0,0.0,351.6998,803.147,2.1875
401,401,401.0,,,,,,,,,,,,,,,,,,,,,,,,,,,,0.1,427.0473,391.3209,362.135,338.5398,319.8893,305.6187,295.16,287.9477,283.4727,281.349,281.3703,283.5402,288.0728,295.3617,305.923,320.3294,339.1559,362.9761,392.4484,428.5462,355.0,473.0,351.6998,97.4235,451.44720000000007,2.1875
402,402,402.0,,,,,,,,,,,,,,,,,,,,,,,,,,,,0.2,344.1713,335.2778,327.734,321.1451,315.3062,310.1833,305.8787,302.5862,300.5473,300.0153,301.2334,304.4251,309.798,317.557,327.9263,341.1823,357.7019,378.0346,403.0178,433.9654,174.0,473.0,449.1233,47.18180000000001,354.0237000000001,2.1875
403,403,403.0,,,,,,,,,,,,,,,,,,,,,,,,,,,,0.3,198.7984,221.4284,241.1598,257.5974,270.7129,280.8046,288.4105,294.2043,298.901,303.1851,307.6694,312.8814,319.2724,327.2415,337.173,349.4814,364.6697,383.4067,406.6398,435.7766,472.0,448.0,496.3051,66.24770000000007,306.84190000000007,2.1875
404,404,404.0,,,,,,,,,,,,,,,,,,,,,,,,,,,,0.4,427.5576,391.679,362.9092,340.4713,323.7953,312.2831,305.2377,301.8967,301.5108,303.4239,307.1288,312.2907,318.7444,326.4793,335.6242,346.4421,359.3427,374.9165,393.9989,417.7802,171.0,471.0,562.5528,38.09349999999995,240.5942,2.1875
405,405,405.0,,,,,,,,,,,,,,,,,,,,,,,,,,,,0.5,198.6132,223.7429,245.4371,263.1937,276.9947,287.2394,294.6147,299.9493,304.086,307.794,311.7252,316.4106,322.2851,329.7274,339.1077,350.8377,365.4248,383.5425,406.1327,434.5769,419.0,361.0,600.6463,39.1182,202.50070000000005,2.1875
406,406,406.0,,,,,,,,,,,,,,,,,,,,,,,,,,,,0.6,387.928,362.3606,341.7782,325.8754,314.3344,306.7212,302.4782,300.975,301.5798,303.7206,306.9204,310.8058,315.0979,319.5999,324.1917,328.8401,333.6216,338.7525,344.6165,351.7811,196.0,471.0,639.7645,47.90520000000004,163.38250000000005,2.1875
407,407,407.0,,,,,,,,,,,,,,,,,,,,,,,,,,,,0.7,217.4388,236.9219,253.7749,267.6418,278.5114,286.674,292.633,297.0046,300.4317,303.5262,306.8466,310.9014,316.1709,323.132,332.2807,344.1486,359.3245,378.496,402.5433,432.721,473.0,442.0,687.6697,57.40519999999992,115.4773,2.1875
408,408,408.0,,,,,,,,,,,,,,,,,,,,,,,,,,,,0.8,429.116,393.8069,365.5203,343.3995,326.8256,315.1875,307.8087,303.9704,302.9784,304.2321,307.2723,311.8,317.6715,324.8834,333.5576,343.9368,356.3971,371.4811,389.9588,412.9298,212.0,472.0,745.0749,37.67630000000008,58.07210000000009,2.1875
409,409,409.0,,,,,,,,,,,,,,,,,,,,,,,,,,,,0.9,232.0604,250.2454,265.836,278.4587,288.1158,295.1364,300.08,303.6231,306.4592,309.2281,312.4813,316.6792,322.2122,329.4351,338.7071,350.4352,365.1232,383.4385,406.3149,435.1265,353.0,330.0,782.7512,20.39580000000001,20.39580000000001,2.1875
410,410,410.0,,,,,,,,,,,,,,,,,,,,,,,,,,,,0.0,273.0,273.0,273.0,273.0,273.0,273.0,273.0,273.0,273.0,273.0,273.0,273.0,273.0,273.0,273.0,273.0,273.0,273.0,273.0,273.0,473.0,472.0,0.0,352.038,802.6352,1.8906000000000065
411,411,411.0,,,,,,,,,,,,,,,,,,,,,,,,,,,,0.1,428.5462,392.4485,362.9762,339.1562,320.3299,305.9242,295.364,288.0773,283.5485,281.3851,281.3745,283.5147,288.0148,295.2632,305.7721,320.11,338.8482,362.5558,391.8849,427.797,353.0,472.0,352.038,97.9142,450.5972,1.8906000000000065
412,412,412.0,,,,,,,,,,,,,,,,,,,,,,,,,,,,0.2,342.6682,334.1898,326.9845,320.6619,315.0222,310.0391,305.8235,302.5792,300.557,300.019,301.2145,304.3719,309.7016,317.4092,327.7187,340.9047,357.3407,377.5711,402.4247,433.2016,172.0,472.0,449.9522,48.071199999999976,352.68300000000005,1.8906000000000065
413,413,413.0,,,,,,,,,,,,,,,,,,,,,,,,,,,,0.3,197.1221,220.0545,240.0586,256.7334,270.0479,280.3007,288.0317,293.9184,298.6796,303.0035,307.5068,312.72,319.0963,327.0365,336.9254,349.1766,364.2909,382.9326,406.0411,435.0105,473.0,451.0,498.0234,68.31900000000002,304.6118000000001,1.8906000000000065
414,414,414.0,,,,,,,,,,,,,,,,,,,,,,,,,,,,0.4,428.2313,392.0948,363.1186,340.5197,323.7251,312.1332,305.0424,301.684,301.3031,303.2394,306.9843,312.2048,318.7412,326.5913,335.8945,346.9262,360.1096,376.0504,395.6036,419.9895,174.0,472.0,566.3424,37.4914,236.29280000000008,1.8906000000000065
415,415,415.0,,,,,,,,,,,,,,,,,,,,,,,,,,,,0.5,201.049,225.6548,246.8851,264.2498,277.7353,287.7383,294.939,300.1568,304.2247,307.9028,311.8348,316.5448,322.4613,329.9583,339.4023,351.2028,365.868,384.0753,406.7757,435.3668,414.0,358.0,603.8338,37.19979999999998,198.8014000000001,1.8906000000000065
416,416,416.0,,,,,,,,,,,,,,,,,,,,,,,,,,,,0.6,384.1887,359.6236,339.845,324.5787,313.5267,306.2727,302.2786,300.935,301.6303,303.8095,307.0077,310.857,315.0784,319.4689,323.899,328.3232,332.8053,337.5496,342.9286,349.4988,206.0,473.0,641.0336,47.06330000000003,161.60160000000008,1.8906000000000065
417,417,417.0,,,,,,,,,,,,,,,,,,,,,,,,,,,,0.7,225.4011,243.0226,258.2591,270.7927,280.6179,288.0037,293.4143,297.4192,300.6144,303.572,306.8199,310.8474,316.1252,323.1296,332.3612,344.3602,359.7246,379.1523,403.5353,434.148,465.0,449.0,688.0969,53.98519999999996,114.53830000000004,1.8906000000000065
418,418,418.0,,,,,,,,,,,,,,,,,,,,,,,,,,,,0.8,423.3763,389.7968,362.861,341.7834,325.9852,314.8906,307.863,304.2294,303.3437,304.6518,307.7358,312.332,318.3267,325.7424,334.7247,345.5399,358.5897,374.4481,393.9295,418.204,205.0,473.0,742.0821,36.40960000000007,60.553100000000086,1.8906000000000065
419,419,419.0,,,,,,,,,,,,,,,,,,,,,,,,,,,,0.9,226.2727,245.5729,262.1589,275.6457,286.0343,293.662,299.1019,303.0475,306.2093,309.2427,312.712,317.0872,322.7643,330.101,339.4573,351.2413,365.9605,384.2908,407.1815,436.0307,399.0,335.0,778.4917,24.143500000000017,24.143500000000017,1.8906000000000065
420,420,,,,,,,,,,,,,,,,,,,,,,,,,,,,,0.0,273.0,273.0,273.0,273.0,273.0,273.0,273.0,273.0,273.0,273.0,273.0,273.0,273.0,273.0,273.0,273.0,273.0,273.0,273.0,273.0,473.0,395.0,0.0,368.5432,1145.4575,-40.0
421,421,,,,,,,,,,,,,,,,,,,,,,,,,,,,,0.1,428.5448,392.4446,362.967,339.1355,320.2855,305.8324,295.181,287.7259,282.8981,280.225,279.3801,280.2099,282.7342,287.1217,293.6462,302.6313,314.3977,329.2308,347.3869,369.1569,245.0,473.0,368.5432,146.90140000000002,776.9142999999999,-7.167599999999993
422,422,,,,,,,,,,,,,,,,,,,,,,,,,,,,,0.2,257.2377,268.1987,277.2875,284.1797,288.8572,291.5822,292.8277,293.1921,293.318,293.8334,295.3181,298.2955,303.2402,310.5931,320.7789,334.2258,351.3967,372.8487,399.3473,432.0742,279.0,473.0,515.4446,70.31779999999992,630.0129,-21.4178
423,423,,,,,,,,,,,,,,,,,,,,,,,,,,,,,0.3,279.602,280.3737,281.3489,282.5549,284.0152,285.7584,287.8306,290.3064,293.2981,296.9591,301.4824,307.0969,314.0635,322.6762,333.2703,346.2435,362.0952,381.4924,405.378,435.1532,426.0,273.0,585.7624,49.136100000000056,559.6951,-27.241600000000005
424,424,,,,,,,,,,,,,,,,,,,,,,,,,,,,,0.4,394.7089,369.0778,348.287,331.8418,319.3547,310.4286,304.6131,301.4072,300.2807,300.6962,302.1196,304.0198,305.8645,307.1244,307.2938,305.9334,302.7322,297.5742,290.5927,282.1889,194.0,473.0,634.8985,99.30669999999998,510.559,-2.571399999999983
425,425,,,,,,,,,,,,,,,,,,,,,,,,,,,,,0.5,216.1866,236.3112,253.6233,267.7117,278.5331,286.3663,291.7211,295.2354,297.5889,299.4504,301.4584,304.2305,308.3839,314.5527,323.3913,335.5633,351.7312,372.5753,398.8818,431.7514,391.0,274.0,734.2052,71.24459999999999,411.2523,-26.633699999999976
426,426,,,,,,,,,,,,,,,,,,,,,,,,,,,,,0.6,366.4756,346.0473,329.4622,316.5529,307.0972,300.7588,297.0916,295.583,295.7048,296.9512,298.8533,300.9721,302.8827,304.164,304.4074,303.2501,300.4307,295.854,289.6444,282.1671,196.0,473.0,805.4498,117.03859999999996,340.0077,-12.241199999999992
427,427,,,,,,,,,,,,,,,,,,,,,,,,,,,,,0.7,216.2227,234.5689,250.4189,263.4361,273.5931,281.1349,286.5051,290.2603,292.9999,295.3233,297.8167,301.064,305.6649,312.2489,321.4728,334.0057,350.5156,371.6855,398.3025,431.4677,351.0,471.0,922.4884,87.58100000000002,222.96910000000003,-31.865099999999984
428,428,,,,,,,,,,,,,,,,,,,,,,,,,,,,,0.8,334.7879,321.0868,309.9706,301.4789,295.5494,292.0024,290.5699,290.9511,292.8723,296.1344,300.6418,306.4098,313.5587,322.3023,332.9399,345.8614,361.5714,380.7439,404.3223,433.6934,395.0,273.0,1010.0694,37.18889999999999,135.3881,-20.997599999999977
429,429,,,,,,,,,,,,,,,,,,,,,,,,,,,,,0.9,372.568,354.1067,339.0339,326.9678,317.6221,310.7412,306.0661,303.317,302.1861,302.3318,303.3721,304.8794,306.3815,307.3749,307.3577,305.8825,302.6254,297.4566,290.4967,282.1357,192.0,473.0,1047.2583,98.19920000000002,98.19920000000002,-2.258800000000008
430,430,,,,,,,,,,,,,,,,,,,,,,,,,,,,,0.0,273.0,273.0,273.0,273.0,273.0,273.0,273.0,273.0,273.0,273.0,273.0,273.0,273.0,273.0,273.0,273.0,273.0,273.0,273.0,273.0,447.0,473.0,0.0,350.1804,959.3165,-40.0
431,431,,,,,,,,,,,,,,,,,,,,,,,,,,,,,0.1,408.9589,377.6719,351.9388,331.0632,314.5416,301.9045,292.6628,286.3256,282.456,280.7347,281.0125,283.3394,287.9643,295.3051,305.8946,320.3156,339.1495,362.9732,392.4472,428.5458,239.0,473.0,350.1804,94.0401,609.1360999999999,-11.095500000000015
432,432,,,,,,,,,,,,,,,,,,,,,,,,,,,,,0.2,251.7217,263.1421,272.7225,280.1829,285.5357,289.0599,291.2344,292.653,293.9427,295.7006,298.4567,302.6602,308.6878,316.8647,327.4985,340.9208,357.5446,377.9428,402.9678,433.9436,304.0,472.0,444.2205,58.50989999999996,515.096,-23.940099999999973
433,433,,,,,,,,,,,,,,,,,,,,,,,,,,,,,0.3,299.2364,295.34,292.3916,290.441,289.4959,289.5282,290.4919,292.3467,295.0804,298.7243,303.3614,309.1274,316.21,324.8503,335.3505,348.094,363.5814,382.4935,405.7934,434.9004,298.0,473.0,502.7304,37.712699999999984,456.5861,-23.471799999999973
434,434,,,,,,,,,,,,,,,,,,,,,,,,,,,,,0.4,295.7127,293.9997,292.8432,292.2429,292.2154,292.7928,294.0213,295.9609,298.6851,302.2838,306.8664,312.569,319.563,328.0678,338.3687,350.8428,365.9984,384.5364,407.4503,436.1961,364.0,274.0,540.4431,24.22820000000001,418.87340000000006,-20.2072
435,435,,,,,,,,,,,,,,,,,,,,,,,,,,,,,0.5,347.9136,334.5835,323.7831,315.3505,309.1274,304.9265,302.5218,301.6514,302.0238,303.3196,305.1886,307.2427,309.0535,310.1618,310.1073,308.4791,304.9832,299.5148,292.2156,283.4953,223.0,471.0,564.6713,84.98829999999998,394.6452000000001,-8.073500000000024
436,436,,,,,,,,,,,,,,,,,,,,,,,,,,,,,0.6,238.0977,251.8198,263.7279,273.5805,281.3545,287.223,291.5063,294.6149,297.0026,299.14,301.5106,304.6221,309.0229,315.3109,324.1277,336.1391,352.0182,372.4584,398.2555,430.5072,389.0,272.0,649.6596,64.4588,309.65690000000006,-25.776999999999987
437,437,,,,,,,,,,,,,,,,,,,,,,,,,,,,,0.7,365.4842,345.9185,330.0153,317.5823,308.395,302.1393,298.4112,296.748,296.6692,297.7056,299.41,301.3507,303.0985,304.2205,304.2929,302.9379,299.8818,295.0203,288.4734,280.606,190.0,473.0,714.1184,117.47950000000004,245.19810000000007,-10.860700000000008
438,438,,,,,,,,,,,,,,,,,,,,,,,,,,,,,0.8,211.469,230.9645,247.826,261.692,272.5265,280.581,286.315,290.3077,293.1828,295.5636,298.0587,301.2711,305.8172,312.3399,321.5069,333.9952,350.4771,371.6372,398.2607,431.4439,351.0,472.0,831.5979,90.36450000000002,127.71860000000004,-32.41899999999998
439,439,,,,,,,,,,,,,,,,,,,,,,,,,,,,,0.9,334.6309,320.79,309.5669,301.0111,295.0633,291.5394,290.1622,290.6189,292.6237,295.9682,300.5509,306.3854,313.5937,322.3937,333.0909,346.0815,361.8772,381.1593,404.8798,434.4385,396.0,273.0,921.9624,37.35410000000002,37.35410000000002,-21.4606
440,440,,,,,,,,,,,,,,,,,,,,,,,,,,,,,0.0,273.0,273.0,273.0,273.0,273.0,273.0,273.0,273.0,273.0,273.0,273.0,273.0,273.0,273.0,273.0,273.0,273.0,273.0,273.0,273.0,473.0,397.0,0.0,367.9863,1140.9387,-40.0
441,441,,,,,,,,,,,,,,,,,,,,,,,,,,,,,0.1,428.5449,392.4447,362.9672,339.1361,320.2867,305.8348,295.1858,287.7352,282.9152,280.2556,279.4328,280.2974,282.8742,287.338,293.969,303.0973,315.0501,330.1192,348.5689,370.7023,245.0,473.0,367.9863,145.22719999999993,772.9523999999999,-7.165200000000027
442,442,,,,,,,,,,,,,,,,,,,,,,,,,,,,,0.2,257.2396,268.203,277.2949,284.1915,288.8752,291.6087,292.8657,293.245,293.3894,293.9265,295.4352,298.4371,303.4042,310.7742,320.9682,334.4117,351.5659,372.9882,399.4461,432.1252,280.0,473.0,513.2135,69.59280000000001,627.7252,-21.3913
443,443,,,,,,,,,,,,,,,,,,,,,,,,,,,,,0.3,280.4059,281.0061,281.8359,282.9229,284.2901,285.9638,287.9868,290.4302,293.4022,297.0523,301.5701,307.1817,314.146,322.7553,333.3439,346.3091,362.1505,381.5352,405.407,435.1678,429.0,272.0,582.8063,49.25020000000006,558.1324,-27.036200000000008
444,444,,,,,,,,,,,,,,,,,,,,,,,,,,,,,0.4,397.0289,370.8763,349.6747,332.9026,320.1558,311.0258,305.0531,301.7277,300.5114,300.8585,302.2274,304.0797,305.8764,307.0818,307.1841,305.7387,302.4298,297.1381,289.995,281.4025,195.0,471.0,632.0565,99.4982,508.8821999999999,-1.974199999999996
445,445,,,,,,,,,,,,,,,,,,,,,,,,,,,,,0.5,217.1028,237.1476,254.3807,268.3892,279.1292,286.88,292.1519,295.5834,297.8549,299.6342,301.5584,304.2423,308.2993,314.3592,323.0711,335.0927,351.0795,371.7018,397.7306,430.2406,389.0,275.0,731.5547,70.59889999999996,409.3839999999999,-26.120000000000005
446,446,,,,,,,,,,,,,,,,,,,,,,,,,,,,,0.6,364.9905,344.9843,328.7432,316.1071,306.8587,300.667,297.0935,295.6346,295.7723,297.0115,298.8936,300.9896,302.8845,304.1666,304.436,303.3381,300.618,296.1839,290.1606,282.9092,199.0,473.0,802.1536,116.14009999999996,338.78509999999994,-12.333000000000029
447,447,,,,,,,,,,,,,,,,,,,,,,,,,,,,,0.7,218.6097,236.3955,251.7594,264.3773,274.2236,281.5375,286.7503,290.4045,293.0849,295.3778,297.8595,301.1059,305.7112,312.3008,321.5288,334.0625,350.5685,371.73,398.3344,431.4842,344.0,473.0,918.2937,86.9565,222.645,-31.462499999999977
448,448,,,,,,,,,,,,,,,,,,,,,,,,,,,,,0.8,329.3786,317.0129,307.0032,299.4053,294.1722,291.1447,290.0811,290.7107,292.7905,296.1505,300.7202,306.5353,313.7326,322.5386,333.2634,346.306,362.18,381.5698,405.4333,435.1813,400.0,273.0,1005.2502,37.87030000000004,135.68849999999998,-21.8553
449,449,,,,,,,,,,,,,,,,,,,,,,,,,,,,,0.9,376.2378,356.6968,340.7578,328.0192,318.178,310.9588,306.0771,303.2249,302.0653,302.2305,303.3171,304.8813,306.4392,307.4796,307.4957,306.0374,302.7791,297.5914,290.5967,282.189,192.0,473.0,1043.1205,97.81819999999992,97.81819999999992,-2.0412000000000035
450,450,,,,,,,,,,,,,,,,,,,,,,,,,,,,,0.0,273.0,273.0,273.0,273.0,273.0,273.0,273.0,273.0,273.0,273.0,273.0,273.0,273.0,273.0,273.0,273.0,273.0,273.0,273.0,273.0,449.0,462.0,0.0,351.9795,965.4099,-40.0
451,451,,,,,,,,,,,,,,,,,,,,,,,,,,,,,0.1,410.4731,378.8169,352.7942,331.6886,314.9847,302.2035,292.8465,286.412,282.4495,280.6228,280.762,282.8923,287.2336,294.1716,304.2049,317.8815,335.746,358.3303,386.2265,420.2855,241.0,473.0,351.9795,100.18640000000003,613.4304,-10.79649999999998
452,452,,,,,,,,,,,,,,,,,,,,,,,,,,,,,0.2,253.3776,264.4856,273.7864,280.9984,286.1299,289.4543,291.444,292.6863,293.8034,295.3906,297.9794,302.0257,307.9166,315.9916,326.573,340.0052,356.7076,377.2512,402.4771,433.6904,300.0,473.0,452.1659,59.79559999999998,513.2439999999999,-23.54570000000001
453,453,,,,,,,,,,,,,,,,,,,,,,,,,,,,,0.3,296.1212,292.9897,290.6804,289.2406,288.6817,288.986,290.124,292.0755,294.85,298.4998,303.1264,308.8815,315.9657,324.6299,335.1833,348.0141,363.626,382.7021,406.2088,435.5734,304.0,471.0,511.9615,38.2156,453.4484,-24.01400000000001
454,454,,,,,,,,,,,,,,,,,,,,,,,,,,,,,0.4,300.3533,297.4596,295.3091,293.9037,293.2528,293.3713,294.2811,296.0131,298.6119,302.14,306.6839,312.3607,319.3262,327.7871,338.0175,350.3847,365.3868,383.7139,406.3447,434.7121,358.0,272.0,550.1771,23.9126,415.2328,-19.62869999999998
455,455,,,,,,,,,,,,,,,,,,,,,,,,,,,,,0.5,343.3805,331.269,321.4619,313.8115,308.1748,304.3859,302.2462,301.5241,301.9581,303.2548,305.0839,307.0704,308.7927,309.7933,309.6093,307.8251,304.1412,298.4474,290.8812,281.8501,200.0,382.0,574.0897,95.64049999999996,391.3202,-8.614100000000008
456,456,,,,,,,,,,,,,,,,,,,,,,,,,,,,,0.6,219.3503,236.9543,252.2644,264.9762,275.0495,282.677,288.2175,292.12,294.8574,296.8835,298.6163,300.4423,302.7317,305.8548,310.1891,316.1139,323.9969,334.1822,346.996,362.785,319.0,473.0,669.7302,119.3052,295.6797,-30.32299999999998
457,457,,,,,,,,,,,,,,,,,,,,,,,,,,,,,0.7,309.7314,301.8953,295.6571,291.1058,288.2209,286.8773,286.8802,288.0194,290.1245,293.1112,297.0116,301.9845,308.3113,316.3792,326.6584,339.6837,356.0518,376.4553,401.7772,433.2864,330.0,473.0,789.0354,49.60840000000008,176.3745,-26.12270000000001
458,458,,,,,,,,,,,,,,,,,,,,,,,,,,,,,0.8,320.9156,313.3291,307.1485,302.3155,298.788,296.5308,295.5144,295.7181,297.1374,299.7921,303.7341,309.0546,315.8912,324.4371,334.9543,347.796,363.4426,382.5632,406.1171,435.5283,344.0,275.0,838.6438,24.490699999999947,126.76609999999994,-16.4692
459,459,,,,,,,,,,,,,,,,,,,,,,,,,,,,,0.9,333.0928,324.097,316.808,311.0785,306.7916,303.8411,302.1183,301.4998,301.8351,302.9329,304.5468,306.3646,308.0071,309.0422,309.0202,307.5304,304.2726,299.1324,292.2386,283.9852,178.0,428.0,863.1345,102.2754,102.2754,-9.158900000000015
460,460,,,,,,,,,,,,,,,,,,,,,,,,,,,,,0.0,273.0,273.0,273.0,273.0,273.0,273.0,273.0,273.0,273.0,273.0,273.0,273.0,273.0,273.0,273.0,273.0,273.0,273.0,273.0,273.0,472.0,396.0,0.0,368.1686,1069.5884,-40.0
461,461,,,,,,,,,,,,,,,,,,,,,,,,,,,,,0.1,427.7956,391.881,362.5466,338.8276,320.0656,305.6803,295.0803,287.6635,282.8646,280.2149,279.3917,280.2453,282.7997,287.2275,293.8065,302.8638,314.7237,329.675,347.9781,369.9297,247.0,471.0,368.1686,145.92209999999994,701.4198000000001,-7.319700000000012
462,462,,,,,,,,,,,,,,,,,,,,,,,,,,,,,0.2,258.8116,269.3918,278.1554,284.7828,289.2556,291.8308,292.9732,293.2711,293.3569,293.8479,295.3141,298.2693,303.1785,310.4733,320.5692,333.8857,350.8772,372.0917,398.2822,430.6089,278.0,473.0,514.0907,70.18180000000007,555.4977000000001,-21.16919999999999
463,463,,,,,,,,,,,,,,,,,,,,,,,,,,,,,0.3,278.8621,279.863,281.0295,282.3849,283.9524,285.7638,287.8705,290.3546,293.3355,296.9733,301.4667,307.0493,313.9863,322.5749,333.1534,346.1215,361.9798,381.3949,405.3078,435.1167,425.0,274.0,584.2725,49.07219999999995,485.31590000000006,-27.2362
464,464,,,,,,,,,,,,,,,,,,,,,,,,,,,,,0.4,393.9309,368.4703,347.8146,331.4785,319.0796,310.2241,304.464,301.3007,300.2067,300.6477,302.0934,304.0168,305.8907,307.1906,307.4161,306.133,303.0346,298.0079,291.1873,282.9733,192.0,472.0,633.3447,99.16139999999996,436.2437000000001,-2.7758999999999787
465,465,,,,,,,,,,,,,,,,,,,,,,,,,,,,,0.5,214.5313,234.974,252.5683,266.898,277.919,285.9125,291.393,295.0037,297.4303,299.3456,301.391,304.1852,308.3445,314.501,323.3056,335.4183,351.4978,372.2202,398.3666,431.0279,394.0,273.0,732.5061,73.0553000000001,337.08230000000015,-27.087499999999977
466,466,,,,,,,,,,,,,,,,,,,,,,,,,,,,,0.6,368.7211,347.6784,330.594,317.2878,307.5281,300.968,297.149,295.5436,295.6084,296.8232,298.7064,300.809,302.6984,303.9475,304.1433,302.9198,300.0132,295.3264,288.983,281.3479,196.0,471.0,805.5614,117.80309999999996,264.02700000000004,-12.031999999999982
467,467,,,,,,,,,,,,,,,,,,,,,,,,,,,,,0.7,216.2918,234.6975,250.59,263.6286,273.7852,281.3071,286.6417,290.3502,293.0356,295.2997,297.7295,300.9075,305.4308,311.9245,321.0407,333.4425,349.7904,370.7576,397.1156,429.9392,345.0,472.0,923.3645,89.10479999999995,146.22390000000007,-31.69290000000001
468,468,,,,,,,,,,,,,,,,,,,,,,,,,,,,,0.8,330.0873,317.4721,307.2564,299.4967,294.1445,291.0351,289.9192,290.5167,292.5757,295.9185,300.4692,306.2602,313.4271,322.1963,332.878,345.8707,361.6857,381.0024,404.7693,434.3817,302.0,471.0,1012.4693,34.17689999999993,57.11910000000012,-21.9649
469,469,,,,,,,,,,,,,,,,,,,,,,,,,,,,,0.9,299.6741,297.9238,296.6418,295.7735,295.3217,295.3407,295.9247,297.1929,299.2761,302.3089,306.4288,311.7818,318.5336,326.8868,337.1029,349.5318,364.6534,383.1399,405.9541,434.5157,343.0,271.0,1046.6462,22.942200000000184,22.942200000000184,-17.659299999999973
470,470,,,,,,,,,,,,,,,,,,,,,,,,,,,,,0.0,273.0,273.0,273.0,273.0,273.0,273.0,273.0,273.0,273.0,273.0,273.0,273.0,273.0,273.0,273.0,273.0,273.0,273.0,273.0,273.0,447.0,473.0,0.0,350.1804,994.6728,-40.0
471,471,,,,,,,,,,,,,,,,,,,,,,,,,,,,,0.1,408.9589,377.6719,351.9388,331.0632,314.5416,301.9045,292.6628,286.3256,282.456,280.7347,281.0125,283.3394,287.9643,295.3051,305.8946,320.3156,339.1495,362.9732,392.4472,428.5458,242.0,473.0,350.1804,93.62239999999996,644.4924000000001,-11.095500000000015
472,472,,,,,,,,,,,,,,,,,,,,,,,,,,,,,0.2,254.1297,265.0187,274.1405,281.2208,286.2709,289.5636,291.5681,292.8666,294.0746,295.7794,298.502,302.6854,308.7012,316.8717,327.502,340.9225,357.5454,377.9432,402.968,433.9437,300.0,473.0,443.8028,57.7627,550.8700000000001,-23.436399999999992
473,473,,,,,,,,,,,,,,,,,,,,,,,,,,,,,0.3,296.1597,293.0655,290.7916,289.3848,288.8571,289.1915,290.3592,292.3405,295.1443,298.8215,303.4715,309.243,316.3339,324.9923,335.526,348.3228,363.8877,382.9059,406.3475,435.6432,397.0,275.0,501.5655,35.491600000000005,493.10730000000007,-23.80849999999998
474,474,,,,,,,,,,,,,,,,,,,,,,,,,,,,,0.4,373.1349,353.4436,337.4273,324.7641,315.1831,308.3964,304.0738,301.8439,301.3056,302.038,303.6033,305.5433,307.3774,308.6103,308.7583,307.3966,304.2238,299.1303,292.2538,283.9978,194.0,357.0,537.0571,100.34760000000006,457.61570000000006,-4.603599999999972
475,475,,,,,,,,,,,,,,,,,,,,,,,,,,,,,0.5,215.5302,235.0874,251.9867,265.8484,276.6224,284.5449,290.0522,293.6818,295.9867,297.4767,298.5921,299.7051,301.1369,303.1806,306.1168,310.2204,315.7556,322.9687,332.0877,343.3407,304.0,473.0,637.4047,133.22789999999998,357.2681,-28.455100000000016
476,476,,,,,,,,,,,,,,,,,,,,,,,,,,,,,0.6,297.886,292.7677,288.8262,286.1586,284.7555,284.5117,285.2639,286.8429,289.1272,292.0872,295.8124,300.5231,306.5636,314.3839,324.5124,337.5298,354.0594,374.7944,400.5916,432.6727,349.0,471.0,770.6326,57.97249999999997,224.04020000000003,-28.48829999999998
477,477,,,,,,,,,,,,,,,,,,,,,,,,,,,,,0.7,335.3485,323.8901,314.4955,307.0792,301.5588,297.8371,295.8022,295.3405,296.3555,298.7848,302.6144,307.8875,314.7095,323.2531,333.7674,346.5949,362.2056,381.2545,404.6805,433.8775,242.0,473.0,828.6051,33.23339999999996,166.06770000000006,-15.16289999999998
478,478,,,,,,,,,,,,,,,,,,,,,,,,,,,,,0.8,252.5094,262.1059,270.5223,277.6341,283.4788,288.2422,292.2219,295.7793,299.2953,303.1375,307.6425,313.1155,319.8418,328.1087,338.2349,350.6074,365.7297,384.2903,407.2667,436.0992,385.0,274.0,861.8385,34.70870000000002,132.8343000000001,-24.75779999999997
479,479,,,,,,,,,,,,,,,,,,,,,,,,,,,,,0.9,362.9227,344.603,329.7734,318.255,309.8426,304.2516,301.112,299.9932,300.4351,301.9728,304.1454,306.4926,308.5479,309.8398,309.9114,308.3634,304.9156,299.4753,292.1933,283.485,238.0,315.0,896.5472,98.12560000000008,98.12560000000008,-8.748400000000004
480,,,,,,,,,,,,,,,,,,,,,,,,,,,,,,0.0,273.0,273.0,273.0,273.0,273.0,273.0,273.0,273.0,273.0,273.0,273.0,273.0,273.0,273.0,273.0,273.0,273.0,273.0,273.0,273.0,471.0,405.0,0.0,365.6393,2947.9129,-40.0
481,,,,,,,,,,,,,,,,,,,,,,,,,,,,,,0.1,427.0461,391.3174,362.1269,338.5215,319.8501,305.5377,294.9987,287.6379,282.8995,280.3268,279.6134,280.6297,283.4237,288.196,295.2537,304.954,317.6501,333.6607,353.2835,376.8728,204.0,272.0,365.6393,177.31250000000006,2582.2736,-7.4623000000000275
482,,,,,,,,,,,,,,,,,,,,,,,,,,,,,,0.2,224.1908,242.3486,257.6812,269.7609,278.5573,284.3869,287.8069,289.4871,290.0889,290.1697,290.1214,290.1436,290.2488,290.2938,290.0325,289.1828,287.4996,284.8429,281.2265,276.8346,473.0,290.0,542.9518,249.36129999999991,2404.9611,-28.613099999999974
483,,,,,,,,,,,,,,,,,,,,,,,,,,,,,,0.3,428.7366,392.9532,364.0149,340.9927,323.2047,309.9846,300.603,294.284,290.266,287.8671,286.5305,285.8433,285.5302,285.4329,285.482,285.6686,286.0203,286.5814,287.4009,288.5255,171.0,243.0,792.3131,260.5114,2155.5998,-3.0153999999999996
484,,,,,,,,,,,,,,,,,,,,,,,,,,,,,,0.4,197.9579,222.3595,243.1785,259.8383,272.2458,280.7225,285.872,288.4281,289.1189,288.5681,287.2384,285.4141,283.2147,280.6272,277.5506,273.8431,269.3681,264.0319,257.8106,250.7588,473.0,284.0,1052.8245,348.5751,1895.0883999999999,-32.277499999999975
485,,,,,,,,,,,,,,,,,,,,,,,,,,,,,,0.5,427.8391,391.1972,361.4988,337.8623,319.6211,306.0862,296.4749,289.943,285.6643,282.9118,281.1134,279.8748,278.9703,278.3138,277.9173,277.8468,278.1807,278.9753,280.2432,281.9454,212.0,273.0,1401.3996,296.49569999999994,1546.5132999999998,-6.913799999999981
486,,,,,,,,,,,,,,,,,,,,,,,,,,,,,,0.6,230.6761,247.4402,261.5271,272.5078,280.3197,285.2202,287.6897,288.3173,287.6969,286.3498,284.6815,282.9694,281.3734,279.9598,278.7303,277.6497,276.6684,275.7394,274.8282,273.9164,458.0,273.0,1697.8953,323.1531,1250.0176,-27.779800000000023
487,,,,,,,,,,,,,,,,,,,,,,,,,,,,,,0.7,417.5453,384.5871,357.7734,336.3094,319.5854,306.9893,297.8483,291.4509,287.1045,284.1936,282.2184,280.8079,279.7102,278.7698,277.9008,277.0617,276.2358,275.4181,274.6072,273.802,202.0,275.0,2021.0484,298.9955000000002,926.8644999999999,-6.010699999999986
488,,,,,,,,,,,,,,,,,,,,,,,,,,,,,,0.8,222.4662,240.8813,256.4442,268.7039,277.5893,283.3608,286.5097,287.6413,287.3692,286.2375,284.6777,282.9969,281.3884,279.9551,278.7364,277.7323,276.9217,276.2746,275.7592,275.3441,468.0,273.0,2320.0439,329.0369999999998,627.8689999999997,-29.639200000000017
489,,,,,,,,,,,,,,,,,,,,,,,,,,,,,,0.9,424.758,389.6566,361.1617,338.3935,320.6951,307.4144,297.8345,291.1935,286.7471,283.8318,281.9083,280.5754,279.5605,278.6955,277.8871,277.0905,276.2881,275.4759,274.6553,273.829,210.0,273.0,2649.0809,298.8319999999999,298.8319999999999,-5.5855999999999995
490,,,,,,,,,,,,,,,,,,,,,,,,,,,,,,0.0,273.0,273.0,273.0,273.0,273.0,273.0,273.0,273.0,273.0,273.0,273.0,273.0,273.0,273.0,273.0,273.0,273.0,273.0,273.0,273.0,472.0,404.0,0.0,365.9961,2846.0112,-40.0
491,,,,,,,,,,,,,,,,,,,,,,,,,,,,,,0.1,427.7957,391.8814,362.5476,338.8297,320.0702,305.6899,295.0995,287.7004,282.933,280.337,279.602,280.5945,283.3586,288.0908,295.0944,304.7229,317.326,333.2192,352.6954,376.1025,196.0,272.0,365.9961,179.89770000000004,2480.0151,-7.310099999999977
492,,,,,,,,,,,,,,,,,,,,,,,,,,,,,,0.2,217.7527,237.3399,253.9197,267.0368,276.6562,283.1085,286.9776,288.9655,289.7663,289.9671,289.9842,290.0368,290.1519,290.1969,289.9333,289.0839,287.407,284.7642,281.1689,276.8042,471.0,305.0,545.8938,248.3671999999999,2300.1174,-29.891500000000008
493,,,,,,,,,,,,,,,,,,,,,,,,,,,,,,0.3,427.0067,391.3781,362.5444,339.6175,321.939,308.8528,299.6309,293.4962,289.6879,287.5315,286.4879,286.1732,286.3535,286.9211,287.8631,289.2271,291.0904,293.535,296.6323,300.4382,172.0,252.0,794.261,239.61720000000014,2051.7502,-4.147199999999998
494,,,,,,,,,,,,,,,,,,,,,,,,,,,,,,0.4,198.6378,222.7486,243.3264,259.8085,272.11,280.556,285.751,288.4286,289.3173,289.0417,288.0656,286.6751,284.9904,282.999,280.5994,277.6502,274.0163,269.6092,264.4138,258.4975,472.0,294.0,1033.8782,321.674,1812.1329999999998,-32.44400000000002
495,,,,,,,,,,,,,,,,,,,,,,,,,,,,,,0.5,427.1102,390.6791,361.1578,337.6803,319.5918,306.2133,296.7722,290.4347,286.3849,283.9057,282.4348,281.587,281.1461,281.0356,281.2781,281.9516,283.1481,284.9406,287.3619,290.3983,208.0,274.0,1355.5522,270.98879999999986,1490.4589999999998,-6.786699999999996
496,,,,,,,,,,,,,,,,,,,,,,,,,,,,,,0.6,227.4745,244.9758,259.723,271.2809,279.5904,284.9192,287.7621,288.7238,288.4111,287.3542,285.9611,284.5051,283.1349,281.9011,280.7864,279.7381,278.695,277.6082,276.4546,275.2408,458.0,271.0,1626.541,309.9664,1219.4702,-28.08080000000001
497,,,,,,,,,,,,,,,,,,,,,,,,,,,,,,0.7,417.4803,384.4694,357.6279,336.1711,319.494,306.9834,297.9601,291.7015,287.5016,284.7302,282.8722,281.5416,280.4714,279.4918,278.5042,277.4569,276.327,275.109,273.8074,272.4329,215.0,272.0,1936.5074,293.3980999999999,909.5038,-6.016599999999983
498,,,,,,,,,,,,,,,,,,,,,,,,,,,,,,0.8,232.9721,249.1144,262.6998,273.3173,280.9006,285.6856,288.1192,288.7526,288.1434,286.7834,285.0585,283.2382,281.4855,279.88,278.4433,277.1627,276.0086,274.9468,273.9439,272.9704,441.0,274.0,2229.9055,320.6088,616.1057000000001,-27.314399999999978
499,,,,,,,,,,,,,,,,,,,,,,,,,,,,,,0.9,404.7688,375.03,350.7423,331.2725,316.1028,304.6857,296.4053,290.6069,286.6539,283.9837,282.1433,280.8009,279.7366,278.82,277.9849,277.2046,276.4724,275.7887,275.1528,274.5597,233.0,272.0,2550.5143,295.4969000000001,295.4969000000001,-8.314300000000003
500,,,,,,,,,,,,,,,,,,,,,,,,,,,,,,0.0,273.0,273.0,273.0,273.0,273.0,273.0,273.0,273.0,273.0,273.0,273.0,273.0,273.0,273.0,273.0,273.0,273.0,273.0,273.0,273.0,473.0,406.0,0.0,365.5655,2834.8628000000003,-40.0
501,,,,,,,,,,,,,,,,,,,,,,,,,,,,,,0.1,428.545,392.4451,362.9683,339.1385,320.2919,305.8456,295.2074,287.7767,282.9921,280.393,279.6693,280.6899,283.5024,288.3083,295.4165,305.1866,317.9747,334.1024,353.8714,377.6429,195.0,271.0,365.5655,178.31790000000007,2469.2973,-7.15440000000001
502,,,,,,,,,,,,,,,,,,,,,,,,,,,,,,0.2,216.9761,236.7679,253.5254,266.7889,276.5229,283.0609,286.9918,289.0232,289.8545,290.0764,290.107,290.1646,290.273,290.2941,289.9827,289.0544,287.2617,284.4622,280.6693,276.0695,472.0,303.0,543.8834,249.23299999999995,2290.9794,-29.939099999999996
503,,,,,,,,,,,,,,,,,,,,,,,,,,,,,,0.3,427.7392,391.9096,362.9211,339.8757,322.109,308.9599,299.6953,293.5316,289.7013,287.5229,286.4504,286.0934,286.2114,286.6904,287.5117,288.7173,290.3799,292.5779,295.3798,298.839,173.0,253.0,793.1164,241.38729999999998,2041.7464,-4.040099999999995
504,,,,,,,,,,,,,,,,,,,,,,,,,,,,,,0.4,199.4742,223.4319,243.8707,260.2304,272.4266,280.7831,285.9024,288.5157,289.3493,289.0268,288.0125,286.5946,284.8976,282.9147,280.5519,277.6746,274.1538,269.9038,264.9087,259.2306,473.0,294.0,1034.5037,321.0028,1800.3591,-32.21690000000001
505,,,,,,,,,,,,,,,,,,,,,,,,,,,,,,0.5,427.8947,391.3106,361.673,338.1018,319.9343,306.488,296.9885,290.6014,286.5109,283.9999,282.5059,281.6429,281.1934,281.0793,281.321,281.994,283.1883,284.9756,287.3879,290.4123,205.0,274.0,1355.5065,271.0313000000001,1479.3563,-6.5120000000000005
506,,,,,,,,,,,,,,,,,,,,,,,,,,,,,,0.6,225.0945,243.1616,258.4003,270.3643,278.9929,284.5597,287.5709,288.6446,288.4013,287.3833,286.0089,284.5589,283.1875,281.9486,280.8274,279.7721,278.7219,277.6282,276.4678,275.2474,454.0,275.0,1626.5378,308.6814999999999,1208.3249999999998,-28.44029999999998
507,,,,,,,,,,,,,,,,,,,,,,,,,,,,,,0.7,414.3849,382.0426,355.7199,334.6792,318.3422,306.1111,297.3172,291.2469,287.2034,284.5667,282.8341,281.6337,280.7145,279.9242,279.182,278.4529,277.7283,277.0119,276.3124,275.6389,216.0,275.0,1935.2193,287.1074000000001,899.6434999999999,-6.888899999999978
508,,,,,,,,,,,,,,,,,,,,,,,,,,,,,,0.8,233.635,249.4739,262.8076,273.2358,280.6956,285.4198,287.8485,288.5243,287.9961,286.7487,285.1631,283.5056,281.9384,280.5412,279.3373,278.3161,277.4513,276.7126,276.0722,275.5073,457.0,273.0,2222.3267,316.596,612.5360999999998,-27.58019999999999
509,,,,,,,,,,,,,,,,,,,,,,,,,,,,,,0.9,416.8743,384.1802,357.58,336.2851,319.6899,307.1874,298.1116,291.7587,287.4431,284.5552,282.5985,281.2029,280.1151,279.1768,278.2984,277.4346,276.5662,275.6872,274.7979,273.901,207.0,272.0,2538.9227,295.9400999999998,295.9400999999998,-5.812599999999975
510,,,,,,,,,,,,,,,,,,,,,,,,,,,,,,0.0,273.0,273.0,273.0,273.0,273.0,273.0,273.0,273.0,273.0,273.0,273.0,273.0,273.0,273.0,273.0,273.0,273.0,273.0,273.0,273.0,473.0,403.0,0.0,366.357,2727.5989,-40.0
511,,,,,,,,,,,,,,,,,,,,,,,,,,,,,,0.1,428.545,392.445,362.9679,339.1377,320.2902,305.842,295.2002,287.7629,282.9665,280.3472,279.5906,280.5592,283.2933,287.9854,294.9349,304.4916,317.0018,332.7773,352.107,375.3319,191.0,275.0,366.357,180.93189999999998,2361.2419,-7.1580000000000155
512,,,,,,,,,,,,,,,,,,,,,,,,,,,,,,0.2,213.7354,234.2243,251.5915,265.3629,275.5,282.3426,286.4921,288.6728,289.602,289.8891,289.9715,290.0873,290.2818,290.4396,290.3383,289.7159,288.343,286.089,282.9705,279.1669,472.0,306.0,547.2889,247.7717,2180.31,-30.657399999999996
513,,,,,,,,,,,,,,,,,,,,,,,,,,,,,,0.3,427.6169,391.6728,362.5884,339.4747,321.6741,308.5276,299.3001,293.2034,289.465,287.3994,286.4585,286.2524,286.5424,287.2181,288.2644,289.7278,291.6855,294.2215,297.4117,301.3189,174.0,266.0,795.0606,231.3116,1932.5383,-4.472399999999993
514,,,,,,,,,,,,,,,,,,,,,,,,,,,,,,0.4,200.2482,223.9979,244.2573,260.4734,272.5659,280.8607,285.9614,288.6011,289.5111,289.3236,288.5179,287.4036,286.1337,284.7366,283.1566,281.2983,279.066,276.3976,273.2855,269.7838,471.0,299.0,1026.3722,298.4448,1701.2267,-32.13929999999999
515,,,,,,,,,,,,,,,,,,,,,,,,,,,,,,0.5,426.4301,390.2546,360.9455,337.648,319.7157,306.4795,297.1782,290.991,287.1148,284.8431,283.6207,283.0637,282.9519,283.1995,283.8167,284.8693,286.4419,288.6091,291.4182,294.8845,197.0,275.0,1324.817,254.55510000000004,1402.7819,-6.520500000000027
516,,,,,,,,,,,,,,,,,,,,,,,,,,,,,,0.6,218.6203,238.0925,254.5766,267.6064,277.1198,283.4053,286.9931,288.5292,288.6606,287.9516,286.836,285.6031,284.4097,283.307,282.2751,281.2569,280.1892,279.0256,277.7521,276.3918,471.0,288.0,1579.3721,298.6251,1148.2268,-29.59469999999999
517,,,,,,,,,,,,,,,,,,,,,,,,,,,,,,0.7,426.9775,391.3038,362.394,339.3465,321.4923,308.168,298.6429,292.1402,287.9021,285.2573,283.6671,282.7423,282.2345,282.0106,282.0212,282.2688,282.7806,283.5893,284.7207,286.1891,185.0,272.0,1877.9972,271.11919999999986,849.6016999999999,-4.831999999999994
518,,,,,,,,,,,,,,,,,,,,,,,,,,,,,,0.8,209.06,230.773,249.212,263.8586,274.6356,281.8467,286.0578,287.961,288.2521,287.5415,286.3041,284.8649,283.4117,282.0223,280.6993,279.4033,278.0818,276.6903,275.2065,273.634,473.0,295.0,2149.1164,312.52340000000004,578.4825000000001,-31.1533
519,,,,,,,,,,,,,,,,,,,,,,,,,,,,,,0.9,428.15,391.7968,362.3365,338.8672,320.7185,307.2174,297.6137,291.1062,286.9142,284.3506,282.8721,282.0985,281.8024,281.882,282.3243,283.168,284.4709,286.2851,288.6427,291.5509,196.0,274.0,2461.6398,265.95910000000003,265.95910000000003,-5.782600000000002
520,,,,,,,,,,,,,,,,,,,,,,,,,,,,,,0.0,273.0,273.0,273.0,273.0,273.0,273.0,273.0,273.0,273.0,273.0,273.0,273.0,273.0,273.0,273.0,273.0,273.0,273.0,273.0,273.0,473.0,403.0,0.0,366.357,2850.0347999999994,-40.0
521,,,,,,,,,,,,,,,,,,,,,,,,,,,,,,0.1,428.545,392.445,362.9679,339.1377,320.2902,305.842,295.2002,287.7629,282.9665,280.3472,279.5906,280.5592,283.2933,287.9854,294.9349,304.4916,317.0018,332.7773,352.107,375.3319,191.0,272.0,366.357,181.91489999999993,2483.6777999999995,-7.1580000000000155
522,,,,,,,,,,,,,,,,,,,,,,,,,,,,,,0.2,213.7354,234.2242,251.5911,265.3621,275.4983,282.339,286.485,288.6591,289.5766,289.8435,289.8925,289.9552,290.0685,290.1071,289.8376,288.9867,287.3152,284.6856,281.1114,276.7737,470.0,304.0,548.2719,251.70820000000003,2301.7628999999997,-30.661
523,,,,,,,,,,,,,,,,,,,,,,,,,,,,,,0.3,426.1133,390.5359,361.7324,338.8366,321.2021,308.1762,299.0286,292.9757,289.2489,287.1665,286.1834,285.9114,286.1133,286.6796,287.5955,288.9073,290.691,293.0281,295.9895,299.6311,173.0,257.0,799.9801,239.9402,2050.0546999999997,-4.823800000000006
524,,,,,,,,,,,,,,,,,,,,,,,,,,,,,,0.4,199.3643,223.2224,243.58,259.8821,272.046,280.3953,285.5304,288.1807,289.0712,288.8258,287.9116,286.6219,285.0893,283.3175,281.224,278.6867,275.5868,271.8462,267.4513,262.4617,472.0,295.0,1039.9203,316.67830000000004,1810.1145,-32.60469999999998
525,,,,,,,,,,,,,,,,,,,,,,,,,,,,,,0.5,427.1123,390.6826,361.1612,337.6829,319.5943,306.2196,296.7898,290.4752,286.4633,284.0394,282.6416,281.8832,281.5435,281.5399,281.8874,282.6564,283.9333,285.7894,288.2609,291.3431,199.0,275.0,1356.5986,268.2404999999999,1493.4361999999999,-6.780399999999986
526,,,,,,,,,,,,,,,,,,,,,,,,,,,,,,0.6,220.209,239.2977,255.4344,268.1565,277.4015,283.4537,286.8376,288.193,288.1621,287.3066,286.0603,284.7159,283.4365,282.2818,281.2413,280.2664,279.2992,278.2941,277.231,276.1206,472.0,274.0,1624.8391,311.7454,1225.1957,-29.546299999999974
527,,,,,,,,,,,,,,,,,,,,,,,,,,,,,,0.7,427.7495,391.9061,362.856,339.6809,321.7022,308.2515,298.5945,291.9504,287.5546,284.7237,282.8998,281.6658,280.7365,279.9342,279.16,278.3668,277.5387,276.6766,275.7901,274.8927,196.0,274.0,1936.5845,290.6423,913.4503,-4.748499999999979
528,,,,,,,,,,,,,,,,,,,,,,,,,,,,,,0.8,217.9702,237.7543,254.4869,267.6828,277.2681,283.5251,286.983,288.2906,288.1028,286.9974,285.4292,283.7177,282.0596,280.5547,279.2349,278.092,277.0984,276.2207,275.4281,274.6947,467.0,273.0,2227.2268,324.9204,622.808,-29.47489999999999
529,,,,,,,,,,,,,,,,,,,,,,,,,,,,,,0.9,423.9403,388.9683,360.5824,337.9217,320.3373,307.1775,297.7199,291.1948,286.85,284.0158,282.1492,280.8485,279.8428,278.9674,278.1338,277.3018,276.4584,275.6029,274.7391,273.8705,207.0,272.0,2552.1472,297.8876,297.8876,-5.822499999999991
530,,,,,,,,,,,,,,,,,,,,,,,,,,,,,,0.0,273.0,273.0,273.0,273.0,273.0,273.0,273.0,273.0,273.0,273.0,273.0,273.0,273.0,273.0,273.0,273.0,273.0,273.0,273.0,273.0,472.0,404.0,0.0,365.9961,2916.4087,-40.0
531,,,,,,,,,,,,,,,,,,,,,,,,,,,,,,0.1,427.7957,391.8814,362.5476,338.8297,320.0702,305.6899,295.0995,287.7004,282.933,280.337,279.602,280.5945,283.3586,288.0908,295.0944,304.7229,317.326,333.2192,352.6954,376.1025,199.0,271.0,365.9961,179.56749999999994,2550.4126,-7.310099999999977
532,,,,,,,,,,,,,,,,,,,,,,,,,,,,,,0.2,220.1791,239.2403,255.3596,268.0915,277.4027,283.6188,287.3135,289.1771,289.8913,290.0314,290.0037,290.0182,290.0944,290.0931,289.7698,288.8423,287.0649,284.2963,280.5489,276.0061,473.0,303.0,545.5636,248.85710000000006,2370.8451,-29.38119999999998
533,,,,,,,,,,,,,,,,,,,,,,,,,,,,,,0.3,428.5946,392.6778,363.6269,340.5236,322.6927,309.4694,300.1219,293.8709,289.9545,287.6962,286.5538,286.1391,286.2125,286.6601,287.4619,288.6589,290.322,292.5279,295.3433,298.8199,172.0,241.0,794.4207,246.6004999999999,2121.988,-3.5305999999999926
534,,,,,,,,,,,,,,,,,,,,,,,,,,,,,,0.4,198.728,222.9192,243.5593,260.0807,272.396,280.8297,285.9858,288.5964,289.3858,288.9703,287.8002,286.1411,284.0867,281.592,278.5198,274.6935,269.9481,264.1761,257.3586,249.5767,470.0,289.0,1041.0212,339.37940000000003,1875.3875,-32.1703
535,,,,,,,,,,,,,,,,,,,,,,,,,,,,,,0.5,425.6217,389.5702,360.337,337.074,319.1334,305.8388,296.4185,290.0397,285.8879,283.2481,281.5612,280.4466,279.6945,279.2365,279.1039,279.3823,280.1674,281.5289,283.487,286.0052,215.0,271.0,1380.4006,287.1889000000001,1536.0081,-7.161200000000008
536,,,,,,,,,,,,,,,,,,,,,,,,,,,,,,0.6,233.0353,249.2215,262.8178,273.409,280.9353,285.6473,288.0121,288.6025,287.9942,286.6904,285.0788,283.4183,281.8499,280.4201,279.111,277.8693,276.6321,275.346,273.979,272.525,457.0,273.0,1667.5895,319.30279999999993,1248.8192,-27.352700000000027
537,,,,,,,,,,,,,,,,,,,,,,,,,,,,,,0.7,416.8793,384.1899,357.5935,336.3005,319.7039,307.1955,298.1078,291.736,287.394,284.4721,282.4753,281.0357,279.9039,278.9269,278.0211,277.1475,276.292,275.4512,274.6243,273.8089,203.0,272.0,1986.8923,298.6532000000002,929.5164,-5.804500000000019
538,,,,,,,,,,,,,,,,,,,,,,,,,,,,,,0.8,223.2818,241.53,256.9504,269.0952,277.8934,283.602,286.7066,287.8058,287.5055,286.3419,284.7384,282.9932,281.2901,279.7218,278.3169,277.0655,275.9382,274.8995,273.9157,272.9574,472.0,275.0,2285.5455,331.3127999999997,630.8631999999998,-29.398000000000025
539,,,,,,,,,,,,,,,,,,,,,,,,,,,,,,0.9,427.7945,391.9845,362.9439,339.7445,321.7021,308.1475,298.3509,291.5398,286.9608,283.9436,281.945,280.5644,279.5335,278.6927,277.9596,277.3008,276.7084,276.1838,275.7278,275.3363,196.0,274.0,2616.8583,299.5504000000001,299.5504000000001,-4.8525000000000205
540,540,540.0,540.0,540.0,540.0,540.0,540.0,540.0,540.0,540.0,540.0,540.0,540.0,540.0,540.0,540.0,540.0,540.0,540.0,540.0,540.0,540.0,540.0,540.0,540.0,540.0,540.0,540.0,0.0,0.0,273.0,273.0,273.0,273.0,273.0,273.0,273.0,273.0,273.0,273.0,273.0,273.0,273.0,273.0,273.0,273.0,273.0,273.0,273.0,273.0,393.6286926111324,266.13911473098835,0.0,419.3661,2270.2089,-40.0
541,541,541.0,541.0,541.0,541.0,541.0,541.0,541.0,541.0,541.0,541.0,541.0,541.0,541.0,541.0,541.0,541.0,541.0,541.0,541.0,541.0,541.0,541.0,541.0,541.0,541.0,541.0,541.0,1.0,0.1,368.093,346.5652,328.5956,313.8929,302.1892,293.1725,286.4713,281.6738,278.3628,276.1502,274.7002,273.7406,273.0613,272.5064,271.9639,271.3549,270.6271,269.749,268.7067,267.5002,295.2229839818997,249.28192293022363,419.3661,374.1675,1850.8428,-19.827499999999983
542,542,542.0,542.0,542.0,542.0,542.0,542.0,542.0,542.0,542.0,542.0,542.0,542.0,542.0,542.0,542.0,542.0,542.0,542.0,542.0,542.0,542.0,542.0,542.0,542.0,542.0,542.0,542.0,2.0,0.2,294.7582,294.4429,293.959,293.0942,291.7571,289.9672,287.8243,285.4696,283.0453,280.6639,278.3888,276.2289,274.1422,272.0481,269.8424,267.4143,264.6625,261.5078,257.9007,253.823,338.1257531175355,459.73513061259774,793.5336,321.2620999999999,1476.6753,-23.03280000000001
543,543,543.0,543.0,543.0,543.0,543.0,543.0,543.0,543.0,543.0,543.0,543.0,543.0,543.0,543.0,543.0,543.0,543.0,543.0,543.0,543.0,543.0,543.0,543.0,543.0,543.0,543.0,543.0,3.0,0.3,326.7955,317.1652,309.0424,302.269,296.6971,292.1849,288.6075,285.8796,283.984,283.0017,283.1368,284.73,288.256,294.2981,303.5007,316.5087,333.9151,356.2515,384.0609,418.1015,338.3742554801488,292.1432625390821,1114.7957,123.18410000000016,1155.4132000000002,-20.815099999999973
544,544,544.0,544.0,544.0,544.0,544.0,544.0,544.0,544.0,544.0,544.0,544.0,544.0,544.0,544.0,544.0,544.0,544.0,544.0,544.0,544.0,544.0,544.0,544.0,544.0,544.0,544.0,544.0,4.0,0.4,328.0468,319.3689,312.1047,306.0866,301.199,297.3649,294.5332,292.6653,291.7191,291.6306,292.2937,293.5443,295.1518,296.8268,298.2471,299.1036,299.161,298.3181,296.6551,294.4481,339.7150915309496,231.8363804361508,1237.9798,183.01519999999985,1032.2291,-15.635100000000024
545,545,545.0,545.0,545.0,545.0,545.0,545.0,545.0,545.0,545.0,545.0,545.0,545.0,545.0,545.0,545.0,545.0,545.0,545.0,545.0,545.0,545.0,545.0,545.0,545.0,545.0,545.0,545.0,5.0,0.5,329.6841,321.3318,314.3926,308.6614,303.9728,300.1849,297.166,294.7829,292.8904,291.3215,289.8805,288.3387,286.4364,283.893,280.4262,275.7807,269.7625,262.2736,253.3367,243.1031,177.4510745727357,346.7122426914632,1420.995,278.8418000000001,849.2139000000002,-12.815099999999973
546,546,546.0,546.0,546.0,546.0,546.0,546.0,546.0,546.0,546.0,546.0,546.0,546.0,546.0,546.0,546.0,546.0,546.0,546.0,546.0,546.0,546.0,546.0,546.0,546.0,546.0,546.0,546.0,6.0,0.6,200.0048,220.5,238.261,252.8934,264.31,272.6965,278.4384,282.0366,284.0336,284.9638,285.3307,285.6057,286.2374,287.6584,290.2822,294.4844,300.5739,308.7656,319.1707,331.8175,408.9600732837378,374.3814364157297,1699.8368,250.655,570.3721,-40.30349999999999
547,547,547.0,547.0,547.0,547.0,547.0,547.0,547.0,547.0,547.0,547.0,547.0,547.0,547.0,547.0,547.0,547.0,547.0,547.0,547.0,547.0,547.0,547.0,547.0,547.0,547.0,547.0,547.0,7.0,0.7,378.5103,353.014,332.065,315.4288,302.8374,293.8979,288.0943,284.8471,283.594,283.8633,285.3207,287.7846,291.2165,295.694,301.3764,308.4729,317.2187,327.8655,340.6927,356.0418,360.02251130900646,359.8981710400363,1950.4918,126.7084000000002,319.7171000000001,-19.102100000000007
548,548,548.0,548.0,548.0,548.0,548.0,548.0,548.0,548.0,548.0,548.0,548.0,548.0,548.0,548.0,548.0,548.0,548.0,548.0,548.0,548.0,548.0,548.0,548.0,548.0,548.0,548.0,548.0,8.0,0.8,346.2306,334.744,325.1035,316.9928,310.2107,304.6442,300.2406,296.9819,294.8629,293.8767,294.0082,295.2339,297.5285,300.874,305.2715,310.7551,317.4058,325.3678,334.8656,346.2246,237.1295776371232,436.2840496481603,2077.2002,96.63809999999968,193.00869999999983,-8.355799999999988
549,549,549.0,549.0,549.0,549.0,549.0,549.0,549.0,549.0,549.0,549.0,549.0,549.0,549.0,549.0,549.0,549.0,549.0,549.0,549.0,549.0,549.0,549.0,549.0,549.0,549.0,549.0,549.0,9.0,0.9,249.2303,260.1986,269.6406,277.3392,283.2774,287.6234,290.6876,292.8698,294.609,296.3482,298.5151,301.5191,305.7567,311.6211,319.5093,329.8285,343.0069,359.5212,379.9574,405.1288,320.9890754383397,224.3346903586229,2173.8383,96.3706000000002,96.3706000000002,-25.3766
550,550,550.0,550.0,550.0,550.0,550.0,550.0,550.0,550.0,550.0,550.0,550.0,550.0,550.0,550.0,550.0,550.0,550.0,550.0,550.0,550.0,550.0,550.0,550.0,550.0,550.0,550.0,550.0,0.0,0.0,273.0,273.0,273.0,273.0,273.0,273.0,273.0,273.0,273.0,273.0,273.0,273.0,273.0,273.0,273.0,273.0,273.0,273.0,273.0,273.0,237.05068487019025,289.80257844794903,0.0,456.857,3010.6609,8.954700000000003
551,551,551.0,551.0,551.0,551.0,551.0,551.0,551.0,551.0,551.0,551.0,551.0,551.0,551.0,551.0,551.0,551.0,551.0,551.0,551.0,551.0,551.0,551.0,551.0,551.0,551.0,551.0,551.0,1.0,0.1,244.0795,250.355,255.7805,260.3085,263.9497,266.7693,268.8747,270.3988,271.484,272.2697,272.8856,273.4495,274.0675,274.8362,275.8423,277.1608,278.8509,280.952,283.4818,286.4373,196.8051920223372,192.6518518867528,456.857,557.0905,2553.8039,8.954700000000003
552,552,552.0,552.0,552.0,552.0,552.0,552.0,552.0,552.0,552.0,552.0,552.0,552.0,552.0,552.0,552.0,552.0,552.0,552.0,552.0,552.0,552.0,552.0,552.0,552.0,552.0,552.0,552.0,2.0,0.2,210.1073,222.1321,232.7161,241.7739,249.3064,255.391,260.1579,263.7583,266.331,267.9714,268.7069,268.4818,267.1535,264.5043,260.2682,254.1744,246.0025,235.6394,223.125,208.6723,406.349973564212,424.2536766579499,1013.9475,594.2243000000001,1996.7134,8.954700000000003
553,553,553.0,553.0,553.0,553.0,553.0,553.0,553.0,553.0,553.0,553.0,553.0,553.0,553.0,553.0,553.0,553.0,553.0,553.0,553.0,553.0,553.0,553.0,553.0,553.0,553.0,553.0,553.0,3.0,0.3,374.9227,348.2908,326.0809,308.095,294.1006,283.7353,276.5048,271.8471,269.227,268.2305,268.6385,270.467,273.9694,279.5991,287.9381,299.6024,315.1485,335.0144,359.5346,389.0662,336.67249872208305,236.4419195149584,1608.1718,256.3430999999998,1402.4890999999998,8.954700000000003
554,554,554.0,554.0,554.0,554.0,554.0,554.0,554.0,554.0,554.0,554.0,554.0,554.0,554.0,554.0,554.0,554.0,554.0,554.0,554.0,554.0,554.0,554.0,554.0,554.0,554.0,554.0,554.0,4.0,0.4,326.7884,318.3577,311.0407,304.614,298.9639,294.0672,289.959,286.6933,284.3007,282.7501,281.9175,281.567,281.3485,280.8147,279.4628,276.7978,272.4123,266.0671,257.7546,247.7221,307.8429725341217,338.80531539960134,1864.5149,284.1450000000002,1146.146,8.954700000000003
555,555,555.0,555.0,555.0,555.0,555.0,555.0,555.0,555.0,555.0,555.0,555.0,555.0,555.0,555.0,555.0,555.0,555.0,555.0,555.0,555.0,555.0,555.0,555.0,555.0,555.0,555.0,555.0,5.0,0.5,304.0624,300.9227,298.2125,295.7744,293.5081,291.3674,289.3507,287.4913,285.8491,284.5081,283.5798,283.2095,283.5815,284.918,287.4665,291.4753,297.162,304.6834,314.1214,325.495,403.2739169108895,390.1534747786742,2148.6599,198.5331000000001,862.0009999999997,8.954700000000003
556,556,556.0,556.0,556.0,556.0,556.0,556.0,556.0,556.0,556.0,556.0,556.0,556.0,556.0,556.0,556.0,556.0,556.0,556.0,556.0,556.0,556.0,556.0,556.0,556.0,556.0,556.0,556.0,6.0,0.6,377.8798,356.8413,339.4842,325.3577,314.1044,305.394,298.903,294.3253,291.3968,289.9211,289.7878,290.9801,293.5699,297.7037,303.5824,311.4387,321.5205,334.0882,349.4342,367.9361,445.0730975602003,218.8396104142804,2347.193,166.6023,663.4678999999996,8.954700000000003
557,557,557.0,557.0,557.0,557.0,557.0,557.0,557.0,557.0,557.0,557.0,557.0,557.0,557.0,557.0,557.0,557.0,557.0,557.0,557.0,557.0,557.0,557.0,557.0,557.0,557.0,557.0,557.0,7.0,0.7,412.2876,385.9257,364.5216,347.132,333.1065,321.9547,313.2683,306.6751,301.8108,298.2973,295.7244,293.6347,291.5168,288.8138,284.9533,279.3997,271.7262,261.6916,249.3031,234.8429,255.82738197986265,337.9934949818139,2513.7953,227.88679999999977,496.8655999999996,8.954700000000003
558,558,558.0,558.0,558.0,558.0,558.0,558.0,558.0,558.0,558.0,558.0,558.0,558.0,558.0,558.0,558.0,558.0,558.0,558.0,558.0,558.0,558.0,558.0,558.0,558.0,558.0,558.0,558.0,8.0,0.8,267.1128,277.3306,285.8913,292.4338,296.8524,299.2721,299.9888,299.3972,297.9259,295.9926,293.985,292.2616,291.1631,291.0232,292.168,294.8992,299.4654,306.0315,314.6628,325.3374,366.2397403477557,399.7228871246399,2741.6821,149.07619999999997,268.97879999999986,8.954700000000003
559,559,559.0,559.0,559.0,559.0,559.0,559.0,559.0,559.0,559.0,559.0,559.0,559.0,559.0,559.0,559.0,559.0,559.0,559.0,559.0,559.0,559.0,559.0,559.0,559.0,559.0,559.0,559.0,9.0,0.9,349.2433,335.0723,323.4571,314.18,307.0123,301.6934,297.9436,295.4966,294.1379,293.7369,294.2658,295.8037,298.5269,302.6882,308.5906,316.56,326.9247,340.0129,356.1778,375.8633,390.461830457176,222.26105994684715,2890.7583,119.9025999999999,119.9025999999999,8.954700000000003
560,560,560.0,560.0,560.0,560.0,560.0,560.0,560.0,560.0,560.0,560.0,560.0,560.0,560.0,560.0,560.0,560.0,560.0,560.0,560.0,560.0,560.0,560.0,560.0,560.0,560.0,560.0,560.0,0.0,0.0,273.0,273.0,273.0,273.0,273.0,273.0,273.0,273.0,273.0,273.0,273.0,273.0,273.0,273.0,273.0,273.0,273.0,273.0,273.0,273.0,245.77715776767167,244.32839983827512,0.0,475.4063,5070.1268,-40.0
561,561,561.0,561.0,561.0,561.0,561.0,561.0,561.0,561.0,561.0,561.0,561.0,561.0,561.0,561.0,561.0,561.0,561.0,561.0,561.0,561.0,561.0,561.0,561.0,561.0,561.0,561.0,561.0,1.0,0.1,251.1189,255.8752,259.9787,263.3962,266.1348,268.2386,269.778,270.8343,271.484,271.7854,271.7684,271.4297,270.7328,269.613,267.9874,265.7689,262.8827,259.282,254.9595,249.9509,197.1579439762924,236.7277630524437,475.4063,597.5718,4594.7205,-44.76139999999998
562,562,562.0,562.0,562.0,562.0,562.0,562.0,562.0,562.0,562.0,562.0,562.0,562.0,562.0,562.0,562.0,562.0,562.0,562.0,562.0,562.0,562.0,562.0,562.0,562.0,562.0,562.0,562.0,2.0,0.2,210.6807,222.8856,233.5726,242.6306,250.0467,255.8974,260.3247,263.5056,265.6228,266.8412,267.2925,267.069,266.2238,264.7769,262.7236,260.0452,256.7185,252.7252,248.0572,242.7194,436.7666086074352,229.51204407243307,1072.9781,645.0245,3997.1487,-57.1026
563,563,563.0,563.0,563.0,563.0,563.0,563.0,563.0,563.0,563.0,563.0,563.0,563.0,563.0,563.0,563.0,563.0,563.0,563.0,563.0,563.0,563.0,563.0,563.0,563.0,563.0,563.0,563.0,3.0,0.3,398.3313,366.2257,339.6278,318.0989,301.2625,288.641,279.6149,273.4611,269.4279,266.8089,264.9962,263.5045,261.9692,260.1305,257.8095,254.8872,251.287,246.9632,241.8936,236.0738,290.4939833575247,185.69059174917248,1718.0026,574.3860999999999,3352.1242,-24.35899999999998
564,564,564.0,564.0,564.0,564.0,564.0,564.0,564.0,564.0,564.0,564.0,564.0,564.0,564.0,564.0,564.0,564.0,564.0,564.0,564.0,564.0,564.0,564.0,564.0,564.0,564.0,564.0,564.0,4.0,0.4,291.0891,291.6078,291.6501,290.9569,289.4304,287.1176,284.1663,280.7664,277.0925,273.2582,269.2891,265.1148,260.5775,255.4539,249.4856,242.4147,234.0215,224.157,212.767,199.8989,350.78490722709915,258.6224431414475,2292.3887,615.3076000000001,2777.7381,-25.88240000000002
565,565,565.0,565.0,565.0,565.0,565.0,565.0,565.0,565.0,565.0,565.0,565.0,565.0,565.0,565.0,565.0,565.0,565.0,565.0,565.0,565.0,565.0,565.0,565.0,565.0,565.0,565.0,565.0,5.0,0.5,336.2046,323.7505,313.1541,304.1932,296.6507,290.297,284.8935,280.2083,276.0372,272.2246,268.6779,265.3756,262.3646,259.7475,257.658,256.2262,255.5379,255.5964,256.295,257.4107,317.3615472998241,232.03500501915408,2907.6963,515.7284999999997,2162.4305,-22.70299999999997
566,566,566.0,566.0,566.0,566.0,566.0,566.0,566.0,566.0,566.0,566.0,566.0,566.0,566.0,566.0,566.0,566.0,566.0,566.0,566.0,566.0,566.0,566.0,566.0,566.0,566.0,566.0,566.0,6.0,0.6,311.1909,305.8945,301.205,296.9196,292.9004,289.0676,285.3866,281.8514,278.4675,275.2373,272.1477,269.1629,266.2211,263.2351,260.0975,256.6893,252.892,248.5993,243.7272,238.2175,300.1739224366668,251.5757758541045,3423.4248,497.5218000000005,1646.7020000000002,-23.932399999999973
567,567,567.0,567.0,567.0,567.0,567.0,567.0,567.0,567.0,567.0,567.0,567.0,567.0,567.0,567.0,567.0,567.0,567.0,567.0,567.0,567.0,567.0,567.0,567.0,567.0,567.0,567.0,567.0,7.0,0.7,296.9713,294.2297,291.7698,289.4504,287.1709,284.8698,282.5181,280.1117,277.6624,275.1914,272.7246,270.2904,267.9177,265.6343,263.4627,261.4132,259.4765,257.6145,255.7545,253.7881,249.1357069179784,363.84025850655496,3920.9466,438.6862000000001,1149.1801999999998,-28.1302
568,568,568.0,568.0,568.0,568.0,568.0,568.0,568.0,568.0,568.0,568.0,568.0,568.0,568.0,568.0,568.0,568.0,568.0,568.0,568.0,568.0,568.0,568.0,568.0,568.0,568.0,568.0,568.0,8.0,0.8,255.4742,261.1302,265.9098,269.694,272.453,274.2459,275.2083,275.5355,275.468,275.283,275.2923,275.8435,277.3183,280.1231,284.6653,291.3202,300.3927,312.0904,326.523,343.744,323.669149870486,258.28947287599453,4359.6328,327.1264999999994,710.4939999999997,-38.7541
569,569,569.0,569.0,569.0,569.0,569.0,569.0,569.0,569.0,569.0,569.0,569.0,569.0,569.0,569.0,569.0,569.0,569.0,569.0,569.0,569.0,569.0,569.0,569.0,569.0,569.0,569.0,569.0,9.0,0.9,313.1112,303.9838,296.3245,290.1453,285.4019,281.9868,279.7402,278.471,277.9766,278.0544,278.503,279.115,279.6674,279.9189,279.6178,278.5263,276.4565,273.3102,269.1108,264.0137,324.55780085220067,184.7290337222828,4686.7593,383.3675000000003,383.3675000000003,-31.013199999999983
570,570,570.0,570.0,570.0,570.0,570.0,570.0,570.0,570.0,570.0,570.0,570.0,570.0,570.0,570.0,570.0,570.0,570.0,570.0,570.0,570.0,570.0,570.0,570.0,570.0,570.0,570.0,570.0,0.0,0.0,273.0,273.0,273.0,273.0,273.0,273.0,273.0,273.0,273.0,273.0,273.0,273.0,273.0,273.0,273.0,273.0,273.0,273.0,273.0,273.0,275.92135115875806,252.0710179851344,0.0,457.2822,3431.7059,-40.0
571,571,571.0,571.0,571.0,571.0,571.0,571.0,571.0,571.0,571.0,571.0,571.0,571.0,571.0,571.0,571.0,571.0,571.0,571.0,571.0,571.0,571.0,571.0,571.0,571.0,571.0,571.0,571.0,1.0,0.1,275.3398,274.8264,274.3851,274.0165,273.7169,273.4774,273.2836,273.1156,272.9474,272.7454,272.4669,272.0589,271.4571,270.5886,269.3759,267.7448,265.6343,263.0058,259.8503,256.1896,173.8565676319568,255.32181993644463,457.2822,545.6953,2974.4237,-39.52260000000001
572,572,572.0,572.0,572.0,572.0,572.0,572.0,572.0,572.0,572.0,572.0,572.0,572.0,572.0,572.0,572.0,572.0,572.0,572.0,572.0,572.0,572.0,572.0,572.0,572.0,572.0,572.0,572.0,2.0,0.2,192.8579,210.0918,225.1273,237.7163,247.8125,255.5507,261.1976,265.0915,267.5856,269.0051,269.621,269.6412,269.2128,268.4321,267.3563,266.0152,264.4195,262.5673,260.4471,258.0402,281.0479083898326,243.34428804573977,1002.9775,660.2435,2428.7284,-57.4493
573,573,573.0,573.0,573.0,573.0,573.0,573.0,573.0,573.0,573.0,573.0,573.0,573.0,573.0,573.0,573.0,573.0,573.0,573.0,573.0,573.0,573.0,573.0,573.0,573.0,573.0,573.0,573.0,3.0,0.3,275.7158,270.9358,267.0192,264.1578,262.3966,261.6399,261.6847,262.2684,263.117,263.9821,264.6611,265.0028,264.9018,264.287,263.1108,261.3416,258.9599,255.958,252.341,248.1271,299.1169723760097,241.68566385614963,1663.221,621.3872999999999,1768.4849,-51.36009999999999
574,574,574.0,574.0,574.0,574.0,574.0,574.0,574.0,574.0,574.0,574.0,574.0,574.0,574.0,574.0,574.0,574.0,574.0,574.0,574.0,574.0,574.0,574.0,574.0,574.0,574.0,574.0,574.0,4.0,0.4,292.7339,287.0355,282.0692,277.8633,274.4128,271.6727,269.5605,267.9638,266.7517,265.7858,264.9303,264.0582,263.0565,261.8272,260.2885,258.3735,256.0293,253.2155,249.9016,246.0646,407.58669125872905,403.097791150358,2284.6083,486.2719000000002,1147.0976,-41.32729999999998
575,575,575.0,575.0,575.0,575.0,575.0,575.0,575.0,575.0,575.0,575.0,575.0,575.0,575.0,575.0,575.0,575.0,575.0,575.0,575.0,575.0,575.0,575.0,575.0,575.0,575.0,575.0,575.0,5.0,0.5,379.0233,355.0455,334.9815,318.4091,304.9958,294.4152,286.3237,280.3781,276.2753,273.7983,272.8545,273.4982,275.9315,280.4814,287.5542,297.5732,310.9187,327.8889,348.7129,373.6361,347.4346357765121,468.1917694077102,2770.8802,183.9303,660.8256999999999,-18.584799999999973
576,576,576.0,576.0,576.0,576.0,576.0,576.0,576.0,576.0,576.0,576.0,576.0,576.0,576.0,576.0,576.0,576.0,576.0,576.0,576.0,576.0,576.0,576.0,576.0,576.0,576.0,576.0,576.0,6.0,0.6,336.2473,326.8442,318.7938,311.8022,305.7065,300.4607,296.1155,292.7949,290.675,289.9687,290.9166,293.7841,298.8606,306.4588,316.9148,330.5933,347.9072,369.3696,395.699,428.016,305.0532000843764,423.03381452726205,2954.8105,53.04169999999976,476.8953999999999,-12.539300000000026
577,577,577.0,577.0,577.0,577.0,577.0,577.0,577.0,577.0,577.0,577.0,577.0,577.0,577.0,577.0,577.0,577.0,577.0,577.0,577.0,577.0,577.0,577.0,577.0,577.0,577.0,577.0,577.0,7.0,0.7,302.8488,301.1968,299.8903,298.7979,297.874,297.1567,296.7536,296.8209,297.5394,299.0933,301.6538,305.3708,310.3729,316.7785,324.7156,334.3542,345.9464,359.8778,376.7291,397.3599,262.88099125712466,245.1737000243492,3007.8522,59.93150000000014,423.8537000000001,-15.8433
578,578,578.0,578.0,578.0,578.0,578.0,578.0,578.0,578.0,578.0,578.0,578.0,578.0,578.0,578.0,578.0,578.0,578.0,578.0,578.0,578.0,578.0,578.0,578.0,578.0,578.0,578.0,578.0,8.0,0.8,268.3896,273.5251,278.1554,282.2097,285.6876,288.6517,291.206,293.4648,295.5182,297.3975,299.0475,300.3081,300.9113,300.4973,298.6545,294.9807,289.1613,281.0514,270.7413,258.5847,435.2637803796752,281.1800510650027,3067.7837,185.45730000000003,363.9222,-24.348299999999995
579,579,579.0,579.0,579.0,579.0,579.0,579.0,579.0,579.0,579.0,579.0,579.0,579.0,579.0,579.0,579.0,579.0,579.0,579.0,579.0,579.0,579.0,579.0,579.0,579.0,579.0,579.0,579.0,9.0,0.9,401.628,374.1341,351.7896,333.9756,320.1915,309.9234,302.602,297.6182,294.3672,292.2962,290.9409,289.9447,289.0625,288.1512,287.1524,286.0703,284.9483,283.8462,282.8222,281.9227,301.3355534947385,450.6183204269235,3253.241,178.46489999999994,178.46489999999994,-3.076599999999985
580,580,580.0,580.0,580.0,580.0,580.0,580.0,580.0,580.0,580.0,580.0,580.0,580.0,580.0,580.0,580.0,580.0,580.0,580.0,580.0,580.0,580.0,580.0,580.0,580.0,580.0,580.0,580.0,0.0,0.0,273.0,273.0,273.0,273.0,273.0,273.0,273.0,273.0,273.0,273.0,273.0,273.0,273.0,273.0,273.0,273.0,273.0,273.0,273.0,273.0,277.46344127462936,371.9199540052192,0.0,405.4078,2545.4519,-40.0
581,581,581.0,581.0,581.0,581.0,581.0,581.0,581.0,581.0,581.0,581.0,581.0,581.0,581.0,581.0,581.0,581.0,581.0,581.0,581.0,581.0,581.0,581.0,581.0,581.0,581.0,581.0,581.0,1.0,0.1,276.5769,275.7969,275.1323,274.5896,274.174,273.892,273.7572,273.7993,274.0747,274.6784,275.7553,277.5079,280.1974,284.1336,289.6542,297.0939,306.7523,318.8719,333.6417,351.2395,319.3487634817023,295.27207272285176,405.4078,277.676,2140.0441,-39.108
582,582,582.0,582.0,582.0,582.0,582.0,582.0,582.0,582.0,582.0,582.0,582.0,582.0,582.0,582.0,582.0,582.0,582.0,582.0,582.0,582.0,582.0,582.0,582.0,582.0,582.0,582.0,582.0,2.0,0.2,310.1878,302.2687,295.5945,290.1631,285.9454,282.8784,280.869,279.8042,279.5615,280.0149,281.0361,282.4902,284.232,286.1068,287.9589,289.6503,291.0875,292.2487,293.2051,294.1272,193.9548838882841,305.5746638663079,683.0838,298.0634,1862.3681,-30.1216
583,583,583.0,583.0,583.0,583.0,583.0,583.0,583.0,583.0,583.0,583.0,583.0,583.0,583.0,583.0,583.0,583.0,583.0,583.0,583.0,583.0,583.0,583.0,583.0,583.0,583.0,583.0,583.0,3.0,0.3,211.219,226.8381,240.3808,251.6133,260.5193,267.2761,272.1999,275.6793,278.1132,279.8645,281.2346,282.4563,283.7006,285.0908,286.719,288.6601,290.9827,293.7558,297.0538,300.9606,207.8731877788392,342.3348233193424,981.1472,399.5393,1564.3047,-45.723900000000015
584,584,584.0,584.0,584.0,584.0,584.0,584.0,584.0,584.0,584.0,584.0,584.0,584.0,584.0,584.0,584.0,584.0,584.0,584.0,584.0,584.0,584.0,584.0,584.0,584.0,584.0,584.0,584.0,4.0,0.4,218.4581,228.0817,236.7556,244.4997,251.3445,257.3351,262.5358,267.0342,270.9448,274.4103,277.6014,280.7151,283.9704,287.6017,291.8494,296.9487,303.1196,310.5604,319.4514,329.9719,367.1151951167567,229.763415834512,1380.6865,381.9888000000001,1164.7654,-55.66489999999999
585,585,585.0,585.0,585.0,585.0,585.0,585.0,585.0,585.0,585.0,585.0,585.0,585.0,585.0,585.0,585.0,585.0,585.0,585.0,585.0,585.0,585.0,585.0,585.0,585.0,585.0,585.0,585.0,5.0,0.5,344.9883,326.0035,310.1847,297.5629,288.0622,281.4516,277.3538,275.2886,274.7285,275.1447,276.0342,276.9282,277.3876,276.9994,275.3822,272.2077,267.2367,260.3615,251.6403,241.3099,307.48759255420697,412.8444600273617,1762.6753,325.9772999999998,782.7765999999999,-31.54840000000001
586,586,586.0,586.0,586.0,586.0,586.0,586.0,586.0,586.0,586.0,586.0,586.0,586.0,586.0,586.0,586.0,586.0,586.0,586.0,586.0,586.0,586.0,586.0,586.0,586.0,586.0,586.0,586.0,6.0,0.6,303.0033,299.1535,295.7392,292.6277,289.7562,287.1252,284.7852,282.8242,281.3616,280.5529,280.6041,281.789,284.4618,289.0532,296.0459,305.9303,319.1556,336.0984,357.0807,382.464,213.1843831638254,410.1204079600421,2088.6526,188.56050000000005,456.7993000000001,-25.8748
587,587,587.0,587.0,587.0,587.0,587.0,587.0,587.0,587.0,587.0,587.0,587.0,587.0,587.0,587.0,587.0,587.0,587.0,587.0,587.0,587.0,587.0,587.0,587.0,587.0,587.0,587.0,587.0,7.0,0.7,227.0491,239.5758,250.4414,259.4812,266.7108,272.3131,276.6022,279.9752,282.8642,285.6988,288.8804,292.7705,297.6884,303.9181,311.721,321.3541,333.0968,347.2874,364.3758,385.0029,395.5814342076746,406.04579260243617,2277.2131,143.36410000000024,268.2388000000001,-40.68689999999998
588,588,588.0,588.0,588.0,588.0,588.0,588.0,588.0,588.0,588.0,588.0,588.0,588.0,588.0,588.0,588.0,588.0,588.0,588.0,588.0,588.0,588.0,588.0,588.0,588.0,588.0,588.0,588.0,8.0,0.8,368.8783,346.4649,328.0534,313.4823,302.559,294.9897,290.3785,288.2717,288.2195,289.8318,292.8143,296.9839,302.2661,308.6838,316.3446,325.4345,336.2214,349.0716,364.4843,383.1496,363.1714943380042,377.54952743149965,2420.5772,64.9685999999997,124.87469999999983,-18.010299999999972
589,589,589.0,589.0,589.0,589.0,589.0,589.0,589.0,589.0,589.0,589.0,589.0,589.0,589.0,589.0,589.0,589.0,589.0,589.0,589.0,589.0,589.0,589.0,589.0,589.0,589.0,589.0,589.0,9.0,0.9,348.7273,336.7602,326.834,318.6504,312.0146,306.8058,302.9505,300.4004,299.1146,299.0488,300.151,302.3643,305.6345,309.9234,315.2252,321.5867,329.1293,338.0732,348.7623,361.6923,240.74858520704515,399.113903625602,2485.5458,59.90610000000015,59.90610000000015,-6.194200000000024
590,590,590.0,590.0,590.0,590.0,590.0,590.0,590.0,590.0,590.0,590.0,590.0,590.0,590.0,590.0,590.0,590.0,590.0,590.0,590.0,590.0,590.0,590.0,590.0,590.0,590.0,590.0,590.0,0.0,0.0,273.0,273.0,273.0,273.0,273.0,273.0,273.0,273.0,273.0,273.0,273.0,273.0,273.0,273.0,273.0,273.0,273.0,273.0,273.0,273.0,223.216633905143,274.27623070847244,0.0,471.9118,3812.0681,12.196300000000008
591,591,591.0,591.0,591.0,591.0,591.0,591.0,591.0,591.0,591.0,591.0,591.0,591.0,591.0,591.0,591.0,591.0,591.0,591.0,591.0,591.0,591.0,591.0,591.0,591.0,591.0,591.0,591.0,1.0,0.1,232.8938,241.5673,249.0842,255.3651,260.4155,264.3188,267.2166,269.283,270.6996,271.6354,272.2346,272.6122,272.8541,273.0219,273.1574,273.2885,273.4326,273.6001,273.7959,274.0215,255.5377350188288,401.7948731927253,471.9118,470.71879999999993,3340.1563,12.196300000000008
592,592,592.0,592.0,592.0,592.0,592.0,592.0,592.0,592.0,592.0,592.0,592.0,592.0,592.0,592.0,592.0,592.0,592.0,592.0,592.0,592.0,592.0,592.0,592.0,592.0,592.0,592.0,592.0,2.0,0.2,257.1377,258.5455,259.8831,261.2355,262.6482,264.1358,265.6986,267.3469,269.1255,271.1378,273.5632,276.6677,280.8018,286.3846,293.8738,303.7257,316.3571,332.1256,351.3497,374.388,241.50864225502377,251.4525488212427,942.6306,355.8193000000001,2869.4375,12.196300000000008
593,593,593.0,593.0,593.0,593.0,593.0,593.0,593.0,593.0,593.0,593.0,593.0,593.0,593.0,593.0,593.0,593.0,593.0,593.0,593.0,593.0,593.0,593.0,593.0,593.0,593.0,593.0,593.0,3.0,0.3,246.5127,250.9831,254.9571,258.4875,261.6451,264.516,267.1926,269.7597,272.277,274.7598,277.1605,279.3542,281.1343,282.2222,282.2967,281.0414,278.2067,273.6732,267.5014,259.9503,374.3903623121988,211.19228122656315,1298.4499,432.4448,2513.6182,12.196300000000008
594,594,594.0,594.0,594.0,594.0,594.0,594.0,594.0,594.0,594.0,594.0,594.0,594.0,594.0,594.0,594.0,594.0,594.0,594.0,594.0,594.0,594.0,594.0,594.0,594.0,594.0,594.0,594.0,4.0,0.4,351.9326,332.7806,316.7801,303.832,293.7804,286.3595,281.1906,277.8122,275.7231,274.4218,273.434,272.3259,270.7078,268.2342,264.6074,259.5871,253.0069,244.7925,234.9761,223.6981,291.6053735149369,191.7071294841864,1730.8947,508.5600999999999,2081.1734,12.196300000000008
595,595,595.0,595.0,595.0,595.0,595.0,595.0,595.0,595.0,595.0,595.0,595.0,595.0,595.0,595.0,595.0,595.0,595.0,595.0,595.0,595.0,595.0,595.0,595.0,595.0,595.0,595.0,595.0,5.0,0.5,290.8962,290.315,289.6031,288.5835,287.17,285.3559,283.187,280.7262,278.0199,275.0733,271.8364,268.2034,264.0207,259.1041,253.2583,246.3006,238.0826,228.5094,217.5523,205.2512,340.2562235307446,313.59191358493604,2239.4548,544.4553000000001,1572.6133,12.196300000000008
596,596,596.0,596.0,596.0,596.0,596.0,596.0,596.0,596.0,596.0,596.0,596.0,596.0,596.0,596.0,596.0,596.0,596.0,596.0,596.0,596.0,596.0,596.0,596.0,596.0,596.0,596.0,596.0,6.0,0.6,327.8376,317.1936,308.124,300.4571,294.0183,288.6202,284.0693,280.1846,276.8231,273.9043,271.4315,269.5038,268.3148,268.1362,269.2809,272.0512,276.6784,283.2681,291.769,301.9789,457.12739346206257,302.9195176795208,2783.9101,370.7264,1028.158,12.196300000000008
597,597,597.0,597.0,597.0,597.0,597.0,597.0,597.0,597.0,597.0,597.0,597.0,597.0,597.0,597.0,597.0,597.0,597.0,597.0,597.0,597.0,597.0,597.0,597.0,597.0,597.0,597.0,597.0,7.0,0.7,418.8443,387.7705,362.3204,341.5235,324.7096,311.3386,300.9224,293.0028,287.1599,283.0286,280.3116,278.782,278.2774,278.6859,279.9318,281.9624,284.7393,288.234,292.4286,297.3188,356.86135734327524,365.2330240318496,3154.6365,250.69999999999985,657.4315999999999,12.196300000000008
598,598,598.0,598.0,598.0,598.0,598.0,598.0,598.0,598.0,598.0,598.0,598.0,598.0,598.0,598.0,598.0,598.0,598.0,598.0,598.0,598.0,598.0,598.0,598.0,598.0,598.0,598.0,598.0,8.0,0.8,345.8073,336.729,328.991,322.1381,315.8893,310.1198,304.8292,300.1037,296.0808,292.9219,290.7977,289.8824,290.3549,292.4001,296.205,301.9513,309.8043,319.9086,332.3973,347.4253,368.8207642877564,276.6047456123557,3405.3365,157.5246000000002,406.73160000000007,12.196300000000008
599,599,599.0,599.0,599.0,599.0,599.0,599.0,599.0,599.0,599.0,599.0,599.0,599.0,599.0,599.0,599.0,599.0,599.0,599.0,599.0,599.0,599.0,599.0,599.0,599.0,599.0,599.0,599.0,9.0,0.9,353.7457,341.3439,331.0961,322.6172,315.6163,309.8706,305.2081,301.4922,298.6085,296.4487,294.8957,293.8089,293.0161,292.3142,291.4823,290.308,288.6218,286.3343,283.463,280.1418,466.1977000784204,217.8827073944748,3562.8611,249.20699999999988,249.20699999999988,12.196300000000008
600,600,600.0,600.0,600.0,600.0,600.0,600.0,600.0,600.0,600.0,600.0,600.0,600.0,600.0,600.0,600.0,600.0,600.0,600.0,600.0,600.0,600.0,600.0,600.0,600.0,600.0,600.0,600.0,0.0,0.0,273.0,273.0,273.0,273.0,273.0,273.0,273.0,273.0,273.0,273.0,273.0,273.0,273.0,273.0,273.0,273.0,273.0,273.0,273.0,273.0,192.83562123148025,232.74406581458004,0.0,512.5926,3535.0989,-40.0
601,601,601.0,601.0,601.0,601.0,601.0,601.0,601.0,601.0,601.0,601.0,601.0,601.0,601.0,601.0,601.0,601.0,601.0,601.0,601.0,601.0,601.0,601.0,601.0,601.0,601.0,601.0,601.0,1.0,0.1,208.234,222.1441,234.2601,244.4118,252.5802,258.8809,263.5265,266.7781,268.8982,270.113,270.5869,270.4115,269.6059,268.1275,265.8914,262.7951,258.7462,253.6878,247.6184,240.5986,246.87375428402,257.5192330674073,512.5926,660.0139000000001,3022.5063,-54.1191
602,602,602.0,602.0,602.0,602.0,602.0,602.0,602.0,602.0,602.0,602.0,602.0,602.0,602.0,602.0,602.0,602.0,602.0,602.0,602.0,602.0,602.0,602.0,602.0,602.0,602.0,602.0,602.0,2.0,0.2,248.9311,250.7324,252.4613,254.2333,256.0862,257.9871,259.8517,261.5715,263.0391,264.1687,264.9086,265.2459,265.2035,264.8331,264.2034,263.386,262.4406,261.4013,260.2667,258.9971,470.8727693815427,411.9552542794787,1172.6065,513.377,2362.4924,-55.0129
603,603,603.0,603.0,603.0,603.0,603.0,603.0,603.0,603.0,603.0,603.0,603.0,603.0,603.0,603.0,603.0,603.0,603.0,603.0,603.0,603.0,603.0,603.0,603.0,603.0,603.0,603.0,603.0,3.0,0.3,425.143,387.6739,356.8799,331.9136,312.1998,297.1947,286.2976,278.8647,274.2755,272.012,271.7237,273.2638,276.6917,282.2429,290.2742,301.1937,315.395,333.2193,354.9709,381.0118,195.1039212851809,338.0253208035985,1685.9835,204.7274,1849.1154,-15.805299999999988
604,604,604.0,604.0,604.0,604.0,604.0,604.0,604.0,604.0,604.0,604.0,604.0,604.0,604.0,604.0,604.0,604.0,604.0,604.0,604.0,604.0,604.0,604.0,604.0,604.0,604.0,604.0,604.0,4.0,0.4,216.0867,234.9344,250.836,263.3609,272.4951,278.5904,282.2566,284.2315,285.2596,285.9983,286.9607,288.4934,290.7844,293.8921,297.7901,302.418,307.7344,313.7646,320.6357,328.5973,420.2398754035465,393.2000218227398,1890.7109,191.0250000000001,1644.388,-34.40960000000001
605,605,605.0,605.0,605.0,605.0,605.0,605.0,605.0,605.0,605.0,605.0,605.0,605.0,605.0,605.0,605.0,605.0,605.0,605.0,605.0,605.0,605.0,605.0,605.0,605.0,605.0,605.0,605.0,5.0,0.5,388.0922,361.401,339.5463,322.162,308.9094,299.3698,293.0317,289.3366,287.7496,287.8238,289.2447,291.8468,295.607,300.6232,307.0838,315.2384,325.375,337.8131,352.9203,371.1629,313.7273943117842,342.54488826080745,2081.7359,95.76440000000002,1453.3629999999998,-13.630200000000002
606,606,606.0,606.0,606.0,606.0,606.0,606.0,606.0,606.0,606.0,606.0,606.0,606.0,606.0,606.0,606.0,606.0,606.0,606.0,606.0,606.0,606.0,606.0,606.0,606.0,606.0,606.0,606.0,6.0,0.6,310.6736,308.2803,306.2104,304.2457,302.2991,300.4029,298.6767,297.2857,296.3991,296.1567,296.649,297.9106,299.9267,302.6491,306.0202,310.0015,314.6037,319.9149,326.1227,333.527,219.79754363125,256.11929027741064,2177.5003,135.76179999999977,1357.5985999999998,-12.597100000000012
607,607,607.0,607.0,607.0,607.0,607.0,607.0,607.0,607.0,607.0,607.0,607.0,607.0,607.0,607.0,607.0,607.0,607.0,607.0,607.0,607.0,607.0,607.0,607.0,607.0,607.0,607.0,607.0,7.0,0.7,234.0778,247.0548,258.3716,267.8272,275.394,281.1985,285.4774,288.521,290.6164,292.0004,292.8273,293.1518,292.9297,292.0336,290.2835,287.4889,283.498,278.2446,271.7841,264.3063,187.4534111329764,193.2720843644697,2313.2621,358.3364999999999,1221.8368,-31.801499999999976
608,608,608.0,608.0,608.0,608.0,608.0,608.0,608.0,608.0,608.0,608.0,608.0,608.0,608.0,608.0,608.0,608.0,608.0,608.0,608.0,608.0,608.0,608.0,608.0,608.0,608.0,608.0,608.0,8.0,0.8,203.9842,219.0934,232.5537,244.226,254.0669,262.1173,268.4787,273.2815,276.6519,278.6838,279.4164,278.822,276.804,273.2076,267.8433,260.5221,251.0997,239.5218,225.8599,210.3283,356.6002942269049,323.1295420237916,2671.5986,522.5975000000003,863.5003000000002,-50.8827
609,609,609.0,609.0,609.0,609.0,609.0,609.0,609.0,609.0,609.0,609.0,609.0,609.0,609.0,609.0,609.0,609.0,609.0,609.0,609.0,609.0,609.0,609.0,609.0,609.0,609.0,609.0,609.0,9.0,0.9,336.7706,319.6923,305.451,294.088,285.5036,279.4268,275.4437,273.0655,271.8099,271.2765,271.2022,271.4892,272.2068,273.567,275.8773,279.476,284.6617,291.6297,300.4346,310.9927,376.5801395283793,291.8517625906528,3194.1961,340.90279999999984,340.90279999999984,-33.573199999999986
610,610,610.0,610.0,610.0,610.0,610.0,610.0,610.0,610.0,610.0,610.0,610.0,610.0,610.0,610.0,610.0,610.0,610.0,610.0,610.0,610.0,610.0,610.0,610.0,610.0,610.0,610.0,610.0,0.0,0.0,273.0,273.0,273.0,273.0,273.0,273.0,273.0,273.0,273.0,273.0,273.0,273.0,273.0,273.0,273.0,273.0,273.0,273.0,273.0,273.0,215.10481640668723,306.90581444183346,0.0,461.4172,5030.6883,-40.0
611,611,611.0,611.0,611.0,611.0,611.0,611.0,611.0,611.0,611.0,611.0,611.0,611.0,611.0,611.0,611.0,611.0,611.0,611.0,611.0,611.0,611.0,611.0,611.0,611.0,611.0,611.0,611.0,1.0,0.1,226.3227,236.4,245.1472,252.4655,258.3592,262.9279,266.3444,268.8263,270.6091,271.9264,272.999,274.0318,275.2153,276.7268,278.7299,281.3687,284.7596,288.9832,294.0803,300.058,338.8142616268997,273.0643391035038,461.4172,440.4493,4569.2711,-50.07209999999998
612,612,612.0,612.0,612.0,612.0,612.0,612.0,612.0,612.0,612.0,612.0,612.0,612.0,612.0,612.0,612.0,612.0,612.0,612.0,612.0,612.0,612.0,612.0,612.0,612.0,612.0,612.0,612.0,2.0,0.2,323.3208,309.8797,298.6023,289.5538,282.6928,277.8531,274.7629,273.0871,272.4749,272.5987,273.1774,273.9828,274.835,275.5929,276.1461,276.4124,276.3405,275.9175,275.174,274.1854,324.8996253597296,259.855788043432,901.8665,382.1809999999999,4128.8218,-35.14690000000002
613,613,613.0,613.0,613.0,613.0,613.0,613.0,613.0,613.0,613.0,613.0,613.0,613.0,613.0,613.0,613.0,613.0,613.0,613.0,613.0,613.0,613.0,613.0,613.0,613.0,613.0,613.0,613.0,3.0,0.3,315.9236,308.1844,301.5181,295.8058,290.9593,286.9075,283.5847,280.9206,278.8337,277.2283,275.994,275.0093,274.1461,273.2769,272.2823,271.0593,269.5294,267.6441,265.3884,262.7788,277.1855474050994,394.8722295157521,1284.0475,338.1120000000001,3746.6408,-26.092499999999973
614,614,614.0,614.0,614.0,614.0,614.0,614.0,614.0,614.0,614.0,614.0,614.0,614.0,614.0,614.0,614.0,614.0,614.0,614.0,614.0,614.0,614.0,614.0,614.0,614.0,614.0,614.0,614.0,4.0,0.4,278.6871,280.0718,281.1672,281.8617,282.1173,281.969,281.516,280.909,280.3408,280.0434,280.2913,281.4075,283.7661,287.7846,293.901,302.5403,314.0767,328.8126,346.9927,368.8748,181.7680915920533,188.1854477601421,1622.1595,311.3115,3408.5288,-31.03100000000001
615,615,615.0,615.0,615.0,615.0,615.0,615.0,615.0,615.0,615.0,615.0,615.0,615.0,615.0,615.0,615.0,615.0,615.0,615.0,615.0,615.0,615.0,615.0,615.0,615.0,615.0,615.0,615.0,5.0,0.5,200.4116,217.3588,232.2033,244.7216,254.8914,262.8693,268.9375,273.4347,276.684,278.928,280.2788,280.6856,279.9262,277.6258,273.3067,266.469,256.6943,243.757,227.7162,208.9612,310.5036806470153,293.58390223426443,1933.471,516.7221,3097.2173,-50.13069999999999
616,616,616.0,616.0,616.0,616.0,616.0,616.0,616.0,616.0,616.0,616.0,616.0,616.0,616.0,616.0,616.0,616.0,616.0,616.0,616.0,616.0,616.0,616.0,616.0,616.0,616.0,616.0,616.0,6.0,0.6,300.3323,291.4365,284.079,278.409,274.4178,271.9382,270.68,270.2885,270.4092,270.7441,271.0926,271.3724,271.6223,271.987,272.6845,273.9613,276.0383,279.0615,283.0658,287.9668,180.81494625995893,186.82946680598573,2450.1931,537.8994000000002,2580.4952,-41.061800000000005
617,617,617.0,617.0,617.0,617.0,617.0,617.0,617.0,617.0,617.0,617.0,617.0,617.0,617.0,617.0,617.0,617.0,617.0,617.0,617.0,617.0,617.0,617.0,617.0,617.0,617.0,617.0,617.0,7.0,0.7,199.0159,215.4655,229.7179,241.5262,250.8622,257.8882,262.8973,266.2385,268.2442,269.1722,269.1673,268.2433,266.2857,263.0724,258.3132,251.7033,242.9879,232.0265,218.8436,203.6508,217.44087500691268,283.9827865139914,2988.0925,769.1437999999998,2042.5958,-55.11180000000002
618,618,618.0,618.0,618.0,618.0,618.0,618.0,618.0,618.0,618.0,618.0,618.0,618.0,618.0,618.0,618.0,618.0,618.0,618.0,618.0,618.0,618.0,618.0,618.0,618.0,618.0,618.0,618.0,8.0,0.8,224.6989,231.2046,237.0526,242.3007,246.9663,251.0325,254.4635,257.2253,259.3061,260.7352,261.5975,262.0418,262.2801,262.5761,263.2195,264.4889,266.6052,269.6883,273.7274,278.5768,342.25542964028284,230.55466714407908,3757.2363,690.6200000000003,1273.4519999999998,-61.9675
619,619,619.0,619.0,619.0,619.0,619.0,619.0,619.0,619.0,619.0,619.0,619.0,619.0,619.0,619.0,619.0,619.0,619.0,619.0,619.0,619.0,619.0,619.0,619.0,619.0,619.0,619.0,619.0,9.0,0.9,324.6881,309.3131,296.2598,285.6163,277.3563,271.3129,267.1945,264.6275,263.206,262.5345,262.2538,262.0499,261.6503,260.8164,259.3386,257.038,253.7773,249.4758,244.1213,237.7738,214.2679200314091,344.9977390497619,4447.8563,582.8319999999994,582.8319999999994,-41.68709999999999
620,620,620.0,620.0,620.0,620.0,620.0,620.0,620.0,620.0,620.0,620.0,620.0,620.0,620.0,620.0,620.0,620.0,620.0,620.0,620.0,620.0,620.0,620.0,620.0,620.0,620.0,620.0,620.0,0.0,0.0,273.0,273.0,273.0,273.0,273.0,273.0,273.0,273.0,273.0,273.0,273.0,273.0,273.0,273.0,273.0,273.0,273.0,273.0,273.0,273.0,417.1278841744212,452.5267544672756,0.0,353.6656,3265.6199,-40.0
621,621,621.0,621.0,621.0,621.0,621.0,621.0,621.0,621.0,621.0,621.0,621.0,621.0,621.0,621.0,621.0,621.0,621.0,621.0,621.0,621.0,621.0,621.0,621.0,621.0,621.0,621.0,621.0,1.0,0.1,386.1917,360.3885,338.9916,321.56,307.7406,297.1706,289.4526,284.1824,281.0016,279.6556,280.0389,282.2213,286.4471,293.1089,302.6989,315.7495,332.7822,354.2965,380.8311,413.1397,269.1019361956592,455.6836041005781,353.6656,107.44480000000004,2911.9543000000003,-15.82940000000002
622,622,622.0,622.0,622.0,622.0,622.0,622.0,622.0,622.0,622.0,622.0,622.0,622.0,622.0,622.0,622.0,622.0,622.0,622.0,622.0,622.0,622.0,622.0,622.0,622.0,622.0,622.0,622.0,2.0,0.2,274.8854,280.1177,284.4304,287.6241,289.6977,290.8361,291.3689,291.7132,292.3176,293.6179,296.01,299.84,305.4094,312.9905,322.8497,335.279,350.6398,369.425,392.3545,420.5279,177.83212459919278,413.1452208779274,461.1104,96.39739999999996,2804.5095,-22.16390000000001
623,623,623.0,623.0,623.0,623.0,623.0,623.0,623.0,623.0,623.0,623.0,623.0,623.0,623.0,623.0,623.0,623.0,623.0,623.0,623.0,623.0,623.0,623.0,623.0,623.0,623.0,623.0,623.0,3.0,0.3,198.3044,217.033,233.5995,247.784,259.586,269.206,276.9964,283.4004,288.8922,293.9289,298.9184,304.2057,310.0741,316.7612,324.486,333.4846,344.0541,356.602,371.7026,390.1671,207.5882606654273,179.14452830203317,557.5078,234.58040000000005,2708.1121000000003,-43.79399999999998
624,624,624.0,624.0,624.0,624.0,624.0,624.0,624.0,624.0,624.0,624.0,624.0,624.0,624.0,624.0,624.0,624.0,624.0,624.0,624.0,624.0,624.0,624.0,624.0,624.0,624.0,624.0,624.0,4.0,0.4,218.4638,228.4791,237.7342,246.3098,254.2615,261.6181,268.3823,274.5269,279.985,284.6313,288.259,290.5573,291.0999,289.3559,284.7311,276.647,264.6502,248.5375,228.4665,205.0133,186.3922719964658,183.12670529084667,792.0882,553.0533999999999,2473.5317,-51.38189999999997
625,625,625.0,625.0,625.0,625.0,625.0,625.0,625.0,625.0,625.0,625.0,625.0,625.0,625.0,625.0,625.0,625.0,625.0,625.0,625.0,625.0,625.0,625.0,625.0,625.0,625.0,625.0,625.0,5.0,0.5,200.7045,213.7694,225.5074,235.8752,244.864,252.4897,258.7784,263.7491,267.4001,269.6994,270.5817,269.9524,267.6968,263.6943,257.8356,250.0406,240.2759,228.5693,215.0186,199.7932,221.05532642967648,411.6404623552856,1345.1416,738.6055999999999,1920.4783,-60.5103
626,626,626.0,626.0,626.0,626.0,626.0,626.0,626.0,626.0,626.0,626.0,626.0,626.0,626.0,626.0,626.0,626.0,626.0,626.0,626.0,626.0,626.0,626.0,626.0,626.0,626.0,626.0,626.0,6.0,0.6,227.1617,232.6182,237.5731,242.1254,246.3184,250.1501,253.5966,256.6455,259.3351,261.7932,264.2711,267.1649,271.0171,276.4899,284.3081,295.1779,309.7018,328.3204,351.3218,378.9504,403.8799331888348,370.9125831580394,2083.7472,411.6113,1181.8727000000003,-62.84989999999999
627,627,627.0,627.0,627.0,627.0,627.0,627.0,627.0,627.0,627.0,627.0,627.0,627.0,627.0,627.0,627.0,627.0,627.0,627.0,627.0,627.0,627.0,627.0,627.0,627.0,627.0,627.0,627.0,7.0,0.7,372.9521,346.694,324.7679,307.0246,293.3061,283.348,276.7659,273.0951,271.854,272.6036,274.987,278.7453,283.7134,289.8064,297.0045,305.3462,314.9316,325.9361,338.6347,353.4334,250.5915085225309,348.1961623334585,2495.3585,193.78030000000035,770.2614000000003,-29.651999999999987
628,628,628.0,628.0,628.0,628.0,628.0,628.0,628.0,628.0,628.0,628.0,628.0,628.0,628.0,628.0,628.0,628.0,628.0,628.0,628.0,628.0,628.0,628.0,628.0,628.0,628.0,628.0,628.0,8.0,0.8,258.4771,265.5027,271.3325,275.7996,278.9305,280.9261,282.1108,282.8669,283.5725,284.5525,286.0523,288.2315,291.175,294.9153,299.4609,304.8265,311.0613,318.275,326.6577,336.4976,190.9898213588147,349.0514423164843,2689.1388,236.2221999999997,576.4811,-32.07389999999998
629,629,629.0,629.0,629.0,629.0,629.0,629.0,629.0,629.0,629.0,629.0,629.0,629.0,629.0,629.0,629.0,629.0,629.0,629.0,629.0,629.0,629.0,629.0,629.0,629.0,629.0,629.0,629.0,9.0,0.9,207.4225,222.3854,235.6025,246.9283,256.3638,264.0442,270.2091,275.1614,279.2292,282.733,285.966,289.1841,292.606,296.4191,300.7912,305.882,311.8578,318.9063,327.2524,337.1789,174.3193462255947,446.9906162136512,2925.361,340.25890000000027,340.25890000000027,-48.95580000000001
630,630,630.0,630.0,630.0,630.0,630.0,630.0,630.0,630.0,630.0,630.0,630.0,630.0,630.0,630.0,630.0,630.0,630.0,630.0,630.0,630.0,630.0,630.0,630.0,630.0,630.0,630.0,630.0,0.0,0.0,273.0,273.0,273.0,273.0,273.0,273.0,273.0,273.0,273.0,273.0,273.0,273.0,273.0,273.0,273.0,273.0,273.0,273.0,273.0,273.0,330.84065993228285,255.89442040941083,0.0,436.3355,2460.8777,7.2187999999999874
631,631,631.0,631.0,631.0,631.0,631.0,631.0,631.0,631.0,631.0,631.0,631.0,631.0,631.0,631.0,631.0,631.0,631.0,631.0,631.0,631.0,631.0,631.0,631.0,631.0,631.0,631.0,631.0,1.0,0.1,319.0159,308.7863,300.1144,292.9582,287.237,282.819,279.5263,277.1524,275.4817,274.3075,273.4422,272.7217,272.0043,271.1683,270.1096,268.7422,267.0009,264.8454,262.2629,259.2674,173.05849974668178,469.03595283146944,436.3355,399.16059999999993,2024.5422,7.2187999999999874
632,632,632.0,632.0,632.0,632.0,632.0,632.0,632.0,632.0,632.0,632.0,632.0,632.0,632.0,632.0,632.0,632.0,632.0,632.0,632.0,632.0,632.0,632.0,632.0,632.0,632.0,632.0,632.0,2.0,0.2,194.2547,213.4515,230.043,243.6881,254.3404,262.2215,267.7589,271.5123,274.1119,276.2194,278.5142,281.696,286.4907,293.646,303.9085,317.9873,336.5231,360.0988,389.3334,425.1149,293.4947732077553,321.9117255553957,835.4961,281.3394,1625.3816000000002,7.2187999999999874
633,633,633.0,633.0,633.0,633.0,633.0,633.0,633.0,633.0,633.0,633.0,633.0,633.0,633.0,633.0,633.0,633.0,633.0,633.0,633.0,633.0,633.0,633.0,633.0,633.0,633.0,633.0,633.0,3.0,0.3,286.6137,280.5995,275.7817,272.3801,270.4767,270.021,270.864,272.8033,275.6245,279.1276,283.1335,287.4756,291.9865,296.4905,300.8127,304.8057,308.3929,311.6162,314.6727,317.9303,458.3339391608664,367.09991680462105,1116.8355,202.1936000000001,1344.0422,7.2187999999999874
634,634,634.0,634.0,634.0,634.0,634.0,634.0,634.0,634.0,634.0,634.0,634.0,634.0,634.0,634.0,634.0,634.0,634.0,634.0,634.0,634.0,634.0,634.0,634.0,634.0,634.0,634.0,634.0,4.0,0.4,417.7915,384.7094,357.6979,335.9757,319.005,306.2952,297.3218,291.5223,288.3318,287.2312,287.7901,289.6926,292.7469,296.8799,302.1213,308.5834,316.4403,325.914,337.2735,350.8535,419.2238250834093,328.9041323171549,1319.0291,146.60259999999994,1141.8486,7.2187999999999874
635,635,635.0,635.0,635.0,635.0,635.0,635.0,635.0,635.0,635.0,635.0,635.0,635.0,635.0,635.0,635.0,635.0,635.0,635.0,635.0,635.0,635.0,635.0,635.0,635.0,635.0,635.0,635.0,5.0,0.5,393.505,372.6739,355.5801,341.454,329.7809,320.2188,312.5373,306.5715,302.1875,299.2578,297.6481,297.2124,297.7964,299.2474,301.4288,304.2395,307.6329,311.6362,316.363,322.0199,330.84428414714495,404.1021756049407,1465.6317,122.79230000000008,995.246,7.2187999999999874
636,636,636.0,636.0,636.0,636.0,636.0,636.0,636.0,636.0,636.0,636.0,636.0,636.0,636.0,636.0,636.0,636.0,636.0,636.0,636.0,636.0,636.0,636.0,636.0,636.0,636.0,636.0,636.0,6.0,0.6,326.0196,322.2993,319.2116,316.4172,313.7205,311.0611,308.4905,306.1402,304.1919,302.8546,302.3526,302.9231,304.8189,308.3109,313.6874,321.2496,331.3071,344.1845,360.2508,379.9858,297.9868724040834,212.40940166326413,1588.424,86.12650000000008,872.4537,7.2187999999999874
637,637,637.0,637.0,637.0,637.0,637.0,637.0,637.0,637.0,637.0,637.0,637.0,637.0,637.0,637.0,637.0,637.0,637.0,637.0,637.0,637.0,637.0,637.0,637.0,637.0,637.0,637.0,637.0,7.0,0.7,298.0587,298.4763,299.0175,299.5213,299.8955,300.1113,300.1865,300.1579,300.049,299.8352,299.4121,298.5714,296.9915,294.2486,289.8547,283.323,274.2547,262.4341,247.9081,231.0248,435.9056521390334,241.90083991946585,1674.5505,240.0791999999999,786.3272,7.2187999999999874
638,638,638.0,638.0,638.0,638.0,638.0,638.0,638.0,638.0,638.0,638.0,638.0,638.0,638.0,638.0,638.0,638.0,638.0,638.0,638.0,638.0,638.0,638.0,638.0,638.0,638.0,638.0,638.0,8.0,0.8,403.5654,377.3009,355.9852,338.8825,325.4143,315.0351,307.1862,301.2979,296.8156,293.2316,290.1102,287.1007,283.9399,280.4462,276.507,272.0634,267.0929,261.5924,255.5635,249.0032,214.1028328696479,284.87955370082966,1914.6297,291.03510000000006,546.248,7.2187999999999874
639,639,639.0,639.0,639.0,639.0,639.0,639.0,639.0,639.0,639.0,639.0,639.0,639.0,639.0,639.0,639.0,639.0,639.0,639.0,639.0,639.0,639.0,639.0,639.0,639.0,639.0,639.0,639.0,9.0,0.9,232.7334,249.5249,263.746,274.9709,283.1074,288.3551,291.1213,291.9226,291.2966,289.7389,287.6701,285.4284,283.2791,281.43,280.0442,279.2445,279.1099,279.6671,280.883,282.6663,319.58779489674475,431.8186756999121,2205.6648,255.2129,255.2129,7.2187999999999874
640,640,640.0,640.0,640.0,640.0,640.0,640.0,640.0,640.0,640.0,640.0,640.0,640.0,640.0,640.0,640.0,640.0,640.0,640.0,640.0,640.0,640.0,640.0,640.0,640.0,640.0,640.0,640.0,0.0,0.0,273.0,273.0,273.0,273.0,273.0,273.0,273.0,273.0,273.0,273.0,273.0,273.0,273.0,273.0,273.0,273.0,273.0,273.0,273.0,273.0,289.60524995339284,410.463544096892,0.0,389.4396,3080.1761000000006,-40.0
641,641,641.0,641.0,641.0,641.0,641.0,641.0,641.0,641.0,641.0,641.0,641.0,641.0,641.0,641.0,641.0,641.0,641.0,641.0,641.0,641.0,641.0,641.0,641.0,641.0,641.0,641.0,641.0,1.0,0.1,286.2832,283.3685,280.881,278.8312,277.2161,276.0234,275.2411,274.8741,274.9629,275.6038,276.9666,279.3057,282.9611,288.3443,295.9089,306.1105,319.3681,336.0464,356.4814,381.073,282.7422569015801,364.01904219052926,389.4396,217.94300000000004,2690.7365000000004,-36.97660000000002
642,642,642.0,642.0,642.0,642.0,642.0,642.0,642.0,642.0,642.0,642.0,642.0,642.0,642.0,642.0,642.0,642.0,642.0,642.0,642.0,642.0,642.0,642.0,642.0,642.0,642.0,642.0,642.0,2.0,0.2,281.5304,280.5217,279.7118,279.1118,278.7515,278.6794,278.9607,279.673,280.9006,282.7285,285.2349,288.4868,292.5371,297.4283,303.2019,309.916,317.6689,326.6269,337.0532,349.3359,311.3598518145468,225.4937775082915,607.3826,206.5229,2472.7935,-34.32060000000001
643,643,643.0,643.0,643.0,643.0,643.0,643.0,643.0,643.0,643.0,643.0,643.0,643.0,643.0,643.0,643.0,643.0,643.0,643.0,643.0,643.0,643.0,643.0,643.0,643.0,643.0,643.0,643.0,3.0,0.3,304.588,298.8098,294.0302,290.2474,287.4361,285.5397,284.468,284.0975,284.2705,284.7899,285.411,285.8341,285.7017,284.6091,282.1327,277.8763,271.5339,262.9548,252.1965,239.5456,355.3547034475447,229.71986315246247,813.9055,325.8941000000001,2266.2706000000003,-27.46030000000001
644,644,644.0,644.0,644.0,644.0,644.0,644.0,644.0,644.0,644.0,644.0,644.0,644.0,644.0,644.0,644.0,644.0,644.0,644.0,644.0,644.0,644.0,644.0,644.0,644.0,644.0,644.0,644.0,4.0,0.4,340.2854,327.5511,316.8978,308.1278,301.0492,295.449,291.0856,287.6933,284.9941,282.7109,280.579,278.3547,275.8214,272.7936,269.1202,264.687,259.4174,253.2733,246.2522,238.3831,175.17428653407003,195.29133893959343,1139.7996,457.7779000000001,1940.3765,-17.550999999999988
645,645,645.0,645.0,645.0,645.0,645.0,645.0,645.0,645.0,645.0,645.0,645.0,645.0,645.0,645.0,645.0,645.0,645.0,645.0,645.0,645.0,645.0,645.0,645.0,645.0,645.0,645.0,645.0,5.0,0.5,197.7928,218.2866,235.936,250.3182,261.3328,269.1609,274.1796,276.8611,277.6793,277.0399,275.2381,272.445,268.7135,264.0014,258.2024,251.1826,242.8175,233.0244,221.7872,209.1659,199.77915457957937,371.82832401861697,1597.5775,638.3725999999999,1482.5986,-43.83909999999997
646,646,646.0,646.0,646.0,646.0,646.0,646.0,646.0,646.0,646.0,646.0,646.0,646.0,646.0,646.0,646.0,646.0,646.0,646.0,646.0,646.0,646.0,646.0,646.0,646.0,646.0,646.0,646.0,6.0,0.6,211.4995,222.1338,231.6401,239.984,247.141,253.1063,257.9072,261.6193,264.3839,266.4249,268.0637,269.7254,271.934,275.2872,280.41,287.8893,298.2024,311.6631,328.4096,348.4575,427.5038303453146,340.9390208913985,2235.9501,428.4993,844.2260000000001,-59.8937
647,647,647.0,647.0,647.0,647.0,647.0,647.0,647.0,647.0,647.0,647.0,647.0,647.0,647.0,647.0,647.0,647.0,647.0,647.0,647.0,647.0,647.0,647.0,647.0,647.0,647.0,647.0,647.0,7.0,0.7,391.0821,360.5277,335.2065,314.8058,299.0495,287.5575,279.8154,275.2182,273.145,273.0316,274.4184,276.97,280.4687,284.7941,289.8996,295.7943,302.5339,310.2216,319.0173,329.1507,429.2193033382121,342.0696817660081,2664.4494,221.4622,415.72670000000016,-25.442499999999995
648,648,648.0,648.0,648.0,648.0,648.0,648.0,648.0,648.0,648.0,648.0,648.0,648.0,648.0,648.0,648.0,648.0,648.0,648.0,648.0,648.0,648.0,648.0,648.0,648.0,648.0,648.0,648.0,8.0,0.8,398.9963,374.2628,353.819,336.9026,323.0112,311.7926,302.9768,296.3356,291.6615,288.7591,287.4453,287.5546,288.9455,291.5077,295.1683,299.8965,305.7081,312.6706,320.9092,330.6167,276.86177514507085,443.77067438981527,2885.9116,138.99670000000015,194.26450000000025,-1.207400000000007
649,649,649.0,649.0,649.0,649.0,649.0,649.0,649.0,649.0,649.0,649.0,649.0,649.0,649.0,649.0,649.0,649.0,649.0,649.0,649.0,649.0,649.0,649.0,649.0,649.0,649.0,649.0,649.0,9.0,0.9,282.6733,288.0056,292.404,295.5925,297.5033,298.265,298.1614,297.5766,296.9433,296.705,297.2954,299.1351,302.6367,308.2118,316.2748,327.243,341.5423,359.6336,382.0813,409.6933,327.1930638076432,429.9798420609783,3024.9083,55.26780000000008,55.26780000000008,-14.735000000000014
650,650,650.0,650.0,650.0,650.0,650.0,650.0,650.0,650.0,650.0,650.0,650.0,650.0,650.0,650.0,650.0,650.0,650.0,650.0,650.0,650.0,650.0,650.0,650.0,650.0,650.0,650.0,650.0,0.0,0.0,273.0,273.0,273.0,273.0,273.0,273.0,273.0,273.0,273.0,273.0,273.0,273.0,273.0,273.0,273.0,273.0,273.0,273.0,273.0,273.0,337.9231246099753,236.8671776533812,0.0,444.8155,3296.4499000000005,-40.0
651,651,651.0,651.0,651.0,651.0,651.0,651.0,651.0,651.0,651.0,651.0,651.0,651.0,651.0,651.0,651.0,651.0,651.0,651.0,651.0,651.0,651.0,651.0,651.0,651.0,651.0,651.0,651.0,1.0,0.1,324.6004,313.1059,303.377,295.3542,288.9397,283.9801,280.2706,277.5718,275.6296,274.193,273.0237,271.8998,270.6139,268.9725,266.7971,263.9322,260.2569,255.6982,250.2414,243.9323,351.6993808491278,226.0698026097677,444.8155,460.3652,2851.6344000000004,-29.019900000000007
652,652,652.0,652.0,652.0,652.0,652.0,652.0,652.0,652.0,652.0,652.0,652.0,652.0,652.0,652.0,652.0,652.0,652.0,652.0,652.0,652.0,652.0,652.0,652.0,652.0,652.0,652.0,652.0,2.0,0.2,337.5009,325.4128,315.126,306.4079,299.0647,292.9176,287.7899,283.5012,279.8667,276.6996,273.8128,271.0223,268.1498,265.0262,261.4957,257.4218,252.6927,247.2264,240.9743,233.9192,278.996111207299,238.1537642392711,905.1807,482.899,2391.2692,-20.082400000000007
653,653,653.0,653.0,653.0,653.0,653.0,653.0,653.0,653.0,653.0,653.0,653.0,653.0,653.0,653.0,653.0,653.0,653.0,653.0,653.0,653.0,653.0,653.0,653.0,653.0,653.0,653.0,653.0,3.0,0.3,281.0867,282.9863,284.4228,285.2097,285.2606,284.5824,283.2533,281.3924,279.1295,276.582,273.841,270.9671,267.992,264.9244,261.7549,258.4596,255.0,251.3217,247.3519,242.9988,185.780115668507,311.6454063407948,1388.0797,513.0843,1908.3702,-28.4176
654,654,654.0,654.0,654.0,654.0,654.0,654.0,654.0,654.0,654.0,654.0,654.0,654.0,654.0,654.0,654.0,654.0,654.0,654.0,654.0,654.0,654.0,654.0,654.0,654.0,654.0,654.0,654.0,4.0,0.4,203.781,220.0732,234.2095,245.9227,255.1464,261.9991,266.7423,269.7296,271.3593,272.0401,272.172,272.1394,272.3098,273.0313,274.6226,277.3544,281.4249,286.9367,293.8868,302.1762,244.0446989561014,459.9126036023577,1901.164,475.963,1395.2859,-51.0009
655,655,655.0,655.0,655.0,655.0,655.0,655.0,655.0,655.0,655.0,655.0,655.0,655.0,655.0,655.0,655.0,655.0,655.0,655.0,655.0,655.0,655.0,655.0,655.0,655.0,655.0,655.0,655.0,5.0,0.5,246.879,249.4139,251.8371,254.2761,256.7943,259.4058,262.1046,264.9018,267.8638,271.143,274.9992,279.8061,286.0437,294.2727,305.098,319.1271,336.9429,359.1162,386.2904,419.3761,395.3643578310763,456.69651783001626,2377.127,220.3318,919.3229,-53.5942
656,656,656.0,656.0,656.0,656.0,656.0,656.0,656.0,656.0,656.0,656.0,656.0,656.0,656.0,656.0,656.0,656.0,656.0,656.0,656.0,656.0,656.0,656.0,656.0,656.0,656.0,656.0,656.0,6.0,0.6,367.8336,344.5456,325.2053,309.673,297.8076,289.3898,284.1126,281.615,281.5349,283.5606,287.4656,293.1266,300.5244,309.7376,320.937,334.3887,350.4744,369.7375,392.9669,421.3433,414.6596607090229,289.78970867411925,2597.4588,74.7470000000003,698.9911000000002,-23.61020000000002
657,657,657.0,657.0,657.0,657.0,657.0,657.0,657.0,657.0,657.0,657.0,657.0,657.0,657.0,657.0,657.0,657.0,657.0,657.0,657.0,657.0,657.0,657.0,657.0,657.0,657.0,657.0,657.0,7.0,0.7,387.8845,365.9277,347.8845,333.1805,321.4289,312.3414,305.6708,301.1751,298.5948,297.636,297.9604,299.1796,300.8591,302.5357,303.7515,304.1043,303.309,301.2568,298.0592,294.0575,307.07467556918505,265.1440951560847,2672.2058,138.4632999999999,624.2440999999999,-0.6585999999999785
658,658,658.0,658.0,658.0,658.0,658.0,658.0,658.0,658.0,658.0,658.0,658.0,658.0,658.0,658.0,658.0,658.0,658.0,658.0,658.0,658.0,658.0,658.0,658.0,658.0,658.0,658.0,658.0,8.0,0.8,306.6061,306.5391,306.4838,306.1728,305.4757,304.3864,302.9884,301.4091,299.7742,298.1721,296.6318,295.1174,293.535,291.7508,289.6149,286.9886,283.7698,279.9146,275.4498,270.4737,214.5460790536048,305.81614348718995,2810.6691,203.6434,485.7808,-8.61360000000002
659,659,659.0,659.0,659.0,659.0,659.0,659.0,659.0,659.0,659.0,659.0,659.0,659.0,659.0,659.0,659.0,659.0,659.0,659.0,659.0,659.0,659.0,659.0,659.0,659.0,659.0,659.0,659.0,9.0,0.9,230.0357,244.1078,256.3536,266.5286,274.57,280.5798,284.7841,287.4837,289.0075,289.6782,289.7933,289.6187,289.3914,289.3244,289.61,290.4176,291.887,294.1202,297.1767,301.0768,399.7529408261362,202.170224469772,3014.3125,282.13740000000007,282.13740000000007,-32.42020000000002
660,660,660.0,660.0,660.0,660.0,660.0,660.0,660.0,660.0,660.0,660.0,660.0,660.0,660.0,660.0,660.0,660.0,660.0,660.0,660.0,660.0,660.0,660.0,660.0,660.0,660.0,660.0,660.0,0.0,0.0,273.0,273.0,273.0,273.0,273.0,273.0,273.0,273.0,273.0,273.0,273.0,273.0,273.0,273.0,273.0,273.0,273.0,273.0,273.0,273.0,183.3607078691232,236.66081208853768,0.0,516.7254,2546.8188,-40.0
661,661,661.0,661.0,661.0,661.0,661.0,661.0,661.0,661.0,661.0,661.0,661.0,661.0,661.0,661.0,661.0,661.0,661.0,661.0,661.0,661.0,661.0,661.0,661.0,661.0,661.0,661.0,661.0,1.0,0.1,200.5193,216.0551,229.6081,240.9756,250.1287,257.1941,262.4104,266.0738,268.4852,269.9081,270.5416,270.5081,269.8539,268.5611,266.5664,263.7854,260.1391,255.5785,250.102,243.7625,462.762563884326,437.1788800422016,516.7254,505.6279,2030.0934,-55.80590000000001
662,662,662.0,662.0,662.0,662.0,662.0,662.0,662.0,662.0,662.0,662.0,662.0,662.0,662.0,662.0,662.0,662.0,662.0,662.0,662.0,662.0,662.0,662.0,662.0,662.0,662.0,662.0,662.0,2.0,0.2,418.0351,381.1735,350.8959,326.5395,307.6115,293.5653,283.7384,277.3984,273.841,272.4936,272.9967,275.2445,279.3841,285.7755,294.92,307.3741,323.6702,344.2757,369.6274,400.2765,291.7890772040115,472.665125647553,1022.3533,146.65100000000007,1524.4655,-19.43470000000002
663,663,663.0,663.0,663.0,663.0,663.0,663.0,663.0,663.0,663.0,663.0,663.0,663.0,663.0,663.0,663.0,663.0,663.0,663.0,663.0,663.0,663.0,663.0,663.0,663.0,663.0,663.0,663.0,3.0,0.3,293.1985,294.5384,295.4018,295.5567,294.976,293.8262,292.4243,291.1793,290.5347,290.9245,292.7481,296.3633,302.0937,310.2436,321.1192,335.0554,352.4564,373.8633,400.0695,432.3201,229.0117303923636,450.1075087640595,1169.0043,71.25769999999989,1377.8145,-19.17380000000003
664,664,664.0,664.0,664.0,664.0,664.0,664.0,664.0,664.0,664.0,664.0,664.0,664.0,664.0,664.0,664.0,664.0,664.0,664.0,664.0,664.0,664.0,664.0,664.0,664.0,664.0,664.0,664.0,4.0,0.4,240.4933,250.9446,260.145,267.9919,274.52,279.8945,284.3847,288.3285,292.0946,296.0513,300.5446,305.8888,312.3678,320.2478,329.8009,341.3392,355.2611,372.1134,392.6775,418.0997,335.7680372308903,375.9532515985733,1240.262,67.65110000000004,1306.5568,-33.105500000000006
665,665,665.0,665.0,665.0,665.0,665.0,665.0,665.0,665.0,665.0,665.0,665.0,665.0,665.0,665.0,665.0,665.0,665.0,665.0,665.0,665.0,665.0,665.0,665.0,665.0,665.0,665.0,665.0,5.0,0.5,323.3336,312.8308,304.3568,297.9697,293.6413,291.2462,290.5794,291.3909,293.4229,296.4392,300.242,304.6762,309.6298,315.0334,320.8683,327.1838,334.1235,341.9554,351.1018,362.1652,214.8722608077988,286.48167095977715,1307.9131,85.71990000000005,1238.9057,-21.75380000000001
666,666,666.0,666.0,666.0,666.0,666.0,666.0,666.0,666.0,666.0,666.0,666.0,666.0,666.0,666.0,666.0,666.0,666.0,666.0,666.0,666.0,666.0,666.0,666.0,666.0,666.0,666.0,666.0,6.0,0.6,229.6734,243.1298,254.9035,264.8247,272.9068,279.3229,284.3531,288.3204,291.5298,294.2203,296.5358,298.5161,300.1043,301.1709,301.5497,301.0821,299.6657,297.299,294.1122,290.3758,427.93362327985,177.00324854550988,1393.633,233.2648999999999,1153.1858,-33.6771
667,667,667.0,667.0,667.0,667.0,667.0,667.0,667.0,667.0,667.0,667.0,667.0,667.0,667.0,667.0,667.0,667.0,667.0,667.0,667.0,667.0,667.0,667.0,667.0,667.0,667.0,667.0,667.0,7.0,0.7,394.4668,366.8522,344.3403,326.4805,312.8649,302.9995,296.2714,291.9762,289.3711,287.7235,286.3404,284.5775,281.8344,277.5503,271.2124,262.3833,250.7489,236.1752,218.7577,198.8425,295.7518077280273,357.3838694617196,1626.8979,325.3801000000001,919.9209,-10.000499999999988
668,668,668.0,668.0,668.0,668.0,668.0,668.0,668.0,668.0,668.0,668.0,668.0,668.0,668.0,668.0,668.0,668.0,668.0,668.0,668.0,668.0,668.0,668.0,668.0,668.0,668.0,668.0,668.0,8.0,0.8,296.7488,297.8086,298.5266,298.6284,297.9878,296.6166,294.6328,292.2223,289.6081,287.0349,284.7722,283.1286,282.4668,283.2048,285.7946,290.6753,298.2109,308.633,322.0147,338.2976,239.0631167402313,289.3410842150531,1952.278,233.90280000000007,594.5408,-16.383399999999995
669,669,669.0,669.0,669.0,669.0,669.0,669.0,669.0,669.0,669.0,669.0,669.0,669.0,669.0,669.0,669.0,669.0,669.0,669.0,669.0,669.0,669.0,669.0,669.0,669.0,669.0,669.0,669.0,9.0,0.9,248.6833,257.3898,264.9311,271.1572,276.0364,279.6494,282.1664,283.8141,284.8403,285.4809,285.9341,286.3419,286.7818,287.2692,287.7699,288.223,288.5705,288.7884,288.9102,289.039,202.54168151034537,212.30228539859144,2186.1808,360.6379999999999,360.6379999999999,-33.350599999999986
670,670,670.0,670.0,670.0,670.0,670.0,670.0,670.0,670.0,670.0,670.0,670.0,670.0,670.0,670.0,670.0,670.0,670.0,670.0,670.0,670.0,670.0,670.0,670.0,670.0,670.0,670.0,670.0,0.0,0.0,273.0,273.0,273.0,273.0,273.0,273.0,273.0,273.0,273.0,273.0,273.0,273.0,273.0,273.0,273.0,273.0,273.0,273.0,273.0,273.0,399.6568407512288,469.04386538838367,0.0,351.9844,1499.3268,4.701300000000003
671,671,671.0,671.0,671.0,671.0,671.0,671.0,671.0,671.0,671.0,671.0,671.0,671.0,671.0,671.0,671.0,671.0,671.0,671.0,671.0,671.0,671.0,671.0,671.0,671.0,671.0,671.0,671.0,1.0,0.1,372.7535,350.1369,331.297,315.9142,303.7131,294.3925,287.6156,283.0421,280.3804,279.444,280.1955,282.7714,287.4819,294.7838,305.2309,319.4148,337.9159,361.3022,390.2128,425.5787,450.1252399164478,177.7144182279164,351.9844,170.7136,1147.3424,4.701300000000003
672,672,672.0,672.0,672.0,672.0,672.0,672.0,672.0,672.0,672.0,672.0,672.0,672.0,672.0,672.0,672.0,672.0,672.0,672.0,672.0,672.0,672.0,672.0,672.0,672.0,672.0,672.0,672.0,2.0,0.2,415.0705,386.7541,363.659,344.8432,329.6791,317.7013,308.5165,301.7492,297.0045,293.8383,291.7288,290.0529,288.0755,284.9637,279.8355,271.8487,260.3229,244.877,225.5472,202.8443,276.7244634974506,397.0470025547918,522.698,257.19720000000007,976.6288,4.701300000000003
673,673,673.0,673.0,673.0,673.0,673.0,673.0,673.0,673.0,673.0,673.0,673.0,673.0,673.0,673.0,673.0,673.0,673.0,673.0,673.0,673.0,673.0,673.0,673.0,673.0,673.0,673.0,673.0,3.0,0.3,283.4062,289.5197,294.5336,298.1078,300.1211,300.6546,299.9456,298.3308,296.1977,293.9559,292.0314,290.8775,290.9904,292.912,297.21,304.4332,315.0526,329.4152,347.7407,370.1934,438.6894321159607,228.5880080497158,779.8952,169.99029999999993,719.4316,4.701300000000003
674,674,674.0,674.0,674.0,674.0,674.0,674.0,674.0,674.0,674.0,674.0,674.0,674.0,674.0,674.0,674.0,674.0,674.0,674.0,674.0,674.0,674.0,674.0,674.0,674.0,674.0,674.0,674.0,4.0,0.4,405.3446,378.2508,356.2612,338.6449,324.8413,314.3327,306.5966,301.1048,297.3411,294.8159,293.0669,291.6463,290.1038,287.9769,284.7997,280.1371,273.6403,265.1126,254.5645,242.2391,358.3241725076992,441.7973590952679,949.8855,212.94539999999995,549.4413000000001,4.701300000000003
675,675,675.0,675.0,675.0,675.0,675.0,675.0,675.0,675.0,675.0,675.0,675.0,675.0,675.0,675.0,675.0,675.0,675.0,675.0,675.0,675.0,675.0,675.0,675.0,675.0,675.0,675.0,675.0,5.0,0.5,347.1083,337.9802,330.3389,323.7433,317.9013,312.6511,307.9387,303.795,300.3205,297.6819,296.1202,295.9632,297.6339,301.643,308.5598,318.9642,333.3974,352.3401,376.2555,405.7363,294.73850086698576,415.9784671712579,1162.8309,68.5576000000001,336.4959000000001,4.701300000000003
676,676,676.0,676.0,676.0,676.0,676.0,676.0,676.0,676.0,676.0,676.0,676.0,676.0,676.0,676.0,676.0,676.0,676.0,676.0,676.0,676.0,676.0,676.0,676.0,676.0,676.0,676.0,676.0,6.0,0.6,295.976,297.3844,298.6744,299.6542,300.2475,300.4925,300.5247,300.5508,300.8197,301.5966,303.1429,305.7043,309.5057,314.7553,321.6557,330.425,341.327,354.713,371.0789,391.145,339.1503323538027,448.5154337021784,1231.3885,41.64460000000008,267.9383,4.701300000000003
677,677,677.0,677.0,677.0,677.0,677.0,677.0,677.0,677.0,677.0,677.0,677.0,677.0,677.0,677.0,677.0,677.0,677.0,677.0,677.0,677.0,677.0,677.0,677.0,677.0,677.0,677.0,677.0,7.0,0.7,329.0221,320.675,313.9522,308.7277,304.8831,302.3011,300.8706,300.5003,301.1337,302.7626,305.4353,309.2611,314.4105,321.1142,329.6628,340.4122,353.7995,370.3799,390.897,416.4095,411.3691292834114,378.16068139599054,1273.0331,35.7340999999999,226.2937,4.701300000000003
678,678,678.0,678.0,678.0,678.0,678.0,678.0,678.0,678.0,678.0,678.0,678.0,678.0,678.0,678.0,678.0,678.0,678.0,678.0,678.0,678.0,678.0,678.0,678.0,678.0,678.0,678.0,678.0,8.0,0.8,385.8622,365.1028,348.2952,334.913,324.5608,316.8979,311.6039,308.3717,306.9129,306.9672,308.3077,310.7435,314.1205,318.3253,323.2961,329.0417,335.6681,343.4089,352.6539,363.9765,209.0054203854758,262.0578885409209,1308.7672,57.56619999999998,190.55960000000005,4.701300000000003
679,679,679.0,679.0,679.0,679.0,679.0,679.0,679.0,679.0,679.0,679.0,679.0,679.0,679.0,679.0,679.0,679.0,679.0,679.0,679.0,679.0,679.0,679.0,679.0,679.0,679.0,679.0,679.0,9.0,0.9,228.807,246.7983,262.3233,275.0217,284.8525,292.0502,297.0363,300.3151,302.3746,303.611,304.2806,304.4819,304.1631,303.1516,301.2015,298.0543,293.5053,287.4667,280.0144,271.4055,435.57693615545753,412.9463904248333,1366.3334,132.9934000000001,132.9934000000001,4.701300000000003
680,680,680.0,680.0,680.0,680.0,680.0,680.0,680.0,680.0,680.0,680.0,680.0,680.0,680.0,680.0,680.0,680.0,680.0,680.0,680.0,680.0,680.0,680.0,680.0,680.0,680.0,680.0,680.0,0.0,0.0,273.0,273.0,273.0,273.0,273.0,273.0,273.0,273.0,273.0,273.0,273.0,273.0,273.0,273.0,273.0,273.0,273.0,273.0,273.0,273.0,313.8066372778902,366.6176535384265,0.0,393.9056,3371.5421,-40.0
681,681,681.0,681.0,681.0,681.0,681.0,681.0,681.0,681.0,681.0,681.0,681.0,681.0,681.0,681.0,681.0,681.0,681.0,681.0,681.0,681.0,681.0,681.0,681.0,681.0,681.0,681.0,681.0,1.0,0.1,305.5396,298.3437,292.2245,287.1739,283.1528,280.0879,277.8837,276.442,275.6877,275.5917,276.1899,277.5946,279.9941,283.6413,288.8295,295.8588,305.0023,316.4811,330.4643,347.1047,193.0880513365944,406.4282416344809,393.9056,271.96110000000004,2977.6365,-32.91210000000001
682,682,682.0,682.0,682.0,682.0,682.0,682.0,682.0,682.0,682.0,682.0,682.0,682.0,682.0,682.0,682.0,682.0,682.0,682.0,682.0,682.0,682.0,682.0,682.0,682.0,682.0,682.0,682.0,2.0,0.2,210.0574,225.3984,238.7012,249.7532,258.562,265.3365,270.4385,274.3216,277.4752,280.3819,283.4933,287.2217,291.9426,298.0017,305.7236,315.4205,327.4041,342.0095,359.6387,380.8386,406.43798447389736,209.10863541248744,665.8667,251.4346999999999,2705.6754,-47.6635
683,683,683.0,683.0,683.0,683.0,683.0,683.0,683.0,683.0,683.0,683.0,683.0,683.0,683.0,683.0,683.0,683.0,683.0,683.0,683.0,683.0,683.0,683.0,683.0,683.0,683.0,683.0,683.0,3.0,0.3,376.1968,350.7946,329.8757,313.2534,300.707,291.8834,286.2836,283.3004,282.2747,282.5417,283.4543,284.3836,284.7078,283.8075,281.0801,275.983,268.1036,257.2404,243.475,227.2036,320.81188850086727,270.68573783474096,917.3014,306.0948,2454.2407000000003,-21.116600000000005
684,684,684.0,684.0,684.0,684.0,684.0,684.0,684.0,684.0,684.0,684.0,684.0,684.0,684.0,684.0,684.0,684.0,684.0,684.0,684.0,684.0,684.0,684.0,684.0,684.0,684.0,684.0,684.0,4.0,0.4,315.2295,310.5607,306.4796,302.7562,299.2576,295.9332,292.7872,289.8467,287.1352,284.6573,282.3967,280.3261,278.422,276.6787,275.1143,273.7657,272.6731,271.8587,271.3065,270.9521,357.9241460357772,315.2380248579259,1223.3962,298.6717000000001,2148.1459000000004,-17.0668
685,685,685.0,685.0,685.0,685.0,685.0,685.0,685.0,685.0,685.0,685.0,685.0,685.0,685.0,685.0,685.0,685.0,685.0,685.0,685.0,685.0,685.0,685.0,685.0,685.0,685.0,685.0,685.0,5.0,0.5,343.3173,331.0555,320.7866,312.239,305.1815,299.4029,294.7079,290.923,287.9063,285.559,283.8323,282.7314,282.3113,282.6684,283.9235,286.2014,289.6083,294.2129,300.0366,307.0588,418.42058683446857,344.8959309586125,1522.0679,227.2641000000001,1849.4742,-13.597100000000012
686,686,686.0,686.0,686.0,686.0,686.0,686.0,686.0,686.0,686.0,686.0,686.0,686.0,686.0,686.0,686.0,686.0,686.0,686.0,686.0,686.0,686.0,686.0,686.0,686.0,686.0,686.0,686.0,6.0,0.6,390.8727,368.321,349.779,334.5879,322.2643,312.4156,304.6999,298.8153,294.5042,291.5629,289.8499,289.2891,289.8658,291.6178,294.6213,298.9756,304.7882,312.1662,321.2183,332.0698,203.32196382393104,199.4804761290881,1749.332,203.53709999999973,1622.2101,-0.5844000000000165
687,687,687.0,687.0,687.0,687.0,687.0,687.0,687.0,687.0,687.0,687.0,687.0,687.0,687.0,687.0,687.0,687.0,687.0,687.0,687.0,687.0,687.0,687.0,687.0,687.0,687.0,687.0,687.0,7.0,0.7,223.572,241.8692,257.4809,269.9938,279.3412,285.7574,289.6836,291.654,292.1882,291.7034,290.4567,288.5174,285.7682,281.9341,276.6356,269.4632,260.0652,248.2356,233.9847,217.571,249.9914879492348,198.3206435148169,1952.8691,420.60260000000017,1418.6730000000002,-27.24259999999998
688,688,688.0,688.0,688.0,688.0,688.0,688.0,688.0,688.0,688.0,688.0,688.0,688.0,688.0,688.0,688.0,688.0,688.0,688.0,688.0,688.0,688.0,688.0,688.0,688.0,688.0,688.0,688.0,8.0,0.8,254.7354,259.1045,263.133,266.818,270.1156,272.9468,275.2094,276.7926,277.5882,277.4967,276.4287,274.3026,271.0417,266.5733,260.8307,253.759,245.3226,235.5145,224.3619,211.9304,448.3010474718197,214.8810528959841,2373.4717,562.5805999999998,998.0704,-40.0532
689,689,689.0,689.0,689.0,689.0,689.0,689.0,689.0,689.0,689.0,689.0,689.0,689.0,689.0,689.0,689.0,689.0,689.0,689.0,689.0,689.0,689.0,689.0,689.0,689.0,689.0,689.0,689.0,9.0,0.9,409.5605,377.6853,351.4829,330.2498,313.439,300.4872,290.7567,283.5513,278.1684,273.9566,270.3597,266.9381,263.3709,259.4418,255.0163,250.0169,244.3973,238.1217,231.1491,223.425,343.1399153560358,446.3173838659308,2936.0523,435.4898000000003,435.4898000000003,-12.512800000000029
690,690,690.0,690.0,690.0,690.0,690.0,690.0,690.0,690.0,690.0,690.0,690.0,690.0,690.0,690.0,690.0,690.0,690.0,690.0,690.0,690.0,690.0,690.0,690.0,690.0,690.0,690.0,690.0,0.0,0.0,273.0,273.0,273.0,273.0,273.0,273.0,273.0,273.0,273.0,273.0,273.0,273.0,273.0,273.0,273.0,273.0,273.0,273.0,273.0,273.0,310.9687884551819,407.7212710240933,0.0,382.6526,2761.0275,-40.0
691,691,691.0,691.0,691.0,691.0,691.0,691.0,691.0,691.0,691.0,691.0,691.0,691.0,691.0,691.0,691.0,691.0,691.0,691.0,691.0,691.0,691.0,691.0,691.0,691.0,691.0,691.0,691.0,1.0,0.1,303.2886,296.5975,290.906,286.2112,282.4819,279.6578,277.6626,276.4264,275.9128,276.146,277.2327,279.3751,282.872,288.1027,295.4963,305.4898,318.4876,334.8415,354.874,378.9646,289.30628600534067,269.977593206048,382.6526,225.4782,2378.3749000000003,-33.34219999999999
692,692,692.0,692.0,692.0,692.0,692.0,692.0,692.0,692.0,692.0,692.0,692.0,692.0,692.0,692.0,692.0,692.0,692.0,692.0,692.0,692.0,692.0,692.0,692.0,692.0,692.0,692.0,692.0,2.0,0.2,287.5025,285.9913,284.7086,283.6222,282.7347,282.0797,281.71,281.6819,282.0351,282.7721,283.8392,285.1131,286.3968,287.4293,287.9126,287.5556,286.1294,283.5236,279.788,275.1474,254.4208289061582,425.9625399754438,608.1308,252.3025,2152.8967,-30.9203
693,693,693.0,693.0,693.0,693.0,693.0,693.0,693.0,693.0,693.0,693.0,693.0,693.0,693.0,693.0,693.0,693.0,693.0,693.0,693.0,693.0,693.0,693.0,693.0,693.0,693.0,693.0,693.0,3.0,0.3,259.502,264.1042,268.1323,271.538,274.3304,276.575,278.388,279.9272,281.3885,283.0072,285.0666,287.908,291.9369,297.6182,305.4569,315.9668,329.6396,346.9344,368.3138,394.3547,177.70664829490698,280.9447147751239,860.4333,239.2933999999999,1900.5942,-36.42500000000001
694,694,694.0,694.0,694.0,694.0,694.0,694.0,694.0,694.0,694.0,694.0,694.0,694.0,694.0,694.0,694.0,694.0,694.0,694.0,694.0,694.0,694.0,694.0,694.0,694.0,694.0,694.0,694.0,4.0,0.4,196.1984,213.0716,228.0048,240.8319,251.5581,260.3436,267.4608,273.2402,278.0133,282.0634,285.588,288.6768,291.3061,293.3531,294.6292,294.9308,294.1016,292.0946,289.0188,285.1572,269.6459924527404,414.4408789531416,1099.7267,347.9755,1661.3008000000002,-52.65640000000002
695,695,695.0,695.0,695.0,695.0,695.0,695.0,695.0,695.0,695.0,695.0,695.0,695.0,695.0,695.0,695.0,695.0,695.0,695.0,695.0,695.0,695.0,695.0,695.0,695.0,695.0,695.0,695.0,5.0,0.5,267.4482,265.5635,264.3119,263.902,264.4109,265.7942,267.9224,270.6318,273.7785,277.2857,281.1777,285.5983,290.8123,297.1906,305.1804,315.2661,327.9329,343.649,362.8875,386.2112,318.7059414452962,321.7614760724388,1447.7022,214.01330000000007,1313.3253000000002,-47.20580000000001
696,696,696.0,696.0,696.0,696.0,696.0,696.0,696.0,696.0,696.0,696.0,696.0,696.0,696.0,696.0,696.0,696.0,696.0,696.0,696.0,696.0,696.0,696.0,696.0,696.0,696.0,696.0,696.0,6.0,0.6,308.8706,300.3588,293.2692,287.6761,283.601,281.0015,279.777,279.7845,280.8558,282.8123,285.4724,288.6542,292.1768,295.8646,299.5599,303.1463,306.5776,309.9093,313.3219,317.1282,371.8048950967647,228.34514992161127,1661.7155,211.5215000000001,1099.312,-31.99849999999998
697,697,697.0,697.0,697.0,697.0,697.0,697.0,697.0,697.0,697.0,697.0,697.0,697.0,697.0,697.0,697.0,697.0,697.0,697.0,697.0,697.0,697.0,697.0,697.0,697.0,697.0,697.0,697.0,7.0,0.7,352.8847,336.966,323.7181,312.9138,304.3535,297.8227,293.0728,289.8189,287.7448,286.5091,285.7489,285.0809,284.1054,282.415,279.616,275.3605,269.3892,261.5757,251.96,240.7591,325.638619213981,192.55579901711727,1873.237,336.30269999999973,887.7905000000001,-15.177300000000002
698,698,698.0,698.0,698.0,698.0,698.0,698.0,698.0,698.0,698.0,698.0,698.0,698.0,698.0,698.0,698.0,698.0,698.0,698.0,698.0,698.0,698.0,698.0,698.0,698.0,698.0,698.0,698.0,8.0,0.8,319.0486,313.5631,308.8709,304.736,300.9931,297.5342,294.2866,291.1887,288.1653,285.109,281.8691,278.2487,274.0111,268.8941,262.6314,254.9806,245.7536,234.8452,222.254,208.0887,315.8514593862193,408.57339408093833,2209.5397,375.8714,551.4878000000003,-15.465800000000002
699,699,699.0,699.0,699.0,699.0,699.0,699.0,699.0,699.0,699.0,699.0,699.0,699.0,699.0,699.0,699.0,699.0,699.0,699.0,699.0,699.0,699.0,699.0,699.0,699.0,699.0,699.0,699.0,9.0,0.9,310.4534,305.9306,302.0518,298.6291,295.5175,292.6157,289.8689,287.2759,284.9009,282.8912,281.4964,281.0832,282.1368,285.2401,291.0254,300.1039,312.99,330.0501,351.5117,377.5644,349.8557432728619,338.3116387607849,2585.4111,175.61640000000034,175.61640000000034,-20.3843
700,700,700.0,700.0,700.0,700.0,700.0,700.0,700.0,700.0,700.0,700.0,700.0,700.0,700.0,700.0,700.0,700.0,700.0,700.0,700.0,700.0,700.0,700.0,700.0,700.0,700.0,700.0,700.0,0.0,0.0,273.0,273.0,273.0,273.0,273.0,273.0,273.0,273.0,273.0,273.0,273.0,273.0,273.0,273.0,273.0,273.0,273.0,273.0,273.0,273.0,348.8423572599157,261.09106821063835,0.0,429.2105,2780.7922,-40.0
701,701,701.0,701.0,701.0,701.0,701.0,701.0,701.0,701.0,701.0,701.0,701.0,701.0,701.0,701.0,701.0,701.0,701.0,701.0,701.0,701.0,701.0,701.0,701.0,701.0,701.0,701.0,701.0,1.0,0.1,333.1878,319.74,308.3886,299.044,291.5835,285.8284,281.5467,278.4735,276.3358,274.8763,273.8678,273.1196,272.4764,271.8141,271.0343,270.0608,268.8386,267.3337,265.5337,263.4455,271.32999871721256,243.05062807414777,429.2105,414.9693,2351.5817,-27.17160000000001
702,702,702.0,702.0,702.0,702.0,702.0,702.0,702.0,702.0,702.0,702.0,702.0,702.0,702.0,702.0,702.0,702.0,702.0,702.0,702.0,702.0,702.0,702.0,702.0,702.0,702.0,702.0,702.0,2.0,0.2,274.2735,276.9055,278.9994,280.4132,281.1029,281.1143,280.5578,279.5744,278.3021,276.8503,275.2827,273.613,271.8079,269.7974,267.4893,264.7842,261.5921,257.8446,253.5043,248.5658,303.2462599403052,256.05769422429466,844.1798,457.561,1936.6124,-31.885699999999986
703,703,703.0,703.0,703.0,703.0,703.0,703.0,703.0,703.0,703.0,703.0,703.0,703.0,703.0,703.0,703.0,703.0,703.0,703.0,703.0,703.0,703.0,703.0,703.0,703.0,703.0,703.0,703.0,3.0,0.3,297.9231,293.3177,289.395,286.1084,283.3896,281.1481,279.2781,277.6695,276.2193,274.8405,273.4678,272.0582,270.5896,269.0558,267.4602,265.8076,264.0965,262.3113,260.4171,258.3577,276.0922741695772,304.9884474567916,1301.7408,433.4764,1479.0513999999998,-31.8519
704,704,704.0,704.0,704.0,704.0,704.0,704.0,704.0,704.0,704.0,704.0,704.0,704.0,704.0,704.0,704.0,704.0,704.0,704.0,704.0,704.0,704.0,704.0,704.0,704.0,704.0,704.0,704.0,4.0,0.4,276.8071,277.462,277.9497,278.1967,278.1694,277.8743,277.3514,276.6665,275.9038,275.1626,274.5562,274.214,274.2813,274.9165,276.2809,278.5225,281.756,286.0446,291.39,297.7358,445.9940294476268,375.93524247632223,1735.2172,322.9020999999998,1045.5749999999998,-35.125699999999995
705,705,705.0,705.0,705.0,705.0,705.0,705.0,705.0,705.0,705.0,705.0,705.0,705.0,705.0,705.0,705.0,705.0,705.0,705.0,705.0,705.0,705.0,705.0,705.0,705.0,705.0,705.0,705.0,5.0,0.5,408.6867,378.0612,352.9096,332.517,316.3623,303.9621,294.8152,288.4125,284.2788,282.0207,281.3629,282.1654,284.4202,288.2302,293.7763,301.2794,310.9662,323.0487,337.7294,355.2422,285.22522978435467,194.59062318456083,2058.1193,211.19190000000023,722.6729,-9.03789999999998
706,706,706.0,706.0,706.0,706.0,706.0,706.0,706.0,706.0,706.0,706.0,706.0,706.0,706.0,706.0,706.0,706.0,706.0,706.0,706.0,706.0,706.0,706.0,706.0,706.0,706.0,706.0,706.0,6.0,0.6,288.7724,292.0566,294.6392,296.2508,296.8155,296.4328,295.3241,293.7613,291.9913,290.1695,288.3123,286.2707,283.7301,280.2364,275.2498,268.2244,258.7048,246.426,231.3933,213.9181,282.585378026549,468.94349752766783,2269.3112,279.4117000000001,511.48099999999977,-16.567200000000014
707,707,707.0,707.0,707.0,707.0,707.0,707.0,707.0,707.0,707.0,707.0,707.0,707.0,707.0,707.0,707.0,707.0,707.0,707.0,707.0,707.0,707.0,707.0,707.0,707.0,707.0,707.0,707.0,7.0,0.7,283.3997,284.288,285.1239,285.8052,286.2612,286.4597,286.4145,286.1972,285.9523,285.9191,286.4535,288.0463,291.3253,297.0332,305.9767,318.9543,336.6887,359.8041,388.9017,424.7909,306.82797513038327,399.51573725498326,2548.7229,112.62909999999964,232.06929999999969,-26.5403
708,708,708.0,708.0,708.0,708.0,708.0,708.0,708.0,708.0,708.0,708.0,708.0,708.0,708.0,708.0,708.0,708.0,708.0,708.0,708.0,708.0,708.0,708.0,708.0,708.0,708.0,708.0,708.0,8.0,0.8,301.7329,297.4647,294.0016,291.3275,289.426,288.2819,287.8878,288.2516,289.4015,291.3868,294.2737,298.1374,303.0559,309.1089,316.3861,325.0083,335.1593,347.1285,361.3592,378.5071,295.1896997061325,460.4511842798766,2661.352,78.60350000000017,119.4402,-24.7181
709,709,709.0,709.0,709.0,709.0,709.0,709.0,709.0,709.0,709.0,709.0,709.0,709.0,709.0,709.0,709.0,709.0,709.0,709.0,709.0,709.0,709.0,709.0,709.0,709.0,709.0,709.0,709.0,9.0,0.9,293.239,291.7484,290.6654,289.9632,289.6427,289.7323,290.2867,291.3849,293.1308,295.6553,299.1212,303.7303,309.7286,317.4124,327.1321,339.299,354.403,373.0524,396.0575,424.587,364.9086308465241,408.9598561624201,2739.9555,40.83669999999984,40.83669999999984,-23.26769999999999
710,710,710.0,710.0,710.0,710.0,710.0,710.0,710.0,710.0,710.0,710.0,710.0,710.0,710.0,710.0,710.0,710.0,710.0,710.0,710.0,710.0,710.0,710.0,710.0,710.0,710.0,710.0,710.0,0.0,0.0,273.0,273.0,273.0,273.0,273.0,273.0,273.0,273.0,273.0,273.0,273.0,273.0,273.0,273.0,273.0,273.0,273.0,273.0,273.0,273.0,407.5299348856087,390.7460592923097,0.0,368.7169,2103.4626,11.25630000000001
711,711,711.0,711.0,711.0,711.0,711.0,711.0,711.0,711.0,711.0,711.0,711.0,711.0,711.0,711.0,711.0,711.0,711.0,711.0,711.0,711.0,711.0,711.0,711.0,711.0,711.0,711.0,711.0,1.0,0.1,378.8189,354.7658,334.7671,318.4477,305.4928,295.5632,288.2767,283.2327,280.0606,278.4686,278.2836,279.4714,282.1372,286.505,292.8799,301.6,312.9894,327.3294,344.865,365.8649,452.381738912098,364.1865041708187,368.7169,183.885,1734.7456999999995,11.25630000000001
712,712,712.0,712.0,712.0,712.0,712.0,712.0,712.0,712.0,712.0,712.0,712.0,712.0,712.0,712.0,712.0,712.0,712.0,712.0,712.0,712.0,712.0,712.0,712.0,712.0,712.0,712.0,712.0,2.0,0.2,416.9056,388.2777,364.9103,345.8137,330.3329,317.9975,308.4387,301.3486,296.4619,293.5507,292.4226,292.9201,294.919,298.3281,303.0912,309.1947,316.6791,325.6557,336.3277,349.015,353.1679139074222,205.89258216366915,552.6019,169.24940000000004,1550.8606999999995,11.25630000000001
713,713,713.0,713.0,713.0,713.0,713.0,713.0,713.0,713.0,713.0,713.0,713.0,713.0,713.0,713.0,713.0,713.0,713.0,713.0,713.0,713.0,713.0,713.0,713.0,713.0,713.0,713.0,713.0,3.0,0.3,343.65,335.9837,329.5659,323.9622,318.903,314.2608,310.0104,306.1774,302.783,299.7936,297.0821,294.4049,291.3977,287.5953,282.4745,275.5214,266.314,254.6081,240.4069,223.9909,455.58556029936375,229.25353095289955,721.8513,308.58719999999994,1381.6112999999998,11.25630000000001
714,714,714.0,714.0,714.0,714.0,714.0,714.0,714.0,714.0,714.0,714.0,714.0,714.0,714.0,714.0,714.0,714.0,714.0,714.0,714.0,714.0,714.0,714.0,714.0,714.0,714.0,714.0,714.0,4.0,0.4,420.2436,392.003,369.2236,350.8361,336.061,324.2563,314.8445,307.2883,301.0915,295.8089,291.0566,286.5167,281.9371,277.1265,271.9463,266.3004,260.1231,253.3678,245.9962,237.971,261.35513720340543,261.60054690317514,1030.4385,336.8899000000001,1073.0241,11.25630000000001
715,715,715.0,715.0,715.0,715.0,715.0,715.0,715.0,715.0,715.0,715.0,715.0,715.0,715.0,715.0,715.0,715.0,715.0,715.0,715.0,715.0,715.0,715.0,715.0,715.0,715.0,715.0,715.0,5.0,0.5,271.759,281.1676,288.9626,294.7534,298.4048,300.0128,299.8439,298.2602,295.6495,292.3731,288.7363,284.9795,281.2834,277.7806,274.5648,271.6948,269.1916,267.0311,265.1378,263.3846,331.63514180984646,414.4110874852217,1367.3284,258.9994999999999,736.1341999999997,11.25630000000001
716,716,716.0,716.0,716.0,716.0,716.0,716.0,716.0,716.0,716.0,716.0,716.0,716.0,716.0,716.0,716.0,716.0,716.0,716.0,716.0,716.0,716.0,716.0,716.0,716.0,716.0,716.0,716.0,6.0,0.6,322.1817,314.2546,307.7112,302.4102,298.1914,294.8773,292.2938,290.3011,288.8279,287.9017,287.6696,288.4059,290.5039,294.4488,300.7741,310.0066,322.616,338.9892,359.4561,384.391,457.8330498921234,388.4634023307889,1626.3279,130.0012999999999,477.13469999999984,11.25630000000001
717,717,717.0,717.0,717.0,717.0,717.0,717.0,717.0,717.0,717.0,717.0,717.0,717.0,717.0,717.0,717.0,717.0,717.0,717.0,717.0,717.0,717.0,717.0,717.0,717.0,717.0,717.0,717.0,7.0,0.7,420.0432,389.5762,364.8819,345.0175,329.3336,317.3055,308.4582,302.3496,298.5813,296.819,296.8057,298.3655,301.3982,305.8697,311.8037,319.2803,328.4435,339.5199,352.8484,368.924,403.3475715183388,297.78236941643735,1756.3292,119.7166000000002,347.13339999999994,11.25630000000001
718,718,718.0,718.0,718.0,718.0,718.0,718.0,718.0,718.0,718.0,718.0,718.0,718.0,718.0,718.0,718.0,718.0,718.0,718.0,718.0,718.0,718.0,718.0,718.0,718.0,718.0,718.0,718.0,8.0,0.8,382.3993,365.5156,351.7158,340.3187,330.8627,323.048,316.6857,311.6527,307.8512,305.1757,303.4899,302.6139,302.3238,302.3641,302.4715,302.41,302.0112,301.2124,300.0832,298.8311,395.8228727979911,403.4439377993482,1876.0458,140.8340999999998,227.4167999999997,11.25630000000001
719,719,719.0,719.0,719.0,719.0,719.0,719.0,719.0,719.0,719.0,719.0,719.0,719.0,719.0,719.0,719.0,719.0,719.0,719.0,719.0,719.0,719.0,719.0,719.0,719.0,719.0,719.0,719.0,9.0,0.9,376.4443,360.8335,348.1411,337.7546,329.2276,322.236,316.5495,312.0141,308.5428,306.1135,304.7709,304.6308,305.881,308.7762,313.6229,320.7579,330.5253,343.2668,359.3403,379.184,264.0780652741853,239.708247383014,2016.8799,86.58269999999993,86.58269999999993,11.25630000000001
720,720,720.0,720.0,720.0,720.0,720.0,720.0,720.0,720.0,720.0,720.0,720.0,720.0,720.0,720.0,720.0,720.0,720.0,720.0,720.0,720.0,720.0,720.0,720.0,720.0,720.0,720.0,720.0,0.0,0.0,273.0,273.0,273.0,273.0,273.0,273.0,273.0,273.0,273.0,273.0,273.0,273.0,273.0,273.0,273.0,273.0,273.0,273.0,273.0,273.0,240.7936069519805,279.5467615061716,0.0,459.7779,2279.882,-40.0
721,721,721.0,721.0,721.0,721.0,721.0,721.0,721.0,721.0,721.0,721.0,721.0,721.0,721.0,721.0,721.0,721.0,721.0,721.0,721.0,721.0,721.0,721.0,721.0,721.0,721.0,721.0,721.0,1.0,0.1,247.1005,252.7252,257.5842,261.637,264.8936,267.4119,269.2858,270.6305,271.5672,272.2109,272.6639,273.0128,273.3292,273.6715,274.0873,274.6142,275.2802,276.1033,277.091,278.2416,322.82683880035813,231.30317190385105,459.7779,477.8977,1820.1041,-45.5881
722,722,722.0,722.0,722.0,722.0,722.0,722.0,722.0,722.0,722.0,722.0,722.0,722.0,722.0,722.0,722.0,722.0,722.0,722.0,722.0,722.0,722.0,722.0,722.0,722.0,722.0,722.0,722.0,2.0,0.2,311.5639,301.7506,293.4668,286.7501,281.559,277.7627,275.1552,273.481,272.4654,271.8363,271.3375,270.7306,269.7924,268.3121,266.0931,262.9626,258.7882,253.4964,247.0878,239.6413,410.1304070472924,328.8086746049188,937.6756,434.8959,1342.2064,-35.237300000000005
723,723,723.0,723.0,723.0,723.0,723.0,723.0,723.0,723.0,723.0,723.0,723.0,723.0,723.0,723.0,723.0,723.0,723.0,723.0,723.0,723.0,723.0,723.0,723.0,723.0,723.0,723.0,723.0,3.0,0.3,381.9759,358.4887,338.9118,322.7567,309.6456,299.2251,291.1344,285.0096,280.5098,277.349,275.3254,274.3404,274.4024,275.6154,278.1501,282.2026,287.947,295.4931,304.8638,316.0012,368.9037778039528,349.21396547092144,1372.5715,263.3518999999999,907.3105,-13.774900000000002
724,724,724.0,724.0,724.0,724.0,724.0,724.0,724.0,724.0,724.0,724.0,724.0,724.0,724.0,724.0,724.0,724.0,724.0,724.0,724.0,724.0,724.0,724.0,724.0,724.0,724.0,724.0,724.0,4.0,0.4,353.4103,340.5012,329.5874,320.2514,312.2138,305.3062,299.4442,294.6032,290.7974,288.0645,286.457,286.0375,286.8771,289.0542,292.6523,297.7568,304.453,312.8278,322.9797,335.0409,335.6145804946682,472.0743773764041,1635.9234,146.00210000000015,643.9586000000002,-7.69380000000001
725,725,725.0,725.0,725.0,725.0,725.0,725.0,725.0,725.0,725.0,725.0,725.0,725.0,725.0,725.0,725.0,725.0,725.0,725.0,725.0,725.0,725.0,725.0,725.0,725.0,725.0,725.0,725.0,5.0,0.5,327.559,320.9189,315.3395,310.563,306.428,302.8636,299.8809,297.5622,296.0532,295.5586,296.3418,298.7263,303.0942,309.8798,319.5558,332.6196,349.5937,371.06,397.7613,430.8102,292.4366846913481,381.2934586774575,1781.9255,41.75999999999999,497.9565,-10.13639999999998
726,726,726.0,726.0,726.0,726.0,726.0,726.0,726.0,726.0,726.0,726.0,726.0,726.0,726.0,726.0,726.0,726.0,726.0,726.0,726.0,726.0,726.0,726.0,726.0,726.0,726.0,726.0,726.0,6.0,0.6,292.9325,293.6581,294.4275,295.1244,295.7147,296.2442,296.8239,297.6074,298.7651,300.459,302.8233,305.9519,309.8964,314.6763,320.3022,326.811,334.3099,343.0226,353.3326,365.8193,290.6992810812436,357.395880104248,1823.6855,53.877899999999954,456.1965,-16.755800000000022
727,727,727.0,727.0,727.0,727.0,727.0,727.0,727.0,727.0,727.0,727.0,727.0,727.0,727.0,727.0,727.0,727.0,727.0,727.0,727.0,727.0,727.0,727.0,727.0,727.0,727.0,727.0,727.0,7.0,0.7,290.2911,290.2247,290.4408,290.8968,291.5687,292.4503,293.5512,294.8934,296.5063,298.4229,300.676,303.2973,306.3189,309.7801,313.7375,318.2798,323.5457,329.7422,337.1634,346.2074,211.57616160087764,368.7206417848927,1877.5634,99.98289999999996,402.31860000000006,-20.549699999999973
728,728,728.0,728.0,728.0,728.0,728.0,728.0,728.0,728.0,728.0,728.0,728.0,728.0,728.0,728.0,728.0,728.0,728.0,728.0,728.0,728.0,728.0,728.0,728.0,728.0,728.0,728.0,728.0,8.0,0.8,226.2811,239.6891,251.5217,261.6334,270.0262,276.8357,282.2973,286.7043,290.3685,293.5916,296.6486,299.7844,303.2184,307.1554,311.7971,317.3546,324.0607,332.1835,342.0451,354.0486,279.1545517415123,367.680211602809,1977.5463,151.3384000000001,302.3357000000001,-36.164300000000026
729,729,729.0,729.0,729.0,729.0,729.0,729.0,729.0,729.0,729.0,729.0,729.0,729.0,729.0,729.0,729.0,729.0,729.0,729.0,729.0,729.0,729.0,729.0,729.0,729.0,729.0,729.0,729.0,9.0,0.9,277.6064,276.4254,275.8044,275.8655,276.6477,278.1132,280.171,282.7079,285.6184,288.8281,292.3076,296.0762,300.2003,304.7884,309.9869,315.9785,322.9849,331.2763,341.1863,353.1375,237.8096985414089,469.2514628386989,2128.8847,150.9973,150.9973,-34.886799999999994
730,730,730.0,730.0,730.0,730.0,730.0,730.0,730.0,730.0,730.0,730.0,730.0,730.0,730.0,730.0,730.0,730.0,730.0,730.0,730.0,730.0,730.0,730.0,730.0,730.0,730.0,730.0,730.0,0.0,0.0,273.0,273.0,273.0,273.0,273.0,273.0,273.0,273.0,273.0,273.0,273.0,273.0,273.0,273.0,273.0,273.0,273.0,273.0,273.0,273.0,238.24625325394567,390.5329303057944,0.0,418.0962,3068.3747,-40.0
731,731,731.0,731.0,731.0,731.0,731.0,731.0,731.0,731.0,731.0,731.0,731.0,731.0,731.0,731.0,731.0,731.0,731.0,731.0,731.0,731.0,731.0,731.0,731.0,731.0,731.0,731.0,731.0,1.0,0.1,245.0468,251.1181,256.3702,260.7625,264.3141,267.1036,269.2622,270.9643,272.4208,273.8781,275.6208,277.9776,281.3223,286.0661,292.6368,301.4492,312.8726,327.2134,344.7299,365.6967,469.25730751086246,257.5446656982976,418.0962,288.7746,2650.2785,-45.89640000000003
732,732,732.0,732.0,732.0,732.0,732.0,732.0,732.0,732.0,732.0,732.0,732.0,732.0,732.0,732.0,732.0,732.0,732.0,732.0,732.0,732.0,732.0,732.0,732.0,732.0,732.0,732.0,732.0,2.0,0.2,424.8044,388.5522,358.9633,335.2059,316.706,302.9123,293.206,286.9001,283.282,281.661,281.3989,281.9192,282.7007,283.2679,283.1921,282.1083,279.749,275.9848,270.8566,264.5851,375.8772009473396,293.59754086042153,706.8708,270.92,2361.5039,-10.087699999999984
733,733,733.0,733.0,733.0,733.0,733.0,733.0,733.0,733.0,733.0,733.0,733.0,733.0,733.0,733.0,733.0,733.0,733.0,733.0,733.0,733.0,733.0,733.0,733.0,733.0,733.0,733.0,733.0,3.0,0.3,360.0362,346.973,335.9566,326.471,318.181,310.8946,304.5207,299.0254,294.3949,290.6097,287.6339,285.4163,283.9007,283.0373,282.7911,283.1442,284.0902,285.6253,287.7386,290.4068,178.41019125414067,199.35638105041733,977.7908,293.1912,2090.5839,-2.105399999999974
734,734,734.0,734.0,734.0,734.0,734.0,734.0,734.0,734.0,734.0,734.0,734.0,734.0,734.0,734.0,734.0,734.0,734.0,734.0,734.0,734.0,734.0,734.0,734.0,734.0,734.0,734.0,734.0,4.0,0.4,202.4667,224.2894,243.0622,258.31,269.9271,278.1301,283.3608,286.1703,287.1116,286.6541,285.129,282.7036,279.3827,275.0325,269.4233,262.287,253.3832,242.5634,229.8211,215.3152,404.1145010645069,347.1456999310336,1270.982,402.6524999999999,1797.3927,-34.86989999999997
735,735,735.0,735.0,735.0,735.0,735.0,735.0,735.0,735.0,735.0,735.0,735.0,735.0,735.0,735.0,735.0,735.0,735.0,735.0,735.0,735.0,735.0,735.0,735.0,735.0,735.0,735.0,735.0,5.0,0.5,375.2218,351.0042,331.0561,315.1112,302.8562,293.8517,287.5407,283.3131,280.5932,278.9209,278.0093,277.771,278.3133,279.9042,282.9147,287.7446,294.7443,304.1501,316.0524,330.4145,402.0899016507815,259.95482837888187,1673.6345,264.4960000000001,1394.7402,-19.14830000000001
736,736,736.0,736.0,736.0,736.0,736.0,736.0,736.0,736.0,736.0,736.0,736.0,736.0,736.0,736.0,736.0,736.0,736.0,736.0,736.0,736.0,736.0,736.0,736.0,736.0,736.0,736.0,736.0,6.0,0.6,378.4927,359.0086,342.8002,329.3016,318.1142,308.941,301.543,295.71,291.2411,287.9311,285.5601,283.8864,282.6443,281.549,280.311,278.6609,276.3809,273.3382,269.509,264.9846,190.13477022460663,222.920307953552,1938.1305,310.2636,1130.2442,-4.059000000000026
737,737,737.0,737.0,737.0,737.0,737.0,737.0,737.0,737.0,737.0,737.0,737.0,737.0,737.0,737.0,737.0,737.0,737.0,737.0,737.0,737.0,737.0,737.0,737.0,737.0,737.0,737.0,737.0,7.0,0.7,212.2027,232.1522,249.1989,262.891,273.1371,280.1593,284.3977,286.3985,286.7098,285.8034,284.0275,281.5896,278.5633,274.913,270.5293,265.269,258.9956,251.6144,243.0976,233.4937,329.7392824718779,321.1902119059206,2248.3941,403.0715,819.9805999999999,-32.84070000000003
738,738,738.0,738.0,738.0,738.0,738.0,738.0,738.0,738.0,738.0,738.0,738.0,738.0,738.0,738.0,738.0,738.0,738.0,738.0,738.0,738.0,738.0,738.0,738.0,738.0,738.0,738.0,738.0,8.0,0.8,317.4937,306.976,298.284,291.4408,286.3479,282.7836,280.4383,278.971,278.0713,277.5101,277.174,277.0772,277.3555,278.2415,280.0251,283.0039,287.4303,293.4661,301.1579,310.4431,412.5340439102728,423.3108706093858,2651.4656,259.7597999999998,416.9090999999999,-30.21640000000002
739,739,739.0,739.0,739.0,739.0,739.0,739.0,739.0,739.0,739.0,739.0,739.0,739.0,739.0,739.0,739.0,739.0,739.0,739.0,739.0,739.0,739.0,739.0,739.0,739.0,739.0,739.0,739.0,9.0,0.9,384.459,361.1732,341.8844,326.0855,313.3979,303.4871,296.0325,290.7323,287.3291,285.6406,285.5859,287.1998,290.6326,296.1341,304.0246,314.6614,328.41,345.6409,366.7681,392.3553,344.75624445787315,175.7269182038427,2911.2254,157.14930000000004,157.14930000000004,-9.512900000000002
740,740,740.0,740.0,740.0,740.0,740.0,740.0,740.0,740.0,740.0,740.0,740.0,740.0,740.0,740.0,740.0,740.0,740.0,740.0,740.0,740.0,740.0,740.0,740.0,740.0,740.0,740.0,740.0,0.0,0.0,273.0,273.0,273.0,273.0,273.0,273.0,273.0,273.0,273.0,273.0,273.0,273.0,273.0,273.0,273.0,273.0,273.0,273.0,273.0,273.0,423.95567340377215,358.3031802367673,0.0,378.2276,1457.8847,-40.0
741,741,741.0,741.0,741.0,741.0,741.0,741.0,741.0,741.0,741.0,741.0,741.0,741.0,741.0,741.0,741.0,741.0,741.0,741.0,741.0,741.0,741.0,741.0,741.0,741.0,741.0,741.0,741.0,1.0,0.1,391.4176,364.3617,341.9631,323.7235,309.2502,298.1418,289.9542,284.2197,280.4922,278.3973,277.6707,278.1783,279.9163,282.9929,287.5946,293.9448,302.2609,312.7232,325.4671,340.6075,345.3916509723488,459.3198283681455,378.2276,182.85970000000003,1079.6571,-14.85820000000001
742,742,742.0,742.0,742.0,742.0,742.0,742.0,742.0,742.0,742.0,742.0,742.0,742.0,742.0,742.0,742.0,742.0,742.0,742.0,742.0,742.0,742.0,742.0,742.0,742.0,742.0,742.0,742.0,2.0,0.2,335.2779,326.8367,319.6093,313.2792,307.6693,302.728,298.5064,295.1313,292.7822,291.6761,292.0614,294.2195,298.4673,305.1569,314.6702,327.4127,343.817,364.3756,389.7287,420.8404,309.80140591195345,348.1045762107073,561.0873,59.53769999999997,896.7974,-10.271999999999991
743,743,743.0,743.0,743.0,743.0,743.0,743.0,743.0,743.0,743.0,743.0,743.0,743.0,743.0,743.0,743.0,743.0,743.0,743.0,743.0,743.0,743.0,743.0,743.0,743.0,743.0,743.0,743.0,3.0,0.3,306.781,304.4429,302.5666,301.0032,299.6828,298.6107,297.8527,297.5124,297.7047,298.5302,300.0528,302.2851,305.1847,308.6642,312.616,316.9505,321.6437,326.784,332.6091,339.5249,328.7396461625872,269.42438492487827,620.625,91.18550000000003,837.2597000000001,-14.389299999999992
744,744,744.0,744.0,744.0,744.0,744.0,744.0,744.0,744.0,744.0,744.0,744.0,744.0,744.0,744.0,744.0,744.0,744.0,744.0,744.0,744.0,744.0,744.0,744.0,744.0,744.0,744.0,744.0,4.0,0.4,320.8533,314.3591,309.0987,304.9426,301.7738,299.4786,297.9413,297.041,296.6486,296.6216,296.7977,296.9898,296.9851,296.5522,295.4582,293.4968,290.5235,286.4909,281.4744,275.6797,211.2613925894747,424.52470016373263,711.8105,157.99919999999997,746.0742,-13.521400000000028
745,745,745.0,745.0,745.0,745.0,745.0,745.0,745.0,745.0,745.0,745.0,745.0,745.0,745.0,745.0,745.0,745.0,745.0,745.0,745.0,745.0,745.0,745.0,745.0,745.0,745.0,745.0,745.0,5.0,0.5,227.305,241.8686,254.5274,265.0416,273.3763,279.6831,284.2553,287.4771,289.7792,291.6121,293.4381,295.7365,299.013,303.8022,310.6567,320.1235,332.7179,348.9149,369.1838,394.0949,295.84836319352297,362.932693003175,869.8097,135.9706,588.075,-33.316899999999976
746,746,746.0,746.0,746.0,746.0,746.0,746.0,746.0,746.0,746.0,746.0,746.0,746.0,746.0,746.0,746.0,746.0,746.0,746.0,746.0,746.0,746.0,746.0,746.0,746.0,746.0,746.0,746.0,6.0,0.6,291.1747,287.2594,284.279,282.3406,281.464,281.5884,282.5975,284.3532,286.7273,289.622,292.9787,296.7749,301.0161,305.7294,310.9636,316.7996,323.3702,330.8861,339.6627,350.1453,208.7559359552677,441.9830353097027,1005.7803,144.23200000000008,452.10440000000006,-31.41160000000002
747,747,747.0,747.0,747.0,747.0,747.0,747.0,747.0,747.0,747.0,747.0,747.0,747.0,747.0,747.0,747.0,747.0,747.0,747.0,747.0,747.0,747.0,747.0,747.0,747.0,747.0,747.0,747.0,7.0,0.7,222.8856,235.7275,247.0375,256.7028,264.7576,271.37,276.8094,281.4076,285.5241,289.5231,293.7658,298.613,304.4347,311.6195,320.5817,331.7652,345.6531,362.7941,383.8647,409.7933,278.17294514758566,469.3499749282206,1150.0123,147.02549999999997,307.8724,-41.63
748,748,748.0,748.0,748.0,748.0,748.0,748.0,748.0,748.0,748.0,748.0,748.0,748.0,748.0,748.0,748.0,748.0,748.0,748.0,748.0,748.0,748.0,748.0,748.0,748.0,748.0,748.0,748.0,8.0,0.8,276.2216,274.6606,273.7275,273.5882,274.3245,275.9422,278.3976,281.6313,285.6029,290.3189,295.8496,302.3376,309.9974,319.1143,330.0431,343.2162,359.1672,378.5814,402.3919,431.9525,306.06199929440123,349.7950563160172,1297.0378,77.24440000000004,160.8469,-37.05779999999999
749,749,749.0,749.0,749.0,749.0,749.0,749.0,749.0,749.0,749.0,749.0,749.0,749.0,749.0,749.0,749.0,749.0,749.0,749.0,749.0,749.0,749.0,749.0,749.0,749.0,749.0,749.0,749.0,9.0,0.9,300.2554,295.3739,291.5064,288.7232,287.0604,286.5137,287.0404,288.5663,290.9926,294.2002,298.0519,302.3932,307.0567,311.874,316.6987,321.442,326.114,330.8667,336.0257,342.104,429.5761876734384,470.6558011656567,1374.2822,83.60249999999996,83.60249999999996,-26.48630000000003
750,750,750.0,750.0,750.0,750.0,750.0,750.0,750.0,750.0,750.0,750.0,750.0,750.0,750.0,750.0,750.0,750.0,750.0,750.0,750.0,750.0,750.0,750.0,750.0,750.0,750.0,750.0,750.0,0.0,0.0,273.0,273.0,273.0,273.0,273.0,273.0,273.0,273.0,273.0,273.0,273.0,273.0,273.0,273.0,273.0,273.0,273.0,273.0,273.0,273.0,351.78690996808166,425.1507866983047,0.0,367.5148,1913.8808,12.42689999999999
751,751,751.0,751.0,751.0,751.0,751.0,751.0,751.0,751.0,751.0,751.0,751.0,751.0,751.0,751.0,751.0,751.0,751.0,751.0,751.0,751.0,751.0,751.0,751.0,751.0,751.0,751.0,751.0,1.0,0.1,335.5017,321.5314,309.7545,300.0788,292.3873,286.5183,282.2748,279.4561,277.8981,277.5142,278.3272,280.4872,284.2716,290.0655,298.3232,309.5195,324.1038,342.483,365.056,392.3311,442.2477567321636,236.3399593528448,367.5148,191.97610000000003,1546.3659999999998,12.42689999999999
752,752,752.0,752.0,752.0,752.0,752.0,752.0,752.0,752.0,752.0,752.0,752.0,752.0,752.0,752.0,752.0,752.0,752.0,752.0,752.0,752.0,752.0,752.0,752.0,752.0,752.0,752.0,752.0,2.0,0.2,407.7986,379.7027,356.682,337.953,322.9768,311.3172,302.5678,296.3218,292.1616,289.6542,288.3441,287.7436,287.3255,286.5294,284.7873,281.5734,276.4723,269.2536,259.9316,248.7877,229.6471539329997,339.7534551032601,559.4909,231.85180000000005,1354.3898999999997,12.42689999999999
753,753,753.0,753.0,753.0,753.0,753.0,753.0,753.0,753.0,753.0,753.0,753.0,753.0,753.0,753.0,753.0,753.0,753.0,753.0,753.0,753.0,753.0,753.0,753.0,753.0,753.0,753.0,753.0,3.0,0.3,245.0392,258.8839,270.5381,279.6329,286.1012,290.1436,292.1539,292.6297,292.093,291.0356,289.8926,289.0422,288.8197,289.5332,291.4716,294.898,300.0318,307.0286,315.9696,326.8761,237.9594666646459,393.78730025510686,791.3427,205.1613,1122.5380999999998,12.42689999999999
754,754,754.0,754.0,754.0,754.0,754.0,754.0,754.0,754.0,754.0,754.0,754.0,754.0,754.0,754.0,754.0,754.0,754.0,754.0,754.0,754.0,754.0,754.0,754.0,754.0,754.0,754.0,754.0,4.0,0.4,246.0258,253.3931,259.9931,265.7841,270.7597,274.9552,278.4519,281.3795,283.9158,286.2852,288.7556,291.633,295.254,299.9746,306.1571,314.1567,324.3134,336.9571,352.4352,371.1745,407.8473854520136,468.105646725327,996.504,145.79059999999993,917.3768,12.42689999999999
755,755,755.0,755.0,755.0,755.0,755.0,755.0,755.0,755.0,755.0,755.0,755.0,755.0,755.0,755.0,755.0,755.0,755.0,755.0,755.0,755.0,755.0,755.0,755.0,755.0,755.0,755.0,755.0,5.0,0.5,378.9591,354.8747,335.1059,319.3673,307.3957,298.8655,293.3777,290.4991,289.8228,291.0264,293.9142,298.4373,304.693,312.909,323.4206,336.6521,353.1134,373.4317,398.4391,429.3523,355.28988245774,254.7927825493813,1142.2946,55.73960000000011,771.5862,12.42689999999999
756,756,756.0,756.0,756.0,756.0,756.0,756.0,756.0,756.0,756.0,756.0,756.0,756.0,756.0,756.0,756.0,756.0,756.0,756.0,756.0,756.0,756.0,756.0,756.0,756.0,756.0,756.0,756.0,6.0,0.6,343.1416,333.1279,324.8249,317.9426,312.3018,307.8076,304.4151,302.0919,300.7795,300.3579,300.6184,301.2472,301.8258,301.8519,300.7839,298.109,293.4282,286.5425,277.5212,266.7291,466.9105475061208,321.86655674127803,1198.0342,169.01459999999997,715.8465999999999,12.42689999999999
757,757,757.0,757.0,757.0,757.0,757.0,757.0,757.0,757.0,757.0,757.0,757.0,757.0,757.0,757.0,757.0,757.0,757.0,757.0,757.0,757.0,757.0,757.0,757.0,757.0,757.0,757.0,757.0,7.0,0.7,428.348,397.6463,372.9879,353.2364,337.5958,325.4269,316.1594,309.2639,304.2572,300.7197,298.3152,296.8033,296.0439,295.9915,296.679,298.1945,300.6525,304.1667,308.83,314.7107,294.1591829898716,285.64683532550066,1367.0488,170.46260000000007,546.8319999999999,12.42689999999999
758,758,758.0,758.0,758.0,758.0,758.0,758.0,758.0,758.0,758.0,758.0,758.0,758.0,758.0,758.0,758.0,758.0,758.0,758.0,758.0,758.0,758.0,758.0,758.0,758.0,758.0,758.0,758.0,8.0,0.8,298.2475,302.1846,305.4293,307.626,308.6315,308.4979,307.4242,305.6907,303.5952,301.401,299.3034,297.4168,295.7763,294.3535,293.0786,291.8668,290.6447,289.3735,288.0646,286.7841,349.72124258051656,308.16902567587726,1537.5114,161.59659999999985,376.3693999999998,12.42689999999999
759,759,759.0,759.0,759.0,759.0,759.0,759.0,759.0,759.0,759.0,759.0,759.0,759.0,759.0,759.0,759.0,759.0,759.0,759.0,759.0,759.0,759.0,759.0,759.0,759.0,759.0,759.0,759.0,9.0,0.9,337.8664,328.0899,320.1073,313.6791,308.5792,304.584,301.4757,299.0547,297.1537,295.6492,294.4663,293.5791,293.0053,292.7971,293.0305,293.7927,295.1706,297.2408,300.0654,303.693,426.4273545281685,214.47195299371987,1699.108,214.7728,214.7728,12.42689999999999
760,760,760.0,760.0,760.0,760.0,760.0,760.0,760.0,760.0,760.0,760.0,760.0,760.0,760.0,760.0,760.0,760.0,760.0,760.0,760.0,760.0,760.0,760.0,760.0,760.0,760.0,760.0,760.0,0.0,0.0,273.0,273.0,273.0,273.0,273.0,273.0,273.0,273.0,273.0,273.0,273.0,273.0,273.0,273.0,273.0,273.0,273.0,273.0,273.0,273.0,298.94739681829685,222.1443585507949,0.0,465.0848,2942.8128,-40.0
761,761,761.0,761.0,761.0,761.0,761.0,761.0,761.0,761.0,761.0,761.0,761.0,761.0,761.0,761.0,761.0,761.0,761.0,761.0,761.0,761.0,761.0,761.0,761.0,761.0,761.0,761.0,761.0,1.0,0.1,293.7274,289.1576,285.2541,282.0158,279.4134,277.3854,275.841,274.667,273.733,272.8955,271.9979,270.8687,269.3202,267.1521,264.1606,260.1564,254.9883,248.5674,240.8865,232.0264,470.521576698995,203.2649346679407,465.0848,529.4531000000001,2477.728,-35.6146
762,762,762.0,762.0,762.0,762.0,762.0,762.0,762.0,762.0,762.0,762.0,762.0,762.0,762.0,762.0,762.0,762.0,762.0,762.0,762.0,762.0,762.0,762.0,762.0,762.0,762.0,762.0,762.0,2.0,0.2,427.3887,392.3899,363.7687,340.499,321.8679,307.2517,296.0189,287.5114,281.0678,276.0576,271.9106,268.1314,264.3019,260.0757,255.1708,249.3651,242.4957,234.4609,225.2216,214.7991,265.96020321537884,386.585185453451,994.5379,452.72350000000006,1948.2749,-5.748299999999972
763,763,763.0,763.0,763.0,763.0,763.0,763.0,763.0,763.0,763.0,763.0,763.0,763.0,763.0,763.0,763.0,763.0,763.0,763.0,763.0,763.0,763.0,763.0,763.0,763.0,763.0,763.0,763.0,3.0,0.3,273.8532,280.88,286.4549,290.2147,292.0522,292.0972,290.6642,288.1849,285.1497,282.0692,279.4588,277.8421,277.7587,279.7619,284.3957,292.1508,303.4106,318.4115,337.246,359.9354,368.4444065368943,177.7156717096387,1447.2614,286.39059999999995,1495.5514,-20.902800000000013
764,764,764.0,764.0,764.0,764.0,764.0,764.0,764.0,764.0,764.0,764.0,764.0,764.0,764.0,764.0,764.0,764.0,764.0,764.0,764.0,764.0,764.0,764.0,764.0,764.0,764.0,764.0,764.0,4.0,0.4,350.2808,334.9986,322.2935,311.9334,303.6884,297.3008,292.4812,288.9191,286.293,284.2689,282.4866,280.5375,277.945,274.1621,268.5967,260.6713,249.9117,236.0489,219.1059,199.4402,270.79501316121275,438.5434455723994,1733.652,337.1415999999999,1209.1608,-15.69920000000002
765,765,765.0,765.0,765.0,765.0,765.0,765.0,765.0,765.0,765.0,765.0,765.0,765.0,765.0,765.0,765.0,765.0,765.0,765.0,765.0,765.0,765.0,765.0,765.0,765.0,765.0,765.0,765.0,5.0,0.5,275.3704,279.5191,282.9271,285.3908,286.837,287.3177,286.9888,286.0854,284.9036,283.7978,283.1911,283.5924,285.6062,289.9215,297.2714,308.3665,323.8235,344.1245,369.6531,400.8523,414.14457262133305,224.12918645672025,2070.7936,188.41850000000025,872.0192000000002,-25.6823
766,766,766.0,766.0,766.0,766.0,766.0,766.0,766.0,766.0,766.0,766.0,766.0,766.0,766.0,766.0,766.0,766.0,766.0,766.0,766.0,766.0,766.0,766.0,766.0,766.0,766.0,766.0,766.0,6.0,0.6,385.3188,361.4688,341.8761,326.083,313.7165,304.3973,297.7099,293.2087,290.4365,288.9369,288.2523,287.9097,287.4043,286.1947,283.7214,279.455,272.9701,264.0294,252.6555,239.1629,192.42498825266,405.2380841738262,2259.2121,235.0735999999997,683.6007,-8.602700000000027
767,767,767.0,767.0,767.0,767.0,767.0,767.0,767.0,767.0,767.0,767.0,767.0,767.0,767.0,767.0,767.0,767.0,767.0,767.0,767.0,767.0,767.0,767.0,767.0,767.0,767.0,767.0,767.0,7.0,0.7,213.8699,233.2516,249.8202,263.1537,273.1873,280.1702,284.5785,287.0157,288.1275,288.5478,288.878,289.6923,291.554,295.027,300.6704,309.0139,320.5224,335.5726,354.4691,377.5262,427.6196895232313,295.0250725034493,2494.2857,176.69630000000006,448.52710000000025,-32.82979999999998
768,768,768.0,768.0,768.0,768.0,768.0,768.0,768.0,768.0,768.0,768.0,768.0,768.0,768.0,768.0,768.0,768.0,768.0,768.0,768.0,768.0,768.0,768.0,768.0,768.0,768.0,768.0,768.0,8.0,0.8,393.8423,365.9162,343.1197,325.0301,311.269,301.3797,294.8048,290.9248,289.1192,288.821,289.5446,290.8892,292.5243,294.1708,295.5919,296.5985,297.0706,296.9862,296.4452,295.6773,328.1313240239909,388.5535940232607,2670.982,150.44500000000016,271.8308000000002,-11.620299999999986
769,769,769.0,769.0,769.0,769.0,769.0,769.0,769.0,769.0,769.0,769.0,769.0,769.0,769.0,769.0,769.0,769.0,769.0,769.0,769.0,769.0,769.0,769.0,769.0,769.0,769.0,769.0,769.0,9.0,0.9,322.2651,317.4835,313.3906,309.7127,306.304,303.1341,300.261,297.7986,295.8885,294.6827,294.3404,295.0343,296.9615,300.3513,305.4636,312.5784,321.9808,333.952,348.7818,366.8162,251.5753926717605,249.2310336309868,2821.427,121.38580000000002,121.38580000000002,-9.86590000000001
770,770,770.0,770.0,770.0,770.0,770.0,770.0,770.0,770.0,770.0,770.0,770.0,770.0,770.0,770.0,770.0,770.0,770.0,770.0,770.0,770.0,770.0,770.0,770.0,770.0,770.0,770.0,770.0,0.0,0.0,273.0,273.0,273.0,273.0,273.0,273.0,273.0,273.0,273.0,273.0,273.0,273.0,273.0,273.0,273.0,273.0,273.0,273.0,273.0,273.0,179.86706918096078,409.8106654119643,0.0,448.264,3411.1662,-40.0
771,771,771.0,771.0,771.0,771.0,771.0,771.0,771.0,771.0,771.0,771.0,771.0,771.0,771.0,771.0,771.0,771.0,771.0,771.0,771.0,771.0,771.0,771.0,771.0,771.0,771.0,771.0,771.0,1.0,0.1,197.6755,213.8159,227.9116,239.7547,249.3268,256.7847,262.423,266.6288,269.8425,272.5317,275.181,278.292,282.3862,287.9997,295.6671,305.8934,319.1263,335.7453,356.0928,380.569,423.5953262726016,247.91220885818376,448.264,340.9376,2962.9021999999995,-56.21530000000001
772,772,772.0,772.0,772.0,772.0,772.0,772.0,772.0,772.0,772.0,772.0,772.0,772.0,772.0,772.0,772.0,772.0,772.0,772.0,772.0,772.0,772.0,772.0,772.0,772.0,772.0,772.0,772.0,2.0,0.2,388.2439,358.6071,334.1482,314.6078,299.7297,289.1256,282.2492,278.4386,276.9857,277.1979,278.4338,280.111,281.6955,282.6899,282.6357,281.1352,277.8959,272.7824,265.8606,257.4132,400.5760623865357,198.15690063407388,789.2016,339.05319999999995,2621.9646,-23.87439999999998
773,773,773.0,773.0,773.0,773.0,773.0,773.0,773.0,773.0,773.0,773.0,773.0,773.0,773.0,773.0,773.0,773.0,773.0,773.0,773.0,773.0,773.0,773.0,773.0,773.0,773.0,773.0,773.0,3.0,0.3,377.2408,357.9274,341.8021,328.3014,317.0306,307.6927,300.0365,293.8184,288.7764,284.614,280.9944,277.543,273.8581,269.5289,264.1614,257.4101,249.0132,238.8253,226.8403,213.1965,325.7650147016068,370.6306306602032,1128.2548,369.721,2282.9114,-5.307299999999998
774,774,774.0,774.0,774.0,774.0,774.0,774.0,774.0,774.0,774.0,774.0,774.0,774.0,774.0,774.0,774.0,774.0,774.0,774.0,774.0,774.0,774.0,774.0,774.0,774.0,774.0,774.0,774.0,4.0,0.4,320.3579,315.9214,312.0224,308.3391,304.6694,300.9244,297.1117,293.3142,289.674,286.3853,283.6978,281.9249,281.4478,282.7062,286.1673,292.2756,301.3914,313.7421,329.409,348.3732,355.64265301252453,293.13175261661377,1497.9758,206.31400000000008,1913.1904,-12.075600000000009
775,775,775.0,775.0,775.0,775.0,775.0,775.0,775.0,775.0,775.0,775.0,775.0,775.0,775.0,775.0,775.0,775.0,775.0,775.0,775.0,775.0,775.0,775.0,775.0,775.0,775.0,775.0,775.0,5.0,0.5,342.0974,330.7883,321.3562,313.5277,307.083,301.8386,297.6405,294.3615,291.8987,290.1673,289.0906,288.5871,288.5595,288.8898,289.4436,290.0872,290.7123,291.2647,291.767,292.3276,215.91075159442943,213.41578872880328,1704.2898,248.051,1706.8764,-11.161400000000016
776,776,776.0,776.0,776.0,776.0,776.0,776.0,776.0,776.0,776.0,776.0,776.0,776.0,776.0,776.0,776.0,776.0,776.0,776.0,776.0,776.0,776.0,776.0,776.0,776.0,776.0,776.0,776.0,6.0,0.6,231.6442,245.8627,258.0742,267.9952,275.5715,280.9512,284.4234,286.3427,287.0563,286.8445,285.8822,284.2216,281.7944,278.4324,273.9031,267.9572,260.3832,251.0597,239.9967,227.3516,468.1909996581034,284.07619728298,1952.3408,378.2055,1458.8254000000002,-32.04880000000003
777,777,777.0,777.0,777.0,777.0,777.0,777.0,777.0,777.0,777.0,777.0,777.0,777.0,777.0,777.0,777.0,777.0,777.0,777.0,777.0,777.0,777.0,777.0,777.0,777.0,777.0,777.0,777.0,7.0,0.7,424.9005,389.7505,361.1913,338.3321,320.5074,307.0579,297.2576,290.3344,285.5349,282.1957,279.7961,277.9841,276.5735,275.5205,274.8834,274.7738,275.3054,276.5483,278.4971,281.0608,202.88294554691404,269.7644478461503,2330.5463,320.53780000000006,1080.6199,-5.942099999999982
778,778,778.0,778.0,778.0,778.0,778.0,778.0,778.0,778.0,778.0,778.0,778.0,778.0,778.0,778.0,778.0,778.0,778.0,778.0,778.0,778.0,778.0,778.0,778.0,778.0,778.0,778.0,778.0,8.0,0.8,223.3044,241.6578,257.1232,269.2389,277.9333,283.4743,286.367,287.2342,286.7065,285.342,283.5799,281.7259,279.9619,278.3687,276.9555,275.6873,274.5099,273.3672,272.2136,271.0183,217.6356434553508,336.1940022660088,2651.0841,370.6932999999999,760.0821000000001,-29.52569999999997
779,779,779.0,779.0,779.0,779.0,779.0,779.0,779.0,779.0,779.0,779.0,779.0,779.0,779.0,779.0,779.0,779.0,779.0,779.0,779.0,779.0,779.0,779.0,779.0,779.0,779.0,779.0,779.0,9.0,0.9,228.2666,237.929,246.5395,254.042,260.4138,265.6719,269.8765,273.1335,275.5944,277.4557,278.956,280.3712,282.0069,284.1856,287.2281,291.4306,297.0399,304.2355,313.1254,323.7638,317.4599663175039,202.0490638382883,3021.7774,389.3888000000002,389.3888000000002,-47.328100000000006
780,780,780.0,780.0,780.0,780.0,780.0,780.0,780.0,780.0,780.0,780.0,780.0,780.0,780.0,780.0,780.0,780.0,780.0,780.0,780.0,780.0,780.0,780.0,780.0,780.0,780.0,780.0,780.0,0.0,0.0,273.0,273.0,273.0,273.0,273.0,273.0,273.0,273.0,273.0,273.0,273.0,273.0,273.0,273.0,273.0,273.0,273.0,273.0,273.0,273.0,230.81497085195392,189.05739369696283,0.0,516.2664,5044.546400000001,-40.0
781,781,781.0,781.0,781.0,781.0,781.0,781.0,781.0,781.0,781.0,781.0,781.0,781.0,781.0,781.0,781.0,781.0,781.0,781.0,781.0,781.0,781.0,781.0,781.0,781.0,781.0,781.0,781.0,1.0,0.1,239.0393,246.3935,252.7544,258.0568,262.3016,265.5478,267.8922,269.4422,270.2871,270.4713,269.9749,268.7022,266.4806,263.0731,258.2045,251.6015,243.0419,232.4063,219.7176,205.1589,321.48216348359534,228.28934285849903,516.2664,666.6747,4528.280000000001,-47.452200000000005
782,782,782.0,782.0,782.0,782.0,782.0,782.0,782.0,782.0,782.0,782.0,782.0,782.0,782.0,782.0,782.0,782.0,782.0,782.0,782.0,782.0,782.0,782.0,782.0,782.0,782.0,782.0,782.0,2.0,0.2,310.0431,300.026,291.5218,284.5657,279.0967,274.9496,271.8729,269.5649,267.7135,266.0328,264.2884,262.3111,259.9987,257.3088,254.2435,250.8289,247.0906,243.0309,238.6105,233.741,402.8778628244859,179.41527415016773,1182.9411,651.9490000000001,3861.6053,-38.050400000000025
783,783,783.0,783.0,783.0,783.0,783.0,783.0,783.0,783.0,783.0,783.0,783.0,783.0,783.0,783.0,783.0,783.0,783.0,783.0,783.0,783.0,783.0,783.0,783.0,783.0,783.0,783.0,783.0,3.0,0.3,375.9963,353.4147,334.4523,318.6599,305.6775,295.1546,286.7159,279.9593,274.4681,269.8271,265.6343,261.5066,257.0803,252.0126,245.9872,238.7275,230.0156,219.7154,207.789,194.303,228.57310860888896,227.5957204993931,1834.8901,676.9004999999997,3209.6563,-17.845399999999984
784,784,784.0,784.0,784.0,784.0,784.0,784.0,784.0,784.0,784.0,784.0,784.0,784.0,784.0,784.0,784.0,784.0,784.0,784.0,784.0,784.0,784.0,784.0,784.0,784.0,784.0,784.0,784.0,4.0,0.4,241.5638,253.1089,262.6446,269.831,274.5786,277.0224,277.4604,276.2777,273.8768,270.6262,266.8337,262.7401,258.5278,254.3328,250.2535,246.3505,242.6369,239.0644,235.5106,231.7761,242.04400879240143,207.9310816778619,2511.7906,720.1593000000003,2532.7558000000004,-35.977599999999995
785,785,785.0,785.0,785.0,785.0,785.0,785.0,785.0,785.0,785.0,785.0,785.0,785.0,785.0,785.0,785.0,785.0,785.0,785.0,785.0,785.0,785.0,785.0,785.0,785.0,785.0,785.0,785.0,5.0,0.5,247.5111,252.3654,256.5516,260.0208,262.7348,264.6703,265.8225,266.205,265.8476,264.7898,263.0728,260.7295,257.7759,254.2053,249.9872,245.0708,239.3931,232.8894,225.5031,217.1923,356.2271286465693,285.9889570435778,3231.9499,703.663,1812.5965,-48.3297
786,786,786.0,786.0,786.0,786.0,786.0,786.0,786.0,786.0,786.0,786.0,786.0,786.0,786.0,786.0,786.0,786.0,786.0,786.0,786.0,786.0,786.0,786.0,786.0,786.0,786.0,786.0,786.0,6.0,0.6,337.432,321.1787,307.3817,295.9678,286.8003,279.6508,274.2114,270.1341,267.0813,264.7721,263.0168,261.7331,260.9449,260.7632,261.3524,262.8856,265.4954,269.2302,274.0257,279.7022,269.6795144844146,471.92621189038647,3935.6129,436.65750000000025,1108.9335,-33.3492
787,787,787.0,787.0,787.0,787.0,787.0,787.0,787.0,787.0,787.0,787.0,787.0,787.0,787.0,787.0,787.0,787.0,787.0,787.0,787.0,787.0,787.0,787.0,787.0,787.0,787.0,787.0,787.0,7.0,0.7,272.304,274.5732,276.2576,277.2261,277.4666,277.0849,276.288,275.3617,274.6528,274.5605,275.5373,278.094,282.7997,290.2686,301.1304,315.992,335.4106,359.9117,390.094,426.872,263.22940957773824,454.6942628992746,4372.2704,190.1866999999993,672.2759999999998,-35.915099999999995
788,788,788.0,788.0,788.0,788.0,788.0,788.0,788.0,788.0,788.0,788.0,788.0,788.0,788.0,788.0,788.0,788.0,788.0,788.0,788.0,788.0,788.0,788.0,788.0,788.0,788.0,788.0,788.0,8.0,0.8,265.6562,267.8696,269.8667,271.6716,273.3446,274.9876,276.7439,278.7947,281.3519,284.6496,288.9343,294.4576,301.4712,310.2285,320.9958,334.0754,349.8459,368.8245,391.7624,419.795,254.7593641148447,174.80845213378365,4562.4571,172.89069999999992,482.08930000000055,-38.012400000000014
789,789,789.0,789.0,789.0,789.0,789.0,789.0,789.0,789.0,789.0,789.0,789.0,789.0,789.0,789.0,789.0,789.0,789.0,789.0,789.0,789.0,789.0,789.0,789.0,789.0,789.0,789.0,789.0,9.0,0.9,258.7592,262.4434,265.8528,269.039,272.0641,274.9944,277.8865,280.7665,283.6022,286.2724,288.535,290.0037,290.1402,288.274,283.6572,275.5595,263.3971,246.8775,226.126,201.7507,366.36629732942265,367.60270119493975,4735.3478,309.1986000000006,309.1986000000006,-38.005600000000015
790,790,790.0,790.0,790.0,790.0,790.0,790.0,790.0,790.0,790.0,790.0,790.0,790.0,790.0,790.0,790.0,790.0,790.0,790.0,790.0,790.0,790.0,790.0,790.0,790.0,790.0,790.0,790.0,0.0,0.0,273.0,273.0,273.0,273.0,273.0,273.0,273.0,273.0,273.0,273.0,273.0,273.0,273.0,273.0,273.0,273.0,273.0,273.0,273.0,273.0,440.8246281029995,209.280892876935,0.0,448.962,1611.2052,8.925999999999988
791,791,791.0,791.0,791.0,791.0,791.0,791.0,791.0,791.0,791.0,791.0,791.0,791.0,791.0,791.0,791.0,791.0,791.0,791.0,791.0,791.0,791.0,791.0,791.0,791.0,791.0,791.0,791.0,1.0,0.1,404.2699,374.1117,349.2531,329.0444,312.9944,300.6165,291.371,284.6673,279.8965,276.4674,273.832,271.4948,269.0118,265.9849,262.0618,256.9447,250.4092,242.3278,232.6888,221.6017,322.6282832451962,455.8155209361785,448.962,376.686,1162.2432,8.925999999999988
792,792,792.0,792.0,792.0,792.0,792.0,792.0,792.0,792.0,792.0,792.0,792.0,792.0,792.0,792.0,792.0,792.0,792.0,792.0,792.0,792.0,792.0,792.0,792.0,792.0,792.0,792.0,792.0,2.0,0.2,317.766,313.7196,310.026,306.3606,302.5534,298.5817,294.5459,290.6411,287.1343,284.3562,282.707,282.6684,284.8109,289.781,298.2622,310.9152,328.3184,350.9477,379.2426,413.8096,428.9766377958055,344.98068874361604,825.648,135.60429999999997,785.5572000000001,8.925999999999988
793,793,793.0,793.0,793.0,793.0,793.0,793.0,793.0,793.0,793.0,793.0,793.0,793.0,793.0,793.0,793.0,793.0,793.0,793.0,793.0,793.0,793.0,793.0,793.0,793.0,793.0,793.0,793.0,3.0,0.3,398.3723,373.3915,352.9659,336.4103,323.2303,313.0179,305.4068,300.0625,296.6865,295.0214,294.8471,295.9707,298.2133,301.4027,305.3782,310.0107,315.2362,321.0936,327.7576,335.558,415.02963111444393,469.4379132796941,961.2523,124.06730000000005,649.9529000000001,8.925999999999988
794,794,794.0,794.0,794.0,794.0,794.0,794.0,794.0,794.0,794.0,794.0,794.0,794.0,794.0,794.0,794.0,794.0,794.0,794.0,794.0,794.0,794.0,794.0,794.0,794.0,794.0,794.0,794.0,4.0,0.4,390.5569,370.7912,354.6646,341.4509,330.6516,321.926,315.0465,309.8715,306.332,304.4273,304.2295,305.8891,309.6393,315.7941,324.7383,336.9158,352.8271,373.0581,398.3687,429.8818,330.7256220708326,283.7941475105512,1085.3196,57.90219999999999,525.8856000000001,8.925999999999988
795,795,795.0,795.0,795.0,795.0,795.0,795.0,795.0,795.0,795.0,795.0,795.0,795.0,795.0,795.0,795.0,795.0,795.0,795.0,795.0,795.0,795.0,795.0,795.0,795.0,795.0,795.0,795.0,5.0,0.5,326.1531,322.7138,319.9669,317.6014,315.4445,313.4498,311.6662,310.195,309.1411,308.5678,308.4604,308.7022,309.0695,309.2468,308.8661,307.566,305.066,301.2404,296.1747,290.1858,371.33993807739296,380.75312437028737,1143.2218,90.06960000000004,467.9834000000001,8.925999999999988
796,796,796.0,796.0,796.0,796.0,796.0,796.0,796.0,796.0,796.0,796.0,796.0,796.0,796.0,796.0,796.0,796.0,796.0,796.0,796.0,796.0,796.0,796.0,796.0,796.0,796.0,796.0,796.0,6.0,0.6,355.8463,343.2159,332.9809,324.7836,318.3259,313.3433,309.5977,306.8827,305.0354,303.9506,303.5943,304.012,305.3325,307.7616,311.5664,317.0517,324.5338,334.3209,346.7153,362.0471,361.89407389497,337.9107706176157,1233.2914,77.97519999999986,377.9138,8.925999999999988
797,797,797.0,797.0,797.0,797.0,797.0,797.0,797.0,797.0,797.0,797.0,797.0,797.0,797.0,797.0,797.0,797.0,797.0,797.0,797.0,797.0,797.0,797.0,797.0,797.0,797.0,797.0,797.0,7.0,0.7,349.044,338.5951,330.0771,323.1398,317.5238,313.0391,309.5486,306.9541,305.184,304.1835,303.9061,304.3078,305.3453,306.978,309.1764,311.9355,315.2926,319.3467,324.2745,330.3423,391.301325244007,407.2261631487088,1311.2666,90.59940000000006,299.9386000000002,8.925999999999988
798,798,798.0,798.0,798.0,798.0,798.0,798.0,798.0,798.0,798.0,798.0,798.0,798.0,798.0,798.0,798.0,798.0,798.0,798.0,798.0,798.0,798.0,798.0,798.0,798.0,798.0,798.0,798.0,8.0,0.8,371.6125,355.5996,342.5772,332.0537,323.655,317.0808,312.0839,308.4653,306.0774,304.8317,304.7068,305.7539,308.0975,311.9305,317.5039,325.1125,335.0847,347.7832,363.6319,383.1806,374.93578122137393,273.4675177982785,1401.866,80.59719999999993,209.3392000000001,8.925999999999988
799,799,799.0,799.0,799.0,799.0,799.0,799.0,799.0,799.0,799.0,799.0,799.0,799.0,799.0,799.0,799.0,799.0,799.0,799.0,799.0,799.0,799.0,799.0,799.0,799.0,799.0,799.0,799.0,9.0,0.9,359.7782,347.5101,337.5291,329.3955,322.7908,317.4854,313.3114,310.1367,307.8403,306.2885,305.3149,304.7053,304.1927,303.4657,302.1929,300.0646,296.8446,292.4249,286.8664,280.4129,292.6746463113081,291.2376467513224,1482.4632,128.7420000000002,128.7420000000002,8.925999999999988
800,800,800.0,800.0,800.0,800.0,800.0,800.0,800.0,800.0,800.0,800.0,800.0,800.0,800.0,800.0,800.0,800.0,800.0,800.0,800.0,800.0,800.0,800.0,800.0,800.0,800.0,800.0,800.0,0.0,0.0,273.0,273.0,273.0,273.0,273.0,273.0,273.0,273.0,273.0,273.0,273.0,273.0,273.0,273.0,273.0,273.0,273.0,273.0,273.0,273.0,251.7393195079728,433.2344874223688,0.0,400.4359,2923.4422,-40.0
801,801,801.0,801.0,801.0,801.0,801.0,801.0,801.0,801.0,801.0,801.0,801.0,801.0,801.0,801.0,801.0,801.0,801.0,801.0,801.0,801.0,801.0,801.0,801.0,801.0,801.0,801.0,801.0,1.0,0.1,255.9257,259.6497,262.8667,265.5613,267.7554,269.5121,270.9355,272.1718,273.4127,274.9039,276.9559,279.9525,284.3525,290.6761,299.4768,311.3009,326.6518,345.9808,369.736,398.4973,240.29721141443144,311.3888346848311,400.4359,268.5672,2523.0063,-43.487900000000025
802,802,802.0,802.0,802.0,802.0,802.0,802.0,802.0,802.0,802.0,802.0,802.0,802.0,802.0,802.0,802.0,802.0,802.0,802.0,802.0,802.0,802.0,802.0,802.0,802.0,802.0,802.0,802.0,2.0,0.2,246.0857,251.2983,255.9524,260.0881,263.7738,267.1054,270.2,273.1843,276.1786,279.2795,282.5426,285.9687,289.4983,293.0187,296.3853,299.4584,302.1502,304.4715,306.5679,308.7322,307.5560607409615,417.7335656777723,669.0031,260.4492,2254.4391,-45.894600000000025
803,803,803.0,803.0,803.0,803.0,803.0,803.0,803.0,803.0,803.0,803.0,803.0,803.0,803.0,803.0,803.0,803.0,803.0,803.0,803.0,803.0,803.0,803.0,803.0,803.0,803.0,803.0,803.0,3.0,0.3,299.6225,292.7394,287.0614,282.6905,279.6519,277.8921,277.299,277.7349,279.0744,281.2405,284.2323,288.1419,293.1594,299.5645,307.708,317.9859,330.817,346.6382,365.9347,389.3265,179.2493576430216,352.3864985928199,929.4523,193.5813,1993.9899,-35.10789999999997
804,804,804.0,804.0,804.0,804.0,804.0,804.0,804.0,804.0,804.0,804.0,804.0,804.0,804.0,804.0,804.0,804.0,804.0,804.0,804.0,804.0,804.0,804.0,804.0,804.0,804.0,804.0,804.0,4.0,0.4,198.6289,216.2541,231.695,244.7337,255.3871,263.8802,270.5883,275.9637,280.4665,284.5104,288.4296,292.4651,296.7704,301.4303,306.4908,311.9965,318.0306,324.753,332.4316,341.4632,240.61333332058365,236.3965765259142,1123.0336,316.5015000000001,1800.4086,-49.1198
805,805,805.0,805.0,805.0,805.0,805.0,805.0,805.0,805.0,805.0,805.0,805.0,805.0,805.0,805.0,805.0,805.0,805.0,805.0,805.0,805.0,805.0,805.0,805.0,805.0,805.0,805.0,805.0,5.0,0.5,244.5231,248.133,251.6752,255.3084,259.1057,263.0603,267.1018,271.1174,274.9679,278.4949,281.5187,283.8307,285.1875,285.3134,283.9197,280.74,275.5802,268.3723,259.2183,248.4075,323.74824185613033,345.6373505051809,1439.5351,375.6415999999999,1483.9071,-49.939700000000016
806,806,806.0,806.0,806.0,806.0,806.0,806.0,806.0,806.0,806.0,806.0,806.0,806.0,806.0,806.0,806.0,806.0,806.0,806.0,806.0,806.0,806.0,806.0,806.0,806.0,806.0,806.0,806.0,6.0,0.6,312.0091,301.8127,293.2957,286.5402,281.5304,278.1421,276.1614,275.3237,275.3614,276.0504,277.2471,278.9124,281.1195,284.0445,287.9404,293.0972,299.7952,308.2646,318.664,331.0921,385.721553078121,263.1730238060687,1815.1767,269.37289999999985,1108.2655,-34.85789999999997
807,807,807.0,807.0,807.0,807.0,807.0,807.0,807.0,807.0,807.0,807.0,807.0,807.0,807.0,807.0,807.0,807.0,807.0,807.0,807.0,807.0,807.0,807.0,807.0,807.0,807.0,807.0,807.0,7.0,0.7,363.3526,344.5499,328.8515,315.953,305.608,297.5727,291.5816,287.3464,284.5641,282.927,282.1285,281.8646,281.8332,281.7372,281.2944,280.2572,278.4402,275.7489,272.2011,267.9315,252.61279499372503,471.4527519081821,2084.5496,234.53060000000005,838.8926000000001,-15.427300000000002
808,808,808.0,808.0,808.0,808.0,808.0,808.0,808.0,808.0,808.0,808.0,808.0,808.0,808.0,808.0,808.0,808.0,808.0,808.0,808.0,808.0,808.0,808.0,808.0,808.0,808.0,808.0,808.0,8.0,0.8,261.1856,268.8885,275.3382,280.3138,283.7817,285.8842,286.9036,287.2173,287.2603,287.5027,288.4465,290.6327,294.6503,301.1333,310.7412,324.1261,341.9055,364.6737,393.0942,428.1261,225.7367444360533,175.77770228555818,2319.0802,179.30520000000024,604.3620000000001,-27.11579999999998
809,809,809.0,809.0,809.0,809.0,809.0,809.0,809.0,809.0,809.0,809.0,809.0,809.0,809.0,809.0,809.0,809.0,809.0,809.0,809.0,809.0,809.0,809.0,809.0,809.0,809.0,809.0,809.0,9.0,0.9,236.2012,245.7251,254.1855,261.5268,267.7699,273.0048,277.3682,281.0092,284.0457,286.5178,288.3425,289.2779,288.9068,286.6509,281.8242,273.7291,261.7895,245.6993,225.5529,201.9127,273.5650008198891,224.4115982854697,2498.3854,425.05679999999984,425.05679999999984,-39.99520000000001
810,810,810.0,810.0,810.0,810.0,810.0,810.0,810.0,810.0,810.0,810.0,810.0,810.0,810.0,810.0,810.0,810.0,810.0,810.0,810.0,810.0,810.0,810.0,810.0,810.0,810.0,810.0,810.0,0.0,0.0,273.0,273.0,273.0,273.0,273.0,273.0,273.0,273.0,273.0,273.0,273.0,273.0,273.0,273.0,273.0,273.0,273.0,273.0,273.0,273.0,190.1357913974072,326.7105885561126,0.0,468.7565,3319.4626,-40.0
811,811,811.0,811.0,811.0,811.0,811.0,811.0,811.0,811.0,811.0,811.0,811.0,811.0,811.0,811.0,811.0,811.0,811.0,811.0,811.0,811.0,811.0,811.0,811.0,811.0,811.0,811.0,811.0,1.0,0.1,206.0387,220.4158,232.948,243.4605,251.9393,258.5176,263.441,267.0235,269.6075,271.535,273.1317,274.7027,276.5347,278.8977,282.0429,286.194,291.5345,298.1962,306.2567,315.7527,242.1434917012384,360.60391596968486,468.7565,469.1661,2850.7061,-54.482399999999984
812,812,812.0,812.0,812.0,812.0,812.0,812.0,812.0,812.0,812.0,812.0,812.0,812.0,812.0,812.0,812.0,812.0,812.0,812.0,812.0,812.0,812.0,812.0,812.0,812.0,812.0,812.0,812.0,2.0,0.2,245.1105,247.7636,250.305,252.8768,255.5548,258.3573,261.2675,264.2603,267.3289,270.5047,273.8684,277.5523,281.7348,286.6292,292.4692,299.4941,307.9373,318.023,329.9773,344.0572,312.30667914983,295.2716974290646,937.9226,358.0276,2381.54,-54.64269999999999
813,813,813.0,813.0,813.0,813.0,813.0,813.0,813.0,813.0,813.0,813.0,813.0,813.0,813.0,813.0,813.0,813.0,813.0,813.0,813.0,813.0,813.0,813.0,813.0,813.0,813.0,813.0,813.0,3.0,0.3,302.4241,293.7563,286.4832,280.7318,276.5435,273.8656,272.5641,272.4489,273.3021,274.9005,277.0292,279.4864,282.0831,284.6444,287.0153,289.075,290.7569,292.0705,293.1167,294.0913,382.57483850971136,411.8972715939542,1295.9502,260.2032999999999,2023.5124,-39.13440000000003
814,814,814.0,814.0,814.0,814.0,814.0,814.0,814.0,814.0,814.0,814.0,814.0,814.0,814.0,814.0,814.0,814.0,814.0,814.0,814.0,814.0,814.0,814.0,814.0,814.0,814.0,814.0,814.0,4.0,0.4,360.3581,341.6103,325.9392,313.0924,302.8605,295.0251,289.346,285.5736,283.4778,282.8809,283.6879,285.9064,289.6536,295.1487,302.6902,312.6238,325.3122,341.1214,360.444,383.7804,317.76931379441265,285.4226760880787,1556.1535,131.74720000000002,1763.3091,-17.97489999999999
815,815,815.0,815.0,815.0,815.0,815.0,815.0,815.0,815.0,815.0,815.0,815.0,815.0,815.0,815.0,815.0,815.0,815.0,815.0,815.0,815.0,815.0,815.0,815.0,815.0,815.0,815.0,815.0,5.0,0.5,312.8175,308.7312,305.2348,302.1449,299.3754,296.9273,294.8628,293.2724,292.2384,291.8024,291.9403,292.548,293.4411,294.3694,295.0478,295.2016,294.6204,293.2105,291.0326,288.3137,259.7387334255332,245.51919679884907,1687.9007,203.9222,1631.5619,-16.072699999999998
816,816,816.0,816.0,816.0,816.0,816.0,816.0,816.0,816.0,816.0,816.0,816.0,816.0,816.0,816.0,816.0,816.0,816.0,816.0,816.0,816.0,816.0,816.0,816.0,816.0,816.0,816.0,816.0,6.0,0.6,265.854,271.4484,276.3114,280.3119,283.4094,285.6464,287.1249,287.9741,288.3179,288.2478,287.8043,286.9686,285.6654,283.7747,281.1523,277.6559,273.1744,267.655,261.1224,253.684,301.40989309813915,274.42184299219656,1891.8229,311.1355000000001,1427.6397,-27.35359999999997
817,817,817.0,817.0,817.0,817.0,817.0,817.0,817.0,817.0,817.0,817.0,817.0,817.0,817.0,817.0,817.0,817.0,817.0,817.0,817.0,817.0,817.0,817.0,817.0,817.0,817.0,817.0,817.0,7.0,0.7,296.8941,293.0886,289.9939,287.5833,285.7914,284.5149,283.6232,282.976,282.4405,281.9069,281.2985,280.5769,279.7415,278.8244,277.8813,276.9786,276.1785,275.5245,275.031,274.6793,205.294449552654,236.9968474995281,2202.9584,384.4295000000002,1116.5042,-28.48509999999999
818,818,818.0,818.0,818.0,818.0,818.0,818.0,818.0,818.0,818.0,818.0,818.0,818.0,818.0,818.0,818.0,818.0,818.0,818.0,818.0,818.0,818.0,818.0,818.0,818.0,818.0,818.0,818.0,8.0,0.8,220.1985,233.6629,245.3363,255.0183,262.6752,268.4218,272.4793,275.1225,276.6289,277.2386,277.1287,276.4024,275.0905,273.163,270.5477,267.1544,262.8998,257.7324,251.6493,244.7034,217.0135203423732,450.2810444280412,2587.3879,481.9274999999998,732.0746999999997,-44.57819999999998
819,819,819.0,819.0,819.0,819.0,819.0,819.0,819.0,819.0,819.0,819.0,819.0,819.0,819.0,819.0,819.0,819.0,819.0,819.0,819.0,819.0,819.0,819.0,819.0,819.0,819.0,819.0,819.0,9.0,0.9,226.1109,234.3314,241.6763,248.153,253.7798,258.5939,262.663,266.1014,269.0885,271.8892,274.8723,278.5223,283.4366,290.3028,299.8528,312.8032,329.8004,351.4027,378.1422,410.705,415.5775638542007,440.6678202799712,3069.3154,250.14719999999988,250.14719999999988,-54.40609999999998
820,820,820.0,820.0,820.0,820.0,820.0,820.0,820.0,820.0,820.0,820.0,820.0,820.0,820.0,820.0,820.0,820.0,820.0,820.0,820.0,820.0,820.0,820.0,820.0,820.0,820.0,820.0,820.0,0.0,0.0,273.0,273.0,273.0,273.0,273.0,273.0,273.0,273.0,273.0,273.0,273.0,273.0,273.0,273.0,273.0,273.0,273.0,273.0,273.0,273.0,220.5099193168665,375.2303127044438,0.0,432.4976,2818.1337,-40.0
821,821,821.0,821.0,821.0,821.0,821.0,821.0,821.0,821.0,821.0,821.0,821.0,821.0,821.0,821.0,821.0,821.0,821.0,821.0,821.0,821.0,821.0,821.0,821.0,821.0,821.0,821.0,821.0,1.0,0.1,230.7042,239.8497,247.7836,254.4243,259.7845,263.967,267.1481,269.5576,271.4603,273.1464,274.9286,277.1443,280.1576,284.3539,290.1246,297.8421,307.8322,320.3562,335.6192,353.8165,449.33460282451,349.3325994290781,432.4976,293.6012,2385.6361,-49.033000000000015
822,822,822.0,822.0,822.0,822.0,822.0,822.0,822.0,822.0,822.0,822.0,822.0,822.0,822.0,822.0,822.0,822.0,822.0,822.0,822.0,822.0,822.0,822.0,822.0,822.0,822.0,822.0,822.0,2.0,0.2,409.1949,376.075,348.8893,327.0555,310.1402,297.6767,289.1085,283.8129,281.1622,280.5869,281.6192,283.9112,287.2304,291.4427,296.4931,302.3908,309.2035,317.0599,326.1593,336.7866,298.91339559788696,275.86049723325243,726.0988,175.71389999999997,2092.0349,-15.323300000000016
823,823,823.0,823.0,823.0,823.0,823.0,823.0,823.0,823.0,823.0,823.0,823.0,823.0,823.0,823.0,823.0,823.0,823.0,823.0,823.0,823.0,823.0,823.0,823.0,823.0,823.0,823.0,823.0,3.0,0.3,299.1361,299.5042,299.6221,299.2447,298.298,296.8634,295.1317,293.3425,291.7238,290.4425,289.5739,289.0911,288.8729,288.7267,288.4229,287.7372,286.4934,284.6027,282.0889,279.0942,175.30158921834115,312.17595632599745,901.8127,250.6483000000001,1916.321,-16.136599999999987
824,824,824.0,824.0,824.0,824.0,824.0,824.0,824.0,824.0,824.0,824.0,824.0,824.0,824.0,824.0,824.0,824.0,824.0,824.0,824.0,824.0,824.0,824.0,824.0,824.0,824.0,824.0,824.0,4.0,0.4,197.2157,217.1759,234.5982,249.1414,260.7309,269.5306,275.8809,280.223,283.0294,284.7527,285.7955,286.5003,287.1532,287.9933,289.2226,291.0114,293.4995,296.7949,300.9737,306.0869,455.0249398664949,281.5878762376448,1152.461,300.962,1665.6726999999998,-43.46940000000001
825,825,825.0,825.0,825.0,825.0,825.0,825.0,825.0,825.0,825.0,825.0,825.0,825.0,825.0,825.0,825.0,825.0,825.0,825.0,825.0,825.0,825.0,825.0,825.0,825.0,825.0,825.0,825.0,5.0,0.5,413.389,379.1921,351.3079,329.1275,312.1622,299.8458,291.4821,286.2838,283.4529,282.2587,282.0897,282.4737,283.0698,283.6457,284.0528,284.2054,284.0695,283.6586,283.0326,282.2957,334.5731880419728,307.3205294919122,1453.423,243.9697000000001,1364.7107,-13.154200000000005
826,826,826.0,826.0,826.0,826.0,826.0,826.0,826.0,826.0,826.0,826.0,826.0,826.0,826.0,826.0,826.0,826.0,826.0,826.0,826.0,826.0,826.0,826.0,826.0,826.0,826.0,826.0,826.0,6.0,0.6,327.4498,321.5579,316.4243,311.7198,307.2644,303.01,299.005,295.3511,292.1626,289.5377,287.5452,286.2241,285.5929,285.6625,286.4452,287.9599,290.2306,293.2818,297.1346,301.807,197.24521664663,453.51371768088114,1697.3927,200.5229999999999,1120.7409999999998,-9.990000000000007
827,827,827.0,827.0,827.0,827.0,827.0,827.0,827.0,827.0,827.0,827.0,827.0,827.0,827.0,827.0,827.0,827.0,827.0,827.0,827.0,827.0,827.0,827.0,827.0,827.0,827.0,827.0,827.0,7.0,0.7,216.2707,233.5138,248.4112,260.6425,270.157,277.1509,282.0117,285.2516,287.4489,289.207,291.1347,293.8424,297.9435,304.0542,312.7826,324.7133,340.3968,360.369,385.2291,415.8136,292.16934672368075,291.4033390110213,1897.9157,155.82079999999996,920.2179999999998,-35.84910000000002
828,828,828.0,828.0,828.0,828.0,828.0,828.0,828.0,828.0,828.0,828.0,828.0,828.0,828.0,828.0,828.0,828.0,828.0,828.0,828.0,828.0,828.0,828.0,828.0,828.0,828.0,828.0,828.0,8.0,0.8,287.7071,283.9527,281.1218,279.3488,278.667,279.0149,280.2613,282.2371,284.7624,287.6597,290.7522,293.8516,296.7456,299.1934,300.9406,301.754,301.4728,300.0647,297.6701,294.6183,197.7999230242166,200.69818877604573,2053.7365,274.3330000000001,764.3971999999999,-33.98509999999999
829,829,829.0,829.0,829.0,829.0,829.0,829.0,829.0,829.0,829.0,829.0,829.0,829.0,829.0,829.0,829.0,829.0,829.0,829.0,829.0,829.0,829.0,829.0,829.0,829.0,829.0,829.0,829.0,9.0,0.9,213.5942,227.9428,240.5482,251.2538,260.0552,267.0781,272.5315,276.6508,279.6429,281.6421,282.6818,282.6843,281.467,278.7649,274.27,267.683,258.7743,247.4451,233.7745,218.0399,279.8243840758104,275.14428558931405,2328.0695,490.0641999999998,490.0641999999998,-45.9219
830,830,830.0,830.0,830.0,830.0,830.0,830.0,830.0,830.0,830.0,830.0,830.0,830.0,830.0,830.0,830.0,830.0,830.0,830.0,830.0,830.0,830.0,830.0,830.0,830.0,830.0,830.0,830.0,0.0,0.0,273.0,273.0,273.0,273.0,273.0,273.0,273.0,273.0,273.0,273.0,273.0,273.0,273.0,273.0,273.0,273.0,273.0,273.0,273.0,273.0,191.2075210723393,466.9862042335945,0.0,428.6322,3675.2903,4.165700000000015
831,831,831.0,831.0,831.0,831.0,831.0,831.0,831.0,831.0,831.0,831.0,831.0,831.0,831.0,831.0,831.0,831.0,831.0,831.0,831.0,831.0,831.0,831.0,831.0,831.0,831.0,831.0,831.0,1.0,0.1,206.9138,221.1118,233.4918,243.8884,252.3003,258.8806,263.9088,267.7573,270.8634,273.7145,276.8459,280.8451,286.3539,294.0574,304.6576,318.8355,337.2218,360.4083,389.0387,424.03,317.8955001901879,215.3402275808077,428.6322,314.0693,3246.6581,4.165700000000015
832,832,832.0,832.0,832.0,832.0,832.0,832.0,832.0,832.0,832.0,832.0,832.0,832.0,832.0,832.0,832.0,832.0,832.0,832.0,832.0,832.0,832.0,832.0,832.0,832.0,832.0,832.0,832.0,2.0,0.2,306.0478,295.7112,287.1687,280.6132,276.0993,273.5343,272.7007,273.2936,274.957,277.303,279.9135,282.3263,284.0214,284.4208,282.9169,278.9336,272.017,261.939,248.7853,232.9971,397.9078985454093,346.92215066764163,742.7015,317.40960000000007,2932.5888,4.165700000000015
833,833,833.0,833.0,833.0,833.0,833.0,833.0,833.0,833.0,833.0,833.0,833.0,833.0,833.0,833.0,833.0,833.0,833.0,833.0,833.0,833.0,833.0,833.0,833.0,833.0,833.0,833.0,833.0,3.0,0.3,372.2965,350.8317,332.9617,318.3332,306.6568,297.6336,290.9303,286.1881,283.0529,281.2143,280.4419,280.6136,281.7289,283.9042,287.3479,292.3178,299.0695,307.8075,318.6591,331.6829,336.33962399216426,250.24893838900465,1060.1111,231.83289999999988,2615.1792,4.165700000000015
834,834,834.0,834.0,834.0,834.0,834.0,834.0,834.0,834.0,834.0,834.0,834.0,834.0,834.0,834.0,834.0,834.0,834.0,834.0,834.0,834.0,834.0,834.0,834.0,834.0,834.0,834.0,834.0,4.0,0.4,327.7948,320.6576,314.5468,309.1909,304.4241,300.1706,296.4185,293.1871,290.494,288.3248,286.6116,285.2197,283.947,282.5351,280.694,278.1391,274.6356,270.0424,264.3453,257.667,453.4879821851612,262.413657129101,1291.944,298.4293,2383.3463,4.165700000000015
835,835,835.0,835.0,835.0,835.0,835.0,835.0,835.0,835.0,835.0,835.0,835.0,835.0,835.0,835.0,835.0,835.0,835.0,835.0,835.0,835.0,835.0,835.0,835.0,835.0,835.0,835.0,835.0,5.0,0.5,417.2154,387.9486,364.1577,344.8748,329.4042,317.1657,307.6232,300.2643,294.6094,290.2276,286.7511,283.8818,281.3898,279.1057,276.9106,274.7238,272.4913,270.1748,267.7435,265.1672,246.42136241340987,254.84622236353715,1590.3733,301.3278,2084.9170000000004,4.165700000000015
836,836,836.0,836.0,836.0,836.0,836.0,836.0,836.0,836.0,836.0,836.0,836.0,836.0,836.0,836.0,836.0,836.0,836.0,836.0,836.0,836.0,836.0,836.0,836.0,836.0,836.0,836.0,836.0,6.0,0.6,259.1338,270.5646,280.0823,287.3082,292.1438,294.7418,295.4351,294.6514,292.8314,290.3667,287.5627,284.6257,281.6683,278.7266,275.7823,272.7842,269.667,266.3656,262.8231,258.9949,285.84707306713307,255.6840292320616,1891.7011,330.56510000000003,1783.5892,4.165700000000015
837,837,837.0,837.0,837.0,837.0,837.0,837.0,837.0,837.0,837.0,837.0,837.0,837.0,837.0,837.0,837.0,837.0,837.0,837.0,837.0,837.0,837.0,837.0,837.0,837.0,837.0,837.0,837.0,7.0,0.7,285.1256,284.6632,284.418,284.3306,284.3222,284.3008,284.1725,283.8536,283.2809,282.4167,281.2479,279.7814,278.037,276.0388,273.809,271.3628,268.7053,265.8302,262.7208,259.3501,452.3708487412329,178.5437919517616,2222.2662,414.50160000000005,1453.0241,4.165700000000015
838,838,838.0,838.0,838.0,838.0,838.0,838.0,838.0,838.0,838.0,838.0,838.0,838.0,838.0,838.0,838.0,838.0,838.0,838.0,838.0,838.0,838.0,838.0,838.0,838.0,838.0,838.0,838.0,8.0,0.8,414.25,383.1693,357.7627,337.2004,320.8657,308.1833,298.5494,291.3256,285.8644,281.5392,277.7643,274.0014,269.756,264.5728,258.0392,249.8014,239.5937,227.2735,212.8511,196.501,270.99461123724177,179.55156854254946,2636.7678,538.9940999999999,1038.5225,4.165700000000015
839,839,839.0,839.0,839.0,839.0,839.0,839.0,839.0,839.0,839.0,839.0,839.0,839.0,839.0,839.0,839.0,839.0,839.0,839.0,839.0,839.0,839.0,839.0,839.0,839.0,839.0,839.0,839.0,9.0,0.9,277.7562,283.8179,288.6392,291.8702,293.3772,293.2205,291.5987,288.7768,285.0186,280.535,275.4548,269.8185,263.5885,256.6708,248.9395,240.2618,230.5175,219.6136,207.4923,194.1336,416.29606992616175,439.6826396280896,3175.7619,499.52840000000015,499.52840000000015,4.165700000000015
840,840,840.0,840.0,840.0,840.0,840.0,840.0,840.0,840.0,840.0,840.0,840.0,840.0,840.0,840.0,840.0,840.0,840.0,840.0,840.0,840.0,840.0,840.0,840.0,840.0,840.0,840.0,840.0,0.0,0.0,273.0,273.0,273.0,273.0,273.0,273.0,273.0,273.0,273.0,273.0,273.0,273.0,273.0,273.0,273.0,273.0,273.0,273.0,273.0,273.0,400.85861091963005,419.67368057920623,0.0,361.5939,2198.153,-40.0
841,841,841.0,841.0,841.0,841.0,841.0,841.0,841.0,841.0,841.0,841.0,841.0,841.0,841.0,841.0,841.0,841.0,841.0,841.0,841.0,841.0,841.0,841.0,841.0,841.0,841.0,841.0,841.0,1.0,0.1,373.6798,350.8429,331.8234,316.2917,303.9637,294.5269,287.628,282.9011,280.0171,278.7346,278.9409,280.6739,284.1218,289.601,297.5137,308.2948,322.3635,340.0992,361.871,388.1416,212.72293009422944,343.5232586369864,361.5939,161.28629999999993,1836.5591,-18.473099999999988
842,842,842.0,842.0,842.0,842.0,842.0,842.0,842.0,842.0,842.0,842.0,842.0,842.0,842.0,842.0,842.0,842.0,842.0,842.0,842.0,842.0,842.0,842.0,842.0,842.0,842.0,842.0,842.0,2.0,0.2,229.0377,243.7137,256.1999,266.2071,273.7369,279.0507,282.5966,284.9189,286.571,288.0461,289.7333,291.8992,294.6913,298.1603,302.2948,307.0644,312.4674,318.5739,325.5606,333.7312,252.21622189839863,182.26635387357047,522.8802,263.2232,1675.2727999999995,-33.949299999999994
843,843,843.0,843.0,843.0,843.0,843.0,843.0,843.0,843.0,843.0,843.0,843.0,843.0,843.0,843.0,843.0,843.0,843.0,843.0,843.0,843.0,843.0,843.0,843.0,843.0,843.0,843.0,843.0,3.0,0.3,256.1212,259.7407,263.1637,266.4466,269.6093,272.6371,275.4859,278.0852,280.3356,282.0972,283.1733,283.2924,282.0998,279.1645,274.0123,266.1847,255.3218,241.2531,224.0747,204.1862,388.1447491455828,415.11383547465454,786.1034,368.1980000000001,1412.0495999999998,-40.362900000000025
844,844,844.0,844.0,844.0,844.0,844.0,844.0,844.0,844.0,844.0,844.0,844.0,844.0,844.0,844.0,844.0,844.0,844.0,844.0,844.0,844.0,844.0,844.0,844.0,844.0,844.0,844.0,844.0,4.0,0.4,363.5961,342.8861,325.6838,311.7684,300.8992,292.7575,286.9481,283.0436,280.6507,279.4784,279.396,280.469,282.9668,287.3368,294.1467,304.0011,317.4537,334.9454,356.8058,383.3528,334.9708544794315,441.5979181207881,1154.3014,145.9456,1043.8515999999995,-20.242500000000007
845,845,845.0,845.0,845.0,845.0,845.0,845.0,845.0,845.0,845.0,845.0,845.0,845.0,845.0,845.0,845.0,845.0,845.0,845.0,845.0,845.0,845.0,845.0,845.0,845.0,845.0,845.0,845.0,5.0,0.5,326.1392,318.7239,312.4027,306.9576,302.2721,298.3209,295.1532,292.8738,291.625,291.5742,292.9063,295.822,300.5378,307.2883,316.3301,327.9497,342.4837,360.358,382.1618,408.7769,259.2023175284495,224.7444127329353,1300.247,90.50969999999984,897.9059999999997,-14.679100000000004
846,846,846.0,846.0,846.0,846.0,846.0,846.0,846.0,846.0,846.0,846.0,846.0,846.0,846.0,846.0,846.0,846.0,846.0,846.0,846.0,846.0,846.0,846.0,846.0,846.0,846.0,846.0,846.0,6.0,0.6,265.9377,272.1088,277.4866,281.9459,285.4809,288.1934,290.259,291.8795,293.2299,294.4092,295.3993,296.0396,296.0218,294.9095,292.1868,287.3355,279.9328,269.7545,256.8598,241.6307,191.99697782304253,414.8583253159801,1390.7567,234.92540000000008,807.3962999999999,-24.806600000000003
847,847,847.0,847.0,847.0,847.0,847.0,847.0,847.0,847.0,847.0,847.0,847.0,847.0,847.0,847.0,847.0,847.0,847.0,847.0,847.0,847.0,847.0,847.0,847.0,847.0,847.0,847.0,847.0,7.0,0.7,209.2378,224.9621,238.8452,250.6991,260.4875,268.3138,274.3927,279.017,282.5318,285.3209,287.8082,290.4669,293.8274,298.4746,305.0261,314.0928,326.2342,341.9298,361.5969,385.6832,469.0096857109828,188.0544337531097,1625.6821,235.79559999999992,572.4708999999998,-44.68619999999999
848,848,848.0,848.0,848.0,848.0,848.0,848.0,848.0,848.0,848.0,848.0,848.0,848.0,848.0,848.0,848.0,848.0,848.0,848.0,848.0,848.0,848.0,848.0,848.0,848.0,848.0,848.0,848.0,8.0,0.8,424.1712,387.6304,357.9666,334.4283,316.4641,303.4823,294.7673,289.4955,286.7924,285.7903,285.6602,285.6153,284.898,282.769,278.5187,271.5103,261.257,247.5163,230.3746,210.2887,311.36516436596776,471.5540861035494,1861.4777,255.69439999999983,336.6752999999999,-9.51769999999999
849,849,849.0,849.0,849.0,849.0,849.0,849.0,849.0,849.0,849.0,849.0,849.0,849.0,849.0,849.0,849.0,849.0,849.0,849.0,849.0,849.0,849.0,849.0,849.0,849.0,849.0,849.0,849.0,9.0,0.9,309.7695,308.6097,307.418,305.8804,303.8586,301.3777,298.5931,295.7504,293.1536,291.1541,290.159,290.6516,293.2092,298.5007,307.2544,320.2011,338.015,361.2941,390.6381,426.881,270.310694913469,401.8208511204089,2117.1721,80.98090000000002,80.98090000000002,-11.622299999999996
850,850,850.0,850.0,850.0,850.0,850.0,850.0,850.0,850.0,850.0,850.0,850.0,850.0,850.0,850.0,850.0,850.0,850.0,850.0,850.0,850.0,850.0,850.0,850.0,850.0,850.0,850.0,850.0,0.0,0.0,273.0,273.0,273.0,273.0,273.0,273.0,273.0,273.0,273.0,273.0,273.0,273.0,273.0,273.0,273.0,273.0,273.0,273.0,273.0,273.0,340.6211852508223,322.7694712313098,0.0,402.6368,2553.5592000000006,-40.0
851,851,851.0,851.0,851.0,851.0,851.0,851.0,851.0,851.0,851.0,851.0,851.0,851.0,851.0,851.0,851.0,851.0,851.0,851.0,851.0,851.0,851.0,851.0,851.0,851.0,851.0,851.0,851.0,1.0,0.1,326.7265,314.7527,304.6283,296.2907,289.6427,284.5374,280.7851,278.1771,276.5141,275.6338,275.4308,275.8671,276.9715,278.8302,281.5684,285.3261,290.2335,296.389,303.85,312.6392,219.4510337050935,298.58000590958426,402.6368,318.3634,2150.9224000000004,-28.46260000000001
852,852,852.0,852.0,852.0,852.0,852.0,852.0,852.0,852.0,852.0,852.0,852.0,852.0,852.0,852.0,852.0,852.0,852.0,852.0,852.0,852.0,852.0,852.0,852.0,852.0,852.0,852.0,852.0,2.0,0.2,232.3354,243.8995,253.7775,261.7732,267.8801,272.2639,275.2149,277.0894,278.2525,279.0329,279.6957,280.4312,281.3574,282.5323,283.9716,285.6693,287.6178,289.8261,292.3332,295.214,472.21243169125785,392.450561467021,721.0002,294.4086000000001,1832.559,-40.73610000000002
853,853,853.0,853.0,853.0,853.0,853.0,853.0,853.0,853.0,853.0,853.0,853.0,853.0,853.0,853.0,853.0,853.0,853.0,853.0,853.0,853.0,853.0,853.0,853.0,853.0,853.0,853.0,853.0,3.0,0.3,427.2068,390.6087,360.8187,336.9594,318.4122,304.5812,294.8121,288.4106,284.7088,283.1397,283.293,284.9427,288.0445,292.7089,299.1594,307.6831,318.5869,332.1726,348.7436,368.6601,223.94656415427025,269.8165778523687,1015.4088,154.822,1538.1504,-8.418799999999976
854,854,854.0,854.0,854.0,854.0,854.0,854.0,854.0,854.0,854.0,854.0,854.0,854.0,854.0,854.0,854.0,854.0,854.0,854.0,854.0,854.0,854.0,854.0,854.0,854.0,854.0,854.0,854.0,4.0,0.4,240.266,254.9178,267.2311,276.8443,283.7356,288.1808,290.6615,291.7529,292.0158,291.9121,291.7508,291.666,291.6239,291.4544,290.9005,289.6818,287.5623,284.4126,280.2553,275.279,384.60089534525184,358.6063252644285,1170.2308,205.24520000000007,1383.3284,-24.819200000000023
855,855,855.0,855.0,855.0,855.0,855.0,855.0,855.0,855.0,855.0,855.0,855.0,855.0,855.0,855.0,855.0,855.0,855.0,855.0,855.0,855.0,855.0,855.0,855.0,855.0,855.0,855.0,855.0,5.0,0.5,361.9817,343.0543,327.5088,315.1189,305.6275,298.7001,293.9332,290.8973,289.1927,288.5004,288.6161,289.4652,291.0994,293.6768,297.4307,302.631,309.5452,318.4092,329.4178,342.7461,329.10179546565223,352.90746132250047,1375.476,136.03349999999978,1178.0832,-14.29989999999998
856,856,856.0,856.0,856.0,856.0,856.0,856.0,856.0,856.0,856.0,856.0,856.0,856.0,856.0,856.0,856.0,856.0,856.0,856.0,856.0,856.0,856.0,856.0,856.0,856.0,856.0,856.0,856.0,6.0,0.6,322.1259,316.3671,311.5119,307.3383,303.7155,300.5927,297.981,295.931,294.5125,293.7984,293.8559,294.7443,296.5174,299.2286,302.9386,307.7233,313.6833,320.9559,329.7291,340.2611,175.96791458918446,229.99545700961,1511.5095,171.2052000000001,1042.0497000000005,-12.40730000000002
857,857,857.0,857.0,857.0,857.0,857.0,857.0,857.0,857.0,857.0,857.0,857.0,857.0,857.0,857.0,857.0,857.0,857.0,857.0,857.0,857.0,857.0,857.0,857.0,857.0,857.0,857.0,857.0,7.0,0.7,198.7829,219.567,237.6787,252.7535,264.7283,273.8043,280.3674,284.892,287.848,289.6268,290.491,290.5506,289.7629,287.9554,284.8693,280.2192,273.7643,265.3776,255.1015,243.1709,348.8078283800834,234.58414702350467,1682.7147,359.0434,870.8445000000002,-39.19569999999999
858,858,858.0,858.0,858.0,858.0,858.0,858.0,858.0,858.0,858.0,858.0,858.0,858.0,858.0,858.0,858.0,858.0,858.0,858.0,858.0,858.0,858.0,858.0,858.0,858.0,858.0,858.0,858.0,8.0,0.8,331.7838,317.2273,305.25,295.8945,289.0529,284.4456,281.6514,280.1674,279.4771,279.1063,278.6577,277.824,276.384,274.1896,271.1506,267.2207,262.3871,256.6632,250.0841,242.7024,277.9792253907897,467.9654283505638,2041.7581,331.28060000000005,511.8011000000001,-28.554399999999987
859,859,859.0,859.0,859.0,859.0,859.0,859.0,859.0,859.0,859.0,859.0,859.0,859.0,859.0,859.0,859.0,859.0,859.0,859.0,859.0,859.0,859.0,859.0,859.0,859.0,859.0,859.0,859.0,9.0,0.9,279.502,280.9041,281.9977,282.6656,282.8751,282.6761,282.1908,281.6016,281.1471,281.1277,281.9213,283.9998,287.9363,294.3923,304.0785,317.6996,335.9025,359.268,388.3935,424.1191,212.39663100979084,325.6737319568057,2373.0387,180.52050000000008,180.52050000000008,-30.32389999999998
860,860,860.0,860.0,860.0,860.0,860.0,860.0,860.0,860.0,860.0,860.0,860.0,860.0,860.0,860.0,860.0,860.0,860.0,860.0,860.0,860.0,860.0,860.0,860.0,860.0,860.0,860.0,860.0,0.0,0.0,273.0,273.0,273.0,273.0,273.0,273.0,273.0,273.0,273.0,273.0,273.0,273.0,273.0,273.0,273.0,273.0,273.0,273.0,273.0,273.0,209.68713702608693,217.2740367394312,0.0,510.9511,2986.889,-40.0
861,861,861.0,861.0,861.0,861.0,861.0,861.0,861.0,861.0,861.0,861.0,861.0,861.0,861.0,861.0,861.0,861.0,861.0,861.0,861.0,861.0,861.0,861.0,861.0,861.0,861.0,861.0,861.0,1.0,0.1,221.9268,232.9361,242.4971,250.4919,256.9139,261.856,265.4811,267.9839,269.5528,270.3378,270.4278,269.8405,268.5214,266.3556,263.1885,258.8555,253.2164,246.1898,237.7784,228.0792,193.8931294620345,472.8491213647559,510.9511,611.5432000000001,2475.9379,-51.144000000000005
862,862,862.0,862.0,862.0,862.0,862.0,862.0,862.0,862.0,862.0,862.0,862.0,862.0,862.0,862.0,862.0,862.0,862.0,862.0,862.0,862.0,862.0,862.0,862.0,862.0,862.0,862.0,862.0,2.0,0.2,206.5852,218.0622,228.227,237.0316,244.4871,250.6666,255.7067,259.8108,263.2571,266.4131,269.7524,273.8676,279.4692,287.3604,298.3864,313.3655,333.0288,358.0098,388.9355,426.6797,345.02575593863514,270.9709300824215,1122.4943,372.70589999999993,1864.3947,-62.33340000000001
863,863,863.0,863.0,863.0,863.0,863.0,863.0,863.0,863.0,863.0,863.0,863.0,863.0,863.0,863.0,863.0,863.0,863.0,863.0,863.0,863.0,863.0,863.0,863.0,863.0,863.0,863.0,863.0,3.0,0.3,326.6376,310.6444,297.2651,286.6683,278.8894,273.8026,271.139,270.5329,271.5718,273.8332,276.9004,280.3593,283.7882,286.7535,288.8247,289.6136,288.8331,286.3634,282.3042,276.9924,421.300845154111,193.5491473745027,1495.2002,335.9322,1491.6888,-39.197400000000016
864,864,864.0,864.0,864.0,864.0,864.0,864.0,864.0,864.0,864.0,864.0,864.0,864.0,864.0,864.0,864.0,864.0,864.0,864.0,864.0,864.0,864.0,864.0,864.0,864.0,864.0,864.0,864.0,4.0,0.4,390.6772,365.2959,344.2642,327.0312,313.1939,302.3837,294.2084,288.233,283.9815,280.9475,278.6054,276.4195,273.8534,270.3843,265.5248,258.8568,250.0731,239.0208,225.7339,210.4425,185.8241761682558,406.0122631833236,1831.1324,379.8987000000002,1155.7566000000002,-10.616300000000024
865,865,865.0,865.0,865.0,865.0,865.0,865.0,865.0,865.0,865.0,865.0,865.0,865.0,865.0,865.0,865.0,865.0,865.0,865.0,865.0,865.0,865.0,865.0,865.0,865.0,865.0,865.0,865.0,5.0,0.5,208.2633,228.4986,245.7032,259.4037,269.5135,276.2875,280.2297,281.9882,282.2675,281.7723,281.1873,281.1823,282.4264,285.5928,291.3415,300.2772,312.8968,329.5533,350.4697,375.8363,438.2001626599269,447.6577202729436,2211.0311,215.7534999999998,775.8579,-36.71249999999998
866,866,866.0,866.0,866.0,866.0,866.0,866.0,866.0,866.0,866.0,866.0,866.0,866.0,866.0,866.0,866.0,866.0,866.0,866.0,866.0,866.0,866.0,866.0,866.0,866.0,866.0,866.0,866.0,6.0,0.6,401.3439,370.9094,346.017,326.173,310.9702,299.9455,292.553,288.2111,286.379,286.6285,288.6899,292.4658,298.0178,305.5357,315.3029,327.6685,343.0396,361.9059,384.9118,412.999,240.0861882311181,326.9733493912677,2426.7846,70.11279999999988,560.1044000000002,-13.05450000000002
867,867,867.0,867.0,867.0,867.0,867.0,867.0,867.0,867.0,867.0,867.0,867.0,867.0,867.0,867.0,867.0,867.0,867.0,867.0,867.0,867.0,867.0,867.0,867.0,867.0,867.0,867.0,867.0,7.0,0.7,252.3973,263.4879,272.8705,280.2929,285.7654,289.5316,291.9983,293.6466,294.946,296.2857,297.9306,300.0057,302.5038,305.3157,308.276,311.2213,314.0507,316.7819,319.5899,322.8202,262.8644661846205,353.1234180588939,2496.8974,127.8719000000001,489.9916000000003,-23.46839999999997
868,868,868.0,868.0,868.0,868.0,868.0,868.0,868.0,868.0,868.0,868.0,868.0,868.0,868.0,868.0,868.0,868.0,868.0,868.0,868.0,868.0,868.0,868.0,868.0,868.0,868.0,868.0,868.0,8.0,0.8,266.3793,269.7126,272.8813,275.8944,278.7548,281.4631,284.0254,286.4598,288.802,291.1093,293.4623,295.965,298.7445,301.9502,305.7518,310.3377,315.9137,322.7048,330.9617,340.9787,317.0494953535592,287.0994811870875,2624.7693,156.02309999999989,362.1197000000002,-31.536900000000003
869,869,869.0,869.0,869.0,869.0,869.0,869.0,869.0,869.0,869.0,869.0,869.0,869.0,869.0,869.0,869.0,869.0,869.0,869.0,869.0,869.0,869.0,869.0,869.0,869.0,869.0,869.0,869.0,9.0,0.9,309.1052,302.3803,296.9152,292.7224,289.7626,287.939,287.1062,287.0877,287.6933,288.733,290.0228,291.386,292.6509,293.6527,294.2406,294.2941,293.7452,292.6021,290.9666,289.0381,359.0100726949139,268.5319702567393,2780.7924,206.0966000000003,206.0966000000003,-25.06099999999998
870,870,870.0,870.0,870.0,870.0,870.0,870.0,870.0,870.0,870.0,870.0,870.0,870.0,870.0,870.0,870.0,870.0,870.0,870.0,870.0,870.0,870.0,870.0,870.0,870.0,870.0,870.0,870.0,0.0,0.0,273.0,273.0,273.0,273.0,273.0,273.0,273.0,273.0,273.0,273.0,273.0,273.0,273.0,273.0,273.0,273.0,273.0,273.0,273.0,273.0,464.1679259871004,266.757230053197,0.0,418.0499,2931.7107,17.0514
871,871,871.0,871.0,871.0,871.0,871.0,871.0,871.0,871.0,871.0,871.0,871.0,871.0,871.0,871.0,871.0,871.0,871.0,871.0,871.0,871.0,871.0,871.0,871.0,871.0,871.0,871.0,871.0,1.0,0.1,421.9133,387.4468,359.2263,336.3694,318.2561,304.3178,293.9542,286.5286,281.4048,277.9929,275.784,274.3678,273.4312,272.747,272.1561,271.5514,270.8638,270.0525,269.0983,267.9976,364.5225791210437,174.2758791317435,418.0499,406.8546,2513.6608,17.0514
872,872,872.0,872.0,872.0,872.0,872.0,872.0,872.0,872.0,872.0,872.0,872.0,872.0,872.0,872.0,872.0,872.0,872.0,872.0,872.0,872.0,872.0,872.0,872.0,872.0,872.0,872.0,872.0,2.0,0.2,351.1825,340.1252,330.6756,322.3481,314.8266,307.9339,301.5884,295.7539,290.3902,285.411,280.6549,275.8711,270.7226,264.8043,257.6791,248.9276,238.2069,225.3102,210.2117,193.0836,398.6755544695976,195.38919032786472,824.9045,529.0703,2106.8062,17.0514
873,873,873.0,873.0,873.0,873.0,873.0,873.0,873.0,873.0,873.0,873.0,873.0,873.0,873.0,873.0,873.0,873.0,873.0,873.0,873.0,873.0,873.0,873.0,873.0,873.0,873.0,873.0,873.0,3.0,0.3,376.4581,358.1715,342.9749,330.2564,319.537,310.4152,302.5367,295.5811,289.2571,283.3025,277.4858,271.6066,265.4957,259.0137,252.0475,244.5047,236.3057,227.3755,217.6365,207.0043,325.9269591575983,265.8697439866108,1353.9748,517.2348,1577.7359,17.0514
874,874,874.0,874.0,874.0,874.0,874.0,874.0,874.0,874.0,874.0,874.0,874.0,874.0,874.0,874.0,874.0,874.0,874.0,874.0,874.0,874.0,874.0,874.0,874.0,874.0,874.0,874.0,874.0,4.0,0.4,320.5847,316.1912,312.2848,308.5141,304.6451,300.5551,296.2131,291.6553,286.9624,282.2427,277.6243,273.2532,269.2926,265.9177,263.3012,261.5878,260.8612,261.111,262.2102,263.9117,331.3197246054667,428.6823954381431,1871.2096,343.6257000000003,1060.5011000000002,17.0514
875,875,875.0,875.0,875.0,875.0,875.0,875.0,875.0,875.0,875.0,875.0,875.0,875.0,875.0,875.0,875.0,875.0,875.0,875.0,875.0,875.0,875.0,875.0,875.0,875.0,875.0,875.0,875.0,5.0,0.5,322.864,315.7488,309.6862,304.4472,299.8554,295.7872,292.1757,289.0194,286.3936,284.4625,283.4899,283.843,285.9844,290.4475,297.7943,308.5629,323.2209,342.1492,365.6875,394.2701,436.4555426013768,374.2872463323265,2214.8353,139.6896999999999,716.8753999999999,17.0514
876,876,876.0,876.0,876.0,876.0,876.0,876.0,876.0,876.0,876.0,876.0,876.0,876.0,876.0,876.0,876.0,876.0,876.0,876.0,876.0,876.0,876.0,876.0,876.0,876.0,876.0,876.0,876.0,6.0,0.6,403.9382,377.46,355.8391,338.3312,324.408,313.6381,305.6341,300.0416,296.5468,294.8875,294.8591,296.3107,299.1374,303.2719,308.6818,315.3776,323.4298,332.9949,344.3459,357.9057,419.364002932691,396.2860370565928,2354.525,115.19219999999996,577.1857,17.0514
877,877,877.0,877.0,877.0,877.0,877.0,877.0,877.0,877.0,877.0,877.0,877.0,877.0,877.0,877.0,877.0,877.0,877.0,877.0,877.0,877.0,877.0,877.0,877.0,877.0,877.0,877.0,877.0,7.0,0.7,394.0043,373.5687,356.9211,343.2937,332.1618,323.1663,316.0613,310.6781,306.9018,304.6566,303.8991,304.6163,306.8286,310.5926,316.0061,323.2128,332.4112,343.8693,357.9532,375.1769,413.9040983975328,373.6322360089797,2469.7172,104.26600000000008,461.9935,17.0514
878,878,878.0,878.0,878.0,878.0,878.0,878.0,878.0,878.0,878.0,878.0,878.0,878.0,878.0,878.0,878.0,878.0,878.0,878.0,878.0,878.0,878.0,878.0,878.0,878.0,878.0,878.0,878.0,8.0,0.8,390.5029,371.7563,356.6017,344.3025,334.3404,326.3484,320.0666,315.3113,311.9527,309.8985,309.0827,309.4585,310.9958,313.6844,317.541,322.6222,329.0418,336.9913,346.7636,358.7808,429.7151918932497,220.2081402168448,2573.9832,141.04340000000002,357.7275,17.0514
879,879,879.0,879.0,879.0,879.0,879.0,879.0,879.0,879.0,879.0,879.0,879.0,879.0,879.0,879.0,879.0,879.0,879.0,879.0,879.0,879.0,879.0,879.0,879.0,879.0,879.0,879.0,879.0,9.0,0.9,402.7147,381.2311,363.9851,350.1008,338.9485,330.0514,323.0258,317.5401,313.2839,309.9411,307.1666,304.5683,301.6982,298.0611,293.1418,286.4565,277.621,266.4248,252.8927,237.312,306.1089230927562,254.04936818140425,2715.0266,216.6841,216.6841,17.0514
880,880,880.0,880.0,880.0,880.0,880.0,880.0,880.0,880.0,880.0,880.0,880.0,880.0,880.0,880.0,880.0,880.0,880.0,880.0,880.0,880.0,880.0,880.0,880.0,880.0,880.0,880.0,880.0,0.0,0.0,273.0,273.0,273.0,273.0,273.0,273.0,273.0,273.0,273.0,273.0,273.0,273.0,273.0,273.0,273.0,273.0,273.0,273.0,273.0,273.0,367.0004181923491,451.44895331613645,0.0,359.1537,2243.3402,-40.0
881,881,881.0,881.0,881.0,881.0,881.0,881.0,881.0,881.0,881.0,881.0,881.0,881.0,881.0,881.0,881.0,881.0,881.0,881.0,881.0,881.0,881.0,881.0,881.0,881.0,881.0,881.0,881.0,1.0,0.1,347.4061,330.7014,316.6714,305.1676,296.0309,289.0598,284.0167,280.6612,278.7967,278.3169,279.2433,281.7456,286.1419,292.8755,302.4707,315.4787,332.431,353.8301,380.2128,412.324,208.7717097339033,223.37143490424185,359.1537,186.383,1884.1865,-23.940200000000004
882,882,882.0,882.0,882.0,882.0,882.0,882.0,882.0,882.0,882.0,882.0,882.0,882.0,882.0,882.0,882.0,882.0,882.0,882.0,882.0,882.0,882.0,882.0,882.0,882.0,882.0,882.0,882.0,2.0,0.2,224.7379,239.1278,251.4703,261.5221,269.2924,275.0128,279.0675,281.9045,283.9455,285.5085,286.7518,287.6427,287.9549,287.2955,285.1633,281.0357,274.4742,265.2337,253.3502,239.1802,257.3598117162724,310.9413123481027,545.5367,355.16549999999995,1697.8035,-37.98719999999997
883,883,883.0,883.0,883.0,883.0,883.0,883.0,883.0,883.0,883.0,883.0,883.0,883.0,883.0,883.0,883.0,883.0,883.0,883.0,883.0,883.0,883.0,883.0,883.0,883.0,883.0,883.0,883.0,3.0,0.3,259.6784,261.8394,263.96,266.1067,268.2892,270.467,272.5668,274.5053,276.2133,277.6558,278.8479,279.8642,280.8409,281.9691,283.4777,285.6066,288.5731,292.54,297.5938,303.7431,403.5698634983981,463.98219118361794,900.7022,281.33550000000014,1342.638,-42.533000000000015
884,884,884.0,884.0,884.0,884.0,884.0,884.0,884.0,884.0,884.0,884.0,884.0,884.0,884.0,884.0,884.0,884.0,884.0,884.0,884.0,884.0,884.0,884.0,884.0,884.0,884.0,884.0,884.0,4.0,0.4,375.3815,351.7319,332.134,316.2952,303.9524,294.792,288.4402,284.4994,282.6082,282.5026,284.0629,287.3391,292.5514,300.0661,310.3541,323.9428,341.3803,363.2403,390.2004,423.235,252.1610802057596,235.7219679423178,1182.0377,114.07489999999984,1061.3025,-18.208000000000027
885,885,885.0,885.0,885.0,885.0,885.0,885.0,885.0,885.0,885.0,885.0,885.0,885.0,885.0,885.0,885.0,885.0,885.0,885.0,885.0,885.0,885.0,885.0,885.0,885.0,885.0,885.0,885.0,5.0,0.5,260.9667,268.8999,275.5923,280.8517,284.6858,287.2802,288.9418,290.0235,290.8463,291.6311,292.4493,293.1957,293.5882,293.1959,291.4959,287.9578,282.145,273.8185,263.0199,250.1069,294.42723632545733,322.7599053243696,1296.1126,230.2116000000001,947.2276000000002,-25.71980000000002
886,886,886.0,886.0,886.0,886.0,886.0,886.0,886.0,886.0,886.0,886.0,886.0,886.0,886.0,886.0,886.0,886.0,886.0,886.0,886.0,886.0,886.0,886.0,886.0,886.0,886.0,886.0,886.0,6.0,0.6,291.4836,289.0819,287.2418,285.9543,285.1729,284.8164,284.7813,284.9592,285.2573,285.6162,286.0251,286.5315,287.2452,288.3331,290.0044,292.4861,295.9917,300.6916,306.6941,314.0463,303.0707272179678,327.1973311539636,1526.3242,220.16989999999987,717.0160000000001,-28.183600000000013
887,887,887.0,887.0,887.0,887.0,887.0,887.0,887.0,887.0,887.0,887.0,887.0,887.0,887.0,887.0,887.0,887.0,887.0,887.0,887.0,887.0,887.0,887.0,887.0,887.0,887.0,887.0,887.0,7.0,0.7,298.7436,295.1052,292.1054,289.6999,287.8444,286.4933,285.6015,285.1291,285.0467,285.3403,286.0147,287.095,288.6264,290.6713,293.3071,296.6218,300.7125,305.6851,311.6578,318.7703,185.6135492005036,396.8072943543238,1746.4941,224.4724000000001,496.8461000000002,-26.506700000000023
888,888,888.0,888.0,888.0,888.0,888.0,888.0,888.0,888.0,888.0,888.0,888.0,888.0,888.0,888.0,888.0,888.0,888.0,888.0,888.0,888.0,888.0,888.0,888.0,888.0,888.0,888.0,888.0,8.0,0.8,204.5782,221.8106,236.8582,249.4734,259.6362,267.5322,273.5026,277.9829,281.4471,284.3681,287.1973,290.3596,294.2578,299.2797,305.8005,314.1826,324.7735,337.9142,353.9678,373.3831,365.2162107478744,462.764963522437,1970.9665,195.79530000000025,272.3737000000001,-45.46780000000001
889,889,889.0,889.0,889.0,889.0,889.0,889.0,889.0,889.0,889.0,889.0,889.0,889.0,889.0,889.0,889.0,889.0,889.0,889.0,889.0,889.0,889.0,889.0,889.0,889.0,889.0,889.0,889.0,9.0,0.9,344.2659,326.414,311.7142,300.2105,291.8341,286.3695,283.481,282.7765,283.8829,286.5122,290.5049,295.8479,302.6703,311.2254,321.8663,335.027,351.2201,371.067,395.3808,425.3339,249.701359167563,298.6705762997326,2166.7618,76.57839999999987,76.57839999999987,-26.630499999999984
890,890,890.0,890.0,890.0,890.0,890.0,890.0,890.0,890.0,890.0,890.0,890.0,890.0,890.0,890.0,890.0,890.0,890.0,890.0,890.0,890.0,890.0,890.0,890.0,890.0,890.0,890.0,890.0,0.0,0.0,273.0,273.0,273.0,273.0,273.0,273.0,273.0,273.0,273.0,273.0,273.0,273.0,273.0,273.0,273.0,273.0,273.0,273.0,273.0,273.0,177.5966560187989,250.8974109176077,0.0,512.893,3738.058,-40.0
891,891,891.0,891.0,891.0,891.0,891.0,891.0,891.0,891.0,891.0,891.0,891.0,891.0,891.0,891.0,891.0,891.0,891.0,891.0,891.0,891.0,891.0,891.0,891.0,891.0,891.0,891.0,891.0,1.0,0.1,195.8211,212.3445,226.7729,238.883,248.6406,256.1802,261.7596,265.7018,268.3399,269.9741,270.8441,271.1178,270.8923,270.2044,269.047,267.3882,265.1908,262.4299,259.1045,255.2426,212.4093032596424,422.49442800046006,512.893,611.6542999999999,3225.165,-56.81979999999999
892,892,892.0,892.0,892.0,892.0,892.0,892.0,892.0,892.0,892.0,892.0,892.0,892.0,892.0,892.0,892.0,892.0,892.0,892.0,892.0,892.0,892.0,892.0,892.0,892.0,892.0,892.0,892.0,2.0,0.2,220.4156,227.6304,234.1652,240.1014,245.4886,250.3549,254.7275,258.6575,262.2484,265.6812,269.2348,273.2956,278.3543,284.9835,293.7975,305.3987,320.3276,339.0401,361.9405,389.5012,326.4625082478667,261.37463333966457,1124.5473,414.0018,2613.5107,-62.64510000000001
893,893,893.0,893.0,893.0,893.0,893.0,893.0,893.0,893.0,893.0,893.0,893.0,893.0,893.0,893.0,893.0,893.0,893.0,893.0,893.0,893.0,893.0,893.0,893.0,893.0,893.0,893.0,893.0,3.0,0.3,312.2445,299.7744,289.303,281.013,274.9627,271.0691,269.1254,268.8383,269.8682,271.8584,274.4489,277.2747,279.9606,282.1197,283.3691,283.364,281.8491,278.7141,274.0385,268.1055,238.06311218203712,431.9245393860053,1538.5491,338.7302,2199.5089,-41.93090000000001
894,894,894.0,894.0,894.0,894.0,894.0,894.0,894.0,894.0,894.0,894.0,894.0,894.0,894.0,894.0,894.0,894.0,894.0,894.0,894.0,894.0,894.0,894.0,894.0,894.0,894.0,894.0,894.0,4.0,0.4,245.7724,252.6375,258.4866,263.2457,266.9546,269.7569,271.8757,273.5836,275.1799,276.9806,279.3236,282.5814,287.1748,293.5755,302.2923,313.843,328.7246,347.4035,370.358,398.2016,256.14406347677243,220.45604794938296,1877.2793,277.4418000000003,1860.7787,-43.24310000000003
895,895,895.0,895.0,895.0,895.0,895.0,895.0,895.0,895.0,895.0,895.0,895.0,895.0,895.0,895.0,895.0,895.0,895.0,895.0,895.0,895.0,895.0,895.0,895.0,895.0,895.0,895.0,895.0,5.0,0.5,258.6772,260.989,263.1747,265.3135,267.4673,269.6804,271.9789,274.3662,276.8126,279.2382,281.4912,283.3287,284.4067,284.2893,282.4847,278.5093,271.9752,262.6839,250.7053,236.4129,394.7373639998636,403.3568213517716,2154.7211,322.9802999999997,1583.3368999999998,-43.31959999999998
896,896,896.0,896.0,896.0,896.0,896.0,896.0,896.0,896.0,896.0,896.0,896.0,896.0,896.0,896.0,896.0,896.0,896.0,896.0,896.0,896.0,896.0,896.0,896.0,896.0,896.0,896.0,896.0,6.0,0.6,368.5185,346.4366,328.1062,313.2873,301.7392,293.1504,287.1321,283.2546,281.1075,280.362,280.8231,282.4623,285.4262,290.0178,296.6534,305.8,317.9097,333.3722,352.5147,375.6736,261.14194541086795,187.5648971430299,2477.7014,208.40390000000025,1260.3566,-19.84960000000001
897,897,897.0,897.0,897.0,897.0,897.0,897.0,897.0,897.0,897.0,897.0,897.0,897.0,897.0,897.0,897.0,897.0,897.0,897.0,897.0,897.0,897.0,897.0,897.0,897.0,897.0,897.0,897.0,7.0,0.7,267.7673,273.7304,278.6955,282.4755,285.0526,286.5595,287.2305,287.3343,287.1041,286.6757,286.0406,285.0198,283.2612,280.2659,275.4437,268.1991,258.0393,244.6879,228.1788,208.9003,186.6834121236942,336.79144963472083,2686.1053,389.72379999999976,1051.9526999999998,-26.440499999999982
898,898,898.0,898.0,898.0,898.0,898.0,898.0,898.0,898.0,898.0,898.0,898.0,898.0,898.0,898.0,898.0,898.0,898.0,898.0,898.0,898.0,898.0,898.0,898.0,898.0,898.0,898.0,898.0,8.0,0.8,204.6116,220.9134,235.2025,247.2459,256.9806,264.4984,270.0113,273.8104,276.2302,277.6276,278.3756,278.8684,279.5283,280.8045,283.1555,287.0128,292.7317,300.5452,310.538,322.661,291.7882721270273,326.7096927779699,3075.8291,389.76060000000007,662.2289000000001,-48.5016
899,899,899.0,899.0,899.0,899.0,899.0,899.0,899.0,899.0,899.0,899.0,899.0,899.0,899.0,899.0,899.0,899.0,899.0,899.0,899.0,899.0,899.0,899.0,899.0,899.0,899.0,899.0,899.0,9.0,0.9,285.6471,280.2667,275.9166,272.7629,270.8432,270.0732,270.2807,271.2537,272.7872,274.7203,276.9549,279.4589,282.257,285.4153,289.0255,293.1928,298.0289,303.653,310.197,317.8172,295.95487463544066,454.0643357149922,3465.5897,272.4683,272.4683,-42.926800000000014
900,900,900.0,900.0,900.0,900.0,900.0,900.0,900.0,900.0,900.0,900.0,900.0,900.0,900.0,900.0,900.0,900.0,900.0,900.0,900.0,900.0,900.0,900.0,900.0,900.0,900.0,900.0,900.0,0.0,0.0,273.0,273.0,273.0,273.0,273.0,273.0,273.0,273.0,273.0,273.0,273.0,273.0,273.0,273.0,273.0,273.0,273.0,273.0,273.0,273.0,425.9066822071815,428.52653278060734,0.0,358.2698,2017.5395000000003,-40.0
901,901,901.0,901.0,901.0,901.0,901.0,901.0,901.0,901.0,901.0,901.0,901.0,901.0,901.0,901.0,901.0,901.0,901.0,901.0,901.0,901.0,901.0,901.0,901.0,901.0,901.0,901.0,901.0,1.0,0.1,392.9102,365.4992,342.8215,324.3663,309.7369,298.5357,290.3308,284.6792,281.1785,279.5235,279.552,281.2691,284.8475,290.6027,298.947,310.3329,325.2015,343.9605,367.0193,394.9107,276.94753418560435,435.8967510365382,358.2698,122.55580000000003,1659.2697000000005,-14.46429999999998
902,902,902.0,902.0,902.0,902.0,902.0,902.0,902.0,902.0,902.0,902.0,902.0,902.0,902.0,902.0,902.0,902.0,902.0,902.0,902.0,902.0,902.0,902.0,902.0,902.0,902.0,902.0,902.0,2.0,0.2,281.3866,285.4323,288.7042,290.9878,292.2625,292.6906,292.576,292.3088,292.3097,292.9865,294.7078,297.7931,302.518,309.1274,317.8564,328.956,342.7275,359.5713,380.0603,405.0556,390.179462377277,185.0638340822156,480.8256,103.43179999999997,1536.7139000000002,-20.309399999999982
903,903,903.0,903.0,903.0,903.0,903.0,903.0,903.0,903.0,903.0,903.0,903.0,903.0,903.0,903.0,903.0,903.0,903.0,903.0,903.0,903.0,903.0,903.0,903.0,903.0,903.0,903.0,903.0,3.0,0.3,367.6753,349.0152,333.7495,321.5711,312.2043,305.3479,300.6556,297.7393,296.1764,295.5102,295.2392,294.7998,293.553,290.7902,285.7685,277.7847,266.2802,250.9635,231.9164,209.6484,257.24114553498606,395.8153441108436,584.2574,212.40520000000004,1433.2821000000004,-7.652100000000018
904,904,904.0,904.0,904.0,904.0,904.0,904.0,904.0,904.0,904.0,904.0,904.0,904.0,904.0,904.0,904.0,904.0,904.0,904.0,904.0,904.0,904.0,904.0,904.0,904.0,904.0,904.0,904.0,4.0,0.4,265.8708,273.7018,280.3382,285.5372,289.2299,291.506,292.5762,292.7271,292.2847,291.5966,291.0341,291.0074,291.9823,294.4829,299.0719,306.3053,316.6743,330.5582,348.2189,369.8668,317.59631229608806,342.02428567564664,796.6626,139.04650000000004,1220.8769000000002,-21.494000000000028
905,905,905.0,905.0,905.0,905.0,905.0,905.0,905.0,905.0,905.0,905.0,905.0,905.0,905.0,905.0,905.0,905.0,905.0,905.0,905.0,905.0,905.0,905.0,905.0,905.0,905.0,905.0,905.0,5.0,0.5,310.3471,304.2688,299.3398,295.5228,292.7487,290.9177,289.9133,289.6215,289.9488,290.8327,292.2421,294.1716,296.6315,299.6397,303.22,307.4103,312.2772,317.938,324.5811,332.4838,188.68519412789425,250.49760107669067,935.7091,186.1866,1081.8304,-22.08229999999997
906,906,906.0,906.0,906.0,906.0,906.0,906.0,906.0,906.0,906.0,906.0,906.0,906.0,906.0,906.0,906.0,906.0,906.0,906.0,906.0,906.0,906.0,906.0,906.0,906.0,906.0,906.0,906.0,6.0,0.6,207.9047,225.3837,240.6473,253.4344,263.7169,271.6715,277.6168,281.9375,285.0108,287.1486,288.5591,289.3306,289.4346,288.7461,287.0795,284.2348,280.0516,274.4594,267.5157,259.42,240.5859890887457,449.97559280685647,1121.8957,328.41100000000006,895.6438,-41.32850000000002
907,907,907.0,907.0,907.0,907.0,907.0,907.0,907.0,907.0,907.0,907.0,907.0,907.0,907.0,907.0,907.0,907.0,907.0,907.0,907.0,907.0,907.0,907.0,907.0,907.0,907.0,907.0,907.0,7.0,0.7,245.4265,249.8686,254.0577,258.0859,261.9875,265.7516,269.3482,272.7631,276.0342,279.2862,282.7574,286.8146,291.9536,298.7781,307.9594,320.1828,336.0996,356.3116,381.427,412.2245,345.54907729988423,341.85833152332674,1450.3067,192.0258999999999,567.2328,-47.2484
908,908,908.0,908.0,908.0,908.0,908.0,908.0,908.0,908.0,908.0,908.0,908.0,908.0,908.0,908.0,908.0,908.0,908.0,908.0,908.0,908.0,908.0,908.0,908.0,908.0,908.0,908.0,908.0,8.0,0.8,329.5692,315.8548,304.477,295.4915,288.876,284.5081,282.1759,281.6111,282.5254,284.6407,287.7054,291.4979,295.823,300.5098,305.4192,310.4624,315.6313,321.0311,326.909,333.667,414.9997690501261,241.9820372329173,1642.3326,164.83960000000002,375.2069000000001,-28.491899999999987
909,909,909.0,909.0,909.0,909.0,909.0,909.0,909.0,909.0,909.0,909.0,909.0,909.0,909.0,909.0,909.0,909.0,909.0,909.0,909.0,909.0,909.0,909.0,909.0,909.0,909.0,909.0,909.0,9.0,0.9,386.9651,363.8522,344.838,329.3989,317.1469,307.7342,300.8056,295.9813,292.8577,291.0128,290.0113,289.4083,288.7529,287.5979,285.5205,282.1537,277.2286,270.6166,262.362,252.6899,306.3146361159595,372.177686074978,1807.1722,210.3673000000001,210.3673000000001,-5.265800000000013
910,910,910.0,910.0,910.0,910.0,910.0,910.0,910.0,910.0,910.0,910.0,910.0,910.0,910.0,910.0,910.0,910.0,910.0,910.0,910.0,910.0,910.0,910.0,910.0,910.0,910.0,910.0,910.0,0.0,0.0,273.0,273.0,273.0,273.0,273.0,273.0,273.0,273.0,273.0,273.0,273.0,273.0,273.0,273.0,273.0,273.0,273.0,273.0,273.0,273.0,228.7787530707793,325.81210995158494,0.0,445.6546,2541.1597,6.34820000000002
911,911,911.0,911.0,911.0,911.0,911.0,911.0,911.0,911.0,911.0,911.0,911.0,911.0,911.0,911.0,911.0,911.0,911.0,911.0,911.0,911.0,911.0,911.0,911.0,911.0,911.0,911.0,911.0,1.0,0.1,237.3956,245.1077,251.7867,257.369,261.8664,265.3622,267.9968,269.9484,271.4161,272.6078,273.7348,275.0117,276.6574,278.8942,281.9407,285.9992,291.2395,297.7852,305.7087,315.0433,313.44592000811343,355.1444828318401,445.6546,373.6162,2095.5051000000003,6.34820000000002
912,912,912.0,912.0,912.0,912.0,912.0,912.0,912.0,912.0,912.0,912.0,912.0,912.0,912.0,912.0,912.0,912.0,912.0,912.0,912.0,912.0,912.0,912.0,912.0,912.0,912.0,912.0,912.0,2.0,0.2,303.7439,295.2649,288.1576,282.5151,278.344,275.5623,274.0214,273.5417,273.9513,275.1191,276.9749,279.5174,282.8109,286.9733,292.16,298.5469,306.3161,315.6505,326.7403,339.8063,358.19168789497627,423.46404734013936,819.2708,215.76780000000008,1721.8889,6.34820000000002
913,913,913.0,913.0,913.0,913.0,913.0,913.0,913.0,913.0,913.0,913.0,913.0,913.0,913.0,913.0,913.0,913.0,913.0,913.0,913.0,913.0,913.0,913.0,913.0,913.0,913.0,913.0,913.0,3.0,0.3,341.551,327.3928,315.5004,305.7309,297.9625,292.0672,287.9062,285.3407,284.2516,284.5609,286.2501,289.3722,294.055,300.4968,308.9548,319.7322,333.1711,349.6638,369.6974,393.9501,309.3590865227423,223.2955054420488,1035.0386,127.66739999999982,1506.1211,6.34820000000002
914,914,914.0,914.0,914.0,914.0,914.0,914.0,914.0,914.0,914.0,914.0,914.0,914.0,914.0,914.0,914.0,914.0,914.0,914.0,914.0,914.0,914.0,914.0,914.0,914.0,914.0,914.0,914.0,4.0,0.4,305.5688,302.4687,299.8603,297.6143,295.6743,294.0455,292.7715,291.9007,291.4505,291.371,291.5153,291.62,291.3028,290.0802,287.4123,282.7729,275.738,266.0796,253.8414,239.3719,209.9345622018101,243.74461796112257,1162.706,286.2983000000001,1378.4537000000005,6.34820000000002
915,915,915.0,915.0,915.0,915.0,915.0,915.0,915.0,915.0,915.0,915.0,915.0,915.0,915.0,915.0,915.0,915.0,915.0,915.0,915.0,915.0,915.0,915.0,915.0,915.0,915.0,915.0,915.0,5.0,0.5,225.2619,239.1526,251.2219,261.2448,269.1711,275.1048,279.2584,281.8978,283.2913,283.6712,283.2144,282.0378,280.2074,277.7527,274.6833,271.0023,266.7143,261.8291,256.361,250.3269,418.174316114336,376.0587166456864,1449.0043,350.27599999999984,1092.1554,6.34820000000002
916,916,916.0,916.0,916.0,916.0,916.0,916.0,916.0,916.0,916.0,916.0,916.0,916.0,916.0,916.0,916.0,916.0,916.0,916.0,916.0,916.0,916.0,916.0,916.0,916.0,916.0,916.0,916.0,6.0,0.6,386.2823,359.7084,337.8319,320.2751,306.6808,296.6084,289.5226,284.8427,282.0196,280.6111,280.3368,281.1046,283.0072,286.2919,291.3087,298.4452,308.0615,320.443,335.7891,354.2556,306.3428133901657,285.9261186976996,1799.2803,191.02030000000013,741.8794000000003,6.34820000000002
917,917,917.0,917.0,917.0,917.0,917.0,917.0,917.0,917.0,917.0,917.0,917.0,917.0,917.0,917.0,917.0,917.0,917.0,917.0,917.0,917.0,917.0,917.0,917.0,917.0,917.0,917.0,917.0,7.0,0.7,304.3911,302.8658,301.4228,299.8394,298.0299,296.0339,293.9829,292.0541,290.424,289.2279,288.5325,288.323,288.5038,288.9138,289.3529,289.6191,289.5504,289.0645,288.1871,287.0603,400.68722597505433,411.5356620232873,1990.3006,186.3065000000001,550.8591000000001,6.34820000000002
918,918,918.0,918.0,918.0,918.0,918.0,918.0,918.0,918.0,918.0,918.0,918.0,918.0,918.0,918.0,918.0,918.0,918.0,918.0,918.0,918.0,918.0,918.0,918.0,918.0,918.0,918.0,918.0,8.0,0.8,376.352,356.2422,339.6978,326.2665,315.5823,307.3053,301.1058,296.6768,293.763,292.191,291.8939,292.9251,295.4577,299.7684,306.208,315.1634,327.0213,342.1519,360.9309,383.8214,418.98449425111727,212.3555008178987,2176.6071,144.3137999999999,364.5526,6.34820000000002
919,919,919.0,919.0,919.0,919.0,919.0,919.0,919.0,919.0,919.0,919.0,919.0,919.0,919.0,919.0,919.0,919.0,919.0,919.0,919.0,919.0,919.0,919.0,919.0,919.0,919.0,919.0,919.0,9.0,0.9,392.6949,371.3748,353.964,339.7498,328.228,319.0165,311.8005,306.2947,302.2141,299.2482,297.0371,295.1521,293.0871,290.2687,286.09,279.9728,271.4509,260.2606,246.4164,230.2448,392.9303380247628,433.269210698779,2320.9209,220.23880000000008,220.23880000000008,6.34820000000002
920,920,920.0,920.0,920.0,920.0,920.0,920.0,920.0,920.0,920.0,920.0,920.0,920.0,920.0,920.0,920.0,920.0,920.0,920.0,920.0,920.0,920.0,920.0,920.0,920.0,920.0,920.0,920.0,0.0,0.0,273.0,273.0,273.0,273.0,273.0,273.0,273.0,273.0,273.0,273.0,273.0,273.0,273.0,273.0,273.0,273.0,273.0,273.0,273.0,273.0,449.6290370221236,235.6476146796591,0.0,433.8052,5064.9447,-40.0
921,921,921.0,921.0,921.0,921.0,921.0,921.0,921.0,921.0,921.0,921.0,921.0,921.0,921.0,921.0,921.0,921.0,921.0,921.0,921.0,921.0,921.0,921.0,921.0,921.0,921.0,921.0,921.0,1.0,0.1,410.9449,379.1652,353.0357,331.8239,314.9925,302.0255,292.3616,285.3949,280.5098,277.1208,274.7027,272.8032,271.0416,269.1011,266.7199,263.6888,259.8539,255.1236,249.4744,242.9496,237.88461522213004,186.83624892255256,433.8052,455.87979999999993,4631.1395,-10.974499999999978
922,922,922.0,922.0,922.0,922.0,922.0,922.0,922.0,922.0,922.0,922.0,922.0,922.0,922.0,922.0,922.0,922.0,922.0,922.0,922.0,922.0,922.0,922.0,922.0,922.0,922.0,922.0,922.0,2.0,0.2,250.6587,262.0506,271.4533,278.5108,283.1448,285.5223,285.9798,284.9304,282.7752,279.8339,276.304,272.2458,267.5923,262.176,255.7674,248.1208,239.0213,228.3266,215.997,202.1076,291.9651236612966,262.7722459800477,889.685,561.9286,4175.2597000000005,-27.477700000000027
923,923,923.0,923.0,923.0,923.0,923.0,923.0,923.0,923.0,923.0,923.0,923.0,923.0,923.0,923.0,923.0,923.0,923.0,923.0,923.0,923.0,923.0,923.0,923.0,923.0,923.0,923.0,923.0,3.0,0.3,288.7491,285.9863,283.6678,281.7503,280.1485,278.7412,277.3889,275.957,274.3391,272.4767,270.372,268.0928,265.7689,263.578,261.7207,260.3859,259.7105,259.7409,260.4066,261.5153,216.30800839738856,316.2160224511065,1451.6136,514.4460000000001,3613.3311,-34.25880000000001
924,924,924.0,924.0,924.0,924.0,924.0,924.0,924.0,924.0,924.0,924.0,924.0,924.0,924.0,924.0,924.0,924.0,924.0,924.0,924.0,924.0,924.0,924.0,924.0,924.0,924.0,924.0,924.0,4.0,0.4,228.1495,238.763,247.8757,255.3313,261.1067,265.3038,268.1222,269.8267,270.7147,271.0942,271.271,271.5436,272.2021,273.5244,275.7668,279.148,283.8294,289.8989,297.3649,306.1688,344.2494684966673,223.9860938195885,1966.0596,471.75909999999976,3098.8851,-47.696199999999976
925,925,925.0,925.0,925.0,925.0,925.0,925.0,925.0,925.0,925.0,925.0,925.0,925.0,925.0,925.0,925.0,925.0,925.0,925.0,925.0,925.0,925.0,925.0,925.0,925.0,925.0,925.0,925.0,5.0,0.5,327.8239,313.6093,301.6686,292.0323,284.6323,279.2802,275.6838,273.4848,272.3011,271.7583,271.505,271.2121,270.565,269.2558,266.9871,263.489,258.5504,252.055,244.012,234.5671,276.36781057396007,213.6231663973537,2437.8187,506.5386000000003,2627.126,-33.71980000000002
926,926,926.0,926.0,926.0,926.0,926.0,926.0,926.0,926.0,926.0,926.0,926.0,926.0,926.0,926.0,926.0,926.0,926.0,926.0,926.0,926.0,926.0,926.0,926.0,926.0,926.0,926.0,926.0,6.0,0.6,277.5437,278.5747,279.2818,279.5506,279.3405,278.6752,277.62,276.2521,274.6334,272.7889,270.6976,268.2913,265.4629,262.0801,258.0014,253.0935,247.2463,240.3856,232.4803,223.5429,309.11569801564974,224.10531882794464,2944.3573,585.4746999999998,2120.5874,-34.32479999999998
927,927,927.0,927.0,927.0,927.0,927.0,927.0,927.0,927.0,927.0,927.0,927.0,927.0,927.0,927.0,927.0,927.0,927.0,927.0,927.0,927.0,927.0,927.0,927.0,927.0,927.0,927.0,927.0,7.0,0.7,302.3461,296.4441,291.3554,287.0167,283.3416,280.2176,277.5117,275.0806,272.7827,270.4878,268.0834,265.4776,262.5986,259.3913,255.8127,251.8256,247.392,242.4669,236.9934,230.9006,270.6311628583792,240.3777524326579,3529.832,595.1457999999998,1535.1127,-32.7824
928,928,928.0,928.0,928.0,928.0,928.0,928.0,928.0,928.0,928.0,928.0,928.0,928.0,928.0,928.0,928.0,928.0,928.0,928.0,928.0,928.0,928.0,928.0,928.0,928.0,928.0,928.0,928.0,8.0,0.8,272.3363,273.8204,274.9374,275.5862,275.7185,275.3361,274.4798,273.2139,271.6108,269.7404,267.6632,265.4292,263.078,260.6402,258.1363,255.5732,252.9374,250.1887,247.2547,244.0293,184.42684047737447,401.79306901652274,4124.9778,569.4085000000005,939.9669000000004,-37.66390000000001
929,929,929.0,929.0,929.0,929.0,929.0,929.0,929.0,929.0,929.0,929.0,929.0,929.0,929.0,929.0,929.0,929.0,929.0,929.0,929.0,929.0,929.0,929.0,929.0,929.0,929.0,929.0,929.0,9.0,0.9,201.4601,216.8478,230.2031,241.3024,250.1062,256.7484,261.5031,264.7451,266.9149,268.4971,270.0118,272.0149,275.0965,279.8683,286.9348,296.849,310.0666,326.9212,347.6461,372.4689,368.1566973854657,389.9685048439559,4694.3863,370.5583999999999,370.5583999999999,-56.2516
930,930,930.0,930.0,930.0,930.0,930.0,930.0,930.0,930.0,930.0,930.0,930.0,930.0,930.0,930.0,930.0,930.0,930.0,930.0,930.0,930.0,930.0,930.0,930.0,930.0,930.0,930.0,930.0,0.0,0.0,273.0,273.0,273.0,273.0,273.0,273.0,273.0,273.0,273.0,273.0,273.0,273.0,273.0,273.0,273.0,273.0,273.0,273.0,273.0,273.0,430.5398922561855,325.85257680256984,0.0,390.2061,2609.8904,-40.0
931,931,931.0,931.0,931.0,931.0,931.0,931.0,931.0,931.0,931.0,931.0,931.0,931.0,931.0,931.0,931.0,931.0,931.0,931.0,931.0,931.0,931.0,931.0,931.0,931.0,931.0,931.0,931.0,1.0,0.1,396.4449,368.1807,344.8222,325.8155,310.7327,299.1436,290.5741,284.5205,280.4929,278.0622,276.8966,276.7804,277.6132,279.3946,282.1966,286.1298,291.3098,297.8293,305.7444,315.0792,252.7141673435684,173.9415107705392,390.2061,317.5212,2219.6843000000003,-13.856400000000008
932,932,932.0,932.0,932.0,932.0,932.0,932.0,932.0,932.0,932.0,932.0,932.0,932.0,932.0,932.0,932.0,932.0,932.0,932.0,932.0,932.0,932.0,932.0,932.0,932.0,932.0,932.0,932.0,2.0,0.2,262.0633,270.4188,277.2986,282.4235,285.7423,287.4063,287.7062,286.9887,285.5734,283.6828,281.3929,278.6098,275.0717,270.3769,264.038,255.5578,244.522,230.6918,214.079,194.9782,323.2300612417753,338.0580733640261,707.7273,432.7231999999999,1902.1631,-25.593700000000013
933,933,933.0,933.0,933.0,933.0,933.0,933.0,933.0,933.0,933.0,933.0,933.0,933.0,933.0,933.0,933.0,933.0,933.0,933.0,933.0,933.0,933.0,933.0,933.0,933.0,933.0,933.0,933.0,3.0,0.3,314.1168,306.3229,299.7873,294.4272,290.1152,286.6783,283.9166,281.6346,279.6782,277.9686,276.531,275.5107,275.174,275.8887,278.0817,282.1765,288.5206,297.3208,308.6098,322.2604,326.94885430947534,449.9767386590491,1140.4505,257.76930000000016,1469.4399000000003,-26.32170000000002
934,934,934.0,934.0,934.0,934.0,934.0,934.0,934.0,934.0,934.0,934.0,934.0,934.0,934.0,934.0,934.0,934.0,934.0,934.0,934.0,934.0,934.0,934.0,934.0,934.0,934.0,934.0,934.0,4.0,0.4,318.1375,310.6253,304.2364,298.8397,294.3394,290.6714,287.8057,285.754,284.5801,284.412,285.4515,287.9797,292.3525,298.9871,308.337,320.8666,337.0354,357.3154,382.2662,412.6994,233.0270957851621,466.3325463103864,1398.2198,111.49509999999988,1211.6706,-22.328599999999994
935,935,935.0,935.0,935.0,935.0,935.0,935.0,935.0,935.0,935.0,935.0,935.0,935.0,935.0,935.0,935.0,935.0,935.0,935.0,935.0,935.0,935.0,935.0,935.0,935.0,935.0,935.0,935.0,5.0,0.5,243.8891,253.711,262.2223,269.2932,274.9564,279.3977,282.9244,285.9221,288.8127,292.0217,295.9567,301.0002,307.5116,315.8379,326.3309,339.3744,355.4239,375.0717,399.1513,428.9136,446.09990213569023,221.8984247345857,1509.7149,96.47040000000015,1100.1755000000005,-33.602300000000014
936,936,936.0,936.0,936.0,936.0,936.0,936.0,936.0,936.0,936.0,936.0,936.0,936.0,936.0,936.0,936.0,936.0,936.0,936.0,936.0,936.0,936.0,936.0,936.0,936.0,936.0,936.0,936.0,6.0,0.6,408.6567,378.0619,353.2555,333.6368,318.7458,308.0955,301.1136,297.1494,295.5097,295.4918,296.3991,297.5389,298.2113,297.7087,295.3364,290.4666,282.6202,271.563,257.3905,240.5679,226.0108905372044,223.6869164822166,1606.1853,213.5589,1003.7051,-4.9044999999999845
937,937,937.0,937.0,937.0,937.0,937.0,937.0,937.0,937.0,937.0,937.0,937.0,937.0,937.0,937.0,937.0,937.0,937.0,937.0,937.0,937.0,937.0,937.0,937.0,937.0,937.0,937.0,937.0,7.0,0.7,242.0101,256.4373,268.6691,278.3515,285.4231,290.0733,292.6589,293.6052,293.3164,292.1115,290.1909,287.6336,284.4158,280.4433,275.5881,269.7231,262.7502,254.6208,245.345,234.9933,227.9772098451999,428.6109651820863,1819.7442,313.42679999999973,790.1462000000001,-22.926699999999983
938,938,938.0,938.0,938.0,938.0,938.0,938.0,938.0,938.0,938.0,938.0,938.0,938.0,938.0,938.0,938.0,938.0,938.0,938.0,938.0,938.0,938.0,938.0,938.0,938.0,938.0,938.0,938.0,8.0,0.8,237.8372,246.8125,254.7879,261.6832,267.4617,272.1365,275.7761,278.5111,280.5436,282.1596,283.7421,285.78,288.8654,293.6722,300.9125,311.276,325.3699,343.6874,366.6407,394.6914,315.7119912358288,249.4608127797396,2133.171,230.47760000000017,476.7194000000004,-40.86349999999999
939,939,939.0,939.0,939.0,939.0,939.0,939.0,939.0,939.0,939.0,939.0,939.0,939.0,939.0,939.0,939.0,939.0,939.0,939.0,939.0,939.0,939.0,939.0,939.0,939.0,939.0,939.0,939.0,9.0,0.9,306.3626,298.3071,291.6915,286.6044,283.0453,280.9202,280.058,280.237,281.2098,282.7168,284.4849,286.2177,287.5828,288.2107,287.7122,285.7194,281.9464,276.2562,268.7159,259.6191,279.6160235248182,427.9759900679567,2363.6486,246.24180000000024,246.24180000000024,-32.07979999999998
940,940,940.0,940.0,940.0,940.0,940.0,940.0,940.0,940.0,940.0,940.0,940.0,940.0,940.0,940.0,940.0,940.0,940.0,940.0,940.0,940.0,940.0,940.0,940.0,940.0,940.0,940.0,940.0,0.0,0.0,273.0,273.0,273.0,273.0,273.0,273.0,273.0,273.0,273.0,273.0,273.0,273.0,273.0,273.0,273.0,273.0,273.0,273.0,273.0,273.0,224.34242839381048,383.4511139210397,0.0,427.7639,3571.2933,-40.0
941,941,941.0,941.0,941.0,941.0,941.0,941.0,941.0,941.0,941.0,941.0,941.0,941.0,941.0,941.0,941.0,941.0,941.0,941.0,941.0,941.0,941.0,941.0,941.0,941.0,941.0,941.0,941.0,1.0,0.1,233.8075,242.2901,249.6445,255.7992,260.769,264.6527,267.6181,269.8852,271.7107,273.3806,275.2089,277.5414,280.7569,285.2613,291.47,299.7809,310.5447,324.0475,340.5225,360.2064,360.5718100984046,462.18370590310496,427.7639,277.06210000000004,3143.5294,-48.34730000000002
942,942,942.0,942.0,942.0,942.0,942.0,942.0,942.0,942.0,942.0,942.0,942.0,942.0,942.0,942.0,942.0,942.0,942.0,942.0,942.0,942.0,942.0,942.0,942.0,942.0,942.0,942.0,942.0,2.0,0.2,340.8414,323.9222,309.8054,298.4961,289.9287,283.9369,280.271,278.6461,278.8003,280.5473,283.8121,288.6466,295.2256,303.8297,314.8213,328.624,345.7182,366.6715,392.2259,423.4744,179.54620760518446,241.76370258810744,704.826,152.861,2866.4673,-29.06310000000002
943,943,943.0,943.0,943.0,943.0,943.0,943.0,943.0,943.0,943.0,943.0,943.0,943.0,943.0,943.0,943.0,943.0,943.0,943.0,943.0,943.0,943.0,943.0,943.0,943.0,943.0,943.0,943.0,3.0,0.3,200.502,219.5182,236.0219,249.7194,260.6221,269.0065,275.3279,280.1143,283.8623,286.9525,289.5917,291.7858,293.3426,293.9059,293.0172,290.2031,285.0778,277.4457,267.3826,255.2696,248.97291364141665,241.6561139095033,857.687,373.189,2713.6063,-43.99349999999998
944,944,944.0,944.0,944.0,944.0,944.0,944.0,944.0,944.0,944.0,944.0,944.0,944.0,944.0,944.0,944.0,944.0,944.0,944.0,944.0,944.0,944.0,944.0,944.0,944.0,944.0,944.0,944.0,4.0,0.4,251.7965,254.4284,257.0762,259.866,262.8303,265.9139,268.9958,271.9168,274.506,276.5998,278.0527,278.741,278.5625,277.4356,275.3004,272.1219,267.8954,262.6507,256.4551,249.4124,384.9694840943896,297.92350036844306,1230.876,421.1225999999999,2340.4173,-47.08609999999999
945,945,945.0,945.0,945.0,945.0,945.0,945.0,945.0,945.0,945.0,945.0,945.0,945.0,945.0,945.0,945.0,945.0,945.0,945.0,945.0,945.0,945.0,945.0,945.0,945.0,945.0,945.0,945.0,5.0,0.5,360.3878,339.5346,322.1454,308.0519,297.0525,288.8497,283.0478,279.1888,276.8068,275.4819,274.881,274.7809,275.0717,275.7446,276.8668,278.5472,280.8996,284.0086,287.9068,292.5686,277.9333944700434,222.74147459079623,1651.9986,354.74570000000017,1919.2947,-24.150300000000016
946,946,946.0,946.0,946.0,946.0,946.0,946.0,946.0,946.0,946.0,946.0,946.0,946.0,946.0,946.0,946.0,946.0,946.0,946.0,946.0,946.0,946.0,946.0,946.0,946.0,946.0,946.0,946.0,6.0,0.6,280.4734,282.7669,284.5258,285.5723,285.8564,285.443,284.4772,283.1372,281.5869,279.937,278.219,276.3741,274.2567,271.6512,268.3005,263.9443,258.3624,251.4164,243.0807,233.4534,205.9954800155164,213.20549221315548,2006.7443,498.4358,1564.5489999999998,-27.557000000000016
947,947,947.0,947.0,947.0,947.0,947.0,947.0,947.0,947.0,947.0,947.0,947.0,947.0,947.0,947.0,947.0,947.0,947.0,947.0,947.0,947.0,947.0,947.0,947.0,947.0,947.0,947.0,947.0,7.0,0.7,220.3703,233.347,244.5965,253.9198,261.2625,266.7006,270.4055,272.5992,273.5113,273.3445,272.2523,270.3298,267.6149,264.0978,259.7354,254.4682,248.2372,240.9985,232.7342,223.4564,430.4931478432495,374.68951456312647,2505.1801,528.8499999999999,1066.1131999999998,-46.29939999999999
948,948,948.0,948.0,948.0,948.0,948.0,948.0,948.0,948.0,948.0,948.0,948.0,948.0,948.0,948.0,948.0,948.0,948.0,948.0,948.0,948.0,948.0,948.0,948.0,948.0,948.0,948.0,948.0,8.0,0.8,394.7122,364.8832,340.2197,320.2695,304.6385,292.8558,284.3503,278.4993,274.7116,272.5117,271.6028,271.899,273.5219,276.7657,282.0341,289.76,300.324,313.9926,330.9017,351.1038,352.051439195189,250.39028335817773,3034.0301,275.0329999999999,537.2631999999999,-20.14420000000001
949,949,949.0,949.0,949.0,949.0,949.0,949.0,949.0,949.0,949.0,949.0,949.0,949.0,949.0,949.0,949.0,949.0,949.0,949.0,949.0,949.0,949.0,949.0,949.0,949.0,949.0,949.0,949.0,9.0,0.9,340.0056,329.8738,321.1656,313.5414,306.7992,300.8512,295.6886,291.3413,287.8359,285.1596,283.2328,281.8931,280.8937,279.9166,278.6027,276.5967,273.6017,269.4337,264.0616,257.6208,421.7075219580869,404.5310948087281,3309.0631,262.2302,262.2302,-12.148799999999994
950,950,950.0,950.0,950.0,950.0,950.0,950.0,950.0,950.0,950.0,950.0,950.0,950.0,950.0,950.0,950.0,950.0,950.0,950.0,950.0,950.0,950.0,950.0,950.0,950.0,950.0,950.0,950.0,0.0,0.0,273.0,273.0,273.0,273.0,273.0,273.0,273.0,273.0,273.0,273.0,273.0,273.0,273.0,273.0,273.0,273.0,273.0,273.0,273.0,273.0,261.9136862807807,365.1866974329123,0.0,414.4005,1657.59,6.110299999999995
951,951,951.0,951.0,951.0,951.0,951.0,951.0,951.0,951.0,951.0,951.0,951.0,951.0,951.0,951.0,951.0,951.0,951.0,951.0,951.0,951.0,951.0,951.0,951.0,951.0,951.0,951.0,951.0,1.0,0.1,264.1067,266.0516,267.7288,269.1329,270.2773,271.1971,271.9493,272.6144,273.2998,274.1447,275.3274,277.0711,279.6447,283.3553,288.5298,295.4877,304.5117,315.8268,329.602,345.9864,317.8272736817472,280.3871719487435,414.4005,307.4266999999999,1243.1895,6.110299999999995
952,952,952.0,952.0,952.0,952.0,952.0,952.0,952.0,952.0,952.0,952.0,952.0,952.0,952.0,952.0,952.0,952.0,952.0,952.0,952.0,952.0,952.0,952.0,952.0,952.0,952.0,952.0,952.0,2.0,0.2,308.4367,300.2922,293.4431,287.9174,283.6963,280.7078,278.8339,277.9268,277.8244,278.3603,279.3673,280.6727,282.0948,283.4415,284.5197,285.1556,285.2227,284.673,283.5603,282.0468,420.4301864015139,349.8099779629312,721.8272,268.3882000000001,935.7628,6.110299999999995
953,953,953.0,953.0,953.0,953.0,953.0,953.0,953.0,953.0,953.0,953.0,953.0,953.0,953.0,953.0,953.0,953.0,953.0,953.0,953.0,953.0,953.0,953.0,953.0,953.0,953.0,953.0,953.0,3.0,0.3,390.2067,365.205,344.5579,327.7213,314.2847,303.87,296.0906,290.5537,286.8855,284.762,283.9371,284.2596,285.6777,288.2307,292.0296,297.2293,303.9993,312.4993,322.8703,335.2491,358.69420159905707,330.8026270947115,990.2154,175.7708,667.3745999999999,6.110299999999995
954,954,954.0,954.0,954.0,954.0,954.0,954.0,954.0,954.0,954.0,954.0,954.0,954.0,954.0,954.0,954.0,954.0,954.0,954.0,954.0,954.0,954.0,954.0,954.0,954.0,954.0,954.0,954.0,4.0,0.4,346.1794,335.832,327.1165,319.6517,313.193,307.6093,302.8551,298.9392,295.8953,293.7593,292.5538,292.2823,292.9295,294.4678,296.868,300.1116,304.205,309.1934,315.1727,322.3002,272.1366398441887,410.43113313501306,1165.9862,127.70499999999991,491.6037999999999,6.110299999999995
955,955,955.0,955.0,955.0,955.0,955.0,955.0,955.0,955.0,955.0,955.0,955.0,955.0,955.0,955.0,955.0,955.0,955.0,955.0,955.0,955.0,955.0,955.0,955.0,955.0,955.0,955.0,955.0,5.0,0.5,277.4755,282.4152,286.645,289.9706,292.335,293.8137,294.5898,294.9214,295.11,295.4767,296.3502,298.0642,300.9591,305.3845,311.6966,320.2526,331.4076,345.523,363.0034,384.3756,318.420775223687,419.7416638838345,1293.6912,76.66980000000012,363.8988,6.110299999999995
956,956,956.0,956.0,956.0,956.0,956.0,956.0,956.0,956.0,956.0,956.0,956.0,956.0,956.0,956.0,956.0,956.0,956.0,956.0,956.0,956.0,956.0,956.0,956.0,956.0,956.0,956.0,956.0,6.0,0.6,311.5862,305.9228,301.3886,297.9393,295.5153,294.0428,293.4447,293.6574,294.6477,296.4249,299.0473,302.6222,307.3027,313.2837,320.7992,330.126,341.5964,355.6257,372.7608,393.7625,382.35365168832175,469.325690590174,1370.361,53.839499999999816,287.2289999999998,6.110299999999995
957,957,957.0,957.0,957.0,957.0,957.0,957.0,957.0,957.0,957.0,957.0,957.0,957.0,957.0,957.0,957.0,957.0,957.0,957.0,957.0,957.0,957.0,957.0,957.0,957.0,957.0,957.0,957.0,7.0,0.7,362.4376,345.9615,332.4933,321.7391,313.4615,307.4381,303.4501,301.2927,300.7941,301.8375,304.3789,308.4572,314.1996,321.8204,331.6194,343.985,359.4106,378.5382,402.2494,431.8382,404.5357204384197,219.26311186159805,1424.2005,54.731700000000046,233.3895,6.110299999999995
958,958,958.0,958.0,958.0,958.0,958.0,958.0,958.0,958.0,958.0,958.0,958.0,958.0,958.0,958.0,958.0,958.0,958.0,958.0,958.0,958.0,958.0,958.0,958.0,958.0,958.0,958.0,958.0,8.0,0.8,381.6673,363.1115,348.0588,335.9593,326.415,319.1103,313.7678,310.1163,307.8647,306.6776,306.1524,305.8003,305.0405,303.2138,299.625,293.6163,284.6666,272.5011,257.1854,239.1707,335.9224803069317,455.9348977755333,1478.9322,135.8668,178.65779999999995,6.110299999999995
959,959,959.0,959.0,959.0,959.0,959.0,959.0,959.0,959.0,959.0,959.0,959.0,959.0,959.0,959.0,959.0,959.0,959.0,959.0,959.0,959.0,959.0,959.0,959.0,959.0,959.0,959.0,959.0,9.0,0.9,329.7868,324.9844,321.071,317.7146,314.6975,311.9079,309.3238,306.9962,305.0398,303.6341,303.036,303.5966,305.7736,310.126,317.2868,327.9157,342.6501,362.0863,386.8318,417.6767,301.14117934056253,352.6202212910528,1614.799,42.79099999999994,42.79099999999994,6.110299999999995
960,960,960.0,960.0,960.0,960.0,960.0,960.0,960.0,960.0,960.0,960.0,960.0,960.0,960.0,960.0,960.0,960.0,960.0,960.0,960.0,960.0,960.0,960.0,960.0,960.0,960.0,960.0,960.0,0.0,0.0,273.0,273.0,273.0,273.0,273.0,273.0,273.0,273.0,273.0,273.0,273.0,273.0,273.0,273.0,273.0,273.0,273.0,273.0,273.0,273.0,190.1192058779193,386.1935961690799,0.0,447.9091,2787.8232,-40.0
961,961,961.0,961.0,961.0,961.0,961.0,961.0,961.0,961.0,961.0,961.0,961.0,961.0,961.0,961.0,961.0,961.0,961.0,961.0,961.0,961.0,961.0,961.0,961.0,961.0,961.0,961.0,961.0,1.0,0.1,206.0264,220.4084,232.9476,243.4714,251.9708,258.5883,263.5851,267.3022,270.1249,272.46,274.7259,277.3526,280.7838,285.4737,291.8726,300.4038,311.4362,325.2701,342.1516,362.3334,220.5693028560528,299.25054267369376,447.9091,428.8146,2339.9141,-54.4117
962,962,962.0,962.0,962.0,962.0,962.0,962.0,962.0,962.0,962.0,962.0,962.0,962.0,962.0,962.0,962.0,962.0,962.0,962.0,962.0,962.0,962.0,962.0,962.0,962.0,962.0,962.0,962.0,2.0,0.2,227.6936,234.1322,240.0178,245.4572,250.5285,255.2867,259.7722,264.0202,268.065,271.9388,275.6638,279.242,282.6464,285.8202,288.6869,291.1719,293.2348,294.9027,296.2962,297.6399,308.00449901465595,273.1519465112922,876.7237,430.4308000000001,1911.0995,-57.7133
963,963,963.0,963.0,963.0,963.0,963.0,963.0,963.0,963.0,963.0,963.0,963.0,963.0,963.0,963.0,963.0,963.0,963.0,963.0,963.0,963.0,963.0,963.0,963.0,963.0,963.0,963.0,963.0,3.0,0.3,298.3034,289.7679,282.6441,277.0972,273.1742,270.7962,269.7775,269.861,270.7573,272.1782,273.8587,275.5678,277.1114,278.3313,279.1052,279.3494,279.0255,278.1475,276.7854,275.0639,227.4527338406496,310.8433994634646,1307.1545,408.9873,1480.6686999999995,-42.2038
964,964,964.0,964.0,964.0,964.0,964.0,964.0,964.0,964.0,964.0,964.0,964.0,964.0,964.0,964.0,964.0,964.0,964.0,964.0,964.0,964.0,964.0,964.0,964.0,964.0,964.0,964.0,964.0,4.0,0.4,236.797,245.1465,252.3192,258.2301,262.9032,266.4604,269.0933,271.0279,272.4931,273.6993,274.8293,276.0408,277.4736,279.2592,281.5247,284.392,287.971,292.3514,297.5973,303.7502,286.33674352615225,320.4255716487662,1716.1418,396.1415999999997,1071.6813999999997,-46.53960000000001
965,965,965.0,965.0,965.0,965.0,965.0,965.0,965.0,965.0,965.0,965.0,965.0,965.0,965.0,965.0,965.0,965.0,965.0,965.0,965.0,965.0,965.0,965.0,965.0,965.0,965.0,965.0,965.0,5.0,0.5,282.2368,278.6279,275.6683,273.4594,272.0313,271.3463,271.3177,271.8354,272.7929,274.1078,275.7344,277.6675,279.9393,282.6118,285.7681,289.5027,293.9147,299.1045,305.1744,312.2365,281.36508874872266,466.8037961299191,2112.2834,293.3933000000002,675.5398,-41.653700000000015
966,966,966.0,966.0,966.0,966.0,966.0,966.0,966.0,966.0,966.0,966.0,966.0,966.0,966.0,966.0,966.0,966.0,966.0,966.0,966.0,966.0,966.0,966.0,966.0,966.0,966.0,966.0,966.0,6.0,0.6,279.8597,278.5546,277.4692,276.6288,276.0663,275.8247,275.9623,276.561,277.7385,279.6628,282.5685,286.7677,292.6545,300.6962,311.4126,325.3508,343.0698,365.1613,392.3396,425.6419,327.1867682675621,350.3708632810667,2405.6767,133.57630000000017,382.14649999999983,-37.17529999999999
967,967,967.0,967.0,967.0,967.0,967.0,967.0,967.0,967.0,967.0,967.0,967.0,967.0,967.0,967.0,967.0,967.0,967.0,967.0,967.0,967.0,967.0,967.0,967.0,967.0,967.0,967.0,967.0,7.0,0.7,316.8078,307.9291,300.5512,294.6797,290.299,287.3625,285.7945,285.4991,286.3695,288.2927,291.1485,294.806,299.1214,303.9436,309.1325,314.59,320.3009,326.3758,333.0849,340.8756,346.58245642836573,350.46987800061913,2539.253,109.52790000000005,248.5701999999997,-25.63749999999999
968,968,968.0,968.0,968.0,968.0,968.0,968.0,968.0,968.0,968.0,968.0,968.0,968.0,968.0,968.0,968.0,968.0,968.0,968.0,968.0,968.0,968.0,968.0,968.0,968.0,968.0,968.0,968.0,8.0,0.8,334.0121,323.4509,314.6917,307.5859,302.0107,297.8493,294.9827,293.2882,292.6436,292.9332,294.0545,295.9245,298.486,301.7134,305.6188,310.2584,315.7393,322.2268,329.9536,339.2315,367.8417212045745,455.71082137912697,2648.7809,96.76799999999956,139.0422999999996,-15.150699999999972
969,969,969.0,969.0,969.0,969.0,969.0,969.0,969.0,969.0,969.0,969.0,969.0,969.0,969.0,969.0,969.0,969.0,969.0,969.0,969.0,969.0,969.0,969.0,969.0,969.0,969.0,969.0,969.0,9.0,0.9,351.8526,338.5971,327.6634,318.7571,311.654,306.1734,302.1674,299.5227,298.1698,298.0963,299.3606,302.1023,306.5465,313.0001,321.8402,333.5003,348.4646,367.2896,390.6756,419.6212,233.3063831882194,336.6445549711338,2745.5489,42.27430000000004,42.27430000000004,-6.826599999999985
970,970,970.0,970.0,970.0,970.0,970.0,970.0,970.0,970.0,970.0,970.0,970.0,970.0,970.0,970.0,970.0,970.0,970.0,970.0,970.0,970.0,970.0,970.0,970.0,970.0,970.0,970.0,970.0,0.0,0.0,273.0,273.0,273.0,273.0,273.0,273.0,273.0,273.0,273.0,273.0,273.0,273.0,273.0,273.0,273.0,273.0,273.0,273.0,273.0,273.0,469.7910303671624,405.5750765705864,0.0,365.3792,2794.3786,-40.0
971,971,971.0,971.0,971.0,971.0,971.0,971.0,971.0,971.0,971.0,971.0,971.0,971.0,971.0,971.0,971.0,971.0,971.0,971.0,971.0,971.0,971.0,971.0,971.0,971.0,971.0,971.0,971.0,1.0,0.1,426.1394,390.6351,361.6178,338.1484,319.5834,305.3528,294.8752,287.5594,282.8535,280.3048,279.6105,280.6446,283.4583,288.255,295.3446,305.0864,317.8361,333.9145,353.6215,377.3156,219.0827993017088,470.5683246718056,365.3792,141.70399999999995,2428.9994,-7.647199999999998
972,972,972.0,972.0,972.0,972.0,972.0,972.0,972.0,972.0,972.0,972.0,972.0,972.0,972.0,972.0,972.0,972.0,972.0,972.0,972.0,972.0,972.0,972.0,972.0,972.0,972.0,972.0,972.0,2.0,0.2,236.3273,251.8051,264.8135,274.9782,282.289,287.0623,289.855,291.3612,292.3169,293.4303,295.3428,298.6183,303.7519,311.1891,321.348,334.6459,351.5356,372.5687,398.508,430.5279,276.84877243799286,280.51285315660687,507.0832,93.25590000000004,2287.2954,-25.937700000000007
973,973,973.0,973.0,973.0,973.0,973.0,973.0,973.0,973.0,973.0,973.0,973.0,973.0,973.0,973.0,973.0,973.0,973.0,973.0,973.0,973.0,973.0,973.0,973.0,973.0,973.0,973.0,973.0,3.0,0.3,276.9641,277.2918,277.9383,278.972,280.4179,282.2634,284.4704,286.9863,289.7473,292.6724,295.6468,298.5042,301.0137,302.8835,303.7863,303.4089,301.5199,298.041,293.104,287.0721,321.4941329242621,246.02307647887736,600.3391,185.4948,2194.0395,-30.73660000000001
974,974,974.0,974.0,974.0,974.0,974.0,974.0,974.0,974.0,974.0,974.0,974.0,974.0,974.0,974.0,974.0,974.0,974.0,974.0,974.0,974.0,974.0,974.0,974.0,974.0,974.0,974.0,974.0,4.0,0.4,312.9703,305.7659,299.8803,295.294,291.9421,289.7036,288.4055,287.8346,287.7524,287.9086,288.05,287.9268,287.2973,285.9337,283.6335,280.2341,275.6322,269.8017,262.8069,254.803,217.13870141433367,269.4175346129284,785.8339,301.1766000000001,2008.5447,-23.29640000000001
975,975,975.0,975.0,975.0,975.0,975.0,975.0,975.0,975.0,975.0,975.0,975.0,975.0,975.0,975.0,975.0,975.0,975.0,975.0,975.0,975.0,975.0,975.0,975.0,975.0,975.0,975.0,975.0,5.0,0.5,230.8032,243.1504,253.8324,262.6501,269.5686,274.6989,278.2557,280.5065,281.7248,282.1567,282.0035,281.4197,280.5208,279.3942,278.1103,276.7278,275.2944,273.8431,272.3878,270.9213,303.85307485754794,288.4555128956599,1087.0105,379.5912999999998,1707.3681,-38.30110000000002
976,976,976.0,976.0,976.0,976.0,976.0,976.0,976.0,976.0,976.0,976.0,976.0,976.0,976.0,976.0,976.0,976.0,976.0,976.0,976.0,976.0,976.0,976.0,976.0,976.0,976.0,976.0,976.0,6.0,0.6,296.912,290.9065,285.9723,282.1749,279.4852,277.7827,276.8794,276.5569,276.6037,276.8457,277.1639,277.5001,277.8523,278.2627,278.8024,279.5538,280.5943,281.9836,283.7554,285.9169,207.9768817145005,449.9111787021674,1466.6018,338.33730000000014,1327.7768,-35.21730000000002
977,977,977.0,977.0,977.0,977.0,977.0,977.0,977.0,977.0,977.0,977.0,977.0,977.0,977.0,977.0,977.0,977.0,977.0,977.0,977.0,977.0,977.0,977.0,977.0,977.0,977.0,977.0,977.0,7.0,0.7,221.6873,234.0422,244.7426,253.6329,260.7202,266.1629,270.24,273.3132,275.7963,278.1367,280.812,284.3345,289.2558,296.1621,305.6556,318.3261,334.7276,355.385,380.8637,411.9389,279.8591979352948,186.8155887829519,1804.9391,287.66280000000006,989.4395,-46.83710000000002
978,978,978.0,978.0,978.0,978.0,978.0,978.0,978.0,978.0,978.0,978.0,978.0,978.0,978.0,978.0,978.0,978.0,978.0,978.0,978.0,978.0,978.0,978.0,978.0,978.0,978.0,978.0,978.0,8.0,0.8,276.8048,274.1704,272.1856,271.0065,270.6987,271.2388,272.5278,274.4092,276.6784,279.0805,281.2948,282.914,283.4298,282.2385,278.6794,272.1105,262.0182,248.1409,230.5766,209.8371,222.48990696653448,413.2386561779167,2092.6019,397.8337999999999,701.7766999999999,-41.76119999999997
979,979,979.0,979.0,979.0,979.0,979.0,979.0,979.0,979.0,979.0,979.0,979.0,979.0,979.0,979.0,979.0,979.0,979.0,979.0,979.0,979.0,979.0,979.0,979.0,979.0,979.0,979.0,979.0,9.0,0.9,232.3954,241.308,249.0925,255.6841,261.0986,265.4253,268.8125,271.4514,273.5693,275.4336,277.3684,279.7746,283.1434,288.0519,295.132,305.0149,318.2669,335.3436,356.5985,382.3797,234.06735502478847,447.6005233891737,2490.4357,303.9429,303.9429,-47.57470000000001
980,980,980.0,980.0,980.0,980.0,980.0,980.0,980.0,980.0,980.0,980.0,980.0,980.0,980.0,980.0,980.0,980.0,980.0,980.0,980.0,980.0,980.0,980.0,980.0,980.0,980.0,980.0,980.0,0.0,0.0,273.0,273.0,273.0,273.0,273.0,273.0,273.0,273.0,273.0,273.0,273.0,273.0,273.0,273.0,273.0,273.0,273.0,273.0,273.0,273.0,184.97254167432897,333.15603516905816,0.0,469.6579,3283.6512,-40.0
981,981,981.0,981.0,981.0,981.0,981.0,981.0,981.0,981.0,981.0,981.0,981.0,981.0,981.0,981.0,981.0,981.0,981.0,981.0,981.0,981.0,981.0,981.0,981.0,981.0,981.0,981.0,981.0,1.0,0.1,201.8344,217.0974,230.4131,241.5888,250.6057,257.6036,262.8433,266.6599,269.4199,271.4902,273.222,274.9462,276.9757,279.607,283.1174,287.7549,293.7241,301.1741,310.1965,320.8416,228.9999539079299,250.7023105492126,469.6579,521.4158,2813.9933,-55.39640000000003
982,982,982.0,982.0,982.0,982.0,982.0,982.0,982.0,982.0,982.0,982.0,982.0,982.0,982.0,982.0,982.0,982.0,982.0,982.0,982.0,982.0,982.0,982.0,982.0,982.0,982.0,982.0,982.0,2.0,0.2,234.2703,239.0088,243.3872,247.528,251.4978,255.3131,258.954,262.3793,265.5384,268.3751,270.8238,272.8008,274.1963,274.8729,274.6742,273.4476,271.0758,267.5119,262.8066,257.1191,352.3330443983993,357.5122823749136,991.0737,490.6335,2292.5775,-57.68690000000001
983,983,983.0,983.0,983.0,983.0,983.0,983.0,983.0,983.0,983.0,983.0,983.0,983.0,983.0,983.0,983.0,983.0,983.0,983.0,983.0,983.0,983.0,983.0,983.0,983.0,983.0,983.0,983.0,3.0,0.3,333.4369,317.0663,303.281,292.127,283.5538,277.3841,273.3292,271.0361,270.1484,270.3648,271.4832,273.4268,276.2487,280.117,285.282,292.0316,300.6431,311.3447,324.3019,339.6403,358.07546638408013,395.38628355442256,1481.7072,252.2521999999999,1801.944,-35.61590000000001
984,984,984.0,984.0,984.0,984.0,984.0,984.0,984.0,984.0,984.0,984.0,984.0,984.0,984.0,984.0,984.0,984.0,984.0,984.0,984.0,984.0,984.0,984.0,984.0,984.0,984.0,984.0,984.0,4.0,0.4,342.1649,328.6256,317.1467,307.5226,299.6102,293.3022,288.5119,285.1687,283.2201,282.6375,283.4241,285.6218,289.3138,294.6243,301.7137,310.7726,322.0198,335.7111,352.1679,371.8359,325.4968799506038,200.66328989145427,1733.9594,173.27620000000002,1549.6917999999998,-19.69779999999997
985,985,985.0,985.0,985.0,985.0,985.0,985.0,985.0,985.0,985.0,985.0,985.0,985.0,985.0,985.0,985.0,985.0,985.0,985.0,985.0,985.0,985.0,985.0,985.0,985.0,985.0,985.0,985.0,5.0,0.5,318.3622,312.3929,307.3434,303.0407,299.3803,296.3114,293.8157,291.8779,290.4527,289.4324,288.617,287.6953,286.2392,283.7218,279.5602,273.1871,264.1431,252.1752,237.3178,219.9294,232.1692982426513,446.07289565764967,1907.2356,264.2514000000001,1376.4155999999998,-16.688600000000008
986,986,986.0,986.0,986.0,986.0,986.0,986.0,986.0,986.0,986.0,986.0,986.0,986.0,986.0,986.0,986.0,986.0,986.0,986.0,986.0,986.0,986.0,986.0,986.0,986.0,986.0,986.0,986.0,6.0,0.6,243.6761,254.0684,263.0121,270.3097,275.9194,279.9453,282.6093,284.2185,285.1403,285.7929,286.6505,288.2574,291.2372,296.285,304.1348,315.5044,331.0384,351.281,376.7239,407.9718,360.22126343653457,214.0446812750552,2171.487,181.82949999999985,1112.1641999999997,-33.054700000000025
987,987,987.0,987.0,987.0,987.0,987.0,987.0,987.0,987.0,987.0,987.0,987.0,987.0,987.0,987.0,987.0,987.0,987.0,987.0,987.0,987.0,987.0,987.0,987.0,987.0,987.0,987.0,987.0,7.0,0.7,342.3212,327.1575,314.6495,304.7315,297.2773,292.07,288.8091,287.1368,286.665,286.9913,287.6961,288.3285,288.3893,287.3287,284.5688,279.5595,271.8612,261.2415,247.7576,231.7962,432.7741073317397,339.79424317770145,2353.3165,258.1301000000003,930.3347,-20.930000000000007
988,988,988.0,988.0,988.0,988.0,988.0,988.0,988.0,988.0,988.0,988.0,988.0,988.0,988.0,988.0,988.0,988.0,988.0,988.0,988.0,988.0,988.0,988.0,988.0,988.0,988.0,988.0,988.0,8.0,0.8,401.2735,375.5728,354.5138,337.3505,323.5394,312.6227,304.1733,297.7829,293.0749,289.7306,287.5165,286.3065,286.0917,286.9745,289.1437,292.8333,298.2708,305.6295,314.9999,326.3947,280.0190040006479,177.37532318448845,2611.4466,240.7475999999997,672.2045999999996,-0.3772999999999911
989,989,989.0,989.0,989.0,989.0,989.0,989.0,989.0,989.0,989.0,989.0,989.0,989.0,989.0,989.0,989.0,989.0,989.0,989.0,989.0,989.0,989.0,989.0,989.0,989.0,989.0,989.0,989.0,9.0,0.9,285.27,290.1062,294.0611,296.8381,298.3341,298.6214,297.8965,296.4113,294.4004,292.0188,289.2948,286.1043,282.1687,277.0766,270.3335,261.435,249.9592,235.6615,218.5525,198.9343,243.9260679168192,187.2922064715613,2852.1942,431.4569999999999,431.4569999999999,-14.378600000000006
990,990,990.0,990.0,990.0,990.0,990.0,990.0,990.0,990.0,990.0,990.0,990.0,990.0,990.0,990.0,990.0,990.0,990.0,990.0,990.0,990.0,990.0,990.0,990.0,990.0,990.0,990.0,990.0,0.0,0.0,273.0,273.0,273.0,273.0,273.0,273.0,273.0,273.0,273.0,273.0,273.0,273.0,273.0,273.0,273.0,273.0,273.0,273.0,273.0,273.0,388.0498704534696,262.446908707724,0.0,421.8682,2684.8101,16.62439999999998
991,991,991.0,991.0,991.0,991.0,991.0,991.0,991.0,991.0,991.0,991.0,991.0,991.0,991.0,991.0,991.0,991.0,991.0,991.0,991.0,991.0,991.0,991.0,991.0,991.0,991.0,991.0,991.0,1.0,0.1,363.7738,343.2581,326.1086,312.0658,300.8827,292.2647,285.8569,281.2643,278.0852,275.9436,274.5124,273.5221,272.7609,272.0666,271.3176,270.4249,269.327,267.9864,266.388,264.5355,246.98327629942952,287.45810619096767,421.8682,373.1141,2262.9419,16.62439999999998
992,992,992.0,992.0,992.0,992.0,992.0,992.0,992.0,992.0,992.0,992.0,992.0,992.0,992.0,992.0,992.0,992.0,992.0,992.0,992.0,992.0,992.0,992.0,992.0,992.0,992.0,992.0,992.0,2.0,0.2,256.0559,264.1457,270.8521,275.9423,279.3736,281.2764,281.9083,281.5942,280.6712,279.447,278.1767,277.0576,276.2355,275.8161,275.8753,276.4654,277.6153,279.328,281.5778,284.312,224.12722185933103,296.4225477008602,794.9823,393.036,1889.8278,16.62439999999998
993,993,993.0,993.0,993.0,993.0,993.0,993.0,993.0,993.0,993.0,993.0,993.0,993.0,993.0,993.0,993.0,993.0,993.0,993.0,993.0,993.0,993.0,993.0,993.0,993.0,993.0,993.0,993.0,3.0,0.3,234.071,243.0431,250.9025,257.5676,263.0263,267.3346,270.606,272.9956,274.6831,275.8575,276.705,277.401,278.1052,278.9586,280.0814,281.5717,283.5044,285.9314,288.8838,292.3776,295.1495075497164,309.80590536283125,1188.0183,400.46320000000014,1496.7918000000002,16.62439999999998
994,994,994.0,994.0,994.0,994.0,994.0,994.0,994.0,994.0,994.0,994.0,994.0,994.0,994.0,994.0,994.0,994.0,994.0,994.0,994.0,994.0,994.0,994.0,994.0,994.0,994.0,994.0,994.0,4.0,0.4,289.3052,284.1857,279.957,276.7188,274.4849,273.1855,272.6886,272.8316,273.4546,274.4262,275.6602,277.1213,278.8212,280.8102,283.1642,285.9724,289.3262,293.311,298.0036,303.476,332.30458224772394,332.2551787470124,1588.4815,313.2081999999998,1096.3286,16.62439999999998
995,995,995.0,995.0,995.0,995.0,995.0,995.0,995.0,995.0,995.0,995.0,995.0,995.0,995.0,995.0,995.0,995.0,995.0,995.0,995.0,995.0,995.0,995.0,995.0,995.0,995.0,995.0,995.0,5.0,0.5,320.6397,310.5865,302.0799,295.0696,289.4895,285.2446,282.2128,280.2568,279.2413,279.0497,279.5974,280.84,282.7752,285.4403,288.9043,293.2586,298.6067,305.0575,312.725,321.7367,416.2853871627711,330.5679328201352,1901.6897,225.07500000000027,783.1204000000002,16.62439999999998
996,996,996.0,996.0,996.0,996.0,996.0,996.0,996.0,996.0,996.0,996.0,996.0,996.0,996.0,996.0,996.0,996.0,996.0,996.0,996.0,996.0,996.0,996.0,996.0,996.0,996.0,996.0,996.0,6.0,0.6,387.66,364.0066,344.473,328.5145,315.7278,305.7585,298.2621,292.8975,289.3398,287.2977,286.5268,286.8375,288.0949,290.2144,293.1562,296.9192,301.5378,307.0812,313.6568,321.4166,392.5509414893329,450.31967818271926,2126.7647,160.36109999999962,558.0454,16.62439999999998
997,997,997.0,997.0,997.0,997.0,997.0,997.0,997.0,997.0,997.0,997.0,997.0,997.0,997.0,997.0,997.0,997.0,997.0,997.0,997.0,997.0,997.0,997.0,997.0,997.0,997.0,997.0,997.0,7.0,0.7,372.4861,356.0402,342.4235,331.0875,321.6563,313.8814,307.6103,302.7655,299.3334,297.3612,296.9602,298.3118,301.6693,307.3539,315.7411,327.2427,342.2965,361.382,385.0889,414.2694,469.2133112128505,360.15365022049593,2287.1258,102.5978,397.6843000000004,16.62439999999998
998,998,998.0,998.0,998.0,998.0,998.0,998.0,998.0,998.0,998.0,998.0,998.0,998.0,998.0,998.0,998.0,998.0,998.0,998.0,998.0,998.0,998.0,998.0,998.0,998.0,998.0,998.0,998.0,8.0,0.8,430.9872,400.7186,376.4743,357.0477,341.6288,329.6244,320.5628,314.0487,309.7422,307.3493,306.6139,307.3087,309.2289,312.1921,316.0476,320.6987,326.1329,332.4563,339.9232,348.9558,336.7226652904,208.6909537790549,2389.7236,136.34140000000025,295.08650000000034,16.62439999999998
999,999,999.0,999.0,999.0,999.0,999.0,999.0,999.0,999.0,999.0,999.0,999.0,999.0,999.0,999.0,999.0,999.0,999.0,999.0,999.0,999.0,999.0,999.0,999.0,999.0,999.0,999.0,999.0,9.0,0.9,332.2245,328.9254,326.2439,323.7642,321.247,318.6113,315.8901,313.1723,310.5402,308.0142,305.5123,302.8268,299.6239,295.4643,289.8498,282.2896,272.3842,259.9109,244.8938,227.6349,286.01419230034577,469.950350314657,2526.065,158.7451000000001,158.7451000000001,16.62439999999998
1000,1000,1000.0,1000.0,1000.0,1000.0,1000.0,1000.0,1000.0,1000.0,1000.0,1000.0,1000.0,1000.0,1000.0,1000.0,1000.0,1000.0,1000.0,1000.0,1000.0,1000.0,1000.0,1000.0,1000.0,1000.0,1000.0,1000.0,1000.0,0.0,0.0,273.0,273.0,273.0,273.0,273.0,273.0,273.0,273.0,273.0,273.0,273.0,273.0,273.0,273.0,273.0,273.0,273.0,273.0,273.0,273.0,271.313615293596,190.6610565822172,0.0,495.3553,4685.444,-40.0
1001,1001,1001.0,1001.0,1001.0,1001.0,1001.0,1001.0,1001.0,1001.0,1001.0,1001.0,1001.0,1001.0,1001.0,1001.0,1001.0,1001.0,1001.0,1001.0,1001.0,1001.0,1001.0,1001.0,1001.0,1001.0,1001.0,1001.0,1001.0,1.0,0.1,271.6467,271.9395,272.1874,272.3855,272.5279,272.6049,272.5986,272.4761,272.1809,271.6237,270.6715,269.1414,266.7987,263.3654,258.542,252.0415,243.6351,233.1985,220.75,206.4651,194.8562116782323,295.7904174442681,495.3553,633.1848,4190.0887,-40.39510000000001
1002,1002,1002.0,1002.0,1002.0,1002.0,1002.0,1002.0,1002.0,1002.0,1002.0,1002.0,1002.0,1002.0,1002.0,1002.0,1002.0,1002.0,1002.0,1002.0,1002.0,1002.0,1002.0,1002.0,1002.0,1002.0,1002.0,1002.0,1002.0,2.0,0.2,209.7208,223.117,234.7373,244.402,252.0739,257.8459,261.9097,264.5191,265.9574,266.5178,266.497,266.198,265.9362,266.0385,266.8301,268.6052,271.587,275.8876,281.4814,288.205,282.092160556048,327.6154771193449,1128.5401,587.2322000000001,3556.9039,-55.15410000000003
1003,1003,1003.0,1003.0,1003.0,1003.0,1003.0,1003.0,1003.0,1003.0,1003.0,1003.0,1003.0,1003.0,1003.0,1003.0,1003.0,1003.0,1003.0,1003.0,1003.0,1003.0,1003.0,1003.0,1003.0,1003.0,1003.0,1003.0,1003.0,3.0,0.3,277.1546,272.7172,269.0299,266.2513,264.4291,263.5074,263.3573,263.8197,264.7482,266.0436,267.6737,269.6785,272.1629,275.2788,279.2028,284.1112,290.1583,297.4622,306.1024,316.1335,230.7107139877816,237.6160715557436,1715.7723,487.11540000000014,2969.6717000000003,-49.49259999999998
1004,1004,1004.0,1004.0,1004.0,1004.0,1004.0,1004.0,1004.0,1004.0,1004.0,1004.0,1004.0,1004.0,1004.0,1004.0,1004.0,1004.0,1004.0,1004.0,1004.0,1004.0,1004.0,1004.0,1004.0,1004.0,1004.0,1004.0,1004.0,4.0,0.4,238.099,244.6597,250.313,255.0383,258.8829,261.9532,264.3934,266.3566,267.9751,269.3341,270.4526,271.2732,271.6629,271.4252,270.3259,268.1296,264.6449,259.7684,253.5182,246.0452,323.6713762179913,270.8541943860313,2202.8877,540.1979999999999,2482.5563,-51.04680000000002
1005,1005,1005.0,1005.0,1005.0,1005.0,1005.0,1005.0,1005.0,1005.0,1005.0,1005.0,1005.0,1005.0,1005.0,1005.0,1005.0,1005.0,1005.0,1005.0,1005.0,1005.0,1005.0,1005.0,1005.0,1005.0,1005.0,1005.0,1005.0,5.0,0.5,311.4842,300.819,291.7964,284.4846,278.8555,274.7749,272.0197,270.3135,269.3673,268.9159,268.7438,268.698,268.6902,268.6895,268.709,268.787,268.9672,269.2792,269.7248,270.271,188.73125974854776,325.3990958139907,2743.0857,486.5048999999999,1942.3583000000003,-38.2251
1006,1006,1006.0,1006.0,1006.0,1006.0,1006.0,1006.0,1006.0,1006.0,1006.0,1006.0,1006.0,1006.0,1006.0,1006.0,1006.0,1006.0,1006.0,1006.0,1006.0,1006.0,1006.0,1006.0,1006.0,1006.0,1006.0,1006.0,1006.0,6.0,0.6,205.9779,221.5138,234.8841,245.84,254.3616,260.6342,264.9943,267.8628,269.6853,270.8885,271.8582,272.9346,274.4179,276.5761,279.6479,283.8385,289.3093,296.1677,304.465,314.2096,229.07559369955075,286.02626936877584,3229.5906,511.7799,1455.8534000000004,-52.36579999999998
1007,1007,1007.0,1007.0,1007.0,1007.0,1007.0,1007.0,1007.0,1007.0,1007.0,1007.0,1007.0,1007.0,1007.0,1007.0,1007.0,1007.0,1007.0,1007.0,1007.0,1007.0,1007.0,1007.0,1007.0,1007.0,1007.0,1007.0,1007.0,7.0,0.7,234.7094,239.769,244.3894,248.6683,252.6624,256.3944,259.8663,263.0747,266.0216,268.7197,271.1901,273.4553,275.5314,277.4224,279.1205,280.614,281.9005,283.0026,283.9809,284.9405,417.35959783558144,415.6630540610365,3741.3705,407.9210000000003,944.0735000000004,-56.60559999999998
1008,1008,1008.0,1008.0,1008.0,1008.0,1008.0,1008.0,1008.0,1008.0,1008.0,1008.0,1008.0,1008.0,1008.0,1008.0,1008.0,1008.0,1008.0,1008.0,1008.0,1008.0,1008.0,1008.0,1008.0,1008.0,1008.0,1008.0,1008.0,8.0,0.8,384.1466,356.2233,333.0331,314.2831,299.7116,288.9718,281.6101,277.1081,274.9543,274.7198,276.1163,279.0279,283.5148,289.7907,298.1818,309.0745,322.8685,339.9532,360.7303,385.7041,422.0779840430528,180.0100538412044,4149.2915,216.5909000000001,536.1525000000001,-24.028200000000027
1009,1009,1009.0,1009.0,1009.0,1009.0,1009.0,1009.0,1009.0,1009.0,1009.0,1009.0,1009.0,1009.0,1009.0,1009.0,1009.0,1009.0,1009.0,1009.0,1009.0,1009.0,1009.0,1009.0,1009.0,1009.0,1009.0,1009.0,1009.0,9.0,0.9,393.5884,370.2234,350.9044,334.9395,321.8652,311.3453,303.1015,296.8646,292.3366,289.1592,286.8879,284.9742,282.7623,279.5078,274.4264,266.7747,255.9573,241.6428,223.8613,203.0489,196.11922406801023,337.4480217473654,4365.8824,319.5616,319.5616,-1.6546999999999912
1010,1010,1010.0,1010.0,1010.0,1010.0,1010.0,1010.0,1010.0,1010.0,1010.0,1010.0,1010.0,1010.0,1010.0,1010.0,1010.0,1010.0,1010.0,1010.0,1010.0,1010.0,1010.0,1010.0,1010.0,1010.0,1010.0,1010.0,1010.0,0.0,0.0,273.0,273.0,273.0,273.0,273.0,273.0,273.0,273.0,273.0,273.0,273.0,273.0,273.0,273.0,273.0,273.0,273.0,273.0,273.0,273.0,242.4011083892701,433.7441889927908,0.0,404.9822,2898.4949,-40.0
1011,1011,1011.0,1011.0,1011.0,1011.0,1011.0,1011.0,1011.0,1011.0,1011.0,1011.0,1011.0,1011.0,1011.0,1011.0,1011.0,1011.0,1011.0,1011.0,1011.0,1011.0,1011.0,1011.0,1011.0,1011.0,1011.0,1011.0,1011.0,1.0,0.1,248.4004,253.7509,258.3782,262.2516,265.3937,267.8832,269.8509,271.4756,272.9834,274.6519,276.8191,279.8909,284.3425,290.7068,299.5455,311.4111,326.8111,346.2003,370.0301,398.8854,272.1243214268462,215.00298467769147,404.9822,296.93080000000003,2493.5127,-45.11680000000001
1012,1012,1012.0,1012.0,1012.0,1012.0,1012.0,1012.0,1012.0,1012.0,1012.0,1012.0,1012.0,1012.0,1012.0,1012.0,1012.0,1012.0,1012.0,1012.0,1012.0,1012.0,1012.0,1012.0,1012.0,1012.0,1012.0,1012.0,1012.0,2.0,0.2,271.3554,270.7119,270.3199,270.2756,270.6376,271.4274,272.6321,274.2057,276.0647,278.0758,280.0378,281.6624,282.5646,282.2707,280.2539,275.9995,269.0938,259.3213,246.7465,231.7506,460.2653876110252,214.18741502547263,701.913,409.9360999999999,2196.5819,-41.57260000000002
1013,1013,1013.0,1013.0,1013.0,1013.0,1013.0,1013.0,1013.0,1013.0,1013.0,1013.0,1013.0,1013.0,1013.0,1013.0,1013.0,1013.0,1013.0,1013.0,1013.0,1013.0,1013.0,1013.0,1013.0,1013.0,1013.0,1013.0,1013.0,3.0,0.3,418.9455,385.2005,357.5962,335.3107,317.7503,304.3442,294.4619,287.41,282.4698,278.9455,276.2037,273.6967,270.9705,267.6626,263.4953,258.2693,251.8589,244.2081,235.3262,225.281,204.73514442684203,299.292206053231,1111.8491,423.5096000000001,1786.6458000000002,-8.6558
1014,1014,1014.0,1014.0,1014.0,1014.0,1014.0,1014.0,1014.0,1014.0,1014.0,1014.0,1014.0,1014.0,1014.0,1014.0,1014.0,1014.0,1014.0,1014.0,1014.0,1014.0,1014.0,1014.0,1014.0,1014.0,1014.0,1014.0,1014.0,4.0,0.4,224.3481,241.9402,256.7111,268.2033,276.3335,281.3462,283.7178,284.0462,282.9529,281.0147,278.7307,276.5184,274.7271,273.6548,273.5568,274.6402,277.0446,280.819,285.9057,292.1429,441.7406031680912,214.8261850293743,1535.3587,399.4682,1363.1362,-31.65379999999999
1015,1015,1015.0,1015.0,1015.0,1015.0,1015.0,1015.0,1015.0,1015.0,1015.0,1015.0,1015.0,1015.0,1015.0,1015.0,1015.0,1015.0,1015.0,1015.0,1015.0,1015.0,1015.0,1015.0,1015.0,1015.0,1015.0,1015.0,1015.0,5.0,0.5,404.6989,374.2008,349.2147,329.1253,313.4277,301.5768,292.9458,286.8532,282.6179,279.6085,277.2719,275.1356,272.7938,269.8886,266.0993,261.1463,254.8111,246.9643,237.5916,226.8046,241.96065472164705,469.6336324624148,1934.8269,341.3892000000001,963.668,-11.423200000000008
1016,1016,1016.0,1016.0,1016.0,1016.0,1016.0,1016.0,1016.0,1016.0,1016.0,1016.0,1016.0,1016.0,1016.0,1016.0,1016.0,1016.0,1016.0,1016.0,1016.0,1016.0,1016.0,1016.0,1016.0,1016.0,1016.0,1016.0,1016.0,6.0,0.6,253.7904,264.3535,273.0882,279.6683,284.0346,286.3725,287.0563,286.583,285.5164,284.4554,284.0268,284.8956,287.7745,293.4199,302.601,316.0494,334.4103,358.2364,388.0761,424.7143,391.0601412238205,210.33815765902628,2276.2161,168.4594999999999,622.2788,-26.6275
1017,1017,1017.0,1017.0,1017.0,1017.0,1017.0,1017.0,1017.0,1017.0,1017.0,1017.0,1017.0,1017.0,1017.0,1017.0,1017.0,1017.0,1017.0,1017.0,1017.0,1017.0,1017.0,1017.0,1017.0,1017.0,1017.0,1017.0,1017.0,7.0,0.7,367.0413,346.9638,330.4336,317.1878,306.9713,299.4782,294.342,291.1535,289.4826,288.8896,288.9186,289.0771,288.8159,287.5245,284.5562,279.2893,271.2204,260.0714,245.8831,229.0596,306.71880084628344,456.29475284208144,2444.6756,213.4452000000001,453.8193000000001,-13.521799999999985
1018,1018,1018.0,1018.0,1018.0,1018.0,1018.0,1018.0,1018.0,1018.0,1018.0,1018.0,1018.0,1018.0,1018.0,1018.0,1018.0,1018.0,1018.0,1018.0,1018.0,1018.0,1018.0,1018.0,1018.0,1018.0,1018.0,1018.0,1018.0,8.0,0.8,304.6304,303.0301,301.6093,300.1542,298.558,296.8154,295.0052,293.2712,291.8098,290.8712,290.772,291.9147,294.8,300.022,308.2375,320.1145,336.2788,357.2942,383.7197,416.2929,303.0230160554901,290.5773130174466,2658.1208,95.33419999999978,240.3741,-16.18459999999999
1019,1019,1019.0,1019.0,1019.0,1019.0,1019.0,1019.0,1019.0,1019.0,1019.0,1019.0,1019.0,1019.0,1019.0,1019.0,1019.0,1019.0,1019.0,1019.0,1019.0,1019.0,1019.0,1019.0,1019.0,1019.0,1019.0,1019.0,1019.0,9.0,0.9,300.1804,297.9412,296.185,294.8253,293.8111,293.1259,292.781,292.8044,293.2241,294.0472,295.2381,296.6999,298.2639,299.6957,300.7201,301.0664,300.528,299.0244,296.6483,293.6828,328.8022867629843,322.1941850248609,2753.455,145.03990000000022,145.03990000000022,-19.8741
1020,1020,1020.0,1020.0,1020.0,1020.0,1020.0,1020.0,1020.0,1020.0,1020.0,1020.0,1020.0,1020.0,1020.0,1020.0,1020.0,1020.0,1020.0,1020.0,1020.0,1020.0,1020.0,1020.0,1020.0,1020.0,1020.0,1020.0,1020.0,0.0,0.0,273.0,273.0,273.0,273.0,273.0,273.0,273.0,273.0,273.0,273.0,273.0,273.0,273.0,273.0,273.0,273.0,273.0,273.0,273.0,273.0,377.0836802423835,250.72058878222515,0.0,429.4627,3150.5977000000003,-40.0
1021,1021,1021.0,1021.0,1021.0,1021.0,1021.0,1021.0,1021.0,1021.0,1021.0,1021.0,1021.0,1021.0,1021.0,1021.0,1021.0,1021.0,1021.0,1021.0,1021.0,1021.0,1021.0,1021.0,1021.0,1021.0,1021.0,1021.0,1021.0,1.0,0.1,355.2593,336.7281,321.1938,308.4532,298.2979,290.4653,284.6323,280.4346,277.4976,275.4649,274.0182,272.8846,271.8356,270.6815,269.2662,267.4649,265.1852,262.3708,259.004,255.1043,391.7023198379672,328.1002861967037,429.4627,366.4277,2721.135,-22.534699999999987
1022,1022,1022.0,1022.0,1022.0,1022.0,1022.0,1022.0,1022.0,1022.0,1022.0,1022.0,1022.0,1022.0,1022.0,1022.0,1022.0,1022.0,1022.0,1022.0,1022.0,1022.0,1022.0,1022.0,1022.0,1022.0,1022.0,1022.0,1022.0,2.0,0.2,369.7616,351.4784,336.1566,323.3153,312.601,303.7345,296.4821,290.6432,286.0506,282.5776,280.1483,278.7463,278.4177,279.2657,281.4322,285.0713,290.3159,297.2488,305.8874,316.1919,259.91339295845046,274.0260590313548,795.8904,259.16650000000004,2354.7073,-9.265499999999976
1023,1023,1023.0,1023.0,1023.0,1023.0,1023.0,1023.0,1023.0,1023.0,1023.0,1023.0,1023.0,1023.0,1023.0,1023.0,1023.0,1023.0,1023.0,1023.0,1023.0,1023.0,1023.0,1023.0,1023.0,1023.0,1023.0,1023.0,1023.0,3.0,0.3,267.6706,274.6545,280.4511,284.8103,287.6708,289.1452,289.4765,288.979,287.979,286.7655,285.5565,284.4818,283.5822,282.821,282.1059,281.319,280.3483,279.1183,277.6121,275.8789,173.40103853116648,392.2813158749576,1055.0569,304.29679999999985,2095.5408,-23.85480000000001
1024,1024,1024.0,1024.0,1024.0,1024.0,1024.0,1024.0,1024.0,1024.0,1024.0,1024.0,1024.0,1024.0,1024.0,1024.0,1024.0,1024.0,1024.0,1024.0,1024.0,1024.0,1024.0,1024.0,1024.0,1024.0,1024.0,1024.0,1024.0,4.0,0.4,194.0425,212.8649,229.3965,243.3587,254.6885,263.5219,270.1523,274.9793,278.4624,281.0891,283.3576,285.7729,288.8459,293.0899,299.0076,307.0688,317.6862,331.2031,347.9124,368.1217,377.7833639908007,277.92751634757906,1359.3537,278.07140000000004,1791.244,-49.47809999999998
1025,1025,1025.0,1025.0,1025.0,1025.0,1025.0,1025.0,1025.0,1025.0,1025.0,1025.0,1025.0,1025.0,1025.0,1025.0,1025.0,1025.0,1025.0,1025.0,1025.0,1025.0,1025.0,1025.0,1025.0,1025.0,1025.0,1025.0,1025.0,5.0,0.5,353.3979,332.6392,315.4954,301.9752,291.9697,285.1982,281.2239,279.5118,279.5003,280.6576,282.5138,284.6663,286.7688,288.5172,289.6453,289.9349,289.242,287.5295,284.8938,281.5732,287.6100423696573,263.5456815487989,1637.4251,256.4540000000002,1513.1726,-27.80180000000001
1026,1026,1026.0,1026.0,1026.0,1026.0,1026.0,1026.0,1026.0,1026.0,1026.0,1026.0,1026.0,1026.0,1026.0,1026.0,1026.0,1026.0,1026.0,1026.0,1026.0,1026.0,1026.0,1026.0,1026.0,1026.0,1026.0,1026.0,1026.0,6.0,0.6,287.8678,288.1948,288.3756,288.2792,287.8687,287.1892,286.3386,285.4313,284.5644,283.7923,283.116,282.4837,281.8018,280.9522,279.8118,278.2727,276.2587,273.7376,270.7276,267.2954,284.4382312680101,371.4649474183909,1893.8791,284.72469999999976,1256.7185999999997,-25.81079999999997
1027,1027,1027.0,1027.0,1027.0,1027.0,1027.0,1027.0,1027.0,1027.0,1027.0,1027.0,1027.0,1027.0,1027.0,1027.0,1027.0,1027.0,1027.0,1027.0,1027.0,1027.0,1027.0,1027.0,1027.0,1027.0,1027.0,1027.0,1027.0,7.0,0.7,283.9724,283.6783,283.4796,283.3164,283.1487,282.9589,282.7549,282.5735,282.4856,282.604,283.0921,284.1701,286.1164,289.2592,293.9554,300.5596,309.3898,320.7024,334.6928,351.5343,266.54611132587127,268.3201053058471,2178.6038,231.65480000000025,971.9939,-30.04109999999997
1028,1028,1028.0,1028.0,1028.0,1028.0,1028.0,1028.0,1028.0,1028.0,1028.0,1028.0,1028.0,1028.0,1028.0,1028.0,1028.0,1028.0,1028.0,1028.0,1028.0,1028.0,1028.0,1028.0,1028.0,1028.0,1028.0,1028.0,1028.0,8.0,0.8,269.2211,271.6933,273.9077,275.8369,277.4864,278.8935,280.1186,281.2321,282.2976,283.3542,284.3999,285.3791,286.1778,286.6294,286.5339,285.6918,283.9456,281.2239,277.5745,273.1759,337.183090023006,220.10729000075327,2410.2586,319.4463999999998,740.3390999999997,-34.10649999999998
1029,1029,1029.0,1029.0,1029.0,1029.0,1029.0,1029.0,1029.0,1029.0,1029.0,1029.0,1029.0,1029.0,1029.0,1029.0,1029.0,1029.0,1029.0,1029.0,1029.0,1029.0,1029.0,1029.0,1029.0,1029.0,1029.0,1029.0,1029.0,9.0,0.9,324.6578,313.9556,305.0281,297.8193,292.2241,288.0718,285.1313,283.1283,281.7663,280.7436,279.7635,278.537,276.7835,274.233,270.6344,265.7715,259.4857,251.7007,242.4404,231.835,344.8422230963125,210.1673617841385,2729.705,420.8926999999999,420.8926999999999,-24.928200000000004
1030,1030,1030.0,1030.0,1030.0,1030.0,1030.0,1030.0,1030.0,1030.0,1030.0,1030.0,1030.0,1030.0,1030.0,1030.0,1030.0,1030.0,1030.0,1030.0,1030.0,1030.0,1030.0,1030.0,1030.0,1030.0,1030.0,1030.0,1030.0,0.0,0.0,273.0,273.0,273.0,273.0,273.0,273.0,273.0,273.0,273.0,273.0,273.0,273.0,273.0,273.0,273.0,273.0,273.0,273.0,273.0,273.0,213.3841072780814,325.1879083191675,0.0,454.7422,3281.3736,6.228499999999997
1031,1031,1031.0,1031.0,1031.0,1031.0,1031.0,1031.0,1031.0,1031.0,1031.0,1031.0,1031.0,1031.0,1031.0,1031.0,1031.0,1031.0,1031.0,1031.0,1031.0,1031.0,1031.0,1031.0,1031.0,1031.0,1031.0,1031.0,1031.0,1.0,0.1,224.9281,235.3032,244.3122,251.8526,257.929,262.6463,266.1869,268.7829,270.6895,272.1664,273.4686,274.8446,276.5375,278.7854,281.8164,285.838,291.0224,297.494,305.3255,314.5494,235.2114644315864,326.4140000466534,454.7422,447.9685,2826.6314,6.228499999999997
1032,1032,1032.0,1032.0,1032.0,1032.0,1032.0,1032.0,1032.0,1032.0,1032.0,1032.0,1032.0,1032.0,1032.0,1032.0,1032.0,1032.0,1032.0,1032.0,1032.0,1032.0,1032.0,1032.0,1032.0,1032.0,1032.0,1032.0,1032.0,2.0,0.2,240.4044,245.0588,249.2751,253.1329,256.6903,259.989,263.0632,265.9498,268.6975,271.3714,274.0553,276.8489,279.8641,283.2188,287.0332,291.4261,296.515,302.4189,309.2655,317.2025,424.5706276358644,377.5807557358808,902.7107,332.9363,2378.6629,6.228499999999997
1033,1033,1033.0,1033.0,1033.0,1033.0,1033.0,1033.0,1033.0,1033.0,1033.0,1033.0,1033.0,1033.0,1033.0,1033.0,1033.0,1033.0,1033.0,1033.0,1033.0,1033.0,1033.0,1033.0,1033.0,1033.0,1033.0,1033.0,1033.0,3.0,0.3,390.1757,361.4259,337.6427,318.4614,303.579,292.6263,285.1354,280.5722,278.3988,278.1387,279.4251,282.0262,285.8472,290.9145,297.3489,305.3359,315.0991,326.8862,340.9761,357.7135,461.4626035935843,233.91852875497,1235.647,209.4199000000001,2045.7266,6.228499999999997
1034,1034,1034.0,1034.0,1034.0,1034.0,1034.0,1034.0,1034.0,1034.0,1034.0,1034.0,1034.0,1034.0,1034.0,1034.0,1034.0,1034.0,1034.0,1034.0,1034.0,1034.0,1034.0,1034.0,1034.0,1034.0,1034.0,1034.0,1034.0,4.0,0.4,423.7351,393.4113,368.7185,348.5667,332.2419,319.2285,309.1053,301.4863,295.9863,292.2011,289.6944,287.9907,286.5753,284.9068,282.446,278.7018,273.2901,265.9951,256.8154,245.9799,273.388578481124,283.4935506765423,1445.0669,266.11829999999986,1836.3067,6.228499999999997
1035,1035,1035.0,1035.0,1035.0,1035.0,1035.0,1035.0,1035.0,1035.0,1035.0,1035.0,1035.0,1035.0,1035.0,1035.0,1035.0,1035.0,1035.0,1035.0,1035.0,1035.0,1035.0,1035.0,1035.0,1035.0,1035.0,1035.0,1035.0,5.0,0.5,281.0325,287.9888,293.6909,297.7814,300.1401,300.8628,300.2039,298.5049,296.1259,293.3948,290.5801,287.8854,285.4588,283.4092,281.8198,280.7542,280.2537,280.3282,280.9477,282.039,226.21673696674003,265.17142522614563,1711.1852,272.26210000000015,1570.1884,6.228499999999997
1036,1036,1036.0,1036.0,1036.0,1036.0,1036.0,1036.0,1036.0,1036.0,1036.0,1036.0,1036.0,1036.0,1036.0,1036.0,1036.0,1036.0,1036.0,1036.0,1036.0,1036.0,1036.0,1036.0,1036.0,1036.0,1036.0,1036.0,1036.0,6.0,0.6,238.4015,249.4645,259.1208,267.1904,273.612,278.4367,281.8048,283.9141,284.9883,285.2481,284.8901,284.0738,282.9156,281.4893,279.8319,277.9536,275.8497,273.5129,270.9434,268.1541,237.04393333253108,423.8526824459665,1983.4473,330.9905000000001,1297.9263,6.228499999999997
1037,1037,1037.0,1037.0,1037.0,1037.0,1037.0,1037.0,1037.0,1037.0,1037.0,1037.0,1037.0,1037.0,1037.0,1037.0,1037.0,1037.0,1037.0,1037.0,1037.0,1037.0,1037.0,1037.0,1037.0,1037.0,1037.0,1037.0,1037.0,7.0,0.7,243.9016,250.1283,255.7216,260.6817,265.0162,268.7474,271.9228,274.6289,277.0058,279.2634,281.6951,284.6859,288.7105,294.3156,302.0861,312.6004,326.3879,343.9117,365.6032,391.977,189.65276611597696,467.25916976129537,2314.4378,270.3892999999998,966.9357999999996,6.228499999999997
1038,1038,1038.0,1038.0,1038.0,1038.0,1038.0,1038.0,1038.0,1038.0,1038.0,1038.0,1038.0,1038.0,1038.0,1038.0,1038.0,1038.0,1038.0,1038.0,1038.0,1038.0,1038.0,1038.0,1038.0,1038.0,1038.0,1038.0,1038.0,8.0,0.8,204.6948,218.3931,230.5853,241.2084,250.3121,258.0548,264.6852,270.5185,275.9138,281.2559,286.945,293.3914,301.0149,310.2462,321.5312,335.3427,352.2061,372.7547,397.8329,428.6802,188.60291274156907,222.33811536225755,2584.8271,316.1487000000002,696.5464999999999,6.228499999999997
1039,1039,1039.0,1039.0,1039.0,1039.0,1039.0,1039.0,1039.0,1039.0,1039.0,1039.0,1039.0,1039.0,1039.0,1039.0,1039.0,1039.0,1039.0,1039.0,1039.0,1039.0,1039.0,1039.0,1039.0,1039.0,1039.0,1039.0,1039.0,9.0,0.9,201.8865,214.0593,225.1532,235.2241,244.3514,252.6324,260.1706,267.0574,273.3484,279.0355,284.018,288.0807,290.885,291.9831,290.8614,287.0157,280.0509,269.7905,256.3696,240.2791,442.8334296752227,339.85307943553494,2900.9758,380.3977999999997,380.3977999999997,6.228499999999997
1040,1040,1040.0,1040.0,1040.0,1040.0,1040.0,1040.0,1040.0,1040.0,1040.0,1040.0,1040.0,1040.0,1040.0,1040.0,1040.0,1040.0,1040.0,1040.0,1040.0,1040.0,1040.0,1040.0,1040.0,1040.0,1040.0,1040.0,1040.0,0.0,0.0,273.0,273.0,273.0,273.0,273.0,273.0,273.0,273.0,273.0,273.0,273.0,273.0,273.0,273.0,273.0,273.0,273.0,273.0,273.0,273.0,407.0373701956132,296.96827997113417,0.0,403.4342,2326.9273,-40.0
1041,1041,1041.0,1041.0,1041.0,1041.0,1041.0,1041.0,1041.0,1041.0,1041.0,1041.0,1041.0,1041.0,1041.0,1041.0,1041.0,1041.0,1041.0,1041.0,1041.0,1041.0,1041.0,1041.0,1041.0,1041.0,1041.0,1041.0,1041.0,1.0,0.1,378.438,354.4716,334.5383,318.2623,305.3233,295.3694,287.9947,282.7579,279.2218,276.9935,275.7534,275.27,275.3992,276.0724,277.2773,279.0361,281.3833,284.3478,287.941,292.1547,386.6276648391935,388.5281783198403,403.4342,271.2411,1923.4931,-17.630600000000015
1042,1042,1042.0,1042.0,1042.0,1042.0,1042.0,1042.0,1042.0,1042.0,1042.0,1042.0,1042.0,1042.0,1042.0,1042.0,1042.0,1042.0,1042.0,1042.0,1042.0,1042.0,1042.0,1042.0,1042.0,1042.0,1042.0,1042.0,1042.0,2.0,0.2,366.7477,350.2364,336.3885,324.7157,314.8814,306.6563,299.8885,294.4834,290.3943,287.6196,286.2074,286.2601,287.9376,291.4513,297.0491,304.9924,315.5324,328.8984,345.3124,365.0458,260.2794576149464,283.2342040592264,674.6753,150.59969999999998,1652.2519999999995,-6.3437000000000126
1043,1043,1043.0,1043.0,1043.0,1043.0,1043.0,1043.0,1043.0,1043.0,1043.0,1043.0,1043.0,1043.0,1043.0,1043.0,1043.0,1043.0,1043.0,1043.0,1043.0,1043.0,1043.0,1043.0,1043.0,1043.0,1043.0,1043.0,1043.0,3.0,0.3,268.2874,275.5474,281.6639,286.404,289.7221,291.7446,292.7263,292.9897,292.8631,292.6271,292.4755,292.4947,292.6606,292.854,292.8918,292.5723,291.7268,290.2703,288.238,285.798,209.87470150105247,263.6293272483981,825.275,243.36860000000013,1501.6522999999995,-21.25540000000001
1044,1044,1044.0,1044.0,1044.0,1044.0,1044.0,1044.0,1044.0,1044.0,1044.0,1044.0,1044.0,1044.0,1044.0,1044.0,1044.0,1044.0,1044.0,1044.0,1044.0,1044.0,1044.0,1044.0,1044.0,1044.0,1044.0,1044.0,1044.0,4.0,0.4,224.0948,237.0325,248.4245,258.116,266.0725,272.3694,277.1646,280.6633,283.0824,284.6209,285.4397,285.6512,285.3187,284.4632,283.0762,281.1372,278.6316,275.5672,271.9863,267.9691,220.6514129880064,265.07491330758575,1068.6436,406.4334999999999,1258.2836999999995,-40.630600000000015
1045,1045,1045.0,1045.0,1045.0,1045.0,1045.0,1045.0,1045.0,1045.0,1045.0,1045.0,1045.0,1045.0,1045.0,1045.0,1045.0,1045.0,1045.0,1045.0,1045.0,1045.0,1045.0,1045.0,1045.0,1045.0,1045.0,1045.0,1045.0,5.0,0.5,229.7079,237.936,245.343,251.9365,257.7244,262.7171,266.9292,270.382,273.1049,275.1351,276.5158,277.2948,277.5215,277.2456,276.5152,275.377,273.8754,272.0535,269.9528,267.6136,356.7394429781448,385.710493593838,1475.0771,408.1529000000001,851.8501999999999,-50.282899999999984
1046,1046,1046.0,1046.0,1046.0,1046.0,1046.0,1046.0,1046.0,1046.0,1046.0,1046.0,1046.0,1046.0,1046.0,1046.0,1046.0,1046.0,1046.0,1046.0,1046.0,1046.0,1046.0,1046.0,1046.0,1046.0,1046.0,1046.0,1046.0,6.0,0.6,337.5349,321.0113,307.1902,296.0833,287.6064,281.5506,277.6019,275.3944,274.5766,274.8728,276.1295,278.3382,281.6369,286.2877,292.6378,301.0675,311.94,325.5672,342.2101,362.1313,286.2904229859273,414.9420421717101,1883.23,197.3784999999998,443.6972999999998,-31.449400000000026
1047,1047,1047.0,1047.0,1047.0,1047.0,1047.0,1047.0,1047.0,1047.0,1047.0,1047.0,1047.0,1047.0,1047.0,1047.0,1047.0,1047.0,1047.0,1047.0,1047.0,1047.0,1047.0,1047.0,1047.0,1047.0,1047.0,1047.0,1047.0,7.0,0.7,286.0453,285.896,285.6809,285.3152,284.8037,284.2362,283.7696,283.6037,283.9582,285.0562,287.1165,290.3532,294.9798,301.2158,309.2926,319.4615,332.0064,347.2695,365.6992,387.9339,336.9077644751168,458.1841835749328,2080.6085,109.23500000000011,246.3188,-28.763800000000003
1048,1048,1048.0,1048.0,1048.0,1048.0,1048.0,1048.0,1048.0,1048.0,1048.0,1048.0,1048.0,1048.0,1048.0,1048.0,1048.0,1048.0,1048.0,1048.0,1048.0,1048.0,1048.0,1048.0,1048.0,1048.0,1048.0,1048.0,1048.0,8.0,0.8,325.4078,315.6734,307.6211,301.1904,296.3154,292.9155,290.9022,290.1946,290.7392,292.5272,295.6067,300.0891,306.1503,314.0282,324.0215,336.4933,351.8876,370.7717,393.9199,422.4672,274.86325470864574,343.7129832786462,2189.8435,48.36650000000009,137.08379999999988,-20.08449999999999
1049,1049,1049.0,1049.0,1049.0,1049.0,1049.0,1049.0,1049.0,1049.0,1049.0,1049.0,1049.0,1049.0,1049.0,1049.0,1049.0,1049.0,1049.0,1049.0,1049.0,1049.0,1049.0,1049.0,1049.0,1049.0,1049.0,1049.0,1049.0,9.0,0.9,278.0378,281.0611,283.7863,286.1412,288.14,289.8762,291.5006,293.1889,295.1088,297.3907,300.1068,303.2616,306.7954,310.6011,314.5561,318.5652,322.6097,326.7954,331.3872,336.8244,317.581911659802,329.8252274714311,2238.21,88.7172999999998,88.7172999999998,-23.123800000000017
1050,1050,1050.0,1050.0,1050.0,1050.0,1050.0,1050.0,1050.0,1050.0,1050.0,1050.0,1050.0,1050.0,1050.0,1050.0,1050.0,1050.0,1050.0,1050.0,1050.0,1050.0,1050.0,1050.0,1050.0,1050.0,1050.0,1050.0,1050.0,0.0,0.0,273.0,273.0,273.0,273.0,273.0,273.0,273.0,273.0,273.0,273.0,273.0,273.0,273.0,273.0,273.0,273.0,273.0,273.0,273.0,273.0,268.03351970643337,197.10565311832545,0.0,492.688,2927.6758,-40.0
1051,1051,1051.0,1051.0,1051.0,1051.0,1051.0,1051.0,1051.0,1051.0,1051.0,1051.0,1051.0,1051.0,1051.0,1051.0,1051.0,1051.0,1051.0,1051.0,1051.0,1051.0,1051.0,1051.0,1051.0,1051.0,1051.0,1051.0,1051.0,1.0,0.1,269.0163,269.8842,270.6267,271.2366,271.7107,272.0464,272.237,272.2642,272.0882,271.6381,270.8011,269.4165,267.274,264.1216,259.6861,253.705,245.9673,236.3568,224.8855,211.7079,279.49730171123736,218.8444088388044,492.688,625.4010999999999,2434.9878,-40.9536
1052,1052,1052.0,1052.0,1052.0,1052.0,1052.0,1052.0,1052.0,1052.0,1052.0,1052.0,1052.0,1052.0,1052.0,1052.0,1052.0,1052.0,1052.0,1052.0,1052.0,1052.0,1052.0,1052.0,1052.0,1052.0,1052.0,1052.0,1052.0,2.0,0.2,277.9396,276.5364,275.2919,274.1956,273.2169,272.3045,271.3885,270.3864,269.2083,267.7648,265.9723,263.7585,261.0666,257.8556,254.0996,249.7817,244.8871,239.3933,233.2624,226.4377,278.1485154227662,460.7396107925292,1118.0891,555.5197000000001,1809.5867,-40.69549999999998
1053,1053,1053.0,1053.0,1053.0,1053.0,1053.0,1053.0,1053.0,1053.0,1053.0,1053.0,1053.0,1053.0,1053.0,1053.0,1053.0,1053.0,1053.0,1053.0,1053.0,1053.0,1053.0,1053.0,1053.0,1053.0,1053.0,1053.0,1053.0,3.0,0.3,277.01,275.9516,274.9445,273.9657,273.0024,272.0576,271.162,270.3895,269.8791,269.86,270.6762,272.8022,276.8421,283.5024,293.5362,307.6701,326.5376,350.6587,380.5166,416.7813,235.51757210492715,440.8511145388085,1673.6088,262.1245000000001,1254.067,-40.94240000000002
1054,1054,1054.0,1054.0,1054.0,1054.0,1054.0,1054.0,1054.0,1054.0,1054.0,1054.0,1054.0,1054.0,1054.0,1054.0,1054.0,1054.0,1054.0,1054.0,1054.0,1054.0,1054.0,1054.0,1054.0,1054.0,1054.0,1054.0,1054.0,4.0,0.4,242.883,249.4747,255.2077,260.067,264.1219,267.5267,270.5078,273.344,276.3456,279.8337,284.1252,289.5218,296.3061,304.7436,315.0951,327.6384,342.7061,360.7417,382.3831,408.5902,379.0862568020377,459.10306221362725,1935.7333,150.67409999999995,991.9425,-45.4733
1055,1055,1055.0,1055.0,1055.0,1055.0,1055.0,1055.0,1055.0,1055.0,1055.0,1055.0,1055.0,1055.0,1055.0,1055.0,1055.0,1055.0,1055.0,1055.0,1055.0,1055.0,1055.0,1055.0,1055.0,1055.0,1055.0,1055.0,1055.0,5.0,0.5,355.9742,336.4067,320.2362,307.3926,297.7681,291.1667,287.3066,285.8584,286.497,288.9489,293.0264,298.6435,305.819,314.6717,325.4167,338.3678,353.9554,372.77,395.6434,423.7964,283.3628110295664,447.9668816025236,2086.4074,45.38329999999996,841.2683999999999,-21.83330000000001
1056,1056,1056.0,1056.0,1056.0,1056.0,1056.0,1056.0,1056.0,1056.0,1056.0,1056.0,1056.0,1056.0,1056.0,1056.0,1056.0,1056.0,1056.0,1056.0,1056.0,1056.0,1056.0,1056.0,1056.0,1056.0,1056.0,1056.0,1056.0,6.0,0.6,285.3362,287.2816,288.9989,290.3898,291.474,292.3803,293.3187,294.5426,296.3134,298.8739,302.4353,307.1784,313.2661,320.8647,330.1721,341.4512,355.0721,371.5657,391.701,416.6049,179.19027422868123,241.5449372710804,2131.7907,84.6217999999999,795.8851,-20.619700000000023
1057,1057,1057.0,1057.0,1057.0,1057.0,1057.0,1057.0,1057.0,1057.0,1057.0,1057.0,1057.0,1057.0,1057.0,1057.0,1057.0,1057.0,1057.0,1057.0,1057.0,1057.0,1057.0,1057.0,1057.0,1057.0,1057.0,1057.0,1057.0,7.0,0.7,199.9429,218.9396,235.7468,250.1337,262.09,271.7988,279.5758,285.7934,290.8042,294.876,298.1441,300.5853,302.0158,302.115,300.4763,296.684,290.4064,281.4945,270.0608,256.5162,187.2064451037849,421.8368194744306,2216.4125,289.82090000000017,711.2633000000001,-41.20119999999997
1058,1058,1058.0,1058.0,1058.0,1058.0,1058.0,1058.0,1058.0,1058.0,1058.0,1058.0,1058.0,1058.0,1058.0,1058.0,1058.0,1058.0,1058.0,1058.0,1058.0,1058.0,1058.0,1058.0,1058.0,1058.0,1058.0,1058.0,1058.0,8.0,0.8,202.0821,215.7538,228.1723,239.314,249.1823,257.8107,265.2664,271.6565,277.1377,281.9284,286.3235,290.7063,295.5525,301.4215,308.9288,318.7049,331.3516,347.4173,367.4193,391.9416,362.9927824908719,310.34554978064864,2506.2334,245.0762999999997,421.4423999999999,-55.1893
1059,1059,1059.0,1059.0,1059.0,1059.0,1059.0,1059.0,1059.0,1059.0,1059.0,1059.0,1059.0,1059.0,1059.0,1059.0,1059.0,1059.0,1059.0,1059.0,1059.0,1059.0,1059.0,1059.0,1059.0,1059.0,1059.0,1059.0,1059.0,9.0,0.9,341.5883,323.2542,308.1205,296.2923,287.7375,282.2456,279.4462,278.866,279.9968,282.3516,285.4982,289.0695,292.7579,296.3068,299.5082,302.2145,304.3612,305.9961,307.3019,308.6025,246.1801340582287,407.4514992306375,2751.3097,176.3661000000002,176.3661000000002,-30.754399999999976
1060,1060,1060.0,1060.0,1060.0,1060.0,1060.0,1060.0,1060.0,1060.0,1060.0,1060.0,1060.0,1060.0,1060.0,1060.0,1060.0,1060.0,1060.0,1060.0,1060.0,1060.0,1060.0,1060.0,1060.0,1060.0,1060.0,1060.0,1060.0,0.0,0.0,273.0,273.0,273.0,273.0,273.0,273.0,273.0,273.0,273.0,273.0,273.0,273.0,273.0,273.0,273.0,273.0,273.0,273.0,273.0,273.0,182.5098220374424,297.0438221428836,0.0,486.6143,3375.5706,-40.0
1061,1061,1061.0,1061.0,1061.0,1061.0,1061.0,1061.0,1061.0,1061.0,1061.0,1061.0,1061.0,1061.0,1061.0,1061.0,1061.0,1061.0,1061.0,1061.0,1061.0,1061.0,1061.0,1061.0,1061.0,1061.0,1061.0,1061.0,1061.0,1.0,0.1,199.8272,215.5109,229.1975,240.6837,249.9449,257.1181,262.4606,266.2997,268.9846,270.8507,272.1986,273.287,274.3343,275.5242,277.0106,278.9191,281.346,284.3546,287.9755,292.2104,312.2078376258696,213.1288527111512,486.6143,549.1719,2888.9563,-55.88189999999997
1062,1062,1062.0,1062.0,1062.0,1062.0,1062.0,1062.0,1062.0,1062.0,1062.0,1062.0,1062.0,1062.0,1062.0,1062.0,1062.0,1062.0,1062.0,1062.0,1062.0,1062.0,1062.0,1062.0,1062.0,1062.0,1062.0,1062.0,1062.0,2.0,0.2,301.0234,291.1816,282.9667,276.5554,271.9696,269.0718,267.5936,267.185,267.4638,268.0531,268.5995,268.7755,268.2715,266.7899,264.0481,259.7952,253.8419,246.0962,236.5929,225.5052,265.2108474305435,243.64219327918352,1035.7862,580.105,2339.7844,-43.9282
1063,1063,1063.0,1063.0,1063.0,1063.0,1063.0,1063.0,1063.0,1063.0,1063.0,1063.0,1063.0,1063.0,1063.0,1063.0,1063.0,1063.0,1063.0,1063.0,1063.0,1063.0,1063.0,1063.0,1063.0,1063.0,1063.0,1063.0,1063.0,3.0,0.3,266.9846,268.4953,269.6598,270.4322,270.8085,270.8201,270.5189,269.9597,269.1862,268.2226,267.0738,265.7316,264.184,262.4228,260.4481,258.2652,255.8769,253.2719,250.414,247.2361,313.35176232547286,435.9702641203287,1615.8912,499.0191,1759.6794,-42.179899999999975
1064,1064,1064.0,1064.0,1064.0,1064.0,1064.0,1064.0,1064.0,1064.0,1064.0,1064.0,1064.0,1064.0,1064.0,1064.0,1064.0,1064.0,1064.0,1064.0,1064.0,1064.0,1064.0,1064.0,1064.0,1064.0,1064.0,1064.0,1064.0,4.0,0.4,304.7126,297.1366,290.6337,285.1972,280.786,277.3255,274.7255,272.91,271.8533,271.6149,272.3687,274.4198,278.2016,284.2516,293.1632,305.5228,321.8523,342.5855,368.1142,398.9406,185.1345511837657,471.4260362747492,2114.9103,256.4992000000002,1260.6603,-35.67450000000002
1065,1065,1065.0,1065.0,1065.0,1065.0,1065.0,1065.0,1065.0,1065.0,1065.0,1065.0,1065.0,1065.0,1065.0,1065.0,1065.0,1065.0,1065.0,1065.0,1065.0,1065.0,1065.0,1065.0,1065.0,1065.0,1065.0,1065.0,1065.0,5.0,0.5,203.2583,219.6578,233.8964,245.7549,255.2584,262.6573,268.3757,272.9461,276.9481,280.9609,285.5345,291.1779,298.3597,307.5173,319.0716,333.4507,351.1288,372.6944,398.9669,431.1984,256.1581584687583,431.2868219978639,2371.4095,221.9876,1004.1610999999998,-50.34269999999998
1066,1066,1066.0,1066.0,1066.0,1066.0,1066.0,1066.0,1066.0,1066.0,1066.0,1066.0,1066.0,1066.0,1066.0,1066.0,1066.0,1066.0,1066.0,1066.0,1066.0,1066.0,1066.0,1066.0,1066.0,1066.0,1066.0,1066.0,1066.0,6.0,0.6,257.0776,258.0006,259.2108,260.9151,263.2337,266.2099,269.8349,274.0796,278.9224,284.3691,290.4615,297.2785,304.9333,313.5745,323.394,334.647,347.6848,363.0013,381.2975,403.5753,196.6679512317088,448.6618435170513,2593.3971,193.44959999999992,782.1734999999999,-46.7901
1067,1067,1067.0,1067.0,1067.0,1067.0,1067.0,1067.0,1067.0,1067.0,1067.0,1067.0,1067.0,1067.0,1067.0,1067.0,1067.0,1067.0,1067.0,1067.0,1067.0,1067.0,1067.0,1067.0,1067.0,1067.0,1067.0,1067.0,1067.0,7.0,0.7,210.7331,223.56,235.0354,245.1396,253.9564,261.6628,268.5054,274.7701,280.7552,286.7535,293.0441,299.8955,307.5757,316.3676,326.5883,338.6123,352.9024,370.0565,390.8816,416.5188,250.00809251239752,336.6774144979339,2786.8467,202.0735,588.7239,-51.3372
1068,1068,1068.0,1068.0,1068.0,1068.0,1068.0,1068.0,1068.0,1068.0,1068.0,1068.0,1068.0,1068.0,1068.0,1068.0,1068.0,1068.0,1068.0,1068.0,1068.0,1068.0,1068.0,1068.0,1068.0,1068.0,1068.0,1068.0,1068.0,8.0,0.8,252.3574,254.5909,256.9811,259.729,262.9523,266.6893,270.9155,275.5647,280.5478,285.7649,291.1094,296.4668,301.7148,306.7295,311.4034,315.675,319.568,323.2305,326.9651,331.2399,204.95872807267085,454.12566367916406,2988.9202,229.19720000000007,386.6504,-46.3107
1069,1069,1069.0,1069.0,1069.0,1069.0,1069.0,1069.0,1069.0,1069.0,1069.0,1069.0,1069.0,1069.0,1069.0,1069.0,1069.0,1069.0,1069.0,1069.0,1069.0,1069.0,1069.0,1069.0,1069.0,1069.0,1069.0,1069.0,1069.0,9.0,0.9,217.3684,228.6711,238.7959,247.7378,255.564,262.4083,268.4558,273.927,279.066,284.1375,289.4323,295.2789,302.0541,310.1891,320.1675,332.518,347.8123,366.6852,389.9033,418.5139,383.65934404163625,427.9080825498903,3218.1174,157.45319999999992,157.45319999999992,-50.5917
1070,1070,1070.0,1070.0,1070.0,1070.0,1070.0,1070.0,1070.0,1070.0,1070.0,1070.0,1070.0,1070.0,1070.0,1070.0,1070.0,1070.0,1070.0,1070.0,1070.0,1070.0,1070.0,1070.0,1070.0,1070.0,1070.0,1070.0,1070.0,0.0,0.0,273.0,273.0,273.0,273.0,273.0,273.0,273.0,273.0,273.0,273.0,273.0,273.0,273.0,273.0,273.0,273.0,273.0,273.0,273.0,273.0,357.93851935981365,421.3943863217686,0.0,367.1407,1714.0896,13.571900000000028
1071,1071,1071.0,1071.0,1071.0,1071.0,1071.0,1071.0,1071.0,1071.0,1071.0,1071.0,1071.0,1071.0,1071.0,1071.0,1071.0,1071.0,1071.0,1071.0,1071.0,1071.0,1071.0,1071.0,1071.0,1071.0,1071.0,1071.0,1071.0,1.0,0.1,340.322,325.2471,312.5571,302.1382,293.8563,287.5313,282.9464,279.8785,278.1403,277.6221,278.3249,280.3784,284.0412,289.6806,297.735,308.6639,322.9034,340.8457,362.8713,389.4582,271.8989243246596,385.1733149043436,367.1407,157.5704,1346.9489,13.571900000000028
1072,1072,1072.0,1072.0,1072.0,1072.0,1072.0,1072.0,1072.0,1072.0,1072.0,1072.0,1072.0,1072.0,1072.0,1072.0,1072.0,1072.0,1072.0,1072.0,1072.0,1072.0,1072.0,1072.0,1072.0,1072.0,1072.0,1072.0,1072.0,2.0,0.2,275.1989,278.2038,280.7014,282.5806,283.8501,284.6326,285.1387,285.6315,286.3893,287.6753,289.7174,292.6985,296.7585,302.0044,308.5281,316.432,325.8589,337.0273,350.2703,366.081,472.7982743560006,463.4670945864032,524.7111,120.26790000000004,1189.3785,13.571900000000028
1073,1073,1073.0,1073.0,1073.0,1073.0,1073.0,1073.0,1073.0,1073.0,1073.0,1073.0,1073.0,1073.0,1073.0,1073.0,1073.0,1073.0,1073.0,1073.0,1073.0,1073.0,1073.0,1073.0,1073.0,1073.0,1073.0,1073.0,1073.0,3.0,0.3,429.6602,394.9142,366.8422,344.4656,327.1189,314.2284,305.2251,299.5427,296.6573,296.1382,297.6884,301.1649,306.5798,314.086,323.9554,336.5594,352.3641,371.9564,396.1236,426.0186,425.5527995869885,206.60903248842007,644.979,106.40839999999992,1069.1106,13.571900000000028
1074,1074,1074.0,1074.0,1074.0,1074.0,1074.0,1074.0,1074.0,1074.0,1074.0,1074.0,1074.0,1074.0,1074.0,1074.0,1074.0,1074.0,1074.0,1074.0,1074.0,1074.0,1074.0,1074.0,1074.0,1074.0,1074.0,1074.0,1074.0,4.0,0.4,399.2686,378.2088,361.1181,347.1576,335.7671,326.5719,319.3098,313.7681,309.7282,306.9167,304.9669,303.3938,301.5885,298.8387,294.3801,287.4803,277.5497,264.2601,247.6463,228.1546,299.9055576292669,406.1310999677852,751.3874,171.20800000000008,962.7022,13.571900000000028
1075,1075,1075.0,1075.0,1075.0,1075.0,1075.0,1075.0,1075.0,1075.0,1075.0,1075.0,1075.0,1075.0,1075.0,1075.0,1075.0,1075.0,1075.0,1075.0,1075.0,1075.0,1075.0,1075.0,1075.0,1075.0,1075.0,1075.0,1075.0,5.0,0.5,302.3906,304.9696,307.1663,308.6499,309.2578,308.9856,307.9569,306.3834,304.5318,302.7054,301.2418,300.5238,300.9906,303.1394,307.5064,314.6269,324.9863,338.9836,356.937,379.1602,268.18923749926296,191.06069574054047,922.5954,114.53529999999988,791.4942,13.571900000000028
1076,1076,1076.0,1076.0,1076.0,1076.0,1076.0,1076.0,1076.0,1076.0,1076.0,1076.0,1076.0,1076.0,1076.0,1076.0,1076.0,1076.0,1076.0,1076.0,1076.0,1076.0,1076.0,1076.0,1076.0,1076.0,1076.0,1076.0,1076.0,6.0,0.6,273.5863,278.648,283.1772,287.0401,290.1768,292.5973,294.3634,295.5597,296.2584,296.4808,296.1606,295.115,293.0307,289.473,283.9255,275.8616,264.8436,250.6323,233.2817,213.1871,285.046783437439,345.14616372063256,1037.1307,252.3743000000001,676.9589000000001,13.571900000000028
1077,1077,1077.0,1077.0,1077.0,1077.0,1077.0,1077.0,1077.0,1077.0,1077.0,1077.0,1077.0,1077.0,1077.0,1077.0,1077.0,1077.0,1077.0,1077.0,1077.0,1077.0,1077.0,1077.0,1077.0,1077.0,1077.0,1077.0,1077.0,7.0,0.7,284.7944,284.7772,284.9528,285.2683,285.6575,286.0452,286.3558,286.5277,286.5308,286.3868,286.1881,286.1142,286.4376,287.5142,289.7551,293.5777,299.347,307.3212,317.6225,330.2504,434.0232420688719,369.4435608122882,1289.505,197.81179999999995,424.5845999999999,13.571900000000028
1078,1078,1078.0,1078.0,1078.0,1078.0,1078.0,1078.0,1078.0,1078.0,1078.0,1078.0,1078.0,1078.0,1078.0,1078.0,1078.0,1078.0,1078.0,1078.0,1078.0,1078.0,1078.0,1078.0,1078.0,1078.0,1078.0,1078.0,1078.0,8.0,0.8,400.6026,373.1932,350.7745,332.7169,318.5412,307.7945,300.0075,294.7067,291.4501,289.8676,289.6894,290.7583,293.0244,296.529,301.3816,307.7366,315.7753,325.6993,337.7391,352.1852,447.86024444582085,451.261505643208,1487.3168,141.92329999999993,226.7728,13.571900000000028
1079,1079,1079.0,1079.0,1079.0,1079.0,1079.0,1079.0,1079.0,1079.0,1079.0,1079.0,1079.0,1079.0,1079.0,1079.0,1079.0,1079.0,1079.0,1079.0,1079.0,1079.0,1079.0,1079.0,1079.0,1079.0,1079.0,1079.0,1079.0,9.0,0.9,414.9548,388.5938,367.2123,349.8047,335.6984,324.4247,315.6446,309.11,304.646,302.1477,301.5835,302.9998,306.5227,312.3555,320.7703,332.0991,346.735,365.1569,388.0002,416.2012,253.9570857641379,199.6514947960933,1629.2401,84.84950000000003,84.84950000000003,13.571900000000028
1080,1080,1080.0,1080.0,1080.0,1080.0,1080.0,1080.0,1080.0,1080.0,1080.0,1080.0,1080.0,1080.0,1080.0,1080.0,1080.0,1080.0,1080.0,1080.0,1080.0,1080.0,1080.0,1080.0,1080.0,1080.0,1080.0,1080.0,1080.0,0.0,0.0,273.0,273.0,273.0,273.0,273.0,273.0,273.0,273.0,273.0,273.0,273.0,273.0,273.0,273.0,273.0,273.0,273.0,273.0,273.0,273.0,212.03097771106744,410.2558991768998,0.0,427.4077,1876.7255,-40.0
1081,1081,1081.0,1081.0,1081.0,1081.0,1081.0,1081.0,1081.0,1081.0,1081.0,1081.0,1081.0,1081.0,1081.0,1081.0,1081.0,1081.0,1081.0,1081.0,1081.0,1081.0,1081.0,1081.0,1081.0,1081.0,1081.0,1081.0,1081.0,1.0,0.1,223.8323,234.444,243.6642,251.3901,257.6328,262.5117,266.2356,269.0793,271.364,273.446,275.7162,278.6028,282.5736,288.1286,295.7788,306.0158,319.2792,335.9453,356.3556,380.9119,322.17876394105554,340.17717098319497,427.4077,297.4818,1449.3178,-50.48829999999998
1082,1082,1082.0,1082.0,1082.0,1082.0,1082.0,1082.0,1082.0,1082.0,1082.0,1082.0,1082.0,1082.0,1082.0,1082.0,1082.0,1082.0,1082.0,1082.0,1082.0,1082.0,1082.0,1082.0,1082.0,1082.0,1082.0,1082.0,1082.0,2.0,0.2,310.157,299.6922,290.9841,284.1676,279.27,276.2037,274.7897,274.797,275.9855,278.1368,281.0708,284.6472,288.7586,293.3237,298.2862,303.6244,309.3698,315.6316,322.6183,330.6528,310.0631349030374,328.9914495615282,724.8895,207.3297,1151.836,-36.79629999999997
1083,1083,1083.0,1083.0,1083.0,1083.0,1083.0,1083.0,1083.0,1083.0,1083.0,1083.0,1083.0,1083.0,1083.0,1083.0,1083.0,1083.0,1083.0,1083.0,1083.0,1083.0,1083.0,1083.0,1083.0,1083.0,1083.0,1083.0,1083.0,3.0,0.3,303.9351,298.6787,294.2339,290.5665,287.6593,285.504,284.0926,283.4106,283.433,284.1227,285.4326,287.3099,289.7032,292.571,295.891,299.6707,303.9576,308.8481,314.4956,321.1156,460.21062065125216,286.1715483121677,932.2192,203.74970000000008,944.5063,-27.49599999999998
1084,1084,1084.0,1084.0,1084.0,1084.0,1084.0,1084.0,1084.0,1084.0,1084.0,1084.0,1084.0,1084.0,1084.0,1084.0,1084.0,1084.0,1084.0,1084.0,1084.0,1084.0,1084.0,1084.0,1084.0,1084.0,1084.0,1084.0,1084.0,4.0,0.4,420.7504,388.7992,362.8208,341.9021,325.4057,312.783,303.491,296.9761,292.6907,290.1195,288.7995,288.3302,288.3729,288.6468,288.9259,289.0416,288.8896,288.4395,287.7407,286.9209,343.1832570045368,341.8604539151531,1135.9689,201.8551,740.7565999999999,-0.2169999999999845
1085,1085,1085.0,1085.0,1085.0,1085.0,1085.0,1085.0,1085.0,1085.0,1085.0,1085.0,1085.0,1085.0,1085.0,1085.0,1085.0,1085.0,1085.0,1085.0,1085.0,1085.0,1085.0,1085.0,1085.0,1085.0,1085.0,1085.0,1085.0,5.0,0.5,335.4595,329.2112,323.8775,319.0577,314.5161,310.1661,306.0364,302.2293,298.8819,296.1367,294.1282,292.9807,292.815,293.7557,295.9344,299.4857,304.5383,311.2052,319.5824,329.761,251.44422396718204,357.3433961148287,1337.824,134.74,538.9014999999999,-2.8339000000000283
1086,1086,1086.0,1086.0,1086.0,1086.0,1086.0,1086.0,1086.0,1086.0,1086.0,1086.0,1086.0,1086.0,1086.0,1086.0,1086.0,1086.0,1086.0,1086.0,1086.0,1086.0,1086.0,1086.0,1086.0,1086.0,1086.0,1086.0,1086.0,6.0,0.6,260.9201,269.5485,276.9763,282.9893,287.5338,290.7073,292.7264,293.885,294.5124,294.9392,295.4764,296.4043,297.9713,300.3975,303.8805,308.6019,314.7349,322.4547,331.9555,343.4768,301.85223710525463,430.8990700734495,1472.564,117.94439999999986,404.16149999999993,-22.292700000000025
1087,1087,1087.0,1087.0,1087.0,1087.0,1087.0,1087.0,1087.0,1087.0,1087.0,1087.0,1087.0,1087.0,1087.0,1087.0,1087.0,1087.0,1087.0,1087.0,1087.0,1087.0,1087.0,1087.0,1087.0,1087.0,1087.0,1087.0,1087.0,7.0,0.7,297.7603,294.4163,291.8455,290.0482,288.991,288.6133,288.845,289.6303,290.9519,292.8513,295.442,298.9138,303.5306,309.6196,317.5572,327.7536,340.6469,356.7171,376.5363,400.876,267.2183557558532,335.731468254277,1590.5084,80.17669999999998,286.2171000000001,-24.38670000000002
1088,1088,1088.0,1088.0,1088.0,1088.0,1088.0,1088.0,1088.0,1088.0,1088.0,1088.0,1088.0,1088.0,1088.0,1088.0,1088.0,1088.0,1088.0,1088.0,1088.0,1088.0,1088.0,1088.0,1088.0,1088.0,1088.0,1088.0,1088.0,8.0,0.8,270.8621,274.287,277.4194,280.2291,282.7377,285.0151,287.1659,289.3117,291.5701,294.0355,296.7649,299.7696,303.0153,306.4334,309.9434,313.4862,317.0632,320.7752,324.8527,329.6684,293.7578038218328,404.6409433986714,1670.6851,114.82230000000004,206.0404000000001,-27.984899999999985
1089,1089,1089.0,1089.0,1089.0,1089.0,1089.0,1089.0,1089.0,1089.0,1089.0,1089.0,1089.0,1089.0,1089.0,1089.0,1089.0,1089.0,1089.0,1089.0,1089.0,1089.0,1089.0,1089.0,1089.0,1089.0,1089.0,1089.0,1089.0,9.0,0.9,291.1007,288.9807,287.4361,286.4872,286.1296,286.3366,287.0682,288.2861,289.9702,292.134,294.8384,298.2013,302.4014,307.6774,314.3202,322.6621,333.068,345.9377,361.7302,381.026,282.65917635225185,377.6760235301887,1785.5074,91.21810000000004,91.21810000000004,-26.663400000000024
1090,1090,1090.0,1090.0,1090.0,1090.0,1090.0,1090.0,1090.0,1090.0,1090.0,1090.0,1090.0,1090.0,1090.0,1090.0,1090.0,1090.0,1090.0,1090.0,1090.0,1090.0,1090.0,1090.0,1090.0,1090.0,1090.0,1090.0,1090.0,0.0,0.0,273.0,273.0,273.0,273.0,273.0,273.0,273.0,273.0,273.0,273.0,273.0,273.0,273.0,273.0,273.0,273.0,273.0,273.0,273.0,273.0,271.45474275194306,354.17234235662715,0.0,413.9472,2427.7783,-40.0
1091,1091,1091.0,1091.0,1091.0,1091.0,1091.0,1091.0,1091.0,1091.0,1091.0,1091.0,1091.0,1091.0,1091.0,1091.0,1091.0,1091.0,1091.0,1091.0,1091.0,1091.0,1091.0,1091.0,1091.0,1091.0,1091.0,1091.0,1091.0,1.0,0.1,271.7631,272.037,272.2756,272.4815,272.6626,272.8342,273.0229,273.2713,273.6442,274.2374,275.1851,276.6662,278.9049,282.1634,286.7247,292.867,300.8359,310.8234,322.9655,337.369,462.98716081006415,276.99706330995514,413.9472,297.4518,2013.8311,-40.16579999999999
1092,1092,1092.0,1092.0,1092.0,1092.0,1092.0,1092.0,1092.0,1092.0,1092.0,1092.0,1092.0,1092.0,1092.0,1092.0,1092.0,1092.0,1092.0,1092.0,1092.0,1092.0,1092.0,1092.0,1092.0,1092.0,1092.0,1092.0,1092.0,2.0,0.2,421.0576,386.864,358.9117,336.356,318.6105,305.1395,295.3743,288.7062,284.5194,282.2291,281.3089,281.3005,281.8099,282.4982,283.0771,283.3138,283.0453,282.198,280.8022,278.9939,237.3730953697425,404.6035417784162,711.399,226.46450000000004,1716.3793,-7.860500000000002
1093,1093,1093.0,1093.0,1093.0,1093.0,1093.0,1093.0,1093.0,1093.0,1093.0,1093.0,1093.0,1093.0,1093.0,1093.0,1093.0,1093.0,1093.0,1093.0,1093.0,1093.0,1093.0,1093.0,1093.0,1093.0,1093.0,1093.0,1093.0,3.0,0.3,250.8985,263.0114,273.0946,280.8018,286.0892,289.1846,290.5158,290.6243,290.0869,289.4633,289.2708,289.9844,292.0495,295.8953,301.9375,310.5698,322.1493,336.9924,355.4015,377.7441,310.49296238426297,338.9602141524905,937.8635,140.9724,1489.9148,-23.81540000000001
1094,1094,1094.0,1094.0,1094.0,1094.0,1094.0,1094.0,1094.0,1094.0,1094.0,1094.0,1094.0,1094.0,1094.0,1094.0,1094.0,1094.0,1094.0,1094.0,1094.0,1094.0,1094.0,1094.0,1094.0,1094.0,1094.0,1094.0,1094.0,4.0,0.4,304.1585,298.8366,294.5622,291.3389,289.1242,287.8329,287.3547,287.5768,288.4033,289.7656,291.6223,293.9507,296.7363,299.9657,303.6283,307.7292,312.3105,317.4783,323.426,330.451,351.6070294796321,403.75627446876496,1078.8359,122.40380000000005,1348.9424,-25.167100000000005
1095,1095,1095.0,1095.0,1095.0,1095.0,1095.0,1095.0,1095.0,1095.0,1095.0,1095.0,1095.0,1095.0,1095.0,1095.0,1095.0,1095.0,1095.0,1095.0,1095.0,1095.0,1095.0,1095.0,1095.0,1095.0,1095.0,1095.0,1095.0,5.0,0.5,337.6878,325.9926,316.3162,308.5065,302.4237,297.921,294.8434,293.0395,292.3791,292.7727,294.1884,296.6621,300.3026,305.2877,311.8549,320.2882,330.9078,344.0712,360.1981,379.8324,299.2095406014115,201.4846084488589,1201.2397,111.52059999999985,1226.5386,-15.079000000000008
1096,1096,1096.0,1096.0,1096.0,1096.0,1096.0,1096.0,1096.0,1096.0,1096.0,1096.0,1096.0,1096.0,1096.0,1096.0,1096.0,1096.0,1096.0,1096.0,1096.0,1096.0,1096.0,1096.0,1096.0,1096.0,1096.0,1096.0,1096.0,6.0,0.6,298.0607,297.312,296.7655,296.2898,295.8258,295.377,294.9854,294.6986,294.5312,294.4288,294.2363,293.6783,292.3545,289.7582,285.3214,278.4882,268.8102,256.0484,240.2598,221.8378,289.7419808116154,465.1908253510386,1312.7603,211.93730000000005,1115.018,-17.62299999999999
1097,1097,1097.0,1097.0,1097.0,1097.0,1097.0,1097.0,1097.0,1097.0,1097.0,1097.0,1097.0,1097.0,1097.0,1097.0,1097.0,1097.0,1097.0,1097.0,1097.0,1097.0,1097.0,1097.0,1097.0,1097.0,1097.0,1097.0,1097.0,7.0,0.7,289.3436,289.2038,289.2067,289.2591,289.2943,289.2762,289.2045,289.1236,289.1384,289.4356,290.3089,292.1796,295.6046,301.2604,309.8994,322.2855,339.131,361.0734,388.7417,422.9654,289.60436665119425,207.943831060235,1524.6976,129.79590000000007,903.0807,-23.723799999999983
1098,1098,1098.0,1098.0,1098.0,1098.0,1098.0,1098.0,1098.0,1098.0,1098.0,1098.0,1098.0,1098.0,1098.0,1098.0,1098.0,1098.0,1098.0,1098.0,1098.0,1098.0,1098.0,1098.0,1098.0,1098.0,1098.0,1098.0,1098.0,8.0,0.8,288.4946,287.7166,287.2275,286.9989,287.0171,287.2799,287.7896,288.5389,289.4909,290.5528,291.5471,292.1857,292.0575,290.6384,287.3319,281.5456,272.7944,260.8163,245.6713,227.7897,288.65719488488463,176.9662916244171,1654.4935,324.7909,773.2847999999999,-25.7201
1099,1099,1099.0,1099.0,1099.0,1099.0,1099.0,1099.0,1099.0,1099.0,1099.0,1099.0,1099.0,1099.0,1099.0,1099.0,1099.0,1099.0,1099.0,1099.0,1099.0,1099.0,1099.0,1099.0,1099.0,1099.0,1099.0,1099.0,1099.0,9.0,0.9,287.5043,286.6512,286.0394,285.6114,285.3057,285.0512,284.7612,284.327,283.612,282.4467,280.6266,277.913,274.0405,268.73,261.7106,252.7479,241.6774,228.4361,213.0865,195.8247,263.11062386626327,378.461144622106,1979.2844,448.4939,448.4939,-27.94880000000001
1100,1100,1100.0,1100.0,1100.0,1100.0,1100.0,1100.0,1100.0,1100.0,1100.0,1100.0,1100.0,1100.0,1100.0,1100.0,1100.0,1100.0,1100.0,1100.0,1100.0,1100.0,1100.0,1100.0,1100.0,1100.0,1100.0,1100.0,1100.0,0.0,0.0,273.0,273.0,273.0,273.0,273.0,273.0,273.0,273.0,273.0,273.0,273.0,273.0,273.0,273.0,273.0,273.0,273.0,273.0,273.0,273.0,441.3058378389546,225.68812815059405,0.0,439.2472,2591.3427,-40.0
1101,1101,1101.0,1101.0,1101.0,1101.0,1101.0,1101.0,1101.0,1101.0,1101.0,1101.0,1101.0,1101.0,1101.0,1101.0,1101.0,1101.0,1101.0,1101.0,1101.0,1101.0,1101.0,1101.0,1101.0,1101.0,1101.0,1101.0,1101.0,1.0,0.1,404.6356,374.3894,349.4623,329.201,313.113,300.7125,291.4628,284.7796,280.065,276.7455,274.2994,272.268,270.2542,267.9156,264.9601,261.1469,256.2967,250.3043,243.1493,234.8977,311.6708326955621,310.262205549398,439.2472,398.7908,2152.0955000000004,-12.287500000000025
1102,1102,1102.0,1102.0,1102.0,1102.0,1102.0,1102.0,1102.0,1102.0,1102.0,1102.0,1102.0,1102.0,1102.0,1102.0,1102.0,1102.0,1102.0,1102.0,1102.0,1102.0,1102.0,1102.0,1102.0,1102.0,1102.0,1102.0,1102.0,2.0,0.2,309.1635,307.1296,305.1204,302.8265,300.0955,296.921,293.4096,289.7371,286.1084,282.7295,279.7955,277.4916,276.0012,275.5107,276.2055,278.2524,281.7733,286.8171,293.3422,301.2196,326.4275618249165,320.862599404702,838.038,282.8439000000001,1753.3047,-16.079000000000008
1103,1103,1103.0,1103.0,1103.0,1103.0,1103.0,1103.0,1103.0,1103.0,1103.0,1103.0,1103.0,1103.0,1103.0,1103.0,1103.0,1103.0,1103.0,1103.0,1103.0,1103.0,1103.0,1103.0,1103.0,1103.0,1103.0,1103.0,1103.0,3.0,0.3,318.5356,311.8867,306.2633,301.49,297.4255,293.9597,291.0135,288.5402,286.5269,284.9932,283.9878,283.5831,283.8677,284.9377,286.8876,289.8029,293.7537,298.7934,304.9629,312.3009,248.69155713245064,294.40720750835,1120.8819,238.10029999999983,1470.4608,-19.0403
1104,1104,1104.0,1104.0,1104.0,1104.0,1104.0,1104.0,1104.0,1104.0,1104.0,1104.0,1104.0,1104.0,1104.0,1104.0,1104.0,1104.0,1104.0,1104.0,1104.0,1104.0,1104.0,1104.0,1104.0,1104.0,1104.0,1104.0,1104.0,4.0,0.4,256.7043,263.9404,270.1413,275.1557,278.9564,281.6318,283.3578,284.3609,284.8799,285.1345,285.3046,285.5192,285.8562,286.3487,286.9985,287.7916,288.7169,289.7823,291.028,292.5318,180.8750471349645,360.32185357925823,1358.9822,309.0381,1232.3605000000002,-31.3682
1105,1105,1105.0,1105.0,1105.0,1105.0,1105.0,1105.0,1105.0,1105.0,1105.0,1105.0,1105.0,1105.0,1105.0,1105.0,1105.0,1105.0,1105.0,1105.0,1105.0,1105.0,1105.0,1105.0,1105.0,1105.0,1105.0,1105.0,1105.0,5.0,0.5,199.1391,215.7852,230.4692,242.9946,253.3294,261.5942,268.0294,272.9542,276.7297,279.7305,282.3297,284.8934,287.7808,291.344,295.9236,301.8385,309.3741,318.775,330.2522,344.0133,359.94139938733707,460.7828360963471,1668.0203,277.9707000000001,923.3224000000002,-51.4058
1106,1106,1106.0,1106.0,1106.0,1106.0,1106.0,1106.0,1106.0,1106.0,1106.0,1106.0,1106.0,1106.0,1106.0,1106.0,1106.0,1106.0,1106.0,1106.0,1106.0,1106.0,1106.0,1106.0,1106.0,1106.0,1106.0,1106.0,1106.0,6.0,0.6,339.3684,321.7194,307.112,295.6332,287.2393,281.7254,278.755,277.9294,278.8694,281.2877,285.0375,290.1348,296.7536,305.2037,315.8968,329.3143,345.9901,366.5287,391.6837,422.5299,242.15459219074424,281.75980274702687,1945.991,117.86070000000018,645.3517000000002,-31.27460000000002
1107,1107,1107.0,1107.0,1107.0,1107.0,1107.0,1107.0,1107.0,1107.0,1107.0,1107.0,1107.0,1107.0,1107.0,1107.0,1107.0,1107.0,1107.0,1107.0,1107.0,1107.0,1107.0,1107.0,1107.0,1107.0,1107.0,1107.0,1107.0,7.0,0.7,250.9611,258.8963,265.7256,271.3488,275.8177,279.3177,282.1224,284.5341,286.8236,289.1791,291.6712,294.2368,296.6837,298.7166,299.9848,300.1465,298.945,296.2813,292.2681,287.2473,440.3103647441444,310.7602240966024,2063.8517,195.18349999999964,527.491,-33.6823
1108,1108,1108.0,1108.0,1108.0,1108.0,1108.0,1108.0,1108.0,1108.0,1108.0,1108.0,1108.0,1108.0,1108.0,1108.0,1108.0,1108.0,1108.0,1108.0,1108.0,1108.0,1108.0,1108.0,1108.0,1108.0,1108.0,1108.0,1108.0,8.0,0.8,404.2796,374.7168,350.6139,331.3769,316.5357,305.5942,297.9837,293.0824,290.2675,288.9695,288.714,289.1426,290.0153,291.1999,292.6533,294.4,296.5109,299.0845,302.234,306.0814,247.6654849550426,368.466956193904,2259.0352,163.73020000000042,332.30750000000035,-7.405799999999999
1109,1109,1109.0,1109.0,1109.0,1109.0,1109.0,1109.0,1109.0,1109.0,1109.0,1109.0,1109.0,1109.0,1109.0,1109.0,1109.0,1109.0,1109.0,1109.0,1109.0,1109.0,1109.0,1109.0,1109.0,1109.0,1109.0,1109.0,1109.0,9.0,0.9,258.9596,269.1273,277.6525,284.2426,288.8561,291.6782,293.0593,293.4407,293.2855,293.0298,293.0581,293.7003,295.2427,297.9428,302.0418,307.7686,315.3406,324.9645,336.8491,351.2371,188.5745443422072,368.6174032043437,2422.7654,168.57729999999992,168.57729999999992,-21.3218
1110,1110,1110.0,1110.0,1110.0,1110.0,1110.0,1110.0,1110.0,1110.0,1110.0,1110.0,1110.0,1110.0,1110.0,1110.0,1110.0,1110.0,1110.0,1110.0,1110.0,1110.0,1110.0,1110.0,1110.0,1110.0,1110.0,1110.0,1110.0,0.0,0.0,273.0,273.0,273.0,273.0,273.0,273.0,273.0,273.0,273.0,273.0,273.0,273.0,273.0,273.0,273.0,273.0,273.0,273.0,273.0,273.0,212.75704626254608,234.2985598788398,0.0,499.2091,3522.7105000000006,2.6019999999999754
1111,1111,1111.0,1111.0,1111.0,1111.0,1111.0,1111.0,1111.0,1111.0,1111.0,1111.0,1111.0,1111.0,1111.0,1111.0,1111.0,1111.0,1111.0,1111.0,1111.0,1111.0,1111.0,1111.0,1111.0,1111.0,1111.0,1111.0,1111.0,1.0,0.1,224.4176,234.8978,243.9951,251.6011,257.7126,262.4212,265.886,268.2992,269.8508,270.6997,270.9546,270.6648,269.82,268.3597,266.1896,263.203,259.3061,254.4416,248.6057,241.8551,239.3266419257827,416.91467418794446,499.2091,557.8854999999999,3023.501400000001,2.6019999999999754
1112,1112,1112.0,1112.0,1112.0,1112.0,1112.0,1112.0,1112.0,1112.0,1112.0,1112.0,1112.0,1112.0,1112.0,1112.0,1112.0,1112.0,1112.0,1112.0,1112.0,1112.0,1112.0,1112.0,1112.0,1112.0,1112.0,1112.0,1112.0,2.0,0.2,243.6084,247.4123,250.8363,253.9494,256.7913,259.3812,261.735,263.8895,265.9285,268.0095,270.3858,273.4201,277.5834,283.4344,291.5769,302.6028,317.0348,335.2949,357.7303,384.7237,328.87221275749675,408.667142460108,1057.0946,317.0712000000001,2465.6159000000007,2.6019999999999754
1113,1113,1113.0,1113.0,1113.0,1113.0,1113.0,1113.0,1113.0,1113.0,1113.0,1113.0,1113.0,1113.0,1113.0,1113.0,1113.0,1113.0,1113.0,1113.0,1113.0,1113.0,1113.0,1113.0,1113.0,1113.0,1113.0,1113.0,1113.0,3.0,0.3,315.5614,303.9566,294.194,286.3764,280.5293,276.5902,274.4255,273.8655,274.7437,276.9292,280.3479,284.9891,290.9029,298.1921,307.005,317.5358,330.0339,344.8298,362.3792,383.336,309.70874968876024,320.91516999439114,1374.1658,158.48649999999998,2148.5447000000004,2.6019999999999754
1114,1114,1114.0,1114.0,1114.0,1114.0,1114.0,1114.0,1114.0,1114.0,1114.0,1114.0,1114.0,1114.0,1114.0,1114.0,1114.0,1114.0,1114.0,1114.0,1114.0,1114.0,1114.0,1114.0,1114.0,1114.0,1114.0,1114.0,1114.0,4.0,0.4,303.8319,298.8026,294.5531,291.0516,288.2963,286.3062,285.1083,284.7235,285.1529,286.3658,288.2914,290.8163,293.789,297.0333,300.3729,303.6636,306.8316,309.9092,313.0601,316.5864,273.3738355030309,290.9884499734129,1532.6523,182.19990000000007,1990.0582,2.6019999999999754
1115,1115,1115.0,1115.0,1115.0,1115.0,1115.0,1115.0,1115.0,1115.0,1115.0,1115.0,1115.0,1115.0,1115.0,1115.0,1115.0,1115.0,1115.0,1115.0,1115.0,1115.0,1115.0,1115.0,1115.0,1115.0,1115.0,1115.0,1115.0,5.0,0.5,275.5817,277.6722,279.546,281.1469,282.4686,283.5502,284.4612,285.2832,286.0897,286.931,287.8238,288.7491,289.6562,290.4727,291.1208,291.536,291.6873,291.5948,291.3407,291.0716,195.6325183038048,192.4659082784069,1714.8522,324.0545,1807.8583,2.6019999999999754
1116,1116,1116.0,1116.0,1116.0,1116.0,1116.0,1116.0,1116.0,1116.0,1116.0,1116.0,1116.0,1116.0,1116.0,1116.0,1116.0,1116.0,1116.0,1116.0,1116.0,1116.0,1116.0,1116.0,1116.0,1116.0,1116.0,1116.0,1116.0,6.0,0.6,211.8748,226.6338,239.5903,250.5636,259.5241,266.5746,271.9084,275.7567,278.3362,279.8042,280.2277,279.5671,277.6765,274.3207,269.2105,262.053,252.6138,240.7802,226.6116,210.3626,444.8667481586191,279.09772721304586,2038.9067,490.654,1483.8038,2.6019999999999754
1117,1117,1117.0,1117.0,1117.0,1117.0,1117.0,1117.0,1117.0,1117.0,1117.0,1117.0,1117.0,1117.0,1117.0,1117.0,1117.0,1117.0,1117.0,1117.0,1117.0,1117.0,1117.0,1117.0,1117.0,1117.0,1117.0,1117.0,1117.0,7.0,0.7,405.6218,373.167,346.5152,325.1136,308.4981,296.1209,287.3074,281.298,277.3298,274.7209,272.9333,271.6059,270.5565,269.7581,269.2971,269.3179,269.9638,271.3227,273.3887,276.0486,317.26722386440525,286.17260416541006,2529.5607,364.37930000000006,993.1498,2.6019999999999754
1118,1118,1118.0,1118.0,1118.0,1118.0,1118.0,1118.0,1118.0,1118.0,1118.0,1118.0,1118.0,1118.0,1118.0,1118.0,1118.0,1118.0,1118.0,1118.0,1118.0,1118.0,1118.0,1118.0,1118.0,1118.0,1118.0,1118.0,1118.0,8.0,0.8,313.2077,309.818,306.6674,303.4618,300.0586,296.4535,292.7457,289.0932,285.6684,282.6249,280.0791,278.1057,276.7421,275.9986,275.867,276.3273,277.3504,278.8978,280.9221,283.3672,464.2210454329012,237.7960655908814,2893.94,343.3258000000001,628.7705000000001,2.6019999999999754
1119,1119,1119.0,1119.0,1119.0,1119.0,1119.0,1119.0,1119.0,1119.0,1119.0,1119.0,1119.0,1119.0,1119.0,1119.0,1119.0,1119.0,1119.0,1119.0,1119.0,1119.0,1119.0,1119.0,1119.0,1119.0,1119.0,1119.0,1119.0,9.0,0.9,424.6171,392.702,366.7603,345.7375,328.8907,315.602,305.2945,297.4105,291.4195,286.8348,283.223,280.2045,277.4456,274.6494,271.5512,267.9222,263.5804,258.4055,252.3516,245.4498,280.209633119396,462.2300351107577,3237.2658,285.4447,285.4447,2.6019999999999754
1120,1120,1120.0,1120.0,1120.0,1120.0,1120.0,1120.0,1120.0,1120.0,1120.0,1120.0,1120.0,1120.0,1120.0,1120.0,1120.0,1120.0,1120.0,1120.0,1120.0,1120.0,1120.0,1120.0,1120.0,1120.0,1120.0,1120.0,1120.0,0.0,0.0,273.0,273.0,273.0,273.0,273.0,273.0,273.0,273.0,273.0,273.0,273.0,273.0,273.0,273.0,273.0,273.0,273.0,273.0,273.0,273.0,177.08212595827172,201.8833470072676,0.0,541.6974,2130.9188,-40.0
1121,1121,1121.0,1121.0,1121.0,1121.0,1121.0,1121.0,1121.0,1121.0,1121.0,1121.0,1121.0,1121.0,1121.0,1121.0,1121.0,1121.0,1121.0,1121.0,1121.0,1121.0,1121.0,1121.0,1121.0,1121.0,1121.0,1121.0,1121.0,1.0,0.1,195.4006,212.0102,226.5129,238.6814,248.4765,256.0256,261.5742,265.424,267.8729,269.166,269.4627,268.8203,267.195,264.4572,260.4202,254.8811,247.6672,238.6822,227.9418,215.5894,337.2172075880221,398.6670474825365,541.6974,626.0088000000001,1589.2214,-56.9744
1122,1122,1122.0,1122.0,1122.0,1122.0,1122.0,1122.0,1122.0,1122.0,1122.0,1122.0,1122.0,1122.0,1122.0,1122.0,1122.0,1122.0,1122.0,1122.0,1122.0,1122.0,1122.0,1122.0,1122.0,1122.0,1122.0,1122.0,1122.0,2.0,0.2,320.5657,306.0187,293.7879,284.0009,276.6291,271.4747,268.209,266.4465,265.83,266.1087,267.1951,269.1946,272.4035,277.2759,284.3617,294.225,307.3609,324.1381,344.7966,369.5301,360.5994086257058,472.3434032253573,1167.7062,265.4258,963.2125999999998,-41.525300000000016
1123,1123,1123.0,1123.0,1123.0,1123.0,1123.0,1123.0,1123.0,1123.0,1123.0,1123.0,1123.0,1123.0,1123.0,1123.0,1123.0,1123.0,1123.0,1123.0,1123.0,1123.0,1123.0,1123.0,1123.0,1123.0,1123.0,1123.0,1123.0,3.0,0.3,343.2837,328.488,315.9406,305.4725,296.9668,290.3309,285.4868,282.3751,280.9681,281.2851,283.4068,287.4835,293.7365,302.4515,313.9687,328.6759,347.0193,369.5487,397.0261,430.6323,293.01031691005244,407.8139776867635,1433.132,78.6398999999999,697.7867999999999,-22.66910000000001
1124,1124,1124.0,1124.0,1124.0,1124.0,1124.0,1124.0,1124.0,1124.0,1124.0,1124.0,1124.0,1124.0,1124.0,1124.0,1124.0,1124.0,1124.0,1124.0,1124.0,1124.0,1124.0,1124.0,1124.0,1124.0,1124.0,1124.0,1124.0,4.0,0.4,292.4737,292.1707,291.9143,291.6041,291.2407,290.9197,290.8106,291.1251,292.0847,293.8922,296.7125,300.6642,305.8238,312.2417,319.9696,329.0984,339.8031,352.3941,367.3701,385.4814,334.8041969173075,352.4901450603933,1511.7719,62.04179999999997,619.1469,-22.080300000000022
1125,1125,1125.0,1125.0,1125.0,1125.0,1125.0,1125.0,1125.0,1125.0,1125.0,1125.0,1125.0,1125.0,1125.0,1125.0,1125.0,1125.0,1125.0,1125.0,1125.0,1125.0,1125.0,1125.0,1125.0,1125.0,1125.0,1125.0,1125.0,5.0,0.5,324.6396,316.1464,309.2229,303.7887,299.76,297.038,295.51,295.0557,295.5549,296.8935,298.9653,301.6721,304.9245,308.647,312.7905,317.351,322.395,328.0843,334.6988,342.6502,360.5918193487287,370.11538308957904,1573.8137,74.74060000000009,557.1051,-15.961999999999987
1126,1126,1126.0,1126.0,1126.0,1126.0,1126.0,1126.0,1126.0,1126.0,1126.0,1126.0,1126.0,1126.0,1126.0,1126.0,1126.0,1126.0,1126.0,1126.0,1126.0,1126.0,1126.0,1126.0,1126.0,1126.0,1126.0,1126.0,1126.0,6.0,0.6,346.0389,333.9761,324.0763,316.0999,309.8519,305.1564,301.8475,299.7684,298.7785,298.761,299.6313,301.3437,303.8958,307.331,311.7391,317.2568,324.0684,332.4105,342.5845,354.9796,355.8662750241753,370.1628285405618,1648.5543,72.51199999999994,482.3644999999999,-7.843599999999981
1127,1127,1127.0,1127.0,1127.0,1127.0,1127.0,1127.0,1127.0,1127.0,1127.0,1127.0,1127.0,1127.0,1127.0,1127.0,1127.0,1127.0,1127.0,1127.0,1127.0,1127.0,1127.0,1127.0,1127.0,1127.0,1127.0,1127.0,1127.0,7.0,0.7,343.4631,333.2767,324.9222,318.1162,312.6495,308.3678,305.1576,302.9363,301.6459,301.2489,301.727,303.082,305.3373,308.5418,312.7742,318.1495,324.8271,333.0233,343.028,355.2313,365.7735868569769,179.89677320888163,1721.0663,115.8143,409.8525,-4.632200000000012
1128,1128,1128.0,1128.0,1128.0,1128.0,1128.0,1128.0,1128.0,1128.0,1128.0,1128.0,1128.0,1128.0,1128.0,1128.0,1128.0,1128.0,1128.0,1128.0,1128.0,1128.0,1128.0,1128.0,1128.0,1128.0,1128.0,1128.0,1128.0,8.0,0.8,351.3966,339.6209,329.9934,322.1756,315.9008,310.9446,307.1018,304.166,301.9098,300.0621,298.2863,296.1625,293.1801,288.7509,282.2473,273.071,260.7467,245.0252,225.9725,204.012,306.5387637175795,470.3424759965338,1836.8806,210.3234,294.0382,-2.05540000000002
1129,1129,1129.0,1129.0,1129.0,1129.0,1129.0,1129.0,1129.0,1129.0,1129.0,1129.0,1129.0,1129.0,1129.0,1129.0,1129.0,1129.0,1129.0,1129.0,1129.0,1129.0,1129.0,1129.0,1129.0,1129.0,1129.0,1129.0,1129.0,9.0,0.9,305.2278,304.4022,303.7467,303.0254,302.0936,300.8961,299.4598,297.885,296.3455,295.0987,294.5055,295.051,297.3538,302.1511,310.252,322.4662,339.5329,362.0933,390.7608,426.3515,205.3063827412436,411.8688443611815,2047.204,83.71479999999997,83.71479999999997,-12.10390000000001
1130,1130,1130.0,1130.0,1130.0,1130.0,1130.0,1130.0,1130.0,1130.0,1130.0,1130.0,1130.0,1130.0,1130.0,1130.0,1130.0,1130.0,1130.0,1130.0,1130.0,1130.0,1130.0,1130.0,1130.0,1130.0,1130.0,1130.0,1130.0,0.0,0.0,273.0,273.0,273.0,273.0,273.0,273.0,273.0,273.0,273.0,273.0,273.0,273.0,273.0,273.0,273.0,273.0,273.0,273.0,273.0,273.0,237.93570102340595,212.67665272375643,0.0,497.6738,3164.0462,-40.0
1131,1131,1131.0,1131.0,1131.0,1131.0,1131.0,1131.0,1131.0,1131.0,1131.0,1131.0,1131.0,1131.0,1131.0,1131.0,1131.0,1131.0,1131.0,1131.0,1131.0,1131.0,1131.0,1131.0,1131.0,1131.0,1131.0,1131.0,1131.0,1.0,0.1,244.7925,250.9115,256.1975,260.6014,264.1273,266.8272,268.7844,270.0928,270.8337,271.0549,270.7561,269.8797,268.3108,265.8858,262.4116,257.6942,251.5732,243.9563,234.8466,224.3525,428.0313259326704,194.07659603799485,497.6738,605.9159999999999,2666.3724,-46.1728
1132,1132,1132.0,1132.0,1132.0,1132.0,1132.0,1132.0,1132.0,1132.0,1132.0,1132.0,1132.0,1132.0,1132.0,1132.0,1132.0,1132.0,1132.0,1132.0,1132.0,1132.0,1132.0,1132.0,1132.0,1132.0,1132.0,1132.0,1132.0,2.0,0.2,393.36,364.4488,340.4857,320.9912,305.5585,293.721,284.9129,278.4925,273.7941,270.1807,267.0819,264.0119,260.5703,256.4337,251.3457,245.1102,237.59,228.709,218.4546,206.8763,267.43737577573154,426.02820962506,1103.5898,502.1138000000001,2060.4564,-19.279
1133,1133,1133.0,1133.0,1133.0,1133.0,1133.0,1133.0,1133.0,1133.0,1133.0,1133.0,1133.0,1133.0,1133.0,1133.0,1133.0,1133.0,1133.0,1133.0,1133.0,1133.0,1133.0,1133.0,1133.0,1133.0,1133.0,1133.0,1133.0,3.0,0.3,273.0606,278.0191,281.8652,284.3222,285.3134,284.9505,283.496,281.3154,278.8379,276.535,274.9185,274.5511,276.0533,280.0944,287.3551,298.4671,313.9466,334.1574,359.3439,389.7752,273.0105324071925,334.24562690219955,1605.7036,243.2736,1558.3426000000002,-28.049500000000023
1134,1134,1134.0,1134.0,1134.0,1134.0,1134.0,1134.0,1134.0,1134.0,1134.0,1134.0,1134.0,1134.0,1134.0,1134.0,1134.0,1134.0,1134.0,1134.0,1134.0,1134.0,1134.0,1134.0,1134.0,1134.0,1134.0,1134.0,1134.0,4.0,0.4,274.173,275.2786,276.2811,277.1548,277.9027,278.5616,279.2032,279.9302,280.8669,282.1443,283.8821,286.1713,289.0606,292.5535,296.6183,301.212,306.3155,311.9724,318.3223,325.6213,304.5665521539996,414.8037942811908,1848.9772,198.67100000000005,1315.0690000000002,-34.4384
1135,1135,1135.0,1135.0,1135.0,1135.0,1135.0,1135.0,1135.0,1135.0,1135.0,1135.0,1135.0,1135.0,1135.0,1135.0,1135.0,1135.0,1135.0,1135.0,1135.0,1135.0,1135.0,1135.0,1135.0,1135.0,1135.0,1135.0,1135.0,5.0,0.5,298.968,294.1868,290.2495,287.1707,284.9421,283.5328,282.8999,283.0041,283.8285,285.3966,287.7861,291.1383,295.66,301.6184,309.3294,319.1424,331.4293,346.5896,365.0852,387.5225,264.1626112305088,205.44278943772628,2047.6482,166.2480999999998,1116.398,-29.46719999999999
1136,1136,1136.0,1136.0,1136.0,1136.0,1136.0,1136.0,1136.0,1136.0,1136.0,1136.0,1136.0,1136.0,1136.0,1136.0,1136.0,1136.0,1136.0,1136.0,1136.0,1136.0,1136.0,1136.0,1136.0,1136.0,1136.0,1136.0,1136.0,6.0,0.6,267.8505,271.2506,274.2823,276.9116,279.1589,281.09,282.7965,284.3653,285.845,287.2117,288.339,288.9785,288.7551,287.1849,283.7199,277.8218,269.0578,257.2032,242.328,224.8372,351.55841311751817,310.30552663929154,2213.8963,299.0468000000001,950.1499000000003,-31.910000000000025
1137,1137,1137.0,1137.0,1137.0,1137.0,1137.0,1137.0,1137.0,1137.0,1137.0,1137.0,1137.0,1137.0,1137.0,1137.0,1137.0,1137.0,1137.0,1137.0,1137.0,1137.0,1137.0,1137.0,1137.0,1137.0,1137.0,1137.0,1137.0,7.0,0.7,336.1657,323.0983,312.2397,303.4839,296.6783,291.6014,287.9711,285.4743,283.8048,282.7024,281.9834,281.5609,281.4517,281.7678,282.6929,284.4448,287.2287,291.1926,296.3955,302.8019,300.30027822368874,410.985675897348,2512.9431,226.2693,651.1031000000003,-21.398599999999988
1138,1138,1138.0,1138.0,1138.0,1138.0,1138.0,1138.0,1138.0,1138.0,1138.0,1138.0,1138.0,1138.0,1138.0,1138.0,1138.0,1138.0,1138.0,1138.0,1138.0,1138.0,1138.0,1138.0,1138.0,1138.0,1138.0,1138.0,1138.0,8.0,0.8,298.081,296.2853,294.708,293.2095,291.7248,290.2613,288.8889,287.7274,286.936,286.7095,287.2797,288.9205,291.9495,296.7234,303.6235,313.0336,325.321,340.8332,359.9309,383.0745,345.31877798774855,192.69326135035791,2739.2124,165.92129999999997,424.83380000000034,-22.738699999999994
1139,1139,1139.0,1139.0,1139.0,1139.0,1139.0,1139.0,1139.0,1139.0,1139.0,1139.0,1139.0,1139.0,1139.0,1139.0,1139.0,1139.0,1139.0,1139.0,1139.0,1139.0,1139.0,1139.0,1139.0,1139.0,1139.0,1139.0,1139.0,9.0,0.9,332.7669,322.2025,313.4405,306.3372,300.7561,296.5485,293.5455,291.5545,290.3532,289.6771,289.2016,288.5226,287.1463,284.4963,279.9508,272.9099,262.8905,249.632,233.1866,213.9622,227.3728362861605,463.92390617075085,2905.1337,258.9125000000004,258.9125000000004,-16.45150000000001
1140,1140,1140.0,1140.0,1140.0,1140.0,1140.0,1140.0,1140.0,1140.0,1140.0,1140.0,1140.0,1140.0,1140.0,1140.0,1140.0,1140.0,1140.0,1140.0,1140.0,1140.0,1140.0,1140.0,1140.0,1140.0,1140.0,1140.0,1140.0,0.0,0.0,273.0,273.0,273.0,273.0,273.0,273.0,273.0,273.0,273.0,273.0,273.0,273.0,273.0,273.0,273.0,273.0,273.0,273.0,273.0,273.0,277.24505418939646,223.34191497612449,0.0,472.7809,2818.3791,-40.0
1141,1141,1141.0,1141.0,1141.0,1141.0,1141.0,1141.0,1141.0,1141.0,1141.0,1141.0,1141.0,1141.0,1141.0,1141.0,1141.0,1141.0,1141.0,1141.0,1141.0,1141.0,1141.0,1141.0,1141.0,1141.0,1141.0,1141.0,1141.0,1.0,0.1,276.3991,275.6523,275.0096,274.4711,274.0297,273.6691,273.3634,273.0745,272.7499,272.3186,271.6863,270.7319,269.3067,267.2387,264.3446,260.4493,255.4108,249.1454,241.6474,232.9954,244.9014649514069,239.9138732316183,472.7809,563.6258,2345.5982000000004,-39.33089999999999
1142,1142,1142.0,1142.0,1142.0,1142.0,1142.0,1142.0,1142.0,1142.0,1142.0,1142.0,1142.0,1142.0,1142.0,1142.0,1142.0,1142.0,1142.0,1142.0,1142.0,1142.0,1142.0,1142.0,1142.0,1142.0,1142.0,1142.0,1142.0,2.0,0.2,250.5122,255.493,259.7489,263.2234,265.9058,267.827,269.0479,269.6442,269.6923,269.2588,268.3959,267.1408,265.5196,263.5501,261.2451,258.6116,255.648,252.3394,248.6527,244.5346,276.5797041389443,264.7404382776472,1036.4067,601.1958999999999,1781.9724,-45.173
1143,1143,1143.0,1143.0,1143.0,1143.0,1143.0,1143.0,1143.0,1143.0,1143.0,1143.0,1143.0,1143.0,1143.0,1143.0,1143.0,1143.0,1143.0,1143.0,1143.0,1143.0,1143.0,1143.0,1143.0,1143.0,1143.0,1143.0,1143.0,3.0,0.3,274.7198,273.029,271.5798,270.4108,269.5194,268.8645,268.3786,267.9824,267.6018,267.181,266.6912,266.1346,265.5423,264.9676,264.4754,264.1271,263.9658,264.0012,264.2003,264.4852,384.4029760520291,419.7352627545241,1637.6026,454.57600000000025,1180.7765000000002,-44.13549999999998
1144,1144,1144.0,1144.0,1144.0,1144.0,1144.0,1144.0,1144.0,1144.0,1144.0,1144.0,1144.0,1144.0,1144.0,1144.0,1144.0,1144.0,1144.0,1144.0,1144.0,1144.0,1144.0,1144.0,1144.0,1144.0,1144.0,1144.0,1144.0,4.0,0.4,360.5158,340.2225,323.1635,309.1079,297.8415,289.1135,282.6334,278.1007,275.2524,273.9116,274.026,275.6892,279.1401,284.7381,292.9193,304.1385,318.8175,337.3191,359.9775,387.2101,285.1677837496043,373.63522705690457,2092.1786,178.61879999999974,726.2004999999999,-23.88650000000001
1145,1145,1145.0,1145.0,1145.0,1145.0,1145.0,1145.0,1145.0,1145.0,1145.0,1145.0,1145.0,1145.0,1145.0,1145.0,1145.0,1145.0,1145.0,1145.0,1145.0,1145.0,1145.0,1145.0,1145.0,1145.0,1145.0,1145.0,1145.0,5.0,0.5,286.3038,287.3865,288.1535,288.4563,288.2803,287.7375,287.038,286.4489,286.2527,286.7117,288.0437,290.4108,293.9202,298.6353,304.5961,311.8471,320.47,330.6193,342.5585,356.6976,299.82488872197746,454.3795292864677,2270.7974,126.05569999999987,547.5817000000002,-25.26249999999999
1146,1146,1146.0,1146.0,1146.0,1146.0,1146.0,1146.0,1146.0,1146.0,1146.0,1146.0,1146.0,1146.0,1146.0,1146.0,1146.0,1146.0,1146.0,1146.0,1146.0,1146.0,1146.0,1146.0,1146.0,1146.0,1146.0,1146.0,1146.0,6.0,0.6,296.3928,293.5705,291.3219,289.6215,288.4537,287.8154,287.7221,288.2159,289.3739,291.3167,294.2151,298.2952,303.839,311.1822,320.7077,332.8424,348.0626,366.9264,390.1507,418.7634,236.48326555909148,364.43770078929833,2396.8531,80.16200000000026,421.5260000000003,-25.18459999999999
1147,1147,1147.0,1147.0,1147.0,1147.0,1147.0,1147.0,1147.0,1147.0,1147.0,1147.0,1147.0,1147.0,1147.0,1147.0,1147.0,1147.0,1147.0,1147.0,1147.0,1147.0,1147.0,1147.0,1147.0,1147.0,1147.0,1147.0,1147.0,7.0,0.7,246.0581,254.7795,262.4877,269.1168,274.7081,279.4015,283.4104,286.9867,290.3851,293.8324,297.5058,301.5229,305.9434,310.784,316.0452,321.7492,327.983,334.9421,342.9669,352.5673,295.95609738236254,451.212755988475,2477.0151,114.85820000000012,341.36400000000003,-33.5985
1148,1148,1148.0,1148.0,1148.0,1148.0,1148.0,1148.0,1148.0,1148.0,1148.0,1148.0,1148.0,1148.0,1148.0,1148.0,1148.0,1148.0,1148.0,1148.0,1148.0,1148.0,1148.0,1148.0,1148.0,1148.0,1148.0,1148.0,1148.0,8.0,0.8,291.7841,288.3267,285.7242,284.0664,283.3776,283.6217,284.722,286.5919,289.1665,292.4317,296.4459,301.3522,307.3831,314.8556,324.1619,335.7589,350.1665,367.99,389.9855,417.1974,188.07072849367643,401.3150485167373,2591.8733,101.67769999999972,226.5057999999999,-29.378300000000024
1149,1149,1149.0,1149.0,1149.0,1149.0,1149.0,1149.0,1149.0,1149.0,1149.0,1149.0,1149.0,1149.0,1149.0,1149.0,1149.0,1149.0,1149.0,1149.0,1149.0,1149.0,1149.0,1149.0,1149.0,1149.0,1149.0,1149.0,1149.0,9.0,0.9,206.3905,223.1092,237.8739,250.5139,261.0586,269.7168,276.8279,282.8014,288.0599,292.9956,297.9442,303.1765,308.9053,315.3051,322.5402,330.8005,340.3419,351.53,364.8865,381.1431,377.6858446266949,375.8397539501367,2693.551,124.82810000000018,124.82810000000018,-43.28320000000002
1150,1150,1150.0,1150.0,1150.0,1150.0,1150.0,1150.0,1150.0,1150.0,1150.0,1150.0,1150.0,1150.0,1150.0,1150.0,1150.0,1150.0,1150.0,1150.0,1150.0,1150.0,1150.0,1150.0,1150.0,1150.0,1150.0,1150.0,1150.0,0.0,0.0,273.0,273.0,273.0,273.0,273.0,273.0,273.0,273.0,273.0,273.0,273.0,273.0,273.0,273.0,273.0,273.0,273.0,273.0,273.0,273.0,178.09533167830892,284.23700238823454,0.0,495.6382,4105.8043,9.925200000000018
1151,1151,1151.0,1151.0,1151.0,1151.0,1151.0,1151.0,1151.0,1151.0,1151.0,1151.0,1151.0,1151.0,1151.0,1151.0,1151.0,1151.0,1151.0,1151.0,1151.0,1151.0,1151.0,1151.0,1151.0,1151.0,1151.0,1151.0,1151.0,1.0,0.1,196.2284,212.6677,227.0229,239.0742,248.7906,256.3116,261.9027,265.9006,268.6616,270.5219,271.7747,272.6607,273.3704,274.0507,274.8137,275.743,276.8979,278.3157,280.0135,281.991,205.2598815701778,245.5182272818468,495.6382,633.3497000000001,3610.1661,9.925200000000018
1152,1152,1152.0,1152.0,1152.0,1152.0,1152.0,1152.0,1152.0,1152.0,1152.0,1152.0,1152.0,1152.0,1152.0,1152.0,1152.0,1152.0,1152.0,1152.0,1152.0,1152.0,1152.0,1152.0,1152.0,1152.0,1152.0,1152.0,1152.0,2.0,0.2,214.6533,223.1469,230.8202,237.7338,243.9264,249.418,254.2174,258.3304,261.7636,264.5252,266.6208,268.0459,268.7804,268.786,268.0097,266.395,263.8979,260.5052,256.2487,251.2109,179.00891242447912,397.281424406136,1128.9879,707.4066,2976.8164,9.925200000000018
1153,1153,1153.0,1153.0,1153.0,1153.0,1153.0,1153.0,1153.0,1153.0,1153.0,1153.0,1153.0,1153.0,1153.0,1153.0,1153.0,1153.0,1153.0,1153.0,1153.0,1153.0,1153.0,1153.0,1153.0,1153.0,1153.0,1153.0,1153.0,3.0,0.3,192.9529,205.5925,216.8457,226.6842,235.14,242.3037,248.3179,253.3708,257.6934,261.5632,265.3127,269.3379,274.1004,280.1158,287.9258,298.055,310.9662,327.032,346.5489,369.8138,350.7671021163694,341.44463504771136,1836.3945,496.6959999999997,2269.4097999999994,9.925200000000018
1154,1154,1154.0,1154.0,1154.0,1154.0,1154.0,1154.0,1154.0,1154.0,1154.0,1154.0,1154.0,1154.0,1154.0,1154.0,1154.0,1154.0,1154.0,1154.0,1154.0,1154.0,1154.0,1154.0,1154.0,1154.0,1154.0,1154.0,1154.0,4.0,0.4,329.9689,311.8246,296.5863,284.4539,275.4741,269.505,266.2403,265.2702,266.1534,268.478,271.8996,276.1548,281.0566,286.4831,292.3667,298.6925,305.5054,312.9246,321.1597,330.5243,214.4523938572407,317.1097641804368,2333.0905,314.4245000000001,1772.7138,9.925200000000018
1155,1155,1155.0,1155.0,1155.0,1155.0,1155.0,1155.0,1155.0,1155.0,1155.0,1155.0,1155.0,1155.0,1155.0,1155.0,1155.0,1155.0,1155.0,1155.0,1155.0,1155.0,1155.0,1155.0,1155.0,1155.0,1155.0,1155.0,1155.0,5.0,0.5,226.9683,238.1689,247.746,255.5603,261.6604,266.261,269.6895,272.322,274.5214,276.5925,278.7571,281.1502,283.831,286.8053,290.0528,293.5546,297.3196,301.4046,305.9289,311.0795,442.3151815159744,331.6967787671887,2647.515,299.33820000000014,1458.2893,9.925200000000018
1156,1156,1156.0,1156.0,1156.0,1156.0,1156.0,1156.0,1156.0,1156.0,1156.0,1156.0,1156.0,1156.0,1156.0,1156.0,1156.0,1156.0,1156.0,1156.0,1156.0,1156.0,1156.0,1156.0,1156.0,1156.0,1156.0,1156.0,1156.0,6.0,0.6,404.0355,372.3824,346.3976,325.5572,309.4477,297.6022,289.4531,284.3619,281.6833,280.8315,281.3279,282.8231,285.0955,288.0355,291.6215,295.8964,300.9475,306.8929,313.8766,322.0721,368.17650717653294,275.51136098231734,2946.8532,207.50149999999985,1158.9510999999998,9.925200000000018
1157,1157,1157.0,1157.0,1157.0,1157.0,1157.0,1157.0,1157.0,1157.0,1157.0,1157.0,1157.0,1157.0,1157.0,1157.0,1157.0,1157.0,1157.0,1157.0,1157.0,1157.0,1157.0,1157.0,1157.0,1157.0,1157.0,1157.0,1157.0,7.0,0.7,353.2863,340.9293,330.5043,321.5924,313.9258,307.3536,301.8041,297.2442,293.6426,290.9424,289.0429,287.7947,287.0046,286.4497,285.8997,285.1441,284.0214,282.4455,280.4223,278.0515,463.4828551514223,251.76242329985703,3154.3547,269.2628,951.4496,9.925200000000018
1158,1158,1158.0,1158.0,1158.0,1158.0,1158.0,1158.0,1158.0,1158.0,1158.0,1158.0,1158.0,1158.0,1158.0,1158.0,1158.0,1158.0,1158.0,1158.0,1158.0,1158.0,1158.0,1158.0,1158.0,1158.0,1158.0,1158.0,1158.0,8.0,0.8,425.7393,395.5763,371.1955,351.4605,335.5783,322.9252,312.9602,305.1882,299.1527,294.4371,290.6686,287.5172,284.6924,281.9401,279.0409,275.8131,272.119,267.8719,263.0407,257.6487,231.2364524864058,222.2253817359628,3423.6175,306.0251000000003,682.1868,9.925200000000018
1159,1159,1159.0,1159.0,1159.0,1159.0,1159.0,1159.0,1159.0,1159.0,1159.0,1159.0,1159.0,1159.0,1159.0,1159.0,1159.0,1159.0,1159.0,1159.0,1159.0,1159.0,1159.0,1159.0,1159.0,1159.0,1159.0,1159.0,1159.0,9.0,0.9,247.6879,262.497,274.9259,284.5387,291.229,295.1788,296.773,296.4964,294.8381,292.2187,288.9464,285.2013,281.0421,276.429,271.2549,265.3812,258.6719,251.0231,242.3836,232.7628,178.72894098107008,334.8963645559369,3729.6426,376.16169999999966,376.16169999999966,9.925200000000018
1160,1160,1160.0,1160.0,1160.0,1160.0,1160.0,1160.0,1160.0,1160.0,1160.0,1160.0,1160.0,1160.0,1160.0,1160.0,1160.0,1160.0,1160.0,1160.0,1160.0,1160.0,1160.0,1160.0,1160.0,1160.0,1160.0,1160.0,1160.0,0.0,0.0,273.0,273.0,273.0,273.0,273.0,273.0,273.0,273.0,273.0,273.0,273.0,273.0,273.0,273.0,273.0,273.0,273.0,273.0,273.0,273.0,460.3288326150623,201.6110041613007,0.0,454.4376,3458.1193000000003,-40.0
1161,1161,1161.0,1161.0,1161.0,1161.0,1161.0,1161.0,1161.0,1161.0,1161.0,1161.0,1161.0,1161.0,1161.0,1161.0,1161.0,1161.0,1161.0,1161.0,1161.0,1161.0,1161.0,1161.0,1161.0,1161.0,1161.0,1161.0,1161.0,1.0,0.1,419.0226,385.2646,357.5911,335.1582,317.3635,303.6437,293.3928,285.9555,280.6578,276.8449,273.9086,271.2983,268.5188,265.1256,260.7245,254.9826,247.6496,238.5856,227.7832,215.3739,400.1129539422229,406.3367064882936,454.4376,412.7658,3003.6817,-9.356299999999976
1162,1162,1162.0,1162.0,1162.0,1162.0,1162.0,1162.0,1162.0,1162.0,1162.0,1162.0,1162.0,1162.0,1162.0,1162.0,1162.0,1162.0,1162.0,1162.0,1162.0,1162.0,1162.0,1162.0,1162.0,1162.0,1162.0,1162.0,1162.0,2.0,0.2,378.4439,360.6327,345.7032,332.9731,321.9771,312.4137,304.1048,296.9658,290.9901,286.2464,282.8882,281.166,281.433,284.1327,289.7603,298.8036,311.6757,328.6701,349.9695,375.7413,242.1552421980615,309.3485267123806,867.2034,175.73120000000006,2590.9159,-0.5862999999999943
1163,1163,1163.0,1163.0,1163.0,1163.0,1163.0,1163.0,1163.0,1163.0,1163.0,1163.0,1163.0,1163.0,1163.0,1163.0,1163.0,1163.0,1163.0,1163.0,1163.0,1163.0,1163.0,1163.0,1163.0,1163.0,1163.0,1163.0,1163.0,3.0,0.3,254.4461,265.5168,274.8415,282.1164,287.2885,290.5351,292.2072,292.7541,292.6485,292.3221,292.1195,292.2719,292.8909,293.9804,295.4649,297.2314,299.1771,301.2576,303.5225,306.1319,282.1184030001202,173.87698110561203,1042.9346,246.89549999999983,2415.1847,-22.4649
1164,1164,1164.0,1164.0,1164.0,1164.0,1164.0,1164.0,1164.0,1164.0,1164.0,1164.0,1164.0,1164.0,1164.0,1164.0,1164.0,1164.0,1164.0,1164.0,1164.0,1164.0,1164.0,1164.0,1164.0,1164.0,1164.0,1164.0,1164.0,4.0,0.4,281.7931,281.6987,281.8494,282.2339,282.8102,283.5069,284.2289,284.8605,285.2642,285.2719,284.6698,283.1832,280.4675,276.1143,269.68,260.7385,248.955,234.1663,216.4496,196.1537,380.2275114328186,284.59817402535793,1289.8301,407.3404000000001,2168.2892,-29.493100000000027
1165,1165,1165.0,1165.0,1165.0,1165.0,1165.0,1165.0,1165.0,1165.0,1165.0,1165.0,1165.0,1165.0,1165.0,1165.0,1165.0,1165.0,1165.0,1165.0,1165.0,1165.0,1165.0,1165.0,1165.0,1165.0,1165.0,1165.0,1165.0,5.0,0.5,358.9325,341.0237,326.1247,313.9573,304.2444,296.6627,290.8394,286.3762,282.8893,280.0507,277.6227,275.4802,273.6168,272.1335,271.2086,271.0509,271.8421,273.6816,276.5456,280.275,294.4201227993753,235.4092918135085,1697.1705,365.0298,1760.9488,-16.337300000000027
1166,1166,1166.0,1166.0,1166.0,1166.0,1166.0,1166.0,1166.0,1166.0,1166.0,1166.0,1166.0,1166.0,1166.0,1166.0,1166.0,1166.0,1166.0,1166.0,1166.0,1166.0,1166.0,1166.0,1166.0,1166.0,1166.0,1166.0,1166.0,6.0,0.6,294.2493,294.2222,294.0312,293.4648,292.4222,290.9049,288.9908,286.7982,284.4496,282.0406,279.6191,277.1745,274.6376,271.8887,268.7746,265.1303,260.8059,255.6911,249.7343,242.9499,188.2513352827028,449.0309593946903,2062.2003,373.91370000000006,1395.919,-22.0951
1167,1167,1167.0,1167.0,1167.0,1167.0,1167.0,1167.0,1167.0,1167.0,1167.0,1167.0,1167.0,1167.0,1167.0,1167.0,1167.0,1167.0,1167.0,1167.0,1167.0,1167.0,1167.0,1167.0,1167.0,1167.0,1167.0,1167.0,1167.0,7.0,0.7,206.844,223.6905,238.3036,250.3975,259.9121,266.9968,271.9696,275.2672,277.4043,278.9487,280.5139,282.762,286.4043,292.189,300.869,313.1529,329.6601,350.9098,377.3858,409.7183,176.20084974976817,388.3112893844881,2436.114,322.2874999999999,1022.0052999999998,-46.00319999999999
1168,1168,1168.0,1168.0,1168.0,1168.0,1168.0,1168.0,1168.0,1168.0,1168.0,1168.0,1168.0,1168.0,1168.0,1168.0,1168.0,1168.0,1168.0,1168.0,1168.0,1168.0,1168.0,1168.0,1168.0,1168.0,1168.0,1168.0,1168.0,8.0,0.8,192.5264,207.4714,220.9082,232.7829,243.1262,252.0533,259.7542,266.4767,272.5067,278.1456,283.6906,289.4176,295.5708,302.3617,309.9791,318.6112,328.4789,339.8769,353.2193,369.091,394.5948351960777,199.9389631033855,2758.4015,318.1121000000003,699.7177999999999,-60.94669999999999
1169,1169,1169.0,1169.0,1169.0,1169.0,1169.0,1169.0,1169.0,1169.0,1169.0,1169.0,1169.0,1169.0,1169.0,1169.0,1169.0,1169.0,1169.0,1169.0,1169.0,1169.0,1169.0,1169.0,1169.0,1169.0,1169.0,1169.0,1169.0,9.0,0.9,365.4887,340.7828,320.3758,304.2573,292.3143,284.2412,279.5355,277.5477,277.5516,278.8038,280.5782,282.1745,282.9139,282.1356,279.2128,273.5947,264.8746,252.8716,237.7015,219.8093,376.586494422644,197.7663672205593,3076.5136,381.6056999999996,381.6056999999996,-28.758800000000008
1170,1170,1170.0,1170.0,1170.0,1170.0,1170.0,1170.0,1170.0,1170.0,1170.0,1170.0,1170.0,1170.0,1170.0,1170.0,1170.0,1170.0,1170.0,1170.0,1170.0,1170.0,1170.0,1170.0,1170.0,1170.0,1170.0,1170.0,1170.0,0.0,0.0,273.0,273.0,273.0,273.0,273.0,273.0,273.0,273.0,273.0,273.0,273.0,273.0,273.0,273.0,273.0,273.0,273.0,273.0,273.0,273.0,272.70476108817104,367.961295260249,0.0,408.7018,2108.8261,-40.0
1171,1171,1171.0,1171.0,1171.0,1171.0,1171.0,1171.0,1171.0,1171.0,1171.0,1171.0,1171.0,1171.0,1171.0,1171.0,1171.0,1171.0,1171.0,1171.0,1171.0,1171.0,1171.0,1171.0,1171.0,1171.0,1171.0,1171.0,1171.0,1.0,0.1,272.7653,272.8204,272.8718,272.9234,272.9834,273.0669,273.2005,273.4286,273.8216,274.486,275.5739,277.2903,279.8937,283.6872,288.9991,296.153,305.4374,317.0837,331.2686,348.1526,335.76134575473304,436.56569549580513,408.7018,250.0437,1700.1243000000002,-39.93310000000002
1172,1172,1172.0,1172.0,1172.0,1172.0,1172.0,1172.0,1172.0,1172.0,1172.0,1172.0,1172.0,1172.0,1172.0,1172.0,1172.0,1172.0,1172.0,1172.0,1172.0,1172.0,1172.0,1172.0,1172.0,1172.0,1172.0,1172.0,1172.0,2.0,0.2,322.9894,311.9975,302.758,295.2502,289.4253,285.1959,282.4468,281.0597,280.943,282.0583,284.4405,288.2058,293.551,300.7421,310.0991,321.9803,336.7776,354.9363,377.0145,403.8072,173.43797711735243,403.7197305199098,658.7455,147.23469999999998,1450.0806000000002,-27.804100000000005
1173,1173,1173.0,1173.0,1173.0,1173.0,1173.0,1173.0,1173.0,1173.0,1173.0,1173.0,1173.0,1173.0,1173.0,1173.0,1173.0,1173.0,1173.0,1173.0,1173.0,1173.0,1173.0,1173.0,1173.0,1173.0,1173.0,1173.0,1173.0,3.0,0.3,195.1957,214.9845,232.2331,246.6435,258.2191,267.2329,274.1529,279.5529,284.0279,288.1301,292.3305,297.0056,302.4445,308.8708,316.4744,325.4492,336.036,348.5679,363.5214,381.5794,293.9910988480721,213.0246951894013,805.9802,225.1395,1302.8459000000005,-45.76710000000003
1174,1174,1174.0,1174.0,1174.0,1174.0,1174.0,1174.0,1174.0,1174.0,1174.0,1174.0,1174.0,1174.0,1174.0,1174.0,1174.0,1174.0,1174.0,1174.0,1174.0,1174.0,1174.0,1174.0,1174.0,1174.0,1174.0,1174.0,1174.0,4.0,0.4,287.7614,282.4174,278.288,275.5831,274.3605,274.5277,275.8698,278.091,280.8503,283.7837,286.5075,288.6087,289.6346,289.0935,286.478,281.3168,273.251,262.1212,248.0426,231.4406,417.40016791728914,378.6745677408105,1031.1197,273.33370000000014,1077.7064000000005,-38.47230000000002
1175,1175,1175.0,1175.0,1175.0,1175.0,1175.0,1175.0,1175.0,1175.0,1175.0,1175.0,1175.0,1175.0,1175.0,1175.0,1175.0,1175.0,1175.0,1175.0,1175.0,1175.0,1175.0,1175.0,1175.0,1175.0,1175.0,1175.0,1175.0,5.0,0.5,387.0726,361.8993,341.1455,324.3575,311.1667,301.1862,293.9787,289.0756,286.0232,284.4377,284.0555,284.7663,286.6259,289.8438,294.7456,301.7158,311.1321,323.3112,338.4899,356.8605,250.76069251050816,252.995007495196,1304.4534,180.2431999999999,804.3727000000001,-11.813800000000017
1176,1176,1176.0,1176.0,1176.0,1176.0,1176.0,1176.0,1176.0,1176.0,1176.0,1176.0,1176.0,1176.0,1176.0,1176.0,1176.0,1176.0,1176.0,1176.0,1176.0,1176.0,1176.0,1176.0,1176.0,1176.0,1176.0,1176.0,1176.0,6.0,0.6,260.6138,269.4766,276.8996,282.6297,286.6351,289.083,290.2807,290.6002,290.4031,289.9774,289.4953,288.9933,288.373,287.4237,285.8626,283.39,279.7523,274.8036,268.5513,261.1729,410.2438703341421,455.9285954028003,1484.6966,216.2795000000001,624.1295000000002,-23.916999999999973
1177,1177,1177.0,1177.0,1177.0,1177.0,1177.0,1177.0,1177.0,1177.0,1177.0,1177.0,1177.0,1177.0,1177.0,1177.0,1177.0,1177.0,1177.0,1177.0,1177.0,1177.0,1177.0,1177.0,1177.0,1177.0,1177.0,1177.0,1177.0,7.0,0.7,382.2295,359.0296,339.9997,324.7156,312.8058,303.8725,297.483,293.2062,290.671,289.6257,289.9835,291.8469,295.506,301.4111,310.1211,322.2406,338.3641,359.0584,384.9214,416.7584,211.5790610726418,285.33653243753,1700.9761,92.5471,407.85000000000014,-9.127499999999998
1178,1178,1178.0,1178.0,1178.0,1178.0,1178.0,1178.0,1178.0,1178.0,1178.0,1178.0,1178.0,1178.0,1178.0,1178.0,1178.0,1178.0,1178.0,1178.0,1178.0,1178.0,1178.0,1178.0,1178.0,1178.0,1178.0,1178.0,1178.0,8.0,0.8,229.3434,245.3953,259.1361,270.2472,278.7174,284.806,288.9611,291.7196,293.6096,295.0705,296.4002,297.7286,299.0196,300.0971,300.6947,300.5234,299.3488,297.0652,293.751,289.688,265.07319685651163,399.7917333565527,1793.5232,178.18849999999998,315.30290000000014,-28.194000000000017
1179,1179,1179.0,1179.0,1179.0,1179.0,1179.0,1179.0,1179.0,1179.0,1179.0,1179.0,1179.0,1179.0,1179.0,1179.0,1179.0,1179.0,1179.0,1179.0,1179.0,1179.0,1179.0,1179.0,1179.0,1179.0,1179.0,1179.0,1179.0,9.0,0.9,267.098,269.0899,271.1498,273.3333,275.647,278.0578,280.5146,282.9745,285.4295,287.9295,290.5991,293.6459,297.3604,302.105,308.2931,316.3597,326.7337,339.8227,356.0275,375.8048,296.22289067491306,437.30138679658137,1971.7117,137.11440000000016,137.11440000000016,-34.942200000000014
1180,1180,1180.0,1180.0,1180.0,1180.0,1180.0,1180.0,1180.0,1180.0,1180.0,1180.0,1180.0,1180.0,1180.0,1180.0,1180.0,1180.0,1180.0,1180.0,1180.0,1180.0,1180.0,1180.0,1180.0,1180.0,1180.0,1180.0,1180.0,0.0,0.0,273.0,273.0,273.0,273.0,273.0,273.0,273.0,273.0,273.0,273.0,273.0,273.0,273.0,273.0,273.0,273.0,273.0,273.0,273.0,273.0,384.65949410766,342.3903222984803,0.0,386.8872,2977.2271000000005,-40.0
1181,1181,1181.0,1181.0,1181.0,1181.0,1181.0,1181.0,1181.0,1181.0,1181.0,1181.0,1181.0,1181.0,1181.0,1181.0,1181.0,1181.0,1181.0,1181.0,1181.0,1181.0,1181.0,1181.0,1181.0,1181.0,1181.0,1181.0,1181.0,1.0,0.1,361.1464,341.2478,324.6032,310.9751,300.1356,291.8132,285.6856,281.4057,278.6418,277.1178,276.6439,277.1318,278.5949,281.1334,284.9081,290.106,296.9053,305.4485,315.8316,328.1198,184.50302547264025,426.3319063802312,386.8872,244.25699999999995,2590.3399000000004,-21.186800000000005
1182,1182,1182.0,1182.0,1182.0,1182.0,1182.0,1182.0,1182.0,1182.0,1182.0,1182.0,1182.0,1182.0,1182.0,1182.0,1182.0,1182.0,1182.0,1182.0,1182.0,1182.0,1182.0,1182.0,1182.0,1182.0,1182.0,1182.0,1182.0,2.0,0.2,205.5508,224.5647,240.8652,254.0828,264.1901,271.4657,276.414,279.6689,281.9081,283.7913,285.9276,288.8677,293.1105,299.1152,307.3102,318.0987,331.8668,349.0076,369.9789,395.4167,373.7264440017094,200.90714833745665,631.1442,221.59180000000003,2346.0829000000003,-41.53429999999997
1183,1183,1183.0,1183.0,1183.0,1183.0,1183.0,1183.0,1183.0,1183.0,1183.0,1183.0,1183.0,1183.0,1183.0,1183.0,1183.0,1183.0,1183.0,1183.0,1183.0,1183.0,1183.0,1183.0,1183.0,1183.0,1183.0,1183.0,1183.0,3.0,0.3,351.2706,332.2183,316.528,304.1761,295.0385,288.8432,285.1799,283.5447,283.3892,284.1559,285.2887,286.2241,286.375,285.1248,281.8482,275.9635,267.0166,254.7795,239.3361,221.1245,305.19775609374426,269.4992573341373,852.736,308.9575000000001,2124.4911,-24.156799999999976
1184,1184,1184.0,1184.0,1184.0,1184.0,1184.0,1184.0,1184.0,1184.0,1184.0,1184.0,1184.0,1184.0,1184.0,1184.0,1184.0,1184.0,1184.0,1184.0,1184.0,1184.0,1184.0,1184.0,1184.0,1184.0,1184.0,1184.0,1184.0,4.0,0.4,302.1185,299.5742,297.334,295.2354,293.1869,291.1568,289.1516,287.1917,285.2916,283.4503,281.6531,279.883,278.1355,276.4305,274.8158,273.3582,272.1245,271.1563,270.4479,269.9349,296.5683408048134,353.6340571877415,1161.6935,304.29039999999986,1815.5336,-21.843200000000024
1185,1185,1185.0,1185.0,1185.0,1185.0,1185.0,1185.0,1185.0,1185.0,1185.0,1185.0,1185.0,1185.0,1185.0,1185.0,1185.0,1185.0,1185.0,1185.0,1185.0,1185.0,1185.0,1185.0,1185.0,1185.0,1185.0,1185.0,1185.0,5.0,0.5,294.2741,292.395,290.7983,289.3789,288.0634,286.8109,285.614,284.4991,283.5288,282.8055,282.4766,282.7374,283.8305,286.0361,289.6524,294.968,302.2309,311.6258,323.2699,337.2401,346.2631486159022,305.6681717601732,1465.9839,216.3537000000001,1511.2432,-26.1891
1186,1186,1186.0,1186.0,1186.0,1186.0,1186.0,1186.0,1186.0,1186.0,1186.0,1186.0,1186.0,1186.0,1186.0,1186.0,1186.0,1186.0,1186.0,1186.0,1186.0,1186.0,1186.0,1186.0,1186.0,1186.0,1186.0,1186.0,1186.0,6.0,0.6,333.017,321.799,312.4271,304.7592,298.6571,293.97,290.5344,288.1837,286.7591,286.118,286.1364,286.7055,287.727,289.109,290.7675,292.6349,294.6739,296.894,299.3653,302.224,190.0753932826539,330.8424691067008,1682.3376,224.1090999999999,1294.8895,-19.029999999999973
1187,1187,1187.0,1187.0,1187.0,1187.0,1187.0,1187.0,1187.0,1187.0,1187.0,1187.0,1187.0,1187.0,1187.0,1187.0,1187.0,1187.0,1187.0,1187.0,1187.0,1187.0,1187.0,1187.0,1187.0,1187.0,1187.0,1187.0,1187.0,7.0,0.7,209.751,227.5806,242.9975,255.6864,265.6079,272.9676,278.1481,281.6281,283.907,285.4511,286.6626,287.8712,289.3411,291.2851,293.8799,297.2774,301.6132,307.0116,313.5926,321.4841,417.4579700287451,239.96013490198607,1906.4467,272.7015000000001,1070.7804,-40.0324
1188,1188,1188.0,1188.0,1188.0,1188.0,1188.0,1188.0,1188.0,1188.0,1188.0,1188.0,1188.0,1188.0,1188.0,1188.0,1188.0,1188.0,1188.0,1188.0,1188.0,1188.0,1188.0,1188.0,1188.0,1188.0,1188.0,1188.0,1188.0,8.0,0.8,385.3229,358.5363,336.5561,319.0673,305.7511,296.1748,289.7748,285.9005,283.8782,283.0699,282.906,282.8946,282.6112,281.6854,279.7942,276.6693,272.1193,266.059,258.5346,249.7323,235.7136713667028,206.61763271976127,2179.1482,339.5926999999997,798.0789,-16.825199999999995
1189,1189,1189.0,1189.0,1189.0,1189.0,1189.0,1189.0,1189.0,1189.0,1189.0,1189.0,1189.0,1189.0,1189.0,1189.0,1189.0,1189.0,1189.0,1189.0,1189.0,1189.0,1189.0,1189.0,1189.0,1189.0,1189.0,1189.0,1189.0,9.0,0.9,247.9931,258.9962,268.2275,275.4028,280.4715,283.5866,285.039,285.1764,284.3271,282.7435,280.5696,277.8342,274.4631,270.3056,265.1693,258.8583,251.2099,242.1268,231.5981,219.7066,326.961002512182,271.59677614365995,2518.7409,458.4862000000003,458.4862000000003,-29.413400000000024
1190,1190,1190.0,1190.0,1190.0,1190.0,1190.0,1190.0,1190.0,1190.0,1190.0,1190.0,1190.0,1190.0,1190.0,1190.0,1190.0,1190.0,1190.0,1190.0,1190.0,1190.0,1190.0,1190.0,1190.0,1190.0,1190.0,1190.0,1190.0,0.0,0.0,273.0,273.0,273.0,273.0,273.0,273.0,273.0,273.0,273.0,273.0,273.0,273.0,273.0,273.0,273.0,273.0,273.0,273.0,273.0,273.0,279.8393653357898,266.7819235215755,0.0,448.0059,2265.437,6.086200000000019
1191,1191,1191.0,1191.0,1191.0,1191.0,1191.0,1191.0,1191.0,1191.0,1191.0,1191.0,1191.0,1191.0,1191.0,1191.0,1191.0,1191.0,1191.0,1191.0,1191.0,1191.0,1191.0,1191.0,1191.0,1191.0,1191.0,1191.0,1191.0,1.0,0.1,278.4762,277.2752,276.2454,275.3898,274.7029,274.1703,273.7702,273.4761,273.259,273.0892,272.9373,272.7743,272.5716,272.3007,271.9343,271.4476,270.8208,270.0409,269.1038,268.0138,267.0419229714551,360.0170107204293,448.0059,415.9148,1817.4311,6.086200000000019
1192,1192,1192.0,1192.0,1192.0,1192.0,1192.0,1192.0,1192.0,1192.0,1192.0,1192.0,1192.0,1192.0,1192.0,1192.0,1192.0,1192.0,1192.0,1192.0,1192.0,1192.0,1192.0,1192.0,1192.0,1192.0,1192.0,1192.0,1192.0,2.0,0.2,268.4626,269.7219,270.789,271.6488,272.3065,272.7896,273.1479,273.4546,273.8086,274.3398,275.2168,276.6525,278.9057,282.2741,287.0754,293.6196,302.1779,312.9597,326.1107,341.7451,349.60498777869475,394.25488339561457,863.9207,267.8133999999999,1401.5162999999998,6.086200000000019
1193,1193,1193.0,1193.0,1193.0,1193.0,1193.0,1193.0,1193.0,1193.0,1193.0,1193.0,1193.0,1193.0,1193.0,1193.0,1193.0,1193.0,1193.0,1193.0,1193.0,1193.0,1193.0,1193.0,1193.0,1193.0,1193.0,1193.0,1193.0,3.0,0.3,333.7424,320.1479,308.7419,299.4679,292.2388,286.9178,283.3262,281.2699,280.5725,281.1042,282.8022,285.6781,289.8156,295.3593,302.5008,311.4643,322.4994,335.8876,351.969,371.2007,303.7669721577031,472.61606560409314,1131.7341,128.96500000000017,1133.7029,6.086200000000019
1194,1194,1194.0,1194.0,1194.0,1194.0,1194.0,1194.0,1194.0,1194.0,1194.0,1194.0,1194.0,1194.0,1194.0,1194.0,1194.0,1194.0,1194.0,1194.0,1194.0,1194.0,1194.0,1194.0,1194.0,1194.0,1194.0,1194.0,1194.0,4.0,0.4,300.4549,297.7134,295.3862,293.3811,291.6775,290.3232,289.4236,289.1284,289.6192,291.1039,293.8159,298.0189,304.0118,312.134,322.7672,336.3415,353.3535,374.4144,400.3535,432.4147,416.40982315475776,232.0573266655319,1260.6991,75.63210000000004,1004.7379,6.086200000000019
1195,1195,1195.0,1195.0,1195.0,1195.0,1195.0,1195.0,1195.0,1195.0,1195.0,1195.0,1195.0,1195.0,1195.0,1195.0,1195.0,1195.0,1195.0,1195.0,1195.0,1195.0,1195.0,1195.0,1195.0,1195.0,1195.0,1195.0,1195.0,5.0,0.5,388.0411,364.7413,345.7334,330.5265,318.7438,310.0268,303.9947,300.2352,298.3083,297.7491,298.0611,298.7049,299.0898,298.5796,296.5241,292.3205,285.4995,275.8213,263.3569,248.5244,209.1571585180515,278.56845154059494,1336.3312,181.2733999999998,929.1057999999998,6.086200000000019
1196,1196,1196.0,1196.0,1196.0,1196.0,1196.0,1196.0,1196.0,1196.0,1196.0,1196.0,1196.0,1196.0,1196.0,1196.0,1196.0,1196.0,1196.0,1196.0,1196.0,1196.0,1196.0,1196.0,1196.0,1196.0,1196.0,1196.0,1196.0,6.0,0.6,228.1543,245.3384,260.0426,271.8892,280.8131,287.0197,290.9004,292.9345,293.6016,293.3209,292.4204,291.1355,289.6256,287.999,286.3366,284.7063,283.1678,281.7686,280.5368,279.4762,173.33498645226635,317.4049611362225,1517.6046,307.0417000000002,747.8324,6.086200000000019
1197,1197,1197.0,1197.0,1197.0,1197.0,1197.0,1197.0,1197.0,1197.0,1197.0,1197.0,1197.0,1197.0,1197.0,1197.0,1197.0,1197.0,1197.0,1197.0,1197.0,1197.0,1197.0,1197.0,1197.0,1197.0,1197.0,1197.0,1197.0,7.0,0.7,192.8633,210.7543,226.676,240.4212,251.9221,261.242,268.5518,274.0984,278.1745,281.0942,283.1762,284.7345,286.0735,287.4838,289.2359,291.5714,294.6923,298.7519,303.853,310.0567,450.0888177953157,460.564458733462,1824.6463,299.41740000000004,440.7906999999998,6.086200000000019
1198,1198,1198.0,1198.0,1198.0,1198.0,1198.0,1198.0,1198.0,1198.0,1198.0,1198.0,1198.0,1198.0,1198.0,1198.0,1198.0,1198.0,1198.0,1198.0,1198.0,1198.0,1198.0,1198.0,1198.0,1198.0,1198.0,1198.0,1198.0,8.0,0.8,408.8358,374.7599,346.8823,324.7024,307.8139,295.7174,287.7791,283.2871,281.5513,282.0047,284.2781,288.2356,293.9722,301.7792,312.0911,325.4261,342.3429,363.4375,389.4117,421.2509,327.8067683854408,433.519763200429,2124.0637,72.3481999999999,141.37329999999974,6.086200000000019
1199,1199,1199.0,1199.0,1199.0,1199.0,1199.0,1199.0,1199.0,1199.0,1199.0,1199.0,1199.0,1199.0,1199.0,1199.0,1199.0,1199.0,1199.0,1199.0,1199.0,1199.0,1199.0,1199.0,1199.0,1199.0,1199.0,1199.0,1199.0,9.0,0.9,321.8358,316.93,312.6988,308.8959,305.4304,302.3524,299.8182,298.0451,297.2675,297.7029,299.5325,302.8981,307.9109,314.6714,323.2968,333.9547,346.9047,362.5498,381.5046,404.6951,436.7492800010693,260.46721651255984,2196.4119,69.02509999999984,69.02509999999984,6.086200000000019
1200,1200,1200.0,1200.0,1200.0,1200.0,1200.0,1200.0,1200.0,1200.0,1200.0,1200.0,1200.0,1200.0,1200.0,1200.0,1200.0,1200.0,1200.0,1200.0,1200.0,1200.0,1200.0,1200.0,1200.0,1200.0,1200.0,1200.0,1200.0,0.0,0.0,273.0,273.0,273.0,273.0,273.0,273.0,273.0,273.0,273.0,273.0,273.0,273.0,273.0,273.0,273.0,273.0,273.0,273.0,273.0,273.0,285.20790969000194,243.36055679302663,0.0,458.2102,2761.6118,-40.0
1201,1201,1201.0,1201.0,1201.0,1201.0,1201.0,1201.0,1201.0,1201.0,1201.0,1201.0,1201.0,1201.0,1201.0,1201.0,1201.0,1201.0,1201.0,1201.0,1201.0,1201.0,1201.0,1201.0,1201.0,1201.0,1201.0,1201.0,1201.0,1.0,0.1,282.7682,280.6221,278.7833,277.2547,276.0243,275.0629,274.3267,273.7595,273.2957,272.8611,272.3726,271.737,270.8501,269.5991,267.8679,265.5479,262.5505,258.8212,254.3495,249.1711,215.06407908283907,414.8210692346504,458.2102,456.0737,2303.4016,-37.93709999999999
1202,1202,1202.0,1202.0,1202.0,1202.0,1202.0,1202.0,1202.0,1202.0,1202.0,1202.0,1202.0,1202.0,1202.0,1202.0,1202.0,1202.0,1202.0,1202.0,1202.0,1202.0,1202.0,1202.0,1202.0,1202.0,1202.0,1202.0,1202.0,2.0,0.2,226.711,237.1631,246.1878,253.6601,259.5792,264.0616,267.3205,269.6404,271.357,272.8474,274.5322,276.8815,280.4189,285.7113,293.342,303.8679,317.7747,335.4548,357.2351,383.4842,249.25662925025424,293.4954745100368,914.2839,350.8954,1847.3279,-48.9384
1203,1203,1203.0,1203.0,1203.0,1203.0,1203.0,1203.0,1203.0,1203.0,1203.0,1203.0,1203.0,1203.0,1203.0,1203.0,1203.0,1203.0,1203.0,1203.0,1203.0,1203.0,1203.0,1203.0,1203.0,1203.0,1203.0,1203.0,1203.0,3.0,0.3,251.9871,254.4438,256.7739,259.0904,261.4689,263.9528,266.563,269.3078,272.188,275.1943,278.2986,281.441,284.5209,287.3969,289.9015,291.8721,293.1937,293.8436,293.927,293.6887,286.66478965264673,334.1996136436968,1265.1793,345.5752,1496.4325,-49.047199999999975
1204,1204,1204.0,1204.0,1204.0,1204.0,1204.0,1204.0,1204.0,1204.0,1204.0,1204.0,1204.0,1204.0,1204.0,1204.0,1204.0,1204.0,1204.0,1204.0,1204.0,1204.0,1204.0,1204.0,1204.0,1204.0,1204.0,1204.0,1204.0,4.0,0.4,282.728,279.2719,276.4437,274.346,273.0226,272.4581,272.5897,273.3256,274.5674,276.2304,278.2602,280.6436,283.4136,286.6485,290.4651,295.0074,300.433,306.9021,314.5728,323.6084,219.58939713054588,282.99433872342365,1610.7545,326.6134,1150.8573,-40.5419
1205,1205,1205.0,1205.0,1205.0,1205.0,1205.0,1205.0,1205.0,1205.0,1205.0,1205.0,1205.0,1205.0,1205.0,1205.0,1205.0,1205.0,1205.0,1205.0,1205.0,1205.0,1205.0,1205.0,1205.0,1205.0,1205.0,1205.0,1205.0,5.0,0.5,230.2991,239.9397,248.3462,255.4462,261.2714,265.9465,269.6611,272.6339,275.0768,277.1662,279.0243,280.7115,282.2285,283.5284,284.536,285.1732,285.3867,285.1736,284.6,283.8058,190.8402054073684,445.8475524044984,1937.3679,408.38649999999984,824.2439000000002,-47.05349999999999
1206,1206,1206.0,1206.0,1206.0,1206.0,1206.0,1206.0,1206.0,1206.0,1206.0,1206.0,1206.0,1206.0,1206.0,1206.0,1206.0,1206.0,1206.0,1206.0,1206.0,1206.0,1206.0,1206.0,1206.0,1206.0,1206.0,1206.0,1206.0,6.0,0.6,204.9393,217.7562,229.1634,239.1043,247.6026,254.761,260.7526,265.81,270.2188,274.3164,278.4974,283.2199,289.0071,296.4378,306.123,318.6734,334.6718,354.6741,379.2707,409.2411,396.9412906072954,439.2085781256301,2345.7544,254.89200000000028,415.8574000000003,-58.239
1207,1207,1207.0,1207.0,1207.0,1207.0,1207.0,1207.0,1207.0,1207.0,1207.0,1207.0,1207.0,1207.0,1207.0,1207.0,1207.0,1207.0,1207.0,1207.0,1207.0,1207.0,1207.0,1207.0,1207.0,1207.0,1207.0,1207.0,1207.0,7.0,0.7,367.7493,343.0064,322.534,306.2778,294.123,285.8105,280.9383,279.0176,279.5509,282.1035,286.3516,292.1031,299.2957,307.9837,318.3233,330.5655,345.0656,362.3154,383.0054,408.1362,391.37217898121867,435.0033296240409,2600.6464,71.06590000000006,160.96540000000005,-27.18950000000001
1208,1208,1208.0,1208.0,1208.0,1208.0,1208.0,1208.0,1208.0,1208.0,1208.0,1208.0,1208.0,1208.0,1208.0,1208.0,1208.0,1208.0,1208.0,1208.0,1208.0,1208.0,1208.0,1208.0,1208.0,1208.0,1208.0,1208.0,1208.0,8.0,0.8,369.7217,351.7752,336.9072,324.7182,314.9482,307.4201,302.0015,298.5827,297.0647,297.3573,299.383,303.0864,308.4455,315.4859,324.2979,335.057,348.0514,363.7212,382.7182,406.0018,258.60599487782065,430.048490573596,2671.7123,36.13130000000001,89.89949999999999,-5.579900000000009
1209,1209,1209.0,1209.0,1209.0,1209.0,1209.0,1209.0,1209.0,1209.0,1209.0,1209.0,1209.0,1209.0,1209.0,1209.0,1209.0,1209.0,1209.0,1209.0,1209.0,1209.0,1209.0,1209.0,1209.0,1209.0,1209.0,1209.0,1209.0,9.0,0.9,267.3727,275.3902,282.2958,287.8932,292.1771,295.3178,297.6174,299.453,301.2216,303.2982,306.0111,309.6367,314.4083,320.5368,328.2379,337.7647,349.4452,363.7288,381.2478,402.9101,246.80991613121145,276.04899149028404,2707.8436,53.76819999999998,53.76819999999998,-17.682200000000023
1210,1210,1210.0,1210.0,1210.0,1210.0,1210.0,1210.0,1210.0,1210.0,1210.0,1210.0,1210.0,1210.0,1210.0,1210.0,1210.0,1210.0,1210.0,1210.0,1210.0,1210.0,1210.0,1210.0,1210.0,1210.0,1210.0,1210.0,1210.0,0.0,0.0,273.0,273.0,273.0,273.0,273.0,273.0,273.0,273.0,273.0,273.0,273.0,273.0,273.0,273.0,273.0,273.0,273.0,273.0,273.0,273.0,396.9399526138111,225.97233348656084,0.0,440.8198,1901.2861,-40.0
1211,1211,1211.0,1211.0,1211.0,1211.0,1211.0,1211.0,1211.0,1211.0,1211.0,1211.0,1211.0,1211.0,1211.0,1211.0,1211.0,1211.0,1211.0,1211.0,1211.0,1211.0,1211.0,1211.0,1211.0,1211.0,1211.0,1211.0,1211.0,1.0,0.1,370.6512,348.5204,330.0619,314.9622,302.9371,293.6572,286.7294,281.7123,278.1479,275.5918,273.6334,271.9031,270.0709,267.842,264.9562,261.1932,256.386,250.4364,243.3277,235.1268,402.1381882938185,253.3553685855712,440.8198,441.72440000000006,1460.4663,-19.34280000000001
1212,1212,1212.0,1212.0,1212.0,1212.0,1212.0,1212.0,1212.0,1212.0,1212.0,1212.0,1212.0,1212.0,1212.0,1212.0,1212.0,1212.0,1212.0,1212.0,1212.0,1212.0,1212.0,1212.0,1212.0,1212.0,1212.0,1212.0,1212.0,2.0,0.2,378.3201,358.5967,342.1094,328.2662,316.6371,306.8877,298.7383,291.9409,286.2683,281.5118,277.4836,274.022,270.9951,268.3023,265.8702,263.6442,261.5752,259.6051,257.6546,255.6162,379.667604517935,327.113655525612,882.5442,367.0246,1018.7419,-6.112300000000005
1213,1213,1213.0,1213.0,1213.0,1213.0,1213.0,1213.0,1213.0,1213.0,1213.0,1213.0,1213.0,1213.0,1213.0,1213.0,1213.0,1213.0,1213.0,1213.0,1213.0,1213.0,1213.0,1213.0,1213.0,1213.0,1213.0,1213.0,1213.0,3.0,0.3,362.2569,347.8571,335.7623,325.4584,316.5757,308.8556,302.126,296.2827,291.2764,287.106,283.8161,281.4966,280.2799,280.3321,281.8352,284.961,289.8405,296.5384,305.041,315.2687,223.86748394741,432.7527303806472,1249.5688,209.9110000000001,651.7173,-4.144400000000019
1214,1214,1214.0,1214.0,1214.0,1214.0,1214.0,1214.0,1214.0,1214.0,1214.0,1214.0,1214.0,1214.0,1214.0,1214.0,1214.0,1214.0,1214.0,1214.0,1214.0,1214.0,1214.0,1214.0,1214.0,1214.0,1214.0,1214.0,1214.0,4.0,0.4,239.0546,252.7405,264.3732,273.6359,280.4768,285.0874,287.8486,289.2638,289.8974,290.3298,291.1332,292.8621,296.0535,301.2266,308.8773,319.4697,333.4322,351.1759,373.1565,400.0039,457.70745614790553,404.1425973113173,1459.4798,111.53149999999982,441.8063,-27.9126
1215,1215,1215.0,1215.0,1215.0,1215.0,1215.0,1215.0,1215.0,1215.0,1215.0,1215.0,1215.0,1215.0,1215.0,1215.0,1215.0,1215.0,1215.0,1215.0,1215.0,1215.0,1215.0,1215.0,1215.0,1215.0,1215.0,1215.0,1215.0,5.0,0.5,417.6556,385.1138,358.7654,337.857,321.835,310.1608,302.2526,297.5044,295.3389,295.2623,296.8989,300.0018,304.4443,310.2012,317.3326,325.9756,336.3506,348.7816,363.7333,381.8695,314.1810386524184,375.4006040670679,1571.0113,60.83590000000004,330.27480000000014,-2.8392000000000053
1216,1216,1216.0,1216.0,1216.0,1216.0,1216.0,1216.0,1216.0,1216.0,1216.0,1216.0,1216.0,1216.0,1216.0,1216.0,1216.0,1216.0,1216.0,1216.0,1216.0,1216.0,1216.0,1216.0,1216.0,1216.0,1216.0,1216.0,1216.0,6.0,0.6,312.6616,311.7046,310.8791,309.9068,308.6808,307.2519,305.7883,304.5231,303.7013,303.5395,304.2022,305.796,308.3789,311.9803,316.628,322.3783,329.346,337.7349,347.8654,360.2043,288.424605093935,311.8887009108589,1631.8472,57.73739999999998,269.4389000000001,-5.748100000000022
1217,1217,1217.0,1217.0,1217.0,1217.0,1217.0,1217.0,1217.0,1217.0,1217.0,1217.0,1217.0,1217.0,1217.0,1217.0,1217.0,1217.0,1217.0,1217.0,1217.0,1217.0,1217.0,1217.0,1217.0,1217.0,1217.0,1217.0,1217.0,7.0,0.7,289.8936,291.5168,293.1241,294.5961,295.8729,296.9515,297.8746,298.7129,299.545,300.4383,301.4333,302.5339,303.7062,304.8858,305.9948,306.9678,307.7821,308.4876,309.228,310.2492,408.03291552838266,383.2281224569937,1689.5846,102.9159000000002,211.70150000000007,-16.04849999999999
1218,1218,1218.0,1218.0,1218.0,1218.0,1218.0,1218.0,1218.0,1218.0,1218.0,1218.0,1218.0,1218.0,1218.0,1218.0,1218.0,1218.0,1218.0,1218.0,1218.0,1218.0,1218.0,1218.0,1218.0,1218.0,1218.0,1218.0,1218.0,8.0,0.8,381.9848,360.5957,343.189,329.3085,318.5711,310.5924,304.9692,301.2966,299.2035,298.3892,298.6506,299.8974,302.1527,305.5414,310.2693,316.5967,324.8136,335.2245,348.1541,363.9836,316.0229904762166,450.5612439560217,1792.5005,73.41239999999993,108.78559999999992,-2.407600000000002
1219,1219,1219.0,1219.0,1219.0,1219.0,1219.0,1219.0,1219.0,1219.0,1219.0,1219.0,1219.0,1219.0,1219.0,1219.0,1219.0,1219.0,1219.0,1219.0,1219.0,1219.0,1219.0,1219.0,1219.0,1219.0,1219.0,1219.0,1219.0,9.0,0.9,313.4139,311.52,309.982,308.5558,307.1265,305.702,304.3897,303.3672,302.8548,303.0953,304.3462,306.8798,310.9887,316.9932,325.2452,336.1346,350.1015,367.6707,389.5247,416.6443,335.3130505243928,287.15857334172034,1865.9129,35.3732,35.3732,-7.298000000000002
1220,1220,1220.0,1220.0,1220.0,1220.0,1220.0,1220.0,1220.0,1220.0,1220.0,1220.0,1220.0,1220.0,1220.0,1220.0,1220.0,1220.0,1220.0,1220.0,1220.0,1220.0,1220.0,1220.0,1220.0,1220.0,1220.0,1220.0,1220.0,0.0,0.0,273.0,273.0,273.0,273.0,273.0,273.0,273.0,273.0,273.0,273.0,273.0,273.0,273.0,273.0,273.0,273.0,273.0,273.0,273.0,273.0,293.2999288745093,361.2811122537122,0.0,402.7213,2631.2739,-40.0
1221,1221,1221.0,1221.0,1221.0,1221.0,1221.0,1221.0,1221.0,1221.0,1221.0,1221.0,1221.0,1221.0,1221.0,1221.0,1221.0,1221.0,1221.0,1221.0,1221.0,1221.0,1221.0,1221.0,1221.0,1221.0,1221.0,1221.0,1221.0,1.0,0.1,289.2299,285.662,282.6162,280.0998,278.102,276.5952,275.5434,274.9168,274.7082,274.9488,275.7231,277.1766,279.5168,283.003,287.9259,294.5773,303.2191,314.0599,327.2544,342.9348,227.7027612578185,370.53188617621873,402.7213,287.80710000000005,2228.5526,-36.40480000000002
1222,1222,1222.0,1222.0,1222.0,1222.0,1222.0,1222.0,1222.0,1222.0,1222.0,1222.0,1222.0,1222.0,1222.0,1222.0,1222.0,1222.0,1222.0,1222.0,1222.0,1222.0,1222.0,1222.0,1222.0,1222.0,1222.0,1222.0,1222.0,2.0,0.2,237.3659,246.0443,253.5626,259.8417,264.9135,268.9149,272.0642,274.6316,276.9082,279.1829,281.7277,284.791,288.5983,293.3554,299.2548,306.4833,315.2319,325.7111,338.1751,352.9585,352.3063787858568,192.1533200372033,690.5284,285.51789999999994,1940.7455,-44.08510000000001
1223,1223,1223.0,1223.0,1223.0,1223.0,1223.0,1223.0,1223.0,1223.0,1223.0,1223.0,1223.0,1223.0,1223.0,1223.0,1223.0,1223.0,1223.0,1223.0,1223.0,1223.0,1223.0,1223.0,1223.0,1223.0,1223.0,1223.0,1223.0,3.0,0.3,334.9369,320.0618,307.7018,297.8663,290.4789,285.3475,282.1713,280.5692,280.1116,280.3425,280.786,280.941,280.2736,278.2191,274.2067,267.7101,258.323,245.8441,230.3503,212.2297,280.7109637137691,356.3651919742266,976.0463,349.5890999999999,1655.2276000000002,-27.65249999999997
1224,1224,1224.0,1224.0,1224.0,1224.0,1224.0,1224.0,1224.0,1224.0,1224.0,1224.0,1224.0,1224.0,1224.0,1224.0,1224.0,1224.0,1224.0,1224.0,1224.0,1224.0,1224.0,1224.0,1224.0,1224.0,1224.0,1224.0,1224.0,4.0,0.4,281.8878,282.9969,283.8412,284.2927,284.3034,283.8985,283.1594,282.2044,281.1747,280.2327,279.5719,279.4332,280.1184,281.9906,285.4539,290.9116,298.7103,309.0898,322.16,337.9249,461.8857888969763,207.66590446413167,1325.6354,295.53520000000003,1305.6385000000002,-29.101499999999987
1225,1225,1225.0,1225.0,1225.0,1225.0,1225.0,1225.0,1225.0,1225.0,1225.0,1225.0,1225.0,1225.0,1225.0,1225.0,1225.0,1225.0,1225.0,1225.0,1225.0,1225.0,1225.0,1225.0,1225.0,1225.0,1225.0,1225.0,1225.0,5.0,0.5,421.3385,388.426,361.611,339.9879,322.9141,309.8151,300.1019,293.1584,288.3611,285.1019,282.8003,280.9006,278.8615,276.1497,272.2495,266.6935,259.1142,249.3042,237.2673,223.2398,377.7969889080695,404.50321376477496,1621.1706,314.4594000000002,1010.1033000000002,-3.184900000000028
1226,1226,1226.0,1226.0,1226.0,1226.0,1226.0,1226.0,1226.0,1226.0,1226.0,1226.0,1226.0,1226.0,1226.0,1226.0,1226.0,1226.0,1226.0,1226.0,1226.0,1226.0,1226.0,1226.0,1226.0,1226.0,1226.0,1226.0,1226.0,6.0,0.6,361.9612,348.9637,338.0308,328.6053,320.3134,312.933,306.3606,300.5823,295.6529,291.6886,288.8725,287.4662,287.8179,290.3553,295.5558,303.8963,315.794,331.5661,351.4364,375.6197,312.2614701810409,295.3921011653338,1935.63,143.56439999999975,695.6439,-0.0670000000000072
1227,1227,1227.0,1227.0,1227.0,1227.0,1227.0,1227.0,1227.0,1227.0,1227.0,1227.0,1227.0,1227.0,1227.0,1227.0,1227.0,1227.0,1227.0,1227.0,1227.0,1227.0,1227.0,1227.0,1227.0,1227.0,1227.0,1227.0,1227.0,7.0,0.7,310.0306,308.4047,307.0275,305.6467,304.1278,302.4498,300.6832,298.9576,297.4244,296.2209,295.4396,295.1071,295.1748,295.5241,295.987,296.3825,296.5609,296.4498,296.0893,295.6446,322.82204391926734,281.6214012492053,2079.1944,163.42020000000002,552.0795000000003,-10.550200000000018
1228,1228,1228.0,1228.0,1228.0,1228.0,1228.0,1228.0,1228.0,1228.0,1228.0,1228.0,1228.0,1228.0,1228.0,1228.0,1228.0,1228.0,1228.0,1228.0,1228.0,1228.0,1228.0,1228.0,1228.0,1228.0,1228.0,1228.0,1228.0,8.0,0.8,316.4653,311.2571,307.0031,303.5422,300.7377,298.4723,296.6451,295.1697,293.9712,292.9831,292.1437,291.3929,290.6704,289.9168,289.0775,288.1096,286.9906,285.7261,284.3557,282.9531,174.13716371936715,472.3596930234792,2242.6146,202.3987000000002,388.65930000000026,-14.527699999999982
1229,1229,1229.0,1229.0,1229.0,1229.0,1229.0,1229.0,1229.0,1229.0,1229.0,1229.0,1229.0,1229.0,1229.0,1229.0,1229.0,1229.0,1229.0,1229.0,1229.0,1229.0,1229.0,1229.0,1229.0,1229.0,1229.0,1229.0,1229.0,9.0,0.9,196.8821,217.598,235.6503,250.6755,262.6082,271.6537,278.2237,282.8624,286.184,288.8328,291.4675,294.7632,299.417,306.1479,315.6818,328.7255,345.9489,368.003,395.6163,429.818,242.95048690311268,395.48691778433374,2445.0133,186.26060000000007,186.26060000000007,-41.34629999999999
1230,1230,1230.0,1230.0,1230.0,1230.0,1230.0,1230.0,1230.0,1230.0,1230.0,1230.0,1230.0,1230.0,1230.0,1230.0,1230.0,1230.0,1230.0,1230.0,1230.0,1230.0,1230.0,1230.0,1230.0,1230.0,1230.0,1230.0,1230.0,0.0,0.0,273.0,273.0,273.0,273.0,273.0,273.0,273.0,273.0,273.0,273.0,273.0,273.0,273.0,273.0,273.0,273.0,273.0,273.0,273.0,273.0,284.44336900840165,222.06564755765623,0.0,470.5983,2489.4708,22.725799999999992
1231,1231,1231.0,1231.0,1231.0,1231.0,1231.0,1231.0,1231.0,1231.0,1231.0,1231.0,1231.0,1231.0,1231.0,1231.0,1231.0,1231.0,1231.0,1231.0,1231.0,1231.0,1231.0,1231.0,1231.0,1231.0,1231.0,1231.0,1231.0,1.0,0.1,282.1568,280.1445,278.419,276.9824,275.8213,274.9049,274.1856,273.6,273.0689,272.4962,271.7653,270.7363,269.2449,267.1067,264.1285,260.1274,254.9559,248.5273,240.8356,231.9624,386.4502887521553,417.7176155738727,470.5983,434.6399,2018.8725,22.725799999999992
1232,1232,1232.0,1232.0,1232.0,1232.0,1232.0,1232.0,1232.0,1232.0,1232.0,1232.0,1232.0,1232.0,1232.0,1232.0,1232.0,1232.0,1232.0,1232.0,1232.0,1232.0,1232.0,1232.0,1232.0,1232.0,1232.0,1232.0,1232.0,2.0,0.2,362.853,342.9064,326.1924,312.4304,301.366,292.7193,286.1796,281.4344,278.2158,276.351,275.8034,276.6976,279.3216,284.1012,291.5489,302.1937,316.5108,334.8799,357.6033,385.017,374.80080622992585,238.16481787097547,905.2382,211.39059999999995,1584.2326,22.725799999999992
1233,1233,1233.0,1233.0,1233.0,1233.0,1233.0,1233.0,1233.0,1233.0,1233.0,1233.0,1233.0,1233.0,1233.0,1233.0,1233.0,1233.0,1233.0,1233.0,1233.0,1233.0,1233.0,1233.0,1233.0,1233.0,1233.0,1233.0,1233.0,3.0,0.3,357.1215,342.3567,329.9577,319.5463,310.8629,303.7276,298.0091,293.5953,290.3665,288.1682,286.7871,285.9329,285.2307,284.2316,282.4453,279.395,274.6905,268.103,259.6254,249.4949,416.2848537497002,401.6921152826783,1116.6288,239.8982000000001,1372.842,22.725799999999992
1234,1234,1234.0,1234.0,1234.0,1234.0,1234.0,1234.0,1234.0,1234.0,1234.0,1234.0,1234.0,1234.0,1234.0,1234.0,1234.0,1234.0,1234.0,1234.0,1234.0,1234.0,1234.0,1234.0,1234.0,1234.0,1234.0,1234.0,1234.0,4.0,0.4,389.8852,368.3306,350.6167,336.0608,324.1644,314.5344,306.8459,300.8311,296.2866,293.0888,291.2131,290.7479,291.8983,294.9735,300.3557,308.4532,319.6498,334.2716,352.5932,374.9101,417.4471052500725,339.4546897514391,1356.527,142.41359999999986,1132.9438,22.725799999999992
1235,1235,1235.0,1235.0,1235.0,1235.0,1235.0,1235.0,1235.0,1235.0,1235.0,1235.0,1235.0,1235.0,1235.0,1235.0,1235.0,1235.0,1235.0,1235.0,1235.0,1235.0,1235.0,1235.0,1235.0,1235.0,1235.0,1235.0,1235.0,5.0,0.5,392.2806,371.9482,355.3497,341.7351,330.5813,321.518,314.2795,308.672,304.5503,301.7993,300.3188,300.0124,300.7803,302.5194,305.1319,308.5423,312.7211,317.7104,323.6469,330.7756,447.95182421085485,405.64096496710783,1498.9406,149.65460000000007,990.5302,22.725799999999992
1236,1236,1236.0,1236.0,1236.0,1236.0,1236.0,1236.0,1236.0,1236.0,1236.0,1236.0,1236.0,1236.0,1236.0,1236.0,1236.0,1236.0,1236.0,1236.0,1236.0,1236.0,1236.0,1236.0,1236.0,1236.0,1236.0,1236.0,1236.0,6.0,0.6,415.9899,390.5878,370.1602,353.6622,340.369,329.753,321.4153,315.0509,310.4338,307.4125,305.9106,305.9276,307.5375,310.8827,316.1638,323.6261,333.5503,346.2551,362.1233,381.666,454.9147015330789,413.2769132143126,1648.5952,147.50279999999998,840.8756000000001,22.725799999999992
1237,1237,1237.0,1237.0,1237.0,1237.0,1237.0,1237.0,1237.0,1237.0,1237.0,1237.0,1237.0,1237.0,1237.0,1237.0,1237.0,1237.0,1237.0,1237.0,1237.0,1237.0,1237.0,1237.0,1237.0,1237.0,1237.0,1237.0,1237.0,7.0,0.7,422.2559,396.5512,376.0357,359.5477,346.2957,335.7258,327.4448,321.1726,316.7148,313.945,312.7947,313.2462,315.3291,319.1189,324.7379,332.362,342.2331,354.6836,370.178,389.382,355.3494001881116,205.54630687329004,1796.098,128.21129999999994,693.3728000000001,22.725799999999992
1238,1238,1238.0,1238.0,1238.0,1238.0,1238.0,1238.0,1238.0,1238.0,1238.0,1238.0,1238.0,1238.0,1238.0,1238.0,1238.0,1238.0,1238.0,1238.0,1238.0,1238.0,1238.0,1238.0,1238.0,1238.0,1238.0,1238.0,1238.0,8.0,0.8,347.1027,340.7666,335.6959,331.4174,327.6265,324.1668,320.9899,318.1033,315.5142,313.1758,310.9434,308.5455,305.5765,301.5131,295.7614,287.7333,276.9457,263.1282,246.3141,226.8853,456.3982350728124,196.5435288874085,1924.3093,254.57450000000017,565.1615000000002,22.725799999999992
1239,1239,1239.0,1239.0,1239.0,1239.0,1239.0,1239.0,1239.0,1239.0,1239.0,1239.0,1239.0,1239.0,1239.0,1239.0,1239.0,1239.0,1239.0,1239.0,1239.0,1239.0,1239.0,1239.0,1239.0,1239.0,1239.0,1239.0,1239.0,9.0,0.9,421.824,394.4186,372.5165,355.0163,341.1035,330.1004,321.3935,314.4062,308.5969,303.4638,298.55,293.4454,287.7858,281.2525,273.575,264.5382,253.9926,241.8656,228.1699,213.0041,271.2176349987568,317.2537680715076,2178.8838,310.587,310.587,22.725799999999992
1240,1240,1240.0,1240.0,1240.0,1240.0,1240.0,1240.0,1240.0,1240.0,1240.0,1240.0,1240.0,1240.0,1240.0,1240.0,1240.0,1240.0,1240.0,1240.0,1240.0,1240.0,1240.0,1240.0,1240.0,1240.0,1240.0,1240.0,1240.0,0.0,0.0,273.0,273.0,273.0,273.0,273.0,273.0,273.0,273.0,273.0,273.0,273.0,273.0,273.0,273.0,273.0,273.0,273.0,273.0,273.0,273.0,380.5139064120017,433.00760788667753,0.0,360.7838,3085.0853000000006,-40.0
1241,1241,1241.0,1241.0,1241.0,1241.0,1241.0,1241.0,1241.0,1241.0,1241.0,1241.0,1241.0,1241.0,1241.0,1241.0,1241.0,1241.0,1241.0,1241.0,1241.0,1241.0,1241.0,1241.0,1241.0,1241.0,1241.0,1241.0,1241.0,1.0,0.1,357.9295,338.7843,322.7571,309.6356,299.2145,291.2485,285.4527,281.534,279.2383,278.3991,278.9757,281.0739,284.946,290.9684,299.5995,311.3259,326.6153,345.8986,369.6116,398.3269,226.6380934146939,381.9558870531517,360.7838,148.5553,2724.3015000000005,-21.75150000000002
1242,1242,1242.0,1242.0,1242.0,1242.0,1242.0,1242.0,1242.0,1242.0,1242.0,1242.0,1242.0,1242.0,1242.0,1242.0,1242.0,1242.0,1242.0,1242.0,1242.0,1242.0,1242.0,1242.0,1242.0,1242.0,1242.0,1242.0,1242.0,2.0,0.2,239.6138,251.2724,261.1912,269.1548,275.1813,279.5016,282.5033,284.6595,286.4593,288.3525,290.714,293.8297,297.8992,303.054,309.3855,316.9812,325.9654,336.5417,349.0355,363.9376,400.383689840833,269.5040381571009,509.3391,150.81210000000004,2575.7462000000005,-33.498400000000004
1243,1243,1243.0,1243.0,1243.0,1243.0,1243.0,1243.0,1243.0,1243.0,1243.0,1243.0,1243.0,1243.0,1243.0,1243.0,1243.0,1243.0,1243.0,1243.0,1243.0,1243.0,1243.0,1243.0,1243.0,1243.0,1243.0,1243.0,1243.0,3.0,0.3,373.4918,351.0489,332.6445,318.0236,306.926,299.0097,293.8401,290.9186,289.7271,289.7645,290.5666,291.709,292.8,293.4751,293.402,292.3015,289.9806,286.3722,281.5646,275.8106,344.65860860855366,176.85833691764446,660.1512,241.1302,2424.9341000000004,-13.99029999999999
1244,1244,1244.0,1244.0,1244.0,1244.0,1244.0,1244.0,1244.0,1244.0,1244.0,1244.0,1244.0,1244.0,1244.0,1244.0,1244.0,1244.0,1244.0,1244.0,1244.0,1244.0,1244.0,1244.0,1244.0,1244.0,1244.0,1244.0,1244.0,4.0,0.4,334.6081,326.2762,319.2621,313.2713,308.0997,303.6109,299.7055,296.2884,293.2369,290.3747,287.455,284.154,280.0775,274.7813,267.807,258.7326,247.2331,233.143,216.5041,197.585,414.4490774902099,264.44949367778446,901.2814,394.8313,2183.8039000000003,-9.389099999999983
1245,1245,1245.0,1245.0,1245.0,1245.0,1245.0,1245.0,1245.0,1245.0,1245.0,1245.0,1245.0,1245.0,1245.0,1245.0,1245.0,1245.0,1245.0,1245.0,1245.0,1245.0,1245.0,1245.0,1245.0,1245.0,1245.0,1245.0,1245.0,5.0,0.5,388.0033,366.3454,348.5265,333.8856,321.9052,312.1321,304.1432,297.5415,291.9685,287.1231,282.78,278.8022,275.144,271.8422,268.9931,266.7164,265.1101,264.2055,263.9325,264.1078,213.1071371166612,225.8067926155332,1296.1127,375.6297000000002,1788.9726000000005,-0.8679000000000201
1246,1246,1246.0,1246.0,1246.0,1246.0,1246.0,1246.0,1246.0,1246.0,1246.0,1246.0,1246.0,1246.0,1246.0,1246.0,1246.0,1246.0,1246.0,1246.0,1246.0,1246.0,1246.0,1246.0,1246.0,1246.0,1246.0,1246.0,1246.0,6.0,0.6,231.1895,247.4615,261.2186,272.0463,279.8469,284.8025,287.2944,287.8067,286.8359,284.822,282.1044,278.9044,275.327,271.3779,266.9892,262.05,256.4382,250.0495,242.8184,234.728,390.7602833382616,418.21500952204735,1671.7424,366.2454,1413.3429,-28.19749999999999
1247,1247,1247.0,1247.0,1247.0,1247.0,1247.0,1247.0,1247.0,1247.0,1247.0,1247.0,1247.0,1247.0,1247.0,1247.0,1247.0,1247.0,1247.0,1247.0,1247.0,1247.0,1247.0,1247.0,1247.0,1247.0,1247.0,1247.0,1247.0,7.0,0.7,366.0488,345.2953,328.1326,314.298,303.5017,295.3755,289.4855,285.3884,282.7031,281.1789,280.7439,281.5263,283.8465,288.1798,295.0922,305.1622,318.905,336.7283,358.9509,385.9152,272.3678090859851,222.44857354565,2037.9878,190.87729999999988,1047.0975,-17.624500000000012
1248,1248,1248.0,1248.0,1248.0,1248.0,1248.0,1248.0,1248.0,1248.0,1248.0,1248.0,1248.0,1248.0,1248.0,1248.0,1248.0,1248.0,1248.0,1248.0,1248.0,1248.0,1248.0,1248.0,1248.0,1248.0,1248.0,1248.0,1248.0,8.0,0.8,276.8598,280.9461,284.313,286.7784,288.3118,289.0206,289.1094,288.8229,288.3848,287.9436,287.5295,287.0291,286.1811,284.5955,281.8,277.3109,270.7223,261.7981,250.5463,237.2517,222.6743176277325,258.55442086639994,2228.8651,338.18229999999994,856.2202000000002,-23.9794
1249,1249,1249.0,1249.0,1249.0,1249.0,1249.0,1249.0,1249.0,1249.0,1249.0,1249.0,1249.0,1249.0,1249.0,1249.0,1249.0,1249.0,1249.0,1249.0,1249.0,1249.0,1249.0,1249.0,1249.0,1249.0,1249.0,1249.0,1249.0,9.0,0.9,234.3138,244.8534,254.0629,261.8027,268.0345,272.8124,276.2596,278.5383,279.822,280.2743,280.0372,279.2291,277.9489,276.2823,274.3065,272.0909,269.692,267.1463,264.4619,261.6152,226.9416029683071,178.1145173565581,2567.0474,518.0379000000003,518.0379000000003,-40.187599999999975
1250,1250,1250.0,1250.0,1250.0,1250.0,1250.0,1250.0,1250.0,1250.0,1250.0,1250.0,1250.0,1250.0,1250.0,1250.0,1250.0,1250.0,1250.0,1250.0,1250.0,1250.0,1250.0,1250.0,1250.0,1250.0,1250.0,1250.0,1250.0,0.0,0.0,273.0,273.0,273.0,273.0,273.0,273.0,273.0,273.0,273.0,273.0,273.0,273.0,273.0,273.0,273.0,273.0,273.0,273.0,273.0,273.0,353.83522857991807,417.18510430178856,0.0,368.9732,3242.0945,-40.0
1251,1251,1251.0,1251.0,1251.0,1251.0,1251.0,1251.0,1251.0,1251.0,1251.0,1251.0,1251.0,1251.0,1251.0,1251.0,1251.0,1251.0,1251.0,1251.0,1251.0,1251.0,1251.0,1251.0,1251.0,1251.0,1251.0,1251.0,1251.0,1.0,0.1,337.1076,322.7695,310.6879,300.7635,292.8731,286.8479,282.4826,279.566,277.9217,277.4484,278.1514,280.1608,283.7309,289.2216,297.0606,307.6961,321.5514,339.0046,360.4167,386.2338,317.4045745730497,224.0742108937712,368.9732,199.72719999999995,2873.1213,-26.15210000000002
1252,1252,1252.0,1252.0,1252.0,1252.0,1252.0,1252.0,1252.0,1252.0,1252.0,1252.0,1252.0,1252.0,1252.0,1252.0,1252.0,1252.0,1252.0,1252.0,1252.0,1252.0,1252.0,1252.0,1252.0,1252.0,1252.0,1252.0,1252.0,2.0,0.2,311.2234,305.9884,301.5036,297.6386,294.3257,291.5497,289.3266,287.6767,286.5934,286.0125,285.7838,285.6528,285.2552,284.1319,281.7688,277.6616,271.3991,262.7509,251.7376,238.6607,201.85789821635137,228.02613277914435,568.7004,349.6890000000001,2673.3941000000004,-21.450300000000027
1253,1253,1253.0,1253.0,1253.0,1253.0,1253.0,1253.0,1253.0,1253.0,1253.0,1253.0,1253.0,1253.0,1253.0,1253.0,1253.0,1253.0,1253.0,1253.0,1253.0,1253.0,1253.0,1253.0,1253.0,1253.0,1253.0,1253.0,1253.0,3.0,0.3,218.5215,233.5983,246.6446,257.4028,265.8185,272.0168,276.2479,278.8226,280.0512,280.1981,279.4559,277.9388,275.6901,272.7004,268.9286,264.3228,258.8386,252.4511,245.1623,237.0026,228.51645186754004,250.81629291154923,918.3894,539.1345999999999,2323.7051,-40.98320000000001
1254,1254,1254.0,1254.0,1254.0,1254.0,1254.0,1254.0,1254.0,1254.0,1254.0,1254.0,1254.0,1254.0,1254.0,1254.0,1254.0,1254.0,1254.0,1254.0,1254.0,1254.0,1254.0,1254.0,1254.0,1254.0,1254.0,1254.0,1254.0,4.0,0.4,235.7633,242.3123,248.1947,253.4233,257.9917,261.8782,265.0558,267.5024,269.21,270.1913,270.482,270.1406,269.2443,267.8828,266.1493,264.1293,261.8883,259.4608,256.8422,253.9873,341.122034188175,432.6566476785612,1457.524,491.6179000000002,1784.5705000000005,-51.12180000000001
1255,1255,1255.0,1255.0,1255.0,1255.0,1255.0,1255.0,1255.0,1255.0,1255.0,1255.0,1255.0,1255.0,1255.0,1255.0,1255.0,1255.0,1255.0,1255.0,1255.0,1255.0,1255.0,1255.0,1255.0,1255.0,1255.0,1255.0,1255.0,5.0,0.5,325.1911,311.3548,299.6847,290.2198,282.9077,277.589,274.0227,271.9389,271.1024,271.3729,272.751,275.4022,279.656,285.9775,294.915,307.0344,322.8575,342.8345,367.3825,397.0239,322.4521927446012,199.46192158237963,1949.1419,252.84220000000005,1292.9526,-35.411
1256,1256,1256.0,1256.0,1256.0,1256.0,1256.0,1256.0,1256.0,1256.0,1256.0,1256.0,1256.0,1256.0,1256.0,1256.0,1256.0,1256.0,1256.0,1256.0,1256.0,1256.0,1256.0,1256.0,1256.0,1256.0,1256.0,1256.0,1256.0,6.0,0.6,314.058,306.8355,300.6426,295.3899,291.0286,287.5367,284.8994,283.0865,282.0261,281.5759,281.4972,281.4346,280.9101,279.34,276.0802,270.503,262.0984,250.5828,235.9897,218.7104,273.5697215460084,456.5161516041056,2201.9841,308.7039999999997,1040.1104,-25.463300000000004
1257,1257,1257.0,1257.0,1257.0,1257.0,1257.0,1257.0,1257.0,1257.0,1257.0,1257.0,1257.0,1257.0,1257.0,1257.0,1257.0,1257.0,1257.0,1257.0,1257.0,1257.0,1257.0,1257.0,1257.0,1257.0,1257.0,1257.0,1257.0,7.0,0.7,275.914,278.0704,279.8732,281.2161,282.0638,282.4522,282.4811,282.3062,282.1379,282.2501,282.9975,284.8338,288.3214,294.1196,302.9454,315.5141,332.4776,354.4012,381.8222,415.4437,343.72968946087246,252.7951371753178,2510.6881,164.59619999999995,731.4064000000003,-30.547799999999995
1258,1258,1258.0,1258.0,1258.0,1258.0,1258.0,1258.0,1258.0,1258.0,1258.0,1258.0,1258.0,1258.0,1258.0,1258.0,1258.0,1258.0,1258.0,1258.0,1258.0,1258.0,1258.0,1258.0,1258.0,1258.0,1258.0,1258.0,1258.0,8.0,0.8,330.2916,318.8774,309.3959,301.7758,295.9242,291.7095,288.9629,287.4876,287.0674,287.4666,288.4199,289.6175,290.6928,291.2237,290.758,288.8624,285.1939,279.576,272.0614,262.9571,252.5246969853915,249.19580922972145,2675.2843,249.88210000000024,566.8102000000003,-21.29050000000001
1259,1259,1259.0,1259.0,1259.0,1259.0,1259.0,1259.0,1259.0,1259.0,1259.0,1259.0,1259.0,1259.0,1259.0,1259.0,1259.0,1259.0,1259.0,1259.0,1259.0,1259.0,1259.0,1259.0,1259.0,1259.0,1259.0,1259.0,1259.0,9.0,0.9,259.9497,266.6643,272.4125,277.0443,280.5298,282.9451,284.4394,285.1917,285.3711,285.1055,284.4664,283.4662,282.0675,280.1992,277.7764,274.7195,270.9712,266.5085,261.3486,255.5481,246.15031002187683,432.4796686428854,2925.1664,316.9281000000001,316.9281000000001,-30.05489999999997
1260,1260,1260.0,1260.0,1260.0,1260.0,1260.0,1260.0,1260.0,1260.0,1260.0,1260.0,1260.0,1260.0,1260.0,1260.0,1260.0,1260.0,1260.0,1260.0,1260.0,1260.0,1260.0,1260.0,1260.0,1260.0,1260.0,1260.0,1260.0,0.0,0.0,273.0,273.0,273.0,273.0,273.0,273.0,273.0,273.0,273.0,273.0,273.0,273.0,273.0,273.0,273.0,273.0,273.0,273.0,273.0,273.0,406.2763476976214,312.4907097722579,0.0,396.6833,2933.5339000000004,-40.0
1261,1261,1261.0,1261.0,1261.0,1261.0,1261.0,1261.0,1261.0,1261.0,1261.0,1261.0,1261.0,1261.0,1261.0,1261.0,1261.0,1261.0,1261.0,1261.0,1261.0,1261.0,1261.0,1261.0,1261.0,1261.0,1261.0,1261.0,1261.0,1.0,0.1,377.8526,354.0254,334.2046,318.0202,305.1565,295.2666,287.9511,282.7786,279.3256,277.2187,276.1654,275.9695,276.5306,277.8312,279.9137,282.854,286.7334,291.6159,297.5354,304.4964,230.60997602438505,200.7241063964234,396.6833,335.0803,2536.8506,-17.733400000000017
1262,1262,1262.0,1262.0,1262.0,1262.0,1262.0,1262.0,1262.0,1262.0,1262.0,1262.0,1262.0,1262.0,1262.0,1262.0,1262.0,1262.0,1262.0,1262.0,1262.0,1262.0,1262.0,1262.0,1262.0,1262.0,1262.0,1262.0,1262.0,2.0,0.2,243.5307,255.091,264.7849,272.328,277.6817,281.0252,282.6878,283.0642,282.531,281.3792,279.7687,277.7082,275.0589,271.5594,266.871,260.6371,252.5535,242.4363,230.2741,216.2504,422.2688967910743,381.2343891622716,731.7636,402.12930000000006,2201.7703,-31.974800000000016
1263,1263,1263.0,1263.0,1263.0,1263.0,1263.0,1263.0,1263.0,1263.0,1263.0,1263.0,1263.0,1263.0,1263.0,1263.0,1263.0,1263.0,1263.0,1263.0,1263.0,1263.0,1263.0,1263.0,1263.0,1263.0,1263.0,1263.0,1263.0,3.0,0.3,390.2354,363.6473,341.7367,324.0203,310.0782,299.4486,291.6093,286.0183,282.1803,279.7157,278.4128,278.255,279.419,282.2431,287.1689,294.6642,305.142,318.899,336.1004,356.8324,238.38414598483484,306.3632754580512,1133.8929,211.3424,1799.6409999999998,-13.5514
1264,1264,1264.0,1264.0,1264.0,1264.0,1264.0,1264.0,1264.0,1264.0,1264.0,1264.0,1264.0,1264.0,1264.0,1264.0,1264.0,1264.0,1264.0,1264.0,1264.0,1264.0,1264.0,1264.0,1264.0,1264.0,1264.0,1264.0,1264.0,4.0,0.4,250.4857,261.3271,270.4002,277.4238,282.3725,285.4518,287.0345,287.5806,287.5585,287.382,287.3686,287.7213,288.5296,289.7876,291.4234,293.3373,295.4432,297.7071,300.1752,302.986,189.9864951582596,467.558550699198,1345.2353,247.63919999999985,1588.2986,-27.54820000000001
1265,1265,1265.0,1265.0,1265.0,1265.0,1265.0,1265.0,1265.0,1265.0,1265.0,1265.0,1265.0,1265.0,1265.0,1265.0,1265.0,1265.0,1265.0,1265.0,1265.0,1265.0,1265.0,1265.0,1265.0,1265.0,1265.0,1265.0,1265.0,5.0,0.5,206.8186,222.1618,235.7264,247.3499,257.015,264.8434,271.0752,276.0423,280.1453,283.8378,287.6218,292.0466,297.7081,305.2405,315.2981,328.532,345.5772,367.0745,393.7624,426.6821,253.68977540516585,440.7543866779199,1592.8745,214.9846,1340.6594,-48.156600000000026
1266,1266,1266.0,1266.0,1266.0,1266.0,1266.0,1266.0,1266.0,1266.0,1266.0,1266.0,1266.0,1266.0,1266.0,1266.0,1266.0,1266.0,1266.0,1266.0,1266.0,1266.0,1266.0,1266.0,1266.0,1266.0,1266.0,1266.0,1266.0,6.0,0.6,255.3926,257.029,258.8584,261.0685,263.7672,266.9931,270.7407,274.992,279.7454,285.0361,290.9455,297.6022,305.1775,313.8831,323.974,335.7636,349.6522,366.1747,386.0731,410.4095,181.4345923278262,234.38608507407787,1807.8591,222.40800000000013,1125.6748,-46.00689999999997
1267,1267,1267.0,1267.0,1267.0,1267.0,1267.0,1267.0,1267.0,1267.0,1267.0,1267.0,1267.0,1267.0,1267.0,1267.0,1267.0,1267.0,1267.0,1267.0,1267.0,1267.0,1267.0,1267.0,1267.0,1267.0,1267.0,1267.0,1267.0,7.0,0.7,198.3591,213.8292,227.6435,239.7212,250.1122,258.977,266.5467,273.0693,278.757,283.738,288.0221,291.4811,293.8493,294.7463,293.7263,290.3509,284.2805,275.3704,263.7479,249.8481,460.4491018823439,253.55468082748453,2030.2671,353.3051999999998,903.2668,-54.023000000000025
1268,1268,1268.0,1268.0,1268.0,1268.0,1268.0,1268.0,1268.0,1268.0,1268.0,1268.0,1268.0,1268.0,1268.0,1268.0,1268.0,1268.0,1268.0,1268.0,1268.0,1268.0,1268.0,1268.0,1268.0,1268.0,1268.0,1268.0,1268.0,8.0,0.8,416.7198,380.7855,351.463,328.1431,310.3475,297.5034,288.8753,283.6011,280.7766,279.5447,279.1634,279.0399,278.7379,277.9631,276.5407,274.3886,271.4935,267.8895,263.6414,258.8323,274.85056097020635,353.7398271670671,2383.5723,287.63390000000027,549.9616000000001,-15.4966
1269,1269,1269.0,1269.0,1269.0,1269.0,1269.0,1269.0,1269.0,1269.0,1269.0,1269.0,1269.0,1269.0,1269.0,1269.0,1269.0,1269.0,1269.0,1269.0,1269.0,1269.0,1269.0,1269.0,1269.0,1269.0,1269.0,1269.0,1269.0,9.0,0.9,280.0752,284.7704,288.4777,290.9214,292.0355,291.9449,290.9162,289.2943,287.4465,285.7234,284.4446,283.9024,284.3756,286.1413,289.4755,294.6396,301.8572,311.292,323.0426,337.1663,453.5792788097896,185.0936518640312,2671.2062,262.3276999999998,262.3276999999998,-21.05509999999998
1270,1270,1270.0,1270.0,1270.0,1270.0,1270.0,1270.0,1270.0,1270.0,1270.0,1270.0,1270.0,1270.0,1270.0,1270.0,1270.0,1270.0,1270.0,1270.0,1270.0,1270.0,1270.0,1270.0,1270.0,1270.0,1270.0,1270.0,1270.0,0.0,0.0,273.0,273.0,273.0,273.0,273.0,273.0,273.0,273.0,273.0,273.0,273.0,273.0,273.0,273.0,273.0,273.0,273.0,273.0,273.0,273.0,277.82379533932715,258.1283964016536,0.0,453.2906,1518.4048,8.086000000000013
1271,1271,1271.0,1271.0,1271.0,1271.0,1271.0,1271.0,1271.0,1271.0,1271.0,1271.0,1271.0,1271.0,1271.0,1271.0,1271.0,1271.0,1271.0,1271.0,1271.0,1271.0,1271.0,1271.0,1271.0,1271.0,1271.0,1271.0,1271.0,1.0,0.1,276.8631,276.0158,275.2886,274.6834,274.1953,273.8126,273.5173,273.2855,273.0891,272.8951,272.6655,272.3565,271.9181,271.2955,270.4317,269.2727,267.7742,265.908,263.6663,261.0629,459.9724274061247,451.10194444319626,453.2906,372.67070000000007,1065.1142,8.086000000000013
1272,1272,1272.0,1272.0,1272.0,1272.0,1272.0,1272.0,1272.0,1272.0,1272.0,1272.0,1272.0,1272.0,1272.0,1272.0,1272.0,1272.0,1272.0,1272.0,1272.0,1272.0,1272.0,1272.0,1272.0,1272.0,1272.0,1272.0,1272.0,2.0,0.2,418.8879,385.3208,357.8046,335.4959,317.8046,304.2023,294.1517,287.1165,282.6134,280.2754,279.9055,281.5062,285.2802,291.6004,300.9552,313.879,330.8925,352.4818,379.155,411.6158,389.6809894751797,375.3006424985036,825.9613,125.89469999999994,692.4435,8.086000000000013
1273,1273,1273.0,1273.0,1273.0,1273.0,1273.0,1273.0,1273.0,1273.0,1273.0,1273.0,1273.0,1273.0,1273.0,1273.0,1273.0,1273.0,1273.0,1273.0,1273.0,1273.0,1273.0,1273.0,1273.0,1273.0,1273.0,1273.0,1273.0,3.0,0.3,370.6788,355.0912,342.0975,331.1396,321.8676,314.0954,307.7564,302.8591,299.4472,297.5653,297.2352,298.4434,301.1394,305.2468,310.6852,317.4025,325.4141,334.8444,345.9646,359.2276,210.85134608366693,303.38001480976607,951.856,89.99019999999996,566.5488,8.086000000000013
1274,1274,1274.0,1274.0,1274.0,1274.0,1274.0,1274.0,1274.0,1274.0,1274.0,1274.0,1274.0,1274.0,1274.0,1274.0,1274.0,1274.0,1274.0,1274.0,1274.0,1274.0,1274.0,1274.0,1274.0,1274.0,1274.0,1274.0,1274.0,4.0,0.4,229.5098,246.4216,260.9622,272.7851,281.8478,288.3761,292.7863,295.5908,297.308,298.3922,299.1881,299.9121,300.656,301.4101,302.0992,302.6276,302.9268,302.9976,302.9404,302.9653,433.9692631482312,449.9444264948901,1041.8462,132.3864000000001,476.55860000000007,8.086000000000013
1275,1275,1275.0,1275.0,1275.0,1275.0,1275.0,1275.0,1275.0,1275.0,1275.0,1275.0,1275.0,1275.0,1275.0,1275.0,1275.0,1275.0,1275.0,1275.0,1275.0,1275.0,1275.0,1275.0,1275.0,1275.0,1275.0,1275.0,1275.0,5.0,0.5,399.8305,371.8526,349.1598,331.2197,317.5808,307.7466,301.1526,297.2102,295.3794,295.2415,296.5513,299.2625,303.5239,309.6524,318.0887,329.3479,343.9788,362.5574,385.7391,414.405,344.46790420277875,464.4641849214651,1174.2326,56.87660000000005,344.1722,8.086000000000013
1276,1276,1276.0,1276.0,1276.0,1276.0,1276.0,1276.0,1276.0,1276.0,1276.0,1276.0,1276.0,1276.0,1276.0,1276.0,1276.0,1276.0,1276.0,1276.0,1276.0,1276.0,1276.0,1276.0,1276.0,1276.0,1276.0,1276.0,1276.0,6.0,0.6,335.8452,328.867,323.081,318.1774,313.9885,310.4739,307.6936,305.7757,304.8863,305.2067,306.922,310.2203,315.2987,322.3765,331.7118,343.6255,358.5363,377.0181,399.8939,428.3985,417.48122756741833,369.3069766783733,1231.1092,40.91009999999983,287.2955999999999,8.086000000000013
1277,1277,1277.0,1277.0,1277.0,1277.0,1277.0,1277.0,1277.0,1277.0,1277.0,1277.0,1277.0,1277.0,1277.0,1277.0,1277.0,1277.0,1277.0,1277.0,1277.0,1277.0,1277.0,1277.0,1277.0,1277.0,1277.0,1277.0,1277.0,7.0,0.7,391.3049,370.1498,353.0934,339.5202,328.9757,321.086,315.5189,311.971,310.1666,309.8589,310.8277,312.8763,315.8281,319.5313,323.8719,328.8006,334.366,340.7521,348.3102,357.581,285.058099369464,339.96076640855284,1272.0193,51.71839999999997,246.3855000000001,8.086000000000013
1278,1278,1278.0,1278.0,1278.0,1278.0,1278.0,1278.0,1278.0,1278.0,1278.0,1278.0,1278.0,1278.0,1278.0,1278.0,1278.0,1278.0,1278.0,1278.0,1278.0,1278.0,1278.0,1278.0,1278.0,1278.0,1278.0,1278.0,1278.0,8.0,0.8,290.1981,295.113,299.3972,302.7956,305.2249,306.7593,307.5888,307.9659,308.1526,308.3799,308.8228,309.5935,310.7486,312.3074,314.2764,316.6767,319.5713,323.0885,327.4398,332.9299,403.6888179556192,309.8823094856816,1323.7377,75.2853,194.6671000000001,8.086000000000013
1279,1279,1279.0,1279.0,1279.0,1279.0,1279.0,1279.0,1279.0,1279.0,1279.0,1279.0,1279.0,1279.0,1279.0,1279.0,1279.0,1279.0,1279.0,1279.0,1279.0,1279.0,1279.0,1279.0,1279.0,1279.0,1279.0,1279.0,1279.0,9.0,0.9,379.5505,359.8461,343.9225,331.3208,321.6461,314.5034,309.4806,306.1628,304.1562,303.1118,302.738,302.8035,303.1326,303.598,304.1157,304.6459,305.1976,305.8366,306.6918,307.9564,264.3509428373521,277.6783736629376,1399.023,119.38180000000013,119.38180000000013,8.086000000000013
1280,1280,1280.0,1280.0,1280.0,1280.0,1280.0,1280.0,1280.0,1280.0,1280.0,1280.0,1280.0,1280.0,1280.0,1280.0,1280.0,1280.0,1280.0,1280.0,1280.0,1280.0,1280.0,1280.0,1280.0,1280.0,1280.0,1280.0,1280.0,0.0,0.0,273.0,273.0,273.0,273.0,273.0,273.0,273.0,273.0,273.0,273.0,273.0,273.0,273.0,273.0,273.0,273.0,273.0,273.0,273.0,273.0,390.71196391642246,409.4747275862559,0.0,365.094,2396.1948,-40.0
1281,1281,1281.0,1281.0,1281.0,1281.0,1281.0,1281.0,1281.0,1281.0,1281.0,1281.0,1281.0,1281.0,1281.0,1281.0,1281.0,1281.0,1281.0,1281.0,1281.0,1281.0,1281.0,1281.0,1281.0,1281.0,1281.0,1281.0,1281.0,1.0,0.1,365.8385,344.8449,327.3145,312.9788,301.5932,292.8768,286.506,282.1437,279.4865,278.3123,278.5191,280.1449,283.3678,288.4854,295.8746,305.9421,319.0766,335.6238,355.907,380.3147,266.763792999284,408.5163784143632,365.094,151.21300000000002,2031.1008000000004,-20.1232
1282,1282,1282.0,1282.0,1282.0,1282.0,1282.0,1282.0,1282.0,1282.0,1282.0,1282.0,1282.0,1282.0,1282.0,1282.0,1282.0,1282.0,1282.0,1282.0,1282.0,1282.0,1282.0,1282.0,1282.0,1282.0,1282.0,1282.0,1282.0,2.0,0.2,272.1457,276.9998,281.0116,284.0103,285.9932,287.1152,287.6534,287.9577,288.4026,289.3486,291.1191,293.9916,298.2006,303.9498,311.4286,320.8338,332.3963,346.4167,363.3158,383.708,280.2184359540729,421.0889906186897,516.307,105.80049999999994,1879.8878000000004,-25.884799999999984
1283,1283,1283.0,1283.0,1283.0,1283.0,1283.0,1283.0,1283.0,1283.0,1283.0,1283.0,1283.0,1283.0,1283.0,1283.0,1283.0,1283.0,1283.0,1283.0,1283.0,1283.0,1283.0,1283.0,1283.0,1283.0,1283.0,1283.0,1283.0,3.0,0.3,280.4427,280.8287,281.3817,282.1112,283.0339,284.178,285.5885,287.3315,289.4976,292.2028,295.5886,299.8208,305.0886,311.6059,319.6156,329.3987,341.2925,355.721,373.2464,394.6536,441.6261053358009,231.56761111293807,622.1075,102.3877,1774.0873000000004,-28.822000000000003
1284,1284,1284.0,1284.0,1284.0,1284.0,1284.0,1284.0,1284.0,1284.0,1284.0,1284.0,1284.0,1284.0,1284.0,1284.0,1284.0,1284.0,1284.0,1284.0,1284.0,1284.0,1284.0,1284.0,1284.0,1284.0,1284.0,1284.0,1284.0,4.0,0.4,406.3616,377.5943,354.2345,335.6345,321.3103,310.7918,303.5627,299.0558,296.6731,295.8087,295.8592,296.2235,296.2973,295.4747,293.1686,288.8554,282.1405,272.8334,261.0109,247.0438,317.9044921431499,412.023966493794,724.4952,165.9077000000001,1671.6996000000004,-2.2081999999999766
1285,1285,1285.0,1285.0,1285.0,1285.0,1285.0,1285.0,1285.0,1285.0,1285.0,1285.0,1285.0,1285.0,1285.0,1285.0,1285.0,1285.0,1285.0,1285.0,1285.0,1285.0,1285.0,1285.0,1285.0,1285.0,1285.0,1285.0,1285.0,5.0,0.5,315.3323,313.443,311.7954,310.0828,308.1479,305.9721,303.6453,301.3305,299.2328,297.5848,296.6479,296.7244,298.1732,301.413,306.9092,315.1405,326.5583,341.5598,360.5017,383.7835,250.8688568032428,348.26429486689204,890.4029,85.0308,1505.7919000000002,-7.027899999999988
1286,1286,1286.0,1286.0,1286.0,1286.0,1286.0,1286.0,1286.0,1286.0,1286.0,1286.0,1286.0,1286.0,1286.0,1286.0,1286.0,1286.0,1286.0,1286.0,1286.0,1286.0,1286.0,1286.0,1286.0,1286.0,1286.0,1286.0,1286.0,6.0,0.6,259.6956,267.7699,274.8249,280.7046,285.3816,288.951,291.6055,293.5999,295.2133,296.7163,298.345,300.2864,302.6729,305.5884,309.0844,313.206,318.0234,323.6652,330.3483,338.3985,234.8586217862729,247.96331032114256,975.4337,153.4396999999999,1420.7611000000002,-24.04899999999997
1287,1287,1287.0,1287.0,1287.0,1287.0,1287.0,1287.0,1287.0,1287.0,1287.0,1287.0,1287.0,1287.0,1287.0,1287.0,1287.0,1287.0,1287.0,1287.0,1287.0,1287.0,1287.0,1287.0,1287.0,1287.0,1287.0,1287.0,1287.0,7.0,0.7,243.9605,252.2949,259.7781,266.367,272.0639,276.9131,280.9883,284.3753,287.1508,289.3613,291.0048,292.0176,292.2703,291.5765,289.716,286.4727,281.6822,275.2818,267.3495,258.1191,385.2141254057352,229.36991392799308,1128.8734,293.8921,1267.3214000000005,-36.086900000000014
1288,1288,1288.0,1288.0,1288.0,1288.0,1288.0,1288.0,1288.0,1288.0,1288.0,1288.0,1288.0,1288.0,1288.0,1288.0,1288.0,1288.0,1288.0,1288.0,1288.0,1288.0,1288.0,1288.0,1288.0,1288.0,1288.0,1288.0,1288.0,8.0,0.8,361.5676,341.6777,325.2756,312.1736,302.1375,294.8274,289.7964,286.5261,284.4765,283.1314,282.0297,280.7792,279.0575,276.6064,273.2252,268.7681,263.1458,256.3297,248.3549,239.3186,197.7595752119442,209.9977706512529,1422.7655,403.4767999999999,973.4293000000002,-18.17259999999999
1289,1289,1289.0,1289.0,1289.0,1289.0,1289.0,1289.0,1289.0,1289.0,1289.0,1289.0,1289.0,1289.0,1289.0,1289.0,1289.0,1289.0,1289.0,1289.0,1289.0,1289.0,1289.0,1289.0,1289.0,1289.0,1289.0,1289.0,1289.0,9.0,0.9,216.6316,233.6468,248.1788,259.8677,268.6438,274.6891,278.3587,280.087,280.3017,279.3612,277.5189,274.9139,271.5822,267.4799,262.5134,256.5699,249.5463,241.3727,232.0271,221.5419,342.6791856041682,201.59934345040023,1826.2423,569.9525000000003,569.9525000000003,-38.3109
1290,1290,1290.0,1290.0,1290.0,1290.0,1290.0,1290.0,1290.0,1290.0,1290.0,1290.0,1290.0,1290.0,1290.0,1290.0,1290.0,1290.0,1290.0,1290.0,1290.0,1290.0,1290.0,1290.0,1290.0,1290.0,1290.0,1290.0,1290.0,0.0,0.0,273.0,273.0,273.0,273.0,273.0,273.0,273.0,273.0,273.0,273.0,273.0,273.0,273.0,273.0,273.0,273.0,273.0,273.0,273.0,273.0,196.24801272552213,357.62183422659064,0.0,453.1538,3045.2936,-40.0
1291,1291,1291.0,1291.0,1291.0,1291.0,1291.0,1291.0,1291.0,1291.0,1291.0,1291.0,1291.0,1291.0,1291.0,1291.0,1291.0,1291.0,1291.0,1291.0,1291.0,1291.0,1291.0,1291.0,1291.0,1291.0,1291.0,1291.0,1291.0,1.0,0.1,211.0123,224.3405,235.9484,245.6827,253.538,259.6454,264.2422,267.6353,270.1667,272.191,274.0645,276.1439,278.7878,282.3562,287.2005,293.6458,301.9693,312.3847,325.044,340.0697,207.41953398030475,439.6847643747768,453.1538,428.4727,2592.1398,-53.354600000000005
1292,1292,1292.0,1292.0,1292.0,1292.0,1292.0,1292.0,1292.0,1292.0,1292.0,1292.0,1292.0,1292.0,1292.0,1292.0,1292.0,1292.0,1292.0,1292.0,1292.0,1292.0,1292.0,1292.0,1292.0,1292.0,1292.0,1292.0,1292.0,2.0,0.2,217.223,226.0999,234.0992,241.2778,247.7046,253.4667,258.6774,263.4846,268.0791,272.7009,277.6439,283.2555,289.9324,298.1098,308.2471,320.8138,336.2864,355.1703,378.0659,405.8039,310.2010255650574,433.2296714734072,881.6265,283.7506,2163.6671,-59.5333
1293,1293,1293.0,1293.0,1293.0,1293.0,1293.0,1293.0,1293.0,1293.0,1293.0,1293.0,1293.0,1293.0,1293.0,1293.0,1293.0,1293.0,1293.0,1293.0,1293.0,1293.0,1293.0,1293.0,1293.0,1293.0,1293.0,1293.0,1293.0,3.0,0.3,299.7152,290.5255,282.9421,277.1896,273.3683,271.4499,271.3044,272.7454,275.5788,279.6446,284.8431,291.1479,298.6066,307.3377,317.5287,329.4413,343.4291,359.9729,379.7407,403.6884,188.6432464333968,315.5059690984167,1165.3771,185.46690000000007,1879.9165,-41.55009999999999
1294,1294,1294.0,1294.0,1294.0,1294.0,1294.0,1294.0,1294.0,1294.0,1294.0,1294.0,1294.0,1294.0,1294.0,1294.0,1294.0,1294.0,1294.0,1294.0,1294.0,1294.0,1294.0,1294.0,1294.0,1294.0,1294.0,1294.0,1294.0,4.0,0.4,205.7151,221.2172,234.8222,246.3838,255.9548,263.7615,270.1482,275.5071,280.2111,284.561,288.7522,292.8627,296.8615,300.635,304.0281,306.8973,309.1668,310.8807,312.2395,313.6099,432.8435022311429,195.81370891622765,1350.844,282.0906,1694.4496,-49.23849999999999
1295,1295,1295.0,1295.0,1295.0,1295.0,1295.0,1295.0,1295.0,1295.0,1295.0,1295.0,1295.0,1295.0,1295.0,1295.0,1295.0,1295.0,1295.0,1295.0,1295.0,1295.0,1295.0,1295.0,1295.0,1295.0,1295.0,1295.0,1295.0,5.0,0.5,396.3274,366.0089,341.1816,321.4713,306.5341,295.9033,288.9516,284.9267,283.0184,282.4216,282.3772,282.1865,281.209,278.8567,274.6003,267.9945,258.7223,246.6497,231.873,214.7377,256.8532348396573,313.3906077883148,1632.9346,333.95259999999985,1412.359,-17.0967
1296,1296,1296.0,1296.0,1296.0,1296.0,1296.0,1296.0,1296.0,1296.0,1296.0,1296.0,1296.0,1296.0,1296.0,1296.0,1296.0,1296.0,1296.0,1296.0,1296.0,1296.0,1296.0,1296.0,1296.0,1296.0,1296.0,1296.0,1296.0,6.0,0.6,265.1637,272.5991,278.7108,283.2335,286.1078,287.4583,287.5412,286.6807,285.2129,283.4505,281.6722,280.1315,279.0744,278.7542,279.4315,281.3551,284.727,289.6645,296.1728,304.1441,318.3980180316954,256.77332762508865,1966.8872,312.28919999999994,1078.4064,-25.54169999999999
1297,1297,1297.0,1297.0,1297.0,1297.0,1297.0,1297.0,1297.0,1297.0,1297.0,1297.0,1297.0,1297.0,1297.0,1297.0,1297.0,1297.0,1297.0,1297.0,1297.0,1297.0,1297.0,1297.0,1297.0,1297.0,1297.0,1297.0,1297.0,7.0,0.7,310.4184,303.6158,297.9497,293.3634,289.7647,287.0251,284.9906,283.4992,282.3966,281.5446,280.8208,280.112,279.3045,278.2769,276.9011,275.0518,272.6242,269.5552,265.8401,261.5402,273.7286873163117,368.3278406244609,2279.1764,307.6344000000004,766.1172000000001,-25.97489999999999
1298,1298,1298.0,1298.0,1298.0,1298.0,1298.0,1298.0,1298.0,1298.0,1298.0,1298.0,1298.0,1298.0,1298.0,1298.0,1298.0,1298.0,1298.0,1298.0,1298.0,1298.0,1298.0,1298.0,1298.0,1298.0,1298.0,1298.0,1298.0,8.0,0.8,275.8838,277.8732,279.5465,280.8059,281.6172,282.008,282.0591,281.8923,281.6618,281.5511,281.7768,282.5952,284.3056,287.2458,291.7749,298.2433,306.9594,318.1632,332.0251,348.6831,250.3779313778104,379.5119248390959,2586.8108,226.96079999999984,458.48279999999977,-30.99200000000002
1299,1299,1299.0,1299.0,1299.0,1299.0,1299.0,1299.0,1299.0,1299.0,1299.0,1299.0,1299.0,1299.0,1299.0,1299.0,1299.0,1299.0,1299.0,1299.0,1299.0,1299.0,1299.0,1299.0,1299.0,1299.0,1299.0,1299.0,1299.0,9.0,0.9,255.9269,260.9539,265.3858,269.1914,272.392,275.0623,277.3247,279.3394,281.2932,283.3898,285.8424,288.868,292.6849,297.5103,303.5602,311.0518,320.2105,331.2845,344.5716,360.4631,185.35959377327617,439.4283071054042,2813.7716,231.522,231.522,-37.93770000000001
1300,1300,1300.0,1300.0,1300.0,1300.0,1300.0,1300.0,1300.0,1300.0,1300.0,1300.0,1300.0,1300.0,1300.0,1300.0,1300.0,1300.0,1300.0,1300.0,1300.0,1300.0,1300.0,1300.0,1300.0,1300.0,1300.0,1300.0,1300.0,0.0,0.0,273.0,273.0,273.0,273.0,273.0,273.0,273.0,273.0,273.0,273.0,273.0,273.0,273.0,273.0,273.0,273.0,273.0,273.0,273.0,273.0,244.73591597073687,370.6413386046991,0.0,420.8802,2562.1254,-40.0
1301,1301,1301.0,1301.0,1301.0,1301.0,1301.0,1301.0,1301.0,1301.0,1301.0,1301.0,1301.0,1301.0,1301.0,1301.0,1301.0,1301.0,1301.0,1301.0,1301.0,1301.0,1301.0,1301.0,1301.0,1301.0,1301.0,1301.0,1301.0,1.0,0.1,250.282,255.224,259.4941,263.0628,265.9477,268.2143,269.97,271.3579,272.551,273.7522,275.1973,277.1592,279.9495,283.9117,289.4038,296.7714,306.3192,318.2908,332.8741,350.2423,308.6726307697678,424.918135768464,420.8802,286.559,2141.2452,-44.78570000000002
1302,1302,1302.0,1302.0,1302.0,1302.0,1302.0,1302.0,1302.0,1302.0,1302.0,1302.0,1302.0,1302.0,1302.0,1302.0,1302.0,1302.0,1302.0,1302.0,1302.0,1302.0,1302.0,1302.0,1302.0,1302.0,1302.0,1302.0,1302.0,2.0,0.2,300.5714,293.5112,287.6113,282.9519,279.5537,277.3787,276.3489,276.3757,277.3926,279.3821,282.3936,286.551,292.0495,299.1455,308.1414,319.373,333.2053,350.05,370.4158,395.0101,457.57583040535104,315.6584085116148,707.4392,145.0951,1854.6862,-35.62130000000002
1303,1303,1303.0,1303.0,1303.0,1303.0,1303.0,1303.0,1303.0,1303.0,1303.0,1303.0,1303.0,1303.0,1303.0,1303.0,1303.0,1303.0,1303.0,1303.0,1303.0,1303.0,1303.0,1303.0,1303.0,1303.0,1303.0,1303.0,1303.0,3.0,0.3,418.0749,385.9489,359.766,338.7033,322.2029,309.7844,300.9616,295.2237,292.0512,290.9388,291.4138,293.0422,295.4296,298.2215,301.1125,303.866,306.3441,308.5395,310.5983,312.8242,298.88471747932385,349.7016498539126,852.5343,130.4882,1709.5911,-3.215599999999995
1304,1304,1304.0,1304.0,1304.0,1304.0,1304.0,1304.0,1304.0,1304.0,1304.0,1304.0,1304.0,1304.0,1304.0,1304.0,1304.0,1304.0,1304.0,1304.0,1304.0,1304.0,1304.0,1304.0,1304.0,1304.0,1304.0,1304.0,1304.0,4.0,0.4,300.4524,302.0998,303.3744,303.9874,303.8379,302.9977,301.6675,300.1191,298.6402,297.4928,296.8921,297.0033,297.953,299.8458,302.7816,306.8676,312.2257,318.9971,327.3493,337.4914,226.64928512515945,384.84656698859726,983.0225,113.57989999999997,1579.1029,-10.002299999999993
1305,1305,1305.0,1305.0,1305.0,1305.0,1305.0,1305.0,1305.0,1305.0,1305.0,1305.0,1305.0,1305.0,1305.0,1305.0,1305.0,1305.0,1305.0,1305.0,1305.0,1305.0,1305.0,1305.0,1305.0,1305.0,1305.0,1305.0,1305.0,5.0,0.5,239.5876,251.3626,261.6616,270.3061,277.2697,282.6687,286.733,289.7673,292.1149,294.1283,296.1519,298.5139,301.5261,305.487,310.6858,317.4058,325.9299,336.5536,349.6095,365.5144,252.0817155985073,279.81414000968914,1096.6024,154.25,1465.523,-30.3313
1306,1306,1306.0,1306.0,1306.0,1306.0,1306.0,1306.0,1306.0,1306.0,1306.0,1306.0,1306.0,1306.0,1306.0,1306.0,1306.0,1306.0,1306.0,1306.0,1306.0,1306.0,1306.0,1306.0,1306.0,1306.0,1306.0,1306.0,1306.0,6.0,0.6,256.7261,261.0509,265.1215,268.985,272.6685,276.183,279.5287,282.6994,285.6833,288.457,290.977,293.1684,294.9183,296.0787,296.4822,295.9719,294.4422,291.8806,288.401,284.255,374.7644895072805,266.55587473756566,1250.8524,234.0706,1311.273,-36.81700000000001
1307,1307,1307.0,1307.0,1307.0,1307.0,1307.0,1307.0,1307.0,1307.0,1307.0,1307.0,1307.0,1307.0,1307.0,1307.0,1307.0,1307.0,1307.0,1307.0,1307.0,1307.0,1307.0,1307.0,1307.0,1307.0,1307.0,1307.0,1307.0,7.0,0.7,353.6927,335.915,321.2336,309.5081,300.5534,294.0935,289.7605,287.1256,285.7405,285.1774,285.0562,285.0578,284.9273,284.4693,283.5431,282.0589,279.9765,277.3054,274.1039,270.4748,178.09627094741057,195.11216574874885,1484.923,334.50019999999995,1077.2024,-18.9065
1308,1308,1308.0,1308.0,1308.0,1308.0,1308.0,1308.0,1308.0,1308.0,1308.0,1308.0,1308.0,1308.0,1308.0,1308.0,1308.0,1308.0,1308.0,1308.0,1308.0,1308.0,1308.0,1308.0,1308.0,1308.0,1308.0,1308.0,1308.0,8.0,0.8,200.4936,220.7916,238.2844,252.5704,263.5771,271.5166,276.7942,279.9005,281.3109,281.4106,280.4484,278.5219,275.5861,271.4822,265.981,258.8354,249.838,238.8743,225.9631,211.2738,432.3542842889285,322.36681955549375,1819.4232,475.1571999999999,742.7022,-41.48340000000002
1309,1309,1309.0,1309.0,1309.0,1309.0,1309.0,1309.0,1309.0,1309.0,1309.0,1309.0,1309.0,1309.0,1309.0,1309.0,1309.0,1309.0,1309.0,1309.0,1309.0,1309.0,1309.0,1309.0,1309.0,1309.0,1309.0,1309.0,1309.0,9.0,0.9,396.2405,366.2333,341.5579,321.7642,306.4362,295.0536,286.9718,281.4766,277.8747,275.5807,274.1814,273.4663,273.4241,274.2111,276.0952,279.3843,284.3507,291.1652,299.859,310.3253,381.4311891569862,408.5900031550256,2294.5804,267.5450000000001,267.5450000000001,-17.946399999999983
1310,1310,1310.0,1310.0,1310.0,1310.0,1310.0,1310.0,1310.0,1310.0,1310.0,1310.0,1310.0,1310.0,1310.0,1310.0,1310.0,1310.0,1310.0,1310.0,1310.0,1310.0,1310.0,1310.0,1310.0,1310.0,1310.0,1310.0,1310.0,0.0,0.0,273.0,273.0,273.0,273.0,273.0,273.0,273.0,273.0,273.0,273.0,273.0,273.0,273.0,273.0,273.0,273.0,273.0,273.0,273.0,273.0,457.294640616173,465.2961997529421,0.0,351.8465,1457.6438000000005,10.633100000000011
1311,1311,1311.0,1311.0,1311.0,1311.0,1311.0,1311.0,1311.0,1311.0,1311.0,1311.0,1311.0,1311.0,1311.0,1311.0,1311.0,1311.0,1311.0,1311.0,1311.0,1311.0,1311.0,1311.0,1311.0,1311.0,1311.0,1311.0,1311.0,1.0,0.1,416.7404,383.5525,356.3342,334.2852,316.8429,303.4963,293.7206,286.9895,282.8295,280.8848,280.9702,283.1012,287.4934,294.5331,304.7232,318.6182,336.7714,359.7268,388.0959,422.7651,287.18205843833664,296.2892233083794,351.8465,110.2242,1105.7973000000002,10.633100000000011
1312,1312,1312.0,1312.0,1312.0,1312.0,1312.0,1312.0,1312.0,1312.0,1312.0,1312.0,1312.0,1312.0,1312.0,1312.0,1312.0,1312.0,1312.0,1312.0,1312.0,1312.0,1312.0,1312.0,1312.0,1312.0,1312.0,1312.0,1312.0,2.0,0.2,290.4867,293.5697,295.9926,297.4978,298.037,297.7546,296.9354,295.9327,295.0932,294.6919,294.8845,295.6843,296.9618,298.4692,299.8872,300.8899,301.219,300.7546,299.5657,297.9266,380.730326114052,420.0943015036124,462.0707,127.89509999999996,995.5731,10.633100000000011
1313,1313,1313.0,1313.0,1313.0,1313.0,1313.0,1313.0,1313.0,1313.0,1313.0,1313.0,1313.0,1313.0,1313.0,1313.0,1313.0,1313.0,1313.0,1313.0,1313.0,1313.0,1313.0,1313.0,1313.0,1313.0,1313.0,1313.0,1313.0,3.0,0.3,360.9263,344.4958,331.0166,320.1816,311.7165,305.3431,300.7764,297.7463,296.0281,295.4743,296.0383,297.7881,300.9063,305.6776,312.4638,321.6714,333.723,349.0475,368.1085,391.4947,220.54985553374576,434.2026656771176,589.9658,68.07920000000001,867.6780000000001,10.633100000000011
1314,1314,1314.0,1314.0,1314.0,1314.0,1314.0,1314.0,1314.0,1314.0,1314.0,1314.0,1314.0,1314.0,1314.0,1314.0,1314.0,1314.0,1314.0,1314.0,1314.0,1314.0,1314.0,1314.0,1314.0,1314.0,1314.0,1314.0,1314.0,4.0,0.4,236.3218,250.6135,262.9307,273.0101,280.8456,286.6633,290.8618,293.9395,296.4266,298.8346,301.627,305.2111,309.9441,316.1501,324.1404,334.24,346.8188,362.3368,381.411,404.924,456.1979122719202,191.3991629133802,658.045,97.82170000000008,799.5988000000001,10.633100000000011
1315,1315,1315.0,1315.0,1315.0,1315.0,1315.0,1315.0,1315.0,1315.0,1315.0,1315.0,1315.0,1315.0,1315.0,1315.0,1315.0,1315.0,1315.0,1315.0,1315.0,1315.0,1315.0,1315.0,1315.0,1315.0,1315.0,1315.0,1315.0,5.0,0.5,416.7712,384.8011,359.0268,338.722,323.3318,312.2859,304.9324,300.5454,298.3632,297.6234,297.5779,297.4881,296.6099,294.1886,289.4788,281.8,270.6269,255.6977,237.1122,215.3818,425.8047891831416,381.2991707444116,755.8667,227.45989999999995,701.7771,10.633100000000011
1316,1316,1316.0,1316.0,1316.0,1316.0,1316.0,1316.0,1316.0,1316.0,1316.0,1316.0,1316.0,1316.0,1316.0,1316.0,1316.0,1316.0,1316.0,1316.0,1316.0,1316.0,1316.0,1316.0,1316.0,1316.0,1316.0,1316.0,1316.0,6.0,0.6,399.0057,377.4477,359.8711,345.4173,333.4835,323.6331,315.5389,308.9491,303.6746,299.5917,296.6581,294.9324,294.588,295.9106,299.2718,305.0791,313.7133,325.4736,340.5583,359.104,330.1635967765993,328.7001960413046,983.3266,136.60489999999993,474.31720000000007,10.633100000000011
1317,1317,1317.0,1317.0,1317.0,1317.0,1317.0,1317.0,1317.0,1317.0,1317.0,1317.0,1317.0,1317.0,1317.0,1317.0,1317.0,1317.0,1317.0,1317.0,1317.0,1317.0,1317.0,1317.0,1317.0,1317.0,1317.0,1317.0,1317.0,7.0,0.7,325.8327,322.5512,319.8205,317.2812,314.7265,312.0928,309.4328,306.8763,304.5897,302.7398,301.4668,300.8682,300.9938,301.8504,303.4162,305.6621,308.5775,312.1969,316.6217,322.034,233.0216673521056,349.37872473475096,1119.9315,103.50860000000011,337.71230000000014,10.633100000000011
1318,1318,1318.0,1318.0,1318.0,1318.0,1318.0,1318.0,1318.0,1318.0,1318.0,1318.0,1318.0,1318.0,1318.0,1318.0,1318.0,1318.0,1318.0,1318.0,1318.0,1318.0,1318.0,1318.0,1318.0,1318.0,1318.0,1318.0,1318.0,8.0,0.8,246.1953,258.1905,268.6153,277.2389,284.0102,289.044,292.5823,294.945,296.4833,297.5433,298.4439,299.4677,300.8625,302.8474,305.6212,309.3695,314.2723,320.5106,328.2791,337.805,458.5387753089432,364.96281492568585,1223.4401,121.48800000000006,234.20370000000003,10.633100000000011
1319,1319,1319.0,1319.0,1319.0,1319.0,1319.0,1319.0,1319.0,1319.0,1319.0,1319.0,1319.0,1319.0,1319.0,1319.0,1319.0,1319.0,1319.0,1319.0,1319.0,1319.0,1319.0,1319.0,1319.0,1319.0,1319.0,1319.0,1319.0,9.0,0.9,418.8187,386.6533,360.6847,340.1171,324.3531,312.8094,304.8572,299.841,297.1328,296.1894,296.5927,298.0659,300.4677,303.7731,308.0485,313.4273,320.0927,328.2694,338.229,350.3111,338.93350835058345,283.0296606589143,1344.9281,112.71569999999996,112.71569999999996,10.633100000000011
1320,1320,1320.0,1320.0,1320.0,1320.0,1320.0,1320.0,1320.0,1320.0,1320.0,1320.0,1320.0,1320.0,1320.0,1320.0,1320.0,1320.0,1320.0,1320.0,1320.0,1320.0,1320.0,1320.0,1320.0,1320.0,1320.0,1320.0,1320.0,0.0,0.0,273.0,273.0,273.0,273.0,273.0,273.0,273.0,273.0,273.0,273.0,273.0,273.0,273.0,273.0,273.0,273.0,273.0,273.0,273.0,273.0,353.2983372350489,185.4613982307759,0.0,472.3777,2696.5918,-40.0
1321,1321,1321.0,1321.0,1321.0,1321.0,1321.0,1321.0,1321.0,1321.0,1321.0,1321.0,1321.0,1321.0,1321.0,1321.0,1321.0,1321.0,1321.0,1321.0,1321.0,1321.0,1321.0,1321.0,1321.0,1321.0,1321.0,1321.0,1321.0,1.0,0.1,336.6822,322.4325,310.4139,300.5186,292.6056,286.4719,281.8507,278.4262,275.8532,273.7727,271.8189,269.6192,266.7924,262.951,257.7159,250.7446,241.7721,230.656,217.413,202.2331,207.04600485712385,329.63835922886994,472.3777,529.6182,2224.2141,-26.528099999999995
1322,1322,1322.0,1322.0,1322.0,1322.0,1322.0,1322.0,1322.0,1322.0,1322.0,1322.0,1322.0,1322.0,1322.0,1322.0,1322.0,1322.0,1322.0,1322.0,1322.0,1322.0,1322.0,1322.0,1322.0,1322.0,1322.0,1322.0,1322.0,2.0,0.2,222.5849,236.5191,248.3522,257.7962,264.7946,269.4999,272.2193,273.3518,273.3335,272.6029,271.589,270.7159,270.4129,271.1172,273.2586,277.2245,283.3101,291.6712,302.2993,315.0366,271.8675203439911,367.4724839650096,1001.9959,432.591,1694.5959000000005,-43.500099999999975
1323,1323,1323.0,1323.0,1323.0,1323.0,1323.0,1323.0,1323.0,1323.0,1323.0,1323.0,1323.0,1323.0,1323.0,1323.0,1323.0,1323.0,1323.0,1323.0,1323.0,1323.0,1323.0,1323.0,1323.0,1323.0,1323.0,1323.0,1323.0,3.0,0.3,270.4814,269.2578,268.349,267.8492,267.7871,268.1376,268.8466,269.8629,271.1679,272.7974,274.852,277.4962,280.9474,285.4586,291.2961,298.7189,307.9633,319.2395,332.7472,348.7156,434.8428366346779,407.6460013639272,1434.5869,250.3194000000001,1262.0049,-44.86239999999998
1324,1324,1324.0,1324.0,1324.0,1324.0,1324.0,1324.0,1324.0,1324.0,1324.0,1324.0,1324.0,1324.0,1324.0,1324.0,1324.0,1324.0,1324.0,1324.0,1324.0,1324.0,1324.0,1324.0,1324.0,1324.0,1324.0,1324.0,1324.0,4.0,0.4,399.3591,369.9832,345.7752,326.203,310.8758,299.4039,291.3519,286.2522,283.6497,283.1514,284.464,287.4132,291.9448,298.1118,306.0545,315.981,328.1548,342.9001,360.6323,381.9276,243.73022755131507,453.8918634628528,1684.9063,98.79909999999995,1011.6855,-13.59609999999998
1325,1325,1325.0,1325.0,1325.0,1325.0,1325.0,1325.0,1325.0,1325.0,1325.0,1325.0,1325.0,1325.0,1325.0,1325.0,1325.0,1325.0,1325.0,1325.0,1325.0,1325.0,1325.0,1325.0,1325.0,1325.0,1325.0,1325.0,1325.0,5.0,0.5,255.1489,265.413,274.0416,280.783,285.6454,288.873,290.8855,292.2013,293.3661,294.8995,297.267,300.8747,306.0808,313.2157,322.6062,334.6017,349.6077,368.1366,390.8941,418.9288,173.19883716738542,468.1850738857431,1783.7054,113.8677,912.8864,-24.12700000000001
1326,1326,1326.0,1326.0,1326.0,1326.0,1326.0,1326.0,1326.0,1326.0,1326.0,1326.0,1326.0,1326.0,1326.0,1326.0,1326.0,1326.0,1326.0,1326.0,1326.0,1326.0,1326.0,1326.0,1326.0,1326.0,1326.0,1326.0,1326.0,6.0,0.6,193.8501,212.7863,229.631,244.1849,256.4466,266.5992,274.9716,281.9895,288.127,293.8692,299.6877,306.0295,313.3189,321.9677,332.3948,345.0543,360.4785,379.3421,402.5666,431.4931,250.0546733001047,383.37378760256297,1897.5731,163.26469999999972,799.0187000000001,-46.4008
1327,1327,1327.0,1327.0,1327.0,1327.0,1327.0,1327.0,1327.0,1327.0,1327.0,1327.0,1327.0,1327.0,1327.0,1327.0,1327.0,1327.0,1327.0,1327.0,1327.0,1327.0,1327.0,1327.0,1327.0,1327.0,1327.0,1327.0,1327.0,7.0,0.7,252.5336,254.9471,257.6043,260.7219,264.4109,268.6854,273.4897,278.7328,284.3188,290.1679,296.2259,302.4641,308.8769,315.4837,322.3392,329.5566,337.3391,346.017,356.0839,368.2296,221.62719625116128,405.3305858265677,2060.8378,166.86200000000008,635.7540000000004,-44.314599999999984
1328,1328,1328.0,1328.0,1328.0,1328.0,1328.0,1328.0,1328.0,1328.0,1328.0,1328.0,1328.0,1328.0,1328.0,1328.0,1328.0,1328.0,1328.0,1328.0,1328.0,1328.0,1328.0,1328.0,1328.0,1328.0,1328.0,1328.0,1328.0,8.0,0.8,231.1983,239.9406,247.8693,255.032,261.5115,267.4215,272.8964,278.0809,283.1216,288.1639,293.3539,298.8455,304.8104,311.4481,318.997,327.7441,338.0379,350.3075,365.0946,383.1101,174.02285039425328,432.4270117168728,2227.6998,225.6289999999999,468.8920000000003,-45.57850000000002
1329,1329,1329.0,1329.0,1329.0,1329.0,1329.0,1329.0,1329.0,1329.0,1329.0,1329.0,1329.0,1329.0,1329.0,1329.0,1329.0,1329.0,1329.0,1329.0,1329.0,1329.0,1329.0,1329.0,1329.0,1329.0,1329.0,1329.0,1329.0,9.0,0.9,191.7309,207.9778,222.5883,235.49,246.7244,256.4381,264.8599,272.2721,278.9841,285.3136,291.577,298.0882,305.1642,313.1341,322.3501,333.2019,346.1374,361.696,380.5673,403.6907,282.38923525711016,305.8125640269226,2453.3288,243.2630000000004,243.2630000000004,-56.56189999999998
1330,1330,1330.0,1330.0,1330.0,1330.0,1330.0,1330.0,1330.0,1330.0,1330.0,1330.0,1330.0,1330.0,1330.0,1330.0,1330.0,1330.0,1330.0,1330.0,1330.0,1330.0,1330.0,1330.0,1330.0,1330.0,1330.0,1330.0,1330.0,0.0,0.0,273.0,273.0,273.0,273.0,273.0,273.0,273.0,273.0,273.0,273.0,273.0,273.0,273.0,273.0,273.0,273.0,273.0,273.0,273.0,273.0,384.9219211803563,197.36088424422127,0.0,459.4284,4187.9563,-40.0
1331,1331,1331.0,1331.0,1331.0,1331.0,1331.0,1331.0,1331.0,1331.0,1331.0,1331.0,1331.0,1331.0,1331.0,1331.0,1331.0,1331.0,1331.0,1331.0,1331.0,1331.0,1331.0,1331.0,1331.0,1331.0,1331.0,1331.0,1331.0,1.0,0.1,361.3472,341.3961,324.7024,311.0206,300.1099,291.6752,285.3536,280.7296,277.3623,274.8102,272.6449,270.4558,267.8479,264.4408,259.8771,253.8417,246.0929,236.4968,225.0557,211.9178,259.76904114703746,214.16741922312323,459.4284,533.1591999999999,3728.5279,-21.324799999999986
1332,1332,1332.0,1332.0,1332.0,1332.0,1332.0,1332.0,1332.0,1332.0,1332.0,1332.0,1332.0,1332.0,1332.0,1332.0,1332.0,1332.0,1332.0,1332.0,1332.0,1332.0,1332.0,1332.0,1332.0,1332.0,1332.0,1332.0,1332.0,2.0,0.2,266.1359,271.7895,276.3611,279.6196,281.4905,282.0409,281.4386,279.8997,277.6391,274.8343,271.6055,268.0135,264.0683,259.744,254.9942,249.763,243.9905,237.6145,230.5683,222.7788,395.36015440791823,189.1590641495644,992.5876,607.2407,3195.3686999999995,-30.95909999999997
1333,1333,1333.0,1333.0,1333.0,1333.0,1333.0,1333.0,1333.0,1333.0,1333.0,1333.0,1333.0,1333.0,1333.0,1333.0,1333.0,1333.0,1333.0,1333.0,1333.0,1333.0,1333.0,1333.0,1333.0,1333.0,1333.0,1333.0,1333.0,3.0,0.3,369.9531,348.5935,330.762,316.0953,304.2523,294.8482,287.443,281.5631,276.7361,272.522,268.5329,264.4375,259.9562,254.8514,248.9192,241.9876,233.9195,224.6206,214.047,202.2076,369.563027695453,233.0207633466876,1599.8283,612.3562,2588.128,-18.15179999999998
1334,1334,1334.0,1334.0,1334.0,1334.0,1334.0,1334.0,1334.0,1334.0,1334.0,1334.0,1334.0,1334.0,1334.0,1334.0,1334.0,1334.0,1334.0,1334.0,1334.0,1334.0,1334.0,1334.0,1334.0,1334.0,1334.0,1334.0,1334.0,4.0,0.4,353.1381,339.3294,327.5434,317.3425,308.4027,300.4813,293.3925,286.9882,281.1452,275.7592,270.745,266.0394,261.6043,257.4259,253.5066,249.8495,246.4364,243.2052,240.0313,236.7211,273.1377274462505,312.2765778646089,2212.1845,494.6141000000002,1975.7718,-12.518700000000024
1335,1335,1335.0,1335.0,1335.0,1335.0,1335.0,1335.0,1335.0,1335.0,1335.0,1335.0,1335.0,1335.0,1335.0,1335.0,1335.0,1335.0,1335.0,1335.0,1335.0,1335.0,1335.0,1335.0,1335.0,1335.0,1335.0,1335.0,1335.0,5.0,0.5,277.3489,281.1212,284.085,285.9929,286.7421,286.3694,285.0259,282.9419,280.3936,277.678,275.0989,272.9615,271.5707,271.2244,272.1992,274.7256,278.9571,284.9435,292.618,301.8084,280.78431774401963,433.02783748561086,2706.7986,324.7433000000001,1481.1576999999995,-26.63060000000001
1336,1336,1336.0,1336.0,1336.0,1336.0,1336.0,1336.0,1336.0,1336.0,1336.0,1336.0,1336.0,1336.0,1336.0,1336.0,1336.0,1336.0,1336.0,1336.0,1336.0,1336.0,1336.0,1336.0,1336.0,1336.0,1336.0,1336.0,1336.0,6.0,0.6,280.5732,280.4591,280.3751,280.2696,280.1131,279.9065,279.6907,279.5565,279.654,280.202,281.4935,283.8959,287.8436,293.8187,302.3221,313.8411,328.8252,347.6909,370.8788,398.9892,356.22873484655213,235.8555067972609,3031.5419,185.33050000000003,1156.4143999999997,-33.093500000000006
1337,1337,1337.0,1337.0,1337.0,1337.0,1337.0,1337.0,1337.0,1337.0,1337.0,1337.0,1337.0,1337.0,1337.0,1337.0,1337.0,1337.0,1337.0,1337.0,1337.0,1337.0,1337.0,1337.0,1337.0,1337.0,1337.0,1337.0,1337.0,7.0,0.7,339.9533,326.1475,314.6544,305.3629,298.1503,292.8544,289.269,287.1511,286.2298,286.2083,286.7563,287.4976,288.0009,287.7831,286.3365,283.1806,277.9353,270.4007,260.6227,248.92,251.64758997652925,298.2442003181224,3216.8724,258.9213,971.0838999999996,-20.1456
1338,1338,1338.0,1338.0,1338.0,1338.0,1338.0,1338.0,1338.0,1338.0,1338.0,1338.0,1338.0,1338.0,1338.0,1338.0,1338.0,1338.0,1338.0,1338.0,1338.0,1338.0,1338.0,1338.0,1338.0,1338.0,1338.0,1338.0,1338.0,8.0,0.8,259.5379,266.6537,272.6995,277.5019,281.0264,283.363,284.6917,285.2383,285.2345,284.8912,284.3874,283.8733,283.4818,283.3404,283.5777,284.32,285.6797,287.7379,290.5317,294.0498,244.11853924772896,237.55596046659065,3475.7937,332.83269999999993,712.1625999999997,-29.637
1339,1339,1339.0,1339.0,1339.0,1339.0,1339.0,1339.0,1339.0,1339.0,1339.0,1339.0,1339.0,1339.0,1339.0,1339.0,1339.0,1339.0,1339.0,1339.0,1339.0,1339.0,1339.0,1339.0,1339.0,1339.0,1339.0,1339.0,1339.0,9.0,0.9,250.6169,256.5105,261.7332,266.2434,270.0298,273.1098,275.5246,277.328,278.5745,279.3045,279.5314,279.2314,278.3376,276.7438,274.3162,270.9157,266.4266,260.7872,254.0138,246.2097,404.2936119929663,336.43873837689017,3808.6264,379.3298999999997,379.3298999999997,-39.89019999999999
1340,1340,1340.0,1340.0,1340.0,1340.0,1340.0,1340.0,1340.0,1340.0,1340.0,1340.0,1340.0,1340.0,1340.0,1340.0,1340.0,1340.0,1340.0,1340.0,1340.0,1340.0,1340.0,1340.0,1340.0,1340.0,1340.0,1340.0,1340.0,0.0,0.0,273.0,273.0,273.0,273.0,273.0,273.0,273.0,273.0,273.0,273.0,273.0,273.0,273.0,273.0,273.0,273.0,273.0,273.0,273.0,273.0,314.9749982888742,334.0464958703019,0.0,405.253,3347.8181000000004,-40.0
1341,1341,1341.0,1341.0,1341.0,1341.0,1341.0,1341.0,1341.0,1341.0,1341.0,1341.0,1341.0,1341.0,1341.0,1341.0,1341.0,1341.0,1341.0,1341.0,1341.0,1341.0,1341.0,1341.0,1341.0,1341.0,1341.0,1341.0,1341.0,1.0,0.1,306.4655,299.0612,292.7648,287.5655,283.4193,280.2454,277.9358,276.374,275.4569,275.1162,275.3337,276.1504,277.6663,280.0318,283.4294,288.0494,294.0631,301.6015,310.7471,321.5466,377.928800340871,219.6776451345297,405.253,319.3595,2942.5651000000003,-32.75459999999998
1342,1342,1342.0,1342.0,1342.0,1342.0,1342.0,1342.0,1342.0,1342.0,1342.0,1342.0,1342.0,1342.0,1342.0,1342.0,1342.0,1342.0,1342.0,1342.0,1342.0,1342.0,1342.0,1342.0,1342.0,1342.0,1342.0,1342.0,1342.0,2.0,0.2,357.3223,339.9431,325.3895,313.3869,303.7031,296.1013,290.3215,286.0779,283.0654,280.9629,279.4332,278.118,276.6345,274.5795,271.5468,267.1612,261.1251,253.2697,243.5942,232.2819,366.63177307752585,379.9874159744791,724.6125,323.4383,2623.2056,-16.89870000000002
1343,1343,1343.0,1343.0,1343.0,1343.0,1343.0,1343.0,1343.0,1343.0,1343.0,1343.0,1343.0,1343.0,1343.0,1343.0,1343.0,1343.0,1343.0,1343.0,1343.0,1343.0,1343.0,1343.0,1343.0,1343.0,1343.0,1343.0,1343.0,3.0,0.3,350.9433,337.823,326.7621,317.3894,309.4314,302.685,297.0019,292.2801,288.4665,285.566,283.6555,282.8985,283.5499,285.947,290.48,297.5441,307.4852,320.5574,336.916,356.6675,319.7743781895009,185.2428014087245,1048.0508,224.9948,2299.7673,-10.314999999999998
1344,1344,1344.0,1344.0,1344.0,1344.0,1344.0,1344.0,1344.0,1344.0,1344.0,1344.0,1344.0,1344.0,1344.0,1344.0,1344.0,1344.0,1344.0,1344.0,1344.0,1344.0,1344.0,1344.0,1344.0,1344.0,1344.0,1344.0,1344.0,4.0,0.4,314.7842,310.6984,307.2087,304.0909,301.2082,298.502,295.9689,293.6289,291.4873,289.496,287.5185,285.3043,282.4789,278.5563,272.9804,265.1953,254.739,241.345,225.0268,206.1174,235.50296655481364,316.3107753061724,1273.0456,343.75580000000014,2074.7725,-14.49799999999999
1345,1345,1345.0,1345.0,1345.0,1345.0,1345.0,1345.0,1345.0,1345.0,1345.0,1345.0,1345.0,1345.0,1345.0,1345.0,1345.0,1345.0,1345.0,1345.0,1345.0,1345.0,1345.0,1345.0,1345.0,1345.0,1345.0,1345.0,1345.0,5.0,0.5,246.4273,256.289,264.7539,271.613,276.7991,280.3755,282.5065,283.4215,283.3837,282.6717,281.5745,280.3976,279.4705,279.1471,279.7913,281.744,285.2778,290.5514,297.5805,306.241,403.01123246410407,202.82633123560328,1616.8014,349.9675,1731.0167,-32.62450000000001
1346,1346,1346.0,1346.0,1346.0,1346.0,1346.0,1346.0,1346.0,1346.0,1346.0,1346.0,1346.0,1346.0,1346.0,1346.0,1346.0,1346.0,1346.0,1346.0,1346.0,1346.0,1346.0,1346.0,1346.0,1346.0,1346.0,1346.0,1346.0,6.0,0.6,375.5032,352.5029,333.5071,318.1863,306.2204,297.2198,290.7119,286.1691,283.0495,280.8318,279.0325,277.2042,274.9244,271.7859,267.399,261.4124,253.5508,243.6621,231.7572,218.0274,211.15458274458567,335.68038632844707,1966.7689,388.5216,1381.0492,-15.78019999999998
1347,1347,1347.0,1347.0,1347.0,1347.0,1347.0,1347.0,1347.0,1347.0,1347.0,1347.0,1347.0,1347.0,1347.0,1347.0,1347.0,1347.0,1347.0,1347.0,1347.0,1347.0,1347.0,1347.0,1347.0,1347.0,1347.0,1347.0,1347.0,7.0,0.7,227.9566,243.0446,255.8079,265.8961,273.2447,278.0438,280.668,281.595,281.3344,280.3816,279.1983,278.2167,277.8515,278.5097,280.5841,284.4288,290.3202,298.4191,308.7511,321.2227,305.6735580242206,356.45450921340614,2355.2905,314.4533000000001,992.5276,-34.956200000000024
1348,1348,1348.0,1348.0,1348.0,1348.0,1348.0,1348.0,1348.0,1348.0,1348.0,1348.0,1348.0,1348.0,1348.0,1348.0,1348.0,1348.0,1348.0,1348.0,1348.0,1348.0,1348.0,1348.0,1348.0,1348.0,1348.0,1348.0,1348.0,8.0,0.8,298.5618,292.421,287.3731,283.4771,280.7085,278.966,278.0997,277.9504,278.3882,279.3409,280.8085,282.8626,285.636,289.3037,294.063,300.1151,307.6519,316.8546,327.9039,341.0089,246.0434910756753,229.0068703508594,2669.7438,272.4312,678.0742999999998,-34.03399999999999
1349,1349,1349.0,1349.0,1349.0,1349.0,1349.0,1349.0,1349.0,1349.0,1349.0,1349.0,1349.0,1349.0,1349.0,1349.0,1349.0,1349.0,1349.0,1349.0,1349.0,1349.0,1349.0,1349.0,1349.0,1349.0,1349.0,1349.0,1349.0,9.0,0.9,252.7061,258.7008,263.8966,268.2328,271.7297,274.4789,276.6181,278.2975,279.6436,280.7262,281.5343,281.9611,281.8037,280.7779,278.5516,274.7948,269.2412,261.7518,252.3644,241.313,218.3298030163512,337.28674922257835,2942.175,405.6430999999998,405.6430999999998,-38.52109999999999
1350,1350,1350.0,1350.0,1350.0,1350.0,1350.0,1350.0,1350.0,1350.0,1350.0,1350.0,1350.0,1350.0,1350.0,1350.0,1350.0,1350.0,1350.0,1350.0,1350.0,1350.0,1350.0,1350.0,1350.0,1350.0,1350.0,1350.0,1350.0,0.0,0.0,273.0,273.0,273.0,273.0,273.0,273.0,273.0,273.0,273.0,273.0,273.0,273.0,273.0,273.0,273.0,273.0,273.0,273.0,273.0,273.0,402.7811291137487,383.09895307430446,0.0,371.3164,1823.2602,2.390800000000013
1351,1351,1351.0,1351.0,1351.0,1351.0,1351.0,1351.0,1351.0,1351.0,1351.0,1351.0,1351.0,1351.0,1351.0,1351.0,1351.0,1351.0,1351.0,1351.0,1351.0,1351.0,1351.0,1351.0,1351.0,1351.0,1351.0,1351.0,1351.0,1.0,0.1,375.1615,351.9734,332.6695,316.9063,304.3885,294.7919,287.7473,282.8664,279.7881,278.2266,278.0089,279.0949,281.5773,285.6622,291.633,299.8047,310.4786,323.9121,340.3225,359.9365,413.67245383970703,409.8714956817074,371.3164,174.41659999999996,1451.9438,2.390800000000013
1352,1352,1352.0,1352.0,1352.0,1352.0,1352.0,1352.0,1352.0,1352.0,1352.0,1352.0,1352.0,1352.0,1352.0,1352.0,1352.0,1352.0,1352.0,1352.0,1352.0,1352.0,1352.0,1352.0,1352.0,1352.0,1352.0,1352.0,1352.0,2.0,0.2,387.4604,365.9393,348.1384,333.4212,321.3562,311.64,304.0511,298.4249,294.6424,292.6269,292.3444,293.8045,297.0614,302.2115,309.3912,318.7763,330.5879,345.111,362.7355,384.0308,351.05559420364654,288.53948788800585,545.733,99.79630000000007,1277.5272,2.390800000000013
1353,1353,1353.0,1353.0,1353.0,1353.0,1353.0,1353.0,1353.0,1353.0,1353.0,1353.0,1353.0,1353.0,1353.0,1353.0,1353.0,1353.0,1353.0,1353.0,1353.0,1353.0,1353.0,1353.0,1353.0,1353.0,1353.0,1353.0,1353.0,3.0,0.3,340.9595,332.7414,325.9047,320.0947,315.0894,310.7808,307.1457,304.2082,302.0012,300.5306,299.7474,299.5311,299.6864,299.9569,300.0542,299.7026,298.6917,296.9284,294.4738,291.5545,380.1121768984583,184.88648302399727,645.5293,186.7984,1177.7309,2.390800000000013
1354,1354,1354.0,1354.0,1354.0,1354.0,1354.0,1354.0,1354.0,1354.0,1354.0,1354.0,1354.0,1354.0,1354.0,1354.0,1354.0,1354.0,1354.0,1354.0,1354.0,1354.0,1354.0,1354.0,1354.0,1354.0,1354.0,1354.0,1354.0,4.0,0.4,362.5754,348.2193,336.462,326.87,319.0941,312.8307,307.7974,303.7178,300.3096,297.273,294.2779,290.9545,286.8897,281.6359,274.7369,265.7718,254.4138,240.4933,224.0498,205.3539,238.2685887646901,342.36376380364345,832.3277,287.00520000000006,990.9325,2.390800000000013
1355,1355,1355.0,1355.0,1355.0,1355.0,1355.0,1355.0,1355.0,1355.0,1355.0,1355.0,1355.0,1355.0,1355.0,1355.0,1355.0,1355.0,1355.0,1355.0,1355.0,1355.0,1355.0,1355.0,1355.0,1355.0,1355.0,1355.0,1355.0,5.0,0.5,251.129,262.7519,272.6341,280.4649,286.1477,289.7804,291.6076,291.9652,291.2323,289.8022,288.074,286.4589,285.3906,285.327,286.7329,290.0412,295.6004,303.6241,314.1651,327.1329,329.9666802427919,422.1313457137778,1119.3329,198.6126999999999,703.9272999999998,2.390800000000013
1356,1356,1356.0,1356.0,1356.0,1356.0,1356.0,1356.0,1356.0,1356.0,1356.0,1356.0,1356.0,1356.0,1356.0,1356.0,1356.0,1356.0,1356.0,1356.0,1356.0,1356.0,1356.0,1356.0,1356.0,1356.0,1356.0,1356.0,1356.0,6.0,0.6,319.5423,310.7143,303.4613,297.7378,293.4451,290.4329,288.5232,287.5493,287.3953,288.0291,289.522,292.0528,295.8975,301.4077,308.9811,319.031,331.9674,348.1996,368.1816,392.5144,208.14737041151767,340.7292811297857,1317.9456,122.37290000000009,505.3145999999999,2.390800000000013
1357,1357,1357.0,1357.0,1357.0,1357.0,1357.0,1357.0,1357.0,1357.0,1357.0,1357.0,1357.0,1357.0,1357.0,1357.0,1357.0,1357.0,1357.0,1357.0,1357.0,1357.0,1357.0,1357.0,1357.0,1357.0,1357.0,1357.0,1357.0,7.0,0.7,223.8517,238.0879,250.4729,260.8108,269.1133,275.5784,280.5389,284.3982,287.5668,290.412,293.2244,296.2034,299.4586,303.0275,306.9044,311.0789,315.5787,320.5109,326.0937,332.6741,327.51760966388304,460.2064353930179,1440.3185,161.6803,382.9416999999999,2.390800000000013
1358,1358,1358.0,1358.0,1358.0,1358.0,1358.0,1358.0,1358.0,1358.0,1358.0,1358.0,1358.0,1358.0,1358.0,1358.0,1358.0,1358.0,1358.0,1358.0,1358.0,1358.0,1358.0,1358.0,1358.0,1358.0,1358.0,1358.0,1358.0,8.0,0.8,315.8692,305.9225,297.8329,291.6904,287.4757,285.058,284.2248,284.7348,286.3748,289.0101,292.6203,297.3161,303.3401,311.0515,320.9019,333.4083,349.1382,368.7256,392.944,422.8725,458.1913515870142,259.66898102614425,1601.9988,88.62739999999985,221.26139999999987,2.390800000000013
1359,1359,1359.0,1359.0,1359.0,1359.0,1359.0,1359.0,1359.0,1359.0,1359.0,1359.0,1359.0,1359.0,1359.0,1359.0,1359.0,1359.0,1359.0,1359.0,1359.0,1359.0,1359.0,1359.0,1359.0,1359.0,1359.0,1359.0,1359.0,9.0,0.9,419.5902,388.3949,363.1271,342.9179,327.1735,315.3908,307.0708,301.6902,298.7043,297.5572,297.687,298.5251,299.4927,300.0076,299.507,297.4933,293.598,287.6506,279.7349,270.2083,267.3631220940106,422.1424786013381,1690.6262,132.634,132.634,2.390800000000013
1360,1360,1360.0,1360.0,1360.0,1360.0,1360.0,1360.0,1360.0,1360.0,1360.0,1360.0,1360.0,1360.0,1360.0,1360.0,1360.0,1360.0,1360.0,1360.0,1360.0,1360.0,1360.0,1360.0,1360.0,1360.0,1360.0,1360.0,1360.0,0.0,0.0,273.0,273.0,273.0,273.0,273.0,273.0,273.0,273.0,273.0,273.0,273.0,273.0,273.0,273.0,273.0,273.0,273.0,273.0,273.0,273.0,179.38847271729205,384.07912239733866,0.0,455.8151,3351.0017999999995,-40.0
1361,1361,1361.0,1361.0,1361.0,1361.0,1361.0,1361.0,1361.0,1361.0,1361.0,1361.0,1361.0,1361.0,1361.0,1361.0,1361.0,1361.0,1361.0,1361.0,1361.0,1361.0,1361.0,1361.0,1361.0,1361.0,1361.0,1361.0,1361.0,1.0,0.1,197.2848,213.5062,227.6726,239.5733,249.1871,256.6675,262.3034,266.4725,269.5986,272.1237,274.4947,277.1621,280.5826,285.2164,291.5155,299.901,310.7384,324.3229,340.8938,360.6929,397.4788169831212,447.267491923396,455.8151,326.29990000000004,2895.1867,-56.33249999999998
1362,1362,1362.0,1362.0,1362.0,1362.0,1362.0,1362.0,1362.0,1362.0,1362.0,1362.0,1362.0,1362.0,1362.0,1362.0,1362.0,1362.0,1362.0,1362.0,1362.0,1362.0,1362.0,1362.0,1362.0,1362.0,1362.0,1362.0,1362.0,2.0,0.2,368.0509,343.0838,322.3787,305.8589,293.3834,284.665,279.2774,276.7183,276.4953,278.2042,281.5821,286.5297,293.1057,301.5034,312.0187,325.0217,340.9446,360.3003,383.7497,412.2416,404.3136423636495,198.3662151196548,782.115,138.48709999999994,2568.8868,-28.33499999999998
1363,1363,1363.0,1363.0,1363.0,1363.0,1363.0,1363.0,1363.0,1363.0,1363.0,1363.0,1363.0,1363.0,1363.0,1363.0,1363.0,1363.0,1363.0,1363.0,1363.0,1363.0,1363.0,1363.0,1363.0,1363.0,1363.0,1363.0,1363.0,3.0,0.3,379.4914,358.966,341.9606,327.9784,316.6837,307.8224,301.1673,296.478,293.4703,291.79,290.9914,290.5231,289.7277,287.8624,284.1493,277.8557,268.4012,255.4727,239.1215,219.8081,295.8667299447876,207.5041738120601,920.6021,295.7119000000001,2430.3997,-5.177599999999984
1364,1364,1364.0,1364.0,1364.0,1364.0,1364.0,1364.0,1364.0,1364.0,1364.0,1364.0,1364.0,1364.0,1364.0,1364.0,1364.0,1364.0,1364.0,1364.0,1364.0,1364.0,1364.0,1364.0,1364.0,1364.0,1364.0,1364.0,1364.0,4.0,0.4,297.0366,298.3009,299.2772,299.7002,299.437,298.4733,296.8771,294.7526,292.1955,289.2593,285.9369,282.1597,277.8087,272.7345,266.7808,259.8062,251.7025,242.4074,231.9095,220.2477,272.135671356175,231.47218937312635,1216.314,415.0003999999999,2134.6878,-14.526700000000003
1365,1365,1365.0,1365.0,1365.0,1365.0,1365.0,1365.0,1365.0,1365.0,1365.0,1365.0,1365.0,1365.0,1365.0,1365.0,1365.0,1365.0,1365.0,1365.0,1365.0,1365.0,1365.0,1365.0,1365.0,1365.0,1365.0,1365.0,1365.0,5.0,0.5,275.3518,278.3374,280.905,282.9094,284.2556,284.898,284.8323,284.0834,282.6937,280.7131,278.1934,275.1854,271.7391,267.9027,263.7199,259.2245,254.4311,249.3264,243.8613,237.9493,293.9558004519392,252.5682601535389,1631.3144,470.8831000000002,1719.6874,-28.10199999999997
1366,1366,1366.0,1366.0,1366.0,1366.0,1366.0,1366.0,1366.0,1366.0,1366.0,1366.0,1366.0,1366.0,1366.0,1366.0,1366.0,1366.0,1366.0,1366.0,1366.0,1366.0,1366.0,1366.0,1366.0,1366.0,1366.0,1366.0,1366.0,6.0,0.6,290.9132,288.3185,286.1204,284.2581,282.6562,281.227,279.8774,278.5183,277.0752,275.4955,273.754,271.8531,269.8201,267.7006,265.5475,263.4081,261.3095,259.2458,257.1687,254.9861,198.8079100503754,280.0050436516864,2102.1975,496.2525999999998,1248.8042999999998,-31.773000000000025
1367,1367,1367.0,1367.0,1367.0,1367.0,1367.0,1367.0,1367.0,1367.0,1367.0,1367.0,1367.0,1367.0,1367.0,1367.0,1367.0,1367.0,1367.0,1367.0,1367.0,1367.0,1367.0,1367.0,1367.0,1367.0,1367.0,1367.0,1367.0,7.0,0.7,214.3139,228.296,240.3788,250.3448,258.1528,263.9214,267.8894,270.3665,271.6867,272.1737,272.1208,271.7829,271.3778,271.0894,271.0693,271.4346,272.2616,273.5788,275.3631,277.542,321.79081945242683,450.0621715660751,2598.4501,449.5772999999999,752.5517,-49.0786
1368,1368,1368.0,1368.0,1368.0,1368.0,1368.0,1368.0,1368.0,1368.0,1368.0,1368.0,1368.0,1368.0,1368.0,1368.0,1368.0,1368.0,1368.0,1368.0,1368.0,1368.0,1368.0,1368.0,1368.0,1368.0,1368.0,1368.0,1368.0,8.0,0.8,309.609,298.965,290.0463,282.9642,277.7113,274.1611,272.1042,271.3081,271.5834,272.8421,275.1387,278.6886,283.8614,291.1512,301.1273,314.3766,331.4562,352.8859,379.2116,411.1792,466.22979619433625,370.7154847257064,3048.0274,173.31359999999995,302.97440000000006,-38.83890000000002
1369,1369,1369.0,1369.0,1369.0,1369.0,1369.0,1369.0,1369.0,1369.0,1369.0,1369.0,1369.0,1369.0,1369.0,1369.0,1369.0,1369.0,1369.0,1369.0,1369.0,1369.0,1369.0,1369.0,1369.0,1369.0,1369.0,1369.0,1369.0,9.0,0.9,424.3842,390.4211,362.7087,340.3235,322.6646,309.2455,299.5975,293.2464,289.7247,288.596,289.4744,292.0326,296.0027,301.1737,307.3953,314.5902,322.7767,332.0967,342.8444,355.4922,288.1370098716568,231.5219981408392,3221.341,129.6608000000001,129.6608000000001,-3.7545000000000073
1370,1370,1370.0,1370.0,1370.0,1370.0,1370.0,1370.0,1370.0,1370.0,1370.0,1370.0,1370.0,1370.0,1370.0,1370.0,1370.0,1370.0,1370.0,1370.0,1370.0,1370.0,1370.0,1370.0,1370.0,1370.0,1370.0,1370.0,1370.0,0.0,0.0,273.0,273.0,273.0,273.0,273.0,273.0,273.0,273.0,273.0,273.0,273.0,273.0,273.0,273.0,273.0,273.0,273.0,273.0,273.0,273.0,229.71095233379984,424.867171443872,0.0,413.6983,2061.5631,-40.0
1371,1371,1371.0,1371.0,1371.0,1371.0,1371.0,1371.0,1371.0,1371.0,1371.0,1371.0,1371.0,1371.0,1371.0,1371.0,1371.0,1371.0,1371.0,1371.0,1371.0,1371.0,1371.0,1371.0,1371.0,1371.0,1371.0,1371.0,1371.0,1.0,0.1,238.1514,245.7054,252.2506,257.7298,262.1632,265.6478,268.3475,270.4817,272.3166,274.1636,276.384,279.3948,283.6708,289.7336,298.1272,309.3817,323.9792,342.3442,364.8848,392.112,275.96075733833715,377.07363873183886,413.6983,272.6926,1647.8647999999998,-47.35219999999998
1372,1372,1372.0,1372.0,1372.0,1372.0,1372.0,1372.0,1372.0,1372.0,1372.0,1372.0,1372.0,1372.0,1372.0,1372.0,1372.0,1372.0,1372.0,1372.0,1372.0,1372.0,1372.0,1372.0,1372.0,1372.0,1372.0,1372.0,1372.0,2.0,0.2,273.9579,272.2175,270.9128,270.1717,270.0689,270.6312,271.8528,273.7158,276.2071,279.3303,283.109,287.5844,292.8103,298.85,305.7813,313.7084,322.7843,333.2392,345.4142,359.798,331.8521961803283,375.5136704418716,686.3909,181.25210000000004,1375.1722,-42.36880000000002
1373,1373,1373.0,1373.0,1373.0,1373.0,1373.0,1373.0,1373.0,1373.0,1373.0,1373.0,1373.0,1373.0,1373.0,1373.0,1373.0,1373.0,1373.0,1373.0,1373.0,1373.0,1373.0,1373.0,1373.0,1373.0,1373.0,1373.0,1373.0,3.0,0.3,319.8912,309.6213,301.0655,294.2432,289.1343,285.6654,283.7152,283.132,283.7575,285.4472,288.0874,291.6043,295.9689,301.199,307.3608,314.5723,323.0102,332.922,344.6448,358.6348,213.21315975951268,302.72374200496324,867.643,156.64449999999988,1193.9200999999998,-27.334600000000023
1374,1374,1374.0,1374.0,1374.0,1374.0,1374.0,1374.0,1374.0,1374.0,1374.0,1374.0,1374.0,1374.0,1374.0,1374.0,1374.0,1374.0,1374.0,1374.0,1374.0,1374.0,1374.0,1374.0,1374.0,1374.0,1374.0,1374.0,1374.0,4.0,0.4,227.5123,240.4493,251.6856,261.0517,268.5658,274.412,278.8898,282.3516,285.1413,287.5471,289.7707,291.917,293.9998,295.9619,297.7067,299.1369,300.1958,300.9047,301.3885,301.8835,435.57046102453614,276.7839147075145,1024.2875,231.70640000000003,1037.2756,-38.58800000000002
1375,1375,1375.0,1375.0,1375.0,1375.0,1375.0,1375.0,1375.0,1375.0,1375.0,1375.0,1375.0,1375.0,1375.0,1375.0,1375.0,1375.0,1375.0,1375.0,1375.0,1375.0,1375.0,1375.0,1375.0,1375.0,1375.0,1375.0,1375.0,5.0,0.5,399.7462,370.186,346.0337,326.7976,312.0617,301.3406,294.0419,289.4972,287.0232,285.9825,285.825,286.1054,286.4811,286.699,286.5817,286.017,284.9534,283.4004,281.4285,279.1652,224.9008905871696,459.1112056646386,1255.9939,197.03300000000013,805.5691999999999,-11.659400000000003
1376,1376,1376.0,1376.0,1376.0,1376.0,1376.0,1376.0,1376.0,1376.0,1376.0,1376.0,1376.0,1376.0,1376.0,1376.0,1376.0,1376.0,1376.0,1376.0,1376.0,1376.0,1376.0,1376.0,1376.0,1376.0,1376.0,1376.0,1376.0,6.0,0.6,240.1425,253.8398,265.4037,274.5105,281.1305,285.4981,288.0439,289.3136,289.9,290.3982,291.391,293.4537,297.1689,303.1343,311.9566,324.232,340.528,361.3949,387.4431,419.5297,297.94657361798943,226.4872153678844,1453.0269,137.01389999999992,608.5361999999998,-27.50189999999997
1377,1377,1377.0,1377.0,1377.0,1377.0,1377.0,1377.0,1377.0,1377.0,1377.0,1377.0,1377.0,1377.0,1377.0,1377.0,1377.0,1377.0,1377.0,1377.0,1377.0,1377.0,1377.0,1377.0,1377.0,1377.0,1377.0,1377.0,1377.0,7.0,0.7,293.6624,290.1078,287.386,285.5528,284.6021,284.469,285.0429,286.183,287.7262,289.4824,291.218,292.6341,293.3497,292.9033,290.7824,286.4846,279.6057,269.9376,257.5519,242.8404,280.395963525319,461.2241446993852,1590.0408,212.464,471.5222999999999,-28.53100000000001
1378,1378,1378.0,1378.0,1378.0,1378.0,1378.0,1378.0,1378.0,1378.0,1378.0,1378.0,1378.0,1378.0,1378.0,1378.0,1378.0,1378.0,1378.0,1378.0,1378.0,1378.0,1378.0,1378.0,1378.0,1378.0,1378.0,1378.0,1378.0,8.0,0.8,280.7946,281.2932,281.839,282.396,282.9484,283.5016,284.0853,284.7592,285.6262,286.8523,288.6905,291.5028,295.7708,302.0866,311.1191,323.5625,340.086,361.3184,387.9111,420.7285,291.44304538130103,385.8043735333208,1802.5048,107.5761,259.0582999999999,-29.498400000000004
1379,1379,1379.0,1379.0,1379.0,1379.0,1379.0,1379.0,1379.0,1379.0,1379.0,1379.0,1379.0,1379.0,1379.0,1379.0,1379.0,1379.0,1379.0,1379.0,1379.0,1379.0,1379.0,1379.0,1379.0,1379.0,1379.0,1379.0,1379.0,9.0,0.9,289.2342,287.4646,286.146,285.2933,284.9233,285.0567,285.7207,286.9521,288.797,291.3091,294.5438,298.5523,303.3789,309.064,315.6572,323.241,331.9647,342.0828,353.9966,368.2953,185.2950964585397,259.2141280114665,1910.0809,151.48219999999992,151.48219999999992,-27.943300000000026
1380,1380,1380.0,1380.0,1380.0,1380.0,1380.0,1380.0,1380.0,1380.0,1380.0,1380.0,1380.0,1380.0,1380.0,1380.0,1380.0,1380.0,1380.0,1380.0,1380.0,1380.0,1380.0,1380.0,1380.0,1380.0,1380.0,1380.0,1380.0,0.0,0.0,273.0,273.0,273.0,273.0,273.0,273.0,273.0,273.0,273.0,273.0,273.0,273.0,273.0,273.0,273.0,273.0,273.0,273.0,273.0,273.0,212.9747257316827,247.8735221721472,0.0,491.5634,4574.3543,-40.0
1381,1381,1381.0,1381.0,1381.0,1381.0,1381.0,1381.0,1381.0,1381.0,1381.0,1381.0,1381.0,1381.0,1381.0,1381.0,1381.0,1381.0,1381.0,1381.0,1381.0,1381.0,1381.0,1381.0,1381.0,1381.0,1381.0,1381.0,1381.0,1.0,0.1,224.5944,235.0375,244.1028,251.6833,257.7768,262.4769,265.9459,268.3815,269.9831,270.9246,271.3368,271.2988,270.8391,269.9428,268.5649,266.6459,264.1303,260.9824,257.1978,252.8077,174.84146686094448,179.87289283292642,491.5634,700.2476999999999,4082.7909,-50.5231
1382,1382,1382.0,1382.0,1382.0,1382.0,1382.0,1382.0,1382.0,1382.0,1382.0,1382.0,1382.0,1382.0,1382.0,1382.0,1382.0,1382.0,1382.0,1382.0,1382.0,1382.0,1382.0,1382.0,1382.0,1382.0,1382.0,1382.0,1382.0,2.0,0.2,191.2013,206.0737,219.2427,230.5818,240.0624,247.7432,253.7451,258.2185,261.3088,263.1263,263.7234,263.0807,261.105,257.639,252.4855,245.4425,236.3488,225.1292,211.8313,196.6414,240.69690018024832,218.14056525499467,1191.8111,954.2807000000004,3382.5432,-65.2568
1383,1383,1383.0,1383.0,1383.0,1383.0,1383.0,1383.0,1383.0,1383.0,1383.0,1383.0,1383.0,1383.0,1383.0,1383.0,1383.0,1383.0,1383.0,1383.0,1383.0,1383.0,1383.0,1383.0,1383.0,1383.0,1383.0,1383.0,1383.0,3.0,0.3,242.235,243.5083,244.7697,246.1774,247.7788,249.5173,251.2569,252.8175,254.0105,254.6687,254.6668,253.9313,252.4418,250.2236,247.3337,243.8423,239.8101,235.267,230.1957,224.526,201.4149157753182,404.5463557216519,2146.0918,886.9694,2428.2625,-63.4827
1384,1384,1384.0,1384.0,1384.0,1384.0,1384.0,1384.0,1384.0,1384.0,1384.0,1384.0,1384.0,1384.0,1384.0,1384.0,1384.0,1384.0,1384.0,1384.0,1384.0,1384.0,1384.0,1384.0,1384.0,1384.0,1384.0,1384.0,1384.0,4.0,0.4,211.7239,220.8911,228.8327,235.5198,240.988,245.3365,248.7219,251.3515,253.4827,255.4296,257.5752,260.3822,264.3942,270.2172,278.478,289.7635,304.5579,323.2035,345.9197,372.9052,438.8188202983574,401.4537226642717,3033.0612,488.6116999999999,1541.2931,-67.6635
1385,1385,1385.0,1385.0,1385.0,1385.0,1385.0,1385.0,1385.0,1385.0,1385.0,1385.0,1385.0,1385.0,1385.0,1385.0,1385.0,1385.0,1385.0,1385.0,1385.0,1385.0,1385.0,1385.0,1385.0,1385.0,1385.0,1385.0,1385.0,5.0,0.5,398.9428,365.526,337.7647,315.2837,297.8,284.9516,276.2519,271.1275,268.9923,269.3232,271.7119,275.8874,281.7113,289.1571,298.2858,309.2268,322.1719,337.389,355.2572,376.3322,214.1092340697826,446.97412749631553,3521.6729,176.67549999999983,1052.6814,-28.04840000000001
1386,1386,1386.0,1386.0,1386.0,1386.0,1386.0,1386.0,1386.0,1386.0,1386.0,1386.0,1386.0,1386.0,1386.0,1386.0,1386.0,1386.0,1386.0,1386.0,1386.0,1386.0,1386.0,1386.0,1386.0,1386.0,1386.0,1386.0,1386.0,6.0,0.6,229.7974,243.8332,255.6504,264.9687,271.8263,276.5457,279.6548,281.7891,283.6021,285.6997,288.6056,292.7553,298.5112,306.1887,316.0861,328.5154,343.8386,362.5178,385.1976,412.8422,425.4639613036068,177.73420889263264,3698.3484,161.3379,876.0059000000001,-36.45429999999999
1387,1387,1387.0,1387.0,1387.0,1387.0,1387.0,1387.0,1387.0,1387.0,1387.0,1387.0,1387.0,1387.0,1387.0,1387.0,1387.0,1387.0,1387.0,1387.0,1387.0,1387.0,1387.0,1387.0,1387.0,1387.0,1387.0,1387.0,1387.0,7.0,0.7,392.2971,364.8496,342.4204,324.6076,311.0632,301.3676,294.9939,291.3259,289.6947,289.409,289.7635,290.0296,289.4413,287.1933,282.4708,274.5176,262.7431,246.8474,226.934,203.5668,365.8885122048215,251.3159714661384,3859.6863,301.11670000000004,714.6680000000001,-11.632400000000018
1388,1388,1388.0,1388.0,1388.0,1388.0,1388.0,1388.0,1388.0,1388.0,1388.0,1388.0,1388.0,1388.0,1388.0,1388.0,1388.0,1388.0,1388.0,1388.0,1388.0,1388.0,1388.0,1388.0,1388.0,1388.0,1388.0,1388.0,1388.0,8.0,0.8,351.6711,339.9158,330.0459,321.6398,314.3964,308.1036,302.6045,297.7688,293.4709,289.5803,285.9645,282.5001,279.0894,275.673,272.2329,268.7841,265.3529,261.95,258.5438,255.0465,276.9297255915714,433.878067000708,4160.803,270.1284000000005,413.5513000000001,-4.896400000000028
1389,1389,1389.0,1389.0,1389.0,1389.0,1389.0,1389.0,1389.0,1389.0,1389.0,1389.0,1389.0,1389.0,1389.0,1389.0,1389.0,1389.0,1389.0,1389.0,1389.0,1389.0,1389.0,1389.0,1389.0,1389.0,1389.0,1389.0,1389.0,9.0,0.9,281.2855,285.3069,288.6439,291.062,292.4647,292.8911,292.4967,291.5284,290.3025,289.1938,288.6341,289.1172,291.1982,295.4812,302.5881,313.1123,327.5757,346.4127,370.0168,398.8827,258.12614818389403,280.9722071461296,4430.9314,143.42289999999957,143.42289999999957,-20.10890000000001
1390,1390,1390.0,1390.0,1390.0,1390.0,1390.0,1390.0,1390.0,1390.0,1390.0,1390.0,1390.0,1390.0,1390.0,1390.0,1390.0,1390.0,1390.0,1390.0,1390.0,1390.0,1390.0,1390.0,1390.0,1390.0,1390.0,1390.0,1390.0,0.0,0.0,273.0,273.0,273.0,273.0,273.0,273.0,273.0,273.0,273.0,273.0,273.0,273.0,273.0,273.0,273.0,273.0,273.0,273.0,273.0,273.0,244.17243909474527,345.262667191514,0.0,429.9791,3273.8108,1.465599999999995
1391,1391,1391.0,1391.0,1391.0,1391.0,1391.0,1391.0,1391.0,1391.0,1391.0,1391.0,1391.0,1391.0,1391.0,1391.0,1391.0,1391.0,1391.0,1391.0,1391.0,1391.0,1391.0,1391.0,1391.0,1391.0,1391.0,1391.0,1391.0,1.0,0.1,249.8272,254.8664,259.2197,262.8557,265.7898,268.0845,269.8423,271.1964,272.304,273.3421,274.5085,276.0243,278.1351,281.1067,285.2124,290.7132,297.8345,306.7479,317.5685,330.3755,264.188208068432,451.7000631183243,429.9791,331.72119999999995,2843.8317,1.465599999999995
1392,1392,1392.0,1392.0,1392.0,1392.0,1392.0,1392.0,1392.0,1392.0,1392.0,1392.0,1392.0,1392.0,1392.0,1392.0,1392.0,1392.0,1392.0,1392.0,1392.0,1392.0,1392.0,1392.0,1392.0,1392.0,1392.0,1392.0,1392.0,2.0,0.2,264.9609,265.6602,266.3788,267.1912,268.1537,269.3118,270.7136,272.4261,274.5535,277.2535,280.75,285.3394,291.3886,299.3237,309.6109,322.7362,339.1966,359.5209,384.3468,414.5821,281.28088179058994,194.3210776768812,761.7003,231.94320000000005,2512.1105,1.465599999999995
1393,1393,1393.0,1393.0,1393.0,1393.0,1393.0,1393.0,1393.0,1393.0,1393.0,1393.0,1393.0,1393.0,1393.0,1393.0,1393.0,1393.0,1393.0,1393.0,1393.0,1393.0,1393.0,1393.0,1393.0,1393.0,1393.0,1393.0,1393.0,3.0,0.3,279.3315,277.677,276.4198,275.6434,275.4047,275.7294,276.6078,277.9882,279.765,281.7605,283.7031,285.2084,285.7709,284.7794,281.5626,275.4703,265.9831,252.8344,236.1137,216.3185,257.1914241460136,256.08928855243005,993.6435,393.859,2280.1673,1.465599999999995
1394,1394,1394.0,1394.0,1394.0,1394.0,1394.0,1394.0,1394.0,1394.0,1394.0,1394.0,1394.0,1394.0,1394.0,1394.0,1394.0,1394.0,1394.0,1394.0,1394.0,1394.0,1394.0,1394.0,1394.0,1394.0,1394.0,1394.0,1394.0,4.0,0.4,260.9234,264.2946,267.2629,269.8044,271.915,273.6053,274.8916,275.7862,276.2912,276.3976,276.091,275.3619,274.217,272.6881,270.8333,268.7285,266.4509,264.0569,261.5628,258.9342,292.25232696086164,293.5865568584321,1387.5025,443.1796999999999,1886.3083,1.465599999999995
1395,1395,1395.0,1395.0,1395.0,1395.0,1395.0,1395.0,1395.0,1395.0,1395.0,1395.0,1395.0,1395.0,1395.0,1395.0,1395.0,1395.0,1395.0,1395.0,1395.0,1395.0,1395.0,1395.0,1395.0,1395.0,1395.0,1395.0,1395.0,5.0,0.5,288.1928,284.6492,281.6715,279.2787,277.4486,276.1191,275.1995,274.5885,274.1934,273.947,273.8198,273.8265,274.025,274.509,275.3938,276.7975,278.8194,281.5212,284.9147,288.9615,464.6956998202925,319.9094986858018,1830.6822,356.85580000000004,1443.1286000000002,1.465599999999995
1396,1396,1396.0,1396.0,1396.0,1396.0,1396.0,1396.0,1396.0,1396.0,1396.0,1396.0,1396.0,1396.0,1396.0,1396.0,1396.0,1396.0,1396.0,1396.0,1396.0,1396.0,1396.0,1396.0,1396.0,1396.0,1396.0,1396.0,1396.0,6.0,0.6,422.8706,388.838,361.0044,338.4485,320.5335,306.7016,296.3896,289.0204,284.0356,280.9373,279.3226,278.9005,279.4911,281.0104,283.4476,286.8373,291.2345,296.6951,303.2659,310.9874,394.11055516953775,188.08048115074087,2187.538,305.6776,1086.2728000000002,1.465599999999995
1397,1397,1397.0,1397.0,1397.0,1397.0,1397.0,1397.0,1397.0,1397.0,1397.0,1397.0,1397.0,1397.0,1397.0,1397.0,1397.0,1397.0,1397.0,1397.0,1397.0,1397.0,1397.0,1397.0,1397.0,1397.0,1397.0,1397.0,1397.0,7.0,0.7,374.2812,358.035,344.4662,332.9407,323.0317,314.4656,307.0704,300.724,295.3058,290.6545,286.5376,282.6332,278.5282,273.7355,267.7315,260.0132,250.1696,237.9553,223.3484,206.5743,318.0171224535908,389.08301853250464,2493.2156,331.06010000000015,780.5952000000002,1.465599999999995
1398,1398,1398.0,1398.0,1398.0,1398.0,1398.0,1398.0,1398.0,1398.0,1398.0,1398.0,1398.0,1398.0,1398.0,1398.0,1398.0,1398.0,1398.0,1398.0,1398.0,1398.0,1398.0,1398.0,1398.0,1398.0,1398.0,1398.0,1398.0,8.0,0.8,314.8399,312.3735,310.1864,307.9567,305.486,302.6949,299.6081,296.3335,293.0468,289.9857,287.4537,285.8291,285.5696,287.1997,291.2763,298.3306,308.8024,322.9887,341.0388,363.0219,177.46201611289374,304.10458790462786,2824.2757,195.7828999999997,449.53510000000006,1.465599999999995
1399,1399,1399.0,1399.0,1399.0,1399.0,1399.0,1399.0,1399.0,1399.0,1399.0,1399.0,1399.0,1399.0,1399.0,1399.0,1399.0,1399.0,1399.0,1399.0,1399.0,1399.0,1399.0,1399.0,1399.0,1399.0,1399.0,1399.0,1399.0,9.0,0.9,199.8629,220.2455,237.9681,252.6617,264.2571,272.9555,279.1577,283.3783,286.1624,288.0175,289.3669,290.5234,291.6828,292.934,294.2836,295.6926,297.119,298.5599,300.0852,301.8529,336.2215199951783,352.8581083055705,3020.0586,253.7522000000004,253.7522000000004,1.465599999999995
1400,1400,1400.0,1400.0,1400.0,1400.0,1400.0,1400.0,1400.0,1400.0,1400.0,1400.0,1400.0,1400.0,1400.0,1400.0,1400.0,1400.0,1400.0,1400.0,1400.0,1400.0,1400.0,1400.0,1400.0,1400.0,1400.0,1400.0,1400.0,0.0,0.0,273.0,273.0,273.0,273.0,273.0,273.0,273.0,273.0,273.0,273.0,273.0,273.0,273.0,273.0,273.0,273.0,273.0,273.0,273.0,273.0,211.9851862686464,371.1406747562768,0.0,438.8155,2481.1788,-40.0
1401,1401,1401.0,1401.0,1401.0,1401.0,1401.0,1401.0,1401.0,1401.0,1401.0,1401.0,1401.0,1401.0,1401.0,1401.0,1401.0,1401.0,1401.0,1401.0,1401.0,1401.0,1401.0,1401.0,1401.0,1401.0,1401.0,1401.0,1401.0,1.0,0.1,223.7944,234.4125,243.6369,251.3627,257.5977,262.4556,266.1351,268.8937,271.025,272.8439,274.6816,276.8865,279.8265,283.8843,289.4445,296.8698,306.4755,318.512,333.1715,350.6309,375.8139795461577,248.78452155557,438.8155,354.7448,2042.3633,-50.5444
1402,1402,1402.0,1402.0,1402.0,1402.0,1402.0,1402.0,1402.0,1402.0,1402.0,1402.0,1402.0,1402.0,1402.0,1402.0,1402.0,1402.0,1402.0,1402.0,1402.0,1402.0,1402.0,1402.0,1402.0,1402.0,1402.0,1402.0,1402.0,2.0,0.2,352.3146,332.2525,315.5355,302.1188,291.8824,284.5785,279.8356,277.1982,276.1776,276.2931,277.0939,278.162,279.104,279.5442,279.1282,277.5447,274.5614,270.0673,264.1075,256.8941,323.2701889937005,298.47431577363,793.5603,321.41279999999995,1687.6185,-28.42149999999998
1403,1403,1403.0,1403.0,1403.0,1403.0,1403.0,1403.0,1403.0,1403.0,1403.0,1403.0,1403.0,1403.0,1403.0,1403.0,1403.0,1403.0,1403.0,1403.0,1403.0,1403.0,1403.0,1403.0,1403.0,1403.0,1403.0,1403.0,1403.0,3.0,0.3,315.9336,309.6763,304.2459,299.4651,295.2271,291.482,288.2181,285.4408,283.1565,281.3649,280.0589,279.2329,278.8929,279.0642,279.7932,281.1402,283.1658,285.9141,289.399,293.6006,329.38746332033315,190.1113744489724,1114.9731,334.69870000000014,1366.2057000000002,-21.51799999999997
1404,1404,1404.0,1404.0,1404.0,1404.0,1404.0,1404.0,1404.0,1404.0,1404.0,1404.0,1404.0,1404.0,1404.0,1404.0,1404.0,1404.0,1404.0,1404.0,1404.0,1404.0,1404.0,1404.0,1404.0,1404.0,1404.0,1404.0,1404.0,4.0,0.4,320.5744,313.1109,306.7834,301.4225,296.8878,293.0563,289.8129,287.0391,284.6024,282.3414,280.0531,277.4804,274.3083,270.1715,264.6789,257.4552,248.1966,236.7302,223.0611,207.3936,316.97187903648376,417.34237260054346,1449.6718,373.2728,1031.507,-19.94369999999998
1405,1405,1405.0,1405.0,1405.0,1405.0,1405.0,1405.0,1405.0,1405.0,1405.0,1405.0,1405.0,1405.0,1405.0,1405.0,1405.0,1405.0,1405.0,1405.0,1405.0,1405.0,1405.0,1405.0,1405.0,1405.0,1405.0,1405.0,1405.0,5.0,0.5,310.9729,305.8998,301.537,297.7124,294.2956,291.1966,288.3673,285.8078,283.5787,281.8194,280.7697,280.7867,282.3494,286.0395,292.4945,302.3379,316.1046,334.1922,356.8767,384.4266,180.5915317466538,455.6436159273862,1822.9446,199.1177,658.2342000000001,-21.80340000000001
1406,1406,1406.0,1406.0,1406.0,1406.0,1406.0,1406.0,1406.0,1406.0,1406.0,1406.0,1406.0,1406.0,1406.0,1406.0,1406.0,1406.0,1406.0,1406.0,1406.0,1406.0,1406.0,1406.0,1406.0,1406.0,1406.0,1406.0,1406.0,6.0,0.6,201.1516,219.8213,236.0511,249.541,260.2705,268.4748,274.5868,279.1648,282.8248,286.1883,289.8503,294.3646,300.2417,307.9533,317.9431,330.6428,346.5022,366.0437,389.9591,419.2762,318.86162499920613,360.6141136563706,2022.0623,165.45299999999995,459.1165000000001,-44.525199999999984
1407,1407,1407.0,1407.0,1407.0,1407.0,1407.0,1407.0,1407.0,1407.0,1407.0,1407.0,1407.0,1407.0,1407.0,1407.0,1407.0,1407.0,1407.0,1407.0,1407.0,1407.0,1407.0,1407.0,1407.0,1407.0,1407.0,1407.0,1407.0,7.0,0.7,307.7957,298.2766,290.584,284.9008,281.2675,279.5802,279.6227,281.1179,283.7788,287.3466,291.6088,296.4005,301.5969,307.108,312.8809,318.9174,325.3013,332.2324,340.0568,349.2873,420.5517882855164,389.1486830477156,2187.5153,107.71059999999989,293.6635000000001,-33.41980000000001
1408,1408,1408.0,1408.0,1408.0,1408.0,1408.0,1408.0,1408.0,1408.0,1408.0,1408.0,1408.0,1408.0,1408.0,1408.0,1408.0,1408.0,1408.0,1408.0,1408.0,1408.0,1408.0,1408.0,1408.0,1408.0,1408.0,1408.0,1408.0,8.0,0.8,390.4531,365.6453,345.3185,328.9802,316.2629,306.8187,300.2769,296.2459,294.337,294.1974,295.5377,298.1521,301.9269,306.8413,312.9626,320.4387,329.4928,340.426,353.6316,369.6325,197.87176372357737,412.8373120254584,2295.2259,74.14080000000013,185.95290000000023,-6.1813000000000216
1409,1409,1409.0,1409.0,1409.0,1409.0,1409.0,1409.0,1409.0,1409.0,1409.0,1409.0,1409.0,1409.0,1409.0,1409.0,1409.0,1409.0,1409.0,1409.0,1409.0,1409.0,1409.0,1409.0,1409.0,1409.0,1409.0,1409.0,1409.0,9.0,0.9,218.8216,237.7991,254.1021,267.3561,277.5428,284.9572,290.1176,293.6596,296.2399,298.4681,300.8695,303.8771,307.8451,313.0735,319.8367,328.4123,339.1098,352.3051,368.4882,388.3367,305.2980811174638,232.25574012209887,2369.3667,111.8121000000001,111.8121000000001,-28.0428
1410,1410,1410.0,1410.0,1410.0,1410.0,1410.0,1410.0,1410.0,1410.0,1410.0,1410.0,1410.0,1410.0,1410.0,1410.0,1410.0,1410.0,1410.0,1410.0,1410.0,1410.0,1410.0,1410.0,1410.0,1410.0,1410.0,1410.0,1410.0,0.0,0.0,273.0,273.0,273.0,273.0,273.0,273.0,273.0,273.0,273.0,273.0,273.0,273.0,273.0,273.0,273.0,273.0,273.0,273.0,273.0,273.0,356.18049736729563,334.0315710259639,0.0,394.7122,2415.0554,-40.0
1411,1411,1411.0,1411.0,1411.0,1411.0,1411.0,1411.0,1411.0,1411.0,1411.0,1411.0,1411.0,1411.0,1411.0,1411.0,1411.0,1411.0,1411.0,1411.0,1411.0,1411.0,1411.0,1411.0,1411.0,1411.0,1411.0,1411.0,1411.0,1.0,0.1,338.9437,324.1817,311.7462,301.526,293.3847,287.1344,282.5402,279.346,277.3082,276.2285,275.9781,276.5102,277.8597,280.1313,283.4778,288.0704,294.0695,301.5997,310.7402,321.5356,379.44423632398576,317.9144572388444,394.7122,256.4714,2020.3432,-25.86559999999997
1412,1412,1412.0,1412.0,1412.0,1412.0,1412.0,1412.0,1412.0,1412.0,1412.0,1412.0,1412.0,1412.0,1412.0,1412.0,1412.0,1412.0,1412.0,1412.0,1412.0,1412.0,1412.0,1412.0,1412.0,1412.0,1412.0,1412.0,1412.0,2.0,0.2,359.7608,343.263,329.4349,317.9219,308.4609,300.8368,294.8602,290.3578,287.1703,285.1544,284.1838,284.1505,284.9638,286.5503,288.8541,291.8403,295.4992,299.8528,304.9619,310.9314,275.186734001126,401.330745426729,651.1836,182.2025000000001,1763.8718,-12.163200000000018
1413,1413,1413.0,1413.0,1413.0,1413.0,1413.0,1413.0,1413.0,1413.0,1413.0,1413.0,1413.0,1413.0,1413.0,1413.0,1413.0,1413.0,1413.0,1413.0,1413.0,1413.0,1413.0,1413.0,1413.0,1413.0,1413.0,1413.0,1413.0,3.0,0.3,279.4865,283.4347,286.7076,289.1069,290.5818,291.222,291.2293,290.8797,290.4871,290.3774,290.8755,292.304,294.9867,299.2521,305.4317,313.8528,324.8319,338.6783,355.724,376.3934,229.6467025480283,411.8215810239778,833.3861,128.39739999999995,1581.6693,-21.77800000000002
1414,1414,1414.0,1414.0,1414.0,1414.0,1414.0,1414.0,1414.0,1414.0,1414.0,1414.0,1414.0,1414.0,1414.0,1414.0,1414.0,1414.0,1414.0,1414.0,1414.0,1414.0,1414.0,1414.0,1414.0,1414.0,1414.0,1414.0,1414.0,4.0,0.4,240.3381,250.0629,258.6381,265.9719,272.0784,277.0748,281.1635,284.6082,287.7076,290.7751,294.123,298.0551,302.8641,308.8346,316.2495,325.4018,336.6141,350.2682,366.8539,387.0449,178.34082562108387,440.691311139106,961.7835,178.17799999999988,1453.2719000000002,-35.92520000000002
1415,1415,1415.0,1415.0,1415.0,1415.0,1415.0,1415.0,1415.0,1415.0,1415.0,1415.0,1415.0,1415.0,1415.0,1415.0,1415.0,1415.0,1415.0,1415.0,1415.0,1415.0,1415.0,1415.0,1415.0,1415.0,1415.0,1415.0,1415.0,5.0,0.5,196.4365,213.0209,227.8561,240.8265,251.9532,261.385,269.3733,276.2391,282.3419,288.0557,293.7545,299.8074,306.5802,314.4426,323.7778,334.998,348.5677,365.044,385.1451,409.8682,386.034987162119,468.93378155462455,1139.9615,161.2260000000001,1275.0939000000003,-51.61500000000001
1416,1416,1416.0,1416.0,1416.0,1416.0,1416.0,1416.0,1416.0,1416.0,1416.0,1416.0,1416.0,1416.0,1416.0,1416.0,1416.0,1416.0,1416.0,1416.0,1416.0,1416.0,1416.0,1416.0,1416.0,1416.0,1416.0,1416.0,1416.0,6.0,0.6,359.9361,337.8596,319.7703,305.6858,295.5194,289.0155,285.7639,285.2656,287.0177,290.5902,295.6788,302.1301,309.9441,319.2622,330.3535,343.6076,359.5447,378.8554,402.4883,431.8146,292.8467969908229,194.5955285139796,1301.1875,61.43170000000009,1113.8679000000002,-23.984500000000025
1417,1417,1417.0,1417.0,1417.0,1417.0,1417.0,1417.0,1417.0,1417.0,1417.0,1417.0,1417.0,1417.0,1417.0,1417.0,1417.0,1417.0,1417.0,1417.0,1417.0,1417.0,1417.0,1417.0,1417.0,1417.0,1417.0,1417.0,1417.0,7.0,0.7,292.8326,293.0473,293.3056,293.5103,293.6603,293.8337,294.1495,294.7167,295.5815,296.6782,297.7929,298.5436,298.3832,296.6286,292.5243,285.338,274.4848,259.6625,240.9672,218.9523,211.6814898140076,280.968714357952,1362.6192,241.7557,1052.4362,-19.16629999999998
1418,1418,1418.0,1418.0,1418.0,1418.0,1418.0,1418.0,1418.0,1418.0,1418.0,1418.0,1418.0,1418.0,1418.0,1418.0,1418.0,1418.0,1418.0,1418.0,1418.0,1418.0,1418.0,1418.0,1418.0,1418.0,1418.0,1418.0,1418.0,8.0,0.8,226.4601,239.8941,251.6574,261.5575,269.5477,275.7101,280.2187,283.2958,285.1741,286.072,286.1848,285.6903,284.7605,283.5733,282.3155,281.1738,280.3141,279.8547,279.8432,280.248,208.0044910765841,247.04248443414832,1604.3749,400.6407999999999,810.6805000000002,-37.28989999999999
1419,1419,1419.0,1419.0,1419.0,1419.0,1419.0,1419.0,1419.0,1419.0,1419.0,1419.0,1419.0,1419.0,1419.0,1419.0,1419.0,1419.0,1419.0,1419.0,1419.0,1419.0,1419.0,1419.0,1419.0,1419.0,1419.0,1419.0,1419.0,9.0,0.9,219.8358,230.6019,240.2248,248.6589,255.8938,261.9534,266.8905,270.7781,273.6988,275.7344,276.9548,277.4104,277.1261,276.1012,274.3143,271.7348,268.3371,264.1177,259.1079,253.38,375.97495034164217,469.6146952645328,2005.0157,410.03970000000027,410.03970000000027,-51.04660000000001
1420,1420,1420.0,1420.0,1420.0,1420.0,1420.0,1420.0,1420.0,1420.0,1420.0,1420.0,1420.0,1420.0,1420.0,1420.0,1420.0,1420.0,1420.0,1420.0,1420.0,1420.0,1420.0,1420.0,1420.0,1420.0,1420.0,1420.0,1420.0,0.0,0.0,273.0,273.0,273.0,273.0,273.0,273.0,273.0,273.0,273.0,273.0,273.0,273.0,273.0,273.0,273.0,273.0,273.0,273.0,273.0,273.0,260.7184177561358,213.30698869425103,0.0,486.0085,3254.0237,-40.0
1421,1421,1421.0,1421.0,1421.0,1421.0,1421.0,1421.0,1421.0,1421.0,1421.0,1421.0,1421.0,1421.0,1421.0,1421.0,1421.0,1421.0,1421.0,1421.0,1421.0,1421.0,1421.0,1421.0,1421.0,1421.0,1421.0,1421.0,1421.0,1.0,0.1,263.1433,265.2919,267.1381,268.6687,269.8848,270.7999,271.4332,271.7993,271.8971,271.699,271.1403,270.1138,268.4686,266.0173,262.5519,257.87,251.8064,244.2663,235.2503,224.8642,229.52119369299368,257.24820143254067,486.0085,602.4725999999999,2768.0152000000003,-42.20010000000002
1422,1422,1422.0,1422.0,1422.0,1422.0,1422.0,1422.0,1422.0,1422.0,1422.0,1422.0,1422.0,1422.0,1422.0,1422.0,1422.0,1422.0,1422.0,1422.0,1422.0,1422.0,1422.0,1422.0,1422.0,1422.0,1422.0,1422.0,1422.0,2.0,0.2,237.4711,244.5642,250.6982,255.8151,259.9081,263.0179,265.2209,266.6158,267.3096,267.4107,267.0252,266.2595,265.2227,264.028,262.7878,261.6033,260.5473,259.6471,258.8703,258.1209,196.6814130072498,312.21221315898254,1088.4811,646.8103000000001,2165.5426,-49.9821
1423,1423,1423.0,1423.0,1423.0,1423.0,1423.0,1423.0,1423.0,1423.0,1423.0,1423.0,1423.0,1423.0,1423.0,1423.0,1423.0,1423.0,1423.0,1423.0,1423.0,1423.0,1423.0,1423.0,1423.0,1423.0,1423.0,1423.0,1423.0,3.0,0.3,209.3248,220.7181,230.7187,239.2523,246.3225,252.0072,256.4459,259.8231,262.3529,264.2681,265.8145,267.2481,268.8329,270.8351,273.5108,277.0871,281.7411,287.5808,294.6372,302.8732,420.3275770980891,377.63867042107165,1735.2914,495.6655999999998,1518.7323,-60.99279999999999
1424,1424,1424.0,1424.0,1424.0,1424.0,1424.0,1424.0,1424.0,1424.0,1424.0,1424.0,1424.0,1424.0,1424.0,1424.0,1424.0,1424.0,1424.0,1424.0,1424.0,1424.0,1424.0,1424.0,1424.0,1424.0,1424.0,1424.0,1424.0,4.0,0.4,385.385,355.9359,331.4492,311.6649,296.3347,285.0957,277.4508,272.8189,270.6166,270.3381,271.6131,274.2324,278.1459,283.4372,290.2845,298.9184,309.5841,322.5206,337.9668,356.2035,357.6487344252204,321.9113899356981,2230.957,216.3008,1023.0667000000004,-27.90429999999997
1425,1425,1425.0,1425.0,1425.0,1425.0,1425.0,1425.0,1425.0,1425.0,1425.0,1425.0,1425.0,1425.0,1425.0,1425.0,1425.0,1425.0,1425.0,1425.0,1425.0,1425.0,1425.0,1425.0,1425.0,1425.0,1425.0,1425.0,1425.0,5.0,0.5,343.5866,331.7142,321.5741,312.8618,305.4001,299.1112,293.9832,290.0354,287.287,285.7329,285.3293,285.9897,287.5891,289.9785,293.0046,296.5363,300.4925,304.8683,309.753,315.3382,327.8503904646672,392.1611605077781,2447.2578,162.27179999999998,806.7659000000003,-13.888800000000003
1426,1426,1426.0,1426.0,1426.0,1426.0,1426.0,1426.0,1426.0,1426.0,1426.0,1426.0,1426.0,1426.0,1426.0,1426.0,1426.0,1426.0,1426.0,1426.0,1426.0,1426.0,1426.0,1426.0,1426.0,1426.0,1426.0,1426.0,1426.0,6.0,0.6,320.7371,314.8302,309.8435,305.5695,301.8779,298.7088,296.0618,293.9826,292.5524,291.8805,292.1024,293.3818,295.912,299.9164,305.6427,313.3547,323.323,335.8268,351.1751,369.7608,294.390348769548,443.3202178770288,2609.5296,91.98390000000018,644.4941000000003,-14.291200000000003
1427,1427,1427.0,1427.0,1427.0,1427.0,1427.0,1427.0,1427.0,1427.0,1427.0,1427.0,1427.0,1427.0,1427.0,1427.0,1427.0,1427.0,1427.0,1427.0,1427.0,1427.0,1427.0,1427.0,1427.0,1427.0,1427.0,1427.0,1427.0,7.0,0.7,293.8747,293.6658,293.5965,293.5573,293.5066,293.4719,293.5419,293.856,294.5928,295.9616,298.1978,301.5622,306.3411,312.8471,321.4206,332.433,346.3008,363.5192,384.7316,410.8581,184.8100856156154,214.10341673617592,2701.5135,109.18539999999985,552.5102000000002,-19.528099999999995
1428,1428,1428.0,1428.0,1428.0,1428.0,1428.0,1428.0,1428.0,1428.0,1428.0,1428.0,1428.0,1428.0,1428.0,1428.0,1428.0,1428.0,1428.0,1428.0,1428.0,1428.0,1428.0,1428.0,1428.0,1428.0,1428.0,1428.0,1428.0,8.0,0.8,204.7295,222.9192,238.9366,252.5433,263.7237,272.6572,279.657,285.0926,289.3112,292.5689,294.979,296.4826,296.8422,295.6655,292.4596,286.7147,278.0125,266.1397,251.1847,233.5854,427.9519488323896,373.1879695518564,2810.6989,253.19950000000017,443.3248000000003,-40.34280000000001
1429,1429,1429.0,1429.0,1429.0,1429.0,1429.0,1429.0,1429.0,1429.0,1429.0,1429.0,1429.0,1429.0,1429.0,1429.0,1429.0,1429.0,1429.0,1429.0,1429.0,1429.0,1429.0,1429.0,1429.0,1429.0,1429.0,1429.0,1429.0,9.0,0.9,393.3491,364.6682,341.2423,322.6889,308.6376,298.6005,291.9552,288.0016,286.0532,285.5274,286.0144,287.3136,289.4382,292.5886,297.1023,303.3857,311.8423,322.8144,336.558,353.2718,349.534067754904,196.8832948644161,3063.8984,190.12530000000007,190.12530000000007,-14.399499999999987
1430,1430,1430.0,1430.0,1430.0,1430.0,1430.0,1430.0,1430.0,1430.0,1430.0,1430.0,1430.0,1430.0,1430.0,1430.0,1430.0,1430.0,1430.0,1430.0,1430.0,1430.0,1430.0,1430.0,1430.0,1430.0,1430.0,1430.0,1430.0,0.0,0.0,273.0,273.0,273.0,273.0,273.0,273.0,273.0,273.0,273.0,273.0,273.0,273.0,273.0,273.0,273.0,273.0,273.0,273.0,273.0,273.0,457.83537149723423,376.346175500003,0.0,372.8892,2999.6738000000005,5.4956000000000245
1431,1431,1431.0,1431.0,1431.0,1431.0,1431.0,1431.0,1431.0,1431.0,1431.0,1431.0,1431.0,1431.0,1431.0,1431.0,1431.0,1431.0,1431.0,1431.0,1431.0,1431.0,1431.0,1431.0,1431.0,1431.0,1431.0,1431.0,1431.0,1.0,0.1,417.1467,383.8559,356.5535,334.4299,316.9119,303.4735,293.5646,286.6183,282.0975,279.5515,278.6611,279.2636,281.3527,285.0565,290.5982,298.2466,308.2669,320.888,336.2987,354.6895,427.13444427708674,211.1617749285496,372.8892,245.5654,2626.7846000000004,5.4956000000000245
1432,1432,1432.0,1432.0,1432.0,1432.0,1432.0,1432.0,1432.0,1432.0,1432.0,1432.0,1432.0,1432.0,1432.0,1432.0,1432.0,1432.0,1432.0,1432.0,1432.0,1432.0,1432.0,1432.0,1432.0,1432.0,1432.0,1432.0,1432.0,2.0,0.2,399.1221,376.4012,357.6946,342.156,329.2181,318.4956,309.7128,302.6481,297.0876,292.7865,289.4398,286.6633,283.989,280.8791,276.7623,271.0926,263.4246,253.4918,241.2693,226.9993,192.7655160955515,355.8607579399926,618.4546,281.4039,2381.2192000000005,5.4956000000000245
1433,1433,1433.0,1433.0,1433.0,1433.0,1433.0,1433.0,1433.0,1433.0,1433.0,1433.0,1433.0,1433.0,1433.0,1433.0,1433.0,1433.0,1433.0,1433.0,1433.0,1433.0,1433.0,1433.0,1433.0,1433.0,1433.0,1433.0,1433.0,3.0,0.3,215.6995,236.4278,254.0829,268.163,278.5624,285.5227,289.536,291.2338,291.2921,290.3672,289.0662,287.945,287.5211,288.2839,290.6935,295.1599,302.01,311.4562,323.5868,338.3957,199.9843177465187,471.5533599722861,899.8585,244.7766999999999,2099.8153,5.4956000000000245
1434,1434,1434.0,1434.0,1434.0,1434.0,1434.0,1434.0,1434.0,1434.0,1434.0,1434.0,1434.0,1434.0,1434.0,1434.0,1434.0,1434.0,1434.0,1434.0,1434.0,1434.0,1434.0,1434.0,1434.0,1434.0,1434.0,1434.0,1434.0,4.0,0.4,214.0553,226.92,238.4466,248.5589,257.248,264.5794,270.6964,275.8207,280.2522,284.3674,288.6166,293.5174,299.6443,307.6108,318.0472,331.581,348.8338,370.4575,397.2388,430.313,201.8878058477024,380.9101832423992,1144.6352,236.6703,1855.0386,5.4956000000000245
1435,1435,1435.0,1435.0,1435.0,1435.0,1435.0,1435.0,1435.0,1435.0,1435.0,1435.0,1435.0,1435.0,1435.0,1435.0,1435.0,1435.0,1435.0,1435.0,1435.0,1435.0,1435.0,1435.0,1435.0,1435.0,1435.0,1435.0,1435.0,5.0,0.5,213.6081,224.3338,234.1052,242.9827,251.0493,258.4121,265.2,271.5598,277.6477,283.6198,289.6208,295.7745,302.1809,308.9207,316.0741,323.7497,332.1247,341.4877,352.2807,365.1355,188.69514045736904,266.0464906515466,1381.3055,319.8257000000001,1618.3683,5.4956000000000245
1436,1436,1436.0,1436.0,1436.0,1436.0,1436.0,1436.0,1436.0,1436.0,1436.0,1436.0,1436.0,1436.0,1436.0,1436.0,1436.0,1436.0,1436.0,1436.0,1436.0,1436.0,1436.0,1436.0,1436.0,1436.0,1436.0,1436.0,1436.0,6.0,0.6,202.2668,214.6952,225.9844,236.1699,245.3185,253.5216,260.8825,267.4997,273.4495,278.7679,283.4361,287.3719,290.4298,292.4138,293.1042,292.2997,289.8676,285.7955,280.2302,273.4907,359.89437645030137,238.55638859597383,1701.1312,412.6973,1298.5426,5.4956000000000245
1437,1437,1437.0,1437.0,1437.0,1437.0,1437.0,1437.0,1437.0,1437.0,1437.0,1437.0,1437.0,1437.0,1437.0,1437.0,1437.0,1437.0,1437.0,1437.0,1437.0,1437.0,1437.0,1437.0,1437.0,1437.0,1437.0,1437.0,1437.0,7.0,0.7,338.699,320.4512,305.2961,293.3396,284.5358,278.6437,275.2442,273.7974,273.7131,274.4136,275.3773,276.1592,276.3944,275.7933,274.1354,271.2672,267.1052,261.6423,254.9517,247.1846,267.43075737534434,410.8633954931877,2113.8285,351.6297,885.8453,5.4956000000000245
1438,1438,1438.0,1438.0,1438.0,1438.0,1438.0,1438.0,1438.0,1438.0,1438.0,1438.0,1438.0,1438.0,1438.0,1438.0,1438.0,1438.0,1438.0,1438.0,1438.0,1438.0,1438.0,1438.0,1438.0,1438.0,1438.0,1438.0,1438.0,8.0,0.8,270.6839,273.5711,275.8931,277.5393,278.5025,278.8721,278.8125,278.5374,278.2908,278.3414,278.9898,280.5835,283.5285,288.2882,295.3624,305.2477,318.3928,335.1716,355.9019,380.9388,187.3459861463575,381.2495031417153,2465.4582,253.6185999999998,534.2156,5.4956000000000245
1439,1439,1439.0,1439.0,1439.0,1439.0,1439.0,1439.0,1439.0,1439.0,1439.0,1439.0,1439.0,1439.0,1439.0,1439.0,1439.0,1439.0,1439.0,1439.0,1439.0,1439.0,1439.0,1439.0,1439.0,1439.0,1439.0,1439.0,1439.0,9.0,0.9,204.4437,219.9747,233.6095,245.1784,254.6914,262.3258,268.3879,273.2656,277.3792,281.1414,284.9297,289.0714,293.8394,299.4588,306.1215,314.0072,323.3119,334.2815,347.2497,362.6848,339.40734975087935,222.9812567110276,2719.0768,280.5970000000002,280.5970000000002,5.4956000000000245
1440,1440,1440.0,1440.0,1440.0,1440.0,1440.0,1440.0,1440.0,1440.0,1440.0,1440.0,1440.0,1440.0,1440.0,1440.0,1440.0,1440.0,1440.0,1440.0,1440.0,1440.0,1440.0,1440.0,1440.0,1440.0,1440.0,1440.0,1440.0,0.0,0.0,273.0,273.0,273.0,273.0,273.0,273.0,273.0,273.0,273.0,273.0,273.0,273.0,273.0,273.0,273.0,273.0,273.0,273.0,273.0,273.0,434.942227253981,266.96205249035177,0.0,416.8493,2582.1536,-40.0
1441,1441,1441.0,1441.0,1441.0,1441.0,1441.0,1441.0,1441.0,1441.0,1441.0,1441.0,1441.0,1441.0,1441.0,1441.0,1441.0,1441.0,1441.0,1441.0,1441.0,1441.0,1441.0,1441.0,1441.0,1441.0,1441.0,1441.0,1441.0,1.0,0.1,399.7981,370.7236,346.7217,327.1982,311.6977,299.7647,290.8946,284.5427,280.1617,277.2439,275.3514,274.1311,273.3131,272.7009,272.1564,271.5856,270.9277,270.1465,269.2253,268.1614,250.38256884126213,367.4335299989101,416.8493,316.1102,2165.3043,-13.235299999999995
1442,1442,1442.0,1442.0,1442.0,1442.0,1442.0,1442.0,1442.0,1442.0,1442.0,1442.0,1442.0,1442.0,1442.0,1442.0,1442.0,1442.0,1442.0,1442.0,1442.0,1442.0,1442.0,1442.0,1442.0,1442.0,1442.0,1442.0,1442.0,2.0,0.2,260.2727,269.0956,276.3414,281.7137,285.1593,286.8475,287.1148,286.3955,285.1588,283.8639,282.9386,282.7773,283.7489,286.2048,290.4775,296.8678,305.6261,316.9374,330.9274,347.7028,310.77054818669694,319.32851771911095,732.9595,217.0116999999999,1849.1941,-26.15249999999997
1443,1443,1443.0,1443.0,1443.0,1443.0,1443.0,1443.0,1443.0,1443.0,1443.0,1443.0,1443.0,1443.0,1443.0,1443.0,1443.0,1443.0,1443.0,1443.0,1443.0,1443.0,1443.0,1443.0,1443.0,1443.0,1443.0,1443.0,1443.0,3.0,0.3,304.2628,298.7356,294.1903,290.6075,287.9345,286.0875,284.9651,284.4664,284.5073,285.028,285.9929,287.3826,289.1844,291.3842,293.966,296.9192,300.2544,304.0217,308.3281,313.3489,295.441259897141,285.6470333827739,949.9712,212.0558000000001,1632.1824,-26.912500000000023
1444,1444,1444.0,1444.0,1444.0,1444.0,1444.0,1444.0,1444.0,1444.0,1444.0,1444.0,1444.0,1444.0,1444.0,1444.0,1444.0,1444.0,1444.0,1444.0,1444.0,1444.0,1444.0,1444.0,1444.0,1444.0,1444.0,1444.0,1444.0,4.0,0.4,293.1047,291.2014,289.6455,288.3757,287.3554,286.5682,286.0116,285.6873,285.5924,285.7115,286.0108,286.4365,286.9152,287.361,287.6856,287.8131,287.6975,287.3385,286.7922,286.1734,318.00844619227166,432.15939256313857,1162.027,212.48800000000008,1420.1266,-26.43180000000001
1445,1445,1445.0,1445.0,1445.0,1445.0,1445.0,1445.0,1445.0,1445.0,1445.0,1445.0,1445.0,1445.0,1445.0,1445.0,1445.0,1445.0,1445.0,1445.0,1445.0,1445.0,1445.0,1445.0,1445.0,1445.0,1445.0,1445.0,1445.0,5.0,0.5,310.774,304.6466,299.5424,295.389,292.1133,289.6406,287.9023,286.8508,286.4797,286.8445,288.0821,290.4236,294.1972,299.816,307.7519,318.4992,332.5417,350.3447,372.397,399.3317,400.1781292538441,439.487715502414,1374.515,96.34749999999984,1207.6386,-23.3594
1446,1446,1446.0,1446.0,1446.0,1446.0,1446.0,1446.0,1446.0,1446.0,1446.0,1446.0,1446.0,1446.0,1446.0,1446.0,1446.0,1446.0,1446.0,1446.0,1446.0,1446.0,1446.0,1446.0,1446.0,1446.0,1446.0,1446.0,1446.0,6.0,0.6,375.625,355.3006,338.5888,325.0888,314.4949,306.5325,300.9362,297.4559,295.8749,296.03,297.8257,301.2399,306.3234,313.1946,322.037,333.1025,346.7271,363.3668,383.6636,408.5587,191.1021830345215,215.16548064278385,1470.8625,75.2949000000001,1111.2911,-6.467499999999973
1447,1447,1447.0,1447.0,1447.0,1447.0,1447.0,1447.0,1447.0,1447.0,1447.0,1447.0,1447.0,1447.0,1447.0,1447.0,1447.0,1447.0,1447.0,1447.0,1447.0,1447.0,1447.0,1447.0,1447.0,1447.0,1447.0,1447.0,1447.0,7.0,0.7,213.0237,232.929,250.1225,264.2304,275.2266,283.3843,289.1779,293.1637,295.8655,297.682,298.8235,299.2819,298.8327,297.0703,293.4734,287.4992,278.6972,266.8258,251.949,234.4822,210.265839997612,223.61200653931903,1546.1574,312.8609999999999,1035.9962,-29.615700000000004
1448,1448,1448.0,1448.0,1448.0,1448.0,1448.0,1448.0,1448.0,1448.0,1448.0,1448.0,1448.0,1448.0,1448.0,1448.0,1448.0,1448.0,1448.0,1448.0,1448.0,1448.0,1448.0,1448.0,1448.0,1448.0,1448.0,1448.0,1448.0,8.0,0.8,222.3017,233.3332,243.3096,252.1906,259.9457,266.5536,272.0024,276.2874,279.4081,281.3636,282.1486,281.7505,280.1499,277.3231,273.2492,267.9173,261.3353,253.5362,244.5826,234.5677,325.3107901238494,364.3996599304619,1859.0184,427.8501000000001,723.1352000000002,-46.44639999999998
1449,1449,1449.0,1449.0,1449.0,1449.0,1449.0,1449.0,1449.0,1449.0,1449.0,1449.0,1449.0,1449.0,1449.0,1449.0,1449.0,1449.0,1449.0,1449.0,1449.0,1449.0,1449.0,1449.0,1449.0,1449.0,1449.0,1449.0,1449.0,9.0,0.9,312.9839,302.2932,293.4031,286.4001,281.2443,277.7639,275.6867,274.6958,274.4946,274.8657,275.7145,277.0938,279.2036,282.3695,286.9978,293.515,302.303,313.6472,327.7183,344.6038,405.7494738759634,212.5019429928091,2286.8685,295.28510000000006,295.28510000000006,-35.23610000000002
1450,1450,1450.0,1450.0,1450.0,1450.0,1450.0,1450.0,1450.0,1450.0,1450.0,1450.0,1450.0,1450.0,1450.0,1450.0,1450.0,1450.0,1450.0,1450.0,1450.0,1450.0,1450.0,1450.0,1450.0,1450.0,1450.0,1450.0,1450.0,0.0,0.0,273.0,273.0,273.0,273.0,273.0,273.0,273.0,273.0,273.0,273.0,273.0,273.0,273.0,273.0,273.0,273.0,273.0,273.0,273.0,273.0,287.9550431989041,176.7814590371682,0.0,497.6097,2510.2358,-40.0
1451,1451,1451.0,1451.0,1451.0,1451.0,1451.0,1451.0,1451.0,1451.0,1451.0,1451.0,1451.0,1451.0,1451.0,1451.0,1451.0,1451.0,1451.0,1451.0,1451.0,1451.0,1451.0,1451.0,1451.0,1451.0,1451.0,1451.0,1451.0,1.0,0.1,284.9611,282.329,280.0724,278.1915,276.6656,275.4496,274.4727,273.638,272.8192,271.8555,270.5438,268.6323,265.8178,261.7553,256.0808,248.4513,238.5968,226.3761,211.8213,195.1571,273.0040693297941,219.41326166856743,497.6097,648.4072000000001,2012.6261,-37.550400000000025
1452,1452,1452.0,1452.0,1452.0,1452.0,1452.0,1452.0,1452.0,1452.0,1452.0,1452.0,1452.0,1452.0,1452.0,1452.0,1452.0,1452.0,1452.0,1452.0,1452.0,1452.0,1452.0,1452.0,1452.0,1452.0,1452.0,1452.0,1452.0,2.0,0.2,273.4273,273.7742,273.9757,273.975,273.7286,273.2041,272.375,271.2161,269.6995,267.7959,265.4775,262.725,259.5329,255.9133,251.8925,247.5017,242.7608,237.6605,232.1469,226.1147,298.3637383991668,451.96136440491625,1146.0169,566.2650999999998,1364.2188999999998,-39.79590000000002
1453,1453,1453.0,1453.0,1453.0,1453.0,1453.0,1453.0,1453.0,1453.0,1453.0,1453.0,1453.0,1453.0,1453.0,1453.0,1453.0,1453.0,1453.0,1453.0,1453.0,1453.0,1453.0,1453.0,1453.0,1453.0,1453.0,1453.0,1453.0,3.0,0.3,293.1073,288.4505,284.378,280.8649,277.8717,275.3503,273.2604,271.5957,270.415,269.8747,270.2576,271.9888,275.6326,281.8625,291.4022,304.9496,323.1066,346.353,375.1112,409.9478,463.260354165878,377.35312657979887,1712.282,220.09990000000016,797.9538,-37.6497
1454,1454,1454.0,1454.0,1454.0,1454.0,1454.0,1454.0,1454.0,1454.0,1454.0,1454.0,1454.0,1454.0,1454.0,1454.0,1454.0,1454.0,1454.0,1454.0,1454.0,1454.0,1454.0,1454.0,1454.0,1454.0,1454.0,1454.0,1454.0,4.0,0.4,421.8238,388.0883,360.496,338.1621,320.5006,307.0242,297.2593,290.7316,286.9862,285.6158,286.2795,288.707,292.6921,298.0833,304.7803,312.7416,322.0046,332.7155,345.1628,359.8134,246.6450025177085,448.202352399846,1932.3819,102.56079999999996,577.8538999999998,-5.9757999999999925
1455,1455,1455.0,1455.0,1455.0,1455.0,1455.0,1455.0,1455.0,1455.0,1455.0,1455.0,1455.0,1455.0,1455.0,1455.0,1455.0,1455.0,1455.0,1455.0,1455.0,1455.0,1455.0,1455.0,1455.0,1455.0,1455.0,1455.0,1455.0,5.0,0.5,258.6556,269.4574,278.4888,285.4455,290.3132,293.3396,294.9668,295.7463,296.2599,297.0623,298.6506,301.4593,305.873,312.2469,320.9294,332.2831,346.711,364.6981,386.8891,414.2277,426.04482046330514,342.5335697183991,2034.9427,59.552900000000136,475.2930999999999,-19.66039999999998
1456,1456,1456.0,1456.0,1456.0,1456.0,1456.0,1456.0,1456.0,1456.0,1456.0,1456.0,1456.0,1456.0,1456.0,1456.0,1456.0,1456.0,1456.0,1456.0,1456.0,1456.0,1456.0,1456.0,1456.0,1456.0,1456.0,1456.0,1456.0,6.0,0.6,394.8423,369.3042,348.6035,332.2264,319.7561,310.7648,304.783,301.3178,299.8881,300.0566,301.4468,303.7439,306.6856,310.0545,313.6798,317.4525,321.3527,325.4817,330.0892,335.5852,198.23390943568825,388.21380308794,2094.4956,72.98609999999962,415.7401999999997,-2.2352000000000203
1457,1457,1457.0,1457.0,1457.0,1457.0,1457.0,1457.0,1457.0,1457.0,1457.0,1457.0,1457.0,1457.0,1457.0,1457.0,1457.0,1457.0,1457.0,1457.0,1457.0,1457.0,1457.0,1457.0,1457.0,1457.0,1457.0,1457.0,1457.0,7.0,0.7,219.646,239.0643,255.7664,269.3605,279.8127,287.4016,292.6249,296.0923,298.4305,300.2164,301.9437,304.0186,306.7758,310.5029,315.4656,321.9282,330.1687,340.496,353.2741,368.9669,325.2360795295086,431.9366909469651,2167.4817,86.95100000000002,342.7541000000001,-25.598400000000023
1458,1458,1458.0,1458.0,1458.0,1458.0,1458.0,1458.0,1458.0,1458.0,1458.0,1458.0,1458.0,1458.0,1458.0,1458.0,1458.0,1458.0,1458.0,1458.0,1458.0,1458.0,1458.0,1458.0,1458.0,1458.0,1458.0,1458.0,1458.0,8.0,0.8,315.1621,306.6938,299.9632,295.0319,291.8554,290.2846,290.099,291.0577,292.9513,295.6437,299.0961,303.3754,308.6474,315.1639,323.2463,333.2737,345.6817,360.9821,379.8131,403.0408,181.78923201439912,333.35410150493254,2254.4327,83.45690000000013,255.8031000000001,-22.71539999999999
1459,1459,1459.0,1459.0,1459.0,1459.0,1459.0,1459.0,1459.0,1459.0,1459.0,1459.0,1459.0,1459.0,1459.0,1459.0,1459.0,1459.0,1459.0,1459.0,1459.0,1459.0,1459.0,1459.0,1459.0,1459.0,1459.0,1459.0,1459.0,9.0,0.9,202.5285,221.4509,238.0658,252.1175,263.6066,272.7592,279.9587,285.6653,290.3378,294.3743,298.0755,301.6304,305.123,308.5559,311.8875,315.0779,318.1396,321.1831,324.4512,328.3327,294.19027869664006,394.6846356213588,2337.8896,172.34619999999995,172.34619999999995,-40.24079999999998
1460,1460,1460.0,1460.0,1460.0,1460.0,1460.0,1460.0,1460.0,1460.0,1460.0,1460.0,1460.0,1460.0,1460.0,1460.0,1460.0,1460.0,1460.0,1460.0,1460.0,1460.0,1460.0,1460.0,1460.0,1460.0,1460.0,1460.0,1460.0,0.0,0.0,273.0,273.0,273.0,273.0,273.0,273.0,273.0,273.0,273.0,273.0,273.0,273.0,273.0,273.0,273.0,273.0,273.0,273.0,273.0,273.0,323.2852829949837,397.0896802943833,0.0,381.7617,1983.1244,-40.0
1461,1461,1461.0,1461.0,1461.0,1461.0,1461.0,1461.0,1461.0,1461.0,1461.0,1461.0,1461.0,1461.0,1461.0,1461.0,1461.0,1461.0,1461.0,1461.0,1461.0,1461.0,1461.0,1461.0,1461.0,1461.0,1461.0,1461.0,1461.0,1.0,0.1,313.0484,304.1694,296.6353,290.4252,285.4853,281.7243,279.0257,277.2729,276.3793,276.3183,277.147,279.0197,282.1883,286.9872,293.8024,303.0304,315.0383,330.1406,348.6141,370.7688,199.01635019948216,230.3017903883444,381.7617,277.4022,1601.3627,-31.27569999999997
1462,1462,1462.0,1462.0,1462.0,1462.0,1462.0,1462.0,1462.0,1462.0,1462.0,1462.0,1462.0,1462.0,1462.0,1462.0,1462.0,1462.0,1462.0,1462.0,1462.0,1462.0,1462.0,1462.0,1462.0,1462.0,1462.0,1462.0,1462.0,2.0,0.2,215.2437,229.8979,242.5752,253.0654,261.3721,267.6883,272.339,275.7073,278.1598,279.9837,281.3404,282.2407,282.5419,281.9696,280.1625,276.7393,271.3802,263.9092,254.3584,242.996,268.22555351964587,438.7760011503947,659.1639,393.4267,1323.9605,-45.31169999999997
1463,1463,1463.0,1463.0,1463.0,1463.0,1463.0,1463.0,1463.0,1463.0,1463.0,1463.0,1463.0,1463.0,1463.0,1463.0,1463.0,1463.0,1463.0,1463.0,1463.0,1463.0,1463.0,1463.0,1463.0,1463.0,1463.0,1463.0,1463.0,3.0,0.3,267.3855,266.6893,266.3357,266.4471,267.0594,268.1328,269.5826,271.3214,273.3052,275.5762,278.2964,281.7674,286.4313,292.8491,301.657,313.5055,329.002,348.684,373.059,402.7489,432.8274673917159,359.22568491015613,1052.5906,193.10359999999991,930.5338,-44.867200000000025
1464,1464,1464.0,1464.0,1464.0,1464.0,1464.0,1464.0,1464.0,1464.0,1464.0,1464.0,1464.0,1464.0,1464.0,1464.0,1464.0,1464.0,1464.0,1464.0,1464.0,1464.0,1464.0,1464.0,1464.0,1464.0,1464.0,1464.0,1464.0,4.0,0.4,397.8345,368.8659,345.0392,325.8611,310.9655,299.9763,292.4591,287.9331,285.9087,285.9297,287.6001,290.5961,294.6636,299.6119,305.312,311.7031,318.8108,326.7701,335.85,346.4722,368.8588999297974,383.8168592338122,1245.6942,110.43050000000017,737.4302,-13.02370000000002
1465,1465,1465.0,1465.0,1465.0,1465.0,1465.0,1465.0,1465.0,1465.0,1465.0,1465.0,1465.0,1465.0,1465.0,1465.0,1465.0,1465.0,1465.0,1465.0,1465.0,1465.0,1465.0,1465.0,1465.0,1465.0,1465.0,1465.0,1465.0,5.0,0.5,354.0144,341.7616,331.5218,322.896,315.6327,309.5974,304.7387,301.0556,298.57,297.3085,297.2948,298.5523,301.1124,305.0259,310.3742,317.2784,325.9089,336.4975,349.3586,364.926,304.5626359620748,304.7500087694559,1356.1247,82.63469999999984,626.9996999999998,-3.4026000000000067
1466,1466,1466.0,1466.0,1466.0,1466.0,1466.0,1466.0,1466.0,1466.0,1466.0,1466.0,1466.0,1466.0,1466.0,1466.0,1466.0,1466.0,1466.0,1466.0,1466.0,1466.0,1466.0,1466.0,1466.0,1466.0,1466.0,1466.0,1466.0,6.0,0.6,303.683,303.2479,302.9657,302.6361,302.1623,301.544,300.8548,300.2106,299.7346,299.5269,299.6412,300.0723,300.7552,301.5763,302.3962,303.0829,303.5496,303.791,303.9092,304.1221,327.157326843484,408.1681765778243,1438.7594,105.4860000000001,544.365,-11.456000000000016
1467,1467,1467.0,1467.0,1467.0,1467.0,1467.0,1467.0,1467.0,1467.0,1467.0,1467.0,1467.0,1467.0,1467.0,1467.0,1467.0,1467.0,1467.0,1467.0,1467.0,1467.0,1467.0,1467.0,1467.0,1467.0,1467.0,1467.0,1467.0,7.0,0.7,319.7478,313.6659,308.7428,304.8372,301.8225,299.5842,298.0245,297.0724,296.6964,296.9187,297.8273,299.5839,302.4264,306.6613,312.6477,320.774,331.4355,345.0274,361.9671,382.7659,235.77875954503588,363.54409034082425,1544.2454,74.96620000000007,438.8789999999999,-13.41579999999999
1468,1468,1468.0,1468.0,1468.0,1468.0,1468.0,1468.0,1468.0,1468.0,1468.0,1468.0,1468.0,1468.0,1468.0,1468.0,1468.0,1468.0,1468.0,1468.0,1468.0,1468.0,1468.0,1468.0,1468.0,1468.0,1468.0,1468.0,1468.0,8.0,0.8,247.1384,257.4779,266.5079,274.0739,280.1739,284.9463,288.6355,291.5467,294.0019,296.3039,298.7129,301.4362,304.6295,308.4084,312.8674,318.1061,324.2584,331.5232,340.1928,350.6801,443.5694934138973,199.567090418858,1619.2116,142.27789999999982,363.91279999999983,-28.053699999999992
1469,1469,1469.0,1469.0,1469.0,1469.0,1469.0,1469.0,1469.0,1469.0,1469.0,1469.0,1469.0,1469.0,1469.0,1469.0,1469.0,1469.0,1469.0,1469.0,1469.0,1469.0,1469.0,1469.0,1469.0,1469.0,1469.0,1469.0,1469.0,9.0,0.9,407.2379,377.5835,353.5498,334.5106,319.9675,309.3929,302.1779,297.6438,295.0809,293.7858,293.0818,292.3198,290.8699,288.1173,283.4753,276.4238,266.5721,253.7325,237.9864,219.7138,345.01008553666554,437.52021164860105,1761.4895,221.6349,221.6349,-3.607100000000002
1470,1470,1470.0,1470.0,1470.0,1470.0,1470.0,1470.0,1470.0,1470.0,1470.0,1470.0,1470.0,1470.0,1470.0,1470.0,1470.0,1470.0,1470.0,1470.0,1470.0,1470.0,1470.0,1470.0,1470.0,1470.0,1470.0,1470.0,1470.0,0.0,0.0,273.0,273.0,273.0,273.0,273.0,273.0,273.0,273.0,273.0,273.0,273.0,273.0,273.0,273.0,273.0,273.0,273.0,273.0,273.0,273.0,460.1660587024512,446.5588514387657,0.0,355.3303,1558.0896,6.5702
1471,1471,1471.0,1471.0,1471.0,1471.0,1471.0,1471.0,1471.0,1471.0,1471.0,1471.0,1471.0,1471.0,1471.0,1471.0,1471.0,1471.0,1471.0,1471.0,1471.0,1471.0,1471.0,1471.0,1471.0,1471.0,1471.0,1471.0,1471.0,1.0,0.1,418.9045,385.1848,357.5521,335.175,317.4721,303.9186,293.9752,287.0987,282.7942,280.6785,280.5326,282.3301,286.2376,292.5863,301.8205,314.4351,330.921,351.7481,377.4183,408.6244,332.90232536246083,240.58107407635427,355.3303,143.6558,1202.7593,6.5702
1472,1472,1472.0,1472.0,1472.0,1472.0,1472.0,1472.0,1472.0,1472.0,1472.0,1472.0,1472.0,1472.0,1472.0,1472.0,1472.0,1472.0,1472.0,1472.0,1472.0,1472.0,1472.0,1472.0,1472.0,1472.0,1472.0,1472.0,1472.0,2.0,0.2,326.6043,321.4564,316.9742,312.8325,308.876,305.1022,301.6176,298.5791,296.1306,294.3443,293.1769,292.4426,291.8104,290.8264,288.9628,285.6927,280.5804,273.373,264.0722,252.9627,282.2366142917248,459.4866668426994,498.9861,175.7724,1059.1035,6.5702
1473,1473,1473.0,1473.0,1473.0,1473.0,1473.0,1473.0,1473.0,1473.0,1473.0,1473.0,1473.0,1473.0,1473.0,1473.0,1473.0,1473.0,1473.0,1473.0,1473.0,1473.0,1473.0,1473.0,1473.0,1473.0,1473.0,1473.0,1473.0,3.0,0.3,284.8633,287.4076,289.6261,291.3517,292.5089,293.1143,293.2671,293.1368,292.955,293.0156,293.6826,295.4019,298.706,304.2058,312.5607,324.4357,340.46,361.2209,387.3311,419.6177,361.0772847444874,179.4624475229438,674.7585,115.1259,883.3311,6.5702
1474,1474,1474.0,1474.0,1474.0,1474.0,1474.0,1474.0,1474.0,1474.0,1474.0,1474.0,1474.0,1474.0,1474.0,1474.0,1474.0,1474.0,1474.0,1474.0,1474.0,1474.0,1474.0,1474.0,1474.0,1474.0,1474.0,1474.0,1474.0,4.0,0.4,345.1495,331.8406,320.9203,312.2126,305.5392,300.6904,297.4188,295.4425,294.4462,294.074,293.9102,293.4566,292.1159,289.1959,283.9491,275.6513,263.7174,247.8341,228.0771,204.9722,362.7013192983186,445.83949361435657,789.8844,218.9098,768.2052,6.5702
1475,1475,1475.0,1475.0,1475.0,1475.0,1475.0,1475.0,1475.0,1475.0,1475.0,1475.0,1475.0,1475.0,1475.0,1475.0,1475.0,1475.0,1475.0,1475.0,1475.0,1475.0,1475.0,1475.0,1475.0,1475.0,1475.0,1475.0,1475.0,5.0,0.5,348.2492,336.265,326.309,318.0501,311.2272,305.6269,301.0755,297.4427,294.6588,292.7398,291.8179,292.1674,294.2162,298.532,305.7772,316.6387,331.7528,351.6625,376.8522,407.9066,173.65316123857488,438.45688566379135,1008.7942,100.23649999999998,549.2954,6.5702
1476,1476,1476.0,1476.0,1476.0,1476.0,1476.0,1476.0,1476.0,1476.0,1476.0,1476.0,1476.0,1476.0,1476.0,1476.0,1476.0,1476.0,1476.0,1476.0,1476.0,1476.0,1476.0,1476.0,1476.0,1476.0,1476.0,1476.0,1476.0,6.0,0.6,197.9734,220.1082,239.3109,255.1699,267.6409,277.0085,283.8007,288.6861,292.3803,295.5751,298.8954,302.8819,307.9925,314.6189,323.11,333.8053,347.0763,363.3832,383.3551,407.9113,273.8214354853104,354.609639380888,1109.0307,126.33230000000005,449.0589,6.5702
1477,1477,1477.0,1477.0,1477.0,1477.0,1477.0,1477.0,1477.0,1477.0,1477.0,1477.0,1477.0,1477.0,1477.0,1477.0,1477.0,1477.0,1477.0,1477.0,1477.0,1477.0,1477.0,1477.0,1477.0,1477.0,1477.0,1477.0,1477.0,7.0,0.7,272.7059,271.938,271.7913,272.4408,273.9469,276.2664,279.2845,282.8543,286.8319,291.099,295.5704,300.1892,304.9192,309.7397,314.6515,319.6941,324.9743,330.6979,337.199,344.958,434.7153371021328,450.3781920881684,1235.363,109.97329999999988,322.7266,6.5702
1478,1478,1478.0,1478.0,1478.0,1478.0,1478.0,1478.0,1478.0,1478.0,1478.0,1478.0,1478.0,1478.0,1478.0,1478.0,1478.0,1478.0,1478.0,1478.0,1478.0,1478.0,1478.0,1478.0,1478.0,1478.0,1478.0,1478.0,1478.0,8.0,0.8,400.3223,372.0778,349.0619,330.7424,316.7129,306.5578,299.8083,295.9611,294.5288,295.097,297.3712,301.2058,306.6122,313.75,322.9066,334.4729,348.9276,366.8471,388.9618,416.2876,405.0141574676675,235.6619492772105,1345.3363,78.16210000000001,212.75330000000008,6.5702
1479,1479,1479.0,1479.0,1479.0,1479.0,1479.0,1479.0,1479.0,1479.0,1479.0,1479.0,1479.0,1479.0,1479.0,1479.0,1479.0,1479.0,1479.0,1479.0,1479.0,1479.0,1479.0,1479.0,1479.0,1479.0,1479.0,1479.0,1479.0,9.0,0.9,382.5655,364.3515,349.4664,337.2974,327.4282,319.5702,313.5087,309.0564,306.0133,304.1318,303.09,302.474,301.7767,300.4154,297.7751,293.2765,286.4628,277.0913,265.2082,251.18,219.7529025221149,454.5114801134728,1423.4984,134.59120000000007,134.59120000000007,6.5702
1480,1480,1480.0,1480.0,1480.0,1480.0,1480.0,1480.0,1480.0,1480.0,1480.0,1480.0,1480.0,1480.0,1480.0,1480.0,1480.0,1480.0,1480.0,1480.0,1480.0,1480.0,1480.0,1480.0,1480.0,1480.0,1480.0,1480.0,1480.0,0.0,0.0,273.0,273.0,273.0,273.0,273.0,273.0,273.0,273.0,273.0,273.0,273.0,273.0,273.0,273.0,273.0,273.0,273.0,273.0,273.0,273.0,235.6145679174801,193.0015069458462,0.0,511.1341,2981.965200000001,-40.0
1481,1481,1481.0,1481.0,1481.0,1481.0,1481.0,1481.0,1481.0,1481.0,1481.0,1481.0,1481.0,1481.0,1481.0,1481.0,1481.0,1481.0,1481.0,1481.0,1481.0,1481.0,1481.0,1481.0,1481.0,1481.0,1481.0,1481.0,1481.0,1.0,0.1,242.9177,249.4392,255.0746,259.7693,263.5254,266.3953,268.4634,269.8225,270.547,270.6699,270.164,268.9319,266.8046,263.5535,258.9141,252.6249,244.4727,234.3418,222.2508,208.369,301.252596471881,389.3921168700937,511.1341,573.8702000000001,2470.8311000000003,-46.60469999999998
1482,1482,1482.0,1482.0,1482.0,1482.0,1482.0,1482.0,1482.0,1482.0,1482.0,1482.0,1482.0,1482.0,1482.0,1482.0,1482.0,1482.0,1482.0,1482.0,1482.0,1482.0,1482.0,1482.0,1482.0,1482.0,1482.0,1482.0,1482.0,2.0,0.2,294.1439,287.8638,282.5238,278.18,274.8133,272.3325,270.599,269.466,268.824,268.6455,269.0209,270.1806,272.4966,276.4588,282.6244,291.5449,303.6895,319.3867,338.8185,362.09,413.553965504702,201.3287690897693,1085.0043,354.49980000000005,1896.9609,-40.66750000000002
1483,1483,1483.0,1483.0,1483.0,1483.0,1483.0,1483.0,1483.0,1483.0,1483.0,1483.0,1483.0,1483.0,1483.0,1483.0,1483.0,1483.0,1483.0,1483.0,1483.0,1483.0,1483.0,1483.0,1483.0,1483.0,1483.0,1483.0,1483.0,3.0,0.3,383.8064,358.963,338.3004,321.3776,307.8567,297.4032,289.645,284.168,280.5264,278.2533,276.8613,275.8355,274.625,272.6456,269.3029,264.0425,256.4212,246.1887,233.3542,218.2153,178.44264856300757,462.0862758623004,1439.5041,355.6549,1542.4611,-15.596799999999972
1484,1484,1484.0,1484.0,1484.0,1484.0,1484.0,1484.0,1484.0,1484.0,1484.0,1484.0,1484.0,1484.0,1484.0,1484.0,1484.0,1484.0,1484.0,1484.0,1484.0,1484.0,1484.0,1484.0,1484.0,1484.0,1484.0,1484.0,1484.0,4.0,0.4,201.6448,222.5941,240.4639,254.7873,265.4915,272.8534,277.4073,279.8403,280.9048,281.3653,281.9804,283.5109,286.7345,292.4482,301.4467,314.4782,332.1974,355.1555,383.8773,419.0785,418.5189171488436,362.21898006079766,1795.159,188.6831,1186.8062,-40.14659999999998
1485,1485,1485.0,1485.0,1485.0,1485.0,1485.0,1485.0,1485.0,1485.0,1485.0,1485.0,1485.0,1485.0,1485.0,1485.0,1485.0,1485.0,1485.0,1485.0,1485.0,1485.0,1485.0,1485.0,1485.0,1485.0,1485.0,1485.0,1485.0,5.0,0.5,385.9051,358.7092,336.3974,318.6763,305.2602,295.7627,289.6858,286.4678,285.5529,286.4501,288.7654,292.2056,296.5638,301.6987,307.5229,314.0059,321.1937,329.2378,338.4269,349.2108,335.6374810462148,244.76173915737635,1983.8421,128.6429999999998,998.1231,-17.237300000000005
1486,1486,1486.0,1486.0,1486.0,1486.0,1486.0,1486.0,1486.0,1486.0,1486.0,1486.0,1486.0,1486.0,1486.0,1486.0,1486.0,1486.0,1486.0,1486.0,1486.0,1486.0,1486.0,1486.0,1486.0,1486.0,1486.0,1486.0,1486.0,6.0,0.6,327.5581,320.8709,315.2092,310.3228,306.0733,302.4134,299.3536,296.9204,295.1155,293.8812,293.0786,292.478,291.7651,290.5633,288.4706,285.1107,280.192,273.5654,265.2664,255.5294,379.081263267887,322.8573847077573,2112.4851,207.4434000000001,869.4801000000002,-10.586599999999976
1487,1487,1487.0,1487.0,1487.0,1487.0,1487.0,1487.0,1487.0,1487.0,1487.0,1487.0,1487.0,1487.0,1487.0,1487.0,1487.0,1487.0,1487.0,1487.0,1487.0,1487.0,1487.0,1487.0,1487.0,1487.0,1487.0,1487.0,1487.0,7.0,0.7,360.7327,345.5623,333.0431,322.7854,314.4702,307.8117,302.5438,298.4214,295.2307,292.803,291.0278,289.8622,289.3336,289.5345,290.6064,292.715,296.0193,300.6417,306.6507,314.0606,324.90299236760524,359.44141831038576,2319.9285,164.33300000000008,662.0367000000001,-5.188300000000027
1488,1488,1488.0,1488.0,1488.0,1488.0,1488.0,1488.0,1488.0,1488.0,1488.0,1488.0,1488.0,1488.0,1488.0,1488.0,1488.0,1488.0,1488.0,1488.0,1488.0,1488.0,1488.0,1488.0,1488.0,1488.0,1488.0,1488.0,1488.0,8.0,0.8,319.5595,315.2514,311.6305,308.4412,305.5253,302.8156,300.3203,298.1036,296.2667,294.9334,294.2422,294.3432,295.3982,297.5792,301.0656,306.0378,312.6717,321.1367,331.6056,344.2807,232.0830725088348,175.2052011988204,2484.2615,178.63779999999997,497.7037,-10.184399999999982
1489,1489,1489.0,1489.0,1489.0,1489.0,1489.0,1489.0,1489.0,1489.0,1489.0,1489.0,1489.0,1489.0,1489.0,1489.0,1489.0,1489.0,1489.0,1489.0,1489.0,1489.0,1489.0,1489.0,1489.0,1489.0,1489.0,1489.0,1489.0,9.0,0.9,244.3545,255.4926,265.1518,273.1313,279.3906,284.0319,287.2558,289.3029,290.3922,290.6653,290.1427,288.6968,286.0456,281.7718,275.3709,266.3293,254.2237,238.8298,220.2121,198.7686,307.9740635671261,441.5096146575127,2662.8993,319.06590000000006,319.06590000000006,-28.9681
1490,1490,1490.0,1490.0,1490.0,1490.0,1490.0,1490.0,1490.0,1490.0,1490.0,1490.0,1490.0,1490.0,1490.0,1490.0,1490.0,1490.0,1490.0,1490.0,1490.0,1490.0,1490.0,1490.0,1490.0,1490.0,1490.0,1490.0,1490.0,0.0,0.0,273.0,273.0,273.0,273.0,273.0,273.0,273.0,273.0,273.0,273.0,273.0,273.0,273.0,273.0,273.0,273.0,273.0,273.0,273.0,273.0,361.2854542750039,339.87412664761865,0.0,391.4876,2524.422,-40.0
1491,1491,1491.0,1491.0,1491.0,1491.0,1491.0,1491.0,1491.0,1491.0,1491.0,1491.0,1491.0,1491.0,1491.0,1491.0,1491.0,1491.0,1491.0,1491.0,1491.0,1491.0,1491.0,1491.0,1491.0,1491.0,1491.0,1491.0,1491.0,1.0,0.1,342.9392,327.2597,314.0678,303.2335,294.6062,287.9841,283.1182,279.7378,277.5864,276.4566,276.2151,276.8169,278.3047,280.7962,284.4601,289.4854,296.049,304.29,314.3004,326.1393,247.37727376744616,232.1886224428689,391.4876,298.83240000000006,2132.9344,-25.015899999999988
1492,1492,1492.0,1492.0,1492.0,1492.0,1492.0,1492.0,1492.0,1492.0,1492.0,1492.0,1492.0,1492.0,1492.0,1492.0,1492.0,1492.0,1492.0,1492.0,1492.0,1492.0,1492.0,1492.0,1492.0,1492.0,1492.0,1492.0,1492.0,2.0,0.2,255.5705,262.8978,269.0507,273.8585,277.3074,279.5255,280.7399,281.2211,281.2254,280.9467,280.4821,279.8156,278.8183,277.2661,274.8745,271.3475,266.4347,259.9874,252.0021,242.636,176.840043861968,457.9680104349831,690.32,399.1818999999999,1834.102,-33.47449999999998
1493,1493,1493.0,1493.0,1493.0,1493.0,1493.0,1493.0,1493.0,1493.0,1493.0,1493.0,1493.0,1493.0,1493.0,1493.0,1493.0,1493.0,1493.0,1493.0,1493.0,1493.0,1493.0,1493.0,1493.0,1493.0,1493.0,1493.0,1493.0,3.0,0.3,195.5107,212.5058,227.4523,240.1329,250.5056,258.6938,264.9577,269.6602,273.2397,276.1959,279.0895,282.5479,287.2677,294.0008,303.5214,316.5758,333.8366,355.8938,383.3275,416.9058,269.327058125366,422.4955875876432,1089.5019,301.00880000000006,1434.9201,-54.30619999999999
1494,1494,1494.0,1494.0,1494.0,1494.0,1494.0,1494.0,1494.0,1494.0,1494.0,1494.0,1494.0,1494.0,1494.0,1494.0,1494.0,1494.0,1494.0,1494.0,1494.0,1494.0,1494.0,1494.0,1494.0,1494.0,1494.0,1494.0,1494.0,4.0,0.4,266.9318,264.8519,263.4207,262.8705,263.3145,264.759,267.1369,270.3527,274.3238,279.0111,284.4334,290.6672,297.839,306.1161,315.7037,326.8529,339.8839,355.2253,373.4736,395.4812,270.4640287928664,211.30894085569085,1390.5107,225.1939,1133.9113,-48.24099999999999
1495,1495,1495.0,1495.0,1495.0,1495.0,1495.0,1495.0,1495.0,1495.0,1495.0,1495.0,1495.0,1495.0,1495.0,1495.0,1495.0,1495.0,1495.0,1495.0,1495.0,1495.0,1495.0,1495.0,1495.0,1495.0,1495.0,1495.0,1495.0,5.0,0.5,270.3737,270.3597,270.543,271.0282,271.8968,273.2005,274.953,277.1209,279.6111,282.2559,284.798,286.8796,288.0417,287.7431,285.4037,280.4745,272.53,261.3681,247.0926,230.152,211.6654660730757,460.6879186657599,1615.7046,333.9845,908.7174,-39.79950000000002
1496,1496,1496.0,1496.0,1496.0,1496.0,1496.0,1496.0,1496.0,1496.0,1496.0,1496.0,1496.0,1496.0,1496.0,1496.0,1496.0,1496.0,1496.0,1496.0,1496.0,1496.0,1496.0,1496.0,1496.0,1496.0,1496.0,1496.0,1496.0,6.0,0.6,223.7283,234.6393,244.2317,252.4252,259.2371,264.7759,269.2245,272.8231,275.8598,278.6741,281.6718,285.3441,290.28,297.1592,306.7209,319.7106,336.8285,358.7113,385.9962,419.5163,452.200747011202,375.7096522957568,1949.6891,188.54239999999984,574.7329,-48.22410000000002
1497,1497,1497.0,1497.0,1497.0,1497.0,1497.0,1497.0,1497.0,1497.0,1497.0,1497.0,1497.0,1497.0,1497.0,1497.0,1497.0,1497.0,1497.0,1497.0,1497.0,1497.0,1497.0,1497.0,1497.0,1497.0,1497.0,1497.0,1497.0,7.0,0.7,411.4286,377.8919,350.4942,328.6616,311.971,299.9603,292.0699,287.6674,286.1104,286.8101,289.2737,293.1194,298.0722,303.9495,310.6516,318.163,326.5671,336.0708,347.0336,359.9958,277.8450983661421,365.98508003590666,2138.2315,85.23640000000023,386.19050000000016,-13.039699999999982
1498,1498,1498.0,1498.0,1498.0,1498.0,1498.0,1498.0,1498.0,1498.0,1498.0,1498.0,1498.0,1498.0,1498.0,1498.0,1498.0,1498.0,1498.0,1498.0,1498.0,1498.0,1498.0,1498.0,1498.0,1498.0,1498.0,1498.0,1498.0,8.0,0.8,282.8117,287.3729,291.1241,293.8377,295.4881,296.233,296.3616,296.2281,296.1865,296.5437,297.5324,299.3084,301.9634,305.5502,310.1114,315.7092,322.452,330.5185,340.1802,351.8246,297.70917978995845,270.2302882034166,2223.4679,105.79829999999993,300.9540999999999,-16.766999999999996
1499,1499,1499.0,1499.0,1499.0,1499.0,1499.0,1499.0,1499.0,1499.0,1499.0,1499.0,1499.0,1499.0,1499.0,1499.0,1499.0,1499.0,1499.0,1499.0,1499.0,1499.0,1499.0,1499.0,1499.0,1499.0,1499.0,1499.0,1499.0,9.0,0.9,295.5265,293.8811,292.7182,291.9867,291.6367,291.619,291.8853,292.3864,293.068,293.8619,294.6746,295.3783,295.805,295.7522,295.0008,293.3464,290.6398,286.8295,281.9928,276.3469,423.55954557472734,279.3504888755646,2329.2662,195.1558,195.1558,-21.38099999999997
1500,1500,1500.0,1500.0,1500.0,1500.0,1500.0,1500.0,1500.0,1500.0,1500.0,1500.0,1500.0,1500.0,1500.0,1500.0,1500.0,1500.0,1500.0,1500.0,1500.0,1500.0,1500.0,1500.0,1500.0,1500.0,1500.0,1500.0,1500.0,0.0,0.0,273.0,273.0,273.0,273.0,273.0,273.0,273.0,273.0,273.0,273.0,273.0,273.0,273.0,273.0,273.0,273.0,273.0,273.0,273.0,273.0,300.41848191183203,267.2147562144376,0.0,439.9525,3771.9849,-40.0
1501,1501,1501.0,1501.0,1501.0,1501.0,1501.0,1501.0,1501.0,1501.0,1501.0,1501.0,1501.0,1501.0,1501.0,1501.0,1501.0,1501.0,1501.0,1501.0,1501.0,1501.0,1501.0,1501.0,1501.0,1501.0,1501.0,1501.0,1501.0,1.0,0.1,294.8996,290.0714,285.9505,282.5371,279.8037,277.6926,276.1213,274.9924,274.2045,273.6611,273.2763,272.9769,272.7021,272.4018,272.0349,271.5686,270.9787,270.2499,269.3764,268.3615,199.7429692438644,236.9964571976418,439.9525,482.12110000000007,3332.0324,-35.30739999999997
1502,1502,1502.0,1502.0,1502.0,1502.0,1502.0,1502.0,1502.0,1502.0,1502.0,1502.0,1502.0,1502.0,1502.0,1502.0,1502.0,1502.0,1502.0,1502.0,1502.0,1502.0,1502.0,1502.0,1502.0,1502.0,1502.0,1502.0,1502.0,2.0,0.2,214.8631,228.4857,240.2538,249.9681,257.6038,263.2919,267.2746,269.8493,271.3153,271.9311,271.8885,271.3012,270.208,268.585,266.3654,263.4624,259.7938,255.3038,249.9785,243.8511,277.1286912022581,222.46493466183887,922.0736,620.5573,2849.9113,-49.7081
1503,1503,1503.0,1503.0,1503.0,1503.0,1503.0,1503.0,1503.0,1503.0,1503.0,1503.0,1503.0,1503.0,1503.0,1503.0,1503.0,1503.0,1503.0,1503.0,1503.0,1503.0,1503.0,1503.0,1503.0,1503.0,1503.0,1503.0,1503.0,3.0,0.3,273.9064,271.0246,268.6874,267.0133,266.0168,265.614,265.6454,265.9089,266.1918,266.2947,266.0444,265.297,263.9336,261.8547,258.9763,255.2282,250.5579,244.9354,238.3579,230.8509,228.3676235684971,262.7819685836763,1542.6309,664.221,2229.354,-47.38600000000002
1504,1504,1504.0,1504.0,1504.0,1504.0,1504.0,1504.0,1504.0,1504.0,1504.0,1504.0,1504.0,1504.0,1504.0,1504.0,1504.0,1504.0,1504.0,1504.0,1504.0,1504.0,1504.0,1504.0,1504.0,1504.0,1504.0,1504.0,1504.0,4.0,0.4,236.2239,243.1875,249.1419,254.0279,257.8518,260.6793,262.6195,263.8046,264.3726,264.4561,264.1785,263.6564,263.0038,262.3343,261.7581,261.3712,261.2403,261.3854,261.7673,262.2843,426.2583165488088,458.5933069984782,2206.8519,515.8465999999999,1565.1329999999998,-52.32069999999999
1505,1505,1505.0,1505.0,1505.0,1505.0,1505.0,1505.0,1505.0,1505.0,1505.0,1505.0,1505.0,1505.0,1505.0,1505.0,1505.0,1505.0,1505.0,1505.0,1505.0,1505.0,1505.0,1505.0,1505.0,1505.0,1505.0,1505.0,1505.0,5.0,0.5,391.2136,361.8602,337.4573,317.5936,301.9313,290.0799,281.5714,275.9032,272.6138,271.3617,271.9859,274.537,279.2732,286.6243,297.1296,311.3634,329.8731,353.1641,381.7701,416.4539,225.12005015375573,317.6737911267671,2722.6985,175.25610000000006,1049.2864,-22.92009999999999
1506,1506,1506.0,1506.0,1506.0,1506.0,1506.0,1506.0,1506.0,1506.0,1506.0,1506.0,1506.0,1506.0,1506.0,1506.0,1506.0,1506.0,1506.0,1506.0,1506.0,1506.0,1506.0,1506.0,1506.0,1506.0,1506.0,1506.0,1506.0,6.0,0.6,238.9483,251.312,261.6901,269.8172,275.7142,279.6579,282.1071,283.6081,284.7011,285.8435,287.3589,289.4134,292.0188,295.0599,298.3415,301.6509,304.826,307.8187,310.7404,313.8775,402.9741627553174,174.82381398835895,2897.9546,257.1786000000002,874.0302999999999,-33.342100000000016
1507,1507,1507.0,1507.0,1507.0,1507.0,1507.0,1507.0,1507.0,1507.0,1507.0,1507.0,1507.0,1507.0,1507.0,1507.0,1507.0,1507.0,1507.0,1507.0,1507.0,1507.0,1507.0,1507.0,1507.0,1507.0,1507.0,1507.0,1507.0,7.0,0.7,375.4109,352.3972,333.4725,318.3428,306.7119,298.1985,292.3204,288.5186,286.1961,284.7495,283.5833,282.1088,279.7361,275.8741,269.9476,261.4419,249.9683,235.3409,217.6425,197.2533,321.2249658692577,419.6123085412926,3155.1332,324.83269999999993,616.8516999999997,-14.801499999999976
1508,1508,1508.0,1508.0,1508.0,1508.0,1508.0,1508.0,1508.0,1508.0,1508.0,1508.0,1508.0,1508.0,1508.0,1508.0,1508.0,1508.0,1508.0,1508.0,1508.0,1508.0,1508.0,1508.0,1508.0,1508.0,1508.0,1508.0,1508.0,8.0,0.8,316.0263,311.7182,307.939,304.4259,301.022,297.6678,294.3849,291.2581,288.4269,286.0894,284.5182,284.0813,285.2543,288.6115,294.7868,304.4075,318.0192,336.0338,358.7419,386.4275,413.1774748861634,306.2739366301348,3479.9659,159.0645999999997,292.0189999999998,-15.3322
1509,1509,1509.0,1509.0,1509.0,1509.0,1509.0,1509.0,1509.0,1509.0,1509.0,1509.0,1509.0,1509.0,1509.0,1509.0,1509.0,1509.0,1509.0,1509.0,1509.0,1509.0,1509.0,1509.0,1509.0,1509.0,1509.0,1509.0,1509.0,9.0,0.9,386.2394,364.104,345.931,331.1632,319.3794,310.2151,303.33,298.4024,295.1354,293.2608,292.5368,292.7371,293.6392,295.018,296.6508,298.3381,299.9364,301.3943,302.7823,304.3024,306.7407424979328,445.9487725528828,3639.0305,132.95440000000008,132.95440000000008,-2.7848999999999933
1510,1510,1510.0,1510.0,1510.0,1510.0,1510.0,1510.0,1510.0,1510.0,1510.0,1510.0,1510.0,1510.0,1510.0,1510.0,1510.0,1510.0,1510.0,1510.0,1510.0,1510.0,1510.0,1510.0,1510.0,1510.0,1510.0,1510.0,1510.0,0.0,0.0,273.0,273.0,273.0,273.0,273.0,273.0,273.0,273.0,273.0,273.0,273.0,273.0,273.0,273.0,273.0,273.0,273.0,273.0,273.0,273.0,418.8238046502214,202.95913450093687,0.0,453.108,2767.0499,3.518399999999985
1511,1511,1511.0,1511.0,1511.0,1511.0,1511.0,1511.0,1511.0,1511.0,1511.0,1511.0,1511.0,1511.0,1511.0,1511.0,1511.0,1511.0,1511.0,1511.0,1511.0,1511.0,1511.0,1511.0,1511.0,1511.0,1511.0,1511.0,1511.0,1.0,0.1,387.4868,361.365,339.7029,322.0357,307.9819,297.1342,289.0226,283.1238,278.8924,275.7931,273.3213,271.0105,268.4309,265.1855,260.9138,255.3054,248.1246,239.2393,228.6441,216.4683,261.62825967833294,190.993641049882,453.108,521.8951999999999,2313.9419,3.518399999999985
1512,1512,1512.0,1512.0,1512.0,1512.0,1512.0,1512.0,1512.0,1512.0,1512.0,1512.0,1512.0,1512.0,1512.0,1512.0,1512.0,1512.0,1512.0,1512.0,1512.0,1512.0,1512.0,1512.0,1512.0,1512.0,1512.0,1512.0,1512.0,2.0,0.2,268.7044,274.9973,280.0545,283.5936,285.5249,285.9321,285.0202,283.05,280.2751,276.8935,273.0198,268.6783,263.813,258.3076,252.0123,244.7701,236.4419,226.926,216.1703,204.1763,341.0342377220473,417.0495564496481,975.0032,508.1320999999999,1792.0467,3.518399999999985
1513,1513,1513.0,1513.0,1513.0,1513.0,1513.0,1513.0,1513.0,1513.0,1513.0,1513.0,1513.0,1513.0,1513.0,1513.0,1513.0,1513.0,1513.0,1513.0,1513.0,1513.0,1513.0,1513.0,1513.0,1513.0,1513.0,1513.0,1513.0,3.0,0.3,328.0094,316.8488,307.4023,299.529,293.0615,287.8013,283.5383,280.0885,277.3392,275.2927,274.1008,274.0829,275.72,279.6209,286.4573,296.8778,311.4218,330.4657,354.24,382.954,253.69581675756908,373.37494051674776,1483.1353,224.59760000000009,1283.9146,3.518399999999985
1514,1514,1514.0,1514.0,1514.0,1514.0,1514.0,1514.0,1514.0,1514.0,1514.0,1514.0,1514.0,1514.0,1514.0,1514.0,1514.0,1514.0,1514.0,1514.0,1514.0,1514.0,1514.0,1514.0,1514.0,1514.0,1514.0,1514.0,1514.0,4.0,0.4,260.2398,266.1017,271.0364,274.9144,277.742,279.6558,280.8964,281.77,282.6093,283.739,285.451,287.9894,291.5461,296.2646,302.254,309.6102,318.4447,328.9192,341.2833,355.9158,434.5337164670513,448.4694186263415,1707.7329,152.8451,1059.317,3.518399999999985
1515,1515,1515.0,1515.0,1515.0,1515.0,1515.0,1515.0,1515.0,1515.0,1515.0,1515.0,1515.0,1515.0,1515.0,1515.0,1515.0,1515.0,1515.0,1515.0,1515.0,1515.0,1515.0,1515.0,1515.0,1515.0,1515.0,1515.0,1515.0,5.0,0.5,400.0221,371.6252,348.4052,329.8121,315.4259,304.8254,297.55,293.1218,291.0953,291.1097,292.9278,296.4547,301.7366,308.945,318.354,330.3185,345.2652,363.7114,386.3287,414.0799,188.86506968086843,322.3852336383442,1860.578,65.48109999999997,906.4719,3.518399999999985
1516,1516,1516.0,1516.0,1516.0,1516.0,1516.0,1516.0,1516.0,1516.0,1516.0,1516.0,1516.0,1516.0,1516.0,1516.0,1516.0,1516.0,1516.0,1516.0,1516.0,1516.0,1516.0,1516.0,1516.0,1516.0,1516.0,1516.0,1516.0,6.0,0.6,211.5444,232.0932,249.7434,264.0887,275.1156,283.1515,288.7585,292.6078,295.362,297.5854,299.6885,301.9072,304.3132,306.8472,309.3722,311.7367,313.8425,315.7049,317.4955,319.5568,464.0305931936287,386.86348005342927,1926.0591,126.3198000000002,840.9908,3.518399999999985
1517,1517,1517.0,1517.0,1517.0,1517.0,1517.0,1517.0,1517.0,1517.0,1517.0,1517.0,1517.0,1517.0,1517.0,1517.0,1517.0,1517.0,1517.0,1517.0,1517.0,1517.0,1517.0,1517.0,1517.0,1517.0,1517.0,1517.0,1517.0,7.0,0.7,421.8347,387.6181,360.0152,338.2603,321.7702,309.937,302.0672,297.4148,295.2559,294.9671,296.08,298.3067,301.5366,305.8133,311.3006,318.2457,326.9481,337.7416,350.9998,367.1723,348.7661750260585,231.5004318322053,2052.3789,113.0335,714.6709999999998,3.518399999999985
1518,1518,1518.0,1518.0,1518.0,1518.0,1518.0,1518.0,1518.0,1518.0,1518.0,1518.0,1518.0,1518.0,1518.0,1518.0,1518.0,1518.0,1518.0,1518.0,1518.0,1518.0,1518.0,1518.0,1518.0,1518.0,1518.0,1518.0,1518.0,8.0,0.8,339.7741,332.5102,326.4354,321.1715,316.4974,312.3245,308.6552,305.5298,302.9733,300.9493,299.3273,297.8665,296.2182,293.9479,290.5776,285.6472,278.7883,269.7991,258.703,245.772,383.7239947174433,218.71145882067225,2165.4124,233.86850000000004,601.6374999999998,3.518399999999985
1519,1519,1519.0,1519.0,1519.0,1519.0,1519.0,1519.0,1519.0,1519.0,1519.0,1519.0,1519.0,1519.0,1519.0,1519.0,1519.0,1519.0,1519.0,1519.0,1519.0,1519.0,1519.0,1519.0,1519.0,1519.0,1519.0,1519.0,1519.0,9.0,0.9,365.4287,350.4599,338.191,328.1516,319.9593,313.2787,307.7997,303.2284,299.2837,295.696,292.2065,288.5665,284.5382,279.898,274.4436,268.0047,260.455,251.7247,241.8082,230.765,405.4373904284123,188.8276374152898,2399.2809,367.7689999999998,367.7689999999998,3.518399999999985
1520,1520,1520.0,1520.0,1520.0,1520.0,1520.0,1520.0,1520.0,1520.0,1520.0,1520.0,1520.0,1520.0,1520.0,1520.0,1520.0,1520.0,1520.0,1520.0,1520.0,1520.0,1520.0,1520.0,1520.0,1520.0,1520.0,1520.0,1520.0,0.0,0.0,273.0,273.0,273.0,273.0,273.0,273.0,273.0,273.0,273.0,273.0,273.0,273.0,273.0,273.0,273.0,273.0,273.0,273.0,273.0,273.0,433.04203923102375,296.74497527299314,0.0,402.6044,2907.379,-40.0
1521,1521,1521.0,1521.0,1521.0,1521.0,1521.0,1521.0,1521.0,1521.0,1521.0,1521.0,1521.0,1521.0,1521.0,1521.0,1521.0,1521.0,1521.0,1521.0,1521.0,1521.0,1521.0,1521.0,1521.0,1521.0,1521.0,1521.0,1521.0,1.0,0.1,398.3516,369.6271,345.9031,326.6032,311.2842,299.5024,290.7674,284.5544,280.3443,277.6683,276.1419,275.4812,275.5026,276.1095,277.2707,278.9963,281.3132,284.2461,287.8039,291.9773,404.2297671627708,217.3766205609704,402.6044,340.2118,2504.7746,-13.497599999999975
1522,1522,1522.0,1522.0,1522.0,1522.0,1522.0,1522.0,1522.0,1522.0,1522.0,1522.0,1522.0,1522.0,1522.0,1522.0,1522.0,1522.0,1522.0,1522.0,1522.0,1522.0,1522.0,1522.0,1522.0,1522.0,1522.0,1522.0,1522.0,2.0,0.2,380.9721,361.848,345.9115,332.5132,321.2029,311.6628,303.6566,296.9887,291.4722,286.9034,283.045,279.6166,276.2947,272.7231,268.5349,263.3854,256.9919,249.1739,239.8829,229.2116,255.0989095416876,394.8032943976356,742.8162,321.62699999999995,2164.5628,-1.3371999999999955
1523,1523,1523.0,1523.0,1523.0,1523.0,1523.0,1523.0,1523.0,1523.0,1523.0,1523.0,1523.0,1523.0,1523.0,1523.0,1523.0,1523.0,1523.0,1523.0,1523.0,1523.0,1523.0,1523.0,1523.0,1523.0,1523.0,1523.0,1523.0,3.0,0.3,264.7541,273.4417,280.6582,286.0903,289.6431,291.4251,291.7057,290.8612,289.3281,287.5725,286.0793,285.3541,285.9295,288.3598,293.1993,300.9609,312.068,326.8214,345.4079,367.9775,410.8286760890475,242.6528987622517,1064.4432,198.59860000000003,1842.9358,-21.574900000000014
1524,1524,1524.0,1524.0,1524.0,1524.0,1524.0,1524.0,1524.0,1524.0,1524.0,1524.0,1524.0,1524.0,1524.0,1524.0,1524.0,1524.0,1524.0,1524.0,1524.0,1524.0,1524.0,1524.0,1524.0,1524.0,1524.0,1524.0,1524.0,4.0,0.4,382.9112,359.818,340.8781,325.6509,313.7588,304.8047,298.3514,293.9368,291.1019,289.4115,288.4587,287.8546,287.2124,286.1369,284.2313,281.1255,276.5248,270.2658,262.3633,253.0298,272.8382676785312,336.7195877287679,1263.0418,229.7576000000001,1644.3372,-8.195299999999975
1525,1525,1525.0,1525.0,1525.0,1525.0,1525.0,1525.0,1525.0,1525.0,1525.0,1525.0,1525.0,1525.0,1525.0,1525.0,1525.0,1525.0,1525.0,1525.0,1525.0,1525.0,1525.0,1525.0,1525.0,1525.0,1525.0,1525.0,1525.0,5.0,0.5,278.5084,283.6831,287.9616,291.093,292.9988,293.7589,293.5723,292.7071,291.455,290.101,288.9107,288.1336,288.0133,288.7965,290.7327,294.0609,298.9871,305.6604,314.1613,324.5126,379.192489606153,386.7455350941853,1492.7994,172.52379999999994,1414.5795999999998,-19.241100000000017
1526,1526,1526.0,1526.0,1526.0,1526.0,1526.0,1526.0,1526.0,1526.0,1526.0,1526.0,1526.0,1526.0,1526.0,1526.0,1526.0,1526.0,1526.0,1526.0,1526.0,1526.0,1526.0,1526.0,1526.0,1526.0,1526.0,1526.0,1526.0,6.0,0.6,359.0309,342.2063,328.3404,317.157,308.3974,301.7838,297.0209,293.8211,291.9387,291.1996,291.5208,292.9165,295.4906,299.4205,304.9344,312.288,321.7468,333.5821,348.0884,365.6331,216.4115415895301,229.511460865851,1665.3232,139.89089999999987,1242.0558,-11.216200000000017
1527,1527,1527.0,1527.0,1527.0,1527.0,1527.0,1527.0,1527.0,1527.0,1527.0,1527.0,1527.0,1527.0,1527.0,1527.0,1527.0,1527.0,1527.0,1527.0,1527.0,1527.0,1527.0,1527.0,1527.0,1527.0,1527.0,1527.0,1527.0,7.0,0.7,232.5283,247.1029,259.6253,269.8169,277.6531,283.3321,287.2059,289.693,291.1943,292.0224,292.3537,292.2044,291.4313,289.7564,286.8155,282.226,275.6683,266.9676,256.158,243.5108,362.1634812261792,281.3743254723516,1805.2141,276.1681000000001,1102.1649,-29.66789999999997
1528,1528,1528.0,1528.0,1528.0,1528.0,1528.0,1528.0,1528.0,1528.0,1528.0,1528.0,1528.0,1528.0,1528.0,1528.0,1528.0,1528.0,1528.0,1528.0,1528.0,1528.0,1528.0,1528.0,1528.0,1528.0,1528.0,1528.0,1528.0,8.0,0.8,343.9177,328.4922,315.792,305.7208,298.0992,292.6357,288.9445,286.5908,285.1451,284.2312,283.5584,282.936,282.2726,281.5623,280.8633,280.2704,279.885,279.7877,280.0175,280.5642,180.30577453114,215.42278734333505,2081.3822,341.7366000000002,825.9967999999999,-20.36430000000001
1529,1529,1529.0,1529.0,1529.0,1529.0,1529.0,1529.0,1529.0,1529.0,1529.0,1529.0,1529.0,1529.0,1529.0,1529.0,1529.0,1529.0,1529.0,1529.0,1529.0,1529.0,1529.0,1529.0,1529.0,1529.0,1529.0,1529.0,1529.0,9.0,0.9,201.8756,221.4187,238.275,252.0679,262.7296,270.4609,275.6482,278.7646,280.2778,280.5799,279.9449,278.5122,276.2935,273.1952,269.0545,263.6834,256.9156,248.651,238.889,227.7415,262.69747830381004,372.8042757162979,2423.1188,484.2601999999997,484.2601999999997,-42.53910000000002
1530,1530,1530.0,1530.0,1530.0,1530.0,1530.0,1530.0,1530.0,1530.0,1530.0,1530.0,1530.0,1530.0,1530.0,1530.0,1530.0,1530.0,1530.0,1530.0,1530.0,1530.0,1530.0,1530.0,1530.0,1530.0,1530.0,1530.0,1530.0,0.0,0.0,273.0,273.0,273.0,273.0,273.0,273.0,273.0,273.0,273.0,273.0,273.0,273.0,273.0,273.0,273.0,273.0,273.0,273.0,273.0,273.0,313.23674486491905,388.60010264061776,0.0,387.2212,3713.646400000001,-40.0
1531,1531,1531.0,1531.0,1531.0,1531.0,1531.0,1531.0,1531.0,1531.0,1531.0,1531.0,1531.0,1531.0,1531.0,1531.0,1531.0,1531.0,1531.0,1531.0,1531.0,1531.0,1531.0,1531.0,1531.0,1531.0,1531.0,1531.0,1531.0,1.0,0.1,305.088,297.994,291.9617,286.9846,283.0263,280.0184,277.8727,276.503,275.8518,275.9152,276.7649,278.5595,281.5453,286.0424,292.4169,301.042,312.2605,326.3607,343.5875,364.2012,270.85106808109686,391.4338629726499,387.2212,217.8912,3326.4252000000006,-32.981600000000014
1532,1532,1532.0,1532.0,1532.0,1532.0,1532.0,1532.0,1532.0,1532.0,1532.0,1532.0,1532.0,1532.0,1532.0,1532.0,1532.0,1532.0,1532.0,1532.0,1532.0,1532.0,1532.0,1532.0,1532.0,1532.0,1532.0,1532.0,1532.0,2.0,0.2,272.8195,274.618,276.1523,277.3811,278.3275,279.078,279.771,280.5806,281.7001,283.328,285.6592,288.8811,293.174,298.7136,305.6775,314.2545,324.659,337.1543,352.0879,369.9454,314.7636595361964,194.84597800493063,605.1124,201.8906000000001,3108.534000000001,-33.922000000000025
1533,1533,1533.0,1533.0,1533.0,1533.0,1533.0,1533.0,1533.0,1533.0,1533.0,1533.0,1533.0,1533.0,1533.0,1533.0,1533.0,1533.0,1533.0,1533.0,1533.0,1533.0,1533.0,1533.0,1533.0,1533.0,1533.0,1533.0,1533.0,3.0,0.3,307.1288,300.6146,295.2435,291.023,287.9247,285.8761,284.7601,284.4175,284.6468,285.1965,285.7528,285.9255,285.2408,283.1525,279.0777,272.4613,262.8653,250.0662,234.1382,215.492,214.1869121039485,415.7810086410788,807.003,316.3564,2906.6434000000004,-27.123899999999992
1534,1534,1534.0,1534.0,1534.0,1534.0,1534.0,1534.0,1534.0,1534.0,1534.0,1534.0,1534.0,1534.0,1534.0,1534.0,1534.0,1534.0,1534.0,1534.0,1534.0,1534.0,1534.0,1534.0,1534.0,1534.0,1534.0,1534.0,1534.0,4.0,0.4,227.8764,240.2353,250.9309,259.7757,266.7452,271.9631,275.668,278.1747,279.8442,281.0712,282.2887,283.9825,286.7036,291.0663,297.7203,307.3012,320.3714,337.3802,358.6783,384.6205,215.49795087164824,229.38754592535503,1123.3594,311.67550000000006,2590.2870000000003,-41.0369
1535,1535,1535.0,1535.0,1535.0,1535.0,1535.0,1535.0,1535.0,1535.0,1535.0,1535.0,1535.0,1535.0,1535.0,1535.0,1535.0,1535.0,1535.0,1535.0,1535.0,1535.0,1535.0,1535.0,1535.0,1535.0,1535.0,1535.0,1535.0,5.0,0.5,225.5894,234.7602,242.9961,250.307,256.7308,262.3325,267.1974,271.4183,275.0757,278.2139,280.8139,282.7707,283.88,283.8438,282.2999,278.8777,273.2741,265.336,255.1285,242.9655,224.424067022128,248.0920564164313,1435.0349,498.7797999999998,2278.6115,-50.66750000000002
1536,1536,1536.0,1536.0,1536.0,1536.0,1536.0,1536.0,1536.0,1536.0,1536.0,1536.0,1536.0,1536.0,1536.0,1536.0,1536.0,1536.0,1536.0,1536.0,1536.0,1536.0,1536.0,1536.0,1536.0,1536.0,1536.0,1536.0,1536.0,6.0,0.6,231.7724,238.4073,244.3972,249.7955,254.6369,258.9368,262.6927,265.8877,268.4949,270.4813,271.8133,272.4612,272.4035,271.6312,270.1499,267.9796,265.1527,261.709,257.6909,253.1395,224.2867128505685,253.07797348696656,1933.8147,617.4740000000002,1779.8317000000002,-54.0632
1537,1537,1537.0,1537.0,1537.0,1537.0,1537.0,1537.0,1537.0,1537.0,1537.0,1537.0,1537.0,1537.0,1537.0,1537.0,1537.0,1537.0,1537.0,1537.0,1537.0,1537.0,1537.0,1537.0,1537.0,1537.0,1537.0,1537.0,1537.0,7.0,0.7,231.3089,237.5869,243.1658,248.0867,252.3854,256.0926,259.2329,261.8262,263.8886,265.434,266.4756,267.028,267.1081,266.7355,265.9323,264.7213,263.1232,261.1546,258.8246,256.1347,456.9885870076316,364.97109972885625,2551.2887,532.0657999999999,1162.3577,-56.9074
1538,1538,1538.0,1538.0,1538.0,1538.0,1538.0,1538.0,1538.0,1538.0,1538.0,1538.0,1538.0,1538.0,1538.0,1538.0,1538.0,1538.0,1538.0,1538.0,1538.0,1538.0,1538.0,1538.0,1538.0,1538.0,1538.0,1538.0,1538.0,8.0,0.8,414.1754,378.8062,349.6421,326.0265,307.4821,293.5037,283.491,276.7764,272.6977,270.6803,270.3009,271.3224,273.6952,277.5312,283.0553,290.5444,300.2665,312.435,327.1954,344.6558,263.56102882408067,231.22961915464137,3083.3545,288.5879,630.2919000000002,-19.49630000000002
1539,1539,1539.0,1539.0,1539.0,1539.0,1539.0,1539.0,1539.0,1539.0,1539.0,1539.0,1539.0,1539.0,1539.0,1539.0,1539.0,1539.0,1539.0,1539.0,1539.0,1539.0,1539.0,1539.0,1539.0,1539.0,1539.0,1539.0,1539.0,9.0,0.9,270.5545,276.7631,281.7167,285.1495,287.0294,287.5344,286.9901,285.7863,284.2932,282.7919,281.4268,280.1842,278.896,277.267,274.9221,271.4706,266.5787,260.0396,251.8256,242.1071,320.42584724818846,323.21102413283734,3371.9424,341.7040000000002,341.7040000000002,-25.465599999999995
1540,1540,1540.0,1540.0,1540.0,1540.0,1540.0,1540.0,1540.0,1540.0,1540.0,1540.0,1540.0,1540.0,1540.0,1540.0,1540.0,1540.0,1540.0,1540.0,1540.0,1540.0,1540.0,1540.0,1540.0,1540.0,1540.0,1540.0,1540.0,0.0,0.0,273.0,273.0,273.0,273.0,273.0,273.0,273.0,273.0,273.0,273.0,273.0,273.0,273.0,273.0,273.0,273.0,273.0,273.0,273.0,273.0,243.1642501618573,427.0612850576417,0.0,406.0784,2680.8987,-40.0
1541,1541,1541.0,1541.0,1541.0,1541.0,1541.0,1541.0,1541.0,1541.0,1541.0,1541.0,1541.0,1541.0,1541.0,1541.0,1541.0,1541.0,1541.0,1541.0,1541.0,1541.0,1541.0,1541.0,1541.0,1541.0,1541.0,1541.0,1541.0,1.0,0.1,249.0158,254.2333,258.7449,262.5207,265.5832,268.0085,269.9237,271.502,272.9621,274.5722,276.6578,279.6102,283.8868,290.0004,298.4915,309.8907,324.6837,343.3009,366.1597,393.7886,217.3243332314128,332.75844163906675,406.0784,293.976,2274.8203000000003,-44.99149999999997
1542,1542,1542.0,1542.0,1542.0,1542.0,1542.0,1542.0,1542.0,1542.0,1542.0,1542.0,1542.0,1542.0,1542.0,1542.0,1542.0,1542.0,1542.0,1542.0,1542.0,1542.0,1542.0,1542.0,1542.0,1542.0,1542.0,1542.0,1542.0,2.0,0.2,227.1658,236.0556,243.945,250.8378,256.7981,261.9484,266.4566,270.5171,274.3289,278.0732,281.895,285.8892,290.096,294.5067,299.0831,303.7882,308.6257,313.6801,319.1486,325.3572,352.45359042165654,213.43290192693047,700.0544,322.57810000000006,1980.8443,-51.05160000000001
1543,1543,1543.0,1543.0,1543.0,1543.0,1543.0,1543.0,1543.0,1543.0,1543.0,1543.0,1543.0,1543.0,1543.0,1543.0,1543.0,1543.0,1543.0,1543.0,1543.0,1543.0,1543.0,1543.0,1543.0,1543.0,1543.0,1543.0,1543.0,3.0,0.3,334.2002,318.5102,305.4662,295.1255,287.4364,282.2048,279.1046,277.7141,277.5599,278.152,279.004,279.6377,279.5811,278.3703,275.5641,270.7762,263.7234,254.2794,242.5203,228.7412,223.073846676696,377.32378605012855,1022.6325,358.4599999999999,1658.2662,-30.795200000000023
1544,1544,1544.0,1544.0,1544.0,1544.0,1544.0,1544.0,1544.0,1544.0,1544.0,1544.0,1544.0,1544.0,1544.0,1544.0,1544.0,1544.0,1544.0,1544.0,1544.0,1544.0,1544.0,1544.0,1544.0,1544.0,1544.0,1544.0,1544.0,4.0,0.4,235.277,246.2169,255.5387,263.049,268.7349,272.7464,275.3537,276.8964,277.743,278.267,278.8444,279.8649,281.7466,284.9404,289.9163,297.1291,306.9728,319.7426,335.628,354.7601,384.4563437071504,294.7106397825954,1381.0925,272.0571,1299.8062000000002,-40.253600000000006
1545,1545,1545.0,1545.0,1545.0,1545.0,1545.0,1545.0,1545.0,1545.0,1545.0,1545.0,1545.0,1545.0,1545.0,1545.0,1545.0,1545.0,1545.0,1545.0,1545.0,1545.0,1545.0,1545.0,1545.0,1545.0,1545.0,1545.0,1545.0,5.0,0.5,360.2595,339.7963,322.8269,309.2008,298.7293,291.1306,286.0308,283.0009,281.6051,281.4405,282.1586,283.4673,285.1216,286.9112,288.6546,290.2057,291.4707,292.4306,293.1601,293.8332,324.38343267445293,230.93463922172683,1653.1496,255.45000000000005,1027.7491000000002,-21.869399999999985
1546,1546,1546.0,1546.0,1546.0,1546.0,1546.0,1546.0,1546.0,1546.0,1546.0,1546.0,1546.0,1546.0,1546.0,1546.0,1546.0,1546.0,1546.0,1546.0,1546.0,1546.0,1546.0,1546.0,1546.0,1546.0,1546.0,1546.0,1546.0,6.0,0.6,317.6351,311.9657,307.0881,302.7993,298.9782,295.5705,292.5636,289.9563,287.7299,285.8244,284.1236,282.4502,280.5716,278.2154,275.0949,270.9423,265.5465,258.7883,250.6665,241.3048,394.34088128679264,465.6573552199289,1908.5996,272.21669999999995,772.2991000000002,-17.42950000000002
1547,1547,1547.0,1547.0,1547.0,1547.0,1547.0,1547.0,1547.0,1547.0,1547.0,1547.0,1547.0,1547.0,1547.0,1547.0,1547.0,1547.0,1547.0,1547.0,1547.0,1547.0,1547.0,1547.0,1547.0,1547.0,1547.0,1547.0,1547.0,7.0,0.7,371.5998,352.7365,337.112,324.278,313.8767,305.5898,299.1272,294.2421,290.7622,288.6262,287.9168,288.8815,291.933,297.6241,306.5964,319.5125,336.9952,359.6105,387.9414,422.8021,386.3242802786648,270.05484752108634,2180.8163,108.77199999999992,500.0824000000002,-7.410199999999975
1548,1548,1548.0,1548.0,1548.0,1548.0,1548.0,1548.0,1548.0,1548.0,1548.0,1548.0,1548.0,1548.0,1548.0,1548.0,1548.0,1548.0,1548.0,1548.0,1548.0,1548.0,1548.0,1548.0,1548.0,1548.0,1548.0,1548.0,1548.0,8.0,0.8,367.4189,351.9003,339.0858,328.5003,319.8135,312.7956,307.2835,303.1505,300.2776,298.5245,297.7033,297.5574,297.7515,297.8802,297.4991,296.1792,293.5779,289.5131,284.0203,277.3734,352.1608424253011,244.5970479738517,2289.5883,179.8077000000003,391.3104000000003,-0.204400000000021
1549,1549,1549.0,1549.0,1549.0,1549.0,1549.0,1549.0,1549.0,1549.0,1549.0,1549.0,1549.0,1549.0,1549.0,1549.0,1549.0,1549.0,1549.0,1549.0,1549.0,1549.0,1549.0,1549.0,1549.0,1549.0,1549.0,1549.0,1549.0,9.0,0.9,341.5501,332.9051,325.7558,319.7469,314.62,310.1943,306.3439,302.9732,299.9942,297.3078,294.7917,292.2953,289.6425,286.6413,283.0998,278.8457,273.748,267.7362,260.8121,253.0525,236.53702565943345,380.2177163563106,2469.396,211.5027,211.5027,-2.8057000000000016
1550,1550,1550.0,1550.0,1550.0,1550.0,1550.0,1550.0,1550.0,1550.0,1550.0,1550.0,1550.0,1550.0,1550.0,1550.0,1550.0,1550.0,1550.0,1550.0,1550.0,1550.0,1550.0,1550.0,1550.0,1550.0,1550.0,1550.0,1550.0,0.0,0.0,273.0,273.0,273.0,273.0,273.0,273.0,273.0,273.0,273.0,273.0,273.0,273.0,273.0,273.0,273.0,273.0,273.0,273.0,273.0,273.0,205.3202039456814,258.81769749193046,0.0,490.4041,3213.5997000000007,2.4298
1551,1551,1551.0,1551.0,1551.0,1551.0,1551.0,1551.0,1551.0,1551.0,1551.0,1551.0,1551.0,1551.0,1551.0,1551.0,1551.0,1551.0,1551.0,1551.0,1551.0,1551.0,1551.0,1551.0,1551.0,1551.0,1551.0,1551.0,1551.0,1.0,0.1,218.3829,230.1464,240.372,248.9307,255.8165,261.1343,265.0702,267.854,269.7213,270.8851,271.5165,271.7369,271.6188,271.1931,270.4599,269.4018,267.9965,266.2283,264.096,261.6156,445.7930889640885,375.3579504209789,490.4041,461.8315999999999,2723.1956000000005,2.4298
1552,1552,1552.0,1552.0,1552.0,1552.0,1552.0,1552.0,1552.0,1552.0,1552.0,1552.0,1552.0,1552.0,1552.0,1552.0,1552.0,1552.0,1552.0,1552.0,1552.0,1552.0,1552.0,1552.0,1552.0,1552.0,1552.0,1552.0,1552.0,2.0,0.2,405.9032,372.835,345.5832,323.606,306.4762,293.7064,284.7029,278.8056,275.3682,273.8418,273.8381,275.1605,277.8035,281.9229,287.786,295.71,306.0024,318.9181,334.6521,353.3803,394.0747947916432,206.8686253097381,952.2357,263.16460000000006,2261.3640000000005,2.4298
1553,1553,1553.0,1553.0,1553.0,1553.0,1553.0,1553.0,1553.0,1553.0,1553.0,1553.0,1553.0,1553.0,1553.0,1553.0,1553.0,1553.0,1553.0,1553.0,1553.0,1553.0,1553.0,1553.0,1553.0,1553.0,1553.0,1553.0,1553.0,3.0,0.3,372.8854,355.3518,340.6536,328.2357,317.7334,308.9129,301.6199,295.7308,291.1091,287.5681,284.8424,282.5717,280.2986,277.4872,273.5628,267.9745,260.2735,250.1951,237.7224,223.1128,275.8644225280057,179.8258131467024,1215.4003,388.7272,1998.1994,2.4298
1554,1554,1554.0,1554.0,1554.0,1554.0,1554.0,1554.0,1554.0,1554.0,1554.0,1554.0,1554.0,1554.0,1554.0,1554.0,1554.0,1554.0,1554.0,1554.0,1554.0,1554.0,1554.0,1554.0,1554.0,1554.0,1554.0,1554.0,1554.0,4.0,0.4,280.9655,285.6276,289.434,292.1065,293.5249,293.7122,292.7935,290.9417,288.3234,285.0557,281.1789,276.6464,271.3315,265.0465,257.5716,248.6901,238.2236,226.0655,212.2038,196.7293,366.9123921879647,311.9183124983893,1604.1275,465.6569,1609.4722000000002,2.4298
1555,1555,1555.0,1555.0,1555.0,1555.0,1555.0,1555.0,1555.0,1555.0,1555.0,1555.0,1555.0,1555.0,1555.0,1555.0,1555.0,1555.0,1555.0,1555.0,1555.0,1555.0,1555.0,1555.0,1555.0,1555.0,1555.0,1555.0,1555.0,5.0,0.5,349.3221,334.5096,322.1347,311.9214,303.5931,296.8474,291.3625,286.8259,282.9716,279.6165,276.6879,274.239,272.4456,271.5847,271.9907,273.9957,277.86,283.7093,291.4983,301.0127,452.3853928324558,315.6682829085187,2069.7844,327.38650000000007,1143.8153000000002,2.4298
1556,1556,1556.0,1556.0,1556.0,1556.0,1556.0,1556.0,1556.0,1556.0,1556.0,1556.0,1556.0,1556.0,1556.0,1556.0,1556.0,1556.0,1556.0,1556.0,1556.0,1556.0,1556.0,1556.0,1556.0,1556.0,1556.0,1556.0,1556.0,6.0,0.6,416.3713,387.236,363.4217,343.9461,328.1267,315.4298,305.3973,297.6215,291.745,287.4701,284.5671,282.8749,282.2943,282.7757,284.303,286.8778,290.5074,295.1965,300.947,307.7638,180.7164109478648,241.9737119126901,2397.1709,259.8561999999997,816.4288000000001,2.4298
1557,1557,1557.0,1557.0,1557.0,1557.0,1557.0,1557.0,1557.0,1557.0,1557.0,1557.0,1557.0,1557.0,1557.0,1557.0,1557.0,1557.0,1557.0,1557.0,1557.0,1557.0,1557.0,1557.0,1557.0,1557.0,1557.0,1557.0,1557.0,7.0,0.7,206.0038,228.8671,248.3384,263.87,275.3677,283.1302,287.7276,289.8617,290.2377,289.4661,288.0031,286.1263,283.9399,281.4032,278.3735,274.6597,270.0773,264.4985,257.8896,250.3246,412.89009284394433,464.4192762118103,2657.0271,281.4259000000002,556.5726000000004,2.4298
1558,1558,1558.0,1558.0,1558.0,1558.0,1558.0,1558.0,1558.0,1558.0,1558.0,1558.0,1558.0,1558.0,1558.0,1558.0,1558.0,1558.0,1558.0,1558.0,1558.0,1558.0,1558.0,1558.0,1558.0,1558.0,1558.0,1558.0,1558.0,8.0,0.8,382.5513,357.2982,336.5981,320.1126,307.4943,298.2999,291.9955,288.0225,285.8874,285.2473,285.9703,288.1636,292.1647,298.4997,307.8154,320.7978,338.1042,360.3409,388.1332,422.3318,316.27273005190466,274.3775237164954,2938.453,99.0956000000001,275.14670000000024,2.4298
1559,1559,1559.0,1559.0,1559.0,1559.0,1559.0,1559.0,1559.0,1559.0,1559.0,1559.0,1559.0,1559.0,1559.0,1559.0,1559.0,1559.0,1559.0,1559.0,1559.0,1559.0,1559.0,1559.0,1559.0,1559.0,1559.0,1559.0,1559.0,9.0,0.9,312.4196,309.3212,306.6517,304.1998,301.8795,299.7173,297.8198,296.3283,295.3707,295.017,295.2452,295.9209,296.7953,297.5228,297.7026,296.9397,294.9204,291.4867,286.6933,280.8271,273.53953859901003,261.8065891025428,3037.5486,176.05110000000013,176.05110000000013,2.4298
1560,1560,1560.0,1560.0,1560.0,1560.0,1560.0,1560.0,1560.0,1560.0,1560.0,1560.0,1560.0,1560.0,1560.0,1560.0,1560.0,1560.0,1560.0,1560.0,1560.0,1560.0,1560.0,1560.0,1560.0,1560.0,1560.0,1560.0,1560.0,0.0,0.0,273.0,273.0,273.0,273.0,273.0,273.0,273.0,273.0,273.0,273.0,273.0,273.0,273.0,273.0,273.0,273.0,273.0,273.0,273.0,273.0,222.4971764185701,221.51920717347585,0.0,500.8841,3300.5265,-40.0
1561,1561,1561.0,1561.0,1561.0,1561.0,1561.0,1561.0,1561.0,1561.0,1561.0,1561.0,1561.0,1561.0,1561.0,1561.0,1561.0,1561.0,1561.0,1561.0,1561.0,1561.0,1561.0,1561.0,1561.0,1561.0,1561.0,1561.0,1561.0,1.0,0.1,232.3104,241.1067,248.7285,255.0924,260.1992,264.1252,266.9994,268.9736,270.1923,270.7664,270.7548,270.1554,268.9045,266.887,263.954,259.9498,254.7424,248.2539,240.4841,231.5185,199.02989980231663,232.6753459452769,500.8841,680.4026000000001,2799.6424,-48.87479999999999
1562,1562,1562.0,1562.0,1562.0,1562.0,1562.0,1562.0,1562.0,1562.0,1562.0,1562.0,1562.0,1562.0,1562.0,1562.0,1562.0,1562.0,1562.0,1562.0,1562.0,1562.0,1562.0,1562.0,1562.0,1562.0,1562.0,1562.0,1562.0,2.0,0.2,211.2734,222.3198,232.0508,240.4004,247.36,252.9738,257.3257,260.5231,262.6804,263.9065,264.2965,263.9291,262.8663,261.156,258.8345,255.9273,252.4493,248.4029,243.7772,238.547,234.6438606533526,365.8178069146039,1181.2867,730.7298999999998,2119.2398,-60.02619999999999
1563,1563,1563.0,1563.0,1563.0,1563.0,1563.0,1563.0,1563.0,1563.0,1563.0,1563.0,1563.0,1563.0,1563.0,1563.0,1563.0,1563.0,1563.0,1563.0,1563.0,1563.0,1563.0,1563.0,1563.0,1563.0,1563.0,1563.0,1563.0,3.0,0.3,238.4175,241.7173,244.6992,247.4714,250.0896,252.5653,254.8861,257.0426,259.0579,261.015,263.0783,265.5052,268.6442,272.9159,278.7761,286.6648,296.952,309.897,325.6411,344.2505,401.5916434439352,299.25704383341736,1912.0166,466.99400000000014,1388.5099,-60.43469999999999
1564,1564,1564.0,1564.0,1564.0,1564.0,1564.0,1564.0,1564.0,1564.0,1564.0,1564.0,1564.0,1564.0,1564.0,1564.0,1564.0,1564.0,1564.0,1564.0,1564.0,1564.0,1564.0,1564.0,1564.0,1564.0,1564.0,1564.0,1564.0,4.0,0.4,371.6151,346.1545,324.8472,307.5138,293.974,283.9529,277.0634,272.837,270.7764,270.4054,271.3012,273.1065,275.5267,278.3203,281.2917,284.2927,287.2323,290.0912,292.9343,295.9135,400.9033081115888,388.696176361677,2379.0106,273.9117000000001,921.5159,-29.0471
1565,1565,1565.0,1565.0,1565.0,1565.0,1565.0,1565.0,1565.0,1565.0,1565.0,1565.0,1565.0,1565.0,1565.0,1565.0,1565.0,1565.0,1565.0,1565.0,1565.0,1565.0,1565.0,1565.0,1565.0,1565.0,1565.0,1565.0,1565.0,5.0,0.5,376.6594,356.4908,339.6071,325.4909,313.7922,304.2614,296.7085,290.9807,286.9553,284.5433,283.6992,284.4323,286.815,290.9818,297.1196,305.4483,316.2002,329.6091,345.9235,365.4582,176.42410921333882,456.7726377727265,2652.9223,146.53989999999976,647.6041999999998,-8.73860000000002
1566,1566,1566.0,1566.0,1566.0,1566.0,1566.0,1566.0,1566.0,1566.0,1566.0,1566.0,1566.0,1566.0,1566.0,1566.0,1566.0,1566.0,1566.0,1566.0,1566.0,1566.0,1566.0,1566.0,1566.0,1566.0,1566.0,1566.0,1566.0,6.0,0.6,200.6473,222.6048,241.4769,256.8145,268.5754,277.0793,282.911,286.8073,289.5542,291.9129,294.5784,298.1665,303.221,310.2303,319.6471,331.9103,347.475,366.8642,390.7635,420.1877,340.1955606900825,357.37133868232434,2799.4622,115.09450000000017,501.0643,-35.92070000000001
1567,1567,1567.0,1567.0,1567.0,1567.0,1567.0,1567.0,1567.0,1567.0,1567.0,1567.0,1567.0,1567.0,1567.0,1567.0,1567.0,1567.0,1567.0,1567.0,1567.0,1567.0,1567.0,1567.0,1567.0,1567.0,1567.0,1567.0,1567.0,7.0,0.7,325.5118,313.0163,302.8832,295.2163,289.9864,287.0207,286.0339,286.6832,288.6241,291.5516,295.2194,299.4396,304.0722,309.0156,314.2067,319.6356,325.3732,331.6042,338.6573,347.0251,332.6983830844344,378.4748172841101,2914.5567,83.76389999999992,385.9697999999999,-25.979300000000023
1568,1568,1568.0,1568.0,1568.0,1568.0,1568.0,1568.0,1568.0,1568.0,1568.0,1568.0,1568.0,1568.0,1568.0,1568.0,1568.0,1568.0,1568.0,1568.0,1568.0,1568.0,1568.0,1568.0,1568.0,1568.0,1568.0,1568.0,1568.0,8.0,0.8,323.3439,315.5136,309.0503,303.8442,299.8141,296.8938,295.0224,294.14,294.1876,295.1121,296.8737,299.4557,302.8738,307.1847,312.4921,318.9505,326.7701,336.2234,347.6606,361.5391,262.6282476037276,233.4044840500996,2998.3206,106.44259999999986,302.2059,-16.1062
1569,1569,1569.0,1569.0,1569.0,1569.0,1569.0,1569.0,1569.0,1569.0,1569.0,1569.0,1569.0,1569.0,1569.0,1569.0,1569.0,1569.0,1569.0,1569.0,1569.0,1569.0,1569.0,1569.0,1569.0,1569.0,1569.0,1569.0,1569.0,9.0,0.9,268.5382,273.9857,278.7695,282.7748,285.9859,288.4746,290.3716,291.8266,292.9656,293.8538,294.4662,294.6721,294.2344,292.8276,290.0756,285.6082,279.1318,270.5006,259.7747,247.2438,416.086461985577,434.1415724568668,3104.7632,195.76330000000007,195.76330000000007,-24.52539999999999
1570,1570,1570.0,1570.0,1570.0,1570.0,1570.0,1570.0,1570.0,1570.0,1570.0,1570.0,1570.0,1570.0,1570.0,1570.0,1570.0,1570.0,1570.0,1570.0,1570.0,1570.0,1570.0,1570.0,1570.0,1570.0,1570.0,1570.0,1570.0,0.0,0.0,273.0,273.0,273.0,273.0,273.0,273.0,273.0,273.0,273.0,273.0,273.0,273.0,273.0,273.0,273.0,273.0,273.0,273.0,273.0,273.0,290.0587088516118,337.9606153177275,0.0,412.3599,2702.6002,-40.0
1571,1571,1571.0,1571.0,1571.0,1571.0,1571.0,1571.0,1571.0,1571.0,1571.0,1571.0,1571.0,1571.0,1571.0,1571.0,1571.0,1571.0,1571.0,1571.0,1571.0,1571.0,1571.0,1571.0,1571.0,1571.0,1571.0,1571.0,1571.0,1.0,0.1,286.6437,283.6466,281.0858,278.9685,277.2854,276.0122,275.1164,274.5688,274.3567,274.4966,275.0452,276.1061,277.83,280.4075,284.0528,288.9809,295.382,303.401,313.1316,324.631,199.986058408247,406.23712829598014,412.3599,326.45390000000003,2290.2403,-36.98779999999999
1572,1572,1572.0,1572.0,1572.0,1572.0,1572.0,1572.0,1572.0,1572.0,1572.0,1572.0,1572.0,1572.0,1572.0,1572.0,1572.0,1572.0,1572.0,1572.0,1572.0,1572.0,1572.0,1572.0,1572.0,1572.0,1572.0,1572.0,1572.0,2.0,0.2,214.7604,228.0997,239.7009,249.4098,257.2407,263.3638,268.071,271.7326,274.7576,277.5641,280.5644,284.1602,288.7441,294.7013,302.4078,312.2267,324.5066,339.5934,357.8695,379.8329,283.99956668877246,323.12427757515815,738.8138,281.0766,1963.7864,-49.63619999999997
1573,1573,1573.0,1573.0,1573.0,1573.0,1573.0,1573.0,1573.0,1573.0,1573.0,1573.0,1573.0,1573.0,1573.0,1573.0,1573.0,1573.0,1573.0,1573.0,1573.0,1573.0,1573.0,1573.0,1573.0,1573.0,1573.0,1573.0,1573.0,3.0,0.3,279.6752,275.9088,272.9663,271.0282,270.1697,270.3658,271.5151,273.4733,276.0842,279.2007,282.6931,286.4467,290.3558,294.3206,298.2529,302.0935,305.8381,309.5671,313.4687,317.849,306.315849950612,336.4496504682473,1019.8904,237.42470000000003,1682.7098,-42.63420000000002
1574,1574,1574.0,1574.0,1574.0,1574.0,1574.0,1574.0,1574.0,1574.0,1574.0,1574.0,1574.0,1574.0,1574.0,1574.0,1574.0,1574.0,1574.0,1574.0,1574.0,1574.0,1574.0,1574.0,1574.0,1574.0,1574.0,1574.0,1574.0,4.0,0.4,299.7478,294.0743,289.3493,285.6122,282.8719,281.1,280.2339,280.1868,280.8605,282.1591,284.0012,286.3299,289.119,292.3771,296.1488,300.5138,305.5857,311.5111,318.4716,326.691,213.9025811625337,383.51217344097216,1257.3151,220.1172999999999,1445.2850999999998,-31.899999999999977
1575,1575,1575.0,1575.0,1575.0,1575.0,1575.0,1575.0,1575.0,1575.0,1575.0,1575.0,1575.0,1575.0,1575.0,1575.0,1575.0,1575.0,1575.0,1575.0,1575.0,1575.0,1575.0,1575.0,1575.0,1575.0,1575.0,1575.0,1575.0,5.0,0.5,227.0467,238.925,249.2661,257.9358,264.9537,270.4801,274.7806,278.1825,281.035,283.6804,286.4402,289.6134,293.4826,298.3221,304.4046,312.0039,321.3976,332.8751,346.7595,363.4522,407.64542817999217,330.4626922941896,1477.4324,190.7656000000001,1225.1678,-42.51990000000001
1576,1576,1576.0,1576.0,1576.0,1576.0,1576.0,1576.0,1576.0,1576.0,1576.0,1576.0,1576.0,1576.0,1576.0,1576.0,1576.0,1576.0,1576.0,1576.0,1576.0,1576.0,1576.0,1576.0,1576.0,1576.0,1576.0,1576.0,1576.0,6.0,0.6,377.9824,353.1641,332.7602,316.5277,304.2175,295.4822,289.8635,286.8319,285.8456,286.405,288.0876,290.5599,293.5737,296.9543,300.5909,304.4349,308.506,312.9041,317.8206,323.545,271.86740306254126,205.78360223865275,1668.198,183.1624999999999,1034.4021999999998,-17.517800000000022
1577,1577,1577.0,1577.0,1577.0,1577.0,1577.0,1577.0,1577.0,1577.0,1577.0,1577.0,1577.0,1577.0,1577.0,1577.0,1577.0,1577.0,1577.0,1577.0,1577.0,1577.0,1577.0,1577.0,1577.0,1577.0,1577.0,1577.0,1577.0,7.0,0.7,276.8801,281.4548,285.2609,288.1061,289.954,290.9058,291.1522,290.9117,290.3685,289.6211,288.6489,287.2988,285.2918,282.2501,277.7437,271.3524,262.74,251.7267,238.3464,222.8704,378.18586053309326,388.5166806783671,1851.3605,279.8945000000001,851.2396999999999,-22.0942
1578,1578,1578.0,1578.0,1578.0,1578.0,1578.0,1578.0,1578.0,1578.0,1578.0,1578.0,1578.0,1578.0,1578.0,1578.0,1578.0,1578.0,1578.0,1578.0,1578.0,1578.0,1578.0,1578.0,1578.0,1578.0,1578.0,1578.0,1578.0,8.0,0.8,357.9466,341.0034,326.9868,315.6192,306.6271,299.704,294.5142,290.7243,288.048,286.2926,285.3954,285.4466,286.6907,289.5057,294.3566,301.7306,312.0667,325.7018,342.8611,363.7148,186.93508346238804,203.69307277869893,2131.255,216.64570000000003,571.3451999999997,-13.295999999999992
1579,1579,1579.0,1579.0,1579.0,1579.0,1579.0,1579.0,1579.0,1579.0,1579.0,1579.0,1579.0,1579.0,1579.0,1579.0,1579.0,1579.0,1579.0,1579.0,1579.0,1579.0,1579.0,1579.0,1579.0,1579.0,1579.0,1579.0,1579.0,9.0,0.9,208.3202,227.6901,244.3649,257.9661,268.4438,276.0347,281.1731,284.3832,286.1738,286.9529,286.9681,286.2762,284.7408,282.0588,277.8143,271.5584,262.9055,251.6329,237.7619,221.595,350.9900191528056,359.81129541575484,2347.9007,354.6994999999997,354.6994999999997,-36.96530000000001
1580,1580,1580.0,1580.0,1580.0,1580.0,1580.0,1580.0,1580.0,1580.0,1580.0,1580.0,1580.0,1580.0,1580.0,1580.0,1580.0,1580.0,1580.0,1580.0,1580.0,1580.0,1580.0,1580.0,1580.0,1580.0,1580.0,1580.0,1580.0,0.0,0.0,273.0,273.0,273.0,273.0,273.0,273.0,273.0,273.0,273.0,273.0,273.0,273.0,273.0,273.0,273.0,273.0,273.0,273.0,273.0,273.0,189.00345208304432,313.8919106120875,0.0,474.8139,2862.3929,-40.0
1581,1581,1581.0,1581.0,1581.0,1581.0,1581.0,1581.0,1581.0,1581.0,1581.0,1581.0,1581.0,1581.0,1581.0,1581.0,1581.0,1581.0,1581.0,1581.0,1581.0,1581.0,1581.0,1581.0,1581.0,1581.0,1581.0,1581.0,1581.0,1.0,0.1,205.1167,219.6876,232.3906,243.0463,251.6384,258.2996,263.2747,266.8761,269.4411,271.3011,272.7649,274.1126,275.5979,277.4513,279.8806,283.0662,287.1529,292.2416,298.3865,305.6036,338.2864637850993,402.9173398763843,474.8139,423.2162,2387.579,-54.7004
1582,1582,1582.0,1582.0,1582.0,1582.0,1582.0,1582.0,1582.0,1582.0,1582.0,1582.0,1582.0,1582.0,1582.0,1582.0,1582.0,1582.0,1582.0,1582.0,1582.0,1582.0,1582.0,1582.0,1582.0,1582.0,1582.0,1582.0,1582.0,2.0,0.2,321.9712,307.7807,295.9122,286.4954,279.524,274.8418,272.1748,271.1934,271.5831,273.1054,275.6397,279.2004,283.9322,290.0877,297.993,308.0082,320.496,335.8089,354.312,376.4561,174.4133199006681,230.251244151029,898.0301,295.64790000000016,1964.3628,-38.15820000000002
1583,1583,1583.0,1583.0,1583.0,1583.0,1583.0,1583.0,1583.0,1583.0,1583.0,1583.0,1583.0,1583.0,1583.0,1583.0,1583.0,1583.0,1583.0,1583.0,1583.0,1583.0,1583.0,1583.0,1583.0,1583.0,1583.0,1583.0,1583.0,3.0,0.3,194.8001,213.2793,229.3222,242.6534,253.276,261.4358,267.5437,272.0795,275.4984,278.1541,280.2482,281.8058,282.6783,282.5726,281.1039,277.8707,272.5414,264.9416,255.1208,243.3813,388.0676768871013,470.95575043953335,1193.678,380.99519999999984,1668.7148999999995,-51.56420000000003
1584,1584,1584.0,1584.0,1584.0,1584.0,1584.0,1584.0,1584.0,1584.0,1584.0,1584.0,1584.0,1584.0,1584.0,1584.0,1584.0,1584.0,1584.0,1584.0,1584.0,1584.0,1584.0,1584.0,1584.0,1584.0,1584.0,1584.0,1584.0,4.0,0.4,361.1666,338.3018,319.3494,304.2505,292.8504,284.8342,279.7467,277.0663,276.3038,277.0963,279.2772,282.9137,288.308,295.9624,306.5162,320.6667,339.1004,362.4728,391.4813,427.0875,275.87326398639783,218.16810644975897,1574.6732,154.35040000000004,1287.7197,-28.16579999999999
1585,1585,1585.0,1585.0,1585.0,1585.0,1585.0,1585.0,1585.0,1585.0,1585.0,1585.0,1585.0,1585.0,1585.0,1585.0,1585.0,1585.0,1585.0,1585.0,1585.0,1585.0,1585.0,1585.0,1585.0,1585.0,1585.0,1585.0,1585.0,5.0,0.5,278.6537,281.1959,283.2671,284.7493,285.6552,286.1134,286.3275,286.519,286.8669,287.4524,288.216,288.9329,289.2114,288.5189,286.2383,281.755,274.566,264.3938,251.28,235.6276,330.83745871577764,445.3987342155382,1729.0236,234.58300000000008,1133.3692999999998,-26.886599999999987
1586,1586,1586.0,1586.0,1586.0,1586.0,1586.0,1586.0,1586.0,1586.0,1586.0,1586.0,1586.0,1586.0,1586.0,1586.0,1586.0,1586.0,1586.0,1586.0,1586.0,1586.0,1586.0,1586.0,1586.0,1586.0,1586.0,1586.0,1586.0,6.0,0.6,320.572,311.8623,304.6287,298.7922,294.2489,290.8649,288.4893,286.9826,286.2513,286.285,287.1902,289.2125,292.7436,298.3044,306.5039,317.9796,333.3381,353.1276,377.8801,408.2651,263.1950482839408,311.0750472462669,1963.6066,117.33950000000004,898.7862999999998,-22.135100000000023
1587,1587,1587.0,1587.0,1587.0,1587.0,1587.0,1587.0,1587.0,1587.0,1587.0,1587.0,1587.0,1587.0,1587.0,1587.0,1587.0,1587.0,1587.0,1587.0,1587.0,1587.0,1587.0,1587.0,1587.0,1587.0,1587.0,1587.0,1587.0,7.0,0.7,268.2223,272.8246,276.8251,280.1322,282.7548,284.7949,286.4239,287.8482,289.2712,290.8592,292.7143,294.8581,297.2285,299.6918,302.0715,304.1924,305.9339,307.2821,308.3696,309.489,224.2200305205318,234.3249133102796,2080.9461,219.7179000000001,781.4467999999997,-28.205100000000016
1588,1588,1588.0,1588.0,1588.0,1588.0,1588.0,1588.0,1588.0,1588.0,1588.0,1588.0,1588.0,1588.0,1588.0,1588.0,1588.0,1588.0,1588.0,1588.0,1588.0,1588.0,1588.0,1588.0,1588.0,1588.0,1588.0,1588.0,1588.0,8.0,0.8,235.0965,244.9898,253.7547,261.3155,267.6735,272.8979,277.1041,280.425,282.9799,284.8481,286.0485,286.5293,286.1675,284.7822,282.1598,278.0914,272.4174,265.0721,256.1181,245.7591,289.92060309193056,402.2242408347805,2300.664,330.3415,561.7288999999996,-40.10210000000001
1589,1589,1589.0,1589.0,1589.0,1589.0,1589.0,1589.0,1589.0,1589.0,1589.0,1589.0,1589.0,1589.0,1589.0,1589.0,1589.0,1589.0,1589.0,1589.0,1589.0,1589.0,1589.0,1589.0,1589.0,1589.0,1589.0,1589.0,1589.0,9.0,0.9,285.8217,282.3009,279.5097,277.5321,276.3688,275.9436,276.1297,276.7883,277.8131,279.1707,280.9332,283.2985,286.5923,291.251,297.7824,306.712,318.5254,333.6301,352.3619,375.0592,269.1868775892059,272.44829156655425,2631.0055,231.3873999999996,231.3873999999996,-37.0564
1590,1590,1590.0,1590.0,1590.0,1590.0,1590.0,1590.0,1590.0,1590.0,1590.0,1590.0,1590.0,1590.0,1590.0,1590.0,1590.0,1590.0,1590.0,1590.0,1590.0,1590.0,1590.0,1590.0,1590.0,1590.0,1590.0,1590.0,1590.0,0.0,0.0,273.0,273.0,273.0,273.0,273.0,273.0,273.0,273.0,273.0,273.0,273.0,273.0,273.0,273.0,273.0,273.0,273.0,273.0,273.0,273.0,212.22707883638293,443.8838486746515,0.0,419.607,2039.8383,20.588599999999985
1591,1591,1591.0,1591.0,1591.0,1591.0,1591.0,1591.0,1591.0,1591.0,1591.0,1591.0,1591.0,1591.0,1591.0,1591.0,1591.0,1591.0,1591.0,1591.0,1591.0,1591.0,1591.0,1591.0,1591.0,1591.0,1591.0,1591.0,1591.0,1.0,0.1,223.992,234.571,243.7639,251.47,257.703,262.5872,266.3396,269.249,271.659,273.9608,276.5942,280.0539,284.8905,291.7002,301.0993,313.6864,330.0106,350.5694,375.8705,406.5919,216.33690489642265,419.5841551925128,419.607,311.8613,1620.2313,20.588599999999985
1592,1592,1592.0,1592.0,1592.0,1592.0,1592.0,1592.0,1592.0,1592.0,1592.0,1592.0,1592.0,1592.0,1592.0,1592.0,1592.0,1592.0,1592.0,1592.0,1592.0,1592.0,1592.0,1592.0,1592.0,1592.0,1592.0,1592.0,1592.0,2.0,0.2,225.1903,233.2082,240.445,246.9701,252.8728,258.2662,263.2901,268.1106,272.918,277.9215,283.3432,289.4107,296.3527,304.399,313.7871,324.7791,337.6898,352.9286,371.0586,392.8839,323.7209672388358,437.8564223248172,731.4683,221.4779,1308.37,20.588599999999985
1593,1593,1593.0,1593.0,1593.0,1593.0,1593.0,1593.0,1593.0,1593.0,1593.0,1593.0,1593.0,1593.0,1593.0,1593.0,1593.0,1593.0,1593.0,1593.0,1593.0,1593.0,1593.0,1593.0,1593.0,1593.0,1593.0,1593.0,1593.0,3.0,0.3,311.2084,300.3532,291.4036,284.5396,279.8252,277.1987,276.4961,277.4956,279.968,283.7208,288.6292,294.6518,301.8352,310.3116,320.2953,332.0839,346.0706,362.7739,382.8973,407.4346,423.3141447923271,247.18985128025133,952.9462,108.63870000000009,1086.8921,20.588599999999985
1594,1594,1594.0,1594.0,1594.0,1594.0,1594.0,1594.0,1594.0,1594.0,1594.0,1594.0,1594.0,1594.0,1594.0,1594.0,1594.0,1594.0,1594.0,1594.0,1594.0,1594.0,1594.0,1594.0,1594.0,1594.0,1594.0,1594.0,1594.0,4.0,0.4,392.4255,366.9678,346.0941,329.2986,316.2141,306.4952,299.7642,295.5962,293.5236,293.0451,293.6312,294.7247,295.7428,296.0881,295.1781,292.4957,287.6567,280.4824,271.0579,259.7531,457.9200329214608,269.2106186882662,1061.5849,224.7584999999999,978.2533999999998,20.588599999999985
1595,1595,1595.0,1595.0,1595.0,1595.0,1595.0,1595.0,1595.0,1595.0,1595.0,1595.0,1595.0,1595.0,1595.0,1595.0,1595.0,1595.0,1595.0,1595.0,1595.0,1595.0,1595.0,1595.0,1595.0,1595.0,1595.0,1595.0,1595.0,5.0,0.5,422.3026,393.8653,370.8675,352.1966,337.0891,324.9705,315.3653,307.8488,302.0268,297.5301,294.0184,291.1874,288.7766,286.5751,284.4248,282.2182,279.8929,277.4228,274.8074,272.0621,469.8853955266604,471.1701056444211,1286.3434,267.4325000000001,753.4948999999999,20.588599999999985
1596,1596,1596.0,1596.0,1596.0,1596.0,1596.0,1596.0,1596.0,1596.0,1596.0,1596.0,1596.0,1596.0,1596.0,1596.0,1596.0,1596.0,1596.0,1596.0,1596.0,1596.0,1596.0,1596.0,1596.0,1596.0,1596.0,1596.0,1596.0,6.0,0.6,432.9466,403.878,380.5685,361.6525,346.2075,333.5886,323.3386,315.1424,308.8099,304.276,301.6092,301.0185,302.8515,307.5742,315.7326,327.9028,344.6499,366.5297,394.1734,428.5066,246.7347771075281,412.1916544029861,1553.7759,86.24669999999992,486.0623999999998,20.588599999999985
1597,1597,1597.0,1597.0,1597.0,1597.0,1597.0,1597.0,1597.0,1597.0,1597.0,1597.0,1597.0,1597.0,1597.0,1597.0,1597.0,1597.0,1597.0,1597.0,1597.0,1597.0,1597.0,1597.0,1597.0,1597.0,1597.0,1597.0,1597.0,7.0,0.7,261.3937,274.6966,285.9624,294.8045,301.1629,305.2731,307.5906,308.6977,309.214,309.7245,310.7334,312.6421,315.7509,320.2774,326.3904,334.2531,344.0752,356.1702,371.0178,389.3378,400.59126882871016,210.29463888901336,1640.0226,56.682199999999966,399.8156999999999,20.588599999999985
1598,1598,1598.0,1598.0,1598.0,1598.0,1598.0,1598.0,1598.0,1598.0,1598.0,1598.0,1598.0,1598.0,1598.0,1598.0,1598.0,1598.0,1598.0,1598.0,1598.0,1598.0,1598.0,1598.0,1598.0,1598.0,1598.0,1598.0,1598.0,8.0,0.8,376.5215,356.822,340.9566,328.5466,319.2374,312.6336,308.2867,305.7119,304.4114,303.8893,303.6495,303.1829,301.9509,299.3828,294.8963,287.9491,278.1179,265.191,249.2499,230.7098,351.3233709226154,331.2557499895589,1696.7048,171.52620000000002,343.1334999999999,20.588599999999985
1599,1599,1599.0,1599.0,1599.0,1599.0,1599.0,1599.0,1599.0,1599.0,1599.0,1599.0,1599.0,1599.0,1599.0,1599.0,1599.0,1599.0,1599.0,1599.0,1599.0,1599.0,1599.0,1599.0,1599.0,1599.0,1599.0,1599.0,1599.0,9.0,0.9,341.1395,332.8839,326.0836,320.3798,315.5109,311.2944,307.6069,304.3663,301.5213,299.0494,296.9643,295.3291,294.2678,293.9675,294.6667,296.626,300.0865,305.2287,312.1439,320.8357,253.26743579093989,234.3385368474972,1868.231,171.6072999999999,171.6072999999999,20.588599999999985
1600,1600,1600.0,1600.0,1600.0,1600.0,1600.0,1600.0,1600.0,1600.0,1600.0,1600.0,1600.0,1600.0,1600.0,1600.0,1600.0,1600.0,1600.0,1600.0,1600.0,1600.0,1600.0,1600.0,1600.0,1600.0,1600.0,1600.0,1600.0,0.0,0.0,273.0,273.0,273.0,273.0,273.0,273.0,273.0,273.0,273.0,273.0,273.0,273.0,273.0,273.0,273.0,273.0,273.0,273.0,273.0,273.0,262.90856752929403,242.3532390949077,0.0,468.2545,3101.7804,-40.0
1601,1601,1601.0,1601.0,1601.0,1601.0,1601.0,1601.0,1601.0,1601.0,1601.0,1601.0,1601.0,1601.0,1601.0,1601.0,1601.0,1601.0,1601.0,1601.0,1601.0,1601.0,1601.0,1601.0,1601.0,1601.0,1601.0,1601.0,1601.0,1.0,0.1,264.9034,266.67,268.1882,269.4482,270.4529,271.2165,271.7596,272.1032,272.2602,272.2293,271.9884,271.4913,270.6675,269.426,267.6638,265.279,262.1863,258.3333,253.7111,248.3583,260.2614380994974,324.5650875123065,468.2545,493.6898,2633.5259,-41.7835
1602,1602,1602.0,1602.0,1602.0,1602.0,1602.0,1602.0,1602.0,1602.0,1602.0,1602.0,1602.0,1602.0,1602.0,1602.0,1602.0,1602.0,1602.0,1602.0,1602.0,1602.0,1602.0,1602.0,1602.0,1602.0,1602.0,1602.0,1602.0,2.0,0.2,262.3777,264.2407,265.8498,267.2069,268.3186,269.1988,269.8709,270.3722,270.7594,271.1161,271.561,272.2547,273.401,275.2398,278.0297,282.0199,287.4171,294.3564,302.8863,312.9784,417.2701237962035,422.96539804614224,961.9443,333.6549000000001,2139.8361,-43.8012
1603,1603,1603.0,1603.0,1603.0,1603.0,1603.0,1603.0,1603.0,1603.0,1603.0,1603.0,1603.0,1603.0,1603.0,1603.0,1603.0,1603.0,1603.0,1603.0,1603.0,1603.0,1603.0,1603.0,1603.0,1603.0,1603.0,1603.0,1603.0,3.0,0.3,385.7533,359.4147,337.5716,319.8231,305.8457,295.2893,287.7531,282.8133,280.0749,279.2269,280.0828,282.6007,286.8807,293.1435,301.6949,312.887,327.0872,344.6726,366.0694,391.8576,383.5407625632315,233.14924427483805,1295.5992,159.25029999999992,1806.1812,-17.710699999999974
1604,1604,1604.0,1604.0,1604.0,1604.0,1604.0,1604.0,1604.0,1604.0,1604.0,1604.0,1604.0,1604.0,1604.0,1604.0,1604.0,1604.0,1604.0,1604.0,1604.0,1604.0,1604.0,1604.0,1604.0,1604.0,1604.0,1604.0,1604.0,4.0,0.4,364.6366,348.9764,335.8963,324.9458,315.8266,308.3458,302.3732,297.8011,294.5065,292.3176,290.9858,290.1688,289.427,288.2407,286.0505,282.3208,276.6204,268.7061,258.5883,246.5568,193.41060198856343,315.5729935856234,1454.8495,236.93589999999995,1646.9309,-4.654200000000003
1605,1605,1605.0,1605.0,1605.0,1605.0,1605.0,1605.0,1605.0,1605.0,1605.0,1605.0,1605.0,1605.0,1605.0,1605.0,1605.0,1605.0,1605.0,1605.0,1605.0,1605.0,1605.0,1605.0,1605.0,1605.0,1605.0,1605.0,1605.0,5.0,0.5,214.5876,233.7623,250.2227,263.5598,273.6935,280.8331,285.3941,287.902,288.9074,288.926,288.4086,287.7375,287.2383,287.1959,287.8649,289.4686,292.1867,296.1391,301.374,307.8726,394.7711610628671,210.2016864471651,1691.7854,291.1328000000001,1409.995,-32.1669
1606,1606,1606.0,1606.0,1606.0,1606.0,1606.0,1606.0,1606.0,1606.0,1606.0,1606.0,1606.0,1606.0,1606.0,1606.0,1606.0,1606.0,1606.0,1606.0,1606.0,1606.0,1606.0,1606.0,1606.0,1606.0,1606.0,1606.0,1606.0,6.0,0.6,368.6005,346.6577,328.623,314.2794,303.3572,295.4667,290.1002,286.6778,284.6049,283.3184,282.3102,281.1275,279.3598,276.6249,272.5667,266.8712,259.2993,249.7295,238.1949,224.8996,373.2411171313314,328.9945300380704,1982.9182,332.0356999999999,1118.8622,-17.533299999999997
1607,1607,1607.0,1607.0,1607.0,1607.0,1607.0,1607.0,1607.0,1607.0,1607.0,1607.0,1607.0,1607.0,1607.0,1607.0,1607.0,1607.0,1607.0,1607.0,1607.0,1607.0,1607.0,1607.0,1607.0,1607.0,1607.0,1607.0,1607.0,7.0,0.7,356.2873,342.1584,330.2857,320.2578,311.7709,304.5941,298.5456,293.4795,289.2819,285.8774,283.2411,281.4132,280.5071,280.7065,282.2449,285.3688,290.2891,297.1363,305.9327,316.5982,304.2792649606631,259.75266334533023,2314.9539,249.1770000000001,786.8265000000001,-8.405899999999974
1608,1608,1608.0,1608.0,1608.0,1608.0,1608.0,1608.0,1608.0,1608.0,1608.0,1608.0,1608.0,1608.0,1608.0,1608.0,1608.0,1608.0,1608.0,1608.0,1608.0,1608.0,1608.0,1608.0,1608.0,1608.0,1608.0,1608.0,1608.0,8.0,0.8,302.7943,301.714,300.7171,299.5763,298.1717,296.4843,294.5742,292.5485,290.527,288.6104,286.8564,285.2646,283.7714,282.2564,280.5595,278.5072,275.9457,272.7729,268.9637,264.5787,263.2842576148338,336.4835426121804,2564.1309,264.1959999999999,537.6495,-16.51569999999998
1609,1609,1609.0,1609.0,1609.0,1609.0,1609.0,1609.0,1609.0,1609.0,1609.0,1609.0,1609.0,1609.0,1609.0,1609.0,1609.0,1609.0,1609.0,1609.0,1609.0,1609.0,1609.0,1609.0,1609.0,1609.0,1609.0,1609.0,1609.0,9.0,0.9,268.2895,272.8681,276.8271,280.0378,282.4478,284.0807,285.0241,285.414,285.4196,285.2332,285.0664,285.1495,285.7329,287.0828,289.4702,293.1512,298.3433,305.2044,313.8251,324.243,191.99332865620244,326.5850293815188,2828.3269,273.4535000000001,273.4535000000001,-28.91930000000002
1610,1610,1610.0,1610.0,1610.0,1610.0,1610.0,1610.0,1610.0,1610.0,1610.0,1610.0,1610.0,1610.0,1610.0,1610.0,1610.0,1610.0,1610.0,1610.0,1610.0,1610.0,1610.0,1610.0,1610.0,1610.0,1610.0,1610.0,1610.0,0.0,0.0,273.0,273.0,273.0,273.0,273.0,273.0,273.0,273.0,273.0,273.0,273.0,273.0,273.0,273.0,273.0,273.0,273.0,273.0,273.0,273.0,231.8978897801091,292.2506402111506,0.0,458.4823,4204.1995,-40.0
1611,1611,1611.0,1611.0,1611.0,1611.0,1611.0,1611.0,1611.0,1611.0,1611.0,1611.0,1611.0,1611.0,1611.0,1611.0,1611.0,1611.0,1611.0,1611.0,1611.0,1611.0,1611.0,1611.0,1611.0,1611.0,1611.0,1611.0,1611.0,1.0,0.1,239.9167,247.0868,253.2916,258.4729,262.6407,265.8684,268.2786,270.0232,271.2653,272.1647,272.8697,273.5151,274.2226,275.1027,276.2546,277.7641,279.6992,282.1054,285.0032,288.3905,198.16409826989465,196.0838416073971,458.4823,557.9716,3745.7172,-47.13159999999999
1612,1612,1612.0,1612.0,1612.0,1612.0,1612.0,1612.0,1612.0,1612.0,1612.0,1612.0,1612.0,1612.0,1612.0,1612.0,1612.0,1612.0,1612.0,1612.0,1612.0,1612.0,1612.0,1612.0,1612.0,1612.0,1612.0,1612.0,1612.0,2.0,0.2,211.0161,222.633,232.8766,241.6767,249.0387,255.035,259.7844,263.424,266.0786,267.8326,268.7066,268.6431,267.5019,265.0707,261.0909,255.2998,247.4832,237.5316,225.4839,211.5479,196.06739054723533,192.72167974437656,1016.4539,832.4159,3187.7456,-57.965
1613,1613,1613.0,1613.0,1613.0,1613.0,1613.0,1613.0,1613.0,1613.0,1613.0,1613.0,1613.0,1613.0,1613.0,1613.0,1613.0,1613.0,1613.0,1613.0,1613.0,1613.0,1613.0,1613.0,1613.0,1613.0,1613.0,1613.0,1613.0,3.0,0.3,207.3451,217.5198,226.5682,234.4805,241.2602,246.9212,251.482,254.9606,257.3677,258.7021,258.9472,258.0705,256.0252,252.7556,248.2038,242.3193,235.0683,226.4428,216.4663,205.1964,360.25208530588804,368.2643353956469,1848.8698,826.1871000000001,2355.3297,-66.0788
1614,1614,1614.0,1614.0,1614.0,1614.0,1614.0,1614.0,1614.0,1614.0,1614.0,1614.0,1614.0,1614.0,1614.0,1614.0,1614.0,1614.0,1614.0,1614.0,1614.0,1614.0,1614.0,1614.0,1614.0,1614.0,1614.0,1614.0,1614.0,4.0,0.4,337.9823,318.5891,302.1499,288.7255,278.2514,270.4994,265.1014,261.617,259.619,258.7744,258.9065,260.0273,262.339,266.2017,272.0716,280.4188,291.6397,305.9889,323.5583,344.3229,235.19341589024688,379.03657286286494,2675.0569,421.44659999999976,1529.1425999999997,-42.50060000000002
1615,1615,1615.0,1615.0,1615.0,1615.0,1615.0,1615.0,1615.0,1615.0,1615.0,1615.0,1615.0,1615.0,1615.0,1615.0,1615.0,1615.0,1615.0,1615.0,1615.0,1615.0,1615.0,1615.0,1615.0,1615.0,1615.0,1615.0,1615.0,5.0,0.5,243.7407,251.2637,257.4805,262.2588,265.6391,267.823,269.1331,269.9614,270.7197,271.8006,273.5548,276.2825,280.2359,285.6268,292.6364,301.4275,312.158,325.0029,340.186,358.0309,272.53993374002016,376.45375450016,3096.5035,303.84090000000015,1107.696,-45.17700000000002
1616,1616,1616.0,1616.0,1616.0,1616.0,1616.0,1616.0,1616.0,1616.0,1616.0,1616.0,1616.0,1616.0,1616.0,1616.0,1616.0,1616.0,1616.0,1616.0,1616.0,1616.0,1616.0,1616.0,1616.0,1616.0,1616.0,1616.0,1616.0,6.0,0.6,271.5096,270.6132,269.9765,269.6948,269.8291,270.4116,271.4576,272.9807,275.0056,277.5769,280.7618,284.6495,289.347,294.9767,301.6761,309.602,318.941,329.9268,342.8667,358.1799,252.8959402601961,447.1297309786802,3400.3444,223.9720000000002,803.8550999999998,-42.58839999999998
1617,1617,1617.0,1617.0,1617.0,1617.0,1617.0,1617.0,1617.0,1617.0,1617.0,1617.0,1617.0,1617.0,1617.0,1617.0,1617.0,1617.0,1617.0,1617.0,1617.0,1617.0,1617.0,1617.0,1617.0,1617.0,1617.0,1617.0,1617.0,7.0,0.7,256.7977,260.325,263.4979,266.3592,268.9802,271.4618,273.9318,276.5411,279.4618,282.8886,287.0423,292.1765,298.5816,306.588,316.5652,328.922,344.1153,362.6802,385.3014,412.95,231.95273653089512,394.6953123616634,3624.3164,169.90369999999984,579.8830999999996,-41.53820000000002
1618,1618,1618.0,1618.0,1618.0,1618.0,1618.0,1618.0,1618.0,1618.0,1618.0,1618.0,1618.0,1618.0,1618.0,1618.0,1618.0,1618.0,1618.0,1618.0,1618.0,1618.0,1618.0,1618.0,1618.0,1618.0,1618.0,1618.0,1618.0,8.0,0.8,239.7721,246.8811,253.287,259.0318,264.1989,268.9111,273.3224,277.6044,281.9331,286.4763,291.3842,296.7854,302.7896,309.4974,317.0192,325.5021,335.1637,346.3307,359.4806,375.2895,231.46011598833013,410.7937772257891,3794.2201,187.16269999999983,409.9793999999997,-44.08890000000002
1619,1619,1619.0,1619.0,1619.0,1619.0,1619.0,1619.0,1619.0,1619.0,1619.0,1619.0,1619.0,1619.0,1619.0,1619.0,1619.0,1619.0,1619.0,1619.0,1619.0,1619.0,1619.0,1619.0,1619.0,1619.0,1619.0,1619.0,1619.0,9.0,0.9,238.7625,245.4341,251.5495,257.1878,262.4334,267.3776,272.1186,276.7624,281.424,286.2288,291.3158,296.8415,302.985,309.9536,317.99,327.3823,338.478,351.7082,367.6262,386.9744,214.9040692744325,258.3013756666502,3981.3828,222.81669999999983,222.81669999999983,-45.62240000000003
1620,1620,1620.0,1620.0,1620.0,1620.0,1620.0,1620.0,1620.0,1620.0,1620.0,1620.0,1620.0,1620.0,1620.0,1620.0,1620.0,1620.0,1620.0,1620.0,1620.0,1620.0,1620.0,1620.0,1620.0,1620.0,1620.0,1620.0,1620.0,0.0,0.0,273.0,273.0,273.0,273.0,273.0,273.0,273.0,273.0,273.0,273.0,273.0,273.0,273.0,273.0,273.0,273.0,273.0,273.0,273.0,273.0,186.71626621434604,433.5828538896668,0.0,437.9396,2727.6028,-40.0
1621,1621,1621.0,1621.0,1621.0,1621.0,1621.0,1621.0,1621.0,1621.0,1621.0,1621.0,1621.0,1621.0,1621.0,1621.0,1621.0,1621.0,1621.0,1621.0,1621.0,1621.0,1621.0,1621.0,1621.0,1621.0,1621.0,1621.0,1621.0,1.0,0.1,203.2567,218.2242,231.2828,242.2503,251.1178,258.0386,263.2955,267.262,270.3695,273.0865,275.9128,279.3817,284.0617,290.5499,299.4502,311.3407,326.7442,346.1235,369.9339,398.7615,335.1603635394325,200.17427348406915,437.9396,353.26580000000007,2289.6632,-54.961400000000026
1622,1622,1622.0,1622.0,1622.0,1622.0,1622.0,1622.0,1622.0,1622.0,1622.0,1622.0,1622.0,1622.0,1622.0,1622.0,1622.0,1622.0,1622.0,1622.0,1622.0,1622.0,1622.0,1622.0,1622.0,1622.0,1622.0,1622.0,1622.0,2.0,0.2,319.5359,305.9641,294.6831,285.8557,279.5004,275.4725,273.4854,273.1538,274.0379,275.6718,277.571,279.222,280.0692,279.5125,276.9323,271.747,263.5005,251.9626,237.2163,219.6996,231.1591480632708,238.1350512980322,791.2054,446.7296999999999,1936.3974,-37.527499999999975
1623,1623,1623.0,1623.0,1623.0,1623.0,1623.0,1623.0,1623.0,1623.0,1623.0,1623.0,1623.0,1623.0,1623.0,1623.0,1623.0,1623.0,1623.0,1623.0,1623.0,1623.0,1623.0,1623.0,1623.0,1623.0,1623.0,1623.0,1623.0,3.0,0.3,240.8088,249.4307,256.7762,262.7121,267.2334,270.4457,272.5259,273.6757,274.0796,273.8771,273.1527,271.9413,270.2436,268.0452,265.3322,262.0994,258.3502,254.0896,249.3148,244.0081,195.3467847998396,471.22874425356434,1237.9351,515.8495,1489.6677000000002,-42.55430000000001
1624,1624,1624.0,1624.0,1624.0,1624.0,1624.0,1624.0,1624.0,1624.0,1624.0,1624.0,1624.0,1624.0,1624.0,1624.0,1624.0,1624.0,1624.0,1624.0,1624.0,1624.0,1624.0,1624.0,1624.0,1624.0,1624.0,1624.0,1624.0,4.0,0.4,209.1688,221.6725,232.6682,242.0514,249.8159,256.054,260.9488,264.7645,267.8425,270.6052,273.5647,277.3316,282.6129,290.1897,300.8724,315.4416,334.5968,358.9541,389.139,426.0308,455.2074792278643,414.8761741671589,1753.7846,261.61799999999994,973.8182000000002,-56.946000000000026
1625,1625,1625.0,1625.0,1625.0,1625.0,1625.0,1625.0,1625.0,1625.0,1625.0,1625.0,1625.0,1625.0,1625.0,1625.0,1625.0,1625.0,1625.0,1625.0,1625.0,1625.0,1625.0,1625.0,1625.0,1625.0,1625.0,1625.0,1625.0,5.0,0.5,412.5484,377.3273,348.4463,325.3636,307.6893,294.9804,286.6791,282.145,280.7278,281.8424,285.0185,289.921,296.3449,304.1987,313.4892,324.3178,336.8934,351.5633,368.8611,389.5784,206.35502378703305,378.0916441622168,2015.4026,89.05690000000004,712.2002000000002,-18.019600000000025
1626,1626,1626.0,1626.0,1626.0,1626.0,1626.0,1626.0,1626.0,1626.0,1626.0,1626.0,1626.0,1626.0,1626.0,1626.0,1626.0,1626.0,1626.0,1626.0,1626.0,1626.0,1626.0,1626.0,1626.0,1626.0,1626.0,1626.0,1626.0,6.0,0.6,224.993,241.779,256.0529,267.4797,276.0796,282.1843,286.3402,289.1954,291.3929,293.4935,295.9317,299.0063,302.898,307.7034,313.4801,320.2933,328.2615,337.5971,348.6427,361.9047,198.5398340763655,339.6448156910369,2104.4595,169.491,623.1433000000002,-30.8157
1627,1627,1627.0,1627.0,1627.0,1627.0,1627.0,1627.0,1627.0,1627.0,1627.0,1627.0,1627.0,1627.0,1627.0,1627.0,1627.0,1627.0,1627.0,1627.0,1627.0,1627.0,1627.0,1627.0,1627.0,1627.0,1627.0,1627.0,1627.0,7.0,0.7,213.0073,226.2633,238.1883,248.7263,257.8916,265.7673,272.4929,278.2477,283.2309,287.6425,291.6668,295.4619,299.1558,302.8502,306.6329,310.5969,314.8639,319.6088,325.0802,331.6146,326.5942305957728,468.0173509820179,2273.9505,208.3363,453.6523000000002,-47.23270000000002
1628,1628,1628.0,1628.0,1628.0,1628.0,1628.0,1628.0,1628.0,1628.0,1628.0,1628.0,1628.0,1628.0,1628.0,1628.0,1628.0,1628.0,1628.0,1628.0,1628.0,1628.0,1628.0,1628.0,1628.0,1628.0,1628.0,1628.0,1628.0,8.0,0.8,313.9616,303.0885,294.2152,287.4969,282.9515,280.4535,279.7689,280.6149,282.7273,285.9221,290.1382,295.4612,302.1252,310.4977,321.0518,334.336,350.9565,371.5938,397.084,428.6029,217.1331291972745,389.0342029431596,2482.2868,102.89450000000032,245.31600000000023,-32.54649999999998
1629,1629,1629.0,1629.0,1629.0,1629.0,1629.0,1629.0,1629.0,1629.0,1629.0,1629.0,1629.0,1629.0,1629.0,1629.0,1629.0,1629.0,1629.0,1629.0,1629.0,1629.0,1629.0,1629.0,1629.0,1629.0,1629.0,1629.0,1629.0,9.0,0.9,230.1262,241.9004,252.2042,260.9338,268.1505,274.0634,278.9863,283.2837,287.3188,291.4125,295.8191,300.7187,306.2254,312.4088,319.327,327.0676,335.794,345.7925,357.5159,371.6248,267.5824531668257,468.8856217292177,2585.1813,142.42149999999992,142.42149999999992,-38.9366
1630,1630,1630.0,1630.0,1630.0,1630.0,1630.0,1630.0,1630.0,1630.0,1630.0,1630.0,1630.0,1630.0,1630.0,1630.0,1630.0,1630.0,1630.0,1630.0,1630.0,1630.0,1630.0,1630.0,1630.0,1630.0,1630.0,1630.0,1630.0,0.0,0.0,273.0,273.0,273.0,273.0,273.0,273.0,273.0,273.0,273.0,273.0,273.0,273.0,273.0,273.0,273.0,273.0,273.0,273.0,273.0,273.0,368.99678733081873,467.31376657165646,0.0,356.0955,1419.6920999999998,7.846799999999973
1631,1631,1631.0,1631.0,1631.0,1631.0,1631.0,1631.0,1631.0,1631.0,1631.0,1631.0,1631.0,1631.0,1631.0,1631.0,1631.0,1631.0,1631.0,1631.0,1631.0,1631.0,1631.0,1631.0,1631.0,1631.0,1631.0,1631.0,1631.0,1.0,0.1,348.9642,331.9001,317.5759,305.8351,296.5136,289.4064,284.2735,280.8749,279.0181,278.6068,279.6804,282.4349,287.2234,294.5308,304.9278,319.014,337.3725,360.5686,389.2334,424.2794,247.58764174759136,367.4003231797085,356.0955,123.6458,1063.5966,7.846799999999973
1632,1632,1632.0,1632.0,1632.0,1632.0,1632.0,1632.0,1632.0,1632.0,1632.0,1632.0,1632.0,1632.0,1632.0,1632.0,1632.0,1632.0,1632.0,1632.0,1632.0,1632.0,1632.0,1632.0,1632.0,1632.0,1632.0,1632.0,1632.0,2.0,0.2,256.1278,263.8053,270.3199,275.5243,279.4467,282.2778,284.3287,285.9747,287.5974,289.5368,292.0571,295.3316,299.4435,304.4038,310.1847,316.7633,324.1737,332.5575,342.207,353.596,406.4375509369715,333.9922772833315,479.7413,123.66109999999992,939.9508,7.846799999999973
1633,1633,1633.0,1633.0,1633.0,1633.0,1633.0,1633.0,1633.0,1633.0,1633.0,1633.0,1633.0,1633.0,1633.0,1633.0,1633.0,1633.0,1633.0,1633.0,1633.0,1633.0,1633.0,1633.0,1633.0,1633.0,1633.0,1633.0,1633.0,3.0,0.3,378.7667,355.7853,336.9645,321.9744,310.5164,302.2415,296.7331,293.5317,292.177,292.247,293.3835,295.302,297.7898,300.6989,303.9415,307.4897,311.3822,315.7335,320.7434,326.7023,398.7093777926739,441.8962213506272,603.4024,113.16250000000002,816.2897,7.846799999999973
1634,1634,1634.0,1634.0,1634.0,1634.0,1634.0,1634.0,1634.0,1634.0,1634.0,1634.0,1634.0,1634.0,1634.0,1634.0,1634.0,1634.0,1634.0,1634.0,1634.0,1634.0,1634.0,1634.0,1634.0,1634.0,1634.0,1634.0,1634.0,4.0,0.4,376.9017,359.0615,344.3922,332.3498,322.5543,314.7334,308.6878,304.2734,301.3947,300.0085,300.134,301.8629,305.3675,310.9001,318.7836,329.3968,343.1641,360.5659,382.1929,408.8711,398.9473360878301,371.5168178811035,716.5649,69.86770000000001,703.1272,7.846799999999973
1635,1635,1635.0,1635.0,1635.0,1635.0,1635.0,1635.0,1635.0,1635.0,1635.0,1635.0,1635.0,1635.0,1635.0,1635.0,1635.0,1635.0,1635.0,1635.0,1635.0,1635.0,1635.0,1635.0,1635.0,1635.0,1635.0,1635.0,1635.0,5.0,0.5,378.1184,361.2548,347.5321,336.3775,327.388,320.2779,314.8435,310.9382,308.4525,307.2988,307.3989,308.6753,311.0488,314.4439,318.8039,324.1154,330.4392,337.9453,346.9435,357.9111,386.3425542577981,183.1748653417376,786.4326,116.96310000000004,633.2595,7.846799999999973
1636,1636,1636.0,1636.0,1636.0,1636.0,1636.0,1636.0,1636.0,1636.0,1636.0,1636.0,1636.0,1636.0,1636.0,1636.0,1636.0,1636.0,1636.0,1636.0,1636.0,1636.0,1636.0,1636.0,1636.0,1636.0,1636.0,1636.0,1636.0,6.0,0.6,368.9774,354.9793,343.6271,334.3966,326.9009,320.8468,315.9987,312.144,309.0611,306.487,304.0895,301.4466,298.0394,293.2667,286.4858,277.0833,264.5702,248.6864,229.4903,207.4019,395.9464802241215,463.821643755185,903.3957,211.53250000000003,516.2964,7.846799999999973
1637,1637,1637.0,1637.0,1637.0,1637.0,1637.0,1637.0,1637.0,1637.0,1637.0,1637.0,1637.0,1637.0,1637.0,1637.0,1637.0,1637.0,1637.0,1637.0,1637.0,1637.0,1637.0,1637.0,1637.0,1637.0,1637.0,1637.0,1637.0,7.0,0.7,376.0883,360.0309,346.9462,336.2274,327.4121,320.1391,314.129,309.1822,305.1918,302.1657,300.2533,299.7674,301.1901,305.1528,312.3846,323.6366,339.6065,360.9034,388.1054,421.9646,238.6531531814472,364.05509170899177,1114.9282,61.904,304.7638999999999,7.846799999999973
1638,1638,1638.0,1638.0,1638.0,1638.0,1638.0,1638.0,1638.0,1638.0,1638.0,1638.0,1638.0,1638.0,1638.0,1638.0,1638.0,1638.0,1638.0,1638.0,1638.0,1638.0,1638.0,1638.0,1638.0,1638.0,1638.0,1638.0,1638.0,8.0,0.8,252.5602,265.1951,276.0371,284.7916,291.4166,296.101,299.206,301.1919,302.5452,303.7188,305.0903,306.94,309.4482,312.7094,316.7616,321.6287,327.3695,334.1281,342.1772,351.949,360.2557149216806,270.56086375552974,1176.8322,76.90429999999992,242.85989999999995,7.846799999999973
1639,1639,1639.0,1639.0,1639.0,1639.0,1639.0,1639.0,1639.0,1639.0,1639.0,1639.0,1639.0,1639.0,1639.0,1639.0,1639.0,1639.0,1639.0,1639.0,1639.0,1639.0,1639.0,1639.0,1639.0,1639.0,1639.0,1639.0,1639.0,9.0,0.9,344.2254,330.8838,320.0876,311.708,305.5649,301.4035,298.9041,297.7112,297.4644,297.8213,298.4666,299.1083,299.4702,299.2874,298.3121,296.334,293.2119,288.9088,283.5206,277.2845,181.6247650925145,317.81995077916906,1253.7365,165.9556,165.9556,7.846799999999973
1640,1640,1640.0,1640.0,1640.0,1640.0,1640.0,1640.0,1640.0,1640.0,1640.0,1640.0,1640.0,1640.0,1640.0,1640.0,1640.0,1640.0,1640.0,1640.0,1640.0,1640.0,1640.0,1640.0,1640.0,1640.0,1640.0,1640.0,1640.0,0.0,0.0,273.0,273.0,273.0,273.0,273.0,273.0,273.0,273.0,273.0,273.0,273.0,273.0,273.0,273.0,273.0,273.0,273.0,273.0,273.0,273.0,455.7651351875385,403.2139572122164,0.0,364.9963,2454.3859999999995,-40.0
1641,1641,1641.0,1641.0,1641.0,1641.0,1641.0,1641.0,1641.0,1641.0,1641.0,1641.0,1641.0,1641.0,1641.0,1641.0,1641.0,1641.0,1641.0,1641.0,1641.0,1641.0,1641.0,1641.0,1641.0,1641.0,1641.0,1641.0,1641.0,1.0,0.1,415.5853,382.6781,355.6758,333.7911,316.4655,303.185,293.4135,286.6025,282.2403,279.9104,279.3397,280.4245,283.2303,287.9678,294.9488,304.5312,317.0666,332.8699,352.2321,375.4966,238.59616607572752,455.418793481992,364.9963,142.27619999999996,2089.3897,-9.814999999999998
1642,1642,1642.0,1642.0,1642.0,1642.0,1642.0,1642.0,1642.0,1642.0,1642.0,1642.0,1642.0,1642.0,1642.0,1642.0,1642.0,1642.0,1642.0,1642.0,1642.0,1642.0,1642.0,1642.0,1642.0,1642.0,1642.0,1642.0,1642.0,2.0,0.2,251.5954,263.2437,272.9641,280.4466,285.6817,288.9337,290.6721,291.4853,292.0008,292.8242,294.5057,297.5299,302.3231,309.27,318.7335,331.0777,346.7001,366.084,389.8923,419.1287,176.99954403103416,339.79791756244674,507.2725,124.7163,1947.1135,-24.06630000000001
1643,1643,1643.0,1643.0,1643.0,1643.0,1643.0,1643.0,1643.0,1643.0,1643.0,1643.0,1643.0,1643.0,1643.0,1643.0,1643.0,1643.0,1643.0,1643.0,1643.0,1643.0,1643.0,1643.0,1643.0,1643.0,1643.0,1643.0,1643.0,3.0,0.3,196.8026,214.9428,231.0652,244.9788,256.6744,266.3104,274.1731,280.6245,286.048,290.7997,295.172,299.371,303.5113,307.6273,311.7028,315.7154,319.6886,323.7445,328.1433,333.3038,245.2492338076803,227.66584618604543,631.9888,271.6607,1822.3972,-46.689599999999984
1644,1644,1644.0,1644.0,1644.0,1644.0,1644.0,1644.0,1644.0,1644.0,1644.0,1644.0,1644.0,1644.0,1644.0,1644.0,1644.0,1644.0,1644.0,1644.0,1644.0,1644.0,1644.0,1644.0,1644.0,1644.0,1644.0,1644.0,1644.0,4.0,0.4,248.5658,251.6837,254.8589,258.2603,261.9548,265.9131,270.0289,274.1448,278.0732,281.6086,284.5284,286.588,287.5147,287.0116,284.7746,280.5285,274.0761,265.3531,254.4733,241.7479,397.3114586737137,427.8706244701693,903.6495,311.49890000000005,1550.7365,-47.086900000000014
1645,1645,1645.0,1645.0,1645.0,1645.0,1645.0,1645.0,1645.0,1645.0,1645.0,1645.0,1645.0,1645.0,1645.0,1645.0,1645.0,1645.0,1645.0,1645.0,1645.0,1645.0,1645.0,1645.0,1645.0,1645.0,1645.0,1645.0,1645.0,5.0,0.5,370.0122,347.0205,327.9774,312.6698,300.869,292.2544,286.4091,282.8645,281.1709,280.971,282.0602,284.4243,288.2479,293.8929,301.8493,312.6665,326.8844,344.9924,367.4476,394.7884,203.009399805241,317.2185882385015,1215.1484,149.85490000000004,1239.2376,-20.745600000000024
1646,1646,1646.0,1646.0,1646.0,1646.0,1646.0,1646.0,1646.0,1646.0,1646.0,1646.0,1646.0,1646.0,1646.0,1646.0,1646.0,1646.0,1646.0,1646.0,1646.0,1646.0,1646.0,1646.0,1646.0,1646.0,1646.0,1646.0,1646.0,6.0,0.6,220.951,237.1329,250.9842,262.2071,270.8055,277.0492,281.3948,284.3894,286.5777,288.4289,290.2905,292.3685,294.7327,297.3418,300.0843,302.8308,305.4904,308.0622,310.6735,313.593,250.1077144323995,256.47200468927684,1365.0033,259.7757999999999,1089.3827,-35.950800000000015
1647,1647,1647.0,1647.0,1647.0,1647.0,1647.0,1647.0,1647.0,1647.0,1647.0,1647.0,1647.0,1647.0,1647.0,1647.0,1647.0,1647.0,1647.0,1647.0,1647.0,1647.0,1647.0,1647.0,1647.0,1647.0,1647.0,1647.0,1647.0,7.0,0.7,254.0323,257.6706,261.1392,264.512,267.8154,271.0329,274.1177,277.0063,279.6275,281.9059,283.7587,285.089,285.7803,285.6982,284.6999,282.6557,279.4766,275.1444,269.7343,263.4223,468.8915515570724,365.2634146263167,1624.7791,298.21309999999994,829.6069,-41.967100000000016
1648,1648,1648.0,1648.0,1648.0,1648.0,1648.0,1648.0,1648.0,1648.0,1648.0,1648.0,1648.0,1648.0,1648.0,1648.0,1648.0,1648.0,1648.0,1648.0,1648.0,1648.0,1648.0,1648.0,1648.0,1648.0,1648.0,1648.0,1648.0,8.0,0.8,425.1116,389.5015,360.5031,337.2492,319.1261,305.5466,295.8675,289.4007,285.4732,283.4974,283.0301,283.8048,285.7367,288.9024,293.4993,299.792,308.0579,318.5433,331.4477,346.9469,280.60702809216883,176.6967387873769,1922.9922,221.5450000000003,531.3938,-7.453399999999988
1649,1649,1649.0,1649.0,1649.0,1649.0,1649.0,1649.0,1649.0,1649.0,1649.0,1649.0,1649.0,1649.0,1649.0,1649.0,1649.0,1649.0,1649.0,1649.0,1649.0,1649.0,1649.0,1649.0,1649.0,1649.0,1649.0,1649.0,1649.0,9.0,0.9,285.6071,290.1729,293.8178,296.247,297.383,297.3435,296.3798,294.7953,292.8619,290.7479,288.4665,285.8503,282.5523,278.0762,271.8356,263.2403,251.8015,237.2406,219.5782,199.1739,344.477561832524,405.6358425517199,2144.5372,309.84879999999976,309.84879999999976,-15.656499999999994
1650,1650,1650.0,1650.0,1650.0,1650.0,1650.0,1650.0,1650.0,1650.0,1650.0,1650.0,1650.0,1650.0,1650.0,1650.0,1650.0,1650.0,1650.0,1650.0,1650.0,1650.0,1650.0,1650.0,1650.0,1650.0,1650.0,1650.0,1650.0,0.0,0.0,273.0,273.0,273.0,273.0,273.0,273.0,273.0,273.0,273.0,273.0,273.0,273.0,273.0,273.0,273.0,273.0,273.0,273.0,273.0,273.0,308.058686585278,326.19832936266545,0.0,410.5738,5012.998800000001,-40.0
1651,1651,1651.0,1651.0,1651.0,1651.0,1651.0,1651.0,1651.0,1651.0,1651.0,1651.0,1651.0,1651.0,1651.0,1651.0,1651.0,1651.0,1651.0,1651.0,1651.0,1651.0,1651.0,1651.0,1651.0,1651.0,1651.0,1651.0,1651.0,1.0,0.1,300.9762,294.7981,289.5364,285.1879,281.7193,279.0646,277.1345,275.8326,275.0743,274.8047,275.0122,275.736,277.066,279.1353,282.1048,286.1411,291.3935,297.9741,305.9496,315.3501,220.6886379047457,233.07817380543207,410.5738,371.462,4602.425000000001,-33.935400000000016
1652,1652,1652.0,1652.0,1652.0,1652.0,1652.0,1652.0,1652.0,1652.0,1652.0,1652.0,1652.0,1652.0,1652.0,1652.0,1652.0,1652.0,1652.0,1652.0,1652.0,1652.0,1652.0,1652.0,1652.0,1652.0,1652.0,1652.0,1652.0,2.0,0.2,232.1858,242.5084,251.3939,258.7045,264.4425,268.7357,271.8,273.8906,275.2524,276.078,276.4776,276.4638,275.9509,274.769,272.6936,269.4869,264.9482,258.9623,251.5377,242.8203,176.22922140388616,190.108104451751,782.0358,605.4515,4230.963000000001,-44.26429999999999
1653,1653,1653.0,1653.0,1653.0,1653.0,1653.0,1653.0,1653.0,1653.0,1653.0,1653.0,1653.0,1653.0,1653.0,1653.0,1653.0,1653.0,1653.0,1653.0,1653.0,1653.0,1653.0,1653.0,1653.0,1653.0,1653.0,1653.0,1653.0,3.0,0.3,193.2595,208.7594,222.4716,234.2422,244.0307,251.8973,257.9746,262.4307,265.4328,267.1153,267.5584,266.7762,264.7171,261.2743,256.3066,249.6687,241.2455,230.9864,218.9325,205.2272,385.98890117214575,368.954552939716,1387.4873,688.3176000000001,3625.511500000001,-61.1027
1654,1654,1654.0,1654.0,1654.0,1654.0,1654.0,1654.0,1654.0,1654.0,1654.0,1654.0,1654.0,1654.0,1654.0,1654.0,1654.0,1654.0,1654.0,1654.0,1654.0,1654.0,1654.0,1654.0,1654.0,1654.0,1654.0,1654.0,1654.0,4.0,0.4,358.3872,334.7251,314.9065,298.8925,286.5358,277.5125,271.339,267.4464,265.2785,264.3863,264.4975,265.5536,267.7096,271.3001,276.7735,284.6064,295.2134,308.8754,325.7148,345.7381,191.0385832784593,191.6187227254804,2075.8049,442.3161,2937.1939,-35.48750000000001
1655,1655,1655.0,1655.0,1655.0,1655.0,1655.0,1655.0,1655.0,1655.0,1655.0,1655.0,1655.0,1655.0,1655.0,1655.0,1655.0,1655.0,1655.0,1655.0,1655.0,1655.0,1655.0,1655.0,1655.0,1655.0,1655.0,1655.0,1655.0,5.0,0.5,209.2422,225.5814,239.4742,250.6112,258.983,264.8428,268.6227,270.8295,271.9428,272.332,272.1992,271.5514,270.2028,267.8038,263.8986,258.0063,249.7173,238.7908,225.2325,209.3285,216.75710331120007,365.10898204453457,2518.121,619.4168,2494.8778,-48.15719999999999
1656,1656,1656.0,1656.0,1656.0,1656.0,1656.0,1656.0,1656.0,1656.0,1656.0,1656.0,1656.0,1656.0,1656.0,1656.0,1656.0,1656.0,1656.0,1656.0,1656.0,1656.0,1656.0,1656.0,1656.0,1656.0,1656.0,1656.0,1656.0,6.0,0.6,225.1782,232.7584,239.5272,245.5043,250.7006,255.1254,258.7995,261.771,264.1345,266.0489,267.7549,269.5856,271.9669,275.3992,280.42,287.5463,297.2101,309.705,325.1707,343.6324,301.621662825676,442.6647558402965,3137.5378,435.13380000000006,1875.461,-57.87459999999999
1657,1657,1657.0,1657.0,1657.0,1657.0,1657.0,1657.0,1657.0,1657.0,1657.0,1657.0,1657.0,1657.0,1657.0,1657.0,1657.0,1657.0,1657.0,1657.0,1657.0,1657.0,1657.0,1657.0,1657.0,1657.0,1657.0,1657.0,1657.0,7.0,0.7,292.978,285.3137,278.8739,273.8296,270.2505,268.1073,267.3001,267.7028,269.2112,271.7834,275.4679,280.4147,286.8704,295.1619,305.6712,318.8123,335.0214,354.7749,378.6584,407.5078,315.31891182816173,188.99065183337183,3572.6716,245.2583999999997,1440.3272000000002,-44.89269999999999
1658,1658,1658.0,1658.0,1658.0,1658.0,1658.0,1658.0,1658.0,1658.0,1658.0,1658.0,1658.0,1658.0,1658.0,1658.0,1658.0,1658.0,1658.0,1658.0,1658.0,1658.0,1658.0,1658.0,1658.0,1658.0,1658.0,1658.0,1658.0,8.0,0.8,306.9188,299.6322,293.4724,288.4614,284.6108,281.907,280.3,279.6918,279.9226,280.7527,281.8437,282.742,282.8751,281.57,278.102,271.7775,262.0451,248.6169,231.5718,211.4047,186.6176188598214,183.1762418748288,3817.93,467.078,1195.0688000000005,-31.093000000000018
1659,1659,1659.0,1659.0,1659.0,1659.0,1659.0,1659.0,1659.0,1659.0,1659.0,1659.0,1659.0,1659.0,1659.0,1659.0,1659.0,1659.0,1659.0,1659.0,1659.0,1659.0,1659.0,1659.0,1659.0,1659.0,1659.0,1659.0,1659.0,9.0,0.9,205.0682,221.7734,236.2592,248.2525,257.6985,264.7302,269.6064,272.6368,274.1135,274.2606,273.2064,270.9796,267.5225,262.7168,256.4166,248.4817,238.81,227.3621,214.1785,199.3834,308.4944569648583,188.7539830740104,4285.008,727.9908000000005,727.9908000000005,-48.269799999999975
1660,1660,1660.0,1660.0,1660.0,1660.0,1660.0,1660.0,1660.0,1660.0,1660.0,1660.0,1660.0,1660.0,1660.0,1660.0,1660.0,1660.0,1660.0,1660.0,1660.0,1660.0,1660.0,1660.0,1660.0,1660.0,1660.0,1660.0,1660.0,0.0,0.0,273.0,273.0,273.0,273.0,273.0,273.0,273.0,273.0,273.0,273.0,273.0,273.0,273.0,273.0,273.0,273.0,273.0,273.0,273.0,273.0,244.53221991359152,321.45706436340083,0.0,439.0857,3136.0614000000005,-40.0
1661,1661,1661.0,1661.0,1661.0,1661.0,1661.0,1661.0,1661.0,1661.0,1661.0,1661.0,1661.0,1661.0,1661.0,1661.0,1661.0,1661.0,1661.0,1661.0,1661.0,1661.0,1661.0,1661.0,1661.0,1661.0,1661.0,1661.0,1661.0,1.0,0.1,250.1168,255.0926,259.3899,262.9766,265.8665,268.1178,269.8255,271.1107,272.112,272.979,273.8706,274.9565,276.4177,278.4443,281.2278,284.9484,289.7582,295.7676,303.0396,311.5987,263.9842114652159,301.5948977046311,439.0857,399.9832,2696.9757000000004,-44.88220000000001
1662,1662,1662.0,1662.0,1662.0,1662.0,1662.0,1662.0,1662.0,1662.0,1662.0,1662.0,1662.0,1662.0,1662.0,1662.0,1662.0,1662.0,1662.0,1662.0,1662.0,1662.0,1662.0,1662.0,1662.0,1662.0,1662.0,1662.0,1662.0,2.0,0.2,264.7816,265.4928,266.2001,266.9648,267.824,268.7945,269.8788,271.0738,272.3777,273.7941,275.3326,277.0067,278.831,280.8188,282.9824,285.3369,287.907,290.7349,293.8883,297.4651,365.06065144745264,353.7012565240611,839.0689,329.0408,2296.9925000000003,-44.20549999999997
1663,1663,1663.0,1663.0,1663.0,1663.0,1663.0,1663.0,1663.0,1663.0,1663.0,1663.0,1663.0,1663.0,1663.0,1663.0,1663.0,1663.0,1663.0,1663.0,1663.0,1663.0,1663.0,1663.0,1663.0,1663.0,1663.0,1663.0,1663.0,3.0,0.3,345.4089,328.6253,314.5617,303.1201,294.1711,287.5175,282.8971,280.0121,278.5686,278.3161,279.076,280.7567,283.3556,286.9485,291.6709,297.6938,305.2004,314.3701,325.3759,338.4047,335.2200336541307,265.4141014815101,1168.1097,220.2267999999999,1967.9517,-25.482500000000016
1664,1664,1664.0,1664.0,1664.0,1664.0,1664.0,1664.0,1664.0,1664.0,1664.0,1664.0,1664.0,1664.0,1664.0,1664.0,1664.0,1664.0,1664.0,1664.0,1664.0,1664.0,1664.0,1664.0,1664.0,1664.0,1664.0,1664.0,1664.0,4.0,0.4,325.4995,317.2705,310.2663,304.2999,299.2508,295.0489,291.6547,289.0385,287.1588,285.9448,285.2828,285.0087,284.9094,284.7333,284.2127,283.0961,281.1875,278.3845,274.7055,270.2969,195.5385556715052,374.24026914610346,1388.3365,256.2473000000002,1747.7249000000002,-17.951099999999997
1665,1665,1665.0,1665.0,1665.0,1665.0,1665.0,1665.0,1665.0,1665.0,1665.0,1665.0,1665.0,1665.0,1665.0,1665.0,1665.0,1665.0,1665.0,1665.0,1665.0,1665.0,1665.0,1665.0,1665.0,1665.0,1665.0,1665.0,1665.0,5.0,0.5,214.0716,230.8501,245.3435,257.2514,266.5279,273.3555,278.0877,281.179,283.124,284.4144,285.5198,286.8852,288.9387,292.0979,296.767,303.3233,312.0973,323.3584,337.3212,354.1886,281.1790816791694,335.65044001599324,1644.5838,250.55159999999967,1491.4776,-39.6445
1666,1666,1666.0,1666.0,1666.0,1666.0,1666.0,1666.0,1666.0,1666.0,1666.0,1666.0,1666.0,1666.0,1666.0,1666.0,1666.0,1666.0,1666.0,1666.0,1666.0,1666.0,1666.0,1666.0,1666.0,1666.0,1666.0,1666.0,1666.0,6.0,0.6,278.3816,276.0226,274.3142,273.3878,273.2785,273.9345,275.2451,277.0761,279.3034,281.8352,284.6206,287.6477,290.9334,294.5141,298.4403,302.7785,307.6217,313.1033,319.414,326.8153,191.69650639619545,221.75248163429444,1895.1354,306.58580000000006,1240.9260000000002,-39.06549999999999
1667,1667,1667.0,1667.0,1667.0,1667.0,1667.0,1667.0,1667.0,1667.0,1667.0,1667.0,1667.0,1667.0,1667.0,1667.0,1667.0,1667.0,1667.0,1667.0,1667.0,1667.0,1667.0,1667.0,1667.0,1667.0,1667.0,1667.0,1667.0,7.0,0.7,207.802,222.427,235.2855,246.2324,255.2757,262.5569,268.3061,272.7867,276.2403,278.8414,280.6665,281.679,281.7319,280.5873,277.9534,273.537,267.1058,258.5519,247.9403,235.5296,275.2080370515588,460.6051087097039,2201.7212,433.6095,934.3402,-50.443100000000015
1668,1668,1668.0,1668.0,1668.0,1668.0,1668.0,1668.0,1668.0,1668.0,1668.0,1668.0,1668.0,1668.0,1668.0,1668.0,1668.0,1668.0,1668.0,1668.0,1668.0,1668.0,1668.0,1668.0,1668.0,1668.0,1668.0,1668.0,1668.0,8.0,0.8,272.2982,269.7477,267.8144,266.6595,266.3298,266.769,267.8545,269.45,271.464,273.9042,276.9205,280.8299,286.1183,293.4143,303.4366,316.9239,334.57,357.0012,384.84,418.9052,448.5864445361812,219.49112215595,2635.3307,226.59389999999985,500.73070000000007,-46.231
1669,1669,1669.0,1669.0,1669.0,1669.0,1669.0,1669.0,1669.0,1669.0,1669.0,1669.0,1669.0,1669.0,1669.0,1669.0,1669.0,1669.0,1669.0,1669.0,1669.0,1669.0,1669.0,1669.0,1669.0,1669.0,1669.0,1669.0,1669.0,9.0,0.9,409.7871,377.889,351.7297,330.6663,314.2464,302.0293,293.5119,288.1212,285.236,284.2125,284.3965,285.122,285.7042,285.4413,283.639,279.6642,273.0259,263.4663,251.0394,236.1442,285.08182612392227,277.1839132915818,2861.9246,274.1368000000002,274.1368000000002,-10.970700000000022
1670,1670,1670.0,1670.0,1670.0,1670.0,1670.0,1670.0,1670.0,1670.0,1670.0,1670.0,1670.0,1670.0,1670.0,1670.0,1670.0,1670.0,1670.0,1670.0,1670.0,1670.0,1670.0,1670.0,1670.0,1670.0,1670.0,1670.0,1670.0,0.0,0.0,273.0,273.0,273.0,273.0,273.0,273.0,273.0,273.0,273.0,273.0,273.0,273.0,273.0,273.0,273.0,273.0,273.0,273.0,273.0,273.0,263.3295112839351,211.0728158539987,0.0,486.1588,4342.8384,1.6644999999999754
1671,1671,1671.0,1671.0,1671.0,1671.0,1671.0,1671.0,1671.0,1671.0,1671.0,1671.0,1671.0,1671.0,1671.0,1671.0,1671.0,1671.0,1671.0,1671.0,1671.0,1671.0,1671.0,1671.0,1671.0,1671.0,1671.0,1671.0,1671.0,1.0,0.1,265.2408,266.9327,268.3851,269.5873,270.5394,271.2498,271.7294,271.9827,271.9976,271.7351,271.1193,270.0322,268.312,265.7605,262.1598,257.2981,251.0038,243.1784,233.8238,223.052,189.12426657633463,248.3188692444772,486.1588,634.749,3856.6796,1.6644999999999754
1672,1672,1672.0,1672.0,1672.0,1672.0,1672.0,1672.0,1672.0,1672.0,1672.0,1672.0,1672.0,1672.0,1672.0,1672.0,1672.0,1672.0,1672.0,1672.0,1672.0,1672.0,1672.0,1672.0,1672.0,1672.0,1672.0,1672.0,1672.0,2.0,0.2,204.7754,218.9118,231.2239,241.5313,249.7966,256.1116,260.6627,263.6899,265.4478,266.1784,266.0955,265.3825,264.1957,262.6701,260.922,259.0458,257.1047,255.1197,253.0591,250.8366,259.1924894263432,305.6823414593395,1120.9078,693.723,3221.9306,1.6644999999999754
1673,1673,1673.0,1673.0,1673.0,1673.0,1673.0,1673.0,1673.0,1673.0,1673.0,1673.0,1673.0,1673.0,1673.0,1673.0,1673.0,1673.0,1673.0,1673.0,1673.0,1673.0,1673.0,1673.0,1673.0,1673.0,1673.0,1673.0,1673.0,3.0,0.3,258.423,257.663,257.1433,257.0102,257.3115,258.0064,258.9931,260.1463,261.355,262.5533,263.7401,264.9864,266.43,268.2596,270.6893,273.9276,278.144,283.4414,289.8417,297.2904,361.1011779416719,276.1680862847443,1814.6308,524.1503000000002,2528.2076,1.6644999999999754
1674,1674,1674.0,1674.0,1674.0,1674.0,1674.0,1674.0,1674.0,1674.0,1674.0,1674.0,1674.0,1674.0,1674.0,1674.0,1674.0,1674.0,1674.0,1674.0,1674.0,1674.0,1674.0,1674.0,1674.0,1674.0,1674.0,1674.0,1674.0,4.0,0.4,341.004,323.6506,308.9564,296.8746,287.3125,280.0921,274.9513,271.5699,269.6067,268.7332,268.6567,269.1297,269.9496,270.9524,272.0072,273.0129,273.9001,274.6351,275.2232,275.7088,459.24931580943655,340.05517910517835,2338.7811,375.2124999999997,2004.0572999999995,1.6644999999999754
1675,1675,1675.0,1675.0,1675.0,1675.0,1675.0,1675.0,1675.0,1675.0,1675.0,1675.0,1675.0,1675.0,1675.0,1675.0,1675.0,1675.0,1675.0,1675.0,1675.0,1675.0,1675.0,1675.0,1675.0,1675.0,1675.0,1675.0,1675.0,5.0,0.5,420.0298,388.137,361.9468,340.4858,323.1027,309.2871,298.5816,290.5534,284.8009,280.9743,278.7986,278.0881,278.7511,280.7813,284.2382,289.2197,295.8317,304.1633,314.2767,326.218,373.93383936406985,233.680500399864,2713.9936,268.5693000000001,1628.8448,1.6644999999999754
1676,1676,1676.0,1676.0,1676.0,1676.0,1676.0,1676.0,1676.0,1676.0,1676.0,1676.0,1676.0,1676.0,1676.0,1676.0,1676.0,1676.0,1676.0,1676.0,1676.0,1676.0,1676.0,1676.0,1676.0,1676.0,1676.0,1676.0,1676.0,6.0,0.6,358.8895,346.5206,336.0895,327.0715,319.1263,312.0649,305.8076,300.3362,295.6453,291.7003,288.4052,285.5838,282.9768,280.2549,277.0481,272.9906,267.7744,261.2019,253.2263,243.9653,305.01477699690616,297.7051553835806,2982.5629,283.2697000000003,1360.2754999999995,1.6644999999999754
1677,1677,1677.0,1677.0,1677.0,1677.0,1677.0,1677.0,1677.0,1677.0,1677.0,1677.0,1677.0,1677.0,1677.0,1677.0,1677.0,1677.0,1677.0,1677.0,1677.0,1677.0,1677.0,1677.0,1677.0,1677.0,1677.0,1677.0,1677.0,7.0,0.7,304.1162,303.6002,303.1032,302.3587,301.2106,299.6088,297.5899,295.2495,292.7171,290.1359,287.6531,285.4171,283.5797,282.2969,281.7231,281.9986,283.2293,285.4666,288.6921,292.8183,416.7222959945008,224.1573218371405,3265.8326,280.5796,1077.0057999999997,1.6644999999999754
1678,1678,1678.0,1678.0,1678.0,1678.0,1678.0,1678.0,1678.0,1678.0,1678.0,1678.0,1678.0,1678.0,1678.0,1678.0,1678.0,1678.0,1678.0,1678.0,1678.0,1678.0,1678.0,1678.0,1678.0,1678.0,1678.0,1678.0,1678.0,8.0,0.8,388.8624,366.0009,347.2574,332.0354,319.8583,310.2828,302.8664,297.1675,292.7596,289.2449,286.2583,283.464,280.5459,277.2005,273.1388,268.0995,261.8735,254.3328,245.4549,235.3318,397.3837535553282,177.84270291209805,3546.4122,394.7253999999998,796.4261999999994,1.6644999999999754
1679,1679,1679.0,1679.0,1679.0,1679.0,1679.0,1679.0,1679.0,1679.0,1679.0,1679.0,1679.0,1679.0,1679.0,1679.0,1679.0,1679.0,1679.0,1679.0,1679.0,1679.0,1679.0,1679.0,1679.0,1679.0,1679.0,1679.0,1679.0,9.0,0.9,376.4858,359.3955,345.2274,333.3446,323.2768,314.6645,307.2179,300.6843,294.8231,289.387,284.1092,278.6974,272.8353,266.1919,258.4399,249.2817,238.482,225.8995,211.5111,195.42,207.64323271610428,408.1028571584683,3941.1376,401.7007999999996,401.7007999999996,1.6644999999999754
1680,1680,1680.0,1680.0,1680.0,1680.0,1680.0,1680.0,1680.0,1680.0,1680.0,1680.0,1680.0,1680.0,1680.0,1680.0,1680.0,1680.0,1680.0,1680.0,1680.0,1680.0,1680.0,1680.0,1680.0,1680.0,1680.0,1680.0,1680.0,0.0,0.0,273.0,273.0,273.0,273.0,273.0,273.0,273.0,273.0,273.0,273.0,273.0,273.0,273.0,273.0,273.0,273.0,273.0,273.0,273.0,273.0,263.7358375801897,175.06827400551563,0.0,508.9657,3397.9389,-40.0
1681,1681,1681.0,1681.0,1681.0,1681.0,1681.0,1681.0,1681.0,1681.0,1681.0,1681.0,1681.0,1681.0,1681.0,1681.0,1681.0,1681.0,1681.0,1681.0,1681.0,1681.0,1681.0,1681.0,1681.0,1681.0,1681.0,1681.0,1681.0,1.0,0.1,265.5664,267.1859,268.5744,269.7199,270.6192,271.2744,271.685,271.837,271.6893,271.1591,270.1084,268.3349,265.5701,261.4902,255.7431,247.9909,237.9657,225.5285,210.7156,193.7592,284.023301884122,314.254989612556,508.9657,616.2246,2888.9732,-41.72559999999999
1682,1682,1682.0,1682.0,1682.0,1682.0,1682.0,1682.0,1682.0,1682.0,1682.0,1682.0,1682.0,1682.0,1682.0,1682.0,1682.0,1682.0,1682.0,1682.0,1682.0,1682.0,1682.0,1682.0,1682.0,1682.0,1682.0,1682.0,1682.0,2.0,0.2,281.383,279.0196,276.9517,275.176,273.6617,272.3527,271.1779,270.0681,268.977,267.9044,266.9178,266.1679,265.8942,266.4119,268.0801,271.2488,276.1958,283.0676,291.8431,302.3382,173.36266556170116,368.3309970245068,1125.1903,500.3069,2272.7486,-40.64729999999997
1683,1683,1683.0,1683.0,1683.0,1683.0,1683.0,1683.0,1683.0,1683.0,1683.0,1683.0,1683.0,1683.0,1683.0,1683.0,1683.0,1683.0,1683.0,1683.0,1683.0,1683.0,1683.0,1683.0,1683.0,1683.0,1683.0,1683.0,1683.0,3.0,0.3,192.4073,209.6539,224.6527,237.1536,247.1301,254.7617,260.3867,264.4437,267.4173,269.7976,272.0561,274.6356,277.9486,282.3755,288.2618,295.9102,305.5735,317.4566,331.7345,348.5979,214.6525001368325,398.86040860628606,1625.4972,474.36959999999976,1772.4417,-58.23830000000001
1684,1684,1684.0,1684.0,1684.0,1684.0,1684.0,1684.0,1684.0,1684.0,1684.0,1684.0,1684.0,1684.0,1684.0,1684.0,1684.0,1684.0,1684.0,1684.0,1684.0,1684.0,1684.0,1684.0,1684.0,1684.0,1684.0,1684.0,1684.0,4.0,0.4,222.0921,228.8174,234.9906,240.7382,246.149,251.2833,256.1907,260.9312,265.5928,270.3045,275.2412,280.6217,286.7023,293.7663,302.1145,312.0579,323.9188,338.0454,354.8472,374.8611,468.974073594406,209.04938896775576,2099.8668,339.6242000000002,1298.0721000000003,-61.7167
1685,1685,1685.0,1685.0,1685.0,1685.0,1685.0,1685.0,1685.0,1685.0,1685.0,1685.0,1685.0,1685.0,1685.0,1685.0,1685.0,1685.0,1685.0,1685.0,1685.0,1685.0,1685.0,1685.0,1685.0,1685.0,1685.0,1685.0,1685.0,5.0,0.5,422.8737,385.0386,354.0726,329.2816,310.1896,296.2825,286.9123,281.3023,278.6017,277.9451,278.4931,279.4471,280.0483,279.5759,277.3595,272.8179,265.5203,255.2602,242.1187,226.49,250.25601823556136,411.9718423246651,2439.491,289.15369999999984,958.4479,-16.717499999999973
1686,1686,1686.0,1686.0,1686.0,1686.0,1686.0,1686.0,1686.0,1686.0,1686.0,1686.0,1686.0,1686.0,1686.0,1686.0,1686.0,1686.0,1686.0,1686.0,1686.0,1686.0,1686.0,1686.0,1686.0,1686.0,1686.0,1686.0,1686.0,6.0,0.6,260.4621,269.5577,277.0052,282.5003,286.0023,287.708,287.9877,287.3095,286.1735,285.0723,284.4804,284.8669,286.7159,290.5382,296.8623,306.2024,319.015,335.669,356.4623,381.7162,337.40329381611514,180.5739937506731,2728.6447,218.14120000000003,669.2942000000003,-25.291999999999973
1687,1687,1687.0,1687.0,1687.0,1687.0,1687.0,1687.0,1687.0,1687.0,1687.0,1687.0,1687.0,1687.0,1687.0,1687.0,1687.0,1687.0,1687.0,1687.0,1687.0,1687.0,1687.0,1687.0,1687.0,1687.0,1687.0,1687.0,1687.0,7.0,0.7,325.4265,315.2677,306.8637,300.1468,295.0082,291.2861,288.7714,287.2208,286.3654,285.907,285.5027,284.7424,283.1313,280.0916,274.9942,267.2263,256.2906,241.9176,224.1633,203.4576,287.64888810839454,469.0371556302929,2946.7859,294.7039,451.15300000000025,-21.713900000000024
1688,1688,1688.0,1688.0,1688.0,1688.0,1688.0,1688.0,1688.0,1688.0,1688.0,1688.0,1688.0,1688.0,1688.0,1688.0,1688.0,1688.0,1688.0,1688.0,1688.0,1688.0,1688.0,1688.0,1688.0,1688.0,1688.0,1688.0,1688.0,8.0,0.8,287.7878,288.043,288.228,288.2122,287.9305,287.3838,286.6329,285.7955,285.05,284.6503,284.949,286.4205,289.6712,295.4246,304.4742,317.6125,335.5593,358.9349,388.3319,424.5463,343.2074967541695,444.1800305725795,3241.4898,110.50520000000006,156.44910000000027,-25.616199999999992
1689,1689,1689.0,1689.0,1689.0,1689.0,1689.0,1689.0,1689.0,1689.0,1689.0,1689.0,1689.0,1689.0,1689.0,1689.0,1689.0,1689.0,1689.0,1689.0,1689.0,1689.0,1689.0,1689.0,1689.0,1689.0,1689.0,1689.0,1689.0,9.0,0.9,330.6057,319.9609,311.1407,304.0476,298.5883,294.6631,292.1725,291.0327,291.1932,292.6487,295.4444,299.6732,305.4698,313.0051,322.4881,334.1783,348.4146,365.6663,386.6116,412.264,289.4030513132694,404.2459119903583,3351.995,45.94390000000021,45.94390000000021,-18.33690000000001
1690,1690,1690.0,1690.0,1690.0,1690.0,1690.0,1690.0,1690.0,1690.0,1690.0,1690.0,1690.0,1690.0,1690.0,1690.0,1690.0,1690.0,1690.0,1690.0,1690.0,1690.0,1690.0,1690.0,1690.0,1690.0,1690.0,1690.0,1690.0,0.0,0.0,273.0,273.0,273.0,273.0,273.0,273.0,273.0,273.0,273.0,273.0,273.0,273.0,273.0,273.0,273.0,273.0,273.0,273.0,273.0,273.0,438.6726019078037,456.9411559509769,0.0,352.5751,2070.2137,-40.0
1691,1691,1691.0,1691.0,1691.0,1691.0,1691.0,1691.0,1691.0,1691.0,1691.0,1691.0,1691.0,1691.0,1691.0,1691.0,1691.0,1691.0,1691.0,1691.0,1691.0,1691.0,1691.0,1691.0,1691.0,1691.0,1691.0,1691.0,1691.0,1.0,0.1,402.6394,372.8854,348.3562,328.4323,312.6544,300.5822,291.7494,285.6849,281.9662,280.2811,280.4776,282.5911,286.8448,293.6208,303.4099,316.7487,334.1678,356.1806,383.3498,416.4733,340.71035241341616,463.45854505663306,352.5751,101.69649999999996,1717.6385999999998,-12.4178
1692,1692,1692.0,1692.0,1692.0,1692.0,1692.0,1692.0,1692.0,1692.0,1692.0,1692.0,1692.0,1692.0,1692.0,1692.0,1692.0,1692.0,1692.0,1692.0,1692.0,1692.0,1692.0,1692.0,1692.0,1692.0,1692.0,1692.0,1692.0,2.0,0.2,332.1294,325.0328,318.9665,313.6283,308.8728,304.6978,301.2164,298.6194,297.1387,297.0175,298.4927,301.7872,307.1136,314.6849,324.7326,337.5337,353.4517,372.9997,396.9421,426.4633,360.1891428412299,216.40451497635047,454.2716,57.7002,1615.9420999999998,-8.302200000000028
1693,1693,1693.0,1693.0,1693.0,1693.0,1693.0,1693.0,1693.0,1693.0,1693.0,1693.0,1693.0,1693.0,1693.0,1693.0,1693.0,1693.0,1693.0,1693.0,1693.0,1693.0,1693.0,1693.0,1693.0,1693.0,1693.0,1693.0,1693.0,3.0,0.3,346.5283,335.2914,326.1064,318.7021,312.8712,308.4442,305.2697,303.1947,302.0426,301.5877,301.5283,301.4639,300.8857,299.1893,295.7178,289.8369,281.0374,269.0471,253.9269,236.1164,355.6268153185641,282.5447277419528,511.9718,179.334,1558.2418999999998,-4.5557999999999765
1694,1694,1694.0,1694.0,1694.0,1694.0,1694.0,1694.0,1694.0,1694.0,1694.0,1694.0,1694.0,1694.0,1694.0,1694.0,1694.0,1694.0,1694.0,1694.0,1694.0,1694.0,1694.0,1694.0,1694.0,1694.0,1694.0,1694.0,1694.0,4.0,0.4,343.5298,333.6118,325.4553,318.7365,313.196,308.6177,304.8144,301.618,298.8763,296.4546,294.2415,292.1581,290.1658,288.2709,286.5206,284.9902,283.7621,282.901,282.4335,282.3368,205.1225391618421,362.1357880969401,691.3058,196.3238,1378.9078999999997,-4.3822999999999865
1695,1695,1695.0,1695.0,1695.0,1695.0,1695.0,1695.0,1695.0,1695.0,1695.0,1695.0,1695.0,1695.0,1695.0,1695.0,1695.0,1695.0,1695.0,1695.0,1695.0,1695.0,1695.0,1695.0,1695.0,1695.0,1695.0,1695.0,1695.0,5.0,0.5,223.6299,240.4043,254.8657,266.6777,275.7709,282.3161,286.6631,289.2686,290.6318,291.2489,291.5904,292.0954,293.1761,295.2232,298.6037,303.6515,310.6519,319.8315,331.3632,345.3987,179.5821723922524,287.41206709874683,887.6296,256.2937999999999,1182.5840999999998,-30.6839
1696,1696,1696.0,1696.0,1696.0,1696.0,1696.0,1696.0,1696.0,1696.0,1696.0,1696.0,1696.0,1696.0,1696.0,1696.0,1696.0,1696.0,1696.0,1696.0,1696.0,1696.0,1696.0,1696.0,1696.0,1696.0,1696.0,1696.0,1696.0,6.0,0.6,197.4047,213.7348,228.3322,241.0571,251.8818,260.8836,268.225,274.1241,278.8231,282.5574,285.5303,287.894,289.7404,291.1022,291.967,292.302,292.0874,291.3495,290.1883,288.7889,294.68161668976643,250.89946644879228,1143.9234,389.7531000000001,926.2903,-52.1164
1697,1697,1697.0,1697.0,1697.0,1697.0,1697.0,1697.0,1697.0,1697.0,1697.0,1697.0,1697.0,1697.0,1697.0,1697.0,1697.0,1697.0,1697.0,1697.0,1697.0,1697.0,1697.0,1697.0,1697.0,1697.0,1697.0,1697.0,1697.0,7.0,0.7,287.5793,281.3805,276.4127,272.8794,270.8236,270.1296,270.5558,271.7845,273.4725,275.2919,276.9526,278.2102,278.8629,278.7453,277.7248,275.7047,272.6328,268.5134,263.4168,257.4807,356.2254301201756,431.7513048500259,1533.6765,338.7185999999999,536.5371999999998,-42.87040000000002
1698,1698,1698.0,1698.0,1698.0,1698.0,1698.0,1698.0,1698.0,1698.0,1698.0,1698.0,1698.0,1698.0,1698.0,1698.0,1698.0,1698.0,1698.0,1698.0,1698.0,1698.0,1698.0,1698.0,1698.0,1698.0,1698.0,1698.0,1698.0,8.0,0.8,339.1386,324.5189,312.213,302.1138,294.1002,288.0103,283.6445,280.7918,279.2688,278.9633,279.8719,282.1262,285.9999,291.8937,300.2961,311.7294,326.6961,345.6534,369.0471,397.4376,436.0327436610718,426.2959428123249,1872.3951,136.39419999999996,197.81859999999983,-24.989700000000028
1699,1699,1699.0,1699.0,1699.0,1699.0,1699.0,1699.0,1699.0,1699.0,1699.0,1699.0,1699.0,1699.0,1699.0,1699.0,1699.0,1699.0,1699.0,1699.0,1699.0,1699.0,1699.0,1699.0,1699.0,1699.0,1699.0,1699.0,1699.0,9.0,0.9,403.3099,376.5832,354.6737,336.8544,322.6311,311.6192,303.486,297.9321,294.6965,293.568,294.3955,297.0929,301.6386,308.0721,316.4932,327.0666,340.0386,355.7697,374.7908,397.8959,284.43245223804746,341.0206986089444,2008.7893,61.42439999999988,61.42439999999988,-1.380800000000022
1700,1700,1700.0,1700.0,1700.0,1700.0,1700.0,1700.0,1700.0,1700.0,1700.0,1700.0,1700.0,1700.0,1700.0,1700.0,1700.0,1700.0,1700.0,1700.0,1700.0,1700.0,1700.0,1700.0,1700.0,1700.0,1700.0,1700.0,1700.0,0.0,0.0,273.0,273.0,273.0,273.0,273.0,273.0,273.0,273.0,273.0,273.0,273.0,273.0,273.0,273.0,273.0,273.0,273.0,273.0,273.0,273.0,200.9255119894403,298.97345717529987,0.0,473.6123,2524.7528,-40.0
1701,1701,1701.0,1701.0,1701.0,1701.0,1701.0,1701.0,1701.0,1701.0,1701.0,1701.0,1701.0,1701.0,1701.0,1701.0,1701.0,1701.0,1701.0,1701.0,1701.0,1701.0,1701.0,1701.0,1701.0,1701.0,1701.0,1701.0,1701.0,1.0,0.1,214.8136,227.3353,238.2298,247.3566,254.7093,260.4044,264.6511,267.713,269.872,271.4018,272.5518,273.5423,274.5657,275.7904,277.3629,279.4068,282.0187,285.2636,289.1726,293.7477,304.890297300023,399.13849489713897,473.6123,442.0237,2051.1405000000004,-52.59559999999999
1702,1702,1702.0,1702.0,1702.0,1702.0,1702.0,1702.0,1702.0,1702.0,1702.0,1702.0,1702.0,1702.0,1702.0,1702.0,1702.0,1702.0,1702.0,1702.0,1702.0,1702.0,1702.0,1702.0,1702.0,1702.0,1702.0,1702.0,1702.0,2.0,0.2,295.8872,287.9596,281.3486,276.2074,272.5702,270.3543,269.3933,269.4875,270.4589,272.1977,274.6949,278.056,282.4973,288.3261,295.9084,305.6302,317.8642,332.9537,351.2327,373.0966,417.9972500641797,343.3912942645575,915.636,221.2798,1609.1168000000002,-42.64569999999998
1703,1703,1703.0,1703.0,1703.0,1703.0,1703.0,1703.0,1703.0,1703.0,1703.0,1703.0,1703.0,1703.0,1703.0,1703.0,1703.0,1703.0,1703.0,1703.0,1703.0,1703.0,1703.0,1703.0,1703.0,1703.0,1703.0,1703.0,1703.0,3.0,0.3,387.2179,361.5965,340.3812,323.1304,309.5185,299.2297,291.9174,287.2044,284.7066,284.059,284.9355,287.058,290.1978,294.1739,298.8541,304.1633,310.0968,316.7386,324.2775,333.0191,340.06497077961166,371.4831724242781,1136.9158,138.02980000000002,1387.8370000000002,-13.77030000000002
1704,1704,1704.0,1704.0,1704.0,1704.0,1704.0,1704.0,1704.0,1704.0,1704.0,1704.0,1704.0,1704.0,1704.0,1704.0,1704.0,1704.0,1704.0,1704.0,1704.0,1704.0,1704.0,1704.0,1704.0,1704.0,1704.0,1704.0,1704.0,4.0,0.4,331.2602,323.965,317.7644,312.3716,307.6253,303.4738,299.9479,297.1293,295.1206,294.0238,293.93,294.9195,297.0687,300.4606,305.1944,311.3926,319.2079,328.8315,340.5091,354.5713,259.81634512779954,303.7871158261039,1274.9456,109.6105,1249.8072000000002,-9.526200000000015
1705,1705,1705.0,1705.0,1705.0,1705.0,1705.0,1705.0,1705.0,1705.0,1705.0,1705.0,1705.0,1705.0,1705.0,1705.0,1705.0,1705.0,1705.0,1705.0,1705.0,1705.0,1705.0,1705.0,1705.0,1705.0,1705.0,1705.0,1705.0,5.0,0.5,266.9802,273.5394,279.219,283.8563,287.419,289.9955,291.7653,292.9578,293.8099,294.5291,295.2671,296.1068,297.0609,298.0838,299.0937,300.0043,300.7602,301.3704,301.9331,302.6442,235.37694878763728,417.25455619826215,1384.5561,163.7569000000001,1140.1967000000002,-23.004500000000007
1706,1706,1706.0,1706.0,1706.0,1706.0,1706.0,1706.0,1706.0,1706.0,1706.0,1706.0,1706.0,1706.0,1706.0,1706.0,1706.0,1706.0,1706.0,1706.0,1706.0,1706.0,1706.0,1706.0,1706.0,1706.0,1706.0,1706.0,1706.0,6.0,0.6,244.585,252.9893,260.471,266.9653,272.4713,277.0528,280.8312,283.9771,286.7034,289.2629,291.95,295.105,299.1162,304.4151,311.4631,320.731,332.6808,347.7629,366.45,389.3258,319.318976572832,220.66704762353623,1548.313,165.8626999999999,976.4398,-35.94720000000001
1707,1707,1707.0,1707.0,1707.0,1707.0,1707.0,1707.0,1707.0,1707.0,1707.0,1707.0,1707.0,1707.0,1707.0,1707.0,1707.0,1707.0,1707.0,1707.0,1707.0,1707.0,1707.0,1707.0,1707.0,1707.0,1707.0,1707.0,1707.0,7.0,0.7,309.9881,302.0364,295.5804,290.686,287.3349,285.4172,284.7441,285.0697,286.1108,287.5567,289.0662,290.2569,290.6955,289.9006,287.3683,282.6246,275.3001,265.2152,252.4521,237.3875,373.2322170108081,400.9072369223719,1714.1757,226.62210000000005,810.5771000000002,-27.58280000000002
1708,1708,1708.0,1708.0,1708.0,1708.0,1708.0,1708.0,1708.0,1708.0,1708.0,1708.0,1708.0,1708.0,1708.0,1708.0,1708.0,1708.0,1708.0,1708.0,1708.0,1708.0,1708.0,1708.0,1708.0,1708.0,1708.0,1708.0,1708.0,8.0,0.8,354.3957,338.5994,325.4765,314.764,306.2294,299.6335,294.7232,291.2462,288.981,287.7721,287.5637,288.4257,290.564,294.3101,300.0875,308.3594,319.569,334.0963,352.2571,374.3696,205.95449102380937,221.68356980907808,1940.7978,171.26999999999975,583.9550000000002,-13.366499999999974
1709,1709,1709.0,1709.0,1709.0,1709.0,1709.0,1709.0,1709.0,1709.0,1709.0,1709.0,1709.0,1709.0,1709.0,1709.0,1709.0,1709.0,1709.0,1709.0,1709.0,1709.0,1709.0,1709.0,1709.0,1709.0,1709.0,1709.0,1709.0,9.0,0.9,223.7016,239.7479,253.5412,264.7792,273.4341,279.7187,284.0125,286.7697,288.428,289.334,289.6891,289.5227,288.6893,286.8941,283.7424,278.8139,271.7518,262.3541,250.6463,236.9149,178.5438224297761,236.6181316364953,2112.0678,412.6850000000004,412.6850000000004,-33.28129999999999
1710,1710,1710.0,1710.0,1710.0,1710.0,1710.0,1710.0,1710.0,1710.0,1710.0,1710.0,1710.0,1710.0,1710.0,1710.0,1710.0,1710.0,1710.0,1710.0,1710.0,1710.0,1710.0,1710.0,1710.0,1710.0,1710.0,1710.0,1710.0,0.0,0.0,273.0,273.0,273.0,273.0,273.0,273.0,273.0,273.0,273.0,273.0,273.0,273.0,273.0,273.0,273.0,273.0,273.0,273.0,273.0,273.0,258.6318708914774,243.7293719948846,0.0,469.477,2608.2377,5.635600000000011
1711,1711,1711.0,1711.0,1711.0,1711.0,1711.0,1711.0,1711.0,1711.0,1711.0,1711.0,1711.0,1711.0,1711.0,1711.0,1711.0,1711.0,1711.0,1711.0,1711.0,1711.0,1711.0,1711.0,1711.0,1711.0,1711.0,1711.0,1711.0,1.0,0.1,261.467,263.9813,266.1444,267.942,269.3786,270.4762,271.2684,271.7914,272.0749,272.133,271.9582,271.5171,270.75,269.5756,267.8989,265.625,262.6737,258.9954,254.5816,249.4683,447.9167181049656,308.3507019097983,469.477,458.2642000000001,2138.7607000000003,5.635600000000011
1712,1712,1712.0,1712.0,1712.0,1712.0,1712.0,1712.0,1712.0,1712.0,1712.0,1712.0,1712.0,1712.0,1712.0,1712.0,1712.0,1712.0,1712.0,1712.0,1712.0,1712.0,1712.0,1712.0,1712.0,1712.0,1712.0,1712.0,1712.0,2.0,0.2,409.1823,377.2751,351.0043,329.6805,312.79,299.8244,290.2221,283.3819,278.7134,275.6938,273.9128,273.0958,273.1043,273.918,275.6017,278.2634,282.0111,286.9147,292.9829,300.1608,445.4564690166976,366.0077151112745,927.7412,301.0486,1680.4965000000002,5.635600000000011
1713,1713,1713.0,1713.0,1713.0,1713.0,1713.0,1713.0,1713.0,1713.0,1713.0,1713.0,1713.0,1713.0,1713.0,1713.0,1713.0,1713.0,1713.0,1713.0,1713.0,1713.0,1713.0,1713.0,1713.0,1713.0,1713.0,1713.0,1713.0,3.0,0.3,412.4428,385.7695,363.8744,345.7511,330.7303,318.3511,308.2835,300.2837,294.1697,289.8121,287.1327,286.1064,286.7613,289.174,293.4577,299.7453,308.1718,318.8641,331.9476,347.5785,390.1075582797738,224.3787091414729,1228.7898,217.6253999999999,1379.4479,5.635600000000011
1714,1714,1714.0,1714.0,1714.0,1714.0,1714.0,1714.0,1714.0,1714.0,1714.0,1714.0,1714.0,1714.0,1714.0,1714.0,1714.0,1714.0,1714.0,1714.0,1714.0,1714.0,1714.0,1714.0,1714.0,1714.0,1714.0,1714.0,1714.0,4.0,0.4,372.0181,357.3327,345.1798,334.9374,326.18,318.6356,312.1413,306.5992,301.9303,298.0335,294.7511,291.845,288.9889,285.7784,281.7632,276.4992,269.6156,260.8846,250.2756,237.9784,200.9819385023816,252.1234306270808,1446.4152,273.69010000000003,1161.8225000000002,5.635600000000011
1715,1715,1715.0,1715.0,1715.0,1715.0,1715.0,1715.0,1715.0,1715.0,1715.0,1715.0,1715.0,1715.0,1715.0,1715.0,1715.0,1715.0,1715.0,1715.0,1715.0,1715.0,1715.0,1715.0,1715.0,1715.0,1715.0,1715.0,1715.0,5.0,0.5,221.8265,240.6988,256.8582,269.8674,279.6178,286.2879,290.26,292.0219,292.0791,290.8897,288.8288,286.1779,283.1334,279.8236,276.3277,272.6901,268.9287,265.0365,260.9807,256.7032,352.01639327452426,350.1374874210651,1720.1053,304.30050000000006,888.1324000000002,5.635600000000011
1716,1716,1716.0,1716.0,1716.0,1716.0,1716.0,1716.0,1716.0,1716.0,1716.0,1716.0,1716.0,1716.0,1716.0,1716.0,1716.0,1716.0,1716.0,1716.0,1716.0,1716.0,1716.0,1716.0,1716.0,1716.0,1716.0,1716.0,1716.0,6.0,0.6,335.8845,322.1977,310.9203,301.9865,295.2342,290.3917,287.1076,285.007,283.7547,283.1085,282.9542,283.3179,284.3571,286.3337,289.5717,294.4069,301.1359,309.9767,321.0549,334.4261,236.48696671836808,362.0290347144269,2024.4058,206.5355,583.8319000000001,5.635600000000011
1717,1717,1717.0,1717.0,1717.0,1717.0,1717.0,1717.0,1717.0,1717.0,1717.0,1717.0,1717.0,1717.0,1717.0,1717.0,1717.0,1717.0,1717.0,1717.0,1717.0,1717.0,1717.0,1717.0,1717.0,1717.0,1717.0,1717.0,1717.0,7.0,0.7,246.9677,256.3991,264.4599,270.9768,275.9459,279.5183,281.9624,283.615,284.8347,285.9672,287.325,289.1811,291.7712,295.3022,299.9602,305.9194,313.351,322.4354,333.3813,346.4555,334.9183971605354,433.0840503222505,2230.9413,170.07900000000018,377.2964000000002,5.635600000000011
1718,1718,1718.0,1718.0,1718.0,1718.0,1718.0,1718.0,1718.0,1718.0,1718.0,1718.0,1718.0,1718.0,1718.0,1718.0,1718.0,1718.0,1718.0,1718.0,1718.0,1718.0,1718.0,1718.0,1718.0,1718.0,1718.0,1718.0,1718.0,8.0,0.8,322.4987,311.9095,303.186,296.3376,291.3078,287.9671,286.1345,285.6153,286.2439,287.9197,290.6318,294.4684,299.6147,306.339,314.9752,325.9046,339.5479,356.3793,376.9786,402.1425,434.7342006088346,335.80655324315285,2401.0203,87.32019999999966,207.2174,5.635600000000011
1719,1719,1719.0,1719.0,1719.0,1719.0,1719.0,1719.0,1719.0,1719.0,1719.0,1719.0,1719.0,1719.0,1719.0,1719.0,1719.0,1719.0,1719.0,1719.0,1719.0,1719.0,1719.0,1719.0,1719.0,1719.0,1719.0,1719.0,1719.0,9.0,0.9,402.1853,375.633,353.9856,336.5731,322.9212,312.625,305.2911,300.5226,297.9257,297.1226,297.7606,299.5154,302.0918,305.2265,308.6991,312.353,316.1243,320.0728,324.4046,329.4807,263.11843316851247,233.4346487129876,2488.3405,119.89720000000034,119.89720000000034,5.635600000000011
1720,1720,1720.0,1720.0,1720.0,1720.0,1720.0,1720.0,1720.0,1720.0,1720.0,1720.0,1720.0,1720.0,1720.0,1720.0,1720.0,1720.0,1720.0,1720.0,1720.0,1720.0,1720.0,1720.0,1720.0,1720.0,1720.0,1720.0,1720.0,0.0,0.0,273.0,273.0,273.0,273.0,273.0,273.0,273.0,273.0,273.0,273.0,273.0,273.0,273.0,273.0,273.0,273.0,273.0,273.0,273.0,273.0,378.0597118239454,363.7242892877296,0.0,380.2217,1359.9703,-40.0
1721,1721,1721.0,1721.0,1721.0,1721.0,1721.0,1721.0,1721.0,1721.0,1721.0,1721.0,1721.0,1721.0,1721.0,1721.0,1721.0,1721.0,1721.0,1721.0,1721.0,1721.0,1721.0,1721.0,1721.0,1721.0,1721.0,1721.0,1721.0,1.0,0.1,356.0205,337.3168,321.6466,308.8071,298.5957,290.7644,285.0178,281.0401,278.5366,277.2745,277.1143,278.0263,280.0903,283.4801,288.4326,295.2094,304.0572,315.1788,328.7291,344.8462,287.2239233237744,467.8958819422807,380.2217,190.86740000000003,979.7486,-22.235599999999977
1722,1722,1722.0,1722.0,1722.0,1722.0,1722.0,1722.0,1722.0,1722.0,1722.0,1722.0,1722.0,1722.0,1722.0,1722.0,1722.0,1722.0,1722.0,1722.0,1722.0,1722.0,1722.0,1722.0,1722.0,1722.0,1722.0,1722.0,1722.0,2.0,0.2,288.0162,288.8172,289.3714,289.5282,289.2613,288.6651,287.9341,287.3341,287.1757,287.7965,289.5531,292.8222,298.0036,305.5213,315.8196,329.3603,346.6302,368.1817,394.7332,427.3679,381.0076295102812,389.0940994834351,571.0891,73.15570000000002,788.8811999999999,-24.334900000000005
1723,1723,1723.0,1723.0,1723.0,1723.0,1723.0,1723.0,1723.0,1723.0,1723.0,1723.0,1723.0,1723.0,1723.0,1723.0,1723.0,1723.0,1723.0,1723.0,1723.0,1723.0,1723.0,1723.0,1723.0,1723.0,1723.0,1723.0,1723.0,3.0,0.3,360.3146,343.054,328.8598,317.488,308.7291,302.3646,298.1587,295.8701,295.271,296.1623,298.3808,301.7978,306.3156,311.8666,318.4225,326.014,334.7627,344.9184,356.8987,371.33,381.26587058818063,217.72783334241265,644.2448,89.26109999999994,715.7254999999999,-10.635400000000004
1724,1724,1724.0,1724.0,1724.0,1724.0,1724.0,1724.0,1724.0,1724.0,1724.0,1724.0,1724.0,1724.0,1724.0,1724.0,1724.0,1724.0,1724.0,1724.0,1724.0,1724.0,1724.0,1724.0,1724.0,1724.0,1724.0,1724.0,1724.0,4.0,0.4,363.2354,348.4369,336.2935,326.3999,318.4586,312.2345,307.5213,304.1141,301.7854,300.2638,299.2157,298.2333,296.833,294.4716,290.5831,284.6391,276.2264,265.1306,251.4045,235.3974,192.5399449764964,450.363437902201,733.5059,173.6621,626.4644,-0.7654999999999745
1725,1725,1725.0,1725.0,1725.0,1725.0,1725.0,1725.0,1725.0,1725.0,1725.0,1725.0,1725.0,1725.0,1725.0,1725.0,1725.0,1725.0,1725.0,1725.0,1725.0,1725.0,1725.0,1725.0,1725.0,1725.0,1725.0,1725.0,1725.0,5.0,0.5,214.3313,234.1107,251.1648,265.0845,275.7913,283.5002,288.6429,291.7822,293.5405,294.5576,295.4786,296.9624,299.6968,304.4027,311.817,322.6553,337.5704,357.1383,381.9131,412.5955,356.4016213488412,394.62324462435583,907.168,103.2568,452.8023,-29.4998
1726,1726,1726.0,1726.0,1726.0,1726.0,1726.0,1726.0,1726.0,1726.0,1726.0,1726.0,1726.0,1726.0,1726.0,1726.0,1726.0,1726.0,1726.0,1726.0,1726.0,1726.0,1726.0,1726.0,1726.0,1726.0,1726.0,1726.0,1726.0,6.0,0.6,339.1135,324.5139,312.6255,303.4463,296.8747,292.6905,290.5825,290.2023,291.2218,293.3778,296.494,300.4825,305.3313,311.0888,317.8536,325.7762,335.0747,346.0625,359.1873,375.08,271.6238504966577,472.7192774178465,1010.4248,65.00829999999996,349.54549999999995,-20.30950000000001
1727,1727,1727.0,1727.0,1727.0,1727.0,1727.0,1727.0,1727.0,1727.0,1727.0,1727.0,1727.0,1727.0,1727.0,1727.0,1727.0,1727.0,1727.0,1727.0,1727.0,1727.0,1727.0,1727.0,1727.0,1727.0,1727.0,1727.0,1727.0,7.0,0.7,275.7385,279.584,282.9752,285.8187,288.1288,290.0203,291.6869,293.3724,295.3459,297.8858,301.2769,305.8164,311.8251,319.66,329.7245,342.4799,358.4669,378.3527,403.0289,433.7983,212.01804300747915,386.26897147577824,1075.4331,63.9371000000001,284.5372,-22.97969999999998
1728,1728,1728.0,1728.0,1728.0,1728.0,1728.0,1728.0,1728.0,1728.0,1728.0,1728.0,1728.0,1728.0,1728.0,1728.0,1728.0,1728.0,1728.0,1728.0,1728.0,1728.0,1728.0,1728.0,1728.0,1728.0,1728.0,1728.0,1728.0,8.0,0.8,226.1157,239.0043,250.4765,260.4396,268.9297,276.1003,282.1942,287.5048,292.3374,296.976,301.6604,306.5747,311.8493,317.576,323.8355,330.7356,338.4575,347.302,357.7338,370.4199,442.4203244278074,312.31205506506313,1139.3702,97.47900000000004,220.60009999999988,-36.8997
1729,1729,1729.0,1729.0,1729.0,1729.0,1729.0,1729.0,1729.0,1729.0,1729.0,1729.0,1729.0,1729.0,1729.0,1729.0,1729.0,1729.0,1729.0,1729.0,1729.0,1729.0,1729.0,1729.0,1729.0,1729.0,1729.0,1729.0,1729.0,9.0,0.9,405.3017,374.8829,350.2356,330.8423,316.2798,306.0578,299.574,296.1429,295.0571,295.6488,297.331,299.6152,302.1096,304.511,306.5977,308.2325,309.3747,310.0959,310.5928,311.1878,175.22251547604296,303.1718364568971,1236.8492,123.12109999999984,123.12109999999984,-6.942200000000014
1730,1730,1730.0,1730.0,1730.0,1730.0,1730.0,1730.0,1730.0,1730.0,1730.0,1730.0,1730.0,1730.0,1730.0,1730.0,1730.0,1730.0,1730.0,1730.0,1730.0,1730.0,1730.0,1730.0,1730.0,1730.0,1730.0,1730.0,1730.0,0.0,0.0,273.0,273.0,273.0,273.0,273.0,273.0,273.0,273.0,273.0,273.0,273.0,273.0,273.0,273.0,273.0,273.0,273.0,273.0,273.0,273.0,210.1082806884561,274.4620667171312,0.0,479.5173,3567.314800000001,-40.0
1731,1731,1731.0,1731.0,1731.0,1731.0,1731.0,1731.0,1731.0,1731.0,1731.0,1731.0,1731.0,1731.0,1731.0,1731.0,1731.0,1731.0,1731.0,1731.0,1731.0,1731.0,1731.0,1731.0,1731.0,1731.0,1731.0,1731.0,1731.0,1.0,0.1,222.2697,233.2083,242.7098,250.6599,257.0573,262.003,265.6747,268.2925,270.0863,271.2703,272.0272,272.5023,272.8042,273.0102,273.1729,273.3269,273.4939,273.6867,273.9114,274.1701,385.1101700907424,423.7328592397736,479.5173,428.5947,3087.7975000000006,-50.997000000000014
1732,1732,1732.0,1732.0,1732.0,1732.0,1732.0,1732.0,1732.0,1732.0,1732.0,1732.0,1732.0,1732.0,1732.0,1732.0,1732.0,1732.0,1732.0,1732.0,1732.0,1732.0,1732.0,1732.0,1732.0,1732.0,1732.0,1732.0,1732.0,2.0,0.2,359.3957,337.4906,319.2083,304.4445,293.0371,284.7069,279.0679,275.6836,274.1435,274.1349,275.4959,278.2416,282.5612,288.7904,297.3617,308.7459,323.3995,341.74,364.1782,391.2291,234.04197075620937,354.7092452298738,908.112,181.93099999999995,2659.2028000000005,-28.29309999999998
1733,1733,1733.0,1733.0,1733.0,1733.0,1733.0,1733.0,1733.0,1733.0,1733.0,1733.0,1733.0,1733.0,1733.0,1733.0,1733.0,1733.0,1733.0,1733.0,1733.0,1733.0,1733.0,1733.0,1733.0,1733.0,1733.0,1733.0,1733.0,3.0,0.3,244.9681,254.744,263.0034,269.5662,274.4632,277.9165,280.2862,282.0022,283.4972,285.1533,287.2683,290.0421,293.582,297.9223,303.0554,308.9709,315.6973,323.3427,332.1286,342.4137,262.11482932583345,223.7833008040584,1090.043,237.6983,2477.2718000000004,-35.083500000000015
1734,1734,1734.0,1734.0,1734.0,1734.0,1734.0,1734.0,1734.0,1734.0,1734.0,1734.0,1734.0,1734.0,1734.0,1734.0,1734.0,1734.0,1734.0,1734.0,1734.0,1734.0,1734.0,1734.0,1734.0,1734.0,1734.0,1734.0,1734.0,4.0,0.4,264.3491,266.4549,268.5078,270.5607,272.6405,274.7495,276.8678,278.9544,280.9438,282.7367,284.1871,285.0896,285.1737,284.1116,281.5442,277.1276,270.5941,261.8177,250.8671,238.0284,204.85391735389013,467.4063052149905,1327.7413,350.6653000000001,2239.5735000000004,-38.25049999999999
1735,1735,1735.0,1735.0,1735.0,1735.0,1735.0,1735.0,1735.0,1735.0,1735.0,1735.0,1735.0,1735.0,1735.0,1735.0,1735.0,1735.0,1735.0,1735.0,1735.0,1735.0,1735.0,1735.0,1735.0,1735.0,1735.0,1735.0,1735.0,5.0,0.5,218.1566,230.2084,240.8139,249.8715,257.3865,263.4647,268.2971,272.1424,275.3176,278.1997,281.2385,284.9718,290.0338,297.1441,307.0726,320.5864,338.3997,361.164,389.5452,424.4411,389.0034719895914,188.34312775549023,1678.4066,252.28610000000003,1888.9082,-49.53530000000001
1736,1736,1736.0,1736.0,1736.0,1736.0,1736.0,1736.0,1736.0,1736.0,1736.0,1736.0,1736.0,1736.0,1736.0,1736.0,1736.0,1736.0,1736.0,1736.0,1736.0,1736.0,1736.0,1736.0,1736.0,1736.0,1736.0,1736.0,1736.0,6.0,0.6,362.685,340.4012,321.9797,307.3395,296.3364,288.6903,283.9798,281.6766,281.1912,281.9059,283.1867,284.3734,284.7661,283.6219,280.1827,273.7408,263.7397,249.8949,232.2988,211.4749,211.536179918872,256.66324489505115,1930.6927,357.34850000000006,1636.6221,-24.30970000000002
1737,1737,1737.0,1737.0,1737.0,1737.0,1737.0,1737.0,1737.0,1737.0,1737.0,1737.0,1737.0,1737.0,1737.0,1737.0,1737.0,1737.0,1737.0,1737.0,1737.0,1737.0,1737.0,1737.0,1737.0,1737.0,1737.0,1737.0,1737.0,7.0,0.7,227.3107,241.493,253.5694,263.2534,270.5061,275.5026,278.5634,280.0726,280.4068,279.8858,278.7526,277.1785,275.2824,273.1555,270.8793,268.5308,266.1752,263.8487,261.5409,259.1853,396.2341683059344,265.5285300336462,2288.0412,427.3474999999999,1279.2736,-37.49740000000003
1738,1738,1738.0,1738.0,1738.0,1738.0,1738.0,1738.0,1738.0,1738.0,1738.0,1738.0,1738.0,1738.0,1738.0,1738.0,1738.0,1738.0,1738.0,1738.0,1738.0,1738.0,1738.0,1738.0,1738.0,1738.0,1738.0,1738.0,1738.0,8.0,0.8,369.3851,346.7789,328.0417,312.9261,301.1544,292.3487,286.0299,281.6629,278.7168,276.72,275.2949,274.1709,273.1767,272.2221,271.2728,270.3264,269.3905,268.4669,267.5413,266.5793,417.6853261885335,184.11856111456868,2715.3887,419.3779,851.9261000000001,-20.651299999999992
1739,1739,1739.0,1739.0,1739.0,1739.0,1739.0,1739.0,1739.0,1739.0,1739.0,1739.0,1739.0,1739.0,1739.0,1739.0,1739.0,1739.0,1739.0,1739.0,1739.0,1739.0,1739.0,1739.0,1739.0,1739.0,1739.0,1739.0,1739.0,9.0,0.9,390.1199,367.4453,348.6303,332.9868,320.0198,309.3364,300.5904,293.4505,287.5828,282.6403,278.2561,274.04,269.579,264.4464,258.2216,250.5217,241.0435,229.6061,216.185,200.9246,243.6821297521041,357.8503859451164,3134.7666,432.5482000000002,432.5482000000002,-3.663599999999974
1740,1740,1740.0,1740.0,1740.0,1740.0,1740.0,1740.0,1740.0,1740.0,1740.0,1740.0,1740.0,1740.0,1740.0,1740.0,1740.0,1740.0,1740.0,1740.0,1740.0,1740.0,1740.0,1740.0,1740.0,1740.0,1740.0,1740.0,1740.0,0.0,0.0,273.0,273.0,273.0,273.0,273.0,273.0,273.0,273.0,273.0,273.0,273.0,273.0,273.0,273.0,273.0,273.0,273.0,273.0,273.0,273.0,377.1460478784871,344.80356750264417,0.0,387.0124,1747.3613000000005,-40.0
1741,1741,1741.0,1741.0,1741.0,1741.0,1741.0,1741.0,1741.0,1741.0,1741.0,1741.0,1741.0,1741.0,1741.0,1741.0,1741.0,1741.0,1741.0,1741.0,1741.0,1741.0,1741.0,1741.0,1741.0,1741.0,1741.0,1741.0,1741.0,1.0,0.1,355.3096,336.7704,321.2336,308.5002,298.369,290.5921,284.8718,280.8868,278.3318,276.9562,276.5931,277.175,278.7333,281.3838,285.3007,290.6825,297.7171,306.5543,317.297,330.0173,378.8760524684977,446.7643411293468,387.0124,208.5797,1360.3489000000002,-22.407899999999984
1742,1742,1742.0,1742.0,1742.0,1742.0,1742.0,1742.0,1742.0,1742.0,1742.0,1742.0,1742.0,1742.0,1742.0,1742.0,1742.0,1742.0,1742.0,1742.0,1742.0,1742.0,1742.0,1742.0,1742.0,1742.0,1742.0,1742.0,1742.0,2.0,0.2,359.9534,344.1432,330.8888,319.8096,310.6413,303.1987,297.3551,293.0329,290.2041,288.8963,289.2013,291.2813,295.371,301.77,310.8278,322.9264,338.4719,357.9123,381.807,410.9748,342.0565795942372,460.5051288454257,595.5921,72.18580000000009,1151.7692000000002,-9.801300000000026
1743,1743,1743.0,1743.0,1743.0,1743.0,1743.0,1743.0,1743.0,1743.0,1743.0,1743.0,1743.0,1743.0,1743.0,1743.0,1743.0,1743.0,1743.0,1743.0,1743.0,1743.0,1743.0,1743.0,1743.0,1743.0,1743.0,1743.0,1743.0,3.0,0.3,332.6653,324.9289,318.4882,313.0931,308.5973,304.947,302.1664,300.339,299.5905,300.0744,301.9629,305.4424,310.7151,318.0043,327.5665,339.7112,354.8345,373.4756,396.4099,424.8069,283.8659044289911,256.6441614676036,667.7779,36.54969999999992,1079.5834,-8.052999999999997
1744,1744,1744.0,1744.0,1744.0,1744.0,1744.0,1744.0,1744.0,1744.0,1744.0,1744.0,1744.0,1744.0,1744.0,1744.0,1744.0,1744.0,1744.0,1744.0,1744.0,1744.0,1744.0,1744.0,1744.0,1744.0,1744.0,1744.0,1744.0,4.0,0.4,286.5196,289.1659,291.6009,293.7006,295.4325,296.8481,298.0569,299.1895,300.356,301.6056,302.893,304.0575,304.8185,304.7935,303.5409,300.6271,295.7109,288.6306,279.4737,268.6062,211.3537567323226,178.9661676043017,704.3276,200.2564,1043.0337,-16.151900000000012
1745,1745,1745.0,1745.0,1745.0,1745.0,1745.0,1745.0,1745.0,1745.0,1745.0,1745.0,1745.0,1745.0,1745.0,1745.0,1745.0,1745.0,1745.0,1745.0,1745.0,1745.0,1745.0,1745.0,1745.0,1745.0,1745.0,1745.0,1745.0,5.0,0.5,226.4133,240.1458,252.2423,262.5201,270.9327,277.5512,282.5241,286.0279,288.218,289.1887,288.9457,287.3939,284.3413,279.5191,272.6182,263.3405,251.4605,236.8873,219.7149,200.2443,373.1218578187339,443.7200215033454,904.584,348.66330000000005,842.7773000000001,-35.448800000000006
1746,1746,1746.0,1746.0,1746.0,1746.0,1746.0,1746.0,1746.0,1746.0,1746.0,1746.0,1746.0,1746.0,1746.0,1746.0,1746.0,1746.0,1746.0,1746.0,1746.0,1746.0,1746.0,1746.0,1746.0,1746.0,1746.0,1746.0,1746.0,6.0,0.6,351.7383,333.6346,318.6686,306.722,297.5951,290.9708,286.4377,283.5557,281.9377,281.3297,281.6733,283.1406,286.1355,291.2573,299.2287,310.7993,326.65,347.3368,373.3218,405.1364,388.5240952364335,441.0171572877064,1253.2473,123.84940000000006,494.114,-22.029200000000003
1747,1747,1747.0,1747.0,1747.0,1747.0,1747.0,1747.0,1747.0,1747.0,1747.0,1747.0,1747.0,1747.0,1747.0,1747.0,1747.0,1747.0,1747.0,1747.0,1747.0,1747.0,1747.0,1747.0,1747.0,1747.0,1747.0,1747.0,1747.0,7.0,0.7,367.4704,349.9879,335.4681,323.5065,313.8225,306.2127,300.5246,296.6464,294.5044,294.066,295.3406,298.3813,303.2831,310.1819,319.2569,330.7397,344.9366,362.2717,383.3595,409.1267,246.412495796622,211.31160483696647,1377.0967,76.92259999999987,370.2646,-6.787300000000016
1748,1748,1748.0,1748.0,1748.0,1748.0,1748.0,1748.0,1748.0,1748.0,1748.0,1748.0,1748.0,1748.0,1748.0,1748.0,1748.0,1748.0,1748.0,1748.0,1748.0,1748.0,1748.0,1748.0,1748.0,1748.0,1748.0,1748.0,1748.0,8.0,0.8,257.367,267.3096,275.8337,282.7171,287.9437,291.6796,294.2148,295.8864,296.9994,297.7564,298.2067,298.2167,297.4681,295.4858,291.6963,285.5175,276.4695,264.2916,249.0387,231.1283,291.6336970198813,443.4620839957143,1454.0193,189.06230000000005,293.3420000000001,-21.320400000000006
1749,1749,1749.0,1749.0,1749.0,1749.0,1749.0,1749.0,1749.0,1749.0,1749.0,1749.0,1749.0,1749.0,1749.0,1749.0,1749.0,1749.0,1749.0,1749.0,1749.0,1749.0,1749.0,1749.0,1749.0,1749.0,1749.0,1749.0,1749.0,9.0,0.9,289.6456,288.1279,287.0985,286.5439,286.4132,286.6255,287.0903,287.7366,288.5457,289.5858,291.0416,293.2349,296.6296,301.8142,309.4599,320.259,334.8635,353.8533,377.7744,407.2862,410.09828073571975,311.3854393681109,1643.0816,104.27970000000003,104.27970000000003,-26.37450000000001
1750,1750,1750.0,1750.0,1750.0,1750.0,1750.0,1750.0,1750.0,1750.0,1750.0,1750.0,1750.0,1750.0,1750.0,1750.0,1750.0,1750.0,1750.0,1750.0,1750.0,1750.0,1750.0,1750.0,1750.0,1750.0,1750.0,1750.0,1750.0,0.0,0.0,273.0,273.0,273.0,273.0,273.0,273.0,273.0,273.0,273.0,273.0,273.0,273.0,273.0,273.0,273.0,273.0,273.0,273.0,273.0,273.0,319.936335017435,279.417893452106,0.0,427.5578,3462.9283,4.767999999999972
1751,1751,1751.0,1751.0,1751.0,1751.0,1751.0,1751.0,1751.0,1751.0,1751.0,1751.0,1751.0,1751.0,1751.0,1751.0,1751.0,1751.0,1751.0,1751.0,1751.0,1751.0,1751.0,1751.0,1751.0,1751.0,1751.0,1751.0,1751.0,1.0,0.1,310.3956,302.1081,295.0659,289.2485,284.5986,281.0151,278.3601,276.475,275.1994,274.3879,273.9212,273.7108,273.6989,273.854,274.1641,274.6301,275.2577,276.0524,277.0149,278.1401,288.82327062380404,281.7142045228105,427.5578,381.7996,3035.3705,4.767999999999972
1752,1752,1752.0,1752.0,1752.0,1752.0,1752.0,1752.0,1752.0,1752.0,1752.0,1752.0,1752.0,1752.0,1752.0,1752.0,1752.0,1752.0,1752.0,1752.0,1752.0,1752.0,1752.0,1752.0,1752.0,1752.0,1752.0,1752.0,1752.0,2.0,0.2,287.2891,285.9785,284.7733,283.5937,282.402,281.1995,280.0163,278.8984,277.8954,277.0508,276.3972,275.9551,275.7343,275.7372,275.9621,276.4047,277.0603,277.9238,278.9902,280.2547,455.5297784620422,192.95387159020493,809.3574,401.4453,2653.5709,4.767999999999972
1753,1753,1753.0,1753.0,1753.0,1753.0,1753.0,1753.0,1753.0,1753.0,1753.0,1753.0,1753.0,1753.0,1753.0,1753.0,1753.0,1753.0,1753.0,1753.0,1753.0,1753.0,1753.0,1753.0,1753.0,1753.0,1753.0,1753.0,1753.0,3.0,0.3,416.3849,384.46,358.3281,337.1378,320.2746,307.1795,297.2731,289.9443,284.5709,280.5462,277.2967,274.2862,271.0124,267.0031,261.8219,255.0883,246.5108,235.9264,223.333,208.901,426.85708300002784,242.5254019785326,1210.8027,483.2807,2252.1256000000003,4.767999999999972
1754,1754,1754.0,1754.0,1754.0,1754.0,1754.0,1754.0,1754.0,1754.0,1754.0,1754.0,1754.0,1754.0,1754.0,1754.0,1754.0,1754.0,1754.0,1754.0,1754.0,1754.0,1754.0,1754.0,1754.0,1754.0,1754.0,1754.0,1754.0,4.0,0.4,399.0679,376.5174,357.8864,342.2751,329.0536,317.768,308.0774,299.7112,292.441,286.0669,280.4132,275.3314,270.7054,266.4539,262.5262,258.8891,255.5063,252.3151,249.2065,246.0154,196.00437988001576,323.7270932893839,1694.0834,389.4302000000002,1768.8449,4.767999999999972
1755,1755,1755.0,1755.0,1755.0,1755.0,1755.0,1755.0,1755.0,1755.0,1755.0,1755.0,1755.0,1755.0,1755.0,1755.0,1755.0,1755.0,1755.0,1755.0,1755.0,1755.0,1755.0,1755.0,1755.0,1755.0,1755.0,1755.0,1755.0,5.0,0.5,218.0624,237.9428,254.7761,268.0535,277.6587,283.8226,287.0298,287.9102,287.1427,285.3863,283.2424,281.2432,279.8545,279.4825,280.4733,283.1032,287.5595,293.9233,302.1641,312.1569,190.0187110506945,318.6449140536204,2083.5136,356.6076999999996,1379.4146999999998,4.767999999999972
1756,1756,1756.0,1756.0,1756.0,1756.0,1756.0,1756.0,1756.0,1756.0,1756.0,1756.0,1756.0,1756.0,1756.0,1756.0,1756.0,1756.0,1756.0,1756.0,1756.0,1756.0,1756.0,1756.0,1756.0,1756.0,1756.0,1756.0,1756.0,6.0,0.6,205.7182,220.0438,232.7891,243.8256,253.1152,260.7098,266.7432,271.4148,274.9715,277.6877,279.8474,281.7279,283.5871,285.6537,288.1224,291.1531,294.8737,299.3888,304.79,311.1711,246.61693938611808,376.8920269107796,2440.1213,397.3903,1022.8070000000002,4.767999999999972
1757,1757,1757.0,1757.0,1757.0,1757.0,1757.0,1757.0,1757.0,1757.0,1757.0,1757.0,1757.0,1757.0,1757.0,1757.0,1757.0,1757.0,1757.0,1757.0,1757.0,1757.0,1757.0,1757.0,1757.0,1757.0,1757.0,1757.0,1757.0,7.0,0.7,249.0447,251.2553,253.4731,255.8521,258.4662,261.3191,264.369,267.5609,270.8594,274.275,277.8808,281.8193,286.2987,291.5814,297.9654,305.7641,315.2871,326.833,340.7015,357.2342,300.98965094453683,327.47633945742865,2837.5116,294.3735000000001,625.4167000000002,4.767999999999972
1758,1758,1758.0,1758.0,1758.0,1758.0,1758.0,1758.0,1758.0,1758.0,1758.0,1758.0,1758.0,1758.0,1758.0,1758.0,1758.0,1758.0,1758.0,1758.0,1758.0,1758.0,1758.0,1758.0,1758.0,1758.0,1758.0,1758.0,1758.0,8.0,0.8,293.8624,287.6215,282.4466,278.4664,275.7357,274.2317,273.8661,274.5079,276.0069,278.2135,280.9903,284.2177,287.7939,291.6366,295.6875,299.9233,304.3712,309.1268,314.3685,320.3653,408.6664050485739,369.7925001358778,3131.8851,210.6626000000001,331.04320000000007,4.767999999999972
1759,1759,1759.0,1759.0,1759.0,1759.0,1759.0,1759.0,1759.0,1759.0,1759.0,1759.0,1759.0,1759.0,1759.0,1759.0,1759.0,1759.0,1759.0,1759.0,1759.0,1759.0,1759.0,1759.0,1759.0,1759.0,1759.0,1759.0,1759.0,9.0,0.9,380.4295,356.8917,337.418,321.6206,309.1941,299.8278,293.175,288.8634,286.5247,285.8303,286.5203,288.4211,291.4517,295.6186,301.0035,307.7472,316.0342,326.0843,338.1572,352.5786,352.01900647038894,387.339429493515,3342.5477,120.38059999999996,120.38059999999996,4.767999999999972
1760,1760,1760.0,1760.0,1760.0,1760.0,1760.0,1760.0,1760.0,1760.0,1760.0,1760.0,1760.0,1760.0,1760.0,1760.0,1760.0,1760.0,1760.0,1760.0,1760.0,1760.0,1760.0,1760.0,1760.0,1760.0,1760.0,1760.0,1760.0,0.0,0.0,273.0,273.0,273.0,273.0,273.0,273.0,273.0,273.0,273.0,273.0,273.0,273.0,273.0,273.0,273.0,273.0,273.0,273.0,273.0,273.0,441.87390557602254,192.0633089629092,0.0,459.6986,2505.4724,-40.0
1761,1761,1761.0,1761.0,1761.0,1761.0,1761.0,1761.0,1761.0,1761.0,1761.0,1761.0,1761.0,1761.0,1761.0,1761.0,1761.0,1761.0,1761.0,1761.0,1761.0,1761.0,1761.0,1761.0,1761.0,1761.0,1761.0,1761.0,1761.0,1.0,0.1,405.0663,374.7143,349.7026,329.3709,313.2209,300.7593,291.4382,284.6554,279.7856,276.2147,273.3626,270.6924,267.7079,263.9504,259.0029,252.5069,244.1915,233.9084,221.66,207.6098,236.94546746746903,456.2904821137173,459.6986,413.2178,2045.7738,-12.240700000000004
1762,1762,1762.0,1762.0,1762.0,1762.0,1762.0,1762.0,1762.0,1762.0,1762.0,1762.0,1762.0,1762.0,1762.0,1762.0,1762.0,1762.0,1762.0,1762.0,1762.0,1762.0,1762.0,1762.0,1762.0,1762.0,1762.0,1762.0,1762.0,2.0,0.2,249.6244,260.9228,270.2458,277.2467,281.8588,284.2715,284.8714,284.172,282.7563,281.2423,280.2764,280.543,282.7751,287.7482,296.2457,309.0008,326.6358,349.6411,378.4433,413.616,396.27765259638966,392.8955841341498,872.9164,162.41660000000013,1632.556,-28.7285
1763,1763,1763.0,1763.0,1763.0,1763.0,1763.0,1763.0,1763.0,1763.0,1763.0,1763.0,1763.0,1763.0,1763.0,1763.0,1763.0,1763.0,1763.0,1763.0,1763.0,1763.0,1763.0,1763.0,1763.0,1763.0,1763.0,1763.0,1763.0,3.0,0.3,370.7393,349.3846,331.7762,317.6339,306.6986,298.672,293.2131,289.9695,288.6189,288.9025,290.641,293.7309,298.1312,303.8463,310.9175,319.428,329.5219,341.4379,355.5516,372.4289,237.8535168242977,457.6728702409733,1035.333,83.04129999999986,1470.1394,-14.327999999999976
1764,1764,1764.0,1764.0,1764.0,1764.0,1764.0,1764.0,1764.0,1764.0,1764.0,1764.0,1764.0,1764.0,1764.0,1764.0,1764.0,1764.0,1764.0,1764.0,1764.0,1764.0,1764.0,1764.0,1764.0,1764.0,1764.0,1764.0,1764.0,4.0,0.4,249.8177,260.6229,269.8528,277.2921,282.952,287.0501,289.9578,292.1358,294.0729,296.2438,299.0872,303.0043,308.3695,315.5488,324.9176,336.8807,351.8993,370.5365,393.5439,422.0169,339.8993162884656,306.3347837972016,1118.3743,62.18240000000014,1387.0981000000002,-25.949900000000014
1765,1765,1765.0,1765.0,1765.0,1765.0,1765.0,1765.0,1765.0,1765.0,1765.0,1765.0,1765.0,1765.0,1765.0,1765.0,1765.0,1765.0,1765.0,1765.0,1765.0,1765.0,1765.0,1765.0,1765.0,1765.0,1765.0,1765.0,1765.0,5.0,0.5,327.3901,316.8773,308.3722,301.8667,297.2889,294.4916,293.2637,293.3562,294.5071,296.4564,298.9495,301.73,304.5325,307.0827,309.1136,310.399,310.8016,310.3235,309.1448,307.6363,316.33295331208603,228.4784415617695,1180.5567,129.09089999999992,1324.9157,-18.508399999999995
1766,1766,1766.0,1766.0,1766.0,1766.0,1766.0,1766.0,1766.0,1766.0,1766.0,1766.0,1766.0,1766.0,1766.0,1766.0,1766.0,1766.0,1766.0,1766.0,1766.0,1766.0,1766.0,1766.0,1766.0,1766.0,1766.0,1766.0,1766.0,6.0,0.6,311.155,306.9351,303.5089,300.7518,298.5722,296.8996,295.6696,294.8074,294.2113,293.7399,293.2028,292.3587,290.9197,288.5672,284.9775,279.8587,272.9947,264.2885,253.7962,241.7377,297.369756208919,296.9072788517556,1309.6476,242.33079999999995,1195.8248,-16.10039999999998
1767,1767,1767.0,1767.0,1767.0,1767.0,1767.0,1767.0,1767.0,1767.0,1767.0,1767.0,1767.0,1767.0,1767.0,1767.0,1767.0,1767.0,1767.0,1767.0,1767.0,1767.0,1767.0,1767.0,1767.0,1767.0,1767.0,1767.0,1767.0,7.0,0.7,295.8196,294.6803,293.7948,293.0372,292.3148,291.565,290.7502,289.8525,288.8693,287.8149,286.7242,285.6599,284.7177,284.0265,283.7398,284.0177,285.001,286.785,289.3997,292.8052,256.5609833928024,321.3014211621052,1551.9784,253.0709,953.494,-21.435
1768,1768,1768.0,1768.0,1768.0,1768.0,1768.0,1768.0,1768.0,1768.0,1768.0,1768.0,1768.0,1768.0,1768.0,1768.0,1768.0,1768.0,1768.0,1768.0,1768.0,1768.0,1768.0,1768.0,1768.0,1768.0,1768.0,1768.0,1768.0,8.0,0.8,262.2959,267.5157,272.06,275.8279,278.7896,280.9839,282.5071,283.4951,284.1076,284.5149,284.8898,285.4046,286.2294,287.5311,289.4701,292.1941,295.8315,300.4864,306.2389,313.1541,383.7893493181914,197.98793361456728,1805.0493,284.20039999999995,700.4231000000002,-32.016099999999994
1769,1769,1769.0,1769.0,1769.0,1769.0,1769.0,1769.0,1769.0,1769.0,1769.0,1769.0,1769.0,1769.0,1769.0,1769.0,1769.0,1769.0,1769.0,1769.0,1769.0,1769.0,1769.0,1769.0,1769.0,1769.0,1769.0,1769.0,1769.0,9.0,0.9,361.12,342.0659,326.2966,313.5822,303.6801,296.2816,291.0034,287.4079,285.0324,283.4124,282.0914,280.6185,278.5418,275.4058,270.7646,264.2148,255.4448,244.293,230.7962,215.2101,312.4998253694179,197.91893987165324,2089.2497,416.22270000000026,416.22270000000026,-16.718399999999974
1770,1770,1770.0,1770.0,1770.0,1770.0,1770.0,1770.0,1770.0,1770.0,1770.0,1770.0,1770.0,1770.0,1770.0,1770.0,1770.0,1770.0,1770.0,1770.0,1770.0,1770.0,1770.0,1770.0,1770.0,1770.0,1770.0,1770.0,1770.0,0.0,0.0,273.0,273.0,273.0,273.0,273.0,273.0,273.0,273.0,273.0,273.0,273.0,273.0,273.0,273.0,273.0,273.0,273.0,273.0,273.0,273.0,214.96190938028303,192.08614436160616,0.0,523.3631,3835.7311,-40.0
1771,1771,1771.0,1771.0,1771.0,1771.0,1771.0,1771.0,1771.0,1771.0,1771.0,1771.0,1771.0,1771.0,1771.0,1771.0,1771.0,1771.0,1771.0,1771.0,1771.0,1771.0,1771.0,1771.0,1771.0,1771.0,1771.0,1771.0,1771.0,1.0,0.1,226.2047,236.3026,245.0629,252.3812,258.2521,262.7575,266.0388,268.2605,269.5722,270.0762,269.8038,268.7021,266.6345,263.3926,258.7247,252.3754,244.1352,233.8902,221.662,207.6237,463.0519529550718,460.98183010976425,523.3631,537.9684,3312.3679999999995,-50.24250000000001
1772,1772,1772.0,1772.0,1772.0,1772.0,1772.0,1772.0,1772.0,1772.0,1772.0,1772.0,1772.0,1772.0,1772.0,1772.0,1772.0,1772.0,1772.0,1772.0,1772.0,1772.0,1772.0,1772.0,1772.0,1772.0,1772.0,1772.0,1772.0,2.0,0.2,419.2179,383.1948,353.5985,329.6767,310.8808,296.6507,286.351,279.307,274.8933,272.6319,272.2715,273.8322,277.6055,284.1109,294.0131,308.0167,326.7692,350.8142,380.6509,416.949,300.2071971083446,239.88475765985768,1061.3315,188.03320000000008,2774.3996,-16.349300000000028
1773,1773,1773.0,1773.0,1773.0,1773.0,1773.0,1773.0,1773.0,1773.0,1773.0,1773.0,1773.0,1773.0,1773.0,1773.0,1773.0,1773.0,1773.0,1773.0,1773.0,1773.0,1773.0,1773.0,1773.0,1773.0,1773.0,1773.0,1773.0,3.0,0.3,300.1289,300.19,299.9627,299.1872,297.7975,295.9046,293.7466,291.6177,289.7929,288.4598,287.6669,287.2953,287.0546,286.5088,285.1302,282.38,277.8051,271.1362,262.3635,251.7671,227.67120230126875,215.5170027229789,1249.3647,308.184,2586.3664,-17.095399999999984
1774,1774,1774.0,1774.0,1774.0,1774.0,1774.0,1774.0,1774.0,1774.0,1774.0,1774.0,1774.0,1774.0,1774.0,1774.0,1774.0,1774.0,1774.0,1774.0,1774.0,1774.0,1774.0,1774.0,1774.0,1774.0,1774.0,1774.0,1774.0,4.0,0.4,239.5753,250.3416,259.662,267.3507,273.3577,277.7559,280.7053,282.4084,283.0648,282.8356,281.8182,280.0373,277.4478,273.9488,269.4064,263.6821,256.6626,248.287,238.5662,227.5897,268.832895046308,285.23416973030623,1557.5487,456.7466,2278.1824,-35.2441
1775,1775,1775.0,1775.0,1775.0,1775.0,1775.0,1775.0,1775.0,1775.0,1775.0,1775.0,1775.0,1775.0,1775.0,1775.0,1775.0,1775.0,1775.0,1775.0,1775.0,1775.0,1775.0,1775.0,1775.0,1775.0,1775.0,1775.0,1775.0,5.0,0.5,269.3845,269.9409,270.5684,271.2911,272.0854,272.8859,273.6023,274.1403,274.4244,274.417,274.1323,273.6433,273.0809,272.6232,272.4749,272.8378,273.8759,275.6819,278.255,281.4977,313.6573580758695,467.7527270413874,2014.2953,365.9693,1821.4358,-40.11410000000001
1776,1776,1776.0,1776.0,1776.0,1776.0,1776.0,1776.0,1776.0,1776.0,1776.0,1776.0,1776.0,1776.0,1776.0,1776.0,1776.0,1776.0,1776.0,1776.0,1776.0,1776.0,1776.0,1776.0,1776.0,1776.0,1776.0,1776.0,1776.0,6.0,0.6,305.3333,298.095,291.9643,286.9459,283.0095,280.0913,278.1115,277.0047,276.7554,277.4333,279.2214,282.4321,287.5053,294.9856,305.4811,319.6126,337.9751,361.1431,389.7593,424.7527,248.6297204506376,180.8725855949756,2380.2646,210.1615999999999,1455.4665,-32.90870000000001
1777,1777,1777.0,1777.0,1777.0,1777.0,1777.0,1777.0,1777.0,1777.0,1777.0,1777.0,1777.0,1777.0,1777.0,1777.0,1777.0,1777.0,1777.0,1777.0,1777.0,1777.0,1777.0,1777.0,1777.0,1777.0,1777.0,1777.0,1777.0,7.0,0.7,255.071,260.8711,265.8913,270.0751,273.4602,276.1673,278.3686,280.2426,281.9223,283.4443,284.7043,285.4264,285.154,283.2718,279.0642,271.8136,260.9308,246.0974,227.3878,205.3302,210.854325814392,316.71612306533336,2590.4262,415.6097,1245.3049,-36.83269999999999
1778,1778,1778.0,1778.0,1778.0,1778.0,1778.0,1778.0,1778.0,1778.0,1778.0,1778.0,1778.0,1778.0,1778.0,1778.0,1778.0,1778.0,1778.0,1778.0,1778.0,1778.0,1778.0,1778.0,1778.0,1778.0,1778.0,1778.0,1778.0,8.0,0.8,222.9292,233.8641,243.5011,251.7506,258.5979,264.0973,268.356,271.5166,273.7437,275.2197,276.1499,276.7724,277.369,278.2651,279.8145,282.3669,286.2203,291.5744,298.4984,306.9304,432.3106587869399,201.6937703179165,3006.0359,430.0232000000001,829.6952000000001,-48.90269999999998
1779,1779,1779.0,1779.0,1779.0,1779.0,1779.0,1779.0,1779.0,1779.0,1779.0,1779.0,1779.0,1779.0,1779.0,1779.0,1779.0,1779.0,1779.0,1779.0,1779.0,1779.0,1779.0,1779.0,1779.0,1779.0,1779.0,1779.0,1779.0,9.0,0.9,396.0558,365.8801,341.001,320.9848,305.4577,293.9589,285.9021,280.6047,277.3469,275.4277,274.1991,273.0763,271.53,269.0762,265.2752,259.7477,252.2089,242.5122,230.6862,216.9503,414.2448071035507,362.4343040426239,3436.0591,399.672,399.672,-19.04109999999997
1780,1780,1780.0,1780.0,1780.0,1780.0,1780.0,1780.0,1780.0,1780.0,1780.0,1780.0,1780.0,1780.0,1780.0,1780.0,1780.0,1780.0,1780.0,1780.0,1780.0,1780.0,1780.0,1780.0,1780.0,1780.0,1780.0,1780.0,1780.0,0.0,0.0,273.0,273.0,273.0,273.0,273.0,273.0,273.0,273.0,273.0,273.0,273.0,273.0,273.0,273.0,273.0,273.0,273.0,273.0,273.0,273.0,328.6958773837952,215.67077324533585,0.0,459.5047,3498.6808,-40.0
1781,1781,1781.0,1781.0,1781.0,1781.0,1781.0,1781.0,1781.0,1781.0,1781.0,1781.0,1781.0,1781.0,1781.0,1781.0,1781.0,1781.0,1781.0,1781.0,1781.0,1781.0,1781.0,1781.0,1781.0,1781.0,1781.0,1781.0,1781.0,1.0,0.1,317.3217,307.473,299.118,292.2175,286.692,282.4086,279.1849,276.8027,275.0235,273.6008,272.2857,270.8276,268.9726,266.4648,263.055,258.5174,252.6751,245.4256,236.7625,226.7822,311.03456709880163,312.58203367030694,459.5047,464.406,3039.1761,-30.59140000000002
1782,1782,1782.0,1782.0,1782.0,1782.0,1782.0,1782.0,1782.0,1782.0,1782.0,1782.0,1782.0,1782.0,1782.0,1782.0,1782.0,1782.0,1782.0,1782.0,1782.0,1782.0,1782.0,1782.0,1782.0,1782.0,1782.0,1782.0,1782.0,2.0,0.2,305.1636,300.0862,295.6397,291.6985,288.1704,284.9911,282.1196,279.535,277.2371,275.2525,273.6432,272.5166,272.0302,272.3869,273.8159,276.5413,280.7411,286.5086,293.8293,302.5837,176.1802072118378,252.08236669010017,923.9107,422.6485999999999,2574.7701,-28.008899999999983
1783,1783,1783.0,1783.0,1783.0,1783.0,1783.0,1783.0,1783.0,1783.0,1783.0,1783.0,1783.0,1783.0,1783.0,1783.0,1783.0,1783.0,1783.0,1783.0,1783.0,1783.0,1783.0,1783.0,1783.0,1783.0,1783.0,1783.0,1783.0,3.0,0.3,196.6582,215.2141,231.2859,244.5519,254.9548,262.6748,268.0645,271.5686,273.6471,274.7131,275.0921,275.001,274.5468,273.739,272.5143,270.7693,268.3977,265.3251,261.5357,257.0831,418.8137191857234,301.1529136024218,1346.5593,475.92150000000015,2152.1215,-50.3252
1784,1784,1784.0,1784.0,1784.0,1784.0,1784.0,1784.0,1784.0,1784.0,1784.0,1784.0,1784.0,1784.0,1784.0,1784.0,1784.0,1784.0,1784.0,1784.0,1784.0,1784.0,1784.0,1784.0,1784.0,1784.0,1784.0,1784.0,1784.0,4.0,0.4,384.9766,356.5729,333.0822,314.22,299.6869,289.0502,281.7322,277.066,274.3806,273.0813,272.705,272.9439,273.6414,274.7672,276.3799,278.5855,281.4958,285.1955,289.7213,295.0578,268.4525610611978,368.1139566715125,1822.4808,299.02650000000017,1676.2,-23.949799999999986
1785,1785,1785.0,1785.0,1785.0,1785.0,1785.0,1785.0,1785.0,1785.0,1785.0,1785.0,1785.0,1785.0,1785.0,1785.0,1785.0,1785.0,1785.0,1785.0,1785.0,1785.0,1785.0,1785.0,1785.0,1785.0,1785.0,1785.0,1785.0,5.0,0.5,273.4443,277.8829,281.4026,283.7932,285.025,285.2357,284.6887,283.7194,282.686,281.9341,281.7803,282.5111,284.3917,287.6743,292.6011,299.3998,308.2751,319.4047,332.9502,349.0948,450.82507365970304,238.2204464227825,2121.5073,234.2123999999999,1377.1735,-27.76429999999999
1786,1786,1786.0,1786.0,1786.0,1786.0,1786.0,1786.0,1786.0,1786.0,1786.0,1786.0,1786.0,1786.0,1786.0,1786.0,1786.0,1786.0,1786.0,1786.0,1786.0,1786.0,1786.0,1786.0,1786.0,1786.0,1786.0,1786.0,1786.0,6.0,0.6,412.9979,382.1543,356.996,336.7495,320.8488,308.769,299.9608,293.8466,289.8447,287.3952,285.9726,285.0838,284.2582,283.0406,280.9971,277.7406,272.9721,266.5293,258.4259,248.866,370.7423037790707,236.3247497608166,2355.7197,305.5383999999999,1142.9611,-4.2309999999999945
1787,1787,1787.0,1787.0,1787.0,1787.0,1787.0,1787.0,1787.0,1787.0,1787.0,1787.0,1787.0,1787.0,1787.0,1787.0,1787.0,1787.0,1787.0,1787.0,1787.0,1787.0,1787.0,1787.0,1787.0,1787.0,1787.0,1787.0,1787.0,7.0,0.7,356.3422,344.5155,334.5718,326.01,318.4889,311.794,305.8,300.43,295.6198,291.2912,287.3378,283.6218,279.9813,276.2427,272.2357,267.8075,262.8345,257.2298,250.9458,243.9715,378.56073267415127,271.8835540311376,2661.2581,332.1922,837.4227000000001,-1.2060000000000173
1788,1788,1788.0,1788.0,1788.0,1788.0,1788.0,1788.0,1788.0,1788.0,1788.0,1788.0,1788.0,1788.0,1788.0,1788.0,1788.0,1788.0,1788.0,1788.0,1788.0,1788.0,1788.0,1788.0,1788.0,1788.0,1788.0,1788.0,1788.0,8.0,0.8,361.5062,347.4747,335.815,326.039,317.7694,310.7076,304.6135,299.2945,294.5989,290.4129,286.6594,283.2968,280.3161,277.7349,275.5876,273.9101,272.7221,272.0098,271.713,271.7217,247.6786620801361,315.82886427398194,2993.4503,276.6023,505.2305000000001,-2.2923999999999864
1789,1789,1789.0,1789.0,1789.0,1789.0,1789.0,1789.0,1789.0,1789.0,1789.0,1789.0,1789.0,1789.0,1789.0,1789.0,1789.0,1789.0,1789.0,1789.0,1789.0,1789.0,1789.0,1789.0,1789.0,1789.0,1789.0,1789.0,1789.0,9.0,0.9,258.358,267.9934,276.1218,282.4574,286.9166,289.6018,290.7588,290.7214,289.8596,288.5399,287.1028,285.8538,285.064,284.973,285.7889,287.6831,290.7811,295.1532,300.8124,307.7237,282.64127274852234,377.0142571977146,3270.0526,228.6282000000001,228.6282000000001,-23.39819999999997
1790,1790,1790.0,1790.0,1790.0,1790.0,1790.0,1790.0,1790.0,1790.0,1790.0,1790.0,1790.0,1790.0,1790.0,1790.0,1790.0,1790.0,1790.0,1790.0,1790.0,1790.0,1790.0,1790.0,1790.0,1790.0,1790.0,1790.0,1790.0,0.0,0.0,273.0,273.0,273.0,273.0,273.0,273.0,273.0,273.0,273.0,273.0,273.0,273.0,273.0,273.0,273.0,273.0,273.0,273.0,273.0,273.0,374.977544107848,467.7280401950841,0.0,355.0887,3123.0183000000006,0.677599999999984
1791,1791,1791.0,1791.0,1791.0,1791.0,1791.0,1791.0,1791.0,1791.0,1791.0,1791.0,1791.0,1791.0,1791.0,1791.0,1791.0,1791.0,1791.0,1791.0,1791.0,1791.0,1791.0,1791.0,1791.0,1791.0,1791.0,1791.0,1791.0,1.0,0.1,353.6245,335.4813,320.2733,307.8171,297.9292,290.3863,284.9301,281.3007,279.286,278.7721,279.7833,282.504,287.2791,294.5882,304.9988,319.1092,337.5023,360.7442,389.468,424.5906,231.1284409794288,387.1418734815589,355.0887,122.84389999999996,2767.9296000000004,0.677599999999984
1792,1792,1792.0,1792.0,1792.0,1792.0,1792.0,1792.0,1792.0,1792.0,1792.0,1792.0,1792.0,1792.0,1792.0,1792.0,1792.0,1792.0,1792.0,1792.0,1792.0,1792.0,1792.0,1792.0,1792.0,1792.0,1792.0,1792.0,1792.0,2.0,0.2,243.0839,253.8319,262.992,270.3762,276.0142,280.135,283.1143,285.4077,287.4831,289.7662,292.6045,296.2514,300.8686,306.5456,313.3329,321.2856,330.5138,341.2342,353.8199,368.8463,276.9912083289697,308.0698348459869,477.9326,144.17230000000006,2645.0857000000005,0.677599999999984
1793,1793,1793.0,1793.0,1793.0,1793.0,1793.0,1793.0,1793.0,1793.0,1793.0,1793.0,1793.0,1793.0,1793.0,1793.0,1793.0,1793.0,1793.0,1793.0,1793.0,1793.0,1793.0,1793.0,1793.0,1793.0,1793.0,1793.0,1793.0,3.0,0.3,276.5506,276.3347,276.4597,277.0029,277.9958,279.4279,281.2574,283.4247,285.8617,288.4958,291.2478,294.0263,296.7245,299.2235,301.4051,303.1761,304.5,305.4288,306.1266,306.8771,211.6220868890053,214.0857699996297,622.1049,255.80649999999991,2500.9134000000004,0.677599999999984
1794,1794,1794.0,1794.0,1794.0,1794.0,1794.0,1794.0,1794.0,1794.0,1794.0,1794.0,1794.0,1794.0,1794.0,1794.0,1794.0,1794.0,1794.0,1794.0,1794.0,1794.0,1794.0,1794.0,1794.0,1794.0,1794.0,1794.0,1794.0,4.0,0.4,224.5753,236.3385,246.716,255.6089,263.0242,269.0592,273.8693,277.6266,280.4791,282.5162,283.7458,284.0833,283.3549,281.3155,277.6811,272.1759,264.5875,254.8234,242.955,229.2363,215.04884502984703,174.6452660320701,877.9114,537.4202,2245.1069,0.677599999999984
1795,1795,1795.0,1795.0,1795.0,1795.0,1795.0,1795.0,1795.0,1795.0,1795.0,1795.0,1795.0,1795.0,1795.0,1795.0,1795.0,1795.0,1795.0,1795.0,1795.0,1795.0,1795.0,1795.0,1795.0,1795.0,1795.0,1795.0,1795.0,5.0,0.5,224.8198,233.6788,241.614,248.6179,254.6857,259.8119,263.9861,267.1871,269.3761,270.4893,270.4323,269.076,266.259,261.7955,255.4938,247.1818,236.7392,224.1306,209.4304,192.8337,396.960976631737,321.6486850058213,1415.3316,648.3409000000001,1707.6867000000002,0.677599999999984
1796,1796,1796.0,1796.0,1796.0,1796.0,1796.0,1796.0,1796.0,1796.0,1796.0,1796.0,1796.0,1796.0,1796.0,1796.0,1796.0,1796.0,1796.0,1796.0,1796.0,1796.0,1796.0,1796.0,1796.0,1796.0,1796.0,1796.0,1796.0,6.0,0.6,368.3787,344.1072,323.8216,307.3274,294.3863,284.6358,277.5886,272.6869,269.3812,267.2094,265.8571,265.1917,265.2662,266.2924,268.5875,272.4994,278.3236,286.229,296.2149,308.114,472.24441065783054,275.6244544615718,2063.6725,407.4465,1059.3458,0.677599999999984
1797,1797,1797.0,1797.0,1797.0,1797.0,1797.0,1797.0,1797.0,1797.0,1797.0,1797.0,1797.0,1797.0,1797.0,1797.0,1797.0,1797.0,1797.0,1797.0,1797.0,1797.0,1797.0,1797.0,1797.0,1797.0,1797.0,1797.0,1797.0,7.0,0.7,430.5449,396.9406,369.4531,346.8952,328.4933,313.6776,301.9717,292.9428,286.1852,281.3204,278.0004,275.909,274.7601,274.2946,274.28,274.5151,274.8379,275.1364,275.3564,275.5018,237.3026084992648,348.8477377977588,2471.119,296.11580000000004,651.8993,0.677599999999984
1798,1798,1798.0,1798.0,1798.0,1798.0,1798.0,1798.0,1798.0,1798.0,1798.0,1798.0,1798.0,1798.0,1798.0,1798.0,1798.0,1798.0,1798.0,1798.0,1798.0,1798.0,1798.0,1798.0,1798.0,1798.0,1798.0,1798.0,1798.0,8.0,0.8,251.6898,264.5649,275.2288,283.2773,288.6344,291.5191,292.368,291.7411,290.2346,288.4168,286.7923,285.7923,285.7815,287.0704,289.9244,294.5644,301.1612,309.8299,320.6354,333.6184,439.1519462242175,330.0693486320206,2767.2348,200.4677999999999,355.7835,0.677599999999984
1799,1799,1799.0,1799.0,1799.0,1799.0,1799.0,1799.0,1799.0,1799.0,1799.0,1799.0,1799.0,1799.0,1799.0,1799.0,1799.0,1799.0,1799.0,1799.0,1799.0,1799.0,1799.0,1799.0,1799.0,1799.0,1799.0,1799.0,1799.0,9.0,0.9,404.2682,375.7322,352.482,333.863,319.3602,308.464,300.6323,295.3108,291.9782,290.1887,289.5982,289.9682,291.1535,293.0823,295.7344,299.1268,303.3064,308.3511,314.3758,321.542,266.55798462681986,315.59941490595395,2967.7026,155.3157000000001,155.3157000000001,0.677599999999984
1800,1800,1800.0,1800.0,1800.0,1800.0,1800.0,1800.0,1800.0,1800.0,1800.0,1800.0,1800.0,1800.0,1800.0,1800.0,1800.0,1800.0,1800.0,1800.0,1800.0,1800.0,1800.0,1800.0,1800.0,1800.0,1800.0,1800.0,1800.0,0.0,0.0,273.0,273.0,273.0,273.0,273.0,273.0,273.0,273.0,273.0,273.0,273.0,273.0,273.0,273.0,273.0,273.0,273.0,273.0,273.0,273.0,192.4340226997148,303.1167032456308,0.0,477.2279,3710.9446,-40.0
1801,1801,1801.0,1801.0,1801.0,1801.0,1801.0,1801.0,1801.0,1801.0,1801.0,1801.0,1801.0,1801.0,1801.0,1801.0,1801.0,1801.0,1801.0,1801.0,1801.0,1801.0,1801.0,1801.0,1801.0,1801.0,1801.0,1801.0,1801.0,1.0,0.1,207.9087,221.8903,234.0724,244.2866,252.5195,258.898,263.6553,267.0864,269.508,271.2278,272.5268,273.6541,274.8278,276.2398,278.0575,280.4228,283.4472,287.2061,291.7371,297.045,240.56711632499267,431.9641666772264,477.2279,481.0905,3233.7167,-54.101999999999975
1802,1802,1802.0,1802.0,1802.0,1802.0,1802.0,1802.0,1802.0,1802.0,1802.0,1802.0,1802.0,1802.0,1802.0,1802.0,1802.0,1802.0,1802.0,1802.0,1802.0,1802.0,1802.0,1802.0,1802.0,1802.0,1802.0,1802.0,1802.0,2.0,0.2,243.9008,246.8775,249.6829,252.4487,255.2477,258.1055,261.0247,264.016,267.1304,270.4872,274.2934,278.8524,284.5598,291.8853,301.3417,313.4487,328.7044,347.5828,370.5844,398.3631,297.93184395612724,441.7340917300695,958.3184,280.45539999999994,2752.6262,-54.8945
1803,1803,1803.0,1803.0,1803.0,1803.0,1803.0,1803.0,1803.0,1803.0,1803.0,1803.0,1803.0,1803.0,1803.0,1803.0,1803.0,1803.0,1803.0,1803.0,1803.0,1803.0,1803.0,1803.0,1803.0,1803.0,1803.0,1803.0,1803.0,3.0,0.3,290.9569,284.8174,279.726,275.8438,273.26,271.9924,272.0043,273.233,275.6194,279.1342,283.7947,289.6732,296.8983,305.6528,316.1734,328.7567,343.7775,361.7288,383.2915,409.4569,307.0384225228487,253.4226186593198,1238.7738,155.32910000000015,2472.1708,-41.007600000000025
1804,1804,1804.0,1804.0,1804.0,1804.0,1804.0,1804.0,1804.0,1804.0,1804.0,1804.0,1804.0,1804.0,1804.0,1804.0,1804.0,1804.0,1804.0,1804.0,1804.0,1804.0,1804.0,1804.0,1804.0,1804.0,1804.0,1804.0,1804.0,4.0,0.4,300.8123,295.4721,291.0515,287.5873,285.1057,283.6121,283.0824,283.4552,284.622,286.4159,288.5997,290.8576,292.7958,293.9595,293.8699,292.0826,288.2625,282.2597,274.1702,264.3578,246.01238377949147,288.8901776147412,1394.1029,247.01559999999995,2316.8417,-29.3879
1805,1805,1805.0,1805.0,1805.0,1805.0,1805.0,1805.0,1805.0,1805.0,1805.0,1805.0,1805.0,1805.0,1805.0,1805.0,1805.0,1805.0,1805.0,1805.0,1805.0,1805.0,1805.0,1805.0,1805.0,1805.0,1805.0,1805.0,1805.0,5.0,0.5,253.2998,259.8938,265.6401,270.4562,274.3413,277.3665,279.6522,281.3396,282.5656,283.4456,284.0675,284.4952,284.779,284.9669,285.1137,285.2842,285.5505,285.9851,286.6529,287.6071,200.3263756982825,242.6206695275873,1641.1185,374.5204999999999,2069.8261,-35.633500000000026
1806,1806,1806.0,1806.0,1806.0,1806.0,1806.0,1806.0,1806.0,1806.0,1806.0,1806.0,1806.0,1806.0,1806.0,1806.0,1806.0,1806.0,1806.0,1806.0,1806.0,1806.0,1806.0,1806.0,1806.0,1806.0,1806.0,1806.0,1806.0,6.0,0.6,214.4453,227.2648,238.5799,248.2765,256.3411,262.8509,267.9492,271.8142,274.6266,276.5426,277.6746,278.0805,277.7625,276.6742,274.736,271.8582,267.9673,263.0325,257.0852,250.2269,194.7525240180866,357.4515478160234,2015.639,529.7774999999999,1695.3056,-50.149099999999976
1807,1807,1807.0,1807.0,1807.0,1807.0,1807.0,1807.0,1807.0,1807.0,1807.0,1807.0,1807.0,1807.0,1807.0,1807.0,1807.0,1807.0,1807.0,1807.0,1807.0,1807.0,1807.0,1807.0,1807.0,1807.0,1807.0,1807.0,1807.0,7.0,0.7,207.3299,218.753,228.9682,237.9525,245.7181,252.3132,257.8216,262.3627,266.0937,269.2143,271.9742,274.678,277.686,281.4033,286.2567,292.6586,300.9667,311.4512,324.2867,339.5813,221.52185788625144,363.3510955003371,2545.4165,493.95520000000033,1165.5281,-60.686800000000005
1808,1808,1808.0,1808.0,1808.0,1808.0,1808.0,1808.0,1808.0,1808.0,1808.0,1808.0,1808.0,1808.0,1808.0,1808.0,1808.0,1808.0,1808.0,1808.0,1808.0,1808.0,1808.0,1808.0,1808.0,1808.0,1808.0,1808.0,1808.0,8.0,0.8,227.8195,233.4791,238.6652,243.5089,248.1038,252.5128,256.7799,260.9468,265.0675,269.2198,273.5102,278.0748,283.0747,288.6903,295.1148,302.5499,311.2072,321.3152,333.1374,347.0022,406.227685036613,231.0108729498448,3039.3717,379.4784999999997,671.5728999999997,-60.4872
1809,1809,1809.0,1809.0,1809.0,1809.0,1809.0,1809.0,1809.0,1809.0,1809.0,1809.0,1809.0,1809.0,1809.0,1809.0,1809.0,1809.0,1809.0,1809.0,1809.0,1809.0,1809.0,1809.0,1809.0,1809.0,1809.0,1809.0,1809.0,9.0,0.9,375.1646,348.8999,327.0747,309.5209,296.0534,286.3642,279.9994,276.3905,274.9081,274.9125,275.7862,276.946,277.8424,277.9587,276.8201,274.0206,269.2651,262.4185,253.5451,242.9217,389.1927723003997,453.2251535631312,3418.8502,292.09439999999995,292.09439999999995,-26.635800000000017
1810,1810,1810.0,1810.0,1810.0,1810.0,1810.0,1810.0,1810.0,1810.0,1810.0,1810.0,1810.0,1810.0,1810.0,1810.0,1810.0,1810.0,1810.0,1810.0,1810.0,1810.0,1810.0,1810.0,1810.0,1810.0,1810.0,1810.0,1810.0,0.0,0.0,273.0,273.0,273.0,273.0,273.0,273.0,273.0,273.0,273.0,273.0,273.0,273.0,273.0,273.0,273.0,273.0,273.0,273.0,273.0,273.0,375.9830185799096,255.31102995236256,0.0,427.1921,2968.4629000000004,-40.0
1811,1811,1811.0,1811.0,1811.0,1811.0,1811.0,1811.0,1811.0,1811.0,1811.0,1811.0,1811.0,1811.0,1811.0,1811.0,1811.0,1811.0,1811.0,1811.0,1811.0,1811.0,1811.0,1811.0,1811.0,1811.0,1811.0,1811.0,1811.0,1.0,0.1,354.403,336.0709,320.6994,308.0909,298.0409,290.2913,284.5234,280.3789,277.49,275.5093,274.1287,273.0879,272.1731,271.2114,270.0639,268.6223,266.8077,264.5717,261.8979,258.799,412.4221007550383,451.0669513232039,427.1921,325.1401,2541.2708,-22.70870000000002
1812,1812,1812.0,1812.0,1812.0,1812.0,1812.0,1812.0,1812.0,1812.0,1812.0,1812.0,1812.0,1812.0,1812.0,1812.0,1812.0,1812.0,1812.0,1812.0,1812.0,1812.0,1812.0,1812.0,1812.0,1812.0,1812.0,1812.0,1812.0,2.0,0.2,385.6412,363.5179,345.1302,329.8673,317.294,307.0734,298.9317,292.6515,288.0836,285.1702,283.9689,284.6697,287.5972,293.1924,301.971,314.4686,331.1909,352.6005,379.1777,411.597,213.4920076477036,283.84628339282483,752.3322,127.76870000000008,2216.1307,-5.926600000000008
1813,1813,1813.0,1813.0,1813.0,1813.0,1813.0,1813.0,1813.0,1813.0,1813.0,1813.0,1813.0,1813.0,1813.0,1813.0,1813.0,1813.0,1813.0,1813.0,1813.0,1813.0,1813.0,1813.0,1813.0,1813.0,1813.0,1813.0,1813.0,3.0,0.3,231.1354,247.0438,260.5826,271.4076,279.4949,285.1047,288.6995,290.8422,292.0956,292.9394,293.7116,294.5791,295.5345,296.4211,296.9809,296.9226,295.9994,294.0849,291.2285,287.6762,197.1563351960129,313.05331931957744,880.1009,246.7580999999999,2088.362,-27.89530000000002
1814,1814,1814.0,1814.0,1814.0,1814.0,1814.0,1814.0,1814.0,1814.0,1814.0,1814.0,1814.0,1814.0,1814.0,1814.0,1814.0,1814.0,1814.0,1814.0,1814.0,1814.0,1814.0,1814.0,1814.0,1814.0,1814.0,1814.0,1814.0,4.0,0.4,212.2254,226.0007,238.3,249.0167,258.1278,265.6904,271.8276,276.709,280.5314,283.5023,285.8282,287.7085,289.3341,290.8873,292.5427,294.4662,296.8125,299.7222,303.3215,307.7261,397.20822309234734,255.5066838014171,1126.859,309.4141000000002,1841.6039,-47.30959999999999
1815,1815,1815.0,1815.0,1815.0,1815.0,1815.0,1815.0,1815.0,1815.0,1815.0,1815.0,1815.0,1815.0,1815.0,1815.0,1815.0,1815.0,1815.0,1815.0,1815.0,1815.0,1815.0,1815.0,1815.0,1815.0,1815.0,1815.0,1815.0,5.0,0.5,369.1237,345.4439,325.9083,310.371,298.6221,290.3075,284.9263,281.8804,280.5431,280.32,280.688,281.2096,281.5287,281.3578,280.4684,278.6886,275.9103,272.1026,267.3227,261.7169,253.7236192767523,232.1511470154605,1436.2731,329.36159999999995,1532.1898,-22.692499999999995
1816,1816,1816.0,1816.0,1816.0,1816.0,1816.0,1816.0,1816.0,1816.0,1816.0,1816.0,1816.0,1816.0,1816.0,1816.0,1816.0,1816.0,1816.0,1816.0,1816.0,1816.0,1816.0,1816.0,1816.0,1816.0,1816.0,1816.0,1816.0,6.0,0.6,261.5397,268.5323,274.3404,278.7551,281.7395,283.4083,283.9794,283.7129,282.8533,281.5864,280.015,278.1554,275.9474,273.2763,269.9984,265.9693,261.0694,255.2244,248.4181,240.6951,333.9003060860625,328.9184133724182,1765.6347,384.4404,1202.8282,-29.591700000000003
1817,1817,1817.0,1817.0,1817.0,1817.0,1817.0,1817.0,1817.0,1817.0,1817.0,1817.0,1817.0,1817.0,1817.0,1817.0,1817.0,1817.0,1817.0,1817.0,1817.0,1817.0,1817.0,1817.0,1817.0,1817.0,1817.0,1817.0,1817.0,7.0,0.7,322.1734,312.135,303.7208,296.8541,291.4109,287.2134,284.0462,281.6873,279.9439,278.6845,277.8626,277.5274,277.8221,278.9668,281.228,284.8766,290.1422,297.1734,306.0174,316.6299,207.9816055107336,340.3835853059229,2150.0751,294.96450000000004,818.3878,-25.78660000000002
1818,1818,1818.0,1818.0,1818.0,1818.0,1818.0,1818.0,1818.0,1818.0,1818.0,1818.0,1818.0,1818.0,1818.0,1818.0,1818.0,1818.0,1818.0,1818.0,1818.0,1818.0,1818.0,1818.0,1818.0,1818.0,1818.0,1818.0,1818.0,8.0,0.8,223.2167,236.9448,248.7464,258.3923,265.866,271.3443,275.148,277.6814,279.3747,280.6405,281.8476,283.3108,285.2924,288.0095,291.6426,296.3438,302.2446,309.4646,318.1246,328.3666,346.05735019451146,336.74916190570946,2445.0396,272.2662,523.4232999999999,-41.65570000000002
1819,1819,1819.0,1819.0,1819.0,1819.0,1819.0,1819.0,1819.0,1819.0,1819.0,1819.0,1819.0,1819.0,1819.0,1819.0,1819.0,1819.0,1819.0,1819.0,1819.0,1819.0,1819.0,1819.0,1819.0,1819.0,1819.0,1819.0,1819.0,9.0,0.9,329.8823,316.0051,304.4973,295.3942,288.6297,284.0179,281.2762,280.0724,280.0771,281.0077,282.6534,284.8834,287.6406,290.9278,294.7932,299.3186,304.6129,310.8117,318.083,326.6382,379.3101453684923,174.50884529737584,2717.3058,251.1570999999999,251.1570999999999,-28.982100000000003
1820,1820,1820.0,1820.0,1820.0,1820.0,1820.0,1820.0,1820.0,1820.0,1820.0,1820.0,1820.0,1820.0,1820.0,1820.0,1820.0,1820.0,1820.0,1820.0,1820.0,1820.0,1820.0,1820.0,1820.0,1820.0,1820.0,1820.0,1820.0,0.0,0.0,273.0,273.0,273.0,273.0,273.0,273.0,273.0,273.0,273.0,273.0,273.0,273.0,273.0,273.0,273.0,273.0,273.0,273.0,273.0,273.0,271.1848477220201,384.8675011289949,0.0,404.0322,3571.5897,-40.0
1821,1821,1821.0,1821.0,1821.0,1821.0,1821.0,1821.0,1821.0,1821.0,1821.0,1821.0,1821.0,1821.0,1821.0,1821.0,1821.0,1821.0,1821.0,1821.0,1821.0,1821.0,1821.0,1821.0,1821.0,1821.0,1821.0,1821.0,1821.0,1.0,0.1,271.5474,271.8696,272.1511,272.3955,272.6134,272.8253,273.0668,273.3949,273.8977,274.705,275.9991,278.0232,281.0823,285.5325,291.7589,300.1418,311.0235,324.6874,341.3678,361.3065,336.72573816148633,254.6343874860651,404.0322,279.2379,3167.5575,-40.17469999999997
1822,1822,1822.0,1822.0,1822.0,1822.0,1822.0,1822.0,1822.0,1822.0,1822.0,1822.0,1822.0,1822.0,1822.0,1822.0,1822.0,1822.0,1822.0,1822.0,1822.0,1822.0,1822.0,1822.0,1822.0,1822.0,1822.0,1822.0,1822.0,2.0,0.2,323.7113,312.5147,303.1087,295.4696,289.5377,285.2008,282.2963,280.6246,279.9625,280.0711,280.696,281.5603,282.3593,282.762,282.4281,281.0414,278.3569,274.2514,268.7625,262.1025,251.1511279585916,247.8794692019614,683.2701,333.1636000000001,2888.3196,-27.799199999999985
1823,1823,1823.0,1823.0,1823.0,1823.0,1823.0,1823.0,1823.0,1823.0,1823.0,1823.0,1823.0,1823.0,1823.0,1823.0,1823.0,1823.0,1823.0,1823.0,1823.0,1823.0,1823.0,1823.0,1823.0,1823.0,1823.0,1823.0,1823.0,3.0,0.3,257.9647,264.0772,269.2594,273.3801,276.4196,278.4579,279.6435,280.1533,280.1551,279.7782,279.098,278.1332,276.8536,275.1947,273.0753,270.4154,267.1519,263.2502,258.7103,253.5662,380.7342887379393,264.1187924900287,1016.4337,399.3288,2555.156,-34.542100000000005
1824,1824,1824.0,1824.0,1824.0,1824.0,1824.0,1824.0,1824.0,1824.0,1824.0,1824.0,1824.0,1824.0,1824.0,1824.0,1824.0,1824.0,1824.0,1824.0,1824.0,1824.0,1824.0,1824.0,1824.0,1824.0,1824.0,1824.0,1824.0,4.0,0.4,358.314,339.3709,323.5966,310.7711,300.6538,292.9351,287.2356,283.1362,280.2205,278.1135,276.5083,275.1769,273.9679,272.7951,271.6201,270.4342,269.2401,268.0368,266.8088,265.5207,294.89273430131465,286.63268619143673,1415.7625,354.626,2155.8272,-20.064900000000023
1825,1825,1825.0,1825.0,1825.0,1825.0,1825.0,1825.0,1825.0,1825.0,1825.0,1825.0,1825.0,1825.0,1825.0,1825.0,1825.0,1825.0,1825.0,1825.0,1825.0,1825.0,1825.0,1825.0,1825.0,1825.0,1825.0,1825.0,1825.0,5.0,0.5,294.2814,293.8466,293.2992,292.4439,291.1924,289.5563,287.6231,285.5236,283.4025,281.395,279.6152,278.1543,277.0836,276.461,276.334,276.7389,277.6965,279.2054,281.2375,283.7381,439.5762678843108,399.91781370220616,1770.3885,283.9139,1801.2012,-23.44369999999998
1826,1826,1826.0,1826.0,1826.0,1826.0,1826.0,1826.0,1826.0,1826.0,1826.0,1826.0,1826.0,1826.0,1826.0,1826.0,1826.0,1826.0,1826.0,1826.0,1826.0,1826.0,1826.0,1826.0,1826.0,1826.0,1826.0,1826.0,1826.0,6.0,0.6,405.159,377.0016,353.9268,335.2002,320.2778,308.676,299.9251,293.5767,289.2397,286.62,285.553,286.0177,288.1327,292.1324,298.3285,307.0636,318.6686,333.4392,351.6525,373.6377,240.20564603117424,190.8086817605057,2054.3024,179.14980000000014,1517.2873,-4.324000000000012
1827,1827,1827.0,1827.0,1827.0,1827.0,1827.0,1827.0,1827.0,1827.0,1827.0,1827.0,1827.0,1827.0,1827.0,1827.0,1827.0,1827.0,1827.0,1827.0,1827.0,1827.0,1827.0,1827.0,1827.0,1827.0,1827.0,1827.0,1827.0,7.0,0.7,253.2212,264.9295,274.7644,282.4078,287.8169,291.1917,292.9,293.3802,293.0447,292.197,290.9721,289.305,286.9288,283.4034,278.1769,270.6753,260.4136,247.1105,230.783,211.791,175.94526733126287,259.45298276588386,2233.4522,386.163,1338.1374999999998,-21.80829999999997
1828,1828,1828.0,1828.0,1828.0,1828.0,1828.0,1828.0,1828.0,1828.0,1828.0,1828.0,1828.0,1828.0,1828.0,1828.0,1828.0,1828.0,1828.0,1828.0,1828.0,1828.0,1828.0,1828.0,1828.0,1828.0,1828.0,1828.0,1828.0,8.0,0.8,196.0104,214.3329,230.4834,244.1927,255.3671,264.0719,270.4933,274.8908,277.555,278.7757,278.8252,277.9546,276.3971,274.3731,272.0896,269.7312,267.4423,265.3062,263.3275,261.4268,224.0399489910309,361.9257579169935,2619.6152,517.2277999999997,951.9744999999998,-48.92809999999997
1829,1829,1829.0,1829.0,1829.0,1829.0,1829.0,1829.0,1829.0,1829.0,1829.0,1829.0,1829.0,1829.0,1829.0,1829.0,1829.0,1829.0,1829.0,1829.0,1829.0,1829.0,1829.0,1829.0,1829.0,1829.0,1829.0,1829.0,1829.0,9.0,0.9,230.7628,236.8542,242.4469,247.6243,252.416,256.8091,260.7718,264.2827,267.3614,270.0923,272.6419,275.2641,278.2948,282.1314,287.201,293.9179,302.6409,313.6419,327.102,343.1464,269.0405306317903,278.02289522930266,3136.843,434.74670000000015,434.74670000000015,-56.1909
1830,1830,1830.0,1830.0,1830.0,1830.0,1830.0,1830.0,1830.0,1830.0,1830.0,1830.0,1830.0,1830.0,1830.0,1830.0,1830.0,1830.0,1830.0,1830.0,1830.0,1830.0,1830.0,1830.0,1830.0,1830.0,1830.0,1830.0,1830.0,0.0,0.0,273.0,273.0,273.0,273.0,273.0,273.0,273.0,273.0,273.0,273.0,273.0,273.0,273.0,273.0,273.0,273.0,273.0,273.0,273.0,273.0,173.47846642458663,439.0493127474463,0.0,445.9123,2851.6284,18.029800000000023
1831,1831,1831.0,1831.0,1831.0,1831.0,1831.0,1831.0,1831.0,1831.0,1831.0,1831.0,1831.0,1831.0,1831.0,1831.0,1831.0,1831.0,1831.0,1831.0,1831.0,1831.0,1831.0,1831.0,1831.0,1831.0,1831.0,1831.0,1831.0,1.0,0.1,192.4658,209.7002,224.7672,237.4361,247.683,255.6751,261.7315,266.2744,269.7884,272.794,275.8382,279.4959,284.3717,291.0938,300.293,312.5714,328.4731,348.4836,373.0876,402.9204,291.29021946639165,233.85078018711755,445.9123,376.5935,2405.7161,18.029800000000023
1832,1832,1832.0,1832.0,1832.0,1832.0,1832.0,1832.0,1832.0,1832.0,1832.0,1832.0,1832.0,1832.0,1832.0,1832.0,1832.0,1832.0,1832.0,1832.0,1832.0,1832.0,1832.0,1832.0,1832.0,1832.0,1832.0,1832.0,1832.0,2.0,0.2,284.1322,277.8212,272.7194,269.071,266.9686,266.3551,267.0534,268.8076,271.3211,274.2785,277.3485,280.1721,282.3499,283.4395,282.9759,280.5206,275.733,268.4519,258.7623,247.0256,228.37291338671923,397.6348237095392,822.5058,388.2065999999999,2029.1226,18.029800000000023
1833,1833,1833.0,1833.0,1833.0,1833.0,1833.0,1833.0,1833.0,1833.0,1833.0,1833.0,1833.0,1833.0,1833.0,1833.0,1833.0,1833.0,1833.0,1833.0,1833.0,1833.0,1833.0,1833.0,1833.0,1833.0,1833.0,1833.0,1833.0,3.0,0.3,236.8343,244.4087,250.9928,256.5517,261.1274,264.8321,267.8302,270.3189,272.5152,274.6548,277.002,279.8654,283.6115,288.6662,295.4977,304.5823,316.3624,331.2167,349.467,371.4445,183.9706465433813,330.1681249149859,1210.7124,361.0717000000002,1640.9160000000002,18.029800000000023
1834,1834,1834.0,1834.0,1834.0,1834.0,1834.0,1834.0,1834.0,1834.0,1834.0,1834.0,1834.0,1834.0,1834.0,1834.0,1834.0,1834.0,1834.0,1834.0,1834.0,1834.0,1834.0,1834.0,1834.0,1834.0,1834.0,1834.0,1834.0,4.0,0.4,199.4059,213.4512,225.9362,236.7877,246.0412,253.8331,260.3775,265.9346,270.7783,275.1664,279.3194,283.4063,287.5405,291.7866,296.1759,300.7327,305.5056,310.5991,316.2007,322.5953,207.5889068651156,274.93890766011486,1571.7841,464.71439999999984,1279.8443,18.029800000000023
1835,1835,1835.0,1835.0,1835.0,1835.0,1835.0,1835.0,1835.0,1835.0,1835.0,1835.0,1835.0,1835.0,1835.0,1835.0,1835.0,1835.0,1835.0,1835.0,1835.0,1835.0,1835.0,1835.0,1835.0,1835.0,1835.0,1835.0,1835.0,5.0,0.5,216.5893,224.768,232.2578,239.1662,245.5703,251.5184,257.0349,262.1276,266.7921,271.0125,274.7595,277.986,280.626,282.5973,283.8126,284.1987,283.7204,282.4054,280.3622,277.7845,307.38257725875326,441.56547859956726,2036.4985,446.46080000000006,815.1299000000001,18.029800000000023
1836,1836,1836.0,1836.0,1836.0,1836.0,1836.0,1836.0,1836.0,1836.0,1836.0,1836.0,1836.0,1836.0,1836.0,1836.0,1836.0,1836.0,1836.0,1836.0,1836.0,1836.0,1836.0,1836.0,1836.0,1836.0,1836.0,1836.0,1836.0,6.0,0.6,297.1515,288.1229,280.5924,274.7611,270.697,268.3317,267.4929,267.9584,269.5189,272.0374,275.495,280.0173,285.8798,293.4896,303.3483,316.0022,331.9981,351.8701,376.1856,405.6867,403.1172812940274,467.5843380138229,2482.9593,174.96540000000005,368.66910000000007,18.029800000000023
1837,1837,1837.0,1837.0,1837.0,1837.0,1837.0,1837.0,1837.0,1837.0,1837.0,1837.0,1837.0,1837.0,1837.0,1837.0,1837.0,1837.0,1837.0,1837.0,1837.0,1837.0,1837.0,1837.0,1837.0,1837.0,1837.0,1837.0,1837.0,7.0,0.7,375.6884,352.7015,333.6114,318.105,305.9523,296.9256,290.7726,287.2254,286.0289,286.9722,289.9151,294.8032,301.6728,310.6497,321.9467,335.8676,352.8277,373.4018,398.4209,429.1462,256.5209309962412,442.42256904028176,2657.9247,48.978200000000015,193.70370000000003,18.029800000000023
1838,1838,1838.0,1838.0,1838.0,1838.0,1838.0,1838.0,1838.0,1838.0,1838.0,1838.0,1838.0,1838.0,1838.0,1838.0,1838.0,1838.0,1838.0,1838.0,1838.0,1838.0,1838.0,1838.0,1838.0,1838.0,1838.0,1838.0,1838.0,8.0,0.8,264.7901,272.2884,278.6711,283.7665,287.6017,290.3857,292.4623,294.2478,296.171,298.6264,301.9479,306.4024,312.2015,319.5266,328.5631,339.5433,352.7953,368.8026,388.281,412.2911,417.3608018024362,411.7006405400478,2706.9029,44.88599999999997,144.7255,18.029800000000023
1839,1839,1839.0,1839.0,1839.0,1839.0,1839.0,1839.0,1839.0,1839.0,1839.0,1839.0,1839.0,1839.0,1839.0,1839.0,1839.0,1839.0,1839.0,1839.0,1839.0,1839.0,1839.0,1839.0,1839.0,1839.0,1839.0,1839.0,1839.0,9.0,0.9,388.1746,364.2119,344.7827,329.459,317.8866,309.6912,304.4548,301.7363,301.1109,302.2085,304.7392,308.5033,313.3915,319.3802,326.5299,334.9918,345.024,357.019,371.543,389.3952,472.4766902073537,239.80122959888635,2751.7889,99.83950000000004,99.83950000000004,18.029800000000023
1840,1840,1840.0,1840.0,1840.0,1840.0,1840.0,1840.0,1840.0,1840.0,1840.0,1840.0,1840.0,1840.0,1840.0,1840.0,1840.0,1840.0,1840.0,1840.0,1840.0,1840.0,1840.0,1840.0,1840.0,1840.0,1840.0,1840.0,1840.0,0.0,0.0,273.0,273.0,273.0,273.0,273.0,273.0,273.0,273.0,273.0,273.0,273.0,273.0,273.0,273.0,273.0,273.0,273.0,273.0,273.0,273.0,378.84703297001033,243.28235003972927,0.0,433.2305,2258.8534,-40.0
1841,1841,1841.0,1841.0,1841.0,1841.0,1841.0,1841.0,1841.0,1841.0,1841.0,1841.0,1841.0,1841.0,1841.0,1841.0,1841.0,1841.0,1841.0,1841.0,1841.0,1841.0,1841.0,1841.0,1841.0,1841.0,1841.0,1841.0,1841.0,1.0,0.1,356.6305,337.7803,321.9853,309.0333,298.7091,290.7437,284.8064,280.5234,277.5087,275.3922,273.8385,272.5544,271.2874,269.8208,267.9704,265.5845,262.5492,258.7956,254.3053,249.11,298.4596836406837,299.80489610678933,433.2305,393.3275,1825.6229,-22.25630000000001
1842,1842,1842.0,1842.0,1842.0,1842.0,1842.0,1842.0,1842.0,1842.0,1842.0,1842.0,1842.0,1842.0,1842.0,1842.0,1842.0,1842.0,1842.0,1842.0,1842.0,1842.0,1842.0,1842.0,1842.0,1842.0,1842.0,1842.0,1842.0,2.0,0.2,296.8407,295.5026,294.1619,292.625,290.8003,288.6903,286.3705,283.9599,281.5957,279.4144,277.545,276.1105,275.2335,275.0393,275.6537,277.1909,279.7357,283.324,287.9299,293.4669,281.4198561868861,371.58013383130776,826.558,305.2392,1432.2954,-24.30970000000002
1843,1843,1843.0,1843.0,1843.0,1843.0,1843.0,1843.0,1843.0,1843.0,1843.0,1843.0,1843.0,1843.0,1843.0,1843.0,1843.0,1843.0,1843.0,1843.0,1843.0,1843.0,1843.0,1843.0,1843.0,1843.0,1843.0,1843.0,1843.0,3.0,0.3,281.8061,282.2357,282.5863,282.772,282.7521,282.5345,282.1738,281.7678,281.4534,281.4045,281.8307,282.9769,285.1194,288.557,293.5951,300.5259,309.6079,321.0568,335.0565,351.802,281.834336431779,226.5480787565513,1131.7972,250.34300000000007,1127.0562,-30.46550000000002
1844,1844,1844.0,1844.0,1844.0,1844.0,1844.0,1844.0,1844.0,1844.0,1844.0,1844.0,1844.0,1844.0,1844.0,1844.0,1844.0,1844.0,1844.0,1844.0,1844.0,1844.0,1844.0,1844.0,1844.0,1844.0,1844.0,1844.0,1844.0,4.0,0.4,281.3447,281.0184,280.8282,280.7565,280.7956,280.9459,281.2109,281.5884,282.0566,282.5577,282.9793,283.139,282.7773,281.5654,279.1322,275.1126,269.2102,261.2658,251.3112,239.5925,247.89865059134533,418.1167931049065,1382.1402,322.61490000000003,876.7131999999999,-32.054100000000005
1845,1845,1845.0,1845.0,1845.0,1845.0,1845.0,1845.0,1845.0,1845.0,1845.0,1845.0,1845.0,1845.0,1845.0,1845.0,1845.0,1845.0,1845.0,1845.0,1845.0,1845.0,1845.0,1845.0,1845.0,1845.0,1845.0,1845.0,1845.0,5.0,0.5,253.9533,259.4144,264.1802,268.1937,271.4528,274.0097,275.9662,277.4683,278.7054,279.9178,281.4092,283.5612,286.8391,291.7833,298.9783,309.0055,322.3909,339.5754,360.9365,386.8927,402.3686346358306,461.0631180666389,1704.7551,178.3110999999999,554.0982999999999,-38.99029999999999
1846,1846,1846.0,1846.0,1846.0,1846.0,1846.0,1846.0,1846.0,1846.0,1846.0,1846.0,1846.0,1846.0,1846.0,1846.0,1846.0,1846.0,1846.0,1846.0,1846.0,1846.0,1846.0,1846.0,1846.0,1846.0,1846.0,1846.0,1846.0,6.0,0.6,374.7094,351.5524,332.4407,317.1042,305.3005,296.7386,291.0698,287.9212,286.9483,287.8841,290.5734,294.9862,301.2146,309.4563,319.9969,333.1968,349.4971,369.4562,393.8368,423.772,247.5645408717969,355.78625256367513,1883.0662,54.92049999999995,375.7872,-16.26139999999998
1847,1847,1847.0,1847.0,1847.0,1847.0,1847.0,1847.0,1847.0,1847.0,1847.0,1847.0,1847.0,1847.0,1847.0,1847.0,1847.0,1847.0,1847.0,1847.0,1847.0,1847.0,1847.0,1847.0,1847.0,1847.0,1847.0,1847.0,1847.0,7.0,0.7,257.5675,266.6137,274.3317,280.5346,285.2442,288.6702,291.1557,293.1064,294.9214,296.9373,299.3932,302.4175,306.0362,310.1993,314.8217,319.8345,325.2399,331.1624,337.8867,345.8785,316.0050142322839,390.9830486788621,1937.9867,86.80660000000012,320.86670000000004,-24.329799999999977
1848,1848,1848.0,1848.0,1848.0,1848.0,1848.0,1848.0,1848.0,1848.0,1848.0,1848.0,1848.0,1848.0,1848.0,1848.0,1848.0,1848.0,1848.0,1848.0,1848.0,1848.0,1848.0,1848.0,1848.0,1848.0,1848.0,1848.0,1848.0,8.0,0.8,308.8346,302.8555,298.1093,294.6062,292.3044,291.1102,290.8941,291.5169,292.8557,294.8269,297.4005,300.6073,304.5394,309.3466,315.2309,322.4404,331.2677,342.0562,355.2204,371.2893,333.8466884664675,264.6923696257002,2024.7933,88.06529999999998,234.06009999999992,-21.88979999999998
1849,1849,1849.0,1849.0,1849.0,1849.0,1849.0,1849.0,1849.0,1849.0,1849.0,1849.0,1849.0,1849.0,1849.0,1849.0,1849.0,1849.0,1849.0,1849.0,1849.0,1849.0,1849.0,1849.0,1849.0,1849.0,1849.0,1849.0,1849.0,9.0,0.9,324.2513,316.2494,309.7017,304.5003,300.5459,297.7333,295.9439,295.042,294.871,295.2484,295.9591,296.7496,297.327,297.3681,296.5426,294.5516,291.1764,286.3301,280.0961,272.7414,385.8105228838023,412.1221211855502,2112.8586,145.99479999999994,145.99479999999994,-15.266700000000014
1850,1850,1850.0,1850.0,1850.0,1850.0,1850.0,1850.0,1850.0,1850.0,1850.0,1850.0,1850.0,1850.0,1850.0,1850.0,1850.0,1850.0,1850.0,1850.0,1850.0,1850.0,1850.0,1850.0,1850.0,1850.0,1850.0,1850.0,1850.0,0.0,0.0,273.0,273.0,273.0,273.0,273.0,273.0,273.0,273.0,273.0,273.0,273.0,273.0,273.0,273.0,273.0,273.0,273.0,273.0,273.0,273.0,441.236304062369,466.0935296878289,0.0,351.0872,2395.3768,-40.0
1851,1851,1851.0,1851.0,1851.0,1851.0,1851.0,1851.0,1851.0,1851.0,1851.0,1851.0,1851.0,1851.0,1851.0,1851.0,1851.0,1851.0,1851.0,1851.0,1851.0,1851.0,1851.0,1851.0,1851.0,1851.0,1851.0,1851.0,1851.0,1.0,0.1,404.5873,374.3619,349.462,329.2451,313.2391,300.9951,292.041,285.9015,282.1524,280.4836,280.7501,282.9999,287.4741,294.5777,304.8269,318.7857,337.0142,360.0619,388.5465,423.364,281.9866282601531,395.2123488892452,351.0872,95.5928,2044.2896,-12.00490000000002
1852,1852,1852.0,1852.0,1852.0,1852.0,1852.0,1852.0,1852.0,1852.0,1852.0,1852.0,1852.0,1852.0,1852.0,1852.0,1852.0,1852.0,1852.0,1852.0,1852.0,1852.0,1852.0,1852.0,1852.0,1852.0,1852.0,1852.0,1852.0,2.0,0.2,285.8919,289.4896,292.376,294.3213,295.2989,295.4722,295.1483,294.7156,294.5794,295.1092,296.6032,299.2729,303.2474,308.592,315.3419,323.5444,333.3082,344.8553,358.5718,375.0618,349.94098091902265,210.16541606824185,446.68,101.55299999999994,1948.6968,-17.527800000000013
1853,1853,1853.0,1853.0,1853.0,1853.0,1853.0,1853.0,1853.0,1853.0,1853.0,1853.0,1853.0,1853.0,1853.0,1853.0,1853.0,1853.0,1853.0,1853.0,1853.0,1853.0,1853.0,1853.0,1853.0,1853.0,1853.0,1853.0,1853.0,3.0,0.3,336.7337,325.7165,316.7086,309.5638,304.1283,300.2205,297.6274,296.1081,295.3954,295.192,295.1575,294.8949,293.9405,291.7718,287.8377,281.6172,272.6999,260.8762,246.2126,229.0878,318.6733205472865,199.267263368282,548.233,267.89930000000004,1847.1438,-12.779499999999985
1854,1854,1854.0,1854.0,1854.0,1854.0,1854.0,1854.0,1854.0,1854.0,1854.0,1854.0,1854.0,1854.0,1854.0,1854.0,1854.0,1854.0,1854.0,1854.0,1854.0,1854.0,1854.0,1854.0,1854.0,1854.0,1854.0,1854.0,1854.0,4.0,0.4,313.5681,309.4086,305.947,302.9872,300.3795,298.0093,295.7815,293.6029,291.3656,288.9369,286.1533,282.823,278.7338,273.6664,267.4121,259.7923,250.6788,240.0112,227.8082,214.1697,271.8648247065764,241.4685096069165,816.1323,406.4564,1579.2445,-14.990700000000004
1855,1855,1855.0,1855.0,1855.0,1855.0,1855.0,1855.0,1855.0,1855.0,1855.0,1855.0,1855.0,1855.0,1855.0,1855.0,1855.0,1855.0,1855.0,1855.0,1855.0,1855.0,1855.0,1855.0,1855.0,1855.0,1855.0,1855.0,1855.0,5.0,0.5,275.4859,278.8227,281.651,283.807,285.1976,285.7961,285.6283,284.7532,283.2454,281.1832,278.6432,275.7013,272.4357,268.9287,265.2634,261.5137,257.7284,253.9131,250.0162,245.9239,416.9927974543849,377.9914760563107,1222.5887,381.2344000000001,1172.7881,-27.203899999999976
1856,1856,1856.0,1856.0,1856.0,1856.0,1856.0,1856.0,1856.0,1856.0,1856.0,1856.0,1856.0,1856.0,1856.0,1856.0,1856.0,1856.0,1856.0,1856.0,1856.0,1856.0,1856.0,1856.0,1856.0,1856.0,1856.0,1856.0,1856.0,6.0,0.6,387.2229,362.54,342.1567,325.5592,312.3228,302.0207,294.2035,288.4259,284.2953,281.523,279.9626,279.6285,280.6914,283.4498,288.2801,295.5739,305.6741,318.8298,335.1901,354.855,279.49706298237794,415.21253996799,1603.8231,173.06259999999995,791.5536999999999,-10.979300000000023
1857,1857,1857.0,1857.0,1857.0,1857.0,1857.0,1857.0,1857.0,1857.0,1857.0,1857.0,1857.0,1857.0,1857.0,1857.0,1857.0,1857.0,1857.0,1857.0,1857.0,1857.0,1857.0,1857.0,1857.0,1857.0,1857.0,1857.0,1857.0,7.0,0.7,283.5528,287.2696,290.2578,292.2832,293.2944,293.413,292.8985,292.0983,291.4,291.1936,291.8492,293.708,297.0838,302.2692,309.5424,319.176,331.4512,346.6851,365.2817,387.822,283.9038565859521,232.407035272064,1776.8857,124.94419999999992,618.4911,-19.58699999999999
1858,1858,1858.0,1858.0,1858.0,1858.0,1858.0,1858.0,1858.0,1858.0,1858.0,1858.0,1858.0,1858.0,1858.0,1858.0,1858.0,1858.0,1858.0,1858.0,1858.0,1858.0,1858.0,1858.0,1858.0,1858.0,1858.0,1858.0,1858.0,8.0,0.8,284.2135,284.7001,285.3057,285.9893,286.7293,287.5228,288.3794,289.3093,290.3053,291.3201,292.2415,292.8716,292.9176,292.0001,289.6864,285.5488,279.2424,270.5887,259.6438,246.7294,265.2668670028464,368.2394055238013,1901.8299,227.90719999999988,493.5469000000001,-25.477199999999986
1859,1859,1859.0,1859.0,1859.0,1859.0,1859.0,1859.0,1859.0,1859.0,1859.0,1859.0,1859.0,1859.0,1859.0,1859.0,1859.0,1859.0,1859.0,1859.0,1859.0,1859.0,1859.0,1859.0,1859.0,1859.0,1859.0,1859.0,1859.0,9.0,0.9,268.7462,271.9808,274.8972,277.4455,279.6046,281.3821,282.8122,283.9541,284.8938,285.7508,286.6903,287.9347,289.7716,292.5501,296.662,302.5074,310.4532,320.7972,333.7578,349.5043,226.329614227822,200.3395002872568,2129.7371,265.6397000000002,265.6397000000002,-31.61790000000002
1860,1860,1860.0,1860.0,1860.0,1860.0,1860.0,1860.0,1860.0,1860.0,1860.0,1860.0,1860.0,1860.0,1860.0,1860.0,1860.0,1860.0,1860.0,1860.0,1860.0,1860.0,1860.0,1860.0,1860.0,1860.0,1860.0,1860.0,1860.0,0.0,0.0,273.0,273.0,273.0,273.0,273.0,273.0,273.0,273.0,273.0,273.0,273.0,273.0,273.0,273.0,273.0,273.0,273.0,273.0,273.0,273.0,219.4512085558564,208.37296014897387,0.0,510.5267,2097.0576,-40.0
1861,1861,1861.0,1861.0,1861.0,1861.0,1861.0,1861.0,1861.0,1861.0,1861.0,1861.0,1861.0,1861.0,1861.0,1861.0,1861.0,1861.0,1861.0,1861.0,1861.0,1861.0,1861.0,1861.0,1861.0,1861.0,1861.0,1861.0,1861.0,1.0,0.1,229.8432,239.1659,247.2478,253.9971,259.4121,263.5713,266.6083,268.6795,269.9307,270.4676,270.3361,269.5107,267.8948,265.3315,261.6259,256.5776,250.0194,241.8565,232.0962,220.8603,464.2398035925201,283.4798605812985,510.5267,575.3999,1586.5309000000002,-49.42869999999999
1862,1862,1862.0,1862.0,1862.0,1862.0,1862.0,1862.0,1862.0,1862.0,1862.0,1862.0,1862.0,1862.0,1862.0,1862.0,1862.0,1862.0,1862.0,1862.0,1862.0,1862.0,1862.0,1862.0,1862.0,1862.0,1862.0,1862.0,1862.0,2.0,0.2,420.2682,384.1739,354.5357,330.5745,311.7191,297.383,286.8894,279.4921,274.4446,271.0766,268.8536,267.4079,266.5402,266.1973,266.4308,267.3461,269.0472,271.5875,274.9361,278.9681,415.7865747096461,377.84329096878025,1085.9266,366.6464000000001,1011.131,-15.61700000000002
1863,1863,1863.0,1863.0,1863.0,1863.0,1863.0,1863.0,1863.0,1863.0,1863.0,1863.0,1863.0,1863.0,1863.0,1863.0,1863.0,1863.0,1863.0,1863.0,1863.0,1863.0,1863.0,1863.0,1863.0,1863.0,1863.0,1863.0,1863.0,3.0,0.3,389.9091,368.686,350.9773,336.018,323.3006,312.4983,303.41,295.9215,289.9801,285.5825,282.7728,281.6452,282.3465,285.0698,290.0384,297.4792,307.5944,320.5444,336.4556,355.4701,257.06246127011855,397.4308060101523,1452.573,163.05139999999983,644.4846,-0.501700000000028
1864,1864,1864.0,1864.0,1864.0,1864.0,1864.0,1864.0,1864.0,1864.0,1864.0,1864.0,1864.0,1864.0,1864.0,1864.0,1864.0,1864.0,1864.0,1864.0,1864.0,1864.0,1864.0,1864.0,1864.0,1864.0,1864.0,1864.0,1864.0,4.0,0.4,266.6525,275.3039,282.5167,287.9979,291.6922,293.7664,294.5604,294.5216,294.1412,293.9028,294.2492,295.5675,298.1877,302.3905,308.4202,316.4998,326.8512,339.7234,355.4348,374.4399,334.6253987631949,425.1546947096812,1615.6244,90.24040000000014,481.43320000000017,-19.233600000000024
1865,1865,1865.0,1865.0,1865.0,1865.0,1865.0,1865.0,1865.0,1865.0,1865.0,1865.0,1865.0,1865.0,1865.0,1865.0,1865.0,1865.0,1865.0,1865.0,1865.0,1865.0,1865.0,1865.0,1865.0,1865.0,1865.0,1865.0,1865.0,5.0,0.5,324.0792,315.2449,308.0557,302.4445,298.3156,295.5417,293.9791,293.4933,293.9861,295.4155,297.8076,301.2578,305.9255,312.0255,319.8197,329.6142,341.7663,356.7098,375.0055,397.4344,312.04480523409507,401.8032242651356,1705.8648,48.550199999999904,391.1928,-17.45830000000001
1866,1866,1866.0,1866.0,1866.0,1866.0,1866.0,1866.0,1866.0,1866.0,1866.0,1866.0,1866.0,1866.0,1866.0,1866.0,1866.0,1866.0,1866.0,1866.0,1866.0,1866.0,1866.0,1866.0,1866.0,1866.0,1866.0,1866.0,1866.0,6.0,0.6,307.7952,304.3877,301.68,299.5766,298.0284,297.0283,296.6026,296.8007,297.6852,299.3246,301.7888,305.1485,309.48,314.873,321.4451,329.3602,338.853,350.2605,364.0606,380.9258,370.58300405496686,421.15991114825965,1754.415,46.41610000000014,342.64260000000013,-15.971699999999998
1867,1867,1867.0,1867.0,1867.0,1867.0,1867.0,1867.0,1867.0,1867.0,1867.0,1867.0,1867.0,1867.0,1867.0,1867.0,1867.0,1867.0,1867.0,1867.0,1867.0,1867.0,1867.0,1867.0,1867.0,1867.0,1867.0,1867.0,1867.0,7.0,0.7,353.5183,339.3996,327.8855,318.7319,311.7302,306.6771,303.3681,301.6067,301.2213,302.0815,304.1115,307.2974,311.6908,317.4083,324.6327,333.6151,344.6857,358.2757,374.9609,395.5385,191.51309794004268,393.8882690297099,1800.8311,42.38839999999982,296.2265,-6.322900000000004
1868,1868,1868.0,1868.0,1868.0,1868.0,1868.0,1868.0,1868.0,1868.0,1868.0,1868.0,1868.0,1868.0,1868.0,1868.0,1868.0,1868.0,1868.0,1868.0,1868.0,1868.0,1868.0,1868.0,1868.0,1868.0,1868.0,1868.0,1868.0,8.0,0.8,212.9488,232.4679,249.4495,263.5615,274.7857,283.3807,289.8023,294.6098,298.3792,301.6401,304.8388,308.3284,312.3781,317.1982,322.9711,329.8884,338.1886,348.1954,360.3589,375.3025,373.7175043432565,231.2010341849455,1843.2195,96.9149,253.83810000000017,-29.61930000000001
1869,1869,1869.0,1869.0,1869.0,1869.0,1869.0,1869.0,1869.0,1869.0,1869.0,1869.0,1869.0,1869.0,1869.0,1869.0,1869.0,1869.0,1869.0,1869.0,1869.0,1869.0,1869.0,1869.0,1869.0,1869.0,1869.0,1869.0,1869.0,9.0,0.9,352.7762,335.2254,320.9927,310.0162,302.1337,297.0401,294.3007,293.3967,293.7779,294.9023,296.253,297.3363,297.6699,296.777,294.1969,289.5202,282.4449,272.8435,260.821,246.7408,281.5284651014959,439.17208523598975,1940.1344,156.92320000000018,156.92320000000018,-15.959900000000005
1870,1870,1870.0,1870.0,1870.0,1870.0,1870.0,1870.0,1870.0,1870.0,1870.0,1870.0,1870.0,1870.0,1870.0,1870.0,1870.0,1870.0,1870.0,1870.0,1870.0,1870.0,1870.0,1870.0,1870.0,1870.0,1870.0,1870.0,1870.0,0.0,0.0,273.0,273.0,273.0,273.0,273.0,273.0,273.0,273.0,273.0,273.0,273.0,273.0,273.0,273.0,273.0,273.0,273.0,273.0,273.0,273.0,380.5823450301265,180.48172224035687,0.0,470.8814,2702.1061,1.354600000000005
1871,1871,1871.0,1871.0,1871.0,1871.0,1871.0,1871.0,1871.0,1871.0,1871.0,1871.0,1871.0,1871.0,1871.0,1871.0,1871.0,1871.0,1871.0,1871.0,1871.0,1871.0,1871.0,1871.0,1871.0,1871.0,1871.0,1871.0,1871.0,1.0,0.1,357.9778,338.8116,322.7561,309.5877,299.0796,290.9476,284.8379,280.3412,277.018,274.4198,272.1008,269.6203,266.5398,262.4252,256.8589,249.469,239.9701,228.2104,214.2101,198.176,174.7750999406117,436.0871404842487,470.8814,491.0255,2231.2247,1.354600000000005
1872,1872,1872.0,1872.0,1872.0,1872.0,1872.0,1872.0,1872.0,1872.0,1872.0,1872.0,1872.0,1872.0,1872.0,1872.0,1872.0,1872.0,1872.0,1872.0,1872.0,1872.0,1872.0,1872.0,1872.0,1872.0,1872.0,1872.0,1872.0,2.0,0.2,197.3226,217.6822,235.0888,249.1012,259.6346,266.9234,271.4401,273.804,274.7052,274.8594,274.9944,275.8585,278.2317,282.9214,290.7301,302.3968,318.5326,339.5858,365.8854,397.8047,279.01924434586107,346.6498745571514,961.9069,327.6567,1740.1992,1.354600000000005
1873,1873,1873.0,1873.0,1873.0,1873.0,1873.0,1873.0,1873.0,1873.0,1873.0,1873.0,1873.0,1873.0,1873.0,1873.0,1873.0,1873.0,1873.0,1873.0,1873.0,1873.0,1873.0,1873.0,1873.0,1873.0,1873.0,1873.0,1873.0,3.0,0.3,275.4417,272.3172,269.9143,268.4071,267.8583,268.2321,269.4273,271.32,273.7998,276.7923,280.2626,284.2053,288.6279,293.5375,298.9381,304.8433,311.3018,318.431,326.4486,335.6959,181.15681424425577,429.8815863112351,1289.5636,291.9385,1412.5425,1.354600000000005
1874,1874,1874.0,1874.0,1874.0,1874.0,1874.0,1874.0,1874.0,1874.0,1874.0,1874.0,1874.0,1874.0,1874.0,1874.0,1874.0,1874.0,1874.0,1874.0,1874.0,1874.0,1874.0,1874.0,1874.0,1874.0,1874.0,1874.0,1874.0,4.0,0.4,198.5328,214.324,228.2237,240.0858,249.9423,257.987,264.5354,269.976,274.7269,279.2068,283.8219,288.9676,295.036,302.4256,311.5465,322.822,336.6941,353.6437,374.2437,399.2673,345.3575047037777,379.5164768573096,1581.5021,237.3074000000001,1120.604,1.354600000000005
1875,1875,1875.0,1875.0,1875.0,1875.0,1875.0,1875.0,1875.0,1875.0,1875.0,1875.0,1875.0,1875.0,1875.0,1875.0,1875.0,1875.0,1875.0,1875.0,1875.0,1875.0,1875.0,1875.0,1875.0,1875.0,1875.0,1875.0,1875.0,5.0,0.5,327.6375,312.3553,299.7463,289.9808,283.0813,278.8994,277.1437,277.4382,279.3892,282.6405,286.9068,291.9861,297.7567,304.1689,311.2396,319.0556,327.7866,337.707,349.2224,362.9015,468.32665245530586,408.3260267999549,1818.8095,120.73979999999985,883.2965999999999,1.354600000000005
1876,1876,1876.0,1876.0,1876.0,1876.0,1876.0,1876.0,1876.0,1876.0,1876.0,1876.0,1876.0,1876.0,1876.0,1876.0,1876.0,1876.0,1876.0,1876.0,1876.0,1876.0,1876.0,1876.0,1876.0,1876.0,1876.0,1876.0,1876.0,6.0,0.6,426.8605,393.4085,366.2649,344.4481,327.3158,314.3546,305.0804,299.0114,295.6801,294.6632,295.6105,298.2666,302.4808,308.2085,315.5062,324.5252,335.5096,348.8045,364.8835,384.4067,188.54770022933047,175.4329160038471,1939.5493,114.6400000000001,762.5568000000001,1.354600000000005
1877,1877,1877.0,1877.0,1877.0,1877.0,1877.0,1877.0,1877.0,1877.0,1877.0,1877.0,1877.0,1877.0,1877.0,1877.0,1877.0,1877.0,1877.0,1877.0,1877.0,1877.0,1877.0,1877.0,1877.0,1877.0,1877.0,1877.0,1877.0,7.0,0.7,212.768,234.699,253.4487,268.5323,279.902,287.8817,293.0407,296.0446,297.5151,297.9183,297.4913,296.2085,293.7871,289.7297,283.4028,274.1481,261.4158,244.9055,224.6814,201.2309,183.8274393322864,464.15321783790415,2054.1893,305.3546000000001,647.9168,1.354600000000005
1878,1878,1878.0,1878.0,1878.0,1878.0,1878.0,1878.0,1878.0,1878.0,1878.0,1878.0,1878.0,1878.0,1878.0,1878.0,1878.0,1878.0,1878.0,1878.0,1878.0,1878.0,1878.0,1878.0,1878.0,1878.0,1878.0,1878.0,1878.0,8.0,0.8,201.1767,217.0869,231.3307,243.7574,254.304,262.9965,269.9478,275.3549,279.5026,282.7736,285.6644,288.7989,292.9305,298.9205,307.687,320.1317,337.0659,359.1804,387.1087,421.641,334.51524558048567,437.9908182040306,2359.5439,213.4676999999997,342.56219999999985,1.354600000000005
1879,1879,1879.0,1879.0,1879.0,1879.0,1879.0,1879.0,1879.0,1879.0,1879.0,1879.0,1879.0,1879.0,1879.0,1879.0,1879.0,1879.0,1879.0,1879.0,1879.0,1879.0,1879.0,1879.0,1879.0,1879.0,1879.0,1879.0,1879.0,9.0,0.9,319.5856,306.7086,296.1398,288.0521,282.4737,279.277,278.2142,278.9794,281.2755,284.8684,289.6188,295.4914,302.5473,310.9304,320.8554,332.6076,346.56,363.2113,383.2541,407.6852,207.42094012210305,272.9777666512055,2573.0116,129.09450000000015,129.09450000000015,1.354600000000005
1880,1880,1880.0,1880.0,1880.0,1880.0,1880.0,1880.0,1880.0,1880.0,1880.0,1880.0,1880.0,1880.0,1880.0,1880.0,1880.0,1880.0,1880.0,1880.0,1880.0,1880.0,1880.0,1880.0,1880.0,1880.0,1880.0,1880.0,1880.0,0.0,0.0,273.0,273.0,273.0,273.0,273.0,273.0,273.0,273.0,273.0,273.0,273.0,273.0,273.0,273.0,273.0,273.0,273.0,273.0,273.0,273.0,471.17743541020593,379.9325125295445,0.0,372.7888,2674.9583,-40.0
1881,1881,1881.0,1881.0,1881.0,1881.0,1881.0,1881.0,1881.0,1881.0,1881.0,1881.0,1881.0,1881.0,1881.0,1881.0,1881.0,1881.0,1881.0,1881.0,1881.0,1881.0,1881.0,1881.0,1881.0,1881.0,1881.0,1881.0,1881.0,1.0,0.1,427.1788,391.4164,362.1986,338.5695,319.8746,305.5346,294.9566,287.5339,282.6921,279.9475,278.9549,279.5333,281.6664,285.4798,291.1993,299.0997,309.4543,322.5009,338.4398,357.4785,353.270555574144,467.7526362780543,372.7888,164.1289,2302.1695,-7.465399999999988
1882,1882,1882.0,1882.0,1882.0,1882.0,1882.0,1882.0,1882.0,1882.0,1882.0,1882.0,1882.0,1882.0,1882.0,1882.0,1882.0,1882.0,1882.0,1882.0,1882.0,1882.0,1882.0,1882.0,1882.0,1882.0,1882.0,1882.0,1882.0,2.0,0.2,342.7458,334.0716,326.6518,320.0763,314.1215,308.7329,303.9925,300.079,297.2297,295.7134,295.8153,297.8346,302.0872,308.9097,318.6621,331.731,348.5458,369.6233,395.6691,427.7717,303.2177949337324,393.8057083109097,536.9177,43.3492,2138.0406,-4.267100000000028
1883,1883,1883.0,1883.0,1883.0,1883.0,1883.0,1883.0,1883.0,1883.0,1883.0,1883.0,1883.0,1883.0,1883.0,1883.0,1883.0,1883.0,1883.0,1883.0,1883.0,1883.0,1883.0,1883.0,1883.0,1883.0,1883.0,1883.0,1883.0,3.0,0.3,302.3063,301.8417,301.5705,301.3253,301.0384,300.7398,300.5395,300.6025,301.1184,302.2745,304.2334,307.1199,311.0194,315.987,322.0711,329.347,337.9605,348.1742,360.4153,375.323,349.7680640672364,318.11064706600166,580.2669,45.890300000000025,2094.6914,-12.260199999999998
1884,1884,1884.0,1884.0,1884.0,1884.0,1884.0,1884.0,1884.0,1884.0,1884.0,1884.0,1884.0,1884.0,1884.0,1884.0,1884.0,1884.0,1884.0,1884.0,1884.0,1884.0,1884.0,1884.0,1884.0,1884.0,1884.0,1884.0,1884.0,4.0,0.4,337.515,327.403,319.2124,312.7703,307.9158,304.483,302.298,301.183,300.9628,301.4675,302.5322,303.9937,305.6886,307.4577,309.1579,310.6848,312.0009,313.1649,314.3529,315.8646,381.06931235357865,230.7923359612212,626.1572,120.3908,2048.8011,-8.516999999999996
1885,1885,1885.0,1885.0,1885.0,1885.0,1885.0,1885.0,1885.0,1885.0,1885.0,1885.0,1885.0,1885.0,1885.0,1885.0,1885.0,1885.0,1885.0,1885.0,1885.0,1885.0,1885.0,1885.0,1885.0,1885.0,1885.0,1885.0,1885.0,5.0,0.5,362.818,347.8398,335.5974,325.6994,317.8297,311.705,307.0516,303.5937,301.0478,299.1187,297.4952,295.846,293.8203,291.0545,287.1924,281.9159,274.9864,266.2874,255.8587,243.9082,187.83155970488048,351.86256617952654,746.548,206.0789,1928.4103,-1.295000000000016
1886,1886,1886.0,1886.0,1886.0,1886.0,1886.0,1886.0,1886.0,1886.0,1886.0,1886.0,1886.0,1886.0,1886.0,1886.0,1886.0,1886.0,1886.0,1886.0,1886.0,1886.0,1886.0,1886.0,1886.0,1886.0,1886.0,1886.0,1886.0,6.0,0.6,210.4134,230.9122,248.584,262.9982,274.0634,281.9862,287.1878,290.209,291.6279,292.0059,291.8632,291.6792,291.9048,292.9736,295.3015,299.2706,305.2011,313.3245,323.7738,336.6053,185.88202267997693,211.998109886994,952.6269,304.8325,1722.3313999999998,-31.013800000000003
1887,1887,1887.0,1887.0,1887.0,1887.0,1887.0,1887.0,1887.0,1887.0,1887.0,1887.0,1887.0,1887.0,1887.0,1887.0,1887.0,1887.0,1887.0,1887.0,1887.0,1887.0,1887.0,1887.0,1887.0,1887.0,1887.0,1887.0,1887.0,7.0,0.7,202.1473,217.0553,230.4381,242.1921,252.285,260.7527,267.6858,273.2092,277.455,280.533,282.5015,283.3419,282.9448,281.1128,277.5843,272.0803,264.3692,254.3379,242.0516,227.7835,276.50705915849494,241.6544122260188,1257.4594,524.6009000000001,1417.4988999999998,-52.2473
1888,1888,1888.0,1888.0,1888.0,1888.0,1888.0,1888.0,1888.0,1888.0,1888.0,1888.0,1888.0,1888.0,1888.0,1888.0,1888.0,1888.0,1888.0,1888.0,1888.0,1888.0,1888.0,1888.0,1888.0,1888.0,1888.0,1888.0,1888.0,8.0,0.8,273.0331,269.9841,267.6463,266.1913,265.65,265.918,266.7854,267.9807,269.2173,270.2317,270.8093,270.7972,270.1059,268.7027,266.5996,263.8381,260.4719,256.5504,252.1057,247.1455,234.5112244506377,350.78419067997413,1782.0603,528.8831999999998,892.8979999999997,-47.082
1889,1889,1889.0,1889.0,1889.0,1889.0,1889.0,1889.0,1889.0,1889.0,1889.0,1889.0,1889.0,1889.0,1889.0,1889.0,1889.0,1889.0,1889.0,1889.0,1889.0,1889.0,1889.0,1889.0,1889.0,1889.0,1889.0,1889.0,1889.0,9.0,0.9,241.3013,247.3319,252.5315,256.8723,260.3783,263.1221,265.2162,266.8022,268.0453,269.1347,270.2907,271.7734,273.888,276.9789,281.4102,287.5314,295.6376,305.9363,318.5366,333.4749,323.3692724551111,444.13699298494447,2310.9435,364.0147999999999,364.0147999999999,-49.87790000000001
1890,1890,1890.0,1890.0,1890.0,1890.0,1890.0,1890.0,1890.0,1890.0,1890.0,1890.0,1890.0,1890.0,1890.0,1890.0,1890.0,1890.0,1890.0,1890.0,1890.0,1890.0,1890.0,1890.0,1890.0,1890.0,1890.0,1890.0,1890.0,0.0,0.0,273.0,273.0,273.0,273.0,273.0,273.0,273.0,273.0,273.0,273.0,273.0,273.0,273.0,273.0,273.0,273.0,273.0,273.0,273.0,273.0,466.6054939719865,299.11654969900763,0.0,402.8326,1787.6703,-40.0
1891,1891,1891.0,1891.0,1891.0,1891.0,1891.0,1891.0,1891.0,1891.0,1891.0,1891.0,1891.0,1891.0,1891.0,1891.0,1891.0,1891.0,1891.0,1891.0,1891.0,1891.0,1891.0,1891.0,1891.0,1891.0,1891.0,1891.0,1891.0,1.0,0.1,423.7461,388.829,360.2609,337.134,318.8159,304.7334,294.2869,286.8471,281.7946,278.5695,276.7098,275.8718,275.8295,276.4592,277.7153,279.6013,282.1428,285.3645,289.2757,293.8669,186.7095859503406,236.96261348972064,402.8326,327.8446,1384.8377,-8.266599999999983
1892,1892,1892.0,1892.0,1892.0,1892.0,1892.0,1892.0,1892.0,1892.0,1892.0,1892.0,1892.0,1892.0,1892.0,1892.0,1892.0,1892.0,1892.0,1892.0,1892.0,1892.0,1892.0,1892.0,1892.0,1892.0,1892.0,1892.0,1892.0,2.0,0.2,209.9546,230.8897,248.6069,262.599,272.793,279.4913,283.2554,284.7681,284.7079,283.654,282.029,280.079,277.8823,275.3801,272.4209,268.811,264.366,258.9556,252.5355,245.1585,338.979996045796,330.2568823130003,730.6772,389.4264,1056.9931,-33.508699999999976
1893,1893,1893.0,1893.0,1893.0,1893.0,1893.0,1893.0,1893.0,1893.0,1893.0,1893.0,1893.0,1893.0,1893.0,1893.0,1893.0,1893.0,1893.0,1893.0,1893.0,1893.0,1893.0,1893.0,1893.0,1893.0,1893.0,1893.0,1893.0,3.0,0.3,324.6596,312.3736,302.1923,294.1243,288.0603,283.7664,280.9171,279.1546,278.1506,277.6602,277.5547,277.8341,278.619,280.1261,282.6295,286.4141,291.7264,298.7352,307.5114,318.0387,428.2268243001957,437.34062330501456,1120.1036,240.1300000000001,667.5667000000001,-29.233600000000024
1894,1894,1894.0,1894.0,1894.0,1894.0,1894.0,1894.0,1894.0,1894.0,1894.0,1894.0,1894.0,1894.0,1894.0,1894.0,1894.0,1894.0,1894.0,1894.0,1894.0,1894.0,1894.0,1894.0,1894.0,1894.0,1894.0,1894.0,1894.0,4.0,0.4,396.6781,370.7187,349.3212,331.844,317.8289,306.891,298.6736,292.8467,289.1286,287.3173,287.3162,289.1498,292.9638,299.0099,307.6178,319.1624,334.0399,352.6709,375.5534,403.3926,318.16847019906874,366.8755315046162,1360.2336,86.60519999999997,427.4367,-6.1089999999999804
1895,1895,1895.0,1895.0,1895.0,1895.0,1895.0,1895.0,1895.0,1895.0,1895.0,1895.0,1895.0,1895.0,1895.0,1895.0,1895.0,1895.0,1895.0,1895.0,1895.0,1895.0,1895.0,1895.0,1895.0,1895.0,1895.0,1895.0,1895.0,5.0,0.5,314.9408,312.4434,310.2752,308.1722,306.0238,303.8628,301.8333,300.145,299.0266,298.6854,299.2791,300.9025,303.5888,307.3243,312.0752,317.8227,324.6036,332.5516,341.932,353.1704,233.00136174055373,449.28557256717727,1446.8388,74.9668999999999,340.8315,-9.137200000000009
1896,1896,1896.0,1896.0,1896.0,1896.0,1896.0,1896.0,1896.0,1896.0,1896.0,1896.0,1896.0,1896.0,1896.0,1896.0,1896.0,1896.0,1896.0,1896.0,1896.0,1896.0,1896.0,1896.0,1896.0,1896.0,1896.0,1896.0,1896.0,6.0,0.6,245.2018,256.3148,266.0265,274.1651,280.7203,285.8331,289.7652,292.8585,295.4983,298.0864,301.0274,304.7263,309.5929,316.0485,324.531,335.5002,349.4497,366.9395,388.6686,415.6146,335.62807276629724,426.5248091265137,1521.8057,60.59140000000002,265.8646000000001,-27.1669
1897,1897,1897.0,1897.0,1897.0,1897.0,1897.0,1897.0,1897.0,1897.0,1897.0,1897.0,1897.0,1897.0,1897.0,1897.0,1897.0,1897.0,1897.0,1897.0,1897.0,1897.0,1897.0,1897.0,1897.0,1897.0,1897.0,1897.0,1897.0,7.0,0.7,323.8359,313.9248,305.9478,299.9265,295.8105,293.4704,292.7183,293.3443,295.1544,298.0017,301.8035,306.5473,312.2876,319.1423,327.2921,336.9893,348.578,362.5287,379.4926,400.3853,205.0912514897207,348.0018066604948,1582.3971,55.16880000000015,205.2732000000001,-19.529600000000016
1898,1898,1898.0,1898.0,1898.0,1898.0,1898.0,1898.0,1898.0,1898.0,1898.0,1898.0,1898.0,1898.0,1898.0,1898.0,1898.0,1898.0,1898.0,1898.0,1898.0,1898.0,1898.0,1898.0,1898.0,1898.0,1898.0,1898.0,1898.0,8.0,0.8,222.013,237.4215,250.9249,262.3273,271.6472,279.0916,284.9993,289.7716,293.806,297.4463,300.9519,304.4882,308.1352,311.9109,315.8058,319.8246,324.0308,328.5868,333.7846,340.0617,391.952112879621,454.4847887264038,1637.5659,105.40859999999998,150.10439999999994,-33.90839999999997
1899,1899,1899.0,1899.0,1899.0,1899.0,1899.0,1899.0,1899.0,1899.0,1899.0,1899.0,1899.0,1899.0,1899.0,1899.0,1899.0,1899.0,1899.0,1899.0,1899.0,1899.0,1899.0,1899.0,1899.0,1899.0,1899.0,1899.0,1899.0,9.0,0.9,366.7137,345.6224,328.4319,314.9891,305.0877,298.4067,294.5201,292.9516,293.2479,295.047,298.127,302.4304,308.0653,315.2883,324.4772,336.1008,350.7006,368.9002,391.4674,419.4571,216.7190177383092,345.19609584633315,1742.9745,44.69579999999996,44.69579999999996,-14.5933
1900,1900,1900.0,1900.0,1900.0,1900.0,1900.0,1900.0,1900.0,1900.0,1900.0,1900.0,1900.0,1900.0,1900.0,1900.0,1900.0,1900.0,1900.0,1900.0,1900.0,1900.0,1900.0,1900.0,1900.0,1900.0,1900.0,1900.0,1900.0,0.0,0.0,273.0,273.0,273.0,273.0,273.0,273.0,273.0,273.0,273.0,273.0,273.0,273.0,273.0,273.0,273.0,273.0,273.0,273.0,273.0,273.0,367.0657437993197,443.5232729406368,0.0,360.6622,3530.306,-40.0
1901,1901,1901.0,1901.0,1901.0,1901.0,1901.0,1901.0,1901.0,1901.0,1901.0,1901.0,1901.0,1901.0,1901.0,1901.0,1901.0,1901.0,1901.0,1901.0,1901.0,1901.0,1901.0,1901.0,1901.0,1901.0,1901.0,1901.0,1901.0,1.0,0.1,347.457,330.7402,316.7,305.1871,296.0418,289.061,284.005,280.6297,278.7329,278.1998,279.0402,281.4082,285.6028,292.0447,301.2342,313.6975,329.9399,350.4337,375.6715,406.3213,337.4816075309038,215.6794701656855,360.6622,169.79769999999996,3169.6438,-23.93900000000002
1902,1902,1902.0,1902.0,1902.0,1902.0,1902.0,1902.0,1902.0,1902.0,1902.0,1902.0,1902.0,1902.0,1902.0,1902.0,1902.0,1902.0,1902.0,1902.0,1902.0,1902.0,1902.0,1902.0,1902.0,1902.0,1902.0,1902.0,1902.0,2.0,0.2,327.4722,319.0266,311.868,305.8068,300.7277,296.571,293.309,290.9168,289.34,288.4614,288.071,287.8449,287.3379,286.0007,283.2234,278.4102,271.0754,260.9461,248.0468,232.737,192.1530804897725,359.858656547422,530.4599,272.5262,2999.8461,-16.428999999999974
1903,1903,1903.0,1903.0,1903.0,1903.0,1903.0,1903.0,1903.0,1903.0,1903.0,1903.0,1903.0,1903.0,1903.0,1903.0,1903.0,1903.0,1903.0,1903.0,1903.0,1903.0,1903.0,1903.0,1903.0,1903.0,1903.0,1903.0,1903.0,3.0,0.3,211.5555,229.1382,244.3384,256.8328,266.5607,273.6955,278.5832,281.6694,283.4371,284.3657,284.9149,285.5284,286.6455,288.7091,292.1601,297.413,304.8218,314.6462,327.0413,342.0855,207.0702423390131,387.6722272936046,802.9861,304.36299999999994,2727.3199,-39.30450000000002
1904,1904,1904.0,1904.0,1904.0,1904.0,1904.0,1904.0,1904.0,1904.0,1904.0,1904.0,1904.0,1904.0,1904.0,1904.0,1904.0,1904.0,1904.0,1904.0,1904.0,1904.0,1904.0,1904.0,1904.0,1904.0,1904.0,1904.0,1904.0,4.0,0.4,218.5065,228.9378,238.3462,246.733,254.124,260.5751,266.1782,271.0656,275.4118,279.4328,283.3821,287.5444,292.2269,297.75,304.4368,312.6066,322.5736,334.6575,349.2119,366.6779,261.9066296783461,190.1317192818562,1107.3491,340.58730000000014,2422.9569,-52.42489999999998
1905,1905,1905.0,1905.0,1905.0,1905.0,1905.0,1905.0,1905.0,1905.0,1905.0,1905.0,1905.0,1905.0,1905.0,1905.0,1905.0,1905.0,1905.0,1905.0,1905.0,1905.0,1905.0,1905.0,1905.0,1905.0,1905.0,1905.0,1905.0,5.0,0.5,261.8067,261.7761,262.0626,262.8385,264.186,266.0974,268.4877,271.2103,274.0685,276.8174,279.1566,280.718,281.0579,279.6657,275.9961,269.5321,259.8718,246.8269,230.5062,211.3559,181.78912882988595,222.6877999139584,1447.9364,563.1685,2082.3696,-46.90260000000001
1906,1906,1906.0,1906.0,1906.0,1906.0,1906.0,1906.0,1906.0,1906.0,1906.0,1906.0,1906.0,1906.0,1906.0,1906.0,1906.0,1906.0,1906.0,1906.0,1906.0,1906.0,1906.0,1906.0,1906.0,1906.0,1906.0,1906.0,1906.0,6.0,0.6,198.3878,213.45,226.6923,237.9562,247.2181,254.5706,260.184,264.2608,266.9958,268.5481,269.0299,268.5089,267.0203,264.5826,261.211,256.9258,251.7536,245.7236,238.8605,231.1798,231.4041054263393,444.0465222260947,2011.1049,671.1764000000001,1519.2011,-58.42939999999999
1907,1907,1907.0,1907.0,1907.0,1907.0,1907.0,1907.0,1907.0,1907.0,1907.0,1907.0,1907.0,1907.0,1907.0,1907.0,1907.0,1907.0,1907.0,1907.0,1907.0,1907.0,1907.0,1907.0,1907.0,1907.0,1907.0,1907.0,1907.0,7.0,0.7,235.6924,239.4993,243.0083,246.3418,249.5555,252.6513,255.606,258.4109,261.1137,263.8597,266.9229,270.7241,275.8269,282.9093,292.7069,305.941,323.2499,345.1597,372.1356,404.7551,334.9928741480673,409.6110214641094,2682.2813,353.0156999999999,848.0246999999999,-60.34870000000001
1908,1908,1908.0,1908.0,1908.0,1908.0,1908.0,1908.0,1908.0,1908.0,1908.0,1908.0,1908.0,1908.0,1908.0,1908.0,1908.0,1908.0,1908.0,1908.0,1908.0,1908.0,1908.0,1908.0,1908.0,1908.0,1908.0,1908.0,1908.0,8.0,0.8,319.5485,306.0583,294.6903,285.5789,278.7687,274.1974,271.713,271.1121,272.1847,274.7509,278.6847,283.9218,290.4568,298.3366,307.6571,318.5685,331.2931,346.1574,363.6405,384.4459,313.078322086313,240.2685901183356,3035.297,187.87800000000016,495.009,-38.802599999999984
1909,1909,1909.0,1909.0,1909.0,1909.0,1909.0,1909.0,1909.0,1909.0,1909.0,1909.0,1909.0,1909.0,1909.0,1909.0,1909.0,1909.0,1909.0,1909.0,1909.0,1909.0,1909.0,1909.0,1909.0,1909.0,1909.0,1909.0,1909.0,9.0,0.9,306.3633,300.5906,295.6863,291.6153,288.3722,285.9675,284.4089,283.6804,283.72,284.399,285.5052,286.734,287.6918,287.9155,286.913,284.2234,279.4905,272.5384,263.4302,252.4892,258.2429031944506,234.05033312617047,3223.175,307.13099999999986,307.13099999999986,-27.032500000000027
1910,1910,1910.0,1910.0,1910.0,1910.0,1910.0,1910.0,1910.0,1910.0,1910.0,1910.0,1910.0,1910.0,1910.0,1910.0,1910.0,1910.0,1910.0,1910.0,1910.0,1910.0,1910.0,1910.0,1910.0,1910.0,1910.0,1910.0,1910.0,0.0,0.0,273.0,273.0,273.0,273.0,273.0,273.0,273.0,273.0,273.0,273.0,273.0,273.0,273.0,273.0,273.0,273.0,273.0,273.0,273.0,273.0,450.4087353563853,289.6539660263506,0.0,406.1756,1607.0633,2.5067000000000235
1911,1911,1911.0,1911.0,1911.0,1911.0,1911.0,1911.0,1911.0,1911.0,1911.0,1911.0,1911.0,1911.0,1911.0,1911.0,1911.0,1911.0,1911.0,1911.0,1911.0,1911.0,1911.0,1911.0,1911.0,1911.0,1911.0,1911.0,1911.0,1.0,0.1,411.5358,379.614,353.3759,332.0836,315.1998,302.214,292.5774,285.7067,281.0244,278.0045,276.2088,275.3039,275.061,275.3424,276.0799,277.2517,278.8591,280.909,283.401,286.3229,199.1847087883128,469.62353256393055,406.1756,269.73370000000006,1200.8877,2.5067000000000235
1912,1912,1912.0,1912.0,1912.0,1912.0,1912.0,1912.0,1912.0,1912.0,1912.0,1912.0,1912.0,1912.0,1912.0,1912.0,1912.0,1912.0,1912.0,1912.0,1912.0,1912.0,1912.0,1912.0,1912.0,1912.0,1912.0,1912.0,1912.0,2.0,0.2,219.5467,237.8486,253.3045,265.4813,274.334,280.1638,283.5274,285.132,285.7438,286.1263,287.0129,289.1048,293.0806,299.6043,309.3194,322.835,340.7158,363.5088,391.8447,426.662,333.8396249575084,350.80176370745875,675.9093,137.28179999999998,931.154,2.5067000000000235
1913,1913,1913.0,1913.0,1913.0,1913.0,1913.0,1913.0,1913.0,1913.0,1913.0,1913.0,1913.0,1913.0,1913.0,1913.0,1913.0,1913.0,1913.0,1913.0,1913.0,1913.0,1913.0,1913.0,1913.0,1913.0,1913.0,1913.0,1913.0,3.0,0.3,321.0795,310.1972,301.304,294.4596,289.6276,286.6692,285.3696,285.4802,286.7591,288.9974,292.0273,295.7142,299.9432,304.6094,309.6223,314.9261,320.5348,326.5728,333.3105,341.1847,184.49117022879625,435.829890159847,813.1911,138.32129999999995,793.8722,2.5067000000000235
1914,1914,1914.0,1914.0,1914.0,1914.0,1914.0,1914.0,1914.0,1914.0,1914.0,1914.0,1914.0,1914.0,1914.0,1914.0,1914.0,1914.0,1914.0,1914.0,1914.0,1914.0,1914.0,1914.0,1914.0,1914.0,1914.0,1914.0,1914.0,4.0,0.4,204.3948,222.4964,238.302,251.554,262.2547,270.6378,277.1059,282.1563,286.3154,290.0938,293.9659,298.3706,303.7238,310.4354,318.922,329.6171,342.9816,359.5293,379.8836,404.8921,408.7037840012956,458.6767552330177,951.5124,127.64840000000017,655.5509000000001,2.5067000000000235
1915,1915,1915.0,1915.0,1915.0,1915.0,1915.0,1915.0,1915.0,1915.0,1915.0,1915.0,1915.0,1915.0,1915.0,1915.0,1915.0,1915.0,1915.0,1915.0,1915.0,1915.0,1915.0,1915.0,1915.0,1915.0,1915.0,1915.0,1915.0,5.0,0.5,378.4588,353.1981,332.5622,316.365,304.3889,296.2918,291.606,289.7947,290.3317,292.7741,296.8114,302.286,309.1915,317.6566,327.9279,340.3592,355.4189,373.7244,396.1197,423.8204,239.4430835971376,297.5787757947883,1079.1608,40.79079999999999,527.9024999999999,2.5067000000000235
1916,1916,1916.0,1916.0,1916.0,1916.0,1916.0,1916.0,1916.0,1916.0,1916.0,1916.0,1916.0,1916.0,1916.0,1916.0,1916.0,1916.0,1916.0,1916.0,1916.0,1916.0,1916.0,1916.0,1916.0,1916.0,1916.0,1916.0,1916.0,6.0,0.6,251.2101,261.8665,271.0207,278.4797,284.2701,288.6111,291.8507,294.386,296.5849,298.7238,300.9474,303.2548,305.5081,307.4647,308.828,309.3128,308.7179,306.9932,304.2883,300.967,472.4714642351802,356.0211133787744,1119.9516,123.32269999999994,487.1116999999999,2.5067000000000235
1917,1917,1917.0,1917.0,1917.0,1917.0,1917.0,1917.0,1917.0,1917.0,1917.0,1917.0,1917.0,1917.0,1917.0,1917.0,1917.0,1917.0,1917.0,1917.0,1917.0,1917.0,1917.0,1917.0,1917.0,1917.0,1917.0,1917.0,1917.0,7.0,0.7,429.401,394.7648,366.902,344.8563,327.9393,315.5067,306.8764,301.3374,298.2009,296.8611,296.8413,297.8174,299.619,302.2137,305.6795,310.1735,315.9007,323.0899,331.9844,342.8522,231.4551469645781,299.72391381811383,1243.2743,112.28729999999996,363.789,2.5067000000000235
1918,1918,1918.0,1918.0,1918.0,1918.0,1918.0,1918.0,1918.0,1918.0,1918.0,1918.0,1918.0,1918.0,1918.0,1918.0,1918.0,1918.0,1918.0,1918.0,1918.0,1918.0,1918.0,1918.0,1918.0,1918.0,1918.0,1918.0,1918.0,8.0,0.8,247.5,261.9793,274.2252,283.8674,290.8609,295.4457,298.0601,299.2367,299.506,299.3226,299.0222,298.8076,298.7588,298.86,299.0362,299.1953,299.2684,299.2443,299.1934,299.2743,462.6883982862975,417.2890983016842,1355.5616,140.5195000000001,251.50170000000003,2.5067000000000235
1919,1919,1919.0,1919.0,1919.0,1919.0,1919.0,1919.0,1919.0,1919.0,1919.0,1919.0,1919.0,1919.0,1919.0,1919.0,1919.0,1919.0,1919.0,1919.0,1919.0,1919.0,1919.0,1919.0,1919.0,1919.0,1919.0,1919.0,1919.0,9.0,0.9,422.4526,390.0052,363.8641,343.1465,327.1935,315.3835,307.0714,301.6106,298.4106,297.0005,297.0755,298.5177,301.3913,305.9158,312.424,321.3139,333.0067,347.9273,366.5271,389.3677,253.70275375632647,187.7993268833169,1496.0811,110.98219999999992,110.98219999999992,2.5067000000000235
1920,1920,1920.0,1920.0,1920.0,1920.0,1920.0,1920.0,1920.0,1920.0,1920.0,1920.0,1920.0,1920.0,1920.0,1920.0,1920.0,1920.0,1920.0,1920.0,1920.0,1920.0,1920.0,1920.0,1920.0,1920.0,1920.0,1920.0,1920.0,0.0,0.0,273.0,273.0,273.0,273.0,273.0,273.0,273.0,273.0,273.0,273.0,273.0,273.0,273.0,273.0,273.0,273.0,273.0,273.0,273.0,273.0,418.35450937724,371.9380982378759,0.0,373.8735,2706.0218,-40.0
1921,1921,1921.0,1921.0,1921.0,1921.0,1921.0,1921.0,1921.0,1921.0,1921.0,1921.0,1921.0,1921.0,1921.0,1921.0,1921.0,1921.0,1921.0,1921.0,1921.0,1921.0,1921.0,1921.0,1921.0,1921.0,1921.0,1921.0,1921.0,1.0,0.1,387.1304,361.1002,339.5187,321.9321,307.9753,297.2688,289.3904,283.8964,280.3682,278.4624,277.9496,278.7354,280.8602,284.4798,289.8299,297.1819,306.7974,318.8977,333.6601,351.2563,289.13948138435035,313.1161109777328,373.8735,196.1955,2332.1483,-15.7312
1922,1922,1922.0,1922.0,1922.0,1922.0,1922.0,1922.0,1922.0,1922.0,1922.0,1922.0,1922.0,1922.0,1922.0,1922.0,1922.0,1922.0,1922.0,1922.0,1922.0,1922.0,1922.0,1922.0,1922.0,1922.0,1922.0,1922.0,1922.0,2.0,0.2,290.797,292.3856,293.5457,294.0575,293.863,293.0554,291.8401,290.4831,289.2571,288.3976,288.0735,288.374,289.3104,290.8314,292.8469,295.2592,297.9963,301.0429,304.4629,308.4089,173.83803017211616,296.9940374823184,570.069,239.89980000000003,2135.9528,-19.94459999999998
1923,1923,1923.0,1923.0,1923.0,1923.0,1923.0,1923.0,1923.0,1923.0,1923.0,1923.0,1923.0,1923.0,1923.0,1923.0,1923.0,1923.0,1923.0,1923.0,1923.0,1923.0,1923.0,1923.0,1923.0,1923.0,1923.0,1923.0,1923.0,3.0,0.3,195.4436,215.1341,232.3645,246.8203,258.4411,267.3944,274.0151,278.7315,281.9956,284.2276,285.7814,286.9297,287.8645,288.7091,289.5367,290.3916,291.3112,292.3433,293.5604,295.0658,311.49693417749023,393.6286112686811,809.9688,312.6501999999999,1896.053,-45.60559999999998
1924,1924,1924.0,1924.0,1924.0,1924.0,1924.0,1924.0,1924.0,1924.0,1924.0,1924.0,1924.0,1924.0,1924.0,1924.0,1924.0,1924.0,1924.0,1924.0,1924.0,1924.0,1924.0,1924.0,1924.0,1924.0,1924.0,1924.0,1924.0,4.0,0.4,301.5467,292.9216,285.9024,280.6564,277.1963,275.3835,274.9699,275.6616,277.1869,279.3527,282.0826,285.4315,289.5817,294.8206,301.5073,310.0333,320.7866,334.1327,350.4266,370.0704,310.5812455301103,236.9742231520116,1122.619,211.6693,1583.4028,-37.61649999999997
1925,1925,1925.0,1925.0,1925.0,1925.0,1925.0,1925.0,1925.0,1925.0,1925.0,1925.0,1925.0,1925.0,1925.0,1925.0,1925.0,1925.0,1925.0,1925.0,1925.0,1925.0,1925.0,1925.0,1925.0,1925.0,1925.0,1925.0,1925.0,5.0,0.5,304.0864,298.5166,293.8435,290.0523,287.1292,285.0513,283.777,283.2379,283.3284,283.8952,284.7263,285.5421,285.9952,285.6826,284.1762,281.0729,276.0588,268.9767,259.8791,249.0491,251.76525540655925,298.48539716286,1334.2883,301.7718,1371.7335,-27.94869999999997
1926,1926,1926.0,1926.0,1926.0,1926.0,1926.0,1926.0,1926.0,1926.0,1926.0,1926.0,1926.0,1926.0,1926.0,1926.0,1926.0,1926.0,1926.0,1926.0,1926.0,1926.0,1926.0,1926.0,1926.0,1926.0,1926.0,1926.0,1926.0,6.0,0.6,258.0429,263.7087,268.5951,272.6042,275.7193,277.9968,279.5465,280.5071,281.0236,281.2338,281.2646,281.2364,281.2716,281.5016,282.067,283.1093,284.7551,287.0966,290.1775,293.9896,437.5029914344958,357.8878713064676,1636.0601,284.164,1069.9617,-35.00319999999999
1927,1927,1927.0,1927.0,1927.0,1927.0,1927.0,1927.0,1927.0,1927.0,1927.0,1927.0,1927.0,1927.0,1927.0,1927.0,1927.0,1927.0,1927.0,1927.0,1927.0,1927.0,1927.0,1927.0,1927.0,1927.0,1927.0,1927.0,1927.0,7.0,0.7,401.9788,372.7159,348.7127,329.3735,314.234,302.8211,294.6118,289.0548,285.6234,283.8699,283.4669,284.2256,286.0932,289.1318,293.4862,299.3467,306.9141,316.3755,327.8999,341.6605,254.5833774564289,237.8033770144997,1920.2241,196.9177,785.7977000000001,-10.1789
1928,1928,1928.0,1928.0,1928.0,1928.0,1928.0,1928.0,1928.0,1928.0,1928.0,1928.0,1928.0,1928.0,1928.0,1928.0,1928.0,1928.0,1928.0,1928.0,1928.0,1928.0,1928.0,1928.0,1928.0,1928.0,1928.0,1928.0,1928.0,8.0,0.8,264.1315,272.7133,279.8457,285.2531,288.8941,290.9362,291.6934,291.5449,290.8546,289.9054,288.855,287.7156,286.358,284.5365,281.9322,278.2113,273.0916,266.4063,258.1516,248.5048,226.3332068730793,400.43973753689113,2117.1418,276.0463,588.8800000000001,-22.06380000000001
1929,1929,1929.0,1929.0,1929.0,1929.0,1929.0,1929.0,1929.0,1929.0,1929.0,1929.0,1929.0,1929.0,1929.0,1929.0,1929.0,1929.0,1929.0,1929.0,1929.0,1929.0,1929.0,1929.0,1929.0,1929.0,1929.0,1929.0,1929.0,9.0,0.9,237.1524,246.9732,255.6103,262.9501,268.9625,273.7007,277.2923,279.9279,281.8529,283.3648,284.8168,286.6233,289.2615,293.2603,299.1736,307.5392,318.8341,333.4461,351.6855,373.8617,178.6495820251956,229.76244180402176,2393.1881,312.83370000000014,312.83370000000014,-39.29930000000002
1930,1930,1930.0,1930.0,1930.0,1930.0,1930.0,1930.0,1930.0,1930.0,1930.0,1930.0,1930.0,1930.0,1930.0,1930.0,1930.0,1930.0,1930.0,1930.0,1930.0,1930.0,1930.0,1930.0,1930.0,1930.0,1930.0,1930.0,1930.0,0.0,0.0,273.0,273.0,273.0,273.0,273.0,273.0,273.0,273.0,273.0,273.0,273.0,273.0,273.0,273.0,273.0,273.0,273.0,273.0,273.0,273.0,222.04023104113207,212.01042144101643,0.0,506.8205,3793.9954,-40.0
1931,1931,1931.0,1931.0,1931.0,1931.0,1931.0,1931.0,1931.0,1931.0,1931.0,1931.0,1931.0,1931.0,1931.0,1931.0,1931.0,1931.0,1931.0,1931.0,1931.0,1931.0,1931.0,1931.0,1931.0,1931.0,1931.0,1931.0,1931.0,1.0,0.1,231.9403,240.8153,248.5055,254.926,260.0766,264.0326,266.9216,268.8928,270.0849,270.5993,270.4804,269.7051,268.1831,265.7671,262.2735,257.5134,251.3291,243.6298,234.4204,223.8118,187.45609838878164,356.23879048252144,506.8205,642.6805999999999,3287.1749,-48.9674
1932,1932,1932.0,1932.0,1932.0,1932.0,1932.0,1932.0,1932.0,1932.0,1932.0,1932.0,1932.0,1932.0,1932.0,1932.0,1932.0,1932.0,1932.0,1932.0,1932.0,1932.0,1932.0,1932.0,1932.0,1932.0,1932.0,1932.0,1932.0,2.0,0.2,201.8181,214.8181,226.2776,236.0957,244.2596,250.8407,255.9827,259.8861,262.7981,265.0085,266.853,268.7189,271.0466,274.3182,279.0296,285.6455,294.5469,305.9878,320.0818,336.8356,279.5266969235175,176.87998533801002,1149.5011,611.1813,2644.4943,-62.1593
1933,1933,1933.0,1933.0,1933.0,1933.0,1933.0,1933.0,1933.0,1933.0,1933.0,1933.0,1933.0,1933.0,1933.0,1933.0,1933.0,1933.0,1933.0,1933.0,1933.0,1933.0,1933.0,1933.0,1933.0,1933.0,1933.0,1933.0,1933.0,3.0,0.3,274.2671,269.5278,265.6302,262.7888,261.0846,260.4667,260.775,261.7735,263.1798,264.6808,265.9337,266.5555,266.1119,264.1182,260.0637,253.4638,243.9374,231.2941,215.6088,197.2555,423.57119787567046,471.9221769464866,1760.6824,540.894,2033.313,-52.5333
1934,1934,1934.0,1934.0,1934.0,1934.0,1934.0,1934.0,1934.0,1934.0,1934.0,1934.0,1934.0,1934.0,1934.0,1934.0,1934.0,1934.0,1934.0,1934.0,1934.0,1934.0,1934.0,1934.0,1934.0,1934.0,1934.0,1934.0,1934.0,4.0,0.4,389.9912,361.8791,338.4456,319.2349,303.8927,292.0467,283.2741,277.1299,273.2108,271.2305,271.0861,272.901,277.0346,284.0507,294.646,309.553,329.4481,354.9119,386.5026,425.0042,297.4126262914536,185.1042830998545,2301.5764,215.0927999999999,1492.419,-20.953300000000013
1935,1935,1935.0,1935.0,1935.0,1935.0,1935.0,1935.0,1935.0,1935.0,1935.0,1935.0,1935.0,1935.0,1935.0,1935.0,1935.0,1935.0,1935.0,1935.0,1935.0,1935.0,1935.0,1935.0,1935.0,1935.0,1935.0,1935.0,1935.0,5.0,0.5,296.8932,296.5374,296.001,295.0774,293.7173,292.0147,290.1614,288.3836,286.8708,285.709,284.8257,283.9557,282.634,280.2212,275.9683,269.119,259.0417,245.3699,228.1196,207.7456,401.580252917453,215.9725560338535,2516.6692,381.0187000000001,1277.3262,-20.985299999999995
1936,1936,1936.0,1936.0,1936.0,1936.0,1936.0,1936.0,1936.0,1936.0,1936.0,1936.0,1936.0,1936.0,1936.0,1936.0,1936.0,1936.0,1936.0,1936.0,1936.0,1936.0,1936.0,1936.0,1936.0,1936.0,1936.0,1936.0,1936.0,6.0,0.6,376.4754,355.6438,338.4227,324.3502,313.0321,304.0722,297.0484,291.5192,287.0452,283.2128,279.6524,276.0504,272.1529,267.7649,262.7459,257.0012,250.4721,243.1241,234.9356,225.8901,327.23686035173,253.93225790074024,2897.6879,429.1716999999999,896.3074999999999,-8.92779999999999
1937,1937,1937.0,1937.0,1937.0,1937.0,1937.0,1937.0,1937.0,1937.0,1937.0,1937.0,1937.0,1937.0,1937.0,1937.0,1937.0,1937.0,1937.0,1937.0,1937.0,1937.0,1937.0,1937.0,1937.0,1937.0,1937.0,1937.0,1937.0,7.0,0.7,321.1689,316.138,311.7235,307.6105,303.5938,299.567,295.5012,291.4167,287.3579,283.375,279.5147,275.8198,272.3322,269.095,266.1508,263.5322,261.247,259.2617,257.4876,255.7774,392.94993507314575,469.6090086925743,3326.8596,321.2701000000002,467.1358,-13.432999999999993
1938,1938,1938.0,1938.0,1938.0,1938.0,1938.0,1938.0,1938.0,1938.0,1938.0,1938.0,1938.0,1938.0,1938.0,1938.0,1938.0,1938.0,1938.0,1938.0,1938.0,1938.0,1938.0,1938.0,1938.0,1938.0,1938.0,1938.0,1938.0,8.0,0.8,370.816,352.4559,337.2042,324.5871,314.2311,305.8183,299.0771,293.7975,289.8591,287.2627,286.1561,286.8477,289.7991,295.5943,304.8852,318.3246,336.5122,359.9885,389.3233,425.3495,321.4505589304565,393.3773889611941,3648.1297,87.01130000000012,145.86569999999983,-7.181699999999978
1939,1939,1939.0,1939.0,1939.0,1939.0,1939.0,1939.0,1939.0,1939.0,1939.0,1939.0,1939.0,1939.0,1939.0,1939.0,1939.0,1939.0,1939.0,1939.0,1939.0,1939.0,1939.0,1939.0,1939.0,1939.0,1939.0,1939.0,1939.0,9.0,0.9,316.8627,313.1832,310.066,307.2767,304.7044,302.3557,300.3331,298.8047,297.9694,298.0264,299.1497,301.4738,305.0886,310.0478,316.389,324.1667,333.4941,344.5915,357.8356,373.8119,330.9888633793382,338.13399597532805,3735.141,58.854399999999714,58.854399999999714,-10.644299999999989
1940,1940,1940.0,1940.0,1940.0,1940.0,1940.0,1940.0,1940.0,1940.0,1940.0,1940.0,1940.0,1940.0,1940.0,1940.0,1940.0,1940.0,1940.0,1940.0,1940.0,1940.0,1940.0,1940.0,1940.0,1940.0,1940.0,1940.0,1940.0,0.0,0.0,273.0,273.0,273.0,273.0,273.0,273.0,273.0,273.0,273.0,273.0,273.0,273.0,273.0,273.0,273.0,273.0,273.0,273.0,273.0,273.0,217.0348796278592,321.1833025123276,0.0,454.2213,2277.7412,-40.0
1941,1941,1941.0,1941.0,1941.0,1941.0,1941.0,1941.0,1941.0,1941.0,1941.0,1941.0,1941.0,1941.0,1941.0,1941.0,1941.0,1941.0,1941.0,1941.0,1941.0,1941.0,1941.0,1941.0,1941.0,1941.0,1941.0,1941.0,1941.0,1.0,0.1,227.8877,237.6321,246.088,253.1626,258.8624,263.2867,266.6068,269.0401,270.8256,272.2059,273.4191,274.6967,276.2647,278.3443,281.147,284.8648,289.6569,295.6371,302.8702,311.3815,235.49229910131413,416.91728164377946,454.2213,422.36320000000006,1823.5199,-49.7133
1942,1942,1942.0,1942.0,1942.0,1942.0,1942.0,1942.0,1942.0,1942.0,1942.0,1942.0,1942.0,1942.0,1942.0,1942.0,1942.0,1942.0,1942.0,1942.0,1942.0,1942.0,1942.0,1942.0,1942.0,1942.0,1942.0,1942.0,1942.0,2.0,0.2,240.7697,245.4995,249.7721,253.6633,257.2357,260.5457,263.6559,266.6495,269.6455,272.8123,276.3775,280.6327,285.93,292.6702,301.2827,312.201,325.8449,342.6221,362.9685,387.4455,331.8232722967567,382.2341844776613,876.5845,260.13469999999995,1401.1567,-52.45429999999999
1943,1943,1943.0,1943.0,1943.0,1943.0,1943.0,1943.0,1943.0,1943.0,1943.0,1943.0,1943.0,1943.0,1943.0,1943.0,1943.0,1943.0,1943.0,1943.0,1943.0,1943.0,1943.0,1943.0,1943.0,1943.0,1943.0,1943.0,1943.0,3.0,0.3,318.0585,306.1176,296.1467,288.2548,282.4649,278.6994,276.7966,276.5448,277.7221,280.1294,283.6115,288.0654,293.4393,299.7297,306.9806,315.2889,324.819,335.8241,348.6757,363.9008,264.851291979191,293.98534521901104,1136.7192,169.3300999999999,1141.022,-34.300599999999974
1944,1944,1944.0,1944.0,1944.0,1944.0,1944.0,1944.0,1944.0,1944.0,1944.0,1944.0,1944.0,1944.0,1944.0,1944.0,1944.0,1944.0,1944.0,1944.0,1944.0,1944.0,1944.0,1944.0,1944.0,1944.0,1944.0,1944.0,1944.0,4.0,0.4,268.365,271.5625,274.3334,276.6358,278.5058,280.0484,281.4122,282.7559,284.2155,285.876,287.7543,289.7929,291.8659,293.7975,295.3917,296.4704,296.9167,296.7146,295.9756,294.9457,359.387976752153,218.39423727563707,1306.0493,250.6585,971.6919,-32.951599999999985
1945,1945,1945.0,1945.0,1945.0,1945.0,1945.0,1945.0,1945.0,1945.0,1945.0,1945.0,1945.0,1945.0,1945.0,1945.0,1945.0,1945.0,1945.0,1945.0,1945.0,1945.0,1945.0,1945.0,1945.0,1945.0,1945.0,1945.0,1945.0,5.0,0.5,342.2461,327.7308,315.6941,306.0188,298.5495,293.0611,289.2581,286.7927,285.2894,284.3647,283.6386,282.7368,281.2909,278.9409,275.3472,270.2147,263.3269,254.5823,244.0241,231.85,254.1503504659256,381.8876368039695,1556.7078,304.07500000000005,721.0334,-19.93889999999999
1946,1946,1946.0,1946.0,1946.0,1946.0,1946.0,1946.0,1946.0,1946.0,1946.0,1946.0,1946.0,1946.0,1946.0,1946.0,1946.0,1946.0,1946.0,1946.0,1946.0,1946.0,1946.0,1946.0,1946.0,1946.0,1946.0,1946.0,1946.0,6.0,0.6,261.5321,268.1715,273.7621,278.1193,281.1993,283.0891,283.9778,284.1211,283.8126,283.369,283.13,283.4691,284.803,287.5912,292.3158,299.4426,309.3728,322.4047,338.7306,358.4889,302.66090519288986,411.5203301379034,1860.7828,197.89109999999985,416.9584,-29.910900000000023
1947,1947,1947.0,1947.0,1947.0,1947.0,1947.0,1947.0,1947.0,1947.0,1947.0,1947.0,1947.0,1947.0,1947.0,1947.0,1947.0,1947.0,1947.0,1947.0,1947.0,1947.0,1947.0,1947.0,1947.0,1947.0,1947.0,1947.0,1947.0,7.0,0.7,297.5255,293.1642,289.6091,286.8714,284.9322,283.7484,283.268,283.4527,284.2981,285.8497,288.211,291.5428,296.0567,302.0036,309.6621,319.3305,331.3273,346.0099,363.8181,385.3544,328.0344946040045,397.3395129000895,2058.6739,107.70340000000031,219.06730000000016,-29.2516
1948,1948,1948.0,1948.0,1948.0,1948.0,1948.0,1948.0,1948.0,1948.0,1948.0,1948.0,1948.0,1948.0,1948.0,1948.0,1948.0,1948.0,1948.0,1948.0,1948.0,1948.0,1948.0,1948.0,1948.0,1948.0,1948.0,1948.0,1948.0,8.0,0.8,318.6455,310.7042,304.1341,298.881,294.8936,292.1149,290.4829,289.937,290.4267,291.919,294.4038,297.8968,302.4413,308.1108,315.0151,323.3105,333.2176,345.0453,359.2269,376.3709,418.2431267408656,445.4423214868632,2166.3773,76.27610000000004,111.36389999999984,-20.885100000000023
1949,1949,1949.0,1949.0,1949.0,1949.0,1949.0,1949.0,1949.0,1949.0,1949.0,1949.0,1949.0,1949.0,1949.0,1949.0,1949.0,1949.0,1949.0,1949.0,1949.0,1949.0,1949.0,1949.0,1949.0,1949.0,1949.0,1949.0,1949.0,9.0,0.9,389.9377,366.7478,347.8223,332.62,320.7417,311.8402,305.5836,301.6553,299.7726,299.7104,301.3225,304.5538,309.4448,316.1294,324.8288,335.8485,349.5841,366.5477,387.4307,413.2251,259.7299443920124,416.850962775642,2242.6534,35.08779999999979,35.08779999999979,-1.1598000000000184
1950,1950,1950.0,1950.0,1950.0,1950.0,1950.0,1950.0,1950.0,1950.0,1950.0,1950.0,1950.0,1950.0,1950.0,1950.0,1950.0,1950.0,1950.0,1950.0,1950.0,1950.0,1950.0,1950.0,1950.0,1950.0,1950.0,1950.0,1950.0,0.0,0.0,273.0,273.0,273.0,273.0,273.0,273.0,273.0,273.0,273.0,273.0,273.0,273.0,273.0,273.0,273.0,273.0,273.0,273.0,273.0,273.0,189.27905482610703,405.3519692907714,0.0,443.0546,3322.3363,10.948199999999986
1951,1951,1951.0,1951.0,1951.0,1951.0,1951.0,1951.0,1951.0,1951.0,1951.0,1951.0,1951.0,1951.0,1951.0,1951.0,1951.0,1951.0,1951.0,1951.0,1951.0,1951.0,1951.0,1951.0,1951.0,1951.0,1951.0,1951.0,1951.0,1.0,0.1,205.3429,219.8698,232.5377,243.1722,251.7648,258.4618,263.5319,267.3272,270.2499,272.73,275.2176,278.1835,282.1217,287.5444,294.9645,304.8682,317.6861,333.7811,353.4756,377.1385,260.46289362173286,197.65201161067748,443.0546,422.0138,2879.2817,10.948199999999986
1952,1952,1952.0,1952.0,1952.0,1952.0,1952.0,1952.0,1952.0,1952.0,1952.0,1952.0,1952.0,1952.0,1952.0,1952.0,1952.0,1952.0,1952.0,1952.0,1952.0,1952.0,1952.0,1952.0,1952.0,1952.0,1952.0,1952.0,1952.0,2.0,0.2,259.9456,259.4971,259.3855,259.795,260.811,262.424,264.5477,267.0406,269.7211,272.3707,274.7239,276.452,277.1499,276.3397,273.5001,268.1268,259.8192,248.3768,233.8826,216.7412,405.5697328642687,225.34053599519805,865.0684,512.2072999999999,2457.2679,10.948199999999986
1953,1953,1953.0,1953.0,1953.0,1953.0,1953.0,1953.0,1953.0,1953.0,1953.0,1953.0,1953.0,1953.0,1953.0,1953.0,1953.0,1953.0,1953.0,1953.0,1953.0,1953.0,1953.0,1953.0,1953.0,1953.0,1953.0,1953.0,1953.0,3.0,0.3,376.173,351.4109,330.783,313.9903,300.751,290.7044,283.3855,278.2479,274.7111,272.2111,270.2409,268.3757,266.2831,263.7214,260.53,256.6143,251.9281,246.4563,240.1988,233.1594,323.85424144716586,327.71001083869885,1377.2757,446.8338000000001,1945.0606,10.948199999999986
1954,1954,1954.0,1954.0,1954.0,1954.0,1954.0,1954.0,1954.0,1954.0,1954.0,1954.0,1954.0,1954.0,1954.0,1954.0,1954.0,1954.0,1954.0,1954.0,1954.0,1954.0,1954.0,1954.0,1954.0,1954.0,1954.0,1954.0,1954.0,4.0,0.4,317.2645,311.6447,306.628,301.9532,297.4694,293.1259,288.9495,285.0192,281.4445,278.3538,275.8939,274.2357,273.5816,274.1641,276.2306,280.0142,285.6952,293.3647,303.0068,314.5091,449.9723304910533,248.4568818971276,1824.1095,329.4715000000001,1498.2268,10.948199999999986
1955,1955,1955.0,1955.0,1955.0,1955.0,1955.0,1955.0,1955.0,1955.0,1955.0,1955.0,1955.0,1955.0,1955.0,1955.0,1955.0,1955.0,1955.0,1955.0,1955.0,1955.0,1955.0,1955.0,1955.0,1955.0,1955.0,1955.0,1955.0,5.0,0.5,413.682,384.1911,360.065,340.4101,324.5907,312.0762,302.3722,295.0014,289.5096,285.4761,282.5178,280.285,278.4512,276.7053,274.752,272.3231,269.201,265.2447,260.4118,254.7651,448.5068819917944,363.7015019898196,2153.581,320.40679999999975,1168.7552999999998,10.948199999999986
1956,1956,1956.0,1956.0,1956.0,1956.0,1956.0,1956.0,1956.0,1956.0,1956.0,1956.0,1956.0,1956.0,1956.0,1956.0,1956.0,1956.0,1956.0,1956.0,1956.0,1956.0,1956.0,1956.0,1956.0,1956.0,1956.0,1956.0,1956.0,6.0,0.6,415.7958,389.5924,368.2374,350.639,336.0515,323.9482,313.9459,305.7623,299.1951,294.116,290.473,288.2951,287.6936,288.8522,292.0043,297.3968,305.2503,315.7253,328.9149,344.875,177.43002928695046,407.9943315274083,2473.9878,160.30330000000004,848.3485000000001,10.948199999999986
1957,1957,1957.0,1957.0,1957.0,1957.0,1957.0,1957.0,1957.0,1957.0,1957.0,1957.0,1957.0,1957.0,1957.0,1957.0,1957.0,1957.0,1957.0,1957.0,1957.0,1957.0,1957.0,1957.0,1957.0,1957.0,1957.0,1957.0,1957.0,7.0,0.7,204.1796,228.4235,249.1479,265.783,278.2398,286.8503,292.25,295.2426,296.6812,297.3815,298.0725,299.379,301.8261,305.8554,311.8434,320.1207,330.9928,344.7698,361.8163,382.6337,205.49046056482777,296.33811626483043,2634.2911,161.7488000000003,688.0452,10.948199999999986
1958,1958,1958.0,1958.0,1958.0,1958.0,1958.0,1958.0,1958.0,1958.0,1958.0,1958.0,1958.0,1958.0,1958.0,1958.0,1958.0,1958.0,1958.0,1958.0,1958.0,1958.0,1958.0,1958.0,1958.0,1958.0,1958.0,1958.0,1958.0,8.0,0.8,218.5628,230.579,241.4901,251.2704,259.9225,267.4816,274.0166,279.627,284.4325,288.5559,292.1023,295.1387,297.6796,299.6859,301.0789,301.7717,301.7122,300.929,299.5677,297.9058,381.5093226757712,250.4897488721975,2796.0399,254.7871,526.2963999999997,10.948199999999986
1959,1959,1959.0,1959.0,1959.0,1959.0,1959.0,1959.0,1959.0,1959.0,1959.0,1959.0,1959.0,1959.0,1959.0,1959.0,1959.0,1959.0,1959.0,1959.0,1959.0,1959.0,1959.0,1959.0,1959.0,1959.0,1959.0,1959.0,1959.0,9.0,0.9,357.353,336.9174,320.0923,306.8125,296.9199,290.1036,285.9061,283.7714,283.1086,283.3485,283.9808,284.5698,284.754,284.2387,282.7906,280.2387,276.4832,271.5078,265.3899,258.3006,278.4772427581761,309.39957387857856,3050.827,271.5092999999997,271.5092999999997,10.948199999999986
1960,1960,1960.0,1960.0,1960.0,1960.0,1960.0,1960.0,1960.0,1960.0,1960.0,1960.0,1960.0,1960.0,1960.0,1960.0,1960.0,1960.0,1960.0,1960.0,1960.0,1960.0,1960.0,1960.0,1960.0,1960.0,1960.0,1960.0,1960.0,0.0,0.0,273.0,273.0,273.0,273.0,273.0,273.0,273.0,273.0,273.0,273.0,273.0,273.0,273.0,273.0,273.0,273.0,273.0,273.0,273.0,273.0,314.20142596080564,176.5047990646546,0.0,488.5614,3014.1585,-40.0
1961,1961,1961.0,1961.0,1961.0,1961.0,1961.0,1961.0,1961.0,1961.0,1961.0,1961.0,1961.0,1961.0,1961.0,1961.0,1961.0,1961.0,1961.0,1961.0,1961.0,1961.0,1961.0,1961.0,1961.0,1961.0,1961.0,1961.0,1961.0,1.0,0.1,305.8489,298.5764,292.3842,287.2555,283.1343,279.917,277.4546,275.5593,274.0129,272.5691,270.952,268.8517,265.9221,261.7876,256.0641,248.3954,238.5036,226.2431,211.6444,194.932,396.82316959493977,456.1614938588464,488.5614,482.0254000000001,2525.5971,-33.08300000000003
1962,1962,1962.0,1962.0,1962.0,1962.0,1962.0,1962.0,1962.0,1962.0,1962.0,1962.0,1962.0,1962.0,1962.0,1962.0,1962.0,1962.0,1962.0,1962.0,1962.0,1962.0,1962.0,1962.0,1962.0,1962.0,1962.0,1962.0,1962.0,2.0,0.2,371.7604,350.7271,333.1138,318.5096,306.5809,297.0102,289.483,283.7097,279.4685,276.6558,275.3328,275.7555,278.3779,283.8208,292.8033,306.049,324.1942,347.7431,377.1226,412.8922,215.28993306025475,196.78013989276,970.5868,224.0217,2043.5717,-15.989800000000002
1963,1963,1963.0,1963.0,1963.0,1963.0,1963.0,1963.0,1963.0,1963.0,1963.0,1963.0,1963.0,1963.0,1963.0,1963.0,1963.0,1963.0,1963.0,1963.0,1963.0,1963.0,1963.0,1963.0,1963.0,1963.0,1963.0,1963.0,1963.0,3.0,0.3,231.2087,245.51,257.6346,267.281,274.433,279.3278,282.3786,284.0766,284.8899,285.1763,285.1167,284.6761,283.5963,281.4221,277.5651,271.402,262.3983,250.2383,234.9323,216.8681,289.830465965906,284.38609243609443,1194.6085,392.1777,1819.55,-33.672199999999975
1964,1964,1964.0,1964.0,1964.0,1964.0,1964.0,1964.0,1964.0,1964.0,1964.0,1964.0,1964.0,1964.0,1964.0,1964.0,1964.0,1964.0,1964.0,1964.0,1964.0,1964.0,1964.0,1964.0,1964.0,1964.0,1964.0,1964.0,1964.0,4.0,0.4,286.2213,283.1475,280.7199,278.9835,277.9019,277.3631,277.2017,277.231,277.2763,277.2033,276.9389,276.4817,275.904,275.3424,274.9777,275.0043,275.5925,276.8512,278.8008,281.3648,467.9997105939155,264.1483214675262,1586.7862,375.8599999999999,1427.3723,-35.636900000000026
1965,1965,1965.0,1965.0,1965.0,1965.0,1965.0,1965.0,1965.0,1965.0,1965.0,1965.0,1965.0,1965.0,1965.0,1965.0,1965.0,1965.0,1965.0,1965.0,1965.0,1965.0,1965.0,1965.0,1965.0,1965.0,1965.0,1965.0,1965.0,5.0,0.5,425.444,390.9014,362.7119,339.9144,321.8395,307.8938,297.4697,289.935,284.6634,281.0745,278.6653,277.0248,275.8323,274.8461,273.8879,272.8297,271.5842,270.0994,268.3558,266.3622,256.35402761670616,242.64640007150564,1962.6462,343.7718000000002,1051.5123,-5.106200000000001
1966,1966,1966.0,1966.0,1966.0,1966.0,1966.0,1966.0,1966.0,1966.0,1966.0,1966.0,1966.0,1966.0,1966.0,1966.0,1966.0,1966.0,1966.0,1966.0,1966.0,1966.0,1966.0,1966.0,1966.0,1966.0,1966.0,1966.0,1966.0,6.0,0.6,266.3551,275.2999,282.603,287.9142,291.149,292.4604,292.1713,290.6894,288.4246,285.7259,282.8439,279.9171,276.9809,273.9879,270.8362,267.3995,263.5535,259.1978,254.2699,248.7482,199.50645938006204,435.3232262904047,2306.418,351.6214,707.7404999999999,-20.539600000000007
1967,1967,1967.0,1967.0,1967.0,1967.0,1967.0,1967.0,1967.0,1967.0,1967.0,1967.0,1967.0,1967.0,1967.0,1967.0,1967.0,1967.0,1967.0,1967.0,1967.0,1967.0,1967.0,1967.0,1967.0,1967.0,1967.0,1967.0,1967.0,7.0,0.7,215.4853,229.9817,242.6444,253.26,261.7725,268.2771,272.9985,276.2634,278.4778,280.1133,281.7043,283.8484,287.2037,292.4712,300.36,311.5388,326.5896,345.9919,370.1713,399.6487,362.5635319095974,456.3304871736307,2658.0394,210.6302000000001,356.1190999999999,-44.72289999999998
1968,1968,1968.0,1968.0,1968.0,1968.0,1968.0,1968.0,1968.0,1968.0,1968.0,1968.0,1968.0,1968.0,1968.0,1968.0,1968.0,1968.0,1968.0,1968.0,1968.0,1968.0,1968.0,1968.0,1968.0,1968.0,1968.0,1968.0,1968.0,8.0,0.8,342.4022,325.1884,310.9504,299.7145,291.4128,285.8537,282.745,281.7511,282.5587,284.9326,288.7492,294.0079,300.8227,309.4045,320.0422,333.0942,348.9976,368.3083,391.7851,420.5442,288.3560274465417,429.9665806409352,2868.6696,67.66779999999972,145.48889999999983,-27.1463
1969,1969,1969.0,1969.0,1969.0,1969.0,1969.0,1969.0,1969.0,1969.0,1969.0,1969.0,1969.0,1969.0,1969.0,1969.0,1969.0,1969.0,1969.0,1969.0,1969.0,1969.0,1969.0,1969.0,1969.0,1969.0,1969.0,1969.0,1969.0,9.0,0.9,288.4575,288.7191,288.9942,289.2153,289.4057,289.6724,290.1839,291.1411,292.7492,295.1963,298.6432,303.2232,309.0523,316.2475,324.9515,335.3647,347.7829,362.6453,380.5964,402.5764,358.4864906183322,201.5629587066352,2936.3374,77.82110000000011,77.82110000000011,-23.32760000000001
1970,1970,1970.0,1970.0,1970.0,1970.0,1970.0,1970.0,1970.0,1970.0,1970.0,1970.0,1970.0,1970.0,1970.0,1970.0,1970.0,1970.0,1970.0,1970.0,1970.0,1970.0,1970.0,1970.0,1970.0,1970.0,1970.0,1970.0,1970.0,0.0,0.0,273.0,273.0,273.0,273.0,273.0,273.0,273.0,273.0,273.0,273.0,273.0,273.0,273.0,273.0,273.0,273.0,273.0,273.0,273.0,273.0,255.0936459001992,298.96864886344474,0.0,443.5701,2529.1647,-40.0
1971,1971,1971.0,1971.0,1971.0,1971.0,1971.0,1971.0,1971.0,1971.0,1971.0,1971.0,1971.0,1971.0,1971.0,1971.0,1971.0,1971.0,1971.0,1971.0,1971.0,1971.0,1971.0,1971.0,1971.0,1971.0,1971.0,1971.0,1971.0,1.0,0.1,258.6226,261.7567,264.4578,266.7091,268.5212,269.9307,270.9966,271.7931,272.4037,272.9174,273.4272,274.0301,274.8279,275.9262,277.4305,279.4388,282.0326,285.2683,289.1726,293.7449,192.3892236690218,432.8058112870029,443.5701,421.4082,2085.5946,-43.0693
1972,1972,1972.0,1972.0,1972.0,1972.0,1972.0,1972.0,1972.0,1972.0,1972.0,1972.0,1972.0,1972.0,1972.0,1972.0,1972.0,1972.0,1972.0,1972.0,1972.0,1972.0,1972.0,1972.0,1972.0,1972.0,1972.0,1972.0,1972.0,2.0,0.2,207.2232,220.6452,232.4158,242.413,250.6485,257.261,262.4935,266.6659,270.1508,273.3586,276.7329,280.7512,285.9256,292.7952,301.9083,313.7974,328.9584,347.8543,370.9695,398.942,355.8844268706587,447.445438402726,864.9783,274.1258,1664.1863999999998,-55.738999999999976
1973,1973,1973.0,1973.0,1973.0,1973.0,1973.0,1973.0,1973.0,1973.0,1973.0,1973.0,1973.0,1973.0,1973.0,1973.0,1973.0,1973.0,1973.0,1973.0,1973.0,1973.0,1973.0,1973.0,1973.0,1973.0,1973.0,1973.0,1973.0,3.0,0.3,335.9283,318.7348,304.4442,293.171,284.9117,279.5142,276.7028,276.1367,277.4781,280.4523,284.8847,290.7162,297.9993,306.8851,317.6085,330.4824,345.9077,364.4085,386.7058,413.8487,304.783918801728,298.4510906354404,1139.1041,102.74540000000002,1390.0605999999998,-33.48579999999998
1974,1974,1974.0,1974.0,1974.0,1974.0,1974.0,1974.0,1974.0,1974.0,1974.0,1974.0,1974.0,1974.0,1974.0,1974.0,1974.0,1974.0,1974.0,1974.0,1974.0,1974.0,1974.0,1974.0,1974.0,1974.0,1974.0,1974.0,1974.0,4.0,0.4,300.7492,297.3638,294.5186,292.1623,290.3018,288.9903,288.305,288.3181,289.0683,290.5355,292.6234,295.1527,297.8671,300.4548,302.5861,303.9654,304.3908,303.8124,302.3716,300.4122,313.38958710200905,251.89984537770653,1241.8495,170.87639999999988,1287.3151999999998,-24.00970000000001
1975,1975,1975.0,1975.0,1975.0,1975.0,1975.0,1975.0,1975.0,1975.0,1975.0,1975.0,1975.0,1975.0,1975.0,1975.0,1975.0,1975.0,1975.0,1975.0,1975.0,1975.0,1975.0,1975.0,1975.0,1975.0,1975.0,1975.0,1975.0,5.0,0.5,307.6569,302.8778,298.9637,295.8404,293.4376,291.6808,290.4856,289.7537,289.3689,289.1937,289.0666,288.8017,288.1928,287.0221,285.0778,282.1759,278.1881,273.0666,266.862,259.7268,323.3810544878896,258.5870006256006,1412.7259,265.1687000000002,1116.4388,-21.319200000000023
1976,1976,1976.0,1976.0,1976.0,1976.0,1976.0,1976.0,1976.0,1976.0,1976.0,1976.0,1976.0,1976.0,1976.0,1976.0,1976.0,1976.0,1976.0,1976.0,1976.0,1976.0,1976.0,1976.0,1976.0,1976.0,1976.0,1976.0,1976.0,6.0,0.6,315.8205,309.4669,304.1632,299.7767,296.1842,293.2638,290.8918,288.9419,287.2886,285.8101,284.3921,282.9314,281.339,279.542,277.4856,275.1323,272.4611,269.4648,266.1463,262.5158,295.85331380401635,393.5214271925415,1677.8946,268.20979999999986,851.2700999999997,-19.7362
1977,1977,1977.0,1977.0,1977.0,1977.0,1977.0,1977.0,1977.0,1977.0,1977.0,1977.0,1977.0,1977.0,1977.0,1977.0,1977.0,1977.0,1977.0,1977.0,1977.0,1977.0,1977.0,1977.0,1977.0,1977.0,1977.0,1977.0,1977.0,7.0,0.7,294.2509,293.0009,291.935,290.9284,289.9055,288.8414,287.7584,286.7228,285.8457,285.2869,285.2636,286.0584,288.0212,291.5596,297.1129,305.1148,315.9527,329.9421,347.3372,368.397,256.9267809460059,273.3859258798685,1946.1044,189.3349000000001,583.0602999999999,-24.15859999999998
1978,1978,1978.0,1978.0,1978.0,1978.0,1978.0,1978.0,1978.0,1978.0,1978.0,1978.0,1978.0,1978.0,1978.0,1978.0,1978.0,1978.0,1978.0,1978.0,1978.0,1978.0,1978.0,1978.0,1978.0,1978.0,1978.0,1978.0,1978.0,8.0,0.8,262.3275,267.2498,271.5634,275.1973,278.151,280.4911,282.3347,283.8254,285.1046,286.2838,287.4203,288.5004,289.4332,290.0575,290.1662,289.5449,288.022,285.5192,282.0906,277.9368,286.1566809542687,384.1036698849893,2135.4393,242.10350000000017,393.7253999999998,-32.50889999999998
1979,1979,1979.0,1979.0,1979.0,1979.0,1979.0,1979.0,1979.0,1979.0,1979.0,1979.0,1979.0,1979.0,1979.0,1979.0,1979.0,1979.0,1979.0,1979.0,1979.0,1979.0,1979.0,1979.0,1979.0,1979.0,1979.0,1979.0,1979.0,9.0,0.9,284.2239,282.6479,281.4738,280.7227,280.3862,280.4303,280.8078,281.4767,282.4202,283.667,285.3084,287.5092,290.5109,294.6231,300.2033,307.6261,317.2515,329.4027,344.3716,362.4647,353.3059702348115,463.3045405113203,2377.5428,151.62189999999964,151.62189999999964,-32.56970000000001
1980,1980,1980.0,1980.0,1980.0,1980.0,1980.0,1980.0,1980.0,1980.0,1980.0,1980.0,1980.0,1980.0,1980.0,1980.0,1980.0,1980.0,1980.0,1980.0,1980.0,1980.0,1980.0,1980.0,1980.0,1980.0,1980.0,1980.0,1980.0,0.0,0.0,273.0,273.0,273.0,273.0,273.0,273.0,273.0,273.0,273.0,273.0,273.0,273.0,273.0,273.0,273.0,273.0,273.0,273.0,273.0,273.0,472.0394122617101,292.54309967148856,0.0,406.2808,2810.3708,-40.0
1981,1981,1981.0,1981.0,1981.0,1981.0,1981.0,1981.0,1981.0,1981.0,1981.0,1981.0,1981.0,1981.0,1981.0,1981.0,1981.0,1981.0,1981.0,1981.0,1981.0,1981.0,1981.0,1981.0,1981.0,1981.0,1981.0,1981.0,1981.0,1.0,0.1,427.8232,391.8979,362.5506,338.8114,320.0133,305.5601,294.8323,287.181,281.9656,278.6039,276.6107,275.6173,275.3717,275.7235,276.6,277.98,279.868,282.2736,285.1979,288.6285,263.9252638373519,278.35771428211456,406.2808,304.30920000000003,2404.09,-7.439900000000023
1982,1982,1982.0,1982.0,1982.0,1982.0,1982.0,1982.0,1982.0,1982.0,1982.0,1982.0,1982.0,1982.0,1982.0,1982.0,1982.0,1982.0,1982.0,1982.0,1982.0,1982.0,1982.0,1982.0,1982.0,1982.0,1982.0,1982.0,1982.0,2.0,0.2,272.2356,279.6674,285.6644,289.8954,292.2849,292.9894,292.3341,290.7311,288.6015,286.314,284.1482,282.2823,280.7999,279.709,278.9664,278.5026,278.2436,278.1271,278.1133,278.1876,324.6349502289403,371.55228541426186,710.59,264.25789999999995,2099.7808,-20.01060000000001
1983,1983,1983.0,1983.0,1983.0,1983.0,1983.0,1983.0,1983.0,1983.0,1983.0,1983.0,1983.0,1983.0,1983.0,1983.0,1983.0,1983.0,1983.0,1983.0,1983.0,1983.0,1983.0,1983.0,1983.0,1983.0,1983.0,1983.0,1983.0,3.0,0.3,316.0312,308.752,302.7011,297.7807,293.8731,290.8414,288.5449,286.8621,285.7164,285.0966,285.0713,285.7931,287.4929,290.4627,295.0292,301.5193,310.2271,321.3923,335.2038,351.8398,283.5250682883928,249.23662417221087,974.8479,197.06290000000013,1835.5229,-22.15859999999998
1984,1984,1984.0,1984.0,1984.0,1984.0,1984.0,1984.0,1984.0,1984.0,1984.0,1984.0,1984.0,1984.0,1984.0,1984.0,1984.0,1984.0,1984.0,1984.0,1984.0,1984.0,1984.0,1984.0,1984.0,1984.0,1984.0,1984.0,1984.0,4.0,0.4,284.2896,285.1125,285.8476,286.4011,286.7406,286.8896,286.9115,286.8864,286.8835,286.9356,287.0166,287.0266,286.7878,286.0541,284.5372,281.9493,278.0558,272.731,266.0,258.0554,257.9456285805218,331.73625934896575,1171.9108,275.5744,1638.46,-26.110400000000027
1985,1985,1985.0,1985.0,1985.0,1985.0,1985.0,1985.0,1985.0,1985.0,1985.0,1985.0,1985.0,1985.0,1985.0,1985.0,1985.0,1985.0,1985.0,1985.0,1985.0,1985.0,1985.0,1985.0,1985.0,1985.0,1985.0,1985.0,1985.0,5.0,0.5,262.7229,267.0806,270.9155,274.1617,276.7985,278.849,280.3737,281.4615,282.2231,282.7878,283.3064,283.9557,284.9426,286.5029,288.8905,292.3573,297.1269,303.3696,311.1904,320.6373,205.14645363150768,405.6570290544468,1447.4852,278.84989999999993,1362.8856,-34.15100000000001
1986,1986,1986.0,1986.0,1986.0,1986.0,1986.0,1986.0,1986.0,1986.0,1986.0,1986.0,1986.0,1986.0,1986.0,1986.0,1986.0,1986.0,1986.0,1986.0,1986.0,1986.0,1986.0,1986.0,1986.0,1986.0,1986.0,1986.0,1986.0,6.0,0.6,218.745,231.079,241.9414,251.2263,258.9436,265.2126,270.2434,274.3108,277.7323,280.8513,284.0291,287.642,292.0813,297.7491,305.0512,314.3857,326.1353,340.6734,358.3989,379.813,224.15836401150312,284.0545487904823,1726.3351,294.6794,1084.0357,-47.78739999999999
1987,1987,1987.0,1987.0,1987.0,1987.0,1987.0,1987.0,1987.0,1987.0,1987.0,1987.0,1987.0,1987.0,1987.0,1987.0,1987.0,1987.0,1987.0,1987.0,1987.0,1987.0,1987.0,1987.0,1987.0,1987.0,1987.0,1987.0,1987.0,7.0,0.7,231.7771,238.7115,245.0626,250.918,256.3502,261.4188,266.1735,270.6558,274.8956,278.9043,282.6626,286.109,289.133,291.5799,293.2693,294.0303,293.7473,292.4075,290.1377,287.2166,381.0899585593159,237.65432009491693,2021.0145,345.9285000000002,789.3563000000001,-51.58120000000002
1988,1988,1988.0,1988.0,1988.0,1988.0,1988.0,1988.0,1988.0,1988.0,1988.0,1988.0,1988.0,1988.0,1988.0,1988.0,1988.0,1988.0,1988.0,1988.0,1988.0,1988.0,1988.0,1988.0,1988.0,1988.0,1988.0,1988.0,1988.0,8.0,0.8,356.6564,335.8831,318.635,304.8397,294.3522,286.892,282.0412,279.2836,278.0591,277.8144,278.0375,278.2746,278.1327,277.2774,275.432,272.3835,267.9947,262.22,255.1168,246.8457,391.6089406983048,405.2731201100405,2366.943,302.4447,443.42779999999993,-26.108000000000004
1989,1989,1989.0,1989.0,1989.0,1989.0,1989.0,1989.0,1989.0,1989.0,1989.0,1989.0,1989.0,1989.0,1989.0,1989.0,1989.0,1989.0,1989.0,1989.0,1989.0,1989.0,1989.0,1989.0,1989.0,1989.0,1989.0,1989.0,1989.0,9.0,0.9,369.517,351.1049,335.7059,322.8661,312.2555,303.6131,296.7194,291.3894,287.4802,284.9108,283.6843,283.9085,285.8046,289.6981,295.9878,305.097,317.4211,333.2921,352.9884,376.815,342.4048871582613,341.23812155282434,2669.3877,140.98309999999992,140.98309999999992,-9.386900000000026
1990,1990,1990.0,1990.0,1990.0,1990.0,1990.0,1990.0,1990.0,1990.0,1990.0,1990.0,1990.0,1990.0,1990.0,1990.0,1990.0,1990.0,1990.0,1990.0,1990.0,1990.0,1990.0,1990.0,1990.0,1990.0,1990.0,1990.0,1990.0,0.0,0.0,273.0,273.0,273.0,273.0,273.0,273.0,273.0,273.0,273.0,273.0,273.0,273.0,273.0,273.0,273.0,273.0,273.0,273.0,273.0,273.0,336.5468285896261,445.3979070339474,0.0,366.7349,2762.1022,5.191399999999987
1991,1991,1991.0,1991.0,1991.0,1991.0,1991.0,1991.0,1991.0,1991.0,1991.0,1991.0,1991.0,1991.0,1991.0,1991.0,1991.0,1991.0,1991.0,1991.0,1991.0,1991.0,1991.0,1991.0,1991.0,1991.0,1991.0,1991.0,1991.0,1.0,0.1,323.5201,312.2787,302.7698,294.9465,288.7314,284.0066,280.6277,278.454,277.3872,277.4095,278.614,281.2231,285.5877,292.1674,301.4901,314.1017,330.5221,351.2351,376.7461,407.7423,305.90224673151874,219.19026500879173,366.7349,185.06890000000004,2395.3673,5.191399999999987
1992,1992,1992.0,1992.0,1992.0,1992.0,1992.0,1992.0,1992.0,1992.0,1992.0,1992.0,1992.0,1992.0,1992.0,1992.0,1992.0,1992.0,1992.0,1992.0,1992.0,1992.0,1992.0,1992.0,1992.0,1992.0,1992.0,1992.0,1992.0,2.0,0.2,301.5886,297.9404,294.8273,292.1694,289.9376,288.1444,286.8261,286.0161,285.7151,285.8579,286.2842,286.7167,286.7545,285.8888,283.5469,279.1651,272.2843,262.651,250.3005,235.5946,209.27136043513943,261.32226361633934,551.8038,332.3043,2210.2984,5.191399999999987
1993,1993,1993.0,1993.0,1993.0,1993.0,1993.0,1993.0,1993.0,1993.0,1993.0,1993.0,1993.0,1993.0,1993.0,1993.0,1993.0,1993.0,1993.0,1993.0,1993.0,1993.0,1993.0,1993.0,1993.0,1993.0,1993.0,1993.0,1993.0,3.0,0.3,223.9912,237.3031,248.8511,258.4306,266.0038,271.6805,275.6751,278.2551,279.6933,280.2335,280.0739,279.3657,278.222,276.7317,274.9704,273.0055,270.8935,268.6731,266.3559,263.922,424.0313996854337,351.3793106334667,884.1081,371.0213,1877.9941,5.191399999999987
1994,1994,1994.0,1994.0,1994.0,1994.0,1994.0,1994.0,1994.0,1994.0,1994.0,1994.0,1994.0,1994.0,1994.0,1994.0,1994.0,1994.0,1994.0,1994.0,1994.0,1994.0,1994.0,1994.0,1994.0,1994.0,1994.0,1994.0,1994.0,4.0,0.4,390.419,362.4298,339.3729,320.8423,306.47,295.808,288.3085,283.3693,280.4082,278.9354,278.6063,279.2456,280.8431,283.5268,287.5189,293.0823,300.4684,309.8769,321.44,335.2424,451.6322192310027,238.0920461579626,1255.1294,259.3835999999999,1506.9727999999998,5.191399999999987
1995,1995,1995.0,1995.0,1995.0,1995.0,1995.0,1995.0,1995.0,1995.0,1995.0,1995.0,1995.0,1995.0,1995.0,1995.0,1995.0,1995.0,1995.0,1995.0,1995.0,1995.0,1995.0,1995.0,1995.0,1995.0,1995.0,1995.0,1995.0,5.0,0.5,416.5548,388.2542,365.1269,346.1618,330.6815,318.1914,308.2904,300.6199,294.8339,290.5817,287.4958,285.1845,283.2295,281.1943,278.6441,275.1805,270.4864,264.3725,256.8123,247.9531,208.3192246540229,462.2633052536532,1514.513,242.98720000000003,1247.5892,5.191399999999987
1996,1996,1996.0,1996.0,1996.0,1996.0,1996.0,1996.0,1996.0,1996.0,1996.0,1996.0,1996.0,1996.0,1996.0,1996.0,1996.0,1996.0,1996.0,1996.0,1996.0,1996.0,1996.0,1996.0,1996.0,1996.0,1996.0,1996.0,1996.0,6.0,0.6,228.6099,246.8929,262.3543,274.5308,283.3422,289.0487,292.1634,293.3511,293.3436,292.8847,292.7078,293.5389,296.1069,301.1474,309.3874,321.5137,338.142,359.8202,387.1092,420.791,255.32028867831912,311.24440576614074,1757.5002,127.67679999999996,1004.602,5.191399999999987
1997,1997,1997.0,1997.0,1997.0,1997.0,1997.0,1997.0,1997.0,1997.0,1997.0,1997.0,1997.0,1997.0,1997.0,1997.0,1997.0,1997.0,1997.0,1997.0,1997.0,1997.0,1997.0,1997.0,1997.0,1997.0,1997.0,1997.0,1997.0,7.0,0.7,259.5911,263.5944,267.3903,271.0172,274.4943,277.8302,281.0362,284.1351,287.1637,290.1639,293.1656,296.1662,299.1142,301.9057,304.3997,306.4542,307.9763,308.9773,309.6154,310.214,306.6585111476813,279.4006238479509,1885.177,189.385,876.9251999999999,5.191399999999987
1998,1998,1998.0,1998.0,1998.0,1998.0,1998.0,1998.0,1998.0,1998.0,1998.0,1998.0,1998.0,1998.0,1998.0,1998.0,1998.0,1998.0,1998.0,1998.0,1998.0,1998.0,1998.0,1998.0,1998.0,1998.0,1998.0,1998.0,1998.0,8.0,0.8,300.3726,295.0412,290.7523,287.5522,285.4246,284.2869,283.9999,284.3865,285.2516,286.3985,287.6389,288.7983,289.7178,290.257,290.2996,289.7635,288.6137,286.8754,284.6427,282.078,237.10719011799944,241.4016185049773,2074.562,278.5422000000003,687.5401999999999,5.191399999999987
1999,1999,1999.0,1999.0,1999.0,1999.0,1999.0,1999.0,1999.0,1999.0,1999.0,1999.0,1999.0,1999.0,1999.0,1999.0,1999.0,1999.0,1999.0,1999.0,1999.0,1999.0,1999.0,1999.0,1999.0,1999.0,1999.0,1999.0,1999.0,9.0,0.9,246.1376,254.2957,261.3902,267.3162,272.0656,275.7158,278.4015,280.2795,281.4946,282.1527,282.3046,281.9411,280.9982,279.3697,276.9284,273.5497,269.1383,263.6527,257.1215,249.6483,366.0162739251548,214.42279730457287,2353.1042,408.9979999999996,408.9979999999996,5.191399999999987
2000,2000,2000.0,2000.0,2000.0,2000.0,2000.0,2000.0,2000.0,2000.0,2000.0,2000.0,2000.0,2000.0,2000.0,2000.0,2000.0,2000.0,2000.0,2000.0,2000.0,2000.0,2000.0,2000.0,2000.0,2000.0,2000.0,2000.0,2000.0,0.0,0.0,273.0,273.0,273.0,273.0,273.0,273.0,273.0,273.0,273.0,273.0,273.0,273.0,273.0,273.0,273.0,273.0,273.0,273.0,273.0,273.0,363.44261695350025,443.4265451409866,0.0,361.317,2871.0163999999995,-40.0
2001,2001,2001.0,2001.0,2001.0,2001.0,2001.0,2001.0,2001.0,2001.0,2001.0,2001.0,2001.0,2001.0,2001.0,2001.0,2001.0,2001.0,2001.0,2001.0,2001.0,2001.0,2001.0,2001.0,2001.0,2001.0,2001.0,2001.0,2001.0,1.0,0.1,344.6274,328.5632,315.0592,303.9813,295.1807,288.4652,283.6061,280.3717,278.5714,278.1017,278.9816,281.3728,285.5793,292.0258,301.2147,313.6735,329.9084,350.3917,375.6157,406.2478,197.4334410394588,268.9798747042992,361.317,184.82500000000005,2509.6993999999995,-24.53480000000002
2002,2002,2002.0,2002.0,2002.0,2002.0,2002.0,2002.0,2002.0,2002.0,2002.0,2002.0,2002.0,2002.0,2002.0,2002.0,2002.0,2002.0,2002.0,2002.0,2002.0,2002.0,2002.0,2002.0,2002.0,2002.0,2002.0,2002.0,2002.0,2.0,0.2,215.4215,231.6655,245.6423,257.0796,265.9819,272.599,277.352,280.7416,283.257,285.3002,287.1334,288.8524,290.3863,291.5219,291.9537,291.3522,289.4445,286.0929,281.3529,275.4954,175.24961937493583,252.39445585442616,546.142,392.8427999999999,2324.8744,-40.40100000000001
2003,2003,2003.0,2003.0,2003.0,2003.0,2003.0,2003.0,2003.0,2003.0,2003.0,2003.0,2003.0,2003.0,2003.0,2003.0,2003.0,2003.0,2003.0,2003.0,2003.0,2003.0,2003.0,2003.0,2003.0,2003.0,2003.0,2003.0,2003.0,3.0,0.3,192.629,208.5394,222.779,235.2299,245.8658,254.7444,261.9874,267.7546,272.2161,275.5293,277.8213,279.1801,279.6527,279.2515,277.9664,275.781,272.6913,268.7218,263.9372,258.4461,466.3111551492276,183.51214437418352,938.9848,529.1646000000001,1932.0316,-58.25559999999999
2004,2004,2004.0,2004.0,2004.0,2004.0,2004.0,2004.0,2004.0,2004.0,2004.0,2004.0,2004.0,2004.0,2004.0,2004.0,2004.0,2004.0,2004.0,2004.0,2004.0,2004.0,2004.0,2004.0,2004.0,2004.0,2004.0,2004.0,2004.0,4.0,0.4,420.4746,382.7736,351.9029,327.1991,308.1563,294.1783,284.501,278.2227,274.3862,272.0628,270.4124,268.709,266.3409,262.7974,257.6583,250.5948,241.3846,229.9352,216.3054,200.7122,187.10179003991027,347.8116845880571,1468.1494,496.5615,1402.867,-18.82170000000002
2005,2005,2005.0,2005.0,2005.0,2005.0,2005.0,2005.0,2005.0,2005.0,2005.0,2005.0,2005.0,2005.0,2005.0,2005.0,2005.0,2005.0,2005.0,2005.0,2005.0,2005.0,2005.0,2005.0,2005.0,2005.0,2005.0,2005.0,2005.0,5.0,0.5,209.1018,228.8513,245.4825,258.5061,267.8454,273.7837,276.8595,277.7464,277.1511,275.7469,274.1471,272.9099,272.5578,273.592,276.4878,281.6661,289.4467,300.0032,313.3441,329.3406,450.64096726828296,409.20087800350063,1964.7109,330.6104,906.3055,-39.21629999999999
2006,2006,2006.0,2006.0,2006.0,2006.0,2006.0,2006.0,2006.0,2006.0,2006.0,2006.0,2006.0,2006.0,2006.0,2006.0,2006.0,2006.0,2006.0,2006.0,2006.0,2006.0,2006.0,2006.0,2006.0,2006.0,2006.0,2006.0,2006.0,6.0,0.6,410.4727,377.4053,350.3156,328.5779,311.7066,299.1825,290.4091,284.7538,281.6245,280.544,281.1996,283.4592,287.3575,293.0614,300.8248,310.9457,323.736,339.5165,358.6499,381.6237,195.81254788190867,398.64038485829474,2295.3213,132.26009999999997,575.6950999999999,-13.817499999999995
2007,2007,2007.0,2007.0,2007.0,2007.0,2007.0,2007.0,2007.0,2007.0,2007.0,2007.0,2007.0,2007.0,2007.0,2007.0,2007.0,2007.0,2007.0,2007.0,2007.0,2007.0,2007.0,2007.0,2007.0,2007.0,2007.0,2007.0,2007.0,7.0,0.7,216.6758,235.4815,251.4761,264.2622,273.8326,280.5234,284.9148,287.7127,289.6409,291.3602,293.4226,296.2579,300.1845,305.4366,312.1989,320.6446,330.9741,343.4564,358.4766,376.5959,266.03753636660656,309.9908458561852,2427.5814,156.91570000000002,443.435,-32.47660000000002
2008,2008,2008.0,2008.0,2008.0,2008.0,2008.0,2008.0,2008.0,2008.0,2008.0,2008.0,2008.0,2008.0,2008.0,2008.0,2008.0,2008.0,2008.0,2008.0,2008.0,2008.0,2008.0,2008.0,2008.0,2008.0,2008.0,2008.0,2008.0,8.0,0.8,267.1523,268.3267,269.7266,271.4573,273.556,276.0006,278.7296,281.6649,284.7293,287.8545,290.978,294.0344,296.9467,299.624,301.971,303.9108,305.4171,306.5485,307.4754,308.4894,300.4075673717496,451.4664553311238,2584.4971,177.2460000000001,286.5193,-36.99939999999998
2009,2009,2009.0,2009.0,2009.0,2009.0,2009.0,2009.0,2009.0,2009.0,2009.0,2009.0,2009.0,2009.0,2009.0,2009.0,2009.0,2009.0,2009.0,2009.0,2009.0,2009.0,2009.0,2009.0,2009.0,2009.0,2009.0,2009.0,2009.0,9.0,0.9,295.3852,291.1264,287.7122,285.1942,283.5812,282.8403,282.9112,283.7294,285.2556,287.5048,290.5724,294.6516,300.0411,307.1377,316.4162,328.4021,343.6492,362.7454,386.3735,415.461,317.2219256659377,242.61645740875832,2761.7431,109.27329999999984,109.27329999999984,-30.159699999999987
2010,2010,2010.0,2010.0,2010.0,2010.0,2010.0,2010.0,2010.0,2010.0,2010.0,2010.0,2010.0,2010.0,2010.0,2010.0,2010.0,2010.0,2010.0,2010.0,2010.0,2010.0,2010.0,2010.0,2010.0,2010.0,2010.0,2010.0,2010.0,0.0,0.0,273.0,273.0,273.0,273.0,273.0,273.0,273.0,273.0,273.0,273.0,273.0,273.0,273.0,273.0,273.0,273.0,273.0,273.0,273.0,273.0,316.79030650432594,397.8959153110527,0.0,383.4667,1898.3955,-40.0
2011,2011,2011.0,2011.0,2011.0,2011.0,2011.0,2011.0,2011.0,2011.0,2011.0,2011.0,2011.0,2011.0,2011.0,2011.0,2011.0,2011.0,2011.0,2011.0,2011.0,2011.0,2011.0,2011.0,2011.0,2011.0,2011.0,2011.0,2011.0,1.0,0.1,307.9057,300.1813,293.618,288.2052,283.9012,280.6304,278.2963,276.8049,276.0926,276.1543,277.0661,278.9979,282.214,287.0584,293.9244,303.2142,315.2992,330.4975,349.0898,371.3913,399.95425351270455,345.65976643999124,383.4667,195.4227,1514.9288,-32.36959999999999
2012,2012,2012.0,2012.0,2012.0,2012.0,2012.0,2012.0,2012.0,2012.0,2012.0,2012.0,2012.0,2012.0,2012.0,2012.0,2012.0,2012.0,2012.0,2012.0,2012.0,2012.0,2012.0,2012.0,2012.0,2012.0,2012.0,2012.0,2012.0,2.0,0.2,374.4726,353.2076,335.5576,321.1401,309.6627,300.8538,294.4354,290.124,287.6448,286.7471,287.2131,288.8607,291.5402,295.1323,299.549,304.7424,310.7207,317.5676,325.461,334.689,246.92802662192508,457.3802049350354,578.8894,126.22039999999993,1319.5060999999998,-12.146200000000022
2013,2013,2013.0,2013.0,2013.0,2013.0,2013.0,2013.0,2013.0,2013.0,2013.0,2013.0,2013.0,2013.0,2013.0,2013.0,2013.0,2013.0,2013.0,2013.0,2013.0,2013.0,2013.0,2013.0,2013.0,2013.0,2013.0,2013.0,2013.0,3.0,0.3,257.2994,266.6511,274.5631,280.8058,285.3673,288.4361,290.3542,291.5572,292.5204,293.7209,295.6202,298.6642,303.2926,309.9493,319.0892,331.1804,346.7136,366.2346,390.4267,420.277,288.58013646478724,409.91008955684,705.1098,74.7459,1193.2857,-24.56389999999999
2014,2014,2014.0,2014.0,2014.0,2014.0,2014.0,2014.0,2014.0,2014.0,2014.0,2014.0,2014.0,2014.0,2014.0,2014.0,2014.0,2014.0,2014.0,2014.0,2014.0,2014.0,2014.0,2014.0,2014.0,2014.0,2014.0,2014.0,2014.0,4.0,0.4,286.9644,285.7777,285.0793,284.908,285.2786,286.1883,287.629,289.6013,292.1255,295.2468,299.0345,303.5777,308.9808,315.364,322.8725,331.6956,342.0968,354.4537,369.3076,387.4286,359.99749746515454,213.22793701971025,779.8557,87.32990000000007,1118.5398,-26.811699999999973
2015,2015,2015.0,2015.0,2015.0,2015.0,2015.0,2015.0,2015.0,2015.0,2015.0,2015.0,2015.0,2015.0,2015.0,2015.0,2015.0,2015.0,2015.0,2015.0,2015.0,2015.0,2015.0,2015.0,2015.0,2015.0,2015.0,2015.0,2015.0,5.0,0.5,343.8922,330.4107,319.376,310.6581,304.1116,299.5439,296.706,295.2982,294.9776,295.3619,296.0257,296.4921,296.2294,294.66,291.1926,285.2807,276.5037,264.6576,249.8326,232.4487,298.940302450315,457.40336629182366,867.1856,169.95839999999998,1031.2099,-13.456099999999992
2016,2016,2016.0,2016.0,2016.0,2016.0,2016.0,2016.0,2016.0,2016.0,2016.0,2016.0,2016.0,2016.0,2016.0,2016.0,2016.0,2016.0,2016.0,2016.0,2016.0,2016.0,2016.0,2016.0,2016.0,2016.0,2016.0,2016.0,2016.0,6.0,0.6,298.0964,297.6068,297.2366,296.8207,296.2721,295.5799,294.7973,294.0317,293.4402,293.2379,293.7154,295.259,298.3644,303.6304,311.7275,323.346,339.142,359.7166,385.6718,417.7914,324.6717750482552,232.84928745189413,1037.144,95.82210000000008,861.2515000000001,-17.42009999999999
2017,2017,2017.0,2017.0,2017.0,2017.0,2017.0,2017.0,2017.0,2017.0,2017.0,2017.0,2017.0,2017.0,2017.0,2017.0,2017.0,2017.0,2017.0,2017.0,2017.0,2017.0,2017.0,2017.0,2017.0,2017.0,2017.0,2017.0,2017.0,7.0,0.7,317.097,310.8119,305.6963,301.6525,298.5914,296.4244,295.0598,294.3974,294.3189,294.671,295.2441,295.7517,295.817,294.9802,292.7304,288.5675,282.0871,273.0742,261.5809,247.9624,330.3400382966131,278.8927591708961,1132.9661,203.1932,765.4294,-16.57560000000001
2018,2018,2018.0,2018.0,2018.0,2018.0,2018.0,2018.0,2018.0,2018.0,2018.0,2018.0,2018.0,2018.0,2018.0,2018.0,2018.0,2018.0,2018.0,2018.0,2018.0,2018.0,2018.0,2018.0,2018.0,2018.0,2018.0,2018.0,2018.0,8.0,0.8,322.0278,315.1153,309.3992,304.7122,300.9066,297.8437,295.3879,293.4052,291.7656,290.3488,289.0507,287.7926,286.5274,285.2434,283.9627,282.7321,281.6098,280.6477,279.8771,279.3003,216.6181613883631,278.373442773824,1336.1593,261.43079999999986,562.2362,-15.156299999999987
2019,2019,2019.0,2019.0,2019.0,2019.0,2019.0,2019.0,2019.0,2019.0,2019.0,2019.0,2019.0,2019.0,2019.0,2019.0,2019.0,2019.0,2019.0,2019.0,2019.0,2019.0,2019.0,2019.0,2019.0,2019.0,2019.0,2019.0,2019.0,9.0,0.9,231.3566,244.6856,256.1879,265.6206,272.934,278.2517,281.8244,283.9722,285.0307,285.3095,285.0685,284.5084,283.7738,282.9625,282.1373,281.3374,280.5872,279.9032,279.2982,278.7841,320.79383804371,358.08706958553364,1597.5901,300.8054000000002,300.8054000000002,-34.74829999999997
2020,2020,2020.0,2020.0,2020.0,2020.0,2020.0,2020.0,2020.0,2020.0,2020.0,2020.0,2020.0,2020.0,2020.0,2020.0,2020.0,2020.0,2020.0,2020.0,2020.0,2020.0,2020.0,2020.0,2020.0,2020.0,2020.0,2020.0,2020.0,0.0,0.0,273.0,273.0,273.0,273.0,273.0,273.0,273.0,273.0,273.0,273.0,273.0,273.0,273.0,273.0,273.0,273.0,273.0,273.0,273.0,273.0,286.99970344285697,345.735189130286,0.0,410.6208,2704.6156000000005,-40.0
2021,2021,2021.0,2021.0,2021.0,2021.0,2021.0,2021.0,2021.0,2021.0,2021.0,2021.0,2021.0,2021.0,2021.0,2021.0,2021.0,2021.0,2021.0,2021.0,2021.0,2021.0,2021.0,2021.0,2021.0,2021.0,2021.0,2021.0,2021.0,1.0,0.1,284.2016,281.7437,279.643,277.9074,276.5312,275.4978,274.7859,274.3803,274.2846,274.5341,275.2062,276.4275,278.3746,281.2659,285.3444,290.8527,298.0058,306.9699,317.8576,330.7478,402.9594785860154,294.1765605575953,410.6208,288.98010000000005,2293.9948000000004,-37.502200000000016
2022,2022,2022.0,2022.0,2022.0,2022.0,2022.0,2022.0,2022.0,2022.0,2022.0,2022.0,2022.0,2022.0,2022.0,2022.0,2022.0,2022.0,2022.0,2022.0,2022.0,2022.0,2022.0,2022.0,2022.0,2022.0,2022.0,2022.0,2022.0,2.0,0.2,375.8131,353.0867,334.2085,318.8204,306.6268,297.3158,290.5347,285.9007,283.0271,281.5496,281.1432,281.5274,282.4631,283.7467,285.2078,286.713,288.1763,289.5725,290.9477,292.4215,262.7439380056685,408.15126814869626,699.6009,214.727,2005.0147,-15.684199999999976
2023,2023,2023.0,2023.0,2023.0,2023.0,2023.0,2023.0,2023.0,2023.0,2023.0,2023.0,2023.0,2023.0,2023.0,2023.0,2023.0,2023.0,2023.0,2023.0,2023.0,2023.0,2023.0,2023.0,2023.0,2023.0,2023.0,2023.0,2023.0,3.0,0.3,269.5528,275.679,280.7425,284.523,286.9849,288.2643,288.6299,288.4318,288.0558,287.8922,288.3221,289.7196,292.4601,296.9264,303.5064,312.5805,324.5081,339.6256,358.2764,380.8933,289.31674936172783,291.8710847906558,914.3279,148.9121,1790.2877,-24.73570000000001
2024,2024,2024.0,2024.0,2024.0,2024.0,2024.0,2024.0,2024.0,2024.0,2024.0,2024.0,2024.0,2024.0,2024.0,2024.0,2024.0,2024.0,2024.0,2024.0,2024.0,2024.0,2024.0,2024.0,2024.0,2024.0,2024.0,2024.0,2024.0,4.0,0.4,287.67,286.4023,285.5131,284.9965,284.8388,285.0213,285.5241,286.3293,287.4186,288.7653,290.3225,292.0094,293.7027,295.2384,296.4281,297.0913,297.0979,296.4138,295.1351,293.5,270.8209769500168,269.76046752770657,1063.24,217.7076,1641.3756,-27.978700000000003
2025,2025,2025.0,2025.0,2025.0,2025.0,2025.0,2025.0,2025.0,2025.0,2025.0,2025.0,2025.0,2025.0,2025.0,2025.0,2025.0,2025.0,2025.0,2025.0,2025.0,2025.0,2025.0,2025.0,2025.0,2025.0,2025.0,2025.0,2025.0,5.0,0.5,273.0437,275.1536,277.0956,278.8355,280.3623,281.6854,282.8263,283.8088,284.6476,285.3408,285.8639,286.1694,286.1896,285.8446,285.0533,283.7484,281.8909,279.4843,276.5828,273.2922,324.919481605912,242.0415150287265,1280.9476,304.71270000000004,1423.668,-31.314599999999984
2026,2026,2026.0,2026.0,2026.0,2026.0,2026.0,2026.0,2026.0,2026.0,2026.0,2026.0,2026.0,2026.0,2026.0,2026.0,2026.0,2026.0,2026.0,2026.0,2026.0,2026.0,2026.0,2026.0,2026.0,2026.0,2026.0,2026.0,2026.0,6.0,0.6,315.3321,307.1471,300.3336,294.8455,290.594,287.4383,285.1926,283.6415,282.5587,281.7209,280.9176,279.9533,278.6482,276.8375,274.3745,271.1372,267.0388,262.0388,256.1516,249.4468,422.6831487655003,306.5746117363654,1585.6603,337.7871,1118.9553,-25.561699999999973
2027,2027,2027.0,2027.0,2027.0,2027.0,2027.0,2027.0,2027.0,2027.0,2027.0,2027.0,2027.0,2027.0,2027.0,2027.0,2027.0,2027.0,2027.0,2027.0,2027.0,2027.0,2027.0,2027.0,2027.0,2027.0,2027.0,2027.0,2027.0,7.0,0.7,392.5818,367.7802,347.3276,330.6071,317.1479,306.5228,298.3079,292.0822,287.4504,284.0712,281.682,280.1144,279.296,279.2401,280.0232,281.7532,284.5333,288.4289,293.4459,299.5279,194.1838199104168,231.23049629520008,1923.4474,299.3173999999999,781.1682000000001,-6.477199999999982
2028,2028,2028.0,2028.0,2028.0,2028.0,2028.0,2028.0,2028.0,2028.0,2028.0,2028.0,2028.0,2028.0,2028.0,2028.0,2028.0,2028.0,2028.0,2028.0,2028.0,2028.0,2028.0,2028.0,2028.0,2028.0,2028.0,2028.0,2028.0,8.0,0.8,215.5306,234.7851,251.1631,264.2199,273.8805,280.392,284.2262,285.9634,286.1841,285.3857,283.9303,282.0227,279.715,276.9313,273.5069,269.2372,263.9301,257.4549,249.7779,240.9772,352.35666366683563,439.7000200561049,2222.7648,338.6125000000002,481.85080000000016,-32.608000000000004
2029,2029,2029.0,2029.0,2029.0,2029.0,2029.0,2029.0,2029.0,2029.0,2029.0,2029.0,2029.0,2029.0,2029.0,2029.0,2029.0,2029.0,2029.0,2029.0,2029.0,2029.0,2029.0,2029.0,2029.0,2029.0,2029.0,2029.0,2029.0,9.0,0.9,335.4234,320.9779,309.0164,299.5032,292.3013,287.1585,283.7415,281.701,280.7457,280.7089,281.5962,283.6069,287.1276,292.6967,300.9438,312.5152,328.0045,347.9201,372.7261,402.9935,274.1799078751642,342.1591989890287,2561.3773,143.23829999999998,143.23829999999998,-25.8415
2030,2030,2030.0,2030.0,2030.0,2030.0,2030.0,2030.0,2030.0,2030.0,2030.0,2030.0,2030.0,2030.0,2030.0,2030.0,2030.0,2030.0,2030.0,2030.0,2030.0,2030.0,2030.0,2030.0,2030.0,2030.0,2030.0,2030.0,2030.0,0.0,0.0,273.0,273.0,273.0,273.0,273.0,273.0,273.0,273.0,273.0,273.0,273.0,273.0,273.0,273.0,273.0,273.0,273.0,273.0,273.0,273.0,325.1652001335838,275.34482859963254,0.0,428.0187,1613.7825,8.403399999999976
2031,2031,2031.0,2031.0,2031.0,2031.0,2031.0,2031.0,2031.0,2031.0,2031.0,2031.0,2031.0,2031.0,2031.0,2031.0,2031.0,2031.0,2031.0,2031.0,2031.0,2031.0,2031.0,2031.0,2031.0,2031.0,2031.0,2031.0,2031.0,1.0,0.1,314.5326,305.3149,297.4913,291.0322,285.8702,281.8905,278.9382,276.8349,275.3994,274.4649,273.8912,273.5696,273.4225,273.3991,273.4694,273.6173,273.8356,274.1207,274.4699,274.8795,432.9340792511673,467.8263844418536,428.0187,314.7697,1185.7638,8.403399999999976
2032,2032,2032.0,2032.0,2032.0,2032.0,2032.0,2032.0,2032.0,2032.0,2032.0,2032.0,2032.0,2032.0,2032.0,2032.0,2032.0,2032.0,2032.0,2032.0,2032.0,2032.0,2032.0,2032.0,2032.0,2032.0,2032.0,2032.0,2032.0,2.0,0.2,399.8404,372.5986,350.1196,331.7291,316.9434,305.35,296.5621,290.2229,286.0384,283.8187,283.5157,285.245,289.2868,296.0621,306.0872,319.9175,338.1019,361.1817,389.7736,424.785,198.8230914034924,466.1125336144133,742.7884,97.06909999999992,870.9941,8.403399999999976
2033,2033,2033.0,2033.0,2033.0,2033.0,2033.0,2033.0,2033.0,2033.0,2033.0,2033.0,2033.0,2033.0,2033.0,2033.0,2033.0,2033.0,2033.0,2033.0,2033.0,2033.0,2033.0,2033.0,2033.0,2033.0,2033.0,2033.0,2033.0,3.0,0.3,219.4667,238.1027,253.9967,266.7619,276.3932,283.2266,287.8476,290.9812,293.3906,295.7997,298.8475,303.0714,308.9146,316.7493,326.9113,339.7444,355.6574,375.2006,399.1784,428.8263,274.4253414970571,436.4966641609368,839.8575,87.53980000000001,773.9250000000001,8.403399999999976
2034,2034,2034.0,2034.0,2034.0,2034.0,2034.0,2034.0,2034.0,2034.0,2034.0,2034.0,2034.0,2034.0,2034.0,2034.0,2034.0,2034.0,2034.0,2034.0,2034.0,2034.0,2034.0,2034.0,2034.0,2034.0,2034.0,2034.0,2034.0,4.0,0.4,274.3278,274.4806,275.0676,276.2113,277.9654,280.3263,283.2572,286.7183,290.6917,295.1988,300.3059,306.1225,312.7971,320.516,329.5097,340.0711,352.5869,367.5836,385.7947,408.2614,435.8644851371647,243.2527765448748,927.3973,76.0643,686.3852,8.403399999999976
2035,2035,2035.0,2035.0,2035.0,2035.0,2035.0,2035.0,2035.0,2035.0,2035.0,2035.0,2035.0,2035.0,2035.0,2035.0,2035.0,2035.0,2035.0,2035.0,2035.0,2035.0,2035.0,2035.0,2035.0,2035.0,2035.0,2035.0,2035.0,5.0,0.5,401.655,373.6637,350.9478,332.9561,319.2648,309.4363,302.9646,299.2761,297.756,297.7759,298.7104,299.9403,300.8506,300.8342,299.3123,295.7785,289.8619,281.4003,270.5004,257.5631,392.0187156820592,466.02466576830034,1003.4616,146.0693,610.3209,8.403399999999976
2036,2036,2036.0,2036.0,2036.0,2036.0,2036.0,2036.0,2036.0,2036.0,2036.0,2036.0,2036.0,2036.0,2036.0,2036.0,2036.0,2036.0,2036.0,2036.0,2036.0,2036.0,2036.0,2036.0,2036.0,2036.0,2036.0,2036.0,2036.0,6.0,0.6,372.8125,357.1896,344.3473,333.7205,324.9153,317.6638,311.7901,307.1905,303.8248,301.7235,301.0037,301.8894,304.725,309.9716,318.1817,329.957,345.9075,366.6434,392.8425,425.4432,289.1531699294653,279.7404100508642,1149.5309,57.30060000000003,464.25160000000005,8.403399999999976
2037,2037,2037.0,2037.0,2037.0,2037.0,2037.0,2037.0,2037.0,2037.0,2037.0,2037.0,2037.0,2037.0,2037.0,2037.0,2037.0,2037.0,2037.0,2037.0,2037.0,2037.0,2037.0,2037.0,2037.0,2037.0,2037.0,2037.0,2037.0,7.0,0.7,292.6144,296.0078,298.9706,301.2712,302.8296,303.7071,304.0711,304.1449,304.1521,304.266,304.5688,305.027,305.4842,305.6771,305.2745,303.9382,301.3974,297.5245,292.3932,286.3005,461.04853300863255,397.90562236634406,1206.8315,118.84930000000008,406.951,8.403399999999976
2038,2038,2038.0,2038.0,2038.0,2038.0,2038.0,2038.0,2038.0,2038.0,2038.0,2038.0,2038.0,2038.0,2038.0,2038.0,2038.0,2038.0,2038.0,2038.0,2038.0,2038.0,2038.0,2038.0,2038.0,2038.0,2038.0,2038.0,2038.0,8.0,0.8,422.7977,392.1482,367.5361,347.9964,332.8247,321.4034,313.135,307.4435,303.8089,301.8124,301.1711,301.7585,303.6048,306.8796,311.8594,318.8863,328.3265,340.544,355.9044,374.8282,225.69995040207664,235.66998596788284,1325.6808,101.99869999999989,288.10169999999994,8.403399999999976
2039,2039,2039.0,2039.0,2039.0,2039.0,2039.0,2039.0,2039.0,2039.0,2039.0,2039.0,2039.0,2039.0,2039.0,2039.0,2039.0,2039.0,2039.0,2039.0,2039.0,2039.0,2039.0,2039.0,2039.0,2039.0,2039.0,2039.0,2039.0,9.0,0.9,243.3045,259.2302,272.7783,283.5596,291.5211,296.9013,300.1387,301.7609,302.278,302.0981,301.4709,300.4624,298.9574,296.6895,293.2943,288.382,281.6228,272.8307,262.0299,249.4832,372.0668190985182,297.7365893251939,1427.6795,186.1030000000001,186.1030000000001,8.403399999999976
2040,2040,2040.0,2040.0,2040.0,2040.0,2040.0,2040.0,2040.0,2040.0,2040.0,2040.0,2040.0,2040.0,2040.0,2040.0,2040.0,2040.0,2040.0,2040.0,2040.0,2040.0,2040.0,2040.0,2040.0,2040.0,2040.0,2040.0,2040.0,0.0,0.0,273.0,273.0,273.0,273.0,273.0,273.0,273.0,273.0,273.0,273.0,273.0,273.0,273.0,273.0,273.0,273.0,273.0,273.0,273.0,273.0,394.26891764318816,398.1375927779767,0.0,367.7369,2846.0816,-40.0
2041,2041,2041.0,2041.0,2041.0,2041.0,2041.0,2041.0,2041.0,2041.0,2041.0,2041.0,2041.0,2041.0,2041.0,2041.0,2041.0,2041.0,2041.0,2041.0,2041.0,2041.0,2041.0,2041.0,2041.0,2041.0,2041.0,2041.0,2041.0,1.0,0.1,368.5903,346.9506,328.8967,314.1387,302.4173,293.4384,286.8642,282.3409,279.5454,278.2332,278.2759,279.6814,282.5938,287.2733,294.0581,303.3163,315.3993,330.6144,349.2366,371.5794,238.9083725877966,440.705863468491,367.7369,163.11670000000004,2478.3447,-19.5616
2042,2042,2042.0,2042.0,2042.0,2042.0,2042.0,2042.0,2042.0,2042.0,2042.0,2042.0,2042.0,2042.0,2042.0,2042.0,2042.0,2042.0,2042.0,2042.0,2042.0,2042.0,2042.0,2042.0,2042.0,2042.0,2042.0,2042.0,2042.0,2.0,0.2,249.9139,259.781,268.0953,274.6397,279.4227,282.6613,284.7306,286.1011,287.2777,288.7546,290.9895,294.3955,299.3462,306.1877,315.2525,326.8773,341.4275,359.3402,381.1996,407.8676,419.2793180910328,296.8546439975877,530.8536,105.69740000000002,2315.228,-30.338700000000017
2043,2043,2043.0,2043.0,2043.0,2043.0,2043.0,2043.0,2043.0,2043.0,2043.0,2043.0,2043.0,2043.0,2043.0,2043.0,2043.0,2043.0,2043.0,2043.0,2043.0,2043.0,2043.0,2043.0,2043.0,2043.0,2043.0,2043.0,2043.0,3.0,0.3,388.5162,363.0951,342.3366,325.8318,313.2354,304.1607,298.1524,294.7057,293.3038,293.4511,294.6897,296.599,298.7877,300.8876,302.5623,303.5312,303.6109,302.7591,301.1097,298.9819,351.43506218366406,393.3249082016697,636.551,118.98849999999992,2209.5306,-8.83929999999998
2044,2044,2044.0,2044.0,2044.0,2044.0,2044.0,2044.0,2044.0,2044.0,2044.0,2044.0,2044.0,2044.0,2044.0,2044.0,2044.0,2044.0,2044.0,2044.0,2044.0,2044.0,2044.0,2044.0,2044.0,2044.0,2044.0,2044.0,2044.0,4.0,0.4,340.7062,331.903,324.5586,318.3396,313.0332,308.5267,304.7832,301.8153,299.6662,298.399,298.0985,298.8799,300.8994,304.3611,309.5148,316.6441,326.0503,338.0439,352.957,371.1925,217.0749466619848,418.1268581511566,755.5395,76.8356,2090.5421,-4.473299999999995
2045,2045,2045.0,2045.0,2045.0,2045.0,2045.0,2045.0,2045.0,2045.0,2045.0,2045.0,2045.0,2045.0,2045.0,2045.0,2045.0,2045.0,2045.0,2045.0,2045.0,2045.0,2045.0,2045.0,2045.0,2045.0,2045.0,2045.0,2045.0,5.0,0.5,233.3526,248.1336,260.9368,271.4976,279.792,286.0149,290.5267,293.7875,296.2955,298.5406,300.9768,304.013,308.0164,313.3232,320.254,329.1308,340.2996,354.1625,371.2301,392.2062,186.6900929105105,286.942930552381,832.3751,134.6848,2013.7065,-26.98509999999999
2046,2046,2046.0,2046.0,2046.0,2046.0,2046.0,2046.0,2046.0,2046.0,2046.0,2046.0,2046.0,2046.0,2046.0,2046.0,2046.0,2046.0,2046.0,2046.0,2046.0,2046.0,2046.0,2046.0,2046.0,2046.0,2046.0,2046.0,2046.0,6.0,0.6,204.031,219.9509,234.2359,246.7728,257.5587,266.6924,274.3499,280.7506,286.1206,290.6576,294.5011,297.7128,300.2695,302.0717,302.9711,302.8138,301.4958,299.0187,295.5328,291.3538,231.66925225221428,198.5038807370975,967.0599,336.0910000000001,1879.0217,-46.30759999999998
2047,2047,2047.0,2047.0,2047.0,2047.0,2047.0,2047.0,2047.0,2047.0,2047.0,2047.0,2047.0,2047.0,2047.0,2047.0,2047.0,2047.0,2047.0,2047.0,2047.0,2047.0,2047.0,2047.0,2047.0,2047.0,2047.0,2047.0,2047.0,7.0,0.7,237.7681,243.3793,248.6798,253.7857,258.7417,263.5226,268.046,272.1865,275.7886,278.6723,280.6324,281.4339,280.8101,278.4684,274.1102,267.4659,258.3433,246.68,232.5872,216.3687,347.6954662980695,204.6899824515033,1303.1509,516.81,1542.9307,-49.47739999999999
2048,2048,2048.0,2048.0,2048.0,2048.0,2048.0,2048.0,2048.0,2048.0,2048.0,2048.0,2048.0,2048.0,2048.0,2048.0,2048.0,2048.0,2048.0,2048.0,2048.0,2048.0,2048.0,2048.0,2048.0,2048.0,2048.0,2048.0,2048.0,8.0,0.8,330.7444,316.1284,303.8943,294.0559,286.5191,281.0538,277.3057,274.8364,273.1722,271.8504,270.4521,268.621,266.0701,262.5795,257.9907,252.2004,245.1533,236.8373,227.278,216.5338,216.8870822383567,295.37160632505606,1819.9609,555.3861000000002,1026.1207,-31.946199999999976
2049,2049,2049.0,2049.0,2049.0,2049.0,2049.0,2049.0,2049.0,2049.0,2049.0,2049.0,2049.0,2049.0,2049.0,2049.0,2049.0,2049.0,2049.0,2049.0,2049.0,2049.0,2049.0,2049.0,2049.0,2049.0,2049.0,2049.0,2049.0,9.0,0.9,229.8829,241.494,251.3193,259.1291,264.8844,268.7183,270.8894,271.727,271.5823,270.7962,269.6876,268.5551,267.6871,267.3663,267.8641,269.4193,272.2055,276.2976,281.6493,288.0934,393.925701256742,298.3486494262545,2375.347,470.7345999999998,470.7345999999998,-44.2817
2050,2050,2050.0,2050.0,2050.0,2050.0,2050.0,2050.0,2050.0,2050.0,2050.0,2050.0,2050.0,2050.0,2050.0,2050.0,2050.0,2050.0,2050.0,2050.0,2050.0,2050.0,2050.0,2050.0,2050.0,2050.0,2050.0,2050.0,2050.0,0.0,0.0,273.0,273.0,273.0,273.0,273.0,273.0,273.0,273.0,273.0,273.0,273.0,273.0,273.0,273.0,273.0,273.0,273.0,273.0,273.0,273.0,305.3891645090548,389.57211298080415,0.0,389.4979,3135.7517999999995,-40.0
2051,2051,2051.0,2051.0,2051.0,2051.0,2051.0,2051.0,2051.0,2051.0,2051.0,2051.0,2051.0,2051.0,2051.0,2051.0,2051.0,2051.0,2051.0,2051.0,2051.0,2051.0,2051.0,2051.0,2051.0,2051.0,2051.0,2051.0,2051.0,1.0,0.1,298.856,293.1528,288.2957,284.2865,281.1011,278.6893,276.9868,275.9349,275.5038,275.7163,276.6668,278.533,281.5763,286.1287,292.5648,301.2649,312.5768,326.7935,344.1637,364.9539,178.95074983331915,362.1190172565987,389.4979,272.4717,2746.2539,-34.3107
2052,2052,2052.0,2052.0,2052.0,2052.0,2052.0,2052.0,2052.0,2052.0,2052.0,2052.0,2052.0,2052.0,2052.0,2052.0,2052.0,2052.0,2052.0,2052.0,2052.0,2052.0,2052.0,2052.0,2052.0,2052.0,2052.0,2052.0,2052.0,2.0,0.2,198.2692,215.7962,231.0694,243.8449,254.1213,262.1167,268.2116,272.8786,276.6143,279.8867,283.1016,286.5881,290.5999,295.3272,300.9171,307.4983,315.2093,324.2272,334.7983,347.2683,221.8120169355202,277.84665421813844,661.9696,359.6146,2473.7822,-50.88330000000002
2053,2053,2053.0,2053.0,2053.0,2053.0,2053.0,2053.0,2053.0,2053.0,2053.0,2053.0,2053.0,2053.0,2053.0,2053.0,2053.0,2053.0,2053.0,2053.0,2053.0,2053.0,2053.0,2053.0,2053.0,2053.0,2053.0,2053.0,2053.0,3.0,0.3,229.0087,235.5687,241.6511,247.3738,252.808,257.9831,262.8987,267.5374,271.8737,275.8756,279.4994,282.6815,285.3319,287.3351,288.5621,288.8953,288.2621,286.6698,284.2331,281.182,419.3503120843975,384.6387585438096,1021.5842,338.1107999999999,2114.1676,-55.01690000000002
2054,2054,2054.0,2054.0,2054.0,2054.0,2054.0,2054.0,2054.0,2054.0,2054.0,2054.0,2054.0,2054.0,2054.0,2054.0,2054.0,2054.0,2054.0,2054.0,2054.0,2054.0,2054.0,2054.0,2054.0,2054.0,2054.0,2054.0,2054.0,4.0,0.4,385.8348,357.7475,334.534,315.9035,301.585,291.2068,284.2723,280.2043,278.4193,278.4056,279.7835,282.3391,286.0307,290.9707,297.3894,305.5882,315.8925,328.6194,344.0745,362.5935,217.2851515679384,292.7572759473707,1359.695,183.2260000000001,1776.0568,-21.793200000000013
2055,2055,2055.0,2055.0,2055.0,2055.0,2055.0,2055.0,2055.0,2055.0,2055.0,2055.0,2055.0,2055.0,2055.0,2055.0,2055.0,2055.0,2055.0,2055.0,2055.0,2055.0,2055.0,2055.0,2055.0,2055.0,2055.0,2055.0,2055.0,5.0,0.5,232.7289,246.5955,258.3452,267.6967,274.654,279.4727,282.5824,284.4919,285.6984,286.6166,287.5356,288.6023,289.8302,291.1265,292.3331,293.2771,293.8228,293.9183,293.6278,293.1412,258.2944439419733,182.99571928281424,1542.921,326.39909999999986,1592.8308,-33.527300000000025
2056,2056,2056.0,2056.0,2056.0,2056.0,2056.0,2056.0,2056.0,2056.0,2056.0,2056.0,2056.0,2056.0,2056.0,2056.0,2056.0,2056.0,2056.0,2056.0,2056.0,2056.0,2056.0,2056.0,2056.0,2056.0,2056.0,2056.0,2056.0,6.0,0.6,261.0824,263.6821,266.1721,268.5949,270.952,273.2065,275.2898,277.1086,278.5458,279.456,279.6547,278.9069,276.9205,273.3527,267.8348,260.0168,249.6281,236.5443,220.8418,202.8227,391.8529232949178,228.79226330215565,1869.3201,498.6372999999999,1266.4317,-39.7935
2057,2057,2057.0,2057.0,2057.0,2057.0,2057.0,2057.0,2057.0,2057.0,2057.0,2057.0,2057.0,2057.0,2057.0,2057.0,2057.0,2057.0,2057.0,2057.0,2057.0,2057.0,2057.0,2057.0,2057.0,2057.0,2057.0,2057.0,2057.0,7.0,0.7,366.551,345.2198,327.4608,313.004,301.569,292.7976,286.2436,281.4014,277.7533,274.8167,272.1808,269.5281,266.6402,263.3902,259.7255,255.6424,251.1569,246.276,240.9746,235.1835,224.720357483956,425.4866825907272,2367.9574,424.6559000000002,767.7944000000002,-20.20240000000001
2058,2058,2058.0,2058.0,2058.0,2058.0,2058.0,2058.0,2058.0,2058.0,2058.0,2058.0,2058.0,2058.0,2058.0,2058.0,2058.0,2058.0,2058.0,2058.0,2058.0,2058.0,2058.0,2058.0,2058.0,2058.0,2058.0,2058.0,2058.0,8.0,0.8,238.1742,250.1905,260.2572,268.08,273.6112,277.0288,278.6852,279.0458,278.6369,278.0135,277.75,278.4451,280.7276,285.2511,292.6661,303.5746,318.4809,337.7691,361.7425,390.7578,379.72971542425546,408.2191256781322,2792.6133,210.04620000000023,343.1385,-35.97120000000001
2059,2059,2059.0,2059.0,2059.0,2059.0,2059.0,2059.0,2059.0,2059.0,2059.0,2059.0,2059.0,2059.0,2059.0,2059.0,2059.0,2059.0,2059.0,2059.0,2059.0,2059.0,2059.0,2059.0,2059.0,2059.0,2059.0,2059.0,2059.0,9.0,0.9,357.0073,337.7939,321.867,309.0837,299.2728,292.1906,287.5303,284.9615,284.1813,284.954,287.1347,290.6713,295.5931,301.9932,310.0134,319.8387,331.7061,345.93,362.9488,383.3969,231.37324957930645,234.44218465196764,3002.6595,133.0922999999998,133.0922999999998,-20.809399999999982
2060,2060,2060.0,2060.0,2060.0,2060.0,2060.0,2060.0,2060.0,2060.0,2060.0,2060.0,2060.0,2060.0,2060.0,2060.0,2060.0,2060.0,2060.0,2060.0,2060.0,2060.0,2060.0,2060.0,2060.0,2060.0,2060.0,2060.0,2060.0,0.0,0.0,273.0,273.0,273.0,273.0,273.0,273.0,273.0,273.0,273.0,273.0,273.0,273.0,273.0,273.0,273.0,273.0,273.0,273.0,273.0,273.0,468.68426927007846,174.15934720486425,0.0,472.7597,3702.5174,-40.0
2061,2061,2061.0,2061.0,2061.0,2061.0,2061.0,2061.0,2061.0,2061.0,2061.0,2061.0,2061.0,2061.0,2061.0,2061.0,2061.0,2061.0,2061.0,2061.0,2061.0,2061.0,2061.0,2061.0,2061.0,2061.0,2061.0,2061.0,2061.0,1.0,0.1,425.3046,389.9979,361.1227,337.7424,319.201,304.8974,294.1902,286.3851,280.762,276.611,273.2572,270.0703,266.4619,261.8836,255.8331,247.8776,237.6926,225.1067,210.141,193.0219,288.8888864373152,209.4611330626201,472.7597,554.3105,3229.7577,-8.102599999999995
2062,2062,2062.0,2062.0,2062.0,2062.0,2062.0,2062.0,2062.0,2062.0,2062.0,2062.0,2062.0,2062.0,2062.0,2062.0,2062.0,2062.0,2062.0,2062.0,2062.0,2062.0,2062.0,2062.0,2062.0,2062.0,2062.0,2062.0,2062.0,2.0,0.2,291.8727,294.5874,296.5032,297.2683,296.7342,294.9376,292.0494,288.3092,283.9627,279.2154,274.2089,269.0176,263.661,258.1221,252.3638,246.3384,239.988,233.2383,225.9903,218.1161,295.3829608563228,354.67925532028715,1027.0702,497.8303999999998,2675.4472,-18.062400000000025
2063,2063,2063.0,2063.0,2063.0,2063.0,2063.0,2063.0,2063.0,2063.0,2063.0,2063.0,2063.0,2063.0,2063.0,2063.0,2063.0,2063.0,2063.0,2063.0,2063.0,2063.0,2063.0,2063.0,2063.0,2063.0,2063.0,2063.0,2063.0,3.0,0.3,293.2386,291.449,289.8492,288.2974,286.6804,284.9198,282.9798,280.8762,278.6867,276.5624,274.7375,273.5334,273.353,274.6584,277.9291,283.6053,292.0251,303.3753,317.6772,334.8243,184.4239646292772,258.1820460228613,1524.9006,374.85810000000015,2177.6168,-28.08019999999999
2064,2064,2064.0,2064.0,2064.0,2064.0,2064.0,2064.0,2064.0,2064.0,2064.0,2064.0,2064.0,2064.0,2064.0,2064.0,2064.0,2064.0,2064.0,2064.0,2064.0,2064.0,2064.0,2064.0,2064.0,2064.0,2064.0,2064.0,2064.0,4.0,0.4,203.0787,219.9775,234.6504,246.8309,256.479,263.7593,268.9885,272.5667,274.9098,276.392,277.305,277.833,278.0462,277.9102,277.3117,276.097,274.1196,271.2878,267.6009,263.1654,193.95470113620527,430.6269652900616,1899.7587,493.43029999999976,1802.7587,-49.2407
2065,2065,2065.0,2065.0,2065.0,2065.0,2065.0,2065.0,2065.0,2065.0,2065.0,2065.0,2065.0,2065.0,2065.0,2065.0,2065.0,2065.0,2065.0,2065.0,2065.0,2065.0,2065.0,2065.0,2065.0,2065.0,2065.0,2065.0,2065.0,5.0,0.5,206.4694,217.8541,228.0795,237.1384,245.0504,251.8679,257.683,262.6366,266.9286,270.8299,274.6937,278.9621,284.1633,290.8943,299.7867,311.4614,326.4868,345.3636,368.567,396.6768,313.78573809631945,447.0668060886328,2393.189,336.0305000000003,1309.3284000000003,-61.13210000000001
2066,2066,2066.0,2066.0,2066.0,2066.0,2066.0,2066.0,2066.0,2066.0,2066.0,2066.0,2066.0,2066.0,2066.0,2066.0,2066.0,2066.0,2066.0,2066.0,2066.0,2066.0,2066.0,2066.0,2066.0,2066.0,2066.0,2066.0,2066.0,6.0,0.6,302.069,291.7816,283.254,276.7213,272.2781,269.875,269.3514,270.4901,273.0766,276.9484,282.0266,288.3285,295.9651,305.1305,316.0903,329.1784,344.8076,363.507,385.9958,413.3164,472.9914495405951,253.9953016570094,2729.2195,150.4463999999998,973.2979,-43.125
2067,2067,2067.0,2067.0,2067.0,2067.0,2067.0,2067.0,2067.0,2067.0,2067.0,2067.0,2067.0,2067.0,2067.0,2067.0,2067.0,2067.0,2067.0,2067.0,2067.0,2067.0,2067.0,2067.0,2067.0,2067.0,2067.0,2067.0,2067.0,7.0,0.7,429.1233,393.6239,364.7696,341.6084,323.5242,309.9979,300.494,294.427,291.1688,290.0681,290.4663,291.704,293.1237,294.0783,293.956,292.225,288.4959,282.589,274.5872,264.8535,268.6716547595728,194.9383317627453,2879.6659,234.1329000000001,822.8515000000002,-3.0020999999999844
2068,2068,2068.0,2068.0,2068.0,2068.0,2068.0,2068.0,2068.0,2068.0,2068.0,2068.0,2068.0,2068.0,2068.0,2068.0,2068.0,2068.0,2068.0,2068.0,2068.0,2068.0,2068.0,2068.0,2068.0,2068.0,2068.0,2068.0,2068.0,8.0,0.8,276.6875,283.947,289.9157,294.2713,296.9292,298.0138,297.7907,296.581,294.6786,292.2859,289.4757,286.1803,282.2054,277.2632,271.0188,263.1454,253.3817,241.5844,227.7657,212.1065,178.89710831467423,457.1785160424126,3113.7988,335.56309999999985,588.7186000000002,-14.986199999999997
2069,2069,2069.0,2069.0,2069.0,2069.0,2069.0,2069.0,2069.0,2069.0,2069.0,2069.0,2069.0,2069.0,2069.0,2069.0,2069.0,2069.0,2069.0,2069.0,2069.0,2069.0,2069.0,2069.0,2069.0,2069.0,2069.0,2069.0,2069.0,9.0,0.9,199.6194,218.4984,235.0132,248.8445,259.8977,268.2878,274.3001,278.3456,280.9254,282.6126,284.0511,285.9629,289.15,294.4775,302.8295,315.0441,331.8483,353.8342,381.5233,415.573,354.24250256078176,206.30976408934032,3449.3619,253.1555000000003,253.1555000000003,-44.7122
2070,2070,2070.0,2070.0,2070.0,2070.0,2070.0,2070.0,2070.0,2070.0,2070.0,2070.0,2070.0,2070.0,2070.0,2070.0,2070.0,2070.0,2070.0,2070.0,2070.0,2070.0,2070.0,2070.0,2070.0,2070.0,2070.0,2070.0,2070.0,0.0,0.0,273.0,273.0,273.0,273.0,273.0,273.0,273.0,273.0,273.0,273.0,273.0,273.0,273.0,273.0,273.0,273.0,273.0,273.0,273.0,273.0,202.397343819602,181.8901762204196,0.0,537.6737,3112.0418,13.98520000000002
2071,2071,2071.0,2071.0,2071.0,2071.0,2071.0,2071.0,2071.0,2071.0,2071.0,2071.0,2071.0,2071.0,2071.0,2071.0,2071.0,2071.0,2071.0,2071.0,2071.0,2071.0,2071.0,2071.0,2071.0,2071.0,2071.0,2071.0,2071.0,1.0,0.1,216.0071,228.2712,238.934,247.8541,255.0166,260.5177,264.5302,267.2577,268.8884,269.5559,269.3108,268.1056,265.7945,262.1486,256.8874,249.7259,240.4311,228.8803,215.1068,199.3203,295.3158267234005,246.9768798606881,537.6737,724.7212999999999,2574.3681,13.98520000000002
2072,2072,2072.0,2072.0,2072.0,2072.0,2072.0,2072.0,2072.0,2072.0,2072.0,2072.0,2072.0,2072.0,2072.0,2072.0,2072.0,2072.0,2072.0,2072.0,2072.0,2072.0,2072.0,2072.0,2072.0,2072.0,2072.0,2072.0,2072.0,2.0,0.2,288.1669,281.8046,276.4398,272.1892,269.0467,266.8856,265.4859,264.5776,263.8875,263.1796,262.2838,261.1109,259.6533,257.9741,256.1841,254.4097,252.7557,251.2689,249.9116,248.5521,426.8806842748198,467.2117859234744,1262.395,519.9391,1849.6468,13.98520000000002
2073,2073,2073.0,2073.0,2073.0,2073.0,2073.0,2073.0,2073.0,2073.0,2073.0,2073.0,2073.0,2073.0,2073.0,2073.0,2073.0,2073.0,2073.0,2073.0,2073.0,2073.0,2073.0,2073.0,2073.0,2073.0,2073.0,2073.0,2073.0,3.0,0.3,393.2685,365.2368,341.8788,322.6551,307.1661,295.0338,285.8651,279.2711,274.9186,272.5887,272.2272,273.9729,278.1578,285.2734,295.9099,310.6789,330.1487,354.8292,385.255,422.2177,386.8714669133517,431.29331950318,1782.3341,143.61480000000006,1329.7077,13.98520000000002
2074,2074,2074.0,2074.0,2074.0,2074.0,2074.0,2074.0,2074.0,2074.0,2074.0,2074.0,2074.0,2074.0,2074.0,2074.0,2074.0,2074.0,2074.0,2074.0,2074.0,2074.0,2074.0,2074.0,2074.0,2074.0,2074.0,2074.0,2074.0,4.0,0.4,367.2035,350.8906,337.2109,325.6837,316.0114,308.0363,301.704,297.0299,294.0717,292.9062,293.6132,296.2667,300.933,307.6773,316.5793,327.76,341.42,357.8932,377.7187,401.7448,357.55260485074393,349.0647297211484,1925.9489,63.05739999999992,1186.0929,13.98520000000002
2075,2075,2075.0,2075.0,2075.0,2075.0,2075.0,2075.0,2075.0,2075.0,2075.0,2075.0,2075.0,2075.0,2075.0,2075.0,2075.0,2075.0,2075.0,2075.0,2075.0,2075.0,2075.0,2075.0,2075.0,2075.0,2075.0,2075.0,2075.0,5.0,0.5,345.3714,335.3911,327.1498,320.3195,314.685,310.124,306.583,304.0518,302.5375,302.0411,302.5391,303.9734,306.2502,309.2514,312.8572,316.9797,321.6013,326.8133,332.8457,340.083,465.6228310315808,288.8681015653689,1989.0063,118.03580000000012,1123.0355,13.98520000000002
2076,2076,2076.0,2076.0,2076.0,2076.0,2076.0,2076.0,2076.0,2076.0,2076.0,2076.0,2076.0,2076.0,2076.0,2076.0,2076.0,2076.0,2076.0,2076.0,2076.0,2076.0,2076.0,2076.0,2076.0,2076.0,2076.0,2076.0,2076.0,6.0,0.6,427.6429,397.4478,373.25,353.9321,338.7164,326.9852,318.1926,311.8303,307.4219,304.5271,302.745,301.7136,301.1068,300.6337,300.043,299.1367,297.7881,295.9632,293.7339,291.2791,201.6598179575612,252.3098736632245,2107.0421,166.69619999999986,1004.9996999999998,13.98520000000002
2077,2077,2077.0,2077.0,2077.0,2077.0,2077.0,2077.0,2077.0,2077.0,2077.0,2077.0,2077.0,2077.0,2077.0,2077.0,2077.0,2077.0,2077.0,2077.0,2077.0,2077.0,2077.0,2077.0,2077.0,2077.0,2077.0,2077.0,2077.0,7.0,0.7,224.5092,245.196,262.8381,276.9355,287.3973,294.4839,298.6952,300.6437,300.9395,300.1059,298.5308,296.4515,293.966,291.0611,287.6516,283.6215,278.8642,273.3165,266.9805,259.9317,294.0059738755894,259.8591606179847,2273.7383,242.5601999999999,838.3035,13.98520000000002
2078,2078,2078.0,2078.0,2078.0,2078.0,2078.0,2078.0,2078.0,2078.0,2078.0,2078.0,2078.0,2078.0,2078.0,2078.0,2078.0,2078.0,2078.0,2078.0,2078.0,2078.0,2078.0,2078.0,2078.0,2078.0,2078.0,2078.0,2078.0,8.0,0.8,290.9738,288.5595,286.8447,285.8399,285.4695,285.5811,285.9722,286.4259,286.7427,286.7633,286.3797,285.5337,284.2093,282.4207,280.2008,277.5905,274.6304,271.3558,267.7927,263.9577,317.3098397834158,257.1658196954129,2516.2985,312.83950000000004,595.7433000000001,13.98520000000002
2079,2079,2079.0,2079.0,2079.0,2079.0,2079.0,2079.0,2079.0,2079.0,2079.0,2079.0,2079.0,2079.0,2079.0,2079.0,2079.0,2079.0,2079.0,2079.0,2079.0,2079.0,2079.0,2079.0,2079.0,2079.0,2079.0,2079.0,2079.0,9.0,0.9,310.0506,303.8861,298.7371,294.525,291.1547,288.5088,286.4507,284.8324,283.5054,282.3302,281.1835,279.9619,278.5822,276.9807,275.1104,272.9387,270.4452,267.6197,264.4607,260.973,430.2640972551114,466.307722144597,2829.138,282.90380000000005,282.90380000000005,13.98520000000002
2080,2080,2080.0,2080.0,2080.0,2080.0,2080.0,2080.0,2080.0,2080.0,2080.0,2080.0,2080.0,2080.0,2080.0,2080.0,2080.0,2080.0,2080.0,2080.0,2080.0,2080.0,2080.0,2080.0,2080.0,2080.0,2080.0,2080.0,2080.0,0.0,0.0,273.0,273.0,273.0,273.0,273.0,273.0,273.0,273.0,273.0,273.0,273.0,273.0,273.0,273.0,273.0,273.0,273.0,273.0,273.0,273.0,315.4904884189599,430.99262390584505,0.0,375.634,3454.3821,-40.0
2081,2081,2081.0,2081.0,2081.0,2081.0,2081.0,2081.0,2081.0,2081.0,2081.0,2081.0,2081.0,2081.0,2081.0,2081.0,2081.0,2081.0,2081.0,2081.0,2081.0,2081.0,2081.0,2081.0,2081.0,2081.0,2081.0,2081.0,2081.0,1.0,0.1,306.8761,299.3836,293.017,287.7691,283.6028,280.4509,278.2293,276.8629,276.3159,276.6223,277.9111,280.4214,284.5026,290.5966,299.2023,310.8295,325.9567,345.0173,368.4423,396.7899,214.29998607007445,343.9057770813349,375.634,206.9365,3078.7481,-32.54910000000001
2082,2082,2082.0,2082.0,2082.0,2082.0,2082.0,2082.0,2082.0,2082.0,2082.0,2082.0,2082.0,2082.0,2082.0,2082.0,2082.0,2082.0,2082.0,2082.0,2082.0,2082.0,2082.0,2082.0,2082.0,2082.0,2082.0,2082.0,2082.0,2.0,0.2,227.3935,239.1971,249.4199,257.924,264.7437,270.0709,274.2134,277.5411,280.4315,283.2246,286.1904,289.514,293.2944,297.5588,302.2903,307.4651,313.0971,319.2802,326.2235,334.2707,411.1215026201506,384.54962514368026,582.5705,199.0028,2871.8116,-42.929100000000005
2083,2083,2083.0,2083.0,2083.0,2083.0,2083.0,2083.0,2083.0,2083.0,2083.0,2083.0,2083.0,2083.0,2083.0,2083.0,2083.0,2083.0,2083.0,2083.0,2083.0,2083.0,2083.0,2083.0,2083.0,2083.0,2083.0,2083.0,2083.0,3.0,0.3,380.6284,355.1446,334.1938,317.5075,304.8216,295.7796,289.9192,286.7147,285.643,286.2464,288.1779,291.2216,295.293,300.4238,306.7404,314.44,323.7736,335.0392,348.5937,364.8902,306.0601185747229,260.9976145545661,781.5733,121.4629,2672.8088,-17.220399999999984
2084,2084,2084.0,2084.0,2084.0,2084.0,2084.0,2084.0,2084.0,2084.0,2084.0,2084.0,2084.0,2084.0,2084.0,2084.0,2084.0,2084.0,2084.0,2084.0,2084.0,2084.0,2084.0,2084.0,2084.0,2084.0,2084.0,2084.0,2084.0,4.0,0.4,304.1481,302.7023,301.4214,300.1146,298.7136,297.2583,295.8618,294.6633,293.7807,293.2696,293.0967,293.1274,293.1314,292.8035,291.8017,289.7979,286.5367,281.8921,275.9088,268.8149,197.79099280197647,293.2871761515576,903.0362,225.22360000000003,2551.3459000000003,-15.74169999999998
2085,2085,2085.0,2085.0,2085.0,2085.0,2085.0,2085.0,2085.0,2085.0,2085.0,2085.0,2085.0,2085.0,2085.0,2085.0,2085.0,2085.0,2085.0,2085.0,2085.0,2085.0,2085.0,2085.0,2085.0,2085.0,2085.0,2085.0,2085.0,5.0,0.5,215.7193,232.0084,246.2015,258.0344,267.4535,274.5934,279.7257,283.1976,285.3746,286.5987,287.1649,287.3153,287.2448,287.112,287.0504,287.1751,287.5837,288.3543,289.5422,291.1806,203.2401826672609,276.51519816797867,1128.2598,369.0494999999999,2326.1223,-38.406600000000026
2086,2086,2086.0,2086.0,2086.0,2086.0,2086.0,2086.0,2086.0,2086.0,2086.0,2086.0,2086.0,2086.0,2086.0,2086.0,2086.0,2086.0,2086.0,2086.0,2086.0,2086.0,2086.0,2086.0,2086.0,2086.0,2086.0,2086.0,2086.0,6.0,0.6,215.6057,226.8847,237.0188,245.9756,253.7525,260.377,265.9045,270.4142,274.0023,276.7741,278.8355,280.2852,281.209,281.6768,281.744,281.4559,280.8551,279.9904,278.9238,277.7338,191.49684253232127,180.44123607138053,1497.3093,570.9274,1957.0728,-52.62299999999999
2087,2087,2087.0,2087.0,2087.0,2087.0,2087.0,2087.0,2087.0,2087.0,2087.0,2087.0,2087.0,2087.0,2087.0,2087.0,2087.0,2087.0,2087.0,2087.0,2087.0,2087.0,2087.0,2087.0,2087.0,2087.0,2087.0,2087.0,2087.0,7.0,0.7,204.498,216.3202,226.9114,236.2512,244.3515,251.2506,257.0016,261.6559,265.246,267.7662,269.1574,269.2948,267.9857,264.9791,259.9909,252.7469,243.0369,230.7738,216.0408,199.1132,332.8580996502798,253.58210936580616,2068.2367,741.1129000000001,1386.1454,-61.74940000000001
2088,2088,2088.0,2088.0,2088.0,2088.0,2088.0,2088.0,2088.0,2088.0,2088.0,2088.0,2088.0,2088.0,2088.0,2088.0,2088.0,2088.0,2088.0,2088.0,2088.0,2088.0,2088.0,2088.0,2088.0,2088.0,2088.0,2088.0,2088.0,8.0,0.8,316.8924,302.8866,291.0682,281.576,274.3892,269.3084,265.9845,263.9782,262.8298,262.1234,261.5323,260.8448,259.9684,258.9163,257.7785,256.682,255.7453,255.0342,254.5293,254.1131,471.953721060592,447.4219933799801,2809.3496,498.0473999999999,645.0324999999998,-43.6916
2089,2089,2089.0,2089.0,2089.0,2089.0,2089.0,2089.0,2089.0,2089.0,2089.0,2089.0,2089.0,2089.0,2089.0,2089.0,2089.0,2089.0,2089.0,2089.0,2089.0,2089.0,2089.0,2089.0,2089.0,2089.0,2089.0,2089.0,2089.0,9.0,0.9,428.1328,392.4826,363.1828,339.1917,319.8294,304.554,292.8645,284.2857,278.3988,274.8921,273.6073,274.5687,277.9859,284.2262,293.7598,307.0899,324.6892,346.9774,374.3766,407.4865,338.3526633109108,458.4762808741776,3307.397,146.98509999999987,146.98509999999987,-8.446000000000026
2090,2090,2090.0,2090.0,2090.0,2090.0,2090.0,2090.0,2090.0,2090.0,2090.0,2090.0,2090.0,2090.0,2090.0,2090.0,2090.0,2090.0,2090.0,2090.0,2090.0,2090.0,2090.0,2090.0,2090.0,2090.0,2090.0,2090.0,2090.0,0.0,0.0,273.0,273.0,273.0,273.0,273.0,273.0,273.0,273.0,273.0,273.0,273.0,273.0,273.0,273.0,273.0,273.0,273.0,273.0,273.0,273.0,370.6510125151517,208.15532722665665,0.0,454.8179,2219.8669,-40.0
2091,2091,2091.0,2091.0,2091.0,2091.0,2091.0,2091.0,2091.0,2091.0,2091.0,2091.0,2091.0,2091.0,2091.0,2091.0,2091.0,2091.0,2091.0,2091.0,2091.0,2091.0,2091.0,2091.0,2091.0,2091.0,2091.0,2091.0,2091.0,1.0,0.1,350.249,332.8778,318.2905,306.312,296.7516,289.3595,283.821,279.7731,276.8302,274.6063,272.7286,270.8408,268.6012,265.6822,261.7766,256.6136,249.9843,241.77,231.9656,220.6868,446.61136258289247,194.5979838325882,454.8179,527.0228,1765.049,-23.64049999999997
2092,2092,2092.0,2092.0,2092.0,2092.0,2092.0,2092.0,2092.0,2092.0,2092.0,2092.0,2092.0,2092.0,2092.0,2092.0,2092.0,2092.0,2092.0,2092.0,2092.0,2092.0,2092.0,2092.0,2092.0,2092.0,2092.0,2092.0,2092.0,2.0,0.2,411.4087,382.7295,359.126,339.6795,323.7389,310.7726,300.2926,291.8245,284.9032,279.0799,273.9321,269.0698,264.1403,258.8299,252.8666,246.0247,238.1303,229.0671,218.7797,207.2721,359.68592525843565,392.67934639683256,981.8407,469.1267,1238.0262,-2.2273999999999887
2093,2093,2093.0,2093.0,2093.0,2093.0,2093.0,2093.0,2093.0,2093.0,2093.0,2093.0,2093.0,2093.0,2093.0,2093.0,2093.0,2093.0,2093.0,2093.0,2093.0,2093.0,2093.0,2093.0,2093.0,2093.0,2093.0,2093.0,2093.0,3.0,0.3,347.642,337.6678,329.0921,321.4194,314.3207,307.6165,301.253,295.2774,289.8188,285.0806,281.3425,278.9676,278.4032,280.1643,284.793,292.7962,304.5756,320.3782,340.2977,364.3562,374.1164206963135,396.3423120787788,1450.9674,186.9804999999999,768.8995,-5.383500000000026
2094,2094,2094.0,2094.0,2094.0,2094.0,2094.0,2094.0,2094.0,2094.0,2094.0,2094.0,2094.0,2094.0,2094.0,2094.0,2094.0,2094.0,2094.0,2094.0,2094.0,2094.0,2094.0,2094.0,2094.0,2094.0,2094.0,2094.0,2094.0,4.0,0.4,357.518,343.7909,332.3629,322.819,314.8577,308.2662,302.9063,298.7068,295.6584,293.8072,293.2466,294.1063,296.5412,300.7199,306.8167,315.0101,325.4912,338.4854,354.2925,373.3519,370.1861631149203,472.1710948960728,1637.9479,90.44170000000008,581.9190000000001,-4.733799999999974
2095,2095,2095.0,2095.0,2095.0,2095.0,2095.0,2095.0,2095.0,2095.0,2095.0,2095.0,2095.0,2095.0,2095.0,2095.0,2095.0,2095.0,2095.0,2095.0,2095.0,2095.0,2095.0,2095.0,2095.0,2095.0,2095.0,2095.0,2095.0,5.0,0.5,354.9614,342.4629,332.165,323.6915,316.7787,311.2516,307.0086,304.0122,302.2839,301.903,303.0069,305.7926,310.5157,317.4884,327.0755,339.6956,355.8356,376.0968,401.2961,432.6588,290.00938743943203,254.14895906707983,1728.3896,36.88630000000012,491.4773,-1.7484000000000035
2096,2096,2096.0,2096.0,2096.0,2096.0,2096.0,2096.0,2096.0,2096.0,2096.0,2096.0,2096.0,2096.0,2096.0,2096.0,2096.0,2096.0,2096.0,2096.0,2096.0,2096.0,2096.0,2096.0,2096.0,2096.0,2096.0,2096.0,2096.0,6.0,0.6,292.4357,294.9155,297.169,299.0203,300.4118,301.3952,302.0993,302.6858,303.299,304.0189,304.8221,305.558,305.9437,305.5821,304.0081,300.7589,295.4641,287.9384,278.2559,266.7829,266.0352390832718,337.1052392037857,1765.2759,119.09829999999988,454.5909999999999,-11.604800000000012
2097,2097,2097.0,2097.0,2097.0,2097.0,2097.0,2097.0,2097.0,2097.0,2097.0,2097.0,2097.0,2097.0,2097.0,2097.0,2097.0,2097.0,2097.0,2097.0,2097.0,2097.0,2097.0,2097.0,2097.0,2097.0,2097.0,2097.0,2097.0,7.0,0.7,271.0254,275.7123,279.9602,283.6739,286.8063,289.3566,291.3625,292.8908,294.0287,294.881,295.572,296.251,297.0989,298.3303,300.187,302.9231,306.783,311.979,318.6794,327.0139,397.2176711313829,461.0789010007325,1884.3742,127.1649,335.4927,-23.643399999999986
2098,2098,2098.0,2098.0,2098.0,2098.0,2098.0,2098.0,2098.0,2098.0,2098.0,2098.0,2098.0,2098.0,2098.0,2098.0,2098.0,2098.0,2098.0,2098.0,2098.0,2098.0,2098.0,2098.0,2098.0,2098.0,2098.0,2098.0,2098.0,8.0,0.8,372.5676,352.1176,335.3806,322.0293,311.766,304.2623,299.1554,296.081,294.7227,294.8609,296.4086,299.4299,304.1384,310.8774,320.0885,332.2764,347.9863,367.8155,392.4881,423.0267,227.4799906800437,267.7192565888466,2011.5391,58.88380000000007,208.3278,-8.737700000000018
2099,2099,2099.0,2099.0,2099.0,2099.0,2099.0,2099.0,2099.0,2099.0,2099.0,2099.0,2099.0,2099.0,2099.0,2099.0,2099.0,2099.0,2099.0,2099.0,2099.0,2099.0,2099.0,2099.0,2099.0,2099.0,2099.0,2099.0,2099.0,9.0,0.9,242.1087,255.3574,266.7465,276.0235,283.1863,288.4527,292.1928,294.8416,296.8144,298.4351,299.8876,301.1908,302.2011,302.639,302.141,300.3326,296.9131,291.7402,284.8945,276.7047,442.0201011740973,351.2905752005562,2070.4229,149.44399999999996,149.44399999999996,-24.547300000000007
2100,2100,2100.0,2100.0,2100.0,2100.0,2100.0,2100.0,2100.0,2100.0,2100.0,2100.0,2100.0,2100.0,2100.0,2100.0,2100.0,2100.0,2100.0,2100.0,2100.0,2100.0,2100.0,2100.0,2100.0,2100.0,2100.0,2100.0,2100.0,0.0,0.0,273.0,273.0,273.0,273.0,273.0,273.0,273.0,273.0,273.0,273.0,273.0,273.0,273.0,273.0,273.0,273.0,273.0,273.0,273.0,273.0,287.63722061968747,352.79363523130155,0.0,407.8203,3011.889,-40.0
2101,2101,2101.0,2101.0,2101.0,2101.0,2101.0,2101.0,2101.0,2101.0,2101.0,2101.0,2101.0,2101.0,2101.0,2101.0,2101.0,2101.0,2101.0,2101.0,2101.0,2101.0,2101.0,2101.0,2101.0,2101.0,2101.0,2101.0,2101.0,1.0,0.1,284.7109,282.1409,279.945,278.1311,276.6937,275.6158,274.8761,274.4604,274.3754,274.6616,275.4059,276.7485,278.8836,282.0509,286.5166,292.5468,300.3783,310.1967,322.133,336.2885,356.7982260695733,401.8542411199825,407.8203,254.58590000000004,2604.0687,-37.38420000000002
2102,2102,2102.0,2102.0,2102.0,2102.0,2102.0,2102.0,2102.0,2102.0,2102.0,2102.0,2102.0,2102.0,2102.0,2102.0,2102.0,2102.0,2102.0,2102.0,2102.0,2102.0,2102.0,2102.0,2102.0,2102.0,2102.0,2102.0,2102.0,2.0,0.2,339.996,325.6664,313.637,303.7891,296.0015,290.126,285.9893,283.413,282.2401,282.3615,283.7343,286.3903,290.4353,296.0387,303.419,312.8278,324.5403,338.8606,356.152,376.9046,425.8054730837802,377.2680276517797,662.4062,126.47299999999996,2349.4828,-22.874000000000024
2103,2103,2103.0,2103.0,2103.0,2103.0,2103.0,2103.0,2103.0,2103.0,2103.0,2103.0,2103.0,2103.0,2103.0,2103.0,2103.0,2103.0,2103.0,2103.0,2103.0,2103.0,2103.0,2103.0,2103.0,2103.0,2103.0,2103.0,2103.0,3.0,0.3,395.7856,371.2029,351.0329,334.6288,321.5387,311.4012,303.8943,298.719,295.6001,294.295,294.6007,296.3583,299.4535,303.8173,309.4287,316.3223,324.6016,334.4572,346.1918,360.251,176.77920313002843,240.9367022222904,788.8792,119.66230000000007,2223.0098,-1.598799999999983
2104,2104,2104.0,2104.0,2104.0,2104.0,2104.0,2104.0,2104.0,2104.0,2104.0,2104.0,2104.0,2104.0,2104.0,2104.0,2104.0,2104.0,2104.0,2104.0,2104.0,2104.0,2104.0,2104.0,2104.0,2104.0,2104.0,2104.0,2104.0,4.0,0.4,202.224,225.3242,245.1982,261.3587,273.7438,282.658,288.6545,292.3985,294.5393,295.6124,295.977,295.7914,295.019,293.4632,290.8236,286.7694,281.02,273.4235,264.0148,253.0405,317.7619289290417,263.9889088500943,908.5415,269.89639999999986,2103.3475,-30.341999999999985
2105,2105,2105.0,2105.0,2105.0,2105.0,2105.0,2105.0,2105.0,2105.0,2105.0,2105.0,2105.0,2105.0,2105.0,2105.0,2105.0,2105.0,2105.0,2105.0,2105.0,2105.0,2105.0,2105.0,2105.0,2105.0,2105.0,2105.0,2105.0,5.0,0.5,308.2394,300.1355,293.6292,288.7969,285.5721,283.7464,283.0055,282.9833,283.3172,283.6917,283.8635,283.6697,283.0221,281.8943,280.3052,278.3021,275.9452,273.2939,270.3973,267.2893,272.0444957925988,302.6441014451282,1178.4379,309.0335,1833.4511,-29.25360000000001
2106,2106,2106.0,2106.0,2106.0,2106.0,2106.0,2106.0,2106.0,2106.0,2106.0,2106.0,2106.0,2106.0,2106.0,2106.0,2106.0,2106.0,2106.0,2106.0,2106.0,2106.0,2106.0,2106.0,2106.0,2106.0,2106.0,2106.0,2106.0,6.0,0.6,274.2426,276.275,278.0215,279.4055,280.4006,281.027,281.3389,281.4112,281.3265,281.1693,281.0254,280.986,281.1525,281.6389,282.5684,284.0637,286.2327,289.1538,292.8664,297.3714,232.8257667712472,301.6555006854279,1487.4714,326.6604000000002,1524.4176000000002,-31.973000000000013
2107,2107,2107.0,2107.0,2107.0,2107.0,2107.0,2107.0,2107.0,2107.0,2107.0,2107.0,2107.0,2107.0,2107.0,2107.0,2107.0,2107.0,2107.0,2107.0,2107.0,2107.0,2107.0,2107.0,2107.0,2107.0,2107.0,2107.0,2107.0,7.0,0.7,241.604,249.5197,256.4346,262.2747,267.0401,270.8016,273.6856,275.8536,277.4817,278.7438,279.7997,280.7899,281.8339,283.0316,284.4665,286.2094,288.3223,290.8626,293.8879,297.4609,349.00090212342457,177.37807156103813,1814.1318,391.1459999999997,1197.7572,-42.19839999999999
2108,2108,2108.0,2108.0,2108.0,2108.0,2108.0,2108.0,2108.0,2108.0,2108.0,2108.0,2108.0,2108.0,2108.0,2108.0,2108.0,2108.0,2108.0,2108.0,2108.0,2108.0,2108.0,2108.0,2108.0,2108.0,2108.0,2108.0,2108.0,8.0,0.8,332.5245,318.3868,306.588,297.1116,289.8566,284.6112,281.0621,278.8229,277.468,276.5572,275.6457,274.283,272.0069,268.3448,262.8301,255.0404,244.654,231.5138,215.6817,197.462,404.8377239830662,324.1408692206189,2205.2778,452.6834000000004,806.6112000000003,-28.388800000000003
2109,2109,2109.0,2109.0,2109.0,2109.0,2109.0,2109.0,2109.0,2109.0,2109.0,2109.0,2109.0,2109.0,2109.0,2109.0,2109.0,2109.0,2109.0,2109.0,2109.0,2109.0,2109.0,2109.0,2109.0,2109.0,2109.0,2109.0,2109.0,9.0,0.9,378.9452,357.3986,339.4314,324.5269,312.2853,302.3502,294.3771,288.0336,283.0182,279.0899,276.0971,274.0013,272.8854,272.9433,274.4455,277.6839,282.9038,290.2405,299.6809,311.0656,276.94826204060985,186.99390239362816,2657.9612,353.92779999999993,353.92779999999993,-10.649800000000027
2110,2110,2110.0,2110.0,2110.0,2110.0,2110.0,2110.0,2110.0,2110.0,2110.0,2110.0,2110.0,2110.0,2110.0,2110.0,2110.0,2110.0,2110.0,2110.0,2110.0,2110.0,2110.0,2110.0,2110.0,2110.0,2110.0,2110.0,2110.0,0.0,0.0,273.0,273.0,273.0,273.0,273.0,273.0,273.0,273.0,273.0,273.0,273.0,273.0,273.0,273.0,273.0,273.0,273.0,273.0,273.0,273.0,391.6534092383143,209.5393277650168,0.0,451.1019,2502.4573000000005,18.04140000000001
2111,2111,2111.0,2111.0,2111.0,2111.0,2111.0,2111.0,2111.0,2111.0,2111.0,2111.0,2111.0,2111.0,2111.0,2111.0,2111.0,2111.0,2111.0,2111.0,2111.0,2111.0,2111.0,2111.0,2111.0,2111.0,2111.0,2111.0,2111.0,1.0,0.1,366.5634,345.3922,327.7089,313.2312,301.6939,292.7823,286.1157,281.2621,277.7682,275.1862,273.0914,271.0873,268.8042,265.8967,262.0477,256.9819,250.4885,242.4476,232.8513,221.8104,456.53294728497553,449.9267297151152,451.1019,402.5968,2051.3554000000004,18.04140000000001
2112,2112,2112.0,2112.0,2112.0,2112.0,2112.0,2112.0,2112.0,2112.0,2112.0,2112.0,2112.0,2112.0,2112.0,2112.0,2112.0,2112.0,2112.0,2112.0,2112.0,2112.0,2112.0,2112.0,2112.0,2112.0,2112.0,2112.0,2112.0,2.0,0.2,419.4411,389.4401,364.8569,344.6443,328.0908,314.6615,303.9224,295.5164,289.1742,284.7425,282.2151,281.7562,283.7035,288.5432,296.8548,309.2346,326.2223,348.2669,375.7785,409.3113,401.8990143552991,463.58514170599045,853.6987,146.66279999999995,1648.7586,18.04140000000001
2113,2113,2113.0,2113.0,2113.0,2113.0,2113.0,2113.0,2113.0,2113.0,2113.0,2113.0,2113.0,2113.0,2113.0,2113.0,2113.0,2113.0,2113.0,2113.0,2113.0,2113.0,2113.0,2113.0,2113.0,2113.0,2113.0,2113.0,2113.0,3.0,0.3,380.845,363.7517,349.6332,337.8116,327.847,319.488,312.6302,307.2793,303.5189,301.4845,301.3444,303.2877,307.5181,314.2536,323.733,336.2331,352.1022,371.8207,396.1046,426.08,458.5703533201334,249.7846650093362,1000.3615,106.20749999999998,1502.0958,18.04140000000001
2114,2114,2114.0,2114.0,2114.0,2114.0,2114.0,2114.0,2114.0,2114.0,2114.0,2114.0,2114.0,2114.0,2114.0,2114.0,2114.0,2114.0,2114.0,2114.0,2114.0,2114.0,2114.0,2114.0,2114.0,2114.0,2114.0,2114.0,2114.0,4.0,0.4,423.6609,396.009,373.8749,356.1438,342.0536,331.0414,322.6559,316.5056,312.2249,309.4462,307.7742,306.7641,305.91,304.6516,302.4059,298.6258,292.8798,284.9369,274.8366,262.9171,334.70625313606257,283.40486760424466,1106.569,178.43880000000013,1395.8883,18.04140000000001
2115,2115,2115.0,2115.0,2115.0,2115.0,2115.0,2115.0,2115.0,2115.0,2115.0,2115.0,2115.0,2115.0,2115.0,2115.0,2115.0,2115.0,2115.0,2115.0,2115.0,2115.0,2115.0,2115.0,2115.0,2115.0,2115.0,2115.0,2115.0,5.0,0.5,330.5986,327.6222,325.1987,322.9055,320.4856,317.8334,314.9581,311.9382,308.8762,305.8656,302.9716,300.2281,297.6449,295.2204,292.9539,290.8525,288.9319,287.2123,285.7119,284.4416,431.7477700165111,447.842012416997,1285.0078,163.8107,1217.4495,18.04140000000001
2116,2116,2116.0,2116.0,2116.0,2116.0,2116.0,2116.0,2116.0,2116.0,2116.0,2116.0,2116.0,2116.0,2116.0,2116.0,2116.0,2116.0,2116.0,2116.0,2116.0,2116.0,2116.0,2116.0,2116.0,2116.0,2116.0,2116.0,2116.0,6.0,0.6,402.4141,378.822,359.7835,344.4936,332.3447,322.8313,315.5144,310.0245,306.0838,303.5352,302.3646,302.7134,304.8728,309.2609,316.3819,326.7761,340.9779,359.5055,382.9148,411.9511,256.75443704525884,206.6436790230908,1448.8185,88.23429999999985,1053.6388,18.04140000000001
2117,2117,2117.0,2117.0,2117.0,2117.0,2117.0,2117.0,2117.0,2117.0,2117.0,2117.0,2117.0,2117.0,2117.0,2117.0,2117.0,2117.0,2117.0,2117.0,2117.0,2117.0,2117.0,2117.0,2117.0,2117.0,2117.0,2117.0,2117.0,7.0,0.7,267.8898,278.0455,286.6969,293.537,298.5017,301.743,303.564,304.3346,304.404,304.0249,303.2959,302.128,300.2387,297.1758,292.3756,285.2518,275.3095,262.2664,246.1538,227.368,463.589157311072,213.02527761704303,1537.0528,241.3371,965.4045,18.04140000000001
2118,2118,2118.0,2118.0,2118.0,2118.0,2118.0,2118.0,2118.0,2118.0,2118.0,2118.0,2118.0,2118.0,2118.0,2118.0,2118.0,2118.0,2118.0,2118.0,2118.0,2118.0,2118.0,2118.0,2118.0,2118.0,2118.0,2118.0,2118.0,8.0,0.8,424.0309,392.2671,366.7213,346.421,330.6296,318.6567,309.7872,303.283,298.4204,294.5317,291.0357,287.4514,283.3962,278.5766,272.7763,265.8462,257.6976,248.2979,237.6671,225.8732,352.9348703594285,235.0670846346012,1778.3899,360.1455000000003,724.0674000000001,18.04140000000001
2119,2119,2119.0,2119.0,2119.0,2119.0,2119.0,2119.0,2119.0,2119.0,2119.0,2119.0,2119.0,2119.0,2119.0,2119.0,2119.0,2119.0,2119.0,2119.0,2119.0,2119.0,2119.0,2119.0,2119.0,2119.0,2119.0,2119.0,2119.0,9.0,0.9,343.5398,335.945,329.5037,323.7341,318.3144,313.0625,307.9013,302.8175,297.8233,292.9281,288.1236,283.3809,278.6561,273.8988,269.0587,264.0874,258.9349,253.5422,247.8339,241.7141,462.4217160395588,292.87569903337595,2138.5354,363.9218999999998,363.9218999999998,18.04140000000001
2120,2120,2120.0,2120.0,2120.0,2120.0,2120.0,2120.0,2120.0,2120.0,2120.0,2120.0,2120.0,2120.0,2120.0,2120.0,2120.0,2120.0,2120.0,2120.0,2120.0,2120.0,2120.0,2120.0,2120.0,2120.0,2120.0,2120.0,2120.0,0.0,0.0,273.0,273.0,273.0,273.0,273.0,273.0,273.0,273.0,273.0,273.0,273.0,273.0,273.0,273.0,273.0,273.0,273.0,273.0,273.0,273.0,328.1381705139526,289.4967825755559,0.0,420.4094,2261.1228,-40.0
2121,2121,2121.0,2121.0,2121.0,2121.0,2121.0,2121.0,2121.0,2121.0,2121.0,2121.0,2121.0,2121.0,2121.0,2121.0,2121.0,2121.0,2121.0,2121.0,2121.0,2121.0,2121.0,2121.0,2121.0,2121.0,2121.0,2121.0,2121.0,1.0,0.1,316.8825,307.1357,298.8694,292.0488,286.6015,282.4076,279.3071,277.118,275.6592,274.7707,274.3272,274.2449,274.481,275.028,275.9038,277.1402,278.7705,280.8194,283.2965,286.195,438.253751868941,468.8296576018327,420.4094,294.85439999999994,1840.7134000000003,-30.5924
2122,2122,2122.0,2122.0,2122.0,2122.0,2122.0,2122.0,2122.0,2122.0,2122.0,2122.0,2122.0,2122.0,2122.0,2122.0,2122.0,2122.0,2122.0,2122.0,2122.0,2122.0,2122.0,2122.0,2122.0,2122.0,2122.0,2122.0,2122.0,2.0,0.2,403.9795,375.8506,352.6876,333.7667,318.5768,306.6892,297.7068,291.2646,287.0598,284.8917,284.6973,286.5728,290.7734,297.6914,307.8141,321.6725,339.8025,362.7486,391.1501,425.9551,322.2142199351116,204.33275426904964,715.2638,122.33170000000008,1545.8590000000004,-6.310799999999972
2123,2123,2123.0,2123.0,2123.0,2123.0,2123.0,2123.0,2123.0,2123.0,2123.0,2123.0,2123.0,2123.0,2123.0,2123.0,2123.0,2123.0,2123.0,2123.0,2123.0,2123.0,2123.0,2123.0,2123.0,2123.0,2123.0,2123.0,2123.0,3.0,0.3,318.2143,315.0479,312.2856,309.6414,306.9864,304.3334,301.7952,299.5258,297.6548,296.2256,295.1442,294.1478,292.7966,290.4977,286.5634,280.3036,271.1446,258.7556,243.1532,224.7523,286.90185082835785,442.6268229067048,837.5955,194.64829999999995,1423.5273000000002,-8.666600000000017
2124,2124,2124.0,2124.0,2124.0,2124.0,2124.0,2124.0,2124.0,2124.0,2124.0,2124.0,2124.0,2124.0,2124.0,2124.0,2124.0,2124.0,2124.0,2124.0,2124.0,2124.0,2124.0,2124.0,2124.0,2124.0,2124.0,2124.0,2124.0,4.0,0.4,288.3412,289.8502,291.2154,292.2801,292.9567,293.2274,293.1399,292.8024,292.3829,292.1174,292.3243,293.4201,295.9269,300.4608,307.6972,318.3144,332.9354,352.0992,376.3,406.1386,339.77178606808445,185.01418987906345,1032.2438,134.04880000000003,1228.879,-19.77260000000001
2125,2125,2125.0,2125.0,2125.0,2125.0,2125.0,2125.0,2125.0,2125.0,2125.0,2125.0,2125.0,2125.0,2125.0,2125.0,2125.0,2125.0,2125.0,2125.0,2125.0,2125.0,2125.0,2125.0,2125.0,2125.0,2125.0,2125.0,2125.0,5.0,0.5,328.524,319.1005,311.3625,305.1938,300.469,297.0395,294.7302,293.3404,292.6398,292.3566,292.1568,291.6204,290.2263,287.3579,282.3402,274.5148,263.347,248.5483,230.183,208.7223,288.3496389036961,272.63450583742633,1166.2926,284.77780000000007,1094.8302,-15.960500000000025
2126,2126,2126.0,2126.0,2126.0,2126.0,2126.0,2126.0,2126.0,2126.0,2126.0,2126.0,2126.0,2126.0,2126.0,2126.0,2126.0,2126.0,2126.0,2126.0,2126.0,2126.0,2126.0,2126.0,2126.0,2126.0,2126.0,2126.0,2126.0,6.0,0.6,289.0341,289.8281,290.5222,290.9628,291.059,290.7762,290.1206,289.1208,287.8125,286.232,284.4189,282.4254,280.3279,278.2337,276.2773,274.6034,273.3384,272.5573,272.2557,272.3392,191.8656414512973,403.78636925545527,1451.0704,312.8262,810.0524,-22.223799999999983
2127,2127,2127.0,2127.0,2127.0,2127.0,2127.0,2127.0,2127.0,2127.0,2127.0,2127.0,2127.0,2127.0,2127.0,2127.0,2127.0,2127.0,2127.0,2127.0,2127.0,2127.0,2127.0,2127.0,2127.0,2127.0,2127.0,2127.0,2127.0,7.0,0.7,209.7304,225.9415,240.0651,251.8485,261.2414,268.3803,273.5503,277.1377,279.5895,281.3858,283.0282,285.0377,287.9551,292.3345,298.7237,307.6351,319.5145,334.7274,353.5845,376.4263,383.595214284003,396.3130320504719,1763.8966,221.1512,497.22620000000006,-44.61970000000002
2128,2128,2128.0,2128.0,2128.0,2128.0,2128.0,2128.0,2128.0,2128.0,2128.0,2128.0,2128.0,2128.0,2128.0,2128.0,2128.0,2128.0,2128.0,2128.0,2128.0,2128.0,2128.0,2128.0,2128.0,2128.0,2128.0,2128.0,2128.0,8.0,0.8,358.7131,337.6352,320.2351,306.4477,296.1316,289.0145,284.7055,282.7522,282.7113,284.209,286.9791,290.8749,295.8603,301.9918,309.3978,318.2653,328.8378,341.4288,356.4524,374.4771,232.94535673902573,383.81060805813047,1985.0478,110.1438999999998,276.07500000000005,-23.9855
2129,2129,2129.0,2129.0,2129.0,2129.0,2129.0,2129.0,2129.0,2129.0,2129.0,2129.0,2129.0,2129.0,2129.0,2129.0,2129.0,2129.0,2129.0,2129.0,2129.0,2129.0,2129.0,2129.0,2129.0,2129.0,2129.0,2129.0,2129.0,9.0,0.9,244.6731,255.2394,264.282,271.6229,277.2908,281.4997,284.5958,286.9917,289.1043,291.3086,293.9123,297.1517,301.2024,306.2005,312.2694,319.5482,328.2199,338.5413,350.8751,365.7286,194.08596282273672,385.644583602646,2095.1917,165.93110000000024,165.93110000000024,-31.50029999999998
2130,2130,2130.0,2130.0,2130.0,2130.0,2130.0,2130.0,2130.0,2130.0,2130.0,2130.0,2130.0,2130.0,2130.0,2130.0,2130.0,2130.0,2130.0,2130.0,2130.0,2130.0,2130.0,2130.0,2130.0,2130.0,2130.0,2130.0,2130.0,0.0,0.0,273.0,273.0,273.0,273.0,273.0,273.0,273.0,273.0,273.0,273.0,273.0,273.0,273.0,273.0,273.0,273.0,273.0,273.0,273.0,273.0,303.1087695987957,433.7366790258582,0.0,379.0695,3302.5587,-40.0
2131,2131,2131.0,2131.0,2131.0,2131.0,2131.0,2131.0,2131.0,2131.0,2131.0,2131.0,2131.0,2131.0,2131.0,2131.0,2131.0,2131.0,2131.0,2131.0,2131.0,2131.0,2131.0,2131.0,2131.0,2131.0,2131.0,2131.0,2131.0,1.0,0.1,297.0435,291.7453,287.2331,283.5125,280.566,278.3553,276.8345,275.972,275.777,276.3263,277.787,280.4303,284.6323,290.8566,299.6197,311.4457,326.8256,346.2047,370.029,398.8808,251.82890781977164,377.72256297193206,379.0695,193.5314,2923.4891999999995,-34.6447
2132,2132,2132.0,2132.0,2132.0,2132.0,2132.0,2132.0,2132.0,2132.0,2132.0,2132.0,2132.0,2132.0,2132.0,2132.0,2132.0,2132.0,2132.0,2132.0,2132.0,2132.0,2132.0,2132.0,2132.0,2132.0,2132.0,2132.0,2132.0,2.0,0.2,257.2466,262.122,266.3531,269.9064,272.8299,275.2501,277.3554,279.3708,281.5326,284.0645,287.1609,290.9772,295.6291,301.2004,307.7608,315.3917,324.2199,334.454,346.4233,360.6157,278.68528679575206,399.9558962240709,572.6009,170.034,2729.9578,-37.749900000000025
2133,2133,2133.0,2133.0,2133.0,2133.0,2133.0,2133.0,2133.0,2133.0,2133.0,2133.0,2133.0,2133.0,2133.0,2133.0,2133.0,2133.0,2133.0,2133.0,2133.0,2133.0,2133.0,2133.0,2133.0,2133.0,2133.0,2133.0,2133.0,3.0,0.3,277.7094,276.9682,276.559,276.5559,277.0049,277.9278,279.3315,281.2205,283.6096,286.5347,290.0603,294.2839,299.3384,305.3926,312.6522,321.3621,331.8144,344.3643,359.4626,377.7109,399.2284957560438,255.0854652792001,742.6349,136.63969999999995,2559.9238,-35.07220000000001
2134,2134,2134.0,2134.0,2134.0,2134.0,2134.0,2134.0,2134.0,2134.0,2134.0,2134.0,2134.0,2134.0,2134.0,2134.0,2134.0,2134.0,2134.0,2134.0,2134.0,2134.0,2134.0,2134.0,2134.0,2134.0,2134.0,2134.0,2134.0,4.0,0.4,373.2952,351.6739,333.8912,319.6532,308.7003,300.7311,295.378,292.2171,290.792,290.6353,291.2803,292.2632,293.1207,293.3933,292.6425,290.4854,286.6436,280.9973,273.6272,264.8289,239.98000381166707,190.6054782102419,879.2746,244.8980000000001,2423.2841,-12.268899999999974
2135,2135,2135.0,2135.0,2135.0,2135.0,2135.0,2135.0,2135.0,2135.0,2135.0,2135.0,2135.0,2135.0,2135.0,2135.0,2135.0,2135.0,2135.0,2135.0,2135.0,2135.0,2135.0,2135.0,2135.0,2135.0,2135.0,2135.0,2135.0,5.0,0.5,251.7198,262.3028,271.2798,278.3911,283.5868,286.9987,288.8793,289.5257,289.2079,288.1122,286.3082,283.7387,280.2308,275.5246,269.3146,261.3021,251.2504,239.0385,224.6997,208.4367,295.9511304552472,296.01029616208723,1124.1726,402.4416999999999,2178.3861,-26.00130000000001
2136,2136,2136.0,2136.0,2136.0,2136.0,2136.0,2136.0,2136.0,2136.0,2136.0,2136.0,2136.0,2136.0,2136.0,2136.0,2136.0,2136.0,2136.0,2136.0,2136.0,2136.0,2136.0,2136.0,2136.0,2136.0,2136.0,2136.0,2136.0,6.0,0.6,292.2779,289.1881,286.6958,284.7744,283.345,282.2821,281.432,280.6394,279.7766,278.7687,277.6135,276.3931,275.2729,274.4894,274.3208,275.0448,276.8876,279.976,284.3045,289.7319,238.6393543289529,348.7117115127862,1526.6143,354.99520000000007,1775.9444,-30.717899999999982
2137,2137,2137.0,2137.0,2137.0,2137.0,2137.0,2137.0,2137.0,2137.0,2137.0,2137.0,2137.0,2137.0,2137.0,2137.0,2137.0,2137.0,2137.0,2137.0,2137.0,2137.0,2137.0,2137.0,2137.0,2137.0,2137.0,2137.0,2137.0,7.0,0.7,246.7718,254.0706,260.3548,265.5235,269.5692,272.5737,274.6925,276.1323,277.1314,277.9448,278.8374,280.0816,281.9559,284.741,288.7104,294.1154,301.1697,310.0391,320.8453,333.6914,225.6635430765085,177.24272859083115,1881.6095,393.3377999999998,1420.9492,-40.426300000000026
2138,2138,2138.0,2138.0,2138.0,2138.0,2138.0,2138.0,2138.0,2138.0,2138.0,2138.0,2138.0,2138.0,2138.0,2138.0,2138.0,2138.0,2138.0,2138.0,2138.0,2138.0,2138.0,2138.0,2138.0,2138.0,2138.0,2138.0,2138.0,8.0,0.8,234.2985,242.0946,249.0083,255.027,260.1736,264.5019,268.0835,270.9883,273.2597,274.8868,275.7773,275.7373,274.4622,271.5484,266.5301,258.9447,248.4188,234.7634,218.053,198.6625,260.00811836573143,283.64252098177786,2274.9473,588.6383000000001,1027.6114000000002,-48.49810000000002
2139,2139,2139.0,2139.0,2139.0,2139.0,2139.0,2139.0,2139.0,2139.0,2139.0,2139.0,2139.0,2139.0,2139.0,2139.0,2139.0,2139.0,2139.0,2139.0,2139.0,2139.0,2139.0,2139.0,2139.0,2139.0,2139.0,2139.0,2139.0,9.0,0.9,260.824,261.5358,262.2662,263.088,264.0147,265.0045,265.9748,266.8237,267.4548,267.8028,267.8541,267.6631,267.3584,267.1361,267.2379,267.9137,269.3736,271.7398,275.0121,279.0595,401.945873184314,432.6541105013882,2863.5856,438.97310000000016,438.97310000000016,-47.99549999999999
2140,2140,2140.0,2140.0,2140.0,2140.0,2140.0,2140.0,2140.0,2140.0,2140.0,2140.0,2140.0,2140.0,2140.0,2140.0,2140.0,2140.0,2140.0,2140.0,2140.0,2140.0,2140.0,2140.0,2140.0,2140.0,2140.0,2140.0,2140.0,0.0,0.0,273.0,273.0,273.0,273.0,273.0,273.0,273.0,273.0,273.0,273.0,273.0,273.0,273.0,273.0,273.0,273.0,273.0,273.0,273.0,273.0,297.20361365245765,313.7782812653363,0.0,419.4524,3199.6896,-40.0
2141,2141,2141.0,2141.0,2141.0,2141.0,2141.0,2141.0,2141.0,2141.0,2141.0,2141.0,2141.0,2141.0,2141.0,2141.0,2141.0,2141.0,2141.0,2141.0,2141.0,2141.0,2141.0,2141.0,2141.0,2141.0,2141.0,2141.0,2141.0,1.0,0.1,292.3404,288.0818,284.4466,281.4387,279.0386,277.2029,275.8714,274.9792,274.4708,274.3126,274.5031,275.0783,276.112,277.7098,279.9974,283.1042,287.1447,292.2025,298.3225,305.5157,226.7684092343993,454.7212929207651,419.4524,326.2967,2780.2372,-35.7971
2142,2142,2142.0,2142.0,2142.0,2142.0,2142.0,2142.0,2142.0,2142.0,2142.0,2142.0,2142.0,2142.0,2142.0,2142.0,2142.0,2142.0,2142.0,2142.0,2142.0,2142.0,2142.0,2142.0,2142.0,2142.0,2142.0,2142.0,2142.0,2.0,0.2,236.7025,245.6116,253.2958,259.6584,264.7224,268.6267,271.606,273.9659,276.0615,278.285,281.0629,284.859,290.1764,297.5512,307.5369,320.682,337.5165,358.5695,384.4486,416.0173,360.9699073579424,175.26543854955645,745.7491,236.67240000000004,2453.9405,-44.37329999999997
2143,2143,2143.0,2143.0,2143.0,2143.0,2143.0,2143.0,2143.0,2143.0,2143.0,2143.0,2143.0,2143.0,2143.0,2143.0,2143.0,2143.0,2143.0,2143.0,2143.0,2143.0,2143.0,2143.0,2143.0,2143.0,2143.0,2143.0,2143.0,3.0,0.3,341.7026,325.2586,311.6184,300.7749,292.6461,287.0374,283.6433,282.0726,281.8744,282.5535,283.5679,284.3143,284.1142,282.2177,277.8399,270.2374,258.8217,243.2907,223.7438,200.7409,281.66409632888144,336.51202532722994,982.4215,328.5153999999999,2217.2681,-25.96260000000001
2144,2144,2144.0,2144.0,2144.0,2144.0,2144.0,2144.0,2144.0,2144.0,2144.0,2144.0,2144.0,2144.0,2144.0,2144.0,2144.0,2144.0,2144.0,2144.0,2144.0,2144.0,2144.0,2144.0,2144.0,2144.0,2144.0,2144.0,2144.0,4.0,0.4,283.009,284.2868,285.283,285.8579,285.9576,285.6052,284.88,283.8934,282.7717,281.6515,280.6886,280.0761,280.0606,280.9482,283.0889,286.8386,292.5051,300.2941,310.2758,322.3918,241.6972473588635,414.3676617707538,1310.9369,261.5925,1888.7527,-27.39479999999997
2145,2145,2145.0,2145.0,2145.0,2145.0,2145.0,2145.0,2145.0,2145.0,2145.0,2145.0,2145.0,2145.0,2145.0,2145.0,2145.0,2145.0,2145.0,2145.0,2145.0,2145.0,2145.0,2145.0,2145.0,2145.0,2145.0,2145.0,2145.0,5.0,0.5,249.4014,256.3525,262.3995,267.4608,271.5388,274.7204,277.1668,279.0998,280.7874,282.5343,284.6765,287.5788,291.6306,297.2392,304.8168,314.7652,327.4671,343.2948,362.6523,386.0695,386.18548224939735,464.7297003727778,1572.5294,154.75510000000008,1627.1602000000005,-38.279600000000016
2146,2146,2146.0,2146.0,2146.0,2146.0,2146.0,2146.0,2146.0,2146.0,2146.0,2146.0,2146.0,2146.0,2146.0,2146.0,2146.0,2146.0,2146.0,2146.0,2146.0,2146.0,2146.0,2146.0,2146.0,2146.0,2146.0,2146.0,2146.0,6.0,0.6,362.2168,342.0416,325.3901,312.1003,301.9968,294.8366,290.3112,288.085,287.8472,289.3601,292.4926,297.2336,303.6909,312.0777,322.697,335.9323,352.2542,372.2593,396.7591,426.9511,262.66819289728505,176.5753762998587,1727.2845,85.41689999999994,1472.4051000000002,-18.163400000000024
2147,2147,2147.0,2147.0,2147.0,2147.0,2147.0,2147.0,2147.0,2147.0,2147.0,2147.0,2147.0,2147.0,2147.0,2147.0,2147.0,2147.0,2147.0,2147.0,2147.0,2147.0,2147.0,2147.0,2147.0,2147.0,2147.0,2147.0,2147.0,7.0,0.7,269.2515,275.2616,280.4162,284.5689,287.7264,290.0285,291.6982,292.974,294.0389,294.9551,295.6149,295.7118,294.7387,292.0186,286.7732,278.2291,265.7567,249.0214,228.1141,203.6184,182.7468004559541,201.06187334408625,1812.7014,352.8634000000002,1386.9882000000002,-22.971499999999992
2148,2148,2148.0,2148.0,2148.0,2148.0,2148.0,2148.0,2148.0,2148.0,2148.0,2148.0,2148.0,2148.0,2148.0,2148.0,2148.0,2148.0,2148.0,2148.0,2148.0,2148.0,2148.0,2148.0,2148.0,2148.0,2148.0,2148.0,2148.0,8.0,0.8,201.9599,219.4894,234.9241,248.0125,258.6758,266.985,273.116,277.2942,279.7443,280.6531,280.1504,278.3052,275.1361,270.6288,264.7553,257.4922,248.8338,238.7998,227.4382,214.8251,343.5260555866895,256.47172545329886,2165.5648,553.7682999999997,1034.1248,-46.01499999999999
2149,2149,2149.0,2149.0,2149.0,2149.0,2149.0,2149.0,2149.0,2149.0,2149.0,2149.0,2149.0,2149.0,2149.0,2149.0,2149.0,2149.0,2149.0,2149.0,2149.0,2149.0,2149.0,2149.0,2149.0,2149.0,2149.0,2149.0,2149.0,9.0,0.9,326.8666,312.4781,300.4916,290.9634,283.7993,278.7358,275.3731,273.2381,271.8569,270.817,269.8095,268.6476,267.2633,265.6883,264.0216,262.3903,260.9074,259.6342,258.5533,257.5595,183.3519267945871,375.1778585297651,2719.3331,480.3565000000003,480.3565000000003,-34.26420000000002
2150,2150,2150.0,2150.0,2150.0,2150.0,2150.0,2150.0,2150.0,2150.0,2150.0,2150.0,2150.0,2150.0,2150.0,2150.0,2150.0,2150.0,2150.0,2150.0,2150.0,2150.0,2150.0,2150.0,2150.0,2150.0,2150.0,2150.0,2150.0,0.0,0.0,273.0,273.0,273.0,273.0,273.0,273.0,273.0,273.0,273.0,273.0,273.0,273.0,273.0,273.0,273.0,273.0,273.0,273.0,273.0,273.0,193.7910058878837,396.6685809276331,0.0,442.4613,2810.6877,9.915500000000009
2151,2151,2151.0,2151.0,2151.0,2151.0,2151.0,2151.0,2151.0,2151.0,2151.0,2151.0,2151.0,2151.0,2151.0,2151.0,2151.0,2151.0,2151.0,2151.0,2151.0,2151.0,2151.0,2151.0,2151.0,2151.0,2151.0,2151.0,2151.0,1.0,0.1,209.0146,222.7665,234.7496,244.8046,252.9267,259.2558,264.0463,267.6308,270.3885,272.7246,275.0625,277.8453,281.5371,286.6191,293.5729,302.8543,314.8647,329.9373,348.3584,370.441,379.64194263063655,286.4091446124771,442.4613,332.8305,2368.2264,9.915500000000009
2152,2152,2152.0,2152.0,2152.0,2152.0,2152.0,2152.0,2152.0,2152.0,2152.0,2152.0,2152.0,2152.0,2152.0,2152.0,2152.0,2152.0,2152.0,2152.0,2152.0,2152.0,2152.0,2152.0,2152.0,2152.0,2152.0,2152.0,2152.0,2.0,0.2,354.6931,333.3971,315.689,301.5531,290.8852,283.4335,278.8067,276.5223,276.0686,276.9552,278.7427,281.0477,283.5349,285.9058,287.8972,289.293,289.9507,289.8325,289.0307,287.7744,248.65390044107488,389.42632005549615,775.2918,245.24220000000005,2035.3959,9.915500000000009
2153,2153,2153.0,2153.0,2153.0,2153.0,2153.0,2153.0,2153.0,2153.0,2153.0,2153.0,2153.0,2153.0,2153.0,2153.0,2153.0,2153.0,2153.0,2153.0,2153.0,2153.0,2153.0,2153.0,2153.0,2153.0,2153.0,2153.0,2153.0,3.0,0.3,256.5269,263.5607,269.4564,274.0583,277.3753,279.5653,280.8957,281.6941,282.3049,283.0613,284.2765,286.2499,289.28,293.676,299.7595,307.8551,318.2768,331.3192,347.2728,366.477,210.6791620954122,328.1533155924928,1020.534,229.0406999999999,1790.1536999999998,9.915500000000009
2154,2154,2154.0,2154.0,2154.0,2154.0,2154.0,2154.0,2154.0,2154.0,2154.0,2154.0,2154.0,2154.0,2154.0,2154.0,2154.0,2154.0,2154.0,2154.0,2154.0,2154.0,2154.0,2154.0,2154.0,2154.0,2154.0,2154.0,2154.0,4.0,0.4,223.2045,234.5767,244.6368,253.3115,260.6243,266.6905,271.6972,275.8755,279.4714,282.7181,285.8149,288.914,292.1157,295.4742,299.0129,302.749,306.7231,311.0303,315.8442,321.4316,469.44852713308205,310.1163470693071,1249.5747,244.0258000000001,1561.113,9.915500000000009
2155,2155,2155.0,2155.0,2155.0,2155.0,2155.0,2155.0,2155.0,2155.0,2155.0,2155.0,2155.0,2155.0,2155.0,2155.0,2155.0,2155.0,2155.0,2155.0,2155.0,2155.0,2155.0,2155.0,2155.0,2155.0,2155.0,2155.0,2155.0,5.0,0.5,424.6289,388.0986,358.3925,334.7301,316.5518,303.2802,294.2375,288.6631,285.7793,284.8627,285.2971,286.5981,288.4128,290.5053,292.7363,295.0462,297.4425,299.9943,302.8282,306.1253,394.0857502630951,178.8873123490838,1493.6005,252.2258999999999,1317.0872,9.915500000000009
2156,2156,2156.0,2156.0,2156.0,2156.0,2156.0,2156.0,2156.0,2156.0,2156.0,2156.0,2156.0,2156.0,2156.0,2156.0,2156.0,2156.0,2156.0,2156.0,2156.0,2156.0,2156.0,2156.0,2156.0,2156.0,2156.0,2156.0,2156.0,6.0,0.6,374.1537,357.8341,344.2517,332.7985,323.0658,314.7857,307.7771,301.8918,296.9666,292.7843,289.0468,285.363,281.2527,276.1685,269.5388,260.8282,249.6135,235.6605,218.9859,199.8816,445.25392845839616,406.2836385192648,1745.8264,344.1714999999999,1064.8613,9.915500000000009
2157,2157,2157.0,2157.0,2157.0,2157.0,2157.0,2157.0,2157.0,2157.0,2157.0,2157.0,2157.0,2157.0,2157.0,2157.0,2157.0,2157.0,2157.0,2157.0,2157.0,2157.0,2157.0,2157.0,2157.0,2157.0,2157.0,2157.0,2157.0,7.0,0.7,412.9337,387.0005,365.9206,348.6721,334.524,322.9155,313.3968,305.6103,299.2965,294.3138,290.6616,288.4982,288.1426,290.0514,294.7667,302.8403,314.7508,330.8429,351.3268,376.3669,279.33204489700984,259.46658316241144,2089.9979,166.16710000000012,720.6898000000001,9.915500000000009
2158,2158,2158.0,2158.0,2158.0,2158.0,2158.0,2158.0,2158.0,2158.0,2158.0,2158.0,2158.0,2158.0,2158.0,2158.0,2158.0,2158.0,2158.0,2158.0,2158.0,2158.0,2158.0,2158.0,2158.0,2158.0,2158.0,2158.0,2158.0,8.0,0.8,285.8631,291.8848,296.8687,300.482,302.617,303.3738,303.0088,301.8642,300.2945,298.601,296.9837,295.5124,294.1187,292.6111,290.7112,288.1091,284.5309,279.8062,273.9201,267.0341,181.2746016682087,275.901927066242,2256.165,226.6894000000002,554.5227,9.915500000000009
2159,2159,2159.0,2159.0,2159.0,2159.0,2159.0,2159.0,2159.0,2159.0,2159.0,2159.0,2159.0,2159.0,2159.0,2159.0,2159.0,2159.0,2159.0,2159.0,2159.0,2159.0,2159.0,2159.0,2159.0,2159.0,2159.0,2159.0,2159.0,9.0,0.9,202.4563,221.7862,238.729,252.9617,264.3941,273.1445,279.4861,283.7814,286.4212,287.7774,288.1744,287.8774,287.0931,285.9787,284.6524,283.2036,281.6999,280.1906,278.7096,277.2768,324.6042516522889,303.2571227302913,2482.8544,327.8332999999998,327.8332999999998,9.915500000000009
2160,2160,2160.0,2160.0,2160.0,2160.0,2160.0,2160.0,2160.0,2160.0,2160.0,2160.0,2160.0,2160.0,2160.0,2160.0,2160.0,2160.0,2160.0,2160.0,2160.0,2160.0,2160.0,2160.0,2160.0,2160.0,2160.0,2160.0,2160.0,0.0,0.0,273.0,273.0,273.0,273.0,273.0,273.0,273.0,273.0,273.0,273.0,273.0,273.0,273.0,273.0,273.0,273.0,273.0,273.0,273.0,273.0,382.3136471951425,416.8755221264831,0.0,364.2532,2670.6033,-40.0
2161,2161,2161.0,2161.0,2161.0,2161.0,2161.0,2161.0,2161.0,2161.0,2161.0,2161.0,2161.0,2161.0,2161.0,2161.0,2161.0,2161.0,2161.0,2161.0,2161.0,2161.0,2161.0,2161.0,2161.0,2161.0,2161.0,2161.0,2161.0,1.0,0.1,359.3271,339.8557,323.562,310.224,299.6284,291.5222,285.6104,281.5869,279.1806,278.2027,278.5837,280.3937,283.8423,289.2576,297.046,307.6418,321.4597,338.8726,360.2375,385.997,259.7908021739729,244.47920830345345,364.2532,188.2957,2306.3501,-21.4778
2162,2162,2162.0,2162.0,2162.0,2162.0,2162.0,2162.0,2162.0,2162.0,2162.0,2162.0,2162.0,2162.0,2162.0,2162.0,2162.0,2162.0,2162.0,2162.0,2162.0,2162.0,2162.0,2162.0,2162.0,2162.0,2162.0,2162.0,2162.0,2.0,0.2,266.3006,272.1517,277.0325,280.7737,283.3701,284.9647,285.8047,286.181,286.365,286.5523,286.8218,287.1122,287.2208,286.8243,285.5237,282.9099,278.6433,272.533,264.5985,255.0935,315.28582918606264,241.2818940659682,552.5489,304.6677,2118.0544,-28.035300000000007
2163,2163,2163.0,2163.0,2163.0,2163.0,2163.0,2163.0,2163.0,2163.0,2163.0,2163.0,2163.0,2163.0,2163.0,2163.0,2163.0,2163.0,2163.0,2163.0,2163.0,2163.0,2163.0,2163.0,2163.0,2163.0,2163.0,2163.0,2163.0,3.0,0.3,307.8657,301.5531,296.3343,292.1718,288.9839,286.6401,284.9702,283.7804,282.8698,282.0437,281.122,279.9423,278.3602,276.2498,273.5056,270.0453,265.8152,260.7941,254.9958,248.4671,315.39498094400835,426.6808846071888,857.2166,308.9715000000001,1813.3867,-26.359899999999985
2164,2164,2164.0,2164.0,2164.0,2164.0,2164.0,2164.0,2164.0,2164.0,2164.0,2164.0,2164.0,2164.0,2164.0,2164.0,2164.0,2164.0,2164.0,2164.0,2164.0,2164.0,2164.0,2164.0,2164.0,2164.0,2164.0,2164.0,2164.0,4.0,0.4,308.929,303.4252,298.7469,294.7835,291.4447,288.6586,286.3765,284.583,283.3123,282.6684,282.8457,284.1449,286.9759,291.8416,299.3009,309.9141,324.19,342.5586,365.4032,393.184,244.08788210881008,173.38055103762898,1166.1881,217.4704,1504.4152,-24.34140000000002
2165,2165,2165.0,2165.0,2165.0,2165.0,2165.0,2165.0,2165.0,2165.0,2165.0,2165.0,2165.0,2165.0,2165.0,2165.0,2165.0,2165.0,2165.0,2165.0,2165.0,2165.0,2165.0,2165.0,2165.0,2165.0,2165.0,2165.0,2165.0,5.0,0.5,252.3154,259.7459,266.1681,271.4706,275.6561,278.8291,281.1626,282.8503,284.0525,284.8437,285.1674,284.805,283.3654,280.3036,274.9751,266.7273,255.0206,239.5617,220.4167,198.0677,297.4883392127861,367.1859486185265,1383.6585,374.6401000000001,1286.9448000000002,-34.17090000000002
2166,2166,2166.0,2166.0,2166.0,2166.0,2166.0,2166.0,2166.0,2166.0,2166.0,2166.0,2166.0,2166.0,2166.0,2166.0,2166.0,2166.0,2166.0,2166.0,2166.0,2166.0,2166.0,2166.0,2166.0,2166.0,2166.0,2166.0,2166.0,6.0,0.6,292.7898,288.7636,285.4706,282.9259,281.085,279.8471,279.0751,278.6264,278.3897,278.322,278.481,279.0472,280.3307,282.7562,286.8216,293.0349,301.8387,313.5472,328.3189,346.191,203.04717705759657,431.1029379929059,1758.2986,271.83299999999986,912.3047,-33.15289999999999
2167,2167,2167.0,2167.0,2167.0,2167.0,2167.0,2167.0,2167.0,2167.0,2167.0,2167.0,2167.0,2167.0,2167.0,2167.0,2167.0,2167.0,2167.0,2167.0,2167.0,2167.0,2167.0,2167.0,2167.0,2167.0,2167.0,2167.0,2167.0,7.0,0.7,217.8207,231.1719,242.7868,252.505,260.3397,266.4657,271.1856,274.8865,278.0003,280.975,284.2584,288.2929,293.5147,300.3549,309.2372,320.5764,334.7848,352.2976,373.6358,399.5251,236.452068567931,450.6255801751623,2030.1316,238.46110000000024,640.4717000000003,-46.53429999999997
2168,2168,2168.0,2168.0,2168.0,2168.0,2168.0,2168.0,2168.0,2168.0,2168.0,2168.0,2168.0,2168.0,2168.0,2168.0,2168.0,2168.0,2168.0,2168.0,2168.0,2168.0,2168.0,2168.0,2168.0,2168.0,2168.0,2168.0,2168.0,8.0,0.8,241.853,246.7873,251.4055,255.8305,260.1562,264.4566,268.8003,273.2672,277.9636,283.0324,288.658,295.0663,302.5225,311.3288,321.8256,334.4005,349.511,367.7299,389.825,416.8983,248.52577733668505,350.57024934986083,2268.5927,187.15949999999967,402.01060000000007,-48.54340000000002
2169,2169,2169.0,2169.0,2169.0,2169.0,2169.0,2169.0,2169.0,2169.0,2169.0,2169.0,2169.0,2169.0,2169.0,2169.0,2169.0,2169.0,2169.0,2169.0,2169.0,2169.0,2169.0,2169.0,2169.0,2169.0,2169.0,2169.0,2169.0,9.0,0.9,252.1466,255.4815,258.6854,261.8912,265.2058,268.711,272.4651,276.5061,280.853,285.5047,290.4377,295.6038,300.9331,306.3446,311.7675,317.1733,322.6153,328.2673,334.4546,341.6695,246.6851132043296,297.40939246736497,2455.7522,214.85110000000032,214.85110000000032,-44.28899999999999
2170,2170,2170.0,2170.0,2170.0,2170.0,2170.0,2170.0,2170.0,2170.0,2170.0,2170.0,2170.0,2170.0,2170.0,2170.0,2170.0,2170.0,2170.0,2170.0,2170.0,2170.0,2170.0,2170.0,2170.0,2170.0,2170.0,2170.0,2170.0,0.0,0.0,273.0,273.0,273.0,273.0,273.0,273.0,273.0,273.0,273.0,273.0,273.0,273.0,273.0,273.0,273.0,273.0,273.0,273.0,273.0,273.0,279.4913676404558,401.3109023153834,0.0,395.8415,3499.2835,-40.0
2171,2171,2171.0,2171.0,2171.0,2171.0,2171.0,2171.0,2171.0,2171.0,2171.0,2171.0,2171.0,2171.0,2171.0,2171.0,2171.0,2171.0,2171.0,2171.0,2171.0,2171.0,2171.0,2171.0,2171.0,2171.0,2171.0,2171.0,2171.0,1.0,0.1,278.2005,277.0652,276.0976,275.3062,274.697,274.2768,274.0613,274.086,274.4211,275.1862,276.5655,278.8174,282.2753,287.3349,294.4282,303.9858,316.4,332.0062,351.102,374.026,264.6749717304782,317.83308752923904,395.8415,254.8072,3103.442,-38.72320000000002
2172,2172,2172.0,2172.0,2172.0,2172.0,2172.0,2172.0,2172.0,2172.0,2172.0,2172.0,2172.0,2172.0,2172.0,2172.0,2172.0,2172.0,2172.0,2172.0,2172.0,2172.0,2172.0,2172.0,2172.0,2172.0,2172.0,2172.0,2172.0,2.0,0.2,266.6932,268.5254,270.1658,271.6299,272.9596,274.2226,275.5067,276.9093,278.5251,280.4322,282.6794,285.277,288.1933,291.3598,294.6876,298.0938,301.5353,305.0432,308.7493,312.8967,178.09086343846727,221.9688966402525,650.6487,349.6431,2848.6348,-38.7774
2173,2173,2173.0,2173.0,2173.0,2173.0,2173.0,2173.0,2173.0,2173.0,2173.0,2173.0,2173.0,2173.0,2173.0,2173.0,2173.0,2173.0,2173.0,2173.0,2173.0,2173.0,2173.0,2173.0,2173.0,2173.0,2173.0,2173.0,2173.0,3.0,0.3,196.4086,213.0849,227.7754,240.2938,250.6267,258.9123,265.3943,270.3616,274.0911,276.7983,278.6047,279.5215,279.451,278.2051,275.54,271.2052,265.0003,256.8328,246.7612,235.0133,398.0690619842154,229.1128147054284,1000.2918,518.1618000000001,2498.9917,-54.087699999999984
2174,2174,2174.0,2174.0,2174.0,2174.0,2174.0,2174.0,2174.0,2174.0,2174.0,2174.0,2174.0,2174.0,2174.0,2174.0,2174.0,2174.0,2174.0,2174.0,2174.0,2174.0,2174.0,2174.0,2174.0,2174.0,2174.0,2174.0,2174.0,4.0,0.4,368.6941,343.7921,323.132,306.5911,293.9608,284.86,278.7347,274.9172,272.7067,271.4444,270.5651,269.6203,268.2794,266.3152,263.5839,260.0047,255.5427,250.1954,243.9826,236.9399,310.8769975272977,226.90553664704447,1518.4536,490.2545,1980.8299,-28.139999999999983
2175,2175,2175.0,2175.0,2175.0,2175.0,2175.0,2175.0,2175.0,2175.0,2175.0,2175.0,2175.0,2175.0,2175.0,2175.0,2175.0,2175.0,2175.0,2175.0,2175.0,2175.0,2175.0,2175.0,2175.0,2175.0,2175.0,2175.0,2175.0,5.0,0.5,306.3772,302.5013,298.951,295.5194,292.0963,288.6555,285.2272,281.8644,278.612,275.4842,272.4553,269.4594,266.4,263.1625,259.6271,255.68,251.2212,246.1689,240.4604,234.0501,323.4179065492061,423.7416464710744,2008.7081,423.8398,1490.5754,-24.344499999999982
2176,2176,2176.0,2176.0,2176.0,2176.0,2176.0,2176.0,2176.0,2176.0,2176.0,2176.0,2176.0,2176.0,2176.0,2176.0,2176.0,2176.0,2176.0,2176.0,2176.0,2176.0,2176.0,2176.0,2176.0,2176.0,2176.0,2176.0,2176.0,6.0,0.6,315.2413,308.2317,302.198,296.9851,292.4655,288.539,285.1388,282.2451,279.9023,278.2401,277.4918,278.0067,280.2476,284.7674,292.1626,303.0098,317.804,336.9262,360.6753,389.3978,275.0263228427545,353.74795897889885,2432.5479,189.35239999999976,1066.7356,-24.461000000000013
2177,2177,2177.0,2177.0,2177.0,2177.0,2177.0,2177.0,2177.0,2177.0,2177.0,2177.0,2177.0,2177.0,2177.0,2177.0,2177.0,2177.0,2177.0,2177.0,2177.0,2177.0,2177.0,2177.0,2177.0,2177.0,2177.0,2177.0,2177.0,7.0,0.7,277.1641,279.1481,280.8213,282.0955,282.9663,283.5114,283.8767,284.2523,284.8472,285.8634,287.4753,289.8158,292.9697,296.9785,301.8542,307.6055,314.27,321.9509,330.8498,341.2923,233.63173181016413,294.1482866235185,2621.9003,197.76540000000023,877.3832000000002,-29.48860000000002
2178,2178,2178.0,2178.0,2178.0,2178.0,2178.0,2178.0,2178.0,2178.0,2178.0,2178.0,2178.0,2178.0,2178.0,2178.0,2178.0,2178.0,2178.0,2178.0,2178.0,2178.0,2178.0,2178.0,2178.0,2178.0,2178.0,2178.0,2178.0,8.0,0.8,242.7259,250.9736,258.2455,264.4815,269.7004,273.9941,277.508,280.4148,282.8859,285.067,287.0596,288.9108,290.6134,292.1149,293.3369,294.2023,294.6663,294.7468,294.5458,294.2557,302.94314830185067,222.0788967103713,2819.6657,301.4758999999999,679.6178,-39.0059
2179,2179,2179.0,2179.0,2179.0,2179.0,2179.0,2179.0,2179.0,2179.0,2179.0,2179.0,2179.0,2179.0,2179.0,2179.0,2179.0,2179.0,2179.0,2179.0,2179.0,2179.0,2179.0,2179.0,2179.0,2179.0,2179.0,2179.0,2179.0,9.0,0.9,296.5436,291.0441,286.5759,283.2095,280.9315,279.6408,279.1639,279.2772,279.7302,280.2616,280.6065,280.4967,279.6584,277.8148,274.6969,270.0674,263.7523,255.6766,245.8925,234.5895,263.3206765954772,326.9468231977479,3121.1416,378.1419000000001,378.1419000000001,-33.35919999999999
2180,2180,2180.0,2180.0,2180.0,2180.0,2180.0,2180.0,2180.0,2180.0,2180.0,2180.0,2180.0,2180.0,2180.0,2180.0,2180.0,2180.0,2180.0,2180.0,2180.0,2180.0,2180.0,2180.0,2180.0,2180.0,2180.0,2180.0,2180.0,0.0,0.0,273.0,273.0,273.0,273.0,273.0,273.0,273.0,273.0,273.0,273.0,273.0,273.0,273.0,273.0,273.0,273.0,273.0,273.0,273.0,273.0,394.13461567694753,184.6698907333138,0.0,466.4955,3649.5294,-40.0
2181,2181,2181.0,2181.0,2181.0,2181.0,2181.0,2181.0,2181.0,2181.0,2181.0,2181.0,2181.0,2181.0,2181.0,2181.0,2181.0,2181.0,2181.0,2181.0,2181.0,2181.0,2181.0,2181.0,2181.0,2181.0,2181.0,2181.0,2181.0,1.0,0.1,368.4823,346.8598,328.8102,314.0352,302.2581,293.1522,286.3218,281.3151,277.6516,274.847,272.4279,269.9355,266.9232,262.9567,257.6248,250.5639,241.4962,230.2722,216.9061,201.5891,416.1582578155024,312.3059954313695,466.4955,490.6671,3183.0339,-19.847800000000007
2182,2182,2182.0,2182.0,2182.0,2182.0,2182.0,2182.0,2182.0,2182.0,2182.0,2182.0,2182.0,2182.0,2182.0,2182.0,2182.0,2182.0,2182.0,2182.0,2182.0,2182.0,2182.0,2182.0,2182.0,2182.0,2182.0,2182.0,2182.0,2.0,0.2,388.9265,366.4859,347.805,332.1874,319.1292,308.2354,299.1739,291.6581,285.4465,280.355,276.2739,273.183,271.1577,270.3601,271.01,273.3374,277.5234,283.6439,291.6343,301.2895,174.7322379881649,245.99917298472923,957.1626,363.27560000000005,2692.3668,-4.764599999999973
2183,2183,2183.0,2183.0,2183.0,2183.0,2183.0,2183.0,2183.0,2183.0,2183.0,2183.0,2183.0,2183.0,2183.0,2183.0,2183.0,2183.0,2183.0,2183.0,2183.0,2183.0,2183.0,2183.0,2183.0,2183.0,2183.0,2183.0,2183.0,3.0,0.3,199.7058,222.2831,241.5395,256.9436,268.3922,276.1572,280.7758,282.9217,283.2855,282.4832,280.9973,279.1516,277.1109,274.902,272.4481,269.6126,266.2447,262.2231,257.4874,252.052,365.8932901636898,243.3726212277131,1320.4382,439.35030000000006,2329.0912,-36.84280000000001
2184,2184,2184.0,2184.0,2184.0,2184.0,2184.0,2184.0,2184.0,2184.0,2184.0,2184.0,2184.0,2184.0,2184.0,2184.0,2184.0,2184.0,2184.0,2184.0,2184.0,2184.0,2184.0,2184.0,2184.0,2184.0,2184.0,2184.0,2184.0,4.0,0.4,345.2382,327.6303,313.0323,301.3918,292.539,286.1538,281.7909,278.9384,277.0866,275.7821,274.6607,273.4548,271.9838,270.1344,267.8394,265.0605,261.7751,257.9699,253.637,248.7718,408.5912756822518,283.154306578998,1759.7885,405.5167999999999,1889.7409,-26.84620000000001
2185,2185,2185.0,2185.0,2185.0,2185.0,2185.0,2185.0,2185.0,2185.0,2185.0,2185.0,2185.0,2185.0,2185.0,2185.0,2185.0,2185.0,2185.0,2185.0,2185.0,2185.0,2185.0,2185.0,2185.0,2185.0,2185.0,2185.0,2185.0,5.0,0.5,382.1951,360.2987,342.0626,326.9266,314.4738,304.3516,296.2323,289.8023,284.7663,280.8612,277.8698,275.6309,274.0437,273.063,272.6866,272.9354,273.8296,275.3656,277.4987,280.1381,215.6133539974876,397.0120936385011,2165.3053,295.8753999999999,1484.2241,-8.648399999999981
2186,2186,2186.0,2186.0,2186.0,2186.0,2186.0,2186.0,2186.0,2186.0,2186.0,2186.0,2186.0,2186.0,2186.0,2186.0,2186.0,2186.0,2186.0,2186.0,2186.0,2186.0,2186.0,2186.0,2186.0,2186.0,2186.0,2186.0,2186.0,6.0,0.6,232.3476,247.3764,260.0616,270.0401,277.2546,281.924,284.4747,285.4585,285.4779,285.1344,285.0012,285.6171,287.4908,291.105,296.9116,305.3174,316.6674,331.2402,349.2748,371.0471,277.3462090849546,231.54434819577725,2461.1807,239.1573000000003,1188.3487,-31.076000000000025
2187,2187,2187.0,2187.0,2187.0,2187.0,2187.0,2187.0,2187.0,2187.0,2187.0,2187.0,2187.0,2187.0,2187.0,2187.0,2187.0,2187.0,2187.0,2187.0,2187.0,2187.0,2187.0,2187.0,2187.0,2187.0,2187.0,2187.0,2187.0,7.0,0.7,276.552,275.9855,275.7536,275.9158,276.4782,277.3989,278.6032,279.9977,281.4788,282.9285,284.2009,285.1029,285.379,284.7102,282.7342,279.0911,273.4886,265.7741,255.995,244.4255,330.95015367185755,290.8863933786309,2700.338,325.6738999999998,949.1913999999996,-35.601099999999974
2188,2188,2188.0,2188.0,2188.0,2188.0,2188.0,2188.0,2188.0,2188.0,2188.0,2188.0,2188.0,2188.0,2188.0,2188.0,2188.0,2188.0,2188.0,2188.0,2188.0,2188.0,2188.0,2188.0,2188.0,2188.0,2188.0,2188.0,2188.0,8.0,0.8,319.7681,310.1881,302.1711,295.6692,290.5922,286.7946,284.0826,282.2337,281.023,280.2481,279.7512,279.4332,279.2594,279.2569,279.5021,280.0995,281.1556,282.7517,284.9238,287.6553,283.80208532988934,265.51262058885777,3026.0119,317.5574999999999,623.5174999999999,-26.2054
2189,2189,2189.0,2189.0,2189.0,2189.0,2189.0,2189.0,2189.0,2189.0,2189.0,2189.0,2189.0,2189.0,2189.0,2189.0,2189.0,2189.0,2189.0,2189.0,2189.0,2189.0,2189.0,2189.0,2189.0,2189.0,2189.0,2189.0,2189.0,9.0,0.9,284.12,284.4896,284.7513,284.799,284.5876,284.1279,283.472,282.6923,281.8613,281.0346,280.2407,279.4762,278.7074,277.8763,276.9103,275.7353,274.2884,272.5314,270.4586,268.0995,303.63548761327627,394.9362440048362,3343.5694,305.96000000000004,305.96000000000004,-28.87209999999999
2190,2190,2190.0,2190.0,2190.0,2190.0,2190.0,2190.0,2190.0,2190.0,2190.0,2190.0,2190.0,2190.0,2190.0,2190.0,2190.0,2190.0,2190.0,2190.0,2190.0,2190.0,2190.0,2190.0,2190.0,2190.0,2190.0,2190.0,2190.0,0.0,0.0,273.0,273.0,273.0,273.0,273.0,273.0,273.0,273.0,273.0,273.0,273.0,273.0,273.0,273.0,273.0,273.0,273.0,273.0,273.0,273.0,420.6478485440831,351.7437083744064,0.0,380.6206,2187.4296,12.394000000000004
2191,2191,2191.0,2191.0,2191.0,2191.0,2191.0,2191.0,2191.0,2191.0,2191.0,2191.0,2191.0,2191.0,2191.0,2191.0,2191.0,2191.0,2191.0,2191.0,2191.0,2191.0,2191.0,2191.0,2191.0,2191.0,2191.0,2191.0,2191.0,1.0,0.1,388.8866,362.4361,340.5189,322.6624,308.4893,297.6088,289.586,283.9606,280.2924,278.2092,277.4448,277.8579,279.4323,282.2593,286.5057,292.3744,300.063,309.7342,321.5051,335.4677,418.4824495972997,316.7462034621836,380.6206,228.029,1806.809,12.394000000000004
2192,2192,2192.0,2192.0,2192.0,2192.0,2192.0,2192.0,2192.0,2192.0,2192.0,2192.0,2192.0,2192.0,2192.0,2192.0,2192.0,2192.0,2192.0,2192.0,2192.0,2192.0,2192.0,2192.0,2192.0,2192.0,2192.0,2192.0,2192.0,2.0,0.2,391.5757,369.5641,351.3661,336.2661,323.7768,313.5543,305.3429,298.9399,294.1724,290.8837,288.9239,288.1462,288.406,289.5634,291.4914,294.086,297.2809,301.0617,305.4769,310.6437,376.6390066525968,384.602884026928,608.6496,176.6128,1578.7799999999995,12.394000000000004
2193,2193,2193.0,2193.0,2193.0,2193.0,2193.0,2193.0,2193.0,2193.0,2193.0,2193.0,2193.0,2193.0,2193.0,2193.0,2193.0,2193.0,2193.0,2193.0,2193.0,2193.0,2193.0,2193.0,2193.0,2193.0,2193.0,2193.0,2193.0,3.0,0.3,360.927,348.0859,337.4231,328.4392,320.7916,314.2646,308.7429,304.1864,300.61,298.0702,296.6583,296.4981,297.7471,300.5933,305.2497,311.9429,320.9026,332.3597,346.5621,363.8222,278.96775127633765,222.07011440011627,785.2624,122.957,1402.1672,12.394000000000004
2194,2194,2194.0,2194.0,2194.0,2194.0,2194.0,2194.0,2194.0,2194.0,2194.0,2194.0,2194.0,2194.0,2194.0,2194.0,2194.0,2194.0,2194.0,2194.0,2194.0,2194.0,2194.0,2194.0,2194.0,2194.0,2194.0,2194.0,2194.0,4.0,0.4,283.8832,288.4985,292.4595,295.5381,297.652,298.8531,299.2908,299.1619,298.655,297.8998,296.9277,295.6465,293.8345,291.1566,287.2038,281.5567,273.8646,263.9283,251.7671,237.6493,229.9908691404681,216.75129127497183,908.2194,274.42970000000014,1279.2102,12.394000000000004
2195,2195,2195.0,2195.0,2195.0,2195.0,2195.0,2195.0,2195.0,2195.0,2195.0,2195.0,2195.0,2195.0,2195.0,2195.0,2195.0,2195.0,2195.0,2195.0,2195.0,2195.0,2195.0,2195.0,2195.0,2195.0,2195.0,2195.0,2195.0,5.0,0.5,241.4488,251.8749,261.0182,268.7172,274.9099,279.624,282.952,285.0197,285.9556,285.8658,284.8184,282.8378,279.907,275.9777,270.9841,264.86,257.555,249.0494,239.3637,228.5627,315.050963987693,425.60564414354,1182.6491,360.6061,1004.7804999999998,12.394000000000004
2196,2196,2196.0,2196.0,2196.0,2196.0,2196.0,2196.0,2196.0,2196.0,2196.0,2196.0,2196.0,2196.0,2196.0,2196.0,2196.0,2196.0,2196.0,2196.0,2196.0,2196.0,2196.0,2196.0,2196.0,2196.0,2196.0,2196.0,2196.0,6.0,0.6,306.526,299.1996,293.1413,288.3653,284.8045,282.3145,280.7034,279.7792,279.4029,279.5391,280.2941,281.9379,284.9023,289.7519,297.1297,307.6822,321.9871,340.5099,363.6287,391.7585,459.51692232489467,421.7151856981436,1543.2552,161.5381,644.1743999999999,12.394000000000004
2197,2197,2197.0,2197.0,2197.0,2197.0,2197.0,2197.0,2197.0,2197.0,2197.0,2197.0,2197.0,2197.0,2197.0,2197.0,2197.0,2197.0,2197.0,2197.0,2197.0,2197.0,2197.0,2197.0,2197.0,2197.0,2197.0,2197.0,2197.0,7.0,0.7,419.9591,387.8634,361.7167,340.6346,324.0197,311.3783,302.2427,296.1593,292.7107,291.546,292.4054,295.1296,299.6572,306.0137,314.3002,324.6876,337.4238,352.8586,371.494,394.0712,435.25989545270215,198.98386974541188,1704.7933,140.30989999999997,482.6362999999999,12.394000000000004
2198,2198,2198.0,2198.0,2198.0,2198.0,2198.0,2198.0,2198.0,2198.0,2198.0,2198.0,2198.0,2198.0,2198.0,2198.0,2198.0,2198.0,2198.0,2198.0,2198.0,2198.0,2198.0,2198.0,2198.0,2198.0,2198.0,2198.0,2198.0,8.0,0.8,406.1348,382.7822,363.8099,348.3004,335.6371,325.394,317.2567,310.9611,306.2411,302.7856,300.2039,298.0033,295.5833,292.2541,287.2841,279.977,269.7735,256.3606,239.7635,220.3871,200.1059609565294,450.3763340212176,1845.1032,197.8553,342.3263999999999,12.394000000000004
2199,2199,2199.0,2199.0,2199.0,2199.0,2199.0,2199.0,2199.0,2199.0,2199.0,2199.0,2199.0,2199.0,2199.0,2199.0,2199.0,2199.0,2199.0,2199.0,2199.0,2199.0,2199.0,2199.0,2199.0,2199.0,2199.0,2199.0,2199.0,9.0,0.9,222.5814,242.9311,260.3068,274.2203,284.5727,291.6072,295.8169,297.8424,298.3873,298.1671,297.8926,298.2788,300.0602,303.997,310.8571,321.3754,336.2076,355.9113,381.0003,412.1174,211.54398260967668,243.21213424816565,2042.9585,144.47109999999998,144.47109999999998,12.394000000000004
2200,2200,2200.0,2200.0,2200.0,2200.0,2200.0,2200.0,2200.0,2200.0,2200.0,2200.0,2200.0,2200.0,2200.0,2200.0,2200.0,2200.0,2200.0,2200.0,2200.0,2200.0,2200.0,2200.0,2200.0,2200.0,2200.0,2200.0,2200.0,0.0,0.0,273.0,273.0,273.0,273.0,273.0,273.0,273.0,273.0,273.0,273.0,273.0,273.0,273.0,273.0,273.0,273.0,273.0,273.0,273.0,273.0,274.170185771073,339.8672432328216,0.0,418.0205,4321.6077,-40.0
2201,2201,2201.0,2201.0,2201.0,2201.0,2201.0,2201.0,2201.0,2201.0,2201.0,2201.0,2201.0,2201.0,2201.0,2201.0,2201.0,2201.0,2201.0,2201.0,2201.0,2201.0,2201.0,2201.0,2201.0,2201.0,2201.0,2201.0,2201.0,1.0,0.1,273.9389,273.736,273.5647,273.4287,273.3328,273.2851,273.3003,273.405,273.6444,274.0893,274.8438,276.0506,277.8914,280.5807,284.3511,289.4315,296.0222,304.2759,314.2916,326.1322,275.0709039211538,250.8225023457368,418.0205,354.9583999999999,3903.5872,-39.7149
2202,2202,2202.0,2202.0,2202.0,2202.0,2202.0,2202.0,2202.0,2202.0,2202.0,2202.0,2202.0,2202.0,2202.0,2202.0,2202.0,2202.0,2202.0,2202.0,2202.0,2202.0,2202.0,2202.0,2202.0,2202.0,2202.0,2202.0,2202.0,2.0,0.2,274.7726,274.5321,274.3639,274.2832,274.3061,274.448,274.7208,275.1291,275.6621,276.2855,276.9307,277.4865,277.7959,277.6608,276.8594,275.1753,272.4355,268.5491,263.5379,257.5457,300.08057268079074,322.3839375167788,772.9789,380.9557000000001,3548.6287999999995,-38.55200000000002
2203,2203,2203.0,2203.0,2203.0,2203.0,2203.0,2203.0,2203.0,2203.0,2203.0,2203.0,2203.0,2203.0,2203.0,2203.0,2203.0,2203.0,2203.0,2203.0,2203.0,2203.0,2203.0,2203.0,2203.0,2203.0,2203.0,2203.0,2203.0,3.0,0.3,294.8805,290.3606,286.536,283.4064,280.9456,279.0996,277.7943,276.9481,276.4886,276.369,276.5824,277.172,278.2351,279.9174,282.399,285.8703,290.5035,296.4266,303.7089,312.3652,466.1735481400111,211.47370453774263,1153.9346,339.4375,3167.6730999999995,-33.90039999999999
2204,2204,2204.0,2204.0,2204.0,2204.0,2204.0,2204.0,2204.0,2204.0,2204.0,2204.0,2204.0,2204.0,2204.0,2204.0,2204.0,2204.0,2204.0,2204.0,2204.0,2204.0,2204.0,2204.0,2204.0,2204.0,2204.0,2204.0,2204.0,4.0,0.4,424.3975,390.5014,362.8424,340.4637,322.7037,308.9865,298.7283,291.3171,286.1282,282.5488,279.9939,277.9103,275.7732,273.0829,269.3728,264.2328,257.347,248.5386,237.8055,225.3335,176.06189917754887,330.75873112843885,1493.3721,363.9360999999999,2828.2355999999995,-4.013500000000022
2205,2205,2205.0,2205.0,2205.0,2205.0,2205.0,2205.0,2205.0,2205.0,2205.0,2205.0,2205.0,2205.0,2205.0,2205.0,2205.0,2205.0,2205.0,2205.0,2205.0,2205.0,2205.0,2205.0,2205.0,2205.0,2205.0,2205.0,2205.0,5.0,0.5,201.7372,224.9174,244.5978,260.2065,271.6394,279.1984,283.4707,285.1925,285.1314,284.0064,282.4507,281.008,280.1491,280.2911,281.8052,285.007,290.1327,297.3111,306.5502,317.751,199.9123205636243,204.4470824292929,1857.3082,422.21079999999984,2464.2995,-33.80160000000001
2206,2206,2206.0,2206.0,2206.0,2206.0,2206.0,2206.0,2206.0,2206.0,2206.0,2206.0,2206.0,2206.0,2206.0,2206.0,2206.0,2206.0,2206.0,2206.0,2206.0,2206.0,2206.0,2206.0,2206.0,2206.0,2206.0,2206.0,2206.0,6.0,0.6,212.887,224.723,235.3385,244.6779,252.7171,259.4655,264.9652,269.2842,272.5016,274.6865,275.8724,276.0326,275.0631,272.7811,268.9433,263.2863,255.586,245.7219,233.7328,219.8427,317.6151159322723,198.61626239114403,2279.519,619.2589000000003,2042.0887,-53.53449999999998
2207,2207,2207.0,2207.0,2207.0,2207.0,2207.0,2207.0,2207.0,2207.0,2207.0,2207.0,2207.0,2207.0,2207.0,2207.0,2207.0,2207.0,2207.0,2207.0,2207.0,2207.0,2207.0,2207.0,2207.0,2207.0,2207.0,2207.0,2207.0,7.0,0.7,305.8897,295.6126,287.009,280.2063,275.185,271.7693,269.6527,268.4458,267.7281,267.0922,266.1732,264.6616,262.3053,258.9049,254.3081,248.4063,241.1342,232.4716,222.444,211.1223,217.50361430582112,419.680728479382,2898.7779,595.1574999999998,1422.8297999999995,-41.23070000000001
2208,2208,2208.0,2208.0,2208.0,2208.0,2208.0,2208.0,2208.0,2208.0,2208.0,2208.0,2208.0,2208.0,2208.0,2208.0,2208.0,2208.0,2208.0,2208.0,2208.0,2208.0,2208.0,2208.0,2208.0,2208.0,2208.0,2208.0,2208.0,8.0,0.8,228.817,238.8941,247.4478,254.3207,259.5036,263.1261,265.4279,266.7278,267.3992,267.8617,268.5877,270.1151,273.0543,278.0758,285.8718,297.0935,312.2838,331.8375,356.0266,385.1282,234.2826556751623,294.9425891274107,3493.9354,418.1378,827.6722999999997,-49.87389999999999
2209,2209,2209.0,2209.0,2209.0,2209.0,2209.0,2209.0,2209.0,2209.0,2209.0,2209.0,2209.0,2209.0,2209.0,2209.0,2209.0,2209.0,2209.0,2209.0,2209.0,2209.0,2209.0,2209.0,2209.0,2209.0,2209.0,2209.0,2209.0,9.0,0.9,239.7353,244.6069,248.9765,252.9176,256.5012,259.7994,262.8896,265.8545,268.7777,271.7317,274.7623,277.8713,281.0055,284.0555,286.8716,289.2965,291.2105,292.5785,293.4876,294.1612,412.88305776988096,214.83544874011736,3912.0732,409.53449999999975,409.53449999999975,-53.20060000000001
2210,2210,2210.0,2210.0,2210.0,2210.0,2210.0,2210.0,2210.0,2210.0,2210.0,2210.0,2210.0,2210.0,2210.0,2210.0,2210.0,2210.0,2210.0,2210.0,2210.0,2210.0,2210.0,2210.0,2210.0,2210.0,2210.0,2210.0,2210.0,0.0,0.0,273.0,273.0,273.0,273.0,273.0,273.0,273.0,273.0,273.0,273.0,273.0,273.0,273.0,273.0,273.0,273.0,273.0,273.0,273.0,273.0,225.4118453293233,371.2634920162897,0.0,430.9869,3804.7146,-40.0
2211,2211,2211.0,2211.0,2211.0,2211.0,2211.0,2211.0,2211.0,2211.0,2211.0,2211.0,2211.0,2211.0,2211.0,2211.0,2211.0,2211.0,2211.0,2211.0,2211.0,2211.0,2211.0,2211.0,2211.0,2211.0,2211.0,2211.0,2211.0,1.0,0.1,234.6727,242.9697,250.1615,256.1783,261.0348,264.826,267.7138,269.9089,271.6554,273.2224,274.9023,277.0131,279.9003,283.9315,289.4815,296.907,306.52,318.5692,333.2459,350.7269,276.2296401304402,261.4972017156656,430.9869,369.6847,3373.7277000000004,-48.17399999999998
2212,2212,2212.0,2212.0,2212.0,2212.0,2212.0,2212.0,2212.0,2212.0,2212.0,2212.0,2212.0,2212.0,2212.0,2212.0,2212.0,2212.0,2212.0,2212.0,2212.0,2212.0,2212.0,2212.0,2212.0,2212.0,2212.0,2212.0,2212.0,2.0,0.2,273.956,271.955,270.3996,269.409,269.0363,269.2721,270.0573,271.2999,272.8892,274.7018,276.5991,278.4201,279.9739,281.0403,281.3832,280.7793,279.0581,276.1453,272.0962,267.1073,269.47829322468795,204.11053078570123,800.6716,441.5803,3004.043,-43.72789999999998
2213,2213,2213.0,2213.0,2213.0,2213.0,2213.0,2213.0,2213.0,2213.0,2213.0,2213.0,2213.0,2213.0,2213.0,2213.0,2213.0,2213.0,2213.0,2213.0,2213.0,2213.0,2213.0,2213.0,2213.0,2213.0,2213.0,2213.0,2213.0,3.0,0.3,269.9431,270.3611,270.7569,271.1519,271.5608,271.987,272.4164,272.8102,273.0981,273.1714,272.8793,272.0275,270.383,267.6856,263.669,258.0907,250.7672,241.6103,230.653,218.0598,323.3805034093132,219.58968130678508,1242.2519,565.2988,2562.4627,-41.01299999999998
2214,2214,2214.0,2214.0,2214.0,2214.0,2214.0,2214.0,2214.0,2214.0,2214.0,2214.0,2214.0,2214.0,2214.0,2214.0,2214.0,2214.0,2214.0,2214.0,2214.0,2214.0,2214.0,2214.0,2214.0,2214.0,2214.0,2214.0,2214.0,4.0,0.4,312.9297,303.8426,296.1037,289.6786,284.4828,280.3718,277.1471,274.5747,272.4071,270.4042,268.3493,266.0581,263.3834,260.2137,256.4693,252.0955,247.0542,241.3153,234.8487,227.6202,279.0231613108929,381.5932573530749,1807.5507,510.4548000000002,1997.1639,-32.62819999999999
2215,2215,2215.0,2215.0,2215.0,2215.0,2215.0,2215.0,2215.0,2215.0,2215.0,2215.0,2215.0,2215.0,2215.0,2215.0,2215.0,2215.0,2215.0,2215.0,2215.0,2215.0,2215.0,2215.0,2215.0,2215.0,2215.0,2215.0,2215.0,5.0,0.5,279.3276,279.5793,279.6225,279.3523,278.7245,277.7569,276.5223,275.1413,273.7802,272.6541,272.0372,272.2726,273.7749,277.0168,282.4954,290.6794,301.9526,316.5713,334.6638,356.2926,354.91553166783524,232.12473693773563,2318.0055,326.93809999999985,1486.7090999999996,-35.24310000000003
2216,2216,2216.0,2216.0,2216.0,2216.0,2216.0,2216.0,2216.0,2216.0,2216.0,2216.0,2216.0,2216.0,2216.0,2216.0,2216.0,2216.0,2216.0,2216.0,2216.0,2216.0,2216.0,2216.0,2216.0,2216.0,2216.0,2216.0,2216.0,6.0,0.6,338.515,324.5077,312.7207,303.0271,295.291,289.3417,284.9714,281.9449,280.0113,278.9083,278.358,278.0548,277.6549,276.7754,275.0117,271.9754,267.3505,260.954,252.7859,243.0489,308.5247244132501,272.0985296145602,2644.9436,356.2509999999997,1159.7709999999995,-23.6583
2217,2217,2217.0,2217.0,2217.0,2217.0,2217.0,2217.0,2217.0,2217.0,2217.0,2217.0,2217.0,2217.0,2217.0,2217.0,2217.0,2217.0,2217.0,2217.0,2217.0,2217.0,2217.0,2217.0,2217.0,2217.0,2217.0,2217.0,2217.0,7.0,0.7,304.3854,300.8886,297.8094,294.984,292.3132,289.7537,287.3024,284.9777,282.8022,280.7929,278.9576,277.2988,275.8207,274.5353,273.4648,272.6368,272.074,271.7813,271.7335,271.87,182.62672193958468,467.3270053459634,3001.1946,335.43110000000024,803.52,-23.24630000000002
2218,2218,2218.0,2218.0,2218.0,2218.0,2218.0,2218.0,2218.0,2218.0,2218.0,2218.0,2218.0,2218.0,2218.0,2218.0,2218.0,2218.0,2218.0,2218.0,2218.0,2218.0,2218.0,2218.0,2218.0,2218.0,2218.0,2218.0,2218.0,8.0,0.8,202.4241,220.3707,235.9306,248.7968,258.9186,266.4815,271.8571,275.5439,278.1164,280.1924,282.4203,285.4791,290.0795,296.9554,306.8397,320.4292,338.3578,361.209,389.6104,424.4565,403.4107471300727,244.31725244161385,3336.6257,221.30029999999988,468.0888999999997,-46.51850000000002
2219,2219,2219.0,2219.0,2219.0,2219.0,2219.0,2219.0,2219.0,2219.0,2219.0,2219.0,2219.0,2219.0,2219.0,2219.0,2219.0,2219.0,2219.0,2219.0,2219.0,2219.0,2219.0,2219.0,2219.0,2219.0,2219.0,2219.0,2219.0,9.0,0.9,373.762,348.8264,328.3,312.0285,299.8119,291.3145,286.0575,283.4631,282.9139,283.8002,285.5404,287.5775,289.3638,290.3501,289.9975,287.817,283.4356,276.6741,267.6127,256.619,203.3285646774329,309.786573879062,3557.926,246.78859999999983,246.78859999999983,-21.68549999999999
2220,2220,2220.0,2220.0,2220.0,2220.0,2220.0,2220.0,2220.0,2220.0,2220.0,2220.0,2220.0,2220.0,2220.0,2220.0,2220.0,2220.0,2220.0,2220.0,2220.0,2220.0,2220.0,2220.0,2220.0,2220.0,2220.0,2220.0,2220.0,0.0,0.0,273.0,273.0,273.0,273.0,273.0,273.0,273.0,273.0,273.0,273.0,273.0,273.0,273.0,273.0,273.0,273.0,273.0,273.0,273.0,273.0,458.9219344535467,312.3637024762858,0.0,396.5173,2063.3779,-40.0
2221,2221,2221.0,2221.0,2221.0,2221.0,2221.0,2221.0,2221.0,2221.0,2221.0,2221.0,2221.0,2221.0,2221.0,2221.0,2221.0,2221.0,2221.0,2221.0,2221.0,2221.0,2221.0,2221.0,2221.0,2221.0,2221.0,2221.0,2221.0,1.0,0.1,417.9646,384.4706,357.0074,334.751,317.1165,303.5637,293.5218,286.3916,281.5864,278.5821,276.9567,276.4097,276.7627,277.9428,279.9556,282.8537,286.7043,291.5632,297.4599,304.3966,258.59774207274563,298.2815404770852,396.5173,269.9175,1666.8606,-9.436300000000015
2222,2222,2222.0,2222.0,2222.0,2222.0,2222.0,2222.0,2222.0,2222.0,2222.0,2222.0,2222.0,2222.0,2222.0,2222.0,2222.0,2222.0,2222.0,2222.0,2222.0,2222.0,2222.0,2222.0,2222.0,2222.0,2222.0,2222.0,2222.0,2.0,0.2,267.6173,275.6812,282.2543,287.0248,289.9338,291.1523,291.0188,289.9594,288.4112,286.7623,285.316,284.2782,283.7635,283.8134,284.4196,285.5476,287.1587,289.2259,291.7462,294.7461,221.8133620872917,400.0529001806668,666.4348,254.624,1396.9431,-21.84769999999997
2223,2223,2223.0,2223.0,2223.0,2223.0,2223.0,2223.0,2223.0,2223.0,2223.0,2223.0,2223.0,2223.0,2223.0,2223.0,2223.0,2223.0,2223.0,2223.0,2223.0,2223.0,2223.0,2223.0,2223.0,2223.0,2223.0,2223.0,2223.0,3.0,0.3,233.5579,244.2049,253.536,261.4239,267.8475,272.8905,276.7271,279.6035,281.819,283.7132,285.6582,288.0559,291.3344,295.9396,302.3202,310.9062,322.0901,336.2212,353.6329,374.7155,338.80702289946294,406.2008372573297,921.0588,185.4057,1142.3191,-40.109500000000025
2224,2224,2224.0,2224.0,2224.0,2224.0,2224.0,2224.0,2224.0,2224.0,2224.0,2224.0,2224.0,2224.0,2224.0,2224.0,2224.0,2224.0,2224.0,2224.0,2224.0,2224.0,2224.0,2224.0,2224.0,2224.0,2224.0,2224.0,2224.0,4.0,0.4,324.6367,312.5013,302.4918,294.6623,288.9771,285.2992,283.4136,283.0704,284.0332,286.1188,289.2217,293.3215,298.4783,304.8214,312.5369,321.8611,333.0833,346.5634,362.7688,382.3405,247.6831363938309,379.7962283027484,1106.4645,107.34909999999992,956.9134,-27.70080000000001
2225,2225,2225.0,2225.0,2225.0,2225.0,2225.0,2225.0,2225.0,2225.0,2225.0,2225.0,2225.0,2225.0,2225.0,2225.0,2225.0,2225.0,2225.0,2225.0,2225.0,2225.0,2225.0,2225.0,2225.0,2225.0,2225.0,2225.0,2225.0,5.0,0.5,255.4326,262.4546,268.556,273.6514,277.7786,281.0883,283.8126,286.2248,288.6012,291.191,294.2001,297.7876,302.0738,307.1557,313.1295,320.1154,328.2862,337.8959,349.3103,363.042,346.426602047844,306.9871427519614,1213.8136,120.14650000000006,849.5643,-31.9117
2226,2226,2226.0,2226.0,2226.0,2226.0,2226.0,2226.0,2226.0,2226.0,2226.0,2226.0,2226.0,2226.0,2226.0,2226.0,2226.0,2226.0,2226.0,2226.0,2226.0,2226.0,2226.0,2226.0,2226.0,2226.0,2226.0,2226.0,2226.0,6.0,0.6,332.031,319.8516,309.8682,302.0543,296.3227,292.5068,290.37,289.632,289.9991,291.1878,292.9376,295.0137,297.2047,299.322,301.2059,302.7409,303.8789,304.6633,305.2477,305.8998,260.1287202835624,365.0492749405991,1333.9601,139.6476,729.4177999999999,-20.4932
2227,2227,2227.0,2227.0,2227.0,2227.0,2227.0,2227.0,2227.0,2227.0,2227.0,2227.0,2227.0,2227.0,2227.0,2227.0,2227.0,2227.0,2227.0,2227.0,2227.0,2227.0,2227.0,2227.0,2227.0,2227.0,2227.0,2227.0,2227.0,7.0,0.7,266.2595,271.8568,276.7008,280.6689,283.7502,286.0364,287.6955,288.9385,289.9899,291.068,292.3782,294.1167,296.4802,299.6747,303.9205,309.4503,316.5026,325.3181,336.1457,349.2673,407.42314752702833,234.15728651708963,1473.6077,162.53790000000004,589.7701999999999,-26.963599999999985
2228,2228,2228.0,2228.0,2228.0,2228.0,2228.0,2228.0,2228.0,2228.0,2228.0,2228.0,2228.0,2228.0,2228.0,2228.0,2228.0,2228.0,2228.0,2228.0,2228.0,2228.0,2228.0,2228.0,2228.0,2228.0,2228.0,2228.0,2228.0,8.0,0.8,380.0226,357.319,338.7257,323.8635,312.3958,303.945,298.0709,294.2856,292.0839,290.9686,290.4629,290.1091,289.461,288.0803,285.5465,281.4863,275.6178,267.803,258.0902,246.731,278.1802688534267,323.1242075833859,1636.1456,226.0155,427.2322999999999,-9.055000000000009
2229,2229,2229.0,2229.0,2229.0,2229.0,2229.0,2229.0,2229.0,2229.0,2229.0,2229.0,2229.0,2229.0,2229.0,2229.0,2229.0,2229.0,2229.0,2229.0,2229.0,2229.0,2229.0,2229.0,2229.0,2229.0,2229.0,2229.0,2229.0,9.0,0.9,282.6645,286.8041,290.2235,292.6832,294.0995,294.5318,294.1455,293.1659,291.8368,290.3927,289.0491,288.007,287.465,287.6288,288.7117,290.9222,294.4407,299.394,305.8388,313.7649,339.32756046621944,311.7954915636117,1862.1611,201.21679999999992,201.21679999999992,-18.468200000000024
2230,2230,2230.0,2230.0,2230.0,2230.0,2230.0,2230.0,2230.0,2230.0,2230.0,2230.0,2230.0,2230.0,2230.0,2230.0,2230.0,2230.0,2230.0,2230.0,2230.0,2230.0,2230.0,2230.0,2230.0,2230.0,2230.0,2230.0,2230.0,0.0,0.0,273.0,273.0,273.0,273.0,273.0,273.0,273.0,273.0,273.0,273.0,273.0,273.0,273.0,273.0,273.0,273.0,273.0,273.0,273.0,273.0,432.7757547957505,415.4398783393421,0.0,361.2635,1373.4466,3.7031000000000063
2231,2231,2231.0,2231.0,2231.0,2231.0,2231.0,2231.0,2231.0,2231.0,2231.0,2231.0,2231.0,2231.0,2231.0,2231.0,2231.0,2231.0,2231.0,2231.0,2231.0,2231.0,2231.0,2231.0,2231.0,2231.0,2231.0,2231.0,2231.0,1.0,0.1,398.151,369.4794,345.8025,326.5512,311.2936,299.6051,291.0279,285.0915,281.3629,279.5037,279.3149,280.7622,283.9755,289.2252,296.878,307.3412,321.0117,338.2497,359.4015,384.8969,365.06097175504885,375.4406051285592,361.2635,140.63029999999998,1012.1831,3.7031000000000063
2232,2232,2232.0,2232.0,2232.0,2232.0,2232.0,2232.0,2232.0,2232.0,2232.0,2232.0,2232.0,2232.0,2232.0,2232.0,2232.0,2232.0,2232.0,2232.0,2232.0,2232.0,2232.0,2232.0,2232.0,2232.0,2232.0,2232.0,2232.0,2.0,0.2,350.8947,339.1421,329.2308,320.7674,313.5131,307.3578,302.2876,298.3499,295.6204,294.1761,294.0775,295.3597,298.0333,302.0929,307.5333,314.3719,322.6764,332.595,344.3897,358.4709,410.1705172043536,292.3791761047162,501.8938,115.15799999999996,871.5527999999999,3.7031000000000063
2233,2233,2233.0,2233.0,2233.0,2233.0,2233.0,2233.0,2233.0,2233.0,2233.0,2233.0,2233.0,2233.0,2233.0,2233.0,2233.0,2233.0,2233.0,2233.0,2233.0,2233.0,2233.0,2233.0,2233.0,2233.0,2233.0,2233.0,2233.0,3.0,0.3,385.5432,365.4881,349.1116,335.8047,325.1205,316.7031,310.2474,305.4797,302.1458,300.0035,298.8139,298.3341,298.3126,298.4923,298.6248,298.4943,297.9501,296.9386,295.5266,293.9068,361.6115891007241,457.8006909202417,617.0518,135.48490000000004,756.3948,3.7031000000000063
2234,2234,2234.0,2234.0,2234.0,2234.0,2234.0,2234.0,2234.0,2234.0,2234.0,2234.0,2234.0,2234.0,2234.0,2234.0,2234.0,2234.0,2234.0,2234.0,2234.0,2234.0,2234.0,2234.0,2234.0,2234.0,2234.0,2234.0,2234.0,4.0,0.4,349.5792,339.8261,331.7857,325.041,319.3065,314.4104,310.2758,306.9044,304.3657,302.7942,302.3947,303.4503,306.3271,311.4686,319.3772,330.5858,345.6354,365.0818,389.5649,419.9795,376.4210279120717,335.39567019986686,752.5367,55.83770000000004,620.9099,3.7031000000000063
2235,2235,2235.0,2235.0,2235.0,2235.0,2235.0,2235.0,2235.0,2235.0,2235.0,2235.0,2235.0,2235.0,2235.0,2235.0,2235.0,2235.0,2235.0,2235.0,2235.0,2235.0,2235.0,2235.0,2235.0,2235.0,2235.0,2235.0,2235.0,5.0,0.5,360.2627,347.1176,336.4291,327.7937,320.9116,315.5571,311.558,308.7812,307.119,306.4748,306.7476,307.8184,309.5434,311.7568,314.2891,316.9995,319.8182,322.7909,326.1129,330.1434,294.26072600989204,372.1887988413359,808.3744,64.72320000000002,565.0722,3.7031000000000063
2236,2236,2236.0,2236.0,2236.0,2236.0,2236.0,2236.0,2236.0,2236.0,2236.0,2236.0,2236.0,2236.0,2236.0,2236.0,2236.0,2236.0,2236.0,2236.0,2236.0,2236.0,2236.0,2236.0,2236.0,2236.0,2236.0,2236.0,2236.0,6.0,0.6,296.2961,298.4596,300.4363,302.014,303.099,303.7098,303.9526,303.9904,304.0119,304.2087,304.764,305.8513,307.6394,310.3023,314.0259,319.0142,325.493,333.7156,343.9765,356.6398,347.5910634711946,243.28830489905224,873.0976,81.43819999999994,500.34899999999993,3.7031000000000063
2237,2237,2237.0,2237.0,2237.0,2237.0,2237.0,2237.0,2237.0,2237.0,2237.0,2237.0,2237.0,2237.0,2237.0,2237.0,2237.0,2237.0,2237.0,2237.0,2237.0,2237.0,2237.0,2237.0,2237.0,2237.0,2237.0,2237.0,2237.0,7.0,0.7,335.9034,326.2751,318.4893,312.3645,307.7209,304.3643,302.085,300.6623,299.8685,299.4684,299.2119,298.8234,297.9948,296.3874,293.6509,289.4593,283.5626,275.8424,266.3577,255.363,196.4846375987056,384.8076919829923,954.5358,168.6774999999999,418.9108,3.7031000000000063
2238,2238,2238.0,2238.0,2238.0,2238.0,2238.0,2238.0,2238.0,2238.0,2238.0,2238.0,2238.0,2238.0,2238.0,2238.0,2238.0,2238.0,2238.0,2238.0,2238.0,2238.0,2238.0,2238.0,2238.0,2238.0,2238.0,2238.0,2238.0,8.0,0.8,216.1726,234.0617,249.5811,262.4029,272.4649,279.9409,285.1784,288.6264,290.7744,292.1127,293.1182,294.2584,296.0032,298.8325,303.23,309.6616,318.5448,330.2245,344.9762,363.0555,355.6261822978322,384.0461100713329,1123.2133,152.28230000000008,250.2333000000001,3.7031000000000063
2239,2239,2239.0,2239.0,2239.0,2239.0,2239.0,2239.0,2239.0,2239.0,2239.0,2239.0,2239.0,2239.0,2239.0,2239.0,2239.0,2239.0,2239.0,2239.0,2239.0,2239.0,2239.0,2239.0,2239.0,2239.0,2239.0,2239.0,2239.0,9.0,0.9,338.1808,323.3945,311.2953,301.8841,295.0578,290.5895,288.1551,287.3885,287.943,289.5406,292.0013,295.2503,299.3086,304.2756,310.3094,317.6137,326.4326,337.0588,349.856,365.3003,243.7099375918133,408.3318316481784,1275.4956,97.95100000000002,97.95100000000002,3.7031000000000063
2240,2240,2240.0,2240.0,2240.0,2240.0,2240.0,2240.0,2240.0,2240.0,2240.0,2240.0,2240.0,2240.0,2240.0,2240.0,2240.0,2240.0,2240.0,2240.0,2240.0,2240.0,2240.0,2240.0,2240.0,2240.0,2240.0,2240.0,2240.0,0.0,0.0,273.0,273.0,273.0,273.0,273.0,273.0,273.0,273.0,273.0,273.0,273.0,273.0,273.0,273.0,273.0,273.0,273.0,273.0,273.0,273.0,342.9837291358822,293.6050941809352,0.0,414.7017,2791.7338000000004,-40.0
2241,2241,2241.0,2241.0,2241.0,2241.0,2241.0,2241.0,2241.0,2241.0,2241.0,2241.0,2241.0,2241.0,2241.0,2241.0,2241.0,2241.0,2241.0,2241.0,2241.0,2241.0,2241.0,2241.0,2241.0,2241.0,2241.0,2241.0,2241.0,1.0,0.1,328.5848,316.1874,305.7094,297.0802,290.1946,284.8948,280.9762,278.2084,276.3628,275.237,274.6724,274.5628,274.8532,275.5333,276.6247,278.1666,280.2005,282.7576,285.8506,289.4729,402.6501586861909,451.8472555663637,414.7017,282.28309999999993,2377.0321000000004,-28.105200000000025
2242,2242,2242.0,2242.0,2242.0,2242.0,2242.0,2242.0,2242.0,2242.0,2242.0,2242.0,2242.0,2242.0,2242.0,2242.0,2242.0,2242.0,2242.0,2242.0,2242.0,2242.0,2242.0,2242.0,2242.0,2242.0,2242.0,2242.0,2242.0,2.0,0.2,377.235,356.0804,338.469,323.9292,312.112,302.7249,295.5057,290.2269,286.7163,284.8846,284.7506,286.4575,290.2733,296.5745,305.8116,318.4666,335.0187,355.9442,381.783,413.3082,276.60216615650137,175.89213359192092,696.9848,143.4207,2094.7490000000003,-10.275100000000007
2243,2243,2243.0,2243.0,2243.0,2243.0,2243.0,2243.0,2243.0,2243.0,2243.0,2243.0,2243.0,2243.0,2243.0,2243.0,2243.0,2243.0,2243.0,2243.0,2243.0,2243.0,2243.0,2243.0,2243.0,2243.0,2243.0,2243.0,2243.0,3.0,0.3,281.2161,285.4632,288.9865,291.5751,293.1862,293.9285,294.0145,293.6944,293.1825,292.5891,291.8657,290.77,288.8584,285.5114,279.9979,271.5776,259.6354,243.8257,224.1952,201.2442,277.1143511878997,309.71879124959287,840.4055,301.29740000000004,1951.3283,-19.07150000000001
2244,2244,2244.0,2244.0,2244.0,2244.0,2244.0,2244.0,2244.0,2244.0,2244.0,2244.0,2244.0,2244.0,2244.0,2244.0,2244.0,2244.0,2244.0,2244.0,2244.0,2244.0,2244.0,2244.0,2244.0,2244.0,2244.0,2244.0,2244.0,4.0,0.4,278.6979,280.2693,281.7342,283.0097,284.0267,284.7317,285.0881,285.0788,284.7119,284.0296,283.1201,282.1298,281.27,280.8133,281.0731,282.3652,284.9575,289.0193,294.5858,301.5543,185.54955128670025,462.9467861446726,1141.7029,296.6247000000001,1650.0309,-28.26830000000001
2245,2245,2245.0,2245.0,2245.0,2245.0,2245.0,2245.0,2245.0,2245.0,2245.0,2245.0,2245.0,2245.0,2245.0,2245.0,2245.0,2245.0,2245.0,2245.0,2245.0,2245.0,2245.0,2245.0,2245.0,2245.0,2245.0,2245.0,2245.0,5.0,0.5,203.7518,220.2937,234.7753,246.9713,256.8529,264.5755,270.4431,274.8659,278.324,281.3433,284.4859,288.3492,293.5646,300.7889,310.6846,323.8935,341.0208,362.6546,389.4559,422.3598,443.8046214172298,273.4952373647259,1438.3276,198.5528999999999,1353.4062,-48.42450000000002
2246,2246,2246.0,2246.0,2246.0,2246.0,2246.0,2246.0,2246.0,2246.0,2246.0,2246.0,2246.0,2246.0,2246.0,2246.0,2246.0,2246.0,2246.0,2246.0,2246.0,2246.0,2246.0,2246.0,2246.0,2246.0,2246.0,2246.0,2246.0,6.0,0.6,404.6541,372.3069,345.8766,324.9069,309.0271,297.7774,290.5621,286.6821,285.3999,285.9993,287.8207,290.2671,292.7929,294.8929,296.1047,296.0348,294.4057,291.1115,286.2646,280.2101,251.2333290935473,234.8250394185152,1636.8805,207.50080000000003,1154.8533,-15.2226
2247,2247,2247.0,2247.0,2247.0,2247.0,2247.0,2247.0,2247.0,2247.0,2247.0,2247.0,2247.0,2247.0,2247.0,2247.0,2247.0,2247.0,2247.0,2247.0,2247.0,2247.0,2247.0,2247.0,2247.0,2247.0,2247.0,2247.0,2247.0,7.0,0.7,261.1609,270.0813,277.5267,283.2345,287.1704,289.4994,290.5193,290.5789,290.0003,289.0211,287.7624,286.2229,284.2949,281.7949,278.5025,274.2031,268.7281,261.9888,253.9977,244.8734,313.58970951078044,216.28342391149693,1844.3813,348.8172,947.3525,-23.50060000000002
2248,2248,2248.0,2248.0,2248.0,2248.0,2248.0,2248.0,2248.0,2248.0,2248.0,2248.0,2248.0,2248.0,2248.0,2248.0,2248.0,2248.0,2248.0,2248.0,2248.0,2248.0,2248.0,2248.0,2248.0,2248.0,2248.0,2248.0,2248.0,8.0,0.8,306.7887,301.0323,296.2933,292.5154,289.5943,287.376,285.6682,284.2588,282.9338,281.4905,279.7423,277.5197,274.6664,271.0372,266.4997,260.9394,254.2702,246.4446,237.4634,227.3776,390.6498280968865,364.7759416677145,2193.1985,376.77239999999983,598.5353,-25.624000000000024
2249,2249,2249.0,2249.0,2249.0,2249.0,2249.0,2249.0,2249.0,2249.0,2249.0,2249.0,2249.0,2249.0,2249.0,2249.0,2249.0,2249.0,2249.0,2249.0,2249.0,2249.0,2249.0,2249.0,2249.0,2249.0,2249.0,2249.0,2249.0,9.0,0.9,367.7709,348.6431,332.7105,319.5827,308.9303,300.4323,293.7641,288.6136,284.7133,281.8762,280.0271,279.2219,279.6491,281.6103,285.479,291.6405,300.4269,312.0649,326.6576,344.22,304.3236204172216,282.4951086270788,2569.9709,221.76290000000017,221.76290000000017,-12.567700000000002
2250,2250,2250.0,2250.0,2250.0,2250.0,2250.0,2250.0,2250.0,2250.0,2250.0,2250.0,2250.0,2250.0,2250.0,2250.0,2250.0,2250.0,2250.0,2250.0,2250.0,2250.0,2250.0,2250.0,2250.0,2250.0,2250.0,2250.0,2250.0,0.0,0.0,273.0,273.0,273.0,273.0,273.0,273.0,273.0,273.0,273.0,273.0,273.0,273.0,273.0,273.0,273.0,273.0,273.0,273.0,273.0,273.0,383.7217873643483,364.0881892584756,0.0,379.3329,2611.3101,-40.0
2251,2251,2251.0,2251.0,2251.0,2251.0,2251.0,2251.0,2251.0,2251.0,2251.0,2251.0,2251.0,2251.0,2251.0,2251.0,2251.0,2251.0,2251.0,2251.0,2251.0,2251.0,2251.0,2251.0,2251.0,2251.0,2251.0,2251.0,2251.0,1.0,0.1,360.4192,340.6911,324.1862,310.6728,299.9283,291.6873,285.6364,281.4414,278.7892,277.4303,277.2112,278.0912,280.1426,283.5339,288.4994,295.2993,304.18,315.3444,328.9482,345.1307,260.42550120951284,323.03328219692105,379.3329,218.0806,2231.9772000000003,-21.312700000000007
2252,2252,2252.0,2252.0,2252.0,2252.0,2252.0,2252.0,2252.0,2252.0,2252.0,2252.0,2252.0,2252.0,2252.0,2252.0,2252.0,2252.0,2252.0,2252.0,2252.0,2252.0,2252.0,2252.0,2252.0,2252.0,2252.0,2252.0,2252.0,2.0,0.2,266.8026,272.5214,277.2588,280.8348,283.2347,284.597,285.1735,285.277,285.2281,285.3133,285.7569,286.7099,288.2522,290.4056,293.1552,296.4742,300.3517,304.8183,309.9653,315.9571,283.805397960257,187.18774591560512,597.4135,274.9748,2013.8966,-28.40300000000002
2253,2253,2253.0,2253.0,2253.0,2253.0,2253.0,2253.0,2253.0,2253.0,2253.0,2253.0,2253.0,2253.0,2253.0,2253.0,2253.0,2253.0,2253.0,2253.0,2253.0,2253.0,2253.0,2253.0,2253.0,2253.0,2253.0,2253.0,2253.0,3.0,0.3,282.8096,282.0662,281.5789,281.3393,281.3227,281.4871,281.7732,282.1022,282.3697,282.4336,282.0989,281.1041,279.1141,275.7295,270.5152,263.0529,253.0109,240.2206,224.7396,206.8802,466.8692623015955,337.0314021380905,872.3883,389.32409999999993,1738.9218,-31.5129
2254,2254,2254.0,2254.0,2254.0,2254.0,2254.0,2254.0,2254.0,2254.0,2254.0,2254.0,2254.0,2254.0,2254.0,2254.0,2254.0,2254.0,2254.0,2254.0,2254.0,2254.0,2254.0,2254.0,2254.0,2254.0,2254.0,2254.0,2254.0,4.0,0.4,424.91,390.8974,363.1879,340.8137,323.0844,309.3793,299.066,291.5016,286.0779,282.2801,279.7375,278.2552,277.82,278.5792,280.794,284.7727,290.7945,299.0423,309.5635,322.277,262.9586724334762,439.5401442880483,1261.7124,215.0699000000002,1349.5977000000005,-3.6207
2255,2255,2255.0,2255.0,2255.0,2255.0,2255.0,2255.0,2255.0,2255.0,2255.0,2255.0,2255.0,2255.0,2255.0,2255.0,2255.0,2255.0,2255.0,2255.0,2255.0,2255.0,2255.0,2255.0,2255.0,2255.0,2255.0,2255.0,2255.0,5.0,0.5,271.7784,279.6985,286.1632,290.8462,293.6851,294.862,294.749,293.8368,292.6694,291.7957,291.7439,293.0155,296.0888,301.4241,309.4644,320.6314,335.3264,353.9545,376.9936,405.136,263.73480213299,251.5711167235943,1476.7823,118.84129999999982,1134.5278,-18.137999999999977
2256,2256,2256.0,2256.0,2256.0,2256.0,2256.0,2256.0,2256.0,2256.0,2256.0,2256.0,2256.0,2256.0,2256.0,2256.0,2256.0,2256.0,2256.0,2256.0,2256.0,2256.0,2256.0,2256.0,2256.0,2256.0,2256.0,2256.0,2256.0,6.0,0.6,267.9304,271.853,275.4331,278.6294,281.4365,283.8854,286.0371,287.9683,289.749,291.4159,292.9433,294.2189,295.0311,295.0752,293.9846,291.3873,286.9812,280.6143,272.35,262.4943,175.11438726990215,360.423412879939,1595.6236,258.5109,1015.6865000000004,-29.1146
2257,2257,2257.0,2257.0,2257.0,2257.0,2257.0,2257.0,2257.0,2257.0,2257.0,2257.0,2257.0,2257.0,2257.0,2257.0,2257.0,2257.0,2257.0,2257.0,2257.0,2257.0,2257.0,2257.0,2257.0,2257.0,2257.0,2257.0,2257.0,7.0,0.7,195.0959,213.3469,229.4622,243.209,254.5444,263.5966,270.6226,275.9587,279.9768,283.0558,285.5702,287.8924,290.4002,293.4821,297.5319,302.9324,310.0303,319.1145,330.4112,344.109,298.5363215778118,275.28842409856645,1854.1345,316.20219999999995,757.1756000000003,-49.403399999999976
2258,2258,2258.0,2258.0,2258.0,2258.0,2258.0,2258.0,2258.0,2258.0,2258.0,2258.0,2258.0,2258.0,2258.0,2258.0,2258.0,2258.0,2258.0,2258.0,2258.0,2258.0,2258.0,2258.0,2258.0,2258.0,2258.0,2258.0,2258.0,8.0,0.8,290.8737,284.2117,278.8742,275.0645,272.8294,272.0619,272.5361,273.9577,276.0138,278.4094,280.8848,283.216,285.2059,286.6754,287.4627,287.4345,286.5089,284.6824,282.0518,278.8216,277.9111968268622,420.96116428236826,2170.3367,285.01850000000013,440.9734000000003,-40.93810000000002
2259,2259,2259.0,2259.0,2259.0,2259.0,2259.0,2259.0,2259.0,2259.0,2259.0,2259.0,2259.0,2259.0,2259.0,2259.0,2259.0,2259.0,2259.0,2259.0,2259.0,2259.0,2259.0,2259.0,2259.0,2259.0,2259.0,2259.0,2259.0,9.0,0.9,277.4556,277.0986,276.8393,276.6891,276.6721,276.825,277.196,277.8475,278.8637,280.3643,282.5212,285.5755,289.8464,295.7277,303.668,314.1392,327.6037,344.5001,365.2739,390.4766,334.9200446857457,402.9352168177643,2455.3552,155.95490000000018,155.95490000000018,-36.17500000000001
2260,2260,2260.0,2260.0,2260.0,2260.0,2260.0,2260.0,2260.0,2260.0,2260.0,2260.0,2260.0,2260.0,2260.0,2260.0,2260.0,2260.0,2260.0,2260.0,2260.0,2260.0,2260.0,2260.0,2260.0,2260.0,2260.0,2260.0,2260.0,0.0,0.0,273.0,273.0,273.0,273.0,273.0,273.0,273.0,273.0,273.0,273.0,273.0,273.0,273.0,273.0,273.0,273.0,273.0,273.0,273.0,273.0,470.7167122675443,250.0453749666622,0.0,427.2631,3235.2478,-40.0
2261,2261,2261.0,2261.0,2261.0,2261.0,2261.0,2261.0,2261.0,2261.0,2261.0,2261.0,2261.0,2261.0,2261.0,2261.0,2261.0,2261.0,2261.0,2261.0,2261.0,2261.0,2261.0,2261.0,2261.0,2261.0,2261.0,2261.0,2261.0,1.0,0.1,426.8308,391.1496,361.9886,338.3915,319.696,305.3046,294.5905,286.8891,281.5321,277.8925,275.4184,273.6496,272.2162,270.8282,269.2621,267.3496,264.9722,262.0585,258.583,254.5624,208.30558484950825,268.93418957778687,427.2631,383.4145,2807.9847,-7.6954000000000065
2262,2262,2262.0,2262.0,2262.0,2262.0,2262.0,2262.0,2262.0,2262.0,2262.0,2262.0,2262.0,2262.0,2262.0,2262.0,2262.0,2262.0,2262.0,2262.0,2262.0,2262.0,2262.0,2262.0,2262.0,2262.0,2262.0,2262.0,2262.0,2.0,0.2,227.4978,244.6993,259.1093,270.2747,278.1216,282.9076,285.1228,285.3735,284.2759,282.3788,280.1201,277.8159,275.6721,273.8067,272.2754,271.0909,270.2359,269.6683,269.323,269.1131,188.9033445912281,256.3528581961203,810.6776,462.7176999999999,2424.5702,-30.0924
2263,2263,2263.0,2263.0,2263.0,2263.0,2263.0,2263.0,2263.0,2263.0,2263.0,2263.0,2263.0,2263.0,2263.0,2263.0,2263.0,2263.0,2263.0,2263.0,2263.0,2263.0,2263.0,2263.0,2263.0,2263.0,2263.0,2263.0,2263.0,3.0,0.3,204.9055,219.4713,232.349,243.3791,252.5064,259.7758,265.3155,269.3122,271.9852,273.5612,274.2538,274.2487,273.6948,272.7005,271.336,269.6388,267.6234,265.2905,262.6359,259.6567,427.5570190408771,438.8115261862454,1273.3953,445.0676000000001,1961.8525,-53.2242
2264,2264,2264.0,2264.0,2264.0,2264.0,2264.0,2264.0,2264.0,2264.0,2264.0,2264.0,2264.0,2264.0,2264.0,2264.0,2264.0,2264.0,2264.0,2264.0,2264.0,2264.0,2264.0,2264.0,2264.0,2264.0,2264.0,2264.0,2264.0,4.0,0.4,391.6063,361.5281,336.6714,316.6912,301.2678,289.9731,282.2525,277.485,275.0779,274.5622,275.6631,278.336,282.7632,289.3175,298.4985,310.8557,326.9212,347.1782,372.1016,402.3019,224.98909400519017,278.54474869794325,1718.4629,177.09339999999997,1516.7849,-23.02690000000001
2265,2265,2265.0,2265.0,2265.0,2265.0,2265.0,2265.0,2265.0,2265.0,2265.0,2265.0,2265.0,2265.0,2265.0,2265.0,2265.0,2265.0,2265.0,2265.0,2265.0,2265.0,2265.0,2265.0,2265.0,2265.0,2265.0,2265.0,2265.0,5.0,0.5,238.9021,251.3578,261.8421,270.0915,276.1221,280.197,282.7512,284.2952,285.3215,286.2275,287.2645,288.5142,289.8934,291.1826,292.0772,292.2551,291.4525,289.5354,286.5519,282.7486,176.1892298450046,365.4052938626489,1895.5563,301.3077999999998,1339.6915,-32.803
2266,2266,2266.0,2266.0,2266.0,2266.0,2266.0,2266.0,2266.0,2266.0,2266.0,2266.0,2266.0,2266.0,2266.0,2266.0,2266.0,2266.0,2266.0,2266.0,2266.0,2266.0,2266.0,2266.0,2266.0,2266.0,2266.0,2266.0,2266.0,6.0,0.6,194.7757,211.7607,226.8344,239.8188,250.6825,259.5313,266.5799,272.1181,276.4778,280.01,283.0723,286.0253,289.2343,293.0689,297.8978,304.0757,311.9272,321.7357,333.7475,348.2036,274.0644180736054,340.0275599022162,2196.8641,336.4844000000003,1038.3837000000003,-53.46870000000001
2267,2267,2267.0,2267.0,2267.0,2267.0,2267.0,2267.0,2267.0,2267.0,2267.0,2267.0,2267.0,2267.0,2267.0,2267.0,2267.0,2267.0,2267.0,2267.0,2267.0,2267.0,2267.0,2267.0,2267.0,2267.0,2267.0,2267.0,2267.0,7.0,0.7,270.8446,268.0469,266.0074,264.9481,264.9541,265.9823,267.8951,270.5063,273.6273,277.1011,280.8214,284.7362,288.8425,293.1766,297.8061,302.8273,308.3691,314.6018,321.749,330.1006,419.8336681839346,222.8623672602958,2533.3485,277.5720000000001,701.8993,-47.01769999999999
2268,2268,2268.0,2268.0,2268.0,2268.0,2268.0,2268.0,2268.0,2268.0,2268.0,2268.0,2268.0,2268.0,2268.0,2268.0,2268.0,2268.0,2268.0,2268.0,2268.0,2268.0,2268.0,2268.0,2268.0,2268.0,2268.0,2268.0,2268.0,8.0,0.8,387.8298,361.1646,339.1481,321.3846,307.552,297.2838,290.1259,285.5454,282.9618,281.7816,281.4212,281.3175,280.9303,279.7449,277.286,273.1455,267.0249,258.7824,248.4707,236.35,302.9074622438301,462.3253127544501,2810.9205,263.1190999999999,424.3272999999999,-15.716200000000017
2269,2269,2269.0,2269.0,2269.0,2269.0,2269.0,2269.0,2269.0,2269.0,2269.0,2269.0,2269.0,2269.0,2269.0,2269.0,2269.0,2269.0,2269.0,2269.0,2269.0,2269.0,2269.0,2269.0,2269.0,2269.0,2269.0,2269.0,2269.0,9.0,0.9,301.7542,300.9076,300.0046,298.8045,297.2078,295.2485,293.0695,290.8921,288.9926,287.6944,287.3751,288.4825,291.5462,297.174,306.0224,318.7484,335.9619,358.2139,386.0681,420.3057,206.45807307910164,199.8548708548421,3074.0396,161.20820000000003,161.20820000000003,-17.75150000000002
2270,2270,2270.0,2270.0,2270.0,2270.0,2270.0,2270.0,2270.0,2270.0,2270.0,2270.0,2270.0,2270.0,2270.0,2270.0,2270.0,2270.0,2270.0,2270.0,2270.0,2270.0,2270.0,2270.0,2270.0,2270.0,2270.0,2270.0,2270.0,0.0,0.0,273.0,273.0,273.0,273.0,273.0,273.0,273.0,273.0,273.0,273.0,273.0,273.0,273.0,273.0,273.0,273.0,273.0,273.0,273.0,273.0,465.3011915380743,359.05698268357526,0.0,379.0622,1890.8056,29.09480000000002
2271,2271,2271.0,2271.0,2271.0,2271.0,2271.0,2271.0,2271.0,2271.0,2271.0,2271.0,2271.0,2271.0,2271.0,2271.0,2271.0,2271.0,2271.0,2271.0,2271.0,2271.0,2271.0,2271.0,2271.0,2271.0,2271.0,2271.0,2271.0,1.0,0.1,422.7671,388.0938,359.7171,336.7464,318.5621,304.6058,294.2983,287.0416,282.264,279.4752,278.3116,278.5602,280.1586,283.1744,287.7685,294.1487,302.524,313.0711,325.9238,341.1983,443.5871713333418,420.8378518536432,379.0622,210.2461,1511.7434,29.09480000000002
2272,2272,2272.0,2272.0,2272.0,2272.0,2272.0,2272.0,2272.0,2272.0,2272.0,2272.0,2272.0,2272.0,2272.0,2272.0,2272.0,2272.0,2272.0,2272.0,2272.0,2272.0,2272.0,2272.0,2272.0,2272.0,2272.0,2272.0,2272.0,2.0,0.2,411.7121,386.0532,365.0582,347.7224,333.3872,321.6198,312.137,304.7571,299.3708,295.9252,294.419,294.9013,297.4721,302.28,309.5161,319.4071,332.2133,348.244,367.9035,391.7851,447.3873895792963,416.71031216858256,589.3083,135.4769,1301.4973,29.09480000000002
2273,2273,2273.0,2273.0,2273.0,2273.0,2273.0,2273.0,2273.0,2273.0,2273.0,2273.0,2273.0,2273.0,2273.0,2273.0,2273.0,2273.0,2273.0,2273.0,2273.0,2273.0,2273.0,2273.0,2273.0,2273.0,2273.0,2273.0,2273.0,3.0,0.3,415.8399,390.7725,370.569,354.1683,340.8567,330.1476,321.7088,315.3166,310.8257,308.1495,307.246,308.1096,310.7666,315.2749,321.7298,330.2762,341.1285,354.6036,371.1698,391.5233,460.00487892681167,441.5221568246607,724.7852,143.9416,1166.0204,29.09480000000002
2274,2274,2274.0,2274.0,2274.0,2274.0,2274.0,2274.0,2274.0,2274.0,2274.0,2274.0,2274.0,2274.0,2274.0,2274.0,2274.0,2274.0,2274.0,2274.0,2274.0,2274.0,2274.0,2274.0,2274.0,2274.0,2274.0,2274.0,2274.0,4.0,0.4,426.1082,399.4955,378.3087,361.3365,347.7601,337.01,328.6836,322.4961,318.2532,315.834,315.1826,316.3035,319.259,324.1699,331.2184,340.6561,352.8218,368.1765,387.3669,411.3368,467.863391179629,453.1841723079544,868.7268,172.5633999999999,1022.0788,29.09480000000002
2275,2275,2275.0,2275.0,2275.0,2275.0,2275.0,2275.0,2275.0,2275.0,2275.0,2275.0,2275.0,2275.0,2275.0,2275.0,2275.0,2275.0,2275.0,2275.0,2275.0,2275.0,2275.0,2275.0,2275.0,2275.0,2275.0,2275.0,2275.0,5.0,0.5,432.682,405.2967,383.6692,366.4755,352.8232,342.0948,333.856,327.8024,323.7264,321.4988,321.0571,322.4001,325.5858,330.734,338.0327,347.7521,360.2701,376.1157,396.045,421.1697,437.8536234145748,427.4477005509465,1041.2902,175.86390000000006,849.5154,29.09480000000002
2276,2276,2276.0,2276.0,2276.0,2276.0,2276.0,2276.0,2276.0,2276.0,2276.0,2276.0,2276.0,2276.0,2276.0,2276.0,2276.0,2276.0,2276.0,2276.0,2276.0,2276.0,2276.0,2276.0,2276.0,2276.0,2276.0,2276.0,2276.0,6.0,0.6,410.8278,389.7122,373.0095,359.6972,349.0718,340.6542,334.1265,329.2855,326.0083,324.2267,323.9101,325.0567,327.6923,331.8769,337.7191,345.3981,355.1939,367.5281,383.0184,402.5584,319.27284575189753,438.5608903371293,1217.1541,105.55719999999997,673.6514999999999,29.09480000000002
2277,2277,2277.0,2277.0,2277.0,2277.0,2277.0,2277.0,2277.0,2277.0,2277.0,2277.0,2277.0,2277.0,2277.0,2277.0,2277.0,2277.0,2277.0,2277.0,2277.0,2277.0,2277.0,2277.0,2277.0,2277.0,2277.0,2277.0,2277.0,7.0,0.7,319.3201,320.0272,320.8938,321.572,321.8858,321.8224,321.5004,321.1272,320.9563,321.2535,322.2772,324.2718,327.4728,332.1208,338.4801,346.8623,357.657,371.3727,388.7012,410.6188,208.4842231382432,241.05196532742,1322.7113,26.098799999999983,568.0943,29.09480000000002
2278,2278,2278.0,2278.0,2278.0,2278.0,2278.0,2278.0,2278.0,2278.0,2278.0,2278.0,2278.0,2278.0,2278.0,2278.0,2278.0,2278.0,2278.0,2278.0,2278.0,2278.0,2278.0,2278.0,2278.0,2278.0,2278.0,2278.0,2278.0,8.0,0.8,227.511,244.9478,260.309,273.3193,283.9301,292.2917,298.6932,303.487,307.0155,309.5463,311.2261,312.0528,311.8712,310.3925,307.2403,302.022,294.4187,284.2804,271.7053,257.0787,260.631846782677,173.80529610078554,1348.8101,183.9750000000001,541.9955,29.09480000000002
2279,2279,2279.0,2279.0,2279.0,2279.0,2279.0,2279.0,2279.0,2279.0,2279.0,2279.0,2279.0,2279.0,2279.0,2279.0,2279.0,2279.0,2279.0,2279.0,2279.0,2279.0,2279.0,2279.0,2279.0,2279.0,2279.0,2279.0,2279.0,9.0,0.9,264.3916,268.0194,271.5975,275.1539,278.6531,281.999,285.0476,287.6213,289.5207,290.5291,290.4111,288.9075,285.7332,280.5831,273.1515,263.1677,250.443,234.9233,216.7325,196.1919,453.147315301617,326.7868436568791,1532.7851,358.02049999999986,358.02049999999986,29.09480000000002
2280,2280,2280.0,2280.0,2280.0,2280.0,2280.0,2280.0,2280.0,2280.0,2280.0,2280.0,2280.0,2280.0,2280.0,2280.0,2280.0,2280.0,2280.0,2280.0,2280.0,2280.0,2280.0,2280.0,2280.0,2280.0,2280.0,2280.0,2280.0,0.0,0.0,273.0,273.0,273.0,273.0,273.0,273.0,273.0,273.0,273.0,273.0,273.0,273.0,273.0,273.0,273.0,273.0,273.0,273.0,273.0,273.0,382.2545953616245,457.0097831598606,0.0,355.8528,2611.2251,-40.0
2281,2281,2281.0,2281.0,2281.0,2281.0,2281.0,2281.0,2281.0,2281.0,2281.0,2281.0,2281.0,2281.0,2281.0,2281.0,2281.0,2281.0,2281.0,2281.0,2281.0,2281.0,2281.0,2281.0,2281.0,2281.0,2281.0,2281.0,2281.0,1.0,0.1,359.282,339.8227,323.5405,310.2155,299.6378,291.5607,285.6996,281.7661,279.5171,278.8055,279.6213,282.1134,286.5899,293.4928,303.3527,316.7312,334.174,356.203,383.3861,416.5241,205.474782816237,344.44781043407056,355.8528,141.04489999999998,2255.3723,-21.439300000000003
2282,2282,2282.0,2282.0,2282.0,2282.0,2282.0,2282.0,2282.0,2282.0,2282.0,2282.0,2282.0,2282.0,2282.0,2282.0,2282.0,2282.0,2282.0,2282.0,2282.0,2282.0,2282.0,2282.0,2282.0,2282.0,2282.0,2282.0,2282.0,2.0,0.2,222.5938,238.0287,251.2501,261.9862,270.2503,276.3109,280.6193,283.7197,286.1617,288.4296,290.8962,293.8016,297.2558,301.2622,305.7579,310.6659,315.9537,321.6877,328.0749,335.4846,317.9139680499913,456.6038512610903,496.8977,169.81000000000006,2114.3274,-36.6891
2283,2283,2283.0,2283.0,2283.0,2283.0,2283.0,2283.0,2283.0,2283.0,2283.0,2283.0,2283.0,2283.0,2283.0,2283.0,2283.0,2283.0,2283.0,2283.0,2283.0,2283.0,2283.0,2283.0,2283.0,2283.0,2283.0,2283.0,2283.0,3.0,0.3,308.2666,300.017,293.3363,288.3251,284.9796,283.1937,282.79,283.569,285.361,288.0717,291.7119,296.4124,302.4228,310.0977,319.8742,332.2492,347.7673,367.0384,390.8092,420.1211,408.8336310114803,322.05736583855014,666.7077,75.86029999999994,1944.5174,-29.80630000000002
2284,2284,2284.0,2284.0,2284.0,2284.0,2284.0,2284.0,2284.0,2284.0,2284.0,2284.0,2284.0,2284.0,2284.0,2284.0,2284.0,2284.0,2284.0,2284.0,2284.0,2284.0,2284.0,2284.0,2284.0,2284.0,2284.0,2284.0,2284.0,4.0,0.4,381.7938,359.4469,341.1272,326.4211,315.0138,306.6042,300.8692,297.4599,296.0134,296.1657,297.56,299.8488,302.6938,305.7723,308.7937,311.5298,313.855,315.7881,317.5222,319.4332,349.918537036349,180.4587729359673,742.568,146.59490000000005,1868.6571,-6.395800000000008
2285,2285,2285.0,2285.0,2285.0,2285.0,2285.0,2285.0,2285.0,2285.0,2285.0,2285.0,2285.0,2285.0,2285.0,2285.0,2285.0,2285.0,2285.0,2285.0,2285.0,2285.0,2285.0,2285.0,2285.0,2285.0,2285.0,2285.0,2285.0,5.0,0.5,339.6397,331.243,324.2768,318.4123,313.427,309.1804,305.5809,302.547,299.9687,297.6733,295.3999,292.7868,289.3743,284.6258,277.9726,268.8791,256.9263,241.8985,223.8549,203.1604,219.7161808896396,240.5967536415902,889.1629,316.51409999999987,1722.0622,-3.81959999999998
2286,2286,2286.0,2286.0,2286.0,2286.0,2286.0,2286.0,2286.0,2286.0,2286.0,2286.0,2286.0,2286.0,2286.0,2286.0,2286.0,2286.0,2286.0,2286.0,2286.0,2286.0,2286.0,2286.0,2286.0,2286.0,2286.0,2286.0,2286.0,6.0,0.6,235.3761,249.5497,261.7264,271.5935,279.0551,284.2064,287.2793,288.5775,288.4187,287.0931,284.8447,281.8689,278.3242,274.3446,270.0487,265.5389,260.8902,256.1334,251.2391,246.1116,435.32046313443584,282.00746091349663,1205.677,382.7523000000001,1405.5481000000002,-28.793600000000023
2287,2287,2287.0,2287.0,2287.0,2287.0,2287.0,2287.0,2287.0,2287.0,2287.0,2287.0,2287.0,2287.0,2287.0,2287.0,2287.0,2287.0,2287.0,2287.0,2287.0,2287.0,2287.0,2287.0,2287.0,2287.0,2287.0,2287.0,2287.0,7.0,0.7,400.3456,371.5414,347.9581,329.0085,314.1965,302.9835,294.758,288.8698,284.6931,281.6875,279.4409,277.6854,276.2901,275.2356,274.5775,274.4053,274.8022,275.8112,277.4141,279.5261,290.4776127825638,198.3118171887413,1588.4293,353.0851,1022.7958,-10.016500000000008
2288,2288,2288.0,2288.0,2288.0,2288.0,2288.0,2288.0,2288.0,2288.0,2288.0,2288.0,2288.0,2288.0,2288.0,2288.0,2288.0,2288.0,2288.0,2288.0,2288.0,2288.0,2288.0,2288.0,2288.0,2288.0,2288.0,2288.0,2288.0,8.0,0.8,292.5876,294.5865,296.0444,296.6786,296.3756,295.1759,293.2296,290.7376,287.8919,284.8255,281.5794,278.0876,274.1802,269.6022,264.0469,257.2014,248.7987,238.6685,226.7766,213.2401,318.73269673371453,339.8603520231313,1941.5144,396.6374999999998,669.7107000000001,-17.824099999999987
2289,2289,2289.0,2289.0,2289.0,2289.0,2289.0,2289.0,2289.0,2289.0,2289.0,2289.0,2289.0,2289.0,2289.0,2289.0,2289.0,2289.0,2289.0,2289.0,2289.0,2289.0,2289.0,2289.0,2289.0,2289.0,2289.0,2289.0,2289.0,9.0,0.9,311.9349,306.1877,301.3273,297.2045,293.6758,290.6034,287.8641,285.3641,283.0563,280.9596,279.1743,277.8927,277.3978,278.0473,280.2372,284.3499,290.693,299.4475,310.6416,324.1696,211.7921847255396,387.23598224354726,2338.1519,273.07320000000027,273.07320000000027,-22.39659999999997
2290,2290,2290.0,2290.0,2290.0,2290.0,2290.0,2290.0,2290.0,2290.0,2290.0,2290.0,2290.0,2290.0,2290.0,2290.0,2290.0,2290.0,2290.0,2290.0,2290.0,2290.0,2290.0,2290.0,2290.0,2290.0,2290.0,2290.0,2290.0,0.0,0.0,273.0,273.0,273.0,273.0,273.0,273.0,273.0,273.0,273.0,273.0,273.0,273.0,273.0,273.0,273.0,273.0,273.0,273.0,273.0,273.0,396.63189509388,262.8288995884923,0.0,420.7533,3450.4944,-40.0
2291,2291,2291.0,2291.0,2291.0,2291.0,2291.0,2291.0,2291.0,2291.0,2291.0,2291.0,2291.0,2291.0,2291.0,2291.0,2291.0,2291.0,2291.0,2291.0,2291.0,2291.0,2291.0,2291.0,2291.0,2291.0,2291.0,2291.0,2291.0,1.0,0.1,370.4141,348.3406,329.9299,314.8722,302.8875,293.6535,286.7881,281.8683,278.4647,276.1764,274.6547,273.6136,272.8292,272.1315,271.3943,270.5259,269.4638,268.1699,266.6284,264.8425,435.85004111901503,260.1661620524195,420.7533,380.527,3029.7411,-19.346499999999992
2292,2292,2292.0,2292.0,2292.0,2292.0,2292.0,2292.0,2292.0,2292.0,2292.0,2292.0,2292.0,2292.0,2292.0,2292.0,2292.0,2292.0,2292.0,2292.0,2292.0,2292.0,2292.0,2292.0,2292.0,2292.0,2292.0,2292.0,2292.0,2.0,0.2,404.0341,378.0851,356.6959,339.0197,324.4654,312.577,302.9678,295.2882,289.213,284.441,280.6971,277.7356,275.3418,273.3317,271.551,269.873,268.196,266.4405,264.5461,262.4669,212.5418741081744,173.63982720648264,801.2803,398.7410000000001,2649.2141,-0.4230000000000018
2293,2293,2293.0,2293.0,2293.0,2293.0,2293.0,2293.0,2293.0,2293.0,2293.0,2293.0,2293.0,2293.0,2293.0,2293.0,2293.0,2293.0,2293.0,2293.0,2293.0,2293.0,2293.0,2293.0,2293.0,2293.0,2293.0,2293.0,2293.0,3.0,0.3,231.1192,247.8147,261.8746,272.8597,280.6731,285.5166,287.7985,288.024,286.6902,284.2039,280.8288,276.6625,271.6407,265.5645,258.1464,249.0705,238.0601,224.9426,209.7005,192.4928,325.4368717437285,244.87148668160955,1200.0213,541.1893,2250.4731,-27.483400000000017
2294,2294,2294.0,2294.0,2294.0,2294.0,2294.0,2294.0,2294.0,2294.0,2294.0,2294.0,2294.0,2294.0,2294.0,2294.0,2294.0,2294.0,2294.0,2294.0,2294.0,2294.0,2294.0,2294.0,2294.0,2294.0,2294.0,2294.0,2294.0,4.0,0.4,314.9315,305.9113,298.3887,292.3194,287.5671,283.902,281.0278,278.6249,276.396,274.1035,271.5949,268.8113,265.7837,262.6152,259.4529,256.4505,253.7257,251.3213,249.1758,247.1159,349.0292063819347,216.35515687930297,1741.2106,523.2308999999998,1709.2838,-29.098000000000013
2295,2295,2295.0,2295.0,2295.0,2295.0,2295.0,2295.0,2295.0,2295.0,2295.0,2295.0,2295.0,2295.0,2295.0,2295.0,2295.0,2295.0,2295.0,2295.0,2295.0,2295.0,2295.0,2295.0,2295.0,2295.0,2295.0,2295.0,2295.0,5.0,0.5,335.134,323.2726,313.1658,304.5958,297.3697,291.2987,286.1897,281.8464,278.0729,274.6789,271.4819,268.3072,264.9858,261.3537,257.2527,252.5352,247.0728,240.7663,233.5534,225.412,308.6480047356188,454.4333937533772,2264.4415,430.8220000000001,1186.0529,-21.701300000000003
2296,2296,2296.0,2296.0,2296.0,2296.0,2296.0,2296.0,2296.0,2296.0,2296.0,2296.0,2296.0,2296.0,2296.0,2296.0,2296.0,2296.0,2296.0,2296.0,2296.0,2296.0,2296.0,2296.0,2296.0,2296.0,2296.0,2296.0,2296.0,6.0,0.6,304.4129,300.7963,297.5469,294.4793,291.482,288.5186,285.6248,282.9063,280.5422,278.7956,278.0284,278.7142,281.4382,286.8743,295.7362,308.7093,326.3865,349.247,377.7234,412.4055,380.4792664030944,217.82989685616752,2695.2635,196.85530000000017,755.2309,-24.481400000000008
2297,2297,2297.0,2297.0,2297.0,2297.0,2297.0,2297.0,2297.0,2297.0,2297.0,2297.0,2297.0,2297.0,2297.0,2297.0,2297.0,2297.0,2297.0,2297.0,2297.0,2297.0,2297.0,2297.0,2297.0,2297.0,2297.0,2297.0,2297.0,7.0,0.7,360.0062,342.8578,328.5954,316.9182,307.5817,300.3526,294.99,291.2404,288.8341,287.4763,286.8286,286.4881,285.9721,284.7209,282.1288,277.6075,270.6754,261.0572,248.7669,234.1453,275.84763850101376,415.7810149136525,2892.1188,235.8597,558.3755999999998,-12.647400000000005
2298,2298,2298.0,2298.0,2298.0,2298.0,2298.0,2298.0,2298.0,2298.0,2298.0,2298.0,2298.0,2298.0,2298.0,2298.0,2298.0,2298.0,2298.0,2298.0,2298.0,2298.0,2298.0,2298.0,2298.0,2298.0,2298.0,2298.0,2298.0,8.0,0.8,279.9982,283.815,286.9734,289.2671,290.6277,291.1178,290.9039,290.2247,289.3645,288.6397,288.402,289.0499,291.0399,294.8854,301.1356,310.3339,322.9708,339.4535,360.125,385.3626,304.3292719651443,298.61207691558553,3127.9785,141.97949999999992,322.5158999999999,-21.88220000000001
2299,2299,2299.0,2299.0,2299.0,2299.0,2299.0,2299.0,2299.0,2299.0,2299.0,2299.0,2299.0,2299.0,2299.0,2299.0,2299.0,2299.0,2299.0,2299.0,2299.0,2299.0,2299.0,2299.0,2299.0,2299.0,2299.0,2299.0,2299.0,9.0,0.9,300.0982,296.603,293.8013,291.6522,290.1112,289.1307,288.6646,288.6716,289.1154,289.9581,291.1485,292.6094,294.227,295.851,297.3083,298.4328,299.1053,299.2975,299.1048,298.7591,436.5305904430269,304.59739557103296,3269.958,180.5364,180.5364,-23.86930000000001
2300,2300,2300.0,2300.0,2300.0,2300.0,2300.0,2300.0,2300.0,2300.0,2300.0,2300.0,2300.0,2300.0,2300.0,2300.0,2300.0,2300.0,2300.0,2300.0,2300.0,2300.0,2300.0,2300.0,2300.0,2300.0,2300.0,2300.0,2300.0,0.0,0.0,273.0,273.0,273.0,273.0,273.0,273.0,273.0,273.0,273.0,273.0,273.0,273.0,273.0,273.0,273.0,273.0,273.0,273.0,273.0,273.0,406.4070989003913,311.3695413866432,0.0,397.1514,4154.1071,-40.0
2301,2301,2301.0,2301.0,2301.0,2301.0,2301.0,2301.0,2301.0,2301.0,2301.0,2301.0,2301.0,2301.0,2301.0,2301.0,2301.0,2301.0,2301.0,2301.0,2301.0,2301.0,2301.0,2301.0,2301.0,2301.0,2301.0,2301.0,2301.0,1.0,0.1,377.9532,354.1022,334.2621,318.0623,305.1861,295.2862,287.9624,282.7824,279.3214,277.2045,276.1369,275.9198,276.4495,277.7047,279.724,282.5793,286.3485,291.0929,296.8445,303.6067,226.53473533904776,424.5853329401333,397.1514,255.9362,3756.9557,-17.713799999999992
2302,2302,2302.0,2302.0,2302.0,2302.0,2302.0,2302.0,2302.0,2302.0,2302.0,2302.0,2302.0,2302.0,2302.0,2302.0,2302.0,2302.0,2302.0,2302.0,2302.0,2302.0,2302.0,2302.0,2302.0,2302.0,2302.0,2302.0,2302.0,2.0,0.2,240.255,252.5414,262.8742,270.9684,276.8033,280.5993,282.7577,283.7893,284.2479,284.685,285.6269,287.5722,290.9983,296.3683,304.1302,314.7094,328.5015,345.8835,367.2637,393.1962,328.36721359298895,284.05555848726067,653.0876,171.2677000000001,3501.0195000000003,-32.40069999999997
2303,2303,2303.0,2303.0,2303.0,2303.0,2303.0,2303.0,2303.0,2303.0,2303.0,2303.0,2303.0,2303.0,2303.0,2303.0,2303.0,2303.0,2303.0,2303.0,2303.0,2303.0,2303.0,2303.0,2303.0,2303.0,2303.0,2303.0,2303.0,3.0,0.3,317.2512,307.7639,299.9704,293.8989,289.5044,286.6626,285.1862,284.8531,285.432,286.6964,288.4249,290.3918,292.3544,294.0496,295.206,295.5747,294.975,293.3447,290.7792,287.5446,217.373270485752,196.1961402295262,824.3553,268.12249999999983,3329.7518,-26.3374
2304,2304,2304.0,2304.0,2304.0,2304.0,2304.0,2304.0,2304.0,2304.0,2304.0,2304.0,2304.0,2304.0,2304.0,2304.0,2304.0,2304.0,2304.0,2304.0,2304.0,2304.0,2304.0,2304.0,2304.0,2304.0,2304.0,2304.0,2304.0,4.0,0.4,230.8621,243.052,253.6122,262.3625,269.2877,274.5155,278.2666,280.7936,282.3213,282.9991,282.8704,281.8613,279.7874,276.377,271.3112,264.2771,255.0283,243.4459,229.585,213.694,290.55553461767624,252.5489880379465,1092.4778,474.9643000000001,3061.6293,-38.484500000000025
2305,2305,2305.0,2305.0,2305.0,2305.0,2305.0,2305.0,2305.0,2305.0,2305.0,2305.0,2305.0,2305.0,2305.0,2305.0,2305.0,2305.0,2305.0,2305.0,2305.0,2305.0,2305.0,2305.0,2305.0,2305.0,2305.0,2305.0,2305.0,5.0,0.5,286.2897,282.6013,279.622,277.4107,275.9345,275.0729,274.6398,274.4166,274.1868,273.7659,273.0223,271.8882,270.3607,268.4943,266.3839,264.1405,261.8625,259.6064,257.3655,255.0607,262.76980259505825,189.8916422207025,1567.4421,541.3401000000001,2586.665,-37.9271
2306,2306,2306.0,2306.0,2306.0,2306.0,2306.0,2306.0,2306.0,2306.0,2306.0,2306.0,2306.0,2306.0,2306.0,2306.0,2306.0,2306.0,2306.0,2306.0,2306.0,2306.0,2306.0,2306.0,2306.0,2306.0,2306.0,2306.0,2306.0,6.0,0.6,265.2806,267.4998,269.3557,270.8008,271.8164,272.4073,272.5912,272.384,271.7839,270.7578,269.2303,267.0778,264.1291,260.1738,254.9806,248.325,240.0241,229.9723,218.1701,204.7352,326.9294703035287,262.62253513800346,2108.7822,627.3444999999997,2045.3249,-40.59269999999998
2307,2307,2307.0,2307.0,2307.0,2307.0,2307.0,2307.0,2307.0,2307.0,2307.0,2307.0,2307.0,2307.0,2307.0,2307.0,2307.0,2307.0,2307.0,2307.0,2307.0,2307.0,2307.0,2307.0,2307.0,2307.0,2307.0,2307.0,2307.0,7.0,0.7,315.5771,305.6952,297.2542,290.2061,284.4518,279.8319,276.1386,273.141,270.6158,268.3771,266.2986,264.3271,262.4841,260.8559,259.5708,258.7648,258.542,258.9349,259.8771,261.1947,450.7024981566991,199.65987423577823,2736.1267,553.4063000000001,1417.9804000000004,-33.16809999999998
2308,2308,2308.0,2308.0,2308.0,2308.0,2308.0,2308.0,2308.0,2308.0,2308.0,2308.0,2308.0,2308.0,2308.0,2308.0,2308.0,2308.0,2308.0,2308.0,2308.0,2308.0,2308.0,2308.0,2308.0,2308.0,2308.0,2308.0,2308.0,8.0,0.8,413.0023,382.1399,356.6933,335.796,318.8346,305.2834,294.6277,286.3446,279.9124,274.8278,270.619,266.8497,263.1158,259.0418,254.2825,248.5336,241.5512,233.1756,223.3506,212.1291,358.8092032889905,276.7266877094549,3289.533,520.7141999999999,864.5741000000003,-7.716600000000028
2309,2309,2309.0,2309.0,2309.0,2309.0,2309.0,2309.0,2309.0,2309.0,2309.0,2309.0,2309.0,2309.0,2309.0,2309.0,2309.0,2309.0,2309.0,2309.0,2309.0,2309.0,2309.0,2309.0,2309.0,2309.0,2309.0,2309.0,2309.0,9.0,0.9,346.5222,336.2805,327.4304,319.4932,312.1527,305.2331,298.6678,292.463,286.6663,281.3445,276.5738,272.4399,269.0416,266.4915,264.9073,264.3909,264.9985,266.7085,269.399,272.8428,230.3168913212859,410.0084558317937,3810.2472,343.8599000000004,343.8599000000004,-7.766900000000021
2310,2310,2310.0,2310.0,2310.0,2310.0,2310.0,2310.0,2310.0,2310.0,2310.0,2310.0,2310.0,2310.0,2310.0,2310.0,2310.0,2310.0,2310.0,2310.0,2310.0,2310.0,2310.0,2310.0,2310.0,2310.0,2310.0,2310.0,2310.0,0.0,0.0,273.0,273.0,273.0,273.0,273.0,273.0,273.0,273.0,273.0,273.0,273.0,273.0,273.0,273.0,273.0,273.0,273.0,273.0,273.0,273.0,276.8163457679458,348.3225256352513,0.0,413.7719,3248.8076000000005,17.945600000000013
2311,2311,2311.0,2311.0,2311.0,2311.0,2311.0,2311.0,2311.0,2311.0,2311.0,2311.0,2311.0,2311.0,2311.0,2311.0,2311.0,2311.0,2311.0,2311.0,2311.0,2311.0,2311.0,2311.0,2311.0,2311.0,2311.0,2311.0,2311.0,1.0,0.1,276.0584,275.3912,274.8222,274.3568,273.9985,273.7515,273.6252,273.6407,273.8399,274.2942,275.1136,276.4527,278.5116,281.5282,285.7617,291.4682,298.8737,308.1529,319.4259,332.78,174.08742447941796,285.6406535240265,413.7719,381.0156,2835.0357000000004,17.945600000000013
2312,2312,2312.0,2312.0,2312.0,2312.0,2312.0,2312.0,2312.0,2312.0,2312.0,2312.0,2312.0,2312.0,2312.0,2312.0,2312.0,2312.0,2312.0,2312.0,2312.0,2312.0,2312.0,2312.0,2312.0,2312.0,2312.0,2312.0,2312.0,2.0,0.2,193.1888,210.5424,225.7382,238.5536,248.9734,257.1694,263.45,268.1967,271.8022,274.6199,276.9302,278.9233,280.6989,282.2772,283.6225,284.6741,285.381,285.7351,285.795,285.696,408.2083830094185,180.2218206641305,794.7875,482.2317999999999,2454.0201,17.945600000000013
2313,2313,2313.0,2313.0,2313.0,2313.0,2313.0,2313.0,2313.0,2313.0,2313.0,2313.0,2313.0,2313.0,2313.0,2313.0,2313.0,2313.0,2313.0,2313.0,2313.0,2313.0,2313.0,2313.0,2313.0,2313.0,2313.0,2313.0,2313.0,3.0,0.3,376.3149,349.3795,327.0718,309.2274,295.6215,285.8611,279.374,275.4588,273.3586,272.3263,271.665,270.7405,268.9768,265.8476,260.8791,253.6701,243.9319,231.5362,216.5572,199.289,368.5461644879517,358.831093352816,1277.0193,454.5073,1971.7883,17.945600000000013
2314,2314,2314.0,2314.0,2314.0,2314.0,2314.0,2314.0,2314.0,2314.0,2314.0,2314.0,2314.0,2314.0,2314.0,2314.0,2314.0,2314.0,2314.0,2314.0,2314.0,2314.0,2314.0,2314.0,2314.0,2314.0,2314.0,2314.0,2314.0,4.0,0.4,351.8523,337.7735,325.77,315.4595,306.573,298.9219,292.3723,286.8297,282.2358,278.5778,275.9066,274.3576,274.1636,275.6487,279.1976,285.1996,293.9792,305.7359,320.5171,338.2485,206.9886260733528,265.68395554571043,1731.5266,295.69140000000016,1517.2810000000002,17.945600000000013
2315,2315,2315.0,2315.0,2315.0,2315.0,2315.0,2315.0,2315.0,2315.0,2315.0,2315.0,2315.0,2315.0,2315.0,2315.0,2315.0,2315.0,2315.0,2315.0,2315.0,2315.0,2315.0,2315.0,2315.0,2315.0,2315.0,2315.0,2315.0,5.0,0.5,224.1699,239.6362,252.8106,263.3678,271.2618,276.6969,280.06,281.8348,282.518,282.5511,282.2723,281.8916,281.4871,281.0194,280.3627,279.3474,277.8103,275.6425,272.8257,269.4465,452.0806049386689,339.53445962646526,2027.218,320.182,1221.5896,17.945600000000013
2316,2316,2316.0,2316.0,2316.0,2316.0,2316.0,2316.0,2316.0,2316.0,2316.0,2316.0,2316.0,2316.0,2316.0,2316.0,2316.0,2316.0,2316.0,2316.0,2316.0,2316.0,2316.0,2316.0,2316.0,2316.0,2316.0,2316.0,2316.0,6.0,0.6,412.2378,379.5658,352.8816,331.5083,314.9182,302.5545,293.7809,287.9132,284.2887,282.3378,281.635,281.9222,283.1037,285.2208,288.4113,292.8633,298.7692,306.2905,315.5412,326.597,453.2557875609298,346.9022321062938,2347.4,220.8737000000001,901.4076,17.945600000000013
2317,2317,2317.0,2317.0,2317.0,2317.0,2317.0,2317.0,2317.0,2317.0,2317.0,2317.0,2317.0,2317.0,2317.0,2317.0,2317.0,2317.0,2317.0,2317.0,2317.0,2317.0,2317.0,2317.0,2317.0,2317.0,2317.0,2317.0,2317.0,7.0,0.7,418.6865,390.9504,368.3545,349.8194,334.6292,322.2867,312.4259,304.7612,299.0586,295.123,292.7927,291.9399,292.4715,294.33,297.4922,301.9681,307.7999,315.0632,323.8741,334.4036,455.946368077702,306.89557134730705,2568.2737,208.2329999999997,680.5338999999999,17.945600000000013
2318,2318,2318.0,2318.0,2318.0,2318.0,2318.0,2318.0,2318.0,2318.0,2318.0,2318.0,2318.0,2318.0,2318.0,2318.0,2318.0,2318.0,2318.0,2318.0,2318.0,2318.0,2318.0,2318.0,2318.0,2318.0,2318.0,2318.0,2318.0,8.0,0.8,422.3505,395.7348,374.2939,356.8445,342.583,330.9456,321.5235,314.0075,308.1523,303.7505,300.6156,298.5698,297.4389,297.0526,297.252,297.9028,298.9119,300.2444,301.9355,304.0941,376.0960184763902,238.27231056742568,2776.5067,218.23959999999988,472.3009000000002,17.945600000000013
2319,2319,2319.0,2319.0,2319.0,2319.0,2319.0,2319.0,2319.0,2319.0,2319.0,2319.0,2319.0,2319.0,2319.0,2319.0,2319.0,2319.0,2319.0,2319.0,2319.0,2319.0,2319.0,2319.0,2319.0,2319.0,2319.0,2319.0,2319.0,9.0,0.9,362.5439,351.7322,342.8622,335.3435,328.7687,322.8831,317.5474,312.6941,308.2849,304.2728,300.5738,297.0501,293.5067,289.7002,285.361,280.225,274.073,266.7682,258.285,248.7189,453.8993799841682,331.21743525054444,2994.7463,254.0613000000003,254.0613000000003,17.945600000000013
2320,2320,2320.0,2320.0,2320.0,2320.0,2320.0,2320.0,2320.0,2320.0,2320.0,2320.0,2320.0,2320.0,2320.0,2320.0,2320.0,2320.0,2320.0,2320.0,2320.0,2320.0,2320.0,2320.0,2320.0,2320.0,2320.0,2320.0,2320.0,0.0,0.0,273.0,273.0,273.0,273.0,273.0,273.0,273.0,273.0,273.0,273.0,273.0,273.0,273.0,273.0,273.0,273.0,273.0,273.0,273.0,273.0,302.5797305385494,221.6871758266443,0.0,464.0745,2492.3208,-40.0
2321,2321,2321.0,2321.0,2321.0,2321.0,2321.0,2321.0,2321.0,2321.0,2321.0,2321.0,2321.0,2321.0,2321.0,2321.0,2321.0,2321.0,2321.0,2321.0,2321.0,2321.0,2321.0,2321.0,2321.0,2321.0,2321.0,2321.0,2321.0,1.0,0.1,296.6185,291.4066,286.9582,283.2703,280.3085,278.0032,276.2527,274.9309,273.8944,272.9875,272.0426,270.8794,269.3031,267.1075,264.0846,260.0418,254.8255,248.3458,240.5955,231.6562,283.0324897714908,441.5513076193296,464.0745,435.617,2028.2463,-34.99680000000001
2322,2322,2322.0,2322.0,2322.0,2322.0,2322.0,2322.0,2322.0,2322.0,2322.0,2322.0,2322.0,2322.0,2322.0,2322.0,2322.0,2322.0,2322.0,2322.0,2322.0,2322.0,2322.0,2322.0,2322.0,2322.0,2322.0,2322.0,2322.0,2.0,0.2,282.0151,281.1243,280.2773,279.4169,278.5165,277.5838,276.663,275.8412,275.2592,275.1285,275.7514,277.5364,281.0022,286.7588,295.4649,307.7658,324.2325,345.3362,371.4966,403.2463,289.1675270435968,404.4850669454879,899.6915,203.76280000000008,1592.6293,-35.4162
2323,2323,2323.0,2323.0,2323.0,2323.0,2323.0,2323.0,2323.0,2323.0,2323.0,2323.0,2323.0,2323.0,2323.0,2323.0,2323.0,2323.0,2323.0,2323.0,2323.0,2323.0,2323.0,2323.0,2323.0,2323.0,2323.0,2323.0,2323.0,3.0,0.3,286.676,284.5516,282.7959,281.4214,280.453,279.931,279.914,280.4809,281.7307,283.7797,286.756,290.7929,296.0238,302.5819,310.6058,320.2566,331.7438,345.3642,361.5515,380.9444,179.8088139065192,453.5379943948455,1103.4543,173.20529999999985,1388.8665,-33.06900000000002
2324,2324,2324.0,2324.0,2324.0,2324.0,2324.0,2324.0,2324.0,2324.0,2324.0,2324.0,2324.0,2324.0,2324.0,2324.0,2324.0,2324.0,2324.0,2324.0,2324.0,2324.0,2324.0,2324.0,2324.0,2324.0,2324.0,2324.0,2324.0,4.0,0.4,198.9986,216.4807,231.8586,244.9326,255.7224,264.447,271.4763,277.2711,282.3278,287.1377,292.1653,297.8435,304.5798,312.7707,322.8173,335.1457,350.235,368.6645,391.1973,418.9274,184.88043430932723,469.6888837322699,1276.6596,246.4813000000001,1215.6612,-48.553
2325,2325,2325.0,2325.0,2325.0,2325.0,2325.0,2325.0,2325.0,2325.0,2325.0,2325.0,2325.0,2325.0,2325.0,2325.0,2325.0,2325.0,2325.0,2325.0,2325.0,2325.0,2325.0,2325.0,2325.0,2325.0,2325.0,2325.0,2325.0,5.0,0.5,199.4199,212.787,224.9833,236.0439,246.0415,255.0895,263.3415,270.9895,278.2609,285.4146,292.7369,300.54,309.1617,318.9696,330.3711,343.8327,359.9144,379.3291,403.0437,432.4529,327.26169608222494,311.4171621005826,1523.1409,198.5453,969.1799,-57.91050000000001
2326,2326,2326.0,2326.0,2326.0,2326.0,2326.0,2326.0,2326.0,2326.0,2326.0,2326.0,2326.0,2326.0,2326.0,2326.0,2326.0,2326.0,2326.0,2326.0,2326.0,2326.0,2326.0,2326.0,2326.0,2326.0,2326.0,2326.0,2326.0,6.0,0.6,313.2744,301.1884,291.3595,284.0393,279.3097,277.0664,277.0452,278.8739,282.1285,286.3778,291.2092,296.2357,301.0961,305.4556,309.0205,311.5678,312.9888,313.3358,312.8573,312.0071,389.6895699446478,349.2002247527752,1721.6862,137.33299999999986,770.6345999999999,-35.93360000000001
2327,2327,2327.0,2327.0,2327.0,2327.0,2327.0,2327.0,2327.0,2327.0,2327.0,2327.0,2327.0,2327.0,2327.0,2327.0,2327.0,2327.0,2327.0,2327.0,2327.0,2327.0,2327.0,2327.0,2327.0,2327.0,2327.0,2327.0,2327.0,7.0,0.7,366.6367,347.3783,331.4619,318.5991,308.554,301.0805,295.8978,292.6933,291.1428,290.9369,291.8066,293.5433,296.0124,299.1577,302.9996,307.6266,313.1837,319.8619,327.893,337.5564,318.9968814020107,194.6385140598848,1859.0192,159.9371000000001,633.3016,-11.919500000000028
2328,2328,2328.0,2328.0,2328.0,2328.0,2328.0,2328.0,2328.0,2328.0,2328.0,2328.0,2328.0,2328.0,2328.0,2328.0,2328.0,2328.0,2328.0,2328.0,2328.0,2328.0,2328.0,2328.0,2328.0,2328.0,2328.0,2328.0,2328.0,8.0,0.8,314.5429,310.961,307.9411,305.2652,302.8107,300.5363,298.4523,296.5822,294.9215,293.4005,291.856,290.0152,287.4965,283.8289,278.495,270.9951,260.9291,248.0817,232.4915,214.4825,214.97292750068348,449.751571177624,2018.9563,261.6188,473.3644999999999,-12.463700000000015
2329,2329,2329.0,2329.0,2329.0,2329.0,2329.0,2329.0,2329.0,2329.0,2329.0,2329.0,2329.0,2329.0,2329.0,2329.0,2329.0,2329.0,2329.0,2329.0,2329.0,2329.0,2329.0,2329.0,2329.0,2329.0,2329.0,2329.0,2329.0,9.0,0.9,230.1255,243.8478,255.7173,265.4827,273.0845,278.6403,282.4095,284.7519,286.0963,286.9261,287.7821,289.2752,292.0945,296.9981,304.7774,316.1985,331.9414,352.5719,378.5933,410.6243,186.73676028561457,393.1424760357209,2280.5751,211.7457,211.7457,-34.359699999999975
2330,2330,2330.0,2330.0,2330.0,2330.0,2330.0,2330.0,2330.0,2330.0,2330.0,2330.0,2330.0,2330.0,2330.0,2330.0,2330.0,2330.0,2330.0,2330.0,2330.0,2330.0,2330.0,2330.0,2330.0,2330.0,2330.0,2330.0,2330.0,0.0,0.0,273.0,273.0,273.0,273.0,273.0,273.0,273.0,273.0,273.0,273.0,273.0,273.0,273.0,273.0,273.0,273.0,273.0,273.0,273.0,273.0,315.7535658663162,351.42500345960576,0.0,398.532,2681.8325000000004,-40.0
2331,2331,2331.0,2331.0,2331.0,2331.0,2331.0,2331.0,2331.0,2331.0,2331.0,2331.0,2331.0,2331.0,2331.0,2331.0,2331.0,2331.0,2331.0,2331.0,2331.0,2331.0,2331.0,2331.0,2331.0,2331.0,2331.0,2331.0,2331.0,1.0,0.1,307.0831,299.5411,293.1296,287.8372,283.6201,280.3984,278.0664,276.5125,275.6439,275.4087,275.814,276.9358,278.9195,281.9688,286.3247,292.2358,299.927,309.5756,321.3066,335.2156,344.5383922705273,325.78573331751926,398.532,255.73830000000004,2283.3005000000003,-32.60160000000002
2332,2332,2332.0,2332.0,2332.0,2332.0,2332.0,2332.0,2332.0,2332.0,2332.0,2332.0,2332.0,2332.0,2332.0,2332.0,2332.0,2332.0,2332.0,2332.0,2332.0,2332.0,2332.0,2332.0,2332.0,2332.0,2332.0,2332.0,2332.0,2.0,0.2,331.3026,320.01,310.4726,302.5555,296.1436,291.1236,287.3794,284.794,283.2562,282.6661,282.9381,284.0012,285.7974,288.2808,291.4191,295.199,299.6347,304.7789,310.734,317.661,373.5252233564015,403.6950180958301,654.2703,180.06060000000002,2027.5622,-21.87639999999999
2333,2333,2333.0,2333.0,2333.0,2333.0,2333.0,2333.0,2333.0,2333.0,2333.0,2333.0,2333.0,2333.0,2333.0,2333.0,2333.0,2333.0,2333.0,2333.0,2333.0,2333.0,2333.0,2333.0,2333.0,2333.0,2333.0,2333.0,2333.0,3.0,0.3,355.4644,340.3659,327.7793,317.3896,308.9569,302.2827,297.1956,293.5514,291.2408,290.2016,290.4304,291.9904,295.0142,299.6979,306.2883,315.0658,326.3295,340.3958,357.625,378.4884,228.81078313855767,398.0691149178606,834.3309,95.6395,1847.5016,-10.717300000000025
2334,2334,2334.0,2334.0,2334.0,2334.0,2334.0,2334.0,2334.0,2334.0,2334.0,2334.0,2334.0,2334.0,2334.0,2334.0,2334.0,2334.0,2334.0,2334.0,2334.0,2334.0,2334.0,2334.0,2334.0,2334.0,2334.0,2334.0,2334.0,4.0,0.4,242.4855,254.8487,265.4573,274.0736,280.6911,285.5128,288.8989,291.2992,293.1893,295.0212,297.1933,300.0397,303.8343,308.8059,315.1592,323.0998,332.8629,344.7468,359.1555,376.6569,320.33236332785793,407.8249671220191,929.9704,92.2083,1751.8621,-27.487199999999973
2335,2335,2335.0,2335.0,2335.0,2335.0,2335.0,2335.0,2335.0,2335.0,2335.0,2335.0,2335.0,2335.0,2335.0,2335.0,2335.0,2335.0,2335.0,2335.0,2335.0,2335.0,2335.0,2335.0,2335.0,2335.0,2335.0,2335.0,2335.0,5.0,0.5,311.5896,304.2299,298.3403,293.9621,291.0639,289.5413,289.2399,289.9892,291.6384,294.0839,297.2855,301.271,306.1332,312.0232,319.1446,327.7531,338.163,350.7674,366.0743,384.7704,193.2075208856632,248.4184331837377,1022.1787,112.7263999999999,1659.6538,-23.45870000000002
2336,2336,2336.0,2336.0,2336.0,2336.0,2336.0,2336.0,2336.0,2336.0,2336.0,2336.0,2336.0,2336.0,2336.0,2336.0,2336.0,2336.0,2336.0,2336.0,2336.0,2336.0,2336.0,2336.0,2336.0,2336.0,2336.0,2336.0,2336.0,6.0,0.6,211.6119,228.3724,243.0699,255.4865,265.6234,273.6722,279.9529,284.8379,288.6777,291.7396,294.1666,295.9576,296.9703,296.9458,295.5544,292.461,287.4017,280.2608,271.1309,260.3383,231.98651273434828,324.17158682779586,1134.9051,294.90959999999995,1546.9274,-39.327800000000025
2337,2337,2337.0,2337.0,2337.0,2337.0,2337.0,2337.0,2337.0,2337.0,2337.0,2337.0,2337.0,2337.0,2337.0,2337.0,2337.0,2337.0,2337.0,2337.0,2337.0,2337.0,2337.0,2337.0,2337.0,2337.0,2337.0,2337.0,2337.0,7.0,0.7,238.8763,245.1995,251.0621,256.5315,261.6312,266.3467,270.6407,274.4717,277.8144,280.6759,283.1093,285.2211,287.1734,289.1779,291.4821,294.3469,298.0197,302.7087,308.5675,315.6972,177.27586945008096,354.77821135205204,1429.8147,369.5472000000002,1252.0178,-46.6533
2338,2338,2338.0,2338.0,2338.0,2338.0,2338.0,2338.0,2338.0,2338.0,2338.0,2338.0,2338.0,2338.0,2338.0,2338.0,2338.0,2338.0,2338.0,2338.0,2338.0,2338.0,2338.0,2338.0,2338.0,2338.0,2338.0,2338.0,2338.0,8.0,0.8,194.2185,209.6781,223.4398,235.395,245.5532,254.0317,261.0317,266.8082,271.6422,275.8211,279.627,283.3346,287.2117,291.5212,296.5217,302.4646,309.5918,318.1362,328.3318,340.4372,216.29918328793545,280.7838195575723,1799.3619,448.0247999999999,882.4705999999999,-58.9683
2339,2339,2339.0,2339.0,2339.0,2339.0,2339.0,2339.0,2339.0,2339.0,2339.0,2339.0,2339.0,2339.0,2339.0,2339.0,2339.0,2339.0,2339.0,2339.0,2339.0,2339.0,2339.0,2339.0,2339.0,2339.0,2339.0,2339.0,2339.0,9.0,0.9,223.5526,230.1426,236.2588,242.0432,247.582,252.9106,258.0257,262.9004,267.4969,271.7717,275.6755,279.1473,282.1101,284.4714,286.132,287.0062,287.0486,286.2836,284.8271,282.8941,279.626871069965,428.05104258547465,2247.3867,434.4458,434.4458,-60.08940000000001
2340,2340,2340.0,2340.0,2340.0,2340.0,2340.0,2340.0,2340.0,2340.0,2340.0,2340.0,2340.0,2340.0,2340.0,2340.0,2340.0,2340.0,2340.0,2340.0,2340.0,2340.0,2340.0,2340.0,2340.0,2340.0,2340.0,2340.0,2340.0,0.0,0.0,273.0,273.0,273.0,273.0,273.0,273.0,273.0,273.0,273.0,273.0,273.0,273.0,273.0,273.0,273.0,273.0,273.0,273.0,273.0,273.0,321.51914863830655,383.3603793417744,0.0,386.2605,1851.0179,-40.0
2341,2341,2341.0,2341.0,2341.0,2341.0,2341.0,2341.0,2341.0,2341.0,2341.0,2341.0,2341.0,2341.0,2341.0,2341.0,2341.0,2341.0,2341.0,2341.0,2341.0,2341.0,2341.0,2341.0,2341.0,2341.0,2341.0,2341.0,2341.0,1.0,0.1,311.6506,303.0853,295.8141,289.8185,285.0469,281.4102,278.7939,277.081,276.1815,276.0597,276.7565,278.4019,281.2157,285.4929,291.5763,299.8181,310.5421,324.0191,340.4738,360.1379,347.95302399468363,185.15818139183352,386.2605,270.79140000000007,1464.7574,-31.589800000000025
2342,2342,2342.0,2342.0,2342.0,2342.0,2342.0,2342.0,2342.0,2342.0,2342.0,2342.0,2342.0,2342.0,2342.0,2342.0,2342.0,2342.0,2342.0,2342.0,2342.0,2342.0,2342.0,2342.0,2342.0,2342.0,2342.0,2342.0,2342.0,2.0,0.2,334.1953,322.4898,312.6213,304.4354,297.8012,292.5868,288.6445,285.8014,283.8479,282.5245,281.5048,280.3801,278.6527,275.7474,271.0486,263.9669,254.0288,240.9759,224.8467,206.0148,321.5809551203936,323.70394078462266,657.0519,362.3773,1193.966,-20.413200000000018
2343,2343,2343.0,2343.0,2343.0,2343.0,2343.0,2343.0,2343.0,2343.0,2343.0,2343.0,2343.0,2343.0,2343.0,2343.0,2343.0,2343.0,2343.0,2343.0,2343.0,2343.0,2343.0,2343.0,2343.0,2343.0,2343.0,2343.0,2343.0,3.0,0.3,314.9209,309.2986,304.4652,300.2284,296.4472,293.0244,289.8979,287.0336,284.4239,282.0935,280.1104,278.6004,277.7559,277.8334,279.132,281.9533,286.5484,293.0668,301.5234,311.8026,394.2457610624728,412.6729528103426,1019.4292,242.1487,831.5887,-19.975599999999982
2344,2344,2344.0,2344.0,2344.0,2344.0,2344.0,2344.0,2344.0,2344.0,2344.0,2344.0,2344.0,2344.0,2344.0,2344.0,2344.0,2344.0,2344.0,2344.0,2344.0,2344.0,2344.0,2344.0,2344.0,2344.0,2344.0,2344.0,2344.0,4.0,0.4,371.2142,352.0682,336.1864,323.1413,312.5967,304.2558,297.846,293.1288,289.921,288.1181,287.7115,288.795,291.56,296.2765,303.2661,312.8702,325.4248,341.2566,360.7175,384.2742,385.5346822339105,257.23793948455693,1261.5779,134.0857000000001,589.44,-8.744199999999978
2345,2345,2345.0,2345.0,2345.0,2345.0,2345.0,2345.0,2345.0,2345.0,2345.0,2345.0,2345.0,2345.0,2345.0,2345.0,2345.0,2345.0,2345.0,2345.0,2345.0,2345.0,2345.0,2345.0,2345.0,2345.0,2345.0,2345.0,2345.0,5.0,0.5,366.691,351.1997,338.3859,327.7781,319.0442,311.9474,306.3116,301.9922,298.8482,296.7174,295.3937,294.6104,294.0338,293.2727,291.9067,289.5344,285.8353,280.6341,273.9496,266.0124,177.1049970517421,472.80594416590793,1395.6636,167.98069999999984,455.3543,-1.052599999999984
2346,2346,2346.0,2346.0,2346.0,2346.0,2346.0,2346.0,2346.0,2346.0,2346.0,2346.0,2346.0,2346.0,2346.0,2346.0,2346.0,2346.0,2346.0,2346.0,2346.0,2346.0,2346.0,2346.0,2346.0,2346.0,2346.0,2346.0,2346.0,6.0,0.6,201.8129,224.2659,243.643,259.4766,271.6846,280.5268,286.515,290.312,292.6461,294.2566,295.8726,298.2162,302.0148,308.0068,316.9325,329.5104,346.416,368.2974,395.8678,430.1303,384.56612500034873,431.08908246676657,1563.6443,97.22659999999996,287.3736000000001,-32.47320000000002
2347,2347,2347.0,2347.0,2347.0,2347.0,2347.0,2347.0,2347.0,2347.0,2347.0,2347.0,2347.0,2347.0,2347.0,2347.0,2347.0,2347.0,2347.0,2347.0,2347.0,2347.0,2347.0,2347.0,2347.0,2347.0,2347.0,2347.0,2347.0,7.0,0.7,360.5695,340.435,324.0248,311.2537,301.9567,295.8401,292.5001,291.4832,292.3583,294.7743,298.4935,303.3987,309.4813,316.8246,325.5901,336.0183,348.4456,363.3422,381.3727,403.4902,203.2994334630445,438.7752089019722,1660.8709,51.47890000000007,190.14700000000016,-17.159899999999993
2348,2348,2348.0,2348.0,2348.0,2348.0,2348.0,2348.0,2348.0,2348.0,2348.0,2348.0,2348.0,2348.0,2348.0,2348.0,2348.0,2348.0,2348.0,2348.0,2348.0,2348.0,2348.0,2348.0,2348.0,2348.0,2348.0,2348.0,2348.0,8.0,0.8,221.6112,238.2319,252.6468,264.5979,274.1082,281.4491,287.0683,291.5049,295.3114,298.9981,303.005,307.6986,313.3869,320.3469,328.8563,339.2295,351.8563,367.2505,386.1185,409.4655,278.01945664997453,451.163568379734,1712.3498,86.33570000000009,138.6681000000001,-31.550900000000013
2349,2349,2349.0,2349.0,2349.0,2349.0,2349.0,2349.0,2349.0,2349.0,2349.0,2349.0,2349.0,2349.0,2349.0,2349.0,2349.0,2349.0,2349.0,2349.0,2349.0,2349.0,2349.0,2349.0,2349.0,2349.0,2349.0,2349.0,2349.0,9.0,0.9,277.1644,276.662,276.7158,277.4605,278.9508,281.1714,284.0632,287.5562,291.6021,296.1979,301.4001,307.3301,314.1733,322.1778,331.656,342.9932,356.6704,373.3054,393.727,419.1029,422.27143455972566,415.9976591251942,1798.6855,52.33240000000001,52.33240000000001,-31.828599999999994
2350,2350,2350.0,2350.0,2350.0,2350.0,2350.0,2350.0,2350.0,2350.0,2350.0,2350.0,2350.0,2350.0,2350.0,2350.0,2350.0,2350.0,2350.0,2350.0,2350.0,2350.0,2350.0,2350.0,2350.0,2350.0,2350.0,2350.0,2350.0,0.0,0.0,273.0,273.0,273.0,273.0,273.0,273.0,273.0,273.0,273.0,273.0,273.0,273.0,273.0,273.0,273.0,273.0,273.0,273.0,273.0,273.0,280.08997717895096,232.7328711116785,0.0,466.1973,4113.788,2.4617000000000075
2351,2351,2351.0,2351.0,2351.0,2351.0,2351.0,2351.0,2351.0,2351.0,2351.0,2351.0,2351.0,2351.0,2351.0,2351.0,2351.0,2351.0,2351.0,2351.0,2351.0,2351.0,2351.0,2351.0,2351.0,2351.0,2351.0,2351.0,2351.0,1.0,0.1,278.676,277.4297,276.3597,275.4676,274.7446,274.1705,273.7136,273.3304,272.9653,272.5488,271.9945,271.1962,270.0278,268.3459,265.9998,262.8459,258.7673,253.6937,247.6161,240.5913,271.3581531834442,245.79735574290493,466.1973,526.4616000000001,3647.5907,2.4617000000000075
2352,2352,2352.0,2352.0,2352.0,2352.0,2352.0,2352.0,2352.0,2352.0,2352.0,2352.0,2352.0,2352.0,2352.0,2352.0,2352.0,2352.0,2352.0,2352.0,2352.0,2352.0,2352.0,2352.0,2352.0,2352.0,2352.0,2352.0,2352.0,2.0,0.2,271.8927,272.354,272.7081,272.9285,272.9974,272.9048,272.645,272.2133,271.6031,270.8042,269.8035,268.5868,267.1404,265.4538,263.5189,261.3283,258.8715,256.1295,253.0704,249.6469,332.1340279275714,176.48587643553776,992.6589,578.7200999999999,3121.1291,2.4617000000000075
2353,2353,2353.0,2353.0,2353.0,2353.0,2353.0,2353.0,2353.0,2353.0,2353.0,2353.0,2353.0,2353.0,2353.0,2353.0,2353.0,2353.0,2353.0,2353.0,2353.0,2353.0,2353.0,2353.0,2353.0,2353.0,2353.0,2353.0,2353.0,3.0,0.3,319.9207,309.331,300.3093,292.7946,286.6836,281.816,277.9778,274.9147,272.3485,269.9887,267.5376,264.6893,261.1283,256.5314,250.5804,242.9863,233.523,222.0654,208.6194,193.3339,444.3319693868664,246.28003786518644,1571.379,633.4131000000002,2542.409,2.4617000000000075
2354,2354,2354.0,2354.0,2354.0,2354.0,2354.0,2354.0,2354.0,2354.0,2354.0,2354.0,2354.0,2354.0,2354.0,2354.0,2354.0,2354.0,2354.0,2354.0,2354.0,2354.0,2354.0,2354.0,2354.0,2354.0,2354.0,2354.0,2354.0,4.0,0.4,408.422,378.9562,354.602,334.5267,318.1258,304.875,294.2646,285.7887,278.964,273.3596,268.625,264.5078,260.8584,257.6197,254.8022,252.4485,250.5889,249.1999,248.172,247.297,429.2194507107664,257.85492984701284,2204.7921,523.0645999999997,1908.9959,2.4617000000000075
2355,2355,2355.0,2355.0,2355.0,2355.0,2355.0,2355.0,2355.0,2355.0,2355.0,2355.0,2355.0,2355.0,2355.0,2355.0,2355.0,2355.0,2355.0,2355.0,2355.0,2355.0,2355.0,2355.0,2355.0,2355.0,2355.0,2355.0,2355.0,5.0,0.5,400.4024,376.9492,357.5098,341.1722,327.3052,315.4617,305.3168,296.6264,289.1993,282.8811,277.5429,273.0767,269.391,266.4068,264.0516,262.2518,260.9231,259.9618,259.2386,258.5966,193.9005395775624,321.5678142690151,2727.8567,382.7327,1385.9312999999995,2.4617000000000075
2356,2356,2356.0,2356.0,2356.0,2356.0,2356.0,2356.0,2356.0,2356.0,2356.0,2356.0,2356.0,2356.0,2356.0,2356.0,2356.0,2356.0,2356.0,2356.0,2356.0,2356.0,2356.0,2356.0,2356.0,2356.0,2356.0,2356.0,2356.0,6.0,0.6,216.1507,236.1955,253.1583,266.5302,276.2028,282.4229,285.6953,286.6714,286.0479,284.4936,282.608,280.9062,279.8218,279.7161,280.8832,283.5478,287.8571,293.8716,301.5648,310.8402,401.52214708441386,228.0513007705541,3110.5894,328.0889000000002,1003.1985999999996,2.4617000000000075
2357,2357,2357.0,2357.0,2357.0,2357.0,2357.0,2357.0,2357.0,2357.0,2357.0,2357.0,2357.0,2357.0,2357.0,2357.0,2357.0,2357.0,2357.0,2357.0,2357.0,2357.0,2357.0,2357.0,2357.0,2357.0,2357.0,2357.0,2357.0,7.0,0.7,373.881,350.7452,331.691,316.4378,304.6792,296.009,289.9195,285.8453,283.2194,281.5191,280.2872,279.1306,277.7041,275.6932,272.8058,268.7812,263.415,256.5916,248.3145,238.7177,265.825450577803,366.6309020395803,3438.6783,317.70159999999987,675.1096999999995,2.4617000000000075
2358,2358,2358.0,2358.0,2358.0,2358.0,2358.0,2358.0,2358.0,2358.0,2358.0,2358.0,2358.0,2358.0,2358.0,2358.0,2358.0,2358.0,2358.0,2358.0,2358.0,2358.0,2358.0,2358.0,2358.0,2358.0,2358.0,2358.0,2358.0,8.0,0.8,271.7981,277.163,281.5465,284.7206,286.6248,287.3544,287.1233,286.2188,284.9618,283.683,282.7161,282.405,283.114,285.2307,289.1532,295.2598,303.8693,315.2076,329.4005,346.511,290.4386796524189,412.9837099406042,3756.3799,204.23990000000003,357.40809999999965,2.4617000000000075
2359,2359,2359.0,2359.0,2359.0,2359.0,2359.0,2359.0,2359.0,2359.0,2359.0,2359.0,2359.0,2359.0,2359.0,2359.0,2359.0,2359.0,2359.0,2359.0,2359.0,2359.0,2359.0,2359.0,2359.0,2359.0,2359.0,2359.0,2359.0,9.0,0.9,288.407,286.7593,285.475,284.5324,283.9102,283.5945,283.589,283.928,284.687,285.9905,288.015,290.9865,295.1742,300.8793,308.422,318.1318,330.3449,345.4202,363.7831,386.0119,197.85651478852807,456.2660263384251,3960.6198,153.16819999999962,153.16819999999962,2.4617000000000075
2360,2360,2360.0,2360.0,2360.0,2360.0,2360.0,2360.0,2360.0,2360.0,2360.0,2360.0,2360.0,2360.0,2360.0,2360.0,2360.0,2360.0,2360.0,2360.0,2360.0,2360.0,2360.0,2360.0,2360.0,2360.0,2360.0,2360.0,2360.0,0.0,0.0,273.0,273.0,273.0,273.0,273.0,273.0,273.0,273.0,273.0,273.0,273.0,273.0,273.0,273.0,273.0,273.0,273.0,273.0,273.0,273.0,279.752200021618,226.94933598783035,0.0,469.6478,3418.5357,-40.0
2361,2361,2361.0,2361.0,2361.0,2361.0,2361.0,2361.0,2361.0,2361.0,2361.0,2361.0,2361.0,2361.0,2361.0,2361.0,2361.0,2361.0,2361.0,2361.0,2361.0,2361.0,2361.0,2361.0,2361.0,2361.0,2361.0,2361.0,2361.0,1.0,0.1,278.4057,277.2185,276.1989,275.348,274.6569,274.1051,273.6603,273.2774,272.8977,272.4461,271.8273,270.9231,269.5907,267.6679,264.9828,261.3718,256.7021,250.8948,243.9425,235.915,356.9505482972714,370.34363370269546,469.6478,450.7193,2948.8879,-38.89490000000001
2362,2362,2362.0,2362.0,2362.0,2362.0,2362.0,2362.0,2362.0,2362.0,2362.0,2362.0,2362.0,2362.0,2362.0,2362.0,2362.0,2362.0,2362.0,2362.0,2362.0,2362.0,2362.0,2362.0,2362.0,2362.0,2362.0,2362.0,2362.0,2.0,0.2,339.7235,324.97,312.5085,302.201,293.8923,287.3844,282.4435,278.8267,276.321,274.7826,274.1695,274.5604,276.1569,279.2653,284.2575,291.5163,301.3755,314.075,329.7491,348.4685,209.59142585238936,304.16870045433933,920.3671,281.55910000000006,2498.1685999999995,-25.61559999999997
2363,2363,2363.0,2363.0,2363.0,2363.0,2363.0,2363.0,2363.0,2363.0,2363.0,2363.0,2363.0,2363.0,2363.0,2363.0,2363.0,2363.0,2363.0,2363.0,2363.0,2363.0,2363.0,2363.0,2363.0,2363.0,2363.0,2363.0,2363.0,3.0,0.3,224.9234,238.7052,250.4744,259.9831,267.2236,272.4043,275.8905,278.1303,279.5815,280.654,281.6709,282.8507,284.3072,286.065,288.0849,290.2989,292.6472,295.1142,297.7536,300.7013,303.76925216879323,288.85567251964244,1201.9262,325.7687999999998,2216.6095,-40.59570000000002
2364,2364,2364.0,2364.0,2364.0,2364.0,2364.0,2364.0,2364.0,2364.0,2364.0,2364.0,2364.0,2364.0,2364.0,2364.0,2364.0,2364.0,2364.0,2364.0,2364.0,2364.0,2364.0,2364.0,2364.0,2364.0,2364.0,2364.0,2364.0,4.0,0.4,296.5278,290.2557,285.1232,281.2262,278.5604,277.023,276.4372,276.5874,277.2554,278.2471,279.4065,280.6184,281.8035,282.9106,283.9107,284.7945,285.5742,286.2879,287.003,287.8173,241.6840038081457,372.5423672136932,1527.695,307.5540000000001,1890.8407,-35.976999999999975
2365,2365,2365.0,2365.0,2365.0,2365.0,2365.0,2365.0,2365.0,2365.0,2365.0,2365.0,2365.0,2365.0,2365.0,2365.0,2365.0,2365.0,2365.0,2365.0,2365.0,2365.0,2365.0,2365.0,2365.0,2365.0,2365.0,2365.0,2365.0,5.0,0.5,248.9166,255.4046,261.008,265.6603,269.3805,272.2674,274.4821,276.226,277.7215,279.2021,280.9106,283.1041,286.0596,290.0757,295.4649,302.5383,311.5859,322.8651,336.607,353.0548,399.0709515666084,245.8123580114849,1835.249,255.6706000000001,1583.2867,-40.73259999999999
2366,2366,2366.0,2366.0,2366.0,2366.0,2366.0,2366.0,2366.0,2366.0,2366.0,2366.0,2366.0,2366.0,2366.0,2366.0,2366.0,2366.0,2366.0,2366.0,2366.0,2366.0,2366.0,2366.0,2366.0,2366.0,2366.0,2366.0,2366.0,6.0,0.6,371.8922,349.0719,330.1994,315.0263,303.3073,294.7217,288.8579,285.2384,283.3583,282.7196,282.8488,283.299,283.6428,283.4679,282.3842,280.0484,276.2035,270.7245,263.656,255.2239,209.99147196190444,182.5978854606511,2090.9196,347.27189999999973,1327.6160999999995,-18.2783
2367,2367,2367.0,2367.0,2367.0,2367.0,2367.0,2367.0,2367.0,2367.0,2367.0,2367.0,2367.0,2367.0,2367.0,2367.0,2367.0,2367.0,2367.0,2367.0,2367.0,2367.0,2367.0,2367.0,2367.0,2367.0,2367.0,2367.0,2367.0,7.0,0.7,226.8193,241.9592,254.8341,265.119,272.7637,277.9547,281.0369,282.4187,282.4828,281.5188,279.6827,276.9851,273.3028,268.4102,262.0235,253.8558,243.6745,231.355,216.9203,200.5569,247.5194435916809,407.88012853224217,2438.1915,494.3878,980.3442,-35.0453
2368,2368,2368.0,2368.0,2368.0,2368.0,2368.0,2368.0,2368.0,2368.0,2368.0,2368.0,2368.0,2368.0,2368.0,2368.0,2368.0,2368.0,2368.0,2368.0,2368.0,2368.0,2368.0,2368.0,2368.0,2368.0,2368.0,2368.0,2368.0,8.0,0.8,251.8893,255.8415,259.4112,262.6059,265.406,267.7765,269.6881,271.1451,272.2161,273.0641,273.9728,275.3617,277.7842,281.9008,288.4237,298.0396,311.3274,328.7027,350.4241,376.6948,295.33890596934043,459.8585966351582,2932.5793,287.4979000000003,485.9564,-45.2235
2369,2369,2369.0,2369.0,2369.0,2369.0,2369.0,2369.0,2369.0,2369.0,2369.0,2369.0,2369.0,2369.0,2369.0,2369.0,2369.0,2369.0,2369.0,2369.0,2369.0,2369.0,2369.0,2369.0,2369.0,2369.0,2369.0,2369.0,2369.0,9.0,0.9,289.9174,285.1718,281.2298,278.1833,276.0764,274.9111,274.6664,275.3254,276.9036,279.4715,283.1692,288.2104,294.8768,303.5061,314.4788,328.2096,345.1578,365.8675,391.0609,421.8126,176.5237602337258,283.4323255645861,3220.0772,198.45849999999973,198.45849999999973,-38.08890000000002
2370,2370,2370.0,2370.0,2370.0,2370.0,2370.0,2370.0,2370.0,2370.0,2370.0,2370.0,2370.0,2370.0,2370.0,2370.0,2370.0,2370.0,2370.0,2370.0,2370.0,2370.0,2370.0,2370.0,2370.0,2370.0,2370.0,2370.0,2370.0,0.0,0.0,273.0,273.0,273.0,273.0,273.0,273.0,273.0,273.0,273.0,273.0,273.0,273.0,273.0,273.0,273.0,273.0,273.0,273.0,273.0,273.0,437.21386786832295,431.3447999503422,0.0,357.5903,3087.179,-40.0
2371,2371,2371.0,2371.0,2371.0,2371.0,2371.0,2371.0,2371.0,2371.0,2371.0,2371.0,2371.0,2371.0,2371.0,2371.0,2371.0,2371.0,2371.0,2371.0,2371.0,2371.0,2371.0,2371.0,2371.0,2371.0,2371.0,2371.0,2371.0,1.0,0.1,401.5298,372.0432,347.7236,327.9636,312.3095,300.3226,291.5348,285.4686,281.6882,279.8593,279.7957,281.4859,285.0929,290.9284,299.4056,310.9811,326.1021,345.1849,368.6525,397.0607,206.77582447009624,196.99300938788733,357.5903,185.7857,2729.5887,-12.677399999999976
2372,2372,2372.0,2372.0,2372.0,2372.0,2372.0,2372.0,2372.0,2372.0,2372.0,2372.0,2372.0,2372.0,2372.0,2372.0,2372.0,2372.0,2372.0,2372.0,2372.0,2372.0,2372.0,2372.0,2372.0,2372.0,2372.0,2372.0,2372.0,2.0,0.2,225.4113,242.1794,256.3964,267.696,276.0584,281.7656,285.3047,287.2483,288.137,288.3822,288.1982,287.5674,286.2402,283.7696,279.5798,273.0662,263.7159,251.2325,235.6371,217.3166,373.3512965643655,258.0369071086084,543.376,356.7804,2543.8030000000003,-31.2344
2373,2373,2373.0,2373.0,2373.0,2373.0,2373.0,2373.0,2373.0,2373.0,2373.0,2373.0,2373.0,2373.0,2373.0,2373.0,2373.0,2373.0,2373.0,2373.0,2373.0,2373.0,2373.0,2373.0,2373.0,2373.0,2373.0,2373.0,2373.0,3.0,0.3,352.2779,334.4719,319.7655,308.0175,299.0091,292.4037,287.7608,284.5836,282.378,280.7054,279.2185,277.678,275.9522,274.0029,271.8628,269.6048,267.3086,265.0289,262.7706,260.4772,283.52282183347626,309.43420221982785,900.1564,340.6942,2187.0226,-20.596299999999985
2374,2374,2374.0,2374.0,2374.0,2374.0,2374.0,2374.0,2374.0,2374.0,2374.0,2374.0,2374.0,2374.0,2374.0,2374.0,2374.0,2374.0,2374.0,2374.0,2374.0,2374.0,2374.0,2374.0,2374.0,2374.0,2374.0,2374.0,2374.0,4.0,0.4,285.096,286.5764,287.6905,288.2585,288.2095,287.5742,286.4613,285.0271,283.447,281.8968,280.5449,279.553,279.0812,279.2908,280.3406,282.3753,285.5077,289.8013,295.2602,301.833,436.83829433062925,294.18807001931714,1240.8506,288.2240999999999,1846.3284,-25.42579999999998
2375,2375,2375.0,2375.0,2375.0,2375.0,2375.0,2375.0,2375.0,2375.0,2375.0,2375.0,2375.0,2375.0,2375.0,2375.0,2375.0,2375.0,2375.0,2375.0,2375.0,2375.0,2375.0,2375.0,2375.0,2375.0,2375.0,2375.0,2375.0,5.0,0.5,402.7663,374.8293,351.9284,333.3794,318.6641,307.2991,298.7894,292.6328,288.3493,285.513,283.7729,282.8588,282.5753,282.7873,283.4052,284.3724,285.6587,287.2564,289.181,291.4713,264.1723817939022,181.978866398223,1529.0747,293.8442,1558.1043000000002,-5.70089999999999
2376,2376,2376.0,2376.0,2376.0,2376.0,2376.0,2376.0,2376.0,2376.0,2376.0,2376.0,2376.0,2376.0,2376.0,2376.0,2376.0,2376.0,2376.0,2376.0,2376.0,2376.0,2376.0,2376.0,2376.0,2376.0,2376.0,2376.0,2376.0,6.0,0.6,272.1632,279.3658,285.2894,289.6348,292.3196,293.4544,293.2846,292.1131,290.2242,287.8198,284.9764,281.6255,277.5572,272.4455,265.8943,257.5004,246.9274,233.9785,218.655,201.1801,227.4665724021688,399.9072577250234,1822.9189,390.9893,1264.2601000000002,-19.54559999999998
2377,2377,2377.0,2377.0,2377.0,2377.0,2377.0,2377.0,2377.0,2377.0,2377.0,2377.0,2377.0,2377.0,2377.0,2377.0,2377.0,2377.0,2377.0,2377.0,2377.0,2377.0,2377.0,2377.0,2377.0,2377.0,2377.0,2377.0,2377.0,7.0,0.7,238.3854,248.2598,256.8514,264.0042,269.6586,273.8505,276.7021,278.4106,279.2412,279.5293,279.6891,280.2233,281.7252,284.8603,290.3232,298.7718,310.7536,326.6527,346.6925,371.0221,259.5929131535173,227.5920894523129,2213.9082,320.1872000000003,873.2708000000002,-39.14949999999999
2378,2378,2378.0,2378.0,2378.0,2378.0,2378.0,2378.0,2378.0,2378.0,2378.0,2378.0,2378.0,2378.0,2378.0,2378.0,2378.0,2378.0,2378.0,2378.0,2378.0,2378.0,2378.0,2378.0,2378.0,2378.0,2378.0,2378.0,2378.0,8.0,0.8,261.5932,263.4402,265.2269,267.0172,268.8429,270.7082,272.5962,274.4759,276.3012,278.0025,279.4702,280.5358,280.9582,280.4246,278.5733,275.0401,269.5264,261.8725,252.1188,240.534,345.58554054697873,394.2059520638544,2534.0954,353.97519999999986,553.0835999999999,-42.29180000000002
2379,2379,2379.0,2379.0,2379.0,2379.0,2379.0,2379.0,2379.0,2379.0,2379.0,2379.0,2379.0,2379.0,2379.0,2379.0,2379.0,2379.0,2379.0,2379.0,2379.0,2379.0,2379.0,2379.0,2379.0,2379.0,2379.0,2379.0,2379.0,9.0,0.9,330.2831,317.1384,306.1163,297.1794,290.234,285.1111,281.5797,279.3827,278.285,278.1202,278.8302,280.4904,283.3155,287.6439,293.8994,302.5358,313.9779,328.5782,346.6157,368.3586,286.9323421221307,307.19290561562195,2888.0706,199.10840000000007,199.10840000000007,-27.88889999999998
2380,2380,2380.0,2380.0,2380.0,2380.0,2380.0,2380.0,2380.0,2380.0,2380.0,2380.0,2380.0,2380.0,2380.0,2380.0,2380.0,2380.0,2380.0,2380.0,2380.0,2380.0,2380.0,2380.0,2380.0,2380.0,2380.0,2380.0,2380.0,0.0,0.0,273.0,273.0,273.0,273.0,273.0,273.0,273.0,273.0,273.0,273.0,273.0,273.0,273.0,273.0,273.0,273.0,273.0,273.0,273.0,273.0,432.7150462347095,353.16550488136124,0.0,379.8959,2362.0863,-40.0
2381,2381,2381.0,2381.0,2381.0,2381.0,2381.0,2381.0,2381.0,2381.0,2381.0,2381.0,2381.0,2381.0,2381.0,2381.0,2381.0,2381.0,2381.0,2381.0,2381.0,2381.0,2381.0,2381.0,2381.0,2381.0,2381.0,2381.0,2381.0,1.0,0.1,398.1035,369.441,345.7685,326.5149,311.2434,299.5201,290.8711,284.7983,280.8247,278.5451,277.6655,278.0237,279.5894,282.4456,286.7558,292.7219,300.5433,310.3845,322.3656,336.5829,228.5232920030728,280.37802422934226,379.8959,234.1598,1982.1904,-13.479899999999986
2382,2382,2382.0,2382.0,2382.0,2382.0,2382.0,2382.0,2382.0,2382.0,2382.0,2382.0,2382.0,2382.0,2382.0,2382.0,2382.0,2382.0,2382.0,2382.0,2382.0,2382.0,2382.0,2382.0,2382.0,2382.0,2382.0,2382.0,2382.0,2.0,0.2,242.7348,255.4648,266.1376,274.4368,280.3341,284.0573,286.0163,286.7099,286.6368,286.2246,285.7852,285.4961,285.4055,285.4545,285.5131,285.4236,285.046,284.2993,283.1897,281.8204,344.0499952423657,218.41626472299976,614.0557,308.8397,1748.0306,-28.9427
2383,2383,2383.0,2383.0,2383.0,2383.0,2383.0,2383.0,2383.0,2383.0,2383.0,2383.0,2383.0,2383.0,2383.0,2383.0,2383.0,2383.0,2383.0,2383.0,2383.0,2383.0,2383.0,2383.0,2383.0,2383.0,2383.0,2383.0,2383.0,3.0,0.3,329.917,317.8916,307.9342,299.9846,293.9093,289.486,286.4181,284.3656,282.9781,281.9181,280.8716,279.5465,277.6655,274.9608,271.1782,266.0919,259.5301,251.4048,241.7356,230.6592,264.46452635514754,461.8522563652785,922.8954,324.12839999999994,1439.1909,-23.51400000000001
2384,2384,2384.0,2384.0,2384.0,2384.0,2384.0,2384.0,2384.0,2384.0,2384.0,2384.0,2384.0,2384.0,2384.0,2384.0,2384.0,2384.0,2384.0,2384.0,2384.0,2384.0,2384.0,2384.0,2384.0,2384.0,2384.0,2384.0,2384.0,4.0,0.4,269.1335,273.342,276.8554,279.5289,281.3244,282.3077,282.6339,282.529,282.2802,282.2364,282.8208,284.546,288.0211,293.9383,303.0343,316.0312,333.5805,356.2471,384.5815,419.3313,437.1135871805105,366.6111473325607,1247.0238,137.9919,1115.0625,-30.69229999999999
2385,2385,2385.0,2385.0,2385.0,2385.0,2385.0,2385.0,2385.0,2385.0,2385.0,2385.0,2385.0,2385.0,2385.0,2385.0,2385.0,2385.0,2385.0,2385.0,2385.0,2385.0,2385.0,2385.0,2385.0,2385.0,2385.0,2385.0,2385.0,5.0,0.5,402.3336,373.781,350.4418,331.7169,317.1612,306.3486,298.8265,294.1251,291.7908,291.4192,292.6739,295.2882,299.0562,303.8216,309.4753,315.9663,323.3244,331.6928,341.359,352.7816,269.421108342795,472.7396354947263,1385.0157,82.05790000000002,977.0706,-6.651400000000024
2386,2386,2386.0,2386.0,2386.0,2386.0,2386.0,2386.0,2386.0,2386.0,2386.0,2386.0,2386.0,2386.0,2386.0,2386.0,2386.0,2386.0,2386.0,2386.0,2386.0,2386.0,2386.0,2386.0,2386.0,2386.0,2386.0,2386.0,2386.0,6.0,0.6,276.4849,282.9342,288.3425,292.4688,295.2854,296.9625,297.8208,298.2719,298.7633,299.7398,301.627,304.8321,309.7575,316.8157,326.443,339.1102,355.342,375.7629,401.1969,432.8636,252.51416812140167,193.0880417964678,1467.0736,70.2002,895.0127,-16.037500000000023
2387,2387,2387.0,2387.0,2387.0,2387.0,2387.0,2387.0,2387.0,2387.0,2387.0,2387.0,2387.0,2387.0,2387.0,2387.0,2387.0,2387.0,2387.0,2387.0,2387.0,2387.0,2387.0,2387.0,2387.0,2387.0,2387.0,2387.0,2387.0,7.0,0.7,259.4301,265.8362,271.6403,276.7959,281.3093,285.2344,288.6552,291.6585,294.2985,296.5566,298.3032,299.2666,299.0206,296.9979,292.5408,284.9897,273.8058,258.7081,239.794,217.6028,405.1609092205145,249.4996170979396,1537.2738,247.8543,824.8125,-27.765600000000006
2388,2388,2388.0,2388.0,2388.0,2388.0,2388.0,2388.0,2388.0,2388.0,2388.0,2388.0,2388.0,2388.0,2388.0,2388.0,2388.0,2388.0,2388.0,2388.0,2388.0,2388.0,2388.0,2388.0,2388.0,2388.0,2388.0,2388.0,2388.0,8.0,0.8,378.123,355.696,337.3372,322.681,311.3738,302.9923,297.0281,292.9159,290.0826,287.9964,286.2051,284.3586,282.2152,279.6362,276.5694,273.0256,269.0503,264.6945,259.9903,254.9368,204.8423287455463,324.5427279273322,1785.1281,290.0799000000002,576.9582,-10.0077
2389,2389,2389.0,2389.0,2389.0,2389.0,2389.0,2389.0,2389.0,2389.0,2389.0,2389.0,2389.0,2389.0,2389.0,2389.0,2389.0,2389.0,2389.0,2389.0,2389.0,2389.0,2389.0,2389.0,2389.0,2389.0,2389.0,2389.0,2389.0,9.0,0.9,223.5652,240.4479,254.8307,266.3364,274.8974,280.7185,284.2006,285.8511,286.2042,285.7664,284.9901,284.2706,283.9563,284.3607,285.767,288.421,292.5144,298.1666,305.4161,314.2309,277.0756043404367,324.36661701254945,2075.208,286.87829999999985,286.87829999999985,-32.281499999999994
2390,2390,2390.0,2390.0,2390.0,2390.0,2390.0,2390.0,2390.0,2390.0,2390.0,2390.0,2390.0,2390.0,2390.0,2390.0,2390.0,2390.0,2390.0,2390.0,2390.0,2390.0,2390.0,2390.0,2390.0,2390.0,2390.0,2390.0,2390.0,0.0,0.0,273.0,273.0,273.0,273.0,273.0,273.0,273.0,273.0,273.0,273.0,273.0,273.0,273.0,273.0,273.0,273.0,273.0,273.0,273.0,273.0,408.95884296729633,462.52067188434,0.0,352.3452,1357.7392,3.996500000000026
2391,2391,2391.0,2391.0,2391.0,2391.0,2391.0,2391.0,2391.0,2391.0,2391.0,2391.0,2391.0,2391.0,2391.0,2391.0,2391.0,2391.0,2391.0,2391.0,2391.0,2391.0,2391.0,2391.0,2391.0,2391.0,2391.0,2391.0,2391.0,1.0,0.1,379.9194,355.6082,335.4054,318.9294,305.8648,295.8782,288.6015,283.661,280.7311,279.5911,280.1708,282.5755,287.0856,294.1303,304.2374,317.9741,335.897,358.5462,386.52,420.6767,251.5544807345344,441.16408845287054,352.3452,105.44820000000004,1005.394,3.996500000000026
2392,2392,2392.0,2392.0,2392.0,2392.0,2392.0,2392.0,2392.0,2392.0,2392.0,2392.0,2392.0,2392.0,2392.0,2392.0,2392.0,2392.0,2392.0,2392.0,2392.0,2392.0,2392.0,2392.0,2392.0,2392.0,2392.0,2392.0,2392.0,2.0,0.2,260.6021,268.7325,275.5506,280.8523,284.6534,287.1734,288.7867,289.9575,291.1764,292.9095,295.5673,299.4924,304.9649,312.2199,321.4755,332.9697,347.0071,364.0193,384.6472,409.8625,242.1788957702132,230.9757106168326,457.7934,111.75509999999996,899.9458,3.996500000000026
2393,2393,2393.0,2393.0,2393.0,2393.0,2393.0,2393.0,2393.0,2393.0,2393.0,2393.0,2393.0,2393.0,2393.0,2393.0,2393.0,2393.0,2393.0,2393.0,2393.0,2393.0,2393.0,2393.0,2393.0,2393.0,2393.0,2393.0,2393.0,3.0,0.3,249.7343,256.67,262.9417,268.5398,273.4952,277.8757,281.7722,285.2778,288.4597,291.3285,293.8082,295.7139,296.7433,296.4897,294.483,290.2577,283.4437,273.8623,261.6074,247.0829,311.6876724738661,458.2160082925932,569.5485,214.30560000000003,788.1907,3.996500000000026
2394,2394,2394.0,2394.0,2394.0,2394.0,2394.0,2394.0,2394.0,2394.0,2394.0,2394.0,2394.0,2394.0,2394.0,2394.0,2394.0,2394.0,2394.0,2394.0,2394.0,2394.0,2394.0,2394.0,2394.0,2394.0,2394.0,2394.0,2394.0,4.0,0.4,304.1222,297.6794,292.4592,288.5094,285.8014,284.2314,283.6443,283.8744,284.793,286.3568,288.6475,291.8995,296.5069,303.0071,312.0396,324.2875,340.4223,361.0832,386.9334,418.8373,308.42521718625443,363.5210825666554,783.8541,96.19989999999996,573.8851,3.996500000000026
2395,2395,2395.0,2395.0,2395.0,2395.0,2395.0,2395.0,2395.0,2395.0,2395.0,2395.0,2395.0,2395.0,2395.0,2395.0,2395.0,2395.0,2395.0,2395.0,2395.0,2395.0,2395.0,2395.0,2395.0,2395.0,2395.0,2395.0,2395.0,5.0,0.5,303.3439,299.0944,295.623,292.8991,290.9103,289.6579,289.153,289.4117,290.4497,292.2757,294.885,298.2542,302.3402,307.0879,312.4475,318.4032,325.0097,332.4313,340.9759,351.1194,291.70082509144675,394.6884473435693,880.054,90.4207,477.6852,3.996500000000026
2396,2396,2396.0,2396.0,2396.0,2396.0,2396.0,2396.0,2396.0,2396.0,2396.0,2396.0,2396.0,2396.0,2396.0,2396.0,2396.0,2396.0,2396.0,2396.0,2396.0,2396.0,2396.0,2396.0,2396.0,2396.0,2396.0,2396.0,2396.0,6.0,0.6,290.6207,289.891,289.4421,289.2318,289.2488,289.5107,290.059,290.9533,292.2666,294.083,296.4988,299.6272,303.6035,308.5912,314.7871,322.4252,331.7837,343.1978,357.085,373.9944,466.7237738106805,364.3030345527329,970.4747,90.53880000000004,387.2645,3.996500000000026
2397,2397,2397.0,2397.0,2397.0,2397.0,2397.0,2397.0,2397.0,2397.0,2397.0,2397.0,2397.0,2397.0,2397.0,2397.0,2397.0,2397.0,2397.0,2397.0,2397.0,2397.0,2397.0,2397.0,2397.0,2397.0,2397.0,2397.0,2397.0,7.0,0.7,425.8806,393.0222,366.5283,345.4508,329.1307,316.9965,308.4802,303.0068,300.0211,299.0233,299.5958,301.416,304.2559,307.975,312.5132,317.888,324.1987,331.6356,340.4948,351.1954,287.3675508224293,336.44739937585814,1061.0135,84.87490000000003,296.7257,3.996500000000026
2398,2398,2398.0,2398.0,2398.0,2398.0,2398.0,2398.0,2398.0,2398.0,2398.0,2398.0,2398.0,2398.0,2398.0,2398.0,2398.0,2398.0,2398.0,2398.0,2398.0,2398.0,2398.0,2398.0,2398.0,2398.0,2398.0,2398.0,2398.0,8.0,0.8,292.2247,296.8109,300.6399,303.4125,305.0428,305.6399,305.4551,304.8145,304.0527,303.4614,303.2589,303.5821,304.4946,306.0087,308.113,310.8024,314.1066,318.1142,322.9904,328.9871,411.3066195493993,331.81535555011743,1145.8884,96.01149999999984,211.8508,3.996500000000026
2399,2399,2399.0,2399.0,2399.0,2399.0,2399.0,2399.0,2399.0,2399.0,2399.0,2399.0,2399.0,2399.0,2399.0,2399.0,2399.0,2399.0,2399.0,2399.0,2399.0,2399.0,2399.0,2399.0,2399.0,2399.0,2399.0,2399.0,2399.0,9.0,0.9,385.2514,363.9852,346.7482,333.0196,322.3692,314.3827,308.6409,304.7307,302.2708,300.9358,300.4708,300.6956,301.4987,302.8283,304.6818,307.0988,310.1576,313.9749,318.7097,324.5689,182.49354593816963,310.36223893943804,1241.8999,115.8393000000001,115.8393000000001,3.996500000000026
2400,2400,2400.0,2400.0,2400.0,2400.0,2400.0,2400.0,2400.0,2400.0,2400.0,2400.0,2400.0,2400.0,2400.0,2400.0,2400.0,2400.0,2400.0,2400.0,2400.0,2400.0,2400.0,2400.0,2400.0,2400.0,2400.0,2400.0,0.0,,0.0,273.0,273.0,273.0,273.0,273.0,273.0,273.0,273.0,273.0,273.0,273.0,273.0,273.0,273.0,273.0,273.0,273.0,273.0,273.0,273.0,471.0,473.0,0.0,351.6998,2327.5819,36.39589999999998
2401,2401,2401.0,2401.0,2401.0,2401.0,2401.0,2401.0,2401.0,2401.0,2401.0,2401.0,2401.0,2401.0,2401.0,2401.0,2401.0,2401.0,2401.0,2401.0,2401.0,2401.0,2401.0,2401.0,2401.0,2401.0,2401.0,2401.0,1.0,,0.1,427.0473,391.3209,362.135,338.5398,319.8893,305.6187,295.16,287.9477,283.4727,281.349,281.3703,283.5402,288.0728,295.3617,305.923,320.3294,339.1559,362.9761,392.4484,428.5462,473.0,471.0,351.6998,134.64710000000002,1975.8821000000005,36.39589999999998
2402,2402,2402.0,2402.0,2402.0,2402.0,2402.0,2402.0,2402.0,2402.0,2402.0,2402.0,2402.0,2402.0,2402.0,2402.0,2402.0,2402.0,2402.0,2402.0,2402.0,2402.0,2402.0,2402.0,2402.0,2402.0,2402.0,2402.0,2.0,,0.2,433.923,402.9376,377.9278,357.5878,341.0913,327.9055,317.6806,310.1852,305.2674,302.8333,302.8356,305.2691,310.1704,317.6229,327.768,340.8274,357.1415,377.2339,401.919,432.4823,473.0,473.0,486.3469,145.13649999999996,1841.235,36.39589999999998
2403,2403,2403.0,2403.0,2403.0,2403.0,2403.0,2403.0,2403.0,2403.0,2403.0,2403.0,2403.0,2403.0,2403.0,2403.0,2403.0,2403.0,2403.0,2403.0,2403.0,2403.0,2403.0,2403.0,2403.0,2403.0,2403.0,2403.0,3.0,,0.3,435.8595,406.8314,383.7611,365.2783,350.4863,338.7897,329.7909,323.2266,318.9278,316.7944,316.7801,318.8859,323.1599,329.7044,338.6903,350.3826,365.18,383.6779,406.7713,435.8281,473.0,473.0,631.4834,190.9131,1696.0985000000005,36.39589999999998
2404,2404,2404.0,2404.0,2404.0,2404.0,2404.0,2404.0,2404.0,2404.0,2404.0,2404.0,2404.0,2404.0,2404.0,2404.0,2404.0,2404.0,2404.0,2404.0,2404.0,2404.0,2404.0,2404.0,2404.0,2404.0,2404.0,2404.0,4.0,,0.4,436.789,408.7118,386.6059,369.0766,355.1949,344.3292,336.0467,330.0527,326.1528,324.2287,324.225,326.1421,330.0361,336.0257,344.3059,355.1715,369.0552,386.5883,408.6994,436.7826,472.0,473.0,822.3965,224.7502000000001,1505.1854000000003,36.39589999999998
2405,2405,2405.0,2405.0,2405.0,2405.0,2405.0,2405.0,2405.0,2405.0,2405.0,2405.0,2405.0,2405.0,2405.0,2405.0,2405.0,2405.0,2405.0,2405.0,2405.0,2405.0,2405.0,2405.0,2405.0,2405.0,2405.0,2405.0,5.0,,0.5,436.5175,409.1117,387.6384,370.7035,357.3691,346.9906,339.1209,333.452,329.7788,327.9757,327.9841,329.8058,333.5033,339.2057,347.1223,357.565,370.9855,388.0336,409.6546,437.2548,473.0,471.0,1047.1467,244.10799999999995,1280.4352,36.39589999999998
2406,2406,2406.0,2406.0,2406.0,2406.0,2406.0,2406.0,2406.0,2406.0,2406.0,2406.0,2406.0,2406.0,2406.0,2406.0,2406.0,2406.0,2406.0,2406.0,2406.0,2406.0,2406.0,2406.0,2406.0,2406.0,2406.0,2406.0,6.0,,0.6,437.4701,410.0919,388.6992,371.8812,358.6851,348.4516,340.7191,335.1657,331.5734,329.8062,329.7968,331.5412,335.0979,340.5945,348.24,358.3472,371.3684,387.9522,409.0374,436.0118,473.0,471.0,1291.2547,255.13900000000007,1036.3272000000002,36.39589999999998
2407,2407,2407.0,2407.0,2407.0,2407.0,2407.0,2407.0,2407.0,2407.0,2407.0,2407.0,2407.0,2407.0,2407.0,2407.0,2407.0,2407.0,2407.0,2407.0,2407.0,2407.0,2407.0,2407.0,2407.0,2407.0,2407.0,2407.0,7.0,,0.7,437.5995,410.3518,389.0881,372.3931,359.3092,349.1722,341.5163,336.0163,332.452,330.6861,330.6516,332.3461,335.8318,341.2408,348.7881,358.7925,371.7118,388.199,409.1951,436.0881,471.0,472.0,1546.3937,259.2953,781.1882,36.39589999999998
2408,2408,2408.0,2408.0,2408.0,2408.0,2408.0,2408.0,2408.0,2408.0,2408.0,2408.0,2408.0,2408.0,2408.0,2408.0,2408.0,2408.0,2408.0,2408.0,2408.0,2408.0,2408.0,2408.0,2408.0,2408.0,2408.0,2408.0,8.0,,0.8,436.1807,409.3785,388.4672,372.0543,359.1947,349.233,341.7098,336.306,332.8071,331.0817,331.0686,332.7713,336.2579,341.6668,349.2193,359.2407,372.1956,388.7442,409.8367,436.874,472.0,472.0,1805.689,260.5901000000001,521.8929,36.39589999999998
2409,2409,2409.0,2409.0,2409.0,2409.0,2409.0,2409.0,2409.0,2409.0,2409.0,2409.0,2409.0,2409.0,2409.0,2409.0,2409.0,2409.0,2409.0,2409.0,2409.0,2409.0,2409.0,2409.0,2409.0,2409.0,2409.0,2409.0,9.0,,0.9,436.9078,409.904,388.8441,372.3256,359.3968,349.3959,341.8573,336.4551,332.9683,331.2597,331.2635,332.9794,336.4731,341.8813,349.4243,359.4272,372.3551,388.8696,409.9226,436.9175,471.0,471.0,2066.2791,261.30279999999993,261.30279999999993,36.39589999999998
2410,2410,2410.0,2410.0,2410.0,2410.0,2410.0,2410.0,2410.0,2410.0,2410.0,2410.0,2410.0,2410.0,2410.0,2410.0,2410.0,2410.0,2410.0,2410.0,2410.0,2410.0,2410.0,2410.0,2410.0,2410.0,2410.0,2410.0,0.0,,0.0,273.0,273.0,273.0,273.0,273.0,273.0,273.0,273.0,273.0,273.0,273.0,273.0,273.0,273.0,273.0,273.0,273.0,273.0,273.0,273.0,472.0,472.0,0.0,351.9419,2337.7384,36.78129999999999
2411,2411,2411.0,2411.0,2411.0,2411.0,2411.0,2411.0,2411.0,2411.0,2411.0,2411.0,2411.0,2411.0,2411.0,2411.0,2411.0,2411.0,2411.0,2411.0,2411.0,2411.0,2411.0,2411.0,2411.0,2411.0,2411.0,2411.0,1.0,,0.1,427.7969,391.8848,362.5557,338.848,320.1094,305.7709,295.2609,288.0103,283.5064,281.3597,281.3597,283.5064,288.0103,295.2609,305.7709,320.1094,338.848,362.5557,391.8848,427.7969,473.0,472.0,351.9419,135.5996,1985.7965,36.78129999999999
2412,2412,2412.0,2412.0,2412.0,2412.0,2412.0,2412.0,2412.0,2412.0,2412.0,2412.0,2412.0,2412.0,2412.0,2412.0,2412.0,2412.0,2412.0,2412.0,2412.0,2412.0,2412.0,2412.0,2412.0,2412.0,2412.0,2412.0,2.0,,0.2,433.9451,402.9803,377.9876,357.6593,341.168,327.9805,317.7478,310.24,305.3071,302.858,302.8482,305.276,310.182,317.6539,327.8378,340.9599,357.3649,377.581,402.4284,433.2028,473.0,472.0,487.5415,145.13799999999998,1850.1969,36.78129999999999
2413,2413,2413.0,2413.0,2413.0,2413.0,2413.0,2413.0,2413.0,2413.0,2413.0,2413.0,2413.0,2413.0,2413.0,2413.0,2413.0,2413.0,2413.0,2413.0,2413.0,2413.0,2413.0,2413.0,2413.0,2413.0,2413.0,2413.0,3.0,,0.3,435.865,406.8424,383.7773,365.2991,350.511,338.8173,329.8205,323.2572,318.9582,316.8226,316.8032,318.8989,323.1549,329.6699,338.6105,350.2372,364.9437,383.3202,406.2548,435.1044,472.0,473.0,632.6795,190.3632,1705.0589000000002,36.78129999999999
2414,2414,2414.0,2414.0,2414.0,2414.0,2414.0,2414.0,2414.0,2414.0,2414.0,2414.0,2414.0,2414.0,2414.0,2414.0,2414.0,2414.0,2414.0,2414.0,2414.0,2414.0,2414.0,2414.0,2414.0,2414.0,2414.0,2414.0,4.0,,0.4,436.0517,408.169,386.211,368.795,354.9991,344.1968,335.9591,329.9946,326.1119,324.1958,324.1931,326.1065,329.9947,335.9783,344.2542,355.1186,369.0055,386.5464,408.6692,436.7669,473.0,471.0,823.0427,223.91740000000004,1514.6957000000002,36.78129999999999
2415,2415,2415.0,2415.0,2415.0,2415.0,2415.0,2415.0,2415.0,2415.0,2415.0,2415.0,2415.0,2415.0,2415.0,2415.0,2415.0,2415.0,2415.0,2415.0,2415.0,2415.0,2415.0,2415.0,2415.0,2415.0,2415.0,2415.0,5.0,,0.5,437.2362,409.6186,387.9827,370.9235,357.4962,347.0506,339.1344,333.4341,329.7386,327.9171,327.905,329.6985,333.354,338.9942,346.8216,357.1407,370.3944,387.2222,408.5544,435.7729,473.0,473.0,1046.9601,244.88390000000004,1290.7783000000002,36.78129999999999
2416,2416,2416.0,2416.0,2416.0,2416.0,2416.0,2416.0,2416.0,2416.0,2416.0,2416.0,2416.0,2416.0,2416.0,2416.0,2416.0,2416.0,2416.0,2416.0,2416.0,2416.0,2416.0,2416.0,2416.0,2416.0,2416.0,2416.0,6.0,,0.6,437.483,410.1161,388.7315,371.9169,358.7188,348.4777,340.733,335.1643,331.5559,329.7749,329.7581,331.5067,335.0863,340.6322,348.3624,358.5992,371.8042,388.6365,410.0478,437.4475,473.0,473.0,1291.844,255.93010000000004,1045.8944,36.78129999999999
2417,2417,2417.0,2417.0,2417.0,2417.0,2417.0,2417.0,2417.0,2417.0,2417.0,2417.0,2417.0,2417.0,2417.0,2417.0,2417.0,2417.0,2417.0,2417.0,2417.0,2417.0,2417.0,2417.0,2417.0,2417.0,2417.0,2417.0,7.0,,0.7,437.6011,410.355,389.0928,372.3995,359.3177,349.1838,341.5331,336.0416,332.4908,330.7456,330.7414,332.4788,336.0229,341.5095,349.1577,359.2914,372.3755,389.0731,410.3411,437.594,472.0,473.0,1547.7741,260.9237999999998,789.9643000000001,36.78129999999999
2418,2418,2418.0,2418.0,2418.0,2418.0,2418.0,2418.0,2418.0,2418.0,2418.0,2418.0,2418.0,2418.0,2418.0,2418.0,2418.0,2418.0,2418.0,2418.0,2418.0,2418.0,2418.0,2418.0,2418.0,2418.0,2418.0,2418.0,8.0,,0.8,436.9219,409.9296,388.8757,372.356,359.4185,349.4028,341.8462,336.4263,332.9259,331.2114,331.2197,332.9525,336.4767,341.9299,349.5332,359.6129,372.6365,389.2695,410.4715,437.6586,473.0,473.0,1808.6979,263.44460000000004,529.0405000000003,36.78129999999999
2419,2419,2419.0,2419.0,2419.0,2419.0,2419.0,2419.0,2419.0,2419.0,2419.0,2419.0,2419.0,2419.0,2419.0,2419.0,2419.0,2419.0,2419.0,2419.0,2419.0,2419.0,2419.0,2419.0,2419.0,2419.0,2419.0,2419.0,9.0,,0.9,437.6702,410.4966,389.3114,372.6988,359.6994,349.6461,342.0702,336.6433,333.1429,331.4305,331.4395,333.169,336.6847,342.1235,349.707,359.7624,372.7582,389.3613,410.5325,437.6888,473.0,473.0,2072.1425,265.59590000000026,265.59590000000026,36.78129999999999
2420,2420,2420.0,2420.0,2420.0,2420.0,2420.0,2420.0,2420.0,2420.0,2420.0,2420.0,2420.0,2420.0,2420.0,2420.0,2420.0,2420.0,2420.0,2420.0,2420.0,2420.0,2420.0,2420.0,2420.0,2420.0,2420.0,2420.0,0.0,,0.0,273.0,273.0,273.0,273.0,273.0,273.0,273.0,273.0,273.0,273.0,273.0,273.0,273.0,273.0,273.0,273.0,273.0,273.0,273.0,273.0,473.0,473.0,0.0,351.8898,2324.2451,36.48559999999998
2421,2421,2421.0,2421.0,2421.0,2421.0,2421.0,2421.0,2421.0,2421.0,2421.0,2421.0,2421.0,2421.0,2421.0,2421.0,2421.0,2421.0,2421.0,2421.0,2421.0,2421.0,2421.0,2421.0,2421.0,2421.0,2421.0,2421.0,1.0,,0.1,428.5462,392.4485,362.9763,339.1565,320.3305,305.9254,295.3664,288.0818,283.5568,281.3999,281.3999,283.5568,288.0818,295.3664,305.9254,320.3305,339.1565,362.9763,392.4485,428.5462,473.0,471.0,351.8898,135.33550000000002,1972.3553,36.48559999999998
2422,2422,2422.0,2422.0,2422.0,2422.0,2422.0,2422.0,2422.0,2422.0,2422.0,2422.0,2422.0,2422.0,2422.0,2422.0,2422.0,2422.0,2422.0,2422.0,2422.0,2422.0,2422.0,2422.0,2422.0,2422.0,2422.0,2422.0,2.0,,0.2,433.969,403.0268,378.0538,357.7409,341.2599,328.0775,317.8456,310.3351,305.3973,302.9411,302.9215,305.335,310.2192,317.6578,327.7922,340.8436,357.1519,377.2404,401.9227,432.484,473.0,471.0,487.2253,145.40460000000002,1837.0198000000005,36.48559999999998
2423,2423,2423.0,2423.0,2423.0,2423.0,2423.0,2423.0,2423.0,2423.0,2423.0,2423.0,2423.0,2423.0,2423.0,2423.0,2423.0,2423.0,2423.0,2423.0,2423.0,2423.0,2423.0,2423.0,2423.0,2423.0,2423.0,2423.0,3.0,,0.3,435.8725,406.8573,383.7993,365.327,350.5435,338.8522,329.855,323.2877,318.9804,316.8315,316.7927,318.8618,323.083,329.5535,338.4384,349.9957,364.6159,382.8845,405.6815,434.3508,472.0,471.0,632.6299,190.0631,1691.6152000000002,36.48559999999998
2424,2424,2424.0,2424.0,2424.0,2424.0,2424.0,2424.0,2424.0,2424.0,2424.0,2424.0,2424.0,2424.0,2424.0,2424.0,2424.0,2424.0,2424.0,2424.0,2424.0,2424.0,2424.0,2424.0,2424.0,2424.0,2424.0,2424.0,4.0,,0.4,436.0534,408.1721,386.215,368.7989,355.0015,344.1955,335.9511,329.9762,326.078,324.1397,324.1063,325.9779,329.8098,335.7187,343.8964,354.6334,368.3559,385.6848,407.5324,435.2658,471.0,473.0,822.693,222.6182000000001,1501.5521,36.48559999999998
2425,2425,2425.0,2425.0,2425.0,2425.0,2425.0,2425.0,2425.0,2425.0,2425.0,2425.0,2425.0,2425.0,2425.0,2425.0,2425.0,2425.0,2425.0,2425.0,2425.0,2425.0,2425.0,2425.0,2425.0,2425.0,2425.0,2425.0,5.0,,0.5,435.7565,408.5224,387.1762,370.3369,357.0743,346.7484,338.9153,333.2694,329.6075,327.8063,327.8096,329.6221,333.3098,339.0055,346.922,357.3742,370.8152,387.8951,409.5572,437.2048,472.0,471.0,1045.3112,241.4043999999999,1278.9339,36.48559999999998
2426,2426,2426.0,2426.0,2426.0,2426.0,2426.0,2426.0,2426.0,2426.0,2426.0,2426.0,2426.0,2426.0,2426.0,2426.0,2426.0,2426.0,2426.0,2426.0,2426.0,2426.0,2426.0,2426.0,2426.0,2426.0,2426.0,2426.0,6.0,,0.6,436.7025,409.4892,388.2176,371.4905,358.3636,348.1831,340.4913,334.9692,331.401,329.6525,329.6581,331.4151,334.9835,340.4917,348.1494,358.2699,371.3054,387.9045,409.0055,435.9959,473.0,471.0,1286.7156,253.11120000000005,1037.5295,36.48559999999998
2427,2427,2427.0,2427.0,2427.0,2427.0,2427.0,2427.0,2427.0,2427.0,2427.0,2427.0,2427.0,2427.0,2427.0,2427.0,2427.0,2427.0,2427.0,2427.0,2427.0,2427.0,2427.0,2427.0,2427.0,2427.0,2427.0,2427.0,7.0,,0.7,437.5694,410.2927,389.0032,372.2873,359.1884,349.0428,341.3844,335.887,332.3292,330.5723,330.5485,332.2545,335.7518,341.1724,348.7308,358.746,371.6756,388.1726,409.178,436.0797,473.0,473.0,1539.8268,260.17650000000003,784.4183,36.48559999999998
2428,2428,2428.0,2428.0,2428.0,2428.0,2428.0,2428.0,2428.0,2428.0,2428.0,2428.0,2428.0,2428.0,2428.0,2428.0,2428.0,2428.0,2428.0,2428.0,2428.0,2428.0,2428.0,2428.0,2428.0,2428.0,2428.0,2428.0,8.0,,0.8,437.6476,410.4491,389.2349,372.5888,359.5512,349.4565,341.8373,336.3675,332.8267,331.0788,331.0591,332.7691,336.2763,341.7199,349.3228,359.4132,372.4591,389.1259,410.3708,437.607,471.0,472.0,1800.0033,261.9390000000001,524.2418,36.48559999999998
2429,2429,2429.0,2429.0,2429.0,2429.0,2429.0,2429.0,2429.0,2429.0,2429.0,2429.0,2429.0,2429.0,2429.0,2429.0,2429.0,2429.0,2429.0,2429.0,2429.0,2429.0,2429.0,2429.0,2429.0,2429.0,2429.0,2429.0,9.0,,0.9,436.2051,409.4282,388.543,372.1566,359.3239,349.3887,341.8913,336.512,333.0361,331.3313,331.3357,333.0514,336.5451,341.9531,349.4947,359.494,372.4148,388.9185,409.9572,436.9354,472.0,473.0,2061.9423,262.30279999999993,262.30279999999993,36.48559999999998
2430,2430,2430.0,2430.0,2430.0,2430.0,2430.0,2430.0,2430.0,2430.0,2430.0,2430.0,2430.0,2430.0,2430.0,2430.0,2430.0,2430.0,2430.0,2430.0,2430.0,2430.0,2430.0,2430.0,2430.0,2430.0,2430.0,2430.0,0.0,,0.0,273.0,273.0,273.0,273.0,273.0,273.0,273.0,273.0,273.0,273.0,273.0,273.0,273.0,273.0,273.0,273.0,273.0,273.0,273.0,273.0,473.0,473.0,0.0,351.8898,2331.8548,36.55829999999997
2431,2431,2431.0,2431.0,2431.0,2431.0,2431.0,2431.0,2431.0,2431.0,2431.0,2431.0,2431.0,2431.0,2431.0,2431.0,2431.0,2431.0,2431.0,2431.0,2431.0,2431.0,2431.0,2431.0,2431.0,2431.0,2431.0,2431.0,1.0,,0.1,428.5462,392.4485,362.9763,339.1565,320.3305,305.9254,295.3664,288.0818,283.5568,281.3999,281.3999,283.5568,288.0818,295.3664,305.9254,320.3305,339.1565,362.9763,392.4485,428.5462,471.0,473.0,351.8898,134.56300000000005,1979.965,36.55829999999997
2432,2432,2432.0,2432.0,2432.0,2432.0,2432.0,2432.0,2432.0,2432.0,2432.0,2432.0,2432.0,2432.0,2432.0,2432.0,2432.0,2432.0,2432.0,2432.0,2432.0,2432.0,2432.0,2432.0,2432.0,2432.0,2432.0,2432.0,2.0,,0.2,432.484,401.9227,377.2404,357.1519,340.8436,327.7922,317.6578,310.2192,305.335,302.9215,302.9411,305.3973,310.3351,317.8456,328.0775,341.2599,357.7409,378.0538,403.0268,433.969,473.0,472.0,486.4528,143.73849999999993,1845.402,36.55829999999997
2433,2433,2433.0,2433.0,2433.0,2433.0,2433.0,2433.0,2433.0,2433.0,2433.0,2433.0,2433.0,2433.0,2433.0,2433.0,2433.0,2433.0,2433.0,2433.0,2433.0,2433.0,2433.0,2433.0,2433.0,2433.0,2433.0,2433.0,3.0,,0.3,435.8317,406.7786,383.6895,365.1965,350.4046,338.7182,329.7384,323.1995,318.9295,316.8247,316.8351,318.9575,323.2353,329.7655,338.7138,350.3397,365.0371,383.397,406.309,435.1323,473.0,473.0,630.1913,190.6491000000001,1701.6635,36.55829999999997
2434,2434,2434.0,2434.0,2434.0,2434.0,2434.0,2434.0,2434.0,2434.0,2434.0,2434.0,2434.0,2434.0,2434.0,2434.0,2434.0,2434.0,2434.0,2434.0,2434.0,2434.0,2434.0,2434.0,2434.0,2434.0,2434.0,2434.0,4.0,,0.4,436.7848,408.7037,386.5945,369.063,355.1804,344.315,336.0337,330.0413,326.1426,324.2191,324.2146,326.1292,330.0197,336.0052,344.2816,355.145,369.029,386.5653,408.6824,436.7736,473.0,471.0,820.8404,224.89359999999988,1511.0144,36.55829999999997
2435,2435,2435.0,2435.0,2435.0,2435.0,2435.0,2435.0,2435.0,2435.0,2435.0,2435.0,2435.0,2435.0,2435.0,2435.0,2435.0,2435.0,2435.0,2435.0,2435.0,2435.0,2435.0,2435.0,2435.0,2435.0,2435.0,2435.0,5.0,,0.5,437.2551,409.6551,388.034,370.9856,357.5644,347.1202,339.2013,333.4954,329.7927,327.9633,327.9436,329.7302,333.3798,339.0152,346.8385,357.154,370.4046,387.2296,408.5592,435.7753,473.0,472.0,1045.734,245.0444,1286.1208,36.55829999999997
2436,2436,2436.0,2436.0,2436.0,2436.0,2436.0,2436.0,2436.0,2436.0,2436.0,2436.0,2436.0,2436.0,2436.0,2436.0,2436.0,2436.0,2436.0,2436.0,2436.0,2436.0,2436.0,2436.0,2436.0,2436.0,2436.0,2436.0,6.0,,0.6,437.4881,410.1263,388.7464,371.936,358.7411,348.5022,340.7581,335.1882,331.5761,329.7882,329.7603,331.492,335.0467,340.5571,348.2382,358.4086,371.5258,388.2436,409.5063,436.7109,473.0,472.0,1290.7784,255.6469000000002,1041.0764,36.55829999999997
2437,2437,2437.0,2437.0,2437.0,2437.0,2437.0,2437.0,2437.0,2437.0,2437.0,2437.0,2437.0,2437.0,2437.0,2437.0,2437.0,2437.0,2437.0,2437.0,2437.0,2437.0,2437.0,2437.0,2437.0,2437.0,2437.0,2437.0,7.0,,0.7,437.6024,410.3575,389.0961,372.4029,359.3202,349.184,341.529,336.0308,332.4701,330.7109,330.688,332.4007,335.913,341.3591,348.9563,359.026,372.0295,388.6247,409.7603,436.8371,471.0,473.0,1546.4253,259.8696,785.4295,36.55829999999997
2438,2438,2438.0,2438.0,2438.0,2438.0,2438.0,2438.0,2438.0,2438.0,2438.0,2438.0,2438.0,2438.0,2438.0,2438.0,2438.0,2438.0,2438.0,2438.0,2438.0,2438.0,2438.0,2438.0,2438.0,2438.0,2438.0,2438.0,8.0,,0.8,436.1823,409.3819,388.4728,372.0626,359.2067,349.2496,341.7328,336.3375,332.8498,331.139,331.1449,332.8721,336.3897,341.8378,349.4394,359.5224,372.555,389.2028,410.4244,437.6343,473.0,473.0,1806.2949,262.0516,525.5599,36.55829999999997
2439,2439,2439.0,2439.0,2439.0,2439.0,2439.0,2439.0,2439.0,2439.0,2439.0,2439.0,2439.0,2439.0,2439.0,2439.0,2439.0,2439.0,2439.0,2439.0,2439.0,2439.0,2439.0,2439.0,2439.0,2439.0,2439.0,2439.0,9.0,,0.9,437.6484,410.4542,389.2511,372.6247,359.616,349.5583,341.9821,336.558,333.0625,331.3561,331.3714,333.1073,336.6292,342.0743,349.6641,359.726,372.7287,389.3391,410.5176,437.6815,471.0,473.0,2068.3465,263.5083,263.5083,36.55829999999997
2440,2440,2440.0,2440.0,2440.0,2440.0,2440.0,2440.0,2440.0,2440.0,2440.0,2440.0,2440.0,2440.0,2440.0,2440.0,2440.0,2440.0,2440.0,2440.0,2440.0,2440.0,2440.0,2440.0,2440.0,2440.0,2440.0,2440.0,0.0,,0.0,273.0,273.0,273.0,273.0,273.0,273.0,273.0,273.0,273.0,273.0,273.0,273.0,273.0,273.0,273.0,273.0,273.0,273.0,273.0,273.0,473.0,472.0,0.0,352.038,2318.567,36.59660000000002
2441,2441,2441.0,2441.0,2441.0,2441.0,2441.0,2441.0,2441.0,2441.0,2441.0,2441.0,2441.0,2441.0,2441.0,2441.0,2441.0,2441.0,2441.0,2441.0,2441.0,2441.0,2441.0,2441.0,2441.0,2441.0,2441.0,2441.0,1.0,,0.1,428.5462,392.4485,362.9762,339.1562,320.3299,305.9242,295.364,288.0773,283.5485,281.3851,281.3745,283.5147,288.0148,295.2632,305.7721,320.11,338.8482,362.5558,391.8849,427.797,471.0,472.0,352.038,135.05629999999996,1966.529,36.59660000000002
2442,2442,2442.0,2442.0,2442.0,2442.0,2442.0,2442.0,2442.0,2442.0,2442.0,2442.0,2442.0,2442.0,2442.0,2442.0,2442.0,2442.0,2442.0,2442.0,2442.0,2442.0,2442.0,2442.0,2442.0,2442.0,2442.0,2442.0,2.0,,0.2,432.4831,401.9208,377.237,357.1464,340.8349,327.779,317.6382,310.1907,305.2945,302.8651,302.8639,305.2937,310.1982,317.6671,327.8478,340.967,357.3697,377.584,402.4302,433.2036,471.0,473.0,487.0943,142.8696,1831.4727,36.59660000000002
2443,2443,2443.0,2443.0,2443.0,2443.0,2443.0,2443.0,2443.0,2443.0,2443.0,2443.0,2443.0,2443.0,2443.0,2443.0,2443.0,2443.0,2443.0,2443.0,2443.0,2443.0,2443.0,2443.0,2443.0,2443.0,2443.0,2443.0,3.0,,0.3,434.3483,405.6762,382.8757,364.6028,349.9771,338.413,329.5198,323.0394,318.8069,316.7253,316.7514,318.8882,323.1854,329.746,338.7417,350.4375,365.2324,383.7224,406.8034,435.8449,472.0,473.0,629.9639,187.9249,1688.6031,36.59660000000002
2444,2444,2444.0,2444.0,2444.0,2444.0,2444.0,2444.0,2444.0,2444.0,2444.0,2444.0,2444.0,2444.0,2444.0,2444.0,2444.0,2444.0,2444.0,2444.0,2444.0,2444.0,2444.0,2444.0,2444.0,2444.0,2444.0,2444.0,4.0,,0.4,436.0024,408.0734,386.076,368.6311,354.8191,344.0139,335.7857,329.841,325.9855,324.1008,324.131,326.0764,329.9932,336.0003,344.2931,355.1671,369.0557,386.5909,408.7022,436.7843,473.0,472.0,817.8888,223.2360000000001,1500.6782,36.59660000000002
2445,2445,2445.0,2445.0,2445.0,2445.0,2445.0,2445.0,2445.0,2445.0,2445.0,2445.0,2445.0,2445.0,2445.0,2445.0,2445.0,2445.0,2445.0,2445.0,2445.0,2445.0,2445.0,2445.0,2445.0,2445.0,2445.0,2445.0,5.0,,0.5,437.2235,409.5934,387.9459,370.8768,357.4422,346.9925,339.0758,333.3789,329.6911,327.8817,327.887,329.7038,333.3902,339.0711,346.9515,357.3392,370.6815,387.6231,409.1021,436.5129,472.0,473.0,1041.1248,243.9794,1277.4422,36.59660000000002
2446,2446,2446.0,2446.0,2446.0,2446.0,2446.0,2446.0,2446.0,2446.0,2446.0,2446.0,2446.0,2446.0,2446.0,2446.0,2446.0,2446.0,2446.0,2446.0,2446.0,2446.0,2446.0,2446.0,2446.0,2446.0,2446.0,2446.0,6.0,,0.6,436.7408,409.5636,388.3226,371.618,358.5043,348.3277,340.6321,335.101,331.5222,329.7651,329.7685,331.5346,335.1287,340.6859,348.4232,358.6618,371.8632,388.6862,410.0836,437.4661,471.0,471.0,1285.1042,252.8508999999999,1033.4628,36.59660000000002
2447,2447,2447.0,2447.0,2447.0,2447.0,2447.0,2447.0,2447.0,2447.0,2447.0,2447.0,2447.0,2447.0,2447.0,2447.0,2447.0,2447.0,2447.0,2447.0,2447.0,2447.0,2447.0,2447.0,2447.0,2447.0,2447.0,2447.0,7.0,,0.7,436.1039,409.2254,388.2409,371.7609,358.8438,348.8365,341.2815,335.8605,332.3588,330.6436,330.6513,332.3813,335.8962,341.3278,348.8896,358.899,371.8131,388.285,409.2572,436.1205,472.0,473.0,1537.9551,257.86310000000003,780.6119000000001,36.59660000000002
2448,2448,2448.0,2448.0,2448.0,2448.0,2448.0,2448.0,2448.0,2448.0,2448.0,2448.0,2448.0,2448.0,2448.0,2448.0,2448.0,2448.0,2448.0,2448.0,2448.0,2448.0,2448.0,2448.0,2448.0,2448.0,2448.0,2448.0,8.0,,0.8,436.8762,409.8407,388.7491,372.2001,359.2429,349.2172,341.6581,336.2409,332.7455,331.0357,331.0467,332.7804,336.3043,341.7581,349.3656,359.4556,372.4971,389.1565,410.3921,437.6178,471.0,473.0,1795.8182,260.5854999999999,522.7488000000001,36.59660000000002
2449,2449,2449.0,2449.0,2449.0,2449.0,2449.0,2449.0,2449.0,2449.0,2449.0,2449.0,2449.0,2449.0,2449.0,2449.0,2449.0,2449.0,2449.0,2449.0,2449.0,2449.0,2449.0,2449.0,2449.0,2449.0,2449.0,2449.0,9.0,,0.9,436.1786,409.3767,388.4705,372.0687,359.2273,349.2906,341.7984,336.4302,332.97,331.2849,331.3128,333.0565,336.5837,342.0334,349.628,359.6953,372.7037,389.3202,410.5051,437.6752,473.0,471.0,2056.4037,262.16330000000016,262.16330000000016,36.59660000000002
2450,2450,2450.0,2450.0,2450.0,2450.0,2450.0,2450.0,2450.0,2450.0,2450.0,2450.0,2450.0,2450.0,2450.0,2450.0,2450.0,2450.0,2450.0,2450.0,2450.0,2450.0,2450.0,2450.0,2450.0,2450.0,2450.0,2450.0,0.0,,0.0,273.0,273.0,273.0,273.0,273.0,273.0,273.0,273.0,273.0,273.0,273.0,273.0,273.0,273.0,273.0,273.0,273.0,273.0,273.0,273.0,471.0,473.0,0.0,351.6998,2322.4091,36.535199999999975
2451,2451,2451.0,2451.0,2451.0,2451.0,2451.0,2451.0,2451.0,2451.0,2451.0,2451.0,2451.0,2451.0,2451.0,2451.0,2451.0,2451.0,2451.0,2451.0,2451.0,2451.0,2451.0,2451.0,2451.0,2451.0,2451.0,2451.0,1.0,,0.1,427.0473,391.3209,362.135,338.5398,319.8893,305.6187,295.16,287.9477,283.4727,281.349,281.3703,283.5402,288.0728,295.3617,305.923,320.3294,339.1559,362.9761,392.4484,428.5462,471.0,472.0,351.6998,133.8204,1970.7093,36.535199999999975
2452,2452,2452.0,2452.0,2452.0,2452.0,2452.0,2452.0,2452.0,2452.0,2452.0,2452.0,2452.0,2452.0,2452.0,2452.0,2452.0,2452.0,2452.0,2452.0,2452.0,2452.0,2452.0,2452.0,2452.0,2452.0,2452.0,2452.0,2.0,,0.2,432.4378,401.8331,377.1138,356.9982,340.6743,327.6189,317.4906,310.0651,305.1975,302.8002,302.8319,305.2927,310.2243,317.7146,327.9096,341.035,357.4357,377.6406,402.4712,433.225,471.0,473.0,485.5202,142.27910000000003,1836.8889,36.535199999999975
2453,2453,2453.0,2453.0,2453.0,2453.0,2453.0,2453.0,2453.0,2453.0,2453.0,2453.0,2453.0,2453.0,2453.0,2453.0,2453.0,2453.0,2453.0,2453.0,2453.0,2453.0,2453.0,2453.0,2453.0,2453.0,2453.0,2453.0,3.0,,0.3,434.337,405.6538,382.8432,364.5619,349.9302,338.363,329.4697,322.9921,318.765,316.6908,316.7254,318.8709,323.1763,329.7439,338.7449,350.444,365.2403,383.7299,406.8091,435.8479,472.0,472.0,627.7993,187.4778,1694.6097999999995,36.535199999999975
2454,2454,2454.0,2454.0,2454.0,2454.0,2454.0,2454.0,2454.0,2454.0,2454.0,2454.0,2454.0,2454.0,2454.0,2454.0,2454.0,2454.0,2454.0,2454.0,2454.0,2454.0,2454.0,2454.0,2454.0,2454.0,2454.0,2454.0,4.0,,0.4,435.9988,408.0661,386.0652,368.6172,354.8025,343.9951,335.765,329.8183,325.9601,324.0712,324.0941,326.027,329.9237,335.9003,344.1486,354.9605,368.7651,386.1892,408.1549,436.0448,473.0,471.0,815.2771,222.7611,1507.1319999999998,36.535199999999975
2455,2455,2455.0,2455.0,2455.0,2455.0,2455.0,2455.0,2455.0,2455.0,2455.0,2455.0,2455.0,2455.0,2455.0,2455.0,2455.0,2455.0,2455.0,2455.0,2455.0,2455.0,2455.0,2455.0,2455.0,2455.0,2455.0,2455.0,5.0,,0.5,437.2214,409.5891,387.9391,370.867,357.4287,346.9744,339.0516,333.3468,329.6485,327.8253,327.8124,329.6057,333.2619,338.9041,346.7355,357.0614,370.3254,387.1669,408.5159,435.7532,473.0,472.0,1038.0382,244.06850000000009,1284.3709,36.535199999999975
2456,2456,2456.0,2456.0,2456.0,2456.0,2456.0,2456.0,2456.0,2456.0,2456.0,2456.0,2456.0,2456.0,2456.0,2456.0,2456.0,2456.0,2456.0,2456.0,2456.0,2456.0,2456.0,2456.0,2456.0,2456.0,2456.0,2456.0,6.0,,0.6,437.4767,410.1034,388.7123,371.8913,358.6868,348.4398,340.6894,335.1151,331.5007,329.7124,329.686,331.421,334.9804,340.497,348.1854,358.3639,371.4898,388.2167,409.4885,436.7021,473.0,471.0,1282.1067,254.9293,1040.3023999999998,36.535199999999975
2457,2457,2457.0,2457.0,2457.0,2457.0,2457.0,2457.0,2457.0,2457.0,2457.0,2457.0,2457.0,2457.0,2457.0,2457.0,2457.0,2457.0,2457.0,2457.0,2457.0,2457.0,2457.0,2457.0,2457.0,2457.0,2457.0,2457.0,7.0,,0.7,437.5973,410.3471,389.0805,372.3821,359.2944,349.1535,341.494,335.9912,332.4255,330.6601,330.6283,332.3278,335.8201,341.2367,348.7913,358.8016,371.7244,388.2121,409.2057,436.0939,473.0,472.0,1537.036,260.65509999999995,785.3730999999998,36.535199999999975
2458,2458,2458.0,2458.0,2458.0,2458.0,2458.0,2458.0,2458.0,2458.0,2458.0,2458.0,2458.0,2458.0,2458.0,2458.0,2458.0,2458.0,2458.0,2458.0,2458.0,2458.0,2458.0,2458.0,2458.0,2458.0,2458.0,2458.0,8.0,,0.8,437.656,410.4657,389.2596,372.6208,359.5894,349.4993,341.8829,336.4136,332.8704,331.1163,331.0857,332.7783,336.2597,341.6664,349.2182,359.2397,372.1949,388.744,409.8367,436.8741,472.0,471.0,1797.6911,262.53470000000016,524.7179999999998,36.535199999999975
2459,2459,2459.0,2459.0,2459.0,2459.0,2459.0,2459.0,2459.0,2459.0,2459.0,2459.0,2459.0,2459.0,2459.0,2459.0,2459.0,2459.0,2459.0,2459.0,2459.0,2459.0,2459.0,2459.0,2459.0,2459.0,2459.0,2459.0,9.0,,0.9,436.9465,409.9789,388.9494,372.4525,359.535,349.5352,341.9885,336.5709,333.0635,331.3307,331.3072,332.9925,336.4505,341.8153,349.3038,359.2371,372.0756,388.4751,409.3795,436.1799,471.0,472.0,2060.2258,262.1832999999997,262.1832999999997,36.535199999999975
2460,2460,2460.0,2460.0,2460.0,2460.0,2460.0,2460.0,2460.0,2460.0,2460.0,2460.0,2460.0,2460.0,2460.0,2460.0,2460.0,2460.0,2460.0,2460.0,2460.0,2460.0,2460.0,2460.0,2460.0,2460.0,2460.0,0.0,,,0.0,273.0,273.0,273.0,273.0,273.0,273.0,273.0,273.0,273.0,273.0,273.0,273.0,273.0,273.0,273.0,273.0,273.0,273.0,273.0,273.0,472.0,351.0,0.0,382.4501,2678.8406,3.168299999999988
2461,2461,2461.0,2461.0,2461.0,2461.0,2461.0,2461.0,2461.0,2461.0,2461.0,2461.0,2461.0,2461.0,2461.0,2461.0,2461.0,2461.0,2461.0,2461.0,2461.0,2461.0,2461.0,2461.0,2461.0,2461.0,2461.0,1.0,,,0.1,427.7948,391.8788,362.5412,338.8153,320.0392,305.6257,294.9714,287.4542,282.4764,279.5208,278.1954,278.2572,279.6131,282.299,286.4439,292.226,299.8274,309.401,321.0578,334.8853,405.0,274.0,382.4501,244.6672,2296.3905,3.168299999999988
2462,2462,2462.0,2462.0,2462.0,2462.0,2462.0,2462.0,2462.0,2462.0,2462.0,2462.0,2462.0,2462.0,2462.0,2462.0,2462.0,2462.0,2462.0,2462.0,2462.0,2462.0,2462.0,2462.0,2462.0,2462.0,2462.0,2.0,,,0.2,382.6191,364.3422,349.1467,336.3321,325.4357,316.1683,308.3599,301.9094,296.7401,292.7652,289.8627,287.8626,286.5462,285.6561,284.918,284.0707,282.9019,281.2817,279.1853,276.6984,370.0,270.0,627.1173,248.9134,2051.7233,3.168299999999988
2463,2463,2463.0,2463.0,2463.0,2463.0,2463.0,2463.0,2463.0,2463.0,2463.0,2463.0,2463.0,2463.0,2463.0,2463.0,2463.0,2463.0,2463.0,2463.0,2463.0,2463.0,2463.0,2463.0,2463.0,2463.0,2463.0,3.0,,,0.3,355.8148,344.2241,334.5822,326.4095,319.3618,313.2043,307.7844,303.0058,298.8043,295.1272,291.9201,289.1192,286.6496,284.4284,282.3703,280.3948,278.4334,276.4349,274.3682,272.2218,372.0,272.0,876.0307,251.78060000000005,1802.8099,3.168299999999988
2464,2464,2464.0,2464.0,2464.0,2464.0,2464.0,2464.0,2464.0,2464.0,2464.0,2464.0,2464.0,2464.0,2464.0,2464.0,2464.0,2464.0,2464.0,2464.0,2464.0,2464.0,2464.0,2464.0,2464.0,2464.0,2464.0,4.0,,,0.4,356.6221,344.0041,333.5584,324.8414,317.5115,311.3019,306.0017,301.4431,297.4919,294.0404,291.0014,288.3037,285.8888,283.7077,281.7191,279.8869,278.1788,276.5648,275.0162,273.5042,376.0,274.0,1127.8113,255.29880000000003,1551.0293,3.168299999999988
2465,2465,2465.0,2465.0,2465.0,2465.0,2465.0,2465.0,2465.0,2465.0,2465.0,2465.0,2465.0,2465.0,2465.0,2465.0,2465.0,2465.0,2465.0,2465.0,2465.0,2465.0,2465.0,2465.0,2465.0,2465.0,2465.0,5.0,,,0.5,359.5687,346.0704,334.8929,325.5791,317.7775,311.2112,305.6578,300.9365,296.8997,293.4265,290.4189,287.7976,285.4991,283.4724,281.6763,280.0763,278.6423,277.3461,276.1596,275.0541,380.0,273.0,1383.1101,257.617,1295.7305,3.168299999999988
2466,2466,2466.0,2466.0,2466.0,2466.0,2466.0,2466.0,2466.0,2466.0,2466.0,2466.0,2466.0,2466.0,2466.0,2466.0,2466.0,2466.0,2466.0,2466.0,2466.0,2466.0,2466.0,2466.0,2466.0,2466.0,2466.0,6.0,,,0.6,362.7024,348.502,336.7479,326.9586,318.7664,311.8835,306.0791,301.1654,296.9877,293.4177,290.349,287.6923,285.3731,283.3281,281.5035,279.8532,278.3377,276.9224,275.5779,274.2782,376.0,272.0,1640.7271,259.3614,1038.1135,3.168299999999988
2467,2467,2467.0,2467.0,2467.0,2467.0,2467.0,2467.0,2467.0,2467.0,2467.0,2467.0,2467.0,2467.0,2467.0,2467.0,2467.0,2467.0,2467.0,2467.0,2467.0,2467.0,2467.0,2467.0,2467.0,2467.0,2467.0,7.0,,,0.7,359.725,346.3642,335.2885,326.0298,318.2332,311.6264,305.9976,301.1794,297.0375,293.4618,290.3598,287.6524,285.2711,283.1552,281.2514,279.5124,277.8964,276.367,274.8926,273.4452,376.0,273.0,1900.0885,260.0649000000001,778.7520999999999,3.168299999999988
2468,2468,2468.0,2468.0,2468.0,2468.0,2468.0,2468.0,2468.0,2468.0,2468.0,2468.0,2468.0,2468.0,2468.0,2468.0,2468.0,2468.0,2468.0,2468.0,2468.0,2468.0,2468.0,2468.0,2468.0,2468.0,2468.0,8.0,,,0.8,359.6457,346.2135,335.0815,325.7859,317.9732,311.3687,305.7562,300.9626,296.8484,293.2998,290.2234,287.5417,285.1903,283.1146,281.2687,279.6121,278.1094,276.7275,275.4354,274.2029,378.0,274.0,2160.1534,259.7633000000001,518.6871999999998,3.168299999999988
2469,2469,2469.0,2469.0,2469.0,2469.0,2469.0,2469.0,2469.0,2469.0,2469.0,2469.0,2469.0,2469.0,2469.0,2469.0,2469.0,2469.0,2469.0,2469.0,2469.0,2469.0,2469.0,2469.0,2469.0,2469.0,2469.0,9.0,,,0.9,361.1678,347.3444,335.8936,326.3426,318.331,311.5779,305.8602,300.9983,296.8465,293.2855,290.2173,287.5617,285.2523,283.2343,281.4613,279.894,278.4974,277.2396,276.0904,275.0202,377.0,273.0,2419.9167,258.9238999999998,258.9238999999998,3.168299999999988
2470,2470,2470.0,2470.0,2470.0,2470.0,2470.0,2470.0,2470.0,2470.0,2470.0,2470.0,2470.0,2470.0,2470.0,2470.0,2470.0,2470.0,2470.0,2470.0,2470.0,2470.0,2470.0,2470.0,2470.0,2470.0,2470.0,0.0,,,0.0,273.0,273.0,273.0,273.0,273.0,273.0,273.0,273.0,273.0,273.0,273.0,273.0,273.0,273.0,273.0,273.0,273.0,273.0,273.0,273.0,473.0,352.0,0.0,382.1892,2684.7644,3.421100000000024
2471,2471,2471.0,2471.0,2471.0,2471.0,2471.0,2471.0,2471.0,2471.0,2471.0,2471.0,2471.0,2471.0,2471.0,2471.0,2471.0,2471.0,2471.0,2471.0,2471.0,2471.0,2471.0,2471.0,2471.0,2471.0,2471.0,1.0,,,0.1,428.5441,392.4425,362.9618,339.1238,320.2603,305.7802,295.077,287.5259,282.5272,279.5618,278.237,278.3102,279.6892,282.4122,286.6108,292.4662,300.1633,309.8577,321.6629,335.6698,406.0,273.0,382.1892,244.325,2302.5752,3.421100000000024
2472,2472,2472.0,2472.0,2472.0,2472.0,2472.0,2472.0,2472.0,2472.0,2472.0,2472.0,2472.0,2472.0,2472.0,2472.0,2472.0,2472.0,2472.0,2472.0,2472.0,2472.0,2472.0,2472.0,2472.0,2472.0,2472.0,2.0,,,0.2,383.4086,364.9693,349.6458,336.7297,325.7524,316.4211,308.5629,302.0742,296.876,292.8786,289.9568,287.9366,286.594,285.6659,284.8713,283.9433,282.6643,280.9011,278.6282,275.9334,368.0,271.0,626.5142,248.8329,2058.2502,3.421100000000024
2473,2473,2473.0,2473.0,2473.0,2473.0,2473.0,2473.0,2473.0,2473.0,2473.0,2473.0,2473.0,2473.0,2473.0,2473.0,2473.0,2473.0,2473.0,2473.0,2473.0,2473.0,2473.0,2473.0,2473.0,2473.0,2473.0,3.0,,,0.3,354.3027,343.1143,333.7999,325.8873,319.0388,313.027,307.7075,302.9933,298.8288,295.1703,291.9717,289.1767,286.718,284.5196,282.5031,280.5942,278.7293,276.8601,274.9557,273.0024,371.0,274.0,875.3471,249.3254,1809.4173,3.421100000000024
2474,2474,2474.0,2474.0,2474.0,2474.0,2474.0,2474.0,2474.0,2474.0,2474.0,2474.0,2474.0,2474.0,2474.0,2474.0,2474.0,2474.0,2474.0,2474.0,2474.0,2474.0,2474.0,2474.0,2474.0,2474.0,2474.0,4.0,,,0.4,355.8051,343.3331,333.0076,324.3929,317.1525,311.0227,305.7948,301.3027,297.4143,294.0244,291.0494,288.4228,286.0917,284.0134,282.1529,280.4803,278.9688,277.5922,276.3241,275.1364,376.0,272.0,1124.6725,252.82680000000005,1560.0919,3.421100000000024
2475,2475,2475.0,2475.0,2475.0,2475.0,2475.0,2475.0,2475.0,2475.0,2475.0,2475.0,2475.0,2475.0,2475.0,2475.0,2475.0,2475.0,2475.0,2475.0,2475.0,2475.0,2475.0,2475.0,2475.0,2475.0,2475.0,5.0,,,0.5,359.5328,346.002,334.7991,325.4696,317.6636,311.1046,305.5692,300.8745,296.8694,293.4285,290.4478,287.84,285.532,283.4617,281.576,279.8289,278.1814,276.6002,275.0576,273.5307,380.0,272.0,1377.4993,259.14530000000013,1307.2651,3.421100000000024
2476,2476,2476.0,2476.0,2476.0,2476.0,2476.0,2476.0,2476.0,2476.0,2476.0,2476.0,2476.0,2476.0,2476.0,2476.0,2476.0,2476.0,2476.0,2476.0,2476.0,2476.0,2476.0,2476.0,2476.0,2476.0,2476.0,6.0,,,0.6,362.6938,348.485,336.7236,326.9279,318.7304,311.8427,306.0331,301.1123,296.9237,293.3373,290.2442,287.5535,285.1892,283.087,281.193,279.461,277.8514,276.3298,274.8655,273.4309,376.0,273.0,1636.6446,261.12159999999994,1048.1198,3.421100000000024
2477,2477,2477.0,2477.0,2477.0,2477.0,2477.0,2477.0,2477.0,2477.0,2477.0,2477.0,2477.0,2477.0,2477.0,2477.0,2477.0,2477.0,2477.0,2477.0,2477.0,2477.0,2477.0,2477.0,2477.0,2477.0,2477.0,7.0,,,0.7,359.7194,346.3525,335.2704,326.0043,318.1994,311.5831,305.9434,301.1134,296.9593,293.3724,290.2627,287.5546,285.1841,283.0964,281.2442,279.5861,278.0852,276.7076,275.4214,274.1957,377.0,271.0,1897.7662,260.94979999999987,786.9982,3.421100000000024
2478,2478,2478.0,2478.0,2478.0,2478.0,2478.0,2478.0,2478.0,2478.0,2478.0,2478.0,2478.0,2478.0,2478.0,2478.0,2478.0,2478.0,2478.0,2478.0,2478.0,2478.0,2478.0,2478.0,2478.0,2478.0,2478.0,8.0,,,0.8,360.4137,346.7921,335.5058,326.0859,318.1751,311.4951,305.826,300.9906,296.8452,293.2711,290.1689,287.4547,285.0558,282.909,280.9584,279.1545,277.4537,275.8181,274.2154,272.6174,378.0,272.0,2158.716,263.20510000000013,526.0484000000001,3.421100000000024
2479,2479,2479.0,2479.0,2479.0,2479.0,2479.0,2479.0,2479.0,2479.0,2479.0,2479.0,2479.0,2479.0,2479.0,2479.0,2479.0,2479.0,2479.0,2479.0,2479.0,2479.0,2479.0,2479.0,2479.0,2479.0,2479.0,9.0,,,0.9,361.1911,347.3882,335.9524,326.409,318.3962,311.6325,305.8949,301.0038,296.8132,293.2031,290.0743,287.3443,284.9442,282.8157,280.9095,279.1828,277.5976,276.1192,274.7147,273.3521,375.0,272.0,2421.9211,262.8433,262.8433,3.421100000000024
2480,2480,2480.0,2480.0,2480.0,2480.0,2480.0,2480.0,2480.0,2480.0,2480.0,2480.0,2480.0,2480.0,2480.0,2480.0,2480.0,2480.0,2480.0,2480.0,2480.0,2480.0,2480.0,2480.0,2480.0,2480.0,2480.0,0.0,,,0.0,273.0,273.0,273.0,273.0,273.0,273.0,273.0,273.0,273.0,273.0,273.0,273.0,273.0,273.0,273.0,273.0,273.0,273.0,273.0,273.0,471.0,356.0,0.0,380.5973,2659.3638,2.8433
2481,2481,2481.0,2481.0,2481.0,2481.0,2481.0,2481.0,2481.0,2481.0,2481.0,2481.0,2481.0,2481.0,2481.0,2481.0,2481.0,2481.0,2481.0,2481.0,2481.0,2481.0,2481.0,2481.0,2481.0,2481.0,2481.0,1.0,,,0.1,427.0453,391.3151,362.121,338.5082,319.8214,305.4784,294.8804,287.4105,282.4778,279.5731,278.3145,278.4718,279.9662,282.8502,287.2704,293.4221,301.5033,311.681,324.08,338.805,403.0,274.0,380.5973,238.0454,2278.7665,2.8433
2482,2482,2482.0,2482.0,2482.0,2482.0,2482.0,2482.0,2482.0,2482.0,2482.0,2482.0,2482.0,2482.0,2482.0,2482.0,2482.0,2482.0,2482.0,2482.0,2482.0,2482.0,2482.0,2482.0,2482.0,2482.0,2482.0,2.0,,,0.2,381.0706,363.1495,348.2396,335.6573,324.9516,315.8433,308.1706,301.8397,296.7798,292.9081,290.1043,288.1973,286.9642,286.1407,285.4441,284.6048,283.4038,281.7083,279.4964,276.8627,371.0,271.0,618.6427,245.0978,2040.7211,2.8433
2483,2483,2483.0,2483.0,2483.0,2483.0,2483.0,2483.0,2483.0,2483.0,2483.0,2483.0,2483.0,2483.0,2483.0,2483.0,2483.0,2483.0,2483.0,2483.0,2483.0,2483.0,2483.0,2483.0,2483.0,2483.0,2483.0,3.0,,,0.3,356.5387,344.7196,334.8954,326.5859,319.445,313.2338,307.7942,303.0231,298.8489,295.2127,292.0547,289.3077,286.8951,284.7339,282.7401,280.8359,278.9557,277.0513,275.0942,273.0752,372.0,273.0,863.7405,248.9924,1795.6233000000002,2.8433
2484,2484,2484.0,2484.0,2484.0,2484.0,2484.0,2484.0,2484.0,2484.0,2484.0,2484.0,2484.0,2484.0,2484.0,2484.0,2484.0,2484.0,2484.0,2484.0,2484.0,2484.0,2484.0,2484.0,2484.0,2484.0,2484.0,4.0,,,0.4,356.6418,344.0424,333.6129,324.9095,317.591,311.3915,306.1017,301.5556,297.6209,294.1912,291.1804,288.5183,286.147,284.0182,282.091,280.3302,278.7047,277.1859,275.7466,274.3601,377.0,273.0,1112.7329,253.3193000000001,1546.6309,2.8433
2485,2485,2485.0,2485.0,2485.0,2485.0,2485.0,2485.0,2485.0,2485.0,2485.0,2485.0,2485.0,2485.0,2485.0,2485.0,2485.0,2485.0,2485.0,2485.0,2485.0,2485.0,2485.0,2485.0,2485.0,2485.0,2485.0,5.0,,,0.5,360.3527,346.6813,335.3663,325.9456,318.0639,311.4406,305.8498,301.1067,297.0593,293.5823,290.5726,287.9454,285.631,283.5717,281.7194,280.0336,278.4791,277.0253,275.6443,274.3105,375.0,273.0,1366.0522,256.59749999999985,1293.3116,2.8433
2486,2486,2486.0,2486.0,2486.0,2486.0,2486.0,2486.0,2486.0,2486.0,2486.0,2486.0,2486.0,2486.0,2486.0,2486.0,2486.0,2486.0,2486.0,2486.0,2486.0,2486.0,2486.0,2486.0,2486.0,2486.0,2486.0,6.0,,,0.6,358.8747,345.6292,334.6498,325.4785,317.7666,311.2442,305.6993,300.9633,296.8996,293.3965,290.361,287.7153,285.3929,283.3375,281.5001,279.8384,278.3155,276.8985,275.558,274.2669,377.0,274.0,1622.6497,257.9052000000001,1036.7141,2.8433
2487,2487,2487.0,2487.0,2487.0,2487.0,2487.0,2487.0,2487.0,2487.0,2487.0,2487.0,2487.0,2487.0,2487.0,2487.0,2487.0,2487.0,2487.0,2487.0,2487.0,2487.0,2487.0,2487.0,2487.0,2487.0,2487.0,7.0,,,0.7,360.373,346.7147,335.3992,325.9608,318.0438,311.3706,305.7206,300.916,296.8121,293.2906,290.2542,287.6229,285.3306,283.3225,281.5528,279.9821,278.5761,277.3037,276.1355,275.0435,376.0,272.0,1880.5549,258.3573000000001,778.8089,2.8433
2488,2488,2488.0,2488.0,2488.0,2488.0,2488.0,2488.0,2488.0,2488.0,2488.0,2488.0,2488.0,2488.0,2488.0,2488.0,2488.0,2488.0,2488.0,2488.0,2488.0,2488.0,2488.0,2488.0,2488.0,2488.0,2488.0,8.0,,,0.8,359.6381,346.1978,335.0572,325.7531,317.9331,311.3242,305.7116,300.9239,296.8219,293.2909,290.2348,287.5716,285.2303,283.1486,281.2714,279.5503,277.9427,276.4123,274.9282,273.4648,377.0,273.0,2138.9122,260.2655,520.4515999999999,2.8433
2489,2489,2489.0,2489.0,2489.0,2489.0,2489.0,2489.0,2489.0,2489.0,2489.0,2489.0,2489.0,2489.0,2489.0,2489.0,2489.0,2489.0,2489.0,2489.0,2489.0,2489.0,2489.0,2489.0,2489.0,2489.0,2489.0,9.0,,,0.9,360.3919,346.7498,335.4454,326.0112,318.0906,311.4062,305.7381,300.9095,296.7769,293.2224,290.1489,287.4758,285.1357,283.0724,281.2381,279.5916,278.0968,276.7206,275.4321,274.2017,376.0,273.0,2399.1777,260.1860999999999,260.1860999999999,2.8433
2490,2490,2490.0,2490.0,2490.0,2490.0,2490.0,2490.0,2490.0,2490.0,2490.0,2490.0,2490.0,2490.0,2490.0,2490.0,2490.0,2490.0,2490.0,2490.0,2490.0,2490.0,2490.0,2490.0,2490.0,2490.0,2490.0,0.0,,,0.0,273.0,273.0,273.0,273.0,273.0,273.0,273.0,273.0,273.0,273.0,273.0,273.0,273.0,273.0,273.0,273.0,273.0,273.0,273.0,273.0,472.0,354.0,0.0,381.3886,2696.0316000000003,2.9057000000000244
2491,2491,2491.0,2491.0,2491.0,2491.0,2491.0,2491.0,2491.0,2491.0,2491.0,2491.0,2491.0,2491.0,2491.0,2491.0,2491.0,2491.0,2491.0,2491.0,2491.0,2491.0,2491.0,2491.0,2491.0,2491.0,2491.0,1.0,,,0.1,427.7949,391.879,362.5416,338.8161,320.0409,305.6293,294.9787,287.4682,282.5025,279.5675,278.2758,278.391,279.8278,282.6313,286.9408,292.9444,300.8337,310.7699,322.8721,337.2379,403.0,274.0,381.3886,240.5635,2314.643,2.9057000000000244
2492,2492,2492.0,2492.0,2492.0,2492.0,2492.0,2492.0,2492.0,2492.0,2492.0,2492.0,2492.0,2492.0,2492.0,2492.0,2492.0,2492.0,2492.0,2492.0,2492.0,2492.0,2492.0,2492.0,2492.0,2492.0,2492.0,2.0,,,0.2,381.0939,363.1937,348.2999,335.7267,325.0219,315.9057,308.2168,301.8618,296.7715,292.8646,290.0228,288.0776,286.8089,285.9563,285.2408,284.3963,283.2066,281.54,279.3733,276.7976,368.0,270.0,621.9521,246.0059,2074.0795,2.9057000000000244
2493,2493,2493.0,2493.0,2493.0,2493.0,2493.0,2493.0,2493.0,2493.0,2493.0,2493.0,2493.0,2493.0,2493.0,2493.0,2493.0,2493.0,2493.0,2493.0,2493.0,2493.0,2493.0,2493.0,2493.0,2493.0,2493.0,3.0,,,0.3,354.2203,342.9576,333.5843,325.6336,318.7703,312.7662,307.4741,302.8017,298.6877,295.082,291.9319,289.1748,286.737,284.536,282.4871,280.5107,278.5389,276.5219,274.4301,272.254,374.0,271.0,867.958,251.5019000000001,1828.0736,2.9057000000000244
2494,2494,2494.0,2494.0,2494.0,2494.0,2494.0,2494.0,2494.0,2494.0,2494.0,2494.0,2494.0,2494.0,2494.0,2494.0,2494.0,2494.0,2494.0,2494.0,2494.0,2494.0,2494.0,2494.0,2494.0,2494.0,2494.0,4.0,,,0.4,358.1047,345.059,334.2662,325.277,317.744,311.3923,306.0014,301.392,297.4185,293.9618,290.9245,288.2269,285.8029,283.5973,281.5634,279.6609,277.8547,276.1134,274.4083,272.7124,376.0,271.0,1119.4599,258.0779,1576.5716999999995,2.9057000000000244
2495,2495,2495.0,2495.0,2495.0,2495.0,2495.0,2495.0,2495.0,2495.0,2495.0,2495.0,2495.0,2495.0,2495.0,2495.0,2495.0,2495.0,2495.0,2495.0,2495.0,2495.0,2495.0,2495.0,2495.0,2495.0,2495.0,5.0,,,0.5,359.6036,346.1359,334.981,325.679,317.8771,311.299,305.7233,300.9706,296.8935,293.3704,290.3002,287.5985,285.1948,283.0295,281.0517,279.218,277.4902,275.8344,274.2197,272.6174,379.0,271.0,1377.5378,262.85040000000004,1318.4937999999995,2.9057000000000244
2496,2496,2496.0,2496.0,2496.0,2496.0,2496.0,2496.0,2496.0,2496.0,2496.0,2496.0,2496.0,2496.0,2496.0,2496.0,2496.0,2496.0,2496.0,2496.0,2496.0,2496.0,2496.0,2496.0,2496.0,2496.0,2496.0,6.0,,,0.6,361.9344,347.9211,336.3163,326.6419,318.5331,311.7041,305.9264,301.014,296.8144,293.2007,290.0678,287.3274,284.9057,282.7401,280.7771,278.9706,277.2803,275.67,274.1068,272.56,375.0,272.0,1640.3882,264.04909999999995,1055.6433999999997,2.9057000000000244
2497,2497,2497.0,2497.0,2497.0,2497.0,2497.0,2497.0,2497.0,2497.0,2497.0,2497.0,2497.0,2497.0,2497.0,2497.0,2497.0,2497.0,2497.0,2497.0,2497.0,2497.0,2497.0,2497.0,2497.0,2497.0,2497.0,7.0,,,0.7,358.9168,345.7064,334.7487,325.5811,317.8525,311.293,305.6928,300.8866,296.7419,293.1514,290.0261,287.2914,284.884,282.7495,280.8405,279.1155,277.5367,276.069,274.679,273.3336,379.0,272.0,1904.4373,263.67610000000013,791.5942999999997,2.9057000000000244
2498,2498,2498.0,2498.0,2498.0,2498.0,2498.0,2498.0,2498.0,2498.0,2498.0,2498.0,2498.0,2498.0,2498.0,2498.0,2498.0,2498.0,2498.0,2498.0,2498.0,2498.0,2498.0,2498.0,2498.0,2498.0,2498.0,8.0,,,0.8,361.9156,347.8845,336.2635,326.5752,318.4547,311.6161,305.8311,300.9143,296.7142,293.1058,289.9864,287.2703,284.8866,282.7754,280.8855,279.1726,277.5976,276.1249,274.7216,273.3566,377.0,271.0,2168.1134,264.0721999999996,527.9181999999996,2.9057000000000244
2499,2499,2499.0,2499.0,2499.0,2499.0,2499.0,2499.0,2499.0,2499.0,2499.0,2499.0,2499.0,2499.0,2499.0,2499.0,2499.0,2499.0,2499.0,2499.0,2499.0,2499.0,2499.0,2499.0,2499.0,2499.0,2499.0,9.0,,,0.9,360.4546,346.8676,335.6043,326.192,318.2725,311.5689,305.8643,300.9862,296.7951,293.1763,290.0336,287.2853,284.8608,282.6983,280.7432,278.9471,277.2669,275.6645,274.1059,272.5605,378.0,274.0,2432.1856,263.846,263.846,2.9057000000000244
2500,2500,2500.0,2500.0,2500.0,2500.0,2500.0,2500.0,2500.0,2500.0,2500.0,2500.0,2500.0,2500.0,2500.0,2500.0,2500.0,2500.0,2500.0,2500.0,2500.0,2500.0,2500.0,2500.0,2500.0,2500.0,2500.0,0.0,,,0.0,273.0,273.0,273.0,273.0,273.0,273.0,273.0,273.0,273.0,273.0,273.0,273.0,273.0,273.0,273.0,273.0,273.0,273.0,273.0,273.0,473.0,354.0,0.0,381.4834,2692.5103,3.294500000000028
2501,2501,2501.0,2501.0,2501.0,2501.0,2501.0,2501.0,2501.0,2501.0,2501.0,2501.0,2501.0,2501.0,2501.0,2501.0,2501.0,2501.0,2501.0,2501.0,2501.0,2501.0,2501.0,2501.0,2501.0,2501.0,2501.0,1.0,,,0.1,428.5442,392.4426,362.9621,339.1244,320.2615,305.7826,295.0819,287.5353,282.5446,279.5929,278.2906,278.3993,279.8323,282.6336,286.942,292.945,300.834,310.77,322.8721,337.2379,405.0,271.0,381.4834,242.4372,2311.0269,3.294500000000028
2502,2502,2502.0,2502.0,2502.0,2502.0,2502.0,2502.0,2502.0,2502.0,2502.0,2502.0,2502.0,2502.0,2502.0,2502.0,2502.0,2502.0,2502.0,2502.0,2502.0,2502.0,2502.0,2502.0,2502.0,2502.0,2502.0,2.0,,,0.2,382.6469,364.3964,349.2244,336.4298,325.5493,316.2945,308.4965,302.055,296.8932,292.922,290.0147,287.993,286.6262,285.642,284.7489,283.6692,282.1763,280.1316,277.5089,274.4009,369.0,271.0,623.9206,249.9995,2068.5897,3.294500000000028
2503,2503,2503.0,2503.0,2503.0,2503.0,2503.0,2503.0,2503.0,2503.0,2503.0,2503.0,2503.0,2503.0,2503.0,2503.0,2503.0,2503.0,2503.0,2503.0,2503.0,2503.0,2503.0,2503.0,2503.0,2503.0,2503.0,3.0,,,0.3,355.0529,343.6583,334.1768,326.1327,319.1847,313.1007,307.731,302.9823,298.7933,295.1153,291.8984,289.0848,286.607,284.391,282.3613,280.4473,278.5884,276.7381,274.8656,272.9545,375.0,272.0,873.9201,251.9753000000001,1818.5902,3.294500000000028
2504,2504,2504.0,2504.0,2504.0,2504.0,2504.0,2504.0,2504.0,2504.0,2504.0,2504.0,2504.0,2504.0,2504.0,2504.0,2504.0,2504.0,2504.0,2504.0,2504.0,2504.0,2504.0,2504.0,2504.0,2504.0,2504.0,4.0,,,0.4,358.9195,345.7276,334.8166,325.7299,318.1148,311.6933,306.2429,301.5835,297.5695,294.0829,291.0278,288.3265,285.9152,283.741,281.7594,279.9317,278.2239,276.6052,275.0467,273.5206,375.0,271.0,1125.8954,256.54189999999994,1566.6148999999998,3.294500000000028
2505,2505,2505.0,2505.0,2505.0,2505.0,2505.0,2505.0,2505.0,2505.0,2505.0,2505.0,2505.0,2505.0,2505.0,2505.0,2505.0,2505.0,2505.0,2505.0,2505.0,2505.0,2505.0,2505.0,2505.0,2505.0,2505.0,5.0,,,0.5,358.8718,345.627,334.6546,325.4978,317.8071,311.3098,305.7898,301.0732,297.0184,293.5086,290.4466,287.7504,285.3503,283.1862,281.2061,279.3645,277.6216,275.9426,274.297,272.6578,376.0,273.0,1382.4373,260.1959999999999,1310.073,3.294500000000028
2506,2506,2506.0,2506.0,2506.0,2506.0,2506.0,2506.0,2506.0,2506.0,2506.0,2506.0,2506.0,2506.0,2506.0,2506.0,2506.0,2506.0,2506.0,2506.0,2506.0,2506.0,2506.0,2506.0,2506.0,2506.0,2506.0,6.0,,,0.6,359.6053,346.1361,334.9742,325.6581,317.8352,311.2304,305.6253,300.8443,296.7445,293.2093,290.143,287.4672,285.1174,283.0407,281.1929,279.5365,278.038,276.6662,275.3903,274.1789,377.0,273.0,1642.6333,260.44730000000004,1049.877,3.294500000000028
2507,2507,2507.0,2507.0,2507.0,2507.0,2507.0,2507.0,2507.0,2507.0,2507.0,2507.0,2507.0,2507.0,2507.0,2507.0,2507.0,2507.0,2507.0,2507.0,2507.0,2507.0,2507.0,2507.0,2507.0,2507.0,2507.0,7.0,,,0.7,360.3824,346.7309,335.4178,325.9758,318.0488,311.3596,305.6885,300.8591,296.728,293.1775,290.1104,287.446,285.1165,283.0645,281.2409,279.6032,278.1137,276.7387,275.4472,274.2102,378.0,271.0,1903.0806,261.4676000000002,789.4296999999999,3.294500000000028
2508,2508,2508.0,2508.0,2508.0,2508.0,2508.0,2508.0,2508.0,2508.0,2508.0,2508.0,2508.0,2508.0,2508.0,2508.0,2508.0,2508.0,2508.0,2508.0,2508.0,2508.0,2508.0,2508.0,2508.0,2508.0,2508.0,8.0,,,0.8,361.18,347.3668,335.9223,326.3725,318.3567,311.5942,305.8626,300.9826,296.8078,293.2168,290.1078,287.3941,285.0007,282.8622,280.9209,279.1262,277.4336,275.8048,274.2074,272.6138,378.0,271.0,2164.5482,264.1016,527.9620999999997,3.294500000000028
2509,2509,2509.0,2509.0,2509.0,2509.0,2509.0,2509.0,2509.0,2509.0,2509.0,2509.0,2509.0,2509.0,2509.0,2509.0,2509.0,2509.0,2509.0,2509.0,2509.0,2509.0,2509.0,2509.0,2509.0,2509.0,2509.0,9.0,,,0.9,361.2129,347.4295,336.0086,326.4738,318.4629,311.6946,305.9469,301.0416,296.8337,293.2037,290.0522,287.2949,284.8605,282.6874,280.7223,278.9185,277.2346,275.6336,274.0816,272.5471,375.0,273.0,2428.6498,263.8604999999998,263.8604999999998,3.294500000000028
2510,2510,2510.0,2510.0,2510.0,2510.0,2510.0,2510.0,2510.0,2510.0,2510.0,2510.0,2510.0,2510.0,2510.0,2510.0,2510.0,2510.0,2510.0,2510.0,2510.0,2510.0,2510.0,2510.0,2510.0,2510.0,2510.0,0.0,,,0.0,273.0,273.0,273.0,273.0,273.0,273.0,273.0,273.0,273.0,273.0,273.0,273.0,273.0,273.0,273.0,273.0,273.0,273.0,273.0,273.0,471.0,354.0,0.0,381.2963,2664.2963,2.8163000000000125
2511,2511,2511.0,2511.0,2511.0,2511.0,2511.0,2511.0,2511.0,2511.0,2511.0,2511.0,2511.0,2511.0,2511.0,2511.0,2511.0,2511.0,2511.0,2511.0,2511.0,2511.0,2511.0,2511.0,2511.0,2511.0,2511.0,1.0,,,0.1,427.0453,391.315,362.1208,338.5076,319.8202,305.4759,294.8755,287.4011,282.4604,279.542,278.261,278.3827,279.8232,282.6289,286.9396,292.9438,300.8334,310.7697,322.872,337.2378,403.0,274.0,381.2963,240.38830000000007,2283.0,2.8163000000000125
2512,2512,2512.0,2512.0,2512.0,2512.0,2512.0,2512.0,2512.0,2512.0,2512.0,2512.0,2512.0,2512.0,2512.0,2512.0,2512.0,2512.0,2512.0,2512.0,2512.0,2512.0,2512.0,2512.0,2512.0,2512.0,2512.0,2.0,,,0.2,381.0687,363.1453,348.2323,335.6456,324.9336,315.8163,308.1316,301.7848,296.705,292.8095,289.9789,288.0438,286.7838,285.9382,285.228,284.3876,283.2009,281.5364,279.3712,276.7966,369.0,272.0,621.6846,245.5087,2042.6117,2.8163000000000125
2513,2513,2513.0,2513.0,2513.0,2513.0,2513.0,2513.0,2513.0,2513.0,2513.0,2513.0,2513.0,2513.0,2513.0,2513.0,2513.0,2513.0,2513.0,2513.0,2513.0,2513.0,2513.0,2513.0,2513.0,2513.0,2513.0,3.0,,,0.3,354.9866,343.5317,334.0018,325.9256,318.9647,312.8877,307.5442,302.8392,298.7091,295.1029,291.9683,289.2449,286.8627,284.7448,282.8128,280.9937,279.2255,277.4618,275.6747,273.8532,375.0,274.0,867.1933,248.2541,1797.103,2.8163000000000125
2514,2514,2514.0,2514.0,2514.0,2514.0,2514.0,2514.0,2514.0,2514.0,2514.0,2514.0,2514.0,2514.0,2514.0,2514.0,2514.0,2514.0,2514.0,2514.0,2514.0,2514.0,2514.0,2514.0,2514.0,2514.0,2514.0,4.0,,,0.4,358.9042,345.6986,334.777,325.6846,318.0701,311.6569,306.2231,301.5898,297.612,294.1724,291.1763,288.5476,286.2247,284.1579,282.3059,280.6344,279.1131,277.7147,276.4133,275.1835,376.0,273.0,1115.4474,252.09670000000008,1548.8489,2.8163000000000125
2515,2515,2515.0,2515.0,2515.0,2515.0,2515.0,2515.0,2515.0,2515.0,2515.0,2515.0,2515.0,2515.0,2515.0,2515.0,2515.0,2515.0,2515.0,2515.0,2515.0,2515.0,2515.0,2515.0,2515.0,2515.0,2515.0,5.0,,,0.5,359.6457,346.2183,335.1003,325.8309,318.0578,311.5059,305.9566,301.2337,297.1933,293.7172,290.7071,288.0808,285.7689,283.7125,281.861,280.1709,278.6048,277.1304,275.7202,274.3504,375.0,271.0,1367.5441,256.3472999999999,1296.7522,2.8163000000000125
2516,2516,2516.0,2516.0,2516.0,2516.0,2516.0,2516.0,2516.0,2516.0,2516.0,2516.0,2516.0,2516.0,2516.0,2516.0,2516.0,2516.0,2516.0,2516.0,2516.0,2516.0,2516.0,2516.0,2516.0,2516.0,2516.0,6.0,,,0.6,358.8681,345.6178,334.6369,325.4679,317.7623,311.2492,305.715,300.9884,296.9301,293.4249,290.3758,287.6998,285.3248,283.1875,281.2319,279.4089,277.6758,275.9961,274.3397,272.6813,378.0,273.0,1623.8914,260.6038000000001,1040.4049,2.8163000000000125
2517,2517,2517.0,2517.0,2517.0,2517.0,2517.0,2517.0,2517.0,2517.0,2517.0,2517.0,2517.0,2517.0,2517.0,2517.0,2517.0,2517.0,2517.0,2517.0,2517.0,2517.0,2517.0,2517.0,2517.0,2517.0,2517.0,7.0,,,0.7,361.1453,347.302,335.8363,326.2767,318.2631,311.5131,305.8016,300.9458,296.7961,293.23,290.1463,287.4625,285.1106,283.0351,281.1899,279.5363,278.0399,276.669,275.3929,274.1804,378.0,273.0,1884.4952,261.0154,779.8010999999999,2.8163000000000125
2518,2518,2518.0,2518.0,2518.0,2518.0,2518.0,2518.0,2518.0,2518.0,2518.0,2518.0,2518.0,2518.0,2518.0,2518.0,2518.0,2518.0,2518.0,2518.0,2518.0,2518.0,2518.0,2518.0,2518.0,2518.0,2518.0,8.0,,,0.8,361.2072,347.4188,335.9947,326.4595,318.4517,311.6911,305.9567,301.0716,296.8924,293.3014,290.2012,287.5106,285.1611,283.0942,281.2601,279.6152,278.1209,276.7428,275.4494,274.2111,373.0,273.0,2145.5106,259.60019999999986,518.7856999999999,2.8163000000000125
2519,2519,2519.0,2519.0,2519.0,2519.0,2519.0,2519.0,2519.0,2519.0,2519.0,2519.0,2519.0,2519.0,2519.0,2519.0,2519.0,2519.0,2519.0,2519.0,2519.0,2519.0,2519.0,2519.0,2519.0,2519.0,2519.0,9.0,,,0.9,357.3577,344.5062,333.8425,324.9155,317.3828,310.9823,305.5113,300.8113,296.7566,293.2455,290.1938,287.5306,285.1949,283.1336,281.2999,279.6521,278.1528,276.7682,275.467,274.2201,378.0,274.0,2405.1108,259.18550000000005,259.18550000000005,2.8163000000000125
2520,2520,2520.0,2520.0,2520.0,2520.0,2520.0,2520.0,2520.0,2520.0,2520.0,2520.0,2520.0,2520.0,2520.0,2520.0,2520.0,2520.0,2520.0,2520.0,2520.0,2520.0,2520.0,2520.0,2520.0,2520.0,0.0,,,,0.0,273.0,273.0,273.0,273.0,273.0,273.0,273.0,273.0,273.0,273.0,273.0,273.0,273.0,273.0,273.0,273.0,273.0,273.0,273.0,273.0,472.0,473.0,0.0,351.7936,1052.1275,12.189700000000016
2521,2521,2521.0,2521.0,2521.0,2521.0,2521.0,2521.0,2521.0,2521.0,2521.0,2521.0,2521.0,2521.0,2521.0,2521.0,2521.0,2521.0,2521.0,2521.0,2521.0,2521.0,2521.0,2521.0,2521.0,2521.0,1.0,,,,0.1,427.797,391.8849,362.5558,338.8482,320.11,305.7721,295.2632,288.0148,283.5147,281.3745,281.3851,283.5485,288.0773,295.364,305.9242,320.3299,339.1562,362.9762,392.4485,428.5462,243.0,447.0,351.7936,91.06329999999996,700.3339000000001,12.189700000000016
2522,2522,2522.0,2522.0,2522.0,2522.0,2522.0,2522.0,2522.0,2522.0,2522.0,2522.0,2522.0,2522.0,2522.0,2522.0,2522.0,2522.0,2522.0,2522.0,2522.0,2522.0,2522.0,2522.0,2522.0,2522.0,2.0,,,,0.2,255.6801,267.0589,276.5505,283.8447,288.9431,292.1294,293.8974,294.8575,295.6481,296.8655,299.0215,302.5282,307.7046,314.8018,324.0392,335.6502,349.9382,367.3446,388.54,414.556,344.0,421.0,442.8569,49.47919999999999,609.2706000000001,12.189700000000016
2523,2523,2523.0,2523.0,2523.0,2523.0,2523.0,2523.0,2523.0,2523.0,2523.0,2523.0,2523.0,2523.0,2523.0,2523.0,2523.0,2523.0,2523.0,2523.0,2523.0,2523.0,2523.0,2523.0,2523.0,2523.0,3.0,,,,0.3,331.1844,320.4622,311.786,305.1067,300.3321,297.3172,295.8791,295.8264,296.9889,299.2413,302.5142,306.7959,312.1293,318.6079,326.3798,335.6592,346.7503,360.0832,376.2657,396.1592,470.0,412.0,492.3361,60.65880000000004,559.7914000000001,12.189700000000016
2524,2524,2524.0,2524.0,2524.0,2524.0,2524.0,2524.0,2524.0,2524.0,2524.0,2524.0,2524.0,2524.0,2524.0,2524.0,2524.0,2524.0,2524.0,2524.0,2524.0,2524.0,2524.0,2524.0,2524.0,2524.0,4.0,,,,0.4,429.7745,397.6845,371.9461,351.494,335.6097,323.721,315.3086,309.8789,306.9722,306.1846,307.1879,309.7421,313.7009,319.011,325.7127,333.9432,343.9473,356.0979,370.9316,389.2064,238.0,298.0,552.9949,56.9452,499.1326,12.189700000000016
2525,2525,2525.0,2525.0,2525.0,2525.0,2525.0,2525.0,2525.0,2525.0,2525.0,2525.0,2525.0,2525.0,2525.0,2525.0,2525.0,2525.0,2525.0,2525.0,2525.0,2525.0,2525.0,2525.0,2525.0,2525.0,5.0,,,,0.5,253.6567,267.8595,279.9601,289.6008,296.7416,301.62,304.6656,306.3957,307.317,307.8486,308.2739,308.7225,309.1791,309.5143,309.532,309.0284,307.8542,305.9714,303.4933,300.6964,270.0,366.0,609.9401,86.84259999999995,442.1874,12.189700000000016
2526,2526,2526.0,2526.0,2526.0,2526.0,2526.0,2526.0,2526.0,2526.0,2526.0,2526.0,2526.0,2526.0,2526.0,2526.0,2526.0,2526.0,2526.0,2526.0,2526.0,2526.0,2526.0,2526.0,2526.0,2526.0,6.0,,,,0.6,273.362,276.6486,279.8408,282.9086,285.8124,288.5103,290.9693,293.1774,295.1557,296.9675,298.7244,300.5891,302.7744,305.5369,309.1657,313.966,320.2427,328.2886,338.3863,350.8343,473.0,472.0,696.7827,106.31190000000004,355.3448000000001,12.189700000000016
2527,2527,2527.0,2527.0,2527.0,2527.0,2527.0,2527.0,2527.0,2527.0,2527.0,2527.0,2527.0,2527.0,2527.0,2527.0,2527.0,2527.0,2527.0,2527.0,2527.0,2527.0,2527.0,2527.0,2527.0,2527.0,7.0,,,,0.7,430.1753,395.7817,368.1056,346.1592,329.2551,316.7863,308.1443,302.7234,299.9689,299.4355,300.8338,304.0552,309.1713,316.4159,326.1529,338.8457,355.0407,375.3884,400.7287,432.2802,406.0,351.0,803.0946,74.7935,249.03290000000004,12.189700000000016
2528,2528,2528.0,2528.0,2528.0,2528.0,2528.0,2528.0,2528.0,2528.0,2528.0,2528.0,2528.0,2528.0,2528.0,2528.0,2528.0,2528.0,2528.0,2528.0,2528.0,2528.0,2528.0,2528.0,2528.0,2528.0,8.0,,,,0.8,384.6595,367.5202,353.5779,342.1467,332.7761,325.1897,319.2313,314.8158,311.8851,310.3735,310.1825,311.1696,313.1493,315.9097,319.2425,322.9852,327.0698,331.5694,336.7333,343.0017,223.0,294.0,877.8881,69.68970000000002,174.23940000000005,12.189700000000016
2529,2529,2529.0,2529.0,2529.0,2529.0,2529.0,2529.0,2529.0,2529.0,2529.0,2529.0,2529.0,2529.0,2529.0,2529.0,2529.0,2529.0,2529.0,2529.0,2529.0,2529.0,2529.0,2529.0,2529.0,2529.0,9.0,,,,0.9,240.7824,256.9496,270.875,282.2036,290.8754,297.0885,301.2225,303.7461,305.131,305.7852,306.0123,305.9957,305.8061,305.4238,304.7743,303.7688,302.3472,300.5149,298.3681,296.1024,311.0,386.0,947.5778,104.54970000000004,104.54970000000004,12.189700000000016
2530,2530,2530.0,2530.0,2530.0,2530.0,2530.0,2530.0,2530.0,2530.0,2530.0,2530.0,2530.0,2530.0,2530.0,2530.0,2530.0,2530.0,2530.0,2530.0,2530.0,2530.0,2530.0,2530.0,2530.0,2530.0,0.0,,,,0.0,273.0,273.0,273.0,273.0,273.0,273.0,273.0,273.0,273.0,273.0,273.0,273.0,273.0,273.0,273.0,273.0,273.0,273.0,273.0,273.0,473.0,473.0,0.0,351.8898,1019.9932,10.898599999999988
2531,2531,2531.0,2531.0,2531.0,2531.0,2531.0,2531.0,2531.0,2531.0,2531.0,2531.0,2531.0,2531.0,2531.0,2531.0,2531.0,2531.0,2531.0,2531.0,2531.0,2531.0,2531.0,2531.0,2531.0,2531.0,1.0,,,,0.1,428.5462,392.4485,362.9763,339.1565,320.3305,305.9254,295.3664,288.0818,283.5568,281.3999,281.3999,283.5568,288.0818,295.3664,305.9254,320.3305,339.1565,362.9763,392.4485,428.5462,241.0,449.0,351.8898,91.2785,668.1034000000001,10.898599999999988
2532,2532,2532.0,2532.0,2532.0,2532.0,2532.0,2532.0,2532.0,2532.0,2532.0,2532.0,2532.0,2532.0,2532.0,2532.0,2532.0,2532.0,2532.0,2532.0,2532.0,2532.0,2532.0,2532.0,2532.0,2532.0,2.0,,,,0.2,254.106,265.8665,275.685,283.2465,288.5529,291.8935,293.7705,294.8045,295.6444,296.8968,299.0831,302.6238,307.8466,315.0103,324.342,336.083,350.5444,368.1771,389.6642,416.0576,343.0,424.0,443.1683,49.59030000000001,576.8249000000001,10.898599999999988
2533,2533,2533.0,2533.0,2533.0,2533.0,2533.0,2533.0,2533.0,2533.0,2533.0,2533.0,2533.0,2533.0,2533.0,2533.0,2533.0,2533.0,2533.0,2533.0,2533.0,2533.0,2533.0,2533.0,2533.0,2533.0,3.0,,,,0.3,330.3452,319.755,311.1917,304.6129,299.9308,297.0028,295.6477,295.6751,296.9166,299.2492,302.6071,306.9838,312.4279,319.0404,326.9775,336.463,347.8124,361.4697,378.0616,398.4778,465.0,413.0,492.7586,57.66120000000001,527.2346,10.898599999999988
2534,2534,2534.0,2534.0,2534.0,2534.0,2534.0,2534.0,2534.0,2534.0,2534.0,2534.0,2534.0,2534.0,2534.0,2534.0,2534.0,2534.0,2534.0,2534.0,2534.0,2534.0,2534.0,2534.0,2534.0,2534.0,4.0,,,,0.4,426.0043,394.8224,369.7814,349.8767,334.4257,322.8798,314.738,309.5223,306.7865,306.1385,307.2593,309.916,313.9665,319.3605,326.1397,334.443,344.5181,356.743,371.6632,390.0498,245.0,303.0,550.4198,53.86779999999999,469.5734,10.898599999999988
2535,2535,2535.0,2535.0,2535.0,2535.0,2535.0,2535.0,2535.0,2535.0,2535.0,2535.0,2535.0,2535.0,2535.0,2535.0,2535.0,2535.0,2535.0,2535.0,2535.0,2535.0,2535.0,2535.0,2535.0,2535.0,5.0,,,,0.5,259.1154,271.939,282.8649,291.5564,297.9729,302.3334,305.0378,306.5695,307.4026,307.9293,308.4138,308.9757,309.5983,310.1581,310.471,310.3485,309.6577,308.3754,306.626,304.6932,272.0,364.0,604.2876,81.46490000000006,415.7056,10.898599999999988
2536,2536,2536.0,2536.0,2536.0,2536.0,2536.0,2536.0,2536.0,2536.0,2536.0,2536.0,2536.0,2536.0,2536.0,2536.0,2536.0,2536.0,2536.0,2536.0,2536.0,2536.0,2536.0,2536.0,2536.0,2536.0,6.0,,,,0.6,275.1611,278.2724,281.3019,284.212,286.9611,289.5102,291.8321,293.9213,295.8038,297.5441,299.2501,301.0753,303.2184,305.9178,309.4424,314.078,320.1134,327.8303,337.5071,349.4413,473.0,471.0,685.7525,104.37889999999992,334.24069999999995,10.898599999999988
2537,2537,2537.0,2537.0,2537.0,2537.0,2537.0,2537.0,2537.0,2537.0,2537.0,2537.0,2537.0,2537.0,2537.0,2537.0,2537.0,2537.0,2537.0,2537.0,2537.0,2537.0,2537.0,2537.0,2537.0,2537.0,7.0,,,,0.7,430.2929,396.0133,368.44,346.5782,329.7347,317.3,308.666,303.2295,300.4394,299.8542,301.1876,304.3331,309.364,316.5144,326.1485,338.729,354.8005,375.0095,400.1882,431.5412,396.0,348.0,790.1314,72.08330000000001,229.8618,10.898599999999988
2538,2538,2538.0,2538.0,2538.0,2538.0,2538.0,2538.0,2538.0,2538.0,2538.0,2538.0,2538.0,2538.0,2538.0,2538.0,2538.0,2538.0,2538.0,2538.0,2538.0,2538.0,2538.0,2538.0,2538.0,2538.0,8.0,,,,0.8,377.0664,361.843,349.4313,339.211,330.779,323.8986,318.451,314.386,311.6781,310.289,310.1423,311.1106,313.0176,315.6546,318.8117,322.3215,326.1083,330.2365,334.9452,340.6632,237.0,307.0,862.2147,66.15840000000003,157.7785,10.898599999999988
2539,2539,2539.0,2539.0,2539.0,2539.0,2539.0,2539.0,2539.0,2539.0,2539.0,2539.0,2539.0,2539.0,2539.0,2539.0,2539.0,2539.0,2539.0,2539.0,2539.0,2539.0,2539.0,2539.0,2539.0,2539.0,9.0,,,,0.9,251.7526,265.1906,276.7772,286.203,293.4088,298.5566,301.9672,304.0419,305.1897,305.7695,306.0556,306.2246,306.361,306.478,306.5463,306.5281,306.412,306.2417,306.1363,306.2972,324.0,390.0,928.3731,91.62009999999998,91.62009999999998,10.898599999999988
2540,2540,2540.0,2540.0,2540.0,2540.0,2540.0,2540.0,2540.0,2540.0,2540.0,2540.0,2540.0,2540.0,2540.0,2540.0,2540.0,2540.0,2540.0,2540.0,2540.0,2540.0,2540.0,2540.0,2540.0,2540.0,0.0,,,,0.0,273.0,273.0,273.0,273.0,273.0,273.0,273.0,273.0,273.0,273.0,273.0,273.0,273.0,273.0,273.0,273.0,273.0,273.0,273.0,273.0,473.0,471.0,0.0,352.188,1019.9221,10.172199999999975
2541,2541,2541.0,2541.0,2541.0,2541.0,2541.0,2541.0,2541.0,2541.0,2541.0,2541.0,2541.0,2541.0,2541.0,2541.0,2541.0,2541.0,2541.0,2541.0,2541.0,2541.0,2541.0,2541.0,2541.0,2541.0,1.0,,,,0.1,428.5462,392.4484,362.9761,339.1559,320.3294,305.923,295.3617,288.0728,283.5402,281.3703,281.349,283.4727,287.9477,295.16,305.6187,319.8893,338.5398,362.135,391.3209,427.0473,241.0,447.0,352.188,92.4439,667.7341,10.172199999999975
2542,2542,2542.0,2542.0,2542.0,2542.0,2542.0,2542.0,2542.0,2542.0,2542.0,2542.0,2542.0,2542.0,2542.0,2542.0,2542.0,2542.0,2542.0,2542.0,2542.0,2542.0,2542.0,2542.0,2542.0,2542.0,2.0,,,,0.2,254.1041,265.8623,275.6777,283.2347,288.5348,291.8663,293.7305,294.7467,295.5625,296.7828,298.9272,302.4143,307.5692,314.6481,323.8748,335.4859,349.7866,367.2183,388.4497,414.5091,351.0,426.0,444.6319,50.38480000000004,575.2902,10.172199999999975
2543,2543,2543.0,2543.0,2543.0,2543.0,2543.0,2543.0,2543.0,2543.0,2543.0,2543.0,2543.0,2543.0,2543.0,2543.0,2543.0,2543.0,2543.0,2543.0,2543.0,2543.0,2543.0,2543.0,2543.0,2543.0,3.0,,,,0.3,336.6138,324.5768,314.8129,307.2545,301.7924,298.2609,296.4535,296.1529,297.1647,299.3436,302.6064,306.9355,312.3745,319.0248,327.0467,336.6704,348.2186,362.1431,379.0792,399.9297,462.0,406.0,495.0167,57.13990000000001,524.9054,10.172199999999975
2544,2544,2544.0,2544.0,2544.0,2544.0,2544.0,2544.0,2544.0,2544.0,2544.0,2544.0,2544.0,2544.0,2544.0,2544.0,2544.0,2544.0,2544.0,2544.0,2544.0,2544.0,2544.0,2544.0,2544.0,2544.0,4.0,,,,0.4,423.9663,393.5412,369.096,349.6446,334.5152,323.1722,315.1322,309.9372,307.1613,306.4273,307.4243,309.9179,313.7552,318.8666,325.2685,333.0704,342.4887,353.8687,367.7179,384.7566,233.0,296.0,552.1566,56.29359999999997,467.7655,10.172199999999975
2545,2545,2545.0,2545.0,2545.0,2545.0,2545.0,2545.0,2545.0,2545.0,2545.0,2545.0,2545.0,2545.0,2545.0,2545.0,2545.0,2545.0,2545.0,2545.0,2545.0,2545.0,2545.0,2545.0,2545.0,2545.0,5.0,,,,0.5,249.4812,264.4297,277.19,287.4016,295.0254,300.302,303.6653,305.6377,306.7307,307.3688,307.8407,308.2823,308.6853,308.9273,308.8195,308.1641,306.8156,304.7371,302.0386,298.99,281.0,374.0,608.4502,89.33870000000002,411.4719,10.172199999999975
2546,2546,2546.0,2546.0,2546.0,2546.0,2546.0,2546.0,2546.0,2546.0,2546.0,2546.0,2546.0,2546.0,2546.0,2546.0,2546.0,2546.0,2546.0,2546.0,2546.0,2546.0,2546.0,2546.0,2546.0,2546.0,6.0,,,,0.6,281.9288,283.0662,284.4272,285.9981,287.7339,289.5664,291.4216,293.2397,294.9953,296.7134,298.4799,300.4468,302.8306,305.9038,309.9799,315.3931,322.4776,331.5535,342.9306,356.9398,473.0,473.0,697.7889,102.44439999999996,322.1332,10.172199999999975
2547,2547,2547.0,2547.0,2547.0,2547.0,2547.0,2547.0,2547.0,2547.0,2547.0,2547.0,2547.0,2547.0,2547.0,2547.0,2547.0,2547.0,2547.0,2547.0,2547.0,2547.0,2547.0,2547.0,2547.0,2547.0,7.0,,,,0.7,430.4185,396.2504,368.7599,346.9423,330.1024,317.6377,308.9542,303.4673,300.6443,300.0582,301.4315,304.6591,309.8091,317.1053,326.8991,339.6415,355.8717,376.2407,401.599,433.1877,388.0,348.0,800.2333,68.56910000000005,219.6888,10.172199999999975
2548,2548,2548.0,2548.0,2548.0,2548.0,2548.0,2548.0,2548.0,2548.0,2548.0,2548.0,2548.0,2548.0,2548.0,2548.0,2548.0,2548.0,2548.0,2548.0,2548.0,2548.0,2548.0,2548.0,2548.0,2548.0,8.0,,,,0.8,370.9692,357.2729,346.0877,336.8422,329.1704,322.8689,317.8505,314.0959,311.6077,310.3721,310.3317,311.373,313.328,315.9921,319.1567,322.6539,326.4076,330.4826,335.1204,340.7542,242.0,310.0,868.8024,62.776700000000005,151.11969999999997,10.172199999999975
2549,2549,2549.0,2549.0,2549.0,2549.0,2549.0,2549.0,2549.0,2549.0,2549.0,2549.0,2549.0,2549.0,2549.0,2549.0,2549.0,2549.0,2549.0,2549.0,2549.0,2549.0,2549.0,2549.0,2549.0,2549.0,9.0,,,,0.9,255.5455,267.9038,278.5795,287.2844,293.9596,298.7507,301.9507,303.9285,305.0615,305.6822,306.046,306.3186,306.5816,306.8518,307.108,307.3235,307.4984,307.6868,308.0161,308.6938,332.0,391.0,931.5791,88.34299999999996,88.34299999999996,10.172199999999975
2550,2550,2550.0,2550.0,2550.0,2550.0,2550.0,2550.0,2550.0,2550.0,2550.0,2550.0,2550.0,2550.0,2550.0,2550.0,2550.0,2550.0,2550.0,2550.0,2550.0,2550.0,2550.0,2550.0,2550.0,2550.0,0.0,,,,0.0,273.0,273.0,273.0,273.0,273.0,273.0,273.0,273.0,273.0,273.0,273.0,273.0,273.0,273.0,273.0,273.0,273.0,273.0,273.0,273.0,472.0,473.0,0.0,351.7936,1027.6948,10.369100000000005
2551,2551,2551.0,2551.0,2551.0,2551.0,2551.0,2551.0,2551.0,2551.0,2551.0,2551.0,2551.0,2551.0,2551.0,2551.0,2551.0,2551.0,2551.0,2551.0,2551.0,2551.0,2551.0,2551.0,2551.0,2551.0,1.0,,,,0.1,427.797,391.8849,362.5558,338.8482,320.11,305.7721,295.2632,288.0148,283.5147,281.3745,281.3851,283.5485,288.0773,295.364,305.9242,320.3299,339.1562,362.9762,392.4485,428.5462,244.0,447.0,351.7936,90.97439999999996,675.9011999999999,10.369100000000005
2552,2552,2552.0,2552.0,2552.0,2552.0,2552.0,2552.0,2552.0,2552.0,2552.0,2552.0,2552.0,2552.0,2552.0,2552.0,2552.0,2552.0,2552.0,2552.0,2552.0,2552.0,2552.0,2552.0,2552.0,2552.0,2.0,,,,0.2,256.4817,267.6828,277.0212,284.1889,289.1866,292.2961,294.0077,294.9281,295.6917,296.8915,299.0365,302.5365,307.709,314.8041,324.0403,335.6508,349.9385,367.3447,388.54,414.556,354.0,419.0,442.768,48.63390000000004,584.9268,10.369100000000005
2553,2553,2553.0,2553.0,2553.0,2553.0,2553.0,2553.0,2553.0,2553.0,2553.0,2553.0,2553.0,2553.0,2553.0,2553.0,2553.0,2553.0,2553.0,2553.0,2553.0,2553.0,2553.0,2553.0,2553.0,2553.0,3.0,,,,0.3,339.0544,326.5597,316.4162,308.5408,302.8134,299.0605,297.0681,296.6114,297.487,299.5379,302.6668,306.8383,312.0749,318.4538,326.1091,335.2428,346.1484,359.2454,375.1292,394.6444,461.0,408.0,491.4019,59.27399999999994,536.2928999999999,10.369100000000005
2554,2554,2554.0,2554.0,2554.0,2554.0,2554.0,2554.0,2554.0,2554.0,2554.0,2554.0,2554.0,2554.0,2554.0,2554.0,2554.0,2554.0,2554.0,2554.0,2554.0,2554.0,2554.0,2554.0,2554.0,2554.0,4.0,,,,0.4,423.3189,393.1764,368.9551,349.6712,334.6537,323.3691,315.3385,310.1119,307.2726,306.4551,307.361,309.7705,313.5471,318.6387,325.0802,332.998,342.6226,354.3083,368.5675,386.1235,235.0,296.0,550.6759,56.67770000000007,477.0189,10.369100000000005
2555,2555,2555.0,2555.0,2555.0,2555.0,2555.0,2555.0,2555.0,2555.0,2555.0,2555.0,2555.0,2555.0,2555.0,2555.0,2555.0,2555.0,2555.0,2555.0,2555.0,2555.0,2555.0,2555.0,2555.0,2555.0,5.0,,,,0.5,251.086,265.6793,278.1341,288.094,295.5189,300.6442,303.8965,305.7899,306.8288,307.431,307.8811,308.3112,308.7104,308.9538,308.8501,308.1987,306.8519,304.7708,302.0648,299.0043,283.0,372.0,607.3536,88.4171,420.3412,10.369100000000005
2556,2556,2556.0,2556.0,2556.0,2556.0,2556.0,2556.0,2556.0,2556.0,2556.0,2556.0,2556.0,2556.0,2556.0,2556.0,2556.0,2556.0,2556.0,2556.0,2556.0,2556.0,2556.0,2556.0,2556.0,2556.0,6.0,,,,0.6,283.5941,284.4394,285.5472,286.9006,288.4514,290.1284,291.8541,293.565,295.2311,296.8723,298.5686,300.4651,302.7704,305.7487,309.7046,314.9639,321.8523,330.6823,341.7558,355.3938,472.0,471.0,695.7707,102.44740000000002,331.92409999999995,10.369100000000005
2557,2557,2557.0,2557.0,2557.0,2557.0,2557.0,2557.0,2557.0,2557.0,2557.0,2557.0,2557.0,2557.0,2557.0,2557.0,2557.0,2557.0,2557.0,2557.0,2557.0,2557.0,2557.0,2557.0,2557.0,2557.0,7.0,,,,0.7,429.7453,395.8343,368.5476,346.8859,330.1568,317.7605,309.1075,303.6184,300.7665,300.1301,301.4361,304.582,309.6367,316.8235,326.4919,339.0891,355.1482,375.3099,400.4084,431.6571,383.0,349.0,798.2181,67.4896,229.4767,10.369100000000005
2558,2558,2558.0,2558.0,2558.0,2558.0,2558.0,2558.0,2558.0,2558.0,2558.0,2558.0,2558.0,2558.0,2558.0,2558.0,2558.0,2558.0,2558.0,2558.0,2558.0,2558.0,2558.0,2558.0,2558.0,2558.0,8.0,,,,0.8,367.1243,354.3568,343.9179,335.2646,328.0524,322.0967,317.3282,313.7454,311.3677,310.1973,310.192,311.252,313.2223,315.9102,319.1178,322.6866,326.5481,330.7722,335.603,341.4738,240.0,310.0,865.7077,61.41899999999998,161.98709999999994,10.369100000000005
2559,2559,2559.0,2559.0,2559.0,2559.0,2559.0,2559.0,2559.0,2559.0,2559.0,2559.0,2559.0,2559.0,2559.0,2559.0,2559.0,2559.0,2559.0,2559.0,2559.0,2559.0,2559.0,2559.0,2559.0,2559.0,9.0,,,,0.9,253.789,266.3666,277.2424,286.1315,292.9773,297.926,301.2699,303.3775,304.6253,305.3458,305.7947,306.1384,306.46,306.777,307.0692,307.3107,307.502,307.6983,308.0283,308.7013,251.0,412.0,927.1267,100.56809999999996,100.56809999999996,10.369100000000005
2560,2560,2560.0,2560.0,2560.0,2560.0,2560.0,2560.0,2560.0,2560.0,2560.0,2560.0,2560.0,2560.0,2560.0,2560.0,2560.0,2560.0,2560.0,2560.0,2560.0,2560.0,2560.0,2560.0,2560.0,2560.0,0.0,,,,0.0,273.0,273.0,273.0,273.0,273.0,273.0,273.0,273.0,273.0,273.0,273.0,273.0,273.0,273.0,273.0,273.0,273.0,273.0,273.0,273.0,471.0,471.0,0.0,351.9981,1015.0767,9.394200000000012
2561,2561,2561.0,2561.0,2561.0,2561.0,2561.0,2561.0,2561.0,2561.0,2561.0,2561.0,2561.0,2561.0,2561.0,2561.0,2561.0,2561.0,2561.0,2561.0,2561.0,2561.0,2561.0,2561.0,2561.0,2561.0,1.0,,,,0.1,427.0473,391.3208,362.1348,338.5392,319.8881,305.6164,295.1553,287.9387,283.456,281.3194,281.3194,283.456,287.9387,295.1553,305.6164,319.8881,338.5392,362.1348,391.3208,427.0473,242.0,446.0,351.9981,92.35549999999996,663.0786,9.394200000000012
2562,2562,2562.0,2562.0,2562.0,2562.0,2562.0,2562.0,2562.0,2562.0,2562.0,2562.0,2562.0,2562.0,2562.0,2562.0,2562.0,2562.0,2562.0,2562.0,2562.0,2562.0,2562.0,2562.0,2562.0,2562.0,2.0,,,,0.2,254.847,266.3749,275.9958,283.3989,288.5856,291.8408,293.6594,294.6532,295.4619,296.6832,298.8302,302.3159,307.4608,314.5171,323.7047,335.2569,349.475,366.7965,387.8841,413.7566,346.0,427.0,444.3536,51.011100000000056,570.7231,9.394200000000012
2563,2563,2563.0,2563.0,2563.0,2563.0,2563.0,2563.0,2563.0,2563.0,2563.0,2563.0,2563.0,2563.0,2563.0,2563.0,2563.0,2563.0,2563.0,2563.0,2563.0,2563.0,2563.0,2563.0,2563.0,2563.0,3.0,,,,0.3,332.7068,321.5808,312.5685,305.617,300.6301,297.4575,295.9098,295.7889,296.9196,299.1744,302.4861,306.8502,312.3216,319.0107,327.0858,336.7836,348.4326,362.4895,379.595,400.6592,458.0,409.0,495.3647,55.114199999999926,519.712,9.394200000000012
2564,2564,2564.0,2564.0,2564.0,2564.0,2564.0,2564.0,2564.0,2564.0,2564.0,2564.0,2564.0,2564.0,2564.0,2564.0,2564.0,2564.0,2564.0,2564.0,2564.0,2564.0,2564.0,2564.0,2564.0,2564.0,4.0,,,,0.4,420.8371,391.0399,367.0714,347.9981,333.1796,322.0988,314.2829,309.2815,306.6743,306.0903,307.2255,309.8539,313.8327,319.1033,325.6939,333.7268,343.4315,355.1677,369.4602,387.0533,243.0,305.0,550.4789,52.49350000000004,464.5978,9.394200000000012
2565,2565,2565.0,2565.0,2565.0,2565.0,2565.0,2565.0,2565.0,2565.0,2565.0,2565.0,2565.0,2565.0,2565.0,2565.0,2565.0,2565.0,2565.0,2565.0,2565.0,2565.0,2565.0,2565.0,2565.0,2565.0,5.0,,,,0.5,257.339,270.3641,281.4763,290.3435,296.9262,301.4424,304.2892,305.9466,306.8864,307.5007,308.0569,308.6814,309.3685,310.0089,310.4347,310.474,310.0082,309.0245,307.6518,306.1718,276.0,370.0,602.9724,81.65229999999997,412.1043,9.394200000000012
2566,2566,2566.0,2566.0,2566.0,2566.0,2566.0,2566.0,2566.0,2566.0,2566.0,2566.0,2566.0,2566.0,2566.0,2566.0,2566.0,2566.0,2566.0,2566.0,2566.0,2566.0,2566.0,2566.0,2566.0,2566.0,6.0,,,,0.6,278.2321,280.5202,282.8484,285.1875,287.496,289.7267,291.8387,293.8101,295.6515,297.415,299.2019,301.1651,303.5086,306.4813,310.3667,315.4673,322.0897,330.5348,341.1027,354.1206,471.0,472.0,684.6247,100.70530000000008,330.452,9.394200000000012
2567,2567,2567.0,2567.0,2567.0,2567.0,2567.0,2567.0,2567.0,2567.0,2567.0,2567.0,2567.0,2567.0,2567.0,2567.0,2567.0,2567.0,2567.0,2567.0,2567.0,2567.0,2567.0,2567.0,2567.0,2567.0,7.0,,,,0.7,428.8751,395.0414,367.8159,346.2224,329.5798,317.2904,308.7598,303.3994,300.6724,300.1485,301.549,304.7697,309.8815,317.1128,326.8205,339.4607,355.5757,375.8157,401.0253,432.4313,386.0,347.0,785.33,66.9393,229.74669999999992,9.394200000000012
2568,2568,2568.0,2568.0,2568.0,2568.0,2568.0,2568.0,2568.0,2568.0,2568.0,2568.0,2568.0,2568.0,2568.0,2568.0,2568.0,2568.0,2568.0,2568.0,2568.0,2568.0,2568.0,2568.0,2568.0,2568.0,8.0,,,,0.8,369.3815,356.0109,345.0873,336.0541,328.5552,322.3942,317.4887,313.8227,311.4008,310.2105,310.1957,311.2433,313.1859,315.8191,318.9341,322.3622,326.0263,329.9892,334.4896,339.9565,239.0,310.0,852.2693,62.708099999999945,162.80739999999992,9.394200000000012
2569,2569,2569.0,2569.0,2569.0,2569.0,2569.0,2569.0,2569.0,2569.0,2569.0,2569.0,2569.0,2569.0,2569.0,2569.0,2569.0,2569.0,2569.0,2569.0,2569.0,2569.0,2569.0,2569.0,2569.0,2569.0,9.0,,,,0.9,253.0618,265.8828,276.9613,286.0066,292.9615,297.9763,301.3504,303.4603,304.6908,305.3816,305.794,306.0995,306.3848,306.671,306.9412,307.1722,307.3667,307.5803,307.941,308.6549,255.0,410.0,914.9774,100.09929999999996,100.09929999999996,9.394200000000012
2570,2570,2570.0,2570.0,2570.0,2570.0,2570.0,2570.0,2570.0,2570.0,2570.0,2570.0,2570.0,2570.0,2570.0,2570.0,2570.0,2570.0,2570.0,2570.0,2570.0,2570.0,2570.0,2570.0,2570.0,2570.0,0.0,,,,0.0,273.0,273.0,273.0,273.0,273.0,273.0,273.0,273.0,273.0,273.0,273.0,273.0,273.0,273.0,273.0,273.0,273.0,273.0,273.0,273.0,473.0,473.0,0.0,351.8898,966.2906,8.812900000000013
2571,2571,2571.0,2571.0,2571.0,2571.0,2571.0,2571.0,2571.0,2571.0,2571.0,2571.0,2571.0,2571.0,2571.0,2571.0,2571.0,2571.0,2571.0,2571.0,2571.0,2571.0,2571.0,2571.0,2571.0,2571.0,1.0,,,,0.1,428.5462,392.4485,362.9763,339.1565,320.3305,305.9254,295.3664,288.0818,283.5568,281.3999,281.3999,283.5568,288.0818,295.3664,305.9254,320.3305,339.1565,362.9763,392.4485,428.5462,244.0,449.0,351.8898,91.00920000000002,614.4008000000001,8.812900000000013
2572,2572,2572.0,2572.0,2572.0,2572.0,2572.0,2572.0,2572.0,2572.0,2572.0,2572.0,2572.0,2572.0,2572.0,2572.0,2572.0,2572.0,2572.0,2572.0,2572.0,2572.0,2572.0,2572.0,2572.0,2572.0,2.0,,,,0.2,256.5112,267.7386,277.0978,284.2792,289.2837,292.3938,294.1016,295.0163,295.7753,296.9749,299.128,302.6488,307.86,315.0172,324.3455,336.0846,350.5452,368.1775,389.6644,416.0576,359.0,419.0,442.899,47.68099999999998,523.3916,8.812900000000013
2573,2573,2573.0,2573.0,2573.0,2573.0,2573.0,2573.0,2573.0,2573.0,2573.0,2573.0,2573.0,2573.0,2573.0,2573.0,2573.0,2573.0,2573.0,2573.0,2573.0,2573.0,2573.0,2573.0,2573.0,2573.0,3.0,,,,0.3,342.9749,329.5881,318.7113,310.2429,304.0483,299.9396,297.6872,297.0497,297.8069,299.7865,302.8774,307.0327,312.2652,318.6444,326.2979,335.4232,346.3107,359.3788,375.224,394.6936,447.0,409.0,490.58,54.94620000000003,475.71060000000006,8.812900000000013
2574,2574,2574.0,2574.0,2574.0,2574.0,2574.0,2574.0,2574.0,2574.0,2574.0,2574.0,2574.0,2574.0,2574.0,2574.0,2574.0,2574.0,2574.0,2574.0,2574.0,2574.0,2574.0,2574.0,2574.0,2574.0,4.0,,,,0.4,412.9457,385.5627,363.4901,345.8806,332.1455,321.8129,314.4598,309.6911,307.1433,306.4988,307.5002,309.9599,313.7651,318.8812,325.3545,333.3197,343.0132,354.7947,369.1817,386.9051,247.0,309.0,545.5262,50.85669999999993,420.7644,8.812900000000013
2575,2575,2575.0,2575.0,2575.0,2575.0,2575.0,2575.0,2575.0,2575.0,2575.0,2575.0,2575.0,2575.0,2575.0,2575.0,2575.0,2575.0,2575.0,2575.0,2575.0,2575.0,2575.0,2575.0,2575.0,2575.0,5.0,,,,0.5,260.3513,272.4987,282.8789,291.1762,297.3492,301.5978,304.2919,305.8815,306.8112,307.4525,308.0619,308.7642,309.5601,310.3539,310.9951,311.3302,311.2581,310.7797,310.0324,309.3008,291.0,371.0,596.3829,76.7437000000001,369.9077000000001,8.812900000000013
2576,2576,2576.0,2576.0,2576.0,2576.0,2576.0,2576.0,2576.0,2576.0,2576.0,2576.0,2576.0,2576.0,2576.0,2576.0,2576.0,2576.0,2576.0,2576.0,2576.0,2576.0,2576.0,2576.0,2576.0,2576.0,6.0,,,,0.6,290.2822,289.9878,290.1081,290.6128,291.4453,292.5302,293.7868,295.1479,296.577,298.0822,299.726,301.629,303.9688,306.9737,310.9112,316.0727,322.7581,331.267,341.9037,355.0055,472.0,472.0,673.1266,97.29589999999996,293.164,8.812900000000013
2577,2577,2577.0,2577.0,2577.0,2577.0,2577.0,2577.0,2577.0,2577.0,2577.0,2577.0,2577.0,2577.0,2577.0,2577.0,2577.0,2577.0,2577.0,2577.0,2577.0,2577.0,2577.0,2577.0,2577.0,2577.0,7.0,,,,0.7,430.0704,396.4719,369.4633,348.0249,331.451,319.1386,310.5048,304.9832,302.0627,301.3372,302.5463,305.5965,310.563,317.6731,327.2788,339.8308,355.8657,376.0301,401.1664,432.5011,351.0,333.0,770.4225,59.21410000000003,195.86810000000003,8.812900000000013
2578,2578,2578.0,2578.0,2578.0,2578.0,2578.0,2578.0,2578.0,2578.0,2578.0,2578.0,2578.0,2578.0,2578.0,2578.0,2578.0,2578.0,2578.0,2578.0,2578.0,2578.0,2578.0,2578.0,2578.0,2578.0,8.0,,,,0.8,342.5114,335.8015,330.2916,325.5795,321.4406,317.8066,314.7257,312.31,310.6818,309.9276,310.0653,311.0285,312.6687,314.7762,317.1173,319.4854,321.7591,323.9565,326.2744,329.1014,272.0,336.0,829.6366,58.29480000000001,136.654,8.812900000000013
2579,2579,2579.0,2579.0,2579.0,2579.0,2579.0,2579.0,2579.0,2579.0,2579.0,2579.0,2579.0,2579.0,2579.0,2579.0,2579.0,2579.0,2579.0,2579.0,2579.0,2579.0,2579.0,2579.0,2579.0,2579.0,9.0,,,,0.9,278.4643,284.5276,289.8796,294.3209,297.7803,300.3064,302.0392,303.1739,303.924,304.4921,305.0532,305.7482,306.688,307.964,309.6615,311.8739,314.7159,318.3343,322.9178,328.7061,391.0,402.0,887.9314,78.35919999999999,78.35919999999999,8.812900000000013
2580,2580,2580.0,2580.0,2580.0,2580.0,2580.0,2580.0,2580.0,2580.0,2580.0,2580.0,2580.0,2580.0,2580.0,2580.0,2580.0,2580.0,2580.0,2580.0,2580.0,2580.0,2580.0,2580.0,2580.0,0.0,,,,,0.0,273.0,273.0,273.0,273.0,273.0,273.0,273.0,273.0,273.0,273.0,273.0,273.0,273.0,273.0,273.0,273.0,273.0,273.0,273.0,273.0,472.0,472.0,0.0,351.9419,2324.9404,36.48009999999999
2581,2581,2581.0,2581.0,2581.0,2581.0,2581.0,2581.0,2581.0,2581.0,2581.0,2581.0,2581.0,2581.0,2581.0,2581.0,2581.0,2581.0,2581.0,2581.0,2581.0,2581.0,2581.0,2581.0,2581.0,1.0,,,,,0.1,427.7969,391.8848,362.5557,338.848,320.1094,305.7709,295.2609,288.0103,283.5064,281.3597,281.3597,283.5064,288.0103,295.2609,305.7709,320.1094,338.848,362.5557,391.8848,427.7969,473.0,473.0,351.9419,135.6576,1972.9985,36.48009999999999
2582,2582,2582.0,2582.0,2582.0,2582.0,2582.0,2582.0,2582.0,2582.0,2582.0,2582.0,2582.0,2582.0,2582.0,2582.0,2582.0,2582.0,2582.0,2582.0,2582.0,2582.0,2582.0,2582.0,2582.0,2.0,,,,,0.2,433.9451,402.9804,377.9877,357.6595,341.1685,327.9815,317.7499,310.2441,305.3147,302.8715,302.8715,305.3147,310.2441,317.7499,327.9815,341.1685,357.6595,377.9877,402.9804,433.9451,472.0,471.0,487.5995,144.22650000000004,1837.3409,36.48009999999999
2583,2583,2583.0,2583.0,2583.0,2583.0,2583.0,2583.0,2583.0,2583.0,2583.0,2583.0,2583.0,2583.0,2583.0,2583.0,2583.0,2583.0,2583.0,2583.0,2583.0,2583.0,2583.0,2583.0,2583.0,3.0,,,,,0.3,435.1254,406.2956,383.3776,365.0131,350.3129,338.6865,329.7404,323.2147,318.9427,316.8254,316.8159,318.9125,323.1584,329.6489,338.5471,350.1086,364.7229,382.975,405.7469,434.3849,472.0,472.0,631.826,189.2501,1693.1144,36.48009999999999
2584,2584,2584.0,2584.0,2584.0,2584.0,2584.0,2584.0,2584.0,2584.0,2584.0,2584.0,2584.0,2584.0,2584.0,2584.0,2584.0,2584.0,2584.0,2584.0,2584.0,2584.0,2584.0,2584.0,2584.0,4.0,,,,,0.4,436.0321,408.131,386.1575,368.7302,354.9278,344.1233,335.8865,329.9243,326.0432,324.1254,324.1159,326.0152,329.8801,335.8296,344.0584,354.8608,368.6672,386.1045,408.093,436.0123,473.0,472.0,821.0761,223.58230000000003,1503.8643,36.48009999999999
2585,2585,2585.0,2585.0,2585.0,2585.0,2585.0,2585.0,2585.0,2585.0,2585.0,2585.0,2585.0,2585.0,2585.0,2585.0,2585.0,2585.0,2585.0,2585.0,2585.0,2585.0,2585.0,2585.0,2585.0,5.0,,,,,0.5,437.23,409.6059,387.9634,370.8975,357.4636,347.0115,339.089,333.3828,329.6824,327.8578,327.8462,329.6461,333.3171,338.986,346.8596,357.2474,370.5969,387.553,409.0522,436.4872,471.0,472.0,1044.6584,242.97119999999995,1280.282,36.48009999999999
2586,2586,2586.0,2586.0,2586.0,2586.0,2586.0,2586.0,2586.0,2586.0,2586.0,2586.0,2586.0,2586.0,2586.0,2586.0,2586.0,2586.0,2586.0,2586.0,2586.0,2586.0,2586.0,2586.0,2586.0,6.0,,,,,0.6,436.0026,409.0188,387.9243,371.3312,358.3012,348.1857,340.5325,335.0286,331.4646,329.7123,329.7118,331.4655,335.0383,340.5637,348.2562,358.4337,371.5535,388.2692,409.5257,436.7212,473.0,473.0,1287.6296,253.45150000000007,1037.3108,36.48009999999999
2587,2587,2587.0,2587.0,2587.0,2587.0,2587.0,2587.0,2587.0,2587.0,2587.0,2587.0,2587.0,2587.0,2587.0,2587.0,2587.0,2587.0,2587.0,2587.0,2587.0,2587.0,2587.0,2587.0,2587.0,7.0,,,,,0.7,437.56,410.2753,388.9801,372.2621,359.1654,349.0264,341.3787,335.8959,332.3568,330.6237,330.6305,332.3767,335.9276,341.4199,349.0739,359.215,372.3092,389.02,410.304,437.575,472.0,473.0,1541.0811,259.8757999999998,783.8592999999998,36.48009999999999
2588,2588,2588.0,2588.0,2588.0,2588.0,2588.0,2588.0,2588.0,2588.0,2588.0,2588.0,2588.0,2588.0,2588.0,2588.0,2588.0,2588.0,2588.0,2588.0,2588.0,2588.0,2588.0,2588.0,2588.0,8.0,,,,,0.8,436.91,409.9058,388.8405,372.3103,359.3637,349.3408,341.779,336.356,332.8548,331.1412,331.1521,332.889,336.4184,341.8777,349.4878,359.5749,372.6061,389.2469,410.4566,437.6512,472.0,472.0,1800.9569,261.9744000000003,523.9835,36.48009999999999
2589,2589,2589.0,2589.0,2589.0,2589.0,2589.0,2589.0,2589.0,2589.0,2589.0,2589.0,2589.0,2589.0,2589.0,2589.0,2589.0,2589.0,2589.0,2589.0,2589.0,2589.0,2589.0,2589.0,2589.0,9.0,,,,,0.9,436.927,409.9417,388.8981,372.3929,359.4741,349.4801,341.9462,336.5478,333.065,331.3612,331.3707,333.0928,336.5919,342.003,349.5447,359.5409,372.4557,388.9509,409.9795,436.9467,471.0,471.0,2062.9313,262.00909999999976,262.00909999999976,36.48009999999999
2590,2590,2590.0,2590.0,2590.0,2590.0,2590.0,2590.0,2590.0,2590.0,2590.0,2590.0,2590.0,2590.0,2590.0,2590.0,2590.0,2590.0,2590.0,2590.0,2590.0,2590.0,2590.0,2590.0,2590.0,0.0,,,,,0.0,273.0,273.0,273.0,273.0,273.0,273.0,273.0,273.0,273.0,273.0,273.0,273.0,273.0,273.0,273.0,273.0,273.0,273.0,273.0,273.0,471.0,473.0,0.0,351.6998,2311.8363,36.46730000000002
2591,2591,2591.0,2591.0,2591.0,2591.0,2591.0,2591.0,2591.0,2591.0,2591.0,2591.0,2591.0,2591.0,2591.0,2591.0,2591.0,2591.0,2591.0,2591.0,2591.0,2591.0,2591.0,2591.0,2591.0,1.0,,,,,0.1,427.0473,391.3209,362.135,338.5398,319.8893,305.6187,295.16,287.9477,283.4727,281.349,281.3703,283.5402,288.0728,295.3617,305.923,320.3294,339.1559,362.9761,392.4484,428.5462,471.0,472.0,351.6998,133.8204,1960.1365,36.46730000000002
2592,2592,2592.0,2592.0,2592.0,2592.0,2592.0,2592.0,2592.0,2592.0,2592.0,2592.0,2592.0,2592.0,2592.0,2592.0,2592.0,2592.0,2592.0,2592.0,2592.0,2592.0,2592.0,2592.0,2592.0,2.0,,,,,0.2,432.4378,401.8331,377.1138,356.9982,340.6743,327.6189,317.4906,310.0651,305.1975,302.8002,302.8319,305.2927,310.2243,317.7146,327.9096,341.035,357.4357,377.6406,402.4712,433.225,471.0,471.0,485.5202,141.95880000000005,1826.3161,36.46730000000002
2593,2593,2593.0,2593.0,2593.0,2593.0,2593.0,2593.0,2593.0,2593.0,2593.0,2593.0,2593.0,2593.0,2593.0,2593.0,2593.0,2593.0,2593.0,2593.0,2593.0,2593.0,2593.0,2593.0,2593.0,3.0,,,,,0.3,434.3369,405.6537,382.843,364.5614,349.9292,338.3609,329.4656,322.9842,318.7504,316.6647,316.6803,318.7959,323.0558,329.5569,338.4639,350.0345,364.6594,382.9247,405.712,434.3671,472.0,473.0,627.479,187.60979999999995,1684.3573,36.46730000000002
2594,2594,2594.0,2594.0,2594.0,2594.0,2594.0,2594.0,2594.0,2594.0,2594.0,2594.0,2594.0,2594.0,2594.0,2594.0,2594.0,2594.0,2594.0,2594.0,2594.0,2594.0,2594.0,2594.0,2594.0,4.0,,,,,0.4,435.9974,408.0631,386.0599,368.6086,354.7893,343.9757,335.7375,329.7809,325.9114,324.0109,324.024,325.9522,329.8535,335.8493,344.1375,355.0156,368.9185,386.4782,408.6224,436.7432,473.0,473.0,815.0888,223.0845999999999,1496.7475,36.46730000000002
2595,2595,2595.0,2595.0,2595.0,2595.0,2595.0,2595.0,2595.0,2595.0,2595.0,2595.0,2595.0,2595.0,2595.0,2595.0,2595.0,2595.0,2595.0,2595.0,2595.0,2595.0,2595.0,2595.0,2595.0,5.0,,,,,0.5,437.2193,409.5848,387.9324,370.8581,357.418,346.9626,339.0404,333.3389,329.6483,327.8391,327.8493,329.678,333.3859,339.1009,347.0314,357.489,370.9248,387.9884,409.6248,437.2401,471.0,472.0,1038.1734,242.9023000000002,1273.6629,36.46730000000002
2596,2596,2596.0,2596.0,2596.0,2596.0,2596.0,2596.0,2596.0,2596.0,2596.0,2596.0,2596.0,2596.0,2596.0,2596.0,2596.0,2596.0,2596.0,2596.0,2596.0,2596.0,2596.0,2596.0,2596.0,6.0,,,,,0.6,435.9999,409.0136,387.9171,371.3231,358.2934,348.18,340.5311,335.0337,331.4786,329.7371,329.7488,331.5152,335.0998,340.6345,348.3324,358.5101,371.624,388.3279,409.5676,436.7429,471.0,471.0,1281.0757,251.5541999999998,1030.7605999999998,36.46730000000002
2597,2597,2597.0,2597.0,2597.0,2597.0,2597.0,2597.0,2597.0,2597.0,2597.0,2597.0,2597.0,2597.0,2597.0,2597.0,2597.0,2597.0,2597.0,2597.0,2597.0,2597.0,2597.0,2597.0,2597.0,7.0,,,,,0.7,436.0832,409.1852,388.1839,371.6913,358.7663,348.7556,341.2011,335.7828,332.2848,330.5728,330.5826,332.3132,335.8278,341.2591,348.8217,358.8346,371.7555,388.2379,409.224,436.1034,471.0,472.0,1532.6299,256.2908,779.2064,36.46730000000002
2598,2598,2598.0,2598.0,2598.0,2598.0,2598.0,2598.0,2598.0,2598.0,2598.0,2598.0,2598.0,2598.0,2598.0,2598.0,2598.0,2598.0,2598.0,2598.0,2598.0,2598.0,2598.0,2598.0,2598.0,8.0,,,,,0.8,436.1313,409.2826,388.3315,371.8887,359.0115,349.0444,341.5272,336.1383,332.6604,330.959,330.9706,332.6966,336.2038,341.6299,349.1958,359.2272,372.1887,388.7415,409.836,436.874,473.0,473.0,1788.9207,260.4616000000003,522.9156,36.46730000000002
2599,2599,2599.0,2599.0,2599.0,2599.0,2599.0,2599.0,2599.0,2599.0,2599.0,2599.0,2599.0,2599.0,2599.0,2599.0,2599.0,2599.0,2599.0,2599.0,2599.0,2599.0,2599.0,2599.0,2599.0,9.0,,,,,0.9,437.6323,410.4218,389.2026,372.5608,359.5379,349.4673,341.8797,336.4459,332.942,331.2286,331.2383,332.9703,336.4906,341.9373,349.533,359.6057,372.6246,389.2563,410.4603,437.6523,471.0,472.0,2049.3823,262.4539999999997,262.4539999999997,36.46730000000002
2600,2600,2600.0,2600.0,2600.0,2600.0,2600.0,2600.0,2600.0,2600.0,2600.0,2600.0,2600.0,2600.0,2600.0,2600.0,2600.0,2600.0,2600.0,2600.0,2600.0,2600.0,2600.0,2600.0,2600.0,0.0,,,,,0.0,273.0,273.0,273.0,273.0,273.0,273.0,273.0,273.0,273.0,273.0,273.0,273.0,273.0,273.0,273.0,273.0,273.0,273.0,273.0,273.0,471.0,473.0,0.0,351.6998,2331.4911,36.52480000000003
2601,2601,2601.0,2601.0,2601.0,2601.0,2601.0,2601.0,2601.0,2601.0,2601.0,2601.0,2601.0,2601.0,2601.0,2601.0,2601.0,2601.0,2601.0,2601.0,2601.0,2601.0,2601.0,2601.0,2601.0,1.0,,,,,0.1,427.0473,391.3209,362.135,338.5398,319.8893,305.6187,295.16,287.9477,283.4727,281.349,281.3703,283.5402,288.0728,295.3617,305.923,320.3294,339.1559,362.9761,392.4484,428.5462,473.0,473.0,351.6998,134.76280000000003,1979.7913,36.52480000000003
2602,2602,2602.0,2602.0,2602.0,2602.0,2602.0,2602.0,2602.0,2602.0,2602.0,2602.0,2602.0,2602.0,2602.0,2602.0,2602.0,2602.0,2602.0,2602.0,2602.0,2602.0,2602.0,2602.0,2602.0,2.0,,,,,0.2,433.9229,402.9375,377.9278,357.5881,341.0923,327.9076,317.6849,310.1934,305.2827,302.8605,302.8824,305.3467,310.2946,317.8149,328.0554,341.2446,357.7308,378.0475,403.0232,433.9674,473.0,473.0,486.4626,144.84750000000005,1845.0285,36.52480000000003
2603,2603,2603.0,2603.0,2603.0,2603.0,2603.0,2603.0,2603.0,2603.0,2603.0,2603.0,2603.0,2603.0,2603.0,2603.0,2603.0,2603.0,2603.0,2603.0,2603.0,2603.0,2603.0,2603.0,2603.0,3.0,,,,,0.3,435.861,406.8347,383.767,365.2877,350.5009,338.8114,329.8221,323.2702,318.9867,316.8713,316.8769,319.003,323.2955,329.854,338.8468,350.5364,365.3201,383.7936,406.8534,435.8705,473.0,473.0,631.3101,191.1066,1700.181,36.52480000000003
2604,2604,2604.0,2604.0,2604.0,2604.0,2604.0,2604.0,2604.0,2604.0,2604.0,2604.0,2604.0,2604.0,2604.0,2604.0,2604.0,2604.0,2604.0,2604.0,2604.0,2604.0,2604.0,2604.0,2604.0,4.0,,,,,0.4,436.792,408.7181,386.616,369.0911,355.2145,344.3545,336.0782,330.0907,326.1972,324.2791,324.2804,326.2009,330.0966,336.0855,344.3626,355.2226,369.0985,386.6221,408.7224,436.7942,473.0,473.0,822.4167,225.6808000000001,1509.0744000000002,36.52480000000003
2605,2605,2605.0,2605.0,2605.0,2605.0,2605.0,2605.0,2605.0,2605.0,2605.0,2605.0,2605.0,2605.0,2605.0,2605.0,2605.0,2605.0,2605.0,2605.0,2605.0,2605.0,2605.0,2605.0,2605.0,5.0,,,,,0.5,437.2587,409.6624,388.0453,371.001,357.5843,347.145,339.2318,333.5329,329.8397,328.0238,328.0241,329.8405,333.5343,339.2335,347.1468,357.5861,371.0027,388.0466,409.6634,437.2591,473.0,473.0,1048.0975,245.8436999999999,1283.3936,36.52480000000003
2606,2606,2606.0,2606.0,2606.0,2606.0,2606.0,2606.0,2606.0,2606.0,2606.0,2606.0,2606.0,2606.0,2606.0,2606.0,2606.0,2606.0,2606.0,2606.0,2606.0,2606.0,2606.0,2606.0,2606.0,6.0,,,,,0.6,437.4914,410.1332,388.7578,371.9528,358.7649,348.535,340.8024,335.2472,331.6537,329.8887,329.8888,331.6538,335.2474,340.8028,348.5354,358.7653,371.9532,388.7581,410.1335,437.4915,471.0,473.0,1293.9412,255.0831000000001,1037.5499000000002,36.52480000000003
2607,2607,2607.0,2607.0,2607.0,2607.0,2607.0,2607.0,2607.0,2607.0,2607.0,2607.0,2607.0,2607.0,2607.0,2607.0,2607.0,2607.0,2607.0,2607.0,2607.0,2607.0,2607.0,2607.0,2607.0,7.0,,,,,0.7,436.1298,409.2761,388.3136,371.8517,358.9476,348.9485,341.3977,335.9785,332.4787,330.7681,330.7865,332.5373,336.088,341.576,349.2213,359.3487,372.4239,389.1106,410.3665,437.6068,472.0,471.0,1549.0243,258.5144,782.4668000000001,36.52480000000003
2608,2608,2608.0,2608.0,2608.0,2608.0,2608.0,2608.0,2608.0,2608.0,2608.0,2608.0,2608.0,2608.0,2608.0,2608.0,2608.0,2608.0,2608.0,2608.0,2608.0,2608.0,2608.0,2608.0,2608.0,8.0,,,,,0.8,436.886,409.8604,388.7792,372.2407,359.2944,349.2796,341.7313,336.3242,332.8373,331.1322,331.1413,332.8615,336.3543,341.7515,349.2679,359.223,372.0761,388.483,409.3887,436.1857,472.0,472.0,1807.5387,261.33309999999983,523.9524000000001,36.52480000000003
2609,2609,2609.0,2609.0,2609.0,2609.0,2609.0,2609.0,2609.0,2609.0,2609.0,2609.0,2609.0,2609.0,2609.0,2609.0,2609.0,2609.0,2609.0,2609.0,2609.0,2609.0,2609.0,2609.0,2609.0,9.0,,,,,0.9,436.9222,409.932,388.8836,372.3736,359.4497,349.4503,341.91,336.5036,333.0108,331.2948,331.2902,332.9971,336.4815,341.8809,349.4162,359.4137,372.339,388.854,409.9105,436.9109,472.0,472.0,2068.8718,262.6193000000003,262.6193000000003,36.52480000000003
2610,2610,2610.0,2610.0,2610.0,2610.0,2610.0,2610.0,2610.0,2610.0,2610.0,2610.0,2610.0,2610.0,2610.0,2610.0,2610.0,2610.0,2610.0,2610.0,2610.0,2610.0,2610.0,2610.0,2610.0,0.0,,,,,0.0,273.0,273.0,273.0,273.0,273.0,273.0,273.0,273.0,273.0,273.0,273.0,273.0,273.0,273.0,273.0,273.0,273.0,273.0,273.0,273.0,472.0,472.0,0.0,351.9419,2320.3341,36.589
2611,2611,2611.0,2611.0,2611.0,2611.0,2611.0,2611.0,2611.0,2611.0,2611.0,2611.0,2611.0,2611.0,2611.0,2611.0,2611.0,2611.0,2611.0,2611.0,2611.0,2611.0,2611.0,2611.0,2611.0,1.0,,,,,0.1,427.7969,391.8848,362.5557,338.848,320.1094,305.7709,295.2609,288.0103,283.5064,281.3597,281.3597,283.5064,288.0103,295.2609,305.7709,320.1094,338.848,362.5557,391.8848,427.7969,471.0,471.0,351.9419,134.6562,1968.3922,36.589
2612,2612,2612.0,2612.0,2612.0,2612.0,2612.0,2612.0,2612.0,2612.0,2612.0,2612.0,2612.0,2612.0,2612.0,2612.0,2612.0,2612.0,2612.0,2612.0,2612.0,2612.0,2612.0,2612.0,2612.0,2.0,,,,,0.2,432.46,401.876,377.1737,357.0695,340.7501,327.6919,317.5536,310.1117,305.222,302.7976,302.7976,305.222,310.1117,317.5536,327.6919,340.7501,357.0695,377.1737,401.876,432.46,473.0,473.0,486.5981,143.92120000000006,1833.736,36.589
2613,2613,2613.0,2613.0,2613.0,2613.0,2613.0,2613.0,2613.0,2613.0,2613.0,2613.0,2613.0,2613.0,2613.0,2613.0,2613.0,2613.0,2613.0,2613.0,2613.0,2613.0,2613.0,2613.0,2613.0,3.0,,,,,0.3,435.8219,406.7588,383.6589,365.1545,350.3504,338.651,329.6572,323.1037,318.8189,316.7004,316.7004,318.8189,323.1037,329.6572,338.651,350.3504,365.1545,383.6589,406.7588,435.8219,473.0,473.0,630.5193,190.2441,1689.8148,36.589
2614,2614,2614.0,2614.0,2614.0,2614.0,2614.0,2614.0,2614.0,2614.0,2614.0,2614.0,2614.0,2614.0,2614.0,2614.0,2614.0,2614.0,2614.0,2614.0,2614.0,2614.0,2614.0,2614.0,2614.0,4.0,,,,,0.4,436.7785,408.691,386.5752,369.037,355.1478,344.2766,335.9906,329.9952,326.0958,324.1741,324.1741,326.0958,329.9952,335.9906,344.2766,355.1478,369.037,386.5752,408.691,436.7785,472.0,471.0,820.7634,223.9486,1499.5707,36.589
2615,2615,2615.0,2615.0,2615.0,2615.0,2615.0,2615.0,2615.0,2615.0,2615.0,2615.0,2615.0,2615.0,2615.0,2615.0,2615.0,2615.0,2615.0,2615.0,2615.0,2615.0,2615.0,2615.0,2615.0,5.0,,,,,0.5,436.5134,409.1034,387.6258,370.6867,357.3483,346.9658,339.0917,333.4176,329.7371,327.9228,327.9136,329.7076,333.3626,339.0021,346.8287,357.1469,370.3997,387.2264,408.5573,435.7744,471.0,471.0,1044.712,242.1318000000001,1275.6221,36.589
2616,2616,2616.0,2616.0,2616.0,2616.0,2616.0,2616.0,2616.0,2616.0,2616.0,2616.0,2616.0,2616.0,2616.0,2616.0,2616.0,2616.0,2616.0,2616.0,2616.0,2616.0,2616.0,2616.0,2616.0,6.0,,,,,0.6,435.9896,408.9942,387.8906,371.2921,358.2604,348.1463,340.4965,334.9961,331.4337,329.6788,329.6696,331.4067,334.9534,340.4413,348.0833,358.1952,371.2308,387.8391,408.9572,435.9705,472.0,473.0,1286.8438,252.26159999999985,1033.4903,36.589
2617,2617,2617.0,2617.0,2617.0,2617.0,2617.0,2617.0,2617.0,2617.0,2617.0,2617.0,2617.0,2617.0,2617.0,2617.0,2617.0,2617.0,2617.0,2617.0,2617.0,2617.0,2617.0,2617.0,2617.0,7.0,,,,,0.7,436.8181,409.7228,388.5704,371.9606,358.9447,348.8645,341.2574,335.8008,332.2764,330.5494,330.5563,332.2991,335.8453,341.3337,348.9865,359.1309,372.2335,388.958,410.2603,437.5525,472.0,473.0,1539.1054,258.4524000000001,781.2287000000001,36.589
2618,2618,2618.0,2618.0,2618.0,2618.0,2618.0,2618.0,2618.0,2618.0,2618.0,2618.0,2618.0,2618.0,2618.0,2618.0,2618.0,2618.0,2618.0,2618.0,2618.0,2618.0,2618.0,2618.0,2618.0,8.0,,,,,0.8,436.8878,409.8626,388.7789,372.2344,359.2783,349.2509,341.689,336.2692,332.7733,331.0663,331.0841,332.8279,336.364,341.8299,349.4465,359.5402,372.5782,389.2259,410.4426,437.6443,471.0,471.0,1797.5578,260.3683000000001,522.7763,36.589
2619,2619,2619.0,2619.0,2619.0,2619.0,2619.0,2619.0,2619.0,2619.0,2619.0,2619.0,2619.0,2619.0,2619.0,2619.0,2619.0,2619.0,2619.0,2619.0,2619.0,2619.0,2619.0,2619.0,2619.0,9.0,,,,,0.9,436.1816,409.3827,388.4793,372.0801,359.2411,349.306,341.8144,336.4451,332.9807,331.2866,331.2979,333.0136,336.497,341.8811,349.3817,359.3191,372.1532,388.5406,409.4267,436.2044,473.0,473.0,2057.9261,262.4079999999999,262.4079999999999,36.589
2620,2620,2620.0,2620.0,2620.0,2620.0,2620.0,2620.0,2620.0,2620.0,2620.0,2620.0,2620.0,2620.0,2620.0,2620.0,2620.0,2620.0,2620.0,2620.0,2620.0,2620.0,2620.0,2620.0,2620.0,0.0,,,,,0.0,273.0,273.0,273.0,273.0,273.0,273.0,273.0,273.0,273.0,273.0,273.0,273.0,273.0,273.0,273.0,273.0,273.0,273.0,273.0,273.0,471.0,473.0,0.0,351.6998,2320.2551,36.26929999999999
2621,2621,2621.0,2621.0,2621.0,2621.0,2621.0,2621.0,2621.0,2621.0,2621.0,2621.0,2621.0,2621.0,2621.0,2621.0,2621.0,2621.0,2621.0,2621.0,2621.0,2621.0,2621.0,2621.0,2621.0,1.0,,,,,0.1,427.0473,391.3209,362.135,338.5398,319.8893,305.6187,295.16,287.9477,283.4727,281.349,281.3703,283.5402,288.0728,295.3617,305.923,320.3294,339.1559,362.9761,392.4484,428.5462,473.0,473.0,351.6998,134.76280000000003,1968.5553,36.26929999999999
2622,2622,2622.0,2622.0,2622.0,2622.0,2622.0,2622.0,2622.0,2622.0,2622.0,2622.0,2622.0,2622.0,2622.0,2622.0,2622.0,2622.0,2622.0,2622.0,2622.0,2622.0,2622.0,2622.0,2622.0,2.0,,,,,0.2,433.9229,402.9375,377.9278,357.5881,341.0923,327.9076,317.6849,310.1934,305.2827,302.8605,302.8824,305.3467,310.2946,317.8149,328.0554,341.2446,357.7308,378.0475,403.0232,433.9674,473.0,473.0,486.4626,144.84750000000005,1833.7925,36.26929999999999
2623,2623,2623.0,2623.0,2623.0,2623.0,2623.0,2623.0,2623.0,2623.0,2623.0,2623.0,2623.0,2623.0,2623.0,2623.0,2623.0,2623.0,2623.0,2623.0,2623.0,2623.0,2623.0,2623.0,2623.0,3.0,,,,,0.3,435.861,406.8347,383.767,365.2877,350.5009,338.8114,329.8221,323.2702,318.9867,316.8713,316.8769,319.003,323.2955,329.854,338.8468,350.5364,365.3201,383.7936,406.8534,435.8705,471.0,473.0,631.3101,189.7583,1688.9449999999997,36.26929999999999
2624,2624,2624.0,2624.0,2624.0,2624.0,2624.0,2624.0,2624.0,2624.0,2624.0,2624.0,2624.0,2624.0,2624.0,2624.0,2624.0,2624.0,2624.0,2624.0,2624.0,2624.0,2624.0,2624.0,2624.0,4.0,,,,,0.4,435.3132,407.6245,385.8151,368.5146,354.8088,344.0767,335.8936,329.9719,326.1232,324.2346,324.2545,326.1864,330.0886,336.0813,344.3604,355.2215,369.0979,386.6218,408.7223,436.7941,473.0,471.0,821.0684,223.10450000000003,1499.1866999999995,36.26929999999999
2625,2625,2625.0,2625.0,2625.0,2625.0,2625.0,2625.0,2625.0,2625.0,2625.0,2625.0,2625.0,2625.0,2625.0,2625.0,2625.0,2625.0,2625.0,2625.0,2625.0,2625.0,2625.0,2625.0,2625.0,5.0,,,,,0.5,437.2186,409.5848,387.936,370.8687,357.439,346.9965,339.0881,333.3991,329.7168,327.9088,327.9092,329.7133,333.3766,339.0218,346.8512,357.1695,370.42,387.2428,408.5687,435.7802,473.0,473.0,1044.1729,244.64200000000005,1276.0821999999998,36.26929999999999
2626,2626,2626.0,2626.0,2626.0,2626.0,2626.0,2626.0,2626.0,2626.0,2626.0,2626.0,2626.0,2626.0,2626.0,2626.0,2626.0,2626.0,2626.0,2626.0,2626.0,2626.0,2626.0,2626.0,2626.0,6.0,,,,,0.6,437.4795,410.1093,388.7217,371.9049,358.7054,348.464,340.72,335.1529,331.5469,329.7687,329.7549,331.5064,335.0885,340.6363,348.3677,358.6049,371.8097,388.641,410.051,437.4491,472.0,471.0,1288.8149,254.6114,1031.4401999999998,36.26929999999999
2627,2627,2627.0,2627.0,2627.0,2627.0,2627.0,2627.0,2627.0,2627.0,2627.0,2627.0,2627.0,2627.0,2627.0,2627.0,2627.0,2627.0,2627.0,2627.0,2627.0,2627.0,2627.0,2627.0,2627.0,7.0,,,,,0.7,436.8618,409.8079,388.6914,372.1094,359.1118,349.0402,341.4337,335.9713,332.4365,330.6952,330.6826,332.3971,335.9008,341.3247,348.8817,358.889,371.8029,388.2761,409.2508,436.1171,471.0,471.0,1543.4263,258.08669999999984,776.8287999999998,36.26929999999999
2628,2628,2628.0,2628.0,2628.0,2628.0,2628.0,2628.0,2628.0,2628.0,2628.0,2628.0,2628.0,2628.0,2628.0,2628.0,2628.0,2628.0,2628.0,2628.0,2628.0,2628.0,2628.0,2628.0,2628.0,8.0,,,,,0.8,436.162,409.3425,388.4172,371.9949,359.1313,349.1707,341.6531,336.2576,332.7676,331.0496,331.0396,332.7386,336.2116,341.5939,349.1034,359.0617,371.9296,388.3623,409.3032,436.1415,471.0,471.0,1801.513,259.067,518.7420999999999,36.26929999999999
2629,2629,2629.0,2629.0,2629.0,2629.0,2629.0,2629.0,2629.0,2629.0,2629.0,2629.0,2629.0,2629.0,2629.0,2629.0,2629.0,2629.0,2629.0,2629.0,2629.0,2629.0,2629.0,2629.0,2629.0,9.0,,,,,0.9,436.1643,409.349,388.4311,372.0203,359.1723,349.2305,341.7331,336.3572,332.8845,331.1793,331.1769,332.8775,336.3464,341.7194,349.2154,359.1571,372.0064,388.4197,409.3409,436.1602,471.0,471.0,2060.58,259.6751,259.6751,36.26929999999999
2630,2630,2630.0,2630.0,2630.0,2630.0,2630.0,2630.0,2630.0,2630.0,2630.0,2630.0,2630.0,2630.0,2630.0,2630.0,2630.0,2630.0,2630.0,2630.0,2630.0,2630.0,2630.0,2630.0,2630.0,0.0,,,,,0.0,273.0,273.0,273.0,273.0,273.0,273.0,273.0,273.0,273.0,273.0,273.0,273.0,273.0,273.0,273.0,273.0,273.0,273.0,273.0,273.0,472.0,473.0,0.0,351.7936,2322.1546,36.6429
2631,2631,2631.0,2631.0,2631.0,2631.0,2631.0,2631.0,2631.0,2631.0,2631.0,2631.0,2631.0,2631.0,2631.0,2631.0,2631.0,2631.0,2631.0,2631.0,2631.0,2631.0,2631.0,2631.0,2631.0,1.0,,,,,0.1,427.797,391.8849,362.5558,338.8482,320.11,305.7721,295.2632,288.0148,283.5147,281.3745,281.3851,283.5485,288.0773,295.364,305.9242,320.3299,339.1562,362.9762,392.4485,428.5462,473.0,473.0,351.7936,135.1062,1970.361,36.6429
2632,2632,2632.0,2632.0,2632.0,2632.0,2632.0,2632.0,2632.0,2632.0,2632.0,2632.0,2632.0,2632.0,2632.0,2632.0,2632.0,2632.0,2632.0,2632.0,2632.0,2632.0,2632.0,2632.0,2632.0,2.0,,,,,0.2,433.9459,402.9822,377.9909,357.6648,341.1767,327.9937,317.7674,310.2684,305.3476,302.9144,302.9254,305.3796,310.319,317.8324,328.0675,341.2528,357.7361,378.0508,403.025,433.9682,472.0,473.0,486.8998,144.5353,1835.2548,36.6429
2633,2633,2633.0,2633.0,2633.0,2633.0,2633.0,2633.0,2633.0,2633.0,2633.0,2633.0,2633.0,2633.0,2633.0,2633.0,2633.0,2633.0,2633.0,2633.0,2633.0,2633.0,2633.0,2633.0,2633.0,3.0,,,,,0.3,435.1272,406.2992,383.3836,365.0219,350.3252,338.7031,329.7626,323.2443,318.9827,316.8803,316.8926,319.0211,323.3133,329.8699,338.8601,350.547,365.3281,383.7992,406.8569,435.8722,471.0,472.0,631.4351,188.7548,1690.7195,36.6429
2634,2634,2634.0,2634.0,2634.0,2634.0,2634.0,2634.0,2634.0,2634.0,2634.0,2634.0,2634.0,2634.0,2634.0,2634.0,2634.0,2634.0,2634.0,2634.0,2634.0,2634.0,2634.0,2634.0,2634.0,4.0,,,,,0.4,435.2953,407.59,385.7668,368.4569,354.7465,344.0144,335.835,329.9192,326.0764,324.1917,324.2112,326.1359,330.0217,335.9858,344.2211,355.0199,368.8116,386.2233,408.1771,436.0557,471.0,472.0,820.1899,221.475,1501.9647,36.6429
2635,2635,2635.0,2635.0,2635.0,2635.0,2635.0,2635.0,2635.0,2635.0,2635.0,2635.0,2635.0,2635.0,2635.0,2635.0,2635.0,2635.0,2635.0,2635.0,2635.0,2635.0,2635.0,2635.0,2635.0,5.0,,,,,0.5,435.7357,408.4827,387.1219,370.2741,357.0103,346.6909,338.8712,333.2439,329.6035,327.8236,327.8447,329.6675,333.3535,339.0308,346.9074,357.2933,370.6375,387.5854,409.0746,436.4985,472.0,472.0,1041.6649,241.3651,1280.4897,36.6429
2636,2636,2636.0,2636.0,2636.0,2636.0,2636.0,2636.0,2636.0,2636.0,2636.0,2636.0,2636.0,2636.0,2636.0,2636.0,2636.0,2636.0,2636.0,2636.0,2636.0,2636.0,2636.0,2636.0,2636.0,6.0,,,,,0.6,436.6991,409.4827,388.2082,371.479,358.3509,348.1703,340.4793,334.9588,331.3932,329.6487,329.6608,331.4286,335.0145,340.5508,348.2513,358.4342,371.5569,388.2733,409.5292,436.7232,472.0,471.0,1283.03,252.445,1039.1246,36.6429
2637,2637,2637.0,2637.0,2637.0,2637.0,2637.0,2637.0,2637.0,2637.0,2637.0,2637.0,2637.0,2637.0,2637.0,2637.0,2637.0,2637.0,2637.0,2637.0,2637.0,2637.0,2637.0,2637.0,2637.0,7.0,,,,,0.7,436.8305,409.7467,388.6036,372.0001,358.9875,348.9074,341.2984,335.838,332.3081,330.5731,330.5668,332.2872,335.7963,341.2257,348.7893,358.8052,371.7308,388.2188,409.2111,436.0969,473.0,473.0,1535.475,259.1590000000001,786.6795999999999,36.6429
2638,2638,2638.0,2638.0,2638.0,2638.0,2638.0,2638.0,2638.0,2638.0,2638.0,2638.0,2638.0,2638.0,2638.0,2638.0,2638.0,2638.0,2638.0,2638.0,2638.0,2638.0,2638.0,2638.0,2638.0,8.0,,,,,0.8,437.6286,410.4123,389.1836,372.5275,359.4853,349.3914,341.7776,336.3168,332.787,331.0508,331.0423,332.7621,336.2773,341.7266,349.3331,359.4249,372.4705,389.1355,410.3777,437.6106,473.0,472.0,1794.634,263.0776999999998,527.5205999999998,36.6429
2639,2639,2639.0,2639.0,2639.0,2639.0,2639.0,2639.0,2639.0,2639.0,2639.0,2639.0,2639.0,2639.0,2639.0,2639.0,2639.0,2639.0,2639.0,2639.0,2639.0,2639.0,2639.0,2639.0,2639.0,9.0,,,,,0.9,437.6774,410.5094,389.3268,372.7126,359.7069,349.6429,342.0527,336.609,333.0903,331.3587,331.3475,333.055,336.5449,341.9518,349.4935,359.4933,372.4147,388.9186,409.9574,436.9355,472.0,473.0,2057.7117,264.4429,264.4429,36.6429
2640,2640,2640.0,2640.0,2640.0,2640.0,2640.0,2640.0,2640.0,2640.0,2640.0,2640.0,2640.0,2640.0,2640.0,2640.0,2640.0,2640.0,2640.0,2640.0,2640.0,2640.0,2640.0,2640.0,0.0,,,,,,0.0,273.0,273.0,273.0,273.0,273.0,273.0,273.0,273.0,273.0,273.0,273.0,273.0,273.0,273.0,273.0,273.0,273.0,273.0,273.0,273.0,445.0,473.0,0.0,350.1177,1057.7545,-40.0
2641,2641,2641.0,2641.0,2641.0,2641.0,2641.0,2641.0,2641.0,2641.0,2641.0,2641.0,2641.0,2641.0,2641.0,2641.0,2641.0,2641.0,2641.0,2641.0,2641.0,2641.0,2641.0,2641.0,1.0,,,,,,0.1,407.4432,376.5248,351.0808,330.4338,314.0916,301.5922,292.4529,286.1894,282.3707,280.6832,280.9825,283.3226,287.9552,295.3003,305.8922,320.3145,339.149,362.973,392.4471,428.5458,387.0,439.0,350.1177,99.07799999999996,707.6368,-11.407800000000009
2642,2642,2642.0,2642.0,2642.0,2642.0,2642.0,2642.0,2642.0,2642.0,2642.0,2642.0,2642.0,2642.0,2642.0,2642.0,2642.0,2642.0,2642.0,2642.0,2642.0,2642.0,2642.0,2642.0,2.0,,,,,,0.2,368.234,352.8028,339.9519,329.1731,320.1519,312.7254,306.843,302.5295,299.8521,298.8952,299.7432,302.4728,307.1542,313.8617,322.6922,333.7953,347.4142,363.9405,383.991,408.5198,174.0,471.0,449.1957,54.75479999999999,608.5588,-0.2746000000000208
2643,2643,2643.0,2643.0,2643.0,2643.0,2643.0,2643.0,2643.0,2643.0,2643.0,2643.0,2643.0,2643.0,2643.0,2643.0,2643.0,2643.0,2643.0,2643.0,2643.0,2643.0,2643.0,2643.0,3.0,,,,,,0.3,199.5634,222.8501,243.0462,259.7094,272.8025,282.6468,289.823,295.056,299.1114,302.7198,306.5345,311.1202,316.9639,324.5002,334.1453,346.3361,361.5803,380.5255,404.068,433.5342,438.0,271.0,503.9505,62.83260000000001,553.8040000000001,-30.35320000000001
2644,2644,2644.0,2644.0,2644.0,2644.0,2644.0,2644.0,2644.0,2644.0,2644.0,2644.0,2644.0,2644.0,2644.0,2644.0,2644.0,2644.0,2644.0,2644.0,2644.0,2644.0,2644.0,2644.0,4.0,,,,,,0.4,401.9963,372.5027,348.7137,330.1772,316.4919,307.1591,301.5501,298.9449,298.5965,299.7874,301.8591,304.2147,306.3049,307.6167,307.678,306.0872,302.5656,297.0213,289.6016,280.7147,171.0,471.0,566.7831,103.89409999999998,490.9714,-5.840899999999976
2645,2645,2645.0,2645.0,2645.0,2645.0,2645.0,2645.0,2645.0,2645.0,2645.0,2645.0,2645.0,2645.0,2645.0,2645.0,2645.0,2645.0,2645.0,2645.0,2645.0,2645.0,2645.0,2645.0,5.0,,,,,,0.5,197.406,221.4165,242.1362,259.0732,272.1711,281.7512,288.401,292.8499,295.8661,298.192,300.5214,303.5091,307.7949,314.0254,322.8614,334.9694,351.0127,371.6693,397.7169,430.236,456.0,273.0,670.6772,90.591,387.0773,-31.248800000000017
2646,2646,2646.0,2646.0,2646.0,2646.0,2646.0,2646.0,2646.0,2646.0,2646.0,2646.0,2646.0,2646.0,2646.0,2646.0,2646.0,2646.0,2646.0,2646.0,2646.0,2646.0,2646.0,2646.0,6.0,,,,,,0.6,415.4155,382.3649,355.7021,334.7955,319.1423,308.1769,301.2181,297.5009,296.2426,296.7016,298.2092,300.1715,302.0528,303.3592,303.6386,302.5048,299.686,295.0835,288.8218,281.2673,314.0,472.0,761.2682,111.3917,296.4863,-4.823100000000011
2647,2647,2647.0,2647.0,2647.0,2647.0,2647.0,2647.0,2647.0,2647.0,2647.0,2647.0,2647.0,2647.0,2647.0,2647.0,2647.0,2647.0,2647.0,2647.0,2647.0,2647.0,2647.0,2647.0,7.0,,,,,,0.7,312.2972,311.1608,310.1643,309.0244,307.6191,305.9755,304.2373,302.6251,301.4038,300.8659,301.3335,303.1736,306.8149,312.7553,321.5534,333.8055,350.1249,371.1536,397.6445,430.6662,301.0,471.0,872.6599,38.59400000000005,185.0946,-7.024499999999989
2648,2648,2648.0,2648.0,2648.0,2648.0,2648.0,2648.0,2648.0,2648.0,2648.0,2648.0,2648.0,2648.0,2648.0,2648.0,2648.0,2648.0,2648.0,2648.0,2648.0,2648.0,2648.0,2648.0,8.0,,,,,,0.8,299.7314,298.9698,298.5624,298.4046,298.4478,298.7025,299.2358,300.1656,301.6525,303.8915,307.1048,311.5369,317.453,325.143,334.9318,347.2027,362.4353,381.2703,404.6154,433.8225,269.0,274.0,911.2539,25.35089999999991,146.50059999999996,-14.297500000000014
2649,2649,2649.0,2649.0,2649.0,2649.0,2649.0,2649.0,2649.0,2649.0,2649.0,2649.0,2649.0,2649.0,2649.0,2649.0,2649.0,2649.0,2649.0,2649.0,2649.0,2649.0,2649.0,2649.0,9.0,,,,,,0.9,273.4547,277.6991,281.6354,285.214,288.441,291.3722,294.0963,296.7098,299.2873,301.8517,304.3486,306.6286,308.4446,309.4666,309.32,307.6462,304.1781,298.8187,291.7032,283.2235,370.0,274.0,936.6048,121.14970000000004,121.14970000000004,-21.62779999999998
2650,2650,2650.0,2650.0,2650.0,2650.0,2650.0,2650.0,2650.0,2650.0,2650.0,2650.0,2650.0,2650.0,2650.0,2650.0,2650.0,2650.0,2650.0,2650.0,2650.0,2650.0,2650.0,2650.0,0.0,,,,,,0.0,273.0,273.0,273.0,273.0,273.0,273.0,273.0,273.0,273.0,273.0,273.0,273.0,273.0,273.0,273.0,273.0,273.0,273.0,273.0,273.0,445.0,471.0,0.0,350.4165,954.2891,0.165300000000002
2651,2651,2651.0,2651.0,2651.0,2651.0,2651.0,2651.0,2651.0,2651.0,2651.0,2651.0,2651.0,2651.0,2651.0,2651.0,2651.0,2651.0,2651.0,2651.0,2651.0,2651.0,2651.0,2651.0,1.0,,,,,,0.1,407.4431,376.5247,351.0806,330.4333,314.0905,301.5898,292.4482,286.1804,282.3541,280.6536,280.9316,283.2384,287.821,295.094,305.5855,319.8732,338.5323,362.1317,391.3195,427.0468,390.0,441.0,350.4165,100.9481,603.8725999999999,0.165300000000002
2652,2652,2652.0,2652.0,2652.0,2652.0,2652.0,2652.0,2652.0,2652.0,2652.0,2652.0,2652.0,2652.0,2652.0,2652.0,2652.0,2652.0,2652.0,2652.0,2652.0,2652.0,2652.0,2652.0,2.0,,,,,,0.2,370.5399,354.5508,341.2503,330.1123,320.8088,313.1653,307.1198,302.6868,299.9245,298.9104,299.7251,302.4447,307.1424,313.8977,322.8153,334.0532,347.8631,364.6453,385.0269,409.9777,172.0,473.0,451.3646,55.12259999999998,502.9245,0.165300000000002
2653,2653,2653.0,2653.0,2653.0,2653.0,2653.0,2653.0,2653.0,2653.0,2653.0,2653.0,2653.0,2653.0,2653.0,2653.0,2653.0,2653.0,2653.0,2653.0,2653.0,2653.0,2653.0,2653.0,3.0,,,,,,0.3,198.0322,221.7494,242.3163,259.2783,272.5961,282.597,289.8737,295.1659,299.2544,302.8835,306.7184,311.3329,317.2211,324.8232,334.56,346.8731,362.2761,381.4256,405.233,435.0503,441.0,272.0,506.4872,62.5283,447.8019,0.165300000000002
2654,2654,2654.0,2654.0,2654.0,2654.0,2654.0,2654.0,2654.0,2654.0,2654.0,2654.0,2654.0,2654.0,2654.0,2654.0,2654.0,2654.0,2654.0,2654.0,2654.0,2654.0,2654.0,2654.0,4.0,,,,,,0.4,404.2453,374.1727,349.9297,331.0404,317.0897,307.5675,301.8338,299.1562,298.7758,299.9645,302.0552,304.4446,306.5796,307.9451,308.0682,306.5479,303.1066,297.6541,290.3399,281.5747,172.0,473.0,569.0155,102.0285,385.2736,0.165300000000002
2655,2655,2655.0,2655.0,2655.0,2655.0,2655.0,2655.0,2655.0,2655.0,2655.0,2655.0,2655.0,2655.0,2655.0,2655.0,2655.0,2655.0,2655.0,2655.0,2655.0,2655.0,2655.0,2655.0,5.0,,,,,,0.5,198.3115,222.2314,242.864,259.7178,272.7375,282.2465,288.8346,293.2335,296.2134,298.5186,300.8447,303.8479,308.1697,314.4586,323.3779,335.5979,351.7874,372.6328,398.9268,431.7756,452.0,272.0,671.044,87.47630000000004,283.2451,0.165300000000002
2656,2656,2656.0,2656.0,2656.0,2656.0,2656.0,2656.0,2656.0,2656.0,2656.0,2656.0,2656.0,2656.0,2656.0,2656.0,2656.0,2656.0,2656.0,2656.0,2656.0,2656.0,2656.0,2656.0,6.0,,,,,,0.6,412.4547,380.2029,354.1729,333.7702,318.5122,307.8479,301.1099,297.5476,296.3922,296.9149,298.4567,300.4295,302.2996,303.5718,303.7898,302.5622,299.6117,294.8361,288.3594,280.5517,295.0,472.0,758.5203,108.49749999999996,195.7688,0.165300000000002
2657,2657,2657.0,2657.0,2657.0,2657.0,2657.0,2657.0,2657.0,2657.0,2657.0,2657.0,2657.0,2657.0,2657.0,2657.0,2657.0,2657.0,2657.0,2657.0,2657.0,2657.0,2657.0,2657.0,7.0,,,,,,0.7,297.2118,299.4425,301.2783,302.4591,302.9008,302.6832,302.0119,301.1729,300.4937,300.3227,301.0293,303.0178,306.7456,312.7318,321.5505,333.809,350.1282,371.1547,397.644,430.6654,334.0,472.0,867.0178,40.44080000000008,87.2713,0.165300000000002
2658,2658,2658.0,2658.0,2658.0,2658.0,2658.0,2658.0,2658.0,2658.0,2658.0,2658.0,2658.0,2658.0,2658.0,2658.0,2658.0,2658.0,2658.0,2658.0,2658.0,2658.0,2658.0,2658.0,8.0,,,,,,0.8,325.1605,317.9071,312.0846,307.5706,304.2605,302.0639,300.9116,300.7668,301.6352,303.5733,306.6897,311.1445,317.1459,324.9491,334.8621,347.2621,362.6305,381.6143,405.1312,434.5485,343.0,471.0,907.4586,25.4606,46.83049999999992,0.165300000000002
2659,2659,2659.0,2659.0,2659.0,2659.0,2659.0,2659.0,2659.0,2659.0,2659.0,2659.0,2659.0,2659.0,2659.0,2659.0,2659.0,2659.0,2659.0,2659.0,2659.0,2659.0,2659.0,2659.0,9.0,,,,,,0.9,332.8917,324.6314,317.9919,312.81,308.9665,306.3747,304.9749,304.7334,305.6438,307.7294,311.0472,315.6914,321.8004,329.5656,339.2466,351.195,365.892,384.0077,406.4994,434.7769,296.0,473.0,932.9192,21.36989999999992,21.36989999999992,0.165300000000002
2660,2660,2660.0,2660.0,2660.0,2660.0,2660.0,2660.0,2660.0,2660.0,2660.0,2660.0,2660.0,2660.0,2660.0,2660.0,2660.0,2660.0,2660.0,2660.0,2660.0,2660.0,2660.0,2660.0,0.0,,,,,,0.0,273.0,273.0,273.0,273.0,273.0,273.0,273.0,273.0,273.0,273.0,273.0,273.0,273.0,273.0,273.0,273.0,273.0,273.0,273.0,273.0,445.0,471.0,0.0,350.4165,1432.7161000000003,25.25029999999998
2661,2661,2661.0,2661.0,2661.0,2661.0,2661.0,2661.0,2661.0,2661.0,2661.0,2661.0,2661.0,2661.0,2661.0,2661.0,2661.0,2661.0,2661.0,2661.0,2661.0,2661.0,2661.0,2661.0,1.0,,,,,,0.1,407.4431,376.5247,351.0806,330.4333,314.0905,301.5898,292.4482,286.1804,282.3541,280.6536,280.9316,283.2384,287.821,295.094,305.5855,319.8732,338.5323,362.1317,391.3195,427.0468,391.0,441.0,350.4165,101.1735,1082.2996000000005,25.25029999999998
2662,2662,2662.0,2662.0,2662.0,2662.0,2662.0,2662.0,2662.0,2662.0,2662.0,2662.0,2662.0,2662.0,2662.0,2662.0,2662.0,2662.0,2662.0,2662.0,2662.0,2662.0,2662.0,2662.0,2.0,,,,,,0.2,371.3085,355.134,341.6846,330.4283,321.0327,313.3192,307.2223,302.7528,299.9655,298.935,299.7394,302.4527,307.1467,313.8999,322.8164,334.0538,347.8633,364.6454,385.027,409.9777,174.0,473.0,451.59,54.61250000000001,981.1261000000002,25.25029999999998
2663,2663,2663.0,2663.0,2663.0,2663.0,2663.0,2663.0,2663.0,2663.0,2663.0,2663.0,2663.0,2663.0,2663.0,2663.0,2663.0,2663.0,2663.0,2663.0,2663.0,2663.0,2663.0,2663.0,3.0,,,,,,0.3,199.6893,223.0873,243.369,260.0865,273.2024,283.0425,290.1949,295.3937,299.4135,302.9932,306.7931,311.3831,317.2545,324.8452,334.5742,346.8822,362.2817,381.4289,405.2348,435.0511,438.0,273.0,506.2025,60.80370000000005,926.5136,25.25029999999998
2664,2664,2664.0,2664.0,2664.0,2664.0,2664.0,2664.0,2664.0,2664.0,2664.0,2664.0,2664.0,2664.0,2664.0,2664.0,2664.0,2664.0,2664.0,2664.0,2664.0,2664.0,2664.0,2664.0,4.0,,,,,,0.4,402.0356,372.581,348.829,330.3261,316.67,307.3616,301.7731,299.1862,298.8564,300.0695,302.1708,304.5674,306.7146,308.1042,308.269,306.8127,303.4616,298.1277,290.9617,282.3728,233.0,472.0,567.0062,90.94359999999996,865.7099000000001,25.25029999999998
2665,2665,2665.0,2665.0,2665.0,2665.0,2665.0,2665.0,2665.0,2665.0,2665.0,2665.0,2665.0,2665.0,2665.0,2665.0,2665.0,2665.0,2665.0,2665.0,2665.0,2665.0,2665.0,2665.0,5.0,,,,,,0.5,247.5451,260.7054,271.9388,280.9496,287.714,292.4496,295.5491,297.5049,298.8445,300.093,301.7644,304.374,308.4604,314.6005,323.4097,335.5273,351.6026,372.3095,398.4308,431.0612,347.0,271.0,657.9498,56.01940000000002,774.7663000000001,25.25029999999998
2666,2666,2666.0,2666.0,2666.0,2666.0,2666.0,2666.0,2666.0,2666.0,2666.0,2666.0,2666.0,2666.0,2666.0,2666.0,2666.0,2666.0,2666.0,2666.0,2666.0,2666.0,2666.0,2666.0,6.0,,,,,,0.6,333.4056,322.0408,312.8674,305.8359,300.8351,297.6774,296.1116,295.8487,296.5871,298.0244,299.856,301.7611,303.3892,304.3577,304.27,302.7592,299.5519,294.5391,287.8338,279.7951,454.0,272.0,713.9692,156.69820000000004,718.7469000000001,25.25029999999998
2667,2667,2667.0,2667.0,2667.0,2667.0,2667.0,2667.0,2667.0,2667.0,2667.0,2667.0,2667.0,2667.0,2667.0,2667.0,2667.0,2667.0,2667.0,2667.0,2667.0,2667.0,2667.0,2667.0,7.0,,,,,,0.7,417.7639,388.6165,365.0654,346.1793,331.2919,319.8393,311.2834,305.0895,300.7342,297.724,295.6146,294.0231,292.6335,291.1982,289.5352,287.5256,285.1098,282.2837,279.0931,275.6256,472.0,372.0,870.6674,243.2165,562.0487,25.25029999999998
2668,2668,2668.0,2668.0,2668.0,2668.0,2668.0,2668.0,2668.0,2668.0,2668.0,2668.0,2668.0,2668.0,2668.0,2668.0,2668.0,2668.0,2668.0,2668.0,2668.0,2668.0,2668.0,2668.0,8.0,,,,,,0.8,434.1338,404.3031,380.3831,361.0132,345.2745,332.5113,322.2323,314.0573,307.6943,302.9333,299.6501,297.8109,297.4738,298.7803,301.935,307.1744,314.7329,324.8156,337.5945,353.2407,472.0,387.0,1113.8839,213.1017999999999,318.83220000000006,25.25029999999998
2669,2669,2669.0,2669.0,2669.0,2669.0,2669.0,2669.0,2669.0,2669.0,2669.0,2669.0,2669.0,2669.0,2669.0,2669.0,2669.0,2669.0,2669.0,2669.0,2669.0,2669.0,2669.0,2669.0,9.0,,,,,,0.9,435.307,406.6239,383.7731,365.3434,350.3867,338.2503,328.4796,320.7578,314.87,310.6792,308.1112,307.1444,307.8019,310.145,314.269,320.3006,328.401,338.7776,351.7089,367.589,174.0,472.0,1326.9857,105.73040000000016,105.73040000000016,25.25029999999998
2670,2670,2670.0,2670.0,2670.0,2670.0,2670.0,2670.0,2670.0,2670.0,2670.0,2670.0,2670.0,2670.0,2670.0,2670.0,2670.0,2670.0,2670.0,2670.0,2670.0,2670.0,2670.0,2670.0,0.0,,,,,,0.0,273.0,273.0,273.0,273.0,273.0,273.0,273.0,273.0,273.0,273.0,273.0,273.0,273.0,273.0,273.0,273.0,273.0,273.0,273.0,273.0,445.0,473.0,0.0,350.1177,1388.8643,21.8569
2671,2671,2671.0,2671.0,2671.0,2671.0,2671.0,2671.0,2671.0,2671.0,2671.0,2671.0,2671.0,2671.0,2671.0,2671.0,2671.0,2671.0,2671.0,2671.0,2671.0,2671.0,2671.0,2671.0,1.0,,,,,,0.1,407.4432,376.5248,351.0808,330.4338,314.0916,301.5922,292.4529,286.1894,282.3707,280.6832,280.9825,283.3226,287.9552,295.3003,305.8922,320.3145,339.149,362.973,392.4471,428.5458,388.0,441.0,350.1177,99.3071,1038.7466,21.8569
2672,2672,2672.0,2672.0,2672.0,2672.0,2672.0,2672.0,2672.0,2672.0,2672.0,2672.0,2672.0,2672.0,2672.0,2672.0,2672.0,2672.0,2672.0,2672.0,2672.0,2672.0,2672.0,2672.0,2.0,,,,,,0.2,369.0035,353.3872,340.3874,329.4903,320.3773,312.8818,306.9501,302.604,299.9087,298.9475,299.8051,302.5599,307.2854,314.0605,322.988,334.2243,348.0198,364.7752,385.1195,410.0257,171.0,473.0,449.4248,55.10820000000001,939.4395,21.8569
2673,2673,2673.0,2673.0,2673.0,2673.0,2673.0,2673.0,2673.0,2673.0,2673.0,2673.0,2673.0,2673.0,2673.0,2673.0,2673.0,2673.0,2673.0,2673.0,2673.0,2673.0,2673.0,2673.0,3.0,,,,,,0.3,197.1597,220.9984,241.6798,258.7486,272.1648,282.2552,289.6119,294.9747,299.124,302.8042,306.6806,311.3274,317.2392,324.8569,334.6019,346.917,362.3167,381.4589,405.2564,435.0623,441.0,274.0,504.533,63.10900000000004,884.3312999999999,21.8569
2674,2674,2674.0,2674.0,2674.0,2674.0,2674.0,2674.0,2674.0,2674.0,2674.0,2674.0,2674.0,2674.0,2674.0,2674.0,2674.0,2674.0,2674.0,2674.0,2674.0,2674.0,2674.0,2674.0,4.0,,,,,,0.4,404.1988,374.0827,349.8027,330.8866,316.921,307.3966,301.6723,299.0144,298.6624,299.8873,302.0227,304.4676,306.6733,308.1308,308.3748,307.0123,303.7738,298.5748,291.5682,283.1641,198.0,472.0,567.642,95.37559999999996,821.2222999999999,21.8569
2675,2675,2675.0,2675.0,2675.0,2675.0,2675.0,2675.0,2675.0,2675.0,2675.0,2675.0,2675.0,2675.0,2675.0,2675.0,2675.0,2675.0,2675.0,2675.0,2675.0,2675.0,2675.0,2675.0,5.0,,,,,,0.5,219.3731,238.7396,255.3691,268.8665,279.1999,286.6541,291.739,295.0863,297.3634,299.2207,301.2747,304.1187,308.3459,314.5693,323.4263,335.5687,351.6529,372.357,398.467,431.0805,400.0,272.0,663.0176,70.72910000000002,725.8466999999999,21.8569
2676,2676,2676.0,2676.0,2676.0,2676.0,2676.0,2676.0,2676.0,2676.0,2676.0,2676.0,2676.0,2676.0,2676.0,2676.0,2676.0,2676.0,2676.0,2676.0,2676.0,2676.0,2676.0,2676.0,6.0,,,,,,0.6,373.5255,351.5459,333.7025,319.7672,309.4802,302.4784,298.2928,296.3886,296.2149,297.2431,298.9824,300.9731,302.7714,303.9392,304.0528,302.7363,299.7181,294.8955,288.3889,280.5634,469.0,271.0,733.7467,171.11969999999997,655.1175999999999,21.8569
2677,2677,2677.0,2677.0,2677.0,2677.0,2677.0,2677.0,2677.0,2677.0,2677.0,2677.0,2677.0,2677.0,2677.0,2677.0,2677.0,2677.0,2677.0,2677.0,2677.0,2677.0,2677.0,2677.0,7.0,,,,,,0.7,430.0476,399.0526,374.1184,354.0685,338.1003,325.5925,316.0035,308.825,303.5702,299.7773,297.02,294.9168,293.1394,291.4172,289.5407,287.3626,284.7985,281.8248,278.4739,274.8267,471.0,382.0,904.8664,257.67999999999995,483.9979,21.8569
2678,2678,2678.0,2678.0,2678.0,2678.0,2678.0,2678.0,2678.0,2678.0,2678.0,2678.0,2678.0,2678.0,2678.0,2678.0,2678.0,2678.0,2678.0,2678.0,2678.0,2678.0,2678.0,2678.0,8.0,,,,,,0.8,433.99,404.9225,381.6548,362.8003,347.4209,334.8569,324.6295,316.3862,309.8732,304.9248,301.4639,299.5043,299.1508,300.5897,304.0676,309.8588,318.2297,329.4136,343.6114,361.0345,397.0,471.0,1162.5464,172.16970000000015,226.3179,21.8569
2679,2679,2679.0,2679.0,2679.0,2679.0,2679.0,2679.0,2679.0,2679.0,2679.0,2679.0,2679.0,2679.0,2679.0,2679.0,2679.0,2679.0,2679.0,2679.0,2679.0,2679.0,2679.0,2679.0,9.0,,,,,,0.9,379.0877,364.8501,353.284,343.6703,335.524,328.5557,322.6353,317.7579,314.0142,311.5676,310.6413,311.5103,314.4972,319.9678,328.3246,340.0043,355.4886,375.3463,400.3342,431.5922,174.0,473.0,1334.7161,54.14819999999986,54.14819999999986,21.8569
2680,2680,2680.0,2680.0,2680.0,2680.0,2680.0,2680.0,2680.0,2680.0,2680.0,2680.0,2680.0,2680.0,2680.0,2680.0,2680.0,2680.0,2680.0,2680.0,2680.0,2680.0,2680.0,2680.0,0.0,,,,,,0.0,273.0,273.0,273.0,273.0,273.0,273.0,273.0,273.0,273.0,273.0,273.0,273.0,273.0,273.0,273.0,273.0,273.0,273.0,273.0,273.0,445.0,473.0,0.0,350.1177,944.2638,0.1877000000000066
2681,2681,2681.0,2681.0,2681.0,2681.0,2681.0,2681.0,2681.0,2681.0,2681.0,2681.0,2681.0,2681.0,2681.0,2681.0,2681.0,2681.0,2681.0,2681.0,2681.0,2681.0,2681.0,2681.0,1.0,,,,,,0.1,407.4432,376.5248,351.0808,330.4338,314.0916,301.5922,292.4529,286.1894,282.3707,280.6832,280.9825,283.3226,287.9552,295.3003,305.8922,320.3145,339.149,362.973,392.4471,428.5458,390.0,439.0,350.1177,99.741,594.1460999999999,0.1877000000000066
2682,2682,2682.0,2682.0,2682.0,2682.0,2682.0,2682.0,2682.0,2682.0,2682.0,2682.0,2682.0,2682.0,2682.0,2682.0,2682.0,2682.0,2682.0,2682.0,2682.0,2682.0,2682.0,2682.0,2.0,,,,,,0.2,370.5416,354.5545,341.2568,330.1226,320.8244,313.1877,307.1509,302.7277,299.9754,298.9692,299.7861,302.4967,307.1671,313.8684,322.6955,333.797,347.4149,363.9408,383.9911,408.5199,172.0,472.0,449.8587,55.2688,494.4051,0.1877000000000066
2683,2683,2683.0,2683.0,2683.0,2683.0,2683.0,2683.0,2683.0,2683.0,2683.0,2683.0,2683.0,2683.0,2683.0,2683.0,2683.0,2683.0,2683.0,2683.0,2683.0,2683.0,2683.0,2683.0,3.0,,,,,,0.3,198.0349,221.7546,242.3236,259.287,272.6051,282.6046,289.8773,295.162,299.2383,302.8495,306.6596,311.2417,317.0894,324.6424,334.3209,346.5656,361.8878,380.9395,404.6238,434.2782,443.0,275.0,505.1275,62.6882,439.1363,0.1877000000000066
2684,2684,2684.0,2684.0,2684.0,2684.0,2684.0,2684.0,2684.0,2684.0,2684.0,2684.0,2684.0,2684.0,2684.0,2684.0,2684.0,2684.0,2684.0,2684.0,2684.0,2684.0,2684.0,2684.0,4.0,,,,,,0.4,405.7643,375.3233,350.7893,331.6679,317.533,307.8676,302.0257,299.2699,298.8374,299.9976,302.0839,304.4962,306.6882,308.1543,308.4337,307.1378,304.0012,298.942,292.1131,283.9218,174.0,472.0,567.8157,99.89160000000004,376.4481,0.1877000000000066
2685,2685,2685.0,2685.0,2685.0,2685.0,2685.0,2685.0,2685.0,2685.0,2685.0,2685.0,2685.0,2685.0,2685.0,2685.0,2685.0,2685.0,2685.0,2685.0,2685.0,2685.0,2685.0,2685.0,5.0,,,,,,0.5,199.9993,223.6278,243.9979,260.6237,273.4523,282.8068,289.2749,293.5848,296.5025,298.7673,301.0688,304.0558,308.3614,314.6245,323.4984,335.644,351.7223,372.4142,398.5073,431.1012,440.0,274.0,667.7073,84.14189999999996,276.5564999999999,0.1877000000000066
2686,2686,2686.0,2686.0,2686.0,2686.0,2686.0,2686.0,2686.0,2686.0,2686.0,2686.0,2686.0,2686.0,2686.0,2686.0,2686.0,2686.0,2686.0,2686.0,2686.0,2686.0,2686.0,2686.0,6.0,,,,,,0.6,403.4345,373.4674,349.2389,330.263,316.1188,306.2992,300.1772,297.044,296.1734,296.8767,298.5308,300.5782,302.5104,303.8528,304.1658,303.072,300.3049,295.7695,289.5926,282.1425,301.0,473.0,751.8492,105.79420000000005,192.41459999999995,0.1877000000000066
2687,2687,2687.0,2687.0,2687.0,2687.0,2687.0,2687.0,2687.0,2687.0,2687.0,2687.0,2687.0,2687.0,2687.0,2687.0,2687.0,2687.0,2687.0,2687.0,2687.0,2687.0,2687.0,2687.0,7.0,,,,,,0.7,301.6457,302.5141,303.221,303.5199,303.321,302.6809,301.7699,300.8325,300.1552,300.0501,300.8577,302.9616,306.8061,312.9031,321.824,334.1768,350.5862,371.706,398.3029,431.4643,336.0,473.0,857.6434,40.20060000000001,86.6203999999999,0.1877000000000066
2688,2688,2688.0,2688.0,2688.0,2688.0,2688.0,2688.0,2688.0,2688.0,2688.0,2688.0,2688.0,2688.0,2688.0,2688.0,2688.0,2688.0,2688.0,2688.0,2688.0,2688.0,2688.0,2688.0,8.0,,,,,,0.8,326.8266,319.2948,313.2326,308.507,305.0081,302.6446,301.3492,301.0876,301.8677,303.7462,306.831,311.2793,317.2961,325.1331,335.0956,347.5596,363.0074,382.0898,405.7324,435.3163,339.0,473.0,897.844,25.309999999999945,46.419799999999896,0.1877000000000066
2689,2689,2689.0,2689.0,2689.0,2689.0,2689.0,2689.0,2689.0,2689.0,2689.0,2689.0,2689.0,2689.0,2689.0,2689.0,2689.0,2689.0,2689.0,2689.0,2689.0,2689.0,2689.0,2689.0,9.0,,,,,,0.9,329.8448,322.3897,316.4168,311.77,308.3395,306.052,304.8651,304.7646,305.7638,307.905,311.2609,315.9396,322.0901,329.9127,339.6747,351.7351,366.5828,384.8985,407.6549,436.2871,296.0,473.0,923.154,21.10979999999995,21.10979999999995,0.1877000000000066
2690,2690,2690.0,2690.0,2690.0,2690.0,2690.0,2690.0,2690.0,2690.0,2690.0,2690.0,2690.0,2690.0,2690.0,2690.0,2690.0,2690.0,2690.0,2690.0,2690.0,2690.0,2690.0,2690.0,0.0,,,,,,0.0,273.0,273.0,273.0,273.0,273.0,273.0,273.0,273.0,273.0,273.0,273.0,273.0,273.0,273.0,273.0,273.0,273.0,273.0,273.0,273.0,445.0,471.0,0.0,350.4165,1102.1588,0.8892000000000166
2691,2691,2691.0,2691.0,2691.0,2691.0,2691.0,2691.0,2691.0,2691.0,2691.0,2691.0,2691.0,2691.0,2691.0,2691.0,2691.0,2691.0,2691.0,2691.0,2691.0,2691.0,2691.0,2691.0,1.0,,,,,,0.1,407.4431,376.5247,351.0806,330.4333,314.0905,301.5898,292.4482,286.1804,282.3541,280.6536,280.9316,283.2384,287.821,295.094,305.5855,319.8732,338.5323,362.1317,391.3195,427.0468,390.0,440.0,350.4165,100.94370000000004,751.7422999999999,0.8892000000000166
2692,2692,2692.0,2692.0,2692.0,2692.0,2692.0,2692.0,2692.0,2692.0,2692.0,2692.0,2692.0,2692.0,2692.0,2692.0,2692.0,2692.0,2692.0,2692.0,2692.0,2692.0,2692.0,2692.0,2.0,,,,,,0.2,370.5399,354.5507,341.2502,330.112,320.8083,313.1642,307.1176,302.6826,299.9167,298.8966,299.7013,302.4052,307.0789,313.7994,322.6679,333.839,347.5604,364.228,384.4628,409.2249,172.0,472.0,451.3602,55.299800000000005,650.7985999999999,0.8892000000000166
2693,2693,2693.0,2693.0,2693.0,2693.0,2693.0,2693.0,2693.0,2693.0,2693.0,2693.0,2693.0,2693.0,2693.0,2693.0,2693.0,2693.0,2693.0,2693.0,2693.0,2693.0,2693.0,2693.0,3.0,,,,,,0.3,198.0313,221.7474,242.3128,259.2727,272.5875,282.5842,289.8548,295.1387,299.2158,302.8297,306.6445,311.2333,317.0889,324.6501,334.336,346.586,361.9102,380.9605,404.6398,434.2868,444.0,274.0,506.66,62.96229999999997,595.4987999999998,0.8892000000000166
2694,2694,2694.0,2694.0,2694.0,2694.0,2694.0,2694.0,2694.0,2694.0,2694.0,2694.0,2694.0,2694.0,2694.0,2694.0,2694.0,2694.0,2694.0,2694.0,2694.0,2694.0,2694.0,2694.0,4.0,,,,,,0.4,406.5217,375.8951,351.2149,331.9772,317.7508,308.0148,302.1199,299.3253,298.8642,300.0022,302.0686,304.4592,306.6232,308.0504,308.2754,306.9052,303.6701,298.4853,291.5025,283.1293,213.0,473.0,569.6223,93.31770000000006,532.5364999999999,0.8892000000000166
2695,2695,2695.0,2695.0,2695.0,2695.0,2695.0,2695.0,2695.0,2695.0,2695.0,2695.0,2695.0,2695.0,2695.0,2695.0,2695.0,2695.0,2695.0,2695.0,2695.0,2695.0,2695.0,2695.0,5.0,,,,,,0.5,231.5973,248.4246,262.8272,274.4512,283.2705,289.5464,293.7459,296.4493,298.2725,299.8194,301.6687,304.3851,308.542,314.7392,323.6066,335.7923,351.9512,372.7628,399.0172,431.8219,379.0,273.0,662.94,61.920999999999935,439.2187999999999,0.8892000000000166
2696,2696,2696.0,2696.0,2696.0,2696.0,2696.0,2696.0,2696.0,2696.0,2696.0,2696.0,2696.0,2696.0,2696.0,2696.0,2696.0,2696.0,2696.0,2696.0,2696.0,2696.0,2696.0,2696.0,6.0,,,,,,0.6,357.7838,340.0926,325.7317,314.5598,306.3821,300.9072,297.7543,296.4885,296.661,297.8375,299.6052,301.5643,303.3123,304.4373,304.5304,303.2233,300.2468,295.4984,289.0969,281.4049,199.0,473.0,724.861,115.7545,377.2978,0.8892000000000166
2697,2697,2697.0,2697.0,2697.0,2697.0,2697.0,2697.0,2697.0,2697.0,2697.0,2697.0,2697.0,2697.0,2697.0,2697.0,2697.0,2697.0,2697.0,2697.0,2697.0,2697.0,2697.0,2697.0,7.0,,,,,,0.7,218.4708,236.1418,251.4328,264.0281,273.9002,281.278,286.5775,290.3244,293.0887,295.4462,297.9674,301.2276,305.8248,312.391,321.5881,334.0912,350.573,371.7201,398.3208,431.4752,467.0,273.0,840.6155,94.22969999999998,261.5433,0.8892000000000166
2698,2698,2698.0,2698.0,2698.0,2698.0,2698.0,2698.0,2698.0,2698.0,2698.0,2698.0,2698.0,2698.0,2698.0,2698.0,2698.0,2698.0,2698.0,2698.0,2698.0,2698.0,2698.0,2698.0,8.0,,,,,,0.8,424.0635,389.2924,361.2624,339.1886,322.4934,310.5862,302.7892,298.3525,296.5082,296.5217,297.7211,299.4993,301.3007,302.6081,302.9458,301.9068,299.2022,294.7216,288.5825,281.1486,357.0,471.0,934.8452,125.39260000000012,167.31359999999995,0.8892000000000166
2699,2699,2699.0,2699.0,2699.0,2699.0,2699.0,2699.0,2699.0,2699.0,2699.0,2699.0,2699.0,2699.0,2699.0,2699.0,2699.0,2699.0,2699.0,2699.0,2699.0,2699.0,2699.0,2699.0,9.0,,,,,,0.9,346.2794,337.5911,330.3455,324.1252,318.6768,313.8892,309.763,306.3778,303.8668,302.4077,302.2272,303.6166,306.9464,312.6713,321.317,333.4549,349.6787,370.6132,396.9948,429.8726,249.0,473.0,1060.2378,41.92099999999982,41.92099999999982,0.8892000000000166
2700,2700,2700.0,2700.0,2700.0,2700.0,2700.0,2700.0,2700.0,2700.0,2700.0,2700.0,2700.0,2700.0,2700.0,2700.0,2700.0,2700.0,2700.0,2700.0,2700.0,2700.0,2700.0,0.0,,,,,,,0.0,273.0,273.0,273.0,273.0,273.0,273.0,273.0,273.0,273.0,273.0,273.0,273.0,273.0,273.0,273.0,273.0,273.0,273.0,273.0,273.0,471.0,473.0,0.0,351.6998,1664.3908,19.39319999999998
2701,2701,2701.0,2701.0,2701.0,2701.0,2701.0,2701.0,2701.0,2701.0,2701.0,2701.0,2701.0,2701.0,2701.0,2701.0,2701.0,2701.0,2701.0,2701.0,2701.0,2701.0,2701.0,1.0,,,,,,,0.1,427.0473,391.3209,362.135,338.5398,319.8893,305.6187,295.16,287.9477,283.4727,281.349,281.3703,283.5402,288.0728,295.3617,305.923,320.3294,339.1559,362.9761,392.4484,428.5462,471.0,471.0,351.6998,133.76250000000005,1312.691,19.39319999999998
2702,2702,2702.0,2702.0,2702.0,2702.0,2702.0,2702.0,2702.0,2702.0,2702.0,2702.0,2702.0,2702.0,2702.0,2702.0,2702.0,2702.0,2702.0,2702.0,2702.0,2702.0,2702.0,2.0,,,,,,,0.2,432.4378,401.833,377.1137,356.998,340.6738,327.6178,317.4884,310.061,305.1899,302.7866,302.8086,305.254,310.1622,317.6186,327.7658,340.8263,357.1409,377.2337,401.9189,432.4823,172.0,220.0,485.4623,70.86329999999998,1178.9285,19.39319999999998
2703,2703,2703.0,2703.0,2703.0,2703.0,2703.0,2703.0,2703.0,2703.0,2703.0,2703.0,2703.0,2703.0,2703.0,2703.0,2703.0,2703.0,2703.0,2703.0,2703.0,2703.0,2703.0,3.0,,,,,,,0.3,200.7648,226.9148,249.3852,267.5932,281.4721,291.3942,298.0264,302.1615,304.5625,305.8403,306.3725,306.2652,305.3563,303.2567,299.4274,293.287,284.3397,272.3065,257.2325,239.5397,322.0,373.0,556.3256,158.42039999999997,1108.0652,19.39319999999998
2704,2704,2704.0,2704.0,2704.0,2704.0,2704.0,2704.0,2704.0,2704.0,2704.0,2704.0,2704.0,2704.0,2704.0,2704.0,2704.0,2704.0,2704.0,2704.0,2704.0,2704.0,2704.0,4.0,,,,,,,0.4,312.5208,304.5755,298.3168,293.7963,290.925,289.4778,289.1359,289.5506,290.4102,291.4971,292.7265,294.1648,296.0273,298.6566,302.4824,307.9672,315.5481,325.5891,338.3637,354.0862,398.0,471.0,714.746,113.91790000000005,949.6448,19.39319999999998
2705,2705,2705.0,2705.0,2705.0,2705.0,2705.0,2705.0,2705.0,2705.0,2705.0,2705.0,2705.0,2705.0,2705.0,2705.0,2705.0,2705.0,2705.0,2705.0,2705.0,2705.0,2705.0,5.0,,,,,,,0.5,374.0132,354.1611,337.8551,324.7055,314.4047,306.6657,301.206,297.7594,296.1044,296.0963,297.693,300.9702,306.1235,313.457,323.3643,336.3083,352.8162,373.5085,399.1908,431.0471,471.0,276.0,828.6639,85.77379999999994,835.7268999999999,19.39319999999998
2706,2706,2706.0,2706.0,2706.0,2706.0,2706.0,2706.0,2706.0,2706.0,2706.0,2706.0,2706.0,2706.0,2706.0,2706.0,2706.0,2706.0,2706.0,2706.0,2706.0,2706.0,2706.0,6.0,,,,,,,0.6,431.8721,400.8386,375.9601,356.0451,340.302,328.1451,319.0893,312.6948,308.539,306.1993,305.2391,305.1951,305.5719,305.8499,305.5126,304.0957,301.252,296.8198,290.8756,283.751,310.0,272.0,914.4377,156.31490000000008,749.9531,19.39319999999998
2707,2707,2707.0,2707.0,2707.0,2707.0,2707.0,2707.0,2707.0,2707.0,2707.0,2707.0,2707.0,2707.0,2707.0,2707.0,2707.0,2707.0,2707.0,2707.0,2707.0,2707.0,2707.0,7.0,,,,,,,0.7,311.1514,312.6106,313.8343,314.4502,314.2791,313.3185,311.6955,309.6069,307.2593,304.8227,302.4034,300.0364,297.6938,295.304,292.7754,290.0199,286.9732,283.6086,279.9443,276.0422,378.0,274.0,1070.7526,178.3291999999999,593.6381999999999,19.39319999999998
2708,2708,2708.0,2708.0,2708.0,2708.0,2708.0,2708.0,2708.0,2708.0,2708.0,2708.0,2708.0,2708.0,2708.0,2708.0,2708.0,2708.0,2708.0,2708.0,2708.0,2708.0,2708.0,8.0,,,,,,,0.8,360.5501,346.2549,334.6031,325.1987,317.696,311.7674,307.0965,303.3854,300.367,297.8159,295.5531,293.4458,291.4016,289.361,287.2897,285.1711,283.0017,280.7865,278.5368,276.2683,472.0,386.0,1249.0818,219.6680000000001,415.309,19.39319999999998
2709,2709,2709.0,2709.0,2709.0,2709.0,2709.0,2709.0,2709.0,2709.0,2709.0,2709.0,2709.0,2709.0,2709.0,2709.0,2709.0,2709.0,2709.0,2709.0,2709.0,2709.0,2709.0,9.0,,,,,,,0.9,432.6077,401.3565,376.2553,356.054,339.8904,327.1018,317.1346,309.5138,303.8471,299.8417,297.3235,296.248,296.6984,298.8687,303.0315,309.4957,318.5631,330.4995,345.5355,363.915,445.0,274.0,1468.7498,195.64099999999985,195.64099999999985,19.39319999999998
2710,2710,2710.0,2710.0,2710.0,2710.0,2710.0,2710.0,2710.0,2710.0,2710.0,2710.0,2710.0,2710.0,2710.0,2710.0,2710.0,2710.0,2710.0,2710.0,2710.0,2710.0,2710.0,0.0,,,,,,,0.0,273.0,273.0,273.0,273.0,273.0,273.0,273.0,273.0,273.0,273.0,273.0,273.0,273.0,273.0,273.0,273.0,273.0,273.0,273.0,273.0,472.0,471.0,0.0,352.0918,1644.3903999999998,16.951900000000023
2711,2711,2711.0,2711.0,2711.0,2711.0,2711.0,2711.0,2711.0,2711.0,2711.0,2711.0,2711.0,2711.0,2711.0,2711.0,2711.0,2711.0,2711.0,2711.0,2711.0,2711.0,2711.0,1.0,,,,,,,0.1,427.7969,391.8848,362.5556,338.8477,320.1088,305.7697,295.2585,288.0058,283.4981,281.3448,281.3342,283.4643,287.9432,295.1577,305.6175,319.8887,338.5395,362.1349,391.3208,427.0473,472.0,473.0,352.0918,135.7683,1292.2986,16.951900000000023
2712,2712,2712.0,2712.0,2712.0,2712.0,2712.0,2712.0,2712.0,2712.0,2712.0,2712.0,2712.0,2712.0,2712.0,2712.0,2712.0,2712.0,2712.0,2712.0,2712.0,2712.0,2712.0,2.0,,,,,,,0.2,433.202,402.4266,377.5778,357.3596,340.9518,327.8257,317.6364,310.1576,305.243,302.8052,302.8041,305.2421,310.1649,317.6652,327.8944,341.0837,357.5826,377.9245,402.9357,433.9221,173.0,221.0,487.8601,70.52859999999998,1156.5303,16.951900000000023
2713,2713,2713.0,2713.0,2713.0,2713.0,2713.0,2713.0,2713.0,2713.0,2713.0,2713.0,2713.0,2713.0,2713.0,2713.0,2713.0,2713.0,2713.0,2713.0,2713.0,2713.0,2713.0,3.0,,,,,,,0.3,201.6104,227.6163,249.9568,268.0521,281.8364,291.6822,298.2552,302.3474,304.7207,305.9855,306.5191,306.4276,305.5494,303.4955,299.7274,293.6641,284.8101,272.8866,257.9381,240.3858,321.0,373.0,558.3887,156.07580000000007,1086.0017,16.951900000000023
2714,2714,2714.0,2714.0,2714.0,2714.0,2714.0,2714.0,2714.0,2714.0,2714.0,2714.0,2714.0,2714.0,2714.0,2714.0,2714.0,2714.0,2714.0,2714.0,2714.0,2714.0,2714.0,4.0,,,,,,,0.4,311.778,304.0557,297.9848,293.6165,290.8628,289.502,289.2203,289.6749,290.5601,291.6634,292.9038,294.3498,296.2173,298.8479,302.6697,308.1433,315.7043,325.7161,338.4534,354.1326,396.0,473.0,714.4645,112.98649999999998,929.9259,16.951900000000023
2715,2715,2715.0,2715.0,2715.0,2715.0,2715.0,2715.0,2715.0,2715.0,2715.0,2715.0,2715.0,2715.0,2715.0,2715.0,2715.0,2715.0,2715.0,2715.0,2715.0,2715.0,2715.0,5.0,,,,,,,0.5,372.4629,352.9697,336.955,324.0432,313.9354,306.3516,301.0149,297.6648,296.0859,296.1396,297.7902,301.1202,306.3325,313.7386,323.7398,336.8073,353.4767,374.3791,400.335,432.5528,472.0,280.0,827.451,83.87929999999994,816.9394,16.951900000000023
2716,2716,2716.0,2716.0,2716.0,2716.0,2716.0,2716.0,2716.0,2716.0,2716.0,2716.0,2716.0,2716.0,2716.0,2716.0,2716.0,2716.0,2716.0,2716.0,2716.0,2716.0,2716.0,6.0,,,,,,,0.6,432.5694,401.3036,376.246,356.1974,340.3621,328.1509,319.0745,312.6886,308.567,306.2848,305.4055,305.4693,305.987,306.4484,306.3485,305.2359,302.7758,298.817,293.4427,286.9866,306.0,273.0,911.3303,151.45030000000008,733.0601,16.951900000000023
2717,2717,2717.0,2717.0,2717.0,2717.0,2717.0,2717.0,2717.0,2717.0,2717.0,2717.0,2717.0,2717.0,2717.0,2717.0,2717.0,2717.0,2717.0,2717.0,2717.0,2717.0,2717.0,7.0,,,,,,,0.7,308.0223,310.2301,312.0808,313.2073,313.4407,312.793,311.4093,309.5045,307.3025,304.9876,302.6771,300.4126,298.1691,295.8747,293.4351,290.7588,287.7791,284.469,280.8498,276.9908,384.0,272.0,1062.7806,176.15480000000002,581.6098,16.951900000000023
2718,2718,2718.0,2718.0,2718.0,2718.0,2718.0,2718.0,2718.0,2718.0,2718.0,2718.0,2718.0,2718.0,2718.0,2718.0,2718.0,2718.0,2718.0,2718.0,2718.0,2718.0,2718.0,8.0,,,,,,,0.8,365.087,349.6003,336.9883,326.8305,318.7605,312.4281,307.4905,303.6207,300.5218,297.9403,295.6721,293.5623,291.4996,289.4079,287.2385,284.9635,282.5708,280.0615,277.4478,274.7511,473.0,392.0,1238.9354,221.5184999999999,405.4549999999999,16.951900000000023
2719,2719,2719.0,2719.0,2719.0,2719.0,2719.0,2719.0,2719.0,2719.0,2719.0,2719.0,2719.0,2719.0,2719.0,2719.0,2719.0,2719.0,2719.0,2719.0,2719.0,2719.0,2719.0,9.0,,,,,,,0.9,433.4772,402.1542,377.0068,356.764,340.552,327.704,317.6684,309.9766,304.2453,300.1928,297.658,296.6111,297.153,299.4974,303.9384,310.8067,320.4249,333.0781,349.0187,368.5209,426.0,273.0,1460.4539,183.9365,183.9365,16.951900000000023
2720,2720,2720.0,2720.0,2720.0,2720.0,2720.0,2720.0,2720.0,2720.0,2720.0,2720.0,2720.0,2720.0,2720.0,2720.0,2720.0,2720.0,2720.0,2720.0,2720.0,2720.0,2720.0,0.0,,,,,,,0.0,273.0,273.0,273.0,273.0,273.0,273.0,273.0,273.0,273.0,273.0,273.0,273.0,273.0,273.0,273.0,273.0,273.0,273.0,273.0,273.0,471.0,473.0,0.0,351.6998,1490.591,21.69110000000001
2721,2721,2721.0,2721.0,2721.0,2721.0,2721.0,2721.0,2721.0,2721.0,2721.0,2721.0,2721.0,2721.0,2721.0,2721.0,2721.0,2721.0,2721.0,2721.0,2721.0,2721.0,2721.0,1.0,,,,,,,0.1,427.0473,391.3209,362.135,338.5398,319.8893,305.6187,295.16,287.9477,283.4727,281.349,281.3703,283.5402,288.0728,295.3617,305.923,320.3294,339.1559,362.9761,392.4484,428.5462,473.0,472.0,351.6998,134.70410000000004,1138.8912,21.69110000000001
2722,2722,2722.0,2722.0,2722.0,2722.0,2722.0,2722.0,2722.0,2722.0,2722.0,2722.0,2722.0,2722.0,2722.0,2722.0,2722.0,2722.0,2722.0,2722.0,2722.0,2722.0,2722.0,2.0,,,,,,,0.2,433.9227,402.9374,377.9279,357.588,341.0918,327.9065,317.6827,310.1893,305.2751,302.8469,302.8591,305.3079,310.2325,317.7189,327.9117,341.0361,357.4362,377.6408,402.4714,433.2251,174.0,221.0,486.4039,70.7355,1004.1871,21.69110000000001
2723,2723,2723.0,2723.0,2723.0,2723.0,2723.0,2723.0,2723.0,2723.0,2723.0,2723.0,2723.0,2723.0,2723.0,2723.0,2723.0,2723.0,2723.0,2723.0,2723.0,2723.0,2723.0,3.0,,,,,,,0.3,202.4448,228.2964,250.4988,268.4748,282.1599,291.9255,298.4354,302.4784,304.8139,306.049,306.5588,306.4478,305.5529,303.4852,299.7062,293.6356,284.7787,272.8571,257.9151,240.3732,322.0,360.0,557.1394,157.61720000000005,933.4516,21.69110000000001
2724,2724,2724.0,2724.0,2724.0,2724.0,2724.0,2724.0,2724.0,2724.0,2724.0,2724.0,2724.0,2724.0,2724.0,2724.0,2724.0,2724.0,2724.0,2724.0,2724.0,2724.0,2724.0,4.0,,,,,,,0.4,312.6113,304.7488,298.5583,294.0866,291.2418,289.7984,289.4378,289.8104,290.6004,291.5805,292.6487,293.8459,295.3529,297.4706,300.5821,305.1032,311.4262,319.8744,330.6798,344.0028,393.0,473.0,714.7566,121.19599999999993,775.8343999999998,21.69110000000001
2725,2725,2725.0,2725.0,2725.0,2725.0,2725.0,2725.0,2725.0,2725.0,2725.0,2725.0,2725.0,2725.0,2725.0,2725.0,2725.0,2725.0,2725.0,2725.0,2725.0,2725.0,2725.0,5.0,,,,,,,0.5,370.1823,351.2651,335.708,323.1481,313.2943,305.8733,300.616,297.2711,295.6341,295.5794,297.0871,300.2587,305.3192,312.6051,322.5419,335.6213,352.3906,373.4801,399.6962,432.2231,307.0,473.0,835.9526,40.90590000000009,654.6383999999999,21.69110000000001
2726,2726,2726.0,2726.0,2726.0,2726.0,2726.0,2726.0,2726.0,2726.0,2726.0,2726.0,2726.0,2726.0,2726.0,2726.0,2726.0,2726.0,2726.0,2726.0,2726.0,2726.0,2726.0,6.0,,,,,,,0.6,305.6803,304.865,304.2609,303.684,303.0752,302.495,302.1002,302.1124,302.786,304.3829,307.1583,311.3563,317.2166,324.9889,334.9545,347.4587,362.9555,382.0766,405.739,435.3248,302.0,274.0,876.8585,19.493799999999965,613.7324999999998,21.69110000000001
2727,2727,2727.0,2727.0,2727.0,2727.0,2727.0,2727.0,2727.0,2727.0,2727.0,2727.0,2727.0,2727.0,2727.0,2727.0,2727.0,2727.0,2727.0,2727.0,2727.0,2727.0,2727.0,7.0,,,,,,,0.7,300.204,299.002,298.2912,297.9987,298.0821,298.5247,299.326,300.4862,301.9865,303.7662,305.7002,307.5831,309.1231,309.9562,309.6812,307.9183,304.3845,298.9709,291.805,283.2749,473.0,303.0,896.3523,125.15229999999995,594.2386999999999,21.69110000000001
2728,2728,2728.0,2728.0,2728.0,2728.0,2728.0,2728.0,2728.0,2728.0,2728.0,2728.0,2728.0,2728.0,2728.0,2728.0,2728.0,2728.0,2728.0,2728.0,2728.0,2728.0,2728.0,8.0,,,,,,,0.8,431.525,398.4261,371.8949,350.8457,334.5093,322.2202,313.3247,307.1665,303.1112,300.5828,299.095,298.2684,297.8345,297.6286,297.5753,297.6707,297.9631,298.535,299.4883,300.936,472.0,294.0,1021.5046,228.31130000000007,469.0863999999999,21.69110000000001
2729,2729,2729.0,2729.0,2729.0,2729.0,2729.0,2729.0,2729.0,2729.0,2729.0,2729.0,2729.0,2729.0,2729.0,2729.0,2729.0,2729.0,2729.0,2729.0,2729.0,2729.0,2729.0,9.0,,,,,,,0.9,434.5773,405.18,381.664,362.6513,347.213,334.6911,324.5924,316.5253,310.1625,305.2192,301.4435,298.6113,296.5265,295.0224,293.9643,293.2521,292.8228,292.6521,292.7537,293.1767,386.0,272.0,1249.8159,240.77509999999984,240.77509999999984,21.69110000000001
2730,2730,2730.0,2730.0,2730.0,2730.0,2730.0,2730.0,2730.0,2730.0,2730.0,2730.0,2730.0,2730.0,2730.0,2730.0,2730.0,2730.0,2730.0,2730.0,2730.0,2730.0,2730.0,0.0,,,,,,,0.0,273.0,273.0,273.0,273.0,273.0,273.0,273.0,273.0,273.0,273.0,273.0,273.0,273.0,273.0,273.0,273.0,273.0,273.0,273.0,273.0,473.0,471.0,0.0,352.188,1668.5099,17.340100000000007
2731,2731,2731.0,2731.0,2731.0,2731.0,2731.0,2731.0,2731.0,2731.0,2731.0,2731.0,2731.0,2731.0,2731.0,2731.0,2731.0,2731.0,2731.0,2731.0,2731.0,2731.0,2731.0,1.0,,,,,,,0.1,428.5462,392.4484,362.9761,339.1559,320.3294,305.923,295.3617,288.0728,283.5402,281.3703,281.349,283.4727,287.9477,295.16,305.6187,319.8893,338.5398,362.135,391.3209,427.0473,473.0,471.0,352.188,136.4477,1316.3219,17.340100000000007
2732,2732,2732.0,2732.0,2732.0,2732.0,2732.0,2732.0,2732.0,2732.0,2732.0,2732.0,2732.0,2732.0,2732.0,2732.0,2732.0,2732.0,2732.0,2732.0,2732.0,2732.0,2732.0,2.0,,,,,,,0.2,433.9673,403.0232,378.0473,357.7304,341.2436,328.0533,317.8106,310.2864,305.3315,302.8552,302.8138,305.2051,310.0692,317.4927,327.62,340.6749,356.9985,377.114,401.8331,432.4378,173.0,220.0,488.6357,71.9151,1179.8742,17.340100000000007
2733,2733,2733.0,2733.0,2733.0,2733.0,2733.0,2733.0,2733.0,2733.0,2733.0,2733.0,2733.0,2733.0,2733.0,2733.0,2733.0,2733.0,2733.0,2733.0,2733.0,2733.0,2733.0,3.0,,,,,,,0.3,201.6459,227.6831,250.0474,268.1568,281.9447,291.7838,298.3408,302.4082,304.7492,305.9745,306.4617,306.3171,305.3784,303.2563,299.4116,293.2622,284.3119,272.2808,257.2129,239.5291,322.0,368.0,560.5508,158.11480000000006,1107.9591,17.340100000000007
2734,2734,2734.0,2734.0,2734.0,2734.0,2734.0,2734.0,2734.0,2734.0,2734.0,2734.0,2734.0,2734.0,2734.0,2734.0,2734.0,2734.0,2734.0,2734.0,2734.0,2734.0,2734.0,4.0,,,,,,,0.4,312.5774,304.684,298.468,293.9778,291.1226,289.6768,289.3222,289.7105,290.5293,291.5587,292.7084,294.0365,295.7464,298.1661,301.7085,306.8193,313.9188,323.3548,335.3839,350.1969,399.0,472.0,718.6656,117.00929999999994,949.8443,17.340100000000007
2735,2735,2735.0,2735.0,2735.0,2735.0,2735.0,2735.0,2735.0,2735.0,2735.0,2735.0,2735.0,2735.0,2735.0,2735.0,2735.0,2735.0,2735.0,2735.0,2735.0,2735.0,2735.0,5.0,,,,,,,0.5,374.7973,354.7746,338.3305,325.0671,314.6704,306.8481,301.3129,297.7945,296.0689,295.9904,297.519,300.7353,305.8428,313.1561,323.08,336.0881,352.7154,373.5868,399.5092,431.6691,473.0,277.0,835.6749,87.35149999999999,832.835,17.340100000000007
2736,2736,2736.0,2736.0,2736.0,2736.0,2736.0,2736.0,2736.0,2736.0,2736.0,2736.0,2736.0,2736.0,2736.0,2736.0,2736.0,2736.0,2736.0,2736.0,2736.0,2736.0,2736.0,6.0,,,,,,,0.6,433.3824,401.9904,376.838,356.7075,340.7923,328.4973,319.3312,312.85,308.6284,306.2421,305.2537,305.2003,305.5877,305.8976,305.6157,304.2794,301.5434,297.2471,291.4672,284.5342,311.0,271.0,923.0264,157.46119999999996,745.4835,17.340100000000007
2737,2737,2737.0,2737.0,2737.0,2737.0,2737.0,2737.0,2737.0,2737.0,2737.0,2737.0,2737.0,2737.0,2737.0,2737.0,2737.0,2737.0,2737.0,2737.0,2737.0,2737.0,2737.0,7.0,,,,,,,0.7,311.9948,313.3227,314.435,314.9556,314.7022,313.67,311.9851,309.8433,307.4502,304.9747,302.5209,300.1205,297.7413,295.3059,292.7163,289.878,286.7212,283.2156,279.3781,275.2723,380.0,271.0,1080.4876,180.42590000000013,588.0223000000001,17.340100000000007
2738,2738,2738.0,2738.0,2738.0,2738.0,2738.0,2738.0,2738.0,2738.0,2738.0,2738.0,2738.0,2738.0,2738.0,2738.0,2738.0,2738.0,2738.0,2738.0,2738.0,2738.0,2738.0,8.0,,,,,,,0.8,362.1424,347.5223,335.6086,325.9923,318.318,312.2503,307.4657,303.6594,300.557,297.9258,295.5787,293.3744,291.2109,289.0187,286.7531,284.388,281.9114,279.3224,276.6294,273.8482,472.0,392.0,1260.9135,222.63819999999987,407.5963999999999,17.340100000000007
2739,2739,2739.0,2739.0,2739.0,2739.0,2739.0,2739.0,2739.0,2739.0,2739.0,2739.0,2739.0,2739.0,2739.0,2739.0,2739.0,2739.0,2739.0,2739.0,2739.0,2739.0,2739.0,9.0,,,,,,,0.9,432.6679,401.4731,376.4192,356.2513,340.1043,327.3144,317.3299,309.6807,303.9813,299.9494,297.4244,296.3791,296.9182,299.2602,303.7039,310.5842,320.2261,332.9158,348.9039,368.4616,430.0,275.0,1483.5517,184.95820000000003,184.95820000000003,17.340100000000007
2740,2740,2740.0,2740.0,2740.0,2740.0,2740.0,2740.0,2740.0,2740.0,2740.0,2740.0,2740.0,2740.0,2740.0,2740.0,2740.0,2740.0,2740.0,2740.0,2740.0,2740.0,2740.0,0.0,,,,,,,0.0,273.0,273.0,273.0,273.0,273.0,273.0,273.0,273.0,273.0,273.0,273.0,273.0,273.0,273.0,273.0,273.0,273.0,273.0,273.0,273.0,472.0,471.0,0.0,352.0918,1476.9079,17.714099999999974
2741,2741,2741.0,2741.0,2741.0,2741.0,2741.0,2741.0,2741.0,2741.0,2741.0,2741.0,2741.0,2741.0,2741.0,2741.0,2741.0,2741.0,2741.0,2741.0,2741.0,2741.0,2741.0,1.0,,,,,,,0.1,427.7969,391.8848,362.5556,338.8477,320.1088,305.7697,295.2585,288.0058,283.4981,281.3448,281.3342,283.4643,287.9432,295.1577,305.6175,319.8887,338.5395,362.1349,391.3208,427.0473,472.0,473.0,352.0918,135.7683,1124.8161,17.714099999999974
2742,2742,2742.0,2742.0,2742.0,2742.0,2742.0,2742.0,2742.0,2742.0,2742.0,2742.0,2742.0,2742.0,2742.0,2742.0,2742.0,2742.0,2742.0,2742.0,2742.0,2742.0,2742.0,2.0,,,,,,,0.2,433.202,402.4266,377.5778,357.3596,340.9518,327.8257,317.6364,310.1576,305.243,302.8052,302.8041,305.2421,310.1649,317.6652,327.8944,341.0837,357.5826,377.9245,402.9357,433.9221,171.0,220.0,487.8601,70.93759999999997,989.0478,17.714099999999974
2743,2743,2743.0,2743.0,2743.0,2743.0,2743.0,2743.0,2743.0,2743.0,2743.0,2743.0,2743.0,2743.0,2743.0,2743.0,2743.0,2743.0,2743.0,2743.0,2743.0,2743.0,2743.0,3.0,,,,,,,0.3,199.9887,226.3449,248.9941,267.348,281.3389,291.3421,298.0297,302.2009,304.6252,305.919,306.4638,306.3683,305.4709,303.3817,299.5594,293.4201,284.4653,272.4143,257.3118,239.5819,320.0,374.0,558.7977,158.2554,918.1102,17.714099999999974
2744,2744,2744.0,2744.0,2744.0,2744.0,2744.0,2744.0,2744.0,2744.0,2744.0,2744.0,2744.0,2744.0,2744.0,2744.0,2744.0,2744.0,2744.0,2744.0,2744.0,2744.0,2744.0,4.0,,,,,,,0.4,310.916,303.3078,297.3351,293.0545,290.3809,289.0934,288.8779,289.391,290.3266,291.4728,292.7504,294.2314,296.1363,298.8127,302.6951,308.2507,315.9205,326.0725,338.9846,354.8764,471.0,471.0,717.0531,127.4914,759.8548,17.714099999999974
2745,2745,2745.0,2745.0,2745.0,2745.0,2745.0,2745.0,2745.0,2745.0,2745.0,2745.0,2745.0,2745.0,2745.0,2745.0,2745.0,2745.0,2745.0,2745.0,2745.0,2745.0,2745.0,5.0,,,,,,,0.5,429.3405,395.893,368.893,347.3045,330.4255,317.6797,308.5288,302.4609,299.0199,297.8479,298.7213,301.5712,306.485,313.6911,323.5321,336.4397,352.9224,373.5912,399.248,431.0763,362.0,275.0,844.5445,73.36099999999999,632.3634,17.714099999999974
2746,2746,2746.0,2746.0,2746.0,2746.0,2746.0,2746.0,2746.0,2746.0,2746.0,2746.0,2746.0,2746.0,2746.0,2746.0,2746.0,2746.0,2746.0,2746.0,2746.0,2746.0,2746.0,6.0,,,,,,,0.6,350.8593,341.9238,334.5542,328.3024,322.9017,318.2397,314.3149,311.1822,308.896,307.4592,306.784,306.67,306.8021,306.7718,306.1216,304.411,301.2958,296.6067,290.4096,283.0255,173.0,247.0,917.9055,134.80100000000004,559.0024,17.714099999999974
2747,2747,2747.0,2747.0,2747.0,2747.0,2747.0,2747.0,2747.0,2747.0,2747.0,2747.0,2747.0,2747.0,2747.0,2747.0,2747.0,2747.0,2747.0,2747.0,2747.0,2747.0,2747.0,7.0,,,,,,,0.7,198.8769,222.483,242.9999,259.9521,273.2331,283.0555,289.8528,294.1662,296.5408,297.4495,297.2483,296.1611,294.2889,291.6344,288.1366,283.7096,278.2803,271.8201,264.3672,256.0342,473.0,472.0,1052.7065,217.7117000000001,424.2013999999999,17.714099999999974
2748,2748,2748.0,2748.0,2748.0,2748.0,2748.0,2748.0,2748.0,2748.0,2748.0,2748.0,2748.0,2748.0,2748.0,2748.0,2748.0,2748.0,2748.0,2748.0,2748.0,2748.0,2748.0,8.0,,,,,,,0.8,428.2004,391.9562,362.7147,339.6093,321.9857,309.17,300.4073,294.9082,291.9455,290.9573,291.6231,293.9014,298.0245,304.4551,313.8134,326.7917,344.0818,366.3526,394.3225,428.9768,472.0,436.0,1270.4182,113.21659999999996,206.48969999999983,17.714099999999974
2749,2749,2749.0,2749.0,2749.0,2749.0,2749.0,2749.0,2749.0,2749.0,2749.0,2749.0,2749.0,2749.0,2749.0,2749.0,2749.0,2749.0,2749.0,2749.0,2749.0,2749.0,2749.0,9.0,,,,,,,0.9,433.5933,403.2387,378.8544,359.1465,343.2839,330.7141,321.0553,314.0318,309.4371,307.1136,306.9419,308.8379,312.7535,318.6833,326.677,336.8611,349.4711,364.8982,383.756,406.9813,171.0,172.0,1383.6348,93.27309999999989,93.27309999999989,17.714099999999974
2750,2750,2750.0,2750.0,2750.0,2750.0,2750.0,2750.0,2750.0,2750.0,2750.0,2750.0,2750.0,2750.0,2750.0,2750.0,2750.0,2750.0,2750.0,2750.0,2750.0,2750.0,2750.0,0.0,,,,,,,0.0,273.0,273.0,273.0,273.0,273.0,273.0,273.0,273.0,273.0,273.0,273.0,273.0,273.0,273.0,273.0,273.0,273.0,273.0,273.0,273.0,472.0,473.0,0.0,351.7936,1492.7677,17.887900000000002
2751,2751,2751.0,2751.0,2751.0,2751.0,2751.0,2751.0,2751.0,2751.0,2751.0,2751.0,2751.0,2751.0,2751.0,2751.0,2751.0,2751.0,2751.0,2751.0,2751.0,2751.0,2751.0,1.0,,,,,,,0.1,427.797,391.8849,362.5558,338.8482,320.11,305.7721,295.2632,288.0148,283.5147,281.3745,281.3851,283.5485,288.0773,295.364,305.9242,320.3299,339.1562,362.9762,392.4485,428.5462,472.0,471.0,351.7936,134.54479999999995,1140.9741,17.887900000000002
2752,2752,2752.0,2752.0,2752.0,2752.0,2752.0,2752.0,2752.0,2752.0,2752.0,2752.0,2752.0,2752.0,2752.0,2752.0,2752.0,2752.0,2752.0,2752.0,2752.0,2752.0,2752.0,2.0,,,,,,,0.2,433.2036,402.4302,377.584,357.3697,340.967,327.8478,317.6671,310.1982,305.2937,302.8639,302.8651,305.2945,310.1907,317.6382,327.779,340.8349,357.1464,377.237,401.9208,432.4831,173.0,223.0,486.3384,70.49170000000004,1006.4293,17.887900000000002
2753,2753,2753.0,2753.0,2753.0,2753.0,2753.0,2753.0,2753.0,2753.0,2753.0,2753.0,2753.0,2753.0,2753.0,2753.0,2753.0,2753.0,2753.0,2753.0,2753.0,2753.0,2753.0,3.0,,,,,,,0.3,201.613,227.6214,249.9642,268.0612,281.8466,291.6927,298.2652,302.3561,304.7283,305.994,306.5336,306.4587,305.6145,303.6216,299.9521,294.0358,285.387,273.7324,259.1168,241.954,320.0,358.0,556.8301,157.72950000000003,935.9376,17.887900000000002
2754,2754,2754.0,2754.0,2754.0,2754.0,2754.0,2754.0,2754.0,2754.0,2754.0,2754.0,2754.0,2754.0,2754.0,2754.0,2754.0,2754.0,2754.0,2754.0,2754.0,2754.0,2754.0,4.0,,,,,,,0.4,310.9878,303.4448,297.5248,293.2803,290.6244,289.336,289.101,289.5742,290.4433,291.4833,292.5925,293.8092,295.3095,297.3865,300.4147,304.8001,310.9269,319.1116,329.5821,342.4949,472.0,473.0,714.5596,137.43169999999998,778.2081000000001,17.887900000000002
2755,2755,2755.0,2755.0,2755.0,2755.0,2755.0,2755.0,2755.0,2755.0,2755.0,2755.0,2755.0,2755.0,2755.0,2755.0,2755.0,2755.0,2755.0,2755.0,2755.0,2755.0,2755.0,5.0,,,,,,,0.5,430.0983,396.4715,369.3286,347.6176,330.6248,317.7644,308.49,302.2839,298.6866,297.3419,298.0341,300.7102,305.4813,312.606,322.4597,335.5039,352.2686,373.3737,399.6189,432.1827,366.0,272.0,851.9913,77.49099999999999,640.7764000000001,17.887900000000002
2756,2756,2756.0,2756.0,2756.0,2756.0,2756.0,2756.0,2756.0,2756.0,2756.0,2756.0,2756.0,2756.0,2756.0,2756.0,2756.0,2756.0,2756.0,2756.0,2756.0,2756.0,2756.0,6.0,,,,,,,0.6,353.9626,344.2891,336.3123,329.5639,323.7607,318.7753,314.5923,311.2538,308.8025,307.2307,306.4407,306.2217,306.2475,306.0968,305.2977,303.3947,300.0292,295.0207,288.4279,280.571,171.0,254.0,929.4823,137.1574999999999,563.2854000000001,17.887900000000002
2757,2757,2757.0,2757.0,2757.0,2757.0,2757.0,2757.0,2757.0,2757.0,2757.0,2757.0,2757.0,2757.0,2757.0,2757.0,2757.0,2757.0,2757.0,2757.0,2757.0,2757.0,2757.0,7.0,,,,,,,0.7,197.3656,221.4174,242.3113,259.557,273.0447,282.9938,289.8521,294.1788,296.5401,297.4311,297.2316,296.1918,294.4418,292.016,288.8869,285.0001,280.3079,274.7964,268.5029,261.5223,473.0,473.0,1066.6398,213.2311,426.1279000000002,17.887900000000002
2758,2758,2758.0,2758.0,2758.0,2758.0,2758.0,2758.0,2758.0,2758.0,2758.0,2758.0,2758.0,2758.0,2758.0,2758.0,2758.0,2758.0,2758.0,2758.0,2758.0,2758.0,2758.0,8.0,,,,,,,0.8,428.1665,391.8921,362.6285,339.5133,321.8949,309.1011,300.3773,294.9339,292.0431,291.1419,291.9078,294.2956,298.5317,305.0708,314.524,327.5757,344.9142,367.2118,395.2,429.8886,473.0,418.0,1279.8709,111.3552000000002,212.8968000000002,17.887900000000002
2759,2759,2759.0,2759.0,2759.0,2759.0,2759.0,2759.0,2759.0,2759.0,2759.0,2759.0,2759.0,2759.0,2759.0,2759.0,2759.0,2759.0,2759.0,2759.0,2759.0,2759.0,2759.0,9.0,,,,,,,0.9,434.3355,403.7916,379.2656,359.4521,343.5126,330.8879,321.188,314.126,309.4797,307.0688,306.7445,308.3835,311.8897,317.2014,324.3052,333.2605,344.2318,357.5308,373.6707,393.4375,171.0,171.0,1391.2261,101.54160000000002,101.54160000000002,17.887900000000002
2760,2760,2760.0,2760.0,2760.0,2760.0,2760.0,2760.0,2760.0,2760.0,2760.0,2760.0,2760.0,2760.0,2760.0,2760.0,2760.0,2760.0,2760.0,2760.0,2760.0,2760.0,0.0,,,,,,,,0.0,273.0,273.0,273.0,273.0,273.0,273.0,273.0,273.0,273.0,273.0,273.0,273.0,273.0,273.0,273.0,273.0,273.0,273.0,273.0,273.0,473.0,473.0,0.0,351.8898,1633.1838000000002,20.50999999999999
2761,2761,2761.0,2761.0,2761.0,2761.0,2761.0,2761.0,2761.0,2761.0,2761.0,2761.0,2761.0,2761.0,2761.0,2761.0,2761.0,2761.0,2761.0,2761.0,2761.0,2761.0,1.0,,,,,,,,0.1,428.5462,392.4485,362.9763,339.1565,320.3305,305.9254,295.3664,288.0818,283.5568,281.3999,281.3999,283.5568,288.0818,295.3664,305.9254,320.3305,339.1565,362.9763,392.4485,428.5462,473.0,472.0,351.8898,135.3936,1281.2940000000003,20.50999999999999
2762,2762,2762.0,2762.0,2762.0,2762.0,2762.0,2762.0,2762.0,2762.0,2762.0,2762.0,2762.0,2762.0,2762.0,2762.0,2762.0,2762.0,2762.0,2762.0,2762.0,2762.0,2.0,,,,,,,,0.2,433.969,403.0268,378.0539,357.7411,341.2604,328.0785,317.8477,310.3393,305.4049,302.9547,302.9449,305.3738,310.2813,317.7539,327.9359,341.0523,357.4467,377.6473,402.475,433.2267,309.0,273.0,487.2834,72.91900000000004,1145.9004000000002,20.50999999999999
2763,2763,2763.0,2763.0,2763.0,2763.0,2763.0,2763.0,2763.0,2763.0,2763.0,2763.0,2763.0,2763.0,2763.0,2763.0,2763.0,2763.0,2763.0,2763.0,2763.0,2763.0,3.0,,,,,,,,0.3,310.4314,312.147,313.6178,314.5004,314.6619,314.1638,313.2102,312.0764,311.0334,310.2795,309.8907,309.7924,309.7577,309.4325,308.3874,306.1913,302.4992,297.1391,290.1771,281.9431,291.0,273.0,560.2024,101.1889,1072.9814,20.50999999999999
2764,2764,2764.0,2764.0,2764.0,2764.0,2764.0,2764.0,2764.0,2764.0,2764.0,2764.0,2764.0,2764.0,2764.0,2764.0,2764.0,2764.0,2764.0,2764.0,2764.0,2764.0,4.0,,,,,,,,0.4,292.5295,294.2523,295.9686,297.5224,298.8081,299.7677,300.3823,300.6579,300.611,300.2558,299.5959,298.6196,297.3022,295.6112,293.5147,290.9919,288.0425,284.6942,281.0063,277.0694,470.0,346.0,661.3913,178.55489999999998,971.7925,20.50999999999999
2765,2765,2765.0,2765.0,2765.0,2765.0,2765.0,2765.0,2765.0,2765.0,2765.0,2765.0,2765.0,2765.0,2765.0,2765.0,2765.0,2765.0,2765.0,2765.0,2765.0,2765.0,5.0,,,,,,,,0.5,429.0997,396.3634,370.0376,349.0589,332.6644,320.1905,310.9927,304.4411,299.9546,297.0443,295.3484,294.6499,294.8747,296.0726,298.3855,302.0071,307.1422,313.9739,322.6471,333.2794,471.0,387.0,839.9462,194.5985,793.2376,20.50999999999999
2766,2766,2766.0,2766.0,2766.0,2766.0,2766.0,2766.0,2766.0,2766.0,2766.0,2766.0,2766.0,2766.0,2766.0,2766.0,2766.0,2766.0,2766.0,2766.0,2766.0,2766.0,6.0,,,,,,,,0.6,433.6147,404.1879,380.6065,361.5198,346.0284,333.51,323.5187,315.7262,309.89,305.8373,303.459,302.7075,303.5951,306.1901,310.609,317.0077,325.5737,336.5279,350.1427,366.7858,224.0,273.0,1034.5447,117.89810000000011,598.6391000000001,20.50999999999999
2767,2767,2767.0,2767.0,2767.0,2767.0,2767.0,2767.0,2767.0,2767.0,2767.0,2767.0,2767.0,2767.0,2767.0,2767.0,2767.0,2767.0,2767.0,2767.0,2767.0,2767.0,7.0,,,,,,,,0.7,243.2032,260.5868,275.3573,287.0662,295.6382,301.3233,304.5991,306.0547,306.2815,305.7868,304.9375,303.9348,302.8164,301.4823,299.7398,297.3619,294.1521,290.0052,284.9523,279.1775,472.0,305.0,1152.4428,154.4251999999999,480.741,20.50999999999999
2768,2768,2768.0,2768.0,2768.0,2768.0,2768.0,2768.0,2768.0,2768.0,2768.0,2768.0,2768.0,2768.0,2768.0,2768.0,2768.0,2768.0,2768.0,2768.0,2768.0,2768.0,8.0,,,,,,,,0.8,429.8606,396.1171,369.0784,347.7337,331.3294,319.157,310.4802,304.5476,300.6452,298.1526,296.5812,295.5893,294.975,294.6538,294.6294,294.9622,295.7408,297.0583,298.9974,301.6253,470.0,405.0,1306.868,210.48760000000016,326.3158000000001,20.50999999999999
2769,2769,2769.0,2769.0,2769.0,2769.0,2769.0,2769.0,2769.0,2769.0,2769.0,2769.0,2769.0,2769.0,2769.0,2769.0,2769.0,2769.0,2769.0,2769.0,2769.0,2769.0,9.0,,,,,,,,0.9,432.8219,403.5367,380.0545,361.036,345.5851,333.0767,323.0575,315.1921,309.2356,305.0254,302.4828,301.618,302.5312,305.4059,310.4916,318.0776,328.4676,341.9679,358.9071,379.7036,237.0,273.0,1517.3556,115.82819999999992,115.82819999999992,20.50999999999999
2770,2770,2770.0,2770.0,2770.0,2770.0,2770.0,2770.0,2770.0,2770.0,2770.0,2770.0,2770.0,2770.0,2770.0,2770.0,2770.0,2770.0,2770.0,2770.0,2770.0,2770.0,0.0,,,,,,,,0.0,273.0,273.0,273.0,273.0,273.0,273.0,273.0,273.0,273.0,273.0,273.0,273.0,273.0,273.0,273.0,273.0,273.0,273.0,273.0,273.0,472.0,473.0,0.0,351.7936,1651.9595,20.88279999999997
2771,2771,2771.0,2771.0,2771.0,2771.0,2771.0,2771.0,2771.0,2771.0,2771.0,2771.0,2771.0,2771.0,2771.0,2771.0,2771.0,2771.0,2771.0,2771.0,2771.0,2771.0,1.0,,,,,,,,0.1,427.797,391.8849,362.5558,338.8482,320.11,305.7721,295.2632,288.0148,283.5147,281.3745,281.3851,283.5485,288.0773,295.364,305.9242,320.3299,339.1562,362.9762,392.4485,428.5462,472.0,472.0,351.7936,134.6028,1300.1659,20.88279999999997
2772,2772,2772.0,2772.0,2772.0,2772.0,2772.0,2772.0,2772.0,2772.0,2772.0,2772.0,2772.0,2772.0,2772.0,2772.0,2772.0,2772.0,2772.0,2772.0,2772.0,2772.0,2.0,,,,,,,,0.2,433.2036,402.4302,377.5841,357.3699,340.9675,327.8489,317.6693,310.2023,305.3013,302.8775,302.8884,305.3333,310.2528,317.7343,327.9228,341.0437,357.4412,377.644,402.4731,433.2258,319.0,273.0,486.3964,74.7987,1165.5631,20.88279999999997
2773,2773,2773.0,2773.0,2773.0,2773.0,2773.0,2773.0,2773.0,2773.0,2773.0,2773.0,2773.0,2773.0,2773.0,2773.0,2773.0,2773.0,2773.0,2773.0,2773.0,2773.0,3.0,,,,,,,,0.3,318.254,318.1094,318.0315,317.6636,316.8497,315.6184,314.1352,312.6347,311.3491,310.4427,309.9634,309.8151,309.7554,309.4199,308.3722,306.1771,302.4877,297.1306,290.1716,281.9404,286.0,273.0,561.1951,101.9982,1090.7644,20.88279999999997
2774,2774,2774.0,2774.0,2774.0,2774.0,2774.0,2774.0,2774.0,2774.0,2774.0,2774.0,2774.0,2774.0,2774.0,2774.0,2774.0,2774.0,2774.0,2774.0,2774.0,2774.0,4.0,,,,,,,,0.4,288.8549,291.7391,294.4226,296.7344,298.5718,299.8962,300.72,301.0861,301.0477,300.6517,299.9267,298.8793,297.4955,295.7484,293.6078,291.0524,288.0801,284.7163,281.0182,277.0746,473.0,347.0,663.1933,178.11919999999998,988.7662,20.88279999999997
2775,2775,2775.0,2775.0,2775.0,2775.0,2775.0,2775.0,2775.0,2775.0,2775.0,2775.0,2775.0,2775.0,2775.0,2775.0,2775.0,2775.0,2775.0,2775.0,2775.0,2775.0,5.0,,,,,,,,0.5,431.2846,397.9376,371.1463,349.8176,333.1702,320.5246,311.2201,304.6105,300.099,297.1843,295.4957,294.8118,295.0576,296.2852,298.64,302.3205,307.5358,314.4728,323.2799,334.0777,472.0,381.0,841.3125,196.18270000000007,810.6469999999999,20.88279999999997
2776,2776,2776.0,2776.0,2776.0,2776.0,2776.0,2776.0,2776.0,2776.0,2776.0,2776.0,2776.0,2776.0,2776.0,2776.0,2776.0,2776.0,2776.0,2776.0,2776.0,2776.0,6.0,,,,,,,,0.6,434.4156,404.8539,381.1751,362.0127,346.4579,333.8828,323.838,315.9925,310.1001,305.9823,303.5207,302.6546,303.379,305.7416,309.836,315.7944,323.7815,333.9961,346.6872,362.1911,228.0,274.0,1037.4952,122.06780000000003,614.4642999999999,20.88279999999997
2777,2777,2777.0,2777.0,2777.0,2777.0,2777.0,2777.0,2777.0,2777.0,2777.0,2777.0,2777.0,2777.0,2777.0,2777.0,2777.0,2777.0,2777.0,2777.0,2777.0,2777.0,7.0,,,,,,,,0.7,246.4599,263.1711,277.3561,288.5731,296.7441,302.1094,305.1324,306.3869,306.4499,305.8177,304.8505,303.7483,302.5528,301.1728,299.4272,297.1019,294.011,290.0551,285.2638,279.8115,472.0,296.0,1159.563,157.846,492.39649999999983,20.88279999999997
2778,2778,2778.0,2778.0,2778.0,2778.0,2778.0,2778.0,2778.0,2778.0,2778.0,2778.0,2778.0,2778.0,2778.0,2778.0,2778.0,2778.0,2778.0,2778.0,2778.0,2778.0,8.0,,,,,,,,0.8,429.9795,396.3468,369.3999,348.1184,331.7426,319.5624,310.8436,304.8385,300.8358,298.2138,296.4771,295.2696,294.3676,293.658,293.1115,292.7545,292.6446,292.8506,293.4394,294.471,470.0,414.0,1317.409,218.15739999999985,334.55049999999983,20.88279999999997
2779,2779,2779.0,2779.0,2779.0,2779.0,2779.0,2779.0,2779.0,2779.0,2779.0,2779.0,2779.0,2779.0,2779.0,2779.0,2779.0,2779.0,2779.0,2779.0,2779.0,2779.0,9.0,,,,,,,,0.9,432.8456,403.5818,380.1152,361.1032,345.6461,333.116,323.0587,315.1402,309.1214,304.8513,302.2699,301.4149,302.4231,305.5215,311.0072,319.2162,330.4938,345.1814,363.6408,386.3367,262.0,273.0,1535.5664,116.3931,116.3931,20.88279999999997
2780,2780,2780.0,2780.0,2780.0,2780.0,2780.0,2780.0,2780.0,2780.0,2780.0,2780.0,2780.0,2780.0,2780.0,2780.0,2780.0,2780.0,2780.0,2780.0,2780.0,2780.0,0.0,,,,,,,,0.0,273.0,273.0,273.0,273.0,273.0,273.0,273.0,273.0,273.0,273.0,273.0,273.0,273.0,273.0,273.0,273.0,273.0,273.0,273.0,273.0,473.0,473.0,0.0,351.8898,1644.6261999999997,20.4588
2781,2781,2781.0,2781.0,2781.0,2781.0,2781.0,2781.0,2781.0,2781.0,2781.0,2781.0,2781.0,2781.0,2781.0,2781.0,2781.0,2781.0,2781.0,2781.0,2781.0,2781.0,1.0,,,,,,,,0.1,428.5462,392.4485,362.9763,339.1565,320.3305,305.9254,295.3664,288.0818,283.5568,281.3999,281.3999,283.5568,288.0818,295.3664,305.9254,320.3305,339.1565,362.9763,392.4485,428.5462,473.0,471.0,351.8898,135.33550000000002,1292.7363999999998,20.4588
2782,2782,2782.0,2782.0,2782.0,2782.0,2782.0,2782.0,2782.0,2782.0,2782.0,2782.0,2782.0,2782.0,2782.0,2782.0,2782.0,2782.0,2782.0,2782.0,2782.0,2782.0,2.0,,,,,,,,0.2,433.969,403.0268,378.0538,357.7409,341.2599,328.0775,317.8456,310.3351,305.3973,302.9411,302.9215,305.335,310.2192,317.6578,327.7922,340.8436,357.1519,377.2404,401.9227,432.484,305.0,274.0,487.2253,72.10420000000005,1157.4009,20.4588
2783,2783,2783.0,2783.0,2783.0,2783.0,2783.0,2783.0,2783.0,2783.0,2783.0,2783.0,2783.0,2783.0,2783.0,2783.0,2783.0,2783.0,2783.0,2783.0,2783.0,2783.0,3.0,,,,,,,,0.3,307.282,309.7269,311.8069,313.1824,313.7295,313.5219,312.7788,311.7915,310.8463,310.1559,309.8088,309.7414,309.7366,309.4493,308.4578,306.3384,302.7519,297.5299,290.7402,282.7107,297.0,272.0,559.3295,100.9398,1085.2967,20.4588
2784,2784,2784.0,2784.0,2784.0,2784.0,2784.0,2784.0,2784.0,2784.0,2784.0,2784.0,2784.0,2784.0,2784.0,2784.0,2784.0,2784.0,2784.0,2784.0,2784.0,2784.0,4.0,,,,,,,,0.4,297.1657,297.701,298.4192,299.1689,299.8372,300.3486,300.6583,300.7426,300.5881,300.182,299.5045,298.5257,297.2061,295.5019,293.3722,290.7892,287.7475,284.272,280.4222,276.2911,468.0,334.0,660.2693,182.0916,984.3569,20.4588
2785,2785,2785.0,2785.0,2785.0,2785.0,2785.0,2785.0,2785.0,2785.0,2785.0,2785.0,2785.0,2785.0,2785.0,2785.0,2785.0,2785.0,2785.0,2785.0,2785.0,2785.0,5.0,,,,,,,,0.5,427.7329,395.4896,369.5479,348.8566,332.66,320.3023,311.149,304.5806,300.0233,296.9896,295.1108,294.1528,294.0147,294.7117,296.3455,299.0688,303.0473,308.4291,315.3275,323.8248,471.0,393.0,842.3609,203.3271000000001,802.2652999999999,20.4588
2786,2786,2786.0,2786.0,2786.0,2786.0,2786.0,2786.0,2786.0,2786.0,2786.0,2786.0,2786.0,2786.0,2786.0,2786.0,2786.0,2786.0,2786.0,2786.0,2786.0,2786.0,6.0,,,,,,,,0.6,433.5919,404.142,380.5365,361.4234,345.9006,333.342,323.2975,315.4363,309.5164,305.3712,302.9054,302.0941,302.9814,305.6752,310.3355,317.1605,326.3732,338.2197,352.9873,371.0573,224.0,272.0,1045.688,117.89289999999984,598.9381999999998,20.4588
2787,2787,2787.0,2787.0,2787.0,2787.0,2787.0,2787.0,2787.0,2787.0,2787.0,2787.0,2787.0,2787.0,2787.0,2787.0,2787.0,2787.0,2787.0,2787.0,2787.0,2787.0,7.0,,,,,,,,0.7,243.1795,260.5393,275.2862,286.9718,295.5215,301.1864,304.4459,305.8913,306.1161,305.6289,304.7966,303.8176,302.724,301.4068,299.6617,297.2491,293.9611,289.6848,284.4495,278.4443,471.0,312.0,1163.5809,153.0933,481.0453,20.4588
2788,2788,2788.0,2788.0,2788.0,2788.0,2788.0,2788.0,2788.0,2788.0,2788.0,2788.0,2788.0,2788.0,2788.0,2788.0,2788.0,2788.0,2788.0,2788.0,2788.0,2788.0,8.0,,,,,,,,0.8,429.1005,395.5314,368.6243,347.3806,331.0546,318.9433,310.3157,304.4271,300.5712,298.1375,296.6508,295.7863,295.3627,295.3199,295.6881,296.5542,298.0304,300.228,303.2415,307.1446,473.0,395.0,1316.6742,207.08500000000004,327.952,20.4588
2789,2789,2789.0,2789.0,2789.0,2789.0,2789.0,2789.0,2789.0,2789.0,2789.0,2789.0,2789.0,2789.0,2789.0,2789.0,2789.0,2789.0,2789.0,2789.0,2789.0,2789.0,9.0,,,,,,,,0.9,435.0234,405.1442,381.2099,361.8486,346.1446,333.4588,323.3251,315.3939,309.404,305.1721,302.5941,301.6477,302.3943,304.9727,309.584,316.4701,325.8913,338.1157,353.4337,372.2119,227.0,271.0,1523.7592,120.86699999999996,120.86699999999996,20.4588
2790,2790,2790.0,2790.0,2790.0,2790.0,2790.0,2790.0,2790.0,2790.0,2790.0,2790.0,2790.0,2790.0,2790.0,2790.0,2790.0,2790.0,2790.0,2790.0,2790.0,2790.0,0.0,,,,,,,,0.0,273.0,273.0,273.0,273.0,273.0,273.0,273.0,273.0,273.0,273.0,273.0,273.0,273.0,273.0,273.0,273.0,273.0,273.0,273.0,273.0,473.0,473.0,0.0,351.8898,1685.4203,20.847500000000025
2791,2791,2791.0,2791.0,2791.0,2791.0,2791.0,2791.0,2791.0,2791.0,2791.0,2791.0,2791.0,2791.0,2791.0,2791.0,2791.0,2791.0,2791.0,2791.0,2791.0,2791.0,1.0,,,,,,,,0.1,428.5462,392.4485,362.9763,339.1565,320.3305,305.9254,295.3664,288.0818,283.5568,281.3999,281.3999,283.5568,288.0818,295.3664,305.9254,320.3305,339.1565,362.9763,392.4485,428.5462,472.0,473.0,351.8898,135.00710000000004,1333.5305,20.847500000000025
2792,2792,2792.0,2792.0,2792.0,2792.0,2792.0,2792.0,2792.0,2792.0,2792.0,2792.0,2792.0,2792.0,2792.0,2792.0,2792.0,2792.0,2792.0,2792.0,2792.0,2792.0,2.0,,,,,,,,0.2,433.2267,402.475,377.6473,357.4467,341.0523,327.9359,317.7539,310.2813,305.3738,302.9449,302.9547,305.4049,310.3393,317.8477,328.0785,341.2604,357.7411,378.0539,403.0268,433.969,309.0,274.0,486.8969,71.93260000000004,1198.5234,20.847500000000025
2793,2793,2793.0,2793.0,2793.0,2793.0,2793.0,2793.0,2793.0,2793.0,2793.0,2793.0,2793.0,2793.0,2793.0,2793.0,2793.0,2793.0,2793.0,2793.0,2793.0,2793.0,3.0,,,,,,,,0.3,310.4065,312.0999,313.5539,314.4262,314.5849,314.0912,313.1486,312.0317,311.0106,310.2835,309.9264,309.8655,309.8753,309.6037,308.6236,306.5066,302.9104,297.6653,290.8393,282.7632,289.0,272.0,558.8295,100.4147999999999,1126.5908,20.847500000000025
2794,2794,2794.0,2794.0,2794.0,2794.0,2794.0,2794.0,2794.0,2794.0,2794.0,2794.0,2794.0,2794.0,2794.0,2794.0,2794.0,2794.0,2794.0,2794.0,2794.0,2794.0,4.0,,,,,,,,0.4,290.9353,293.0114,295.0277,296.8294,298.3139,299.4288,300.1614,300.5249,300.5422,300.2328,299.603,298.6423,297.3242,295.6128,293.4718,290.8753,287.8187,284.327,280.4597,276.3101,471.0,351.0,659.2443,178.10680000000002,1026.176,20.847500000000025
2795,2795,2795.0,2795.0,2795.0,2795.0,2795.0,2795.0,2795.0,2795.0,2795.0,2795.0,2795.0,2795.0,2795.0,2795.0,2795.0,2795.0,2795.0,2795.0,2795.0,2795.0,5.0,,,,,,,,0.5,429.7919,396.8168,370.304,349.1826,332.6855,320.1452,310.9127,304.3535,299.8826,297.01,295.3766,294.7725,295.1353,296.5305,299.1185,303.1122,308.7344,316.1838,325.6196,337.1744,473.0,378.0,837.3511,193.3977000000001,848.0692,20.847500000000025
2796,2796,2796.0,2796.0,2796.0,2796.0,2796.0,2796.0,2796.0,2796.0,2796.0,2796.0,2796.0,2796.0,2796.0,2796.0,2796.0,2796.0,2796.0,2796.0,2796.0,2796.0,6.0,,,,,,,,0.6,435.1074,405.3079,381.4442,362.1415,346.4865,333.8475,323.7706,315.9194,310.0407,305.9475,303.5113,302.6589,303.3705,305.6768,309.6532,315.4143,323.1095,332.9257,345.1028,359.9686,240.0,274.0,1030.7488,124.3714,654.6714999999999,20.847500000000025
2797,2797,2797.0,2797.0,2797.0,2797.0,2797.0,2797.0,2797.0,2797.0,2797.0,2797.0,2797.0,2797.0,2797.0,2797.0,2797.0,2797.0,2797.0,2797.0,2797.0,2797.0,7.0,,,,,,,,0.7,256.0867,270.6625,283.0042,292.695,299.6527,304.0902,306.4292,307.1955,306.9195,306.0561,304.9321,303.7228,302.4531,301.0223,299.2451,296.9064,293.8211,289.8902,285.1418,279.7466,464.0,274.0,1155.1202,162.86709999999994,530.3000999999999,20.847500000000025
2798,2798,2798.0,2798.0,2798.0,2798.0,2798.0,2798.0,2798.0,2798.0,2798.0,2798.0,2798.0,2798.0,2798.0,2798.0,2798.0,2798.0,2798.0,2798.0,2798.0,2798.0,8.0,,,,,,,,0.8,424.3246,392.4986,366.9638,346.7648,331.1784,319.5259,311.1076,305.2124,301.1608,298.3504,296.2867,294.5925,293.0,291.3331,289.4869,287.4093,285.0871,282.5367,279.7978,276.9283,473.0,421.0,1317.9873,236.3393000000001,367.433,20.847500000000025
2799,2799,2799.0,2799.0,2799.0,2799.0,2799.0,2799.0,2799.0,2799.0,2799.0,2799.0,2799.0,2799.0,2799.0,2799.0,2799.0,2799.0,2799.0,2799.0,2799.0,2799.0,9.0,,,,,,,,0.9,434.9646,405.0269,381.034,361.6098,345.8299,333.0425,322.7687,314.6511,308.4332,303.957,301.1711,300.1395,301.0435,304.1695,309.8813,318.5793,330.6605,346.498,366.4676,391.0449,314.0,271.0,1554.3266,131.0936999999999,131.0936999999999,20.847500000000025
2800,2800,2800.0,2800.0,2800.0,2800.0,2800.0,2800.0,2800.0,2800.0,2800.0,2800.0,2800.0,2800.0,2800.0,2800.0,2800.0,2800.0,2800.0,2800.0,2800.0,2800.0,0.0,,,,,,,,0.0,273.0,273.0,273.0,273.0,273.0,273.0,273.0,273.0,273.0,273.0,273.0,273.0,273.0,273.0,273.0,273.0,273.0,273.0,273.0,273.0,473.0,473.0,0.0,351.8898,1530.2129,17.739800000000002
2801,2801,2801.0,2801.0,2801.0,2801.0,2801.0,2801.0,2801.0,2801.0,2801.0,2801.0,2801.0,2801.0,2801.0,2801.0,2801.0,2801.0,2801.0,2801.0,2801.0,2801.0,1.0,,,,,,,,0.1,428.5462,392.4485,362.9763,339.1565,320.3305,305.9254,295.3664,288.0818,283.5568,281.3999,281.3999,283.5568,288.0818,295.3664,305.9254,320.3305,339.1565,362.9763,392.4485,428.5462,473.0,472.0,351.8898,135.3936,1178.3231,17.739800000000002
2802,2802,2802.0,2802.0,2802.0,2802.0,2802.0,2802.0,2802.0,2802.0,2802.0,2802.0,2802.0,2802.0,2802.0,2802.0,2802.0,2802.0,2802.0,2802.0,2802.0,2802.0,2.0,,,,,,,,0.2,433.969,403.0268,378.0539,357.7411,341.2604,328.0785,317.8477,310.3393,305.4049,302.9547,302.9449,305.3738,310.2813,317.7539,327.9359,341.0523,357.4467,377.6473,402.475,433.2267,309.0,273.0,487.2834,72.91900000000004,1042.9295,17.739800000000002
2803,2803,2803.0,2803.0,2803.0,2803.0,2803.0,2803.0,2803.0,2803.0,2803.0,2803.0,2803.0,2803.0,2803.0,2803.0,2803.0,2803.0,2803.0,2803.0,2803.0,2803.0,3.0,,,,,,,,0.3,310.4314,312.147,313.6178,314.5004,314.6619,314.1638,313.2102,312.0764,311.0334,310.2795,309.8907,309.7924,309.7577,309.4325,308.3874,306.1913,302.4992,297.1391,290.1771,281.9431,290.0,275.0,560.2024,100.62120000000004,970.0105,17.739800000000002
2804,2804,2804.0,2804.0,2804.0,2804.0,2804.0,2804.0,2804.0,2804.0,2804.0,2804.0,2804.0,2804.0,2804.0,2804.0,2804.0,2804.0,2804.0,2804.0,2804.0,2804.0,4.0,,,,,,,,0.4,291.7352,293.6371,295.5052,297.1839,298.5689,299.6052,300.2777,300.5969,300.5845,300.2603,299.6336,298.6995,297.4404,295.8315,293.849,291.4799,288.7305,285.6329,282.2484,278.6665,226.0,473.0,660.8236,154.71119999999996,869.3892999999999,17.739800000000002
2805,2805,2805.0,2805.0,2805.0,2805.0,2805.0,2805.0,2805.0,2805.0,2805.0,2805.0,2805.0,2805.0,2805.0,2805.0,2805.0,2805.0,2805.0,2805.0,2805.0,2805.0,5.0,,,,,,,,0.5,238.5457,249.9745,260.014,268.504,275.4125,280.8304,284.9528,288.0575,290.4878,292.6471,295.0024,298.0923,302.5307,308.9977,318.2127,330.8981,347.7492,369.4443,396.7349,430.6662,473.0,471.0,815.5348,93.05989999999996,714.6781,17.739800000000002
2806,2806,2806.0,2806.0,2806.0,2806.0,2806.0,2806.0,2806.0,2806.0,2806.0,2806.0,2806.0,2806.0,2806.0,2806.0,2806.0,2806.0,2806.0,2806.0,2806.0,2806.0,6.0,,,,,,,,0.6,428.8836,393.2748,364.5718,341.8936,324.628,312.2008,303.9969,299.374,297.7217,298.5255,301.4117,306.1665,312.7325,321.1916,331.7497,344.7308,360.5932,379.9771,403.8005,433.4313,452.0,274.0,908.5947,85.02750000000003,621.6182,17.739800000000002
2807,2807,2807.0,2807.0,2807.0,2807.0,2807.0,2807.0,2807.0,2807.0,2807.0,2807.0,2807.0,2807.0,2807.0,2807.0,2807.0,2807.0,2807.0,2807.0,2807.0,2807.0,7.0,,,,,,,,0.7,419.088,392.9647,371.9664,355.0268,341.4445,330.7398,322.5613,316.618,312.6303,310.2919,309.2445,309.0629,309.2557,309.2839,308.6004,306.7093,303.2397,298.0188,291.1289,282.9248,325.0,274.0,993.6222,149.10750000000007,536.5907,17.739800000000002
2808,2808,2808.0,2808.0,2808.0,2808.0,2808.0,2808.0,2808.0,2808.0,2808.0,2808.0,2808.0,2808.0,2808.0,2808.0,2808.0,2808.0,2808.0,2808.0,2808.0,2808.0,8.0,,,,,,,,0.8,322.9416,321.7014,320.7412,319.6748,318.2824,316.4963,314.3631,311.9938,309.5145,307.0279,304.5902,302.2043,299.8266,297.383,294.7881,291.9659,288.8652,285.4717,281.8126,277.9554,364.0,272.0,1142.7297,167.4375,387.4831999999999,17.739800000000002
2809,2809,2809.0,2809.0,2809.0,2809.0,2809.0,2809.0,2809.0,2809.0,2809.0,2809.0,2809.0,2809.0,2809.0,2809.0,2809.0,2809.0,2809.0,2809.0,2809.0,2809.0,9.0,,,,,,,,0.9,350.2245,338.9884,329.8464,322.4433,316.4742,311.6635,307.759,304.5332,301.7878,299.3571,297.1081,294.9384,292.7715,290.5523,288.2426,285.8185,283.269,280.5949,277.8087,274.9333,471.0,344.0,1310.1672,220.0456999999999,220.0456999999999,17.739800000000002
2810,2810,2810.0,2810.0,2810.0,2810.0,2810.0,2810.0,2810.0,2810.0,2810.0,2810.0,2810.0,2810.0,2810.0,2810.0,2810.0,2810.0,2810.0,2810.0,2810.0,2810.0,0.0,,,,,,,,0.0,273.0,273.0,273.0,273.0,273.0,273.0,273.0,273.0,273.0,273.0,273.0,273.0,273.0,273.0,273.0,273.0,273.0,273.0,273.0,273.0,473.0,473.0,0.0,351.8898,1448.7846,20.579799999999977
2811,2811,2811.0,2811.0,2811.0,2811.0,2811.0,2811.0,2811.0,2811.0,2811.0,2811.0,2811.0,2811.0,2811.0,2811.0,2811.0,2811.0,2811.0,2811.0,2811.0,2811.0,1.0,,,,,,,,0.1,428.5462,392.4485,362.9763,339.1565,320.3305,305.9254,295.3664,288.0818,283.5568,281.3999,281.3999,283.5568,288.0818,295.3664,305.9254,320.3305,339.1565,362.9763,392.4485,428.5462,473.0,473.0,351.8898,135.4556,1096.8948,20.579799999999977
2812,2812,2812.0,2812.0,2812.0,2812.0,2812.0,2812.0,2812.0,2812.0,2812.0,2812.0,2812.0,2812.0,2812.0,2812.0,2812.0,2812.0,2812.0,2812.0,2812.0,2812.0,2.0,,,,,,,,0.2,433.969,403.0269,378.054,357.7414,341.2609,328.0797,317.8499,310.3434,305.4125,302.9682,302.9682,305.4125,310.3434,317.8499,328.0797,341.2609,357.7414,378.054,403.0269,433.969,308.0,273.0,487.3454,72.36330000000004,961.4392,20.579799999999977
2813,2813,2813.0,2813.0,2813.0,2813.0,2813.0,2813.0,2813.0,2813.0,2813.0,2813.0,2813.0,2813.0,2813.0,2813.0,2813.0,2813.0,2813.0,2813.0,2813.0,2813.0,3.0,,,,,,,,0.3,309.6454,311.5446,313.1693,314.1773,314.4382,314.017,313.1218,312.032,311.0223,310.2945,309.9267,309.8458,309.8254,309.5111,308.4725,306.2775,302.5803,297.208,290.2274,281.9697,288.0,272.0,559.7087,101.04409999999996,889.0758999999999,20.579799999999977
2814,2814,2814.0,2814.0,2814.0,2814.0,2814.0,2814.0,2814.0,2814.0,2814.0,2814.0,2814.0,2814.0,2814.0,2814.0,2814.0,2814.0,2814.0,2814.0,2814.0,2814.0,4.0,,,,,,,,0.4,290.1168,292.3506,294.5021,296.4175,297.9957,299.1853,299.9756,300.3812,300.427,300.1344,299.5119,298.5514,297.2292,295.5124,293.3674,290.7714,287.7217,284.2447,280.3996,276.2784,470.0,352.0,660.7528,178.11059999999998,788.0318,20.579799999999977
2815,2815,2815.0,2815.0,2815.0,2815.0,2815.0,2815.0,2815.0,2815.0,2815.0,2815.0,2815.0,2815.0,2815.0,2815.0,2815.0,2815.0,2815.0,2815.0,2815.0,2815.0,5.0,,,,,,,,0.5,429.0101,396.1895,369.7919,348.7603,332.3357,319.8555,310.6734,304.157,299.7234,296.8844,295.2835,294.7141,295.1173,296.5631,299.216,303.2932,309.0214,316.6024,326.1985,337.9454,472.0,382.0,838.8634,191.00530000000003,609.9212,20.579799999999977
2816,2816,2816.0,2816.0,2816.0,2816.0,2816.0,2816.0,2816.0,2816.0,2816.0,2816.0,2816.0,2816.0,2816.0,2816.0,2816.0,2816.0,2816.0,2816.0,2816.0,2816.0,6.0,,,,,,,,0.6,434.3336,404.6944,380.9493,361.7381,346.1566,333.5798,323.5585,315.7607,309.9378,305.9081,303.5495,302.7967,303.6396,306.1197,310.3246,316.3818,324.4536,334.7411,347.5006,363.0826,231.0,271.0,1029.8687,120.8071,418.9159,20.579799999999977
2817,2817,2817.0,2817.0,2817.0,2817.0,2817.0,2817.0,2817.0,2817.0,2817.0,2817.0,2817.0,2817.0,2817.0,2817.0,2817.0,2817.0,2817.0,2817.0,2817.0,2817.0,7.0,,,,,,,,0.7,248.8419,264.9959,278.7014,289.5248,297.3888,302.5271,305.3923,306.5444,306.5456,305.8769,304.883,303.7478,302.4964,301.0204,299.1221,296.5715,293.1701,288.8105,283.5203,277.4791,242.0,422.0,1150.6758,129.64869999999996,298.1088,20.579799999999977
2818,2818,2818.0,2818.0,2818.0,2818.0,2818.0,2818.0,2818.0,2818.0,2818.0,2818.0,2818.0,2818.0,2818.0,2818.0,2818.0,2818.0,2818.0,2818.0,2818.0,2818.0,8.0,,,,,,,,0.8,250.7601,258.8417,266.1407,272.581,278.122,282.7652,286.5605,289.6114,292.0814,294.2017,296.2783,298.6966,301.92,306.4766,312.9337,321.8617,333.7996,349.2413,368.6656,392.6367,417.0,473.0,1280.3245,95.07130000000006,168.4601,20.579799999999977
2819,2819,2819.0,2819.0,2819.0,2819.0,2819.0,2819.0,2819.0,2819.0,2819.0,2819.0,2819.0,2819.0,2819.0,2819.0,2819.0,2819.0,2819.0,2819.0,2819.0,2819.0,9.0,,,,,,,,0.9,386.8481,361.9408,341.6445,325.5772,313.4091,304.7672,299.2189,296.308,295.612,296.7983,299.6639,304.1522,310.3505,318.475,328.8501,341.896,358.1329,378.221,403.0557,433.9543,471.0,294.0,1375.3958,73.38879999999995,73.38879999999995,20.579799999999977
2820,2820,2820.0,2820.0,2820.0,2820.0,2820.0,2820.0,2820.0,2820.0,2820.0,2820.0,2820.0,2820.0,2820.0,2820.0,2820.0,2820.0,2820.0,2820.0,2820.0,0.0,,,,,,,,,0.0,273.0,273.0,273.0,273.0,273.0,273.0,273.0,273.0,273.0,273.0,273.0,273.0,273.0,273.0,273.0,273.0,273.0,273.0,273.0,273.0,428.0,441.0,0.0,355.5831,1083.7475,-40.0
2821,2821,2821.0,2821.0,2821.0,2821.0,2821.0,2821.0,2821.0,2821.0,2821.0,2821.0,2821.0,2821.0,2821.0,2821.0,2821.0,2821.0,2821.0,2821.0,2821.0,1.0,,,,,,,,,0.1,394.509,366.7146,343.7334,325.0377,310.2217,298.8819,290.5828,284.8803,281.374,279.7658,279.9066,281.822,285.7121,291.9259,300.9127,313.1637,329.1602,349.3556,374.224,404.4072,352.0,327.0,355.5831,126.4651,728.1644,-14.118100000000029
2822,2822,2822.0,2822.0,2822.0,2822.0,2822.0,2822.0,2822.0,2822.0,2822.0,2822.0,2822.0,2822.0,2822.0,2822.0,2822.0,2822.0,2822.0,2822.0,2822.0,2.0,,,,,,,,,0.2,340.6258,331.1724,323.1558,316.2453,310.2528,305.1119,300.8454,297.5261,295.2364,294.0333,293.9214,294.8391,296.6568,299.1914,302.2341,305.5916,309.1347,312.8445,316.8463,321.4225,309.0,473.0,482.0482,105.7389,601.6993,-7.888100000000008
2823,2823,2823.0,2823.0,2823.0,2823.0,2823.0,2823.0,2823.0,2823.0,2823.0,2823.0,2823.0,2823.0,2823.0,2823.0,2823.0,2823.0,2823.0,2823.0,2823.0,3.0,,,,,,,,,0.3,306.4604,304.545,303.0009,301.6508,300.402,299.2462,298.2504,297.5446,297.3123,297.7865,299.252,302.051,306.5878,313.3262,322.7786,335.4916,352.0408,373.0606,399.3385,432.021,242.0,471.0,587.7871,49.72379999999998,495.9604,-13.753800000000012
2824,2824,2824.0,2824.0,2824.0,2824.0,2824.0,2824.0,2824.0,2824.0,2824.0,2824.0,2824.0,2824.0,2824.0,2824.0,2824.0,2824.0,2824.0,2824.0,2824.0,4.0,,,,,,,,,0.4,251.8554,260.8696,268.8263,275.6193,281.2703,285.9238,289.824,293.2836,296.6516,300.2879,304.5465,309.7689,316.2865,324.431,334.5537,347.0551,362.4292,381.3319,404.6878,433.8678,244.0,473.0,637.5109,69.0136,446.2366,-27.07619999999997
2825,2825,2825.0,2825.0,2825.0,2825.0,2825.0,2825.0,2825.0,2825.0,2825.0,2825.0,2825.0,2825.0,2825.0,2825.0,2825.0,2825.0,2825.0,2825.0,2825.0,5.0,,,,,,,,,0.5,251.038,257.5688,263.6203,269.2356,274.4781,279.4348,284.218,288.9657,293.8405,299.0289,304.7407,311.2098,318.6987,327.5069,337.9858,350.5642,365.7869,384.378,407.3428,436.1416,444.0,272.0,706.5245,57.01570000000004,377.223,-33.565200000000004
2826,2826,2826.0,2826.0,2826.0,2826.0,2826.0,2826.0,2826.0,2826.0,2826.0,2826.0,2826.0,2826.0,2826.0,2826.0,2826.0,2826.0,2826.0,2826.0,2826.0,6.0,,,,,,,,,0.6,407.3668,377.4815,353.3346,334.3558,320.1048,310.1095,303.8098,300.5673,299.7048,300.5463,302.4413,304.771,306.9446,308.3995,308.6164,307.1561,303.7161,298.1951,290.7454,281.7919,218.0,472.0,763.5402,92.24469999999997,320.2072999999999,-2.8904999999999745
2827,2827,2827.0,2827.0,2827.0,2827.0,2827.0,2827.0,2827.0,2827.0,2827.0,2827.0,2827.0,2827.0,2827.0,2827.0,2827.0,2827.0,2827.0,2827.0,2827.0,7.0,,,,,,,,,0.7,235.8402,251.9808,265.7793,276.8865,285.2733,291.1922,295.0983,297.5588,299.1776,300.5488,302.2432,304.8189,308.8444,314.9152,323.6573,335.715,351.739,372.4031,398.4887,431.0886,246.0,472.0,855.7849,74.31790000000001,227.96259999999995,-21.807799999999983
2828,2828,2828.0,2828.0,2828.0,2828.0,2828.0,2828.0,2828.0,2828.0,2828.0,2828.0,2828.0,2828.0,2828.0,2828.0,2828.0,2828.0,2828.0,2828.0,2828.0,8.0,,,,,,,,,0.8,252.6639,258.8659,264.6387,270.015,275.0331,279.7461,284.2332,288.6101,293.0356,297.7139,302.892,308.855,315.9212,324.4407,334.8015,347.4479,362.9164,381.8991,405.3502,434.6654,261.0,472.0,930.1028,80.35320000000002,153.64469999999994,-33.25389999999999
2829,2829,2829.0,2829.0,2829.0,2829.0,2829.0,2829.0,2829.0,2829.0,2829.0,2829.0,2829.0,2829.0,2829.0,2829.0,2829.0,2829.0,2829.0,2829.0,2829.0,9.0,,,,,,,,,0.9,264.1377,267.1571,270.1685,273.2664,276.5287,280.0208,283.8034,287.9422,292.5177,297.6334,303.4224,310.0531,317.7354,326.7295,337.3596,350.0374,365.299,383.8649,406.7394,435.3796,261.0,473.0,1010.456,73.29149999999993,73.29149999999993,-32.97919999999999
2830,2830,2830.0,2830.0,2830.0,2830.0,2830.0,2830.0,2830.0,2830.0,2830.0,2830.0,2830.0,2830.0,2830.0,2830.0,2830.0,2830.0,2830.0,2830.0,2830.0,0.0,,,,,,,,,0.0,273.0,273.0,273.0,273.0,273.0,273.0,273.0,273.0,273.0,273.0,273.0,273.0,273.0,273.0,273.0,273.0,273.0,273.0,273.0,273.0,473.0,356.0,0.0,380.7845,1097.4415,-40.0
2831,2831,2831.0,2831.0,2831.0,2831.0,2831.0,2831.0,2831.0,2831.0,2831.0,2831.0,2831.0,2831.0,2831.0,2831.0,2831.0,2831.0,2831.0,2831.0,2831.0,1.0,,,,,,,,,0.1,428.5442,392.4427,362.9623,339.1249,320.2626,305.785,295.0867,287.5446,282.5619,279.624,278.3442,278.4884,279.9752,282.8549,287.2728,293.4232,301.5038,311.6812,324.0801,338.805,344.0,473.0,380.7845,184.9993000000001,716.6569999999999,-7.214999999999975
2832,2832,2832.0,2832.0,2832.0,2832.0,2832.0,2832.0,2832.0,2832.0,2832.0,2832.0,2832.0,2832.0,2832.0,2832.0,2832.0,2832.0,2832.0,2832.0,2832.0,2.0,,,,,,,,,0.2,335.5491,328.5933,322.5686,317.088,311.9506,307.128,302.7327,298.9769,296.1348,294.5155,294.4497,296.2884,300.4069,307.2062,317.1108,330.5643,348.0374,370.0696,397.3751,431.0572,265.0,473.0,565.7838,52.17369999999994,531.6576999999999,-5.872000000000014
2833,2833,2833.0,2833.0,2833.0,2833.0,2833.0,2833.0,2833.0,2833.0,2833.0,2833.0,2833.0,2833.0,2833.0,2833.0,2833.0,2833.0,2833.0,2833.0,2833.0,3.0,,,,,,,,,0.3,271.5871,277.6631,282.9532,287.3033,290.7036,293.2838,295.2892,297.0453,298.9208,301.2966,304.5442,309.0152,315.0419,322.9472,333.0644,345.7689,361.5258,380.962,404.9798,434.9426,228.0,472.0,617.9575,53.73680000000002,479.4839999999999,-19.71620000000001
2834,2834,2834.0,2834.0,2834.0,2834.0,2834.0,2834.0,2834.0,2834.0,2834.0,2834.0,2834.0,2834.0,2834.0,2834.0,2834.0,2834.0,2834.0,2834.0,2834.0,4.0,,,,,,,,,0.4,239.296,249.6617,258.9658,267.1575,274.2789,280.4619,285.9132,290.8924,295.6907,300.6131,305.9667,312.0581,319.1966,327.7062,337.9454,350.3372,365.4124,383.8764,406.7127,435.3564,438.0,273.0,671.6943,55.42949999999996,425.7471999999999,-32.538099999999986
2835,2835,2835.0,2835.0,2835.0,2835.0,2835.0,2835.0,2835.0,2835.0,2835.0,2835.0,2835.0,2835.0,2835.0,2835.0,2835.0,2835.0,2835.0,2835.0,2835.0,5.0,,,,,,,,,0.5,402.6644,373.7622,350.411,332.1102,318.4524,308.9758,303.1183,300.2357,299.6478,300.6814,302.6954,305.0861,307.282,308.7406,308.9619,307.5231,304.1346,298.7025,291.3817,282.5948,224.0,471.0,727.1238,89.72390000000007,370.3177,-4.024200000000008
2836,2836,2836.0,2836.0,2836.0,2836.0,2836.0,2836.0,2836.0,2836.0,2836.0,2836.0,2836.0,2836.0,2836.0,2836.0,2836.0,2836.0,2836.0,2836.0,2836.0,6.0,,,,,,,,,0.6,240.4731,255.379,268.1237,278.3844,286.1345,291.6101,295.2363,297.5443,299.1011,300.4675,302.1861,304.7936,308.8421,314.9158,323.6329,335.6326,351.5626,372.0941,398.0053,430.381,242.0,472.0,816.8477,73.45100000000002,280.5937999999999,-21.38990000000001
2837,2837,2837.0,2837.0,2837.0,2837.0,2837.0,2837.0,2837.0,2837.0,2837.0,2837.0,2837.0,2837.0,2837.0,2837.0,2837.0,2837.0,2837.0,2837.0,2837.0,7.0,,,,,,,,,0.7,249.5946,256.6295,263.1091,269.0507,274.4916,279.4968,284.1666,288.642,293.1071,297.7881,302.9492,308.8875,315.9288,324.4273,334.7732,347.4114,362.8783,381.8652,405.3251,434.6522,264.0,473.0,890.2987,81.31129999999996,207.14279999999985,-33.50319999999999
2838,2838,2838.0,2838.0,2838.0,2838.0,2838.0,2838.0,2838.0,2838.0,2838.0,2838.0,2838.0,2838.0,2838.0,2838.0,2838.0,2838.0,2838.0,2838.0,2838.0,8.0,,,,,,,,,0.8,266.4485,268.8562,271.3499,274.0328,276.9821,280.2547,283.8964,287.9553,292.4947,297.6032,303.403,310.0561,317.7697,326.8043,337.4866,350.2323,365.5818,384.2617,407.2839,436.1179,258.0,471.0,971.61,72.41919999999993,125.83149999999988,-32.745299999999986
2839,2839,2839.0,2839.0,2839.0,2839.0,2839.0,2839.0,2839.0,2839.0,2839.0,2839.0,2839.0,2839.0,2839.0,2839.0,2839.0,2839.0,2839.0,2839.0,2839.0,9.0,,,,,,,,,0.9,262.1414,266.0516,269.7966,273.4483,277.0867,280.8012,284.6902,288.8613,293.4319,298.5315,304.306,310.9235,318.5846,327.5347,338.0826,350.6272,365.6967,384.0089,406.5684,434.831,442.0,270.0,1044.0292,53.41229999999996,53.41229999999996,-32.198800000000006
2840,2840,2840.0,2840.0,2840.0,2840.0,2840.0,2840.0,2840.0,2840.0,2840.0,2840.0,2840.0,2840.0,2840.0,2840.0,2840.0,2840.0,2840.0,2840.0,2840.0,0.0,,,,,,,,,0.0,273.0,273.0,273.0,273.0,273.0,273.0,273.0,273.0,273.0,273.0,273.0,273.0,273.0,273.0,273.0,273.0,273.0,273.0,273.0,273.0,473.0,353.0,0.0,381.8354,1091.8274,-40.0
2841,2841,2841.0,2841.0,2841.0,2841.0,2841.0,2841.0,2841.0,2841.0,2841.0,2841.0,2841.0,2841.0,2841.0,2841.0,2841.0,2841.0,2841.0,2841.0,2841.0,1.0,,,,,,,,,0.1,428.5442,392.4426,362.9619,339.1241,320.2609,305.7814,295.0794,287.5306,282.5359,279.5774,278.2638,278.3548,279.7608,282.5229,286.7765,292.7057,300.4987,310.3139,322.2677,336.4539,341.0,472.0,381.8354,187.56210000000004,709.992,-7.218599999999981
2842,2842,2842.0,2842.0,2842.0,2842.0,2842.0,2842.0,2842.0,2842.0,2842.0,2842.0,2842.0,2842.0,2842.0,2842.0,2842.0,2842.0,2842.0,2842.0,2842.0,2.0,,,,,,,,,0.2,333.2043,326.7947,321.2176,316.0945,311.2326,306.6128,302.3574,298.6888,295.8908,294.2812,294.1989,296.002,300.0718,306.815,316.6604,330.0543,347.4673,369.4345,396.6602,430.2303,278.0,472.0,569.3975,52.37489999999991,522.4298999999999,-6.387200000000007
2843,2843,2843.0,2843.0,2843.0,2843.0,2843.0,2843.0,2843.0,2843.0,2843.0,2843.0,2843.0,2843.0,2843.0,2843.0,2843.0,2843.0,2843.0,2843.0,2843.0,3.0,,,,,,,,,0.3,281.8601,285.5296,288.7676,291.4331,293.5047,295.0798,296.3568,297.607,299.1455,301.3046,304.416,308.8008,314.7692,322.6292,332.704,345.3615,361.0605,380.4211,404.336,434.1539,219.0,471.0,621.7724,51.22970000000009,470.055,-17.920200000000023
2844,2844,2844.0,2844.0,2844.0,2844.0,2844.0,2844.0,2844.0,2844.0,2844.0,2844.0,2844.0,2844.0,2844.0,2844.0,2844.0,2844.0,2844.0,2844.0,2844.0,4.0,,,,,,,,,0.4,232.4398,244.7416,255.6952,265.2054,273.3073,280.1583,286.0133,291.1915,296.0441,300.9292,306.196,312.1798,319.2079,327.6129,337.755,350.0542,365.0353,383.3951,406.1056,434.585,433.0,274.0,673.0021,56.69659999999999,418.8252999999999,-32.8417
2845,2845,2845.0,2845.0,2845.0,2845.0,2845.0,2845.0,2845.0,2845.0,2845.0,2845.0,2845.0,2845.0,2845.0,2845.0,2845.0,2845.0,2845.0,2845.0,2845.0,5.0,,,,,,,,,0.5,398.6932,370.5604,347.8187,330.0237,316.7981,307.6938,302.1534,299.5341,299.1572,300.3531,302.4875,304.9664,307.2297,308.7478,309.0331,307.6742,304.3908,299.0953,291.9455,283.3624,223.0,472.0,729.6987,89.43119999999999,362.1286999999999,-5.30619999999999
2846,2846,2846.0,2846.0,2846.0,2846.0,2846.0,2846.0,2846.0,2846.0,2846.0,2846.0,2846.0,2846.0,2846.0,2846.0,2846.0,2846.0,2846.0,2846.0,2846.0,6.0,,,,,,,,,0.6,239.465,254.3652,267.1184,277.4084,285.2117,290.7626,294.4822,296.8959,298.565,300.0453,301.8759,304.5915,308.7439,314.9185,323.7355,335.8373,351.8759,372.5287,398.583,431.1386,251.0,471.0,819.1299,72.68470000000002,272.6974999999999,-22.23739999999998
2847,2847,2847.0,2847.0,2847.0,2847.0,2847.0,2847.0,2847.0,2847.0,2847.0,2847.0,2847.0,2847.0,2847.0,2847.0,2847.0,2847.0,2847.0,2847.0,2847.0,7.0,,,,,,,,,0.7,256.7353,262.0996,267.1337,271.8754,276.3637,280.6485,284.8021,288.9298,293.178,297.737,302.8393,308.7557,315.791,324.2833,334.6101,347.2069,362.6028,381.4833,404.795,433.9223,263.0,471.0,891.8146,75.76699999999994,200.01279999999983,-32.35149999999999
2848,2848,2848.0,2848.0,2848.0,2848.0,2848.0,2848.0,2848.0,2848.0,2848.0,2848.0,2848.0,2848.0,2848.0,2848.0,2848.0,2848.0,2848.0,2848.0,2848.0,8.0,,,,,,,,,0.8,265.9272,268.7595,271.5957,274.5221,277.6132,280.9344,284.5495,288.5284,292.9555,297.9371,303.6072,310.1336,317.7235,326.6333,337.1828,349.7782,364.9492,383.4087,406.151,434.6182,258.0,473.0,967.5816,71.19849999999997,124.24579999999992,-32.06560000000002
2849,2849,2849.0,2849.0,2849.0,2849.0,2849.0,2849.0,2849.0,2849.0,2849.0,2849.0,2849.0,2849.0,2849.0,2849.0,2849.0,2849.0,2849.0,2849.0,2849.0,9.0,,,,,,,,,0.9,262.1932,266.1526,269.9414,273.629,277.2932,281.0216,284.9119,289.072,293.6217,298.6943,304.4415,311.0393,318.6972,327.671,338.2802,350.9342,366.1712,384.7189,407.5945,436.2741,446.0,271.0,1038.7801,53.04729999999995,53.04729999999995,-31.978400000000025
2850,2850,2850.0,2850.0,2850.0,2850.0,2850.0,2850.0,2850.0,2850.0,2850.0,2850.0,2850.0,2850.0,2850.0,2850.0,2850.0,2850.0,2850.0,2850.0,2850.0,0.0,,,,,,,,,0.0,273.0,273.0,273.0,273.0,273.0,273.0,273.0,273.0,273.0,273.0,273.0,273.0,273.0,273.0,273.0,273.0,273.0,273.0,273.0,273.0,471.0,355.0,0.0,380.9459,1138.5661,-40.0
2851,2851,2851.0,2851.0,2851.0,2851.0,2851.0,2851.0,2851.0,2851.0,2851.0,2851.0,2851.0,2851.0,2851.0,2851.0,2851.0,2851.0,2851.0,2851.0,2851.0,1.0,,,,,,,,,0.1,427.0453,391.315,362.1209,338.5079,319.8208,305.4772,294.8779,287.4058,282.4691,279.5575,278.2878,278.4272,279.8947,282.7396,287.1051,293.183,301.1685,311.2255,323.4762,338.0215,342.0,471.0,380.9459,185.56070000000005,757.6202000000001,-7.522800000000018
2852,2852,2852.0,2852.0,2852.0,2852.0,2852.0,2852.0,2852.0,2852.0,2852.0,2852.0,2852.0,2852.0,2852.0,2852.0,2852.0,2852.0,2852.0,2852.0,2852.0,2.0,,,,,,,,,0.2,333.9331,327.2937,321.5295,316.2621,311.2975,306.6129,302.3251,298.6498,295.8638,294.2777,294.2227,296.0498,300.1329,306.8711,316.6862,330.0182,347.3325,369.1602,396.2019,429.5359,276.0,473.0,566.5066,52.60469999999998,572.0595,-6.387099999999975
2853,2853,2853.0,2853.0,2853.0,2853.0,2853.0,2853.0,2853.0,2853.0,2853.0,2853.0,2853.0,2853.0,2853.0,2853.0,2853.0,2853.0,2853.0,2853.0,2853.0,3.0,,,,,,,,,0.3,280.2829,284.3236,287.8764,290.7985,293.0706,294.7955,296.1795,297.5029,299.0896,301.2805,304.4142,308.8185,314.8093,322.6999,332.8187,345.5389,361.3245,380.8009,404.8679,434.8856,219.0,473.0,619.1113,52.26609999999994,519.4548,-18.2045
2854,2854,2854.0,2854.0,2854.0,2854.0,2854.0,2854.0,2854.0,2854.0,2854.0,2854.0,2854.0,2854.0,2854.0,2854.0,2854.0,2854.0,2854.0,2854.0,2854.0,4.0,,,,,,,,,0.4,232.3749,244.6194,255.5294,265.013,273.1064,279.9655,285.8424,291.0531,295.9463,300.8784,306.1982,312.2428,319.3424,327.834,338.0834,350.5173,365.6687,384.2455,407.2355,436.0829,252.0,473.0,671.3774,85.85840000000007,467.1887,-33.03449999999998
2855,2855,2855.0,2855.0,2855.0,2855.0,2855.0,2855.0,2855.0,2855.0,2855.0,2855.0,2855.0,2855.0,2855.0,2855.0,2855.0,2855.0,2855.0,2855.0,2855.0,5.0,,,,,,,,,0.5,256.4743,260.717,264.8749,269.0634,273.3639,277.8309,282.5051,287.4306,292.6698,298.316,304.5007,311.3992,319.2343,328.2835,338.8908,351.489,366.6358,385.0741,407.8318,436.3921,257.0,473.0,757.2358,81.84539999999993,381.3303,-35.169100000000014
2856,2856,2856.0,2856.0,2856.0,2856.0,2856.0,2856.0,2856.0,2856.0,2856.0,2856.0,2856.0,2856.0,2856.0,2856.0,2856.0,2856.0,2856.0,2856.0,2856.0,6.0,,,,,,,,,0.6,260.8851,264.5721,268.1684,271.772,275.471,279.3456,283.4723,287.93,292.8062,298.2043,304.2508,311.1032,318.9591,328.0684,338.7503,351.4182,366.6175,385.0861,407.8531,436.4067,253.0,472.0,839.0812,77.332,299.48490000000004,-33.65440000000001
2857,2857,2857.0,2857.0,2857.0,2857.0,2857.0,2857.0,2857.0,2857.0,2857.0,2857.0,2857.0,2857.0,2857.0,2857.0,2857.0,2857.0,2857.0,2857.0,2857.0,7.0,,,,,,,,,0.7,257.918,262.5271,266.9017,271.1205,275.2686,279.4379,283.7284,288.2484,293.1161,298.4624,304.4355,311.2074,318.9836,328.0158,338.6211,351.2074,366.3136,384.6694,407.2936,435.6606,448.0,274.0,916.4132,55.89679999999999,222.15290000000005,-33.56209999999999
2858,2858,2858.0,2858.0,2858.0,2858.0,2858.0,2858.0,2858.0,2858.0,2858.0,2858.0,2858.0,2858.0,2858.0,2858.0,2858.0,2858.0,2858.0,2858.0,2858.0,8.0,,,,,,,,,0.8,410.5396,380.0437,355.4147,336.0328,321.433,311.1343,304.5759,301.1228,300.1008,300.8346,302.6716,304.9893,307.1929,308.7168,309.0409,307.7273,304.477,299.1923,292.0281,283.4097,212.0,473.0,972.31,91.72500000000014,166.25610000000006,-1.865700000000004
2859,2859,2859.0,2859.0,2859.0,2859.0,2859.0,2859.0,2859.0,2859.0,2859.0,2859.0,2859.0,2859.0,2859.0,2859.0,2859.0,2859.0,2859.0,2859.0,2859.0,9.0,,,,,,,,,0.9,231.1678,248.5145,263.3533,275.3114,284.357,290.758,294.996,297.6708,299.4187,300.8629,302.5975,305.1983,309.2449,315.3398,324.1121,336.208,352.2803,373.0071,399.1781,431.9013,250.0,473.0,1064.035,74.53109999999992,74.53109999999992,-22.24200000000002
2860,2860,2860.0,2860.0,2860.0,2860.0,2860.0,2860.0,2860.0,2860.0,2860.0,2860.0,2860.0,2860.0,2860.0,2860.0,2860.0,2860.0,2860.0,2860.0,2860.0,0.0,,,,,,,,,0.0,273.0,273.0,273.0,273.0,273.0,273.0,273.0,273.0,273.0,273.0,273.0,273.0,273.0,273.0,273.0,273.0,273.0,273.0,273.0,273.0,429.0,473.0,0.0,349.9734,1035.1988,-40.0
2861,2861,2861.0,2861.0,2861.0,2861.0,2861.0,2861.0,2861.0,2861.0,2861.0,2861.0,2861.0,2861.0,2861.0,2861.0,2861.0,2861.0,2861.0,2861.0,2861.0,1.0,,,,,,,,,0.1,395.2729,367.2961,344.1717,325.3651,310.468,299.078,290.7645,285.0941,281.6851,280.2694,280.7418,283.1876,287.8822,295.2623,305.8731,320.3052,339.1447,362.9711,392.4463,428.5454,311.0,334.0,349.9734,98.68289999999996,685.2253999999998,-13.922000000000024
2862,2862,2862.0,2862.0,2862.0,2862.0,2862.0,2862.0,2862.0,2862.0,2862.0,2862.0,2862.0,2862.0,2862.0,2862.0,2862.0,2862.0,2862.0,2862.0,2862.0,2.0,,,,,,,,,0.2,308.521,306.58,304.8123,302.9906,301.0422,299.0384,297.158,295.6366,294.7118,294.5761,295.3413,297.0207,299.5283,302.6987,306.3237,310.2042,314.2105,318.3386,322.7525,327.8002,333.0,473.0,448.6563,94.53719999999998,586.5424999999999,-13.961599999999976
2863,2863,2863.0,2863.0,2863.0,2863.0,2863.0,2863.0,2863.0,2863.0,2863.0,2863.0,2863.0,2863.0,2863.0,2863.0,2863.0,2863.0,2863.0,2863.0,2863.0,3.0,,,,,,,,,0.3,324.2021,316.9143,310.9479,306.156,302.4195,299.6429,297.7575,296.7304,296.5781,297.3797,299.2912,302.5548,307.5021,314.5481,324.1764,336.922,353.3646,374.1564,400.1142,432.4201,233.0,473.0,543.1935,47.0127,492.0052999999999,-13.357100000000004
2864,2864,2864.0,2864.0,2864.0,2864.0,2864.0,2864.0,2864.0,2864.0,2864.0,2864.0,2864.0,2864.0,2864.0,2864.0,2864.0,2864.0,2864.0,2864.0,2864.0,4.0,,,,,,,,,0.4,245.0747,256.0737,265.6995,273.8052,280.4148,285.7113,290.0013,293.6686,297.1297,300.7998,305.0721,310.3119,316.8621,325.0583,335.2528,347.8476,363.3417,382.4008,405.9674,435.4415,237.0,473.0,590.2062,73.37660000000005,444.9925999999999,-27.28870000000001
2865,2865,2865.0,2865.0,2865.0,2865.0,2865.0,2865.0,2865.0,2865.0,2865.0,2865.0,2865.0,2865.0,2865.0,2865.0,2865.0,2865.0,2865.0,2865.0,2865.0,5.0,,,,,,,,,0.5,245.2148,252.8133,259.8188,266.2726,272.2384,277.8068,283.0958,288.252,293.4483,298.8827,304.7761,311.3734,318.9459,327.8007,338.295,350.862,366.0509,384.5902,407.4903,436.2168,254.0,471.0,663.5828,87.25229999999999,371.6159999999999,-35.19319999999999
2866,2866,2866.0,2866.0,2866.0,2866.0,2866.0,2866.0,2866.0,2866.0,2866.0,2866.0,2866.0,2866.0,2866.0,2866.0,2866.0,2866.0,2866.0,2866.0,2866.0,6.0,,,,,,,,,0.6,258.1882,262.1538,266.0261,269.9145,273.9069,278.074,282.4771,287.1789,292.2541,297.7985,303.9369,310.8296,318.6796,327.7424,338.3412,350.8902,365.9318,384.1958,406.6962,434.8953,262.0,473.0,750.8351,79.5661,284.3636999999999,-34.92599999999999
2867,2867,2867.0,2867.0,2867.0,2867.0,2867.0,2867.0,2867.0,2867.0,2867.0,2867.0,2867.0,2867.0,2867.0,2867.0,2867.0,2867.0,2867.0,2867.0,2867.0,7.0,,,,,,,,,0.7,264.9604,267.8203,270.6915,273.6731,276.8506,280.2976,284.0817,288.2706,292.9406,298.1845,304.1193,310.895,318.7031,327.7893,338.4696,351.1546,366.3874,384.903,407.7266,436.3425,254.0,471.0,830.4012,72.98299999999995,204.79759999999987,-32.70240000000001
2868,2868,2868.0,2868.0,2868.0,2868.0,2868.0,2868.0,2868.0,2868.0,2868.0,2868.0,2868.0,2868.0,2868.0,2868.0,2868.0,2868.0,2868.0,2868.0,2868.0,8.0,,,,,,,,,0.8,258.9087,263.5086,267.86,272.0327,276.1086,280.182,284.359,288.7562,293.5001,298.7284,304.5937,311.2697,318.9608,327.9157,338.4466,350.9554,365.974,384.224,406.7141,434.9041,253.0,473.0,903.3842,75.83019999999999,131.81459999999993,-32.817999999999984
2869,2869,2869.0,2869.0,2869.0,2869.0,2869.0,2869.0,2869.0,2869.0,2869.0,2869.0,2869.0,2869.0,2869.0,2869.0,2869.0,2869.0,2869.0,2869.0,2869.0,9.0,,,,,,,,,0.9,257.9498,262.5922,267.0021,271.2571,275.4391,279.6364,283.9447,288.4693,293.3273,298.6512,304.5929,311.3307,319.078,328.0955,338.7086,351.3335,366.5153,384.9891,407.7789,436.367,450.0,271.0,979.2144,55.98439999999994,55.98439999999994,-33.36360000000002
2870,2870,2870.0,2870.0,2870.0,2870.0,2870.0,2870.0,2870.0,2870.0,2870.0,2870.0,2870.0,2870.0,2870.0,2870.0,2870.0,2870.0,2870.0,2870.0,2870.0,0.0,,,,,,,,,0.0,273.0,273.0,273.0,273.0,273.0,273.0,273.0,273.0,273.0,273.0,273.0,273.0,273.0,273.0,273.0,273.0,273.0,273.0,273.0,273.0,473.0,354.0,0.0,381.4834,1098.2215,-40.0
2871,2871,2871.0,2871.0,2871.0,2871.0,2871.0,2871.0,2871.0,2871.0,2871.0,2871.0,2871.0,2871.0,2871.0,2871.0,2871.0,2871.0,2871.0,2871.0,2871.0,1.0,,,,,,,,,0.1,428.5442,392.4426,362.9621,339.1244,320.2615,305.7826,295.0819,287.5353,282.5446,279.5929,278.2906,278.3993,279.8323,282.6336,286.942,292.945,300.834,310.77,322.8721,337.2379,343.0,473.0,381.4834,186.813,716.7381,-7.217399999999998
2872,2872,2872.0,2872.0,2872.0,2872.0,2872.0,2872.0,2872.0,2872.0,2872.0,2872.0,2872.0,2872.0,2872.0,2872.0,2872.0,2872.0,2872.0,2872.0,2872.0,2.0,,,,,,,,,0.2,334.7668,327.992,322.115,316.7512,311.7025,306.9432,302.5889,298.8551,296.0193,294.3939,294.3134,296.1327,300.2312,307.0144,316.9112,330.3686,347.8593,369.9227,397.271,431.0035,268.0,471.0,568.2964,52.24210000000005,529.9251000000002,-6.05680000000001
2873,2873,2873.0,2873.0,2873.0,2873.0,2873.0,2873.0,2873.0,2873.0,2873.0,2873.0,2873.0,2873.0,2873.0,2873.0,2873.0,2873.0,2873.0,2873.0,2873.0,3.0,,,,,,,,,0.3,273.9478,279.4574,284.2634,288.2159,291.3025,293.6454,295.4783,297.1133,298.9051,301.2217,304.4228,308.8499,314.8262,322.6663,332.6953,345.2806,360.8783,380.1048,403.847,433.4436,232.0,473.0,620.5385,51.87149999999997,477.6830000000001,-19.354600000000005
2874,2874,2874.0,2874.0,2874.0,2874.0,2874.0,2874.0,2874.0,2874.0,2874.0,2874.0,2874.0,2874.0,2874.0,2874.0,2874.0,2874.0,2874.0,2874.0,2874.0,4.0,,,,,,,,,0.4,242.6135,252.3589,261.1128,268.8283,275.5472,281.3974,286.5788,291.3432,295.9737,300.7677,306.0269,312.054,319.1569,327.6602,337.9248,350.3761,365.5484,384.1501,407.1694,436.0492,430.0,274.0,672.41,52.05420000000004,425.81150000000014,-31.602599999999995
2875,2875,2875.0,2875.0,2875.0,2875.0,2875.0,2875.0,2875.0,2875.0,2875.0,2875.0,2875.0,2875.0,2875.0,2875.0,2875.0,2875.0,2875.0,2875.0,2875.0,5.0,,,,,,,,,0.5,396.7186,369.4224,347.3465,330.05,317.1613,308.2484,302.7806,300.1485,299.707,300.8163,302.8638,305.2686,307.4759,308.955,309.2138,307.8345,304.5306,299.2099,292.0277,283.4056,225.0,471.0,724.4642,88.30470000000003,373.7573000000001,-4.751599999999996
2876,2876,2876.0,2876.0,2876.0,2876.0,2876.0,2876.0,2876.0,2876.0,2876.0,2876.0,2876.0,2876.0,2876.0,2876.0,2876.0,2876.0,2876.0,2876.0,2876.0,6.0,,,,,,,,,0.6,241.0848,255.6452,268.1106,278.1706,285.8002,291.2271,294.8618,297.2185,298.8475,300.2951,302.0932,304.7711,308.8765,314.9916,323.734,335.7435,351.669,372.1842,398.07,430.4145,242.0,473.0,812.7689,74.20569999999998,285.4526000000001,-21.7729
2877,2877,2877.0,2877.0,2877.0,2877.0,2877.0,2877.0,2877.0,2877.0,2877.0,2877.0,2877.0,2877.0,2877.0,2877.0,2877.0,2877.0,2877.0,2877.0,2877.0,7.0,,,,,,,,,0.7,249.5733,256.5875,263.0475,268.9718,274.3989,279.395,284.0617,288.5408,293.0168,297.7158,302.9021,308.8727,315.954,324.5013,334.9067,347.6181,363.1758,382.2765,405.8811,435.3967,262.0,471.0,886.9746,81.89639999999997,211.2469000000001,-33.60500000000002
2878,2878,2878.0,2878.0,2878.0,2878.0,2878.0,2878.0,2878.0,2878.0,2878.0,2878.0,2878.0,2878.0,2878.0,2878.0,2878.0,2878.0,2878.0,2878.0,2878.0,8.0,,,,,,,,,0.8,264.8326,267.5812,270.3688,273.2968,276.4439,279.8706,283.6284,287.7718,292.3698,297.5156,303.3339,309.9862,317.6772,326.6623,337.2621,349.8842,365.0607,383.508,406.2243,434.6568,257.0,471.0,968.871,74.62630000000001,129.35050000000012,-33.129399999999976
2879,2879,2879.0,2879.0,2879.0,2879.0,2879.0,2879.0,2879.0,2879.0,2879.0,2879.0,2879.0,2879.0,2879.0,2879.0,2879.0,2879.0,2879.0,2879.0,2879.0,9.0,,,,,,,,,0.9,261.2608,265.2768,269.1174,272.8568,276.5761,280.3644,284.3192,288.5468,293.1635,298.2985,304.098,310.7321,318.4035,327.361,337.9171,350.474,365.5621,383.9002,406.4921,434.7919,443.0,270.0,1043.4973,54.72420000000011,54.72420000000011,-32.63560000000001
2880,2880,2880.0,2880.0,2880.0,2880.0,2880.0,2880.0,2880.0,2880.0,2880.0,2880.0,2880.0,2880.0,2880.0,2880.0,2880.0,2880.0,2880.0,2880.0,0.0,,,,,,,,,,0.0,273.0,273.0,273.0,273.0,273.0,273.0,273.0,273.0,273.0,273.0,273.0,273.0,273.0,273.0,273.0,273.0,273.0,273.0,273.0,273.0,472.0,471.0,0.0,352.0918,1215.7586,18.36559999999997
2881,2881,2881.0,2881.0,2881.0,2881.0,2881.0,2881.0,2881.0,2881.0,2881.0,2881.0,2881.0,2881.0,2881.0,2881.0,2881.0,2881.0,2881.0,2881.0,1.0,,,,,,,,,,0.1,427.7969,391.8848,362.5556,338.8477,320.1088,305.7697,295.2585,288.0058,283.4981,281.3448,281.3342,283.4643,287.9432,295.1577,305.6175,319.8887,338.5395,362.1349,391.3208,427.0473,457.0,291.0,352.0918,144.79720000000003,863.6668,18.36559999999997
2882,2882,2882.0,2882.0,2882.0,2882.0,2882.0,2882.0,2882.0,2882.0,2882.0,2882.0,2882.0,2882.0,2882.0,2882.0,2882.0,2882.0,2882.0,2882.0,2.0,,,,,,,,,,0.2,422.0234,394.0924,371.417,352.8647,337.7046,325.4551,315.7854,308.4463,303.2184,299.8731,298.1417,297.6971,298.1474,299.0491,299.9396,300.3903,300.0717,298.8185,296.6766,293.9163,363.0,460.0,496.889,157.0639,718.8695999999999,18.36559999999997
2883,2883,2883.0,2883.0,2883.0,2883.0,2883.0,2883.0,2883.0,2883.0,2883.0,2883.0,2883.0,2883.0,2883.0,2883.0,2883.0,2883.0,2883.0,2883.0,3.0,,,,,,,,,,0.3,352.0108,343.2299,335.9694,329.7292,324.19,319.1945,314.7197,310.8446,307.7228,305.5656,304.6372,305.2582,307.8116,312.7412,320.5389,331.7231,346.8222,366.3858,391.0591,421.7574,355.0,466.0,653.9529,57.16890000000001,561.8056999999999,18.36559999999997
2884,2884,2884.0,2884.0,2884.0,2884.0,2884.0,2884.0,2884.0,2884.0,2884.0,2884.0,2884.0,2884.0,2884.0,2884.0,2884.0,2884.0,2884.0,2884.0,4.0,,,,,,,,,,0.4,344.108,335.3404,328.2583,322.5373,317.9511,314.3603,311.7022,309.9814,309.2604,309.6513,311.3074,314.4176,319.203,325.9179,334.8568,346.3726,360.9097,379.0624,401.6732,429.9984,471.0,315.0,711.1218,68.0353,504.6367999999999,18.36559999999997
2885,2885,2885.0,2885.0,2885.0,2885.0,2885.0,2885.0,2885.0,2885.0,2885.0,2885.0,2885.0,2885.0,2885.0,2885.0,2885.0,2885.0,2885.0,2885.0,5.0,,,,,,,,,,0.5,432.0905,401.3545,376.9125,357.6034,342.6293,331.3656,323.2657,317.8237,314.5642,313.0416,312.8363,313.5481,314.7897,316.1888,317.4037,318.1558,318.2744,317.7445,316.742,315.6432,363.0,381.0,779.1571,121.4959,436.6014999999999,18.36559999999997
2886,2886,2886.0,2886.0,2886.0,2886.0,2886.0,2886.0,2886.0,2886.0,2886.0,2886.0,2886.0,2886.0,2886.0,2886.0,2886.0,2886.0,2886.0,2886.0,6.0,,,,,,,,,,0.6,352.875,344.9587,338.56,333.1744,328.4756,324.2933,320.5789,317.3654,314.7312,312.775,311.6034,311.3321,312.0935,314.0465,317.3815,322.3202,329.1111,338.0269,349.3753,363.5307,336.0,473.0,900.653,69.98849999999993,315.10559999999987,18.36559999999997
2887,2887,2887.0,2887.0,2887.0,2887.0,2887.0,2887.0,2887.0,2887.0,2887.0,2887.0,2887.0,2887.0,2887.0,2887.0,2887.0,2887.0,2887.0,2887.0,7.0,,,,,,,,,,0.7,329.7878,324.9908,321.2316,318.2238,315.7726,313.7714,312.1941,311.0867,310.5595,310.7826,311.9849,314.4545,318.5389,324.6421,333.2196,344.7745,359.8674,379.1559,403.492,434.1137,473.0,316.0,970.6415,65.2627,245.1171,18.36559999999997
2888,2888,2888.0,2888.0,2888.0,2888.0,2888.0,2888.0,2888.0,2888.0,2888.0,2888.0,2888.0,2888.0,2888.0,2888.0,2888.0,2888.0,2888.0,2888.0,8.0,,,,,,,,,,0.8,433.2859,401.9057,376.9664,357.3058,342.1203,330.7672,322.6712,317.2925,314.1238,312.6949,312.5722,313.3524,314.6532,316.1119,317.3977,318.2413,318.4789,318.099,317.279,316.3955,357.0,396.0,1035.9042,117.34280000000012,179.85439999999994,18.36559999999997
2889,2889,2889.0,2889.0,2889.0,2889.0,2889.0,2889.0,2889.0,2889.0,2889.0,2889.0,2889.0,2889.0,2889.0,2889.0,2889.0,2889.0,2889.0,2889.0,9.0,,,,,,,,,,0.9,348.2053,341.3777,335.8595,331.1722,327.0149,323.2444,319.8412,316.8697,314.4408,312.687,311.7514,311.7892,312.977,315.522,319.6667,325.6863,333.883,344.5855,358.1659,375.0877,335.0,473.0,1153.247,62.51159999999982,62.51159999999982,18.36559999999997
2890,2890,2890.0,2890.0,2890.0,2890.0,2890.0,2890.0,2890.0,2890.0,2890.0,2890.0,2890.0,2890.0,2890.0,2890.0,2890.0,2890.0,2890.0,2890.0,0.0,,,,,,,,,,0.0,273.0,273.0,273.0,273.0,273.0,273.0,273.0,273.0,273.0,273.0,273.0,273.0,273.0,273.0,273.0,273.0,273.0,273.0,273.0,273.0,472.0,472.0,0.0,351.9419,1198.3509,18.237900000000025
2891,2891,2891.0,2891.0,2891.0,2891.0,2891.0,2891.0,2891.0,2891.0,2891.0,2891.0,2891.0,2891.0,2891.0,2891.0,2891.0,2891.0,2891.0,2891.0,1.0,,,,,,,,,,0.1,427.7969,391.8848,362.5557,338.848,320.1094,305.7709,295.2609,288.0103,283.5064,281.3597,281.3597,283.5064,288.0103,295.2609,305.7709,320.1094,338.848,362.5557,391.8848,427.7969,457.0,292.0,351.9419,143.85930000000002,846.4089999999999,18.237900000000025
2892,2892,2892.0,2892.0,2892.0,2892.0,2892.0,2892.0,2892.0,2892.0,2892.0,2892.0,2892.0,2892.0,2892.0,2892.0,2892.0,2892.0,2892.0,2892.0,2.0,,,,,,,,,,0.2,422.0242,394.0943,371.4203,352.8702,337.7133,325.4685,315.8054,308.4754,303.2601,299.9316,298.2227,297.8074,298.2955,299.2452,300.196,300.7215,300.4946,299.3521,297.3421,294.7368,363.0,460.0,495.8012,156.03920000000005,702.5496999999999,18.237900000000025
2893,2893,2893.0,2893.0,2893.0,2893.0,2893.0,2893.0,2893.0,2893.0,2893.0,2893.0,2893.0,2893.0,2893.0,2893.0,2893.0,2893.0,2893.0,2893.0,3.0,,,,,,,,,,0.3,352.0136,343.236,335.9792,329.7439,324.2108,319.223,314.7578,310.8943,307.7861,305.6442,304.7317,305.3684,307.9354,312.8745,320.6756,331.8554,346.9413,366.4833,391.1278,421.7927,352.0,464.0,651.8404,56.04379999999992,546.5104999999999,18.237900000000025
2894,2894,2894.0,2894.0,2894.0,2894.0,2894.0,2894.0,2894.0,2894.0,2894.0,2894.0,2894.0,2894.0,2894.0,2894.0,2894.0,2894.0,2894.0,2894.0,4.0,,,,,,,,,,0.4,341.7766,333.5634,326.9368,321.5831,317.2859,313.9155,311.4196,309.8129,309.1671,309.6013,311.2737,314.3752,319.1263,325.7787,334.6223,346.0043,360.3621,378.2807,400.5894,428.5221,472.0,316.0,707.8842,67.4022,490.4667,18.237900000000025
2895,2895,2895.0,2895.0,2895.0,2895.0,2895.0,2895.0,2895.0,2895.0,2895.0,2895.0,2895.0,2895.0,2895.0,2895.0,2895.0,2895.0,2895.0,2895.0,5.0,,,,,,,,,,0.5,432.7615,401.7676,377.1228,357.6589,342.5739,331.2379,323.0975,317.6389,314.3792,312.8661,312.676,313.4078,314.6761,316.1132,317.3839,318.2165,318.4473,318.0663,317.2518,316.38,360.0,385.0,775.2864,119.97250000000008,423.0645,18.237900000000025
2896,2896,2896.0,2896.0,2896.0,2896.0,2896.0,2896.0,2896.0,2896.0,2896.0,2896.0,2896.0,2896.0,2896.0,2896.0,2896.0,2896.0,2896.0,2896.0,6.0,,,,,,,,,,0.6,350.5551,343.1962,337.248,332.2185,327.7936,323.816,320.2515,317.1477,314.598,312.7155,311.6207,311.4426,312.3274,314.4471,318.006,323.2392,330.4087,339.8015,351.7417,366.6268,335.0,472.0,895.2589,67.0426,303.09199999999987,18.237900000000025
2897,2897,2897.0,2897.0,2897.0,2897.0,2897.0,2897.0,2897.0,2897.0,2897.0,2897.0,2897.0,2897.0,2897.0,2897.0,2897.0,2897.0,2897.0,2897.0,7.0,,,,,,,,,,0.7,328.9224,324.2343,320.5691,317.6484,315.2829,313.3685,311.8801,310.8633,310.4266,310.7375,312.021,314.5599,318.6947,324.8213,333.3865,344.8853,359.872,379.0004,403.1201,433.4647,472.0,316.0,962.3015,63.86329999999998,236.04939999999988,18.237900000000025
2898,2898,2898.0,2898.0,2898.0,2898.0,2898.0,2898.0,2898.0,2898.0,2898.0,2898.0,2898.0,2898.0,2898.0,2898.0,2898.0,2898.0,2898.0,2898.0,8.0,,,,,,,,,,0.8,432.4994,401.2684,376.4398,356.8664,341.7536,330.4639,322.4248,317.0975,313.9747,312.5857,312.4963,313.3029,314.623,316.0947,317.3881,318.2355,318.4746,318.0953,317.276,316.3938,354.0,413.0,1026.1648,115.0317,172.1860999999999,18.237900000000025
2899,2899,2899.0,2899.0,2899.0,2899.0,2899.0,2899.0,2899.0,2899.0,2899.0,2899.0,2899.0,2899.0,2899.0,2899.0,2899.0,2899.0,2899.0,2899.0,9.0,,,,,,,,,,0.9,345.8424,339.5374,334.4447,330.1004,326.2166,322.6635,319.4368,316.6177,314.3375,312.7535,312.0393,312.3883,314.0231,317.204,322.2321,329.4438,339.2045,351.9097,368.0127,388.0947,337.0,473.0,1141.1965,57.154399999999896,57.154399999999896,18.237900000000025
2900,2900,2900.0,2900.0,2900.0,2900.0,2900.0,2900.0,2900.0,2900.0,2900.0,2900.0,2900.0,2900.0,2900.0,2900.0,2900.0,2900.0,2900.0,2900.0,0.0,,,,,,,,,,0.0,273.0,273.0,273.0,273.0,273.0,273.0,273.0,273.0,273.0,273.0,273.0,273.0,273.0,273.0,273.0,273.0,273.0,273.0,273.0,273.0,473.0,473.0,0.0,351.8898,1207.5913,18.44290000000001
2901,2901,2901.0,2901.0,2901.0,2901.0,2901.0,2901.0,2901.0,2901.0,2901.0,2901.0,2901.0,2901.0,2901.0,2901.0,2901.0,2901.0,2901.0,2901.0,1.0,,,,,,,,,,0.1,428.5462,392.4485,362.9763,339.1565,320.3305,305.9254,295.3664,288.0818,283.5568,281.3999,281.3999,283.5568,288.0818,295.3664,305.9254,320.3305,339.1565,362.9763,392.4485,428.5462,456.0,292.0,351.8898,143.04990000000004,855.7015000000001,18.44290000000001
2902,2902,2902.0,2902.0,2902.0,2902.0,2902.0,2902.0,2902.0,2902.0,2902.0,2902.0,2902.0,2902.0,2902.0,2902.0,2902.0,2902.0,2902.0,2902.0,2.0,,,,,,,,,,0.2,421.301,393.5836,371.0757,352.6545,337.5953,325.4219,315.8089,308.5127,303.3196,300.006,298.3076,297.9004,298.3948,299.3488,300.3008,300.8231,300.5872,299.4294,297.3979,294.7661,361.0,459.0,494.9397,154.6803,712.6516,18.44290000000001
2903,2903,2903.0,2903.0,2903.0,2903.0,2903.0,2903.0,2903.0,2903.0,2903.0,2903.0,2903.0,2903.0,2903.0,2903.0,2903.0,2903.0,2903.0,2903.0,3.0,,,,,,,,,,0.3,350.4498,342.0295,335.0648,329.0657,323.7208,318.8801,314.5273,310.7472,307.6984,305.5956,304.7046,305.3462,307.9019,312.8124,320.5657,331.6766,346.6697,366.0915,390.5828,421.0516,355.0,466.0,649.62,56.43010000000004,557.9713,18.44290000000001
2904,2904,2904.0,2904.0,2904.0,2904.0,2904.0,2904.0,2904.0,2904.0,2904.0,2904.0,2904.0,2904.0,2904.0,2904.0,2904.0,2904.0,2904.0,2904.0,4.0,,,,,,,,,,0.4,344.0529,335.2358,328.1148,322.3687,317.7721,314.1845,311.5403,309.8403,309.1432,309.5574,311.2335,314.3589,319.1547,325.8757,334.8182,346.3368,360.8775,379.0357,401.654,429.9884,472.0,315.0,706.0501,68.22169999999994,501.5412,18.44290000000001
2905,2905,2905.0,2905.0,2905.0,2905.0,2905.0,2905.0,2905.0,2905.0,2905.0,2905.0,2905.0,2905.0,2905.0,2905.0,2905.0,2905.0,2905.0,2905.0,5.0,,,,,,,,,,0.5,432.8201,401.8804,377.2804,357.8475,342.7781,331.4429,323.2918,317.8152,314.5345,313.0007,312.7911,313.5032,314.7481,316.1519,317.3722,318.1298,318.2539,317.7293,316.7319,315.6382,362.0,378.0,774.2718,121.784,433.31950000000006,18.44290000000001
2906,2906,2906.0,2906.0,2906.0,2906.0,2906.0,2906.0,2906.0,2906.0,2906.0,2906.0,2906.0,2906.0,2906.0,2906.0,2906.0,2906.0,2906.0,2906.0,6.0,,,,,,,,,,0.6,352.1201,344.406,338.1702,332.9115,328.3069,324.1901,320.5166,317.3234,314.6922,312.7227,311.5209,311.1988,311.8829,313.7238,316.9021,321.6288,328.1413,336.7015,347.605,361.2104,338.0,468.0,896.0558,70.55579999999998,311.53550000000007,18.44290000000001
2907,2907,2907.0,2907.0,2907.0,2907.0,2907.0,2907.0,2907.0,2907.0,2907.0,2907.0,2907.0,2907.0,2907.0,2907.0,2907.0,2907.0,2907.0,2907.0,7.0,,,,,,,,,,0.7,331.326,326.1392,322.057,318.788,316.1312,313.9713,312.2718,311.0671,310.4553,310.5947,311.7024,314.0552,317.9894,323.8981,332.2248,343.459,358.1442,376.9138,400.582,430.3227,471.0,316.0,966.6116,66.20299999999997,240.9797000000001,18.44290000000001
2908,2908,2908.0,2908.0,2908.0,2908.0,2908.0,2908.0,2908.0,2908.0,2908.0,2908.0,2908.0,2908.0,2908.0,2908.0,2908.0,2908.0,2908.0,2908.0,8.0,,,,,,,,,,0.8,431.8328,400.8618,376.2331,356.8038,341.7812,330.5311,322.4865,317.1167,313.924,312.4474,312.2631,312.9766,314.2151,315.6248,316.8839,317.7307,318.0067,317.7023,316.992,316.2447,354.0,405.0,1032.8146,115.94730000000004,174.77670000000012,18.44290000000001
2909,2909,2909.0,2909.0,2909.0,2909.0,2909.0,2909.0,2909.0,2909.0,2909.0,2909.0,2909.0,2909.0,2909.0,2909.0,2909.0,2909.0,2909.0,2909.0,9.0,,,,,,,,,,0.9,345.8301,339.513,334.4088,330.0527,326.1558,322.5864,319.3375,316.4864,314.1593,312.5063,311.6913,311.8938,313.3189,316.2052,320.8288,327.4989,336.5515,348.3495,363.3054,381.9404,335.0,473.0,1148.7619,58.82940000000008,58.82940000000008,18.44290000000001
2910,2910,2910.0,2910.0,2910.0,2910.0,2910.0,2910.0,2910.0,2910.0,2910.0,2910.0,2910.0,2910.0,2910.0,2910.0,2910.0,2910.0,2910.0,2910.0,0.0,,,,,,,,,,0.0,273.0,273.0,273.0,273.0,273.0,273.0,273.0,273.0,273.0,273.0,273.0,273.0,273.0,273.0,273.0,273.0,273.0,273.0,273.0,273.0,472.0,471.0,0.0,352.0918,1215.9672,18.34179999999997
2911,2911,2911.0,2911.0,2911.0,2911.0,2911.0,2911.0,2911.0,2911.0,2911.0,2911.0,2911.0,2911.0,2911.0,2911.0,2911.0,2911.0,2911.0,2911.0,1.0,,,,,,,,,,0.1,427.7969,391.8848,362.5556,338.8477,320.1088,305.7697,295.2585,288.0058,283.4981,281.3448,281.3342,283.4643,287.9432,295.1577,305.6175,319.8887,338.5395,362.1349,391.3208,427.0473,460.0,291.0,352.0918,146.0362,863.8754000000001,18.34179999999997
2912,2912,2912.0,2912.0,2912.0,2912.0,2912.0,2912.0,2912.0,2912.0,2912.0,2912.0,2912.0,2912.0,2912.0,2912.0,2912.0,2912.0,2912.0,2912.0,2.0,,,,,,,,,,0.2,424.2644,395.7644,372.651,353.7591,338.3377,325.891,316.0765,308.6343,303.3358,299.9438,298.1828,297.7201,298.1599,299.0556,299.9429,300.3919,300.0725,298.8188,296.6767,293.9163,361.0,458.0,498.128,157.97700000000003,717.8392000000001,18.34179999999997
2913,2913,2913.0,2913.0,2913.0,2913.0,2913.0,2913.0,2913.0,2913.0,2913.0,2913.0,2913.0,2913.0,2913.0,2913.0,2913.0,2913.0,2913.0,2913.0,3.0,,,,,,,,,,0.3,350.5371,342.1946,335.29,329.3276,323.9938,319.1396,314.7521,310.9213,307.8112,305.6413,304.6812,305.2539,307.7416,312.585,320.2706,331.3108,346.2262,365.5578,389.9374,420.2586,352.0,467.0,656.105,56.70439999999997,559.8622,18.34179999999997
2914,2914,2914.0,2914.0,2914.0,2914.0,2914.0,2914.0,2914.0,2914.0,2914.0,2914.0,2914.0,2914.0,2914.0,2914.0,2914.0,2914.0,2914.0,2914.0,4.0,,,,,,,,,,0.4,341.7385,333.4908,326.8366,321.4638,317.1562,313.7828,311.289,309.6876,309.0494,309.4945,311.1848,314.318,319.1242,325.8669,334.8495,346.4329,361.0686,379.3567,402.1455,430.7001,473.0,316.0,712.8094,67.27870000000007,503.15780000000007,18.34179999999997
2915,2915,2915.0,2915.0,2915.0,2915.0,2915.0,2915.0,2915.0,2915.0,2915.0,2915.0,2915.0,2915.0,2915.0,2915.0,2915.0,2915.0,2915.0,2915.0,5.0,,,,,,,,,,0.5,433.4945,402.3007,377.5018,357.9185,342.7431,331.3418,323.1585,317.6767,314.4107,312.9055,312.7343,313.4921,314.7895,316.2542,317.5458,318.3883,318.6141,318.2114,317.3593,316.4373,362.0,384.0,780.0881,121.04829999999993,435.8791,18.34179999999997
2916,2916,2916.0,2916.0,2916.0,2916.0,2916.0,2916.0,2916.0,2916.0,2916.0,2916.0,2916.0,2916.0,2916.0,2916.0,2916.0,2916.0,2916.0,2916.0,6.0,,,,,,,,,,0.6,352.1247,344.4143,338.1807,332.9226,328.3178,324.202,320.5335,317.3534,314.7484,312.8251,311.6977,311.4895,312.3404,314.417,317.9181,323.0738,330.1417,339.405,351.1837,365.8704,336.0,472.0,901.1364,68.4796,314.83080000000007,18.34179999999997
2917,2917,2917.0,2917.0,2917.0,2917.0,2917.0,2917.0,2917.0,2917.0,2917.0,2917.0,2917.0,2917.0,2917.0,2917.0,2917.0,2917.0,2917.0,2917.0,7.0,,,,,,,,,,0.7,329.7682,324.9546,321.1845,318.1734,315.7276,313.7405,312.1857,311.1077,310.615,310.8752,312.1131,314.6118,318.7125,324.8118,333.357,344.844,359.8269,378.9593,403.089,433.4482,473.0,315.0,969.616,65.21219999999994,246.3512000000001,18.34179999999997
2918,2918,2918.0,2918.0,2918.0,2918.0,2918.0,2918.0,2918.0,2918.0,2918.0,2918.0,2918.0,2918.0,2918.0,2918.0,2918.0,2918.0,2918.0,2918.0,8.0,,,,,,,,,,0.8,433.2854,401.9053,376.967,357.3085,342.1265,330.7779,322.6868,317.3124,314.1457,312.7146,312.5835,313.3464,314.6184,316.034,317.2596,318.0232,318.1582,317.6508,316.6762,315.6094,357.0,395.0,1034.8282,117.77160000000003,181.13900000000007,18.34179999999997
2919,2919,2919.0,2919.0,2919.0,2919.0,2919.0,2919.0,2919.0,2919.0,2919.0,2919.0,2919.0,2919.0,2919.0,2919.0,2919.0,2919.0,2919.0,2919.0,9.0,,,,,,,,,,0.9,348.2058,341.3787,335.8606,331.1728,327.0141,323.2408,319.8328,316.8537,314.4134,312.6435,311.6859,311.6946,312.8449,315.3427,319.4289,325.377,333.4866,344.0833,357.5338,374.2939,337.0,473.0,1152.5998,63.36740000000009,63.36740000000009,18.34179999999997
2920,2920,2920.0,2920.0,2920.0,2920.0,2920.0,2920.0,2920.0,2920.0,2920.0,2920.0,2920.0,2920.0,2920.0,2920.0,2920.0,2920.0,2920.0,2920.0,0.0,,,,,,,,,,0.0,273.0,273.0,273.0,273.0,273.0,273.0,273.0,273.0,273.0,273.0,273.0,273.0,273.0,273.0,273.0,273.0,273.0,273.0,273.0,273.0,473.0,471.0,0.0,352.188,1205.7424,18.613999999999976
2921,2921,2921.0,2921.0,2921.0,2921.0,2921.0,2921.0,2921.0,2921.0,2921.0,2921.0,2921.0,2921.0,2921.0,2921.0,2921.0,2921.0,2921.0,2921.0,1.0,,,,,,,,,,0.1,428.5462,392.4484,362.9761,339.1559,320.3294,305.923,295.3617,288.0728,283.5402,281.3703,281.349,283.4727,287.9477,295.16,305.6187,319.8893,338.5398,362.135,391.3209,427.0473,454.0,292.0,352.188,143.64679999999998,853.5544000000001,18.613999999999976
2922,2922,2922.0,2922.0,2922.0,2922.0,2922.0,2922.0,2922.0,2922.0,2922.0,2922.0,2922.0,2922.0,2922.0,2922.0,2922.0,2922.0,2922.0,2922.0,2.0,,,,,,,,,,0.2,419.803,392.4626,370.2443,352.0459,337.1557,325.1061,315.5792,308.3377,303.1743,299.871,298.1692,297.7499,298.2286,299.1681,300.1114,300.6345,300.412,299.2814,297.2904,294.7094,363.0,459.0,495.8348,154.9307,709.9076000000001,18.613999999999976
2923,2923,2923.0,2923.0,2923.0,2923.0,2923.0,2923.0,2923.0,2923.0,2923.0,2923.0,2923.0,2923.0,2923.0,2923.0,2923.0,2923.0,2923.0,2923.0,3.0,,,,,,,,,,0.3,351.9444,343.1039,335.7964,329.5262,323.9753,318.9855,314.5307,310.6858,307.5995,305.478,304.5806,305.2235,307.785,312.7043,320.4688,331.5927,346.6006,366.0387,390.5474,421.0338,355.0,466.0,650.7655,57.02139999999997,554.9769000000001,18.613999999999976
2924,2924,2924.0,2924.0,2924.0,2924.0,2924.0,2924.0,2924.0,2924.0,2924.0,2924.0,2924.0,2924.0,2924.0,2924.0,2924.0,2924.0,2924.0,2924.0,4.0,,,,,,,,,,0.4,344.0895,335.3042,328.2064,322.4723,317.8762,314.2787,311.6169,309.8949,309.1743,309.5664,311.2237,314.3351,319.1216,325.838,334.78,346.3012,360.8469,379.0117,401.6376,429.9801,473.0,314.0,707.7869,68.96350000000007,497.95550000000014,18.613999999999976
2925,2925,2925.0,2925.0,2925.0,2925.0,2925.0,2925.0,2925.0,2925.0,2925.0,2925.0,2925.0,2925.0,2925.0,2925.0,2925.0,2925.0,2925.0,2925.0,5.0,,,,,,,,,,0.5,433.5705,402.4479,377.7087,358.168,343.0145,331.614,323.4123,317.8964,314.5842,313.0235,312.7884,313.473,314.6847,316.0459,317.2098,317.8929,317.9204,317.2734,316.1252,314.8506,363.0,382.0,776.7504,123.22259999999994,428.9920000000001,18.613999999999976
2926,2926,2926.0,2926.0,2926.0,2926.0,2926.0,2926.0,2926.0,2926.0,2926.0,2926.0,2926.0,2926.0,2926.0,2926.0,2926.0,2926.0,2926.0,2926.0,6.0,,,,,,,,,,0.6,352.919,345.042,338.6738,333.3071,328.6145,324.4264,320.6961,317.4596,314.7989,312.8164,311.6227,311.3375,312.098,314.0676,317.4419,322.4472,329.3362,338.3853,349.9046,364.2721,335.0,473.0,899.973,69.82490000000007,305.76940000000013,18.613999999999976
2927,2927,2927.0,2927.0,2927.0,2927.0,2927.0,2927.0,2927.0,2927.0,2927.0,2927.0,2927.0,2927.0,2927.0,2927.0,2927.0,2927.0,2927.0,2927.0,7.0,,,,,,,,,,0.7,329.017,324.4139,320.8155,317.9377,315.5883,313.6639,312.1424,311.0741,310.5735,310.8147,312.0295,314.5081,318.599,324.7067,333.2858,344.839,359.9259,379.2042,403.5263,434.1314,471.0,314.0,969.7979,64.01999999999998,235.9445000000001,18.613999999999976
2928,2928,2928.0,2928.0,2928.0,2928.0,2928.0,2928.0,2928.0,2928.0,2928.0,2928.0,2928.0,2928.0,2928.0,2928.0,2928.0,2928.0,2928.0,2928.0,8.0,,,,,,,,,,0.8,431.7772,400.7568,376.092,356.646,341.6297,330.4092,322.4155,317.113,313.9976,312.6008,312.4896,313.2591,314.5242,315.9174,317.1017,317.8011,317.8448,317.2156,316.0863,314.8311,354.0,413.0,1033.8179,115.38660000000004,171.92450000000008,18.613999999999976
2929,2929,2929.0,2929.0,2929.0,2929.0,2929.0,2929.0,2929.0,2929.0,2929.0,2929.0,2929.0,2929.0,2929.0,2929.0,2929.0,2929.0,2929.0,2929.0,9.0,,,,,,,,,,0.9,345.8241,339.5024,334.3961,330.0419,326.1515,322.5941,319.3638,316.5398,314.2517,312.6559,311.926,312.2565,313.8722,317.037,322.0553,329.2675,339.0412,351.7728,367.9141,388.0432,335.0,471.0,1149.2045,56.53790000000004,56.53790000000004,18.613999999999976
2930,2930,2930.0,2930.0,2930.0,2930.0,2930.0,2930.0,2930.0,2930.0,2930.0,2930.0,2930.0,2930.0,2930.0,2930.0,2930.0,2930.0,2930.0,2930.0,0.0,,,,,,,,,,0.0,273.0,273.0,273.0,273.0,273.0,273.0,273.0,273.0,273.0,273.0,273.0,273.0,273.0,273.0,273.0,273.0,273.0,273.0,273.0,273.0,472.0,473.0,0.0,351.7936,1158.6224,18.649800000000027
2931,2931,2931.0,2931.0,2931.0,2931.0,2931.0,2931.0,2931.0,2931.0,2931.0,2931.0,2931.0,2931.0,2931.0,2931.0,2931.0,2931.0,2931.0,2931.0,1.0,,,,,,,,,,0.1,427.797,391.8849,362.5558,338.8482,320.11,305.7721,295.2632,288.0148,283.5147,281.3745,281.3851,283.5485,288.0773,295.364,305.9242,320.3299,339.1562,362.9762,392.4485,428.5462,457.0,291.0,351.7936,143.38399999999996,806.8288,18.649800000000027
2932,2932,2932.0,2932.0,2932.0,2932.0,2932.0,2932.0,2932.0,2932.0,2932.0,2932.0,2932.0,2932.0,2932.0,2932.0,2932.0,2932.0,2932.0,2932.0,2.0,,,,,,,,,,0.2,422.0251,394.0961,371.4235,352.8753,337.7209,325.4796,315.8208,308.4957,303.2854,299.9608,298.2527,297.8322,298.3053,299.2255,300.127,300.578,300.2465,298.9663,296.784,293.9729,362.0,460.0,495.1776,156.1105,663.4448,18.649800000000027
2933,2933,2933.0,2933.0,2933.0,2933.0,2933.0,2933.0,2933.0,2933.0,2933.0,2933.0,2933.0,2933.0,2933.0,2933.0,2933.0,2933.0,2933.0,2933.0,3.0,,,,,,,,,,0.3,351.2407,342.6495,335.5444,329.4299,323.9904,319.0727,314.6573,310.8269,307.7384,305.6055,304.6943,305.3269,307.887,312.8187,320.6142,331.7923,346.8815,366.4325,391.091,421.7735,355.0,463.0,651.2881,56.35929999999996,507.3343,18.649800000000027
2934,2934,2934.0,2934.0,2934.0,2934.0,2934.0,2934.0,2934.0,2934.0,2934.0,2934.0,2934.0,2934.0,2934.0,2934.0,2934.0,2934.0,2934.0,2934.0,4.0,,,,,,,,,,0.4,344.0839,335.2948,328.1963,322.4653,317.8759,314.2876,311.6358,309.9222,309.2057,309.5936,311.2341,314.3095,319.0338,325.6525,334.4509,345.7715,360.0472,377.8579,400.0256,427.7727,473.0,316.0,707.6474,69.31580000000008,450.975,18.649800000000027
2935,2935,2935.0,2935.0,2935.0,2935.0,2935.0,2935.0,2935.0,2935.0,2935.0,2935.0,2935.0,2935.0,2935.0,2935.0,2935.0,2935.0,2935.0,2935.0,5.0,,,,,,,,,,0.5,433.5704,402.4473,377.7072,358.1647,343.008,331.6024,323.3933,317.8678,314.5443,312.9727,312.7307,313.4182,314.6507,316.0608,317.3136,318.1379,318.3698,317.9986,317.2018,316.3534,210.0,471.0,776.9632,90.3881,381.6592,18.649800000000027
2936,2936,2936.0,2936.0,2936.0,2936.0,2936.0,2936.0,2936.0,2936.0,2936.0,2936.0,2936.0,2936.0,2936.0,2936.0,2936.0,2936.0,2936.0,2936.0,6.0,,,,,,,,,,0.6,231.9493,251.8643,268.9089,282.6204,292.9386,300.1532,304.8044,307.5707,309.1729,310.3117,311.6413,313.7713,317.2855,322.7624,330.7878,341.9588,356.8913,376.2512,400.8454,431.815,471.0,268.0,867.3513,48.140199999999936,291.27109999999993,18.649800000000027
2937,2937,2937.0,2937.0,2937.0,2937.0,2937.0,2937.0,2937.0,2937.0,2937.0,2937.0,2937.0,2937.0,2937.0,2937.0,2937.0,2937.0,2937.0,2937.0,7.0,,,,,,,,,,0.7,428.9761,395.351,368.5282,347.577,331.8082,320.5599,313.123,308.7498,306.6973,306.2673,306.8265,307.8011,308.6595,308.8977,308.0431,305.6832,301.5194,295.4312,287.5313,278.1886,359.0,461.0,915.4915,121.8093,243.1309,18.649800000000027
2938,2938,2938.0,2938.0,2938.0,2938.0,2938.0,2938.0,2938.0,2938.0,2938.0,2938.0,2938.0,2938.0,2938.0,2938.0,2938.0,2938.0,2938.0,2938.0,8.0,,,,,,,,,,0.8,348.8148,340.712,334.0589,328.3987,323.4432,319.0514,315.1997,311.9486,309.4175,307.7744,307.2393,308.0986,310.7191,315.5514,323.1174,333.9829,348.7308,367.9619,392.3595,422.8621,357.0,463.0,1037.3008,52.63180000000011,121.3216,18.649800000000027
2939,2939,2939.0,2939.0,2939.0,2939.0,2939.0,2939.0,2939.0,2939.0,2939.0,2939.0,2939.0,2939.0,2939.0,2939.0,2939.0,2939.0,2939.0,2939.0,9.0,,,,,,,,,,0.9,345.6326,336.4837,329.118,323.2128,318.5373,314.9406,312.3418,310.7228,310.1207,310.622,312.3565,315.4922,320.2332,326.8207,335.5399,346.7375,360.8539,378.4786,400.4441,427.9822,470.0,316.0,1089.9326,68.68979999999988,68.68979999999988,18.649800000000027
2940,2940,2940.0,2940.0,2940.0,2940.0,2940.0,2940.0,2940.0,2940.0,2940.0,2940.0,2940.0,2940.0,2940.0,2940.0,2940.0,2940.0,2940.0,0.0,,,,,,,,,,,0.0,273.0,273.0,273.0,273.0,273.0,273.0,273.0,273.0,273.0,273.0,273.0,273.0,273.0,273.0,273.0,273.0,273.0,273.0,273.0,273.0,473.0,471.0,0.0,352.188,1169.9816,15.054300000000012
2941,2941,2941.0,2941.0,2941.0,2941.0,2941.0,2941.0,2941.0,2941.0,2941.0,2941.0,2941.0,2941.0,2941.0,2941.0,2941.0,2941.0,2941.0,1.0,,,,,,,,,,,0.1,428.5462,392.4484,362.9761,339.1559,320.3294,305.923,295.3617,288.0728,283.5402,281.3703,281.349,283.4727,287.9477,295.16,305.6187,319.8893,338.5398,362.135,391.3209,427.0473,473.0,472.0,352.188,136.50100000000003,817.7936,15.054300000000012
2942,2942,2942.0,2942.0,2942.0,2942.0,2942.0,2942.0,2942.0,2942.0,2942.0,2942.0,2942.0,2942.0,2942.0,2942.0,2942.0,2942.0,2942.0,2.0,,,,,,,,,,,0.2,433.9673,403.0232,378.0474,357.7306,341.2441,328.0543,317.8127,310.2905,305.3391,302.8689,302.8372,305.2439,310.1313,317.5888,327.7638,340.8837,357.2934,377.521,402.3855,433.1805,172.0,173.0,488.689,84.37560000000002,681.2926,15.054300000000012
2943,2943,2943.0,2943.0,2943.0,2943.0,2943.0,2943.0,2943.0,2943.0,2943.0,2943.0,2943.0,2943.0,2943.0,2943.0,2943.0,2943.0,2943.0,3.0,,,,,,,,,,,0.3,200.8352,227.0471,249.5639,267.7978,281.678,291.5721,298.1384,302.1533,304.3508,305.2942,305.2883,304.3366,302.1408,298.1449,291.6216,281.8009,268.0293,249.9413,227.6061,201.6053,378.0,438.0,573.0646,187.58319999999992,596.917,15.054300000000012
2944,2944,2944.0,2944.0,2944.0,2944.0,2944.0,2944.0,2944.0,2944.0,2944.0,2944.0,2944.0,2944.0,2944.0,2944.0,2944.0,2944.0,2944.0,4.0,,,,,,,,,,,0.4,356.4488,338.4336,323.8042,312.4216,304.0426,298.2851,294.6593,292.6432,291.773,291.7276,292.3904,293.8825,296.5623,300.9909,307.8649,317.9258,331.8696,350.288,373.6876,402.625,321.0,473.0,760.6478,77.0421,409.3338000000001,15.054300000000012
2945,2945,2945.0,2945.0,2945.0,2945.0,2945.0,2945.0,2945.0,2945.0,2945.0,2945.0,2945.0,2945.0,2945.0,2945.0,2945.0,2945.0,2945.0,5.0,,,,,,,,,,,0.5,315.6784,311.3518,307.762,304.7358,302.1893,300.1225,298.6063,297.7661,297.767,298.8043,301.0992,304.8994,310.4818,318.1561,328.2712,341.2267,357.5012,377.7083,402.7037,433.7776,306.0,471.0,837.6899,32.186300000000074,332.2917000000001,15.054300000000012
2946,2946,2946.0,2946.0,2946.0,2946.0,2946.0,2946.0,2946.0,2946.0,2946.0,2946.0,2946.0,2946.0,2946.0,2946.0,2946.0,2946.0,2946.0,6.0,,,,,,,,,,,0.6,303.292,301.2604,299.7775,298.7608,298.177,298.0414,298.4141,299.3919,301.1014,303.6919,307.3314,312.2062,318.5244,326.526,336.4985,348.8038,363.9194,382.5018,405.4894,434.273,335.0,472.0,869.8762,25.195699999999988,300.10540000000003,15.054300000000012
2947,2947,2947.0,2947.0,2947.0,2947.0,2947.0,2947.0,2947.0,2947.0,2947.0,2947.0,2947.0,2947.0,2947.0,2947.0,2947.0,2947.0,2947.0,7.0,,,,,,,,,,,0.7,325.8282,318.3093,312.3175,307.7592,304.5532,302.6226,301.8968,302.319,303.8557,306.5065,310.3112,315.3558,321.7787,329.7782,339.6265,351.6909,366.4707,384.6554,407.2232,435.6077,473.0,473.0,895.0719,58.13310000000001,274.90970000000004,15.054300000000012
2948,2948,2948.0,2948.0,2948.0,2948.0,2948.0,2948.0,2948.0,2948.0,2948.0,2948.0,2948.0,2948.0,2948.0,2948.0,2948.0,2948.0,2948.0,8.0,,,,,,,,,,,0.8,432.4336,400.2309,374.5566,354.3161,338.7707,327.3336,319.477,314.7081,312.5807,312.7206,314.8473,318.7884,324.4854,331.9959,341.4971,353.2977,367.8651,385.8765,408.3111,436.6147,173.0,174.0,953.205,59.6644,216.77660000000003,15.054300000000012
2949,2949,2949.0,2949.0,2949.0,2949.0,2949.0,2949.0,2949.0,2949.0,2949.0,2949.0,2949.0,2949.0,2949.0,2949.0,2949.0,2949.0,2949.0,9.0,,,,,,,,,,,0.9,201.7676,227.9737,250.5936,269.0707,283.3449,293.7744,300.9891,305.7211,308.6499,310.2791,310.8566,310.3366,308.3844,304.4209,297.7091,287.4797,273.0884,254.1875,230.8743,203.7722,291.0,472.0,1012.8694,157.11220000000003,157.11220000000003,15.054300000000012
2950,2950,2950.0,2950.0,2950.0,2950.0,2950.0,2950.0,2950.0,2950.0,2950.0,2950.0,2950.0,2950.0,2950.0,2950.0,2950.0,2950.0,2950.0,0.0,,,,,,,,,,,0.0,273.0,273.0,273.0,273.0,273.0,273.0,273.0,273.0,273.0,273.0,273.0,273.0,273.0,273.0,273.0,273.0,273.0,273.0,273.0,273.0,473.0,473.0,0.0,351.8898,1344.7036,21.283500000000004
2951,2951,2951.0,2951.0,2951.0,2951.0,2951.0,2951.0,2951.0,2951.0,2951.0,2951.0,2951.0,2951.0,2951.0,2951.0,2951.0,2951.0,2951.0,1.0,,,,,,,,,,,0.1,428.5462,392.4485,362.9763,339.1565,320.3305,305.9254,295.3664,288.0818,283.5568,281.3999,281.3999,283.5568,288.0818,295.3664,305.9254,320.3305,339.1565,362.9763,392.4485,428.5462,471.0,472.0,351.8898,134.50420000000005,992.8138,21.283500000000004
2952,2952,2952.0,2952.0,2952.0,2952.0,2952.0,2952.0,2952.0,2952.0,2952.0,2952.0,2952.0,2952.0,2952.0,2952.0,2952.0,2952.0,2952.0,2.0,,,,,,,,,,,0.2,432.4842,401.9227,377.2402,357.1516,340.8431,327.7912,317.6557,310.2151,305.3274,302.9079,302.9177,305.3586,310.2731,317.7496,327.9339,341.0513,357.4463,377.6471,402.475,433.2267,174.0,174.0,486.394,82.9076,858.3096,21.283500000000004
2953,2953,2953.0,2953.0,2953.0,2953.0,2953.0,2953.0,2953.0,2953.0,2953.0,2953.0,2953.0,2953.0,2953.0,2953.0,2953.0,2953.0,2953.0,3.0,,,,,,,,,,,0.3,202.4033,228.2183,250.3921,268.3478,282.0171,291.763,298.2344,302.1968,304.3733,305.3179,305.3289,304.4055,302.2482,298.3018,291.8416,282.1008,268.429,250.4627,228.2707,202.4312,369.0,448.0,569.3016,184.90110000000004,775.402,21.283500000000004
2954,2954,2954.0,2954.0,2954.0,2954.0,2954.0,2954.0,2954.0,2954.0,2954.0,2954.0,2954.0,2954.0,2954.0,2954.0,2954.0,2954.0,2954.0,4.0,,,,,,,,,,,0.4,349.492,333.15,319.8903,309.6128,302.1039,297.0108,293.8778,292.2208,291.6168,291.7854,292.6497,294.3694,297.3399,302.1583,309.5553,320.3058,335.1384,354.6833,379.5023,410.2484,365.0,450.0,754.2027,73.6069,590.5009,21.283500000000004
2955,2955,2955.0,2955.0,2955.0,2955.0,2955.0,2955.0,2955.0,2955.0,2955.0,2955.0,2955.0,2955.0,2955.0,2955.0,2955.0,2955.0,2955.0,5.0,,,,,,,,,,,0.5,349.8722,337.3355,326.9755,318.5033,311.7163,306.4733,302.6792,300.2781,299.251,299.6165,301.4327,304.7985,309.8548,316.7853,325.8216,337.2536,351.4544,368.9257,390.3767,416.8594,473.0,473.0,827.8096,75.6499,516.894,21.283500000000004
2956,2956,2956.0,2956.0,2956.0,2956.0,2956.0,2956.0,2956.0,2956.0,2956.0,2956.0,2956.0,2956.0,2956.0,2956.0,2956.0,2956.0,2956.0,6.0,,,,,,,,,,,0.6,432.9847,401.2503,375.8709,355.6775,339.8913,327.9271,319.2981,313.5821,310.4206,309.532,310.7239,313.9017,319.0708,326.3362,335.9031,348.0861,363.3328,382.2754,405.8265,435.3539,174.0,171.0,903.4595,68.05189999999993,441.2441,21.283500000000004
2957,2957,2957.0,2957.0,2957.0,2957.0,2957.0,2957.0,2957.0,2957.0,2957.0,2957.0,2957.0,2957.0,2957.0,2957.0,2957.0,2957.0,2957.0,7.0,,,,,,,,,,,0.7,202.562,228.5579,250.9539,269.1859,283.1899,293.3237,300.2209,304.6226,307.2203,308.5324,308.8209,308.0519,305.8975,301.7798,294.9577,284.6534,270.2127,251.2778,227.9373,200.8075,290.0,473.0,971.5114,172.7957,373.19220000000007,21.283500000000004
2958,2958,2958.0,2958.0,2958.0,2958.0,2958.0,2958.0,2958.0,2958.0,2958.0,2958.0,2958.0,2958.0,2958.0,2958.0,2958.0,2958.0,2958.0,8.0,,,,,,,,,,,0.8,287.3259,285.2728,284.0102,283.6049,284.0032,285.0478,286.5227,288.2157,289.9848,291.819,293.8851,296.5547,300.4058,306.1928,314.7838,327.0757,343.9117,366.0454,394.2061,429.3256,471.0,425.0,1144.3071,85.9851000000001,200.3965000000001,21.283500000000004
2959,2959,2959.0,2959.0,2959.0,2959.0,2959.0,2959.0,2959.0,2959.0,2959.0,2959.0,2959.0,2959.0,2959.0,2959.0,2959.0,2959.0,2959.0,9.0,,,,,,,,,,,0.9,428.6334,394.5433,367.046,345.1788,328.2884,315.8151,307.2047,301.9004,299.3745,299.1684,300.9229,304.3903,309.432,316.0091,324.1748,334.0763,345.9714,360.2611,377.5433,398.6939,471.0,472.0,1230.2922,114.41139999999996,114.41139999999996,21.283500000000004
2960,2960,2960.0,2960.0,2960.0,2960.0,2960.0,2960.0,2960.0,2960.0,2960.0,2960.0,2960.0,2960.0,2960.0,2960.0,2960.0,2960.0,2960.0,0.0,,,,,,,,,,,0.0,273.0,273.0,273.0,273.0,273.0,273.0,273.0,273.0,273.0,273.0,273.0,273.0,273.0,273.0,273.0,273.0,273.0,273.0,273.0,273.0,473.0,473.0,0.0,351.8898,1267.8236,16.521000000000015
2961,2961,2961.0,2961.0,2961.0,2961.0,2961.0,2961.0,2961.0,2961.0,2961.0,2961.0,2961.0,2961.0,2961.0,2961.0,2961.0,2961.0,2961.0,1.0,,,,,,,,,,,0.1,428.5462,392.4485,362.9763,339.1565,320.3305,305.9254,295.3664,288.0818,283.5568,281.3999,281.3999,283.5568,288.0818,295.3664,305.9254,320.3305,339.1565,362.9763,392.4485,428.5462,471.0,472.0,351.8898,134.50420000000005,915.9338,16.521000000000015
2962,2962,2962.0,2962.0,2962.0,2962.0,2962.0,2962.0,2962.0,2962.0,2962.0,2962.0,2962.0,2962.0,2962.0,2962.0,2962.0,2962.0,2962.0,2.0,,,,,,,,,,,0.2,432.4842,401.9227,377.2402,357.1516,340.8431,327.7912,317.6557,310.2151,305.3274,302.9079,302.9177,305.3586,310.2731,317.7496,327.9339,341.0513,357.4463,377.6471,402.475,433.2267,173.0,173.0,486.394,83.30200000000002,781.4295999999999,16.521000000000015
2963,2963,2963.0,2963.0,2963.0,2963.0,2963.0,2963.0,2963.0,2963.0,2963.0,2963.0,2963.0,2963.0,2963.0,2963.0,2963.0,2963.0,2963.0,3.0,,,,,,,,,,,0.3,201.5926,227.5828,249.9109,267.9958,281.7682,291.5924,298.1205,302.1213,304.3214,305.2771,305.288,304.3535,302.1728,298.188,291.6711,281.8519,268.0771,249.9816,227.6352,201.6206,379.0,440.0,569.696,186.92329999999995,698.1275999999999,16.521000000000015
2964,2964,2964.0,2964.0,2964.0,2964.0,2964.0,2964.0,2964.0,2964.0,2964.0,2964.0,2964.0,2964.0,2964.0,2964.0,2964.0,2964.0,2964.0,4.0,,,,,,,,,,,0.4,357.2454,339.0664,324.3026,312.8089,304.3387,298.5077,294.825,292.7676,291.8713,291.8151,292.4833,293.9989,296.7235,301.2224,308.1969,318.3943,332.5162,351.1617,374.8476,404.1492,328.0,471.0,756.6193,75.82360000000006,511.2043,16.521000000000015
2965,2965,2965.0,2965.0,2965.0,2965.0,2965.0,2965.0,2965.0,2965.0,2965.0,2965.0,2965.0,2965.0,2965.0,2965.0,2965.0,2965.0,2965.0,5.0,,,,,,,,,,,0.5,321.2252,315.6683,311.0533,307.1917,303.9832,301.408,299.5145,298.404,298.2176,299.1278,301.3348,305.0674,310.5851,318.1821,328.1928,341.0042,357.0834,377.0332,401.6964,432.3422,471.0,473.0,832.4429,62.43330000000003,435.38069999999993,16.521000000000015
2966,2966,2966.0,2966.0,2966.0,2966.0,2966.0,2966.0,2966.0,2966.0,2966.0,2966.0,2966.0,2966.0,2966.0,2966.0,2966.0,2966.0,2966.0,6.0,,,,,,,,,,,0.6,430.6251,398.4587,372.6975,352.2646,336.4343,324.6344,316.3571,311.1368,308.5618,308.2977,310.1056,313.8523,319.5115,327.1614,336.9861,349.2855,364.5035,383.2819,406.5581,435.7364,172.0,171.0,894.8762,61.77699999999993,372.9473999999999,16.521000000000015
2967,2967,2967.0,2967.0,2967.0,2967.0,2967.0,2967.0,2967.0,2967.0,2967.0,2967.0,2967.0,2967.0,2967.0,2967.0,2967.0,2967.0,2967.0,7.0,,,,,,,,,,,0.7,200.6025,226.6408,249.0913,267.3974,281.5001,291.7595,298.8096,303.389,306.1839,307.7049,308.2042,307.637,305.6649,301.7011,294.9975,284.7725,270.3708,251.4366,228.064,200.8775,357.0,467.0,956.6532,167.29150000000004,311.1704,16.521000000000015
2968,2968,2968.0,2968.0,2968.0,2968.0,2968.0,2968.0,2968.0,2968.0,2968.0,2968.0,2968.0,2968.0,2968.0,2968.0,2968.0,2968.0,2968.0,8.0,,,,,,,,,,,0.8,340.1221,325.9644,314.5355,305.792,299.5595,295.5185,293.2459,292.2922,292.2713,292.9427,294.2738,296.4733,299.9928,305.4916,313.7685,325.6697,342.0004,363.4805,390.798,424.8162,383.0,440.0,1123.9447,62.82999999999993,143.87889999999993,16.521000000000015
2969,2969,2969.0,2969.0,2969.0,2969.0,2969.0,2969.0,2969.0,2969.0,2969.0,2969.0,2969.0,2969.0,2969.0,2969.0,2969.0,2969.0,2969.0,9.0,,,,,,,,,,,0.9,363.5448,347.4705,334.2606,323.5641,315.124,308.7349,304.2244,301.4486,300.2959,300.6932,302.6104,306.0628,311.1113,317.8635,326.4795,337.1867,350.3068,366.3001,385.8363,409.9049,473.0,473.0,1186.7747,81.0489,81.0489,16.521000000000015
2970,2970,2970.0,2970.0,2970.0,2970.0,2970.0,2970.0,2970.0,2970.0,2970.0,2970.0,2970.0,2970.0,2970.0,2970.0,2970.0,2970.0,2970.0,0.0,,,,,,,,,,,0.0,273.0,273.0,273.0,273.0,273.0,273.0,273.0,273.0,273.0,273.0,273.0,273.0,273.0,273.0,273.0,273.0,273.0,273.0,273.0,273.0,473.0,473.0,0.0,351.8898,1363.9787,20.72750000000002
2971,2971,2971.0,2971.0,2971.0,2971.0,2971.0,2971.0,2971.0,2971.0,2971.0,2971.0,2971.0,2971.0,2971.0,2971.0,2971.0,2971.0,2971.0,1.0,,,,,,,,,,,0.1,428.5462,392.4485,362.9763,339.1565,320.3305,305.9254,295.3664,288.0818,283.5568,281.3999,281.3999,283.5568,288.0818,295.3664,305.9254,320.3305,339.1565,362.9763,392.4485,428.5462,473.0,471.0,351.8898,135.33550000000002,1012.0889,20.72750000000002
2972,2972,2972.0,2972.0,2972.0,2972.0,2972.0,2972.0,2972.0,2972.0,2972.0,2972.0,2972.0,2972.0,2972.0,2972.0,2972.0,2972.0,2972.0,2.0,,,,,,,,,,,0.2,433.969,403.0268,378.0538,357.7409,341.2599,328.0775,317.8456,310.3351,305.3973,302.9411,302.9215,305.335,310.2192,317.6578,327.7922,340.8436,357.1519,377.2404,401.9227,432.484,174.0,171.0,487.2253,84.89039999999994,876.7533999999998,20.72750000000002
2973,2973,2973.0,2973.0,2973.0,2973.0,2973.0,2973.0,2973.0,2973.0,2973.0,2973.0,2973.0,2973.0,2973.0,2973.0,2973.0,2973.0,2973.0,3.0,,,,,,,,,,,0.3,202.4599,228.3247,250.5362,268.5144,282.1903,291.9281,298.3785,302.3089,304.4433,305.3352,305.2802,304.2728,302.0062,297.9157,291.2659,281.2794,267.2972,248.9515,226.3134,199.9718,373.0,444.0,572.1157,188.091,791.8629999999999,20.72750000000002
2974,2974,2974.0,2974.0,2974.0,2974.0,2974.0,2974.0,2974.0,2974.0,2974.0,2974.0,2974.0,2974.0,2974.0,2974.0,2974.0,2974.0,2974.0,4.0,,,,,,,,,,,0.4,352.6229,335.5704,321.727,310.9728,303.0795,297.6808,294.3064,292.4567,291.6929,291.7191,292.4445,294.0163,296.8192,301.4409,308.6039,319.0746,333.5714,352.7089,377.0229,407.1208,347.0,467.0,760.2067,75.53320000000008,603.7719999999999,20.72750000000002
2975,2975,2975.0,2975.0,2975.0,2975.0,2975.0,2975.0,2975.0,2975.0,2975.0,2975.0,2975.0,2975.0,2975.0,2975.0,2975.0,2975.0,2975.0,5.0,,,,,,,,,,,0.5,335.9551,326.8024,319.2146,312.9626,307.8985,303.9422,301.0693,299.3016,298.7009,299.3663,301.4342,305.0799,310.5185,318.0078,327.8518,340.4119,356.1335,375.5988,399.6254,429.4422,471.0,471.0,835.7399,66.51979999999992,528.2387999999999,20.72750000000002
2976,2976,2976.0,2976.0,2976.0,2976.0,2976.0,2976.0,2976.0,2976.0,2976.0,2976.0,2976.0,2976.0,2976.0,2976.0,2976.0,2976.0,2976.0,6.0,,,,,,,,,,,0.6,431.0739,399.3258,373.9132,353.7249,338.0167,326.2163,317.832,312.4249,309.6138,309.0916,310.6406,314.1408,319.5717,327.0113,336.6394,348.7481,363.7703,382.3327,405.3509,434.1966,174.0,171.0,902.2597,64.38380000000006,461.719,20.72750000000002
2977,2977,2977.0,2977.0,2977.0,2977.0,2977.0,2977.0,2977.0,2977.0,2977.0,2977.0,2977.0,2977.0,2977.0,2977.0,2977.0,2977.0,2977.0,7.0,,,,,,,,,,,0.7,202.3759,228.2039,250.4647,268.6032,282.5588,292.6878,299.6187,304.0848,306.7683,308.178,308.5662,307.8907,305.817,301.763,294.9856,284.7074,270.2763,251.3374,227.9827,200.8319,343.0,471.0,966.6435,165.46660000000008,397.3351999999999,20.72750000000002
2978,2978,2978.0,2978.0,2978.0,2978.0,2978.0,2978.0,2978.0,2978.0,2978.0,2978.0,2978.0,2978.0,2978.0,2978.0,2978.0,2978.0,2978.0,8.0,,,,,,,,,,,0.8,329.2607,317.7309,308.4828,301.5114,296.6755,293.6936,292.1896,291.7674,292.0967,292.9908,294.4651,296.7702,300.3919,306.0184,314.472,326.6182,343.2792,365.1928,393.0718,427.8238,454.0,330.0,1132.1101,80.61500000000001,231.8685999999998,20.72750000000002
2979,2979,2979.0,2979.0,2979.0,2979.0,2979.0,2979.0,2979.0,2979.0,2979.0,2979.0,2979.0,2979.0,2979.0,2979.0,2979.0,2979.0,2979.0,9.0,,,,,,,,,,,0.9,417.3354,387.7786,363.8717,344.7285,329.7375,318.3983,310.2456,304.8258,301.7008,300.4577,300.715,302.1211,304.3488,307.0948,310.0895,313.1215,316.0746,318.9676,321.9851,325.4887,471.0,473.0,1212.7251,151.25359999999978,151.25359999999978,20.72750000000002
2980,2980,2980.0,2980.0,2980.0,2980.0,2980.0,2980.0,2980.0,2980.0,2980.0,2980.0,2980.0,2980.0,2980.0,2980.0,2980.0,2980.0,2980.0,0.0,,,,,,,,,,,0.0,273.0,273.0,273.0,273.0,273.0,273.0,273.0,273.0,273.0,273.0,273.0,273.0,273.0,273.0,273.0,273.0,273.0,273.0,273.0,273.0,473.0,473.0,0.0,351.8898,1642.5774,15.03660000000002
2981,2981,2981.0,2981.0,2981.0,2981.0,2981.0,2981.0,2981.0,2981.0,2981.0,2981.0,2981.0,2981.0,2981.0,2981.0,2981.0,2981.0,2981.0,1.0,,,,,,,,,,,0.1,428.5462,392.4485,362.9763,339.1565,320.3305,305.9254,295.3664,288.0818,283.5568,281.3999,281.3999,283.5568,288.0818,295.3664,305.9254,320.3305,339.1565,362.9763,392.4485,428.5462,472.0,473.0,351.8898,135.00710000000004,1290.6876,15.03660000000002
2982,2982,2982.0,2982.0,2982.0,2982.0,2982.0,2982.0,2982.0,2982.0,2982.0,2982.0,2982.0,2982.0,2982.0,2982.0,2982.0,2982.0,2982.0,2.0,,,,,,,,,,,0.2,433.2267,402.475,377.6473,357.4467,341.0523,327.9359,317.7539,310.2813,305.3738,302.9449,302.9547,305.4049,310.3393,317.8477,328.0785,341.2604,357.7411,378.0539,403.0268,433.969,171.0,174.0,486.8969,83.0863,1155.6805,15.03660000000002
2983,2983,2983.0,2983.0,2983.0,2983.0,2983.0,2983.0,2983.0,2983.0,2983.0,2983.0,2983.0,2983.0,2983.0,2983.0,2983.0,2983.0,2983.0,3.0,,,,,,,,,,,0.3,200.0006,226.3678,249.0255,267.3837,281.3709,291.356,297.9994,302.0802,304.3356,305.3314,305.3754,304.4739,302.3314,298.3947,291.9394,282.198,268.5195,250.5394,228.3266,202.4608,387.0,428.0,569.9832,187.4809,1072.5942,15.03660000000002
2984,2984,2984.0,2984.0,2984.0,2984.0,2984.0,2984.0,2984.0,2984.0,2984.0,2984.0,2984.0,2984.0,2984.0,2984.0,2984.0,2984.0,2984.0,4.0,,,,,,,,,,,0.4,363.4026,343.7272,327.7465,315.2769,306.0445,299.6379,295.5354,293.1788,292.0654,291.8335,292.3258,293.6222,296.0401,300.0993,306.4566,315.816,328.8376,346.0764,367.9892,395.0496,471.0,471.0,757.4641,112.45579999999995,885.1132999999999,15.03660000000002
2985,2985,2985.0,2985.0,2985.0,2985.0,2985.0,2985.0,2985.0,2985.0,2985.0,2985.0,2985.0,2985.0,2985.0,2985.0,2985.0,2985.0,2985.0,5.0,,,,,,,,,,,0.5,431.0681,399.2409,373.6104,353.0188,336.7017,324.0942,314.7362,308.2371,304.2753,302.6114,303.1029,305.7129,310.5101,317.6617,327.4238,340.1375,356.2415,376.3158,401.179,432.0731,173.0,172.0,869.9199,79.28039999999999,772.6574999999999,15.03660000000002
2986,2986,2986.0,2986.0,2986.0,2986.0,2986.0,2986.0,2986.0,2986.0,2986.0,2986.0,2986.0,2986.0,2986.0,2986.0,2986.0,2986.0,2986.0,6.0,,,,,,,,,,,0.6,201.2434,226.9169,248.9863,266.8863,280.5527,290.3459,296.9067,300.9881,303.2982,304.3746,304.5002,303.661,301.5476,297.5981,291.0849,281.2405,267.4167,249.2535,226.8257,200.7194,440.0,355.0,949.2003,212.4954,693.3770999999999,15.03660000000002
2987,2987,2987.0,2987.0,2987.0,2987.0,2987.0,2987.0,2987.0,2987.0,2987.0,2987.0,2987.0,2987.0,2987.0,2987.0,2987.0,2987.0,2987.0,7.0,,,,,,,,,,,0.7,404.0249,374.6004,350.7975,332.047,317.8357,307.5638,300.524,295.9569,293.141,291.4813,290.5751,290.2462,290.5446,291.7165,294.146,298.2766,304.5256,313.208,324.4957,338.4303,473.0,472.0,1161.6957,177.76700000000005,480.8816999999999,15.03660000000002
2988,2988,2988.0,2988.0,2988.0,2988.0,2988.0,2988.0,2988.0,2988.0,2988.0,2988.0,2988.0,2988.0,2988.0,2988.0,2988.0,2988.0,2988.0,8.0,,,,,,,,,,,0.8,433.7574,402.6569,377.624,357.3677,341.0376,328.0366,317.9203,310.3508,305.0822,301.9648,300.9556,302.1269,305.6667,311.8678,321.1065,333.8196,350.4935,371.6909,398.1448,430.9613,172.0,174.0,1339.4627,98.80870000000004,303.11469999999986,15.03660000000002
2989,2989,2989.0,2989.0,2989.0,2989.0,2989.0,2989.0,2989.0,2989.0,2989.0,2989.0,2989.0,2989.0,2989.0,2989.0,2989.0,2989.0,2989.0,9.0,,,,,,,,,,,0.9,200.7739,226.9196,249.3598,267.5,281.2623,291.008,297.391,301.1876,303.1374,303.8159,303.5478,302.3618,299.9893,295.9052,289.4113,279.762,266.3196,248.7222,227.0262,201.7815,395.0,416.0,1438.2714,204.3059999999998,204.3059999999998,15.03660000000002
2990,2990,2990.0,2990.0,2990.0,2990.0,2990.0,2990.0,2990.0,2990.0,2990.0,2990.0,2990.0,2990.0,2990.0,2990.0,2990.0,2990.0,2990.0,0.0,,,,,,,,,,,0.0,273.0,273.0,273.0,273.0,273.0,273.0,273.0,273.0,273.0,273.0,273.0,273.0,273.0,273.0,273.0,273.0,273.0,273.0,273.0,273.0,473.0,472.0,0.0,352.038,1311.147,18.7294
2991,2991,2991.0,2991.0,2991.0,2991.0,2991.0,2991.0,2991.0,2991.0,2991.0,2991.0,2991.0,2991.0,2991.0,2991.0,2991.0,2991.0,2991.0,1.0,,,,,,,,,,,0.1,428.5462,392.4485,362.9762,339.1562,320.3299,305.9242,295.364,288.0773,283.5485,281.3851,281.3745,283.5147,288.0148,295.2632,305.7721,320.11,338.8482,362.5558,391.8849,427.797,473.0,471.0,352.038,135.889,959.109,18.7294
2992,2992,2992.0,2992.0,2992.0,2992.0,2992.0,2992.0,2992.0,2992.0,2992.0,2992.0,2992.0,2992.0,2992.0,2992.0,2992.0,2992.0,2992.0,2.0,,,,,,,,,,,0.2,433.9681,403.025,378.0505,357.7356,341.2517,328.0654,317.8281,310.3108,305.3644,302.8982,302.8677,305.2701,310.1443,317.5753,327.7061,340.7592,357.0752,377.1772,401.8779,432.4609,173.0,173.0,487.927,84.52419999999995,823.2199999999999,18.7294
2993,2993,2993.0,2993.0,2993.0,2993.0,2993.0,2993.0,2993.0,2993.0,2993.0,2993.0,2993.0,2993.0,2993.0,2993.0,2993.0,2993.0,2993.0,3.0,,,,,,,,,,,0.3,201.6472,227.6851,250.0486,268.1539,281.9309,291.7456,298.2527,302.2242,304.3901,305.3095,305.2847,304.317,302.1075,298.1001,291.5682,281.743,267.972,249.8908,227.5683,201.585,376.0,437.0,572.4512,187.5001,738.6958,18.7294
2994,2994,2994.0,2994.0,2994.0,2994.0,2994.0,2994.0,2994.0,2994.0,2994.0,2994.0,2994.0,2994.0,2994.0,2994.0,2994.0,2994.0,2994.0,4.0,,,,,,,,,,,0.4,354.9256,337.3016,322.9913,311.8633,303.6802,298.0659,294.5384,292.5836,291.746,291.7117,292.3693,293.8433,296.4933,300.8801,307.6986,317.688,331.541,349.8458,373.1031,401.8604,328.0,471.0,759.9513,77.76110000000006,551.1957,18.7294
2995,2995,2995.0,2995.0,2995.0,2995.0,2995.0,2995.0,2995.0,2995.0,2995.0,2995.0,2995.0,2995.0,2995.0,2995.0,2995.0,2995.0,2995.0,5.0,,,,,,,,,,,0.5,321.1359,315.4977,310.816,306.9065,303.6695,301.0831,299.1909,298.0885,297.9115,298.8281,301.0364,304.7654,310.2775,317.8712,327.8862,340.7143,356.8257,376.8239,401.5493,432.2667,472.0,472.0,837.7124,62.83929999999998,473.43459999999993,18.7294
2996,2996,2996.0,2996.0,2996.0,2996.0,2996.0,2996.0,2996.0,2996.0,2996.0,2996.0,2996.0,2996.0,2996.0,2996.0,2996.0,2996.0,2996.0,6.0,,,,,,,,,,,0.6,431.3408,398.956,373.0209,352.448,336.5058,324.6186,316.2753,311.0066,308.3975,308.1096,309.9001,313.6321,319.2754,326.9042,336.6986,348.9542,364.1098,382.8012,405.9575,434.9702,173.0,173.0,900.5517,61.738200000000006,410.5953,18.7294
2997,2997,2997.0,2997.0,2997.0,2997.0,2997.0,2997.0,2997.0,2997.0,2997.0,2997.0,2997.0,2997.0,2997.0,2997.0,2997.0,2997.0,2997.0,7.0,,,,,,,,,,,0.7,201.4243,227.2955,249.5946,267.7681,281.7579,291.9239,298.8985,303.4191,306.1709,307.6645,308.1537,307.5971,305.6617,301.7679,295.1762,285.114,270.9332,252.2815,229.2505,202.4546,359.0,463.0,962.2899,165.80899999999997,348.85709999999995,18.7294
2998,2998,2998.0,2998.0,2998.0,2998.0,2998.0,2998.0,2998.0,2998.0,2998.0,2998.0,2998.0,2998.0,2998.0,2998.0,2998.0,2998.0,2998.0,8.0,,,,,,,,,,,0.8,341.7208,327.2333,315.5314,306.5623,300.1455,295.9564,293.5671,292.5226,292.4304,293.042,294.3148,296.4453,299.8705,305.2332,313.3148,324.9441,340.9097,361.9141,388.6221,421.856,415.0,381.0,1128.0989,70.12210000000005,183.0481,18.7294
2999,2999,2999.0,2999.0,2999.0,2999.0,2999.0,2999.0,2999.0,2999.0,2999.0,2999.0,2999.0,2999.0,2999.0,2999.0,2999.0,2999.0,2999.0,9.0,,,,,,,,,,,0.9,388.1902,366.2711,348.3733,333.932,322.54,313.8643,307.6066,303.4904,301.2635,300.7035,301.6215,303.8612,307.2977,311.8376,317.427,324.0697,331.8535,340.9841,351.8191,364.9021,473.0,472.0,1198.221,112.92599999999992,112.92599999999992,18.7294
3000,3000,3000.0,3000.0,3000.0,3000.0,3000.0,3000.0,3000.0,3000.0,3000.0,3000.0,3000.0,3000.0,3000.0,3000.0,3000.0,3000.0,0.0,,,,,,,,,,,,0.0,273.0,273.0,273.0,273.0,273.0,273.0,273.0,273.0,273.0,273.0,273.0,273.0,273.0,273.0,273.0,273.0,273.0,273.0,273.0,273.0,433.0,406.0,0.0,363.6574,1017.8283,12.336900000000014
3001,3001,3001.0,3001.0,3001.0,3001.0,3001.0,3001.0,3001.0,3001.0,3001.0,3001.0,3001.0,3001.0,3001.0,3001.0,3001.0,3001.0,1.0,,,,,,,,,,,,0.1,398.3216,369.6085,345.8984,326.6199,311.3391,299.6291,291.029,285.0634,281.2921,279.3659,279.0712,280.3541,283.3208,288.2135,295.3689,305.1635,317.9639,334.0975,353.8694,377.6421,412.0,473.0,363.6574,150.3145,654.1709000000001,12.336900000000014
3002,3002,3002.0,3002.0,3002.0,3002.0,3002.0,3002.0,3002.0,3002.0,3002.0,3002.0,3002.0,3002.0,3002.0,3002.0,3002.0,3002.0,2.0,,,,,,,,,,,,0.2,387.0139,366.5764,349.6784,335.6527,324.0621,314.6291,307.1892,301.66,298.0223,296.311,296.6122,299.0644,303.8589,311.24,321.503,334.9979,352.1473,373.4964,399.8197,432.3217,315.0,472.0,513.9719,50.95330000000001,503.8564,12.336900000000014
3003,3003,3003.0,3003.0,3003.0,3003.0,3003.0,3003.0,3003.0,3003.0,3003.0,3003.0,3003.0,3003.0,3003.0,3003.0,3003.0,3003.0,3.0,,,,,,,,,,,,0.3,313.0483,311.7451,310.707,309.6827,308.5716,307.4183,306.3861,305.7193,305.7044,306.6378,308.8052,312.473,317.8921,325.3128,335.0072,347.3046,362.6385,381.6185,405.1382,434.5542,457.0,471.0,564.9252,55.07409999999993,452.9031,12.336900000000014
3004,3004,3004.0,3004.0,3004.0,3004.0,3004.0,3004.0,3004.0,3004.0,3004.0,3004.0,3004.0,3004.0,3004.0,3004.0,3004.0,3004.0,4.0,,,,,,,,,,,,0.4,420.5541,391.4462,368.1738,349.8122,335.7113,325.3369,318.203,313.8616,311.919,312.06,314.0659,317.8225,323.3209,330.6552,340.0238,351.7411,366.2651,384.2508,406.6437,434.8434,174.0,472.0,619.9993,49.75720000000001,397.82900000000006,12.336900000000014
3005,3005,3005.0,3005.0,3005.0,3005.0,3005.0,3005.0,3005.0,3005.0,3005.0,3005.0,3005.0,3005.0,3005.0,3005.0,3005.0,3005.0,5.0,,,,,,,,,,,,0.5,202.1299,227.7667,249.936,268.1153,282.2671,292.7725,300.3048,305.6859,309.7616,313.3126,317.0088,321.4006,326.9381,334.0087,342.9841,354.273,368.3823,385.9922,408.064,436.011,172.0,473.0,669.7565,89.21980000000008,348.07180000000005,12.336900000000014
3006,3006,3006.0,3006.0,3006.0,3006.0,3006.0,3006.0,3006.0,3006.0,3006.0,3006.0,3006.0,3006.0,3006.0,3006.0,3006.0,3006.0,6.0,,,,,,,,,,,,0.6,192.2015,210.9034,227.8998,243.0779,256.4291,268.0482,278.1219,286.9113,294.7325,301.9382,308.9035,316.017,323.6793,332.3089,342.3566,354.3327,368.8474,386.6763,408.8632,436.8933,472.0,472.0,758.9763,99.20159999999998,258.852,12.336900000000014
3007,3007,3007.0,3007.0,3007.0,3007.0,3007.0,3007.0,3007.0,3007.0,3007.0,3007.0,3007.0,3007.0,3007.0,3007.0,3007.0,3007.0,7.0,,,,,,,,,,,,0.7,426.4404,389.4969,359.8024,336.6703,319.5987,308.0211,301.2333,298.4321,298.808,301.6403,306.3679,312.6244,320.2428,329.2436,339.8179,352.3194,367.2756,385.4271,407.8115,435.9215,409.0,471.0,858.1779,57.51699999999994,159.6504,12.336900000000014
3008,3008,3008.0,3008.0,3008.0,3008.0,3008.0,3008.0,3008.0,3008.0,3008.0,3008.0,3008.0,3008.0,3008.0,3008.0,3008.0,3008.0,8.0,,,,,,,,,,,,0.8,386.3677,368.1486,353.3695,341.3844,331.778,324.2966,318.7935,315.1859,313.4235,313.4707,315.3028,318.9127,324.3273,331.6286,340.9807,352.6602,367.0984,384.9392,407.1332,435.0965,174.0,473.0,915.6949,44.28110000000004,102.13340000000004,12.336900000000014
3009,3009,3009.0,3009.0,3009.0,3009.0,3009.0,3009.0,3009.0,3009.0,3009.0,3009.0,3009.0,3009.0,3009.0,3009.0,3009.0,3009.0,9.0,,,,,,,,,,,,0.9,201.2928,226.2131,247.8762,265.803,279.9516,290.6611,298.541,304.3439,308.8532,312.8031,316.8349,321.4876,327.2134,334.4112,343.4685,354.8118,368.9651,386.6251,408.7694,436.8302,222.0,348.0,959.976,57.852300000000014,57.852300000000014,12.336900000000014
3010,3010,3010.0,3010.0,3010.0,3010.0,3010.0,3010.0,3010.0,3010.0,3010.0,3010.0,3010.0,3010.0,3010.0,3010.0,3010.0,3010.0,0.0,,,,,,,,,,,,0.0,273.0,273.0,273.0,273.0,273.0,273.0,273.0,273.0,273.0,273.0,273.0,273.0,273.0,273.0,273.0,273.0,273.0,273.0,273.0,273.0,430.0,405.0,0.0,363.9366,1034.8543,12.045200000000024
3011,3011,3011.0,3011.0,3011.0,3011.0,3011.0,3011.0,3011.0,3011.0,3011.0,3011.0,3011.0,3011.0,3011.0,3011.0,3011.0,3011.0,1.0,,,,,,,,,,,,0.1,396.0346,367.8721,344.5977,325.6653,310.6564,299.1547,290.7089,284.8528,281.1546,279.2728,278.9996,280.2852,283.2374,288.0988,295.2048,304.9302,317.639,333.6558,353.2814,376.872,415.0,473.0,363.9366,151.63710000000003,670.9177,12.045200000000024
3012,3012,3012.0,3012.0,3012.0,3012.0,3012.0,3012.0,3012.0,3012.0,3012.0,3012.0,3012.0,3012.0,3012.0,3012.0,3012.0,3012.0,2.0,,,,,,,,,,,,0.2,389.2214,368.1512,350.7484,336.3278,324.4392,314.7923,307.2082,301.5894,297.9019,296.1671,296.4609,298.914,303.7136,311.102,321.3745,334.882,352.0478,373.4176,399.7653,432.294,316.0,473.0,515.5737,51.95349999999996,519.2805999999999,12.045200000000024
3013,3013,3013.0,3013.0,3013.0,3013.0,3013.0,3013.0,3013.0,3013.0,3013.0,3013.0,3013.0,3013.0,3013.0,3013.0,3013.0,3013.0,3.0,,,,,,,,,,,,0.3,313.8914,312.4553,311.3013,310.173,308.9671,307.7272,306.617,305.8821,305.8107,306.7009,308.8398,312.4951,317.9191,325.3634,335.1019,347.4657,362.8913,381.9916,405.6668,435.2846,454.0,473.0,567.5272,54.66549999999995,467.3271,12.045200000000024
3014,3014,3014.0,3014.0,3014.0,3014.0,3014.0,3014.0,3014.0,3014.0,3014.0,3014.0,3014.0,3014.0,3014.0,3014.0,3014.0,3014.0,4.0,,,,,,,,,,,,0.4,418.3417,389.834,367.0297,349.0332,335.212,325.0452,318.0596,313.82,311.9461,312.1351,314.1796,317.9757,323.5233,330.9241,340.3836,352.2233,366.9092,385.1064,407.7758,436.342,171.0,473.0,622.1927,49.43290000000002,412.6616,12.045200000000024
3015,3015,3015.0,3015.0,3015.0,3015.0,3015.0,3015.0,3015.0,3015.0,3015.0,3015.0,3015.0,3015.0,3015.0,3015.0,3015.0,3015.0,5.0,,,,,,,,,,,,0.5,199.6247,225.7242,248.3112,266.8553,281.3161,292.0773,299.8177,305.3666,309.5777,313.2392,317.0275,321.4984,327.1066,334.2431,343.2828,354.6383,368.8208,386.5175,408.6995,436.7962,171.0,473.0,671.6256,92.64230000000008,363.2287,12.045200000000024
3016,3016,3016.0,3016.0,3016.0,3016.0,3016.0,3016.0,3016.0,3016.0,3016.0,3016.0,3016.0,3016.0,3016.0,3016.0,3016.0,3016.0,6.0,,,,,,,,,,,,0.6,191.2525,210.0078,227.0657,242.3165,255.752,267.4649,277.6378,286.5276,294.4457,301.7413,308.7865,315.968,323.6851,332.3554,342.4296,354.4183,368.9327,386.7501,408.9169,436.9213,473.0,471.0,764.2679,101.13299999999992,270.5863999999999,12.045200000000024
3017,3017,3017.0,3017.0,3017.0,3017.0,3017.0,3017.0,3017.0,3017.0,3017.0,3017.0,3017.0,3017.0,3017.0,3017.0,3017.0,3017.0,7.0,,,,,,,,,,,,0.7,427.1245,389.932,360.0378,336.7488,319.5606,307.9038,301.0697,298.2493,298.6254,301.4697,306.2135,312.4836,320.1073,329.0996,339.6471,352.0995,366.9801,385.025,407.2654,435.1829,414.0,473.0,865.4009,59.77949999999999,169.4534,12.045200000000024
3018,3018,3018.0,3018.0,3018.0,3018.0,3018.0,3018.0,3018.0,3018.0,3018.0,3018.0,3018.0,3018.0,3018.0,3018.0,3018.0,3018.0,8.0,,,,,,,,,,,,0.8,390.1756,371.0192,355.4951,342.9195,332.8511,325.016,319.2497,315.4532,313.5617,313.5278,315.3175,318.9186,324.3556,331.712,341.1553,352.9681,367.5889,385.6711,408.1788,436.5508,172.0,472.0,925.1804,45.69560000000001,109.6739,12.045200000000024
3019,3019,3019.0,3019.0,3019.0,3019.0,3019.0,3019.0,3019.0,3019.0,3019.0,3019.0,3019.0,3019.0,3019.0,3019.0,3019.0,3019.0,9.0,,,,,,,,,,,,0.9,199.8204,225.2229,247.296,265.5455,279.9272,290.7879,298.7518,304.5887,309.0987,313.0296,317.0323,321.6505,327.3374,334.4887,343.4868,354.7519,368.8011,386.3246,408.2927,436.1268,242.0,473.0,970.876,63.97829999999999,63.97829999999999,12.045200000000024
3020,3020,3020.0,3020.0,3020.0,3020.0,3020.0,3020.0,3020.0,3020.0,3020.0,3020.0,3020.0,3020.0,3020.0,3020.0,3020.0,3020.0,0.0,,,,,,,,,,,,0.0,273.0,273.0,273.0,273.0,273.0,273.0,273.0,273.0,273.0,273.0,273.0,273.0,273.0,273.0,273.0,273.0,273.0,273.0,273.0,273.0,430.0,406.0,0.0,363.674,1022.5116,12.8519
3021,3021,3021.0,3021.0,3021.0,3021.0,3021.0,3021.0,3021.0,3021.0,3021.0,3021.0,3021.0,3021.0,3021.0,3021.0,3021.0,3021.0,1.0,,,,,,,,,,,,0.1,396.0346,367.8722,344.5978,325.6656,310.657,299.1559,290.7113,284.8574,281.1631,279.288,279.0259,280.3288,283.307,288.2064,295.3653,305.1618,317.963,334.0972,353.8692,377.6421,415.0,473.0,363.674,150.83929999999998,658.8376000000001,12.8519
3022,3022,3022.0,3022.0,3022.0,3022.0,3022.0,3022.0,3022.0,3022.0,3022.0,3022.0,3022.0,3022.0,3022.0,3022.0,3022.0,3022.0,2.0,,,,,,,,,,,,0.2,389.2223,368.1532,350.7519,336.3335,324.448,314.8053,307.227,301.6156,297.9372,296.2133,296.5189,298.9842,303.7948,311.1916,321.4682,334.974,352.1315,373.4865,399.8141,432.3192,315.0,473.0,514.5133,51.666900000000055,507.9983000000001,12.8519
3023,3023,3023.0,3023.0,3023.0,3023.0,3023.0,3023.0,3023.0,3023.0,3023.0,3023.0,3023.0,3023.0,3023.0,3023.0,3023.0,3023.0,3.0,,,,,,,,,,,,0.3,313.1064,311.8543,310.8545,309.8521,308.7464,307.5837,306.5313,305.8385,305.797,306.7079,308.8604,312.5243,317.953,325.3988,335.1364,347.4972,362.9181,382.0126,405.6811,435.2918,460.0,472.0,566.1802,56.53070000000002,456.3314,12.8519
3024,3024,3024.0,3024.0,3024.0,3024.0,3024.0,3024.0,3024.0,3024.0,3024.0,3024.0,3024.0,3024.0,3024.0,3024.0,3024.0,3024.0,4.0,,,,,,,,,,,,0.4,422.8168,393.1589,369.4637,350.7735,336.4188,325.8519,318.5765,314.1352,312.1262,312.2274,314.2146,317.9699,323.482,330.8438,340.254,352.0284,366.6276,384.7113,407.2326,435.6045,172.0,473.0,622.7109,51.30669999999998,399.8007,12.8519
3025,3025,3025.0,3025.0,3025.0,3025.0,3025.0,3025.0,3025.0,3025.0,3025.0,3025.0,3025.0,3025.0,3025.0,3025.0,3025.0,3025.0,5.0,,,,,,,,,,,,0.5,200.6057,226.6797,249.2262,267.7107,282.0932,292.761,300.3986,305.8418,309.9499,313.5159,317.2194,321.6182,327.1679,334.2596,343.2678,354.6043,368.7791,386.4776,408.6689,436.7798,173.0,471.0,674.0176,88.80669999999998,348.494,12.8519
3026,3026,3026.0,3026.0,3026.0,3026.0,3026.0,3026.0,3026.0,3026.0,3026.0,3026.0,3026.0,3026.0,3026.0,3026.0,3026.0,3026.0,6.0,,,,,,,,,,,,0.6,192.9796,211.4793,228.304,243.3473,256.602,268.1597,278.2005,286.9773,294.7974,302.0052,308.9679,316.067,323.6956,332.2649,342.2182,354.0577,368.3856,385.9674,407.8338,435.4473,473.0,472.0,762.8243,98.75700000000006,259.68730000000005,12.8519
3027,3027,3027.0,3027.0,3027.0,3027.0,3027.0,3027.0,3027.0,3027.0,3027.0,3027.0,3027.0,3027.0,3027.0,3027.0,3027.0,3027.0,7.0,,,,,,,,,,,,0.7,427.2174,390.1136,360.2963,337.0655,319.9118,308.2645,301.4168,298.5639,298.8943,301.6863,306.3778,312.6019,320.1925,329.1709,339.7299,352.225,367.1845,385.3489,407.7546,435.8917,406.0,471.0,861.5813,56.98419999999999,160.9303,12.8519
3028,3028,3028.0,3028.0,3028.0,3028.0,3028.0,3028.0,3028.0,3028.0,3028.0,3028.0,3028.0,3028.0,3028.0,3028.0,3028.0,3028.0,8.0,,,,,,,,,,,,0.8,384.1119,366.4837,352.1746,340.5582,331.2334,323.9587,318.6001,315.087,313.3814,313.4585,315.3027,318.9143,324.3253,331.6216,340.9692,352.6461,367.0839,384.9264,407.1238,435.0916,172.0,473.0,918.5655,43.86119999999994,103.9461,12.8519
3029,3029,3029.0,3029.0,3029.0,3029.0,3029.0,3029.0,3029.0,3029.0,3029.0,3029.0,3029.0,3029.0,3029.0,3029.0,3029.0,3029.0,9.0,,,,,,,,,,,,0.9,199.5882,224.7859,246.7029,264.8557,279.2004,290.0762,298.0939,304.0086,308.6068,312.6258,316.71,321.4013,327.155,334.3723,343.443,354.7952,368.9545,386.6185,408.7656,436.8284,222.0,348.0,962.4267,60.08490000000006,60.08490000000006,12.8519
3030,3030,3030.0,3030.0,3030.0,3030.0,3030.0,3030.0,3030.0,3030.0,3030.0,3030.0,3030.0,3030.0,3030.0,3030.0,3030.0,3030.0,0.0,,,,,,,,,,,,0.0,273.0,273.0,273.0,273.0,273.0,273.0,273.0,273.0,273.0,273.0,273.0,273.0,273.0,273.0,273.0,273.0,273.0,273.0,273.0,273.0,433.0,408.0,0.0,363.1374,991.5324,10.20920000000001
3031,3031,3031.0,3031.0,3031.0,3031.0,3031.0,3031.0,3031.0,3031.0,3031.0,3031.0,3031.0,3031.0,3031.0,3031.0,3031.0,3031.0,1.0,,,,,,,,,,,,0.1,398.3216,369.6086,345.8986,326.6204,311.3403,299.6315,291.0338,285.0726,281.3091,279.3963,279.1236,280.4411,283.46,288.4285,295.6894,305.6261,318.6113,334.9795,355.044,379.1813,407.0,472.0,363.1374,147.51619999999997,628.395,10.20920000000001
3032,3032,3032.0,3032.0,3032.0,3032.0,3032.0,3032.0,3032.0,3032.0,3032.0,3032.0,3032.0,3032.0,3032.0,3032.0,3032.0,3032.0,2.0,,,,,,,,,,,,0.2,383.198,363.6934,347.538,334.1012,322.9713,313.8914,306.7158,301.3799,297.8806,296.2662,296.6329,299.1249,303.936,311.3095,321.5378,334.9665,352.0143,373.2226,399.3615,431.6274,327.0,471.0,510.6536,51.29610000000002,480.87880000000007,10.20920000000001
3033,3033,3033.0,3033.0,3033.0,3033.0,3033.0,3033.0,3033.0,3033.0,3033.0,3033.0,3033.0,3033.0,3033.0,3033.0,3033.0,3033.0,3.0,,,,,,,,,,,,0.3,322.3436,318.7352,315.7828,313.2208,310.9221,308.8914,307.2425,306.1656,305.8942,306.6774,308.7614,312.3823,317.7695,325.1581,334.8109,347.0507,362.3067,381.1831,404.5667,433.802,433.0,472.0,561.9497,49.52229999999997,429.5827000000001,10.20920000000001
3034,3034,3034.0,3034.0,3034.0,3034.0,3034.0,3034.0,3034.0,3034.0,3034.0,3034.0,3034.0,3034.0,3034.0,3034.0,3034.0,3034.0,4.0,,,,,,,,,,,,0.4,402.7478,378.3961,358.84,343.3689,331.4658,322.7016,316.6907,313.0851,311.5886,311.9734,314.0939,317.8926,323.4017,330.743,340.1328,351.8967,366.4995,384.6012,407.1527,435.5627,187.0,471.0,611.472,42.20540000000005,380.0604000000001,10.20920000000001
3035,3035,3035.0,3035.0,3035.0,3035.0,3035.0,3035.0,3035.0,3035.0,3035.0,3035.0,3035.0,3035.0,3035.0,3035.0,3035.0,3035.0,5.0,,,,,,,,,,,,0.5,212.0368,234.846,254.5968,270.8465,283.5709,293.1094,300.0581,305.1471,309.1311,312.7123,316.499,320.9975,326.6295,333.7658,342.7693,354.0452,368.0989,385.6095,407.5354,435.2825,172.0,473.0,653.6774,84.7242,337.855,10.20920000000001
3036,3036,3036.0,3036.0,3036.0,3036.0,3036.0,3036.0,3036.0,3036.0,3036.0,3036.0,3036.0,3036.0,3036.0,3036.0,3036.0,3036.0,6.0,,,,,,,,,,,,0.6,192.4883,211.4362,228.6068,243.8711,257.2213,268.7664,278.7159,287.356,295.0255,302.0941,308.9471,315.977,323.584,332.1829,342.2201,354.201,368.7319,386.5847,408.8004,436.8615,472.0,473.0,738.4016,97.25389999999992,253.1308,10.20920000000001
3037,3037,3037.0,3037.0,3037.0,3037.0,3037.0,3037.0,3037.0,3037.0,3037.0,3037.0,3037.0,3037.0,3037.0,3037.0,3037.0,3037.0,7.0,,,,,,,,,,,,0.7,426.5046,389.6228,359.9831,336.8943,319.8509,308.2847,301.4921,298.6728,299.0215,301.8226,306.5205,312.7541,320.3617,329.3682,339.9687,352.5206,367.5549,385.8164,408.3487,436.6554,401.0,473.0,835.6555,55.35630000000003,155.8769000000001,10.20920000000001
3038,3038,3038.0,3038.0,3038.0,3038.0,3038.0,3038.0,3038.0,3038.0,3038.0,3038.0,3038.0,3038.0,3038.0,3038.0,3038.0,3038.0,8.0,,,,,,,,,,,,0.8,380.2848,363.5846,350.0161,338.9888,330.1267,323.2092,318.1205,314.808,313.2501,313.4376,315.3683,319.0547,324.5392,331.917,341.363,353.1638,367.7603,385.8082,408.2739,436.5993,175.0,473.0,891.0118,42.212800000000016,100.52060000000006,10.20920000000001
3039,3039,3039.0,3039.0,3039.0,3039.0,3039.0,3039.0,3039.0,3039.0,3039.0,3039.0,3039.0,3039.0,3039.0,3039.0,3039.0,3039.0,9.0,,,,,,,,,,,,0.9,201.8712,226.4125,247.7677,265.4732,279.4896,290.1473,298.0401,303.9024,308.4995,312.5499,316.6824,321.4271,327.2305,334.4877,343.5843,354.9464,369.0989,386.7409,408.8537,436.8743,224.0,353.0,933.2246,58.30780000000004,58.30780000000004,10.20920000000001
3040,3040,3040.0,3040.0,3040.0,3040.0,3040.0,3040.0,3040.0,3040.0,3040.0,3040.0,3040.0,3040.0,3040.0,3040.0,3040.0,3040.0,0.0,,,,,,,,,,,,0.0,273.0,273.0,273.0,273.0,273.0,273.0,273.0,273.0,273.0,273.0,273.0,273.0,273.0,273.0,273.0,273.0,273.0,273.0,273.0,273.0,432.0,404.0,0.0,364.1873,894.8657000000001,10.75150000000002
3041,3041,3041.0,3041.0,3041.0,3041.0,3041.0,3041.0,3041.0,3041.0,3041.0,3041.0,3041.0,3041.0,3041.0,3041.0,3041.0,3041.0,1.0,,,,,,,,,,,,0.1,397.5595,369.03,345.4649,326.3015,311.1107,299.469,290.9184,284.9855,281.232,279.3094,279.0036,280.2586,283.1768,287.996,295.0467,304.6997,317.3152,333.2143,352.6934,376.1018,415.0,472.0,364.1873,152.58869999999996,530.6784,10.75150000000002
3042,3042,3042.0,3042.0,3042.0,3042.0,3042.0,3042.0,3042.0,3042.0,3042.0,3042.0,3042.0,3042.0,3042.0,3042.0,3042.0,3042.0,2.0,,,,,,,,,,,,0.2,389.2729,368.2499,350.8856,336.4913,324.6146,314.965,307.3651,301.7196,297.997,296.2212,296.4695,298.8733,303.6199,310.9507,321.1594,334.5946,351.676,372.9442,399.1645,431.5259,318.0,473.0,516.776,52.82270000000005,378.0897,10.75150000000002
3043,3043,3043.0,3043.0,3043.0,3043.0,3043.0,3043.0,3043.0,3043.0,3043.0,3043.0,3043.0,3043.0,3043.0,3043.0,3043.0,3043.0,3.0,,,,,,,,,,,,0.3,315.4793,313.6929,312.2464,310.8795,309.4836,308.0954,306.8714,306.0497,305.9117,306.7499,308.8474,312.4694,317.8673,325.2924,335.0195,347.38,362.8106,381.9239,405.6182,435.2595,444.0,473.0,569.5987,51.59339999999997,325.26699999999994,10.75150000000002
3044,3044,3044.0,3044.0,3044.0,3044.0,3044.0,3044.0,3044.0,3044.0,3044.0,3044.0,3044.0,3044.0,3044.0,3044.0,3044.0,3044.0,4.0,,,,,,,,,,,,0.4,410.8733,384.2933,362.9905,346.1658,333.2454,323.7515,317.2495,313.3414,311.6821,312.0009,314.1176,317.9491,323.5109,330.915,340.3736,352.2117,366.8972,385.0956,407.7677,436.3378,173.0,472.0,621.1921,46.11410000000001,273.6736,10.75150000000002
3045,3045,3045.0,3045.0,3045.0,3045.0,3045.0,3045.0,3045.0,3045.0,3045.0,3045.0,3045.0,3045.0,3045.0,3045.0,3045.0,3045.0,5.0,,,,,,,,,,,,0.5,200.9662,226.4685,248.5585,266.727,280.9368,291.5591,299.2511,304.8163,309.0831,312.8182,316.6809,321.215,326.8674,334.0244,343.0581,354.3792,368.497,386.0956,408.1409,436.0517,237.0,471.0,667.3062,63.34590000000003,227.5595,10.75150000000002
3046,3046,3046.0,3046.0,3046.0,3046.0,3046.0,3046.0,3046.0,3046.0,3046.0,3046.0,3046.0,3046.0,3046.0,3046.0,3046.0,3046.0,6.0,,,,,,,,,,,,0.6,244.8297,252.189,259.2109,265.9871,272.5655,278.9632,285.1894,291.2708,297.2727,303.3123,309.5633,316.2547,323.6684,332.1384,342.0587,353.9011,368.2503,385.8625,407.7631,435.412,472.0,471.0,730.6521,63.25720000000001,164.21359999999993,10.75150000000002
3047,3047,3047.0,3047.0,3047.0,3047.0,3047.0,3047.0,3047.0,3047.0,3047.0,3047.0,3047.0,3047.0,3047.0,3047.0,3047.0,3047.0,7.0,,,,,,,,,,,,0.7,428.3807,393.255,365.0859,343.038,326.5274,314.9887,307.7933,304.2614,303.7221,305.5817,309.3772,314.8044,321.7262,330.1668,340.3042,352.4697,367.164,385.0998,407.2863,435.185,310.0,472.0,793.9093,41.57549999999992,100.95639999999992,10.75150000000002
3048,3048,3048.0,3048.0,3048.0,3048.0,3048.0,3048.0,3048.0,3048.0,3048.0,3048.0,3048.0,3048.0,3048.0,3048.0,3048.0,3048.0,8.0,,,,,,,,,,,,0.8,310.2197,310.8655,311.5079,311.8821,311.9098,311.6846,311.4287,311.437,312.0238,313.4835,316.0719,320.007,325.4866,332.7159,341.943,353.499,367.8475,385.6504,407.868,435.9234,348.0,473.0,835.4848,28.092300000000023,59.3809,10.75150000000002
3049,3049,3049.0,3049.0,3049.0,3049.0,3049.0,3049.0,3049.0,3049.0,3049.0,3049.0,3049.0,3049.0,3049.0,3049.0,3049.0,3049.0,9.0,,,,,,,,,,,,0.9,337.4216,328.8883,322.1578,317.0427,313.3868,311.0542,309.9305,309.9294,311.0016,313.1417,316.3935,320.8527,326.6705,334.0595,343.3061,354.7914,369.0276,386.7173,408.8513,436.8768,352.0,471.0,863.5771,31.28859999999997,31.28859999999997,10.75150000000002
3050,3050,3050.0,3050.0,3050.0,3050.0,3050.0,3050.0,3050.0,3050.0,3050.0,3050.0,3050.0,3050.0,3050.0,3050.0,3050.0,3050.0,0.0,,,,,,,,,,,,0.0,273.0,273.0,273.0,273.0,273.0,273.0,273.0,273.0,273.0,273.0,273.0,273.0,273.0,273.0,273.0,273.0,273.0,273.0,273.0,273.0,432.0,405.0,0.0,363.923,1008.3851,11.084099999999978
3051,3051,3051.0,3051.0,3051.0,3051.0,3051.0,3051.0,3051.0,3051.0,3051.0,3051.0,3051.0,3051.0,3051.0,3051.0,3051.0,3051.0,1.0,,,,,,,,,,,,0.1,397.5596,369.03,345.4651,326.3017,311.1113,299.4703,290.9208,284.9901,281.2406,279.3247,279.0298,280.3021,283.2465,288.1036,295.2072,304.9314,317.6395,333.656,353.2815,376.8721,413.0,472.0,363.923,151.2849,644.4621,11.084099999999978
3052,3052,3052.0,3052.0,3052.0,3052.0,3052.0,3052.0,3052.0,3052.0,3052.0,3052.0,3052.0,3052.0,3052.0,3052.0,3052.0,3052.0,2.0,,,,,,,,,,,,0.2,387.7494,367.1002,350.0329,335.8739,324.1816,314.6739,307.181,301.6149,297.9508,296.2184,296.4991,298.9277,303.6927,311.036,321.251,334.6856,351.7594,373.0131,399.2134,431.5512,319.0,473.0,515.2079,52.28129999999999,493.1772,11.084099999999978
3053,3053,3053.0,3053.0,3053.0,3053.0,3053.0,3053.0,3053.0,3053.0,3053.0,3053.0,3053.0,3053.0,3053.0,3053.0,3053.0,3053.0,3.0,,,,,,,,,,,,0.3,316.212,314.1958,312.5602,311.0464,309.5441,308.0865,306.8235,305.9864,305.8494,306.6985,308.8115,312.4498,317.8621,325.2984,335.0329,347.397,362.828,381.9389,405.6292,435.2651,446.0,473.0,567.4892,52.42370000000005,440.8959,11.084099999999978
3054,3054,3054.0,3054.0,3054.0,3054.0,3054.0,3054.0,3054.0,3054.0,3054.0,3054.0,3054.0,3054.0,3054.0,3054.0,3054.0,3054.0,4.0,,,,,,,,,,,,0.4,412.3934,385.45,363.8635,346.8143,333.7164,324.0841,317.4766,313.4903,311.7751,312.0558,314.1475,317.9639,323.5172,330.9171,340.374,352.2118,366.8973,385.096,407.7681,436.338,174.0,473.0,619.9129,46.89779999999996,388.47219999999993,11.084099999999978
3055,3055,3055.0,3055.0,3055.0,3055.0,3055.0,3055.0,3055.0,3055.0,3055.0,3055.0,3055.0,3055.0,3055.0,3055.0,3055.0,3055.0,5.0,,,,,,,,,,,,0.5,201.8409,227.2246,249.2039,267.2708,281.3888,291.9296,299.5506,305.0557,309.2732,312.9702,316.8067,321.3273,326.9803,334.1538,343.2219,354.5982,368.7954,386.502,408.6908,436.7923,178.0,471.0,666.8107,88.12699999999995,341.5744,11.084099999999978
3056,3056,3056.0,3056.0,3056.0,3056.0,3056.0,3056.0,3056.0,3056.0,3056.0,3056.0,3056.0,3056.0,3056.0,3056.0,3056.0,3056.0,6.0,,,,,,,,,,,,0.6,197.0041,214.5951,230.6098,244.9625,257.6552,268.7773,278.4983,287.0548,294.7352,301.865,308.7941,315.8894,323.5325,332.1256,342.1062,353.9723,368.3239,385.9257,407.8084,435.4354,472.0,472.0,754.9377,95.8456000000001,253.4474,11.084099999999978
3057,3057,3057.0,3057.0,3057.0,3057.0,3057.0,3057.0,3057.0,3057.0,3057.0,3057.0,3057.0,3057.0,3057.0,3057.0,3057.0,3057.0,7.0,,,,,,,,,,,,0.7,426.5972,389.7989,360.2229,337.1699,320.1311,308.5409,301.7021,298.8232,299.1069,301.8439,306.4816,312.6595,320.2143,329.1681,339.7124,352.201,367.16,385.328,407.7397,435.8841,403.0,473.0,850.7833,56.58259999999996,157.6017999999999,11.084099999999978
3058,3058,3058.0,3058.0,3058.0,3058.0,3058.0,3058.0,3058.0,3058.0,3058.0,3058.0,3058.0,3058.0,3058.0,3058.0,3058.0,3058.0,8.0,,,,,,,,,,,,0.8,381.8323,364.7761,350.9248,339.6727,330.6327,323.5754,318.3773,314.9788,313.3528,313.4853,315.3715,319.0218,324.4781,331.836,341.2705,353.0689,367.672,385.7346,408.2215,436.5721,173.0,472.0,907.3659,42.846,101.01919999999996,11.084099999999978
3059,3059,3059.0,3059.0,3059.0,3059.0,3059.0,3059.0,3059.0,3059.0,3059.0,3059.0,3059.0,3059.0,3059.0,3059.0,3059.0,3059.0,9.0,,,,,,,,,,,,0.9,200.3152,225.2648,246.9735,264.9663,279.2007,290.0118,298.0028,303.9193,308.5381,312.5873,316.7031,321.4204,327.1876,334.3998,343.4408,354.7336,368.7986,386.3292,408.2985,436.1305,227.0,357.0,950.2119,58.17319999999995,58.17319999999995,11.084099999999978
3060,3060,3060.0,3060.0,3060.0,3060.0,3060.0,3060.0,3060.0,3060.0,3060.0,3060.0,3060.0,3060.0,3060.0,3060.0,3060.0,0.0,,,,,,,,,,,,,0.0,273.0,273.0,273.0,273.0,273.0,273.0,273.0,273.0,273.0,273.0,273.0,273.0,273.0,273.0,273.0,273.0,273.0,273.0,273.0,273.0,403.0,471.0,0.0,351.4129,986.8458,13.988400000000013
3061,3061,3061.0,3061.0,3061.0,3061.0,3061.0,3061.0,3061.0,3061.0,3061.0,3061.0,3061.0,3061.0,3061.0,3061.0,3061.0,1.0,,,,,,,,,,,,,0.1,375.3319,352.1069,332.7771,317.0013,304.4904,294.9326,287.9807,283.2843,280.5426,279.5609,280.2963,282.8824,287.6287,294.9939,305.5353,319.8489,338.521,362.1267,391.3173,427.0461,313.0,473.0,351.4129,95.7271,635.4329,13.988400000000013
3062,3062,3062.0,3062.0,3062.0,3062.0,3062.0,3062.0,3062.0,3062.0,3062.0,3062.0,3062.0,3062.0,3062.0,3062.0,3062.0,2.0,,,,,,,,,,,,,0.2,309.3263,306.3288,303.7077,301.2786,298.9885,296.9089,295.2123,294.1394,293.9653,294.9724,297.4336,301.6059,307.7342,316.0625,326.8537,340.4203,357.17,377.6774,402.7987,433.8617,353.0,472.0,447.14,38.882000000000005,539.7058000000001,13.988400000000013
3063,3063,3063.0,3063.0,3063.0,3063.0,3063.0,3063.0,3063.0,3063.0,3063.0,3063.0,3063.0,3063.0,3063.0,3063.0,3063.0,3.0,,,,,,,,,,,,,0.3,339.8049,328.8579,319.9209,312.825,307.4372,303.6433,301.3462,300.4705,300.9709,302.8397,306.1114,310.8657,317.23,325.3855,335.5789,348.1449,363.5447,382.4279,405.7343,434.867,470.0,283.0,486.022,54.60319999999996,500.82380000000006,13.988400000000013
3064,3064,3064.0,3064.0,3064.0,3064.0,3064.0,3064.0,3064.0,3064.0,3064.0,3064.0,3064.0,3064.0,3064.0,3064.0,3064.0,4.0,,,,,,,,,,,,,0.4,430.4557,399.0335,373.9177,354.0093,338.5629,326.9884,318.7521,313.3355,310.2253,308.912,308.8875,309.6398,310.6496,311.3963,311.3822,310.1759,307.4723,303.1558,297.3495,290.4311,174.0,471.0,540.6252,99.6993,446.2206000000001,13.988400000000013
3065,3065,3065.0,3065.0,3065.0,3065.0,3065.0,3065.0,3065.0,3065.0,3065.0,3065.0,3065.0,3065.0,3065.0,3065.0,3065.0,5.0,,,,,,,,,,,,,0.5,202.3344,228.0977,250.2462,268.1998,281.8756,291.6193,298.0773,302.0573,304.4112,305.9607,307.4665,309.6333,313.131,318.6178,326.7512,338.1857,353.571,373.576,398.9771,430.8596,268.0,473.0,640.3245,68.12920000000008,346.5213000000001,13.988400000000013
3066,3066,3066.0,3066.0,3066.0,3066.0,3066.0,3066.0,3066.0,3066.0,3066.0,3066.0,3066.0,3066.0,3066.0,3066.0,3066.0,6.0,,,,,,,,,,,,,0.6,269.6306,271.3921,273.4731,275.9869,278.9648,282.3739,286.1516,290.2462,294.6528,299.4367,304.7425,310.7913,317.8714,326.3288,336.5647,349.0452,364.3323,383.1424,406.4521,435.6783,473.0,473.0,708.4537,59.86289999999997,278.3921,13.988400000000013
3067,3067,3067.0,3067.0,3067.0,3067.0,3067.0,3067.0,3067.0,3067.0,3067.0,3067.0,3067.0,3067.0,3067.0,3067.0,3067.0,7.0,,,,,,,,,,,,,0.7,429.7997,395.0879,367.2222,345.2887,328.6644,316.7898,309.0795,304.9222,303.7247,304.967,308.2458,313.2992,320.0141,328.4223,338.697,351.1557,366.2813,384.7684,407.6135,436.2798,174.0,473.0,768.3166,39.73009999999999,218.5292000000001,13.988400000000013
3068,3068,3068.0,3068.0,3068.0,3068.0,3068.0,3068.0,3068.0,3068.0,3068.0,3068.0,3068.0,3068.0,3068.0,3068.0,3068.0,8.0,,,,,,,,,,,,,0.8,201.5196,226.5614,248.1661,265.828,279.5292,289.6722,296.9509,302.203,306.2816,309.9643,313.9073,318.6383,324.5798,332.0903,341.5155,353.2446,367.773,385.7796,408.2349,436.5736,193.0,472.0,808.0467,88.98990000000003,178.79910000000007,13.988400000000013
3069,3069,3069.0,3069.0,3069.0,3069.0,3069.0,3069.0,3069.0,3069.0,3069.0,3069.0,3069.0,3069.0,3069.0,3069.0,3069.0,9.0,,,,,,,,,,,,,0.9,208.9553,223.7155,237.2114,249.4177,260.3598,270.1171,278.8242,286.6684,293.8837,300.7434,307.5521,314.6397,322.3593,331.0921,341.2601,353.3511,367.9582,385.8436,408.0399,436.0201,471.0,473.0,897.0366,89.80920000000003,89.80920000000003,13.988400000000013
3070,3070,3070.0,3070.0,3070.0,3070.0,3070.0,3070.0,3070.0,3070.0,3070.0,3070.0,3070.0,3070.0,3070.0,3070.0,3070.0,0.0,,,,,,,,,,,,,0.0,273.0,273.0,273.0,273.0,273.0,273.0,273.0,273.0,273.0,273.0,273.0,273.0,273.0,273.0,273.0,273.0,273.0,273.0,273.0,273.0,470.0,374.0,0.0,374.5295,1039.251,13.427999999999995
3071,3071,3071.0,3071.0,3071.0,3071.0,3071.0,3071.0,3071.0,3071.0,3071.0,3071.0,3071.0,3071.0,3071.0,3071.0,3071.0,1.0,,,,,,,,,,,,,0.1,426.2957,390.7516,361.7021,338.2044,319.6111,305.3467,294.8207,287.4273,282.5914,279.8261,278.7799,279.2618,281.2417,284.8285,290.2292,297.6995,307.4943,319.8334,334.8968,352.8635,472.0,473.0,374.5295,204.74940000000004,664.7215,13.427999999999995
3072,3072,3072.0,3072.0,3072.0,3072.0,3072.0,3072.0,3072.0,3072.0,3072.0,3072.0,3072.0,3072.0,3072.0,3072.0,3072.0,2.0,,,,,,,,,,,,,0.2,433.0738,402.1531,377.1256,356.6767,339.9626,326.428,315.7002,307.5297,301.7605,298.3175,297.2055,298.5111,302.402,309.1225,318.9816,332.3442,349.6351,371.3783,398.2997,431.5331,360.0,273.0,579.2789,101.42409999999995,459.9721,13.427999999999995
3073,3073,3073.0,3073.0,3073.0,3073.0,3073.0,3073.0,3073.0,3073.0,3073.0,3073.0,3073.0,3073.0,3073.0,3073.0,3073.0,3.0,,,,,,,,,,,,,0.3,349.9967,342.0639,335.5211,329.8848,324.8665,320.35,316.349,312.9517,310.2589,308.3278,307.1255,306.5006,306.176,305.7666,304.8235,302.9012,299.6411,294.8534,288.5808,281.1219,173.0,472.0,680.703,105.9823,358.548,13.427999999999995
3074,3074,3074.0,3074.0,3074.0,3074.0,3074.0,3074.0,3074.0,3074.0,3074.0,3074.0,3074.0,3074.0,3074.0,3074.0,3074.0,4.0,,,,,,,,,,,,,0.4,199.0462,222.8127,243.4756,260.5603,273.9712,283.9495,290.9847,295.7157,298.8475,301.0975,303.1728,305.7729,309.6007,315.3707,323.8043,335.6126,351.4836,372.1007,398.2327,430.9447,351.0,449.0,786.6853,74.12890000000004,252.5657,13.427999999999995
3075,3075,3075.0,3075.0,3075.0,3075.0,3075.0,3075.0,3075.0,3075.0,3075.0,3075.0,3075.0,3075.0,3075.0,3075.0,3075.0,5.0,,,,,,,,,,,,,0.5,334.7027,320.9685,309.9119,301.5914,295.9368,292.7356,291.6697,292.3796,294.5328,297.8776,302.2729,307.6939,314.2223,322.0315,331.375,342.588,356.1072,372.5138,392.6086,417.5366,373.0,473.0,860.8142,35.78480000000002,178.43679999999995,13.427999999999995
3076,3076,3076.0,3076.0,3076.0,3076.0,3076.0,3076.0,3076.0,3076.0,3076.0,3076.0,3076.0,3076.0,3076.0,3076.0,3076.0,6.0,,,,,,,,,,,,,0.6,355.6446,341.2982,329.576,320.2204,313.0397,307.8729,304.5739,303.0089,303.0641,304.6575,307.7518,312.3664,318.5887,326.583,336.602,349.0026,364.2752,383.0959,406.4221,435.664,228.0,472.0,896.599,26.19469999999989,142.65199999999993,13.427999999999995
3077,3077,3077.0,3077.0,3077.0,3077.0,3077.0,3077.0,3077.0,3077.0,3077.0,3077.0,3077.0,3077.0,3077.0,3077.0,3077.0,7.0,,,,,,,,,,,,,0.7,242.6844,256.066,267.7241,277.4453,285.2464,291.352,296.1396,300.073,303.6395,307.3037,311.4832,316.5439,322.8133,330.6048,340.2509,352.1442,366.7882,384.8676,407.3525,435.6687,277.0,447.0,922.7937,39.16190000000006,116.45730000000005,13.427999999999995
3078,3078,3078.0,3078.0,3078.0,3078.0,3078.0,3078.0,3078.0,3078.0,3078.0,3078.0,3078.0,3078.0,3078.0,3078.0,3078.0,8.0,,,,,,,,,,,,,0.8,277.9211,279.0671,280.5544,282.4615,284.8247,287.6457,290.9079,294.5965,298.7159,303.3022,308.4288,314.2092,320.7976,328.3936,337.2537,347.7121,360.2143,375.3653,394.0024,417.3077,420.0,472.0,961.9556,42.16719999999998,77.29539999999997,13.427999999999995
3079,3079,3079.0,3079.0,3079.0,3079.0,3079.0,3079.0,3079.0,3079.0,3079.0,3079.0,3079.0,3079.0,3079.0,3079.0,3079.0,9.0,,,,,,,,,,,,,0.9,390.352,366.0713,346.4397,331.0202,319.4614,311.3971,306.4185,304.0931,304.0072,305.8105,309.251,314.1956,320.6375,328.6955,338.6119,350.7562,365.6434,383.9778,406.7412,435.3578,171.0,473.0,1004.1228,35.12819999999999,35.12819999999999,13.427999999999995
3080,3080,3080.0,3080.0,3080.0,3080.0,3080.0,3080.0,3080.0,3080.0,3080.0,3080.0,3080.0,3080.0,3080.0,3080.0,3080.0,0.0,,,,,,,,,,,,,0.0,273.0,273.0,273.0,273.0,273.0,273.0,273.0,273.0,273.0,273.0,273.0,273.0,273.0,273.0,273.0,273.0,273.0,273.0,273.0,273.0,473.0,374.0,0.0,374.8072,1076.2934,13.687099999999988
3081,3081,3081.0,3081.0,3081.0,3081.0,3081.0,3081.0,3081.0,3081.0,3081.0,3081.0,3081.0,3081.0,3081.0,3081.0,3081.0,1.0,,,,,,,,,,,,,0.1,428.5446,392.4436,362.9645,339.1298,320.2732,305.8069,295.1303,287.6286,282.7176,279.9025,278.8244,279.2868,281.2553,284.8355,290.2327,297.7012,307.4951,319.8338,334.897,352.8635,472.0,473.0,374.8072,205.66090000000003,701.4862,13.687099999999988
3082,3082,3082.0,3082.0,3082.0,3082.0,3082.0,3082.0,3082.0,3082.0,3082.0,3082.0,3082.0,3082.0,3082.0,3082.0,3082.0,2.0,,,,,,,,,,,,,0.2,433.1431,402.2876,377.3155,356.9072,340.2163,326.6871,315.9488,307.7558,301.9566,298.4803,297.3355,298.611,302.4763,309.1758,319.0187,332.3692,349.6513,371.3883,398.3054,431.5357,362.0,272.0,580.4681,102.79459999999996,495.8253,13.687099999999988
3083,3083,3083.0,3083.0,3083.0,3083.0,3083.0,3083.0,3083.0,3083.0,3083.0,3083.0,3083.0,3083.0,3083.0,3083.0,3083.0,3.0,,,,,,,,,,,,,0.3,351.5671,343.2845,336.4592,330.5987,325.4059,320.7565,316.656,313.1845,310.4355,308.4594,307.2174,306.5529,306.184,305.7208,304.7099,302.7015,299.3329,294.4116,287.9787,280.333,173.0,471.0,683.2627,106.50789999999996,393.0307,13.687099999999988
3084,3084,3084.0,3084.0,3084.0,3084.0,3084.0,3084.0,3084.0,3084.0,3084.0,3084.0,3084.0,3084.0,3084.0,3084.0,3084.0,4.0,,,,,,,,,,,,,0.4,199.1204,222.953,243.6675,260.7856,274.2109,284.1861,291.2032,295.9046,298.9983,301.2038,303.2299,305.7763,309.5458,315.2522,323.6154,335.3448,351.1253,371.6355,397.6361,430.1781,341.0,449.0,789.7706,75.31690000000003,286.5228000000001,13.687099999999988
3085,3085,3085.0,3085.0,3085.0,3085.0,3085.0,3085.0,3085.0,3085.0,3085.0,3085.0,3085.0,3085.0,3085.0,3085.0,3085.0,5.0,,,,,,,,,,,,,0.5,326.8612,314.935,305.3822,298.2896,293.6097,291.1555,290.6386,291.7332,294.1415,297.6445,302.1295,307.595,314.1408,321.9535,331.2958,342.5091,356.0335,372.4515,392.5635,417.513,386.0,472.0,865.0875,38.45830000000001,211.20590000000004,13.687099999999988
3086,3086,3086.0,3086.0,3086.0,3086.0,3086.0,3086.0,3086.0,3086.0,3086.0,3086.0,3086.0,3086.0,3086.0,3086.0,3086.0,6.0,,,,,,,,,,,,,0.6,365.4154,348.422,334.5521,323.4981,315.0264,308.928,304.9994,303.0438,302.8843,304.3815,307.4506,312.075,318.3163,326.3223,336.3352,348.7057,363.9199,382.6499,405.8472,434.9113,231.0,473.0,903.5458,26.38210000000004,172.74760000000003,13.687099999999988
3087,3087,3087.0,3087.0,3087.0,3087.0,3087.0,3087.0,3087.0,3087.0,3087.0,3087.0,3087.0,3087.0,3087.0,3087.0,3087.0,7.0,,,,,,,,,,,,,0.7,245.4101,258.5347,269.9363,279.3919,286.9169,292.7411,297.2521,300.9254,304.2588,307.7256,311.7481,316.6947,322.8926,330.654,340.3099,352.2517,366.9826,385.1882,407.842,436.3784,236.0,472.0,929.9279,50.7156,146.3655,13.687099999999988
3088,3088,3088.0,3088.0,3088.0,3088.0,3088.0,3088.0,3088.0,3088.0,3088.0,3088.0,3088.0,3088.0,3088.0,3088.0,3088.0,8.0,,,,,,,,,,,,,0.8,245.1815,253.6965,261.5371,268.72,275.2921,281.3344,286.9627,292.3262,297.605,303.0062,308.7615,315.1264,322.3833,330.8493,340.8919,352.9546,367.5961,385.5531,407.8405,435.9197,472.0,438.0,980.6435,55.12180000000001,95.6499,13.687099999999988
3089,3089,3089.0,3089.0,3089.0,3089.0,3089.0,3089.0,3089.0,3089.0,3089.0,3089.0,3089.0,3089.0,3089.0,3089.0,3089.0,9.0,,,,,,,,,,,,,0.9,428.5586,393.6004,365.5721,343.6216,327.1514,315.5875,308.2969,304.5974,303.813,305.3368,308.6785,313.4887,319.5637,326.8397,335.3869,345.412,357.2721,371.5071,388.8928,410.5302,172.0,471.0,1035.7653,40.5281,40.5281,13.687099999999988
3090,3090,3090.0,3090.0,3090.0,3090.0,3090.0,3090.0,3090.0,3090.0,3090.0,3090.0,3090.0,3090.0,3090.0,3090.0,3090.0,0.0,,,,,,,,,,,,,0.0,273.0,273.0,273.0,273.0,273.0,273.0,273.0,273.0,273.0,273.0,273.0,273.0,273.0,273.0,273.0,273.0,273.0,273.0,273.0,273.0,471.0,376.0,0.0,373.9901,1150.8305,14.079099999999984
3091,3091,3091.0,3091.0,3091.0,3091.0,3091.0,3091.0,3091.0,3091.0,3091.0,3091.0,3091.0,3091.0,3091.0,3091.0,3091.0,1.0,,,,,,,,,,,,,0.1,427.0457,391.3161,362.1235,338.5136,319.8331,305.5026,294.9288,287.5037,282.6507,279.8824,278.8479,279.3584,281.3878,285.0497,290.5573,298.1725,308.1561,320.7339,336.0925,354.4204,299.0,318.0,373.9901,185.1604,776.8404,14.079099999999984
3092,3092,3092.0,3092.0,3092.0,3092.0,3092.0,3092.0,3092.0,3092.0,3092.0,3092.0,3092.0,3092.0,3092.0,3092.0,3092.0,2.0,,,,,,,,,,,,,0.2,300.1556,301.3585,302.1284,302.1635,301.3681,299.8381,297.813,295.6109,293.5622,291.955,290.9992,290.8109,291.4156,292.7655,294.7676,297.3183,300.3394,303.8107,307.7939,312.443,306.0,473.0,559.1505,142.1807,591.6800000000001,14.079099999999984
3093,3093,3093.0,3093.0,3093.0,3093.0,3093.0,3093.0,3093.0,3093.0,3093.0,3093.0,3093.0,3093.0,3093.0,3093.0,3093.0,3.0,,,,,,,,,,,,,0.3,302.6729,300.0174,297.8927,296.188,294.8255,293.7653,293.011,292.6177,292.7006,293.4455,295.1177,298.0686,302.7338,309.622,319.2924,332.3291,349.3277,370.919,397.8657,431.2751,366.0,473.0,701.3312,54.81640000000005,449.49930000000006,14.079099999999984
3094,3094,3094.0,3094.0,3094.0,3094.0,3094.0,3094.0,3094.0,3094.0,3094.0,3094.0,3094.0,3094.0,3094.0,3094.0,3094.0,4.0,,,,,,,,,,,,,0.4,349.4723,335.719,324.4483,315.4566,308.573,303.6353,300.4866,298.9876,299.034,300.5717,303.6067,308.2087,314.5106,322.708,333.0643,345.9259,361.7554,381.1926,405.1593,435.0392,470.0,318.0,756.1476,56.0249,394.6829,14.079099999999984
3095,3095,3095.0,3095.0,3095.0,3095.0,3095.0,3095.0,3095.0,3095.0,3095.0,3095.0,3095.0,3095.0,3095.0,3095.0,3095.0,5.0,,,,,,,,,,,,,0.5,430.5888,399.2754,374.2197,354.3061,338.7853,327.0791,318.6795,313.1071,309.8979,308.6016,308.7806,310.0065,311.859,313.9325,315.8562,317.3307,318.1746,318.3737,318.1153,317.7973,174.0,472.0,812.1725,86.43610000000001,338.658,14.079099999999984
3096,3096,3096.0,3096.0,3096.0,3096.0,3096.0,3096.0,3096.0,3096.0,3096.0,3096.0,3096.0,3096.0,3096.0,3096.0,3096.0,6.0,,,,,,,,,,,,,0.6,202.3572,228.1453,250.324,268.3189,282.0551,291.8891,298.4803,302.6487,305.2557,307.1254,309.01,311.5909,315.4989,321.3402,329.7144,341.2242,356.4875,376.1733,401.0965,432.4149,240.0,472.0,898.6086,72.44420000000002,252.2219,14.079099999999984
3097,3097,3097.0,3097.0,3097.0,3097.0,3097.0,3097.0,3097.0,3097.0,3097.0,3097.0,3097.0,3097.0,3097.0,3097.0,3097.0,7.0,,,,,,,,,,,,,0.7,247.1585,253.8698,260.249,266.3722,272.2773,277.9785,283.4912,288.858,294.1702,299.58,305.3022,311.6094,318.8243,327.3134,337.4897,349.8268,364.8928,383.4109,406.364,435.1707,473.0,473.0,971.0528,68.00689999999997,179.77769999999998,14.079099999999984
3098,3098,3098.0,3098.0,3098.0,3098.0,3098.0,3098.0,3098.0,3098.0,3098.0,3098.0,3098.0,3098.0,3098.0,3098.0,3098.0,8.0,,,,,,,,,,,,,0.8,429.0308,393.6028,365.1441,342.8015,325.9853,314.1344,306.6309,302.8105,302.0201,303.6842,307.3557,312.7445,319.7232,328.3218,338.7197,351.2454,366.3946,384.8744,407.6928,436.3215,174.0,472.0,1039.0597,37.17900000000009,111.7708,14.079099999999984
3099,3099,3099.0,3099.0,3099.0,3099.0,3099.0,3099.0,3099.0,3099.0,3099.0,3099.0,3099.0,3099.0,3099.0,3099.0,3099.0,9.0,,,,,,,,,,,,,0.9,201.2593,226.0603,247.4594,264.9613,278.5533,288.6389,295.9086,301.1943,305.3405,309.115,313.1626,317.9996,324.0375,331.6251,341.1001,352.8455,367.3522,385.295,407.6396,435.8124,233.0,473.0,1076.2387,74.59179999999992,74.59179999999992,14.079099999999984
3100,3100,3100.0,3100.0,3100.0,3100.0,3100.0,3100.0,3100.0,3100.0,3100.0,3100.0,3100.0,3100.0,3100.0,3100.0,3100.0,0.0,,,,,,,,,,,,,0.0,273.0,273.0,273.0,273.0,273.0,273.0,273.0,273.0,273.0,273.0,273.0,273.0,273.0,273.0,273.0,273.0,273.0,273.0,273.0,273.0,473.0,375.0,0.0,374.4916,1007.5972000000002,13.843999999999994
3101,3101,3101.0,3101.0,3101.0,3101.0,3101.0,3101.0,3101.0,3101.0,3101.0,3101.0,3101.0,3101.0,3101.0,3101.0,3101.0,1.0,,,,,,,,,,,,,0.1,428.5446,392.4437,362.9646,339.1301,320.2738,305.8081,295.1328,287.6332,282.7263,279.9179,278.851,279.3309,281.3261,284.945,290.3963,297.9375,307.826,320.2841,335.495,353.6421,473.0,473.0,374.4916,205.2081,633.1056000000001,13.843999999999994
3102,3102,3102.0,3102.0,3102.0,3102.0,3102.0,3102.0,3102.0,3102.0,3102.0,3102.0,3102.0,3102.0,3102.0,3102.0,3102.0,2.0,,,,,,,,,,,,,0.2,433.8864,402.8415,377.7257,357.2076,340.4338,326.844,316.0639,307.8446,302.0315,298.551,297.4088,298.691,302.5644,309.2708,319.117,332.4651,349.7383,371.4599,398.356,431.5617,353.0,273.0,579.6997,99.92560000000005,427.8975,13.843999999999994
3103,3103,3103.0,3103.0,3103.0,3103.0,3103.0,3103.0,3103.0,3103.0,3103.0,3103.0,3103.0,3103.0,3103.0,3103.0,3103.0,3.0,,,,,,,,,,,,,0.3,344.6189,338.0294,332.5837,327.8238,323.4852,319.478,315.8437,312.6986,310.1704,308.3398,307.1933,306.5947,306.278,305.8654,304.9129,302.9781,299.7038,294.9009,288.6128,281.1379,174.0,472.0,679.6253,105.09209999999996,327.9719,13.843999999999994
3104,3104,3104.0,3104.0,3104.0,3104.0,3104.0,3104.0,3104.0,3104.0,3104.0,3104.0,3104.0,3104.0,3104.0,3104.0,3104.0,4.0,,,,,,,,,,,,,0.4,199.6541,223.0674,243.4414,260.3155,273.5962,283.5162,290.5504,295.3203,298.5144,300.8356,302.9808,305.6426,309.5205,315.3282,323.7878,335.6121,351.4912,372.1107,398.2412,430.9494,354.0,453.0,784.7174,75.21590000000003,222.87980000000005,13.843999999999994
3105,3105,3105.0,3105.0,3105.0,3105.0,3105.0,3105.0,3105.0,3105.0,3105.0,3105.0,3105.0,3105.0,3105.0,3105.0,3105.0,5.0,,,,,,,,,,,,,0.5,337.0309,322.7334,311.2063,302.4993,296.5361,293.0983,291.8609,292.4565,294.5453,297.8692,302.283,307.7614,314.3891,322.3459,331.8949,343.3837,357.2639,374.1355,394.8259,420.5221,300.0,473.0,859.9333,32.52649999999994,147.6639,13.843999999999994
3106,3106,3106.0,3106.0,3106.0,3106.0,3106.0,3106.0,3106.0,3106.0,3106.0,3106.0,3106.0,3106.0,3106.0,3106.0,3106.0,6.0,,,,,,,,,,,,,0.6,298.4419,297.3752,296.6687,296.2514,296.1194,296.3301,296.9878,298.2263,300.1937,303.0441,306.9369,312.0434,318.5597,326.7228,336.8297,349.2633,364.5286,383.3115,406.5773,435.7447,343.0,416.0,892.4598,19.186000000000035,115.13740000000008,13.843999999999994
3107,3107,3107.0,3107.0,3107.0,3107.0,3107.0,3107.0,3107.0,3107.0,3107.0,3107.0,3107.0,3107.0,3107.0,3107.0,3107.0,7.0,,,,,,,,,,,,,0.7,331.8555,322.6603,315.2767,309.6012,305.5345,302.9687,301.787,301.8717,303.1146,305.4251,308.7352,313.0029,318.2153,324.3972,331.6261,340.0573,349.9566,361.7415,376.03,393.7032,292.0,473.0,911.6458,27.123100000000026,95.95140000000004,13.843999999999994
3108,3108,3108.0,3108.0,3108.0,3108.0,3108.0,3108.0,3108.0,3108.0,3108.0,3108.0,3108.0,3108.0,3108.0,3108.0,3108.0,8.0,,,,,,,,,,,,,0.8,292.9137,294.0699,295.3043,296.5174,297.6846,298.8531,300.1287,301.6592,303.6195,306.2027,309.6198,314.1055,319.9289,327.4048,336.907,348.8838,363.8836,382.6055,405.9947,435.4199,246.0,470.0,938.7689,31.24720000000002,68.82830000000001,13.843999999999994
3109,3109,3109.0,3109.0,3109.0,3109.0,3109.0,3109.0,3109.0,3109.0,3109.0,3109.0,3109.0,3109.0,3109.0,3109.0,3109.0,9.0,,,,,,,,,,,,,0.9,254.9119,263.1441,270.5607,277.1031,282.8023,287.7757,292.2111,296.345,300.441,304.7729,309.6159,315.2449,321.9412,330.0057,339.7794,351.6731,366.2098,384.0879,406.2808,434.2024,454.0,336.0,970.0161,37.58109999999999,37.58109999999999,13.843999999999994
3110,3110,3110.0,3110.0,3110.0,3110.0,3110.0,3110.0,3110.0,3110.0,3110.0,3110.0,3110.0,3110.0,3110.0,3110.0,3110.0,0.0,,,,,,,,,,,,,0.0,273.0,273.0,273.0,273.0,273.0,273.0,273.0,273.0,273.0,273.0,273.0,273.0,273.0,273.0,273.0,273.0,273.0,273.0,273.0,273.0,471.0,374.0,0.0,374.6196,1170.1285,13.51339999999999
3111,3111,3111.0,3111.0,3111.0,3111.0,3111.0,3111.0,3111.0,3111.0,3111.0,3111.0,3111.0,3111.0,3111.0,3111.0,3111.0,1.0,,,,,,,,,,,,,0.1,427.0456,391.316,362.1232,338.5131,319.8319,305.5002,294.924,287.4944,282.6335,279.8516,278.7947,279.2701,281.2462,284.8308,290.2304,297.7001,307.4946,319.8335,334.8969,352.8635,472.0,472.0,374.6196,205.0743,795.5089,13.51339999999999
3112,3112,3112.0,3112.0,3112.0,3112.0,3112.0,3112.0,3112.0,3112.0,3112.0,3112.0,3112.0,3112.0,3112.0,3112.0,3112.0,2.0,,,,,,,,,,,,,0.2,433.0969,402.198,377.1889,356.7533,340.0468,326.5134,315.7809,307.6009,301.818,298.3577,297.2246,298.5042,302.3625,309.0411,318.846,332.1384,349.3395,370.9684,397.744,430.7882,358.0,272.0,579.6939,101.5358,590.4346,13.51339999999999
3113,3113,3113.0,3113.0,3113.0,3113.0,3113.0,3113.0,3113.0,3113.0,3113.0,3113.0,3113.0,3113.0,3113.0,3113.0,3113.0,3.0,,,,,,,,,,,,,0.3,348.454,340.8983,334.6624,329.2706,324.4412,320.0649,316.1628,312.8299,310.1736,308.2565,307.0499,306.4053,306.047,305.5901,304.5849,302.5848,299.2291,294.3263,287.9178,280.3012,174.0,471.0,681.2297,106.52160000000003,488.8988000000001,13.51339999999999
3114,3114,3114.0,3114.0,3114.0,3114.0,3114.0,3114.0,3114.0,3114.0,3114.0,3114.0,3114.0,3114.0,3114.0,3114.0,3114.0,4.0,,,,,,,,,,,,,0.4,199.7946,223.3303,243.7951,260.7206,274.0126,283.9084,290.8904,295.5895,298.7024,300.9391,303.001,305.5832,309.3858,315.1216,323.5104,335.2621,351.0624,371.5903,397.607,430.164,350.0,449.0,787.7513,74.80160000000001,382.3772,13.51339999999999
3115,3115,3115.0,3115.0,3115.0,3115.0,3115.0,3115.0,3115.0,3115.0,3115.0,3115.0,3115.0,3115.0,3115.0,3115.0,3115.0,5.0,,,,,,,,,,,,,0.5,333.928,320.3807,309.4758,301.2736,295.7061,292.5641,291.5338,292.2608,294.4178,297.758,302.1443,307.5554,314.0758,321.8812,331.2269,342.4492,355.9852,372.4157,392.5401,417.5015,473.0,319.0,862.5529,54.89509999999996,307.5756,13.51339999999999
3116,3116,3116.0,3116.0,3116.0,3116.0,3116.0,3116.0,3116.0,3116.0,3116.0,3116.0,3116.0,3116.0,3116.0,3116.0,3116.0,6.0,,,,,,,,,,,,,0.6,431.7233,398.7874,372.3598,351.3615,335.0726,322.917,314.3571,308.8567,305.8798,304.9028,305.4256,306.9779,309.1219,311.4592,313.6456,315.4195,316.638,317.3152,317.6494,318.0274,171.0,473.0,917.448,87.78840000000002,252.68050000000005,13.51339999999999
3117,3117,3117.0,3117.0,3117.0,3117.0,3117.0,3117.0,3117.0,3117.0,3117.0,3117.0,3117.0,3117.0,3117.0,3117.0,3117.0,7.0,,,,,,,,,,,,,0.7,199.5396,225.4846,247.7871,265.8703,279.6635,289.5327,296.1503,300.3508,303.0084,304.9574,306.9567,309.6906,313.7905,319.8611,328.4989,340.3032,355.8885,375.9218,401.2191,432.9469,307.0,472.0,1005.2364,62.21450000000005,164.89210000000003,13.51339999999999
3118,3118,3118.0,3118.0,3118.0,3118.0,3118.0,3118.0,3118.0,3118.0,3118.0,3118.0,3118.0,3118.0,3118.0,3118.0,3118.0,8.0,,,,,,,,,,,,,0.8,300.5213,295.1797,291.2019,288.7164,287.7264,288.1229,289.7257,292.34,295.8097,300.056,305.097,311.0496,318.1205,326.595,336.8311,349.2669,364.4481,383.0848,406.1525,435.0676,472.0,373.0,1067.4509,44.03839999999991,102.67759999999998,13.51339999999999
3119,3119,3119.0,3119.0,3119.0,3119.0,3119.0,3119.0,3119.0,3119.0,3119.0,3119.0,3119.0,3119.0,3119.0,3119.0,3119.0,9.0,,,,,,,,,,,,,0.9,430.0818,396.5192,369.6005,348.342,332.0779,320.2414,312.2678,307.5757,305.5868,305.7564,307.5994,310.7028,314.7306,319.4255,324.6168,330.2373,336.3488,343.1719,351.1122,360.7796,174.0,471.0,1111.4893,58.63920000000007,58.63920000000007,13.51339999999999
3120,3120,3120.0,3120.0,3120.0,3120.0,3120.0,3120.0,3120.0,3120.0,3120.0,3120.0,3120.0,3120.0,3120.0,3120.0,0.0,,,,,,,,,,,,,,0.0,273.0,273.0,273.0,273.0,273.0,273.0,273.0,273.0,273.0,273.0,273.0,273.0,273.0,273.0,273.0,273.0,273.0,273.0,273.0,273.0,410.0,472.0,0.0,350.7863,914.2941,4.532100000000014
3121,3121,3121.0,3121.0,3121.0,3121.0,3121.0,3121.0,3121.0,3121.0,3121.0,3121.0,3121.0,3121.0,3121.0,3121.0,1.0,,,,,,,,,,,,,,0.1,380.7201,356.2192,335.8649,319.2684,306.1106,296.0561,288.7355,283.7762,280.8554,279.7593,280.4284,282.9842,287.728,295.1139,305.6971,320.0737,338.8313,362.5483,391.8817,427.7958,294.0,472.0,350.7863,94.637,563.5078,4.532100000000014
3122,3122,3122.0,3122.0,3122.0,3122.0,3122.0,3122.0,3122.0,3122.0,3122.0,3122.0,3122.0,3122.0,3122.0,3122.0,2.0,,,,,,,,,,,,,,0.2,294.5011,295.1109,295.518,295.5436,295.1649,294.5087,293.8209,293.4238,293.6734,294.924,297.5071,301.723,307.8455,316.1356,326.8642,340.3456,356.9858,377.3553,402.3038,433.148,416.0,472.0,445.4233,48.195700000000045,468.8708,4.532100000000014
3123,3123,3123.0,3123.0,3123.0,3123.0,3123.0,3123.0,3123.0,3123.0,3123.0,3123.0,3123.0,3123.0,3123.0,3123.0,3.0,,,,,,,,,,,,,,0.3,388.0034,365.0682,346.43,331.6061,320.2289,311.9604,306.4644,303.4147,302.5204,303.5524,306.361,310.8851,317.1528,325.2808,335.4781,348.0595,363.4774,382.3784,405.7019,434.851,172.0,472.0,493.619,36.95769999999993,420.67509999999993,4.532100000000014
3124,3124,3124.0,3124.0,3124.0,3124.0,3124.0,3124.0,3124.0,3124.0,3124.0,3124.0,3124.0,3124.0,3124.0,3124.0,4.0,,,,,,,,,,,,,,0.4,198.471,222.6032,243.5485,260.8557,274.5035,284.8455,292.5005,298.2246,302.7988,306.9476,311.2964,316.3629,322.5749,330.3048,339.9143,351.8058,366.4815,384.6189,407.1794,435.5806,472.0,283.0,530.5767,53.0983,383.7174,4.532100000000014
3125,3125,3125.0,3125.0,3125.0,3125.0,3125.0,3125.0,3125.0,3125.0,3125.0,3125.0,3125.0,3125.0,3125.0,3125.0,5.0,,,,,,,,,,,,,,0.5,427.9206,392.4059,363.9871,341.8648,325.4398,314.0775,307.0327,303.4731,302.5445,303.434,305.4071,307.8149,310.0828,311.6968,312.2035,311.234,308.548,304.0886,298.0288,290.7876,219.0,472.0,583.675,82.10450000000003,330.6191,4.532100000000014
3126,3126,3126.0,3126.0,3126.0,3126.0,3126.0,3126.0,3126.0,3126.0,3126.0,3126.0,3126.0,3126.0,3126.0,3126.0,6.0,,,,,,,,,,,,,,0.6,237.4888,254.2164,268.4859,279.9194,288.4857,294.457,298.3208,300.6813,302.1752,303.4207,305.0003,307.4716,311.3915,317.3367,325.9113,337.7409,353.4657,373.7603,399.42,431.5597,315.0,274.0,665.7795,48.78240000000005,248.5146,4.532100000000014
3127,3127,3127.0,3127.0,3127.0,3127.0,3127.0,3127.0,3127.0,3127.0,3127.0,3127.0,3127.0,3127.0,3127.0,3127.0,7.0,,,,,,,,,,,,,,0.7,308.1755,302.564,298.2489,295.2613,293.5565,293.0159,293.4662,294.7045,296.5189,298.6953,301.0099,303.2137,305.0173,306.0892,306.075,304.6416,301.5418,296.6854,290.1979,282.4437,404.0,471.0,714.5619,107.61799999999994,199.73219999999992,4.532100000000014
3128,3128,3128.0,3128.0,3128.0,3128.0,3128.0,3128.0,3128.0,3128.0,3128.0,3128.0,3128.0,3128.0,3128.0,3128.0,8.0,,,,,,,,,,,,,,0.8,378.9528,358.3408,341.5141,328.0376,317.5576,309.7327,304.2155,300.6693,298.8042,298.4205,299.4474,301.9704,306.2397,312.6588,321.7508,334.1145,350.3859,371.2367,397.4483,430.1083,228.0,473.0,822.1799,44.08299999999997,92.11419999999998,4.532100000000014
3129,3129,3129.0,3129.0,3129.0,3129.0,3129.0,3129.0,3129.0,3129.0,3129.0,3129.0,3129.0,3129.0,3129.0,3129.0,9.0,,,,,,,,,,,,,,0.9,243.2033,256.9904,268.8499,278.5135,285.9838,291.5079,295.5155,298.5412,301.153,303.8979,307.2717,311.7097,317.5959,325.2837,335.1261,347.5137,362.9265,382.0059,405.6668,435.2811,468.0,273.0,866.2629,48.03120000000001,48.03120000000001,4.532100000000014
3130,3130,3130.0,3130.0,3130.0,3130.0,3130.0,3130.0,3130.0,3130.0,3130.0,3130.0,3130.0,3130.0,3130.0,3130.0,0.0,,,,,,,,,,,,,,0.0,273.0,273.0,273.0,273.0,273.0,273.0,273.0,273.0,273.0,273.0,273.0,273.0,273.0,273.0,273.0,273.0,273.0,273.0,273.0,273.0,408.0,473.0,0.0,350.7605,984.8689,3.597199999999986
3131,3131,3131.0,3131.0,3131.0,3131.0,3131.0,3131.0,3131.0,3131.0,3131.0,3131.0,3131.0,3131.0,3131.0,3131.0,1.0,,,,,,,,,,,,,,0.1,379.1821,355.046,334.9843,318.6221,305.6492,295.7371,288.5232,283.6416,280.7769,279.7217,280.4234,283.0092,287.7859,295.2122,305.848,320.2931,339.139,362.9685,392.4452,428.5451,294.0,472.0,350.7605,94.44,634.1084000000001,3.597199999999986
3132,3132,3132.0,3132.0,3132.0,3132.0,3132.0,3132.0,3132.0,3132.0,3132.0,3132.0,3132.0,3132.0,3132.0,3132.0,2.0,,,,,,,,,,,,,,0.2,294.441,294.9971,295.362,295.3605,294.971,294.3193,293.6489,293.2791,293.562,294.8488,297.4678,301.7172,307.8685,316.1811,326.9247,340.4129,357.0515,377.4117,402.3447,433.1693,417.0,472.0,445.2005,48.42400000000004,539.6684,3.597199999999986
3133,3133,3133.0,3133.0,3133.0,3133.0,3133.0,3133.0,3133.0,3133.0,3133.0,3133.0,3133.0,3133.0,3133.0,3133.0,3.0,,,,,,,,,,,,,,0.3,388.7513,365.6158,346.817,331.8653,320.3892,312.0475,306.5004,303.4181,302.5058,303.5305,306.3393,310.8678,317.1418,325.2763,335.4789,348.0641,363.4839,382.3849,405.707,434.8537,173.0,472.0,493.6245,36.77019999999993,491.2444,3.597199999999986
3134,3134,3134.0,3134.0,3134.0,3134.0,3134.0,3134.0,3134.0,3134.0,3134.0,3134.0,3134.0,3134.0,3134.0,3134.0,4.0,,,,,,,,,,,,,,0.4,199.3083,223.2882,244.096,261.2832,274.8296,285.0885,292.6771,298.3496,302.8847,307.0047,311.3329,316.3852,322.5878,330.3118,339.9179,351.8075,366.4821,384.6191,407.1795,435.5806,451.0,275.0,530.3947,49.95210000000009,454.4742000000001,3.597199999999986
3135,3135,3135.0,3135.0,3135.0,3135.0,3135.0,3135.0,3135.0,3135.0,3135.0,3135.0,3135.0,3135.0,3135.0,3135.0,5.0,,,,,,,,,,,,,,0.5,412.136,380.5361,355.1637,335.4411,320.8912,310.9595,304.9677,302.1469,301.7031,302.8758,304.9709,307.3653,309.4936,310.8367,310.925,309.366,305.8944,300.433,293.144,284.4493,244.0,471.0,580.3468,82.09889999999996,404.5221,3.597199999999986
3136,3136,3136.0,3136.0,3136.0,3136.0,3136.0,3136.0,3136.0,3136.0,3136.0,3136.0,3136.0,3136.0,3136.0,3136.0,6.0,,,,,,,,,,,,,,0.6,256.9499,268.69,278.6892,286.653,292.5494,296.58,299.1168,300.6286,301.6184,302.5873,304.0259,306.4277,310.3111,316.2351,324.8005,336.636,352.3853,372.7207,398.4253,430.5905,337.0,274.0,662.4457,44.14710000000002,322.42320000000007,3.597199999999986
3137,3137,3137.0,3137.0,3137.0,3137.0,3137.0,3137.0,3137.0,3137.0,3137.0,3137.0,3137.0,3137.0,3137.0,3137.0,7.0,,,,,,,,,,,,,,0.7,326.1526,317.146,309.9451,304.4997,300.7097,298.4165,297.415,297.4733,298.3503,299.8016,301.5728,303.3848,304.9206,305.8239,305.7197,304.258,301.1784,296.38,289.9785,282.3292,431.0,342.0,706.5928,123.44259999999996,278.27610000000004,3.597199999999986
3138,3138,3138.0,3138.0,3138.0,3138.0,3138.0,3138.0,3138.0,3138.0,3138.0,3138.0,3138.0,3138.0,3138.0,3138.0,8.0,,,,,,,,,,,,,,0.8,400.3415,375.4538,355.2587,339.0574,326.3248,316.5972,309.4246,304.3645,301.0002,298.9669,297.9766,297.8344,298.446,299.8132,302.0192,305.2064,309.5483,315.2256,322.4108,331.2723,239.0,472.0,830.0354,105.5593,154.83350000000007,3.597199999999986
3139,3139,3139.0,3139.0,3139.0,3139.0,3139.0,3139.0,3139.0,3139.0,3139.0,3139.0,3139.0,3139.0,3139.0,3139.0,9.0,,,,,,,,,,,,,,0.9,253.0232,265.7138,276.4999,285.0588,291.3458,295.5684,298.1254,299.5325,300.357,301.1728,302.5398,305.0029,309.1011,315.3771,324.3805,336.6675,352.8076,373.4222,399.284,431.5218,384.0,271.0,935.5947,49.274200000000064,49.274200000000064,3.597199999999986
3140,3140,3140.0,3140.0,3140.0,3140.0,3140.0,3140.0,3140.0,3140.0,3140.0,3140.0,3140.0,3140.0,3140.0,3140.0,0.0,,,,,,,,,,,,,,0.0,273.0,273.0,273.0,273.0,273.0,273.0,273.0,273.0,273.0,273.0,273.0,273.0,273.0,273.0,273.0,273.0,273.0,273.0,273.0,273.0,411.0,471.0,0.0,350.8792,874.3785,4.190200000000004
3141,3141,3141.0,3141.0,3141.0,3141.0,3141.0,3141.0,3141.0,3141.0,3141.0,3141.0,3141.0,3141.0,3141.0,3141.0,1.0,,,,,,,,,,,,,,0.1,381.4886,356.8053,336.3047,319.591,306.3408,296.2148,288.8404,283.8411,280.8905,279.7706,280.4182,282.9506,287.6655,295.013,305.5449,319.8536,338.5231,362.1276,391.3178,427.0462,293.0,472.0,350.8792,95.11079999999998,523.4993,4.190200000000004
3142,3142,3142.0,3142.0,3142.0,3142.0,3142.0,3142.0,3142.0,3142.0,3142.0,3142.0,3142.0,3142.0,3142.0,3142.0,2.0,,,,,,,,,,,,,,0.2,293.7372,294.5526,295.1314,295.2936,295.0173,294.4321,293.7882,293.4134,293.6688,294.9139,297.4845,301.6849,307.7919,316.0691,326.7896,340.2691,356.9143,377.2954,402.2609,433.1257,413.0,471.0,445.99,47.69689999999997,428.3885,4.190200000000004
3143,3143,3143.0,3143.0,3143.0,3143.0,3143.0,3143.0,3143.0,3143.0,3143.0,3143.0,3143.0,3143.0,3143.0,3143.0,3.0,,,,,,,,,,,,,,0.3,385.6869,363.2849,345.0707,330.5855,319.4764,311.4163,306.0777,303.1428,302.3283,303.4116,306.2487,310.7823,317.0427,325.1474,335.3045,347.8272,363.1646,381.9586,405.1416,434.1046,172.0,473.0,493.6869,37.18070000000006,380.6916000000001,4.190200000000004
3144,3144,3144.0,3144.0,3144.0,3144.0,3144.0,3144.0,3144.0,3144.0,3144.0,3144.0,3144.0,3144.0,3144.0,3144.0,4.0,,,,,,,,,,,,,,0.4,198.3662,222.4049,243.2768,260.5354,274.1598,284.5008,292.1722,297.9246,302.5337,306.7203,311.108,316.2146,322.4701,330.2508,339.9234,351.8956,366.6751,384.9456,407.6758,436.2944,393.0,471.0,530.8676,53.99709999999993,343.5109,4.190200000000004
3145,3145,3145.0,3145.0,3145.0,3145.0,3145.0,3145.0,3145.0,3145.0,3145.0,3145.0,3145.0,3145.0,3145.0,3145.0,5.0,,,,,,,,,,,,,,0.5,367.6605,346.5976,329.6241,316.6281,307.42,301.6721,298.9347,298.6986,300.474,303.857,308.5723,314.49,321.6225,330.113,340.2264,352.351,367.0197,384.958,407.1749,435.1244,216.0,473.0,584.8647,26.999300000000066,289.51380000000006,4.190200000000004
3146,3146,3146.0,3146.0,3146.0,3146.0,3146.0,3146.0,3146.0,3146.0,3146.0,3146.0,3146.0,3146.0,3146.0,3146.0,6.0,,,,,,,,,,,,,,0.6,232.7615,248.0148,261.293,272.3679,281.272,288.2688,293.7853,298.333,302.4361,306.5806,311.1905,316.6274,323.2093,331.2413,341.0528,353.0411,367.7227,385.8025,408.2765,436.6016,471.0,314.0,611.864,41.80169999999998,262.5145,4.190200000000004
3147,3147,3147.0,3147.0,3147.0,3147.0,3147.0,3147.0,3147.0,3147.0,3147.0,3147.0,3147.0,3147.0,3147.0,3147.0,7.0,,,,,,,,,,,,,,0.7,428.1285,393.6859,366.1358,344.6176,328.5068,317.1902,309.9852,306.1486,304.9263,305.6031,307.5361,310.1627,312.9947,315.6104,317.6571,318.8713,319.1152,318.4181,317.0101,315.3303,173.0,472.0,653.6657,72.13589999999999,220.7128,4.190200000000004
3148,3148,3148.0,3148.0,3148.0,3148.0,3148.0,3148.0,3148.0,3148.0,3148.0,3148.0,3148.0,3148.0,3148.0,3148.0,8.0,,,,,,,,,,,,,,0.8,200.6279,225.7501,247.3817,264.9857,278.506,288.3008,295.0169,299.4503,302.4297,304.7404,307.0942,310.134,314.459,320.6526,329.3025,341.0104,356.4011,376.1566,401.1072,432.4265,409.0,273.0,725.8016,55.38570000000004,148.57690000000002,4.190200000000004
3149,3149,3149.0,3149.0,3149.0,3149.0,3149.0,3149.0,3149.0,3149.0,3149.0,3149.0,3149.0,3149.0,3149.0,3149.0,9.0,,,,,,,,,,,,,,0.9,380.2807,356.542,337.3697,322.5069,311.6607,304.4159,300.2329,298.4954,298.5723,299.8654,301.831,303.9748,305.8354,306.97,306.9599,305.4398,302.1515,297.0071,290.1427,281.9403,319.0,473.0,781.1873,93.19119999999998,93.19119999999998,4.190200000000004
3150,3150,3150.0,3150.0,3150.0,3150.0,3150.0,3150.0,3150.0,3150.0,3150.0,3150.0,3150.0,3150.0,3150.0,3150.0,0.0,,,,,,,,,,,,,,0.0,273.0,273.0,273.0,273.0,273.0,273.0,273.0,273.0,273.0,273.0,273.0,273.0,273.0,273.0,273.0,273.0,273.0,273.0,273.0,273.0,472.0,352.0,0.0,382.0945,1317.5217,9.616899999999989
3151,3151,3151.0,3151.0,3151.0,3151.0,3151.0,3151.0,3151.0,3151.0,3151.0,3151.0,3151.0,3151.0,3151.0,3151.0,1.0,,,,,,,,,,,,,,0.1,427.7949,391.8789,362.5413,338.8156,320.0398,305.6269,294.9739,287.4589,282.4851,279.5364,278.2222,278.3018,279.6847,282.4098,286.6097,292.4656,300.163,309.8575,321.6629,335.6697,426.0,471.0,382.0945,208.4532,935.4272,9.616899999999989
3152,3152,3152.0,3152.0,3152.0,3152.0,3152.0,3152.0,3152.0,3152.0,3152.0,3152.0,3152.0,3152.0,3152.0,3152.0,2.0,,,,,,,,,,,,,,0.2,398.5955,376.3929,358.1039,342.8739,330.1445,319.5662,310.9397,304.1735,299.2583,296.2528,295.2802,296.5304,300.2607,306.7915,316.4941,329.7783,347.0913,368.9522,396.0512,429.4574,203.0,471.0,590.5477,63.96289999999999,726.974,9.616899999999989
3153,3153,3153.0,3153.0,3153.0,3153.0,3153.0,3153.0,3153.0,3153.0,3153.0,3153.0,3153.0,3153.0,3153.0,3153.0,3.0,,,,,,,,,,,,,,0.3,224.2638,243.527,260.0316,273.3693,283.5151,290.7849,295.745,299.1046,301.6155,303.9971,306.891,310.8442,316.3152,323.6975,333.3539,345.6619,361.0716,380.1848,403.8699,433.4461,462.0,272.0,654.5106,50.92110000000002,663.0111,9.616899999999989
3154,3154,3154.0,3154.0,3154.0,3154.0,3154.0,3154.0,3154.0,3154.0,3154.0,3154.0,3154.0,3154.0,3154.0,3154.0,4.0,,,,,,,,,,,,,,0.4,421.3124,388.4736,362.132,341.5156,326.0409,315.1148,308.0683,304.1718,302.6829,302.8918,304.1443,305.8422,307.4292,308.381,308.2111,306.5026,302.9616,297.4808,290.1932,281.4918,227.0,473.0,705.4317,94.70310000000006,612.09,9.616899999999989
3155,3155,3155.0,3155.0,3155.0,3155.0,3155.0,3155.0,3155.0,3155.0,3155.0,3155.0,3155.0,3155.0,3155.0,3155.0,5.0,,,,,,,,,,,,,,0.5,243.8353,259.0649,272.0357,282.388,290.083,295.365,298.6827,300.5995,301.7177,302.6324,303.9171,306.1348,309.8588,315.6901,324.2589,336.2121,352.2008,372.897,399.0806,431.8455,343.0,272.0,800.1348,48.36959999999999,517.3869,9.616899999999989
3156,3156,3156.0,3156.0,3156.0,3156.0,3156.0,3156.0,3156.0,3156.0,3156.0,3156.0,3156.0,3156.0,3156.0,3156.0,6.0,,,,,,,,,,,,,,0.6,330.4616,320.0132,311.6332,305.2784,300.8395,298.13,296.9015,296.8718,297.7499,299.2482,301.0791,302.94,304.4984,305.3881,305.2263,303.6572,300.4148,295.3943,288.7104,280.7209,471.0,311.0,848.5044,145.77530000000002,469.0173,9.616899999999989
3157,3157,3157.0,3157.0,3157.0,3157.0,3157.0,3157.0,3157.0,3157.0,3157.0,3157.0,3157.0,3157.0,3157.0,3157.0,7.0,,,,,,,,,,,,,,0.7,430.4872,398.1521,372.161,351.4006,335.0983,322.6169,313.36,306.7453,302.2163,299.2684,297.4741,296.5,296.1133,296.1782,296.6437,297.5257,298.8869,300.8153,303.4091,306.7689,192.0,473.0,994.2797,140.1017999999999,323.242,9.616899999999989
3158,3158,3158.0,3158.0,3158.0,3158.0,3158.0,3158.0,3158.0,3158.0,3158.0,3158.0,3158.0,3158.0,3158.0,3158.0,8.0,,,,,,,,,,,,,,0.8,216.3151,238.3234,257.0946,272.1119,283.3054,290.9958,295.7856,298.4362,299.7636,300.569,301.6074,303.5859,307.1772,313.0337,321.7928,334.0739,350.4796,371.6297,398.2619,431.4486,473.0,276.0,1134.3815,75.24829999999997,183.14020000000005,9.616899999999989
3159,3159,3159.0,3159.0,3159.0,3159.0,3159.0,3159.0,3159.0,3159.0,3159.0,3159.0,3159.0,3159.0,3159.0,3159.0,9.0,,,,,,,,,,,,,,0.9,429.3177,394.1789,365.9916,343.8579,327.1202,315.1324,307.183,302.5088,300.3459,299.9784,300.7632,302.1277,303.5517,304.5505,304.6756,303.54,300.8668,296.5482,290.6962,283.6604,237.0,473.0,1209.6298,107.89190000000008,107.89190000000008,9.616899999999989
3160,3160,3160.0,3160.0,3160.0,3160.0,3160.0,3160.0,3160.0,3160.0,3160.0,3160.0,3160.0,3160.0,3160.0,3160.0,0.0,,,,,,,,,,,,,,0.0,273.0,273.0,273.0,273.0,273.0,273.0,273.0,273.0,273.0,273.0,273.0,273.0,273.0,273.0,273.0,273.0,273.0,273.0,273.0,273.0,409.0,473.0,0.0,350.6976,908.7843,4.1924000000000206
3161,3161,3161.0,3161.0,3161.0,3161.0,3161.0,3161.0,3161.0,3161.0,3161.0,3161.0,3161.0,3161.0,3161.0,3161.0,1.0,,,,,,,,,,,,,,0.1,379.9512,355.6328,335.4248,318.9455,305.8803,295.8972,288.6306,283.7112,280.8203,279.7479,280.4386,283.0177,287.7905,295.2146,305.8492,320.2937,339.1393,362.9687,392.4453,428.5451,292.0,472.0,350.6976,94.37949999999996,558.0867000000001,4.1924000000000206
3162,3162,3162.0,3162.0,3162.0,3162.0,3162.0,3162.0,3162.0,3162.0,3162.0,3162.0,3162.0,3162.0,3162.0,3162.0,2.0,,,,,,,,,,,,,,0.2,292.8842,293.8262,294.5161,294.7776,294.5919,294.0904,293.5248,293.2233,293.5473,294.856,297.4845,301.736,307.8856,316.195,326.9352,340.4204,357.0565,377.4149,402.3466,433.1701,419.0,473.0,445.0771,49.06,463.70720000000006,4.1924000000000206
3163,3163,3163.0,3163.0,3163.0,3163.0,3163.0,3163.0,3163.0,3163.0,3163.0,3163.0,3163.0,3163.0,3163.0,3163.0,3.0,,,,,,,,,,,,,,0.3,390.2299,366.6803,347.5518,332.3432,320.6745,312.1963,306.5601,303.4261,302.4903,303.5114,306.3305,310.8798,317.1838,325.3582,335.613,348.266,363.7736,382.7878,406.2561,435.5945,172.0,471.0,494.1371,36.75230000000005,414.64720000000005,4.1924000000000206
3164,3164,3164.0,3164.0,3164.0,3164.0,3164.0,3164.0,3164.0,3164.0,3164.0,3164.0,3164.0,3164.0,3164.0,3164.0,4.0,,,,,,,,,,,,,,0.4,198.5441,222.7401,243.7332,261.0686,274.7252,285.0597,292.6954,298.3935,302.9393,307.0601,311.3822,316.422,322.6043,330.2969,339.8561,351.6783,366.2599,384.2727,406.6708,434.8608,457.0,273.0,530.8894,51.32999999999993,377.8949,4.1924000000000206
3165,3165,3165.0,3165.0,3165.0,3165.0,3165.0,3165.0,3165.0,3165.0,3165.0,3165.0,3165.0,3165.0,3165.0,3165.0,5.0,,,,,,,,,,,,,,0.5,416.6532,383.9308,357.6815,337.2678,322.1787,311.8362,305.5406,302.5017,301.9038,302.9663,304.9767,307.2957,309.3446,310.5926,310.5601,308.8457,305.1767,299.4703,291.8856,282.8441,240.0,473.0,582.2194,84.42720000000008,326.5649000000001,4.1924000000000206
3166,3166,3166.0,3166.0,3166.0,3166.0,3166.0,3166.0,3166.0,3166.0,3166.0,3166.0,3166.0,3166.0,3166.0,3166.0,6.0,,,,,,,,,,,,,,0.6,253.9149,266.5182,277.2472,285.7913,292.1179,296.4415,299.1558,300.7553,301.7697,302.7247,304.1325,306.5053,310.377,316.3204,324.9482,336.8994,352.8259,373.4082,399.4394,432.0291,329.0,275.0,666.6466,44.300700000000006,242.1377,4.1924000000000206
3167,3167,3167.0,3167.0,3167.0,3167.0,3167.0,3167.0,3167.0,3167.0,3167.0,3167.0,3167.0,3167.0,3167.0,3167.0,7.0,,,,,,,,,,,,,,0.7,319.7749,312.1355,306.0812,301.5854,298.5677,296.8886,296.3638,296.7834,297.9288,299.5772,301.494,303.4171,305.0434,306.0276,306.003,304.6261,301.6411,296.9506,290.6733,283.1665,396.0,473.0,710.9473,103.71819999999992,197.837,4.1924000000000206
3168,3168,3168.0,3168.0,3168.0,3168.0,3168.0,3168.0,3168.0,3168.0,3168.0,3168.0,3168.0,3168.0,3168.0,3168.0,8.0,,,,,,,,,,,,,,0.8,373.3535,354.7225,339.5026,327.2768,317.7092,310.4888,305.3137,301.903,300.027,299.5431,300.4293,302.8093,306.9609,313.3054,322.3767,334.7797,351.1537,372.1741,398.6307,431.6313,218.0,472.0,814.6655,43.68990000000008,94.11880000000008,4.1924000000000206
3169,3169,3169.0,3169.0,3169.0,3169.0,3169.0,3169.0,3169.0,3169.0,3169.0,3169.0,3169.0,3169.0,3169.0,3169.0,9.0,,,,,,,,,,,,,,0.9,235.1013,250.6198,264.0068,274.974,283.5207,289.9051,294.5775,298.0986,301.0641,304.0474,307.5676,312.0795,317.9817,325.638,335.4077,347.6851,362.9511,381.8462,405.2823,434.6229,472.0,273.0,858.3554,50.4289,50.4289,4.1924000000000206
3170,3170,3170.0,3170.0,3170.0,3170.0,3170.0,3170.0,3170.0,3170.0,3170.0,3170.0,3170.0,3170.0,3170.0,3170.0,0.0,,,,,,,,,,,,,,0.0,273.0,273.0,273.0,273.0,273.0,273.0,273.0,273.0,273.0,273.0,273.0,273.0,273.0,273.0,273.0,273.0,273.0,273.0,273.0,273.0,383.0,473.0,0.0,353.1662,1076.6432,-40.0
3171,3171,3171.0,3171.0,3171.0,3171.0,3171.0,3171.0,3171.0,3171.0,3171.0,3171.0,3171.0,3171.0,3171.0,3171.0,1.0,,,,,,,,,,,,,,0.1,359.8612,340.2674,323.8765,310.4651,299.8222,291.7009,285.8186,281.891,279.6835,279.0632,280.0411,282.7952,287.6704,295.152,305.8177,320.2783,339.1322,362.9657,392.4443,428.5449,356.0,473.0,353.1662,98.8822,723.477,-21.29910000000001
3172,3172,3172.0,3172.0,3172.0,3172.0,3172.0,3172.0,3172.0,3172.0,3172.0,3172.0,3172.0,3172.0,3172.0,3172.0,2.0,,,,,,,,,,,,,,0.2,342.4739,331.1464,321.6295,313.6645,307.0991,301.8671,297.9695,295.4579,294.42,294.9691,297.2374,301.3744,307.5477,315.9508,326.8162,340.4398,357.2229,377.7401,402.8515,433.8913,382.0,271.0,452.0484,45.28769999999997,624.5948,-11.132900000000006
3173,3173,3173.0,3173.0,3173.0,3173.0,3173.0,3173.0,3173.0,3173.0,3173.0,3173.0,3173.0,3173.0,3173.0,3173.0,3.0,,,,,,,,,,,,,,0.3,363.4167,348.1453,335.6489,325.5567,317.596,311.5482,307.2211,304.4276,302.9682,302.6125,303.0806,304.0286,305.0439,305.6576,305.3796,303.756,300.444,295.2881,288.3812,280.0854,268.0,473.0,497.3361,95.99900000000002,579.3071,-1.4517999999999915
3174,3174,3174.0,3174.0,3174.0,3174.0,3174.0,3174.0,3174.0,3174.0,3174.0,3174.0,3174.0,3174.0,3174.0,3174.0,4.0,,,,,,,,,,,,,,0.4,275.0787,281.6131,287.2477,291.7652,295.108,297.3686,298.7587,299.5721,300.1536,300.8823,302.172,304.4824,308.3312,314.2981,323.0118,335.1258,351.2974,372.2,398.6085,431.6086,418.0,271.0,593.3351,53.93280000000004,483.3081,-15.631399999999983
3175,3175,3175.0,3175.0,3175.0,3175.0,3175.0,3175.0,3175.0,3175.0,3175.0,3175.0,3175.0,3175.0,3175.0,3175.0,5.0,,,,,,,,,,,,,,0.5,389.3972,366.0022,347.0577,332.0749,320.652,312.3814,306.8207,303.5016,301.9519,301.7124,302.3394,303.3958,304.4372,305.0081,304.6574,302.9777,299.6663,294.593,287.8557,279.802,262.0,471.0,647.2679,100.94089999999994,429.3752999999999,-0.6186000000000149
3176,3176,3176.0,3176.0,3176.0,3176.0,3176.0,3176.0,3176.0,3176.0,3176.0,3176.0,3176.0,3176.0,3176.0,3176.0,6.0,,,,,,,,,,,,,,0.6,270.9127,279.0576,285.9986,291.4785,295.4431,298.025,299.4997,300.234,300.6413,301.1564,302.2315,304.3475,308.029,313.8519,322.435,334.4188,350.4457,371.1726,397.3542,430.0465,371.0,273.0,748.2088,48.44129999999996,328.4344,-14.975000000000025
3177,3177,3177.0,3177.0,3177.0,3177.0,3177.0,3177.0,3177.0,3177.0,3177.0,3177.0,3177.0,3177.0,3177.0,3177.0,7.0,,,,,,,,,,,,,,0.7,353.1334,338.322,326.3008,316.87,309.8211,304.9052,301.8322,300.2879,299.9515,300.505,301.6287,302.9878,304.2197,304.9312,304.7177,303.2052,300.114,295.3272,288.9475,281.3192,323.0,471.0,796.6501,98.66790000000005,279.9931,-8.09480000000002
3178,3178,3178.0,3178.0,3178.0,3178.0,3178.0,3178.0,3178.0,3178.0,3178.0,3178.0,3178.0,3178.0,3178.0,3178.0,8.0,,,,,,,,,,,,,,0.8,317.8656,313.7761,310.4498,307.6807,305.3401,303.3709,301.7773,300.6158,299.9917,300.0655,301.0663,303.3083,307.202,313.2522,322.0382,334.1822,350.3229,371.1209,397.3395,430.0451,288.0,272.0,895.318,44.043000000000006,181.3252,-9.629099999999994
3179,3179,3179.0,3179.0,3179.0,3179.0,3179.0,3179.0,3179.0,3179.0,3179.0,3179.0,3179.0,3179.0,3179.0,3179.0,9.0,,,,,,,,,,,,,,0.9,289.3032,290.7576,292.204,293.5395,294.727,295.7904,296.799,297.8413,298.9955,300.297,301.71,303.1064,304.2584,304.8502,304.5132,302.8841,299.6799,294.7756,288.2658,280.4888,427.0,296.0,939.361,137.2822,137.2822,-17.209600000000023
3180,3180,3180.0,3180.0,3180.0,3180.0,3180.0,3180.0,3180.0,3180.0,3180.0,3180.0,3180.0,3180.0,3180.0,0.0,,,,,,,,,,,,,,,0.0,273.0,273.0,273.0,273.0,273.0,273.0,273.0,273.0,273.0,273.0,273.0,273.0,273.0,273.0,273.0,273.0,273.0,273.0,273.0,273.0,472.0,427.0,0.0,360.3616,1017.5619,1.4547000000000023
3181,3181,3181.0,3181.0,3181.0,3181.0,3181.0,3181.0,3181.0,3181.0,3181.0,3181.0,3181.0,3181.0,3181.0,1.0,,,,,,,,,,,,,,,0.1,427.7961,391.8826,362.5503,338.8359,320.0835,305.7175,295.1544,287.806,283.1286,280.6861,280.2026,281.5907,284.952,290.5499,298.7606,310.0116,324.7271,343.3024,366.136,393.7461,332.0,472.0,360.3616,123.40479999999997,657.2003,1.4547000000000023
3182,3182,3182.0,3182.0,3182.0,3182.0,3182.0,3182.0,3182.0,3182.0,3182.0,3182.0,3182.0,3182.0,3182.0,2.0,,,,,,,,,,,,,,,0.2,326.2081,321.5041,317.3803,313.5012,309.7206,306.0706,302.7266,299.9603,298.0927,297.4575,298.3794,301.1669,306.1165,313.523,323.6947,336.9742,353.7733,374.6355,400.3463,432.1305,173.0,393.0,483.7664,53.72109999999998,533.7955000000001,1.4547000000000023
3183,3183,3183.0,3183.0,3183.0,3183.0,3183.0,3183.0,3183.0,3183.0,3183.0,3183.0,3183.0,3183.0,3183.0,3.0,,,,,,,,,,,,,,,0.3,197.1148,219.1301,238.3712,254.4692,267.3912,277.4035,284.9909,290.7584,295.338,299.3156,303.1839,307.3219,311.9981,317.3927,323.6362,330.8581,339.2421,349.0817,360.8326,375.1614,472.0,402.0,537.4875,94.62340000000006,480.0744000000001,1.4547000000000023
3184,3184,3184.0,3184.0,3184.0,3184.0,3184.0,3184.0,3184.0,3184.0,3184.0,3184.0,3184.0,3184.0,3184.0,4.0,,,,,,,,,,,,,,,0.4,427.1589,390.8679,361.6699,338.7875,321.6449,309.629,302.0181,298.0154,296.8316,297.7686,300.2792,303.993,308.7134,314.3983,321.1345,329.1162,338.6336,350.0766,363.9566,380.9534,173.0,380.0,632.1109,55.22109999999998,385.451,1.4547000000000023
3185,3185,3185.0,3185.0,3185.0,3185.0,3185.0,3185.0,3185.0,3185.0,3185.0,3185.0,3185.0,3185.0,3185.0,5.0,,,,,,,,,,,,,,,0.5,199.8451,224.2279,245.2006,262.2554,275.3588,284.8844,291.4844,295.9429,299.0462,301.4904,303.8329,306.4831,309.7214,313.7364,318.6691,324.6575,331.8783,340.584,351.1366,364.0433,343.0,423.0,687.332,87.63340000000005,330.22990000000004,1.4547000000000023
3186,3186,3186.0,3186.0,3186.0,3186.0,3186.0,3186.0,3186.0,3186.0,3186.0,3186.0,3186.0,3186.0,3186.0,6.0,,,,,,,,,,,,,,,0.6,328.5269,316.3201,306.5164,299.1807,294.2437,291.4936,290.6134,291.2444,293.0537,295.7893,299.3126,303.6094,308.784,315.0425,322.6733,332.0313,343.5318,357.6635,375.0284,396.4256,333.0,473.0,774.9654,48.84899999999993,242.5965,1.4547000000000023
3187,3187,3187.0,3187.0,3187.0,3187.0,3187.0,3187.0,3187.0,3187.0,3187.0,3187.0,3187.0,3187.0,3187.0,7.0,,,,,,,,,,,,,,,0.7,324.1029,316.7288,310.7094,305.9303,302.3156,299.818,298.412,298.0922,298.8762,300.8109,303.9819,308.5235,314.6279,322.5525,332.6266,345.2619,360.975,380.436,404.5654,434.715,310.0,272.0,823.8144,24.96810000000005,193.7475000000001,1.4547000000000023
3188,3188,3188.0,3188.0,3188.0,3188.0,3188.0,3188.0,3188.0,3188.0,3188.0,3188.0,3188.0,3188.0,3188.0,8.0,,,,,,,,,,,,,,,0.8,306.6724,304.1229,302.2077,300.8293,299.9361,299.5143,299.5721,300.1185,301.1384,302.5669,304.2665,306.0121,307.4884,308.3059,308.039,306.2867,302.7483,297.3022,290.0673,281.4273,234.0,472.0,848.7825,98.45859999999992,168.7794,1.4547000000000023
3189,3189,3189.0,3189.0,3189.0,3189.0,3189.0,3189.0,3189.0,3189.0,3189.0,3189.0,3189.0,3189.0,3189.0,9.0,,,,,,,,,,,,,,,0.9,245.4811,255.96,265.1779,272.9899,279.3813,284.4584,288.4248,291.5544,294.1693,296.6322,299.3504,302.7887,307.4805,314.0289,323.0914,335.3532,351.5048,372.2514,398.3962,431.0445,472.0,407.0,947.2411,70.32080000000008,70.32080000000008,1.4547000000000023
3190,3190,3190.0,3190.0,3190.0,3190.0,3190.0,3190.0,3190.0,3190.0,3190.0,3190.0,3190.0,3190.0,3190.0,0.0,,,,,,,,,,,,,,,0.0,273.0,273.0,273.0,273.0,273.0,273.0,273.0,273.0,273.0,273.0,273.0,273.0,273.0,273.0,273.0,273.0,273.0,273.0,273.0,273.0,473.0,429.0,0.0,360.0101,928.2931999999998,-40.0
3191,3191,3191.0,3191.0,3191.0,3191.0,3191.0,3191.0,3191.0,3191.0,3191.0,3191.0,3191.0,3191.0,3191.0,1.0,,,,,,,,,,,,,,,0.1,428.5454,392.4463,362.9711,339.1447,320.3052,305.8731,295.2623,287.8822,283.1876,280.7418,280.2694,281.6851,285.0941,290.7645,299.078,310.468,325.3651,344.1717,367.2961,395.2729,332.0,473.0,360.0101,122.1243,568.2830999999999,-7.126899999999978
3192,3192,3192.0,3192.0,3192.0,3192.0,3192.0,3192.0,3192.0,3192.0,3192.0,3192.0,3192.0,3192.0,3192.0,2.0,,,,,,,,,,,,,,,0.2,326.2371,321.5599,317.459,313.5978,309.8302,306.1894,302.8527,300.0939,298.2367,297.6167,298.5601,301.3765,306.3624,313.8125,324.0347,337.3721,354.2387,375.1822,400.9975,432.9241,171.0,406.0,482.1344,53.7731,446.1587999999999,-6.810600000000022
3193,3193,3193.0,3193.0,3193.0,3193.0,3193.0,3193.0,3193.0,3193.0,3193.0,3193.0,3193.0,3193.0,3193.0,3.0,,,,,,,,,,,,,,,0.3,195.5032,217.88,237.4425,253.8144,266.9616,277.1546,284.8873,290.7775,295.4732,299.5797,303.6134,307.9818,312.9872,318.8497,325.7442,333.8486,343.3977,354.7409,368.3994,385.1289,470.0,399.0,535.9075,90.11839999999997,392.38569999999993,-35.845399999999984
3194,3194,3194.0,3194.0,3194.0,3194.0,3194.0,3194.0,3194.0,3194.0,3194.0,3194.0,3194.0,3194.0,3194.0,4.0,,,,,,,,,,,,,,,0.4,425.6154,389.659,360.7265,338.07,321.1314,309.3077,301.8833,298.0648,297.0633,298.1776,300.8524,304.7035,309.5141,315.2165,321.8685,329.6364,338.7878,349.6988,362.876,379.0001,172.0,404.0,626.0259,53.48750000000007,302.2673,-3.692299999999989
3195,3195,3195.0,3195.0,3195.0,3195.0,3195.0,3195.0,3195.0,3195.0,3195.0,3195.0,3195.0,3195.0,3195.0,5.0,,,,,,,,,,,,,,,0.5,198.9816,223.4966,244.5975,261.7778,275.0052,284.6557,291.3858,295.9871,299.2591,301.9187,304.5557,307.6247,311.4663,316.3433,322.4823,330.1138,339.5104,351.0239,365.1284,382.4785,352.0,423.0,679.5134,76.77279999999996,248.7797999999999,-28.344299999999976
3196,3196,3196.0,3196.0,3196.0,3196.0,3196.0,3196.0,3196.0,3196.0,3196.0,3196.0,3196.0,3196.0,3196.0,6.0,,,,,,,,,,,,,,,0.6,335.5819,321.7558,310.6225,302.2275,296.4863,293.169,291.9354,292.3986,294.1943,297.0359,300.7483,305.2779,310.6858,317.1326,324.8624,334.1925,345.5143,359.3126,376.2082,397.039,341.0,420.0,756.2862,38.679700000000025,172.00699999999995,-19.831000000000017
3197,3197,3197.0,3197.0,3197.0,3197.0,3197.0,3197.0,3197.0,3197.0,3197.0,3197.0,3197.0,3197.0,3197.0,7.0,,,,,,,,,,,,,,,0.7,330.7025,322.1782,315.2095,309.6458,305.3825,302.3457,300.4812,299.7473,300.1128,301.558,304.0798,307.6982,312.4652,318.4746,325.8738,334.879,345.795,359.046,375.2203,395.1433,221.0,404.0,794.9659,38.67059999999992,133.32729999999992,-10.654299999999978
3198,3198,3198.0,3198.0,3198.0,3198.0,3198.0,3198.0,3198.0,3198.0,3198.0,3198.0,3198.0,3198.0,3198.0,8.0,,,,,,,,,,,,,,,0.8,235.8786,249.4302,261.2769,271.2236,279.2768,285.6255,290.592,294.572,297.9784,301.1984,304.5692,308.3715,312.8375,318.1699,324.5664,332.2495,341.4984,352.6854,366.3184,383.0976,363.0,421.0,833.6365,60.75790000000006,94.6567,-27.37450000000001
3199,3199,3199.0,3199.0,3199.0,3199.0,3199.0,3199.0,3199.0,3199.0,3199.0,3199.0,3199.0,3199.0,3199.0,9.0,,,,,,,,,,,,,,,0.9,345.1323,330.1621,318.0328,308.693,302.0171,297.7786,295.6683,295.339,296.4593,298.7594,302.0607,306.2887,311.4714,317.7313,325.275,334.388,345.4378,358.8926,375.3622,395.673,289.0,411.0,894.3944,33.89879999999994,33.89879999999994,-15.221400000000015
3200,3200,3200.0,3200.0,3200.0,3200.0,3200.0,3200.0,3200.0,3200.0,3200.0,3200.0,3200.0,3200.0,3200.0,0.0,,,,,,,,,,,,,,,0.0,273.0,273.0,273.0,273.0,273.0,273.0,273.0,273.0,273.0,273.0,273.0,273.0,273.0,273.0,273.0,273.0,273.0,273.0,273.0,273.0,473.0,428.0,0.0,360.2328,1131.6778,1.5049999999999957
3201,3201,3201.0,3201.0,3201.0,3201.0,3201.0,3201.0,3201.0,3201.0,3201.0,3201.0,3201.0,3201.0,3201.0,1.0,,,,,,,,,,,,,,,0.1,428.5454,392.4462,362.9709,339.1444,320.3047,305.872,295.26,287.8776,283.1791,280.7267,280.2434,281.6421,285.0253,290.6584,298.9199,310.2402,325.0463,343.7373,366.7163,394.5096,336.0,473.0,360.2328,123.36040000000004,771.4449999999999,1.5049999999999957
3202,3202,3202.0,3202.0,3202.0,3202.0,3202.0,3202.0,3202.0,3202.0,3202.0,3202.0,3202.0,3202.0,3202.0,2.0,,,,,,,,,,,,,,,0.2,329.367,323.9577,319.2509,314.8996,310.7463,306.8108,303.2553,300.3386,298.3698,297.672,298.5616,301.3405,306.3008,313.7344,323.9483,337.2851,354.1585,375.1158,400.9502,432.8997,173.0,376.0,483.5932,52.00209999999993,648.0845999999999,1.5049999999999957
3203,3203,3203.0,3203.0,3203.0,3203.0,3203.0,3203.0,3203.0,3203.0,3203.0,3203.0,3203.0,3203.0,3203.0,3.0,,,,,,,,,,,,,,,0.3,197.2632,219.4107,238.7553,254.9207,267.8722,277.8778,285.4256,291.1221,295.5965,299.4244,303.0791,306.9087,311.1394,315.8985,321.2552,327.2725,334.0653,341.8569,351.0264,362.1445,429.0,447.0,535.5953,97.53340000000004,596.0825,1.5049999999999957
3204,3204,3204.0,3204.0,3204.0,3204.0,3204.0,3204.0,3204.0,3204.0,3204.0,3204.0,3204.0,3204.0,3204.0,4.0,,,,,,,,,,,,,,,0.4,394.6134,366.2517,343.2685,325.3053,312.019,302.9551,297.5329,295.1029,295.0342,296.7972,300.0214,304.5206,310.2918,317.4944,326.4209,337.4701,351.1322,368.0014,388.8297,414.6491,284.0,273.0,633.1287,39.31770000000006,498.5491,1.5049999999999957
3205,3205,3205.0,3205.0,3205.0,3205.0,3205.0,3205.0,3205.0,3205.0,3205.0,3205.0,3205.0,3205.0,3205.0,5.0,,,,,,,,,,,,,,,0.5,287.7891,291.4007,294.4971,296.8854,298.5366,299.5671,300.1913,300.658,301.1871,301.9162,302.8651,303.9203,304.8418,305.2906,304.8765,303.2238,300.047,295.2238,288.8506,281.2617,243.0,473.0,672.4464,110.1282,459.2313999999999,1.5049999999999957
3206,3206,3206.0,3206.0,3206.0,3206.0,3206.0,3206.0,3206.0,3206.0,3206.0,3206.0,3206.0,3206.0,3206.0,6.0,,,,,,,,,,,,,,,0.6,252.2501,260.7287,268.2528,274.7151,280.0964,284.4643,287.9625,290.7985,293.2347,295.5886,298.2408,301.646,306.3405,312.9368,322.1037,334.5347,350.9233,371.9726,398.481,431.5519,471.0,412.0,782.5746,71.93089999999995,349.1031999999999,1.5049999999999957
3207,3207,3207.0,3207.0,3207.0,3207.0,3207.0,3207.0,3207.0,3207.0,3207.0,3207.0,3207.0,3207.0,3207.0,7.0,,,,,,,,,,,,,,,0.7,427.9908,393.3375,365.4447,343.4173,326.6299,314.505,306.4325,301.7752,299.9158,300.3097,302.5211,306.2365,311.2614,317.5078,324.986,333.8059,344.1923,356.5147,371.3302,389.4435,174.0,243.0,854.5055,64.36670000000004,277.17229999999995,1.5049999999999957
3208,3208,3208.0,3208.0,3208.0,3208.0,3208.0,3208.0,3208.0,3208.0,3208.0,3208.0,3208.0,3208.0,3208.0,8.0,,,,,,,,,,,,,,,0.8,201.1461,225.8111,247.0271,264.2702,277.4927,287.0508,293.569,297.7825,300.3942,301.9662,302.8535,303.1803,302.8516,301.5963,299.0346,294.763,288.4492,279.9238,269.2502,256.7545,342.0,473.0,918.8722,158.27189999999996,212.8055999999999,1.5049999999999957
3209,3209,3209.0,3209.0,3209.0,3209.0,3209.0,3209.0,3209.0,3209.0,3209.0,3209.0,3209.0,3209.0,3209.0,9.0,,,,,,,,,,,,,,,0.9,327.8872,315.9726,306.3614,299.0833,294.033,290.9651,289.5379,289.385,290.1963,291.7891,294.1592,297.5063,302.2313,308.9066,318.2224,330.9208,347.7393,369.3985,396.6772,430.6275,331.0,439.0,1077.1441,54.53369999999995,54.53369999999995,1.5049999999999957
3210,3210,3210.0,3210.0,3210.0,3210.0,3210.0,3210.0,3210.0,3210.0,3210.0,3210.0,3210.0,3210.0,3210.0,0.0,,,,,,,,,,,,,,,0.0,273.0,273.0,273.0,273.0,273.0,273.0,273.0,273.0,273.0,273.0,273.0,273.0,273.0,273.0,273.0,273.0,273.0,273.0,273.0,273.0,472.0,425.0,0.0,360.8157,1163.2204,-40.0
3211,3211,3211.0,3211.0,3211.0,3211.0,3211.0,3211.0,3211.0,3211.0,3211.0,3211.0,3211.0,3211.0,3211.0,1.0,,,,,,,,,,,,,,,0.1,427.7961,391.8825,362.5501,338.8354,320.0824,305.7151,295.1497,287.7969,283.1116,280.6559,280.1507,281.5045,284.8142,290.3375,298.444,309.555,324.0883,342.432,364.9746,392.218,335.0,472.0,360.8157,125.2305,802.4046999999999,-7.284899999999993
3212,3212,3212.0,3212.0,3212.0,3212.0,3212.0,3212.0,3212.0,3212.0,3212.0,3212.0,3212.0,3212.0,3212.0,2.0,,,,,,,,,,,,,,,0.2,328.5549,323.3006,318.7204,314.4709,310.3971,306.5208,303.0057,300.1119,298.1494,297.4426,298.3095,301.0541,305.971,313.355,323.5155,336.7966,353.6111,374.5014,400.2512,432.0815,173.0,378.0,486.0462,53.38,677.1741999999999,-6.479199999999992
3213,3213,3213.0,3213.0,3213.0,3213.0,3213.0,3213.0,3213.0,3213.0,3213.0,3213.0,3213.0,3213.0,3213.0,3.0,,,,,,,,,,,,,,,0.3,197.2115,219.3116,238.616,254.7503,267.6797,277.6714,285.2121,290.907,295.3848,299.222,302.8942,306.7543,311.0345,315.8703,321.3394,327.5143,334.5185,342.5834,352.0956,363.634,424.0,458.0,539.4262,98.54930000000002,623.7941999999999,-35.328599999999994
3214,3214,3214.0,3214.0,3214.0,3214.0,3214.0,3214.0,3214.0,3214.0,3214.0,3214.0,3214.0,3214.0,3214.0,4.0,,,,,,,,,,,,,,,0.4,390.7677,363.2986,341.0235,323.6257,310.7878,302.0752,296.926,294.7115,294.8235,296.7571,300.1683,304.8998,310.9795,318.5998,328.0886,339.8823,354.513,372.6255,395.0444,422.9194,308.0,273.0,637.9755,35.62800000000004,525.2448999999999,-10.924800000000005
3215,3215,3215.0,3215.0,3215.0,3215.0,3215.0,3215.0,3215.0,3215.0,3215.0,3215.0,3215.0,3215.0,3215.0,5.0,,,,,,,,,,,,,,,0.5,306.6532,305.8135,305.1675,304.5204,303.8086,303.0838,302.4741,302.132,302.1814,302.672,303.5477,304.6324,305.6346,306.1737,305.8255,304.1879,300.9566,296.0007,289.4196,281.563,195.0,473.0,673.6035,112.17289999999991,489.6168999999999,-9.916200000000003
3216,3216,3216.0,3216.0,3216.0,3216.0,3216.0,3216.0,3216.0,3216.0,3216.0,3216.0,3216.0,3216.0,3216.0,6.0,,,,,,,,,,,,,,,0.6,214.2583,231.8212,247.2098,260.153,270.6087,278.7429,284.8817,289.4561,292.9558,295.9018,298.8394,302.345,307.0371,313.5789,322.6671,335.0089,351.3035,372.2567,398.6687,431.6447,471.0,432.0,785.7764,86.97940000000006,377.444,-34.25709999999998
3217,3217,3217.0,3217.0,3217.0,3217.0,3217.0,3217.0,3217.0,3217.0,3217.0,3217.0,3217.0,3217.0,3217.0,7.0,,,,,,,,,,,,,,,0.7,426.7964,391.0343,362.2298,339.5826,322.5169,310.4504,302.7221,298.6168,297.4365,298.5719,301.552,306.0629,311.9424,319.1623,327.8116,338.0906,350.3219,364.9811,382.7521,404.6158,211.0,274.0,872.7558,44.07470000000001,290.4645999999999,-2.549599999999998
3218,3218,3218.0,3218.0,3218.0,3218.0,3218.0,3218.0,3218.0,3218.0,3218.0,3218.0,3218.0,3218.0,3218.0,8.0,,,,,,,,,,,,,,,0.8,230.6954,248.5175,263.7535,276.0295,285.3377,291.9842,296.4843,299.4391,301.4183,302.8714,304.0724,305.1011,305.8554,306.0903,305.4781,303.6833,300.445,295.6523,289.4005,282.0103,217.0,472.0,916.8305,143.93859999999995,246.3898999999999,-21.015800000000013
3219,3219,3219.0,3219.0,3219.0,3219.0,3219.0,3219.0,3219.0,3219.0,3219.0,3219.0,3219.0,3219.0,3219.0,9.0,,,,,,,,,,,,,,,0.9,229.1611,240.327,250.4039,259.3366,267.1155,273.781,279.4273,284.2065,288.3345,292.1008,295.8794,300.1382,305.4411,312.4361,321.8297,334.3509,350.7233,371.6734,398.0148,430.8557,472.0,471.0,1060.7691,102.45129999999996,102.45129999999996,-39.219
3220,3220,3220.0,3220.0,3220.0,3220.0,3220.0,3220.0,3220.0,3220.0,3220.0,3220.0,3220.0,3220.0,3220.0,0.0,,,,,,,,,,,,,,,0.0,273.0,273.0,273.0,273.0,273.0,273.0,273.0,273.0,273.0,273.0,273.0,273.0,273.0,273.0,273.0,273.0,273.0,273.0,273.0,273.0,473.0,428.0,0.0,360.2328,1092.4564,14.521999999999991
3221,3221,3221.0,3221.0,3221.0,3221.0,3221.0,3221.0,3221.0,3221.0,3221.0,3221.0,3221.0,3221.0,3221.0,1.0,,,,,,,,,,,,,,,0.1,428.5454,392.4462,362.9709,339.1444,320.3047,305.872,295.26,287.8776,283.1791,280.7267,280.2434,281.6421,285.0253,290.6584,298.9199,310.2402,325.0463,343.7373,366.7163,394.5096,473.0,471.0,360.2328,163.36810000000003,732.2236,14.521999999999991
3222,3222,3222.0,3222.0,3222.0,3222.0,3222.0,3222.0,3222.0,3222.0,3222.0,3222.0,3222.0,3222.0,3222.0,2.0,,,,,,,,,,,,,,,0.2,433.9317,402.9432,377.9057,357.5004,340.8876,327.522,317.0438,309.2148,303.8835,300.9661,300.4392,302.3377,306.7545,313.8407,323.8077,336.9357,353.5973,374.3116,399.8476,431.4141,173.0,473.0,523.6009,67.1526,568.8555,14.521999999999991
3223,3223,3223.0,3223.0,3223.0,3223.0,3223.0,3223.0,3223.0,3223.0,3223.0,3223.0,3223.0,3223.0,3223.0,3.0,,,,,,,,,,,,,,,0.3,201.5559,227.503,249.7787,267.8076,281.5395,291.3807,298.0602,302.4779,305.5699,308.2105,311.1574,315.0348,320.3465,327.5093,336.8983,348.9012,363.9833,382.7694,406.1615,435.5234,328.0,274.0,590.7535,40.05679999999995,501.7029,14.521999999999991
3224,3224,3224.0,3224.0,3224.0,3224.0,3224.0,3224.0,3224.0,3224.0,3224.0,3224.0,3224.0,3224.0,3224.0,4.0,,,,,,,,,,,,,,,0.4,317.4614,308.6834,301.8453,297.0365,294.2115,293.1881,293.6784,295.3363,297.8007,300.7201,303.7573,306.5766,308.8286,310.1436,310.147,308.5,304.9623,299.4627,292.1582,283.4586,472.0,405.0,630.8103,111.52620000000002,461.6461000000001,14.521999999999991
3225,3225,3225.0,3225.0,3225.0,3225.0,3225.0,3225.0,3225.0,3225.0,3225.0,3225.0,3225.0,3225.0,3225.0,5.0,,,,,,,,,,,,,,,0.5,430.6849,397.6588,371.1247,350.0124,333.5816,321.2106,312.3049,306.281,302.5946,300.7837,300.5105,301.59,304.0006,307.8747,313.4713,321.135,331.254,344.23,360.4829,380.5072,173.0,472.0,742.3365,79.69389999999999,350.11990000000003,14.521999999999991
3226,3226,3226.0,3226.0,3226.0,3226.0,3226.0,3226.0,3226.0,3226.0,3226.0,3226.0,3226.0,3226.0,3226.0,6.0,,,,,,,,,,,,,,,0.6,200.9093,226.2604,248.0272,265.65,279.0719,288.6724,295.1405,299.3297,302.1337,304.3989,306.8803,310.2318,315.022,321.7605,330.928,343.0075,358.5235,378.1038,402.5882,433.2215,382.0,275.0,822.0304,51.96770000000004,270.42600000000004,14.521999999999991
3227,3227,3227.0,3227.0,3227.0,3227.0,3227.0,3227.0,3227.0,3227.0,3227.0,3227.0,3227.0,3227.0,3227.0,7.0,,,,,,,,,,,,,,,0.7,359.4472,340.6478,325.4732,313.8282,305.5252,300.238,297.5163,296.8371,297.6617,299.4769,301.81,304.2225,306.2926,307.6046,307.7573,306.3973,303.2753,298.3109,291.6477,283.6749,388.0,441.0,873.9981,98.4755,218.4583,14.521999999999991
3228,3228,3228.0,3228.0,3228.0,3228.0,3228.0,3228.0,3228.0,3228.0,3228.0,3228.0,3228.0,3228.0,3228.0,8.0,,,,,,,,,,,,,,,0.8,368.2636,352.0731,338.8051,328.0238,319.4036,312.6828,307.6388,304.0826,301.8661,300.9006,301.1792,302.798,305.9691,311.0189,318.3689,328.503,341.9346,359.1954,380.875,407.7439,174.0,451.0,972.4736,58.05109999999991,119.9828,14.521999999999991
3229,3229,3229.0,3229.0,3229.0,3229.0,3229.0,3229.0,3229.0,3229.0,3229.0,3229.0,3229.0,3229.0,3229.0,9.0,,,,,,,,,,,,,,,0.9,199.5586,222.8455,243.0489,259.7244,272.8275,282.6664,289.8051,294.9493,298.8447,302.2024,305.6565,309.752,314.953,321.6653,330.2664,341.1413,354.7265,371.5689,392.4132,418.34,399.0,417.0,1030.5247,61.93170000000009,61.93170000000009,14.521999999999991
3230,3230,3230.0,3230.0,3230.0,3230.0,3230.0,3230.0,3230.0,3230.0,3230.0,3230.0,3230.0,3230.0,3230.0,0.0,,,,,,,,,,,,,,,0.0,273.0,273.0,273.0,273.0,273.0,273.0,273.0,273.0,273.0,273.0,273.0,273.0,273.0,273.0,273.0,273.0,273.0,273.0,273.0,273.0,471.0,425.0,0.0,360.7225,1138.6769,14.16930000000002
3231,3231,3231.0,3231.0,3231.0,3231.0,3231.0,3231.0,3231.0,3231.0,3231.0,3231.0,3231.0,3231.0,3231.0,1.0,,,,,,,,,,,,,,,0.1,427.0465,391.3185,362.1293,338.5269,319.8617,305.5617,295.0465,287.7298,283.0696,280.6305,280.1358,281.4962,284.8097,290.3351,298.4428,309.5545,324.088,342.4318,364.9746,392.218,472.0,472.0,360.7225,164.40209999999996,777.9543999999999,14.16930000000002
3232,3232,3232.0,3232.0,3232.0,3232.0,3232.0,3232.0,3232.0,3232.0,3232.0,3232.0,3232.0,3232.0,3232.0,2.0,,,,,,,,,,,,,,,0.2,433.1406,402.2961,377.3627,357.0362,340.4854,327.1693,316.73,308.9303,303.6189,300.7135,300.1934,302.0981,306.5269,313.639,323.6543,336.8614,353.6396,374.5132,400.2558,432.0829,171.0,473.0,525.1246,66.89430000000004,613.5523,14.16930000000002
3233,3233,3233.0,3233.0,3233.0,3233.0,3233.0,3233.0,3233.0,3233.0,3233.0,3233.0,3233.0,3233.0,3233.0,3.0,,,,,,,,,,,,,,,0.3,199.8824,226.1324,248.6771,266.9348,280.8538,290.8429,297.6362,302.1402,305.2977,307.9889,310.9765,314.8881,320.2299,327.4194,336.8321,348.8554,363.9538,382.7521,406.1525,435.5197,348.0,275.0,592.0189,39.39620000000002,546.6579999999999,14.16930000000002
3234,3234,3234.0,3234.0,3234.0,3234.0,3234.0,3234.0,3234.0,3234.0,3234.0,3234.0,3234.0,3234.0,3234.0,4.0,,,,,,,,,,,,,,,0.4,333.1264,320.6923,310.8056,303.51,298.7171,296.1928,295.5855,296.4775,298.4349,301.0395,303.8979,306.6314,308.8602,310.1953,310.2516,308.6856,305.2561,299.8921,292.7513,284.2426,391.0,472.0,631.4151,89.19439999999997,507.2617999999999,14.16930000000002
3235,3235,3235.0,3235.0,3235.0,3235.0,3235.0,3235.0,3235.0,3235.0,3235.0,3235.0,3235.0,3235.0,3235.0,5.0,,,,,,,,,,,,,,,0.5,369.7655,352.298,338.0268,326.5573,317.5765,310.8025,305.9663,302.8191,301.1563,300.8491,301.8782,304.3594,308.5563,314.8742,323.8335,336.0314,352.1077,372.7458,398.7465,431.2252,172.0,237.0,720.6095,60.06819999999993,418.0673999999999,14.16930000000002
3236,3236,3236.0,3236.0,3236.0,3236.0,3236.0,3236.0,3236.0,3236.0,3236.0,3236.0,3236.0,3236.0,3236.0,6.0,,,,,,,,,,,,,,,0.6,197.8241,221.3609,241.7949,258.6786,271.9614,281.9358,289.1279,294.1676,297.6648,300.1105,301.8102,302.8505,303.0998,302.2399,299.8295,295.3946,288.5368,279.0449,266.9851,252.7434,429.0,471.0,780.6777,166.8239000000001,357.9992,14.16930000000002
3237,3237,3237.0,3237.0,3237.0,3237.0,3237.0,3237.0,3237.0,3237.0,3237.0,3237.0,3237.0,3237.0,3237.0,7.0,,,,,,,,,,,,,,,0.7,394.8804,366.7483,343.9115,325.9603,312.5001,303.0287,296.9285,293.5311,292.2163,292.5075,294.1443,297.1188,301.6762,308.2795,317.5484,330.1826,346.8962,368.3958,395.4469,429.0792,171.0,391.0,947.5016,63.739999999999895,191.17529999999988,14.16930000000002
3238,3238,3238.0,3238.0,3238.0,3238.0,3238.0,3238.0,3238.0,3238.0,3238.0,3238.0,3238.0,3238.0,3238.0,8.0,,,,,,,,,,,,,,,0.8,196.7701,220.1927,240.4152,256.9823,269.871,279.4343,286.2888,291.1823,294.8742,298.0459,301.2495,304.8905,309.2391,314.4624,320.669,327.9632,336.5007,346.5442,358.5145,373.038,417.0,473.0,1011.2416,97.22270000000016,127.43529999999998,14.16930000000002
3239,3239,3239.0,3239.0,3239.0,3239.0,3239.0,3239.0,3239.0,3239.0,3239.0,3239.0,3239.0,3239.0,3239.0,9.0,,,,,,,,,,,,,,,0.9,385.5177,359.4304,338.2558,321.7207,309.5353,301.2918,296.4622,294.4601,294.7259,296.8068,300.4098,305.4255,311.9248,320.1382,330.4281,343.2658,359.226,379.0158,403.5628,434.1979,316.0,274.0,1108.4643,30.21259999999984,30.21259999999984,14.16930000000002
3240,3240,3240.0,3240.0,3240.0,3240.0,3240.0,3240.0,3240.0,3240.0,3240.0,3240.0,3240.0,3240.0,0.0,,,,,,,,,,,,,,,,0.0,273.0,273.0,273.0,273.0,273.0,273.0,273.0,273.0,273.0,273.0,273.0,273.0,273.0,273.0,273.0,273.0,273.0,273.0,273.0,273.0,473.0,472.0,0.0,352.038,1031.4151,0.8716000000000008
3241,3241,3241.0,3241.0,3241.0,3241.0,3241.0,3241.0,3241.0,3241.0,3241.0,3241.0,3241.0,3241.0,1.0,,,,,,,,,,,,,,,,0.1,428.5462,392.4485,362.9762,339.1562,320.3299,305.9242,295.364,288.0773,283.5485,281.3851,281.3745,283.5147,288.0148,295.2632,305.7721,320.11,338.8482,362.5558,391.8849,427.797,173.0,394.0,352.038,105.57659999999998,679.3770999999999,0.8716000000000008
3242,3242,3242.0,3242.0,3242.0,3242.0,3242.0,3242.0,3242.0,3242.0,3242.0,3242.0,3242.0,3242.0,2.0,,,,,,,,,,,,,,,,0.2,199.2106,222.9266,243.1729,259.4286,271.6663,280.2896,286.0056,289.6746,292.174,294.2939,296.6754,299.7869,303.934,309.2923,315.958,324.0065,333.5561,344.8299,358.2131,374.3088,471.0,473.0,457.6146,111.99339999999997,573.8004999999999,0.8716000000000008
3243,3243,3243.0,3243.0,3243.0,3243.0,3243.0,3243.0,3243.0,3243.0,3243.0,3243.0,3243.0,3243.0,3.0,,,,,,,,,,,,,,,,0.3,426.5779,390.6048,361.6074,338.7886,321.5652,309.3381,301.4257,297.099,295.664,296.5449,299.3434,303.864,310.1101,318.2589,328.63,341.658,357.8853,377.9903,402.8764,433.8565,172.0,472.0,569.608,44.43280000000004,461.8071,0.8716000000000008
3244,3244,3244.0,3244.0,3244.0,3244.0,3244.0,3244.0,3244.0,3244.0,3244.0,3244.0,3244.0,3244.0,4.0,,,,,,,,,,,,,,,,0.4,199.003,223.5391,244.6643,261.8821,275.1795,284.9625,291.9293,296.9244,300.8109,304.3789,308.298,313.1087,319.2428,327.0631,336.9114,349.1641,364.294,382.9485,406.0602,435.0228,473.0,408.0,614.0408,54.992399999999975,417.3743,0.8716000000000008
3245,3245,3245.0,3245.0,3245.0,3245.0,3245.0,3245.0,3245.0,3245.0,3245.0,3245.0,3245.0,3245.0,5.0,,,,,,,,,,,,,,,,0.5,428.6487,392.9156,364.3009,341.991,325.3873,313.8716,306.7344,303.2037,302.5187,304.003,307.1135,311.4582,316.7901,322.992,330.0633,338.1192,347.4032,358.314,371.4422,387.6208,173.0,472.0,669.0332,44.80600000000004,362.3819,0.8716000000000008
3246,3246,3246.0,3246.0,3246.0,3246.0,3246.0,3246.0,3246.0,3246.0,3246.0,3246.0,3246.0,3246.0,6.0,,,,,,,,,,,,,,,,0.6,200.3812,225.2879,246.7646,264.3029,277.8751,287.8674,294.9531,299.9488,303.6911,306.9523,310.4011,314.6008,320.0337,327.1375,336.345,348.122,363.0102,381.6871,405.0671,434.4806,362.0,293.0,713.8392,42.97789999999998,317.57589999999993,0.8716000000000008
3247,3247,3247.0,3247.0,3247.0,3247.0,3247.0,3247.0,3247.0,3247.0,3247.0,3247.0,3247.0,3247.0,7.0,,,,,,,,,,,,,,,,0.7,343.847,328.6611,316.4841,307.3242,301.0658,297.4435,296.0662,296.471,298.1787,300.7342,303.7218,306.7609,309.4918,311.5672,312.6608,312.4974,310.9029,307.8608,303.5585,298.4041,332.0,381.0,756.8171,76.04520000000002,274.598,0.8716000000000008
3248,3248,3248.0,3248.0,3248.0,3248.0,3248.0,3248.0,3248.0,3248.0,3248.0,3248.0,3248.0,3248.0,8.0,,,,,,,,,,,,,,,,0.8,324.1799,317.7757,312.5513,308.3325,304.9943,302.4489,300.6328,299.4987,299.0121,299.1565,299.9438,301.4288,303.7216,306.9945,311.4786,317.4506,325.2144,335.0875,347.4029,362.5407,287.0,322.0,832.8623,74.65840000000003,198.5528,0.8716000000000008
3249,3249,3249.0,3249.0,3249.0,3249.0,3249.0,3249.0,3249.0,3249.0,3249.0,3249.0,3249.0,3249.0,9.0,,,,,,,,,,,,,,,,0.9,288.5288,290.158,291.7049,293.0488,294.1407,294.9994,295.6959,296.3319,297.0163,297.8448,298.8848,300.1674,301.6874,303.4114,305.294,307.3011,309.4374,311.773,314.4634,317.759,407.0,296.0,907.5207,123.8943999999999,123.8943999999999,0.8716000000000008
3250,3250,3250.0,3250.0,3250.0,3250.0,3250.0,3250.0,3250.0,3250.0,3250.0,3250.0,3250.0,3250.0,0.0,,,,,,,,,,,,,,,,0.0,273.0,273.0,273.0,273.0,273.0,273.0,273.0,273.0,273.0,273.0,273.0,273.0,273.0,273.0,273.0,273.0,273.0,273.0,273.0,273.0,473.0,471.0,0.0,352.188,904.0901,3.056100000000015
3251,3251,3251.0,3251.0,3251.0,3251.0,3251.0,3251.0,3251.0,3251.0,3251.0,3251.0,3251.0,3251.0,1.0,,,,,,,,,,,,,,,,0.1,428.5462,392.4484,362.9761,339.1559,320.3294,305.923,295.3617,288.0728,283.5402,281.3703,281.349,283.4727,287.9477,295.16,305.6187,319.8893,338.5398,362.135,391.3209,427.0473,173.0,392.0,352.188,106.3709,551.9021,3.056100000000015
3252,3252,3252.0,3252.0,3252.0,3252.0,3252.0,3252.0,3252.0,3252.0,3252.0,3252.0,3252.0,3252.0,2.0,,,,,,,,,,,,,,,,0.2,199.2096,222.9243,243.1691,259.4224,271.6566,280.2748,285.9831,289.6411,292.1246,294.222,296.5718,299.6394,303.7264,309.0041,315.5634,323.4737,332.8468,343.8978,357.0022,372.7491,472.0,473.0,458.5589,113.33069999999998,445.5312,3.056100000000015
3253,3253,3253.0,3253.0,3253.0,3253.0,3253.0,3253.0,3253.0,3253.0,3253.0,3253.0,3253.0,3253.0,3.0,,,,,,,,,,,,,,,,0.3,427.3248,391.1626,362.0168,339.0786,321.758,309.4516,301.474,297.0932,295.612,296.4526,299.2153,303.7047,309.9254,318.0567,328.4209,341.4547,357.7017,377.8399,402.7703,433.8019,171.0,473.0,571.8896,45.10649999999998,332.20050000000003,3.056100000000015
3254,3254,3254.0,3254.0,3254.0,3254.0,3254.0,3254.0,3254.0,3254.0,3254.0,3254.0,3254.0,3254.0,4.0,,,,,,,,,,,,,,,,0.4,198.2155,222.9466,244.2399,261.5932,274.9922,284.8455,291.856,296.8749,300.7717,304.3433,308.2652,313.0832,319.2341,327.0848,336.9813,349.3035,364.528,383.3066,406.5782,435.7477,472.0,416.0,616.9961,55.695100000000025,287.09400000000005,3.056100000000015
3255,3255,3255.0,3255.0,3255.0,3255.0,3255.0,3255.0,3255.0,3255.0,3255.0,3255.0,3255.0,3255.0,5.0,,,,,,,,,,,,,,,,0.5,427.874,392.3029,363.8121,341.6019,325.0818,313.639,306.5682,303.1021,302.4861,304.0527,307.2707,311.7639,317.305,323.8005,331.2767,339.8783,349.8814,361.7206,376.031,393.7077,173.0,473.0,672.6912,43.20810000000006,231.39890000000003,3.056100000000015
3256,3256,3256.0,3256.0,3256.0,3256.0,3256.0,3256.0,3256.0,3256.0,3256.0,3256.0,3256.0,3256.0,6.0,,,,,,,,,,,,,,,,0.6,200.3495,225.2298,246.6903,264.2259,277.8112,287.8338,294.9675,300.0288,303.8536,307.2124,310.7703,315.0852,320.632,327.8397,337.1324,348.9693,363.8905,382.579,405.964,435.4012,472.0,471.0,715.8993,57.39580000000001,188.1908,3.056100000000015
3257,3257,3257.0,3257.0,3257.0,3257.0,3257.0,3257.0,3257.0,3257.0,3257.0,3257.0,3257.0,3257.0,7.0,,,,,,,,,,,,,,,,0.7,428.1791,392.9114,364.71,342.7603,326.4598,315.1911,308.2555,304.9066,304.4284,306.213,309.8145,314.9696,321.5939,329.7641,339.7002,351.7597,366.4513,384.4798,406.8338,434.9483,172.0,472.0,773.2951,37.89289999999994,130.79499999999996,3.056100000000015
3258,3258,3258.0,3258.0,3258.0,3258.0,3258.0,3258.0,3258.0,3258.0,3258.0,3258.0,3258.0,3258.0,8.0,,,,,,,,,,,,,,,,0.8,199.7412,224.9998,246.8211,264.7021,278.6251,288.9905,296.487,301.9451,306.2086,310.0458,314.1043,318.9058,324.8699,332.3557,341.7122,353.3337,367.7203,385.5533,407.8011,435.8893,471.0,472.0,811.188,54.38620000000003,92.90210000000002,3.056100000000015
3259,3259,3259.0,3259.0,3259.0,3259.0,3259.0,3259.0,3259.0,3259.0,3259.0,3259.0,3259.0,3259.0,9.0,,,,,,,,,,,,,,,,0.9,427.5633,392.6258,364.7286,343.0699,327.0518,316.0561,309.3803,306.272,306.0075,307.9709,311.7075,316.9467,323.5988,331.7384,341.5882,353.5135,368.0363,385.8797,408.0555,436.0258,171.0,472.0,865.5742,38.51589999999999,38.51589999999999,3.056100000000015
3260,3260,3260.0,3260.0,3260.0,3260.0,3260.0,3260.0,3260.0,3260.0,3260.0,3260.0,3260.0,3260.0,0.0,,,,,,,,,,,,,,,,0.0,273.0,273.0,273.0,273.0,273.0,273.0,273.0,273.0,273.0,273.0,273.0,273.0,273.0,273.0,273.0,273.0,273.0,273.0,273.0,273.0,473.0,472.0,0.0,352.038,960.5147,4.652499999999975
3261,3261,3261.0,3261.0,3261.0,3261.0,3261.0,3261.0,3261.0,3261.0,3261.0,3261.0,3261.0,3261.0,1.0,,,,,,,,,,,,,,,,0.1,428.5462,392.4485,362.9762,339.1562,320.3299,305.9242,295.364,288.0773,283.5485,281.3851,281.3745,283.5147,288.0148,295.2632,305.7721,320.11,338.8482,362.5558,391.8849,427.797,172.0,393.0,352.038,105.9183,608.4766999999999,4.652499999999975
3262,3262,3262.0,3262.0,3262.0,3262.0,3262.0,3262.0,3262.0,3262.0,3262.0,3262.0,3262.0,3262.0,2.0,,,,,,,,,,,,,,,,0.2,198.3985,222.2886,242.6885,259.0732,271.4142,280.1164,285.8896,289.5977,292.1213,294.2531,296.6357,299.7378,303.8641,309.1885,315.8044,323.784,333.2421,344.3979,357.6322,373.5419,473.0,473.0,457.9563,113.27979999999997,502.5584,4.652499999999975
3263,3263,3263.0,3263.0,3263.0,3263.0,3263.0,3263.0,3263.0,3263.0,3263.0,3263.0,3263.0,3263.0,3.0,,,,,,,,,,,,,,,,0.3,428.0478,391.6755,362.3667,339.3038,321.8921,309.5244,301.5112,297.1157,295.6355,296.4876,299.2677,303.7765,310.015,318.16,328.5312,341.5641,357.8016,377.9223,402.8286,433.832,173.0,473.0,571.2361,44.57190000000003,389.2786,4.652499999999975
3264,3264,3264.0,3264.0,3264.0,3264.0,3264.0,3264.0,3264.0,3264.0,3264.0,3264.0,3264.0,3264.0,4.0,,,,,,,,,,,,,,,,0.4,199.8633,224.2671,245.2695,262.3753,275.5725,285.2677,292.159,297.0913,300.9276,304.4583,308.3533,313.154,319.2936,327.1364,337.0263,349.3421,364.5598,383.331,406.5947,435.756,364.0,473.0,615.808,56.16120000000001,344.7067,4.652499999999975
3265,3265,3265.0,3265.0,3265.0,3265.0,3265.0,3265.0,3265.0,3265.0,3265.0,3265.0,3265.0,3265.0,5.0,,,,,,,,,,,,,,,,0.5,345.1561,329.3665,316.6743,307.0985,300.5423,296.7675,295.425,296.1177,298.4715,302.192,307.0999,313.1426,320.3902,329.026,339.3398,351.7337,366.7469,385.1078,407.8308,436.3845,350.0,332.0,671.9692,14.119800000000057,288.54549999999995,4.652499999999975
3266,3266,3266.0,3266.0,3266.0,3266.0,3266.0,3266.0,3266.0,3266.0,3266.0,3266.0,3266.0,3266.0,6.0,,,,,,,,,,,,,,,,0.6,338.3764,328.8311,321.0904,314.9654,310.3236,307.0663,305.108,304.3597,304.7141,306.0338,308.1439,310.8294,313.8415,316.915,319.7989,322.2988,324.328,325.9552,327.4399,329.2419,249.0,324.0,686.089,53.5788,274.4256999999999,4.652499999999975
3267,3267,3267.0,3267.0,3267.0,3267.0,3267.0,3267.0,3267.0,3267.0,3267.0,3267.0,3267.0,3267.0,7.0,,,,,,,,,,,,,,,,0.7,259.0458,268.2508,276.3064,283.0366,288.4139,292.5441,295.6282,297.9149,299.6552,301.0688,302.3254,303.5417,304.7894,306.1125,307.5467,309.1402,310.972,313.1659,315.9003,319.4127,473.0,473.0,739.6678,109.79429999999992,220.8468999999999,4.652499999999975
3268,3268,3268.0,3268.0,3268.0,3268.0,3268.0,3268.0,3268.0,3268.0,3268.0,3268.0,3268.0,3268.0,8.0,,,,,,,,,,,,,,,,0.8,430.2506,395.9558,368.4159,346.6437,329.9352,317.6525,309.1474,303.7742,300.9465,300.2038,301.2627,304.0445,308.6744,315.4571,324.8366,337.3504,353.5984,374.2517,400.1332,432.415,172.0,473.0,849.4621,52.7817,111.05259999999998,4.652499999999975
3269,3269,3269.0,3269.0,3269.0,3269.0,3269.0,3269.0,3269.0,3269.0,3269.0,3269.0,3269.0,3269.0,9.0,,,,,,,,,,,,,,,,0.9,199.8236,225.1126,246.8677,264.5542,278.1384,288.0216,294.9103,299.6691,303.1909,306.3039,309.7219,314.0322,319.7122,327.1642,336.7605,348.8951,364.0456,382.8523,406.2323,435.5628,473.0,473.0,902.2438,58.27089999999998,58.27089999999998,4.652499999999975
3270,3270,3270.0,3270.0,3270.0,3270.0,3270.0,3270.0,3270.0,3270.0,3270.0,3270.0,3270.0,3270.0,0.0,,,,,,,,,,,,,,,,0.0,273.0,273.0,273.0,273.0,273.0,273.0,273.0,273.0,273.0,273.0,273.0,273.0,273.0,273.0,273.0,273.0,273.0,273.0,273.0,273.0,473.0,473.0,0.0,351.8898,900.6940999999999,7.050099999999986
3271,3271,3271.0,3271.0,3271.0,3271.0,3271.0,3271.0,3271.0,3271.0,3271.0,3271.0,3271.0,3271.0,1.0,,,,,,,,,,,,,,,,0.1,428.5462,392.4485,362.9763,339.1565,320.3305,305.9254,295.3664,288.0818,283.5568,281.3999,281.3999,283.5568,288.0818,295.3664,305.9254,320.3305,339.1565,362.9763,392.4485,428.5462,171.0,390.0,351.8898,105.75210000000004,548.8043,7.050099999999986
3272,3272,3272.0,3272.0,3272.0,3272.0,3272.0,3272.0,3272.0,3272.0,3272.0,3272.0,3272.0,3272.0,2.0,,,,,,,,,,,,,,,,0.2,197.5875,221.6528,242.2076,258.7229,271.1694,279.9533,285.7869,289.5371,292.0862,294.2276,296.6019,299.6735,303.7402,308.9665,315.4347,323.2053,332.3809,343.1687,355.9367,371.2649,471.0,473.0,457.6419,114.73579999999998,443.0522,7.050099999999986
3273,3273,3273.0,3273.0,3273.0,3273.0,3273.0,3273.0,3273.0,3273.0,3273.0,3273.0,3273.0,3273.0,3.0,,,,,,,,,,,,,,,,0.3,426.5158,390.484,361.4354,338.5766,321.3264,309.0846,301.1663,296.8377,295.3999,296.2736,299.0588,303.5613,309.7878,317.9212,328.2874,341.3271,357.5866,377.7451,402.7029,433.767,172.0,471.0,572.3777,44.74699999999996,328.31640000000004,7.050099999999986
3274,3274,3274.0,3274.0,3274.0,3274.0,3274.0,3274.0,3274.0,3274.0,3274.0,3274.0,3274.0,3274.0,4.0,,,,,,,,,,,,,,,,0.4,198.9739,223.4819,244.5812,261.7756,275.0523,284.8174,291.7685,296.75,300.6245,304.1814,308.0892,312.8869,319.0046,326.8023,336.6189,348.8268,363.8941,382.4622,405.4553,434.2542,390.0,473.0,617.1247,56.430000000000064,283.5694000000001,7.050099999999986
3275,3275,3275.0,3275.0,3275.0,3275.0,3275.0,3275.0,3275.0,3275.0,3275.0,3275.0,3275.0,3275.0,5.0,,,,,,,,,,,,,,,,0.5,365.3308,344.7905,328.2097,315.485,306.4349,300.7445,297.9826,297.6644,299.3271,302.5945,307.2177,313.0895,320.2407,328.828,339.1252,351.525,366.5609,384.9578,407.7261,436.3311,292.0,322.0,673.5547,10.924099999999951,227.1394,7.050099999999986
3276,3276,3276.0,3276.0,3276.0,3276.0,3276.0,3276.0,3276.0,3276.0,3276.0,3276.0,3276.0,3276.0,6.0,,,,,,,,,,,,,,,,0.6,293.4627,295.0842,296.637,297.9926,299.1334,300.1396,301.156,302.3482,303.8584,305.769,308.0792,310.6967,313.4459,316.0926,318.385,320.1071,321.1396,321.5167,321.4665,321.4226,451.0,472.0,684.4788,74.32650000000001,216.21530000000007,7.050099999999986
3277,3277,3277.0,3277.0,3277.0,3277.0,3277.0,3277.0,3277.0,3277.0,3277.0,3277.0,3277.0,3277.0,7.0,,,,,,,,,,,,,,,,0.7,415.0899,386.1899,362.9656,344.5938,330.4687,320.0501,312.8081,308.2299,305.8592,305.3439,306.4756,309.2143,313.6928,320.2038,329.1714,341.1185,356.6437,376.4326,401.3354,432.553,172.0,473.0,758.8053,47.74149999999997,141.88880000000006,7.050099999999986
3278,3278,3278.0,3278.0,3278.0,3278.0,3278.0,3278.0,3278.0,3278.0,3278.0,3278.0,3278.0,3278.0,8.0,,,,,,,,,,,,,,,,0.8,199.7802,225.0725,246.9129,264.782,278.6409,288.8677,296.1344,301.2668,305.1208,308.4946,312.0812,316.4578,322.1011,329.4208,338.8023,350.6572,365.4817,383.9349,406.9508,435.9187,473.0,472.0,806.5468,55.77060000000006,94.14730000000009,7.050099999999986
3279,3279,3279.0,3279.0,3279.0,3279.0,3279.0,3279.0,3279.0,3279.0,3279.0,3279.0,3279.0,3279.0,9.0,,,,,,,,,,,,,,,,0.9,429.0157,393.6535,365.404,343.4394,327.148,315.9046,309.0037,305.6932,305.2516,307.0671,310.6905,315.8568,322.4809,330.6402,340.5571,352.5933,367.2642,385.2835,407.6527,435.8239,171.0,471.0,862.3174,38.37670000000003,38.37670000000003,7.050099999999986
3280,3280,3280.0,3280.0,3280.0,3280.0,3280.0,3280.0,3280.0,3280.0,3280.0,3280.0,3280.0,3280.0,0.0,,,,,,,,,,,,,,,,0.0,273.0,273.0,273.0,273.0,273.0,273.0,273.0,273.0,273.0,273.0,273.0,273.0,273.0,273.0,273.0,273.0,273.0,273.0,273.0,273.0,472.0,471.0,0.0,352.0918,1044.1017,4.521999999999991
3281,3281,3281.0,3281.0,3281.0,3281.0,3281.0,3281.0,3281.0,3281.0,3281.0,3281.0,3281.0,3281.0,1.0,,,,,,,,,,,,,,,,0.1,427.7969,391.8848,362.5556,338.8477,320.1088,305.7697,295.2585,288.0058,283.4981,281.3448,281.3342,283.4643,287.9432,295.1577,305.6175,319.8887,338.5395,362.1349,391.3208,427.0473,173.0,398.0,352.0918,106.1044,692.0099,4.521999999999991
3282,3282,3282.0,3282.0,3282.0,3282.0,3282.0,3282.0,3282.0,3282.0,3282.0,3282.0,3282.0,3282.0,2.0,,,,,,,,,,,,,,,,0.2,199.1788,222.8663,243.0901,259.3306,271.5607,280.1834,285.9049,289.5855,292.103,294.2504,296.6737,299.8492,304.0931,309.5946,316.465,324.796,334.7222,346.4831,360.4825,377.3476,473.0,473.0,458.1962,110.99470000000008,585.9055,4.521999999999991
3283,3283,3283.0,3283.0,3283.0,3283.0,3283.0,3283.0,3283.0,3283.0,3283.0,3283.0,3283.0,3283.0,3.0,,,,,,,,,,,,,,,,0.3,428.0713,391.7216,362.4332,339.3878,321.9911,309.6374,301.6397,297.2642,295.8109,296.698,299.5203,304.0753,310.3585,318.5394,328.9296,341.9578,358.1622,378.2211,403.0413,433.9419,174.0,473.0,569.1909,43.85879999999997,474.9107999999999,4.521999999999991
3284,3284,3284.0,3284.0,3284.0,3284.0,3284.0,3284.0,3284.0,3284.0,3284.0,3284.0,3284.0,3284.0,4.0,,,,,,,,,,,,,,,,0.4,200.6906,224.9356,245.7996,262.7916,275.9007,285.5321,292.3808,297.2874,301.1103,304.6357,308.5295,313.3297,319.4667,327.3031,337.1815,349.4805,364.6762,383.4211,406.6558,435.7867,471.0,376.0,613.0497,51.48849999999993,431.0519999999999,4.521999999999991
3285,3285,3285.0,3285.0,3285.0,3285.0,3285.0,3285.0,3285.0,3285.0,3285.0,3285.0,3285.0,3285.0,5.0,,,,,,,,,,,,,,,,0.5,427.2306,391.9458,363.6846,341.6496,325.2492,313.8686,306.7992,303.2666,302.5002,303.8026,306.5941,310.427,314.9788,320.0368,325.4888,331.3268,337.6644,344.763,353.0594,363.1881,174.0,473.0,664.5382,52.04340000000002,379.5635,4.521999999999991
3286,3286,3286.0,3286.0,3286.0,3286.0,3286.0,3286.0,3286.0,3286.0,3286.0,3286.0,3286.0,3286.0,6.0,,,,,,,,,,,,,,,,0.6,201.1387,225.8167,247.0837,264.4304,277.8227,287.6353,294.5275,299.3025,302.7873,305.7531,308.8781,312.7493,317.886,324.7738,333.8972,345.7681,360.9577,380.1489,404.2352,434.5075,400.0,297.0,716.5816,45.69079999999997,327.5201,4.521999999999991
3287,3287,3287.0,3287.0,3287.0,3287.0,3287.0,3287.0,3287.0,3287.0,3287.0,3287.0,3287.0,3287.0,7.0,,,,,,,,,,,,,,,,0.7,373.3435,351.2498,333.4205,319.6673,309.743,303.269,299.7406,298.5765,299.1821,300.9979,303.523,306.3132,308.9671,311.1145,312.4199,312.6076,311.5072,309.1051,305.5879,301.3565,246.0,417.0,762.2724,73.64140000000009,281.8293,4.521999999999991
3288,3288,3288.0,3288.0,3288.0,3288.0,3288.0,3288.0,3288.0,3288.0,3288.0,3288.0,3288.0,3288.0,8.0,,,,,,,,,,,,,,,,0.8,257.0137,267.0262,275.6445,282.6525,288.0321,291.9424,294.6711,296.5762,298.0364,299.4199,301.0759,303.3439,306.5705,311.1259,317.4093,325.8437,336.8661,350.9259,368.514,390.2424,473.0,287.0,835.9138,87.63259999999991,208.1878999999999,4.521999999999991
3289,3289,3289.0,3289.0,3289.0,3289.0,3289.0,3289.0,3289.0,3289.0,3289.0,3289.0,3289.0,3289.0,9.0,,,,,,,,,,,,,,,,0.9,430.1753,395.8127,368.2231,346.4314,329.7431,317.522,309.1038,303.7934,300.9,299.777,299.8453,300.5972,301.5867,302.4192,302.7497,302.299,300.8834,298.4519,295.1156,291.1557,171.0,473.0,923.5464,120.5553,120.5553,4.521999999999991
3290,3290,3290.0,3290.0,3290.0,3290.0,3290.0,3290.0,3290.0,3290.0,3290.0,3290.0,3290.0,3290.0,0.0,,,,,,,,,,,,,,,,0.0,273.0,273.0,273.0,273.0,273.0,273.0,273.0,273.0,273.0,273.0,273.0,273.0,273.0,273.0,273.0,273.0,273.0,273.0,273.0,273.0,473.0,472.0,0.0,352.038,914.6099,1.009999999999991
3291,3291,3291.0,3291.0,3291.0,3291.0,3291.0,3291.0,3291.0,3291.0,3291.0,3291.0,3291.0,3291.0,1.0,,,,,,,,,,,,,,,,0.1,428.5462,392.4485,362.9762,339.1562,320.3299,305.9242,295.364,288.0773,283.5485,281.3851,281.3745,283.5147,288.0148,295.2632,305.7721,320.11,338.8482,362.5558,391.8849,427.797,174.0,395.0,352.038,105.2389,562.5719,1.009999999999991
3292,3292,3292.0,3292.0,3292.0,3292.0,3292.0,3292.0,3292.0,3292.0,3292.0,3292.0,3292.0,3292.0,2.0,,,,,,,,,,,,,,,,0.2,200.0226,223.5644,243.6572,259.7839,271.9183,280.4628,286.1215,289.7515,292.2266,294.3347,296.7151,299.836,304.0038,309.3961,316.1115,324.2289,333.8699,345.2615,358.7937,375.0755,471.0,471.0,457.2769,110.81839999999994,457.333,1.009999999999991
3293,3293,3293.0,3293.0,3293.0,3293.0,3293.0,3293.0,3293.0,3293.0,3293.0,3293.0,3293.0,3293.0,3.0,,,,,,,,,,,,,,,,0.3,426.609,390.6654,361.6933,338.8934,321.6815,309.4584,301.5433,297.2087,295.7615,296.6258,299.4015,303.89,310.0891,318.1694,328.4423,341.3341,357.3782,377.243,401.8185,432.3951,173.0,473.0,568.0953,44.67360000000008,346.5146000000001,1.009999999999991
3294,3294,3294.0,3294.0,3294.0,3294.0,3294.0,3294.0,3294.0,3294.0,3294.0,3294.0,3294.0,3294.0,4.0,,,,,,,,,,,,,,,,0.4,199.8264,224.1988,245.179,262.2738,275.4709,285.1742,292.0787,297.0253,300.8735,304.4111,308.3071,313.1029,319.2334,327.0654,336.9464,349.2582,364.4791,383.2615,406.5439,435.7293,386.0,443.0,612.7689,50.78539999999998,301.841,1.009999999999991
3295,3295,3295.0,3295.0,3295.0,3295.0,3295.0,3295.0,3295.0,3295.0,3295.0,3295.0,3295.0,3295.0,5.0,,,,,,,,,,,,,,,,0.5,362.2815,342.5145,326.5643,314.3462,305.6897,300.2887,297.7191,297.5,299.1659,302.3275,306.7077,312.1541,318.6335,326.2212,335.094,345.5342,357.9506,372.917,391.2371,414.0485,297.0,317.0,663.5543,17.129699999999957,251.05560000000003,1.009999999999991
3296,3296,3296.0,3296.0,3296.0,3296.0,3296.0,3296.0,3296.0,3296.0,3296.0,3296.0,3296.0,3296.0,6.0,,,,,,,,,,,,,,,,0.6,297.3044,297.9115,298.6004,299.2404,299.8006,300.3378,300.9656,301.816,302.9991,304.5719,306.5176,308.7397,311.0702,313.2921,315.1765,316.5293,317.245,317.356,317.0675,316.7665,411.0,473.0,680.684,71.91770000000008,233.92590000000007,1.009999999999991
3297,3297,3297.0,3297.0,3297.0,3297.0,3297.0,3297.0,3297.0,3297.0,3297.0,3297.0,3297.0,3297.0,7.0,,,,,,,,,,,,,,,,0.7,384.7794,363.3547,345.9981,332.2223,321.6308,313.8434,308.4772,305.1643,303.5896,303.5312,304.8953,307.7367,312.2638,318.8268,327.8918,340.0087,355.7901,375.9237,401.2536,432.9733,174.0,472.0,752.6017,43.29469999999992,162.0082,1.009999999999991
3298,3298,3298.0,3298.0,3298.0,3298.0,3298.0,3298.0,3298.0,3298.0,3298.0,3298.0,3298.0,3298.0,8.0,,,,,,,,,,,,,,,,0.8,200.1329,223.9465,244.5969,261.6298,275.0138,285.0883,292.4574,297.8681,302.1008,305.8905,309.8843,314.6297,320.5885,328.1651,337.7459,349.7453,364.6629,383.1589,406.1652,435.064,472.0,330.0,795.8964,51.55130000000008,118.71350000000008,1.009999999999991
3299,3299,3299.0,3299.0,3299.0,3299.0,3299.0,3299.0,3299.0,3299.0,3299.0,3299.0,3299.0,3299.0,9.0,,,,,,,,,,,,,,,,0.9,427.9476,392.4515,364.0349,341.8932,325.4274,314.01,306.9119,303.328,302.4452,303.5087,305.8639,308.9669,312.3757,315.7352,318.771,321.3013,323.2632,324.7479,326.0284,327.5679,174.0,473.0,847.4477,67.16219999999998,67.16219999999998,1.009999999999991
3300,3300,3300.0,3300.0,3300.0,3300.0,3300.0,3300.0,3300.0,3300.0,3300.0,3300.0,3300.0,0.0,,,,,,,,,,,,,,,,,0.0,273.0,273.0,273.0,273.0,273.0,273.0,273.0,273.0,273.0,273.0,273.0,273.0,273.0,273.0,273.0,273.0,273.0,273.0,273.0,273.0,473.0,473.0,0.0,351.8898,923.7318,-40.0
3301,3301,3301.0,3301.0,3301.0,3301.0,3301.0,3301.0,3301.0,3301.0,3301.0,3301.0,3301.0,1.0,,,,,,,,,,,,,,,,,0.1,428.5462,392.4485,362.9763,339.1565,320.3305,305.9254,295.3664,288.0818,283.5568,281.3999,281.3999,283.5568,288.0818,295.3664,305.9254,320.3305,339.1565,362.9763,392.4485,428.5462,174.0,473.0,351.8898,104.30600000000004,571.8420000000001,-7.074599999999975
3302,3302,3302.0,3302.0,3302.0,3302.0,3302.0,3302.0,3302.0,3302.0,3302.0,3302.0,3302.0,2.0,,,,,,,,,,,,,,,,,0.2,200.025,223.5705,243.6699,259.8095,271.9691,280.5618,286.3108,290.1044,292.8666,295.4605,298.633,302.9979,309.0463,317.178,327.7441,341.0993,357.6664,378.0206,403.0128,433.9639,411.0,471.0,456.1958,79.56019999999995,467.536,-32.438199999999995
3303,3303,3303.0,3303.0,3303.0,3303.0,3303.0,3303.0,3303.0,3303.0,3303.0,3303.0,3303.0,3.0,,,,,,,,,,,,,,,,,0.3,381.0579,356.2003,336.0124,320.2613,308.6935,300.9457,296.5449,294.964,295.6981,298.3309,302.5765,308.2942,315.4828,324.2671,334.8863,347.6955,363.1869,382.0418,405.2251,434.1538,174.0,472.0,535.756,40.85500000000002,387.9758000000001,-12.054300000000012
3304,3304,3304.0,3304.0,3304.0,3304.0,3304.0,3304.0,3304.0,3304.0,3304.0,3304.0,3304.0,4.0,,,,,,,,,,,,,,,,,0.4,198.8871,221.5584,241.2557,257.5857,270.5518,280.5031,288.0317,293.8526,298.6978,303.2404,308.0564,313.6195,320.3216,328.5087,338.5259,350.7676,365.7355,384.1126,406.8692,435.4344,471.0,293.0,576.611,62.659200000000055,347.12080000000003,-32.49689999999998
3305,3305,3305.0,3305.0,3305.0,3305.0,3305.0,3305.0,3305.0,3305.0,3305.0,3305.0,3305.0,5.0,,,,,,,,,,,,,,,,,0.5,426.7985,391.0957,362.4578,340.1157,323.4966,311.9875,304.859,301.2896,300.4316,301.4765,303.6951,306.4472,309.1726,311.3789,312.6412,312.6237,311.1197,308.1013,303.7597,298.5178,172.0,472.0,639.2702,85.6626,284.4616,-1.0124999999999886
3306,3306,3306.0,3306.0,3306.0,3306.0,3306.0,3306.0,3306.0,3306.0,3306.0,3306.0,3306.0,6.0,,,,,,,,,,,,,,,,,0.6,199.2617,224.0326,245.3427,262.6638,275.9426,285.5355,292.0841,296.3776,299.2378,301.446,303.7147,306.695,311.0033,317.2475,326.0436,338.0179,353.8088,374.0942,399.6801,431.7007,387.0,411.0,724.9328,61.096900000000005,198.799,-27.464499999999987
3307,3307,3307.0,3307.0,3307.0,3307.0,3307.0,3307.0,3307.0,3307.0,3307.0,3307.0,3307.0,7.0,,,,,,,,,,,,,,,,,0.7,362.971,342.9188,326.6824,314.1565,305.1542,299.3564,296.3301,295.5889,296.6637,299.1606,302.793,307.3878,312.8749,319.2716,326.6723,335.2516,345.282,357.1665,371.4831,389.0467,225.0,473.0,786.0297,42.51389999999992,137.70209999999997,-13.643599999999992
3308,3308,3308.0,3308.0,3308.0,3308.0,3308.0,3308.0,3308.0,3308.0,3308.0,3308.0,3308.0,8.0,,,,,,,,,,,,,,,,,0.8,239.5787,252.8173,264.2954,273.8031,281.3638,287.2086,291.7201,295.3635,298.6261,301.9751,305.8399,310.615,316.6758,324.402,334.2009,346.5332,361.9455,381.1255,405.0014,434.9241,427.0,370.0,828.5436,40.74380000000008,95.18820000000004,-25.79140000000001
3309,3309,3309.0,3309.0,3309.0,3309.0,3309.0,3309.0,3309.0,3309.0,3309.0,3309.0,3309.0,9.0,,,,,,,,,,,,,,,,,0.9,394.8231,368.4552,347.1533,330.4762,318.0491,309.4468,304.1665,301.6553,301.3613,302.7796,305.4813,309.1221,313.4377,318.2376,323.4051,328.9111,334.8389,341.4152,349.0388,358.3016,172.0,473.0,869.2874,54.44439999999997,54.44439999999997,-3.553200000000004
3310,3310,3310.0,3310.0,3310.0,3310.0,3310.0,3310.0,3310.0,3310.0,3310.0,3310.0,3310.0,0.0,,,,,,,,,,,,,,,,,0.0,273.0,273.0,273.0,273.0,273.0,273.0,273.0,273.0,273.0,273.0,273.0,273.0,273.0,273.0,273.0,273.0,273.0,273.0,273.0,273.0,472.0,471.0,0.0,352.0918,988.4412,-40.0
3311,3311,3311.0,3311.0,3311.0,3311.0,3311.0,3311.0,3311.0,3311.0,3311.0,3311.0,3311.0,1.0,,,,,,,,,,,,,,,,,0.1,427.7969,391.8848,362.5556,338.8477,320.1088,305.7697,295.2585,288.0058,283.4981,281.3448,281.3342,283.4643,287.9432,295.1577,305.6175,319.8887,338.5395,362.1349,391.3208,427.0473,173.0,472.0,352.0918,105.8265,636.3494,-7.2303
3312,3312,3312.0,3312.0,3312.0,3312.0,3312.0,3312.0,3312.0,3312.0,3312.0,3312.0,3312.0,2.0,,,,,,,,,,,,,,,,,0.2,199.1802,222.8701,243.0987,259.3495,271.6007,280.2654,286.0675,289.8969,292.6787,295.2775,298.4418,302.7867,308.8047,316.8967,327.4148,340.7133,357.2129,377.4843,402.3696,433.1746,473.0,351.0,457.9183,80.43559999999997,530.5228999999999,-32.7346
3313,3313,3313.0,3313.0,3313.0,3313.0,3313.0,3313.0,3313.0,3313.0,3313.0,3313.0,3313.0,3.0,,,,,,,,,,,,,,,,,0.3,428.1299,391.8514,362.6582,339.7424,322.5178,310.3805,302.6323,298.5041,297.2234,298.0802,300.4688,303.8995,307.9882,312.4422,317.0523,321.7008,326.3854,331.2495,336.6093,342.9659,174.0,472.0,538.3539,70.94550000000004,450.0873,-2.6195000000000164
3314,3314,3314.0,3314.0,3314.0,3314.0,3314.0,3314.0,3314.0,3314.0,3314.0,3314.0,3314.0,4.0,,,,,,,,,,,,,,,,,0.4,200.739,225.0181,245.8861,262.8322,275.8206,285.2258,291.7088,296.0775,299.1674,301.7621,304.558,308.166,313.1348,319.982,329.222,341.3869,357.0502,376.8732,401.7019,432.759,404.0,396.0,609.2994,55.9529,379.1418,-27.774200000000008
3315,3315,3315.0,3315.0,3315.0,3315.0,3315.0,3315.0,3315.0,3315.0,3315.0,3315.0,3315.0,5.0,,,,,,,,,,,,,,,,,0.5,376.1496,353.0463,334.3487,319.8512,309.3041,302.3367,298.4631,297.1372,297.8236,300.0571,303.4767,307.8334,312.9805,318.8589,325.4893,332.9762,341.5271,351.4827,363.3532,377.8617,177.0,473.0,665.2523,52.85590000000002,323.1889,-10.663299999999992
3316,3316,3316.0,3316.0,3316.0,3316.0,3316.0,3316.0,3316.0,3316.0,3316.0,3316.0,3316.0,6.0,,,,,,,,,,,,,,,,,0.6,201.3148,223.4576,242.6869,258.6099,271.2128,280.8122,287.9595,293.3293,297.6231,301.5035,305.5639,310.3285,316.2724,323.8494,333.5211,345.7852,361.2093,380.4857,404.5324,434.6776,473.0,303.0,718.1082,67.7681,270.333,-32.18779999999998
3317,3317,3317.0,3317.0,3317.0,3317.0,3317.0,3317.0,3317.0,3317.0,3317.0,3317.0,3317.0,7.0,,,,,,,,,,,,,,,,,0.7,428.3226,392.2582,363.3132,340.6841,323.7798,311.9803,304.5587,300.7033,299.5832,300.4135,302.4945,305.2219,308.0763,310.6095,312.4424,313.2817,312.9569,311.4639,309.0016,305.9815,171.0,471.0,785.8763,86.11720000000003,202.5649,-1.0197000000000005
3318,3318,3318.0,3318.0,3318.0,3318.0,3318.0,3318.0,3318.0,3318.0,3318.0,3318.0,3318.0,8.0,,,,,,,,,,,,,,,,,0.8,198.4647,223.4171,244.8749,262.3033,275.6497,285.2769,291.8372,296.133,298.9989,301.2264,303.5336,306.5708,310.9464,317.2541,326.091,338.0636,353.7933,373.9469,399.3262,431.0646,404.0,385.0,871.9935,61.14859999999999,116.44769999999994,-27.723099999999988
3319,3319,3319.0,3319.0,3319.0,3319.0,3319.0,3319.0,3319.0,3319.0,3319.0,3319.0,3319.0,9.0,,,,,,,,,,,,,,,,,0.9,376.0773,352.9027,334.1359,319.5708,308.9542,301.9104,297.9463,296.5084,297.0544,299.1122,302.3131,306.3982,311.2063,316.6579,322.7462,329.5409,337.2077,346.0371,356.4786,369.1745,190.0,471.0,933.1421,55.29909999999995,55.29909999999995,-11.08960000000002
3320,3320,3320.0,3320.0,3320.0,3320.0,3320.0,3320.0,3320.0,3320.0,3320.0,3320.0,3320.0,0.0,,,,,,,,,,,,,,,,,0.0,273.0,273.0,273.0,273.0,273.0,273.0,273.0,273.0,273.0,273.0,273.0,273.0,273.0,273.0,273.0,273.0,273.0,273.0,273.0,273.0,473.0,473.0,0.0,351.8898,1008.4798,1.1999000000000135
3321,3321,3321.0,3321.0,3321.0,3321.0,3321.0,3321.0,3321.0,3321.0,3321.0,3321.0,3321.0,1.0,,,,,,,,,,,,,,,,,0.1,428.5462,392.4485,362.9763,339.1565,320.3305,305.9254,295.3664,288.0818,283.5568,281.3999,281.3999,283.5568,288.0818,295.3664,305.9254,320.3305,339.1565,362.9763,392.4485,428.5462,172.0,471.0,351.8898,104.73850000000004,656.59,1.1999000000000135
3322,3322,3322.0,3322.0,3322.0,3322.0,3322.0,3322.0,3322.0,3322.0,3322.0,3322.0,3322.0,2.0,,,,,,,,,,,,,,,,,0.2,198.401,222.2948,242.7013,259.0989,271.465,280.2155,286.079,289.9509,292.7618,295.3799,298.5556,302.9033,308.913,316.9812,327.4543,340.6809,357.0764,377.2067,401.9085,432.4789,473.0,354.0,456.6283,80.46769999999998,551.8515,1.1999000000000135
3323,3323,3323.0,3323.0,3323.0,3323.0,3323.0,3323.0,3323.0,3323.0,3323.0,3323.0,3323.0,3.0,,,,,,,,,,,,,,,,,0.3,428.1115,391.8167,362.6117,339.6901,322.4665,310.3366,302.6014,298.4908,297.2319,298.116,300.5406,304.0212,308.1821,312.7411,317.5012,322.3581,327.3226,332.5501,338.3675,345.2863,171.0,472.0,537.096,70.24720000000002,471.3838,1.1999000000000135
3324,3324,3324.0,3324.0,3324.0,3324.0,3324.0,3324.0,3324.0,3324.0,3324.0,3324.0,3324.0,4.0,,,,,,,,,,,,,,,,,0.4,198.3019,223.1032,244.4336,261.7709,275.077,284.7315,291.4053,295.9185,299.1185,301.7991,304.6642,308.3287,313.3426,320.2223,329.4795,341.6432,357.2857,377.0685,401.8408,432.8308,406.0,389.0,607.3432,56.96429999999998,401.13659999999993,1.1999000000000135
3325,3325,3325.0,3325.0,3325.0,3325.0,3325.0,3325.0,3325.0,3325.0,3325.0,3325.0,3325.0,5.0,,,,,,,,,,,,,,,,,0.5,377.5984,354.0469,334.9889,320.2117,309.4601,302.355,298.3982,297.028,297.6908,299.9025,303.2817,307.5583,312.5631,318.2131,324.5033,331.5118,339.419,348.5374,359.3453,372.5238,180.0,473.0,664.3075,53.94590000000005,344.17229999999995,1.1999000000000135
3326,3326,3326.0,3326.0,3326.0,3326.0,3326.0,3326.0,3326.0,3326.0,3326.0,3326.0,3326.0,6.0,,,,,,,,,,,,,,,,,0.6,203.7817,225.4273,244.2095,259.7438,272.0178,281.3447,288.2677,293.4519,297.5892,301.3342,305.2754,309.936,315.7934,323.3074,332.9472,345.2175,360.69,380.0562,404.2272,434.52,258.0,473.0,718.2534,95.46489999999994,290.2263999999999,1.1999000000000135
3327,3327,3327.0,3327.0,3327.0,3327.0,3327.0,3327.0,3327.0,3327.0,3327.0,3327.0,3327.0,7.0,,,,,,,,,,,,,,,,,0.7,260.6793,263.333,266.1852,269.3875,273.012,277.0645,281.5139,286.3273,291.502,297.0879,303.1987,310.0134,317.7743,326.784,337.4104,350.1017,365.4203,384.1018,407.1577,436.049,473.0,349.0,813.7183,59.80589999999995,194.7615,1.1999000000000135
3328,3328,3328.0,3328.0,3328.0,3328.0,3328.0,3328.0,3328.0,3328.0,3328.0,3328.0,3328.0,8.0,,,,,,,,,,,,,,,,,0.8,429.2047,393.9193,365.5393,343.1873,326.2619,314.1999,306.3821,302.1287,300.7394,301.5428,303.9327,307.3864,311.4674,315.8252,320.1996,324.4371,328.5176,332.5852,336.9719,342.2061,173.0,473.0,873.5242,64.54390000000001,134.9556,1.1999000000000135
3329,3329,3329.0,3329.0,3329.0,3329.0,3329.0,3329.0,3329.0,3329.0,3329.0,3329.0,3329.0,9.0,,,,,,,,,,,,,,,,,0.9,200.3527,225.2097,246.5958,263.9853,277.3361,287.0234,293.7125,298.2181,301.3823,303.9954,306.7598,310.2923,315.1478,321.8517,330.927,342.9166,358.4068,378.0729,402.7768,433.7594,288.0,471.0,938.0681,70.4117,70.4117,1.1999000000000135
3330,3330,3330.0,3330.0,3330.0,3330.0,3330.0,3330.0,3330.0,3330.0,3330.0,3330.0,3330.0,0.0,,,,,,,,,,,,,,,,,0.0,273.0,273.0,273.0,273.0,273.0,273.0,273.0,273.0,273.0,273.0,273.0,273.0,273.0,273.0,273.0,273.0,273.0,273.0,273.0,273.0,472.0,473.0,0.0,351.7936,906.6497,-40.0
3331,3331,3331.0,3331.0,3331.0,3331.0,3331.0,3331.0,3331.0,3331.0,3331.0,3331.0,3331.0,1.0,,,,,,,,,,,,,,,,,0.1,427.797,391.8849,362.5558,338.8482,320.11,305.7721,295.2632,288.0148,283.5147,281.3745,281.3851,283.5485,288.0773,295.364,305.9242,320.3299,339.1562,362.9762,392.4485,428.5462,172.0,473.0,351.7936,104.97359999999998,554.8561,-7.227899999999977
3332,3332,3332.0,3332.0,3332.0,3332.0,3332.0,3332.0,3332.0,3332.0,3332.0,3332.0,3332.0,2.0,,,,,,,,,,,,,,,,,0.2,198.3701,222.2364,242.6218,259.006,271.3668,280.1195,285.9918,289.8779,292.708,295.3508,298.558,302.9471,309.0124,317.1556,327.7295,341.09,357.6606,378.0171,403.0109,433.9631,472.0,351.0,456.7672,80.09609999999998,449.8825000000001,-32.880499999999984
3333,3333,3333.0,3333.0,3333.0,3333.0,3333.0,3333.0,3333.0,3333.0,3333.0,3333.0,3333.0,3.0,,,,,,,,,,,,,,,,,0.3,427.3541,391.2373,362.1693,339.3564,322.2199,310.16,302.4804,298.4134,297.1868,298.0909,300.5201,303.9843,308.099,312.5708,317.1894,321.8367,326.51,331.3532,336.6835,343.0046,172.0,472.0,536.8633,70.96270000000004,369.78640000000007,-2.839999999999975
3334,3334,3334.0,3334.0,3334.0,3334.0,3334.0,3334.0,3334.0,3334.0,3334.0,3334.0,3334.0,4.0,,,,,,,,,,,,,,,,,0.4,199.0798,223.6763,244.8282,262.0186,275.2098,284.7787,291.3905,295.8588,299.0246,301.6766,304.5153,308.1545,313.145,320.0064,329.2541,341.4212,357.0824,376.8999,401.7207,432.7686,407.0,386.0,607.826,57.04099999999994,298.82370000000003,-28.221299999999985
3335,3335,3335.0,3335.0,3335.0,3335.0,3335.0,3335.0,3335.0,3335.0,3335.0,3335.0,3335.0,5.0,,,,,,,,,,,,,,,,,0.5,378.387,354.6693,335.4753,320.5841,309.7349,302.5459,298.5165,297.0825,297.6878,299.8442,303.1653,307.3745,312.2943,317.8318,323.9708,330.7774,338.4194,347.1957,357.5701,370.2051,177.0,472.0,664.867,55.601800000000026,241.7827000000001,-10.454099999999984
3336,3336,3336.0,3336.0,3336.0,3336.0,3336.0,3336.0,3336.0,3336.0,3336.0,3336.0,3336.0,6.0,,,,,,,,,,,,,,,,,0.6,201.3779,223.5726,242.8337,258.7627,271.3433,280.8924,287.9633,293.2335,297.4082,301.154,305.07,309.6879,315.492,322.9474,332.5268,344.7366,360.147,379.4445,403.5298,433.7026,370.0,471.0,720.4688,70.22170000000006,186.1809000000001,-32.10759999999999
3337,3337,3337.0,3337.0,3337.0,3337.0,3337.0,3337.0,3337.0,3337.0,3337.0,3337.0,3337.0,7.0,,,,,,,,,,,,,,,,,0.7,349.4367,332.1695,318.2105,307.5666,300.1344,295.6669,293.8002,294.1167,296.218,299.7857,304.6189,310.6477,317.9295,326.6377,337.0538,349.5699,364.7112,383.1863,405.9815,434.5274,240.0,472.0,790.6905,30.437999999999988,115.9592,-17.3331
3338,3338,3338.0,3338.0,3338.0,3338.0,3338.0,3338.0,3338.0,3338.0,3338.0,3338.0,3338.0,8.0,,,,,,,,,,,,,,,,,0.8,251.0734,261.1726,270.0085,277.4499,283.5426,288.4918,292.6187,296.3054,299.9457,303.909,308.5248,314.084,320.8552,329.1102,339.1568,351.3769,366.2748,384.5436,407.1665,435.585,427.0,363.0,821.1285,32.74540000000002,85.52120000000002,-24.508199999999988
3339,3339,3339.0,3339.0,3339.0,3339.0,3339.0,3339.0,3339.0,3339.0,3339.0,3339.0,3339.0,9.0,,,,,,,,,,,,,,,,,0.9,395.2179,369.2253,348.2556,331.8499,319.6266,311.1652,305.9755,303.5189,303.253,304.6732,307.3393,310.8849,315.0151,319.5036,324.1974,329.0337,334.067,339.5019,345.7201,353.2961,172.0,473.0,853.8739,52.7758,52.7758,-1.834799999999973
3340,3340,3340.0,3340.0,3340.0,3340.0,3340.0,3340.0,3340.0,3340.0,3340.0,3340.0,3340.0,0.0,,,,,,,,,,,,,,,,,0.0,273.0,273.0,273.0,273.0,273.0,273.0,273.0,273.0,273.0,273.0,273.0,273.0,273.0,273.0,273.0,273.0,273.0,273.0,273.0,273.0,473.0,473.0,0.0,351.8898,981.4286,-40.0
3341,3341,3341.0,3341.0,3341.0,3341.0,3341.0,3341.0,3341.0,3341.0,3341.0,3341.0,3341.0,1.0,,,,,,,,,,,,,,,,,0.1,428.5462,392.4485,362.9763,339.1565,320.3305,305.9254,295.3664,288.0818,283.5568,281.3999,281.3999,283.5568,288.0818,295.3664,305.9254,320.3305,339.1565,362.9763,392.4485,428.5462,171.0,472.0,351.8898,105.06830000000002,629.5387999999999,-7.074599999999975
3342,3342,3342.0,3342.0,3342.0,3342.0,3342.0,3342.0,3342.0,3342.0,3342.0,3342.0,3342.0,2.0,,,,,,,,,,,,,,,,,0.2,197.5889,221.6567,242.217,258.7438,271.2138,280.0443,285.9673,289.8824,292.7247,295.3669,298.5637,302.9336,308.9706,317.0749,327.5969,340.8891,357.371,377.6136,402.4608,433.2215,471.0,355.0,456.9581,80.37899999999996,524.4704999999999,-32.95569999999998
3343,3343,3343.0,3343.0,3343.0,3343.0,3343.0,3343.0,3343.0,3343.0,3343.0,3343.0,3343.0,3.0,,,,,,,,,,,,,,,,,0.3,426.5809,390.6285,361.6868,338.975,321.9215,309.9304,302.3083,298.2898,297.1066,298.0544,300.535,304.068,308.2818,312.8978,317.7227,322.6561,327.7123,333.0508,339.0029,346.0858,171.0,473.0,537.3371,69.68270000000007,444.0915,-3.06959999999998
3344,3344,3344.0,3344.0,3344.0,3344.0,3344.0,3344.0,3344.0,3344.0,3344.0,3344.0,3344.0,4.0,,,,,,,,,,,,,,,,,0.4,198.2319,222.9714,244.2542,261.562,274.8574,284.5189,291.2147,295.7615,299.0036,301.7322,304.6492,308.3687,313.4403,320.3811,329.7042,341.9409,357.667,377.5496,402.4469,433.6015,408.0,391.0,607.0198,57.17509999999993,374.4087999999999,-28.481100000000023
3345,3345,3345.0,3345.0,3345.0,3345.0,3345.0,3345.0,3345.0,3345.0,3345.0,3345.0,3345.0,5.0,,,,,,,,,,,,,,,,,0.5,379.1202,355.1875,335.8221,320.7995,309.8572,302.6107,298.5563,297.1261,297.7609,299.971,303.3715,307.6899,312.7569,318.4912,324.8915,332.0408,340.1263,349.4684,360.5559,374.0838,177.0,472.0,664.1949,53.58410000000004,317.2337,-10.389299999999992
3346,3346,3346.0,3346.0,3346.0,3346.0,3346.0,3346.0,3346.0,3346.0,3346.0,3346.0,3346.0,6.0,,,,,,,,,,,,,,,,,0.6,201.4073,223.6296,242.9154,258.8664,271.4676,281.0383,288.1342,293.4356,297.6488,301.4409,305.4089,310.0802,315.9328,323.4238,333.0177,345.2139,360.5787,379.7989,403.7804,433.8317,471.0,306.0,717.779,67.49900000000002,263.6496,-31.961700000000008
3347,3347,3347.0,3347.0,3347.0,3347.0,3347.0,3347.0,3347.0,3347.0,3347.0,3347.0,3347.0,7.0,,,,,,,,,,,,,,,,,0.7,426.838,391.1584,362.5106,340.1123,323.3833,311.7111,304.3759,300.5742,299.4846,300.3331,302.4318,305.1893,308.1001,310.7308,312.7173,313.7811,313.7644,312.6728,310.7103,308.2886,171.0,471.0,785.278,84.98299999999995,196.1506,-1.2889000000000124
3348,3348,3348.0,3348.0,3348.0,3348.0,3348.0,3348.0,3348.0,3348.0,3348.0,3348.0,3348.0,8.0,,,,,,,,,,,,,,,,,0.8,198.407,223.3085,244.7278,262.1332,275.4728,285.1084,291.6906,296.019,298.9258,301.1999,303.5568,306.6439,311.0659,317.4122,326.2755,338.2581,353.9791,374.1052,399.4407,431.1244,398.0,396.0,870.261,61.39589999999998,111.1676,-27.891599999999983
3349,3349,3349.0,3349.0,3349.0,3349.0,3349.0,3349.0,3349.0,3349.0,3349.0,3349.0,3349.0,9.0,,,,,,,,,,,,,,,,,0.9,371.4317,349.3336,331.4355,317.5709,307.5126,300.9058,297.2789,296.1016,296.8568,299.1001,302.4923,306.8065,311.9167,317.7821,324.4374,331.9962,340.6691,350.7937,362.872,377.6147,203.0,473.0,931.6569,49.77170000000001,49.77170000000001,-12.0942
3350,3350,3350.0,3350.0,3350.0,3350.0,3350.0,3350.0,3350.0,3350.0,3350.0,3350.0,3350.0,0.0,,,,,,,,,,,,,,,,,0.0,273.0,273.0,273.0,273.0,273.0,273.0,273.0,273.0,273.0,273.0,273.0,273.0,273.0,273.0,273.0,273.0,273.0,273.0,273.0,273.0,471.0,472.0,0.0,351.8481,902.2319,-40.0
3351,3351,3351.0,3351.0,3351.0,3351.0,3351.0,3351.0,3351.0,3351.0,3351.0,3351.0,3351.0,1.0,,,,,,,,,,,,,,,,,0.1,427.0473,391.3208,362.1349,338.5395,319.8887,305.6175,295.1577,287.9432,283.4643,281.3342,281.3448,283.4981,288.0058,295.2585,305.7697,320.1088,338.8477,362.5556,391.8848,427.7969,172.0,473.0,351.8481,105.6925,550.3838000000001,-7.382499999999993
3352,3352,3352.0,3352.0,3352.0,3352.0,3352.0,3352.0,3352.0,3352.0,3352.0,3352.0,3352.0,2.0,,,,,,,,,,,,,,,,,0.2,198.3381,222.1758,242.5383,258.9067,271.2588,280.0087,285.8822,289.7718,292.6057,295.2512,298.4595,302.8483,308.9125,317.0553,327.6312,340.9976,357.5788,377.9508,402.9644,433.9393,471.0,355.0,457.5406,80.25590000000005,444.6913,-32.991300000000024
3353,3353,3353.0,3353.0,3353.0,3353.0,3353.0,3353.0,3353.0,3353.0,3353.0,3353.0,3353.0,3.0,,,,,,,,,,,,,,,,,0.3,426.5925,390.6499,361.7145,339.0046,321.9487,309.9518,302.3221,298.2962,297.1077,298.0533,300.5355,304.0738,308.2955,312.9204,317.7536,322.6924,327.7499,333.0849,339.0288,346.0997,174.0,473.0,537.7965,69.0127,364.4354,-3.0482000000000085
3354,3354,3354.0,3354.0,3354.0,3354.0,3354.0,3354.0,3354.0,3354.0,3354.0,3354.0,3354.0,4.0,,,,,,,,,,,,,,,,,0.4,200.6695,224.888,245.7112,262.6327,275.6183,285.0422,291.5634,295.9874,299.1465,301.8213,304.7049,308.4044,313.4645,320.3989,329.7182,341.9524,357.6764,377.5569,402.4518,433.604,406.0,392.0,606.8092,55.485900000000015,295.4227,-27.95780000000002
3355,3355,3355.0,3355.0,3355.0,3355.0,3355.0,3355.0,3355.0,3355.0,3355.0,3355.0,3355.0,5.0,,,,,,,,,,,,,,,,,0.5,377.6779,354.1992,335.2005,320.4644,309.7337,302.6316,298.6649,297.2786,297.927,300.1333,303.5232,307.8332,312.9009,318.6502,325.084,332.2893,340.4566,349.9098,361.1417,374.8529,177.0,472.0,662.2951,53.236999999999966,239.93679999999995,-10.368400000000008
3356,3356,3356.0,3356.0,3356.0,3356.0,3356.0,3356.0,3356.0,3356.0,3356.0,3356.0,3356.0,6.0,,,,,,,,,,,,,,,,,0.6,201.3776,223.5754,242.846,258.7931,271.4014,280.9886,288.1077,293.4357,297.6765,301.4945,305.4852,310.1749,316.0407,323.5391,333.134,345.3243,360.6764,379.8777,403.8354,433.8598,373.0,472.0,715.5321,69.04499999999996,186.6998,-32.01139999999998
3357,3357,3357.0,3357.0,3357.0,3357.0,3357.0,3357.0,3357.0,3357.0,3357.0,3357.0,3357.0,7.0,,,,,,,,,,,,,,,,,0.7,351.7932,334.0033,319.6203,308.6381,300.9441,296.2826,294.2798,294.5079,296.5576,300.1007,304.9277,310.9624,318.2582,326.9871,337.4311,349.9847,365.1776,383.7248,406.6221,435.314,227.0,471.0,784.5771,31.59820000000002,117.65480000000002,-16.717399999999998
3358,3358,3358.0,3358.0,3358.0,3358.0,3358.0,3358.0,3358.0,3358.0,3358.0,3358.0,3358.0,8.0,,,,,,,,,,,,,,,,,0.8,240.723,253.2127,264.1167,273.2708,280.72,286.6957,291.5636,295.7594,299.7307,303.8954,308.6215,314.2288,321.0043,329.2309,339.2207,351.3565,366.1407,384.2631,406.7013,434.8867,427.0,374.0,816.1753,36.25520000000006,86.0566,-26.30430000000001
3359,3359,3359.0,3359.0,3359.0,3359.0,3359.0,3359.0,3359.0,3359.0,3359.0,3359.0,3359.0,9.0,,,,,,,,,,,,,,,,,0.9,394.8606,368.54,347.3039,330.7189,318.4156,309.9712,304.8814,302.5875,302.5278,304.1852,307.1178,310.9703,315.4716,320.4308,325.7383,331.3796,337.4591,344.2301,352.1229,361.7657,171.0,471.0,852.4305,49.80139999999994,49.80139999999994,-3.0287999999999897
3360,3360,3360.0,3360.0,3360.0,3360.0,3360.0,3360.0,3360.0,3360.0,3360.0,3360.0,0.0,,,,,,,,,,,,,,,,,,0.0,273.0,273.0,273.0,273.0,273.0,273.0,273.0,273.0,273.0,273.0,273.0,273.0,273.0,273.0,273.0,273.0,273.0,273.0,273.0,273.0,472.0,471.0,0.0,352.0918,1358.291,16.625
3361,3361,3361.0,3361.0,3361.0,3361.0,3361.0,3361.0,3361.0,3361.0,3361.0,3361.0,1.0,,,,,,,,,,,,,,,,,,0.1,427.7969,391.8848,362.5556,338.8477,320.1088,305.7697,295.2585,288.0058,283.4981,281.3448,281.3342,283.4643,287.9432,295.1577,305.6175,319.8887,338.5395,362.1349,391.3208,427.0473,355.0,430.0,352.0918,97.7011,1006.1992,16.625
3362,3362,3362.0,3362.0,3362.0,3362.0,3362.0,3362.0,3362.0,3362.0,3362.0,3362.0,2.0,,,,,,,,,,,,,,,,,,0.2,344.1955,335.3228,327.7928,321.2074,315.3573,310.2028,305.8364,302.4359,300.2168,299.3934,300.1519,302.6391,306.9647,313.216,321.4827,331.8929,344.657,360.1237,378.8505,401.7016,329.0,394.0,449.7929,41.2611,908.4981,16.625
3363,3363,3363.0,3363.0,3363.0,3363.0,3363.0,3363.0,3363.0,3363.0,3363.0,3363.0,3.0,,,,,,,,,,,,,,,,,,0.3,322.858,317.9595,314.0128,310.808,308.2169,306.1863,304.7253,303.8878,303.7537,304.4118,305.9469,308.4328,311.9327,316.5075,322.2327,329.222,337.658,347.8263,360.1546,375.2577,355.0,379.0,491.054,40.14760000000001,867.237,16.625
3364,3364,3364.0,3364.0,3364.0,3364.0,3364.0,3364.0,3364.0,3364.0,3364.0,3364.0,4.0,,,,,,,,,,,,,,,,,,0.4,342.5053,332.272,323.9857,317.409,312.3484,308.6375,306.1292,304.6966,304.2348,304.6642,305.932,308.0131,310.9108,314.6602,319.3338,325.0515,331.9949,340.4257,350.7086,363.3417,471.0,276.0,531.2016,97.5969,827.0894,16.625
3365,3365,3365.0,3365.0,3365.0,3365.0,3365.0,3365.0,3365.0,3365.0,3365.0,3365.0,5.0,,,,,,,,,,,,,,,,,,0.5,431.5532,400.2672,375.2642,355.3864,339.8341,327.9699,319.2218,313.0471,308.9261,306.366,304.904,304.1049,303.558,302.8771,301.7105,299.764,296.8335,292.8406,287.8596,282.1233,235.0,273.0,628.7985,157.24480000000003,729.4925,16.625
3366,3366,3366.0,3366.0,3366.0,3366.0,3366.0,3366.0,3366.0,3366.0,3366.0,3366.0,6.0,,,,,,,,,,,,,,,,,,0.6,251.5299,266.4907,279.1682,289.1481,296.3422,300.9458,303.3523,304.0504,303.5322,302.2241,300.449,298.4166,296.235,293.9353,291.5012,288.8966,286.0891,283.066,279.8425,276.4639,299.0,421.0,786.0433,155.5623999999999,572.2476999999999,16.625
3367,3367,3367.0,3367.0,3367.0,3367.0,3367.0,3367.0,3367.0,3367.0,3367.0,3367.0,7.0,,,,,,,,,,,,,,,,,,0.7,296.206,294.0507,292.5231,291.5794,291.1361,291.081,291.2975,291.6967,292.2492,293.0143,294.1583,295.9639,298.8247,303.2242,309.7006,318.8007,331.039,346.878,366.7582,391.1993,473.0,372.0,941.6057,101.52969999999992,416.6853,16.625
3368,3368,3368.0,3368.0,3368.0,3368.0,3368.0,3368.0,3368.0,3368.0,3368.0,3368.0,8.0,,,,,,,,,,,,,,,,,,0.8,430.7398,396.8526,369.5574,347.8136,330.91,318.2481,309.251,303.3482,299.9993,298.7266,299.1386,300.939,303.922,307.9627,313.0082,319.0766,326.2655,334.7675,344.8926,357.0939,440.0,271.0,1043.1354,144.18180000000007,315.15560000000005,16.625
3369,3369,3369.0,3369.0,3369.0,3369.0,3369.0,3369.0,3369.0,3369.0,3369.0,3369.0,9.0,,,,,,,,,,,,,,,,,,0.9,410.4544,386.936,367.9424,352.4752,339.8584,329.625,321.4389,315.0371,310.1854,306.646,304.155,302.4107,301.0737,299.7793,298.1624,295.8954,292.7317,288.5491,283.3802,277.4196,190.0,274.0,1187.3172,170.97379999999998,170.97379999999998,16.625
3370,3370,3370.0,3370.0,3370.0,3370.0,3370.0,3370.0,3370.0,3370.0,3370.0,3370.0,0.0,,,,,,,,,,,,,,,,,,0.0,273.0,273.0,273.0,273.0,273.0,273.0,273.0,273.0,273.0,273.0,273.0,273.0,273.0,273.0,273.0,273.0,273.0,273.0,273.0,273.0,472.0,473.0,0.0,351.7936,1204.9465,15.482700000000024
3371,3371,3371.0,3371.0,3371.0,3371.0,3371.0,3371.0,3371.0,3371.0,3371.0,3371.0,1.0,,,,,,,,,,,,,,,,,,0.1,427.797,391.8849,362.5558,338.8482,320.11,305.7721,295.2632,288.0148,283.5147,281.3745,281.3851,283.5485,288.0773,295.364,305.9242,320.3299,339.1562,362.9762,392.4485,428.5462,358.0,428.0,351.7936,97.08149999999996,853.1529,15.482700000000024
3372,3372,3372.0,3372.0,3372.0,3372.0,3372.0,3372.0,3372.0,3372.0,3372.0,3372.0,2.0,,,,,,,,,,,,,,,,,,0.2,346.5284,337.1056,329.1273,322.1839,316.0562,310.6941,306.1789,302.6768,300.3919,299.5265,300.2557,302.7147,307.0019,313.1924,321.3648,331.6357,344.2057,359.4139,377.808,400.2376,324.0,396.0,448.8751,41.49670000000003,756.0714,15.482700000000024
3373,3373,3373.0,3373.0,3373.0,3373.0,3373.0,3373.0,3373.0,3373.0,3373.0,3373.0,3.0,,,,,,,,,,,,,,,,,,0.3,319.0192,315.1092,311.9826,309.4346,307.3473,305.684,304.4747,303.7972,303.7554,304.4606,306.0176,308.5178,312.0399,316.6586,322.4621,329.5756,338.1919,348.6054,361.2521,376.7568,362.0,378.0,490.3718,40.20690000000002,714.5747,15.482700000000024
3374,3374,3374.0,3374.0,3374.0,3374.0,3374.0,3374.0,3374.0,3374.0,3374.0,3374.0,4.0,,,,,,,,,,,,,,,,,,0.4,347.8377,336.2199,326.8035,319.3313,313.5898,309.3871,306.5459,304.9058,304.3289,304.7055,305.9573,308.0389,310.9376,314.6759,319.3163,324.971,331.8156,340.1076,350.209,362.616,471.0,275.0,530.5787,99.98929999999996,674.3678,15.482700000000024
3375,3375,3375.0,3375.0,3375.0,3375.0,3375.0,3375.0,3375.0,3375.0,3375.0,3375.0,5.0,,,,,,,,,,,,,,,,,,0.5,431.7004,400.5514,375.6616,355.8626,340.3486,328.4827,319.6987,313.463,309.2658,306.6226,305.0763,304.1946,303.5663,302.8026,301.5484,299.505,296.4643,292.3444,287.2168,281.3128,206.0,270.0,630.568,158.84500000000003,574.3785,15.482700000000024
3376,3376,3376.0,3376.0,3376.0,3376.0,3376.0,3376.0,3376.0,3376.0,3376.0,3376.0,6.0,,,,,,,,,,,,,,,,,,0.6,228.2639,248.4211,265.6024,279.3151,289.4689,296.3189,300.3565,302.1855,302.4106,301.5579,300.0304,298.0973,295.9068,293.5145,290.9162,288.0803,284.9741,281.5833,277.9224,274.0371,380.0,419.0,789.413,164.6544,415.5335,15.482700000000024
3377,3377,3377.0,3377.0,3377.0,3377.0,3377.0,3377.0,3377.0,3377.0,3377.0,3377.0,7.0,,,,,,,,,,,,,,,,,,0.7,358.9283,341.3734,327.0734,315.8165,307.3377,301.2845,297.2382,294.7704,293.5113,293.2103,293.7769,295.2977,298.0285,302.3641,308.7899,317.8247,329.9679,345.6726,365.3676,389.5544,322.0,440.0,954.0674,73.47199999999987,250.8791,15.482700000000024
3378,3378,3378.0,3378.0,3378.0,3378.0,3378.0,3378.0,3378.0,3378.0,3378.0,3378.0,8.0,,,,,,,,,,,,,,,,,,0.8,316.7918,312.5893,309.1129,306.1713,303.6662,301.5861,299.9912,298.9942,298.7422,299.4038,301.1626,304.2158,308.7774,315.083,323.3975,334.0259,347.3346,363.7895,384.0247,408.9593,436.0,349.0,1027.5394,53.77210000000014,177.40710000000013,15.482700000000024
3379,3379,3379.0,3379.0,3379.0,3379.0,3379.0,3379.0,3379.0,3379.0,3379.0,3379.0,9.0,,,,,,,,,,,,,,,,,,0.9,404.2345,378.5415,357.7859,341.2483,328.4041,318.8039,312.0217,307.644,305.2786,304.5668,305.1902,306.8699,309.3639,312.466,316.0141,319.9094,324.144,328.8313,334.2311,340.7621,426.0,271.0,1081.3115,123.635,123.635,15.482700000000024
3380,3380,3380.0,3380.0,3380.0,3380.0,3380.0,3380.0,3380.0,3380.0,3380.0,3380.0,0.0,,,,,,,,,,,,,,,,,,0.0,273.0,273.0,273.0,273.0,273.0,273.0,273.0,273.0,273.0,273.0,273.0,273.0,273.0,273.0,273.0,273.0,273.0,273.0,273.0,273.0,471.0,472.0,0.0,351.8481,1484.5444999999995,15.854499999999971
3381,3381,3381.0,3381.0,3381.0,3381.0,3381.0,3381.0,3381.0,3381.0,3381.0,3381.0,1.0,,,,,,,,,,,,,,,,,,0.1,427.0473,391.3208,362.1349,338.5395,319.8887,305.6175,295.1577,287.9432,283.4643,281.3342,281.3448,283.4981,288.0058,295.2585,305.7697,320.1088,338.8477,362.5556,391.8848,427.7969,364.0,422.0,351.8481,98.78910000000002,1132.6963999999998,15.854499999999971
3382,3382,3382.0,3382.0,3382.0,3382.0,3382.0,3382.0,3382.0,3382.0,3382.0,3382.0,2.0,,,,,,,,,,,,,,,,,,0.2,351.1562,340.6025,331.7015,324.0201,317.3171,311.5193,306.6833,302.9488,300.4932,299.4934,300.0998,302.4244,306.5428,312.5083,320.3771,330.2435,342.2845,356.8127,374.3408,395.6667,473.0,282.0,450.6372,97.8782,1033.9073,15.854499999999971
3383,3383,3383.0,3383.0,3383.0,3383.0,3383.0,3383.0,3383.0,3383.0,3383.0,3383.0,3.0,,,,,,,,,,,,,,,,,,0.3,433.3284,401.9137,376.7941,356.7597,340.9895,328.8545,319.8167,313.3847,309.0962,306.5104,305.2003,304.7427,304.711,304.6773,304.2302,303.0094,300.7539,297.3522,292.8809,287.6149,221.0,273.0,548.5154,147.95709999999997,936.0291,15.854499999999971
3384,3384,3384.0,3384.0,3384.0,3384.0,3384.0,3384.0,3384.0,3384.0,3384.0,3384.0,4.0,,,,,,,,,,,,,,,,,,0.4,240.4155,257.9834,272.9142,284.7581,293.4311,299.165,302.4094,303.7177,303.6438,302.6665,301.1473,299.3191,297.2987,295.1141,292.7378,290.1202,287.2172,284.0119,280.5261,276.8228,357.0,378.0,696.4725,155.36450000000002,788.072,15.854499999999971
3385,3385,3385.0,3385.0,3385.0,3385.0,3385.0,3385.0,3385.0,3385.0,3385.0,3385.0,5.0,,,,,,,,,,,,,,,,,,0.5,341.5406,328.6378,318.1535,309.9471,303.8147,299.4752,296.5952,294.8358,293.9057,293.6068,293.8636,294.7344,296.404,299.1611,303.3616,309.3851,317.5915,328.2918,341.7466,358.206,313.0,460.0,851.837,95.18219999999997,632.7075,15.854499999999971
3386,3386,3386.0,3386.0,3386.0,3386.0,3386.0,3386.0,3386.0,3386.0,3386.0,3386.0,6.0,,,,,,,,,,,,,,,,,,0.6,309.1529,306.0867,303.5789,301.4753,299.695,298.2284,297.1281,296.4986,296.4881,297.284,299.115,302.2538,307.0206,313.7816,322.9449,334.956,350.3045,369.558,393.4463,423.0293,470.0,369.0,947.0192,62.20170000000007,537.5253,15.854499999999971
3387,3387,3387.0,3387.0,3387.0,3387.0,3387.0,3387.0,3387.0,3387.0,3387.0,3387.0,7.0,,,,,,,,,,,,,,,,,,0.7,429.3787,396.9172,370.862,350.1697,334.1279,322.1529,313.7007,308.2444,305.2866,304.3783,305.1331,307.2299,310.4094,314.47,319.2728,324.7557,330.9594,338.0574,346.3851,356.4604,404.0,271.0,1009.2209,118.2998,475.3236,15.854499999999971
3388,3388,3388.0,3388.0,3388.0,3388.0,3388.0,3388.0,3388.0,3388.0,3388.0,3388.0,8.0,,,,,,,,,,,,,,,,,,0.8,383.5453,367.177,353.8899,342.9805,333.9679,326.5348,320.4742,315.6402,311.9042,309.1198,307.098,305.5961,304.3191,302.9347,301.1026,298.5146,294.9406,290.2744,284.5643,278.0222,281.0,272.0,1127.5207,150.04639999999995,357.02379999999994,15.854499999999971
3389,3389,3389.0,3389.0,3389.0,3389.0,3389.0,3389.0,3389.0,3389.0,3389.0,3389.0,9.0,,,,,,,,,,,,,,,,,,0.9,287.1347,292.902,297.8507,301.68,304.2608,305.6212,305.9067,305.3283,304.1118,302.4585,300.5213,298.3967,296.1291,293.7239,291.1635,288.423,285.4842,282.3446,279.0219,275.555,473.0,280.0,1277.5671,206.9774,206.9774,15.854499999999971
3390,3390,3390.0,3390.0,3390.0,3390.0,3390.0,3390.0,3390.0,3390.0,3390.0,3390.0,0.0,,,,,,,,,,,,,,,,,,0.0,273.0,273.0,273.0,273.0,273.0,273.0,273.0,273.0,273.0,273.0,273.0,273.0,273.0,273.0,273.0,273.0,273.0,273.0,273.0,273.0,472.0,471.0,0.0,352.0918,1234.9943,15.022400000000005
3391,3391,3391.0,3391.0,3391.0,3391.0,3391.0,3391.0,3391.0,3391.0,3391.0,3391.0,1.0,,,,,,,,,,,,,,,,,,0.1,427.7969,391.8848,362.5556,338.8477,320.1088,305.7697,295.2585,288.0058,283.4981,281.3448,281.3342,283.4643,287.9432,295.1577,305.6175,319.8887,338.5395,362.1349,391.3208,427.0473,356.0,427.0,352.0918,97.9216,882.9025,15.022400000000005
3392,3392,3392.0,3392.0,3392.0,3392.0,3392.0,3392.0,3392.0,3392.0,3392.0,3392.0,2.0,,,,,,,,,,,,,,,,,,0.2,344.9728,335.916,328.2354,321.5289,315.5836,310.3559,305.9337,302.49,300.2349,299.3765,300.0944,302.5276,306.7773,312.9208,321.0378,331.2448,343.7406,358.8606,377.1449,399.4319,333.0,393.0,450.0134,42.981100000000026,784.9809,15.022400000000005
3393,3393,3393.0,3393.0,3393.0,3393.0,3393.0,3393.0,3393.0,3393.0,3393.0,3393.0,3.0,,,,,,,,,,,,,,,,,,0.3,326.024,320.4223,315.8894,312.2038,309.2258,306.8896,305.1906,304.1685,303.89,304.4319,305.8694,308.269,311.689,316.1876,321.8383,328.7536,337.1138,347.2004,359.4337,374.4175,335.0,391.0,492.9945,38.67380000000003,741.9998,15.022400000000005
3394,3394,3394.0,3394.0,3394.0,3394.0,3394.0,3394.0,3394.0,3394.0,3394.0,3394.0,4.0,,,,,,,,,,,,,,,,,,0.4,326.9856,320.4998,315.3025,311.2109,308.0871,305.8301,304.3702,303.6647,303.6949,304.4639,305.9955,308.3346,311.5492,315.7343,321.0192,327.5774,335.6406,345.5185,357.6269,372.5288,352.0,381.0,531.6683,42.16379999999992,703.326,15.022400000000005
3395,3395,3395.0,3395.0,3395.0,3395.0,3395.0,3395.0,3395.0,3395.0,3395.0,3395.0,5.0,,,,,,,,,,,,,,,,,,0.5,340.219,330.5774,322.7692,316.5627,311.7728,308.2442,305.8444,304.462,304.0082,304.4187,305.6556,307.7087,310.5972,314.3727,319.1246,324.9884,332.1586,340.9055,351.598,364.7364,473.0,279.0,573.8321,97.27390000000004,661.1622000000001,15.022400000000005
3396,3396,3396.0,3396.0,3396.0,3396.0,3396.0,3396.0,3396.0,3396.0,3396.0,3396.0,6.0,,,,,,,,,,,,,,,,,,0.6,432.9697,401.2369,375.8849,355.7371,339.9834,327.9776,319.1393,312.9174,308.7847,306.2431,304.8274,304.1037,303.6651,303.132,302.1606,300.4654,297.8502,294.2427,289.7209,284.518,250.0,274.0,671.106,156.25170000000003,563.8883000000001,15.022400000000005
3397,3397,3397.0,3397.0,3397.0,3397.0,3397.0,3397.0,3397.0,3397.0,3397.0,3397.0,7.0,,,,,,,,,,,,,,,,,,0.7,263.5638,275.8682,286.2587,294.3479,300.041,303.5009,305.072,305.1882,304.2869,302.7463,300.8487,298.7719,296.5992,294.3433,291.9741,289.4457,286.7195,283.7799,280.6428,277.3574,321.0,397.0,827.3577,149.72299999999996,407.6366,15.022400000000005
3398,3398,3398.0,3398.0,3398.0,3398.0,3398.0,3398.0,3398.0,3398.0,3398.0,3398.0,8.0,,,,,,,,,,,,,,,,,,0.8,314.1396,308.5112,304.0376,300.6225,298.1351,296.4144,295.2912,294.6178,294.3011,294.3295,294.7925,295.8883,297.9186,301.2702,306.3822,313.7048,323.6595,336.615,352.8984,372.8592,469.0,370.0,977.0807,111.36879999999996,257.9136000000001,15.022400000000005
3399,3399,3399.0,3399.0,3399.0,3399.0,3399.0,3399.0,3399.0,3399.0,3399.0,3399.0,9.0,,,,,,,,,,,,,,,,,,0.9,428.4806,396.0285,369.8894,349.0117,332.6721,320.2772,311.2758,305.1405,301.3832,299.581,299.3946,300.5762,302.9648,306.4767,311.0954,316.8672,323.9034,332.3911,342.6109,354.9624,426.0,272.0,1088.4495,146.54480000000012,146.54480000000012,15.022400000000005
3400,3400,3400.0,3400.0,3400.0,3400.0,3400.0,3400.0,3400.0,3400.0,3400.0,3400.0,0.0,,,,,,,,,,,,,,,,,,0.0,273.0,273.0,273.0,273.0,273.0,273.0,273.0,273.0,273.0,273.0,273.0,273.0,273.0,273.0,273.0,273.0,273.0,273.0,273.0,273.0,471.0,471.0,0.0,351.9981,1978.5466,13.588700000000015
3401,3401,3401.0,3401.0,3401.0,3401.0,3401.0,3401.0,3401.0,3401.0,3401.0,3401.0,1.0,,,,,,,,,,,,,,,,,,0.1,427.0473,391.3208,362.1348,338.5392,319.8881,305.6164,295.1553,287.9387,283.456,281.3194,281.3194,283.456,287.9387,295.1553,305.6164,319.8881,338.5392,362.1348,391.3208,427.0473,356.0,428.0,351.9981,97.7389,1626.5485,13.588700000000015
3402,3402,3402.0,3402.0,3402.0,3402.0,3402.0,3402.0,3402.0,3402.0,3402.0,3402.0,2.0,,,,,,,,,,,,,,,,,,0.2,344.9462,335.8653,328.1653,321.4454,315.4936,310.2659,305.8496,302.4166,300.176,299.3355,300.0747,302.5341,306.8166,313.0024,321.1743,331.453,344.0411,359.2787,377.712,400.1879,332.0,394.0,449.737,42.48079999999999,1528.8095999999998,13.588700000000015
3403,3403,3403.0,3403.0,3403.0,3403.0,3403.0,3403.0,3403.0,3403.0,3403.0,3403.0,3.0,,,,,,,,,,,,,,,,,,0.3,325.2318,319.8047,315.4167,311.8493,308.9659,306.7044,305.064,304.0889,303.8497,304.4272,305.8998,308.337,311.7998,316.3487,322.0597,329.0478,337.4963,347.6908,360.057,375.2067,471.0,289.0,492.2178,82.25249999999994,1486.3287999999998,13.588700000000015
3404,3404,3404.0,3404.0,3404.0,3404.0,3404.0,3404.0,3404.0,3404.0,3404.0,3404.0,4.0,,,,,,,,,,,,,,,,,,0.4,431.1153,399.4261,374.0978,354.01,338.3849,326.5887,318.0385,312.1716,308.4476,306.3581,305.433,305.2398,305.3789,305.482,305.2203,304.3258,302.6222,300.0596,296.7399,292.9222,292.0,273.0,574.4703,146.22360000000003,1404.0763,13.588700000000015
3405,3405,3405.0,3405.0,3405.0,3405.0,3405.0,3405.0,3405.0,3405.0,3405.0,3405.0,5.0,,,,,,,,,,,,,,,,,,0.5,296.8178,301.4303,305.3003,308.0778,309.6241,309.9926,309.3756,308.0369,306.2461,304.2281,302.1336,300.0304,297.912,295.718,293.3597,290.7463,287.809,284.5193,280.8987,277.0203,453.0,273.0,720.6939,193.3873,1257.8527,13.588700000000015
3406,3406,3406.0,3406.0,3406.0,3406.0,3406.0,3406.0,3406.0,3406.0,3406.0,3406.0,6.0,,,,,,,,,,,,,,,,,,0.6,417.227,388.5174,365.4133,346.9802,332.5141,321.3901,313.0031,306.7651,302.1292,298.6167,295.8355,293.4854,291.3507,289.2863,287.2017,285.046,282.7967,280.451,278.0204,275.527,423.0,270.0,914.0812,261.4648000000001,1064.4654,13.588700000000015
3407,3407,3407.0,3407.0,3407.0,3407.0,3407.0,3407.0,3407.0,3407.0,3407.0,3407.0,7.0,,,,,,,,,,,,,,,,,,0.7,397.494,377.0447,360.392,346.6602,335.229,325.6516,317.5987,310.8174,305.103,300.279,296.1862,292.6774,289.6166,286.8803,284.3604,281.9662,279.6258,277.2864,274.9133,272.4871,399.0,273.0,1175.546,267.16179999999986,803.0005999999998,13.588700000000015
3408,3408,3408.0,3408.0,3408.0,3408.0,3408.0,3408.0,3408.0,3408.0,3408.0,3408.0,8.0,,,,,,,,,,,,,,,,,,0.8,379.1848,363.2172,350.1451,339.2754,330.1027,322.2602,315.4838,309.5835,304.4202,299.8876,295.8999,292.3842,289.2758,286.5165,284.0535,281.8387,279.8278,277.979,276.2517,274.6056,420.0,273.0,1442.7078,264.55240000000003,535.8388,13.588700000000015
3409,3409,3409.0,3409.0,3409.0,3409.0,3409.0,3409.0,3409.0,3409.0,3409.0,3409.0,9.0,,,,,,,,,,,,,,,,,,0.9,394.5987,374.1611,357.532,343.9005,332.6692,323.3774,315.657,309.208,303.7839,299.1836,295.2444,291.8363,288.8562,286.2219,283.8673,281.7379,279.7871,277.9741,276.2616,274.6146,414.0,271.0,1707.2602,271.2864,271.2864,13.588700000000015
3410,3410,3410.0,3410.0,3410.0,3410.0,3410.0,3410.0,3410.0,3410.0,3410.0,3410.0,0.0,,,,,,,,,,,,,,,,,,0.0,273.0,273.0,273.0,273.0,273.0,273.0,273.0,273.0,273.0,273.0,273.0,273.0,273.0,273.0,273.0,273.0,273.0,273.0,273.0,273.0,472.0,472.0,0.0,351.9419,1911.9762,22.013800000000003
3411,3411,3411.0,3411.0,3411.0,3411.0,3411.0,3411.0,3411.0,3411.0,3411.0,3411.0,1.0,,,,,,,,,,,,,,,,,,0.1,427.7969,391.8848,362.5557,338.848,320.1094,305.7709,295.2609,288.0103,283.5064,281.3597,281.3597,283.5064,288.0103,295.2609,305.7709,320.1094,338.848,362.5557,391.8848,427.7969,362.0,424.0,351.9419,98.52550000000002,1560.0343,22.013800000000003
3412,3412,3412.0,3412.0,3412.0,3412.0,3412.0,3412.0,3412.0,3412.0,3412.0,3412.0,2.0,,,,,,,,,,,,,,,,,,0.2,349.6319,339.471,330.8899,323.4626,316.9548,311.3011,306.5669,302.9017,300.4929,299.5267,300.1628,302.5216,306.6871,312.7204,320.6856,330.6849,342.903,357.6613,375.4836,397.184,472.0,283.0,450.4674,95.66870000000006,1461.5088,22.013800000000003
3413,3413,3413.0,3413.0,3413.0,3413.0,3413.0,3413.0,3413.0,3413.0,3413.0,3413.0,3.0,,,,,,,,,,,,,,,,,,0.3,432.5445,401.2824,376.2784,356.338,340.6494,328.5887,319.6209,313.2558,309.032,306.5096,305.2625,304.8687,304.903,304.9389,304.5664,303.4268,301.2609,297.9595,293.6016,288.4654,214.0,271.0,546.1361,146.29099999999994,1365.8401,22.013800000000003
3414,3414,3414.0,3414.0,3414.0,3414.0,3414.0,3414.0,3414.0,3414.0,3414.0,3414.0,4.0,,,,,,,,,,,,,,,,,,0.4,234.7481,253.5266,269.5118,282.2366,291.6172,297.8992,301.5547,303.1621,303.2995,302.4658,301.0369,299.2542,297.2373,295.0122,292.5465,289.7837,286.674,283.1969,279.374,275.273,306.0,455.0,692.4271,154.38570000000004,1219.5491,22.013800000000003
3415,3415,3415.0,3415.0,3415.0,3415.0,3415.0,3415.0,3415.0,3415.0,3415.0,3415.0,5.0,,,,,,,,,,,,,,,,,,0.5,301.116,297.1381,294.1129,292.0304,290.8105,290.3144,290.3783,290.8584,291.6776,292.8665,294.591,297.1651,301.0445,306.8014,315.0802,326.5453,341.8358,361.5575,386.3452,417.0357,471.0,377.0,846.8128,82.79519999999991,1065.1634,22.013800000000003
3416,3416,3416.0,3416.0,3416.0,3416.0,3416.0,3416.0,3416.0,3416.0,3416.0,3416.0,6.0,,,,,,,,,,,,,,,,,,0.6,429.3021,395.845,368.8919,347.4296,330.7697,318.3374,309.581,303.9542,300.9358,300.0586,300.9298,303.2377,306.7487,311.3002,316.7988,323.2284,330.6687,339.3213,349.5383,361.8509,439.0,273.0,929.608,131.4661000000001,982.3682,22.013800000000003
3417,3417,3417.0,3417.0,3417.0,3417.0,3417.0,3417.0,3417.0,3417.0,3417.0,3417.0,7.0,,,,,,,,,,,,,,,,,,0.7,409.7195,386.4169,367.6145,352.3303,339.899,329.86,321.8802,315.6966,311.072,307.7635,305.4994,303.9694,302.8244,301.6899,300.1932,298.0014,294.8674,290.674,285.4657,279.4553,460.0,217.0,1061.0741,251.7838,850.9021,22.013800000000003
3418,3418,3418.0,3418.0,3418.0,3418.0,3418.0,3418.0,3418.0,3418.0,3418.0,3418.0,8.0,,,,,,,,,,,,,,,,,,0.8,425.907,399.0828,377.6518,360.3727,346.3757,335.0138,325.774,318.2239,311.9771,306.6711,301.9511,297.4597,292.834,287.7096,281.7362,274.6017,266.0636,255.9819,244.3432,231.2689,175.0,227.0,1312.8579,296.74299999999994,599.1183000000001,22.013800000000003
3419,3419,3419.0,3419.0,3419.0,3419.0,3419.0,3419.0,3419.0,3419.0,3419.0,3419.0,9.0,,,,,,,,,,,,,,,,,,0.9,203.5145,229.3943,251.5277,269.2664,282.455,291.3583,296.5282,298.6554,298.4417,296.5081,293.3466,289.3061,284.6052,279.3583,273.6059,267.3422,260.536,253.1446,245.1215,236.421,421.0,358.0,1609.6009,302.3753000000001,302.3753000000001,22.013800000000003
3420,3420,3420.0,3420.0,3420.0,3420.0,3420.0,3420.0,3420.0,3420.0,3420.0,0.0,,,,,,,,,,,,,,,,,,,0.0,273.0,273.0,273.0,273.0,273.0,273.0,273.0,273.0,273.0,273.0,273.0,273.0,273.0,273.0,273.0,273.0,273.0,273.0,273.0,273.0,460.0,467.0,0.0,351.7443,2312.5341,30.485400000000027
3421,3421,3421.0,3421.0,3421.0,3421.0,3421.0,3421.0,3421.0,3421.0,3421.0,1.0,,,,,,,,,,,,,,,,,,,0.1,418.7798,385.0915,357.4841,335.1287,317.4469,303.9171,294.0062,287.1801,282.9583,280.9793,281.054,283.1957,287.6203,294.7159,304.9887,318.9973,337.2999,360.4471,389.0604,424.0454,471.0,415.0,351.7443,133.23399999999998,1960.7898,30.485400000000027
3422,3422,3422.0,3422.0,3422.0,3422.0,3422.0,3422.0,3422.0,3422.0,3422.0,2.0,,,,,,,,,,,,,,,,,,,0.2,432.1756,401.3223,376.3864,356.1009,339.6588,326.5286,316.346,308.8488,303.8387,301.158,300.6764,302.2838,305.8892,311.4262,318.8667,328.2458,339.6946,353.4844,370.0813,390.2176,473.0,337.0,484.9783,151.66229999999996,1827.5558,30.485400000000027
3423,3423,3423.0,3423.0,3423.0,3423.0,3423.0,3423.0,3423.0,3423.0,3423.0,3.0,,,,,,,,,,,,,,,,,,,0.3,435.6903,406.4838,383.2186,364.514,349.456,337.4196,327.9616,320.7518,315.5266,312.056,310.1215,309.5027,309.9727,311.3055,313.2935,315.7748,318.6672,321.9996,325.937,330.7885,473.0,330.0,636.6406,211.14010000000007,1675.8935,30.485400000000027
3424,3424,3424.0,3424.0,3424.0,3424.0,3424.0,3424.0,3424.0,3424.0,3424.0,4.0,,,,,,,,,,,,,,,,,,,0.4,436.5507,408.2001,385.7533,367.7804,353.3102,341.6591,332.3297,324.9479,319.2229,314.9214,311.8513,309.8527,308.794,308.572,309.1157,310.3915,312.41,315.2325,318.976,323.818,472.0,332.0,847.7807,237.53790000000004,1464.7533999999998,30.485400000000027
3425,3425,3425.0,3425.0,3425.0,3425.0,3425.0,3425.0,3425.0,3425.0,3425.0,5.0,,,,,,,,,,,,,,,,,,,0.5,436.1018,408.2279,386.1898,368.5499,354.3235,342.8137,333.5139,326.0478,320.1319,315.5503,312.1395,309.7776,308.3789,307.8897,308.2869,309.5777,311.8,315.0243,319.3577,324.9493,471.0,332.0,1085.3186,242.9114,1227.2154999999998,30.485400000000027
3426,3426,3426.0,3426.0,3426.0,3426.0,3426.0,3426.0,3426.0,3426.0,3426.0,6.0,,,,,,,,,,,,,,,,,,,0.6,435.4286,407.8127,385.9827,368.5084,354.4082,342.986,333.7368,326.287,320.3578,315.7399,312.2775,309.8576,308.4022,307.8645,308.2263,309.4969,311.7144,314.9476,319.3005,324.9189,473.0,334.0,1328.23,244.4650999999999,984.3040999999998,30.485400000000027
3427,3427,3427.0,3427.0,3427.0,3427.0,3427.0,3427.0,3427.0,3427.0,3427.0,7.0,,,,,,,,,,,,,,,,,,,0.7,436.9089,408.9106,386.7925,369.1009,354.8388,343.2991,333.9674,326.4625,320.4991,315.8643,312.4007,309.9966,308.5779,308.1036,308.5626,309.9717,312.3762,315.8508,320.5043,326.4865,473.0,332.0,1572.6951,245.6128000000001,739.8389999999999,30.485400000000027
3428,3428,3428.0,3428.0,3428.0,3428.0,3428.0,3428.0,3428.0,3428.0,3428.0,8.0,,,,,,,,,,,,,,,,,,,0.8,436.9534,408.9974,386.9166,369.2546,355.0132,343.4854,334.1581,326.6517,320.6826,316.0379,312.5586,310.1284,308.6665,308.1225,308.4745,309.7283,311.9192,315.1147,319.4191,324.9805,472.0,330.0,1818.3079,246.5155000000002,494.22619999999984,30.485400000000027
3429,3429,3429.0,3429.0,3429.0,3429.0,3429.0,3429.0,3429.0,3429.0,3429.0,9.0,,,,,,,,,,,,,,,,,,,0.9,436.2287,408.4795,386.5583,369.02,354.8725,343.4131,334.131,326.649,320.6847,316.0255,312.5124,310.0281,308.4897,307.8445,308.0675,309.1612,311.1571,314.1181,318.1433,323.3735,473.0,331.0,2064.8234,247.71069999999963,247.71069999999963,30.485400000000027
3430,3430,3430.0,3430.0,3430.0,3430.0,3430.0,3430.0,3430.0,3430.0,3430.0,0.0,,,,,,,,,,,,,,,,,,,0.0,273.0,273.0,273.0,273.0,273.0,273.0,273.0,273.0,273.0,273.0,273.0,273.0,273.0,273.0,273.0,273.0,273.0,273.0,273.0,273.0,470.0,439.0,0.0,357.5964,2339.9142,30.434199999999976
3431,3431,3431.0,3431.0,3431.0,3431.0,3431.0,3431.0,3431.0,3431.0,3431.0,1.0,,,,,,,,,,,,,,,,,,,0.1,426.2968,390.7548,361.7098,338.2219,319.6489,305.4249,294.9765,287.7266,283.1458,280.8161,280.4839,282.0893,285.7663,291.8147,300.649,312.736,328.5394,348.4989,373.0747,402.8885,472.0,416.0,357.5964,155.22569999999996,1982.3178000000005,30.434199999999976
3432,3432,3432.0,3432.0,3432.0,3432.0,3432.0,3432.0,3432.0,3432.0,3432.0,2.0,,,,,,,,,,,,,,,,,,,0.2,433.1284,402.2751,377.34,357.0215,340.4887,327.197,316.7781,308.9737,303.596,300.5043,299.5922,300.7813,304.0201,309.2875,316.6023,326.0397,337.7569,352.0298,369.3047,390.2749,471.0,338.0,512.8221,157.34730000000002,1827.0921000000003,30.434199999999976
3433,3433,3433.0,3433.0,3433.0,3433.0,3433.0,3433.0,3433.0,3433.0,3433.0,3.0,,,,,,,,,,,,,,,,,,,0.3,434.2473,405.4556,382.4992,364.0148,349.0979,337.1321,327.6838,320.4354,315.138,311.5782,309.5549,308.8642,309.2947,310.6331,312.6815,315.2842,318.3609,321.9396,326.181,331.388,472.0,332.0,670.1694,209.77970000000005,1669.7448000000002,30.434199999999976
3434,3434,3434.0,3434.0,3434.0,3434.0,3434.0,3434.0,3434.0,3434.0,3434.0,4.0,,,,,,,,,,,,,,,,,,,0.4,435.7617,407.5548,385.2084,367.3065,352.8869,341.2716,331.9678,324.6055,318.8982,314.6175,311.5773,309.6243,308.6342,308.5114,309.1921,310.6493,312.8994,316.0079,320.0959,325.3444,472.0,332.0,879.9491,235.12570000000005,1459.9651,30.434199999999976
3435,3435,3435.0,3435.0,3435.0,3435.0,3435.0,3435.0,3435.0,3435.0,3435.0,5.0,,,,,,,,,,,,,,,,,,,0.5,436.062,408.1495,386.0763,368.4073,354.1598,342.6381,333.3363,325.8783,319.9799,315.4243,312.0463,309.722,308.3626,307.9109,308.3397,309.6525,311.8842,315.1039,319.4195,324.983,473.0,333.0,1115.0748,243.2697999999998,1224.8394,30.434199999999976
3436,3436,3436.0,3436.0,3436.0,3436.0,3436.0,3436.0,3436.0,3436.0,3436.0,6.0,,,,,,,,,,,,,,,,,,,0.6,436.8945,408.8807,386.746,369.037,354.7578,343.2029,333.8592,326.3466,320.3801,315.7457,312.2841,309.8797,308.454,307.9605,308.3826,309.732,312.0493,315.4061,319.9091,325.7068,473.0,333.0,1358.3446,245.6921000000002,981.5696000000004,30.434199999999976
3437,3437,3437.0,3437.0,3437.0,3437.0,3437.0,3437.0,3437.0,3437.0,3437.0,7.0,,,,,,,,,,,,,,,,,,,0.7,436.9454,408.9811,386.8917,369.2209,354.9707,343.4342,334.0985,326.5846,320.6094,315.9611,312.4825,310.06,308.6163,308.1054,308.5106,309.8427,312.1416,315.4782,319.9587,325.7321,471.0,332.0,1604.0367,245.1166999999998,735.8775,30.434199999999976
3438,3438,3438.0,3438.0,3438.0,3438.0,3438.0,3438.0,3438.0,3438.0,3438.0,8.0,,,,,,,,,,,,,,,,,,,0.8,435.4852,407.9247,386.1458,368.7161,354.6514,343.2547,334.0208,326.5772,320.6466,316.0215,312.5481,310.1146,308.6438,308.0889,308.4309,309.6783,311.8681,315.0688,319.3845,324.9619,473.0,332.0,1849.1534,245.32420000000025,490.7608000000002,30.434199999999976
3439,3439,3439.0,3439.0,3439.0,3439.0,3439.0,3439.0,3439.0,3439.0,3439.0,9.0,,,,,,,,,,,,,,,,,,,0.9,436.9306,408.9541,386.8577,369.1867,354.9434,343.4196,334.0998,326.6013,320.6373,315.9926,312.5068,310.0642,308.5856,308.0238,308.3608,309.6068,311.8003,315.0106,319.3417,324.9392,471.0,333.0,2094.4776,245.4366,245.4366,30.434199999999976
3440,3440,3440.0,3440.0,3440.0,3440.0,3440.0,3440.0,3440.0,3440.0,3440.0,0.0,,,,,,,,,,,,,,,,,,,0.0,273.0,273.0,273.0,273.0,273.0,273.0,273.0,273.0,273.0,273.0,273.0,273.0,273.0,273.0,273.0,273.0,273.0,273.0,273.0,273.0,473.0,440.0,0.0,357.6724,2348.8454,30.51310000000001
3441,3441,3441.0,3441.0,3441.0,3441.0,3441.0,3441.0,3441.0,3441.0,3441.0,1.0,,,,,,,,,,,,,,,,,,,0.1,428.5456,392.4468,362.9724,339.1477,320.3116,305.8863,295.2885,287.9324,283.2804,280.9074,280.5542,282.1571,285.8482,291.9271,300.8095,312.9638,328.8564,348.9303,373.6507,403.6484,473.0,415.0,357.6724,155.9875,1991.173,30.51310000000001
3442,3442,3442.0,3442.0,3442.0,3442.0,3442.0,3442.0,3442.0,3442.0,3442.0,2.0,,,,,,,,,,,,,,,,,,,0.2,433.9408,402.9631,377.9395,357.5515,340.9585,327.6107,317.1381,309.2823,303.8565,300.7204,299.7671,300.916,304.1121,309.3293,316.5809,325.936,337.5464,351.6826,368.7857,389.542,472.0,340.0,513.6599,159.42460000000003,1835.1855000000005,30.51310000000001
3443,3443,3443.0,3443.0,3443.0,3443.0,3443.0,3443.0,3443.0,3443.0,3443.0,3.0,,,,,,,,,,,,,,,,,,,0.3,435.03,406.087,383.021,364.4542,349.4729,337.4548,327.9627,320.6769,315.348,311.7639,309.7258,309.0344,309.4842,310.8695,313.0008,315.7312,318.989,322.8089,327.3565,332.9389,471.0,331.0,673.0845,209.7781,1675.7609000000002,30.51310000000001
3444,3444,3444.0,3444.0,3444.0,3444.0,3444.0,3444.0,3444.0,3444.0,3444.0,4.0,,,,,,,,,,,,,,,,,,,0.4,435.0575,407.0775,384.9089,367.1464,352.8337,341.2982,332.0517,324.7289,319.0477,314.7828,311.7497,309.7945,308.7904,308.6368,309.264,310.6385,312.7706,315.7219,319.6117,324.6217,473.0,332.0,882.8626,235.5086,1465.9828000000002,30.51310000000001
3445,3445,3445.0,3445.0,3445.0,3445.0,3445.0,3445.0,3445.0,3445.0,3445.0,5.0,,,,,,,,,,,,,,,,,,,0.5,436.7943,408.6839,386.4619,368.6819,354.354,342.7767,333.4385,325.9577,320.0453,315.4803,312.094,309.7608,308.391,307.9278,308.3453,309.6483,311.8732,315.0903,319.4074,324.976,473.0,333.0,1118.3712,244.1860999999999,1230.4742,30.51310000000001
3446,3446,3446.0,3446.0,3446.0,3446.0,3446.0,3446.0,3446.0,3446.0,3446.0,6.0,,,,,,,,,,,,,,,,,,,0.6,436.9149,408.9204,386.8022,369.1058,354.8342,343.2819,333.9364,326.4184,320.4443,315.8011,312.3304,309.9172,308.4834,307.983,308.3992,309.7437,312.0573,315.4112,319.912,325.7081,471.0,332.0,1362.5573,244.76700000000005,986.2881000000002,30.51310000000001
3447,3447,3447.0,3447.0,3447.0,3447.0,3447.0,3447.0,3447.0,3447.0,3447.0,7.0,,,,,,,,,,,,,,,,,,,0.7,435.4731,407.9002,386.1091,368.6675,354.5918,343.1856,333.9438,326.4943,320.5599,315.9332,312.4604,310.0294,308.5632,308.0145,308.3643,309.6208,311.8209,315.0326,319.36,324.9496,473.0,330.0,1607.3243,245.4792,741.5211000000002,30.51310000000001
3448,3448,3448.0,3448.0,3448.0,3448.0,3448.0,3448.0,3448.0,3448.0,3448.0,8.0,,,,,,,,,,,,,,,,,,,0.8,436.9247,408.9423,386.8397,369.1626,354.913,343.3828,334.0561,326.5497,320.5755,315.9162,312.4086,309.9326,308.4037,307.7683,308.0013,309.105,311.1113,314.0831,318.1196,323.3615,473.0,332.0,1852.8035,247.98419999999987,496.04190000000017,30.51310000000001
3449,3449,3449.0,3449.0,3449.0,3449.0,3449.0,3449.0,3449.0,3449.0,3449.0,9.0,,,,,,,,,,,,,,,,,,,0.9,436.9576,409.0053,386.9266,369.2641,355.0185,343.4811,334.1374,326.6065,320.6041,315.9172,312.3884,309.9045,308.3896,307.8001,308.1217,309.3676,311.5785,314.8243,319.2071,324.8687,473.0,330.0,2100.7877,248.0577000000003,248.0577000000003,30.51310000000001
3450,3450,3450.0,3450.0,3450.0,3450.0,3450.0,3450.0,3450.0,3450.0,3450.0,0.0,,,,,,,,,,,,,,,,,,,0.0,273.0,273.0,273.0,273.0,273.0,273.0,273.0,273.0,273.0,273.0,273.0,273.0,273.0,273.0,273.0,273.0,273.0,273.0,273.0,273.0,472.0,437.0,0.0,358.1938,2349.2125999999994,30.45670000000001
3451,3451,3451.0,3451.0,3451.0,3451.0,3451.0,3451.0,3451.0,3451.0,3451.0,1.0,,,,,,,,,,,,,,,,,,,0.1,427.7963,391.8831,362.5515,338.8386,320.0893,305.7294,295.1782,287.8517,283.2131,280.8369,280.4619,282.0203,285.6385,291.6085,300.3373,312.2845,327.9068,347.6361,371.9219,401.3679,472.0,417.0,358.1938,157.23040000000003,1991.0188,30.45670000000001
3452,3452,3452.0,3452.0,3452.0,3452.0,3452.0,3452.0,3452.0,3452.0,3452.0,2.0,,,,,,,,,,,,,,,,,,,0.2,433.1729,402.3609,377.46,357.1645,340.6415,327.3457,316.9097,309.0779,303.6658,300.5371,299.59,300.7514,303.9756,309.2479,316.5935,326.0937,337.9107,352.3241,369.7835,390.9861,473.0,337.0,515.4242,158.9597,1833.7884,30.45670000000001
3453,3453,3453.0,3453.0,3453.0,3453.0,3453.0,3453.0,3453.0,3453.0,3453.0,3.0,,,,,,,,,,,,,,,,,,,0.3,435.7386,406.5732,383.3339,364.6326,349.5497,337.4581,327.9161,320.5987,315.2507,311.6532,309.5995,308.8807,309.2801,310.5788,312.5733,315.1019,318.0795,321.5297,325.6098,330.6208,473.0,332.0,674.3839,212.7288,1674.8286999999996,30.45670000000001
3454,3454,3454.0,3454.0,3454.0,3454.0,3454.0,3454.0,3454.0,3454.0,3454.0,4.0,,,,,,,,,,,,,,,,,,,0.4,436.5452,408.1871,385.7293,367.7406,353.2492,341.5716,332.2117,324.7978,319.0427,314.7179,311.6374,309.6484,308.6271,308.4789,309.1411,310.5878,312.8358,315.9509,320.0529,325.3213,471.0,332.0,887.1127,236.1634,1462.0998999999997,30.45670000000001
3455,3455,3455.0,3455.0,3455.0,3455.0,3455.0,3455.0,3455.0,3455.0,3455.0,5.0,,,,,,,,,,,,,,,,,,,0.5,435.354,407.6641,385.7635,368.2268,354.0776,342.6248,333.3671,325.9332,320.0439,315.4868,312.1007,309.765,308.3933,307.9301,308.3495,309.6552,311.8824,315.1002,319.4158,324.9808,473.0,334.0,1123.2761,242.69090000000008,1225.9364999999998,30.45670000000001
3456,3456,3456.0,3456.0,3456.0,3456.0,3456.0,3456.0,3456.0,3456.0,3456.0,6.0,,,,,,,,,,,,,,,,,,,0.6,436.8835,408.86,386.7181,369.0055,354.7267,343.1758,333.8393,326.3361,320.381,315.76,312.3144,309.9307,308.5329,308.0781,308.5535,309.975,312.3868,315.8639,320.5157,326.493,472.0,332.0,1365.967,244.4532999999999,983.2455999999996,30.45670000000001
3457,3457,3457.0,3457.0,3457.0,3457.0,3457.0,3457.0,3457.0,3457.0,3457.0,7.0,,,,,,,,,,,,,,,,,,,0.7,436.2053,408.433,386.4897,368.9316,354.7686,343.2992,334.0148,326.5397,320.5935,315.9659,312.4998,310.0804,308.6277,308.0917,308.4507,309.7105,311.9065,315.1061,319.4139,324.9781,473.0,330.0,1610.4203,246.106,738.7922999999998,30.45670000000001
3458,3458,3458.0,3458.0,3458.0,3458.0,3458.0,3458.0,3458.0,3458.0,3458.0,8.0,,,,,,,,,,,,,,,,,,,0.8,436.9438,408.9792,386.892,369.2264,354.984,343.4567,334.1293,326.6196,320.6408,315.9765,312.4641,309.9839,308.4512,307.8123,308.0413,309.1406,311.1415,314.1069,318.1361,323.3699,471.0,331.0,1856.5263,246.9796000000001,492.6862999999999,30.45670000000001
3459,3459,3459.0,3459.0,3459.0,3459.0,3459.0,3459.0,3459.0,3459.0,3459.0,9.0,,,,,,,,,,,,,,,,,,,0.9,435.4852,407.9241,386.1438,368.7107,354.64,343.2334,333.9844,326.5189,320.5583,315.8942,312.3723,309.881,308.3443,307.7175,307.9837,309.1534,311.2645,314.384,318.612,324.0879,472.0,333.0,2103.5059,245.70669999999973,245.70669999999973,30.45670000000001
3460,3460,3460.0,3460.0,3460.0,3460.0,3460.0,3460.0,3460.0,3460.0,3460.0,0.0,,,,,,,,,,,,,,,,,,,0.0,273.0,273.0,273.0,273.0,273.0,273.0,273.0,273.0,273.0,273.0,273.0,273.0,273.0,273.0,273.0,273.0,273.0,273.0,273.0,273.0,473.0,439.0,0.0,357.8765,2350.277,30.38630000000001
3461,3461,3461.0,3461.0,3461.0,3461.0,3461.0,3461.0,3461.0,3461.0,3461.0,1.0,,,,,,,,,,,,,,,,,,,0.1,428.5456,392.4468,362.9722,339.1474,320.311,305.8851,295.2861,287.9279,283.272,280.8924,280.5284,282.1143,285.7798,291.8218,300.6526,312.7377,328.5402,348.4993,373.0748,402.8885,473.0,414.0,357.8765,156.75179999999995,1992.4005,30.38630000000001
3462,3462,3462.0,3462.0,3462.0,3462.0,3462.0,3462.0,3462.0,3462.0,3462.0,2.0,,,,,,,,,,,,,,,,,,,0.2,433.9399,402.9612,377.9361,357.5459,340.9496,327.5972,317.1178,309.2528,303.8144,300.6616,299.6863,300.8071,303.9676,309.1404,316.337,325.6246,337.1519,351.1855,368.1606,388.7543,471.0,339.0,514.6283,159.54690000000005,1835.6487,30.38630000000001
3463,3463,3463.0,3463.0,3463.0,3463.0,3463.0,3463.0,3463.0,3463.0,3463.0,3.0,,,,,,,,,,,,,,,,,,,0.3,434.2868,405.5326,382.6089,364.1495,349.2478,337.286,327.8308,320.5653,315.2429,311.6534,309.5996,308.8829,309.2979,310.6384,312.7138,315.3754,318.549,322.2665,326.69,332.122,473.0,332.0,674.1752,210.7773,1676.1018,30.38630000000001
3464,3464,3464.0,3464.0,3464.0,3464.0,3464.0,3464.0,3464.0,3464.0,3464.0,4.0,,,,,,,,,,,,,,,,,,,0.4,436.5121,408.1236,385.6412,367.6364,353.1388,341.4653,332.1188,324.726,318.9976,314.7032,311.6549,309.6979,308.7064,308.5833,309.2633,310.7178,312.9617,316.0599,320.1334,325.3641,473.0,331.0,884.9525,236.8893999999999,1465.3245000000002,30.38630000000001
3465,3465,3465.0,3465.0,3465.0,3465.0,3465.0,3465.0,3465.0,3465.0,3465.0,5.0,,,,,,,,,,,,,,,,,,,0.5,436.8258,408.7442,386.5454,368.7804,354.4581,342.8775,333.5285,326.0321,320.1014,315.5169,312.1107,309.7555,308.3588,307.8594,308.2259,309.4575,311.5852,314.675,318.832,324.206,471.0,332.0,1121.8419,243.85820000000007,1228.4351,30.38630000000001
3466,3466,3466.0,3466.0,3466.0,3466.0,3466.0,3466.0,3466.0,3466.0,3466.0,6.0,,,,,,,,,,,,,,,,,,,0.6,435.4433,407.8407,386.021,368.5529,354.4541,343.0285,333.7717,326.311,320.3685,315.7361,312.2588,309.8244,308.3559,307.8075,308.162,309.4302,311.6508,314.8931,319.2606,324.8978,472.0,332.0,1365.7001,244.4006,984.5769,30.38630000000001
3467,3467,3467.0,3467.0,3467.0,3467.0,3467.0,3467.0,3467.0,3467.0,3467.0,7.0,,,,,,,,,,,,,,,,,,,0.7,436.1726,408.3694,386.3993,368.8206,354.6434,343.1655,333.8761,326.3969,320.4448,315.8075,312.3274,309.8908,308.4198,307.8684,308.2192,309.4823,311.6962,314.9298,319.2866,324.9113,473.0,331.0,1610.1007,245.9898000000001,740.1763000000001,30.38630000000001
3468,3468,3468.0,3468.0,3468.0,3468.0,3468.0,3468.0,3468.0,3468.0,3468.0,8.0,,,,,,,,,,,,,,,,,,,0.8,436.932,408.9555,386.8561,369.1785,354.9244,343.3863,334.0493,326.532,320.5484,315.8835,312.3767,309.9106,308.4039,307.8062,308.0959,309.2791,311.3904,314.4955,318.6954,324.1325,472.0,330.0,1856.0905,247.20860000000016,494.1865,30.38630000000001
3469,3469,3469.0,3469.0,3469.0,3469.0,3469.0,3469.0,3469.0,3469.0,3469.0,9.0,,,,,,,,,,,,,,,,,,,0.9,436.2188,408.4594,386.5271,368.9767,354.8163,343.3427,334.0452,326.5466,320.5644,315.8868,312.3553,309.8539,308.3016,307.6478,307.8698,308.972,310.9872,313.9786,318.044,323.3219,472.0,333.0,2103.2991,246.97789999999983,246.97789999999983,30.38630000000001
3470,3470,3470.0,3470.0,3470.0,3470.0,3470.0,3470.0,3470.0,3470.0,3470.0,0.0,,,,,,,,,,,,,,,,,,,0.0,273.0,273.0,273.0,273.0,273.0,273.0,273.0,273.0,273.0,273.0,273.0,273.0,273.0,273.0,273.0,273.0,273.0,273.0,273.0,273.0,473.0,439.0,0.0,357.8765,2353.3266,30.495600000000024
3471,3471,3471.0,3471.0,3471.0,3471.0,3471.0,3471.0,3471.0,3471.0,3471.0,1.0,,,,,,,,,,,,,,,,,,,0.1,428.5456,392.4468,362.9722,339.1474,320.311,305.8851,295.2861,287.9279,283.272,280.8924,280.5284,282.1143,285.7798,291.8218,300.6526,312.7377,328.5402,348.4993,373.0748,402.8885,473.0,414.0,357.8765,156.75179999999995,1995.4501,30.495600000000024
3472,3472,3472.0,3472.0,3472.0,3472.0,3472.0,3472.0,3472.0,3472.0,3472.0,2.0,,,,,,,,,,,,,,,,,,,0.2,433.9399,402.9612,377.9361,357.5459,340.9496,327.5972,317.1178,309.2528,303.8144,300.6616,299.6863,300.8071,303.9676,309.1404,316.337,325.6246,337.1519,351.1855,368.1606,388.7543,471.0,337.0,514.6283,159.74530000000004,1838.6983,30.495600000000024
3473,3473,3473.0,3473.0,3473.0,3473.0,3473.0,3473.0,3473.0,3473.0,3473.0,3.0,,,,,,,,,,,,,,,,,,,0.3,434.2867,405.5325,382.6087,364.149,349.2468,337.2838,327.8263,320.5568,315.227,311.6248,309.55,308.7998,309.1638,310.4293,312.3984,314.915,317.8975,321.3713,325.4927,330.5585,473.0,333.0,674.3736,211.6735,1678.953,30.495600000000024
3474,3474,3474.0,3474.0,3474.0,3474.0,3474.0,3474.0,3474.0,3474.0,3474.0,4.0,,,,,,,,,,,,,,,,,,,0.4,436.5106,408.1202,385.6351,367.6265,353.1236,341.4428,332.0866,324.6816,318.939,314.6295,311.5674,309.6017,308.6116,308.5065,309.2281,310.7551,313.1085,316.3573,320.624,326.0895,473.0,332.0,886.0471,236.59950000000003,1467.2795,30.495600000000024
3475,3475,3475.0,3475.0,3475.0,3475.0,3475.0,3475.0,3475.0,3475.0,3475.0,5.0,,,,,,,,,,,,,,,,,,,0.5,436.8232,408.7387,386.5369,368.7688,354.4435,342.8605,333.5103,326.0148,320.0883,315.5128,312.1221,309.791,308.4291,307.9773,308.4065,309.7179,311.9448,315.1552,319.4569,325.0027,473.0,332.0,1122.6466,244.5215000000001,1230.6799999999998,30.495600000000024
3476,3476,3476.0,3476.0,3476.0,3476.0,3476.0,3476.0,3476.0,3476.0,3476.0,6.0,,,,,,,,,,,,,,,,,,,0.6,436.9212,408.9329,386.8205,369.129,354.8614,343.3117,333.9672,326.4484,320.471,315.8213,312.3394,309.9084,308.4476,307.9074,308.2674,309.5356,311.7491,314.9762,319.3209,324.9295,473.0,332.0,1367.1681,246.7222,986.1584999999998,30.495600000000024
3477,3477,3477.0,3477.0,3477.0,3477.0,3477.0,3477.0,3477.0,3477.0,3477.0,7.0,,,,,,,,,,,,,,,,,,,0.7,436.953,408.9962,386.9135,369.2482,355.0014,343.4657,334.1273,326.6063,320.619,315.9525,312.4487,309.993,308.5067,307.9426,308.2824,309.5354,311.7394,314.9627,319.3088,324.9225,471.0,331.0,1613.8903,246.105,739.4362999999998,30.495600000000024
3478,3478,3478.0,3478.0,3478.0,3478.0,3478.0,3478.0,3478.0,3478.0,3478.0,8.0,,,,,,,,,,,,,,,,,,,0.8,435.4863,407.9264,386.1476,368.7167,354.6491,343.2473,334.0052,326.5498,320.603,315.9566,312.4559,309.9882,308.4753,307.8691,308.1493,309.3229,311.4248,314.5209,318.712,324.1407,473.0,332.0,1859.9953,246.15459999999985,493.3312999999998,30.495600000000024
3479,3479,3479.0,3479.0,3479.0,3479.0,3479.0,3479.0,3479.0,3479.0,3479.0,9.0,,,,,,,,,,,,,,,,,,,0.9,436.9282,408.949,386.849,369.1733,354.9238,343.3919,334.0618,326.5508,320.5722,315.911,312.4078,309.9479,308.4539,307.8808,308.2126,309.4616,311.6675,314.9001,319.2623,324.8977,473.0,332.0,2106.1499,247.1767,247.1767,30.495600000000024
3480,3480,3480.0,3480.0,3480.0,3480.0,3480.0,3480.0,3480.0,3480.0,0.0,,,,,,,,,,,,,,,,,,,,0.0,273.0,273.0,273.0,273.0,273.0,273.0,273.0,273.0,273.0,273.0,273.0,273.0,273.0,273.0,273.0,273.0,273.0,273.0,273.0,273.0,411.0,467.0,0.0,351.4987,1030.5681,2.4495000000000005
3481,3481,3481.0,3481.0,3481.0,3481.0,3481.0,3481.0,3481.0,3481.0,1.0,,,,,,,,,,,,,,,,,,,,0.1,381.4886,356.8051,336.3042,319.59,306.3385,296.2101,288.831,283.8231,280.8572,279.7112,280.3162,282.7821,287.3968,294.5995,304.9303,318.969,337.2868,360.4412,389.0579,424.0444,309.0,471.0,351.4987,96.73130000000003,679.0694,2.4495000000000005
3482,3482,3482.0,3482.0,3482.0,3482.0,3482.0,3482.0,3482.0,3482.0,2.0,,,,,,,,,,,,,,,,,,,,0.2,306.4041,304.34,302.4905,300.663,298.8068,297.0072,295.459,294.4296,294.2216,295.1418,297.4831,301.5174,307.499,315.6776,326.3176,339.7296,356.3148,376.6359,401.5292,432.2904,177.0,473.0,448.23,70.62059999999997,582.3380999999999,2.4495000000000005
3483,3483,3483.0,3483.0,3483.0,3483.0,3483.0,3483.0,3483.0,3483.0,3.0,,,,,,,,,,,,,,,,,,,,0.3,199.0407,219.1739,236.8598,251.8139,264.0337,273.7718,281.4718,287.6901,293.0228,298.0499,303.302,309.2497,316.3103,324.8681,335.3061,348.046,363.602,382.655,406.164,435.5473,456.0,472.0,518.8506,87.09190000000001,511.7175,2.4495000000000005
3484,3484,3484.0,3484.0,3484.0,3484.0,3484.0,3484.0,3484.0,3484.0,4.0,,,,,,,,,,,,,,,,,,,,0.4,414.8925,381.3558,354.2988,333.1515,317.4716,306.7495,300.3572,297.5904,297.7521,300.2346,304.5785,310.499,317.8869,326.7955,337.4265,350.1263,365.401,383.9618,406.8138,435.4197,172.0,473.0,605.9425,35.31719999999996,424.6256,2.4495000000000005
3485,3485,3485.0,3485.0,3485.0,3485.0,3485.0,3485.0,3485.0,3485.0,5.0,,,,,,,,,,,,,,,,,,,,0.5,198.6183,222.8431,243.7893,260.9959,274.4601,284.5746,292.0064,297.5563,302.037,306.1863,310.6248,315.8507,322.2642,330.2092,340.0236,352.0943,366.9189,385.1811,407.858,436.3927,257.0,471.0,641.2597,79.18520000000001,389.3084,2.4495000000000005
3486,3486,3486.0,3486.0,3486.0,3486.0,3486.0,3486.0,3486.0,3486.0,6.0,,,,,,,,,,,,,,,,,,,,0.6,260.1512,263.2674,266.5785,270.2373,274.3114,278.7976,283.6522,288.8281,294.3074,300.1248,306.379,313.2347,320.9209,329.7298,340.0227,352.2471,366.9702,384.937,407.1676,435.1225,473.0,472.0,720.4449,63.33960000000002,310.1232,2.4495000000000005
3487,3487,3487.0,3487.0,3487.0,3487.0,3487.0,3487.0,3487.0,3487.0,7.0,,,,,,,,,,,,,,,,,,,,0.7,429.3768,394.2737,366.0902,343.9506,327.2555,315.4495,307.9319,304.0612,303.2053,304.8028,308.4121,313.7398,320.6492,329.1584,339.435,351.7989,366.7405,384.9649,407.4788,435.7493,172.0,472.0,783.7845,38.32220000000007,246.7836,2.4495000000000005
3488,3488,3488.0,3488.0,3488.0,3488.0,3488.0,3488.0,3488.0,3488.0,8.0,,,,,,,,,,,,,,,,,,,,0.8,199.7772,225.0604,246.8862,264.7472,278.6263,288.929,296.3525,301.7369,305.9363,309.7268,313.7612,318.5628,324.5492,332.0743,341.4806,353.155,367.5918,385.468,407.7508,435.8664,173.0,472.0,822.1067,102.75209999999991,208.4613999999999,2.4495000000000005
3489,3489,3489.0,3489.0,3489.0,3489.0,3489.0,3489.0,3489.0,3489.0,9.0,,,,,,,,,,,,,,,,,,,,0.9,192.537,210.6159,227.0608,241.7794,254.7743,266.1424,276.0649,284.7928,292.6288,299.9112,306.9999,314.2687,322.1039,330.9101,341.1256,353.2491,367.8806,385.7868,408.0025,436.0015,459.0,473.0,924.8588,105.70929999999998,105.70929999999998,2.4495000000000005
3490,3490,3490.0,3490.0,3490.0,3490.0,3490.0,3490.0,3490.0,3490.0,0.0,,,,,,,,,,,,,,,,,,,,0.0,273.0,273.0,273.0,273.0,273.0,273.0,273.0,273.0,273.0,273.0,273.0,273.0,273.0,273.0,273.0,273.0,273.0,273.0,273.0,273.0,408.0,470.0,0.0,351.2126,1013.4901,1.4438000000000102
3491,3491,3491.0,3491.0,3491.0,3491.0,3491.0,3491.0,3491.0,3491.0,1.0,,,,,,,,,,,,,,,,,,,,0.1,379.182,355.0459,334.9839,318.6213,305.6475,295.7336,288.5162,283.6281,280.7519,279.6772,280.3471,282.8829,287.5846,294.9026,305.3878,319.631,338.2136,361.7061,390.7532,426.2962,315.0,473.0,351.2126,95.36649999999996,662.2775,1.4438000000000102
3492,3492,3492.0,3492.0,3492.0,3492.0,3492.0,3492.0,3492.0,3492.0,2.0,,,,,,,,,,,,,,,,,,,,0.2,311.0543,307.8308,305.0146,302.4104,299.9581,297.7256,295.8848,294.6774,294.3801,295.2773,297.643,301.7352,307.7987,316.0775,326.834,340.3798,357.1213,377.6313,402.7635,433.8429,173.0,473.0,446.5791,68.99259999999998,566.9110000000001,1.4438000000000102
3493,3493,3493.0,3493.0,3493.0,3493.0,3493.0,3493.0,3493.0,3493.0,3.0,,,,,,,,,,,,,,,,,,,,0.3,195.9724,216.962,235.3876,250.9409,263.6144,273.6717,281.5783,287.9176,293.312,298.3642,303.6217,309.5655,316.6179,325.164,335.585,348.3001,363.8214,382.8295,406.2849,435.6089,451.0,473.0,515.5717,87.64290000000005,497.9184,1.4438000000000102
3494,3494,3494.0,3494.0,3494.0,3494.0,3494.0,3494.0,3494.0,3494.0,4.0,,,,,,,,,,,,,,,,,,,,0.4,411.0393,378.3608,351.9785,331.3791,316.1503,305.7987,299.7066,297.1782,297.5243,300.1461,304.5932,310.5902,318.0369,326.9953,337.6755,350.4314,365.7767,384.4303,407.4067,436.1821,173.0,473.0,603.2146,35.00609999999995,410.2755,1.4438000000000102
3495,3495,3495.0,3495.0,3495.0,3495.0,3495.0,3495.0,3495.0,3495.0,5.0,,,,,,,,,,,,,,,,,,,,0.5,199.2576,223.1555,243.8305,260.8344,274.1668,284.215,291.6343,297.212,301.7465,305.9632,310.4725,315.7651,322.236,330.226,340.0715,352.1594,366.988,385.2428,407.9037,436.4168,275.0,473.0,638.2207,74.17349999999999,375.2694,1.4438000000000102
3496,3496,3496.0,3496.0,3496.0,3496.0,3496.0,3496.0,3496.0,3496.0,6.0,,,,,,,,,,,,,,,,,,,,0.6,274.5872,274.5381,275.1182,276.4982,278.7399,281.8102,285.6167,290.0517,295.034,300.5392,306.616,313.3906,321.0649,329.9146,340.2928,352.6451,367.5417,385.7355,408.2604,436.6013,454.0,472.0,712.3942,53.579200000000014,301.09590000000003,1.4438000000000102
3497,3497,3497.0,3497.0,3497.0,3497.0,3497.0,3497.0,3497.0,3497.0,7.0,,,,,,,,,,,,,,,,,,,,0.7,415.6235,384.5398,359.5023,339.8048,324.9443,314.4438,307.7868,304.424,303.8176,305.4924,309.0777,314.332,321.1526,329.5755,339.7756,352.073,366.9553,385.1242,407.5843,435.8017,171.0,473.0,765.9734,36.92790000000002,247.5167,1.4438000000000102
3498,3498,3498.0,3498.0,3498.0,3498.0,3498.0,3498.0,3498.0,3498.0,8.0,,,,,,,,,,,,,,,,,,,,0.8,198.5756,223.6974,245.4356,263.2992,277.2695,287.7359,295.3708,300.9877,305.416,309.414,313.6238,318.5655,324.6595,332.2676,341.742,353.4807,367.9888,385.9543,408.3559,436.635,176.0,471.0,802.9013,105.11310000000005,210.5888,1.4438000000000102
3499,3499,3499.0,3499.0,3499.0,3499.0,3499.0,3499.0,3499.0,3499.0,9.0,,,,,,,,,,,,,,,,,,,,0.9,194.8347,212.2647,228.1436,242.3985,255.0388,266.1577,275.9243,284.572,292.3844,299.6803,306.8025,314.1101,321.977,330.7982,341.0043,353.0879,367.6447,385.4371,407.4949,435.2833,468.0,473.0,908.0144,105.47569999999996,105.47569999999996,1.4438000000000102
3500,3500,3500.0,3500.0,3500.0,3500.0,3500.0,3500.0,3500.0,3500.0,0.0,,,,,,,,,,,,,,,,,,,,0.0,273.0,273.0,273.0,273.0,273.0,273.0,273.0,273.0,273.0,273.0,273.0,273.0,273.0,273.0,273.0,273.0,273.0,273.0,273.0,273.0,471.0,383.0,0.0,371.8411,1173.2426,13.630999999999972
3501,3501,3501.0,3501.0,3501.0,3501.0,3501.0,3501.0,3501.0,3501.0,1.0,,,,,,,,,,,,,,,,,,,,0.1,427.046,391.3167,362.1244,338.5155,319.8371,305.511,294.9457,287.5362,282.711,279.9902,279.0336,279.6669,281.882,285.8139,291.6985,299.821,310.4645,323.8763,340.2673,359.8611,472.0,472.0,371.8411,197.20820000000003,801.4015,13.630999999999972
3502,3502,3502.0,3502.0,3502.0,3502.0,3502.0,3502.0,3502.0,3502.0,2.0,,,,,,,,,,,,,,,,,,,,0.2,433.1047,402.2155,377.22,356.804,340.1253,326.631,315.9512,307.8397,302.1419,298.7819,297.7597,299.1526,303.1146,309.8721,319.7157,332.9933,350.1183,371.6108,398.1994,431.023,174.0,471.0,569.0493,71.95269999999994,604.1933,13.630999999999972
3503,3503,3503.0,3503.0,3503.0,3503.0,3503.0,3503.0,3503.0,3503.0,3.0,,,,,,,,,,,,,,,,,,,,0.3,202.2182,227.8423,249.8162,267.5671,281.0438,290.6497,297.1106,301.3251,304.2304,306.7051,309.5129,313.2844,318.5287,325.6642,335.0628,347.1032,362.2348,381.0603,404.4523,433.7354,173.0,473.0,641.002,103.07100000000004,532.2406000000001,13.630999999999972
3504,3504,3504.0,3504.0,3504.0,3504.0,3504.0,3504.0,3504.0,3504.0,4.0,,,,,,,,,,,,,,,,,,,,0.4,192.6794,210.864,227.3469,242.0155,254.8647,265.9959,275.6066,283.9728,291.4285,298.3461,305.1197,312.1543,319.862,328.6653,339.0116,351.3987,366.4172,384.8173,407.6152,436.2704,471.0,473.0,744.073,108.75390000000004,429.16960000000006,13.630999999999972
3505,3505,3505.0,3505.0,3505.0,3505.0,3505.0,3505.0,3505.0,3505.0,5.0,,,,,,,,,,,,,,,,,,,,0.5,425.476,388.494,358.7082,335.4477,318.2248,306.487,299.5442,296.6075,296.88,299.6522,304.3716,310.6776,318.4068,327.5799,338.386,351.1747,366.4681,385.0014,407.8093,436.3886,171.0,473.0,852.8269,34.91030000000001,320.4157,13.630999999999972
3506,3506,3506.0,3506.0,3506.0,3506.0,3506.0,3506.0,3506.0,3506.0,6.0,,,,,,,,,,,,,,,,,,,,0.6,198.0302,222.6198,243.8526,261.253,274.8206,284.9645,292.3755,297.8798,302.3116,306.4234,310.8424,316.0663,322.4895,330.4474,340.2691,352.3348,367.1379,385.3618,407.9861,436.4588,250.0,473.0,887.7372,81.06359999999995,285.5054,13.630999999999972
3507,3507,3507.0,3507.0,3507.0,3507.0,3507.0,3507.0,3507.0,3507.0,7.0,,,,,,,,,,,,,,,,,,,,0.7,254.5416,258.9038,263.2968,267.8629,272.6696,277.7243,283.0025,288.4816,294.1702,300.1288,306.4791,313.4059,321.1549,330.0323,340.4114,352.7505,367.6275,385.7994,408.3023,436.6218,471.0,471.0,968.8008,64.9423999999999,204.4418000000001,13.630999999999972
3508,3508,3508.0,3508.0,3508.0,3508.0,3508.0,3508.0,3508.0,3508.0,8.0,,,,,,,,,,,,,,,,,,,,0.8,427.6877,392.7785,364.7347,342.7189,326.1532,314.4901,307.128,303.4184,302.7201,304.4626,308.1967,313.6228,320.6,329.1424,339.4148,351.7344,366.5895,384.6829,407.018,435.0548,172.0,473.0,1033.7432,37.61900000000014,139.49940000000015,13.630999999999972
3509,3509,3509.0,3509.0,3509.0,3509.0,3509.0,3509.0,3509.0,3509.0,9.0,,,,,,,,,,,,,,,,,,,,0.9,199.6526,224.823,246.557,264.3528,278.1948,288.4869,295.9223,301.3366,305.5784,309.4195,313.5095,318.3699,324.4184,332.0109,341.4932,353.2569,367.8015,385.8106,408.2594,436.5868,177.0,471.0,1071.3622,101.8804,101.8804,13.630999999999972
3510,3510,3510.0,3510.0,3510.0,3510.0,3510.0,3510.0,3510.0,3510.0,0.0,,,,,,,,,,,,,,,,,,,,0.0,273.0,273.0,273.0,273.0,273.0,273.0,273.0,273.0,273.0,273.0,273.0,273.0,273.0,273.0,273.0,273.0,273.0,273.0,273.0,273.0,472.0,384.0,0.0,371.6337,1164.2827,13.875299999999982
3511,3511,3511.0,3511.0,3511.0,3511.0,3511.0,3511.0,3511.0,3511.0,1.0,,,,,,,,,,,,,,,,,,,,0.1,427.7956,391.8807,362.5454,338.8243,320.0584,305.6656,295.0513,287.608,282.7617,280.031,279.0749,279.7192,281.957,285.9251,291.8624,300.0565,310.7937,324.3242,340.8625,360.6373,473.0,473.0,371.6337,197.0798,792.649,13.875299999999982
3512,3512,3512.0,3512.0,3512.0,3512.0,3512.0,3512.0,3512.0,3512.0,2.0,,,,,,,,,,,,,,,,,,,,0.2,433.8711,402.8144,377.6936,357.1815,340.4279,326.8753,316.1513,308.0079,302.2898,298.9205,297.8999,299.3053,303.2907,310.0829,319.973,333.3102,350.5102,372.0974,398.8081,431.7948,174.0,471.0,568.7135,71.90050000000008,595.5692,13.875299999999982
3513,3513,3513.0,3513.0,3513.0,3513.0,3513.0,3513.0,3513.0,3513.0,3.0,,,,,,,,,,,,,,,,,,,,0.3,202.2588,227.9199,249.9244,267.6982,281.1901,290.8045,297.269,301.484,304.3884,306.8621,309.6691,313.44,318.6829,325.8148,335.2063,347.2346,362.3485,381.1507,404.5149,433.7673,174.0,471.0,640.614,101.46399999999994,523.6687,13.875299999999982
3514,3514,3514.0,3514.0,3514.0,3514.0,3514.0,3514.0,3514.0,3514.0,4.0,,,,,,,,,,,,,,,,,,,,0.4,193.5142,211.5456,227.8929,242.4466,255.2025,266.2607,275.8157,284.1395,291.5612,298.4479,305.1884,312.1819,319.8343,328.5614,338.8038,351.0518,365.8876,384.0513,406.5444,434.8028,472.0,472.0,742.078,107.66700000000004,422.2047,13.875299999999982
3515,3515,3515.0,3515.0,3515.0,3515.0,3515.0,3515.0,3515.0,3515.0,5.0,,,,,,,,,,,,,,,,,,,,0.5,426.2669,389.1376,359.2405,335.8899,318.59,306.7836,299.7778,296.7819,296.9977,299.7143,304.378,310.6274,318.2977,327.4088,338.1485,350.8646,366.0757,384.5115,407.1975,435.6152,171.0,473.0,849.745,35.07709999999997,314.5377,13.875299999999982
3516,3516,3516.0,3516.0,3516.0,3516.0,3516.0,3516.0,3516.0,3516.0,6.0,,,,,,,,,,,,,,,,,,,,0.6,198.0738,222.7021,243.9649,261.3842,274.959,285.0988,292.4959,297.9784,302.3829,306.4642,310.8519,316.0458,322.4428,330.3802,340.1889,352.2499,367.0573,385.2936,407.9371,436.4333,255.0,471.0,884.8221,78.42420000000004,279.4606,13.875299999999982
3517,3517,3517.0,3517.0,3517.0,3517.0,3517.0,3517.0,3517.0,3517.0,7.0,,,,,,,,,,,,,,,,,,,,0.7,258.5818,262.0854,265.7341,269.6764,273.9789,278.6406,283.6228,288.8854,294.4182,300.2638,306.5278,313.381,321.0568,329.8509,340.1266,352.3329,367.0378,384.9867,407.2,435.1385,471.0,472.0,963.2463,63.26749999999993,201.0364,13.875299999999982
3518,3518,3518.0,3518.0,3518.0,3518.0,3518.0,3518.0,3518.0,3518.0,8.0,,,,,,,,,,,,,,,,,,,,0.8,427.8379,393.0696,365.144,343.212,326.6888,315.0265,307.6284,303.8553,303.077,304.7341,308.3871,313.7449,320.6732,329.1924,339.4724,351.8348,366.7716,384.9893,407.4953,435.7576,174.0,473.0,1026.5138,37.73910000000001,137.76890000000003,13.875299999999982
3519,3519,3519.0,3519.0,3519.0,3519.0,3519.0,3519.0,3519.0,3519.0,9.0,,,,,,,,,,,,,,,,,,,,0.9,201.3281,226.1982,247.6664,265.2368,278.8951,289.0423,296.366,301.6952,305.8722,309.6637,313.715,318.5446,324.5681,332.1396,341.6034,353.3497,367.8769,385.8681,408.2981,436.6062,176.0,472.0,1064.2529,100.02980000000002,100.02980000000002,13.875299999999982
3520,3520,3520.0,3520.0,3520.0,3520.0,3520.0,3520.0,3520.0,3520.0,0.0,,,,,,,,,,,,,,,,,,,,0.0,273.0,273.0,273.0,273.0,273.0,273.0,273.0,273.0,273.0,273.0,273.0,273.0,273.0,273.0,273.0,273.0,273.0,273.0,273.0,273.0,413.0,467.0,0.0,351.3906,1005.3552,-40.0
3521,3521,3521.0,3521.0,3521.0,3521.0,3521.0,3521.0,3521.0,3521.0,1.0,,,,,,,,,,,,,,,,,,,,0.1,383.0249,357.9763,337.1831,320.2351,306.7995,296.5296,289.0453,283.9619,280.944,279.7635,280.3466,282.7991,287.406,294.6043,304.9327,318.9702,337.2873,360.4414,389.058,424.0445,301.0,472.0,351.3906,96.7276,653.9646,-16.470399999999984
3522,3522,3522.0,3522.0,3522.0,3522.0,3522.0,3522.0,3522.0,3522.0,2.0,,,,,,,,,,,,,,,,,,,,0.2,300.1362,299.5658,298.9701,298.1606,297.1006,295.8985,294.7793,294.0436,294.0269,295.0663,297.4801,301.5606,307.5777,315.7925,326.4782,339.9515,356.6191,377.0492,402.0854,433.0349,199.0,473.0,448.1182,65.2201,557.237,-17.101499999999987
3523,3523,3523.0,3523.0,3523.0,3523.0,3523.0,3523.0,3523.0,3523.0,3.0,,,,,,,,,,,,,,,,,,,,0.3,216.6563,232.7554,246.9112,258.93,268.8325,276.8361,283.3083,288.7087,293.5336,298.2718,303.3794,309.2698,316.3201,324.8886,335.342,348.0936,363.6536,382.7021,406.1995,435.5662,471.0,473.0,513.3383,77.42470000000003,492.0169,-36.16390000000001
3524,3524,3524.0,3524.0,3524.0,3524.0,3524.0,3524.0,3524.0,3524.0,4.0,,,,,,,,,,,,,,,,,,,,0.4,426.8032,391.0678,362.3313,339.8156,322.9659,311.2181,303.9234,300.3737,299.8726,301.8122,305.7282,311.3267,318.4864,327.2475,337.7994,350.4778,365.7815,384.4176,407.3914,436.1727,171.0,471.0,590.763,36.08169999999996,414.59219999999993,-1.7819000000000074
3525,3525,3525.0,3525.0,3525.0,3525.0,3525.0,3525.0,3525.0,3525.0,5.0,,,,,,,,,,,,,,,,,,,,0.5,198.4913,223.5069,245.1018,262.7807,276.5326,286.7645,294.1712,299.5888,303.865,307.7686,311.9438,316.9044,323.0581,330.7489,340.3095,352.1175,366.6583,384.6008,406.9033,434.9806,221.0,472.0,626.8447,86.87810000000002,378.5105,-26.2355
3526,3526,3526.0,3526.0,3526.0,3526.0,3526.0,3526.0,3526.0,3526.0,6.0,,,,,,,,,,,,,,,,,,,,0.6,231.3039,240.8797,249.8197,258.1975,266.0677,273.4763,280.4777,287.1512,293.6153,300.0347,306.6214,313.6324,321.368,330.173,340.4465,352.6617,367.4035,385.4284,407.7652,435.8842,473.0,472.0,713.7228,77.37819999999999,291.6324,-39.52370000000002
3527,3527,3527.0,3527.0,3527.0,3527.0,3527.0,3527.0,3527.0,3527.0,7.0,,,,,,,,,,,,,,,,,,,,0.7,428.3922,392.3704,363.4234,340.7522,323.7991,312.0057,304.7298,301.2629,300.8985,303.0072,307.0953,312.8361,320.0776,328.8362,339.2866,351.7607,366.7622,385.0094,407.5208,435.7737,174.0,473.0,791.101,35.684600000000046,214.2542,-0.9943000000000096
3528,3528,3528.0,3528.0,3528.0,3528.0,3528.0,3528.0,3528.0,3528.0,8.0,,,,,,,,,,,,,,,,,,,,0.8,201.0587,225.676,246.9221,264.311,277.8348,287.8974,295.1864,300.528,304.759,308.6384,312.802,317.7584,323.9133,331.6125,341.1938,353.0433,367.6578,385.7205,408.2085,436.5643,200.0,471.0,826.7856,91.41319999999996,178.56959999999992,-25.102599999999995
3529,3529,3529.0,3529.0,3529.0,3529.0,3529.0,3529.0,3529.0,3529.0,9.0,,,,,,,,,,,,,,,,,,,,0.9,214.4513,227.8229,240.0935,251.2686,261.3848,270.5161,278.7776,286.3289,293.3729,300.1519,306.9422,314.0496,321.8072,330.5803,340.7784,352.8794,367.4689,385.3022,407.4046,435.2383,468.0,471.0,918.1988,87.15639999999996,87.15639999999996,-42.483900000000006
3530,3530,3530.0,3530.0,3530.0,3530.0,3530.0,3530.0,3530.0,3530.0,0.0,,,,,,,,,,,,,,,,,,,,0.0,273.0,273.0,273.0,273.0,273.0,273.0,273.0,273.0,273.0,273.0,273.0,273.0,273.0,273.0,273.0,273.0,273.0,273.0,273.0,273.0,431.0,439.0,0.0,355.9601,967.2608,2.922000000000025
3531,3531,3531.0,3531.0,3531.0,3531.0,3531.0,3531.0,3531.0,3531.0,1.0,,,,,,,,,,,,,,,,,,,,0.1,396.7978,368.453,345.0356,325.9929,310.9037,299.3533,290.8961,285.0774,281.4862,279.8136,279.9003,281.7618,285.5892,291.7224,300.6026,312.7135,328.5289,348.4942,373.0727,402.8878,319.0,471.0,355.9601,112.71249999999998,611.3007,2.922000000000025
3532,3532,3532.0,3532.0,3532.0,3532.0,3532.0,3532.0,3532.0,3532.0,2.0,,,,,,,,,,,,,,,,,,,,0.2,314.8569,311.4882,308.5111,305.681,302.9089,300.2533,297.8921,296.0834,295.1268,295.3331,297.006,300.4364,305.9059,313.6972,324.1091,337.4792,354.2209,374.8871,400.2802,431.6438,172.0,471.0,468.6726,68.89390000000003,498.5882,2.922000000000025
3533,3533,3533.0,3533.0,3533.0,3533.0,3533.0,3533.0,3533.0,3533.0,3.0,,,,,,,,,,,,,,,,,,,,0.3,195.4678,216.904,235.6919,251.5006,264.3131,274.3965,282.2289,288.4132,293.5945,298.3993,303.3974,309.0897,315.9139,324.2654,334.5291,347.1208,362.5417,381.4529,404.7862,433.9221,440.0,471.0,537.5665,86.10900000000004,429.6943,2.922000000000025
3534,3534,3534.0,3534.0,3534.0,3534.0,3534.0,3534.0,3534.0,3534.0,4.0,,,,,,,,,,,,,,,,,,,,0.4,402.7247,372.1001,347.3361,328.0187,313.7896,304.1917,298.6398,296.4718,297.0336,299.7606,304.2332,310.2015,317.5848,326.4578,337.0371,349.6773,364.887,383.3738,406.1333,434.611,173.0,375.0,623.6755,26.26329999999996,343.5853,2.922000000000025
3535,3535,3535.0,3535.0,3535.0,3535.0,3535.0,3535.0,3535.0,3535.0,5.0,,,,,,,,,,,,,,,,,,,,0.5,198.9108,222.499,242.9286,259.7627,272.9952,282.9899,290.3621,295.8408,300.1445,303.8913,307.5481,311.419,315.6648,320.3435,325.4661,331.0577,337.2198,344.1852,352.3607,362.3557,298.0,472.0,649.9388,90.32769999999994,317.322,2.922000000000025
3536,3536,3536.0,3536.0,3536.0,3536.0,3536.0,3536.0,3536.0,3536.0,6.0,,,,,,,,,,,,,,,,,,,,0.6,292.7635,288.4548,285.3408,283.5793,283.1936,284.0838,286.0683,288.9407,292.5281,296.738,301.5892,307.2242,313.9088,322.0194,332.027,344.4824,360.0161,379.3698,403.4839,433.6793,408.0,471.0,740.2665,48.482900000000086,226.99430000000007,2.922000000000025
3537,3537,3537.0,3537.0,3537.0,3537.0,3537.0,3537.0,3537.0,3537.0,7.0,,,,,,,,,,,,,,,,,,,,0.7,381.0748,358.8726,340.8008,326.4976,315.6749,308.0375,303.2584,300.9926,300.9094,302.7283,306.2464,311.3555,318.0498,326.4282,336.6983,349.1879,364.3718,382.9233,405.8067,434.4412,173.0,472.0,788.7494,35.923599999999965,178.51139999999998,2.922000000000025
3538,3538,3538.0,3538.0,3538.0,3538.0,3538.0,3538.0,3538.0,3538.0,8.0,,,,,,,,,,,,,,,,,,,,0.8,198.7771,222.2811,242.7114,259.6458,273.0719,283.3354,291.0343,296.8969,301.6735,306.0583,310.6497,315.9435,322.3511,330.2351,339.9533,351.909,366.6095,384.7403,407.2714,435.6295,263.0,473.0,824.673,80.90700000000004,142.58780000000002,2.922000000000025
3539,3539,3539.0,3539.0,3539.0,3539.0,3539.0,3539.0,3539.0,3539.0,9.0,,,,,,,,,,,,,,,,,,,,0.9,264.8604,266.8231,269.1404,271.9781,275.4056,279.4099,283.9284,288.8891,294.2473,300.0127,306.2636,313.1505,320.8944,329.7859,340.1891,352.5581,367.4689,385.6779,408.2203,436.5806,473.0,471.0,905.58,61.68079999999998,61.68079999999998,2.922000000000025
3540,3540,3540.0,3540.0,3540.0,3540.0,3540.0,3540.0,3540.0,0.0,,,,,,,,,,,,,,,,,,,,,0.0,273.0,273.0,273.0,273.0,273.0,273.0,273.0,273.0,273.0,273.0,273.0,273.0,273.0,273.0,273.0,273.0,273.0,273.0,273.0,273.0,417.0,473.0,0.0,350.2864,729.7676,-40.0
3541,3541,3541.0,3541.0,3541.0,3541.0,3541.0,3541.0,3541.0,1.0,,,,,,,,,,,,,,,,,,,,,0.1,386.0941,360.3148,338.9381,321.5244,307.7231,297.1745,289.4873,284.2662,281.1673,279.9571,280.5602,283.0858,287.8273,295.2337,305.8588,320.2983,339.1415,362.9696,392.4457,428.5452,243.0,473.0,350.2864,98.9636,379.4812,-15.825499999999977
3542,3542,3542.0,3542.0,3542.0,3542.0,3542.0,3542.0,3542.0,2.0,,,,,,,,,,,,,,,,,,,,,0.2,254.0032,263.886,272.2042,278.7306,283.4865,286.7217,288.8599,290.4265,291.9797,294.0564,297.1394,301.6462,307.9353,316.3253,327.1244,340.67,357.3825,377.8431,402.9114,433.9185,339.0,471.0,449.25,59.09480000000002,280.5176,-26.2783
3543,3543,3543.0,3543.0,3543.0,3543.0,3543.0,3543.0,3543.0,3.0,,,,,,,,,,,,,,,,,,,,,0.3,326.7363,316.4255,308.0744,301.6796,297.189,294.4937,293.4444,293.8824,295.6728,298.7302,303.0349,308.638,315.6615,324.2972,334.8128,347.5674,363.0457,381.917,405.1349,434.1071,292.0,471.0,508.3448,29.183899999999937,221.4228,-18.50630000000001
3544,3544,3544.0,3544.0,3544.0,3544.0,3544.0,3544.0,3544.0,4.0,,,,,,,,,,,,,,,,,,,,,0.4,292.0013,292.3002,292.7834,293.3942,294.1418,295.0961,296.3756,298.1296,300.5222,303.7217,307.8968,313.2209,319.883,328.1042,338.1607,350.4139,365.3528,383.6562,406.2917,434.6815,313.0,361.0,537.5287,16.831800000000044,192.2389000000001,-17.90390000000002
3545,3545,3545.0,3545.0,3545.0,3545.0,3545.0,3545.0,3545.0,5.0,,,,,,,,,,,,,,,,,,,,,0.5,307.9964,303.9951,300.9624,298.8714,297.6917,297.3855,297.9072,299.2048,301.2201,303.8863,307.1241,310.8389,314.9226,319.2643,323.7728,328.4109,333.2369,338.4466,344.4073,351.6756,267.0,466.0,554.3605,46.529,175.4071,-15.61450000000002
3546,3546,3546.0,3546.0,3546.0,3546.0,3546.0,3546.0,3546.0,6.0,,,,,,,,,,,,,,,,,,,,,0.6,271.9084,276.5354,280.758,284.5113,287.799,290.6907,293.3106,295.8241,298.4264,301.3394,304.815,309.1445,314.6692,321.7871,330.9551,342.6891,357.5702,376.2774,399.6693,428.9529,304.0,440.0,600.8895,38.67070000000001,128.87810000000002,-22.309300000000007
3547,3547,3547.0,3547.0,3547.0,3547.0,3547.0,3547.0,3547.0,7.0,,,,,,,,,,,,,,,,,,,,,0.7,299.9465,296.7113,294.3337,292.8372,292.2199,292.4566,293.5094,295.3423,297.9361,301.2993,305.4745,310.5413,316.6182,323.8669,332.5028,342.8131,355.188,370.1652,388.4971,411.2545,299.0,459.0,639.5602,33.84860000000003,90.2074,-20.54340000000002
3548,3548,3548.0,3548.0,3548.0,3548.0,3548.0,3548.0,3548.0,8.0,,,,,,,,,,,,,,,,,,,,,0.8,296.8,295.1849,294.1198,293.5872,293.5863,294.1315,295.2521,296.9924,299.4132,302.5953,306.6449,311.7001,317.939,325.5902,334.9444,346.3726,360.3539,377.5226,398.7495,425.2827,305.0,402.0,673.4088,22.83809999999994,56.35879999999997,-18.868499999999983
3549,3549,3549.0,3549.0,3549.0,3549.0,3549.0,3549.0,3549.0,9.0,,,,,,,,,,,,,,,,,,,,,0.9,301.6579,299.0722,297.2071,296.0397,295.5547,295.7425,296.5984,298.1219,300.3167,303.1896,306.7499,311.0103,315.9918,321.7336,328.3117,335.8646,344.6258,354.9617,367.4127,382.7417,283.0,405.0,696.2469,33.52070000000003,33.52070000000003,-17.257499999999993
3550,3550,3550.0,3550.0,3550.0,3550.0,3550.0,3550.0,3550.0,0.0,,,,,,,,,,,,,,,,,,,,,0.0,273.0,273.0,273.0,273.0,273.0,273.0,273.0,273.0,273.0,273.0,273.0,273.0,273.0,273.0,273.0,273.0,273.0,273.0,273.0,273.0,417.0,472.0,0.0,350.4353,728.3747,-40.0
3551,3551,3551.0,3551.0,3551.0,3551.0,3551.0,3551.0,3551.0,1.0,,,,,,,,,,,,,,,,,,,,,0.1,386.0941,360.3148,338.938,321.5241,307.7225,297.1733,289.4849,284.2616,281.159,279.9422,280.5347,283.0437,287.7602,295.1306,305.7055,320.0778,338.8332,362.5491,391.8821,427.7959,244.0,473.0,350.4353,99.37960000000004,377.9394,-15.826700000000017
3552,3552,3552.0,3552.0,3552.0,3552.0,3552.0,3552.0,3552.0,2.0,,,,,,,,,,,,,,,,,,,,,0.2,254.8051,264.5101,272.6742,279.072,283.724,286.8779,288.9539,290.4734,291.9907,294.0396,297.1004,301.5894,307.8646,316.245,327.0395,340.5862,357.3062,377.7801,402.8668,433.8955,335.0,473.0,449.8149,59.439599999999984,278.55979999999994,-26.12209999999999
3553,3553,3553.0,3553.0,3553.0,3553.0,3553.0,3553.0,3553.0,3.0,,,,,,,,,,,,,,,,,,,,,0.3,323.619,314.053,306.3209,300.4274,296.3292,293.9289,293.0916,293.6755,295.5626,298.6845,303.0364,308.6827,315.7566,324.4604,335.0706,347.955,363.6072,382.7067,406.2213,435.5826,291.0,471.0,509.2545,29.857399999999984,219.12019999999995,-19.0711
3554,3554,3554.0,3554.0,3554.0,3554.0,3554.0,3554.0,3554.0,4.0,,,,,,,,,,,,,,,,,,,,,0.4,291.0872,291.4586,292.0107,292.6943,293.5215,294.5629,295.9347,297.7826,300.2672,303.5531,307.8065,313.1986,319.9166,328.1803,338.2647,350.5308,365.4674,383.7549,406.3635,434.7191,313.0,375.0,539.1119,17.721900000000005,189.2628,-18.437099999999987
3555,3555,3555.0,3555.0,3555.0,3555.0,3555.0,3555.0,3555.0,5.0,,,,,,,,,,,,,,,,,,,,,0.5,307.9292,303.8664,300.7834,298.6572,297.4603,297.1567,297.7024,299.0482,301.1414,303.9252,307.3371,311.3073,315.7608,320.6291,325.8702,331.5011,337.6361,344.5277,352.6009,362.4786,275.0,454.0,556.8338,40.21939999999995,171.54089999999997,-15.8433
3556,3556,3556.0,3556.0,3556.0,3556.0,3556.0,3556.0,3556.0,6.0,,,,,,,,,,,,,,,,,,,,,0.6,278.2902,281.4911,284.4992,287.2587,289.7698,292.0872,294.311,296.575,299.0385,301.8827,305.3139,309.5721,314.9406,321.7537,330.402,341.3359,355.0761,372.2429,393.6266,420.3254,303.0,422.0,597.0532,34.881200000000035,131.3215,-20.912800000000004
3557,3557,3557.0,3557.0,3557.0,3557.0,3557.0,3557.0,3557.0,7.0,,,,,,,,,,,,,,,,,,,,,0.7,299.4298,296.6222,294.5936,293.352,292.8892,293.1824,294.2013,295.9191,298.3221,301.4177,305.2385,309.8444,315.3249,321.8038,329.4509,338.4999,349.2765,362.2365,378.0175,397.5146,289.0,464.0,631.9344,38.88480000000004,96.44029999999998,-19.817600000000027
3558,3558,3558.0,3558.0,3558.0,3558.0,3558.0,3558.0,3558.0,8.0,,,,,,,,,,,,,,,,,,,,,0.8,288.8867,289.0848,289.5509,290.2648,291.2325,292.4865,294.0834,296.1017,298.6417,301.8268,305.8083,310.773,316.9509,324.6237,334.1346,345.901,360.4388,378.4077,400.6968,428.5801,307.0,429.0,670.8192,28.572099999999978,57.55549999999994,-20.513500000000025
3559,3559,3559.0,3559.0,3559.0,3559.0,3559.0,3559.0,3559.0,9.0,,,,,,,,,,,,,,,,,,,,,0.9,302.9042,299.6536,297.2377,295.6492,294.877,294.9048,295.7147,297.2932,299.6371,302.7587,306.6888,311.4801,317.2118,323.9976,332.0012,341.4586,352.7098,366.2418,382.7452,403.198,294.0,436.0,699.3913,28.98339999999996,28.98339999999996,-18.095199999999977
3560,3560,3560.0,3560.0,3560.0,3560.0,3560.0,3560.0,3560.0,0.0,,,,,,,,,,,,,,,,,,,,,0.0,273.0,273.0,273.0,273.0,273.0,273.0,273.0,273.0,273.0,273.0,273.0,273.0,273.0,273.0,273.0,273.0,273.0,273.0,273.0,273.0,473.0,344.0,0.0,385.0825,915.0602,-40.0
3561,3561,3561.0,3561.0,3561.0,3561.0,3561.0,3561.0,3561.0,1.0,,,,,,,,,,,,,,,,,,,,,0.1,428.544,392.4421,362.9608,339.1216,320.2556,305.7704,295.0575,287.4884,282.4576,279.4373,278.0222,277.9527,279.1156,281.5239,285.2825,290.5452,297.4725,306.1978,316.8142,329.3874,378.0,472.0,385.0825,203.28650000000005,529.9777,-7.229600000000005
3562,3562,3562.0,3562.0,3562.0,3562.0,3562.0,3562.0,3562.0,2.0,,,,,,,,,,,,,,,,,,,,,0.2,361.9174,348.6832,337.5332,327.9367,319.5664,312.2674,306.0215,300.9117,297.0912,294.7646,294.1802,295.6306,299.4554,306.039,315.8019,329.1889,346.6696,368.773,396.1902,429.9878,219.0,473.0,588.369,59.54390000000001,326.6912,-0.7325999999999908
3563,3563,3563.0,3563.0,3563.0,3563.0,3563.0,3563.0,3563.0,3.0,,,,,,,,,,,,,,,,,,,,,0.3,235.6916,250.8207,263.8423,274.4647,282.6787,288.7325,293.0705,296.2558,298.8963,301.5877,304.8766,309.2464,315.1203,322.8777,332.8831,345.5244,361.2674,380.7324,404.8108,434.8539,312.0,425.0,647.9129,45.3596,267.1473,-24.267499999999984
3564,3564,3564.0,3564.0,3564.0,3564.0,3564.0,3564.0,3564.0,4.0,,,,,,,,,,,,,,,,,,,,,0.4,305.2757,299.7204,295.4659,292.5876,291.0825,290.873,291.8309,293.8109,296.6837,300.3582,304.7929,309.9973,316.0282,322.9895,331.0388,340.4055,351.4209,364.5603,380.4999,400.1943,294.0,473.0,693.2725,40.00729999999999,221.7877,-22.12700000000001
3565,3565,3565.0,3565.0,3565.0,3565.0,3565.0,3565.0,3565.0,5.0,,,,,,,,,,,,,,,,,,,,,0.5,292.7967,292.0336,291.6693,291.6865,292.0939,292.9243,294.2317,296.0883,298.5845,301.8323,305.9715,311.1799,317.6834,325.7662,335.7817,348.1671,363.4692,382.3944,405.9039,435.3899,306.0,422.0,733.2798,25.21309999999994,181.7804,-20.075699999999983
3566,3566,3566.0,3566.0,3566.0,3566.0,3566.0,3566.0,3566.0,6.0,,,,,,,,,,,,,,,,,,,,,0.6,302.2483,299.2999,297.1347,295.7409,295.1092,295.2313,296.101,297.7168,300.0844,303.2187,307.1444,311.8982,317.5338,324.1314,331.8163,340.7851,351.3404,363.9346,379.2238,398.1394,287.0,473.0,758.4929,34.13160000000005,156.56730000000005,-17.768700000000024
3567,3567,3567.0,3567.0,3567.0,3567.0,3567.0,3567.0,3567.0,7.0,,,,,,,,,,,,,,,,,,,,,0.7,287.5753,288.3947,289.4001,290.5628,291.888,293.4142,295.2106,297.3721,300.0171,303.2881,307.356,312.4281,318.7564,326.6476,336.4734,348.6842,363.8354,382.6366,406.0478,435.4561,314.0,380.0,792.6245,20.82499999999993,122.4357,-19.58580000000001
3568,3568,3568.0,3568.0,3568.0,3568.0,3568.0,3568.0,3568.0,8.0,,,,,,,,,,,,,,,,,,,,,0.8,308.5252,304.1045,300.7219,298.3618,296.9972,296.5861,297.0741,298.4003,300.5022,303.3181,306.7868,310.8469,315.4381,320.5111,326.0459,332.0818,338.7545,346.3358,355.2695,366.2004,248.0,432.0,813.4495,43.29090000000008,101.61070000000008,-16.413900000000012
3569,3569,3569.0,3569.0,3569.0,3569.0,3569.0,3569.0,3569.0,9.0,,,,,,,,,,,,,,,,,,,,,0.9,256.6182,264.5453,271.6091,277.7253,282.9105,287.2746,290.9995,294.3116,297.4582,300.6907,304.2605,308.4222,313.4444,319.6209,327.2816,336.8028,348.6206,363.257,381.3709,403.8536,303.0,473.0,856.7404,58.31979999999999,58.31979999999999,-25.72539999999998
3570,3570,3570.0,3570.0,3570.0,3570.0,3570.0,3570.0,3570.0,0.0,,,,,,,,,,,,,,,,,,,,,0.0,273.0,273.0,273.0,273.0,273.0,273.0,273.0,273.0,273.0,273.0,273.0,273.0,273.0,273.0,273.0,273.0,273.0,273.0,273.0,273.0,470.0,347.0,0.0,383.7077,880.032,-40.0
3571,3571,3571.0,3571.0,3571.0,3571.0,3571.0,3571.0,3571.0,1.0,,,,,,,,,,,,,,,,,,,,,0.1,426.2952,390.7502,361.6988,338.197,319.5952,305.3139,294.7552,287.3012,282.3575,279.4077,278.0583,278.0619,279.3174,281.8504,285.7777,291.2649,298.4822,307.5719,318.6345,331.7451,377.0,473.0,383.7077,199.5043,496.3243000000001,-7.68610000000001
3572,3572,3572.0,3572.0,3572.0,3572.0,3572.0,3572.0,3572.0,2.0,,,,,,,,,,,,,,,,,,,,,0.2,361.0709,347.9541,336.9003,327.3892,319.1004,311.8833,305.7218,300.6994,296.9689,294.7344,294.2429,295.7858,299.7008,306.3705,316.2138,329.6752,347.2258,369.4004,396.9012,430.8131,222.0,472.0,583.212,58.063999999999965,296.82000000000005,-1.1166999999999805
3573,3573,3573.0,3573.0,3573.0,3573.0,3573.0,3573.0,3573.0,3.0,,,,,,,,,,,,,,,,,,,,,0.3,238.0593,252.6156,265.1435,275.3621,283.2637,289.0908,293.2763,296.3692,298.9622,301.6363,304.9249,309.2995,315.1727,322.9152,332.8838,345.4602,361.1055,380.4356,404.337,434.1519,312.0,425.0,641.276,44.0915,238.75600000000009,-23.9092
3574,3574,3574.0,3574.0,3574.0,3574.0,3574.0,3574.0,3574.0,4.0,,,,,,,,,,,,,,,,,,,,,0.4,305.3644,299.8886,295.6965,292.8584,291.37,291.1555,292.0909,294.0368,296.8691,300.5017,304.8964,310.0648,316.0651,323.0018,331.0327,340.3874,351.397,364.5366,380.4812,400.1841,296.0,471.0,685.3675,39.05920000000003,194.6645000000001,-21.844499999999982
3575,3575,3575.0,3575.0,3575.0,3575.0,3575.0,3575.0,3575.0,5.0,,,,,,,,,,,,,,,,,,,,,0.5,294.4147,293.3218,292.6785,292.4654,292.6875,293.3723,294.5669,296.3364,298.7635,301.9528,306.0374,311.1882,317.6243,325.6231,335.5308,347.777,362.8998,381.5951,404.8092,433.9098,308.0,415.0,724.4267,23.954799999999977,155.60530000000006,-19.627700000000004
3576,3576,3576.0,3576.0,3576.0,3576.0,3576.0,3576.0,3576.0,6.0,,,,,,,,,,,,,,,,,,,,,0.6,303.9091,300.6716,298.2592,296.6535,295.8396,295.8036,296.5339,298.0228,300.2686,303.2769,307.0613,311.6447,317.0636,323.3787,330.6929,339.1775,349.1073,360.9021,375.1762,392.8013,285.0,473.0,748.3815,35.00400000000002,131.65050000000008,-17.196399999999983
3577,3577,3577.0,3577.0,3577.0,3577.0,3577.0,3577.0,3577.0,7.0,,,,,,,,,,,,,,,,,,,,,0.7,286.0659,287.3149,288.6788,290.1226,291.6504,293.3049,295.1629,297.3297,299.9357,303.1354,307.1122,312.0859,318.3216,326.1389,335.9212,348.1287,363.3214,382.2082,405.7421,435.2978,311.0,382.0,783.3855,21.97820000000001,96.64650000000006,-19.695100000000025
3578,3578,3578.0,3578.0,3578.0,3578.0,3578.0,3578.0,3578.0,8.0,,,,,,,,,,,,,,,,,,,,,0.8,306.1013,302.1719,299.2031,297.185,296.096,295.9004,296.5513,297.9967,300.1836,303.0612,306.5794,310.6881,315.3387,320.4931,326.1425,332.3363,339.2192,347.0712,356.3441,367.6919,276.0,472.0,805.3637,43.11059999999998,74.66830000000004,-17.09960000000001
3579,3579,3579.0,3579.0,3579.0,3579.0,3579.0,3579.0,3579.0,9.0,,,,,,,,,,,,,,,,,,,,,0.9,278.9259,281.7991,284.5287,287.0679,289.4218,291.647,293.8437,296.1464,298.7181,301.7484,305.4591,310.1129,316.0235,323.5633,333.1677,345.3393,360.6622,379.8417,403.7954,433.8343,308.0,427.0,848.4743,31.557700000000068,31.557700000000068,-21.35300000000001
3580,3580,3580.0,3580.0,3580.0,3580.0,3580.0,3580.0,3580.0,0.0,,,,,,,,,,,,,,,,,,,,,0.0,273.0,273.0,273.0,273.0,273.0,273.0,273.0,273.0,273.0,273.0,273.0,273.0,273.0,273.0,273.0,273.0,273.0,273.0,273.0,273.0,418.0,471.0,0.0,350.5459,722.1956,-40.0
3581,3581,3581.0,3581.0,3581.0,3581.0,3581.0,3581.0,3581.0,1.0,,,,,,,,,,,,,,,,,,,,,0.1,386.8606,360.8984,339.3757,321.8452,307.9515,297.3314,289.5893,284.3263,281.1939,279.9535,280.5245,283.0102,287.6977,295.0298,305.5533,319.8576,338.525,362.1285,391.3181,427.0463,252.0,473.0,350.5459,98.3589,371.6497,-15.668600000000026
3582,3582,3582.0,3582.0,3582.0,3582.0,3582.0,3582.0,3582.0,2.0,,,,,,,,,,,,,,,,,,,,,0.2,261.2521,269.5681,276.533,281.9322,285.7824,288.3148,289.9249,291.1059,292.3838,294.2668,297.2145,301.6272,307.8516,316.1995,326.9753,340.5148,357.237,377.7212,402.8244,433.8734,316.0,471.0,448.9048,57.3922,273.2908,-24.68520000000001
3583,3583,3583.0,3583.0,3583.0,3583.0,3583.0,3583.0,3583.0,3.0,,,,,,,,,,,,,,,,,,,,,0.3,308.8919,302.9712,298.2824,294.851,292.6663,291.6838,291.8397,293.0733,295.3491,298.6728,303.1004,308.741,315.7574,324.3679,334.8554,347.5868,363.0496,381.9128,405.1288,434.1031,301.0,472.0,506.297,33.46799999999996,215.8986,-21.31619999999998
3584,3584,3584.0,3584.0,3584.0,3584.0,3584.0,3584.0,3584.0,4.0,,,,,,,,,,,,,,,,,,,,,0.4,298.5006,296.615,295.2887,294.4964,294.2429,294.5608,295.5062,297.1535,299.5924,302.926,307.2733,312.7748,319.6018,327.9696,338.1569,350.5323,365.5945,384.033,406.8278,435.417,309.0,395.0,539.765,18.334600000000023,182.43060000000003,-18.439200000000028
3585,3585,3585.0,3585.0,3585.0,3585.0,3585.0,3585.0,3585.0,5.0,,,,,,,,,,,,,,,,,,,,,0.5,304.924,301.7152,299.3317,297.7459,296.9382,296.8939,297.6009,299.0487,301.2269,304.1227,307.7192,311.9955,316.9309,322.5175,328.7809,335.8112,343.7998,353.0807,364.17,377.8065,284.0,431.0,558.0996,32.38990000000001,164.096,-16.106100000000026
3586,3586,3586.0,3586.0,3586.0,3586.0,3586.0,3586.0,3586.0,6.0,,,,,,,,,,,,,,,,,,,,,0.6,285.3909,286.9289,288.5347,290.1633,291.8099,293.508,295.3237,297.3469,299.6853,302.4612,305.8133,309.9024,314.9196,321.0958,328.7101,338.1004,349.6782,363.9559,381.5973,403.5088,296.0,433.0,590.4895,36.43029999999999,131.7061,-19.49200000000002
3587,3587,3587.0,3587.0,3587.0,3587.0,3587.0,3587.0,3587.0,7.0,,,,,,,,,,,,,,,,,,,,,0.7,294.1615,292.8623,292.0943,291.8517,292.1289,292.9215,294.2311,296.0708,298.4715,301.4877,305.2014,309.7262,315.2116,321.848,329.8758,339.5985,351.4058,365.8084,383.4954,405.4284,296.0,454.0,626.9198,36.90380000000005,95.2758,-20.07850000000002
3588,3588,3588.0,3588.0,3588.0,3588.0,3588.0,3588.0,3588.0,8.0,,,,,,,,,,,,,,,,,,,,,0.8,294.31,293.1354,292.4502,292.2409,292.5063,293.2575,294.5193,296.3326,298.7576,301.8782,305.8068,310.6907,316.7182,324.1265,333.2112,344.341,357.9829,374.7453,395.4542,421.2853,301.0,430.0,663.8236,28.779499999999985,58.37199999999996,-19.742500000000007
3589,3589,3589.0,3589.0,3589.0,3589.0,3589.0,3589.0,3589.0,9.0,,,,,,,,,,,,,,,,,,,,,0.9,298.3339,296.3213,294.9372,294.1672,294.0051,294.4521,295.5175,297.2199,299.5893,302.6692,306.5183,311.2135,316.856,323.5801,331.5683,341.0726,352.445,366.1779,382.9616,403.7697,297.0,429.0,692.6031,29.592499999999973,29.592499999999973,-18.547900000000027
3590,3590,3590.0,3590.0,3590.0,3590.0,3590.0,3590.0,3590.0,0.0,,,,,,,,,,,,,,,,,,,,,0.0,273.0,273.0,273.0,273.0,273.0,273.0,273.0,273.0,273.0,273.0,273.0,273.0,273.0,273.0,273.0,273.0,273.0,273.0,273.0,273.0,427.0,441.0,0.0,355.5983,741.0969,-40.0
3591,3591,3591.0,3591.0,3591.0,3591.0,3591.0,3591.0,3591.0,1.0,,,,,,,,,,,,,,,,,,,,,0.1,393.7455,366.1344,343.2987,324.7187,309.9937,298.7238,290.4767,284.8114,281.3309,279.7399,279.8915,281.8135,285.7076,291.9235,300.9115,313.1632,329.16,349.3555,374.2239,404.4072,366.0,473.0,355.5983,115.4026,385.4986,-14.276200000000015
3592,3592,3592.0,3592.0,3592.0,3592.0,3592.0,3592.0,3592.0,2.0,,,,,,,,,,,,,,,,,,,,,0.2,351.4882,339.4485,329.323,320.7328,313.4537,307.3913,302.5531,299.0196,296.9196,296.4114,297.6721,300.8952,306.2917,314.0973,324.582,338.0682,354.9649,375.8289,401.4762,433.1765,247.0,473.0,471.0009,39.41899999999998,270.096,-5.608699999999999
3593,3593,3593.0,3593.0,3593.0,3593.0,3593.0,3593.0,3593.0,3.0,,,,,,,,,,,,,,,,,,,,,0.3,257.633,267.3212,275.706,282.5993,288.0082,292.1215,295.2693,297.8679,300.3678,303.2115,306.8078,311.5239,317.691,325.6231,335.6448,348.1292,363.5497,382.5527,406.0687,435.4924,318.0,377.0,510.4199,27.63499999999999,230.677,-20.87849999999997
3594,3594,3594.0,3594.0,3594.0,3594.0,3594.0,3594.0,3594.0,4.0,,,,,,,,,,,,,,,,,,,,,0.4,310.8778,305.0233,300.4904,297.3026,295.4323,294.7991,295.2841,296.7507,299.0644,302.105,305.7707,309.9759,314.6489,319.7355,325.2137,331.1194,337.5832,344.8692,353.4106,363.8378,277.0,471.0,538.0549,45.7011,203.04200000000003,-18.20089999999999
3595,3595,3595.0,3595.0,3595.0,3595.0,3595.0,3595.0,3595.0,5.0,,,,,,,,,,,,,,,,,,,,,0.5,279.7229,282.4073,284.9564,287.3207,289.5061,291.5724,293.6239,295.7988,298.2619,301.2025,304.8406,309.4364,315.3014,322.8065,332.3865,344.5431,359.8575,379.0285,402.9617,432.9484,306.0,441.0,583.756,34.27260000000001,157.34090000000003,-21.427599999999984
3596,3596,3596.0,3596.0,3596.0,3596.0,3596.0,3596.0,3596.0,6.0,,,,,,,,,,,,,,,,,,,,,0.6,301.7995,298.4455,295.9532,294.3311,293.5729,293.6585,294.5611,296.2584,298.7433,302.0324,306.1703,311.2333,317.3316,324.616,333.2906,343.6337,356.0313,371.0233,389.3722,412.1676,301.0,432.0,618.0286,27.911200000000008,123.06830000000002,-19.3415
3597,3597,3597.0,3597.0,3597.0,3597.0,3597.0,3597.0,3597.0,7.0,,,,,,,,,,,,,,,,,,,,,0.7,298.5471,296.7234,295.4838,294.8023,294.67,295.0937,296.0934,297.7007,299.9581,302.9197,306.6532,311.2451,316.8078,323.4899,331.4912,341.0821,352.6312,366.6436,383.8173,405.1324,296.0,422.0,645.9398,28.318899999999985,95.1571,-17.906299999999987
3598,3598,3598.0,3598.0,3598.0,3598.0,3598.0,3598.0,3598.0,8.0,,,,,,,,,,,,,,,,,,,,,0.8,294.6277,293.7479,293.315,293.3013,293.698,294.5139,295.7735,297.5155,299.7909,302.6622,306.2053,310.5121,315.6966,321.9042,329.3251,338.2116,348.9037,361.8624,377.7192,397.3502,293.0,440.0,674.2587,34.422500000000014,66.83820000000003,-18.48610000000002
3599,3599,3599.0,3599.0,3599.0,3599.0,3599.0,3599.0,3599.0,9.0,,,,,,,,,,,,,,,,,,,,,0.9,292.0877,291.6006,291.5027,291.7735,292.408,293.418,294.8316,296.6942,299.0694,302.0418,305.7205,310.2445,315.7881,322.5689,330.8569,340.9875,353.3831,368.589,387.3348,410.6402,298.0,432.0,708.6812,32.415700000000015,32.415700000000015,-19.582
