,Unnamed: 0,Unnamed: 0.1,Unnamed: 0.1.1,Unnamed: 0.1.1.1,Unnamed: 0.1.1.1.1,Unnamed: 0.1.1.1.1.1,Unnamed: 0.1.1.1.1.1.1,Unnamed: 0.1.1.1.1.1.1.1,Unnamed: 0.1.1.1.1.1.1.1.1,Unnamed: 0.1.1.1.1.1.1.1.1.1,Unnamed: 0.1.1.1.1.1.1.1.1.1.1,Unnamed: 0.1.1.1.1.1.1.1.1.1.1.1,Unnamed: 0.1.1.1.1.1.1.1.1.1.1.1.1,Unnamed: 0.1.1.1.1.1.1.1.1.1.1.1.1.1,Unnamed: 0.1.1.1.1.1.1.1.1.1.1.1.1.1.1,Unnamed: 0.1.1.1.1.1.1.1.1.1.1.1.1.1.1.1,Unnamed: 0.1.1.1.1.1.1.1.1.1.1.1.1.1.1.1.1,Unnamed: 0.1.1.1.1.1.1.1.1.1.1.1.1.1.1.1.1.1,Unnamed: 0.1.1.1.1.1.1.1.1.1.1.1.1.1.1.1.1.1.1,Unnamed: 0.1.1.1.1.1.1.1.1.1.1.1.1.1.1.1.1.1.1.1,Unnamed: 0.1.1.1.1.1.1.1.1.1.1.1.1.1.1.1.1.1.1.1.1,Unnamed: 0.1.1.1.1.1.1.1.1.1.1.1.1.1.1.1.1.1.1.1.1.1,Unnamed: 0.1.1.1.1.1.1.1.1.1.1.1.1.1.1.1.1.1.1.1.1.1.1,Unnamed: 0.1.1.1.1.1.1.1.1.1.1.1.1.1.1.1.1.1.1.1.1.1.1.1,t,x0,x1,x2,x3,x4,x5,x6,x7,x8,x9,x10,x11,x12,x13,x14,x15,x16,x17,x18,x19,u0,u1,L,inst_cost,ctg,path_diff
0,0,0.0,0.0,,,,,,,,,,,,,,,,,,,,,,0.0,273.0,273.0,273.0,273.0,273.0,273.0,273.0,273.0,273.0,273.0,273.0,273.0,273.0,273.0,273.0,273.0,273.0,273.0,273.0,273.0,374.6666064828317,371.5036707148832,0.0,369.0796,692.1654,-40.0
1,1,1.0,1.0,,,,,,,,,,,,,,,,,,,,,,0.1,357.3408,340.8074,325.7516,312.6694,301.8277,293.2719,286.8727,282.3969,279.5853,278.2205,278.1771,279.4472,282.1407,286.4599,292.6507,300.9355,311.4374,324.1114,338.6983,354.717,350.3307005720913,374.9941402097669,369.0796,148.24439999999993,323.08579999999995,-19.728099999999984
2,2,2.0,2.0,,,,,,,,,,,,,,,,,,,,,,0.2,342.351,334.4963,326.9014,319.7176,313.1123,307.2632,302.3482,298.535,295.9713,294.7798,295.0545,296.8608,300.234,305.1771,311.6567,319.5961,328.87,339.3003,350.6558,362.6584,273.98307861059754,345.47467854246133,517.324,51.8777,174.84140000000002,-5.7368000000000166
3,3,3.0,3.0,,,,,,,,,,,,,,,,,,,,,,0.3,280.572,286.7125,292.0358,296.3144,299.4906,301.6712,303.0913,304.0627,304.916,305.9519,307.4048,309.4229,312.0637,315.3016,319.047,323.1711,327.534,332.0121,336.5173,341.006,289.70527300589515,335.0382412681202,569.2017,28.73530000000005,122.96370000000002,-11.3288
4,4,4.0,4.0,,,,,,,,,,,,,,,,,,,,,,0.4,291.2704,292.8633,294.5068,296.215,297.9936,299.843,301.7624,303.7544,305.8265,307.9895,310.2537,312.6229,315.09,317.6346,320.2244,322.8204,325.385,327.8905,330.3259,332.6999,289.98341471024366,339.1823904505893,597.937,25.43179999999996,94.22839999999997,-13.156999999999982
5,5,5.0,5.0,,,,,,,,,,,,,,,,,,,,,,0.5,291.6814,293.3937,295.1338,296.9141,298.7451,300.6356,302.5926,304.6216,306.7272,308.9133,311.1842,313.5443,315.9992,318.5546,321.2156,323.9853,326.8624,329.8395,332.9015,336.0256,283.66815393192,343.5322666520009,623.3688,21.945400000000063,68.79660000000001,-12.36439999999999
6,6,6.0,6.0,,,,,,,,,,,,,,,,,,,,,,0.6,286.5709,289.4349,292.2282,294.9301,297.5342,300.0483,302.4915,304.8911,307.2786,309.6864,312.1457,314.6856,317.3322,320.1082,323.0312,326.112,329.3523,332.7425,336.2604,339.8717,288.0931089143913,351.47677152506753,645.3142,18.03639999999996,46.85119999999995,-12.951700000000017
7,7,7.0,7.0,,,,,,,,,,,,,,,,,,,,,,0.7,290.0378,292.0095,294.0319,296.1228,298.2933,300.5486,302.8907,305.3209,307.8434,310.4674,313.2088,316.0903,319.1397,322.3877,325.8626,329.5856,333.5639,337.7861,342.2187,346.8065,281.6445153498372,355.89995832728295,663.3506,12.807500000000005,28.81479999999999,-12.451399999999978
8,8,8.0,8.0,,,,,,,,,,,,,,,,,,,,,,0.8,284.8884,288.0973,291.2427,294.3082,297.2918,300.2061,303.0758,305.9344,308.8202,311.7731,314.8321,318.0337,321.4107,324.9908,328.7943,332.8318,337.1007,341.5835,346.2461,351.0388,290.1983093028214,355.539406637692,676.1581,8.97199999999998,16.007299999999987,-12.793900000000008
9,9,9.0,9.0,,,,,,,,,,,,,,,,,,,,,,0.9,291.8262,293.5177,295.3289,297.3018,299.462,301.8193,304.3712,307.1082,310.0176,313.0881,316.3113,319.6817,323.1962,326.8517,330.6439,334.565,338.6034,342.7425,346.9616,351.2363,277.171683673427,365.9373432902412,685.1301,7.035300000000007,7.035300000000007,-11.180700000000002
10,10,10.0,10.0,,,,,,,,,,,,,,,,,,,,,,0.0,273.0,273.0,273.0,273.0,273.0,273.0,273.0,273.0,273.0,273.0,273.0,273.0,273.0,273.0,273.0,273.0,273.0,273.0,273.0,273.0,370.502403388848,375.0867163617014,0.0,368.4321,683.985,-40.0
11,11,11.0,11.0,,,,,,,,,,,,,,,,,,,,,,0.1,353.8864,338.0305,323.5921,311.0472,300.6526,292.4532,286.3275,282.0562,279.3972,278.1523,278.2152,279.5974,282.4276,286.9257,293.3535,301.9458,312.8328,325.9693,341.0875,357.6893,350.3863634975452,375.4245850703951,368.4321,144.57540000000006,315.5529,-20.54680000000002
12,12,12.0,12.0,,,,,,,,,,,,,,,,,,,,,,0.2,342.1966,334.1541,326.4127,319.136,312.4963,306.6695,301.8262,298.1236,295.6982,294.6615,295.0979,297.0635,300.5853,305.658,312.2394,320.2458,329.5467,339.9625,351.2655,363.1864,278.54386692185994,342.766033160444,513.0075,50.48749999999996,170.97749999999996,-6.330499999999972
13,13,13.0,13.0,,,,,,,,,,,,,,,,,,,,,,0.3,284.2855,289.6201,294.2151,297.8693,300.5394,302.3343,303.481,304.2747,305.0247,306.008,307.4341,309.4271,312.0212,315.1701,318.7658,322.6658,326.7231,330.8145,334.8613,338.838,285.08130933542327,337.19370210304686,563.495,29.101499999999987,120.49,-10.665700000000015
14,14,14.0,14.0,,,,,,,,,,,,,,,,,,,,,,0.4,287.6289,290.1473,292.6107,294.9999,297.3055,299.5303,301.6904,303.8136,305.9367,308.0993,310.3381,312.6805,315.1405,317.7166,320.3934,323.1454,325.9436,328.7612,331.5795,334.39,291.5882672467901,337.7708525725377,592.5965,25.1866,91.38850000000002,-13.469699999999987
15,15,15.0,15.0,,,,,,,,,,,,,,,,,,,,,,0.5,292.8631,294.183,295.5872,297.1043,298.7508,300.5313,302.4411,304.47,306.6054,308.8358,311.1515,313.5455,316.0127,318.5493,321.1514,323.8145,326.5325,329.2976,332.1002,334.9289,283.0351096482796,347.355385205612,617.7831,22.07050000000004,66.20190000000002,-12.468700000000013
16,16,16.0,16.0,,,,,,,,,,,,,,,,,,,,,,0.6,286.0702,289.0575,291.9574,294.7447,297.412,299.9689,302.4392,304.8563,307.2593,309.6888,312.1862,314.792,317.5463,320.4867,323.6466,327.0505,330.7084,334.6111,338.7262,342.9988,288.28741046658274,352.22492597628,639.8536,16.82039999999995,44.13139999999999,-13.03109999999998
17,17,17.0,17.0,,,,,,,,,,,,,,,,,,,,,,0.7,290.1774,292.0994,294.0816,296.1453,298.304,300.5644,302.9287,305.3986,307.9777,310.6744,313.5025,316.4813,319.6336,322.9828,326.5494,330.3458,334.3727,338.6148,343.0394,347.5971,280.8005423790642,356.9376481959959,656.674,11.865099999999984,27.311000000000035,-12.435600000000022
18,18,18.0,18.0,,,,,,,,,,,,,,,,,,,,,,0.8,284.2036,287.5658,290.8539,294.0485,297.1467,300.1617,303.1207,306.0599,309.0207,312.0454,315.1748,318.4465,321.8938,325.5444,329.4182,333.5255,337.8639,342.4156,347.1468,352.008,283.25648895117456,358.31195764552405,668.5391,8.5394,15.445900000000051,-12.838300000000004
19,19,19.0,19.0,,,,,,,,,,,,,,,,,,,,,,0.9,286.0503,288.8588,291.6954,294.5718,297.4975,300.4805,303.5287,306.6504,309.856,313.1578,316.5698,320.1069,323.7833,327.6104,331.5957,335.7401,340.037,344.4708,349.0172,353.6437,281.9427323644556,368.5133545587291,677.0785,6.906500000000051,6.906500000000051,-12.519499999999994
20,20,20.0,20.0,,,,,,,,,,,,,,,,,,,,,,0.0,273.0,273.0,273.0,273.0,273.0,273.0,273.0,273.0,273.0,273.0,273.0,273.0,273.0,273.0,273.0,273.0,273.0,273.0,273.0,273.0,375.80420017022686,370.0451740258728,0.0,369.4526,704.5735,-40.0
21,21,21.0,21.0,,,,,,,,,,,,,,,,,,,,,,0.1,358.2845,341.5659,326.3414,313.1124,302.1484,293.4948,287.0201,282.4872,279.6316,278.23,278.151,279.3801,282.0207,286.2686,292.3638,300.5238,310.8692,323.355,337.7257,353.5072,352.434432025832,373.2157012394789,369.4526,150.43189999999998,335.12089999999995,-19.5052
22,22,22.0,22.0,,,,,,,,,,,,,,,,,,,,,,0.2,344.1502,336.0011,328.1309,320.6974,313.8716,307.8318,302.7538,298.801,296.1155,294.8134,294.9824,296.6815,299.9401,304.7565,311.0933,318.8715,327.9649,338.1961,349.3367,361.1127,275.56534828823817,346.7360885217834,519.8845,53.94550000000004,184.689,-5.168200000000013
23,23,23.0,23.0,,,,,,,,,,,,,,,,,,,,,,0.3,282.0036,287.9928,293.164,297.2899,300.3137,302.3433,303.616,304.4455,305.1655,306.08,307.4282,309.3643,311.9534,315.1787,318.9595,323.1747,327.6891,332.3785,337.1482,341.9414,284.7459728775985,334.51114068951006,573.83,28.51439999999991,130.74349999999993,-10.6567
24,24,24.0,24.0,,,,,,,,,,,,,,,,,,,,,,0.4,287.279,289.7901,292.2591,294.6698,297.0127,299.2878,301.5068,303.6924,305.8758,308.0911,310.3685,312.7268,315.1685,317.6779,320.2235,322.7645,325.2611,327.6839,330.0223,332.2877,289.2889091163809,335.957127725467,602.3444,26.191400000000044,102.22910000000002,-13.712199999999996
25,25,25.0,25.0,,,,,,,,,,,,,,,,,,,,,,0.5,290.9165,292.5745,294.2891,296.0796,297.9568,299.9232,301.9749,304.104,306.301,308.5568,310.8639,313.2166,315.611,318.0448,320.516,323.0228,325.5627,328.1322,330.7259,333.337,284.6973181544929,344.8792196850551,628.5358,24.054399999999987,76.03769999999997,-13.076799999999992
26,26,26.0,26.0,,,,,,,,,,,,,,,,,,,,,,0.6,287.3088,289.8969,292.4423,294.9337,297.3685,299.7537,302.1037,304.4387,306.7825,309.1617,311.6046,314.1417,316.8051,319.6274,322.6385,325.8616,329.3076,332.9699,336.8211,340.8127,289.6252651455088,348.31673943902433,652.5902,19.02049999999997,51.98329999999999,-13.24630000000002
27,27,27.0,27.0,,,,,,,,,,,,,,,,,,,,,,0.7,291.286,292.9828,294.7474,296.6042,298.5686,300.6483,302.8449,305.1578,307.5868,310.1346,312.8083,315.6194,318.5822,321.7121,325.0219,328.5191,332.2017,336.0558,340.0545,344.158,280.58951354682296,353.83736451797387,671.6107,14.238200000000006,32.962800000000016,-12.351699999999994
28,28,28.0,28.0,,,,,,,,,,,,,,,,,,,,,,0.8,284.0536,287.466,290.784,293.9813,297.0511,300.0061,302.8746,305.696,308.515,311.3772,314.3265,317.4031,320.6424,324.0744,327.7218,331.5973,335.701,340.0172,344.5135,349.1409,286.5310653905895,353.7612507440154,685.8489,10.4606,18.72460000000001,-12.993899999999996
29,29,29.0,29.0,,,,,,,,,,,,,,,,,,,,,,0.9,288.7201,290.9466,293.2435,295.6355,298.1379,300.7574,303.4944,306.3462,309.3101,312.3855,315.5742,318.8804,322.3091,325.8642,329.5468,333.3536,337.2762,341.3002,345.4058,349.5688,281.71585783399,363.6167613311988,696.3095,8.26400000000001,8.26400000000001,-12.242599999999982
30,30,30.0,30.0,,,,,,,,,,,,,,,,,,,,,,0.0,273.0,273.0,273.0,273.0,273.0,273.0,273.0,273.0,273.0,273.0,273.0,273.0,273.0,273.0,273.0,273.0,273.0,273.0,273.0,273.0,373.40413611673887,370.7024885918427,0.0,369.5904,718.1933,-40.0
31,31,31.0,31.0,,,,,,,,,,,,,,,,,,,,,,0.1,356.2935,339.9654,325.0966,312.1769,301.47,293.0208,286.7017,282.2827,279.5081,278.1638,278.1267,279.3901,282.0638,286.3491,292.4902,300.7079,311.1246,323.6956,338.1639,354.0524,351.54539075806525,372.4550352335186,369.5904,150.10330000000005,348.60290000000003,-19.97919999999999
32,32,32.0,32.0,,,,,,,,,,,,,,,,,,,,,,0.2,343.2947,335.1845,327.3627,319.9891,313.2346,307.2753,302.2833,298.4175,295.8153,294.5886,294.8211,296.5682,299.856,304.6793,310.9973,318.7285,327.7456,337.8719,348.8827,360.5104,274.40258320871527,338.640080374959,519.6937,55.20330000000001,198.4996,-5.724699999999984
33,33,33.0,33.0,,,,,,,,,,,,,,,,,,,,,,0.3,280.9438,287.0343,292.3034,296.522,299.6314,301.7372,303.0735,303.9489,304.6896,305.5887,306.8701,308.6685,311.0252,313.8977,317.1797,320.7296,324.4016,328.0752,331.6767,335.1881,289.7324452297939,335.1154579137899,574.897,33.931499999999915,143.29629999999997,-11.262800000000029
34,34,34.0,34.0,,,,,,,,,,,,,,,,,,,,,,0.4,291.2941,292.8781,294.5021,296.1754,297.9001,299.6733,301.4927,303.3606,305.2859,307.2838,309.372,311.5664,313.8766,316.3023,318.8333,321.4512,324.1331,326.8562,329.6018,332.3571,293.26672265477043,337.6795955682814,608.8285,28.898599999999988,109.36480000000006,-13.326700000000017
35,35,35.0,35.0,,,,,,,,,,,,,,,,,,,,,,0.5,294.3626,295.4954,296.6983,297.9975,299.4106,300.947,302.6091,304.395,306.3004,308.3211,310.4544,312.6992,315.0566,317.5284,320.1158,322.8182,325.6307,328.543,331.5383,334.5933,280.9966553640905,344.03661607605767,637.7271,24.39420000000007,80.46620000000007,-12.052999999999995
36,36,36.0,36.0,,,,,,,,,,,,,,,,,,,,,,0.6,284.4571,287.8407,291.0831,294.1419,297.0013,299.6714,302.1838,304.5841,306.9248,309.2593,311.638,314.1064,316.7044,319.4658,322.4168,325.5741,328.9418,332.5086,336.2458,340.1081,285.0742674677995,344.63277012642703,662.1213,19.932500000000005,56.072,-13.328599999999994
37,37,37.0,37.0,,,,,,,,,,,,,,,,,,,,,,0.7,287.4103,289.7593,292.1322,294.5365,296.9758,299.4512,301.9628,304.5122,307.1036,309.7447,312.4468,315.2234,318.0887,321.055,324.1316,327.3221,330.6235,334.0258,337.5114,341.0565,290.45016276293285,351.0178761989365,682.0538,16.42259999999999,36.1395,-13.548800000000028
38,38,38.0,38.0,,,,,,,,,,,,,,,,,,,,,,0.8,291.961,293.5207,295.1723,296.9488,298.8708,300.9476,303.1791,305.5597,308.083,310.7448,313.5458,316.4931,319.599,322.8798,326.3517,330.0267,333.9072,337.9821,342.2239,346.5883,285.17093142769704,361.079946603226,698.4764,11.88059999999996,19.71690000000001,-12.052399999999976
39,39,39.0,39.0,,,,,,,,,,,,,,,,,,,,,,0.9,287.9306,290.6729,293.385,296.0631,298.7135,301.3532,304.0073,306.7077,309.4901,312.3925,315.4548,318.718,322.2233,326.0098,330.1112,334.5497,339.3298,344.4323,349.8108,355.3917,278.4520828385493,369.9235682987146,710.357,7.836300000000051,7.836300000000051,-11.646799999999985
40,40,40.0,40.0,,,,,,,,,,,,,,,,,,,,,,0.0,273.0,273.0,273.0,273.0,273.0,273.0,273.0,273.0,273.0,273.0,273.0,273.0,273.0,273.0,273.0,273.0,273.0,273.0,273.0,273.0,372.9350817483874,371.98338535398585,0.0,369.1823,684.0703,-40.0
41,41,41.0,41.0,,,,,,,,,,,,,,,,,,,,,,0.1,355.9044,339.6527,324.8535,311.9945,301.3383,292.93,286.6429,282.2494,279.4963,278.1728,278.1598,279.4547,282.1723,286.5187,292.743,301.0699,311.6238,324.36,339.0181,355.1149,350.9281975802494,375.8166038076994,369.1823,147.87399999999997,314.888,-20.07
42,42,42.0,42.0,,,,,,,,,,,,,,,,,,,,,,0.2,342.7616,334.7335,326.9901,319.6902,313.0043,307.1091,302.1785,298.374,295.8372,294.6849,295.0073,296.8676,300.3003,305.3091,311.8616,319.8826,329.2476,339.7786,351.2434,363.3617,274.84601854247785,343.5148252198423,517.0563,51.46210000000008,167.014,-5.890899999999988
43,43,43.0,43.0,,,,,,,,,,,,,,,,,,,,,,0.3,281.2829,287.2777,292.4672,296.6284,299.7067,301.8097,303.1725,304.1045,304.9325,305.9516,307.389,309.3839,311.9834,315.151,318.7859,322.7502,326.8985,331.1065,335.2919,339.4235,290.39217438639884,333.774899754332,568.5184,29.504299999999944,115.55189999999992,-11.19029999999998
44,44,44.0,44.0,,,,,,,,,,,,,,,,,,,,,,0.4,291.8776,293.3917,294.9579,296.5911,298.2972,300.0766,301.9281,303.8532,305.8578,307.9509,310.1404,312.4281,314.8054,317.251,319.7325,322.2119,324.6529,327.0296,329.3326,331.5721,289.246307972496,343.09543601986417,598.0227,26.17579999999998,86.04759999999999,-12.923400000000017
45,45,45.0,45.0,,,,,,,,,,,,,,,,,,,,,,0.5,291.1119,292.981,294.8575,296.7473,298.6575,300.5973,302.5772,304.609,306.7059,308.8831,311.1581,313.5512,316.0858,318.7871,321.6791,324.7802,328.0984,331.6258,335.335,339.1792,286.06251463893693,350.8306137281561,624.1985,20.42270000000008,59.87180000000001,-12.402699999999982
46,46,46.0,46.0,,,,,,,,,,,,,,,,,,,,,,0.6,288.536,290.9926,293.4195,295.8102,298.1665,300.4991,302.8264,305.1731,307.569,310.0472,312.6434,315.3951,318.3401,321.5141,324.9477,328.6607,332.6577,336.9228,341.4171,346.0794,280.8547075129796,351.27940453614315,644.6212,14.418699999999944,39.44909999999993,-12.5009
47,47,47.0,47.0,,,,,,,,,,,,,,,,,,,,,,0.7,284.1651,287.438,290.6424,293.7586,296.7813,299.7198,302.5958,305.4402,308.2889,311.1791,314.1462,317.2214,320.43,323.79,327.3117,330.9961,334.8354,338.8124,342.9016,347.07,288.8848911202259,357.36649730170274,659.0399,11.236200000000052,25.030399999999982,-13.28019999999998
48,48,48.0,48.0,,,,,,,,,,,,,,,,,,,,,,0.8,290.6378,292.4475,294.3634,296.4222,298.6458,301.0417,303.607,306.3334,309.2119,312.2379,315.4127,318.745,322.2494,325.944,329.846,333.9673,338.3094,342.859,347.5856,352.4417,277.56536876355705,367.3389275949684,670.2761,8.065499999999929,13.794199999999933,-11.958300000000008
49,49,49.0,49.0,,,,,,,,,,,,,,,,,,,,,,0.9,281.6412,285.655,289.5561,293.3131,296.9191,300.3904,303.7631,307.0866,310.4176,313.8148,317.3366,321.0386,324.9727,329.1855,333.7151,338.5859,343.8033,349.3477,355.1719,361.2011,286.8617305716611,368.2387856012216,678.3416,5.728700000000004,5.728700000000004,-12.6096
50,50,50.0,50.0,,,,,,,,,,,,,,,,,,,,,,0.0,273.0,273.0,273.0,273.0,273.0,273.0,273.0,273.0,273.0,273.0,273.0,273.0,273.0,273.0,273.0,273.0,273.0,273.0,273.0,273.0,370.0437622842266,373.5887864981902,0.0,369.0728,754.2732,-40.0
51,51,51.0,51.0,,,,,,,,,,,,,,,,,,,,,,0.1,353.5059,337.7246,323.354,310.8679,300.5218,292.3602,286.2617,282.0077,279.3562,278.1086,278.1572,279.511,282.2949,286.7243,293.0564,301.5218,312.2487,325.1923,340.0885,356.4466,348.01712839221017,370.03862720583817,369.0728,147.39209999999997,385.2004,-20.63979999999998
52,52,52.0,52.0,,,,,,,,,,,,,,,,,,,,,,0.2,340.2059,332.5252,325.1143,318.1256,311.7248,306.0847,301.3765,297.7591,295.3706,294.3226,294.6965,296.5425,299.8782,304.6867,310.9143,318.4677,327.2122,336.9714,347.5309,358.6434,284.6707075523507,334.7531071480827,516.4649,56.368600000000015,237.80830000000003,-6.915300000000002
53,53,53.0,53.0,,,,,,,,,,,,,,,,,,,,,,0.3,289.2238,293.4278,296.9991,299.7699,301.7113,302.9276,303.626,304.0711,304.5366,305.2628,306.4251,308.1169,310.3468,313.0473,316.095,319.3381,322.6278,325.8472,328.9334,331.8847,286.1158383626829,330.70077623822755,572.8335,36.98419999999999,181.4397,-10.072400000000016
54,54,54.0,54.0,,,,,,,,,,,,,,,,,,,,,,0.4,288.6812,291.194,293.6086,295.893,298.0323,300.0311,301.9116,303.7104,305.4724,307.2436,309.0646,310.9649,312.9591,315.0466,317.2136,319.4375,321.6929,323.9572,326.2155,328.4623,288.06063761169185,329.8993480685269,609.8177,33.90110000000004,144.45550000000003,-12.96890000000002
55,55,55.0,55.0,,,,,,,,,,,,,,,,,,,,,,0.5,289.9896,291.9203,293.8538,295.7904,297.7298,299.6715,301.6154,303.5626,305.5152,307.4765,309.4501,311.4392,313.4458,315.4699,317.51,319.5629,321.6247,323.6917,325.7607,327.8301,288.93857928735895,338.84728874407176,643.7188,32.2568,110.5544,-13.32850000000002
56,56,56.0,56.0,,,,,,,,,,,,,,,,,,,,,,0.6,290.7277,292.5246,294.3362,296.1683,298.0247,299.9084,301.8219,303.7686,305.7545,307.789,309.8871,312.0693,314.3613,316.7925,319.3921,322.1842,325.1817,328.3808,331.7574,335.2668,288.4798622431072,340.1502373896795,675.9756,26.698600000000056,78.29759999999999,-13.091600000000028
57,57,57.0,57.0,,,,,,,,,,,,,,,,,,,,,,0.7,290.4144,292.3516,294.2948,296.2485,298.2187,300.2133,302.2418,304.3153,306.4466,308.6493,310.9377,313.3261,315.8277,318.4537,321.2116,324.1036,327.1254,330.2647,333.5013,336.8076,287.2934018962999,346.7198328107094,702.6742,22.019199999999955,51.59899999999993,-12.786699999999996
58,58,58.0,58.0,,,,,,,,,,,,,,,,,,,,,,0.8,289.4843,291.6727,293.8574,296.0401,298.2258,300.4234,302.6452,304.9065,307.2258,309.6237,312.1235,314.7503,317.5305,320.49,323.651,327.0289,330.6271,334.4336,338.4185,342.5345,289.2604188570547,348.04219596007806,724.6934,16.63829999999996,29.579799999999977,-12.576599999999983
59,59,59.0,59.0,,,,,,,,,,,,,,,,,,,,,,0.9,291.1441,293.0492,294.9953,296.9994,299.0751,301.2328,303.481,305.8272,308.2789,310.8445,313.5336,316.3561,319.3216,322.4381,325.7098,329.136,332.7089,336.4132,340.2252,344.1137,276.73725562615215,358.13289618540927,741.3317,12.94150000000002,12.94150000000002,-11.767200000000004
60,60,60.0,,,,,,,,,,,,,,,,,,,,,,,0.0,273.0,273.0,273.0,273.0,273.0,273.0,273.0,273.0,273.0,273.0,273.0,273.0,273.0,273.0,273.0,273.0,273.0,273.0,273.0,273.0,370.0205149688715,372.446896401276,0.0,369.5068,1269.7718,-40.0
61,61,61.0,,,,,,,,,,,,,,,,,,,,,,,0.1,353.4866,337.709,323.3417,310.8584,300.5143,292.3538,286.2552,281.9991,279.3427,278.086,278.1193,279.4487,282.1956,286.5718,292.8303,301.1988,311.8035,324.5999,339.327,355.4994,359.13340076068584,370.9405627346257,369.5068,149.67460000000003,900.265,-20.64620000000002
62,62,62.0,,,,,,,,,,,,,,,,,,,,,,,0.2,349.4245,339.9325,330.8707,322.4451,314.8489,308.2577,302.8245,298.677,295.9158,294.6157,294.8268,296.5753,299.8628,304.6641,310.922,318.5429,327.3924,337.2929,348.0255,359.3352,235.9533512559479,371.1743872342093,519.1814,54.16789999999992,750.5903999999999,-4.7423
63,63,63.0,,,,,,,,,,,,,,,,,,,,,,,0.3,249.3568,261.9773,273.1597,282.474,289.7635,295.1366,298.9149,301.553,303.556,305.4082,307.5236,310.2211,313.7173,318.1335,323.5086,329.814,336.9676,344.846,353.2941,362.1343,370.63839115298015,317.8334153807488,573.3493,28.17830000000004,696.4225,-17.863400000000013
64,64,64.0,,,,,,,,,,,,,,,,,,,,,,,0.4,356.6834,343.574,332.0324,322.5641,315.4145,310.5779,307.8502,306.9008,307.3456,308.8009,310.9143,313.3727,315.8971,318.2356,320.1628,321.4906,322.0897,321.9149,321.0237,319.5793,285.13857495177785,257.0553856275614,601.5276,47.15989999999999,668.2442,-2.4221000000000004
65,65,65.0,,,,,,,,,,,,,,,,,,,,,,,0.5,290.991,296.4594,301.229,305.1041,308.0277,310.0675,311.3745,312.1293,312.4871,312.5348,312.2661,311.5753,310.2704,308.1025,304.8085,300.1625,294.0291,286.409,277.4661,267.5281,285.8181755733431,179.73922874472203,648.6875,124.30629999999996,621.0843,-2.9325000000000045
66,66,66.0,,,,,,,,,,,,,,,,,,,,,,,0.6,289.3758,292.8206,296.0446,298.9483,301.4417,303.4422,304.8689,305.6325,305.6246,304.7045,302.6893,299.3505,294.4198,287.6105,278.6543,267.3518,253.6297,237.5928,219.5554,200.0404,306.6368758890501,331.0567265556673,772.9938,237.21860000000004,496.778,-9.557799999999986
67,67,67.0,,,,,,,,,,,,,,,,,,,,,,,0.7,305.5225,304.4669,303.5072,302.6426,301.8283,300.9812,299.9961,298.7715,297.2408,295.4053,293.3635,291.332,289.649,288.7532,289.1337,291.2515,295.4435,301.8288,310.2428,320.2228,240.10320975859136,375.68719512125085,1010.2124,146.5940999999999,259.5594,-12.0188
68,68,68.0,,,,,,,,,,,,,,,,,,,,,,,0.8,250.411,260.1972,269.0133,276.5406,282.6218,287.2639,290.617,292.9406,294.567,295.8691,297.2377,299.0643,301.7268,305.5721,310.8918,317.8911,326.6552,337.1202,349.058,362.0835,375.4642959482936,338.3247077410289,1156.8065,73.60290000000009,112.96530000000008,-25.73610000000002
69,69,69.0,,,,,,,,,,,,,,,,,,,,,,,0.9,359.5463,344.5283,331.1822,320.0538,311.4176,305.2875,301.472,299.6528,299.4635,300.5501,302.6061,305.3815,308.6756,312.3213,316.1721,320.098,323.9895,327.7692,331.4027,334.903,227.9333559525424,371.5206300809376,1230.4094,39.36239999999998,39.36239999999998,-7.712499999999977
70,70,70.0,,,,,,,,,,,,,,,,,,,,,,,0.0,273.0,273.0,273.0,273.0,273.0,273.0,273.0,273.0,273.0,273.0,273.0,273.0,273.0,273.0,273.0,273.0,273.0,273.0,273.0,273.0,374.9329341933303,370.2295182942772,0.0,369.5212,1217.1837,-40.0
71,71,71.0,,,,,,,,,,,,,,,,,,,,,,,0.1,357.5617,340.9849,325.8895,312.7727,301.9021,293.3227,286.9044,282.4127,279.5861,278.2049,278.1404,279.3807,282.0316,286.2906,292.399,300.5753,310.9407,323.4505,337.8486,353.6601,357.96947978792315,370.88362887944544,369.5212,151.44709999999998,847.6625,-19.6773
72,72,72.0,,,,,,,,,,,,,,,,,,,,,,,0.2,348.6989,339.6108,330.8899,322.7227,315.2948,308.7848,303.3572,299.156,296.2999,294.8807,294.9631,296.5849,299.7576,304.4633,310.6516,318.2335,327.0775,337.0059,347.7961,359.186,224.72719322084188,375.5345877177177,520.9683,55.55430000000001,696.2154,-4.215199999999982
73,73,73.0,,,,,,,,,,,,,,,,,,,,,,,0.3,240.0833,254.5684,267.4505,278.244,286.7616,293.1074,297.6199,300.7869,303.1557,305.2561,307.5477,310.3917,314.0434,318.6579,324.3024,330.9694,338.5885,347.0371,356.1488,365.723,359.44160489927776,339.00411519075163,576.5226,27.08349999999996,640.6611,-19.892600000000016
74,74,74.0,,,,,,,,,,,,,,,,,,,,,,,0.4,346.8697,335.1131,324.8661,316.611,310.5768,306.7505,304.9297,304.7973,305.9937,308.1726,311.0314,314.3185,317.8261,321.378,324.8209,328.0256,330.8964,333.3858,335.5069,337.3362,223.2387053442933,373.6167873859344,603.6061,18.95710000000008,613.5776000000001,-6.249500000000012
75,75,75.0,,,,,,,,,,,,,,,,,,,,,,,0.5,238.912,253.7995,267.2404,278.7943,288.2848,295.7875,301.5751,306.0387,309.6098,312.6992,315.6608,318.7793,322.2746,326.3129,331.0152,336.4595,342.6743,349.6287,357.2239,365.2939,372.90872897686495,308.93545722888274,622.5632,15.358199999999895,594.6205,-17.212499999999977
76,76,76.0,,,,,,,,,,,,,,,,,,,,,,,0.6,358.4986,345.0262,333.2895,323.8401,316.9334,312.5382,310.3956,310.1015,311.1889,313.1916,315.6804,318.2751,320.6404,322.48,323.5371,323.609,322.5715,320.4089,317.2342,313.292,270.27098654264915,242.9111873327467,637.9214,42.6087,579.2623000000001,-0.4617999999999824
77,77,77.0,,,,,,,,,,,,,,,,,,,,,,,0.7,279.0459,287.3178,294.6677,300.8227,305.6807,309.2936,311.8204,313.4614,314.3947,314.7248,314.4531,313.4713,311.5764,308.5049,303.9811,297.7746,289.7596,279.965,268.6034,256.0708,207.8654878060196,170.6811207053857,680.5301,139.67690000000005,536.6536000000001,-3.7063999999999737
78,78,78.0,,,,,,,,,,,,,,,,,,,,,,,0.8,224.2787,240.0359,254.5556,267.3881,278.2445,286.9932,293.629,298.2247,300.8777,301.6622,300.5947,297.6175,292.6023,285.3738,275.752,263.6077,248.9234,231.8471,212.7248,192.1009,372.2423579946525,374.55920660985583,820.207,279.29229999999995,396.9767000000001,-26.0068
79,79,79.0,,,,,,,,,,,,,,,,,,,,,,,0.9,355.9256,340.5749,326.9954,315.71,306.9044,300.445,295.9593,292.9527,290.9356,289.5362,288.5833,288.1505,288.5568,290.3208,294.0705,300.4158,309.801,322.3673,337.8577,355.5966,248.1903787596708,374.36333192166165,1099.4993,117.6844000000001,117.6844000000001,-12.555000000000009
80,80,80.0,,,,,,,,,,,,,,,,,,,,,,,0.0,273.0,273.0,273.0,273.0,273.0,273.0,273.0,273.0,273.0,273.0,273.0,273.0,273.0,273.0,273.0,273.0,273.0,273.0,273.0,273.0,370.3388296518712,373.1845924134816,0.0,369.1729,819.7755,1.8086000000000129
81,81,81.0,,,,,,,,,,,,,,,,,,,,,,,0.1,353.7507,337.9213,323.507,310.9828,300.6049,292.4179,286.2999,282.031,279.3679,278.1105,278.1496,279.4922,282.2615,286.6713,292.9768,301.4077,312.0912,324.9826,339.819,356.1114,363.63683618216646,373.2557680215093,369.1729,148.76789999999994,450.6026,1.8086000000000129
82,82,82.0,,,,,,,,,,,,,,,,,,,,,,,0.2,353.1774,342.9685,333.2528,324.2574,316.1875,309.2207,303.5047,299.1569,296.2658,294.8946,295.0841,296.8546,300.2051,305.1103,311.5149,319.3271,328.4127,338.5921,349.6404,361.293,220.8132898563709,375.52739197874536,517.9408,53.38620000000003,301.8347,1.8086000000000129
83,83,83.0,,,,,,,,,,,,,,,,,,,,,,,0.3,237.0351,252.3344,265.9364,277.3273,286.3098,292.9944,297.7388,301.0567,303.5223,305.6885,308.0309,310.9192,314.6096,319.2523,324.9064,331.5553,339.1216,347.4795,356.4649,365.885,370.0578991729852,320.0697038360329,571.327,28.000499999999988,248.4485,1.8086000000000129
84,84,84.0,,,,,,,,,,,,,,,,,,,,,,,0.4,355.5792,342.0133,330.1381,320.4937,313.3355,308.6451,306.1888,305.5985,306.4515,308.331,310.8596,313.7077,316.5872,319.242,321.4454,323.0098,323.8079,323.7977,323.042,321.7122,175.15860192756548,373.4134193849696,599.3275,32.76200000000006,220.448,1.8086000000000129
85,85,85.0,,,,,,,,,,,,,,,,,,,,,,,0.5,199.5049,222.6355,243.5197,261.4524,276.1199,287.5861,296.2129,302.5481,307.2115,310.8051,313.8589,316.8114,320.0139,323.7443,328.218,333.5886,339.9367,347.2539,355.429,364.2482,363.90392579891727,342.97835628465015,632.0895,33.028299999999945,187.68599999999992,1.8086000000000129
86,86,86.0,,,,,,,,,,,,,,,,,,,,,,,0.6,348.7831,334.7536,322.7364,313.3536,306.8708,303.2137,302.0462,302.8782,305.1734,308.4325,312.2419,316.2875,320.3452,324.2594,327.9221,331.2602,334.2322,336.8325,339.0974,341.107,238.4771727895885,373.1746474497238,665.1178,13.022699999999986,154.65769999999998,1.8086000000000129
87,87,87.0,,,,,,,,,,,,,,,,,,,,,,,0.7,251.2378,263.3604,274.3139,283.7549,291.5623,297.8247,302.7896,306.794,310.1971,313.3295,316.4653,319.816,323.5385,327.7477,332.5267,337.9283,343.9703,350.6246,357.8093,365.3871,373.1615385713373,304.101812097122,678.1405,13.24630000000002,141.635,1.8086000000000129
88,88,88.0,,,,,,,,,,,,,,,,,,,,,,,0.8,359.3597,346.4331,335.1288,325.9681,319.2001,314.8086,312.5644,312.0983,312.9749,314.7496,317.0012,319.3435,321.424,322.9215,323.5526,323.0914,321.399,318.4576,314.393,309.4772,229.7678504528482,241.34853845255893,691.3868,42.12310000000002,128.38869999999997,1.8086000000000129
89,89,89.0,,,,,,,,,,,,,,,,,,,,,,,0.9,245.7627,260.9216,274.5374,286.1282,295.4795,302.6268,307.7911,311.2883,313.4381,314.4891,314.574,313.6938,311.7321,308.4905,303.7408,297.2866,289.0248,278.9975,267.4226,254.694,223.5556894162785,373.2327309370812,733.5099,86.26559999999995,86.26559999999995,1.8086000000000129
90,90,90.0,,,,,,,,,,,,,,,,,,,,,,,0.0,273.0,273.0,273.0,273.0,273.0,273.0,273.0,273.0,273.0,273.0,273.0,273.0,273.0,273.0,273.0,273.0,273.0,273.0,273.0,273.0,370.707371340277,374.3037839545625,0.0,368.6888,1267.8905,-40.0
91,91,91.0,,,,,,,,,,,,,,,,,,,,,,,0.1,354.0565,338.1672,323.6983,311.1268,300.71,292.4926,286.3525,282.0695,279.4,278.144,278.1934,279.557,282.3608,286.8218,293.1989,301.7245,312.5276,325.5632,340.5654,357.0398,361.5501917039968,375.315214257477,368.6888,146.66560000000004,899.2017,-20.50740000000002
92,92,92.0,,,,,,,,,,,,,,,,,,,,,,,0.2,351.4665,341.6157,332.2253,323.512,315.6759,308.8955,303.3238,299.0866,296.2828,294.9862,295.2478,297.0972,300.5417,305.5629,312.1108,320.0974,329.3899,339.8072,351.1203,363.0574,227.70910508054183,371.4743168478721,515.3544,50.82929999999999,752.5360999999999,-4.104499999999973
93,93,93.0,,,,,,,,,,,,,,,,,,,,,,,0.3,242.6694,256.7715,269.2961,279.7686,288.011,294.1341,298.4794,301.5339,303.8385,305.9113,308.1935,311.0216,314.6206,319.1117,324.5277,330.8315,337.9335,345.7071,354.0009,362.6483,374.5100912427451,313.34375863705355,566.1837,28.16449999999997,701.7067999999999,-18.86590000000001
94,94,94.0,,,,,,,,,,,,,,,,,,,,,,,0.4,359.5846,345.5739,333.2581,323.1814,315.6037,310.5114,307.6741,306.7239,307.2346,308.781,310.9725,313.4624,315.9432,318.1386,319.8038,320.7373,320.8051,319.9675,318.2998,315.9949,277.58090625483266,269.8633958600763,594.3482,45.38339999999994,673.5423,-2.4886000000000195
95,95,95.0,,,,,,,,,,,,,,,,,,,,,,,0.5,284.8056,291.5762,297.5179,302.3937,306.1276,308.79,310.5528,311.6302,312.2189,312.4524,312.3744,311.9335,310.9961,309.3746,306.8655,303.2932,298.5535,292.6492,285.7108,277.9956,232.3984612047204,173.7157569684023,639.7316,117.87260000000003,628.1589,-4.20999999999998
96,96,96.0,,,,,,,,,,,,,,,,,,,,,,,0.6,244.7276,256.5671,267.4832,277.1405,285.3236,291.9334,296.9618,300.4522,302.4548,302.9852,301.9921,299.342,294.8215,288.1627,279.0897,267.3834,252.9546,235.9109,216.5985,195.6051,375.0480235703113,375.16425828773504,757.6042,241.4053,510.2863,-21.0666
97,97,97.0,,,,,,,,,,,,,,,,,,,,,,,0.7,359.5176,344.856,331.7902,320.7974,312.056,305.4602,300.6904,297.316,294.9088,293.1455,291.8838,291.2058,291.4207,293.0245,296.6158,302.7752,311.9241,324.1908,339.3183,356.6435,273.068059490844,291.118837838828,999.0095,116.8383,268.881,-7.539800000000014
98,98,98.0,,,,,,,,,,,,,,,,,,,,,,,0.8,279.9878,286.3822,291.8168,296.0166,298.8975,300.5569,301.2309,301.2329,300.8886,300.48,300.2045,300.1529,300.3041,300.5384,300.6659,300.4697,299.7571,298.4101,296.4232,293.9166,270.10384627029595,372.0307194420414,1115.8478,97.81690000000005,152.04269999999997,-12.443100000000015
99,99,99.0,,,,,,,,,,,,,,,,,,,,,,,0.9,274.6462,279.0339,283.1284,286.8213,290.0441,292.7743,295.037,296.9041,298.4931,299.9662,301.5293,303.4301,305.9511,309.3932,314.0478,320.1556,327.8594,337.1581,347.8771,359.6661,375.7196955838489,313.5071276920709,1213.6647,54.225799999999936,54.225799999999936,-20.225700000000018
100,100,100.0,,,,,,,,,,,,,,,,,,,,,,,0.0,273.0,273.0,273.0,273.0,273.0,273.0,273.0,273.0,273.0,273.0,273.0,273.0,273.0,273.0,273.0,273.0,273.0,273.0,273.0,273.0,373.77152210757134,374.76566409890825,0.0,367.9982,1278.0772,-40.0
101,101,101.0,,,,,,,,,,,,,,,,,,,,,,,0.1,356.5984,340.2107,325.2878,312.3215,301.577,293.0997,286.763,282.3381,279.5716,278.2535,278.2671,279.615,282.4187,286.8927,293.295,301.8574,312.7088,325.8033,340.8736,357.423,359.1116352916037,375.2134055150978,367.9982,145.29809999999998,910.079,-19.900300000000016
102,102,102.0,,,,,,,,,,,,,,,,,,,,,,,0.2,349.5962,340.2795,331.3602,323.0354,315.4968,308.9251,303.4843,299.3158,296.5359,295.2344,295.4756,297.298,300.7142,305.7079,312.229,320.1878,329.4499,339.8326,351.1066,363.0008,228.24674376408493,370.7417380264041,513.2963,50.26600000000008,764.7809,-4.074900000000014
103,103,103.0,,,,,,,,,,,,,,,,,,,,,,,0.3,243.0644,257.0365,269.4539,279.8482,288.0428,294.1454,298.4911,301.559,303.8819,305.9706,308.2605,311.0841,314.6633,319.1173,324.4777,330.707,337.7156,345.3784,353.5466,362.0577,375.9035728494671,314.83703242940834,563.5623,28.26009999999997,714.5148999999999,-18.854600000000005
104,104,104.0,,,,,,,,,,,,,,,,,,,,,,,0.4,360.7552,346.531,334.0194,323.7704,316.0473,310.8373,307.9085,306.8903,307.3534,308.87,311.0485,313.5432,316.0493,318.2956,320.0428,321.0951,321.322,320.6839,319.2518,317.2102,277.70828009821525,267.68726593510024,591.8224,45.59199999999999,686.2547999999999,-2.1626999999999725
105,105,105.0,,,,,,,,,,,,,,,,,,,,,,,0.5,284.9885,291.8085,297.7886,302.6889,306.4328,309.092,310.8416,311.8985,312.4619,312.6658,312.5519,312.0633,311.0581,309.3379,306.6875,302.9205,297.9255,291.7038,284.3916,276.2596,223.75078100108536,170.095967213994,637.4144,121.73360000000002,640.6628,-3.908000000000016
106,106,106.0,,,,,,,,,,,,,,,,,,,,,,,0.6,237.5973,250.884,263.1163,273.9147,283.0396,290.3877,295.9626,299.83,302.0667,302.7137,301.7415,299.0321,294.3816,287.5267,278.193,266.162,251.3464,233.8585,214.0534,192.532,370.1853224106746,372.3179934970756,759.148,253.1497,518.9291999999999,-22.612300000000005
107,107,107.0,,,,,,,,,,,,,,,,,,,,,,,0.7,355.0699,340.8262,328.1813,317.6091,309.2794,303.0748,298.6616,295.5956,293.4371,291.8546,290.702,290.0619,290.2473,291.761,295.2103,301.1853,310.1169,322.1422,337.012,354.0696,274.8329141374021,301.7731893087489,1012.2977,122.52480000000004,265.7795,-9.925200000000018
108,108,108.0,,,,,,,,,,,,,,,,,,,,,,,0.8,281.0062,286.7007,291.5217,295.2214,297.7284,299.139,299.6778,299.6421,299.3428,299.0538,298.9759,299.2161,299.783,300.5962,301.5095,302.3445,302.9331,303.158,302.9852,302.4755,280.44621266642224,371.7720250855584,1134.8225,94.5467000000001,143.25469999999996,-13.86099999999999
109,109,109.0,,,,,,,,,,,,,,,,,,,,,,,0.9,283.0742,285.632,288.0554,290.2927,292.3104,294.0985,295.6758,297.0941,298.4413,299.8446,301.4721,303.5311,306.2615,309.9201,314.7546,320.9666,328.6688,337.8457,348.3271,359.787,362.6820309201411,320.60781565908275,1229.3692,48.707999999999856,48.707999999999856,-18.9015
110,110,110.0,,,,,,,,,,,,,,,,,,,,,,,0.0,273.0,273.0,273.0,273.0,273.0,273.0,273.0,273.0,273.0,273.0,273.0,273.0,273.0,273.0,273.0,273.0,273.0,273.0,273.0,273.0,375.7979555554283,375.45888312085873,0.0,367.4133,1308.8577,-40.0
111,111,111.0,,,,,,,,,,,,,,,,,,,,,,,0.1,358.2794,341.5621,326.339,313.1118,302.1506,293.5019,287.0357,282.5181,279.6892,278.3333,278.3286,279.6744,282.4906,286.9914,293.4353,302.055,312.9797,326.1632,341.336,357.9981,352.8344849109474,370.1035123785592,367.4133,144.3845,941.4444,-19.498100000000026
112,112,112.0,,,,,,,,,,,,,,,,,,,,,,,0.2,344.4904,336.2862,328.3701,320.9037,314.061,308.0223,302.9644,299.0499,296.4181,295.1786,295.4089,297.1521,300.4169,305.1762,311.3656,318.8817,327.5814,337.2832,347.7708,358.7993,236.1756857846836,372.0560095295631,511.7978,52.337500000000034,797.0599,-4.977700000000027
113,113,113.0,,,,,,,,,,,,,,,,,,,,,,,0.3,249.3708,261.8097,272.8583,282.0994,289.3781,294.7957,298.6595,301.4071,303.5269,305.4896,307.7011,310.4766,314.0343,318.5005,323.9212,330.2752,337.4871,345.4373,353.9718,362.9106,371.81107917423776,314.01690370253215,564.1353,28.02429999999993,744.7224,-18.20429999999999
114,114,114.0,,,,,,,,,,,,,,,,,,,,,,,0.4,357.6216,344.2906,332.5518,322.9191,315.6421,310.7155,307.9314,306.9525,307.3845,308.8317,310.9271,313.341,315.7766,317.9634,319.6586,320.66,320.8305,320.126,318.6156,316.4851,279.2600116283924,261.513122810161,592.1596,47.42750000000001,716.6981000000001,-2.28449999999998
115,115,115.0,,,,,,,,,,,,,,,,,,,,,,,0.5,286.1587,292.6222,298.2914,302.9391,306.492,309.0164,310.6749,311.6681,312.1766,312.3156,312.108,311.4782,310.2656,308.2529,305.2073,300.9286,295.2981,288.3198,280.1447,271.0703,273.6367486834538,175.9491180349781,639.5871,122.9511,669.2706000000001,-3.983600000000024
116,116,116.0,,,,,,,,,,,,,,,,,,,,,,,0.6,278.994,284.1723,289.0058,293.3515,297.0936,300.1422,302.4237,303.8674,304.3879,303.8675,302.1418,298.9926,294.1536,287.3317,278.2465,266.6858,252.5678,235.9985,217.3071,197.046,363.1556825479237,325.4868051949215,762.5382,250.66470000000004,546.3195000000001,-12.857799999999996
117,117,117.0,,,,,,,,,,,,,,,,,,,,,,,0.7,351.6853,340.7808,330.9147,322.3947,315.3303,309.6413,305.1021,301.4095,298.2589,295.4142,292.7634,290.3519,288.3886,287.2217,287.2811,288.9941,292.6832,298.4682,306.1977,315.4316,219.55433730634832,354.63726366968297,1013.2029,157.13979999999992,295.6548,-3.358699999999999
118,118,118.0,,,,,,,,,,,,,,,,,,,,,,,0.8,235.8105,251.1181,264.6706,275.9126,284.5944,290.7664,294.7247,296.9307,297.9271,298.2687,298.4758,299.0094,300.2608,302.5481,306.1094,311.0927,317.5404,325.3759,334.3978,344.2879,366.4457922096783,332.40653589164634,1170.3427,87.2659000000001,138.5150000000001,-22.233600000000024
119,119,119.0,,,,,,,,,,,,,,,,,,,,,,,0.9,352.0119,338.4392,326.4582,316.5703,309.0039,303.7288,300.5171,299.0272,298.8863,299.7538,301.3558,303.4936,306.0311,308.8752,311.9551,315.209,318.5792,322.0148,325.477,328.9431,229.6424949440301,371.0911709226777,1257.6086,51.2491,51.2491,-9.271200000000022
120,120,,,,,,,,,,,,,,,,,,,,,,,,0.0,273.0,273.0,273.0,273.0,273.0,273.0,273.0,273.0,273.0,273.0,273.0,273.0,273.0,273.0,273.0,273.0,273.0,273.0,273.0,273.0,370.5670796606488,375.9738158096261,0.0,368.0908,642.4546,-40.0
121,121,,,,,,,,,,,,,,,,,,,,,,,,0.1,353.9401,338.0737,323.6258,311.0727,300.6715,292.4674,286.3388,282.067,279.4103,278.1713,278.2456,279.6464,282.505,287.0444,293.5292,302.1967,313.1787,326.4295,341.6791,358.4252,300.37153276418934,370.9720272628424,368.0908,143.89639999999997,274.3638,-20.5326
122,122,,,,,,,,,,,,,,,,,,,,,,,,0.2,300.7108,300.8085,300.4823,299.6545,298.3709,296.7936,295.1721,293.8031,292.9894,293.0079,294.0864,296.3932,300.0336,305.0508,311.4288,319.0962,327.93,337.7603,348.3765,359.5356,296.8886351783961,374.7480694788841,511.9872,55.89209999999997,130.46740000000003,-16.206399999999974
123,123,,,,,,,,,,,,,,,,,,,,,,,,0.3,297.024,297.1447,297.2472,297.3492,297.4951,297.7569,298.2322,299.0369,300.2971,302.139,304.6794,308.0174,312.2269,317.3511,323.398,330.3376,338.101,346.5807,355.634,365.088,285.9356522398956,373.0630109698295,567.8793,20.69870000000003,74.57530000000008,-15.243100000000029
124,124,,,,,,,,,,,,,,,,,,,,,,,,0.4,288.1785,290.3794,292.51,294.5662,296.5736,298.587,300.6852,302.9624,305.5177,308.4456,311.828,315.7279,320.1858,325.2174,330.8136,336.9411,343.5452,350.5527,357.8755,365.4143,291.66373982137804,375.5068150886609,588.578,9.30200000000002,53.87660000000005,-14.413000000000013
125,125,,,,,,,,,,,,,,,,,,,,,,,,0.5,292.915,294.2309,295.6722,297.2922,299.1355,301.2391,303.6334,306.345,309.3983,312.8161,316.62,320.8284,325.4543,330.5032,335.9701,341.8372,348.0717,354.6257,361.4358,368.4252,289.6323314342826,375.87771181521634,597.88,5.645399999999995,44.57460000000003,-11.760899999999992
126,126,,,,,,,,,,,,,,,,,,,,,,,,0.6,291.7995,293.9963,296.2536,298.6044,301.0838,303.7282,306.574,309.6561,313.0056,316.6484,320.6041,324.885,329.4952,334.4303,339.6771,345.2135,351.0085,357.0226,363.2085,369.5129,288.69680056083826,371.9953304074565,603.5254,6.152699999999982,38.92920000000004,-9.271799999999985
127,127,,,,,,,,,,,,,,,,,,,,,,,,0.7,291.3677,294.0628,296.8068,299.6255,302.5458,305.5944,308.7976,312.1789,315.7576,319.5473,323.5543,327.7765,332.2031,336.8155,341.5882,346.4917,351.4951,356.5695,361.6898,366.8367,286.27588469660753,373.2314538993985,609.6781,8.327600000000075,32.776500000000055,-7.405599999999993
128,128,,,,,,,,,,,,,,,,,,,,,,,,0.8,289.6251,292.9786,296.343,299.7284,303.1495,306.6245,310.174,313.819,317.5788,321.4698,325.5042,329.6895,334.0286,338.52,343.1579,347.9324,352.8297,357.8318,362.9168,368.0594,289.9088214370742,374.6782737090125,618.0057,11.163599999999974,24.44889999999998,-6.375499999999988
129,129,,,,,,,,,,,,,,,,,,,,,,,,0.9,292.7454,295.6221,298.5756,301.6357,304.824,308.1539,311.632,315.2599,319.0365,322.9595,327.0269,331.2371,335.5887,340.0798,344.7071,349.4644,354.3418,359.3243,364.392,369.5196,280.49097985157096,371.56576762808425,629.1693,13.285300000000008,13.285300000000008,-4.8460999999999785
130,130,,,,,,,,,,,,,,,,,,,,,,,,0.0,273.0,273.0,273.0,273.0,273.0,273.0,273.0,273.0,273.0,273.0,273.0,273.0,273.0,273.0,273.0,273.0,273.0,273.0,273.0,273.0,372.611243925793,370.6730738576911,0.0,369.7338,646.3135,-40.0
131,131,,,,,,,,,,,,,,,,,,,,,,,,0.1,355.6357,339.4366,324.6853,311.8678,301.2458,292.8639,286.5957,282.2137,279.4646,278.1372,278.1106,279.38,282.0567,286.3428,292.4832,300.699,311.1129,323.6802,338.1442,354.028,301.56506205155216,375.482847632233,369.7338,148.82479999999998,276.5797,-20.1361
132,132,,,,,,,,,,,,,,,,,,,,,,,,0.2,301.7937,301.7782,301.3345,300.3833,298.9701,297.2574,295.4961,293.9858,293.0345,292.9266,293.9023,296.1476,299.7908,304.9032,311.4984,319.5313,328.8964,339.426,350.893,363.0182,293.8533693419251,375.2591630952792,518.5586,54.78700000000004,127.75490000000002,-15.742599999999982
133,133,,,,,,,,,,,,,,,,,,,,,,,,0.3,294.5902,295.2801,295.8923,296.4255,296.9154,297.4361,298.0953,299.025,300.3696,302.2731,304.8672,308.2608,312.5324,317.7241,323.8384,330.8375,338.6444,347.146,356.1978,365.631,284.7279620459737,372.0538177464833,573.3456,20.423999999999975,72.96789999999999,-15.56389999999999
134,134,,,,,,,,,,,,,,,,,,,,,,,,0.4,287.068,289.3703,291.6097,293.7834,295.9157,298.0585,300.286,302.6872,305.356,308.3822,311.8431,315.7975,320.2812,325.3056,330.8571,336.8994,343.3764,350.2165,357.3368,364.6474,290.7884557389766,373.2490431443393,593.7696,9.529800000000025,52.54390000000001,-14.94150000000002
135,135,,,,,,,,,,,,,,,,,,,,,,,,0.5,292.0931,293.4645,294.965,296.6486,298.5597,300.7331,303.1965,305.9721,309.0793,312.5355,316.3561,320.5528,325.1325,330.0945,335.4286,341.1138,347.1171,353.3934,359.8861,366.5291,290.06707038294377,375.4702679210834,603.2994,5.742500000000064,43.01409999999999,-12.26690000000002
136,136,,,,,,,,,,,,,,,,,,,,,,,,0.6,292.0684,294.1088,296.2271,298.4615,300.849,303.4247,306.2213,309.268,312.5901,316.2082,320.1383,324.391,328.9712,333.8777,339.1019,344.6266,350.4255,356.4613,362.6866,369.0443,285.6694535904207,374.41776436510014,609.0419,6.015299999999911,37.27159999999992,-9.575300000000029
137,137,,,,,,,,,,,,,,,,,,,,,,,,0.7,288.8183,291.9672,295.12,298.2881,301.4909,304.756,308.1163,311.6064,315.2597,319.1049,323.1632,327.448,331.9632,336.7042,341.658,346.8048,352.119,357.5707,363.1274,368.7548,294.11683055753633,372.1164154241443,615.0572,8.235700000000065,31.25630000000001,-8.244000000000028
138,138,,,,,,,,,,,,,,,,,,,,,,,,0.8,295.9445,297.8537,299.9172,302.1922,304.7167,307.5101,310.5752,313.9036,317.4794,321.2835,325.2954,329.4943,333.8591,338.3677,342.9974,347.7248,352.5274,357.3842,362.2772,367.1918,282.26061369087284,371.7106468415672,623.2929,10.8442,23.020599999999945,-5.489899999999977
139,139,,,,,,,,,,,,,,,,,,,,,,,,0.9,286.699,291.0836,295.3713,299.5379,303.5812,307.5202,311.3892,315.2309,319.0885,322.9996,326.9928,331.0857,335.2858,339.5918,343.9959,348.4861,353.0478,357.6659,362.3252,367.0113,289.47632195709366,370.9927059189443,634.1371,12.176399999999944,12.176399999999944,-5.479800000000012
140,140,,,,,,,,,,,,,,,,,,,,,,,,0.0,273.0,273.0,273.0,273.0,273.0,273.0,273.0,273.0,273.0,273.0,273.0,273.0,273.0,273.0,273.0,273.0,273.0,273.0,273.0,273.0,371.33728298873166,371.48483563945325,0.0,369.6418,651.5206,-40.0
141,141,,,,,,,,,,,,,,,,,,,,,,,,0.1,354.5789,338.5871,324.0246,311.3714,300.8861,292.613,286.4281,282.1078,279.404,278.1109,278.1129,279.4105,282.1197,286.4473,292.6419,300.9277,311.4289,324.1011,338.6855,354.7013,298.77717546981535,372.61649518218405,369.6418,149.01430000000005,281.8788,-20.387
142,142,,,,,,,,,,,,,,,,,,,,,,,,0.2,299.4192,299.8019,299.728,299.1081,297.9818,296.5098,294.944,293.5869,292.7497,292.7194,293.7361,295.9831,299.5827,304.5977,311.0324,318.8333,327.89,338.0361,349.0532,360.6785,292.4782205398375,374.6547539437842,518.6561,57.88639999999998,132.8644999999999,-16.490200000000016
143,143,,,,,,,,,,,,,,,,,,,,,,,,0.3,293.2827,294.0444,294.7355,295.3557,295.9388,296.5551,297.3066,298.3192,299.7315,301.6832,304.3039,307.703,311.9621,317.1289,323.2133,330.1852,337.9744,346.4725,355.5362,364.9943,285.45919820846086,374.0138025036754,576.5425,22.61869999999999,74.97809999999993,-16.44490000000002
144,144,,,,,,,,,,,,,,,,,,,,,,,,0.4,287.5177,289.5545,291.5577,293.5341,295.5128,297.5454,299.7027,302.0677,304.7288,307.7712,311.2706,315.2873,319.862,325.013,330.7351,336.9994,343.7546,350.9288,358.4332,366.1654,290.64144620161363,371.0041794176743,599.1612,9.8981,52.35939999999994,-15.454600000000028
145,145,,,,,,,,,,,,,,,,,,,,,,,,0.5,291.9147,293.2538,294.7205,296.3695,298.2468,300.3899,302.829,305.5887,308.6894,312.1469,315.9723,320.17,324.7358,329.656,334.9063,340.4525,346.2528,352.2593,358.4214,364.6869,291.97986120058295,373.3122919857087,609.0593,5.752399999999966,42.46129999999994,-12.610099999999989
146,146,,,,,,,,,,,,,,,,,,,,,,,,0.6,293.6009,295.2773,297.0619,299.0029,301.1423,303.5154,306.1504,309.0691,312.2874,315.8162,319.6617,323.8262,328.3071,333.0975,338.1849,343.5501,349.1665,354.9988,361.003,367.1269,285.8401318308819,372.9848980215205,614.8117,5.57650000000001,36.70889999999997,-9.4846
147,147,,,,,,,,,,,,,,,,,,,,,,,,0.7,289.0061,292.1636,295.3098,298.4513,301.6062,304.8029,308.0774,311.4683,315.0132,318.7442,322.686,326.8537,331.2536,335.8823,340.7287,345.7743,350.9946,356.3602,361.8381,367.3922,285.6575197841134,374.0331797058524,620.3882,7.308300000000031,31.13239999999996,-8.197099999999978
148,148,,,,,,,,,,,,,,,,,,,,,,,,0.8,288.9253,292.2052,295.5099,298.8533,302.251,305.7197,309.2772,312.9416,316.7303,320.6592,324.7421,328.9892,333.4071,337.9981,342.7593,347.6825,352.7535,357.9523,363.2531,368.6249,292.9686147706696,374.983712668872,627.6965,10.32669999999996,23.82409999999993,-7.280300000000011
149,149,,,,,,,,,,,,,,,,,,,,,,,,0.9,295.1406,297.3838,299.7617,302.3241,305.1036,308.1161,311.3635,314.8377,318.5255,322.4122,326.4842,330.7302,335.1407,339.7073,344.4216,349.2732,354.2488,359.3312,364.4989,369.726,283.7592983634138,373.0333015121632,638.0232,13.49739999999997,13.49739999999997,-4.883899999999983
150,150,,,,,,,,,,,,,,,,,,,,,,,,0.0,273.0,273.0,273.0,273.0,273.0,273.0,273.0,273.0,273.0,273.0,273.0,273.0,273.0,273.0,273.0,273.0,273.0,273.0,273.0,273.0,370.4203406325877,374.5173195599025,0.0,368.6589,643.7132,-40.0
151,151,,,,,,,,,,,,,,,,,,,,,,,,0.1,353.8183,337.9758,323.5494,311.015,300.629,292.4361,286.3148,282.0458,279.3867,278.1387,278.1949,279.5656,282.3777,286.8494,293.2407,301.7847,312.6108,325.674,340.7077,357.2169,301.94485002331214,370.7858210844085,368.6589,145.69510000000002,275.0543,-20.56389999999999
152,152,,,,,,,,,,,,,,,,,,,,,,,,0.2,302.0064,301.8387,301.2705,300.2312,298.7702,297.0492,295.314,293.8556,292.9711,292.9309,293.9588,296.2203,299.8199,304.8017,311.1523,318.8031,327.6334,337.4743,348.1148,359.3087,296.60038286026344,371.17896991103,514.354,56.71479999999997,129.3592,-15.950800000000015
153,153,,,,,,,,,,,,,,,,,,,,,,,,0.3,296.8518,297.0779,297.2667,297.4298,297.6091,297.8774,298.3349,299.1011,300.3049,302.0736,304.5224,307.7453,311.8084,316.7446,322.5511,329.1882,336.5814,344.623,353.1778,362.0876,286.9822173037932,372.31195005590735,571.0688,22.23310000000004,72.64440000000002,-15.122599999999975
154,154,,,,,,,,,,,,,,,,,,,,,,,,0.4,289.0487,291.0796,293.0519,294.9643,296.843,298.7408,300.7327,302.9079,305.3611,308.1836,311.4559,315.2426,319.5883,324.5152,330.022,336.0838,342.652,349.6563,357.0069,364.5978,294.31973414216947,372.66501499623024,593.3019,9.650699999999915,50.41129999999998,-14.25920000000002
155,155,,,,,,,,,,,,,,,,,,,,,,,,0.5,295.1528,296.0644,297.127,298.4026,299.941,301.7794,303.9456,306.4605,309.3416,312.6041,316.2612,320.323,324.7945,329.6727,334.9449,340.587,346.5624,352.8222,359.3066,365.9461,284.85490717396294,370.4391419172604,602.9526,5.154899999999998,40.76060000000007,-11.22059999999999
156,156,,,,,,,,,,,,,,,,,,,,,,,,0.6,287.9582,291.0381,294.0796,297.0832,300.0674,303.0675,306.1309,309.3105,312.6583,316.2189,320.026,324.0995,328.4456,333.0573,337.9163,342.9953,348.2608,353.676,359.2026,364.8027,289.11366295549203,375.3840289906401,608.1075,5.7560000000000855,35.60570000000007,-9.932500000000005
157,157,,,,,,,,,,,,,,,,,,,,,,,,0.7,291.4967,293.9248,296.4398,299.0767,301.8633,304.8199,307.9608,311.2967,314.8368,318.5903,322.5673,326.7791,331.237,335.9508,340.9264,346.1627,351.6482,357.3585,363.2549,369.2846,288.5401561079147,371.1684805621005,613.8635,7.34089999999992,29.849699999999984,-8.180099999999982
158,158,,,,,,,,,,,,,,,,,,,,,,,,0.8,291.3951,294.2741,297.201,300.1995,303.2922,306.5009,309.845,313.3411,317.0018,320.8349,324.8422,329.0194,333.3551,337.8317,342.4267,347.1144,351.8692,356.6677,361.4914,366.3276,285.7044933980337,374.9233298798419,621.2044,9.981400000000008,22.508800000000065,-6.499099999999999
159,159,,,,,,,,,,,,,,,,,,,,,,,,0.9,289.2842,292.8619,296.4382,300.018,303.6117,307.2344,310.9048,314.6431,318.4695,322.4023,326.458,330.6501,334.9898,339.4853,344.1412,348.9576,353.9278,359.0374,364.2627,369.5712,284.95811504219733,375.0601680237528,631.1858,12.527400000000055,12.527400000000055,-5.765600000000006
160,160,,,,,,,,,,,,,,,,,,,,,,,,0.0,273.0,273.0,273.0,273.0,273.0,273.0,273.0,273.0,273.0,273.0,273.0,273.0,273.0,273.0,273.0,273.0,273.0,273.0,273.0,273.0,375.3811710323781,373.2716136791532,0.0,368.2974,637.8337,-40.0
161,161,,,,,,,,,,,,,,,,,,,,,,,,0.1,357.9336,341.284,326.1225,312.9486,302.0311,293.416,286.9734,282.4692,279.6431,278.2778,278.2488,279.551,282.2983,286.6981,293.0017,301.436,312.1269,325.0286,339.8773,356.1837,306.2950660426456,370.3853658062695,368.2974,145.43580000000003,269.53630000000004,-19.584000000000003
162,162,,,,,,,,,,,,,,,,,,,,,,,,0.2,305.859,305.2024,304.1621,302.6753,300.7977,298.6961,296.6194,294.8599,293.7137,293.4491,294.2865,296.3874,299.8526,304.723,310.9827,318.5611,327.3358,337.1361,347.7483,358.9229,292.1959321931388,372.8930486943076,513.7332,55.16689999999994,124.1005,-14.3039
163,163,,,,,,,,,,,,,,,,,,,,,,,,0.3,293.516,294.7482,295.827,296.7264,297.4706,298.1338,298.8334,299.7168,300.9453,302.6791,305.0635,308.2185,312.2312,317.1512,322.9884,329.7114,337.2491,345.4922,354.2977,363.4948,286.9502573688654,370.8229298142577,568.9001,21.091600000000085,68.93360000000007,-14.866199999999992
164,164,,,,,,,,,,,,,,,,,,,,,,,,0.4,288.9574,290.9432,292.8953,294.8184,296.7381,298.7015,300.7743,303.0352,305.5682,308.4559,311.7716,315.5735,319.9006,324.7692,330.1721,336.0791,342.4388,349.1816,356.2239,363.4713,284.70454098646775,370.5542372759464,589.9917,9.656299999999987,47.84199999999999,-14.29849999999999
165,165,,,,,,,,,,,,,,,,,,,,,,,,0.5,287.1749,289.6511,292.1427,294.6663,297.2466,299.917,302.7179,305.6938,308.89,312.3493,316.1086,320.1959,324.6285,329.4116,334.5372,339.9845,345.7208,351.7021,357.8756,364.1813,293.3437796931423,371.97417690400056,599.648,5.917500000000018,38.1857,-13.083000000000029
166,166,,,,,,,,,,,,,,,,,,,,,,,,0.6,294.5274,295.801,297.2458,298.9274,300.8926,303.1693,305.7695,308.6943,311.9388,315.4956,319.3574,323.5176,327.9695,332.7049,337.712,342.9736,348.4655,354.1554,360.003,365.9604,288.8259994129249,370.646637808826,605.5655,5.26439999999991,32.26819999999998,-9.83069999999998
167,167,,,,,,,,,,,,,,,,,,,,,,,,0.7,291.4639,294.1141,296.7921,299.5179,302.3175,305.2208,308.2601,311.466,314.8653,318.4781,322.3164,326.3839,330.6757,335.1795,339.8766,344.7435,349.7534,354.8777,360.0871,365.3529,287.28044422810626,371.7668717708781,610.8299,6.817499999999996,27.00380000000007,-7.779200000000003
168,168,,,,,,,,,,,,,,,,,,,,,,,,0.8,290.3874,293.5032,296.6382,299.8055,303.0213,306.3043,309.6751,313.1543,316.7611,320.5123,324.4207,328.4952,332.7399,337.1545,341.7337,346.4676,351.3413,356.3349,361.4235,366.5782,289.369089435828,371.0896097680798,617.6474,8.938100000000077,20.186300000000077,-6.695699999999988
169,169,,,,,,,,,,,,,,,,,,,,,,,,0.9,292.2577,295.1766,298.154,301.214,304.3758,307.6535,311.0568,314.5915,318.2607,322.0654,326.0047,330.0758,334.2738,338.5911,343.0181,347.5425,352.1502,356.8254,361.5517,366.3121,286.0871456689092,371.658679290006,626.5855,11.248199999999995,11.248199999999995,-5.346499999999992
170,170,,,,,,,,,,,,,,,,,,,,,,,,0.0,273.0,273.0,273.0,273.0,273.0,273.0,273.0,273.0,273.0,273.0,273.0,273.0,273.0,273.0,273.0,273.0,273.0,273.0,273.0,273.0,373.7044587806308,373.8531836362142,0.0,368.3506,638.8288,-40.0
171,171,,,,,,,,,,,,,,,,,,,,,,,,0.1,356.5427,340.1659,325.2529,312.2951,301.5573,293.0851,286.7513,282.327,279.5582,278.2338,278.2359,279.5647,282.3391,286.7707,293.1143,301.5993,312.353,325.33,340.2651,356.6661,302.0967067201136,373.6049886863705,368.3506,144.80240000000003,270.4782,-19.91489999999999
172,172,,,,,,,,,,,,,,,,,,,,,,,,0.2,302.294,302.2468,301.771,300.7883,299.3456,297.6078,295.8283,294.3085,293.3567,293.2555,294.2403,296.4883,300.1155,305.1779,311.6727,319.5396,328.6624,338.8707,349.9439,361.6198,288.5218207197677,375.85051160225606,513.153,54.21410000000003,125.67579999999998,-15.392200000000004
173,173,,,,,,,,,,,,,,,,,,,,,,,,0.3,290.2314,291.8488,293.3042,294.5681,295.6615,296.6563,297.6692,298.8478,300.3558,302.3569,305.0013,308.4141,312.6878,317.8769,323.9946,331.0122,338.859,347.425,356.565,366.1051,285.39016950924577,375.7703444041262,567.3671,21.157299999999964,71.46169999999995,-16.343700000000013
174,174,,,,,,,,,,,,,,,,,,,,,,,,0.4,287.3919,289.3865,291.374,293.3675,295.397,297.5097,299.7686,302.2475,305.0263,308.1839,311.7928,315.9128,320.5868,325.8368,331.6619,338.0375,344.9149,352.2237,359.8743,367.7618,289.5795120336838,372.1435690172616,588.5244,9.188599999999951,50.30439999999999,-15.49029999999999
175,175,,,,,,,,,,,,,,,,,,,,,,,,0.5,291.0392,292.5601,294.2002,296.0114,298.0389,300.3204,302.8876,305.7669,308.9804,312.5455,316.4739,320.7701,325.4293,330.4364,335.7655,341.3814,347.2409,353.2965,359.4984,365.797,294.2565742804214,370.9700752371823,597.713,5.394700000000057,41.11580000000004,-12.679599999999994
176,176,,,,,,,,,,,,,,,,,,,,,,,,0.6,295.4673,296.7577,298.2015,299.8615,301.787,304.0126,306.5595,309.4377,312.6488,316.1874,320.0433,324.2016,328.6432,333.3451,338.2801,343.4179,348.7256,354.169,359.7137,365.3252,286.6862333903151,373.8930511830964,603.1077,5.923599999999965,35.72109999999998,-8.98739999999998
177,177,,,,,,,,,,,,,,,,,,,,,,,,0.7,289.8327,292.9668,296.0825,299.1848,302.2918,305.4329,308.6459,311.9719,315.4504,319.1157,322.9949,327.1066,331.4617,336.0637,340.9087,345.9858,351.276,356.752,362.3775,368.1081,289.4431618746877,371.7474878733165,609.0313,7.713799999999992,29.797500000000014,-7.567099999999982
178,178,,,,,,,,,,,,,,,,,,,,,,,,0.8,292.1712,294.9335,297.762,300.6842,303.7229,306.8955,310.2151,313.691,317.3297,321.1351,325.1082,329.2468,333.5444,337.9905,342.5701,347.2649,352.0543,356.9171,361.8326,366.7819,287.8694375162218,371.5736832803792,616.7451,10.180500000000052,22.08370000000002,-6.104499999999973
179,179,,,,,,,,,,,,,,,,,,,,,,,,0.9,291.1552,294.4505,297.7662,301.1143,304.5091,307.9656,311.4995,315.1254,318.8556,322.6993,326.6618,330.7446,334.9452,339.2575,343.6724,348.1784,352.7622,357.4092,362.104,366.8308,282.7040933758904,371.5153714778173,626.9256,11.90319999999997,11.90319999999997,-5.034400000000005
180,,,,,,,,,,,,,,,,,,,,,,,,,0.0,273.0,273.0,273.0,273.0,273.0,273.0,273.0,273.0,273.0,273.0,273.0,273.0,273.0,273.0,273.0,273.0,273.0,273.0,273.0,273.0,375.1839491481284,371.3168808645921,0.0,369.0673,1468.6441,8.752200000000016
181,,,,,,,,,,,,,,,,,,,,,,,,,0.1,357.77,341.1524,326.0199,312.871,301.9739,293.374,286.9412,282.4407,279.6114,278.234,278.1809,279.4426,282.1275,286.4365,292.6146,300.883,311.3647,324.0146,338.5737,354.5621,374.22852353799243,296.92014394794563,369.0673,172.37150000000003,1099.5768,8.752200000000016
182,,,,,,,,,,,,,,,,,,,,,,,,,0.2,362.199,350.4762,339.3512,329.0846,319.8958,311.9547,305.3766,300.2199,296.4842,294.1083,292.9688,292.8788,293.5915,294.8123,296.2214,297.5088,298.4173,298.7848,298.5747,297.8837,171.90635850713386,375.51012095203225,541.4388,131.9452,927.2053,8.752200000000016
183,,,,,,,,,,,,,,,,,,,,,,,,,0.3,196.9633,220.6342,241.7409,259.4727,273.4643,283.7856,290.8598,295.3407,297.9875,299.5621,300.7636,302.1988,304.3779,307.7198,312.5528,319.103,327.4708,337.6029,349.2734,362.0867,373.82670494559216,373.6348802005916,673.384,81.07460000000003,795.2601,8.752200000000016
184,,,,,,,,,,,,,,,,,,,,,,,,,0.4,356.1711,339.6673,325.2886,313.697,305.1838,299.6914,296.8984,296.3375,297.5114,299.9831,303.4268,307.6401,312.5272,318.065,324.265,331.1384,338.6705,346.8061,355.445,364.4454,375.40730885013784,189.9841972716757,754.4586,62.481899999999996,714.1854999999999,8.752200000000016
185,,,,,,,,,,,,,,,,,,,,,,,,,0.5,364.4656,353.9114,344.1025,335.34,327.847,321.7522,317.0796,313.7408,311.5284,310.11,309.0243,307.6839,305.3936,301.3938,294.9342,285.3767,272.3155,255.6884,235.8495,213.5745,271.7416410469331,274.6644626595859,816.9405,177.34249999999997,651.7035999999999,8.752200000000016
186,,,,,,,,,,,,,,,,,,,,,,,,,0.6,281.2924,290.1952,297.8973,304.0134,308.3568,310.9295,311.8771,311.4301,309.8469,307.3743,304.2309,300.611,296.6999,292.6891,288.78,285.1718,282.0327,279.4636,277.4672,275.9356,175.73903706463494,371.20970413531813,994.283,152.55000000000007,474.36109999999996,8.752200000000016
187,,,,,,,,,,,,,,,,,,,,,,,,,0.7,197.6139,218.521,237.6111,254.2487,268.064,278.9602,287.0818,292.7607,296.4577,298.7114,300.1026,301.2304,302.6941,305.0706,308.8798,314.5356,322.2879,332.1692,343.9607,357.1962,375.0732011992467,373.8813856057119,1146.833,105.07669999999985,321.8110999999999,8.752200000000016
188,,,,,,,,,,,,,,,,,,,,,,,,,0.8,356.6202,339.3654,324.3227,312.1827,303.2504,297.4663,294.4926,293.8356,294.9678,297.4247,300.861,305.0683,309.9585,315.5292,321.8204,328.8729,336.6956,345.2437,354.4097,364.0265,370.9245189173397,212.59757143929974,1251.9097,60.46440000000007,216.73440000000005,8.752200000000016
189,,,,,,,,,,,,,,,,,,,,,,,,,0.9,360.4458,350.3253,340.8963,332.4455,325.1923,319.2746,314.7359,311.5176,309.4508,308.2511,307.5151,306.7238,305.2605,302.4492,297.6197,290.1989,279.8151,266.3956,250.2308,231.9785,270.1919800341284,270.370894682409,1312.3741,156.26999999999998,156.26999999999998,8.752200000000016
190,,,,,,,,,,,,,,,,,,,,,,,,,0.0,273.0,273.0,273.0,273.0,273.0,273.0,273.0,273.0,273.0,273.0,273.0,273.0,273.0,273.0,273.0,273.0,273.0,273.0,273.0,273.0,371.9332520687985,374.70112304409497,0.0,368.3296,1452.2652,7.837100000000021
191,,,,,,,,,,,,,,,,,,,,,,,,,0.1,355.0734,338.9847,324.3342,311.6049,301.057,292.7358,286.5174,282.1782,279.4709,278.1919,278.2299,279.5918,282.4024,286.8786,293.2794,301.8378,312.683,325.7695,340.8304,357.3694,371.28910235751454,300.9002164131308,368.3296,166.4687,1083.9356,7.837100000000021
192,,,,,,,,,,,,,,,,,,,,,,,,,0.2,359.605,348.2222,337.4265,327.4745,318.5826,310.9192,304.6001,299.6863,296.1819,294.0324,293.1219,293.2722,294.2456,295.7556,297.4892,299.141,300.4552,301.2676,301.5359,301.3478,174.07556299800842,371.6641247927849,534.7983,125.89170000000001,917.4669,7.837100000000021
193,,,,,,,,,,,,,,,,,,,,,,,,,0.3,198.5692,221.7145,242.3658,259.7353,273.4694,283.638,290.6545,295.1559,297.8795,299.5626,300.8772,302.4017,304.616,307.9081,312.577,318.8246,326.7368,336.2596,347.1835,359.1467,371.72140085662124,370.12332335776347,660.69,81.75239999999997,791.5752,7.837100000000021
194,,,,,,,,,,,,,,,,,,,,,,,,,0.4,354.4616,338.3318,324.2868,312.9761,304.6849,299.3561,296.6726,296.1731,297.3658,299.8166,303.1995,307.3093,312.0456,317.3806,323.322,329.8795,337.0403,344.7548,352.9314,361.4405,372.82826652636317,191.86465778095766,742.4424,63.475400000000036,709.8228,7.837100000000021
195,,,,,,,,,,,,,,,,,,,,,,,,,0.5,362.2252,351.9977,342.4926,334.002,326.742,320.8371,316.3101,313.0738,310.9253,309.5398,308.4668,307.1335,304.8627,300.9153,294.5616,285.1824,272.3844,256.1093,236.704,214.925,274.5329348004146,274.50558941366245,805.9178,177.54549999999995,646.3474,7.837100000000021
196,,,,,,,,,,,,,,,,,,,,,,,,,0.6,283.4183,291.692,298.8327,304.4766,308.4479,310.7478,311.5134,310.961,309.3325,306.8591,303.7456,300.175,296.3235,292.375,288.5247,284.9663,281.8638,279.316,277.326,275.7888,173.913416983483,375.860512177524,983.4633,154.3604999999999,468.80190000000005,7.837100000000021
197,,,,,,,,,,,,,,,,,,,,,,,,,0.7,196.1359,217.367,236.7382,253.6016,267.5837,278.592,286.7822,292.5013,296.2272,298.5165,299.9671,301.1956,302.8182,305.4285,309.5617,315.6434,323.9297,334.4502,346.9733,361.0095,371.46635627583686,373.1869288812564,1137.8238,104.86410000000001,314.44140000000016,7.837100000000021
198,,,,,,,,,,,,,,,,,,,,,,,,,0.8,353.5392,336.7916,322.221,310.5066,301.9475,296.4838,293.7826,293.3579,294.6908,297.3245,300.9183,305.2637,310.2679,315.9189,322.2439,329.2711,336.9995,345.3808,354.3133,363.6452,372.40184482636414,216.63005283610735,1242.6879,58.036600000000135,209.57730000000015,7.837100000000021
199,,,,,,,,,,,,,,,,,,,,,,,,,0.9,361.4635,350.9161,341.121,332.3835,324.932,318.9024,314.3292,311.1398,309.1507,308.0654,307.4729,306.8524,305.5916,303.0233,298.4897,291.4293,281.4787,268.5674,252.9788,235.3547,275.82463164888105,271.6684427118156,1300.7245,151.54070000000002,151.54070000000002,7.837100000000021
200,,,,,,,,,,,,,,,,,,,,,,,,,0.0,273.0,273.0,273.0,273.0,273.0,273.0,273.0,273.0,273.0,273.0,273.0,273.0,273.0,273.0,273.0,273.0,273.0,273.0,273.0,273.0,374.1578274563054,371.34712658975013,0.0,369.2216,1477.4404,7.781700000000001
201,,,,,,,,,,,,,,,,,,,,,,,,,0.1,356.9187,340.4681,325.4876,312.471,301.6837,293.171,286.8043,282.3518,279.556,278.2008,278.1622,279.4332,282.1241,286.4375,292.619,300.8908,311.3762,324.0301,338.5938,354.5872,370.94229712592414,297.9224568390728,369.2216,171.59019999999992,1108.2187999999999,7.781700000000001
202,,,,,,,,,,,,,,,,,,,,,,,,,0.2,359.4221,348.1883,337.5139,327.6468,318.7989,311.1382,304.7837,299.8006,296.1974,293.923,292.8638,292.8419,293.6194,294.909,296.3975,297.7798,298.8017,299.3019,299.2422,298.7149,174.15363139954908,372.8942467969412,540.8118,131.26840000000004,936.6286,7.781700000000001
203,,,,,,,,,,,,,,,,,,,,,,,,,0.3,198.6436,221.7831,242.4241,259.7762,273.4833,283.6133,290.578,295.0143,297.6612,299.2601,300.4903,301.9404,304.1037,307.3834,312.0944,318.4524,326.5521,336.341,347.6021,359.9565,370.1584985550994,372.91575793702435,672.0802,83.30190000000005,805.3602,7.781700000000001
204,,,,,,,,,,,,,,,,,,,,,,,,,0.4,353.1546,337.2667,323.4382,312.3099,304.1633,298.9417,296.3328,295.8833,297.1114,299.595,303.0206,307.196,312.0333,317.5164,323.6626,330.4883,337.9831,346.0943,354.7217,363.7213,374.12406071044643,189.180746623679,755.3821,63.07420000000002,722.0582999999999,7.781700000000001
205,,,,,,,,,,,,,,,,,,,,,,,,,0.5,363.2085,352.6872,342.9229,334.2188,326.7968,320.7817,316.1915,312.9314,310.7884,309.426,308.3806,307.0644,304.7836,300.7806,294.3075,284.7289,271.6412,254.9841,235.1131,212.8048,275.6257036920104,273.6440638326314,818.4563,180.5349,658.9840999999999,7.781700000000001
206,,,,,,,,,,,,,,,,,,,,,,,,,0.6,284.3473,292.4613,299.4501,304.9532,308.7966,310.9826,311.6477,311.0064,309.298,306.75,303.5639,299.9199,295.9927,291.966,288.0367,284.4009,281.2257,278.612,276.5638,274.9751,172.51318680259257,375.8584671042521,998.9912,157.27999999999986,478.4491999999999,7.781700000000001
207,,,,,,,,,,,,,,,,,,,,,,,,,0.7,195.0255,216.5286,236.1388,253.1976,267.3261,278.4321,286.6756,292.4112,296.1256,298.3844,299.7945,300.9799,302.5637,305.1452,309.2644,315.3504,323.6613,334.2265,346.8121,360.9243,373.89241351597576,374.6457312266264,1156.2712,106.4068000000002,321.16920000000005,7.781700000000001
208,,,,,,,,,,,,,,,,,,,,,,,,,0.8,355.4934,338.2978,323.3237,311.2643,302.4252,296.7462,293.8881,293.356,294.6215,297.2193,300.8038,305.1642,310.2087,315.9287,322.3557,329.5219,337.4284,346.0261,355.2086,364.8155,373.7405060140048,213.28809502936426,1262.678,59.273299999999836,214.76239999999984,7.781700000000001
209,,,,,,,,,,,,,,,,,,,,,,,,,0.9,362.6644,351.9789,342.046,333.1725,325.589,319.4344,314.7462,311.4535,309.3728,308.2044,307.5305,306.82,305.4461,302.725,297.9813,290.6381,280.3217,266.9594,250.8427,232.6315,272.9085490328691,271.2407439064888,1321.9513,155.4891,155.4891,7.781700000000001
210,,,,,,,,,,,,,,,,,,,,,,,,,0.0,273.0,273.0,273.0,273.0,273.0,273.0,273.0,273.0,273.0,273.0,273.0,273.0,273.0,273.0,273.0,273.0,273.0,273.0,273.0,273.0,372.2401273266258,371.71317212526077,0.0,369.4014,1478.9794,7.3596
211,,,,,,,,,,,,,,,,,,,,,,,,,0.1,355.3279,339.1892,324.493,311.7235,301.1416,292.792,286.5493,282.1875,279.4556,278.1449,278.1376,279.4326,282.1448,286.4805,292.6885,300.9929,311.5182,324.2197,338.8378,354.8908,370.57081596270194,296.70367690346535,369.4014,171.73399999999998,1109.578,7.3596
212,,,,,,,,,,,,,,,,,,,,,,,,,0.2,359.0194,347.7612,337.0748,327.2112,318.3829,310.7563,304.4463,299.5132,295.9602,293.7307,292.7059,292.7031,293.4792,294.7422,296.1743,297.4668,298.3639,298.7054,298.457,297.7189,170.36853719593563,374.6729692428754,541.1354,133.57860000000005,937.8439999999999,7.3596
213,,,,,,,,,,,,,,,,,,,,,,,,,0.3,195.4429,219.1414,240.2939,258.0944,272.1783,282.6124,289.8137,294.4284,297.2075,298.9052,300.214,301.7356,303.9766,307.3533,312.1924,318.7198,327.0371,337.0934,348.6673,361.3691,373.4366152256826,372.1922553154153,674.714,86.5904999999999,804.2653999999999,7.3596
214,,,,,,,,,,,,,,,,,,,,,,,,,0.4,355.6519,339.0294,324.5515,312.8865,304.3286,298.8196,296.0348,295.5008,296.7135,299.2282,302.7115,306.954,311.8537,317.3826,323.5482,330.3594,337.8013,345.8205,354.3207,363.1662,371.48056402704856,197.92760292574022,761.3045,60.51570000000004,717.6749,7.3596
215,,,,,,,,,,,,,,,,,,,,,,,,,0.5,361.0748,351.0322,341.6895,333.3335,326.1802,320.3596,315.9036,312.7375,310.6716,309.3954,308.4727,307.3449,305.3492,301.7606,295.8619,287.043,274.9141,259.4124,240.8707,220.022,273.0688811513209,271.3004757969627,821.8202,169.42769999999996,657.1591999999999,7.3596
216,,,,,,,,,,,,,,,,,,,,,,,,,0.6,282.1183,290.5543,297.8545,303.6549,307.7803,310.2336,311.1538,310.7584,309.2887,306.9716,304.0027,300.5497,296.7667,292.8106,288.8473,285.0439,281.5463,278.4493,275.7702,273.4373,175.29514176302703,372.3051446836884,991.2479,154.30510000000015,487.7315,7.3596
217,,,,,,,,,,,,,,,,,,,,,,,,,0.7,197.1886,218.1118,237.2141,253.8597,267.6802,278.581,286.709,292.3983,296.1107,298.3852,299.8027,300.9635,302.4697,304.9034,308.7916,314.5562,322.4539,332.5202,344.5346,358.0227,375.2449186294589,370.13061839569804,1145.553,107.24109999999996,333.42639999999983,7.3596
218,,,,,,,,,,,,,,,,,,,,,,,,,0.8,356.6996,339.3575,324.2366,312.0308,303.0468,297.2249,294.2262,293.5536,294.675,297.1189,300.5313,304.6918,309.4983,314.9327,321.0187,327.7834,335.2274,343.3053,351.9194,360.9227,374.974787305992,211.46286149207614,1252.7941,64.79559999999992,226.18529999999987,7.3596
219,,,,,,,,,,,,,,,,,,,,,,,,,0.9,363.771,352.9564,342.8912,333.8806,326.1539,319.8486,315.0006,311.538,309.2767,307.9171,307.0431,306.1269,304.547,301.6268,296.6989,289.1943,278.7458,265.2833,249.0966,230.8394,270.4813718421199,275.26761454139637,1317.5897,161.38969999999995,161.38969999999995,7.3596
220,,,,,,,,,,,,,,,,,,,,,,,,,0.0,273.0,273.0,273.0,273.0,273.0,273.0,273.0,273.0,273.0,273.0,273.0,273.0,273.0,273.0,273.0,273.0,273.0,273.0,273.0,273.0,373.9866407625743,372.9574416491231,0.0,368.6409,1489.6650999999997,8.666800000000023
221,,,,,,,,,,,,,,,,,,,,,,,,,0.1,356.7768,340.354,325.3991,312.4048,301.6365,293.1396,286.7863,282.3463,279.5639,278.226,278.2119,279.519,282.2629,286.652,292.9374,301.3461,312.0039,324.8654,339.6677,355.923,374.81552081102467,300.6670129772253,368.6409,169.15960000000007,1121.0241999999998,8.666800000000023
222,,,,,,,,,,,,,,,,,,,,,,,,,0.2,362.6293,350.7611,339.5111,329.1471,319.8919,311.9158,305.3327,300.1985,296.511,294.2088,293.17,293.2119,294.0943,295.53,297.207,298.8212,300.1181,300.9338,301.2237,301.0713,175.1977616081593,371.368774641357,537.8005,126.53819999999996,951.8645999999999,8.666800000000023
223,,,,,,,,,,,,,,,,,,,,,,,,,0.3,199.7108,222.8635,243.5003,260.8273,274.4893,284.559,291.4556,295.824,298.4096,299.957,301.1442,302.5535,304.6673,307.8744,312.4737,318.6658,326.5349,336.025,346.9242,358.868,373.26287922765374,371.5945924318213,664.3387,78.77109999999993,825.3263999999999,8.666800000000023
224,,,,,,,,,,,,,,,,,,,,,,,,,0.4,355.8875,339.6427,325.484,314.0609,305.6593,300.222,297.4327,296.8312,297.9278,300.2916,303.6008,307.6558,312.3627,317.7004,323.6831,330.3256,337.6175,345.5078,353.8993,362.6522,373.954978431467,184.64467331684298,743.1098,65.6056000000001,746.5553,8.666800000000023
225,,,,,,,,,,,,,,,,,,,,,,,,,0.5,363.3137,353.0455,343.4952,334.9535,327.6359,321.6668,317.0684,313.7521,311.5112,310.0132,308.7953,307.2666,304.7264,300.4078,293.5528,283.5176,269.8938,252.623,232.07,209.0289,275.90436490630077,272.81947282423704,808.7154,186.8904,680.9496999999999,8.666800000000023
226,,,,,,,,,,,,,,,,,,,,,,,,,0.6,284.6884,292.8603,299.8975,305.4347,309.2933,311.4712,312.1012,311.3952,309.5916,306.9192,303.5835,299.7716,295.6679,291.4684,287.3833,283.6214,280.3596,277.7035,275.655,274.0993,170.86412017414773,370.10799360022673,995.6058,161.59269999999992,494.0592999999999,8.666800000000023
227,,,,,,,,,,,,,,,,,,,,,,,,,0.7,193.7212,215.5505,235.4522,252.7549,267.0723,278.3089,286.6252,292.3788,296.0596,298.2352,299.5121,300.5102,301.8452,304.1057,307.8201,313.4074,321.1196,330.9883,342.7913,356.0559,370.67948534560975,370.703730845075,1157.1985,113.56950000000006,332.46659999999997,8.666800000000023
228,,,,,,,,,,,,,,,,,,,,,,,,,0.8,352.7604,336.0239,321.4691,309.7737,301.2326,295.7791,293.0718,292.6163,293.8872,296.4236,299.8849,304.0667,308.884,314.3362,320.4634,327.3066,334.8754,343.1277,351.9621,361.221,370.7143638443578,216.43409972661104,1270.768,62.994899999999916,218.8970999999999,8.666800000000023
229,,,,,,,,,,,,,,,,,,,,,,,,,0.9,359.9292,349.5259,339.8575,331.2231,323.8467,317.8625,313.3052,310.1049,308.0825,306.9478,306.2977,305.6214,304.3174,301.7305,297.2144,290.2171,280.3813,267.6373,252.2632,234.8893,271.1184507267792,272.2828308843738,1333.7629,155.9022,155.9022,8.666800000000023
230,,,,,,,,,,,,,,,,,,,,,,,,,0.0,273.0,273.0,273.0,273.0,273.0,273.0,273.0,273.0,273.0,273.0,273.0,273.0,273.0,273.0,273.0,273.0,273.0,273.0,273.0,273.0,373.7179414650574,371.6233897259021,0.0,369.1889,1496.5787,8.845799999999997
231,,,,,,,,,,,,,,,,,,,,,,,,,0.1,356.5538,340.1747,325.2595,312.2996,301.5595,293.0843,286.7464,282.3153,279.535,278.1917,278.1629,279.4435,282.1456,286.473,292.673,300.9686,311.4837,324.1734,338.778,354.8163,372.86194983065656,301.5735084910522,369.1889,170.3754,1127.3898,8.845799999999997
232,,,,,,,,,,,,,,,,,,,,,,,,,0.2,360.9933,349.4283,338.455,328.3317,319.2762,311.4576,304.9919,299.9398,296.3053,294.0345,293.0135,293.068,293.9666,295.4313,297.1588,298.8528,300.2638,301.2292,301.7016,301.7567,174.06252108205553,370.7551219423536,539.5643,127.22469999999998,957.0144,8.845799999999997
233,,,,,,,,,,,,,,,,,,,,,,,,,0.3,198.6608,221.8999,242.6251,260.0423,273.7952,283.955,290.9386,295.3888,298.0492,299.6627,300.9058,302.3593,304.5036,307.7252,312.3201,318.4866,326.3071,335.7258,346.5332,358.3698,374.8485698389228,370.6818409009916,666.789,81.3442,829.7897,8.845799999999997
234,,,,,,,,,,,,,,,,,,,,,,,,,0.4,357.0947,340.492,326.0135,314.3213,305.7072,300.1138,297.2193,296.5544,297.6184,299.9693,303.2755,307.3285,312.0274,317.346,323.2947,329.8863,337.11,344.9158,353.2089,361.8533,375.02682283709436,186.83855046431168,748.1332,66.6721,748.4455,8.845799999999997
235,,,,,,,,,,,,,,,,,,,,,,,,,0.5,364.221,353.791,344.0843,335.3942,327.9391,321.8458,317.1389,313.7318,311.4199,309.8733,308.6327,307.1121,304.6172,300.3889,293.6775,283.8461,270.4902,253.5504,233.3843,210.7717,272.1621144766798,270.1888664663053,814.8053,186.65120000000002,681.7734,8.845799999999997
236,,,,,,,,,,,,,,,,,,,,,,,,,0.6,281.6309,290.4527,298.0752,304.1125,308.376,310.8645,311.7198,311.1678,309.4622,306.8453,303.5312,299.7097,295.5617,291.2747,287.047,283.0754,279.5283,276.5094,274.0277,271.9849,171.72424816088022,374.26000395106627,1001.4565,163.90550000000007,495.1222,8.845799999999997
237,,,,,,,,,,,,,,,,,,,,,,,,,0.7,194.2655,215.8029,235.4561,252.5666,266.7519,277.9133,286.2019,291.9638,295.6784,297.9067,299.2543,300.348,301.8165,304.2675,308.2503,314.2038,322.3934,332.8537,345.3519,359.3908,374.53074720586375,374.53552005726044,1165.362,112.21219999999994,331.21669999999995,8.845799999999997
238,,,,,,,,,,,,,,,,,,,,,,,,,0.8,355.9234,338.5292,323.3745,311.1577,302.1867,296.3999,293.4548,292.8514,294.0568,296.6022,300.1403,304.4616,309.4773,315.1838,321.6187,328.8196,336.7913,345.4857,354.7932,364.5469,372.6312705067497,212.66024473695245,1277.5742,61.38069999999993,219.0045,8.845799999999997
239,,,,,,,,,,,,,,,,,,,,,,,,,0.9,361.7018,351.1525,341.3363,332.554,325.0339,318.9161,314.2415,310.9447,308.8484,307.6583,306.9616,306.2304,304.84,302.1075,297.3569,290.0105,279.6933,266.3313,250.2149,232.0039,273.31681956105285,272.93098971673254,1338.9549,157.62380000000007,157.62380000000007,8.845799999999997
240,240,240.0,240.0,240.0,240.0,240.0,240.0,240.0,240.0,240.0,240.0,240.0,240.0,240.0,240.0,240.0,240.0,240.0,240.0,240.0,240.0,240.0,240.0,0.0,0.0,273.0,273.0,273.0,273.0,273.0,273.0,273.0,273.0,273.0,273.0,273.0,273.0,273.0,273.0,273.0,273.0,273.0,273.0,273.0,273.0,298.4513057599198,349.32640959749665,0.0,399.24199,4874.10433,-40.0
241,241,241.0,241.0,241.0,241.0,241.0,241.0,241.0,241.0,241.0,241.0,241.0,241.0,241.0,241.0,241.0,241.0,241.0,241.0,241.0,241.0,241.0,241.0,1.0,0.1,294.11523,289.97847,286.21403,282.94887,280.25507,278.15366,276.62926,275.65203,275.20237,275.29413,275.99262,277.42409,279.77352,283.26813,288.14522,294.60647,302.76495,312.59571,323.90326,336.31784,243.0876339872892,208.5293211843193,399.24199,317.8899,4474.862340000001,-34.84634
242,242,242.0,242.0,242.0,242.0,242.0,242.0,242.0,242.0,242.0,242.0,242.0,242.0,242.0,242.0,242.0,242.0,242.0,242.0,242.0,242.0,242.0,242.0,2.0,0.2,249.5689,255.71263,261.2365,265.95508,269.79871,272.80623,275.09535,276.8182,278.11127,279.04799,279.60094,279.61938,278.82772,276.84976,273.26128,267.66821,259.79977,249.59764,237.27748,223.34128,294.63566862096854,310.35274253199657,717.13189,437.16673,4156.9724400000005,-40.19376999999997
243,243,243.0,243.0,243.0,243.0,243.0,243.0,243.0,243.0,243.0,243.0,243.0,243.0,243.0,243.0,243.0,243.0,243.0,243.0,243.0,243.0,243.0,243.0,3.0,0.3,290.32106,286.29329,282.79021,279.96365,277.86222,276.43663,275.56389,275.08359,274.83841,274.71205,274.65959,274.72663,275.05378,275.86342,277.42688,280.01337,283.82755,288.94811,295.28367,302.56083,275.84192655128766,296.38333039742986,1154.29862,355.83319000000006,3719.805710000001,-36.56337000000002
244,244,244.0,244.0,244.0,244.0,244.0,244.0,244.0,244.0,244.0,244.0,244.0,244.0,244.0,244.0,244.0,244.0,244.0,244.0,244.0,244.0,244.0,244.0,4.0,0.4,276.34728,276.78862,277.1165,277.30694,277.36639,277.33019,277.25597,277.21432,277.27906,277.519,277.99159,278.73856,279.78336,281.13002,282.76387,284.6542,286.75885,289.02996,291.41959,293.8837,192.4298342743427,278.42619556750003,1510.13181,373.02523,3363.9725200000003,-35.669809999999984
245,245,245.0,245.0,245.0,245.0,245.0,245.0,245.0,245.0,245.0,245.0,245.0,245.0,245.0,245.0,245.0,245.0,245.0,245.0,245.0,245.0,245.0,245.0,5.0,0.5,206.9085,220.73721,233.35664,244.36799,253.56808,260.94593,266.64741,270.92085,274.05852,276.34579,278.02501,279.2761,280.21219,280.88702,281.31039,281.46799,281.34249,280.93216,280.26399,279.39865,287.0133893066041,175.8690837193781,1883.15704,525.8642300000001,2990.94729,-52.05407000000002
246,246,246.0,246.0,246.0,246.0,246.0,246.0,246.0,246.0,246.0,246.0,246.0,246.0,246.0,246.0,246.0,246.0,246.0,246.0,246.0,246.0,246.0,246.0,6.0,0.6,281.26533,276.02291,271.70566,268.58153,266.73579,266.07653,266.36849,267.28025,268.42932,269.41431,269.83077,269.27503,267.34535,263.65143,257.84069,249.64363,238.93212,225.77677,210.48488,193.60215,355.2862209714691,246.335749998815,2409.02127,656.3107999999997,2465.08306,-46.92347000000001
247,247,247.0,247.0,247.0,247.0,247.0,247.0,247.0,247.0,247.0,247.0,247.0,247.0,247.0,247.0,247.0,247.0,247.0,247.0,247.0,247.0,247.0,247.0,7.0,0.7,340.59989,326.54807,313.67704,302.37583,292.83831,285.0617,278.87657,273.99822,270.0869,266.80604,263.87086,261.08247,258.34515,255.66516,253.13124,250.87891,249.04416,247.71605,246.89967,246.50045,230.55097228645624,237.5765685968276,3065.33207,628.7384900000002,1808.77226,-27.938300000000027
248,248,248.0,248.0,248.0,248.0,248.0,248.0,248.0,248.0,248.0,248.0,248.0,248.0,248.0,248.0,248.0,248.0,248.0,248.0,248.0,248.0,248.0,248.0,8.0,0.8,241.06241,250.81452,259.16491,265.67677,270.16022,272.66213,273.41454,272.76092,271.08074,268.72854,265.99518,263.09184,260.15182,257.24352,254.38814,251.57795,248.79205,246.00862,243.21284,240.40034,283.41667432187825,289.7953575559295,3694.07056,652.6720999999998,1180.03377,-40.33787000000001
249,249,249.0,249.0,249.0,249.0,249.0,249.0,249.0,249.0,249.0,249.0,249.0,249.0,249.0,249.0,249.0,249.0,249.0,249.0,249.0,249.0,249.0,249.0,9.0,0.9,280.3738,277.50664,274.95351,272.78876,271.01407,269.56878,268.35505,267.27028,266.23868,265.23584,264.30279,263.5483,263.13961,263.28228,264.19028,266.04903,268.97581,272.9849,277.9658,283.68226,257.85982062773786,336.864715430485,4346.74266,527.3616700000002,527.3616700000002,-43.43122
250,250,250.0,250.0,250.0,250.0,250.0,250.0,250.0,250.0,250.0,250.0,250.0,250.0,250.0,250.0,250.0,250.0,250.0,250.0,250.0,250.0,250.0,250.0,0.0,0.0,273.0,273.0,273.0,273.0,273.0,273.0,273.0,273.0,273.0,273.0,273.0,273.0,273.0,273.0,273.0,273.0,273.0,273.0,273.0,273.0,346.6388565463233,188.34151219018665,0.0,474.65666,4876.03312,-40.0
251,251,251.0,251.0,251.0,251.0,251.0,251.0,251.0,251.0,251.0,251.0,251.0,251.0,251.0,251.0,251.0,251.0,251.0,251.0,251.0,251.0,251.0,251.0,1.0,0.1,334.08557,322.10344,311.1843,301.67892,293.76471,287.44539,282.57599,278.9017,276.09769,273.80047,271.62712,269.18485,266.07779,261.91933,256.35683,249.1104,240.02119,229.09789,216.54691,202.77274,229.80986600106425,234.5327926784781,474.65666,600.1749599999999,4401.37646,-25.554610000000025
252,252,252.0,252.0,252.0,252.0,252.0,252.0,252.0,252.0,252.0,252.0,252.0,252.0,252.0,252.0,252.0,252.0,252.0,252.0,252.0,252.0,252.0,252.0,2.0,0.2,240.68394,250.82698,259.61576,266.6162,271.62062,274.63728,275.84254,275.51405,273.96507,271.49502,268.36304,264.78304,260.93298,256.96836,253.03127,249.24949,245.72548,242.51953,239.63461,237.01056,215.77601050753844,308.598369901605,1074.83162,674.3667700000001,3801.2015,-38.36272000000002
253,253,253.0,253.0,253.0,253.0,253.0,253.0,253.0,253.0,253.0,253.0,253.0,253.0,253.0,253.0,253.0,253.0,253.0,253.0,253.0,253.0,253.0,253.0,3.0,0.3,224.5138,232.89628,240.60159,247.36961,253.02138,257.46846,260.71327,262.84332,264.02267,264.48318,264.51608,264.46251,264.69953,265.61768,267.58722,270.9137,275.78796,282.2408,290.11497,299.06615,343.70470520163366,337.97930074878764,1749.19839,548.9113899999998,3126.83473,-55.53154000000001
254,254,254.0,254.0,254.0,254.0,254.0,254.0,254.0,254.0,254.0,254.0,254.0,254.0,254.0,254.0,254.0,254.0,254.0,254.0,254.0,254.0,254.0,254.0,4.0,0.4,328.12063,313.38651,300.2282,289.1536,280.40958,273.99435,269.71504,267.2699,266.33286,266.62242,267.94482,270.20938,273.41947,277.64535,282.98587,289.52575,297.29497,306.23657,316.18886,326.88618,293.5858497379997,320.9081730173825,2298.10978,308.3790000000004,2577.9233400000003,-39.00565
255,255,255.0,255.0,255.0,255.0,255.0,255.0,255.0,255.0,255.0,255.0,255.0,255.0,255.0,255.0,255.0,255.0,255.0,255.0,255.0,255.0,255.0,255.0,5.0,0.5,291.88774,290.1045,288.18575,286.14072,284.04679,282.04071,280.2966,278.99767,278.30923,278.35808,279.22061,280.91952,283.42717,286.67382,290.55881,294.96359,299.76516,304.84838,310.11504,315.48783,361.1949955072826,188.7432376802836,2606.48878,273.8460299999997,2269.54434,-30.95929000000001
256,256,256.0,256.0,256.0,256.0,256.0,256.0,256.0,256.0,256.0,256.0,256.0,256.0,256.0,256.0,256.0,256.0,256.0,256.0,256.0,256.0,256.0,256.0,6.0,0.6,348.01268,335.39614,323.84022,313.71325,305.22661,298.43161,293.23732,289.43868,286.74342,284.79047,283.15817,281.36733,278.88848,275.16398,269.65268,261.8981,251.61111,238.74925,223.56914,206.63084,316.9466417994953,176.0307170703099,2880.33481,445.1826800000004,1995.69831,-14.568390000000022
257,257,257.0,257.0,257.0,257.0,257.0,257.0,257.0,257.0,257.0,257.0,257.0,257.0,257.0,257.0,257.0,257.0,257.0,257.0,257.0,257.0,257.0,257.0,7.0,0.7,314.96173,312.82531,310.4149,307.65686,304.53086,301.05841,297.27945,293.22423,288.88841,284.21699,279.10044,273.38296,266.88106,259.40928,250.80932,240.97899,229.89671,217.6381,204.38105,190.39733,230.3093332925548,225.4631892828401,3325.51749,600.4290499999997,1550.51563,-11.94159000000002
258,258,258.0,258.0,258.0,258.0,258.0,258.0,258.0,258.0,258.0,258.0,258.0,258.0,258.0,258.0,258.0,258.0,258.0,258.0,258.0,258.0,258.0,258.0,8.0,0.8,242.17497,253.30672,263.06431,270.97355,276.76334,280.36375,281.87271,281.50525,279.54117,276.2829,272.02953,267.06605,261.66235,256.0741,250.53891,245.26387,240.40547,236.04714,232.18265,228.71322,294.83800472915374,335.2695135143532,3925.94654,594.2042099999999,950.08658,-32.63625000000002
259,259,259.0,259.0,259.0,259.0,259.0,259.0,259.0,259.0,259.0,259.0,259.0,259.0,259.0,259.0,259.0,259.0,259.0,259.0,259.0,259.0,259.0,259.0,9.0,0.9,290.85415,287.09217,283.72506,280.84209,278.43787,276.42722,274.68106,273.07365,271.53057,270.06846,268.82037,268.04253,268.1003,269.43149,272.48765,277.65772,285.18416,295.08778,307.12026,320.7615,314.8928877981243,361.46976838864725,4520.15075,355.88237000000026,355.88237000000026,-36.57278000000002
260,260,260.0,260.0,260.0,260.0,260.0,260.0,260.0,260.0,260.0,260.0,260.0,260.0,260.0,260.0,260.0,260.0,260.0,260.0,260.0,260.0,260.0,260.0,0.0,0.0,273.0,273.0,273.0,273.0,273.0,273.0,273.0,273.0,273.0,273.0,273.0,273.0,273.0,273.0,273.0,273.0,273.0,273.0,273.0,273.0,227.170690281136,185.1753644548955,0.0,528.98336,5656.26247,-40.0
261,261,261.0,261.0,261.0,261.0,261.0,261.0,261.0,261.0,261.0,261.0,261.0,261.0,261.0,261.0,261.0,261.0,261.0,261.0,261.0,261.0,261.0,261.0,1.0,0.1,234.97974,242.43081,249.21376,255.1027,259.97284,263.79562,266.61507,268.51227,269.56606,269.81702,269.24044,267.73212,265.11015,261.13495,255.548,248.12634,238.74533,227.43676,214.42727,200.14321,321.5748401238827,249.20461726225352,528.98336,722.2728,5127.27911,-49.204380000000015
262,262,262.0,262.0,262.0,262.0,262.0,262.0,262.0,262.0,262.0,262.0,262.0,262.0,262.0,262.0,262.0,262.0,262.0,262.0,262.0,262.0,262.0,262.0,2.0,0.2,310.88181,300.76829,291.71968,284.05537,277.89442,273.16254,269.63355,266.99109,264.89505,263.04007,261.19836,259.24399,257.15845,255.01898,252.97142,251.19105,249.83663,249.00631,248.70529,248.83442,237.0368736368345,365.47498186003656,1251.25616,618.6986100000001,4405.00631,-39.83746000000002
263,263,263.0,263.0,263.0,263.0,263.0,263.0,263.0,263.0,263.0,263.0,263.0,263.0,263.0,263.0,263.0,263.0,263.0,263.0,263.0,263.0,263.0,263.0,3.0,0.3,244.06965,250.60863,256.2375,260.67681,263.81336,265.69771,266.51728,266.55834,266.17038,265.74176,265.68897,266.45415,268.50136,272.30039,278.29015,286.82043,298.07988,312.02668,328.34316,346.43358,246.9268987419249,175.4980702452786,1869.95477,523.7824399999997,3786.3077,-47.30229000000003
264,264,264.0,264.0,264.0,264.0,264.0,264.0,264.0,264.0,264.0,264.0,264.0,264.0,264.0,264.0,264.0,264.0,264.0,264.0,264.0,264.0,264.0,264.0,4.0,0.4,249.48533,252.00096,254.43471,256.75503,258.94097,260.98301,262.87897,264.62273,266.18402,267.48046,268.34618,268.50538,267.56224,265.01909,260.33121,252.99796,242.67786,229.30256,213.15762,194.90021,356.1177995664358,350.05575983288253,2393.73721,617.6827400000002,3262.52526,-52.01699000000002
265,265,265.0,265.0,265.0,265.0,265.0,265.0,265.0,265.0,265.0,265.0,265.0,265.0,265.0,265.0,265.0,265.0,265.0,265.0,265.0,265.0,265.0,265.0,5.0,0.5,339.68522,324.06269,309.94296,297.81117,287.90042,280.19879,274.50057,270.48585,267.81017,266.18829,265.46048,265.63362,266.89127,269.56864,274.09058,280.87699,290.22882,302.21756,316.60689,332.83282,274.6555734320674,341.0314888916428,3011.41995,339.89473,2644.84252,-32.801210000000026
266,266,266.0,266.0,266.0,266.0,266.0,266.0,266.0,266.0,266.0,266.0,266.0,266.0,266.0,266.0,266.0,266.0,266.0,266.0,266.0,266.0,266.0,266.0,6.0,0.6,277.17705,279.35465,280.91476,281.70696,281.72793,281.11421,280.10999,279.02197,278.17352,277.86721,278.35985,279.84937,282.47035,286.29444,291.33266,297.53855,304.81192,313.00397,321.92412,331.34878,211.196807283696,201.8510764700137,3351.31468,312.01169000000027,2304.94779,-31.885789999999982
267,267,267.0,267.0,267.0,267.0,267.0,267.0,267.0,267.0,267.0,267.0,267.0,267.0,267.0,267.0,267.0,267.0,267.0,267.0,267.0,267.0,267.0,267.0,7.0,0.7,222.98819,234.24723,244.51776,253.47854,260.97227,267.00075,271.68998,275.23511,277.83682,279.64049,280.68709,280.88328,279.99653,277.68007,273.5292,267.16483,258.33236,246.9955,233.40065,218.08982,271.89442412284683,177.71963084813376,3663.32637,575.3937999999994,1992.9361,-45.99925000000002
268,268,268.0,268.0,268.0,268.0,268.0,268.0,268.0,268.0,268.0,268.0,268.0,268.0,268.0,268.0,268.0,268.0,268.0,268.0,268.0,268.0,268.0,268.0,8.0,0.8,269.95689,268.2899,267.10863,266.53061,266.55528,267.06704,267.85686,268.65372,269.15671,269.06118,268.07667,265.93807,262.41376,257.31505,250.50964,241.93937,231.63955,219.75494,206.5464,192.38328,202.8198707481048,312.12726970890253,4238.72017,766.6614100000006,1417.5423,-45.93295999999998
269,269,269.0,269.0,269.0,269.0,269.0,269.0,269.0,269.0,269.0,269.0,269.0,269.0,269.0,269.0,269.0,269.0,269.0,269.0,269.0,269.0,269.0,269.0,9.0,0.9,213.8055,224.27042,233.75926,241.93241,248.59168,253.6797,257.25973,259.48705,260.58384,260.82495,260.53599,260.09843,259.95142,260.57883,262.47284,266.07207,271.6825,279.39867,289.0486,300.184,316.17790647779964,342.5273301523507,5005.38158,650.8808899999995,650.8808899999995,-59.3203
270,270,270.0,270.0,270.0,270.0,270.0,270.0,270.0,270.0,270.0,270.0,270.0,270.0,270.0,270.0,270.0,270.0,270.0,270.0,270.0,270.0,270.0,270.0,0.0,0.0,273.0,273.0,273.0,273.0,273.0,273.0,273.0,273.0,273.0,273.0,273.0,273.0,273.0,273.0,273.0,273.0,273.0,273.0,273.0,273.0,334.1959574691474,364.9048883745171,0.0,380.69248,1843.58873,1.5013000000000147
271,271,271.0,271.0,271.0,271.0,271.0,271.0,271.0,271.0,271.0,271.0,271.0,271.0,271.0,271.0,271.0,271.0,271.0,271.0,271.0,271.0,271.0,271.0,1.0,0.1,323.76795,313.81743,304.75782,296.88946,290.37636,285.25191,281.44901,278.84536,277.31346,276.76557,277.18719,278.65452,281.33315,285.45632,291.28295,299.03905,308.85072,320.68219,334.29494,349.24207,317.7203413060247,247.80765233378912,380.69248,216.07355,1462.89625,1.5013000000000147
272,272,272.0,272.0,272.0,272.0,272.0,272.0,272.0,272.0,272.0,272.0,272.0,272.0,272.0,272.0,272.0,272.0,272.0,272.0,272.0,272.0,272.0,272.0,2.0,0.2,313.27897,308.9071,304.68205,300.69358,297.04298,293.8358,291.16903,289.11391,287.69651,286.87818,286.53848,286.4647,286.35302,285.82694,284.47679,281.91961,277.87185,272.21998,265.06979,256.7567,369.2538942186817,353.7930738120191,596.76603,221.18172000000004,1246.8227,1.5013000000000147
273,273,273.0,273.0,273.0,273.0,273.0,273.0,273.0,273.0,273.0,273.0,273.0,273.0,273.0,273.0,273.0,273.0,273.0,273.0,273.0,273.0,273.0,273.0,3.0,0.3,356.85528,344.92243,333.86327,323.98301,315.46099,308.35231,302.61099,298.12751,294.7723,292.43779,291.07297,290.70613,291.45152,293.4966,297.06779,302.37674,309.55439,318.58668,329.26908,341.19593,273.6957912778794,359.6651586994785,817.94775,107.54798999999991,1025.64098,1.5013000000000147
274,274,274.0,274.0,274.0,274.0,274.0,274.0,274.0,274.0,274.0,274.0,274.0,274.0,274.0,274.0,274.0,274.0,274.0,274.0,274.0,274.0,274.0,274.0,4.0,0.4,280.76623,287.2953,292.83452,297.09926,300.00298,301.6512,302.30302,302.31449,302.07974,301.9818,302.35906,303.48734,305.57364,308.75624,313.10668,318.63112,325.27072,332.90256,341.343,350.35574,345.121031669181,358.08145079032766,925.49574,44.36323000000005,918.09299,1.5013000000000147
275,275,275.0,275.0,275.0,275.0,275.0,275.0,275.0,275.0,275.0,275.0,275.0,275.0,275.0,275.0,275.0,275.0,275.0,275.0,275.0,275.0,275.0,275.0,5.0,0.5,337.11813,329.55269,322.80125,317.13387,312.6942,309.50704,307.50719,306.57881,306.59361,307.43926,309.03409,311.32861,314.29738,317.92599,322.1975,327.08122,332.52553,338.45507,344.77152,351.35737,283.19126975592275,235.1137676935224,969.85897,37.80310999999995,873.7297599999999,1.5013000000000147
276,276,276.0,276.0,276.0,276.0,276.0,276.0,276.0,276.0,276.0,276.0,276.0,276.0,276.0,276.0,276.0,276.0,276.0,276.0,276.0,276.0,276.0,276.0,6.0,0.6,288.59937,293.69509,298.22127,302.01681,305.03313,307.32356,309.01014,310.23653,311.11746,311.69368,311.89911,311.54533,310.32709,307.85222,303.69664,297.48084,288.95752,278.09286,265.12049,250.549,333.0692398073398,217.7750567697705,1007.66208,123.73420999999996,835.92665,1.5013000000000147
277,277,277.0,277.0,277.0,277.0,277.0,277.0,277.0,277.0,277.0,277.0,277.0,277.0,277.0,277.0,277.0,277.0,277.0,277.0,277.0,277.0,277.0,277.0,7.0,0.7,328.17032,323.55552,319.45947,316.02883,313.30264,311.2125,309.5991,308.23813,306.86772,305.21222,302.99995,299.97605,295.91289,290.62116,283.96352,275.87059,266.35715,255.53457,243.61487,230.90285,338.784131300352,242.44685660302127,1131.39629,236.9603200000001,712.19244,1.5013000000000147
278,278,278.0,278.0,278.0,278.0,278.0,278.0,278.0,278.0,278.0,278.0,278.0,278.0,278.0,278.0,278.0,278.0,278.0,278.0,278.0,278.0,278.0,278.0,8.0,0.8,334.3447,329.99453,325.80754,321.8296,318.07045,314.5013,311.05822,307.65043,304.1722,300.51674,296.59041,292.32529,287.68829,282.68497,277.35684,271.77214,266.01153,260.1519,254.25251,248.34746,279.9935498896778,312.17781476832295,1368.35661,241.73129999999992,475.2321199999999,1.5013000000000147
279,279,279.0,279.0,279.0,279.0,279.0,279.0,279.0,279.0,279.0,279.0,279.0,279.0,279.0,279.0,279.0,279.0,279.0,279.0,279.0,279.0,279.0,279.0,9.0,0.9,285.99737,291.555,296.28061,299.89557,302.25271,303.33624,303.24223,302.14936,300.28965,297.92667,295.34333,292.83704,290.71614,289.29076,288.85254,289.64195,291.80712,295.36384,300.16896,305.9187,208.76746855220168,175.21185621888077,1610.08791,233.50082,233.50082,1.5013000000000147
280,280,280.0,280.0,280.0,280.0,280.0,280.0,280.0,280.0,280.0,280.0,280.0,280.0,280.0,280.0,280.0,280.0,280.0,280.0,280.0,280.0,280.0,280.0,0.0,0.0,273.0,273.0,273.0,273.0,273.0,273.0,273.0,273.0,273.0,273.0,273.0,273.0,273.0,273.0,273.0,273.0,273.0,273.0,273.0,273.0,177.0182327401474,297.1468671087619,0.0,494.74925,5366.45289,-40.0
281,281,281.0,281.0,281.0,281.0,281.0,281.0,281.0,281.0,281.0,281.0,281.0,281.0,281.0,281.0,281.0,281.0,281.0,281.0,281.0,281.0,281.0,281.0,1.0,0.1,193.37813,208.99209,223.21657,235.58963,245.87115,254.04024,260.25759,264.80778,268.0385,270.30964,271.95895,273.28453,274.53965,275.9336,277.63277,279.75832,282.38028,285.51021,289.09686,293.02885,192.05472775099423,318.27270637873744,494.74925,624.6694599999998,4871.70364,-58.95975999999999
282,282,282.0,282.0,282.0,282.0,282.0,282.0,282.0,282.0,282.0,282.0,282.0,282.0,282.0,282.0,282.0,282.0,282.0,282.0,282.0,282.0,282.0,282.0,2.0,0.2,201.13369,210.0716,218.73079,226.982,234.7117,241.83148,248.28763,254.06912,259.21213,263.80007,267.95899,271.84864,275.64993,279.54922,283.72022,288.30471,293.39405,299.01461,305.12048,311.59648,344.26387571308624,355.01195697713274,1119.41871,538.9956100000002,4247.03418,-71.16852
283,283,283.0,283.0,283.0,283.0,283.0,283.0,283.0,283.0,283.0,283.0,283.0,283.0,283.0,283.0,283.0,283.0,283.0,283.0,283.0,283.0,283.0,283.0,3.0,0.3,326.18613,309.21016,294.28108,282.06734,272.90278,266.79683,263.5008,262.60634,263.64922,266.197,269.90807,274.55924,280.04505,286.35563,293.5403,301.66397,310.76337,320.81004,331.68691,343.18352,292.05304819619914,230.3460556737104,1658.41432,304.11632999999983,3708.03857,-46.20317
284,284,284.0,284.0,284.0,284.0,284.0,284.0,284.0,284.0,284.0,284.0,284.0,284.0,284.0,284.0,284.0,284.0,284.0,284.0,284.0,284.0,284.0,284.0,4.0,0.4,289.81448,287.55795,285.2944,283.08255,281.03105,279.28281,277.98524,277.25331,277.13304,277.57133,278.39677,279.31476,279.92035,279.73182,278.24664,275.01689,269.73471,262.31123,252.92832,242.04455,214.69090712368603,313.8540733538996,1962.53065,386.08341,3403.92224,-33.717190000000016
285,285,285.0,285.0,285.0,285.0,285.0,285.0,285.0,285.0,285.0,285.0,285.0,285.0,285.0,285.0,285.0,285.0,285.0,285.0,285.0,285.0,285.0,285.0,5.0,0.5,226.04115,236.83264,246.58649,254.9647,261.79981,267.0905,270.97012,273.66152,275.43246,276.56267,277.327,277.99284,278.8246,280.0858,282.03054,284.8802,288.7879,293.79949,299.82408,306.62723,282.79793839517345,175.44196787761115,2348.61406,458.3254099999999,3017.83883,-45.90949999999998
286,286,286.0,286.0,286.0,286.0,286.0,286.0,286.0,286.0,286.0,286.0,286.0,286.0,286.0,286.0,286.0,286.0,286.0,286.0,286.0,286.0,286.0,286.0,6.0,0.6,279.07153,275.68875,272.93431,270.98954,269.91153,269.6371,270.00506,270.78552,271.70487,272.45917,272.71486,272.10238,270.21304,266.61088,260.86853,252.62869,241.68307,228.05092,212.03317,194.22027,181.2347503305845,363.991986579941,2806.93947,619.5923000000003,2559.51342,-43.362900000000025
287,287,287.0,287.0,287.0,287.0,287.0,287.0,287.0,287.0,287.0,287.0,287.0,287.0,287.0,287.0,287.0,287.0,287.0,287.0,287.0,287.0,287.0,287.0,7.0,0.7,196.62787,211.29632,224.61323,236.12459,245.58672,252.96376,258.3947,262.14696,264.57428,266.09073,267.16398,268.32084,270.151,273.29267,278.38694,285.9976,296.50657,310.00854,326.23664,344.54897,229.534256092753,237.30736165057183,3426.53177,619.4249300000001,1939.9211199999995,-60.03623999999999
288,288,288.0,288.0,288.0,288.0,288.0,288.0,288.0,288.0,288.0,288.0,288.0,288.0,288.0,288.0,288.0,288.0,288.0,288.0,288.0,288.0,288.0,288.0,8.0,0.8,232.10582,234.80982,237.74783,240.96884,244.46265,248.168,251.99053,255.8217,259.55083,263.06507,266.23729,268.90761,270.86772,271.85922,271.59429,269.80154,266.29068,261.02097,254.15269,246.06188,197.70242471262355,349.6762144406871,4045.9567,713.2216800000001,1320.4961899999994,-64.832
289,289,289.0,289.0,289.0,289.0,289.0,289.0,289.0,289.0,289.0,289.0,289.0,289.0,289.0,289.0,289.0,289.0,289.0,289.0,289.0,289.0,289.0,289.0,9.0,0.9,206.24253,214.54258,222.39255,229.63556,236.17994,241.99963,247.12634,251.63916,255.65711,259.33817,262.88446,266.54964,270.64123,275.50973,281.51844,288.99294,298.15675,309.06726,321.57057,335.29264,325.2553147452113,266.9645643066449,4759.17838,607.2745099999993,607.2745099999993,-71.00037
290,290,290.0,290.0,290.0,290.0,290.0,290.0,290.0,290.0,290.0,290.0,290.0,290.0,290.0,290.0,290.0,290.0,290.0,290.0,290.0,290.0,290.0,290.0,0.0,0.0,273.0,273.0,273.0,273.0,273.0,273.0,273.0,273.0,273.0,273.0,273.0,273.0,273.0,273.0,273.0,273.0,273.0,273.0,273.0,273.0,193.5680152305217,331.76181847638713,0.0,465.57513,4773.65938,-40.0
291,291,291.0,291.0,291.0,291.0,291.0,291.0,291.0,291.0,291.0,291.0,291.0,291.0,291.0,291.0,291.0,291.0,291.0,291.0,291.0,291.0,291.0,291.0,1.0,0.1,207.10799,220.03137,231.80667,242.05368,250.57764,257.36853,262.57208,266.44519,269.30964,271.51448,273.41182,275.34458,277.64056,280.60548,284.50894,289.56083,295.88079,303.46813,312.18245,321.74439,259.98520984030523,321.8022032483849,465.57513,460.75386,4308.08425,-55.63146999999998
292,292,292.0,292.0,292.0,292.0,292.0,292.0,292.0,292.0,292.0,292.0,292.0,292.0,292.0,292.0,292.0,292.0,292.0,292.0,292.0,292.0,292.0,292.0,2.0,0.2,258.3622,257.05432,256.32314,256.33739,257.1573,258.74426,260.98996,263.75442,266.90205,270.32741,273.96696,277.79757,281.82566,286.07192,290.5566,295.28845,300.259,305.44189,310.79573,316.26855,310.2415447472479,356.1139038881313,926.32899,338.78151,3847.33039,-54.25574
293,293,293.0,293.0,293.0,293.0,293.0,293.0,293.0,293.0,293.0,293.0,293.0,293.0,293.0,293.0,293.0,293.0,293.0,293.0,293.0,293.0,293.0,293.0,3.0,0.3,301.88072,294.00681,287.04679,281.32112,277.01959,274.20237,272.82253,272.76191,273.871,276.00495,279.05026,282.93979,287.65563,293.22039,299.6789,307.07258,315.41099,324.64576,334.6533,345.23167,235.8698997669653,175.19175965061206,1265.1105,275.89293999999995,3508.5488800000003,-38.79763000000003
294,294,294.0,294.0,294.0,294.0,294.0,294.0,294.0,294.0,294.0,294.0,294.0,294.0,294.0,294.0,294.0,294.0,294.0,294.0,294.0,294.0,294.0,294.0,4.0,0.4,243.49246,250.73753,257.29444,262.96829,267.69934,271.54931,274.65972,277.19287,279.26754,280.90073,281.96433,282.16377,281.04522,278.03666,272.52515,263.96582,252.00747,236.60974,218.12086,197.28886,179.7854793079122,307.7829318703233,1541.00344,532.6062200000001,3232.65594,-41.45069000000001
295,295,295.0,295.0,295.0,295.0,295.0,295.0,295.0,295.0,295.0,295.0,295.0,295.0,295.0,295.0,295.0,295.0,295.0,295.0,295.0,295.0,295.0,295.0,5.0,0.5,194.75938,209.16727,222.50791,234.39528,244.58538,252.97718,259.59346,264.55195,268.03791,270.28652,271.57767,272.2396,272.65279,273.24313,274.45515,276.70221,280.29901,285.39182,291.90694,299.53798,325.3807066802166,306.1431396784317,2073.60966,546.4815100000001,2700.04972,-60.02282
296,296,296.0,296.0,296.0,296.0,296.0,296.0,296.0,296.0,296.0,296.0,296.0,296.0,296.0,296.0,296.0,296.0,296.0,296.0,296.0,296.0,296.0,296.0,6.0,0.6,311.62599,298.76964,287.57081,278.5442,271.9118,267.6167,265.387,264.82669,265.50822,267.0468,269.14597,271.61347,274.35296,277.34055,280.59493,284.14817,288.02206,292.21219,296.68062,301.3565,205.1993802516827,224.9174454702504,2620.09117,464.0431899999999,2153.56821,-45.38330000000002
297,297,297.0,297.0,297.0,297.0,297.0,297.0,297.0,297.0,297.0,297.0,297.0,297.0,297.0,297.0,297.0,297.0,297.0,297.0,297.0,297.0,297.0,297.0,7.0,0.7,217.31586,228.78089,239.04899,247.75984,254.77281,260.1525,264.11462,266.95023,268.9479,270.32924,271.20677,271.56712,271.27848,270.11977,267.8278,264.15736,258.94592,252.17156,243.99041,234.74209,275.96088677142274,311.98566197892274,3084.13436,605.01251,1689.52502,-52.847500000000025
298,298,298.0,298.0,298.0,298.0,298.0,298.0,298.0,298.0,298.0,298.0,298.0,298.0,298.0,298.0,298.0,298.0,298.0,298.0,298.0,298.0,298.0,298.0,8.0,0.8,272.16532,268.71388,265.88942,263.86776,262.69805,262.31165,262.55457,263.23326,264.16309,265.21051,266.32325,267.54577,269.01837,270.95905,273.62822,277.27876,282.09787,288.15197,295.34836,303.42656,258.7723412391116,227.054170432827,3689.14687,541.9552900000003,1084.51251,-50.688350000000014
299,299,299.0,299.0,299.0,299.0,299.0,299.0,299.0,299.0,299.0,299.0,299.0,299.0,299.0,299.0,299.0,299.0,299.0,299.0,299.0,299.0,299.0,299.0,9.0,0.9,259.80385,260.79429,261.71349,262.54974,263.31168,264.02383,264.71676,265.41335,266.11348,266.77904,267.32135,267.59368,267.39238,266.47016,264.56443,261.43973,256.93925,251.03456,243.85996,235.71866,325.639626353979,359.6947718808396,4231.10216,542.5572199999997,542.5572199999997,-48.976170000000025
300,300,300.0,300.0,300.0,300.0,300.0,300.0,300.0,300.0,300.0,300.0,300.0,300.0,300.0,300.0,300.0,300.0,300.0,300.0,300.0,300.0,300.0,300.0,0.0,0.0,273.0,273.0,273.0,273.0,273.0,273.0,273.0,273.0,273.0,273.0,273.0,273.0,273.0,273.0,273.0,273.0,273.0,273.0,273.0,273.0,251.37942579023908,365.81931349459205,0.0,414.65241,5724.28685,-40.0
301,301,301.0,301.0,301.0,301.0,301.0,301.0,301.0,301.0,301.0,301.0,301.0,301.0,301.0,301.0,301.0,301.0,301.0,301.0,301.0,301.0,301.0,301.0,1.0,0.1,255.06678,258.5877,261.79973,264.6035,266.95384,268.8624,270.39413,271.66132,272.81897,274.06357,275.63477,277.81657,280.93233,285.32782,291.33773,299.23631,309.17836,321.14338,334.89902,349.99846,250.7407446512024,213.09543279257645,414.65241,350.8222,5309.634440000001,-44.13760000000002
302,302,302.0,302.0,302.0,302.0,302.0,302.0,302.0,302.0,302.0,302.0,302.0,302.0,302.0,302.0,302.0,302.0,302.0,302.0,302.0,302.0,302.0,302.0,2.0,0.2,253.61113,256.44409,259.20863,261.88533,264.46871,266.96568,269.38862,271.74256,274.00616,276.10804,277.90231,279.14937,279.51073,278.56665,275.86282,270.98552,263.65503,253.81753,241.70953,227.87111,300.470369375284,225.59828888065232,765.47461,495.9510399999999,4958.812240000001,-46.03431999999998
303,303,303.0,303.0,303.0,303.0,303.0,303.0,303.0,303.0,303.0,303.0,303.0,303.0,303.0,303.0,303.0,303.0,303.0,303.0,303.0,303.0,303.0,303.0,3.0,0.3,294.59196,289.07105,284.20975,280.21135,277.1574,275.00682,273.6141,272.75923,272.18124,271.60925,270.78753,269.49393,267.55227,264.84025,261.29339,256.90557,251.72598,245.85289,239.42484,232.61053,243.3288956500579,315.0744907520553,1261.42565,543.6350600000001,4462.861200000001,-37.99318
304,304,304.0,304.0,304.0,304.0,304.0,304.0,304.0,304.0,304.0,304.0,304.0,304.0,304.0,304.0,304.0,304.0,304.0,304.0,304.0,304.0,304.0,304.0,4.0,0.4,249.21257,254.74163,259.61274,263.61293,266.63838,268.69188,269.86429,270.30923,270.22035,269.81763,269.34386,269.06755,269.28494,270.31258,272.46415,276.0101,281.12536,287.83731,295.98953,305.23616,279.4530033185937,280.7636251190752,1805.06071,471.69638999999984,3919.2261400000007,-44.30811999999997
305,305,305.0,305.0,305.0,305.0,305.0,305.0,305.0,305.0,305.0,305.0,305.0,305.0,305.0,305.0,305.0,305.0,305.0,305.0,305.0,305.0,305.0,305.0,5.0,0.5,277.02313,274.76727,272.83142,271.31332,270.25468,269.64664,269.44489,269.58858,270.0168,270.67826,271.5326,272.5449,273.67695,274.87975,276.09148,277.24279,278.26894,279.12533,279.8011,280.3255,251.04063321293168,224.80299038597883,2276.7571,481.7319700000003,3447.5297500000006,-43.35336000000001
306,306,306.0,306.0,306.0,306.0,306.0,306.0,306.0,306.0,306.0,306.0,306.0,306.0,306.0,306.0,306.0,306.0,306.0,306.0,306.0,306.0,306.0,306.0,6.0,0.6,254.50778,257.81084,260.81136,263.41556,265.58201,267.31688,268.65858,269.65619,270.34618,270.73186,270.7687,270.35786,269.34977,267.55915,264.79171,260.88057,255.7274,249.34019,241.85766,233.55161,209.97173517715527,308.52924540769743,2758.48907,607.2983599999998,2965.7977800000003,-45.68311999999997
307,307,307.0,307.0,307.0,307.0,307.0,307.0,307.0,307.0,307.0,307.0,307.0,307.0,307.0,307.0,307.0,307.0,307.0,307.0,307.0,307.0,307.0,307.0,7.0,0.7,219.40039,228.4451,236.76847,244.11606,250.33608,255.38074,259.29333,262.18805,264.23032,265.62295,266.60008,267.42614,268.39445,269.81827,272.00899,275.2398,279.69922,285.44483,292.371,300.20367,187.7974993834273,314.93955087117166,3365.78743,652.8518800000002,2358.499420000001,-57.61926
308,308,308.0,308.0,308.0,308.0,308.0,308.0,308.0,308.0,308.0,308.0,308.0,308.0,308.0,308.0,308.0,308.0,308.0,308.0,308.0,308.0,308.0,308.0,8.0,0.8,198.45188,208.7906,218.53301,227.46206,235.44208,242.42413,248.44041,253.59084,258.02606,261.92987,265.50307,268.94941,272.46311,276.21724,280.35267,284.96768,290.10933,295.76808,301.87746,308.32,248.17652517512573,180.28829431977644,4018.63931,744.0494299999996,1705.6475400000004,-70.57587000000001
309,309,309.0,309.0,309.0,309.0,309.0,309.0,309.0,309.0,309.0,309.0,309.0,309.0,309.0,309.0,309.0,309.0,309.0,309.0,309.0,309.0,309.0,309.0,9.0,0.9,246.39643,244.96137,244.15981,244.18034,245.09013,246.83655,249.26598,252.14974,255.20679,258.11676,260.52206,262.02463,262.18686,260.54753,256.66112,250.16151,240.84181,228.7322,214.15261,197.71846,257.65213977907683,190.55187642738275,4762.68874,961.5981100000008,961.5981100000008,-66.16345000000001
310,310,310.0,310.0,310.0,310.0,310.0,310.0,310.0,310.0,310.0,310.0,310.0,310.0,310.0,310.0,310.0,310.0,310.0,310.0,310.0,310.0,310.0,310.0,0.0,0.0,273.0,273.0,273.0,273.0,273.0,273.0,273.0,273.0,273.0,273.0,273.0,273.0,273.0,273.0,273.0,273.0,273.0,273.0,273.0,273.0,340.70847797523345,232.32512753027976,0.0,446.69517,2919.1890699999994,0.5013900000000149
311,311,311.0,311.0,311.0,311.0,311.0,311.0,311.0,311.0,311.0,311.0,311.0,311.0,311.0,311.0,311.0,311.0,311.0,311.0,311.0,311.0,311.0,311.0,1.0,0.1,329.16713,318.15155,308.11502,299.38218,292.11999,286.33875,281.91734,278.64196,276.2466,274.44615,272.95809,271.51348,269.8616,267.77401,265.05292,261.54605,257.16638,251.912,245.87881,239.2595,299.8632724349178,357.35718541051097,446.69517,406.94856,2472.4938999999995,0.5013900000000149
312,312,312.0,312.0,312.0,312.0,312.0,312.0,312.0,312.0,312.0,312.0,312.0,312.0,312.0,312.0,312.0,312.0,312.0,312.0,312.0,312.0,312.0,312.0,2.0,0.2,298.57729,297.1505,295.47255,293.48602,291.19631,288.66846,286.01561,283.38573,280.95325,278.91932,277.51987,277.03602,277.79806,280.17342,284.5316,291.18551,300.31711,311.90411,325.66934,341.07285,234.6015367917437,237.4994356769509,853.64373,280.79351,2065.54534,0.5013900000000149
313,313,313.0,313.0,313.0,313.0,313.0,313.0,313.0,313.0,313.0,313.0,313.0,313.0,313.0,313.0,313.0,313.0,313.0,313.0,313.0,313.0,313.0,313.0,3.0,0.3,243.89684,252.68847,260.54787,267.17983,272.45198,276.39147,279.15336,280.96973,282.09117,282.7304,283.01594,282.96153,282.45595,281.27694,279.13107,275.71697,270.80299,264.30354,256.3342,247.22747,317.47250543241046,313.6087726569924,1134.43724,347.6894500000001,1784.75183,0.5013900000000149
314,314,314.0,314.0,314.0,314.0,314.0,314.0,314.0,314.0,314.0,314.0,314.0,314.0,314.0,314.0,314.0,314.0,314.0,314.0,314.0,314.0,314.0,314.0,4.0,0.4,309.58215,302.17043,295.63908,290.2548,286.12278,283.19485,281.30616,280.22827,279.72536,279.6029,279.7424,280.11934,280.80394,281.94509,283.73857,286.38243,290.02555,294.71887,300.38136,306.79131,337.23883308273054,322.0600799002415,1482.12669,245.55952,1437.0623799999998,0.5013900000000149
315,315,315.0,315.0,315.0,315.0,315.0,315.0,315.0,315.0,315.0,315.0,315.0,315.0,315.0,315.0,315.0,315.0,315.0,315.0,315.0,315.0,315.0,315.0,5.0,0.5,328.79581,320.65483,313.08683,306.30698,300.46075,295.62255,291.80531,288.97742,287.08245,286.05763,285.84782,286.41354,287.73241,289.79462,292.59371,296.11446,300.32022,305.14234,310.47418,316.17155,349.2697030472144,176.33431573436513,1727.68621,223.13393,1191.5028599999998,0.5013900000000149
316,316,316.0,316.0,316.0,316.0,316.0,316.0,316.0,316.0,316.0,316.0,316.0,316.0,316.0,316.0,316.0,316.0,316.0,316.0,316.0,316.0,316.0,316.0,6.0,0.6,340.98369,332.935,325.34018,318.37718,312.17242,306.79277,302.24082,298.45074,295.28243,292.51322,289.82908,286.82049,282.99082,277.78531,270.64615,261.09273,248.81642,233.77029,216.22857,196.79295,355.2720625149717,288.2209423115811,1950.82014,353.0530799999999,968.36893,0.5013900000000149
317,317,317.0,317.0,317.0,317.0,317.0,317.0,317.0,317.0,317.0,317.0,317.0,317.0,317.0,317.0,317.0,317.0,317.0,317.0,317.0,317.0,317.0,317.0,7.0,0.7,347.63001,340.12273,332.86948,325.96095,319.45077,313.35308,307.64682,302.28693,297.22185,292.41588,287.87335,283.6601,279.91567,276.8496,274.71643,273.76911,274.19686,276.06133,279.24897,283.4568,314.3525650275871,341.40378541653297,2303.87322,252.97972000000027,615.31585,0.5013900000000149
318,318,318.0,318.0,318.0,318.0,318.0,318.0,318.0,318.0,318.0,318.0,318.0,318.0,318.0,318.0,318.0,318.0,318.0,318.0,318.0,318.0,318.0,318.0,8.0,0.8,314.61201,314.61454,314.14559,313.06598,311.32946,308.98354,306.15702,303.04063,299.86722,296.8962,294.40324,292.67317,291.99185,292.6321,294.83065,298.75588,304.47106,311.90097,320.81237,330.81735,348.89861978946954,231.286212108462,2556.85294,156.06422999999995,362.3361299999997,0.5013900000000149
319,319,319.0,319.0,319.0,319.0,319.0,319.0,319.0,319.0,319.0,319.0,319.0,319.0,319.0,319.0,319.0,319.0,319.0,319.0,319.0,319.0,319.0,319.0,9.0,0.9,341.92549,335.1757,328.84402,323.07497,317.95253,313.50139,309.69592,306.47094,303.7284,301.33652,299.12187,296.85902,294.26527,291.00917,286.73901,281.13251,273.96095,265.15364,254.84394,243.37931,296.9771434951858,276.7795339370065,2712.91717,206.27189999999973,206.27189999999973,0.5013900000000149
320,320,320.0,320.0,320.0,320.0,320.0,320.0,320.0,320.0,320.0,320.0,320.0,320.0,320.0,320.0,320.0,320.0,320.0,320.0,320.0,320.0,320.0,320.0,0.0,0.0,273.0,273.0,273.0,273.0,273.0,273.0,273.0,273.0,273.0,273.0,273.0,273.0,273.0,273.0,273.0,273.0,273.0,273.0,273.0,273.0,338.55087107494035,345.58004060672675,0.0,387.38123,4429.82991,-40.0
321,321,321.0,321.0,321.0,321.0,321.0,321.0,321.0,321.0,321.0,321.0,321.0,321.0,321.0,321.0,321.0,321.0,321.0,321.0,321.0,321.0,321.0,321.0,1.0,0.1,327.38007,316.72032,307.01371,298.5805,291.59376,286.0844,281.97202,279.11137,277.34317,276.53929,276.6358,277.65013,279.68082,282.88928,287.46489,293.57662,301.3184,310.65874,321.40755,333.211,368.660992674894,371.3253249019429,387.38123,196.77217,4042.44868,-26.915599999999984
322,322,322.0,322.0,322.0,322.0,322.0,322.0,322.0,322.0,322.0,322.0,322.0,322.0,322.0,322.0,322.0,322.0,322.0,322.0,322.0,322.0,322.0,322.0,2.0,0.2,355.72494,343.22905,331.57172,321.07656,311.97442,304.40234,298.41726,294.01933,291.1786,289.85931,290.03784,291.71183,294.89964,299.63041,305.9262,313.77855,323.12366,333.82123,345.64254,358.27218,334.633102728692,179.7726314294331,584.1534,130.62203999999997,3845.67651,-8.597660000000019
323,323,323.0,323.0,323.0,323.0,323.0,323.0,323.0,323.0,323.0,323.0,323.0,323.0,323.0,323.0,323.0,323.0,323.0,323.0,323.0,323.0,323.0,323.0,3.0,0.3,330.85091,327.03469,323.17612,319.31007,315.51806,311.91572,308.62588,305.74159,303.28476,301.16615,299.15316,296.85291,293.71919,289.09154,282.27137,272.63192,259.74744,243.51528,224.23796,202.63544,219.81817421891628,274.3488384201751,714.77544,252.76354000000003,3715.05447,-1.0842799999999784
324,324,324.0,324.0,324.0,324.0,324.0,324.0,324.0,324.0,324.0,324.0,324.0,324.0,324.0,324.0,324.0,324.0,324.0,324.0,324.0,324.0,324.0,324.0,4.0,0.4,235.76651,250.83784,264.27399,275.5264,284.30053,290.54935,294.42652,296.21834,296.27583,294.96309,292.62966,289.60465,286.20407,282.73871,279.51153,276.79843,274.81364,273.66909,273.34201,273.6652,223.82495648495103,278.60612581078914,967.53898,299.62492,3462.29093,-22.45065
325,325,325.0,325.0,325.0,325.0,325.0,325.0,325.0,325.0,325.0,325.0,325.0,325.0,325.0,325.0,325.0,325.0,325.0,325.0,325.0,325.0,325.0,325.0,5.0,0.5,233.43777,242.76209,251.52739,259.49766,266.48545,272.36207,277.06317,280.58926,283.00134,284.41234,284.97521,284.86898,284.28382,283.40604,282.40411,281.41643,280.54193,279.83464,279.30301,278.91461,266.98990235542226,196.26099822030343,1267.1639,406.26549,3162.66601,-40.63792999999998
326,326,326.0,326.0,326.0,326.0,326.0,326.0,326.0,326.0,326.0,326.0,326.0,326.0,326.0,326.0,326.0,326.0,326.0,326.0,326.0,326.0,326.0,326.0,6.0,0.6,266.9334,267.05509,267.49437,268.32251,269.5293,271.0263,272.6627,274.24649,275.56328,276.38798,276.48809,275.62189,273.53762,269.98095,264.71628,257.56282,248.44097,237.41795,224.73867,210.82849,366.5736110507228,200.4681011766077,1673.42939,569.0997599999998,2756.40052,-41.97370000000001
327,327,327.0,327.0,327.0,327.0,327.0,327.0,327.0,327.0,327.0,327.0,327.0,327.0,327.0,327.0,327.0,327.0,327.0,327.0,327.0,327.0,327.0,327.0,7.0,0.7,350.23127,334.66119,320.52249,308.27285,298.12256,290.03528,283.7683,278.9365,275.08277,271.74078,268.48196,264.94517,260.85129,256.00712,250.30278,243.7056,236.252,228.03818,219.20969,209.94995,197.45487612799133,254.5258895036445,2242.52915,647.0420000000004,2187.3007600000005,-22.96472
328,328,328.0,328.0,328.0,328.0,328.0,328.0,328.0,328.0,328.0,328.0,328.0,328.0,328.0,328.0,328.0,328.0,328.0,328.0,328.0,328.0,328.0,328.0,8.0,0.8,214.56251,230.5863,244.60214,255.96698,264.37627,269.852,272.67563,273.29244,272.21562,269.95158,266.95621,263.62015,260.27327,257.19542,254.62217,252.73919,251.66564,251.43259,251.96644,253.08698,197.29662608653447,274.6501862445145,2889.57115,739.3985699999998,1540.2587600000002,-43.148000000000025
329,329,329.0,329.0,329.0,329.0,329.0,329.0,329.0,329.0,329.0,329.0,329.0,329.0,329.0,329.0,329.0,329.0,329.0,329.0,329.0,329.0,329.0,329.0,9.0,0.9,207.7799,217.90836,227.35494,235.84491,243.17489,249.22447,253.96006,257.43148,259.76261,261.1379,261.78633,261.96404,261.93609,261.95772,262.25484,263.00485,264.31903,266.22971,268.68522,271.55564,277.4982920473109,235.81016158145223,3628.96972,800.8601900000003,800.8601900000003,-63.77553
330,330,330.0,330.0,330.0,330.0,330.0,330.0,330.0,330.0,330.0,330.0,330.0,330.0,330.0,330.0,330.0,330.0,330.0,330.0,330.0,330.0,330.0,330.0,0.0,0.0,273.0,273.0,273.0,273.0,273.0,273.0,273.0,273.0,273.0,273.0,273.0,273.0,273.0,273.0,273.0,273.0,273.0,273.0,273.0,273.0,313.0445990205202,363.9967058092072,0.0,387.80211,2970.52758,-40.0
331,331,331.0,331.0,331.0,331.0,331.0,331.0,331.0,331.0,331.0,331.0,331.0,331.0,331.0,331.0,331.0,331.0,331.0,331.0,331.0,331.0,331.0,331.0,1.0,0.1,306.22158,299.71162,293.78612,288.64322,284.39341,281.06431,278.62216,277.00395,276.15332,276.05364,276.75319,278.3784,281.13168,285.27108,291.071,298.76654,308.4893,320.20773,333.68776,348.48806,249.74895782270795,355.21966984786525,387.80211,215.96374,2582.72547,-31.935690000000022
332,332,332.0,332.0,332.0,332.0,332.0,332.0,332.0,332.0,332.0,332.0,332.0,332.0,332.0,332.0,332.0,332.0,332.0,332.0,332.0,332.0,332.0,332.0,2.0,0.2,255.8456,261.59061,266.69522,270.98164,274.40672,277.05862,279.13138,280.88673,282.61346,284.5921,287.06914,290.24122,294.24758,299.16818,305.02549,311.78864,319.3793,327.67898,336.53728,345.78043,305.23615071998404,284.9360340424702,603.76585,164.93467999999996,2366.76173,-35.94137999999998
333,333,333.0,333.0,333.0,333.0,333.0,333.0,333.0,333.0,333.0,333.0,333.0,333.0,333.0,333.0,333.0,333.0,333.0,333.0,333.0,333.0,333.0,333.0,3.0,0.3,300.07934,295.28871,291.18076,287.98453,285.82331,284.71711,284.6008,285.34914,286.79963,288.76715,291.04873,293.42169,295.64128,297.44531,298.57116,298.78665,297.9308,295.9548,292.95102,289.15807,356.70268425622146,306.9444186599567,768.70053,156.21775000000002,2201.82705,-28.28289000000001
334,334,334.0,334.0,334.0,334.0,334.0,334.0,334.0,334.0,334.0,334.0,334.0,334.0,334.0,334.0,334.0,334.0,334.0,334.0,334.0,334.0,334.0,334.0,4.0,0.4,345.11172,334.0482,323.97458,315.23686,308.03644,302.42761,298.33731,295.59937,293.99392,293.28441,293.2473,293.69252,294.47461,295.49535,296.69911,298.06248,299.57995,301.2487,303.05571,304.9704,220.89153155862795,348.5614834299625,924.91828,126.12135999999998,2045.6093,-10.572389999999984
335,335,335.0,335.0,335.0,335.0,335.0,335.0,335.0,335.0,335.0,335.0,335.0,335.0,335.0,335.0,335.0,335.0,335.0,335.0,335.0,335.0,335.0,335.0,5.0,0.5,235.95507,250.16725,262.80848,273.39145,281.70916,287.826,292.02304,294.71901,296.38996,297.50508,298.48686,299.69466,301.42417,303.91268,307.34156,311.83104,317.42748,324.08807,331.67039,339.93445,252.3779949591708,202.93784439365865,1051.03964,150.33305999999993,1919.48794,-25.17399999999997
336,336,336.0,336.0,336.0,336.0,336.0,336.0,336.0,336.0,336.0,336.0,336.0,336.0,336.0,336.0,336.0,336.0,336.0,336.0,336.0,336.0,336.0,336.0,6.0,0.6,257.06035,261.73734,266.39097,270.98237,275.45026,279.71516,283.6855,287.26045,290.32511,292.73678,294.30507,294.77304,293.80932,291.02187,286.00042,278.38756,267.96844,254.75907,239.06774,221.50613,358.6756540753633,304.2029816332441,1201.3727,264.2564400000001,1769.15488,-33.284839999999974
337,337,337.0,337.0,337.0,337.0,337.0,337.0,337.0,337.0,337.0,337.0,337.0,337.0,337.0,337.0,337.0,337.0,337.0,337.0,337.0,337.0,337.0,337.0,7.0,0.7,344.80525,331.699,320.00539,310.16784,302.38001,296.59094,292.55257,289.8937,288.20234,287.10108,286.30558,285.6609,285.15361,284.89915,285.10537,286.01591,287.84162,290.69324,294.53176,299.1514,275.2239793459503,183.7246724402545,1465.62914,266.48921999999993,1504.89844,-16.40906000000001
338,338,338.0,338.0,338.0,338.0,338.0,338.0,338.0,338.0,338.0,338.0,338.0,338.0,338.0,338.0,338.0,338.0,338.0,338.0,338.0,338.0,338.0,338.0,8.0,0.8,280.14366,284.65007,288.3996,291.1698,292.88025,293.57996,293.40731,292.5346,291.11033,289.20983,286.80137,283.73153,279.73224,274.4509,267.50358,258.54757,247.36388,233.93354,218.48832,201.51789,203.2513084268709,195.8302240163273,1732.11836,483.5143200000002,1238.40922,-19.42003999999997
339,339,339.0,339.0,339.0,339.0,339.0,339.0,339.0,339.0,339.0,339.0,339.0,339.0,339.0,339.0,339.0,339.0,339.0,339.0,339.0,339.0,339.0,339.0,9.0,0.9,217.98623,232.02114,244.73897,255.67005,264.52497,271.19263,275.70929,278.21101,278.88311,277.91792,275.48744,271.73216,266.76334,260.67382,253.55203,245.4947,236.61546,227.04843,216.94725,206.48123,230.7890897890323,207.7825143605669,2215.63268,754.8948999999998,754.8948999999998,-41.80736999999999
340,340,340.0,340.0,340.0,340.0,340.0,340.0,340.0,340.0,340.0,340.0,340.0,340.0,340.0,340.0,340.0,340.0,340.0,340.0,340.0,340.0,340.0,340.0,0.0,0.0,273.0,273.0,273.0,273.0,273.0,273.0,273.0,273.0,273.0,273.0,273.0,273.0,273.0,273.0,273.0,273.0,273.0,273.0,273.0,273.0,241.4867439418416,355.0796274897039,0.0,424.47934,3887.90098,-40.0
341,341,341.0,341.0,341.0,341.0,341.0,341.0,341.0,341.0,341.0,341.0,341.0,341.0,341.0,341.0,341.0,341.0,341.0,341.0,341.0,341.0,341.0,341.0,1.0,0.1,246.85996,251.98962,256.66655,260.74307,264.1479,266.88808,269.04076,270.74026,272.16581,273.53352,275.0931,277.12641,279.94265,283.86391,289.19706,296.19144,304.98801,315.57097,327.73614,341.08903,352.87299831388043,321.82302075151813,424.47934,289.7948200000001,3463.42164,-46.11192
342,342,342.0,342.0,342.0,342.0,342.0,342.0,342.0,342.0,342.0,342.0,342.0,342.0,342.0,342.0,342.0,342.0,342.0,342.0,342.0,342.0,342.0,342.0,2.0,0.2,337.83078,323.59352,310.85615,300.11973,291.65121,285.49081,281.49766,279.41555,278.93961,279.76873,281.63645,284.32061,287.63795,291.43205,295.56267,299.90166,304.33672,308.78053,313.18014,317.52117,298.0900313290081,258.2149375971709,714.27416,194.06392,3173.62682,-27.50918999999999
343,343,343.0,343.0,343.0,343.0,343.0,343.0,343.0,343.0,343.0,343.0,343.0,343.0,343.0,343.0,343.0,343.0,343.0,343.0,343.0,343.0,343.0,343.0,3.0,0.3,297.5816,296.94492,296.09018,294.99298,293.7024,292.32862,291.01446,289.89889,289.08106,288.59177,288.37658,288.29237,288.11786,287.57789,286.38027,284.26236,281.04111,276.65772,271.20571,264.93325,226.6377642115957,343.6865306965927,908.33808,228.2777800000001,2979.5629,-20.67138
344,344,344.0,344.0,344.0,344.0,344.0,344.0,344.0,344.0,344.0,344.0,344.0,344.0,344.0,344.0,344.0,344.0,344.0,344.0,344.0,344.0,344.0,344.0,4.0,0.4,237.91906,248.64329,258.33136,266.64223,273.40366,278.61092,282.39967,285.00527,286.72149,287.86892,288.77686,289.77693,291.20135,293.37734,296.6102,301.15196,307.1592,314.64991,323.47352,333.30733,218.91864179483272,284.5151750172135,1136.61586,240.75154999999995,2751.28512,-34.38907999999998
345,345,345.0,345.0,345.0,345.0,345.0,345.0,345.0,345.0,345.0,345.0,345.0,345.0,345.0,345.0,345.0,345.0,345.0,345.0,345.0,345.0,345.0,345.0,5.0,0.5,228.06604,236.97431,245.42783,253.25421,260.33738,266.62231,272.11126,276.85231,280.92216,284.4054,287.37314,289.86451,291.87471,293.35347,294.21644,294.36949,293.74215,292.3228,290.18554,287.49941,198.6978555217708,335.7058551204251,1377.36741,341.6939,2510.53357,-46.37768999999997
346,346,346.0,346.0,346.0,346.0,346.0,346.0,346.0,346.0,346.0,346.0,346.0,346.0,346.0,346.0,346.0,346.0,346.0,346.0,346.0,346.0,346.0,346.0,6.0,0.6,209.56476,220.16412,230.25572,239.64866,248.21438,255.88983,262.67263,268.61173,273.79746,278.35383,282.4341,286.21818,289.9092,293.72522,297.88352,302.57653,307.94243,314.03639,320.81112,328.11412,207.65787095169603,173.89058355422904,1719.06131,470.0584399999998,2168.83967,-57.11017000000001
347,347,347.0,347.0,347.0,347.0,347.0,347.0,347.0,347.0,347.0,347.0,347.0,347.0,347.0,347.0,347.0,347.0,347.0,347.0,347.0,347.0,347.0,347.0,7.0,0.7,215.08858,222.47045,229.75116,236.87227,243.76777,250.36272,256.57016,262.28411,267.36707,271.63254,274.82585,276.60999,276.56549,274.21412,269.07277,260.73657,248.98003,233.85437,215.75309,195.42058,345.90587060242854,287.9914847475193,2189.11975,646.34998,1698.78123,-62.63728
348,348,348.0,348.0,348.0,348.0,348.0,348.0,348.0,348.0,348.0,348.0,348.0,348.0,348.0,348.0,348.0,348.0,348.0,348.0,348.0,348.0,348.0,348.0,8.0,0.8,329.05788,313.20042,299.17417,287.5542,278.59192,272.2214,268.1202,265.80405,264.73185,264.4013,264.42251,264.56346,264.76567,265.13002,265.87483,267.27076,269.56202,272.8891,277.23123,282.38551,271.9269595147516,257.19244373185046,2835.46973,514.2660900000001,1052.43125,-40.77859999999998
349,349,349.0,349.0,349.0,349.0,349.0,349.0,349.0,349.0,349.0,349.0,349.0,349.0,349.0,349.0,349.0,349.0,349.0,349.0,349.0,349.0,349.0,349.0,9.0,0.9,273.60218,275.0072,275.92669,276.24026,275.93776,275.10835,273.90938,272.52569,271.13033,269.85482,268.77251,267.89468,267.17717,266.53421,265.8572,265.03607,263.98106,262.64166,261.01913,259.1691,194.8055984447477,320.2294666817429,3349.73582,538.16516,538.16516,-37.89165000000003
350,350,350.0,350.0,350.0,350.0,350.0,350.0,350.0,350.0,350.0,350.0,350.0,350.0,350.0,350.0,350.0,350.0,350.0,350.0,350.0,350.0,350.0,350.0,0.0,0.0,273.0,273.0,273.0,273.0,273.0,273.0,273.0,273.0,273.0,273.0,273.0,273.0,273.0,273.0,273.0,273.0,273.0,273.0,273.0,273.0,247.43193480237096,328.1786733374049,0.0,432.84159,2783.57398,9.56247000000002
351,351,351.0,351.0,351.0,351.0,351.0,351.0,351.0,351.0,351.0,351.0,351.0,351.0,351.0,351.0,351.0,351.0,351.0,351.0,351.0,351.0,351.0,351.0,1.0,0.1,251.79119,255.95262,259.74617,263.05144,265.80943,268.02372,269.75314,271.10038,272.20083,273.21474,274.32335,275.72703,277.64184,280.2901,283.88194,288.58739,294.50267,301.61796,309.79646,318.77324,229.6219804650109,328.32892152370886,432.84159,382.32804,2350.73239,9.56247000000002
352,352,352.0,352.0,352.0,352.0,352.0,352.0,352.0,352.0,352.0,352.0,352.0,352.0,352.0,352.0,352.0,352.0,352.0,352.0,352.0,352.0,352.0,352.0,2.0,0.2,235.83833,241.86332,247.53131,252.72323,257.37894,261.50004,265.14417,268.41335,271.43963,274.37061,277.3565,280.53909,284.04271,287.9668,292.37972,297.31423,302.76466,308.68658,314.99927,321.59132,250.91929904726385,242.5200596803818,815.16963,394.14965,1968.40435,9.56247000000002
353,353,353.0,353.0,353.0,353.0,353.0,353.0,353.0,353.0,353.0,353.0,353.0,353.0,353.0,353.0,353.0,353.0,353.0,353.0,353.0,353.0,353.0,353.0,3.0,0.3,252.34314,253.87558,255.60752,257.59867,259.87079,262.40778,265.16006,268.04976,270.97302,273.79778,276.35781,278.44656,279.81666,280.19092,279.28937,276.87221,272.79292,267.04996,259.82199,251.47298,308.297472863419,265.5987591562822,1209.31928,458.5708400000001,1574.2547000000002,9.56247000000002
354,354,354.0,354.0,354.0,354.0,354.0,354.0,354.0,354.0,354.0,354.0,354.0,354.0,354.0,354.0,354.0,354.0,354.0,354.0,354.0,354.0,354.0,354.0,4.0,0.4,300.50342,293.1698,286.6911,281.34442,277.26223,274.43227,272.72057,271.90883,271.73645,271.93905,272.2787,272.5641,272.66097,272.49398,272.04141,271.32409,270.39041,269.30011,268.11016,266.86583,369.1982104164174,306.76080113721923,1667.89012,396.9578999999999,1115.68386,9.56247000000002
355,355,355.0,355.0,355.0,355.0,355.0,355.0,355.0,355.0,355.0,355.0,355.0,355.0,355.0,355.0,355.0,355.0,355.0,355.0,355.0,355.0,355.0,355.0,5.0,0.5,353.82739,339.07498,325.48295,313.45689,303.23382,294.8815,288.32497,283.39059,279.85636,277.49861,276.12836,275.61412,275.88985,276.94875,278.8244,281.56206,285.18514,289.66327,294.88985,300.67551,307.4431467669133,340.75252123967675,2064.84802,255.61153000000013,718.7259600000002,9.56247000000002
356,356,356.0,356.0,356.0,356.0,356.0,356.0,356.0,356.0,356.0,356.0,356.0,356.0,356.0,356.0,356.0,356.0,356.0,356.0,356.0,356.0,356.0,356.0,6.0,0.6,306.75423,305.83563,304.50959,302.68898,300.39405,297.74588,294.94157,292.22099,289.83471,288.02028,286.9894,286.92414,287.97769,290.27409,293.90264,298.90557,305.26055,312.86338,321.51709,330.93382,328.5447617609216,366.54768216082607,2320.45955,133.26602999999977,463.1144300000001,9.56247000000002
357,357,357.0,357.0,357.0,357.0,357.0,357.0,357.0,357.0,357.0,357.0,357.0,357.0,357.0,357.0,357.0,357.0,357.0,357.0,357.0,357.0,357.0,357.0,7.0,0.7,323.36778,318.35072,313.6388,309.3521,305.5821,302.39553,299.8438,297.97496,296.84478,296.52459,297.10417,298.68912,301.39275,305.32273,310.56326,317.15438,325.07116,334.20691,344.36481,355.26201,348.8997978450279,209.503058331983,2453.72558,91.06929000000036,329.8484000000003,9.56247000000002
358,358,358.0,358.0,358.0,358.0,358.0,358.0,358.0,358.0,358.0,358.0,358.0,358.0,358.0,358.0,358.0,358.0,358.0,358.0,358.0,358.0,358.0,358.0,8.0,0.8,341.57326,334.50714,327.93704,322.05347,316.98866,312.8108,309.52277,307.06156,305.29446,304.01059,302.90955,301.59325,299.56981,296.27929,291.14803,283.67089,273.5109,260.59499,245.17898,227.85709,317.56458616475,369.7944792613189,2544.79487,159.16552,238.77910999999995,9.56247000000002
359,359,359.0,359.0,359.0,359.0,359.0,359.0,359.0,359.0,359.0,359.0,359.0,359.0,359.0,359.0,359.0,359.0,359.0,359.0,359.0,359.0,359.0,359.0,9.0,0.9,317.40317,317.09818,316.53041,315.62317,314.35012,312.73313,310.8339,308.74574,306.59127,304.52938,302.77014,301.5916,301.34831,302.46021,305.3733,310.49061,318.08254,328.19628,340.59076,354.72233,371.7755910039388,354.3155491626502,2703.96039,79.61358999999993,79.61358999999993,9.56247000000002
360,360,360.0,360.0,360.0,360.0,360.0,360.0,360.0,360.0,360.0,360.0,360.0,360.0,360.0,360.0,360.0,360.0,360.0,360.0,360.0,360.0,360.0,360.0,0.0,0.0,273.0,273.0,273.0,273.0,273.0,273.0,273.0,273.0,273.0,273.0,273.0,273.0,273.0,273.0,273.0,273.0,273.0,273.0,273.0,273.0,325.99277979507326,251.60131247087105,0.0,439.15124,5481.64964,-40.0
361,361,361.0,361.0,361.0,361.0,361.0,361.0,361.0,361.0,361.0,361.0,361.0,361.0,361.0,361.0,361.0,361.0,361.0,361.0,361.0,361.0,361.0,361.0,1.0,0.1,316.95996,308.33891,300.48472,293.65196,287.97229,283.45571,280.01087,277.47624,275.65281,274.33122,273.30988,272.40417,271.44966,270.30322,268.84557,266.98703,264.67612,261.90856,258.73302,255.2499,284.73183785770743,347.4325307324993,439.15124,387.40686,5042.4984,-29.54428999999999
362,362,362.0,362.0,362.0,362.0,362.0,362.0,362.0,362.0,362.0,362.0,362.0,362.0,362.0,362.0,362.0,362.0,362.0,362.0,362.0,362.0,362.0,362.0,2.0,0.2,285.32628,285.74164,285.83286,285.51457,284.77278,283.66242,282.29452,280.81994,279.41639,278.28282,277.64133,277.74255,278.8673,281.31703,285.38682,291.32066,299.25471,309.16155,320.81223,333.77119,183.07842740481905,206.53688983735475,826.5581,345.7152800000001,4655.091539999999,-29.337580000000003
363,363,363.0,363.0,363.0,363.0,363.0,363.0,363.0,363.0,363.0,363.0,363.0,363.0,363.0,363.0,363.0,363.0,363.0,363.0,363.0,363.0,363.0,363.0,3.0,0.3,200.16379,216.44054,231.214,243.99151,254.52649,262.81297,269.03762,273.50439,276.54941,278.46189,279.42194,279.46259,278.46047,276.15807,272.2178,266.30355,258.17765,247.79421,235.36459,221.37384,310.6081211765626,176.33995252327225,1172.27338,607.6802399999999,4309.376259999999,-50.18702999999999
364,364,364.0,364.0,364.0,364.0,364.0,364.0,364.0,364.0,364.0,364.0,364.0,364.0,364.0,364.0,364.0,364.0,364.0,364.0,364.0,364.0,364.0,364.0,4.0,0.4,300.83129,291.75041,283.94215,277.77333,273.35746,270.56306,269.06307,268.4061,268.089,267.61548,266.53403,264.45665,261.06516,256.11355,249.43322,240.94391,230.669,218.74983,205.45204,191.15769,293.25810063681683,258.9617513565716,1779.95362,731.6274799999999,3701.69602,-42.43693999999999
365,365,365.0,365.0,365.0,365.0,365.0,365.0,365.0,365.0,365.0,365.0,365.0,365.0,365.0,365.0,365.0,365.0,365.0,365.0,365.0,365.0,365.0,365.0,5.0,0.5,290.17637,287.11278,284.08498,281.10811,278.19113,275.33228,272.51633,269.71623,266.90131,264.052,261.17885,258.34108,255.6584,253.30952,251.51282,250.48905,250.41144,251.35446,253.25557,255.90376,313.6735778255544,293.0062637730056,2511.5811,633.5746200000003,2970.06854,-37.66771999999997
366,366,366.0,366.0,366.0,366.0,366.0,366.0,366.0,366.0,366.0,366.0,366.0,366.0,366.0,366.0,366.0,366.0,366.0,366.0,366.0,366.0,366.0,366.0,6.0,0.6,307.23321,300.96027,295.00117,289.46556,284.41948,279.8885,275.86937,272.34672,269.31118,266.77512,264.78338,263.41705,262.7891,263.03136,264.27325,266.61427,270.09443,274.66829,280.18947,286.41136,284.2862595593683,204.4077859930736,3145.15572,532.4868199999996,2336.4939199999994,-33.11149999999998
367,367,367.0,367.0,367.0,367.0,367.0,367.0,367.0,367.0,367.0,367.0,367.0,367.0,367.0,367.0,367.0,367.0,367.0,367.0,367.0,367.0,367.0,367.0,7.0,0.7,284.04288,283.65203,282.9944,281.99993,280.65662,279.00584,277.12546,275.1051,273.01812,270.89484,268.70094,266.32454,263.57573,260.2018,255.92018,250.46748,243.65792,235.43949,225.93273,215.43847,247.7052170847387,304.91368739440225,3677.64254,602.9738900000002,1804.0071,-33.99416000000002
368,368,368.0,368.0,368.0,368.0,368.0,368.0,368.0,368.0,368.0,368.0,368.0,368.0,368.0,368.0,368.0,368.0,368.0,368.0,368.0,368.0,368.0,368.0,8.0,0.8,252.90971,257.78995,262.06321,265.52084,268.04571,269.61367,270.28231,270.17385,269.4592,268.3479,267.08531,265.95378,265.2717,265.3826,266.62842,269.30553,273.60881,279.57622,287.05017,295.67141,209.87611411713127,265.2949359249802,4280.61643,576.6559699999998,1201.0332099999996,-43.38632999999999
369,369,369.0,369.0,369.0,369.0,369.0,369.0,369.0,369.0,369.0,369.0,369.0,369.0,369.0,369.0,369.0,369.0,369.0,369.0,369.0,369.0,369.0,369.0,9.0,0.9,219.45488,228.63143,237.05381,244.46041,250.70253,255.74708,259.66175,262.58823,264.70997,266.22039,267.29548,268.07344,268.64264,269.039,269.25318,269.24675,268.9748,268.41021,267.5634,266.49169,254.9216973521829,328.076344995224,4857.2724,624.3772399999998,624.3772399999998,-57.25291999999999
370,370,370.0,370.0,370.0,370.0,370.0,370.0,370.0,370.0,370.0,370.0,370.0,370.0,370.0,370.0,370.0,370.0,370.0,370.0,370.0,370.0,370.0,370.0,0.0,0.0,273.0,273.0,273.0,273.0,273.0,273.0,273.0,273.0,273.0,273.0,273.0,273.0,273.0,273.0,273.0,273.0,273.0,273.0,273.0,273.0,340.06690405381823,231.4940227421721,0.0,447.39359,4891.4546,-40.0
371,371,371.0,371.0,371.0,371.0,371.0,371.0,371.0,371.0,371.0,371.0,371.0,371.0,371.0,371.0,371.0,371.0,371.0,371.0,371.0,371.0,371.0,371.0,1.0,0.1,328.63475,317.72346,307.78201,299.13179,291.938,286.21058,281.8292,278.58144,276.20276,274.40918,272.91854,271.46142,269.78574,267.66108,264.88741,261.31046,256.84213,251.48084,245.32461,238.57011,336.5568175033196,190.4536196877284,447.39359,505.19909,4444.06101,-26.789420000000007
372,372,372.0,372.0,372.0,372.0,372.0,372.0,372.0,372.0,372.0,372.0,372.0,372.0,372.0,372.0,372.0,372.0,372.0,372.0,372.0,372.0,372.0,372.0,2.0,0.2,328.97944,321.5465,314.39151,307.62657,301.33292,295.55313,290.28523,285.47925,281.0363,276.81009,272.61153,268.21674,263.37985,257.85154,251.404,243.86083,235.12846,225.22289,214.28465,202.57539,204.3884880882576,303.26745423819307,952.59268,579.19282,3938.86192,-17.44686999999999
373,373,373.0,373.0,373.0,373.0,373.0,373.0,373.0,373.0,373.0,373.0,373.0,373.0,373.0,373.0,373.0,373.0,373.0,373.0,373.0,373.0,373.0,373.0,3.0,0.3,220.36622,235.37213,248.57029,259.36529,267.45478,272.8253,275.70282,276.47952,275.64,273.7042,271.19426,268.62231,266.48823,265.2739,265.42246,267.29772,271.12839,276.95067,284.56851,293.54966,355.46633782409305,200.57218102116045,1531.7855,535.9935799999998,3359.6691,-40.17469999999997
374,374,374.0,374.0,374.0,374.0,374.0,374.0,374.0,374.0,374.0,374.0,374.0,374.0,374.0,374.0,374.0,374.0,374.0,374.0,374.0,374.0,374.0,374.0,4.0,0.4,339.63495,324.65686,311.2503,299.89672,290.79476,283.87374,278.85366,275.3273,272.83911,270.9423,269.22648,267.32009,264.8794,261.57924,257.11809,251.24372,243.79625,234.75673,224.28394,212.72242,290.5987057437658,358.15767965801007,2067.77908,506.9433900000004,2823.67552,-29.12626
375,375,375.0,375.0,375.0,375.0,375.0,375.0,375.0,375.0,375.0,375.0,375.0,375.0,375.0,375.0,375.0,375.0,375.0,375.0,375.0,375.0,375.0,375.0,5.0,0.5,290.82467,290.79529,290.30331,289.22516,287.53614,285.30493,282.67389,279.83569,277.01671,274.47307,272.49917,271.44152,271.70642,273.74833,278.02947,284.94914,294.7525,307.43934,322.70025,339.90515,270.3021506147177,215.99134778437093,2574.72247,349.10925,2316.73213,-27.695069999999987
376,376,376.0,376.0,376.0,376.0,376.0,376.0,376.0,376.0,376.0,376.0,376.0,376.0,376.0,376.0,376.0,376.0,376.0,376.0,376.0,376.0,376.0,376.0,6.0,0.6,272.75315,275.01435,276.92623,278.38338,279.34714,279.84481,279.95562,279.78589,279.43676,278.96864,278.36741,277.5185,276.19642,274.07716,270.77856,265.92803,259.24825,250.64275,240.25788,228.49931,372.79398140454464,225.2311168380008,2923.83172,449.0767900000001,1967.62288,-33.155190000000005
377,377,377.0,377.0,377.0,377.0,377.0,377.0,377.0,377.0,377.0,377.0,377.0,377.0,377.0,377.0,377.0,377.0,377.0,377.0,377.0,377.0,377.0,377.0,7.0,0.7,356.66265,341.26563,327.23064,314.99639,304.77082,296.53412,290.07859,285.06982,281.11214,277.80515,274.78428,271.74446,268.45019,264.73647,260.50468,255.71608,250.38404,244.5657,238.35292,231.86329,212.8382384286953,254.6067392718348,3372.90851,489.88400999999976,1518.5460899999998,-16.465880000000027
378,378,378.0,378.0,378.0,378.0,378.0,378.0,378.0,378.0,378.0,378.0,378.0,378.0,378.0,378.0,378.0,378.0,378.0,378.0,378.0,378.0,378.0,378.0,8.0,0.8,228.44089,243.03158,255.7496,266.00043,273.50996,278.31252,280.68604,281.05929,279.91818,277.73155,274.90636,271.77125,268.58059,265.52785,262.75863,260.377,258.44411,256.97151,255.91514,255.17533,304.41255482968324,249.4050099746433,3862.79252,526.5583299999998,1028.66208,-34.687479999999994
379,379,379.0,379.0,379.0,379.0,379.0,379.0,379.0,379.0,379.0,379.0,379.0,379.0,379.0,379.0,379.0,379.0,379.0,379.0,379.0,379.0,379.0,379.0,9.0,0.9,298.24374,292.46077,287.37706,283.18041,279.91171,277.47761,275.68945,274.31457,273.12532,271.93502,270.61624,269.10232,267.37693,265.45778,263.38013,261.1835,258.9034,256.56779,254.19705,251.80577,364.6505810215439,249.259830897455,4389.35085,502.1037500000002,502.1037500000002,-35.52238999999997
380,380,380.0,380.0,380.0,380.0,380.0,380.0,380.0,380.0,380.0,380.0,380.0,380.0,380.0,380.0,380.0,380.0,380.0,380.0,380.0,380.0,380.0,380.0,0.0,0.0,273.0,273.0,273.0,273.0,273.0,273.0,273.0,273.0,273.0,273.0,273.0,273.0,273.0,273.0,273.0,273.0,273.0,273.0,273.0,273.0,305.2347442325627,271.31309627711187,0.0,434.91739,6114.66527,-40.0
381,381,381.0,381.0,381.0,381.0,381.0,381.0,381.0,381.0,381.0,381.0,381.0,381.0,381.0,381.0,381.0,381.0,381.0,381.0,381.0,381.0,381.0,381.0,1.0,0.1,299.74044,294.49689,289.72037,285.56626,282.11583,279.37733,277.2989,275.78853,274.7351,274.02624,273.56052,273.25376,273.04048,272.87233,272.71528,272.5468,272.35359,272.13007,271.87721,271.60142,359.35382257311727,197.84884270025125,434.91739,434.97038,5679.74788,-33.62267000000003
382,382,382.0,382.0,382.0,382.0,382.0,382.0,382.0,382.0,382.0,382.0,382.0,382.0,382.0,382.0,382.0,382.0,382.0,382.0,382.0,382.0,382.0,382.0,2.0,0.2,346.22872,333.612,321.94743,311.56322,302.64366,295.22589,289.2171,284.42326,280.57969,277.37617,274.47373,271.51494,268.13283,263.9651,258.67855,252.00516,243.78541,234.00941,222.84317,210.62823,192.46650772363,224.19337255734808,869.88777,558.4006999999999,5244.7775,-17.774110000000007
383,383,383.0,383.0,383.0,383.0,383.0,383.0,383.0,383.0,383.0,383.0,383.0,383.0,383.0,383.0,383.0,383.0,383.0,383.0,383.0,383.0,383.0,383.0,3.0,0.3,211.05381,228.51782,243.89795,256.52001,266.05489,272.50603,276.13993,277.38576,276.73337,274.65173,271.53925,267.70598,263.37981,258.72531,253.86457,248.89249,243.88369,238.89218,233.94783,229.05451,305.1952452872942,253.02902563574835,1428.28847,671.1291000000001,4686.3768,-40.49396999999999
384,384,384.0,384.0,384.0,384.0,384.0,384.0,384.0,384.0,384.0,384.0,384.0,384.0,384.0,384.0,384.0,384.0,384.0,384.0,384.0,384.0,384.0,384.0,4.0,0.4,297.56702,290.43079,284.18587,279.07047,275.13384,272.25186,270.17693,268.60512,267.24249,265.85673,264.30724,262.55301,260.64221,258.68887,256.84186,255.251,254.03468,253.25351,252.89455,252.86963,254.76595487969195,318.50225999193617,2099.41757,596.3341299999997,4015.2477,-40.74813999999998
385,385,385.0,385.0,385.0,385.0,385.0,385.0,385.0,385.0,385.0,385.0,385.0,385.0,385.0,385.0,385.0,385.0,385.0,385.0,385.0,385.0,385.0,385.0,5.0,0.5,258.31479,261.58604,264.34567,266.43645,267.79419,268.44603,268.49529,268.10037,267.45536,266.77729,266.30091,266.27785,266.97448,268.66219,271.59564,275.97861,281.92204,289.40403,298.24378,308.1004,260.4935763464108,294.60439355247365,2695.7517,488.12293,3418.9135700000006,-44.55396999999999
386,386,386.0,386.0,386.0,386.0,386.0,386.0,386.0,386.0,386.0,386.0,386.0,386.0,386.0,386.0,386.0,386.0,386.0,386.0,386.0,386.0,386.0,386.0,6.0,0.6,261.49639,262.47741,263.41767,264.30421,265.13375,265.91624,266.67747,267.45949,268.31808,269.31681,270.51839,271.97465,273.71712,275.75074,278.05254,280.57624,283.26202,286.04908,288.88723,291.74393,193.3033843269472,232.2412685720196,3183.87463,531.2561500000002,2930.7906400000006,-47.083759999999984
387,387,387.0,387.0,387.0,387.0,387.0,387.0,387.0,387.0,387.0,387.0,387.0,387.0,387.0,387.0,387.0,387.0,387.0,387.0,387.0,387.0,387.0,387.0,7.0,0.7,205.67844,217.5335,228.42063,238.01935,246.16362,252.83743,258.14355,262.25611,265.3685,267.64695,269.19621,270.04118,270.12535,269.32628,267.48655,264.45675,260.1443,254.55852,247.84081,240.27045,293.3248524670003,259.8415461413638,3715.13078,692.0804499999999,2399.5344900000005,-60.16256999999999
388,388,388.0,388.0,388.0,388.0,388.0,388.0,388.0,388.0,388.0,388.0,388.0,388.0,388.0,388.0,388.0,388.0,388.0,388.0,388.0,388.0,388.0,388.0,8.0,0.8,285.30513,277.86684,271.4961,266.51129,263.02907,260.97246,260.11314,260.1329,260.68758,261.46095,262.2012,262.73921,262.99068,262.94627,262.65351,262.19391,261.65844,261.12506,260.64219,260.22147,173.74928728109842,200.72837004060685,4407.21123,765.6904300000006,1707.4540400000003,-52.02753999999999
389,389,389.0,389.0,389.0,389.0,389.0,389.0,389.0,389.0,389.0,389.0,389.0,389.0,389.0,389.0,389.0,389.0,389.0,389.0,389.0,389.0,389.0,389.0,9.0,0.9,189.41281,204.30321,217.75968,229.31864,238.75294,246.06092,251.41479,255.08637,257.36993,258.51817,258.69985,257.98186,256.3337,253.65064,249.79136,244.62486,238.07998,230.18901,221.11559,211.15861,307.0360394019286,321.2444785591851,5172.90166,941.76361,941.76361,-66.93907999999999
390,390,390.0,390.0,390.0,390.0,390.0,390.0,390.0,390.0,390.0,390.0,390.0,390.0,390.0,390.0,390.0,390.0,390.0,390.0,390.0,390.0,390.0,390.0,0.0,0.0,273.0,273.0,273.0,273.0,273.0,273.0,273.0,273.0,273.0,273.0,273.0,273.0,273.0,273.0,273.0,273.0,273.0,273.0,273.0,273.0,359.9663470026398,194.5742804104332,0.0,467.18818,3387.22534,2.7743899999999826
391,391,391.0,391.0,391.0,391.0,391.0,391.0,391.0,391.0,391.0,391.0,391.0,391.0,391.0,391.0,391.0,391.0,391.0,391.0,391.0,391.0,391.0,391.0,1.0,0.1,345.14172,330.99192,318.09842,306.87676,297.53873,290.09268,284.3744,280.09485,276.88937,274.3572,272.08644,269.66668,266.69609,262.7918,257.61069,250.88317,242.45581,232.33308,220.70434,207.94344,185.77180891580664,338.6816515491235,467.18818,524.22739,2920.03716,2.7743899999999826
392,392,392.0,392.0,392.0,392.0,392.0,392.0,392.0,392.0,392.0,392.0,392.0,392.0,392.0,392.0,392.0,392.0,392.0,392.0,392.0,392.0,392.0,392.0,2.0,0.2,204.82494,222.74181,238.55365,251.58704,261.52564,268.40051,272.52429,274.39715,274.61431,273.79716,272.55646,271.48288,271.15035,272.11395,274.88746,279.8942,287.39704,297.42503,309.7216,323.73751,320.73945080790213,340.1276428888522,991.41557,411.73124,2395.80977,2.7743899999999826
393,393,393.0,393.0,393.0,393.0,393.0,393.0,393.0,393.0,393.0,393.0,393.0,393.0,393.0,393.0,393.0,393.0,393.0,393.0,393.0,393.0,393.0,393.0,3.0,0.3,309.89965,299.7586,290.90262,283.72284,278.38095,274.82768,272.86229,272.21178,272.60759,273.8426,275.8,278.45468,281.85305,286.08052,291.22513,297.34434,304.43968,312.44172,321.20641,330.52241,330.4298455035247,329.64406180179367,1403.14681,228.20227,1984.07853,2.7743899999999826
394,394,394.0,394.0,394.0,394.0,394.0,394.0,394.0,394.0,394.0,394.0,394.0,394.0,394.0,394.0,394.0,394.0,394.0,394.0,394.0,394.0,394.0,394.0,4.0,0.4,322.14832,314.17422,306.79002,300.23264,294.68012,290.24703,286.98787,284.9061,283.96595,284.10421,285.23992,287.28114,290.12896,293.67979,297.82717,302.46414,307.48667,312.7975,318.30948,323.94688,364.7422673152517,218.79103100273835,1631.34908,180.64796,1755.87626,2.7743899999999826
395,395,395.0,395.0,395.0,395.0,395.0,395.0,395.0,395.0,395.0,395.0,395.0,395.0,395.0,395.0,395.0,395.0,395.0,395.0,395.0,395.0,395.0,395.0,5.0,0.5,353.00848,341.70432,331.21455,321.84277,313.789,307.14281,301.88845,297.91641,295.03525,292.9797,291.41466,289.93886,288.09464,285.39123,281.34697,275.55009,267.73059,257.82791,246.03524,232.80275,356.41132075433563,249.15637009236127,1811.99704,282.0405400000002,1575.2283,2.7743899999999826
396,396,396.0,396.0,396.0,396.0,396.0,396.0,396.0,396.0,396.0,396.0,396.0,396.0,396.0,396.0,396.0,396.0,396.0,396.0,396.0,396.0,396.0,396.0,6.0,0.6,349.07538,341.8444,334.81851,328.08735,321.72334,315.77439,310.25773,305.15643,300.42038,295.97254,291.71994,287.56798,283.43503,279.2642,275.0293,270.73325,266.39937,262.05816,257.73397,253.43593,196.16808169521644,252.31460094481025,2094.03758,299.18751999999995,1293.1877599999998,2.7743899999999826
397,397,397.0,397.0,397.0,397.0,397.0,397.0,397.0,397.0,397.0,397.0,397.0,397.0,397.0,397.0,397.0,397.0,397.0,397.0,397.0,397.0,397.0,397.0,7.0,0.7,216.97807,236.59514,253.99365,268.44385,279.57572,287.37146,292.0996,294.21593,294.2592,292.76359,290.19979,286.94615,283.28426,279.40991,275.45076,271.48444,267.55341,263.67573,259.85226,256.07168,212.1964348676549,306.7638960956441,2393.2251,356.93048,994.0002399999998,2.7743899999999826
398,398,398.0,398.0,398.0,398.0,398.0,398.0,398.0,398.0,398.0,398.0,398.0,398.0,398.0,398.0,398.0,398.0,398.0,398.0,398.0,398.0,398.0,398.0,8.0,0.8,222.76655,233.04825,242.76594,251.67039,259.55302,266.26002,271.70466,275.87617,278.84384,280.75594,281.83343,282.35826,282.6559,283.07107,283.9363,285.53462,288.06038,291.58517,296.0378,301.20604,235.9173053013872,360.2205097429213,2750.15558,377.56727999999976,637.0697599999999,2.7743899999999826
399,399,399.0,399.0,399.0,399.0,399.0,399.0,399.0,399.0,399.0,399.0,399.0,399.0,399.0,399.0,399.0,399.0,399.0,399.0,399.0,399.0,399.0,399.0,9.0,0.9,240.05986,244.22812,248.43245,252.65804,256.86409,260.99291,264.98684,268.80908,272.46409,276.01348,279.58464,283.36992,287.61499,292.5957,298.58392,305.80506,314.39314,324.35177,335.53107,347.62896,329.04657982303945,357.3608947048258,3127.72286,259.5024800000001,259.5024800000001,2.7743899999999826
400,400,400.0,400.0,400.0,400.0,400.0,400.0,400.0,400.0,400.0,400.0,400.0,400.0,400.0,400.0,400.0,400.0,400.0,400.0,400.0,400.0,400.0,400.0,0.0,0.0,273.0,273.0,273.0,273.0,273.0,273.0,273.0,273.0,273.0,273.0,273.0,273.0,273.0,273.0,273.0,273.0,273.0,273.0,273.0,273.0,280.7245458538484,191.15219737037097,0.0,495.94067,8678.17568,-40.0
401,401,401.0,401.0,401.0,401.0,401.0,401.0,401.0,401.0,401.0,401.0,401.0,401.0,401.0,401.0,401.0,401.0,401.0,401.0,401.0,401.0,401.0,401.0,1.0,0.1,279.40593,278.14589,276.99393,275.98291,275.12404,274.40404,273.78367,273.19597,272.54284,271.68976,270.45997,268.6312,265.93953,262.09506,256.81259,249.85652,241.09408,230.54548,218.41679,205.10265,217.03311602202268,224.8742939357636,495.94067,693.2480800000001,8182.23501,-38.59595999999999
402,402,402.0,402.0,402.0,402.0,402.0,402.0,402.0,402.0,402.0,402.0,402.0,402.0,402.0,402.0,402.0,402.0,402.0,402.0,402.0,402.0,402.0,402.0,2.0,0.2,226.82204,236.11095,244.46368,251.55665,257.20242,261.34578,264.03815,265.40064,265.58709,264.75586,263.05458,260.61715,257.56868,254.03273,250.13521,246.00187,241.74893,237.47001,233.22426,229.03099,226.22114855487555,180.5027228260309,1189.18875,920.0884600000002,7488.98693,-51.65422000000001
403,403,403.0,403.0,403.0,403.0,403.0,403.0,403.0,403.0,403.0,403.0,403.0,403.0,403.0,403.0,403.0,403.0,403.0,403.0,403.0,403.0,403.0,403.0,3.0,0.3,231.0855,235.81815,240.28893,244.37156,247.94713,250.90815,253.16199,254.63212,255.2563,254.98129,253.75548,251.5215,248.21228,243.75361,238.0755,231.13232,222.9286,213.54456,203.15347,192.02384,190.22487099233456,321.59063932853763,2109.27721,1130.6847199999995,6568.89847,-62.09185
404,404,404.0,404.0,404.0,404.0,404.0,404.0,404.0,404.0,404.0,404.0,404.0,404.0,404.0,404.0,404.0,404.0,404.0,404.0,404.0,404.0,404.0,404.0,4.0,0.4,199.92845,209.24512,217.82933,225.40986,231.80943,236.94973,240.84588,243.59653,245.37585,246.43141,247.08743,247.74826,248.89373,251.0566,254.7753,260.52184,268.61404,279.13089,291.85523,306.26585,209.42124490306165,271.59250920658656,3239.96193,1081.95681,5438.213750000001,-76.05027000000001
405,405,405.0,405.0,405.0,405.0,405.0,405.0,405.0,405.0,405.0,405.0,405.0,405.0,405.0,405.0,405.0,405.0,405.0,405.0,405.0,405.0,405.0,405.0,5.0,0.5,213.19114,216.96116,220.7237,224.45911,228.1372,231.72392,235.19114,238.52557,241.73345,244.83856,247.87339,250.86576,253.82484,256.7315,259.53728,262.17411,264.57349,266.69008,268.52234,270.12266,279.33395008143106,250.75592268362976,4321.91874,1042.4973600000003,4356.25694,-81.27608000000001
406,406,406.0,406.0,406.0,406.0,406.0,406.0,406.0,406.0,406.0,406.0,406.0,406.0,406.0,406.0,406.0,406.0,406.0,406.0,406.0,406.0,406.0,406.0,6.0,0.6,271.05749,263.31124,256.55109,251.10119,247.12479,244.62623,243.47831,243.46388,244.31963,245.77253,247.56417,249.46335,251.27018,252.81675,253.96864,254.62964,254.74944,254.33189,253.43985,252.19291,303.45674821542264,246.2772355434597,5364.4161,923.7293199999996,3313.75958,-68.37377000000001
407,407,407.0,407.0,407.0,407.0,407.0,407.0,407.0,407.0,407.0,407.0,407.0,407.0,407.0,407.0,407.0,407.0,407.0,407.0,407.0,407.0,407.0,407.0,7.0,0.7,294.37289,285.6529,277.621,270.52949,264.53917,259.7143,256.03056,253.39201,251.65225,250.63557,250.15537,250.02871,250.08705,250.1841,250.2016,250.05363,249.6895,249.09486,248.29024,247.32653,223.70918395324315,309.1520465642948,6288.14542,834.8719600000004,2390.0302600000005,-53.28570000000002
408,408,408.0,408.0,408.0,408.0,408.0,408.0,408.0,408.0,408.0,408.0,408.0,408.0,408.0,408.0,408.0,408.0,408.0,408.0,408.0,408.0,408.0,408.0,8.0,0.8,230.73522,237.29206,242.98632,247.55798,250.90785,253.09229,254.29237,254.77012,254.82546,254.76392,254.87897,255.44674,256.72667,258.96,262.35922,267.08609,273.22068,280.72947,289.44354,299.05708,230.6275286189585,267.45120344260016,7123.01738,782.2730499999998,1555.1583,-59.90771000000001
409,409,409.0,409.0,409.0,409.0,409.0,409.0,409.0,409.0,409.0,409.0,409.0,409.0,409.0,409.0,409.0,409.0,409.0,409.0,409.0,409.0,409.0,409.0,9.0,0.9,233.82128,236.94927,239.95143,242.77908,245.40021,247.80365,250.00077,252.0236,253.9188,255.73742,257.5221,259.29401,261.043,262.72428,264.26411,265.57518,266.57911,267.23099,267.53886,267.57157,309.2357625945376,238.6675024653705,7905.29043,772.8852500000003,772.8852500000003,-65.19635
410,410,410.0,410.0,410.0,410.0,410.0,410.0,410.0,410.0,410.0,410.0,410.0,410.0,410.0,410.0,410.0,410.0,410.0,410.0,410.0,410.0,410.0,410.0,0.0,0.0,273.0,273.0,273.0,273.0,273.0,273.0,273.0,273.0,273.0,273.0,273.0,273.0,273.0,273.0,273.0,273.0,273.0,273.0,273.0,273.0,286.56364909994267,371.5886862417729,0.0,395.26104,4109.03964,-40.0
411,411,411.0,411.0,411.0,411.0,411.0,411.0,411.0,411.0,411.0,411.0,411.0,411.0,411.0,411.0,411.0,411.0,411.0,411.0,411.0,411.0,411.0,411.0,1.0,0.1,284.25428,282.05219,280.05124,278.32219,276.90937,275.83482,275.1094,274.74914,274.79443,275.32915,276.4965,278.50748,281.63719,286.20462,292.53322,300.89415,311.43983,324.14162,338.749,354.7854,270.5118560153391,329.680952915469,395.26104,233.89226,3713.7786,-37.16518000000002
412,412,412.0,412.0,412.0,412.0,412.0,412.0,412.0,412.0,412.0,412.0,412.0,412.0,412.0,412.0,412.0,412.0,412.0,412.0,412.0,412.0,412.0,412.0,2.0,0.2,271.7686,272.96956,274.07644,275.08206,276.0174,276.95091,277.98115,279.22445,280.7998,282.81314,285.34259,288.42637,292.05519,296.17112,300.67464,305.4401,310.33766,315.25725,320.12824,324.92874,215.66729059303145,351.5126937546362,629.1533,208.83747000000005,3479.88634,-36.04908999999998
413,413,413.0,413.0,413.0,413.0,413.0,413.0,413.0,413.0,413.0,413.0,413.0,413.0,413.0,413.0,413.0,413.0,413.0,413.0,413.0,413.0,413.0,413.0,3.0,0.3,226.22104,236.36928,245.76702,254.17657,261.4914,267.73462,273.03649,277.59989,281.66357,285.47104,289.24912,293.1966,297.48,302.23279,307.55426,313.50582,320.10486,327.318,335.0573,343.18271,200.59086900102145,271.6504205431286,837.99077,269.02471,3271.04887,-45.26537999999999
414,414,414.0,414.0,414.0,414.0,414.0,414.0,414.0,414.0,414.0,414.0,414.0,414.0,414.0,414.0,414.0,414.0,414.0,414.0,414.0,414.0,414.0,414.0,4.0,0.4,211.30279,221.77749,231.80399,241.21865,249.91689,257.85402,265.03545,271.49853,277.28911,282.43657,286.93106,290.70726,293.63898,295.54877,296.23472,295.51322,293.27149,289.51852,284.42058,278.30854,269.2228974423137,192.3351039404584,1107.01548,417.3493799999999,3002.02416,-55.14598000000001
415,415,415.0,415.0,415.0,415.0,415.0,415.0,415.0,415.0,415.0,415.0,415.0,415.0,415.0,415.0,415.0,415.0,415.0,415.0,415.0,415.0,415.0,415.0,5.0,0.5,266.53065,264.25551,262.74448,262.22012,262.7525,264.25966,266.53068,269.26073,272.08657,274.61458,276.43856,277.15031,276.34927,273.6592,268.75721,261.41604,251.55408,239.28156,224.92829,209.03977,285.61370459443435,270.1151362629029,1524.36486,552.89319,2584.6747800000003,-48.74034
416,416,416.0,416.0,416.0,416.0,416.0,416.0,416.0,416.0,416.0,416.0,416.0,416.0,416.0,416.0,416.0,416.0,416.0,416.0,416.0,416.0,416.0,416.0,6.0,0.6,282.30425,279.19652,276.4612,274.21279,272.4947,271.27672,270.46458,269.91956,269.48475,269.01453,268.40332,267.60922,266.66798,265.69277,264.85671,264.35838,264.37548,265.01645,266.28324,268.05721,268.2921304470662,336.6640883103496,2077.25805,500.11247,2031.78159,-41.72327999999999
417,417,417.0,417.0,417.0,417.0,417.0,417.0,417.0,417.0,417.0,417.0,417.0,417.0,417.0,417.0,417.0,417.0,417.0,417.0,417.0,417.0,417.0,417.0,7.0,0.7,269.06851,269.76284,270.30735,270.65976,270.80935,270.7781,270.61859,270.41136,270.26426,270.31463,270.73325,271.72707,273.53589,276.4187,280.62677,286.36413,293.7412,302.73138,313.14312,324.61857,224.9964553528544,241.87119816436643,2577.37052,429.68461000000025,1531.66912,-42.221900000000005
418,418,418.0,418.0,418.0,418.0,418.0,418.0,418.0,418.0,418.0,418.0,418.0,418.0,418.0,418.0,418.0,418.0,418.0,418.0,418.0,418.0,418.0,418.0,8.0,0.8,232.78272,240.2302,247.04977,253.04045,258.10865,262.2657,265.6062,268.27337,270.41877,272.16323,273.56439,274.59535,275.1383,274.99647,273.92619,271.6872,268.10419,263.12686,256.87282,249.63858,253.29858680419568,281.3348533565428,3007.05513,546.2219799999998,1101.9845099999998,-50.73430000000002
419,419,419.0,419.0,419.0,419.0,419.0,419.0,419.0,419.0,419.0,419.0,419.0,419.0,419.0,419.0,419.0,419.0,419.0,419.0,419.0,419.0,419.0,419.0,9.0,0.9,254.16232,255.12754,256.27255,257.63521,259.20582,260.93083,262.72546,264.49143,266.13579,267.58742,268.80954,269.8069,270.62714,271.35553,272.10277,272.9862,274.10682,275.52637,277.25045,279.22293,272.58877017008246,252.30676413772272,3553.27711,555.76253,555.76253,-52.06916999999999
420,420,420.0,420.0,420.0,420.0,420.0,420.0,420.0,420.0,420.0,420.0,420.0,420.0,420.0,420.0,420.0,420.0,420.0,420.0,420.0,420.0,420.0,420.0,0.0,0.0,273.0,273.0,273.0,273.0,273.0,273.0,273.0,273.0,273.0,273.0,273.0,273.0,273.0,273.0,273.0,273.0,273.0,273.0,273.0,273.0,326.4814407037259,364.3675753431427,0.0,383.20645,5187.255919999999,-40.0
421,421,421.0,421.0,421.0,421.0,421.0,421.0,421.0,421.0,421.0,421.0,421.0,421.0,421.0,421.0,421.0,421.0,421.0,421.0,421.0,421.0,421.0,421.0,1.0,0.1,317.36824,308.67259,300.75608,293.88175,288.19406,283.72428,280.41736,278.17256,276.88811,276.50195,277.02211,278.5426,281.24179,285.36126,291.16488,298.88139,308.63857,320.40223,333.93601,348.79606,257.36651735374176,228.8470546942143,383.20645,246.14044,4804.049469999999,-29.27571999999998
422,422,422.0,422.0,422.0,422.0,422.0,422.0,422.0,422.0,422.0,422.0,422.0,422.0,422.0,422.0,422.0,422.0,422.0,422.0,422.0,422.0,422.0,422.0,2.0,0.2,262.82824,267.92821,272.36979,275.9703,278.68245,280.58507,281.84789,282.68001,283.27324,283.75009,284.12364,284.27474,283.95093,282.79105,280.3771,276.31044,270.30201,262.25869,252.3432,240.98722,267.623198511356,173.84327499372702,629.34689,413.4982,4557.909029999999,-32.41493000000003
423,423,423.0,423.0,423.0,423.0,423.0,423.0,423.0,423.0,423.0,423.0,423.0,423.0,423.0,423.0,423.0,423.0,423.0,423.0,423.0,423.0,423.0,423.0,3.0,0.3,269.34698,271.04855,272.70007,274.26349,275.68741,276.90499,277.83216,278.36473,278.37422,277.70278,276.15925,273.51936,269.53384,263.94735,256.52955,247.11623,235.65449,222.2424,207.15192,190.82566,233.4075035160382,215.1936554247148,1042.84509,669.72334,4144.410829999999,-36.09501
424,424,424.0,424.0,424.0,424.0,424.0,424.0,424.0,424.0,424.0,424.0,424.0,424.0,424.0,424.0,424.0,424.0,424.0,424.0,424.0,424.0,424.0,424.0,4.0,0.4,240.47679,247.21676,253.33211,258.5875,262.82056,265.94068,267.91689,268.76074,268.51037,267.22024,264.95831,261.80932,257.88034,253.30405,248.2356,242.84109,237.27884,231.67781,226.11986,220.63214,363.4265508245823,190.4160459871969,1712.56843,806.6705,3474.68749,-47.059320000000014
425,425,425.0,425.0,425.0,425.0,425.0,425.0,425.0,425.0,425.0,425.0,425.0,425.0,425.0,425.0,425.0,425.0,425.0,425.0,425.0,425.0,425.0,425.0,5.0,0.5,345.89358,329.20822,314.08636,301.01358,290.19595,281.56671,274.84094,269.59582,265.35291,261.64595,258.06518,254.27781,250.03045,245.14193,239.49445,233.02813,225.74044,217.68888,208.99249,199.82769,364.3909660132615,249.0854443034348,2519.23893,795.8885599999999,2668.01699,-31.43329
426,426,426.0,426.0,426.0,426.0,426.0,426.0,426.0,426.0,426.0,426.0,426.0,426.0,426.0,426.0,426.0,426.0,426.0,426.0,426.0,426.0,426.0,426.0,6.0,0.6,351.67948,339.22321,327.25493,315.96579,305.49179,295.90801,287.2312,279.43044,272.44451,266.20342,260.65097,255.76401,251.5641,248.11733,245.52003,243.87076,243.23317,243.59822,244.85629,246.78895,317.7358816384071,295.71047968950137,3315.12749,617.84708,1872.12843,-17.09199000000001
427,427,427.0,427.0,427.0,427.0,427.0,427.0,427.0,427.0,427.0,427.0,427.0,427.0,427.0,427.0,427.0,427.0,427.0,427.0,427.0,427.0,427.0,427.0,7.0,0.7,314.89668,311.82442,308.33085,304.30695,299.73949,294.70896,289.37255,283.93965,278.64742,273.74216,269.46805,266.06157,263.74731,262.73006,263.17957,265.20723,268.83764,273.98212,280.4227,287.8145,217.30219989414127,255.76837918023224,3932.97457,461.0494599999997,1254.2813499999995,-18.29104000000001
428,428,428.0,428.0,428.0,428.0,428.0,428.0,428.0,428.0,428.0,428.0,428.0,428.0,428.0,428.0,428.0,428.0,428.0,428.0,428.0,428.0,428.0,428.0,8.0,0.8,230.51304,242.92037,253.83543,262.77339,269.49947,274.02689,276.57408,277.49672,277.21241,276.1327,274.61155,272.91363,271.20197,269.54244,267.92187,266.27616,264.52358,262.59744,260.47123,258.17049,287.5179752064121,321.73099453835266,4394.02403,472.6547700000001,793.23189,-38.97311000000002
429,429,429.0,429.0,429.0,429.0,429.0,429.0,429.0,429.0,429.0,429.0,429.0,429.0,429.0,429.0,429.0,429.0,429.0,429.0,429.0,429.0,429.0,429.0,9.0,0.9,283.81661,280.39982,277.49819,275.24913,273.68244,272.73245,272.27125,272.15265,272.25582,272.52004,272.9656,273.69913,274.90365,276.81435,279.68179,283.72576,289.0858,295.77718,303.66326,312.45338,337.1663882597154,340.7184778679797,4866.6788,320.5771199999999,320.5771199999999,-40.26755000000003
430,430,430.0,430.0,430.0,430.0,430.0,430.0,430.0,430.0,430.0,430.0,430.0,430.0,430.0,430.0,430.0,430.0,430.0,430.0,430.0,430.0,430.0,430.0,0.0,0.0,273.0,273.0,273.0,273.0,273.0,273.0,273.0,273.0,273.0,273.0,273.0,273.0,273.0,273.0,273.0,273.0,273.0,273.0,273.0,273.0,260.90622937202454,281.6359021366151,0.0,448.98474,3403.77792,1.2306199999999876
431,431,431.0,431.0,431.0,431.0,431.0,431.0,431.0,431.0,431.0,431.0,431.0,431.0,431.0,431.0,431.0,431.0,431.0,431.0,431.0,431.0,431.0,431.0,1.0,0.1,262.96774,264.93535,266.72815,268.28822,269.58589,270.61958,271.41137,272.00021,272.4348,272.76789,273.0525,273.34007,273.67956,274.11647,274.69077,275.43355,276.36252,277.47766,278.75839,280.16368,196.8942437485209,326.7973621613304,448.98474,468.78148,2954.79318,1.2306199999999876
432,432,432.0,432.0,432.0,432.0,432.0,432.0,432.0,432.0,432.0,432.0,432.0,432.0,432.0,432.0,432.0,432.0,432.0,432.0,432.0,432.0,432.0,432.0,2.0,0.2,209.2817,221.14144,232.01698,241.57866,249.65295,256.22289,261.40506,265.41304,268.51898,271.02138,273.22352,275.42127,277.89631,280.90897,284.686,289.40155,295.15316,301.93871,309.64205,318.03468,357.1696198385296,364.0399577398659,917.76622,394.9650100000001,2486.0117,1.2306199999999876
433,433,433.0,433.0,433.0,433.0,433.0,433.0,433.0,433.0,433.0,433.0,433.0,433.0,433.0,433.0,433.0,433.0,433.0,433.0,433.0,433.0,433.0,433.0,3.0,0.3,338.91808,321.73749,306.54342,293.97811,284.35548,277.67484,273.69057,272.01266,272.21062,273.89891,276.7917,280.72482,285.64897,291.60167,298.66606,306.92376,316.40919,327.0723,338.75649,351.1968,366.42294677114114,220.8300625132076,1312.73123,202.8868399999999,2091.04669,1.2306199999999876
434,434,434.0,434.0,434.0,434.0,434.0,434.0,434.0,434.0,434.0,434.0,434.0,434.0,434.0,434.0,434.0,434.0,434.0,434.0,434.0,434.0,434.0,434.0,4.0,0.4,353.31505,340.65657,328.86167,318.27872,309.16775,301.68703,295.88762,291.71304,289.00059,287.48246,286.78659,286.4411,285.88858,284.51795,281.71931,276.96122,269.88147,260.37253,248.63788,235.19724,365.5735640442326,236.86983723736023,1515.61807,297.98533,1888.15985,1.2306199999999876
435,435,435.0,435.0,435.0,435.0,435.0,435.0,435.0,435.0,435.0,435.0,435.0,435.0,435.0,435.0,435.0,435.0,435.0,435.0,435.0,435.0,435.0,435.0,5.0,0.5,355.98112,346.58797,337.57924,329.11252,321.30626,314.23062,307.90185,302.28097,297.27716,292.75633,288.55408,284.49225,280.39705,276.11653,271.53488,266.58155,261.23421,255.51573,249.48675,243.23592,255.9069351899948,241.0512287137405,1813.6034,338.56795999999986,1590.17452,1.2306199999999876
436,436,436.0,436.0,436.0,436.0,436.0,436.0,436.0,436.0,436.0,436.0,436.0,436.0,436.0,436.0,436.0,436.0,436.0,436.0,436.0,436.0,436.0,436.0,6.0,0.6,266.50526,276.34275,284.76899,291.32835,295.80059,298.19361,298.69723,297.6155,295.29656,292.07517,288.23554,283.99553,279.50745,274.86933,270.13991,265.35294,260.52803,255.67757,250.81035,245.93311,281.516908050175,337.6018340735292,2152.17136,313.1146200000003,1251.6065600000002,1.2306199999999876
437,437,437.0,437.0,437.0,437.0,437.0,437.0,437.0,437.0,437.0,437.0,437.0,437.0,437.0,437.0,437.0,437.0,437.0,437.0,437.0,437.0,437.0,437.0,7.0,0.7,283.03619,284.49978,285.84419,286.99467,287.86909,288.38943,288.49902,288.18243,287.48449,286.52554,285.51015,284.72681,284.53542,285.3394,287.54101,291.48174,297.37541,305.24717,314.89462,325.88589,276.4480355927054,232.84817814536507,2465.28598,240.96189000000004,938.49194,1.2306199999999876
438,438,438.0,438.0,438.0,438.0,438.0,438.0,438.0,438.0,438.0,438.0,438.0,438.0,438.0,438.0,438.0,438.0,438.0,438.0,438.0,438.0,438.0,438.0,8.0,0.8,278.23324,279.94253,281.50925,282.88358,284.0369,284.962,285.66846,286.17306,286.4855,286.59059,286.42946,285.88381,284.76907,282.84258,279.83117,275.47846,269.60541,262.17118,253.31702,243.3772,198.1469234250256,330.4305576876242,2706.24787,330.00461,697.5300499999998,1.2306199999999876
439,439,439.0,439.0,439.0,439.0,439.0,439.0,439.0,439.0,439.0,439.0,439.0,439.0,439.0,439.0,439.0,439.0,439.0,439.0,439.0,439.0,439.0,439.0,9.0,0.9,212.7394,226.68414,239.41764,250.526,259.77875,267.12846,272.68293,276.66302,279.36034,281.10516,282.24863,283.15693,284.20951,285.79183,288.27444,291.97552,297.11099,303.74368,311.74778,320.8035,251.11533382084207,272.8794293156602,3036.25248,367.5254399999999,367.5254399999999,1.2306199999999876
440,440,440.0,440.0,440.0,440.0,440.0,440.0,440.0,440.0,440.0,440.0,440.0,440.0,440.0,440.0,440.0,440.0,440.0,440.0,440.0,440.0,440.0,440.0,0.0,0.0,273.0,273.0,273.0,273.0,273.0,273.0,273.0,273.0,273.0,273.0,273.0,273.0,273.0,273.0,273.0,273.0,273.0,273.0,273.0,273.0,344.77590700429846,285.1464705884444,0.0,414.81221,4988.74662,-40.0
441,441,441.0,441.0,441.0,441.0,441.0,441.0,441.0,441.0,441.0,441.0,441.0,441.0,441.0,441.0,441.0,441.0,441.0,441.0,441.0,441.0,441.0,441.0,1.0,0.1,332.54264,320.8677,310.23331,300.98637,293.30957,287.22423,282.62019,279.30128,277.03399,275.58903,274.77034,274.42998,274.47063,274.839,275.51343,276.48865,277.76036,279.31191,281.10527,283.07799,282.70008774065514,247.16392338332977,414.81221,355.30943,4573.93441,-25.775770000000023
442,442,442.0,442.0,442.0,442.0,442.0,442.0,442.0,442.0,442.0,442.0,442.0,442.0,442.0,442.0,442.0,442.0,442.0,442.0,442.0,442.0,442.0,442.0,2.0,0.2,284.62345,286.26648,287.4012,287.89075,287.7053,286.91319,285.65235,284.09112,282.38873,280.6632,278.97108,277.30037,275.57555,273.67317,271.44587,268.75196,265.48691,261.61108,257.16768,252.28549,173.2107091178369,251.1255507235244,770.12164,451.3833100000001,4218.62498,-26.08681000000001
443,443,443.0,443.0,443.0,443.0,443.0,443.0,443.0,443.0,443.0,443.0,443.0,443.0,443.0,443.0,443.0,443.0,443.0,443.0,443.0,443.0,443.0,443.0,3.0,0.3,192.30584,210.48091,226.93807,241.09644,252.64044,261.51682,267.88902,272.06651,274.42908,275.36184,275.21033,274.25729,272.71778,270.7466,268.45164,265.90836,263.17219,260.28758,257.29373,254.22765,340.14228156259736,200.8637616063804,1221.50495,608.8731399999999,3767.24167,-51.48318
444,444,444.0,444.0,444.0,444.0,444.0,444.0,444.0,444.0,444.0,444.0,444.0,444.0,444.0,444.0,444.0,444.0,444.0,444.0,444.0,444.0,444.0,444.0,4.0,0.4,324.82377,310.46179,297.85717,287.53693,279.69939,274.22747,270.75653,268.77033,267.6975,266.98729,266.15503,264.79899,262.59797,259.30219,254.72797,248.76244,241.37783,232.64956,222.76888,212.04108,254.9716800876741,196.57069996602883,1830.37809,704.9329700000001,3158.36853,-38.77253000000002
445,445,445.0,445.0,445.0,445.0,445.0,445.0,445.0,445.0,445.0,445.0,445.0,445.0,445.0,445.0,445.0,445.0,445.0,445.0,445.0,445.0,445.0,445.0,5.0,0.5,259.61317,263.84746,267.3327,269.84016,271.27275,271.65272,271.0857,269.71396,267.6724,265.05717,261.91148,258.22758,253.96093,249.05083,243.44241,237.1063,230.05324,222.34247,214.08334,205.43008,290.2704031503455,342.2384055848988,2535.31106,758.7087799999999,2453.43556,-41.34728000000001
446,446,446.0,446.0,446.0,446.0,446.0,446.0,446.0,446.0,446.0,446.0,446.0,446.0,446.0,446.0,446.0,446.0,446.0,446.0,446.0,446.0,446.0,446.0,6.0,0.6,286.41195,282.68908,279.20958,276.0335,273.16674,270.57033,268.18321,265.95389,263.87541,262.01834,260.55659,259.78051,260.091,261.9688,265.91583,272.3712,281.61323,293.66699,308.24234,324.72587,372.8811618742217,231.37672655442623,3294.01984,508.5521400000002,1694.72678,-42.42966999999999
447,447,447.0,447.0,447.0,447.0,447.0,447.0,447.0,447.0,447.0,447.0,447.0,447.0,447.0,447.0,447.0,447.0,447.0,447.0,447.0,447.0,447.0,447.0,7.0,0.7,355.71699,339.24835,324.08292,310.6727,299.27957,289.97722,282.68175,277.1968,273.25785,270.56436,268.79506,267.60952,266.64449,265.51637,263.83912,261.26185,257.52186,252.50087,246.26657,239.08255,283.5636785802805,364.2490803875498,3802.57198,418.38232000000016,1186.1746399999995,-23.02278000000001
448,448,448.0,448.0,448.0,448.0,448.0,448.0,448.0,448.0,448.0,448.0,448.0,448.0,448.0,448.0,448.0,448.0,448.0,448.0,448.0,448.0,448.0,448.0,8.0,0.8,286.23966,288.48935,289.9643,290.4524,289.9044,288.42635,286.24658,283.67162,281.0464,278.72888,277.08215,276.47864,277.3056,279.95915,284.81656,292.1839,302.22588,314.89447,329.87896,346.59857,242.15643641428795,225.43906380650697,4220.9543,285.86852,767.7923199999996,-24.573649999999983
449,449,449.0,449.0,449.0,449.0,449.0,449.0,449.0,449.0,449.0,449.0,449.0,449.0,449.0,449.0,449.0,449.0,449.0,449.0,449.0,449.0,449.0,449.0,9.0,0.9,249.73984,256.92938,263.38792,268.87967,273.29379,276.64373,279.04404,280.67076,281.71267,282.32128,282.56643,282.40445,281.66568,280.06778,277.25835,272.8852,266.68421,258.56637,248.68072,237.43162,175.50572449619492,234.6261449029492,4506.82282,481.9237999999996,481.9237999999996,-36.35627
450,450,450.0,450.0,450.0,450.0,450.0,450.0,450.0,450.0,450.0,450.0,450.0,450.0,450.0,450.0,450.0,450.0,450.0,450.0,450.0,450.0,450.0,450.0,0.0,0.0,273.0,273.0,273.0,273.0,273.0,273.0,273.0,273.0,273.0,273.0,273.0,273.0,273.0,273.0,273.0,273.0,273.0,273.0,273.0,273.0,199.08118689694965,186.05143140246253,0.0,546.99197,4396.01125,-40.0
451,451,451.0,451.0,451.0,451.0,451.0,451.0,451.0,451.0,451.0,451.0,451.0,451.0,451.0,451.0,451.0,451.0,451.0,451.0,451.0,451.0,451.0,451.0,1.0,0.1,211.6779,223.69821,234.64346,244.15223,252.02885,258.2375,262.86719,266.07888,268.04771,268.9114,268.73251,267.4787,265.02331,261.16689,255.67853,248.35327,239.07708,227.88678,215.00964,200.86928,243.49840063911927,288.93071826498027,546.99197,799.0650699999999,3849.01928,-54.76249999999999
452,452,452.0,452.0,452.0,452.0,452.0,452.0,452.0,452.0,452.0,452.0,452.0,452.0,452.0,452.0,452.0,452.0,452.0,452.0,452.0,452.0,452.0,452.0,2.0,0.2,244.72296,246.06139,247.59242,249.33425,251.23528,253.18307,255.02803,256.61641,257.82564,258.59638,258.957,259.0369,259.06529,259.35236,260.25094,262.10027,265.15937,269.54286,275.17624,281.78571,294.191549822611,338.32412134755896,1346.05704,684.5783000000001,3049.95421,-59.81693000000001
453,453,453.0,453.0,453.0,453.0,453.0,453.0,453.0,453.0,453.0,453.0,453.0,453.0,453.0,453.0,453.0,453.0,453.0,453.0,453.0,453.0,453.0,453.0,3.0,0.3,287.06024,280.31757,274.29788,269.24007,265.26881,262.40044,260.56975,259.66924,259.59118,260.26402,261.67741,263.89243,267.03626,271.28147,276.81212,283.7805,292.26103,302.2102,313.44218,325.62835,246.9557135727765,291.0558600594277,2030.63534,485.5359000000001,2365.37591,-50.59956
454,454,454.0,454.0,454.0,454.0,454.0,454.0,454.0,454.0,454.0,454.0,454.0,454.0,454.0,454.0,454.0,454.0,454.0,454.0,454.0,454.0,454.0,454.0,4.0,0.4,250.41899,253.67133,256.54461,258.94565,260.87056,262.39935,263.67434,264.8691,266.15528,267.67347,269.51164,271.69306,274.17426,276.85312,279.58696,282.21919,284.61092,286.67173,288.38225,289.80155,257.6489473709825,337.29470129532376,2516.17124,455.41750999999977,1879.84001,-50.60064999999997
455,455,455.0,455.0,455.0,455.0,455.0,455.0,455.0,455.0,455.0,455.0,455.0,455.0,455.0,455.0,455.0,455.0,455.0,455.0,455.0,455.0,455.0,455.0,5.0,0.5,258.30107,259.00458,259.80477,260.73675,261.82447,263.08329,264.5254,266.16704,268.03613,270.17934,272.66736,275.5973,279.09031,283.28285,288.31016,294.28256,301.25744,309.21273,318.0294,327.48968,313.49357085094937,356.7843124337783,2971.58875,324.6845900000003,1424.4224999999997,-49.91671000000002
456,456,456.0,456.0,456.0,456.0,456.0,456.0,456.0,456.0,456.0,456.0,456.0,456.0,456.0,456.0,456.0,456.0,456.0,456.0,456.0,456.0,456.0,456.0,6.0,0.6,305.04509,297.0673,289.972,284.06703,279.53416,276.43253,274.72299,274.30458,275.05312,276.85368,279.62222,283.31472,287.9248,293.47201,299.98361,307.47288,315.91733,325.2409,335.30377,345.90288,290.9557432346878,300.62261481627394,3296.27334,186.26386999999977,1099.7379099999994,-36.567470000000014
457,457,457.0,457.0,457.0,457.0,457.0,457.0,457.0,457.0,457.0,457.0,457.0,457.0,457.0,457.0,457.0,457.0,457.0,457.0,457.0,457.0,457.0,457.0,7.0,0.7,289.56014,288.18909,286.88061,285.69511,284.71669,284.0462,283.78762,284.03074,284.83347,286.20663,288.10314,290.41366,292.97014,295.55909,297.94538,299.90538,301.26539,301.93788,301.94619,301.42936,253.16939155297192,227.5988819107043,3482.53721,215.23221999999987,913.4740399999996,-28.9538
458,458,458.0,458.0,458.0,458.0,458.0,458.0,458.0,458.0,458.0,458.0,458.0,458.0,458.0,458.0,458.0,458.0,458.0,458.0,458.0,458.0,458.0,458.0,8.0,0.8,258.76002,264.10799,269.00838,273.32205,276.98739,280.01363,282.45866,284.39723,285.88674,286.9368,287.48776,287.40157,286.46766,284.42529,281.00218,275.96631,269.1833,260.66838,250.61922,239.41825,249.9331600095277,307.644313406921,3697.76943,332.90031,698.2418199999997,-32.98637000000002
459,459,459.0,459.0,459.0,459.0,459.0,459.0,459.0,459.0,459.0,459.0,459.0,459.0,459.0,459.0,459.0,459.0,459.0,459.0,459.0,459.0,459.0,459.0,9.0,0.9,254.54123,259.02874,263.28241,267.20244,270.70688,273.7343,276.24564,278.22663,279.69194,280.69182,281.3202,281.72177,282.09373,282.67747,283.73637,285.51942,288.215,291.90485,296.5309,301.88732,196.24408598642927,306.45609525051793,4030.66974,365.3415099999997,365.3415099999997,-39.26569999999998
460,460,460.0,460.0,460.0,460.0,460.0,460.0,460.0,460.0,460.0,460.0,460.0,460.0,460.0,460.0,460.0,460.0,460.0,460.0,460.0,460.0,460.0,460.0,0.0,0.0,273.0,273.0,273.0,273.0,273.0,273.0,273.0,273.0,273.0,273.0,273.0,273.0,273.0,273.0,273.0,273.0,273.0,273.0,273.0,273.0,352.98870295070026,325.77223202626067,0.0,392.55355,3248.11819,-40.0
461,461,461.0,461.0,461.0,461.0,461.0,461.0,461.0,461.0,461.0,461.0,461.0,461.0,461.0,461.0,461.0,461.0,461.0,461.0,461.0,461.0,461.0,461.0,1.0,0.1,339.3566,326.34747,314.49971,304.20223,295.66255,288.91171,283.83981,280.24987,277.91611,276.63491,276.26124,276.72757,278.04501,280.28823,283.56657,287.98504,293.60129,300.3864,308.19885,316.77962,290.53214339792817,240.8123656107797,392.55355,275.42506000000003,2855.56464,-24.08828999999997
462,462,462.0,462.0,462.0,462.0,462.0,462.0,462.0,462.0,462.0,462.0,462.0,462.0,462.0,462.0,462.0,462.0,462.0,462.0,462.0,462.0,462.0,462.0,2.0,0.2,291.5931,292.40589,292.7745,292.59351,291.86315,290.67916,289.20188,287.61368,286.07435,284.68288,283.45062,282.28894,281.01303,279.36271,277.04021,273.76224,269.31934,263.63148,256.78574,249.04375,293.6131512063396,225.0202889685789,667.97861,349.86089000000004,2580.13958,-22.320839999999976
463,463,463.0,463.0,463.0,463.0,463.0,463.0,463.0,463.0,463.0,463.0,463.0,463.0,463.0,463.0,463.0,463.0,463.0,463.0,463.0,463.0,463.0,463.0,3.0,0.3,292.95649,292.27483,291.54378,290.73985,289.84027,288.82181,287.65861,286.31885,284.76091,282.92963,280.75394,278.14722,275.01154,271.24654,266.76283,261.49853,255.43649,248.61856,241.15307,233.21251,301.6828355157229,302.3651995567828,1017.8395,398.37303,2230.27869,-24.17818999999997
464,464,464.0,464.0,464.0,464.0,464.0,464.0,464.0,464.0,464.0,464.0,464.0,464.0,464.0,464.0,464.0,464.0,464.0,464.0,464.0,464.0,464.0,464.0,4.0,0.4,299.37103,297.09397,294.87784,292.7341,290.65728,288.62763,286.61868,284.60858,282.59421,280.60611,278.72207,277.07591,275.85788,275.30243,275.66112,277.16125,279.95593,284.07602,289.39707,295.63333,357.2178054983139,340.7150865803436,1416.21253,282.76172,1831.90566,-24.37236999999999
465,465,465.0,465.0,465.0,465.0,465.0,465.0,465.0,465.0,465.0,465.0,465.0,465.0,465.0,465.0,465.0,465.0,465.0,465.0,465.0,465.0,465.0,465.0,5.0,0.5,345.61543,334.45926,324.13786,314.93833,307.02578,300.44844,295.16416,291.07937,288.09023,286.11765,285.13057,285.1551,286.26945,288.586,292.22276,297.26809,303.7439,311.57427,320.56702,330.41435,337.62689288642866,219.3329113167766,1698.97425,193.23543999999995,1549.1439400000002,-12.551559999999997
466,466,466.0,466.0,466.0,466.0,466.0,466.0,466.0,466.0,466.0,466.0,466.0,466.0,466.0,466.0,466.0,466.0,466.0,466.0,466.0,466.0,466.0,466.0,6.0,0.6,332.39353,327.19808,322.08954,317.13489,312.41897,308.03618,304.07508,300.59797,297.6181,295.07753,292.82891,290.62564,288.12565,284.91423,280.54957,274.62936,266.86989,257.18161,245.72057,232.89723,252.92323732236463,363.8466989265728,1892.20969,224.31479999999988,1355.9085000000002,-4.963819999999998
467,467,467.0,467.0,467.0,467.0,467.0,467.0,467.0,467.0,467.0,467.0,467.0,467.0,467.0,467.0,467.0,467.0,467.0,467.0,467.0,467.0,467.0,467.0,7.0,0.7,262.69708,271.85706,279.87708,286.38645,291.204,294.33614,295.9467,296.31314,295.78441,294.75157,293.63489,292.8828,292.97229,294.39783,297.63828,303.09858,311.03334,321.46965,334.15321,348.54011,202.0930433114569,202.0604295270477,2116.52449,190.0797300000004,1131.5937000000004,-18.66386
468,468,468.0,468.0,468.0,468.0,468.0,468.0,468.0,468.0,468.0,468.0,468.0,468.0,468.0,468.0,468.0,468.0,468.0,468.0,468.0,468.0,468.0,468.0,8.0,0.8,216.7978,230.92096,243.95198,255.50774,265.36324,273.45272,279.84349,284.6896,288.17468,290.45308,291.59766,291.5625,290.16824,287.11747,282.04433,274.59605,264.53477,251.838,236.77046,219.90229,316.778185687226,179.12528321559915,2306.60422,416.1030799999999,941.51397,-39.54728
469,469,469.0,469.0,469.0,469.0,469.0,469.0,469.0,469.0,469.0,469.0,469.0,469.0,469.0,469.0,469.0,469.0,469.0,469.0,469.0,469.0,469.0,469.0,9.0,0.9,307.97345,299.81082,292.82102,287.33823,283.4587,281.04712,279.78141,279.2186,278.86303,278.22292,276.84879,274.35453,270.42684,264.83011,257.41247,248.11558,236.98678,224.18937,210.00541,194.82575,342.46609899242213,299.72504272186825,2722.7073,525.4108900000001,525.4108900000001,-31.95288
470,470,470.0,470.0,470.0,470.0,470.0,470.0,470.0,470.0,470.0,470.0,470.0,470.0,470.0,470.0,470.0,470.0,470.0,470.0,470.0,470.0,470.0,470.0,0.0,0.0,273.0,273.0,273.0,273.0,273.0,273.0,273.0,273.0,273.0,273.0,273.0,273.0,273.0,273.0,273.0,273.0,273.0,273.0,273.0,273.0,187.78829872596856,368.7247673458168,0.0,454.23481,3903.79417,1.620929999999987
471,471,471.0,471.0,471.0,471.0,471.0,471.0,471.0,471.0,471.0,471.0,471.0,471.0,471.0,471.0,471.0,471.0,471.0,471.0,471.0,471.0,471.0,471.0,1.0,0.1,202.31432,216.17945,228.81449,239.81332,248.97035,256.28096,261.91223,266.15779,269.39149,272.03096,274.51513,277.29299,280.81582,285.52329,291.81581,300.01089,310.28889,322.64046,336.83235,352.40714,237.955461340116,280.2387147062434,454.23481,445.35713,3449.55936,1.620929999999987
472,472,472.0,472.0,472.0,472.0,472.0,472.0,472.0,472.0,472.0,472.0,472.0,472.0,472.0,472.0,472.0,472.0,472.0,472.0,472.0,472.0,472.0,472.0,2.0,0.2,239.8593,241.94653,244.36579,247.20621,250.48852,254.17263,258.17643,262.39749,266.72932,271.06704,275.30159,279.30678,282.92668,285.97209,288.23306,289.50966,289.65686,288.63271,286.53485,283.61152,277.61488328940504,248.4671325640745,899.59194,470.4749300000001,3004.20223,1.620929999999987
473,473,473.0,473.0,473.0,473.0,473.0,473.0,473.0,473.0,473.0,473.0,473.0,473.0,473.0,473.0,473.0,473.0,473.0,473.0,473.0,473.0,473.0,473.0,3.0,0.3,273.71781,270.16643,267.2583,265.20486,264.11036,263.96949,264.68064,266.0685,267.9089,269.95073,271.93255,273.59447,274.68798,274.98708,274.30344,272.50575,269.54121,265.45429,260.39657,254.62229,279.30399819834946,214.5222012648825,1370.06687,534.6048999999998,2533.7273,1.620929999999987
474,474,474.0,474.0,474.0,474.0,474.0,474.0,474.0,474.0,474.0,474.0,474.0,474.0,474.0,474.0,474.0,474.0,474.0,474.0,474.0,474.0,474.0,474.0,4.0,0.4,277.20514,275.21873,273.44439,271.95751,270.80032,269.97592,269.44557,269.12869,268.90507,268.61893,268.08483,267.09593,265.43576,262.89443,259.2899,254.49312,248.454,241.22313,232.96311,223.94422,353.8822287298312,176.66095599407694,1904.67177,665.0096600000002,1999.1224,1.620929999999987
475,475,475.0,475.0,475.0,475.0,475.0,475.0,475.0,475.0,475.0,475.0,475.0,475.0,475.0,475.0,475.0,475.0,475.0,475.0,475.0,475.0,475.0,475.0,5.0,0.5,339.73331,326.1865,313.75894,302.81622,293.53677,285.91041,279.76533,274.81179,270.6896,267.00948,263.38328,259.4434,254.85529,249.32852,242.63055,234.60521,225.19381,214.45379,202.56801,189.83843,307.2556647472261,340.980872520938,2569.68143,678.5505699999999,1334.11274,1.620929999999987
476,476,476.0,476.0,476.0,476.0,476.0,476.0,476.0,476.0,476.0,476.0,476.0,476.0,476.0,476.0,476.0,476.0,476.0,476.0,476.0,476.0,476.0,476.0,6.0,0.6,304.71457,301.99557,298.95473,295.5073,291.63881,287.4022,282.90603,278.30184,273.77801,269.56421,265.94469,263.27344,261.97966,262.55138,265.48832,271.22345,280.02385,291.89305,306.5033,323.18412,360.98399687524375,352.28664961125435,3248.232,369.97262,655.5621700000002,1.620929999999987
477,477,477.0,477.0,477.0,477.0,477.0,477.0,477.0,477.0,477.0,477.0,477.0,477.0,477.0,477.0,477.0,477.0,477.0,477.0,477.0,477.0,477.0,477.0,7.0,0.7,348.48079,336.38744,325.06532,314.79131,305.74287,298.0051,291.59598,286.50054,282.70422,280.2178,279.08928,279.40197,281.26045,284.76785,289.99834,296.96921,305.61674,315.77996,327.19579,339.50751,371.2302779082887,369.67805830213695,3618.20462,166.33705999999984,285.58955000000014,1.620929999999987
478,478,478.0,478.0,478.0,478.0,478.0,478.0,478.0,478.0,478.0,478.0,478.0,478.0,478.0,478.0,478.0,478.0,478.0,478.0,478.0,478.0,478.0,478.0,8.0,0.8,359.95815,348.97146,338.53813,328.89435,320.23613,312.7174,306.45389,301.53094,298.01275,295.95085,295.38996,296.37006,298.92388,303.06989,308.80111,316.07116,324.78,334.76238,345.78274,357.53922,320.1235630691919,329.42045152063054,3784.54168,74.93263999999999,119.25249000000032,1.620929999999987
479,479,479.0,479.0,479.0,479.0,479.0,479.0,479.0,479.0,479.0,479.0,479.0,479.0,479.0,479.0,479.0,479.0,479.0,479.0,479.0,479.0,479.0,479.0,9.0,0.9,320.02537,319.71947,319.04751,317.93741,316.41965,314.62093,312.73871,311.00442,309.64443,308.84551,308.72984,309.34119,310.64305,312.528,314.83733,317.38879,320.00852,322.56161,324.97441,327.24231,286.7469855286782,330.9221772015992,3859.47432,44.31985000000032,44.31985000000032,1.620929999999987
480,480,480.0,480.0,480.0,480.0,480.0,480.0,480.0,480.0,480.0,480.0,480.0,480.0,480.0,480.0,480.0,480.0,480.0,480.0,480.0,480.0,480.0,480.0,0.0,0.0,273.0,273.0,273.0,273.0,273.0,273.0,273.0,273.0,273.0,273.0,273.0,273.0,273.0,273.0,273.0,273.0,273.0,273.0,273.0,273.0,239.73703733908764,247.01461418367788,0.0,480.47746,5250.87019,-40.0
481,481,481.0,481.0,481.0,481.0,481.0,481.0,481.0,481.0,481.0,481.0,481.0,481.0,481.0,481.0,481.0,481.0,481.0,481.0,481.0,481.0,481.0,481.0,1.0,0.1,245.40579,250.81541,255.74189,260.02328,263.57287,266.37702,268.48008,269.96174,270.91235,271.41124,271.51116,271.23016,270.55132,269.42976,267.80629,265.62581,262.85793,259.51573,255.66828,251.44279,368.8120438081871,230.3887973048733,480.47746,542.9873399999999,4770.39273,-46.622979999999984
482,482,482.0,482.0,482.0,482.0,482.0,482.0,482.0,482.0,482.0,482.0,482.0,482.0,482.0,482.0,482.0,482.0,482.0,482.0,482.0,482.0,482.0,482.0,2.0,0.2,350.78993,333.67052,318.22436,304.98842,294.21574,285.88138,279.73426,275.37469,272.3355,270.14978,268.39627,266.72218,264.84868,262.56695,259.73181,256.25753,252.11696,247.34254,242.02585,236.31226,342.17167423137903,197.65116230363017,1023.4648,558.76457,4227.40539,-27.11862000000002
483,483,483.0,483.0,483.0,483.0,483.0,483.0,483.0,483.0,483.0,483.0,483.0,483.0,483.0,483.0,483.0,483.0,483.0,483.0,483.0,483.0,483.0,483.0,3.0,0.3,334.19086,326.28919,318.55057,311.06457,303.92118,297.19965,290.95394,285.19836,279.89695,274.95888,270.24068,265.55516,260.68635,255.40958,249.51598,242.83949,235.28347,226.84235,217.61296,207.79109,290.7904045561381,245.36767568434385,1582.22937,612.5937100000001,3668.64082,-15.80034999999998
484,484,484.0,484.0,484.0,484.0,484.0,484.0,484.0,484.0,484.0,484.0,484.0,484.0,484.0,484.0,484.0,484.0,484.0,484.0,484.0,484.0,484.0,484.0,4.0,0.4,292.3448,293.5524,294.11758,293.83489,292.60778,290.44534,287.44181,283.74746,279.53987,275.00279,270.31511,265.64879,261.17114,257.0456,253.42609,250.44264,248.17987,246.65374,245.79454,245.4435,219.2485204456284,299.6850670074763,2194.82308,559.9518199999998,3056.0471099999995,-22.554660000000013
485,485,485.0,485.0,485.0,485.0,485.0,485.0,485.0,485.0,485.0,485.0,485.0,485.0,485.0,485.0,485.0,485.0,485.0,485.0,485.0,485.0,485.0,485.0,5.0,0.5,230.89116,241.87036,251.60879,259.68325,265.86208,270.10855,272.55621,273.46747,273.1883,272.10898,270.63556,269.17137,268.10396,267.79134,268.54244,270.59019,274.05992,278.9404,285.06709,292.12631,245.1972008533552,248.0219430456656,2754.7749,546.8255600000002,2496.09529,-42.89145000000002
486,486,486.0,486.0,486.0,486.0,486.0,486.0,486.0,486.0,486.0,486.0,486.0,486.0,486.0,486.0,486.0,486.0,486.0,486.0,486.0,486.0,486.0,486.0,6.0,0.6,248.18418,251.14608,254.04863,256.84332,259.46894,261.85921,263.95369,265.70748,267.09577,268.11114,268.75387,269.01828,268.88006,268.28982,267.177,265.46576,263.10007,260.07198,256.444,252.35749,290.1654340949738,344.4296245815716,3301.60046,548.8110899999997,1949.2697299999995,-51.14078999999998
487,487,487.0,487.0,487.0,487.0,487.0,487.0,487.0,487.0,487.0,487.0,487.0,487.0,487.0,487.0,487.0,487.0,487.0,487.0,487.0,487.0,487.0,487.0,7.0,0.7,285.05571,280.25517,276.02642,272.55024,269.90953,268.09498,267.02911,266.60242,266.71341,267.30567,268.39638,270.0919,272.58721,276.14612,281.06157,287.59848,295.92721,306.06086,317.81303,330.79068,183.67866406040173,245.5746673127267,3850.41155,463.84126000000015,1400.4586399999998,-44.90501999999998
488,488,488.0,488.0,488.0,488.0,488.0,488.0,488.0,488.0,488.0,488.0,488.0,488.0,488.0,488.0,488.0,488.0,488.0,488.0,488.0,488.0,488.0,488.0,8.0,0.8,198.66174,212.93265,225.88671,237.10884,246.41305,253.83447,259.58184,263.96612,267.32298,269.94389,272.02505,273.63874,274.72853,275.12808,274.60233,272.90695,269.85764,265.39607,259.63638,252.87759,350.53439457040304,316.3343072221685,4314.25281,548.34764,936.6173799999996,-59.16552999999999
489,489,489.0,489.0,489.0,489.0,489.0,489.0,489.0,489.0,489.0,489.0,489.0,489.0,489.0,489.0,489.0,489.0,489.0,489.0,489.0,489.0,489.0,489.0,9.0,0.9,332.74732,316.02327,301.26395,289.08707,279.76832,273.25437,269.23407,267.24235,266.76956,267.35381,268.64437,270.43265,272.65376,275.36376,278.69861,282.82091,287.86209,293.86981,300.7716,308.36436,252.38376328290573,261.0536137129369,4862.60045,388.2697399999997,388.2697399999997,-39.745630000000006
490,490,490.0,490.0,490.0,490.0,490.0,490.0,490.0,490.0,490.0,490.0,490.0,490.0,490.0,490.0,490.0,490.0,490.0,490.0,490.0,490.0,490.0,490.0,0.0,0.0,273.0,273.0,273.0,273.0,273.0,273.0,273.0,273.0,273.0,273.0,273.0,273.0,273.0,273.0,273.0,273.0,273.0,273.0,273.0,273.0,334.7658286186279,337.80501268673765,0.0,391.81083,3683.65339,-40.0
491,491,491.0,491.0,491.0,491.0,491.0,491.0,491.0,491.0,491.0,491.0,491.0,491.0,491.0,491.0,491.0,491.0,491.0,491.0,491.0,491.0,491.0,491.0,1.0,0.1,324.23996,314.19558,305.04912,297.10218,290.51746,285.32342,281.44311,278.7377,277.05397,276.26644,276.30817,277.18669,278.98392,281.8397,285.92029,291.37478,298.28596,306.62511,316.22218,326.76106,368.9160492027493,262.27170742333783,391.81083,249.44214,3291.84256,-27.67658
492,492,492.0,492.0,492.0,492.0,492.0,492.0,492.0,492.0,492.0,492.0,492.0,492.0,492.0,492.0,492.0,492.0,492.0,492.0,492.0,492.0,492.0,492.0,2.0,0.2,355.73372,343.00805,331.14906,320.48267,311.22898,303.49764,297.29736,292.55352,289.12674,286.8275,285.42469,284.6498,284.20132,283.75517,282.986,281.60072,279.38063,276.22303,272.17025,267.41438,313.6832770503052,251.06828790086632,641.25297,258.7581,3042.40042,-9.50236000000001
493,493,493.0,493.0,493.0,493.0,493.0,493.0,493.0,493.0,493.0,493.0,493.0,493.0,493.0,493.0,493.0,493.0,493.0,493.0,493.0,493.0,493.0,493.0,3.0,0.3,313.18643,312.46177,311.32751,309.68144,307.51386,304.89809,301.96341,298.85919,295.71986,292.6381,289.65041,286.73537,283.82295,280.81143,277.58873,274.0546,270.14083,265.82631,261.14462,256.18239,231.3069358370948,299.3815444805997,900.01107,267.0874799999999,2783.64232,-8.101909999999975
494,494,494.0,494.0,494.0,494.0,494.0,494.0,494.0,494.0,494.0,494.0,494.0,494.0,494.0,494.0,494.0,494.0,494.0,494.0,494.0,494.0,494.0,494.0,4.0,0.4,243.71061,255.42641,265.85918,274.57852,281.35631,286.166,289.15062,290.57297,290.76299,290.07393,288.85325,287.4277,286.09763,285.13369,284.76943,285.1868,286.49558,288.71212,291.74512,295.39653,289.97905072922737,211.60198489973428,1167.09855,289.2102500000001,2516.55484,-26.834000000000003
495,495,495.0,495.0,495.0,495.0,495.0,495.0,495.0,495.0,495.0,495.0,495.0,495.0,495.0,495.0,495.0,495.0,495.0,495.0,495.0,495.0,495.0,495.0,5.0,0.5,288.01308,286.26441,284.90539,284.03038,283.64228,283.65945,283.93729,284.29515,284.53889,284.47293,283.90068,282.61729,280.40239,277.02173,272.24425,265.8767,257.81093,248.07238,236.85479,224.52669,199.1694059315667,265.50699858097687,1456.3088,431.76830999999993,2227.34459,-29.340550000000007
496,496,496.0,496.0,496.0,496.0,496.0,496.0,496.0,496.0,496.0,496.0,496.0,496.0,496.0,496.0,496.0,496.0,496.0,496.0,496.0,496.0,496.0,496.0,6.0,0.6,213.65791,227.46165,239.98563,250.79331,259.64034,266.47015,271.37939,274.56745,276.28617,276.80114,276.37019,275.23744,273.63669,271.79578,269.93466,268.25335,266.91074,266.00004,265.5296,265.41777,358.9695017306691,336.3942743541305,1888.07711,455.4351600000002,1795.57628,-46.52985000000001
497,497,497.0,497.0,497.0,497.0,497.0,497.0,497.0,497.0,497.0,497.0,497.0,497.0,497.0,497.0,497.0,497.0,497.0,497.0,497.0,497.0,497.0,497.0,7.0,0.7,341.72333,325.45985,311.00945,298.93529,289.48079,282.58589,277.95912,275.181,273.81136,273.47888,273.93994,275.10337,277.02336,279.86613,283.85684,289.21455,296.08446,304.47916,314.24139,325.03869,184.3795065198605,182.1907561247291,2343.51227,364.9364599999999,1340.1411199999998,-30.41411
498,498,498.0,498.0,498.0,498.0,498.0,498.0,498.0,498.0,498.0,498.0,498.0,498.0,498.0,498.0,498.0,498.0,498.0,498.0,498.0,498.0,498.0,498.0,8.0,0.8,202.8239,220.2302,235.72317,248.71329,258.95232,266.51495,271.71959,275.01422,276.8558,277.6067,277.46243,276.41682,274.26585,270.64863,265.1222,257.26281,246.77959,233.61955,218.03824,200.61341,338.9158224061072,320.9113089554669,2708.44873,554.5987399999999,975.20466,-46.48505
499,499,499.0,499.0,499.0,499.0,499.0,499.0,499.0,499.0,499.0,499.0,499.0,499.0,499.0,499.0,499.0,499.0,499.0,499.0,499.0,499.0,499.0,499.0,9.0,0.9,324.77236,311.4902,299.78867,290.13808,282.71138,277.40002,273.88277,271.7248,270.48251,269.79406,269.44364,269.39437,269.78878,270.91796,273.16129,276.90258,282.43371,289.86381,299.05598,309.61142,293.5218063430439,214.3576725287776,3263.04747,420.60592,420.60592,-35.599980000000016
500,500,500.0,500.0,500.0,500.0,500.0,500.0,500.0,500.0,500.0,500.0,500.0,500.0,500.0,500.0,500.0,500.0,500.0,500.0,500.0,500.0,500.0,500.0,0.0,0.0,273.0,273.0,273.0,273.0,273.0,273.0,273.0,273.0,273.0,273.0,273.0,273.0,273.0,273.0,273.0,273.0,273.0,273.0,273.0,273.0,214.19425662019503,305.4282960297362,0.0,463.93419,6452.01571,-40.0
501,501,501.0,501.0,501.0,501.0,501.0,501.0,501.0,501.0,501.0,501.0,501.0,501.0,501.0,501.0,501.0,501.0,501.0,501.0,501.0,501.0,501.0,501.0,1.0,0.1,224.21799,233.78504,242.50164,250.0857,256.39189,261.41072,265.24641,268.08308,270.14921,271.68862,272.94122,274.13342,275.47413,277.15185,279.32849,282.12815,285.62178,289.81179,294.62223,299.89972,243.4014245851205,273.4245761022916,463.93419,501.39915,5988.08152,-51.58927999999997
502,502,502.0,502.0,502.0,502.0,502.0,502.0,502.0,502.0,502.0,502.0,502.0,502.0,502.0,502.0,502.0,502.0,502.0,502.0,502.0,502.0,502.0,502.0,2.0,0.2,245.58369,247.83997,250.22522,252.76188,255.4357,258.20095,260.99223,263.73825,266.37288,268.84055,271.09523,273.09489,274.79475,276.14332,277.08443,277.56631,277.55656,277.05884,276.12599,274.86408,197.9218248780882,218.36134875333207,965.33334,615.2492000000001,5486.68237,-54.79905000000002
503,503,503.0,503.0,503.0,503.0,503.0,503.0,503.0,503.0,503.0,503.0,503.0,503.0,503.0,503.0,503.0,503.0,503.0,503.0,503.0,503.0,503.0,503.0,3.0,0.3,208.12037,217.96489,227.14704,235.4388,242.70863,248.91708,254.09524,258.31288,261.6442,264.13775,265.7952,266.5616,266.32824,264.94873,262.26729,258.15677,252.56088,245.53233,237.25707,228.05618,206.7108114176557,280.1862950666359,1580.58254,851.5226,4871.433169999999,-64.08292
504,504,504.0,504.0,504.0,504.0,504.0,504.0,504.0,504.0,504.0,504.0,504.0,504.0,504.0,504.0,504.0,504.0,504.0,504.0,504.0,504.0,504.0,504.0,4.0,0.4,212.9925,219.18748,225.20658,230.95723,236.34511,241.27875,245.67664,249.47636,252.64457,255.18718,257.1582,258.66544,259.87026,260.97853,262.22051,263.81994,265.9562,268.72703,272.12196,276.01566,249.4078084169803,353.236891242471,2432.10514,834.9583699999998,4019.91057,-71.72125
505,505,505.0,505.0,505.0,505.0,505.0,505.0,505.0,505.0,505.0,505.0,505.0,505.0,505.0,505.0,505.0,505.0,505.0,505.0,505.0,505.0,505.0,505.0,5.0,0.5,247.51112,245.87666,244.72497,244.20388,244.37553,245.22353,246.67716,248.64575,251.05567,253.88278,257.17522,261.06302,265.75213,271.50175,278.58511,287.23734,297.59757,309.65669,323.22424,337.92587,175.2501045388458,370.7564573426736,3267.06351,671.2165399999999,3184.9522,-67.77646999999999
506,506,506.0,506.0,506.0,506.0,506.0,506.0,506.0,506.0,506.0,506.0,506.0,506.0,506.0,506.0,506.0,506.0,506.0,506.0,506.0,506.0,506.0,506.0,6.0,0.6,187.62104,199.51519,210.53139,220.40235,229.02436,236.45514,242.88619,248.60039,253.92726,259.20493,264.75321,270.85735,277.75916,285.65084,294.66811,304.88113,316.28424,328.78762,342.21491,356.31027,332.4070715105589,241.02531863165137,3938.28005,579.2345799999998,2513.73566,-76.54486
507,507,507.0,507.0,507.0,507.0,507.0,507.0,507.0,507.0,507.0,507.0,507.0,507.0,507.0,507.0,507.0,507.0,507.0,507.0,507.0,507.0,507.0,507.0,7.0,0.7,315.30042,299.29514,285.33781,274.10142,265.92648,260.82713,258.54847,258.65023,260.58981,263.7852,267.65007,271.60516,275.07929,277.51579,278.39767,277.29652,273.93951,268.2778,260.53409,251.20761,205.3378922972334,254.88268761219467,4517.51463,538.9584000000004,1934.50108,-52.17286999999999
508,508,508.0,508.0,508.0,508.0,508.0,508.0,508.0,508.0,508.0,508.0,508.0,508.0,508.0,508.0,508.0,508.0,508.0,508.0,508.0,508.0,508.0,508.0,8.0,0.8,216.74949,227.53553,237.17559,245.33181,251.88057,256.89479,260.58811,263.24086,265.12895,266.47184,267.40699,267.98988,268.21286,268.03355,267.40404,266.29439,264.70729,262.68328,260.29838,257.65701,337.22206357665675,208.9546117187017,5056.47303,659.8107799999998,1395.5426799999996,-56.10521
509,509,509.0,509.0,509.0,509.0,509.0,509.0,509.0,509.0,509.0,509.0,509.0,509.0,509.0,509.0,509.0,509.0,509.0,509.0,509.0,509.0,509.0,509.0,9.0,0.9,322.51498,308.64271,296.31273,286.00797,277.93959,272.0542,268.08475,265.62477,264.20407,263.34946,262.62298,261.63897,260.06733,257.63267,254.11743,249.3731,243.33844,236.05898,227.69929,218.53991,292.0298534444731,175.5499352771304,5716.28381,735.7318999999998,735.7318999999998,-40.94580000000002
510,510,510.0,510.0,510.0,510.0,510.0,510.0,510.0,510.0,510.0,510.0,510.0,510.0,510.0,510.0,510.0,510.0,510.0,510.0,510.0,510.0,510.0,510.0,0.0,0.0,273.0,273.0,273.0,273.0,273.0,273.0,273.0,273.0,273.0,273.0,273.0,273.0,273.0,273.0,273.0,273.0,273.0,273.0,273.0,273.0,364.36956918263775,201.29972612512285,0.0,461.63305,2647.07882,0.3632999999999811
511,511,511.0,511.0,511.0,511.0,511.0,511.0,511.0,511.0,511.0,511.0,511.0,511.0,511.0,511.0,511.0,511.0,511.0,511.0,511.0,511.0,511.0,511.0,1.0,0.1,348.79463,333.92887,320.38351,308.59571,298.78909,290.9744,284.98266,280.51609,277.20095,274.63029,272.39141,270.07966,267.30547,263.70311,258.9485,252.78861,245.07928,235.82236,225.18978,213.52269,188.10215650520232,336.25503851383064,461.63305,504.29373,2185.4457700000003,0.3632999999999811
512,512,512.0,512.0,512.0,512.0,512.0,512.0,512.0,512.0,512.0,512.0,512.0,512.0,512.0,512.0,512.0,512.0,512.0,512.0,512.0,512.0,512.0,512.0,2.0,0.2,206.98715,224.73399,240.37355,253.23459,263.0058,269.72556,273.71474,275.48084,275.62347,274.76344,273.50432,272.42203,272.06819,272.96958,275.60886,280.38022,287.52518,297.06488,308.75208,322.06499,359.55406848377146,358.7730007290909,965.92678,374.1078399999999,1681.1520400000002,0.3632999999999811
513,513,513.0,513.0,513.0,513.0,513.0,513.0,513.0,513.0,513.0,513.0,513.0,513.0,513.0,513.0,513.0,513.0,513.0,513.0,513.0,513.0,513.0,513.0,3.0,0.3,342.34286,326.1164,311.70832,299.68835,290.31341,283.54798,279.13924,276.72046,275.91378,276.40999,278.01403,280.65508,284.36775,289.25407,295.43598,303.00694,311.98954,322.30499,333.75882,346.04567,345.74477121982744,356.9260475179676,1340.03462,156.9442100000001,1307.0442000000005,0.3632999999999811
514,514,514.0,514.0,514.0,514.0,514.0,514.0,514.0,514.0,514.0,514.0,514.0,514.0,514.0,514.0,514.0,514.0,514.0,514.0,514.0,514.0,514.0,514.0,4.0,0.4,336.94982,328.38799,320.28601,312.8575,306.29557,300.76542,296.39822,293.28765,291.48961,291.02512,291.88517,294.0361,297.4241,301.97795,307.60989,314.21511,321.67083,329.83583,338.55125,347.64307,354.79649435587623,347.43595022785166,1496.97883,77.01828999999998,1150.0999900000002,0.3632999999999811
515,515,515.0,515.0,515.0,515.0,515.0,515.0,515.0,515.0,515.0,515.0,515.0,515.0,515.0,515.0,515.0,515.0,515.0,515.0,515.0,515.0,515.0,515.0,5.0,0.5,346.61589,338.67475,331.19808,324.38437,318.39753,313.3633,309.36961,306.46922,304.68338,304.0051,304.40167,305.81641,308.17049,311.36554,315.28797,319.81493,324.82166,330.18874,335.80785,341.58436,189.43756420980927,281.09175316124697,1573.99712,54.79250000000002,1073.0817000000002,0.3632999999999811
516,516,516.0,516.0,516.0,516.0,516.0,516.0,516.0,516.0,516.0,516.0,516.0,516.0,516.0,516.0,516.0,516.0,516.0,516.0,516.0,516.0,516.0,516.0,6.0,0.6,211.46568,232.35647,251.14266,267.15698,280.09472,290.00177,297.20091,302.18236,305.48715,307.60709,308.91512,309.63061,309.81732,309.40876,308.25423,306.17806,303.04297,298.80672,293.56021,287.53723,303.1439232829281,250.77730707064225,1628.78962,113.57654000000002,1018.2892000000002,0.3632999999999811
517,517,517.0,517.0,517.0,517.0,517.0,517.0,517.0,517.0,517.0,517.0,517.0,517.0,517.0,517.0,517.0,517.0,517.0,517.0,517.0,517.0,517.0,517.0,7.0,0.7,298.85514,295.07641,292.22261,290.54234,290.08682,290.72147,292.17079,294.07918,296.07008,297.79058,298.93633,299.25898,298.56317,296.70121,293.57221,289.12873,283.38954,276.45399,268.51104,259.83677,177.08825813879602,215.3661822633172,1742.36616,240.3821800000001,904.71266,0.3632999999999811
518,518,518.0,518.0,518.0,518.0,518.0,518.0,518.0,518.0,518.0,518.0,518.0,518.0,518.0,518.0,518.0,518.0,518.0,518.0,518.0,518.0,518.0,518.0,8.0,0.8,196.87358,215.77355,233.0225,248.06527,260.5995,270.56533,278.09225,283.42284,286.83428,288.57445,288.82163,287.66962,285.13479,281.1798,275.7477,268.80095,260.35935,250.53088,239.52921,227.67313,346.7042819978544,337.7907797821928,1982.74834,386.0464200000001,664.3304800000001,0.3632999999999811
519,519,519.0,519.0,519.0,519.0,519.0,519.0,519.0,519.0,519.0,519.0,519.0,519.0,519.0,519.0,519.0,519.0,519.0,519.0,519.0,519.0,519.0,519.0,9.0,0.9,331.75774,317.78201,305.58756,295.70365,288.3236,283.32272,280.3361,278.87052,278.42238,278.57852,279.08615,279.88634,281.11127,283.04801,286.07329,290.56671,296.81442,304.92086,314.74901,325.90714,180.18666402749344,297.19179126327754,2368.79476,278.28405999999995,278.28405999999995,0.3632999999999811
520,520,520.0,520.0,520.0,520.0,520.0,520.0,520.0,520.0,520.0,520.0,520.0,520.0,520.0,520.0,520.0,520.0,520.0,520.0,520.0,520.0,520.0,520.0,0.0,0.0,273.0,273.0,273.0,273.0,273.0,273.0,273.0,273.0,273.0,273.0,273.0,273.0,273.0,273.0,273.0,273.0,273.0,273.0,273.0,273.0,342.70887320048286,193.4549020082559,0.0,472.05896,5413.69889,-40.0
521,521,521.0,521.0,521.0,521.0,521.0,521.0,521.0,521.0,521.0,521.0,521.0,521.0,521.0,521.0,521.0,521.0,521.0,521.0,521.0,521.0,521.0,521.0,1.0,0.1,330.82552,319.48283,309.14641,300.14843,292.65693,286.67545,282.06686,278.59029,275.93881,273.76915,271.71992,269.42078,266.49878,262.59003,257.36278,250.55376,242.01347,231.74985,219.95681,207.01452,177.7244854417331,191.14270335931,472.05896,650.8168799999999,4941.639929999999,-26.324549999999988
522,522,522.0,522.0,522.0,522.0,522.0,522.0,522.0,522.0,522.0,522.0,522.0,522.0,522.0,522.0,522.0,522.0,522.0,522.0,522.0,522.0,522.0,522.0,2.0,0.2,197.28837,215.73669,232.11331,245.74257,256.28596,263.72869,268.30957,270.42035,270.50287,268.96633,266.13638,262.23693,257.39857,251.68351,245.11764,237.72179,229.53727,220.64279,211.16202,201.26181,343.8820484004105,258.55466593296694,1122.87584,840.19614,4290.82305,-49.27131000000003
523,523,523.0,523.0,523.0,523.0,523.0,523.0,523.0,523.0,523.0,523.0,523.0,523.0,523.0,523.0,523.0,523.0,523.0,523.0,523.0,523.0,523.0,523.0,3.0,0.3,328.07208,313.15554,299.87537,288.71088,279.82757,273.09528,268.16169,264.55595,261.79508,259.47161,257.31058,255.19327,253.1509,251.33432,249.96604,249.28163,249.46841,250.61165,252.65906,255.413,310.86766768426526,346.22808303547583,1963.07198,626.5148099999999,3450.62691,-39.90472
524,524,524.0,524.0,524.0,524.0,524.0,524.0,524.0,524.0,524.0,524.0,524.0,524.0,524.0,524.0,524.0,524.0,524.0,524.0,524.0,524.0,524.0,524.0,4.0,0.4,305.75677,300.64082,295.53078,290.46479,285.51203,280.76939,276.35467,272.40059,269.05369,266.4793,264.87082,264.45804,265.50779,268.30992,273.14472,280.23264,289.67379,301.39073,315.0913,330.2661,372.2533075357407,248.19141329176364,2589.58679,384.45385000000033,2824.1121,-32.23061000000001
525,525,525.0,525.0,525.0,525.0,525.0,525.0,525.0,525.0,525.0,525.0,525.0,525.0,525.0,525.0,525.0,525.0,525.0,525.0,525.0,525.0,525.0,525.0,5.0,0.5,357.11758,342.52602,328.95996,316.78935,306.24766,297.43222,290.32411,284.81743,280.74698,277.90651,276.0552,274.91559,274.17044,273.46767,272.44098,270.7485,268.12496,264.43557,259.71541,254.17899,262.63011760014365,286.63286739130405,2974.04064,349.91032,2439.6582499999995,-15.567780000000027
526,526,526.0,526.0,526.0,526.0,526.0,526.0,526.0,526.0,526.0,526.0,526.0,526.0,526.0,526.0,526.0,526.0,526.0,526.0,526.0,526.0,526.0,526.0,6.0,0.6,269.95279,276.65208,282.20713,286.27703,288.736,289.66294,289.29484,287.96139,286.01975,283.80396,281.5959,279.61688,278.03357,276.96953,276.51451,276.72628,277.62465,279.18066,281.30717,283.85702,184.68668397968952,217.24042101099465,3323.95096,394.34868000000006,2089.7479299999995,-23.337060000000008
527,527,527.0,527.0,527.0,527.0,527.0,527.0,527.0,527.0,527.0,527.0,527.0,527.0,527.0,527.0,527.0,527.0,527.0,527.0,527.0,527.0,527.0,527.0,7.0,0.7,201.74321,218.02341,232.84905,245.71703,256.34021,264.64761,270.74924,274.87794,277.32287,278.36726,278.23948,277.08227,274.94219,271.77959,267.4976,261.98644,255.17592,247.08562,237.86041,227.78048,193.4817148296233,324.84029808816297,3718.29964,618.6063199999999,1695.3992499999997,-48.352390000000014
528,528,528.0,528.0,528.0,528.0,528.0,528.0,528.0,528.0,528.0,528.0,528.0,528.0,528.0,528.0,528.0,528.0,528.0,528.0,528.0,528.0,528.0,528.0,8.0,0.8,203.87836,214.03727,223.73001,232.74716,240.90876,248.07526,254.15854,259.13274,263.04435,266.02107,268.27784,270.11747,271.92123,274.12496,277.17715,281.4799,287.32008,294.80427,303.81521,314.00599,339.9796243910912,242.9183337274192,4336.90596,585.6163100000003,1076.7929299999996,-64.92474000000001
529,529,529.0,529.0,529.0,529.0,529.0,529.0,529.0,529.0,529.0,529.0,529.0,529.0,529.0,529.0,529.0,529.0,529.0,529.0,529.0,529.0,529.0,529.0,9.0,0.9,323.40268,307.82989,294.11733,282.8597,274.33539,268.51512,265.1216,263.71647,263.78827,264.82181,266.33929,267.91497,269.17283,269.78043,269.45046,267.9565,265.16187,261.05305,255.76466,249.58268,334.59592943269536,273.18654876736633,4922.52227,491.1766199999993,491.1766199999993,-44.484879999999976
530,530,530.0,530.0,530.0,530.0,530.0,530.0,530.0,530.0,530.0,530.0,530.0,530.0,530.0,530.0,530.0,530.0,530.0,530.0,530.0,530.0,530.0,530.0,0.0,0.0,273.0,273.0,273.0,273.0,273.0,273.0,273.0,273.0,273.0,273.0,273.0,273.0,273.0,273.0,273.0,273.0,273.0,273.0,273.0,273.0,288.1265596264941,222.10897580494824,0.0,471.65421,6422.45382,-40.0
531,531,531.0,531.0,531.0,531.0,531.0,531.0,531.0,531.0,531.0,531.0,531.0,531.0,531.0,531.0,531.0,531.0,531.0,531.0,531.0,531.0,531.0,531.0,1.0,0.1,285.54707,283.08431,280.83833,278.8794,277.24055,275.91625,274.86568,274.01805,273.27723,272.52432,271.61795,270.39427,268.66984,266.25078,262.95072,258.61752,253.16523,246.60448,239.06228,230.7834,184.35137213661585,217.2023451579752,471.65421,629.9938500000001,5950.79961,-37.08375000000001
532,532,532.0,532.0,532.0,532.0,532.0,532.0,532.0,532.0,532.0,532.0,532.0,532.0,532.0,532.0,532.0,532.0,532.0,532.0,532.0,532.0,532.0,532.0,2.0,0.2,200.12717,215.12123,228.65756,240.24678,249.62538,256.74928,261.7501,264.87058,266.3974,266.60574,265.72354,263.91665,261.29133,257.90847,253.80343,249.00687,243.56275,237.54136,231.0459,224.21227,304.5506464438829,199.74061374591847,1101.64806,854.21723,5320.80576,-56.25072
533,533,533.0,533.0,533.0,533.0,533.0,533.0,533.0,533.0,533.0,533.0,533.0,533.0,533.0,533.0,533.0,533.0,533.0,533.0,533.0,533.0,533.0,533.0,3.0,0.3,294.7569,285.60088,277.61019,271.11918,266.23087,262.82782,260.622,259.22513,258.21954,257.2146,255.88149,253.96689,251.29147,247.74103,243.25703,237.83092,231.5031,224.3646,216.55801,208.27391,333.6877404686675,205.8465732400101,1955.86529,903.2034500000002,4466.58853,-50.172180000000026
534,534,534.0,534.0,534.0,534.0,534.0,534.0,534.0,534.0,534.0,534.0,534.0,534.0,534.0,534.0,534.0,534.0,534.0,534.0,534.0,534.0,534.0,534.0,4.0,0.4,322.39536,311.48019,301.27169,292.01307,283.83898,276.7714,270.73193,265.56563,261.07027,257.0253,253.21678,249.4561,245.59209,241.51682,237.16621,232.51627,227.57666,222.38255,216.98657,211.45179,304.0269767555298,222.53182621237136,2859.06874,894.42202,3563.38508,-36.22859999999997
535,535,535.0,535.0,535.0,535.0,535.0,535.0,535.0,535.0,535.0,535.0,535.0,535.0,535.0,535.0,535.0,535.0,535.0,535.0,535.0,535.0,535.0,535.0,5.0,0.5,300.2107,296.29527,292.203,287.89324,283.36795,278.66696,273.85567,269.00985,264.20225,259.49415,254.93305,250.55519,246.39046,242.46658,238.81013,235.44327,232.37686,229.60198,227.08312,224.75601,206.27803672372465,362.3941625647662,3753.49076,800.9607300000002,2668.96306,-34.33303999999998
536,536,536.0,536.0,536.0,536.0,536.0,536.0,536.0,536.0,536.0,536.0,536.0,536.0,536.0,536.0,536.0,536.0,536.0,536.0,536.0,536.0,536.0,536.0,6.0,0.6,218.67494,230.30105,240.49366,248.78272,254.93607,258.96183,261.07631,261.65372,261.17446,260.18485,259.2723,259.05199,260.15459,263.20255,268.76545,277.29207,289.02783,303.93593,321.64667,341.45733,337.72320567601867,189.60963545356043,4554.45149,620.9034699999993,1868.00233,-54.03816999999998
537,537,537.0,537.0,537.0,537.0,537.0,537.0,537.0,537.0,537.0,537.0,537.0,537.0,537.0,537.0,537.0,537.0,537.0,537.0,537.0,537.0,537.0,537.0,7.0,0.7,323.0494,309.17099,296.76593,286.30606,278.01612,271.88346,267.7061,265.15764,263.84644,263.35336,263.24339,263.05776,262.30178,260.44623,256.95703,251.35823,243.3205,232.7538,219.87516,205.22402,353.2688427693578,318.9547685717471,5175.35496,594.7879800000001,1247.09886,-41.11653999999999
538,538,538.0,538.0,538.0,538.0,538.0,538.0,538.0,538.0,538.0,538.0,538.0,538.0,538.0,538.0,538.0,538.0,538.0,538.0,538.0,538.0,538.0,538.0,8.0,0.8,340.79977,328.70251,317.31122,306.89134,297.62011,289.58142,282.77523,277.13961,272.58235,269.01764,266.40279,264.76848,264.23483,265.00617,267.33916,271.48499,277.61378,285.73797,295.65608,306.93689,354.4603751934377,310.7508783640872,5770.14294,375.88843,652.31088,-23.41858000000002
539,539,539.0,539.0,539.0,539.0,539.0,539.0,539.0,539.0,539.0,539.0,539.0,539.0,539.0,539.0,539.0,539.0,539.0,539.0,539.0,539.0,539.0,539.0,9.0,0.9,344.49472,334.7186,325.31331,316.44487,308.2591,300.87924,294.406,288.91937,284.48126,281.13776,278.92018,277.84425,277.90751,279.08552,281.32793,284.55553,288.65929,293.50178,298.92096,304.73547,363.4934109733706,237.4182690064748,6146.03137,276.42245,276.42245,-12.120760000000018
540,540,540.0,540.0,540.0,540.0,540.0,540.0,540.0,540.0,540.0,540.0,540.0,540.0,540.0,540.0,540.0,540.0,540.0,540.0,540.0,540.0,540.0,540.0,0.0,0.0,273.0,273.0,273.0,273.0,273.0,273.0,273.0,273.0,273.0,273.0,273.0,273.0,273.0,273.0,273.0,273.0,273.0,273.0,273.0,273.0,365.4341546067996,240.7761253300286,0.0,435.72346,5722.12638,-40.0
541,541,541.0,541.0,541.0,541.0,541.0,541.0,541.0,541.0,541.0,541.0,541.0,541.0,541.0,541.0,541.0,541.0,541.0,541.0,541.0,541.0,541.0,541.0,1.0,0.1,349.67872,334.64148,320.94195,309.02451,299.11949,291.24531,285.24429,280.83741,277.68197,275.41953,273.70804,272.23815,270.73861,268.97722,266.76323,263.9546,260.46964,256.29956,251.5164,246.27071,335.2940003137696,181.8899782652283,435.72346,475.00093,5286.40292,-21.754689999999982
542,542,542.0,542.0,542.0,542.0,542.0,542.0,542.0,542.0,542.0,542.0,542.0,542.0,542.0,542.0,542.0,542.0,542.0,542.0,542.0,542.0,542.0,542.0,2.0,0.2,329.20403,323.12447,317.07843,311.10893,305.27704,299.65069,294.28665,289.21002,284.39563,279.75508,275.13145,270.30329,264.99865,258.91976,251.77799,243.33684,233.45739,222.13786,209.53695,195.97234,353.8458202223033,208.5632625986109,910.72439,605.08048,4811.401989999999,-13.349310000000004
543,543,543.0,543.0,543.0,543.0,543.0,543.0,543.0,543.0,543.0,543.0,543.0,543.0,543.0,543.0,543.0,543.0,543.0,543.0,543.0,543.0,543.0,543.0,3.0,0.3,344.87948,336.076,327.57562,319.47794,311.83164,304.63321,297.83344,291.34952,285.07992,278.91964,272.77419,266.57101,260.2672,253.85253,247.34677,240.79121,234.23565,227.72352,221.27915,214.901,271.2011327324169,259.3119439699868,1515.80487,594.10761,4206.32151,-8.36678999999998
544,544,544.0,544.0,544.0,544.0,544.0,544.0,544.0,544.0,544.0,544.0,544.0,544.0,544.0,544.0,544.0,544.0,544.0,544.0,544.0,544.0,544.0,544.0,4.0,0.4,277.31389,282.83521,287.25781,290.22342,291.55531,291.25578,289.47526,286.46644,282.53729,278.01378,273.21669,268.45118,264.00343,260.13696,257.08258,255.0196,254.05013,254.17325,255.26794,257.09353,253.88216505802103,303.15827546180003,2109.91248,494.2694999999999,3612.2139,-21.744219999999984
545,545,545.0,545.0,545.0,545.0,545.0,545.0,545.0,545.0,545.0,545.0,545.0,545.0,545.0,545.0,545.0,545.0,545.0,545.0,545.0,545.0,545.0,545.0,5.0,0.5,259.3049,264.40451,268.89299,272.54681,275.22622,276.88326,277.55938,277.37581,276.52013,275.23199,273.78939,272.4949,271.66029,271.58699,272.54103,274.72295,278.2361,283.05969,289.03433,295.86701,180.07422234299736,252.8204628756896,2604.18198,489.06150000000025,3117.9444,-36.11673999999999
546,546,546.0,546.0,546.0,546.0,546.0,546.0,546.0,546.0,546.0,546.0,546.0,546.0,546.0,546.0,546.0,546.0,546.0,546.0,546.0,546.0,546.0,546.0,6.0,0.6,195.9211,211.07802,224.94371,237.07527,247.22541,255.34333,261.54447,266.06012,269.17994,271.19823,272.37135,272.88961,272.86484,272.33319,271.272,269.62813,267.3533,264.43917,260.94406,257.00347,330.1302074303811,209.7750306132966,3093.24348,635.0408600000001,2628.8829,-57.65666999999999
547,547,547.0,547.0,547.0,547.0,547.0,547.0,547.0,547.0,547.0,547.0,547.0,547.0,547.0,547.0,547.0,547.0,547.0,547.0,547.0,547.0,547.0,547.0,7.0,0.7,315.88213,302.53869,290.86086,281.35659,274.22874,269.38539,266.49989,265.09746,264.64299,264.6112,264.53024,264.00003,262.69367,260.35263,256.78505,251.87223,245.58273,237.98877,229.27671,219.74355,207.7279422396118,275.51652887866857,3728.28434,683.6748499999994,1993.8420399999995,-43.61461000000003
548,548,548.0,548.0,548.0,548.0,548.0,548.0,548.0,548.0,548.0,548.0,548.0,548.0,548.0,548.0,548.0,548.0,548.0,548.0,548.0,548.0,548.0,548.0,8.0,0.8,219.56402,230.6984,240.53616,248.66951,254.91405,259.2978,262.01376,263.35505,263.6528,263.23119,262.38562,261.38082,260.45987,259.85295,259.77645,260.41783,261.90818,264.29047,267.49493,271.33304,327.9314575028026,256.44195284354794,4411.95919,688.93559,1310.16719,-53.702200000000005
549,549,549.0,549.0,549.0,549.0,549.0,549.0,549.0,549.0,549.0,549.0,549.0,549.0,549.0,549.0,549.0,549.0,549.0,549.0,549.0,549.0,549.0,549.0,9.0,0.9,315.03199,302.84474,291.97167,282.82128,275.57065,270.17647,266.42486,264.00144,262.56142,261.78445,261.4067,261.23071,261.11902,260.97976,260.75173,260.394,259.88181,259.20757,258.38382,257.44448,208.85525612844447,289.30549615702193,5100.89478,621.2316000000001,621.2316000000001,-42.823530000000005
550,550,550.0,550.0,550.0,550.0,550.0,550.0,550.0,550.0,550.0,550.0,550.0,550.0,550.0,550.0,550.0,550.0,550.0,550.0,550.0,550.0,550.0,550.0,0.0,0.0,273.0,273.0,273.0,273.0,273.0,273.0,273.0,273.0,273.0,273.0,273.0,273.0,273.0,273.0,273.0,273.0,273.0,273.0,273.0,273.0,354.8248350252595,308.60010991997274,0.0,400.33937,1770.8741199999995,6.756160000000023
551,551,551.0,551.0,551.0,551.0,551.0,551.0,551.0,551.0,551.0,551.0,551.0,551.0,551.0,551.0,551.0,551.0,551.0,551.0,551.0,551.0,551.0,551.0,1.0,0.1,340.87935,327.57081,315.44943,304.91207,296.16913,289.24894,284.033,280.30969,277.83192,276.36709,275.73245,275.81328,276.56493,278.00097,280.17068,283.12956,286.90733,291.47925,296.74701,302.53439,224.4666571270193,362.6796580991813,400.33937,270.10648,1370.5347499999998,6.756160000000023
552,552,552.0,552.0,552.0,552.0,552.0,552.0,552.0,552.0,552.0,552.0,552.0,552.0,552.0,552.0,552.0,552.0,552.0,552.0,552.0,552.0,552.0,552.0,2.0,0.2,236.85425,248.46769,258.65778,266.9955,273.31769,277.71902,280.501,282.0983,283.00427,283.71161,284.67569,286.29854,288.92564,292.84547,298.28318,305.38466,314.19256,324.62169,336.44354,349.28978,364.9536146721399,186.94897733956023,670.44585,229.19910000000004,1100.42827,6.756160000000023
553,553,553.0,553.0,553.0,553.0,553.0,553.0,553.0,553.0,553.0,553.0,553.0,553.0,553.0,553.0,553.0,553.0,553.0,553.0,553.0,553.0,553.0,553.0,3.0,0.3,349.00978,333.95615,320.55313,309.33238,300.54885,294.18746,290.01164,287.63119,286.56601,286.28948,286.24637,285.85257,284.49161,281.52611,276.33828,268.40359,257.38799,243.24604,226.28926,207.19622,248.3428502465111,345.59499926978583,899.64495,302.25447999999994,871.22917,6.756160000000023
554,554,554.0,554.0,554.0,554.0,554.0,554.0,554.0,554.0,554.0,554.0,554.0,554.0,554.0,554.0,554.0,554.0,554.0,554.0,554.0,554.0,554.0,554.0,4.0,0.4,257.68049,266.38407,273.91918,279.92561,284.25059,286.9382,288.18608,288.28843,287.58525,286.43136,285.18912,284.23851,283.99091,284.89005,287.38695,291.88405,298.6557,307.76419,318.99772,331.85565,302.34201710035416,353.0379862183395,1201.89943,199.9908500000001,568.97469,6.756160000000023
555,555,555.0,555.0,555.0,555.0,555.0,555.0,555.0,555.0,555.0,555.0,555.0,555.0,555.0,555.0,555.0,555.0,555.0,555.0,555.0,555.0,555.0,555.0,5.0,0.5,298.75459,295.40768,292.50252,290.17311,288.47713,287.40644,286.91258,286.93887,287.44996,288.45193,289.99966,292.19138,295.1529,299.01501,303.88817,309.83802,316.86529,324.89278,333.76193,343.24007,287.80336135648247,365.8152975042804,1401.89028,105.90355999999996,368.9838399999999,6.756160000000023
556,556,556.0,556.0,556.0,556.0,556.0,556.0,556.0,556.0,556.0,556.0,556.0,556.0,556.0,556.0,556.0,556.0,556.0,556.0,556.0,556.0,556.0,556.0,6.0,0.6,288.21279,288.605,288.97473,289.3381,289.73703,290.23852,290.92977,291.91126,293.28959,295.17158,297.6599,300.84953,304.82405,309.65046,315.37194,321.99878,329.49885,337.78994,346.7365,356.15308,334.5629653261508,360.8380288281702,1507.79384,50.88842999999997,263.0802799999999,6.756160000000023
557,557,557.0,557.0,557.0,557.0,557.0,557.0,557.0,557.0,557.0,557.0,557.0,557.0,557.0,557.0,557.0,557.0,557.0,557.0,557.0,557.0,557.0,557.0,7.0,0.7,327.20271,320.24407,314.04068,308.8614,304.87187,302.13634,300.63589,300.29561,301.01268,302.679,305.19524,308.47605,312.44864,317.04751,322.20854,327.86437,333.94195,340.36245,347.04266,353.8968,370.0947812783331,341.43513234201544,1558.68227,34.805939999999964,212.19185,6.756160000000023
558,558,558.0,558.0,558.0,558.0,558.0,558.0,558.0,558.0,558.0,558.0,558.0,558.0,558.0,558.0,558.0,558.0,558.0,558.0,558.0,558.0,558.0,558.0,8.0,0.8,359.46368,349.28324,339.95701,331.80373,325.03591,319.75616,315.96891,313.60126,312.52673,312.58647,313.60496,315.40018,317.78978,320.59606,323.65198,326.80965,329.95051,332.9953,335.91035,338.70742,190.10493053482503,209.7646159658232,1593.48821,51.67333000000008,177.38590999999997,6.756160000000023
559,559,559.0,559.0,559.0,559.0,559.0,559.0,559.0,559.0,559.0,559.0,559.0,559.0,559.0,559.0,559.0,559.0,559.0,559.0,559.0,559.0,559.0,559.0,9.0,0.9,213.37612,235.44844,255.30186,272.23082,285.90721,296.36322,303.90761,309.00351,312.13855,313.71341,313.96449,312.92779,310.44398,306.20181,299.81414,290.91766,279.2818,264.9067,248.08717,229.42273,287.8312618467224,307.4808449936088,1645.16154,125.71257999999987,125.71257999999987,6.756160000000023
560,560,560.0,560.0,560.0,560.0,560.0,560.0,560.0,560.0,560.0,560.0,560.0,560.0,560.0,560.0,560.0,560.0,560.0,560.0,560.0,560.0,560.0,560.0,0.0,0.0,273.0,273.0,273.0,273.0,273.0,273.0,273.0,273.0,273.0,273.0,273.0,273.0,273.0,273.0,273.0,273.0,273.0,273.0,273.0,273.0,283.26431912407395,348.74209232043347,0.0,405.87639,5786.145020000001,-40.0
561,561,561.0,561.0,561.0,561.0,561.0,561.0,561.0,561.0,561.0,561.0,561.0,561.0,561.0,561.0,561.0,561.0,561.0,561.0,561.0,561.0,561.0,561.0,1.0,0.1,281.51673,279.85034,278.33622,277.02797,275.95927,275.14699,274.59972,274.33025,274.3701,274.78427,275.68325,277.22952,279.63474,283.14416,288.00642,294.42995,302.53186,312.29021,323.51254,335.83273,276.2112051217373,189.6242200149576,405.87639,334.07777,5380.2686300000005,-37.85300999999998
562,562,562.0,562.0,562.0,562.0,562.0,562.0,562.0,562.0,562.0,562.0,562.0,562.0,562.0,562.0,562.0,562.0,562.0,562.0,562.0,562.0,562.0,562.0,2.0,0.2,276.29269,276.36962,276.44397,276.52853,276.64723,276.83012,277.10265,277.46929,277.89216,278.26711,278.40063,277.99423,276.64424,273.86564,269.14574,262.02651,252.20464,239.62826,224.56347,207.60584,276.2675907716525,298.2357138332778,739.95416,466.0593899999999,5046.190860000001,-36.16987999999998
563,563,563.0,563.0,563.0,563.0,563.0,563.0,563.0,563.0,563.0,563.0,563.0,563.0,563.0,563.0,563.0,563.0,563.0,563.0,563.0,563.0,563.0,563.0,3.0,0.3,276.35631,276.43626,276.49575,276.51769,276.47792,276.34528,276.08436,275.66202,275.05838,274.28214,273.3881,272.49305,271.78402,271.51216,271.96723,273.43188,276.12171,280.12394,285.35207,291.53302,218.419571006301,282.68765579108174,1206.01355,447.03781,4580.13147,-36.65472
564,564,564.0,564.0,564.0,564.0,564.0,564.0,564.0,564.0,564.0,564.0,564.0,564.0,564.0,564.0,564.0,564.0,564.0,564.0,564.0,564.0,564.0,564.0,4.0,0.4,228.21086,237.54079,246.01115,253.3359,259.36683,264.09301,267.61855,270.12725,271.84388,272.99976,273.80689,274.44174,275.03755,275.68323,276.42721,277.28474,278.24744,279.29356,280.39723,281.53485,248.85935817317687,366.9356100036358,1653.05136,462.2889500000001,4133.09366,-48.90699000000001
565,565,565.0,565.0,565.0,565.0,565.0,565.0,565.0,565.0,565.0,565.0,565.0,565.0,565.0,565.0,565.0,565.0,565.0,565.0,565.0,565.0,565.0,565.0,5.0,0.5,250.55394,252.32807,254.24151,256.3209,258.55696,260.91338,263.34508,265.82157,268.35073,270.99889,273.90376,277.27777,281.3989,286.58685,293.16366,301.40088,311.46034,323.34009,336.84002,351.55982,259.15363342952986,193.21408465672008,2115.34031,399.00234999999975,3670.80471,-52.08661999999998
566,566,566.0,566.0,566.0,566.0,566.0,566.0,566.0,566.0,566.0,566.0,566.0,566.0,566.0,566.0,566.0,566.0,566.0,566.0,566.0,566.0,566.0,566.0,6.0,0.6,259.50202,259.95726,260.61472,261.54881,262.80664,264.40409,266.32242,268.50236,270.83357,273.13879,275.15572,276.52295,276.77962,275.38928,271.79512,265.50641,256.20477,243.84746,228.73851,211.5407,247.4558839428401,194.02645423152265,2514.34266,613.4581400000002,3271.80236,-48.59591
567,567,567.0,567.0,567.0,567.0,567.0,567.0,567.0,567.0,567.0,567.0,567.0,567.0,567.0,567.0,567.0,567.0,567.0,567.0,567.0,567.0,567.0,567.0,7.0,0.7,250.43954,253.34891,256.11508,258.67727,260.9813,262.97395,264.59464,265.76671,266.39106,266.34429,265.48279,263.65273,260.70515,256.51434,250.99715,244.13057,235.96491,226.63046,216.33596,205.35865,251.8555469254661,240.2127585789571,3127.8008,820.9728100000002,2658.34422,-50.02605
568,568,568.0,568.0,568.0,568.0,568.0,568.0,568.0,568.0,568.0,568.0,568.0,568.0,568.0,568.0,568.0,568.0,568.0,568.0,568.0,568.0,568.0,568.0,8.0,0.8,253.34915,254.80638,256.18583,257.43735,258.50072,259.30735,259.78503,259.86535,259.49338,258.63843,257.30457,255.53882,253.43444,251.12656,248.77848,246.5586,244.61122,243.02714,241.82192,240.92918,352.2796338591628,175.90205438405937,3948.77361,871.5126099999998,1837.37141,-53.692650000000015
569,569,569.0,569.0,569.0,569.0,569.0,569.0,569.0,569.0,569.0,569.0,569.0,569.0,569.0,569.0,569.0,569.0,569.0,569.0,569.0,569.0,569.0,569.0,9.0,0.9,336.1488,320.75118,306.71361,294.47432,284.24153,275.99639,269.5322,264.51328,260.53618,257.17915,254.03384,250.72018,246.89109,242.23588,236.49012,229.45558,221.02849,211.22859,200.21849,188.3029,285.5528636977765,181.0984097089525,4820.28622,965.8588,965.8588,-37.00360999999998
570,570,570.0,570.0,570.0,570.0,570.0,570.0,570.0,570.0,570.0,570.0,570.0,570.0,570.0,570.0,570.0,570.0,570.0,570.0,570.0,570.0,570.0,570.0,0.0,0.0,273.0,273.0,273.0,273.0,273.0,273.0,273.0,273.0,273.0,273.0,273.0,273.0,273.0,273.0,273.0,273.0,273.0,273.0,273.0,273.0,268.26832208537684,237.14015030896888,0.0,471.2493,9622.62696,-40.0
571,571,571.0,571.0,571.0,571.0,571.0,571.0,571.0,571.0,571.0,571.0,571.0,571.0,571.0,571.0,571.0,571.0,571.0,571.0,571.0,571.0,571.0,571.0,1.0,0.1,269.0739,269.84204,270.53994,271.14284,271.63513,272.00884,272.2597,272.38131,272.35828,272.15944,271.73206,270.99891,269.85955,268.19768,265.89547,262.85416,259.01828,254.39819,249.08498,243.25202,186.03728006584703,176.60877370729065,471.2493,656.56636,9151.37766,-40.99115999999998
572,572,572.0,572.0,572.0,572.0,572.0,572.0,572.0,572.0,572.0,572.0,572.0,572.0,572.0,572.0,572.0,572.0,572.0,572.0,572.0,572.0,572.0,572.0,2.0,0.2,200.56469,214.42667,227.04436,237.9917,247.02755,254.08978,259.25783,262.6965,264.5955,265.11698,264.35889,262.33761,258.99017,254.19479,247.807,239.70673,229.84948,218.31166,205.31929,191.25066,180.15440228912928,189.37779050843832,1127.81566,1090.47149,8494.8113,-58.91022000000001
573,573,573.0,573.0,573.0,573.0,573.0,573.0,573.0,573.0,573.0,573.0,573.0,573.0,573.0,573.0,573.0,573.0,573.0,573.0,573.0,573.0,573.0,573.0,3.0,0.3,191.2204,201.96465,212.08526,221.31706,229.44296,236.29911,241.77409,245.80378,248.36405,249.46332,249.13665,247.44193,244.45821,240.28498,235.04125,228.86339,221.9011,214.31214,206.25676,197.89359,205.62413751635432,348.4132872483846,2218.28715,1333.0173999999995,7404.339809999999,-76.70088999999999
574,574,574.0,574.0,574.0,574.0,574.0,574.0,574.0,574.0,574.0,574.0,574.0,574.0,574.0,574.0,574.0,574.0,574.0,574.0,574.0,574.0,574.0,574.0,4.0,0.4,209.64627,213.66963,217.67684,221.61964,225.4176,228.96944,232.17555,234.96851,237.34704,239.40851,241.37462,243.60384,246.58332,250.89351,257.14153,265.86642,277.429,291.90864,309.03474,328.17795,340.83538991258973,176.99469822517463,3551.30455,1084.0487199999998,6071.32241,-84.03056000000001
575,575,575.0,575.0,575.0,575.0,575.0,575.0,575.0,575.0,575.0,575.0,575.0,575.0,575.0,575.0,575.0,575.0,575.0,575.0,575.0,575.0,575.0,575.0,5.0,0.5,321.49261,303.17672,286.77357,272.91933,261.94574,253.88392,248.51454,245.44158,244.16506,244.13474,244.77764,245.50414,245.70657,244.76745,242.09199,237.17063,229.66433,219.4926,206.89617,192.44759,251.02435355172287,249.23832797651187,4635.35327,1047.2829700000002,4987.27369,-59.11608000000001
576,576,576.0,576.0,576.0,576.0,576.0,576.0,576.0,576.0,576.0,576.0,576.0,576.0,576.0,576.0,576.0,576.0,576.0,576.0,576.0,576.0,576.0,576.0,6.0,0.6,253.44976,255.5211,256.95174,257.57133,257.34389,256.35377,254.76765,252.78738,250.60829,248.39383,246.26994,244.33577,242.68232,241.40855,240.62604,240.44759,240.96142,242.1985,244.10472,246.52958,244.8628868665667,231.1795938010069,5682.63624,1054.48369,3939.99072,-56.64623
577,577,577.0,577.0,577.0,577.0,577.0,577.0,577.0,577.0,577.0,577.0,577.0,577.0,577.0,577.0,577.0,577.0,577.0,577.0,577.0,577.0,577.0,577.0,7.0,0.7,246.47575,247.95997,249.20198,250.11575,250.65044,250.79252,250.56245,250.00713,249.18964,248.1781,247.03493,245.80816,244.52568,243.1936,241.79907,240.31745,238.72264,236.99817,235.14618,233.19155,249.6135851603157,248.94513576238265,6737.11993,1080.8985199999995,2885.50703,-62.20748
578,578,578.0,578.0,578.0,578.0,578.0,578.0,578.0,578.0,578.0,578.0,578.0,578.0,578.0,578.0,578.0,578.0,578.0,578.0,578.0,578.0,578.0,578.0,8.0,0.8,249.56215,249.49893,249.41051,249.28113,249.09324,248.82964,248.47666,248.02785,247.48748,246.87346,246.21894,245.57248,244.99593,244.5598,244.33548,244.38495,244.74901,245.43645,246.41698,247.62067,298.2389589747689,277.6140252590622,7818.01845,995.17295,1804.60851,-64.17035999999999
579,579,579.0,579.0,579.0,579.0,579.0,579.0,579.0,579.0,579.0,579.0,579.0,579.0,579.0,579.0,579.0,579.0,579.0,579.0,579.0,579.0,579.0,579.0,9.0,0.9,289.76774,281.66635,274.25398,267.76058,262.30826,257.91494,254.51642,251.99926,250.23591,249.11485,248.56157,248.54835,249.09331,250.24967,252.08718,254.66831,258.02267,262.12444,266.8781,272.11656,284.29217245782,261.6050290870876,8813.1914,809.4355599999999,809.4355599999999,-55.08506
580,580,580.0,580.0,580.0,580.0,580.0,580.0,580.0,580.0,580.0,580.0,580.0,580.0,580.0,580.0,580.0,580.0,580.0,580.0,580.0,580.0,580.0,580.0,0.0,0.0,273.0,273.0,273.0,273.0,273.0,273.0,273.0,273.0,273.0,273.0,273.0,273.0,273.0,273.0,273.0,273.0,273.0,273.0,273.0,273.0,312.51741750250164,311.122529223687,0.0,411.33716,4958.32097,-40.0
581,581,581.0,581.0,581.0,581.0,581.0,581.0,581.0,581.0,581.0,581.0,581.0,581.0,581.0,581.0,581.0,581.0,581.0,581.0,581.0,581.0,581.0,581.0,1.0,0.1,305.78287,299.35636,293.50425,288.41929,284.20516,280.87942,278.39178,276.65158,275.55789,275.02601,275.00686,275.49698,276.53858,278.20975,280.60547,283.81167,287.87597,292.78092,298.42622,304.62576,342.5951177445117,225.8439404169972,411.33716,332.32666,4546.98381,-32.12058000000002
582,582,582.0,582.0,582.0,582.0,582.0,582.0,582.0,582.0,582.0,582.0,582.0,582.0,582.0,582.0,582.0,582.0,582.0,582.0,582.0,582.0,582.0,582.0,2.0,0.2,332.75221,323.26373,314.44498,306.54074,299.70707,294.00716,289.41868,285.84711,283.13922,281.09287,279.46178,277.958,276.25701,274.01161,270.87927,266.56365,260.86531,253.73064,245.28498,235.83648,364.8996521376848,187.20974103880005,743.66382,425.88418,4214.65715,-18.99284
583,583,583.0,583.0,583.0,583.0,583.0,583.0,583.0,583.0,583.0,583.0,583.0,583.0,583.0,583.0,583.0,583.0,583.0,583.0,583.0,583.0,583.0,583.0,3.0,0.3,353.6784,342.76787,332.44365,322.91714,314.31708,306.68283,299.96787,294.0503,288.74624,283.82351,279.01434,274.02794,268.56506,262.33672,255.08867,246.63073,236.86734,225.82334,213.65731,200.65638,342.2453160702409,271.2027058538116,1169.548,508.95326,3788.77297,-6.317169999999976
584,584,584.0,584.0,584.0,584.0,584.0,584.0,584.0,584.0,584.0,584.0,584.0,584.0,584.0,584.0,584.0,584.0,584.0,584.0,584.0,584.0,584.0,584.0,4.0,0.4,336.93092,331.54921,326.04763,320.39887,314.60457,308.69238,302.7091,296.71397,290.77605,284.97765,279.42327,274.25016,269.6348,265.78864,262.93829,261.28924,260.97813,262.02431,264.29492,267.49684,209.58712033340512,217.36000216335307,1678.50126,434.3306499999999,3279.81971,-4.307619999999986
585,585,585.0,585.0,585.0,585.0,585.0,585.0,585.0,585.0,585.0,585.0,585.0,585.0,585.0,585.0,585.0,585.0,585.0,585.0,585.0,585.0,585.0,585.0,5.0,0.5,226.60896,242.5986,256.66782,268.18368,276.82472,282.57613,285.67379,286.5178,285.57827,283.3123,280.10324,276.22604,271.83726,266.98602,261.64147,255.73165,249.18767,241.98538,234.17572,225.89627,358.24899408655057,229.2564480538207,2112.83191,516.7807700000003,2845.48906,-30.423870000000026
586,586,586.0,586.0,586.0,586.0,586.0,586.0,586.0,586.0,586.0,586.0,586.0,586.0,586.0,586.0,586.0,586.0,586.0,586.0,586.0,586.0,586.0,586.0,6.0,0.6,343.42526,329.39653,316.8243,306.13652,297.48233,290.74702,285.61478,281.65634,278.41753,275.48987,272.55415,269.39688,265.90527,262.04905,257.85645,253.38974,248.7239,243.93005,239.0649,234.16654,343.1050254905706,183.56813465273848,2629.61268,560.1915599999998,2328.70829,-22.25297999999998
587,587,587.0,587.0,587.0,587.0,587.0,587.0,587.0,587.0,587.0,587.0,587.0,587.0,587.0,587.0,587.0,587.0,587.0,587.0,587.0,587.0,587.0,587.0,7.0,0.7,335.34675,327.68377,320.20769,313.00147,306.13253,299.64451,293.54895,287.81828,282.3816,277.1237,271.88778,266.48192,260.69018,254.28905,247.07007,238.86775,229.58969,219.24314,207.95088,195.94964,192.8005440094956,346.8893622787016,3189.80424,591.9333900000001,1768.5167299999998,-13.355489999999977
588,588,588.0,588.0,588.0,588.0,588.0,588.0,588.0,588.0,588.0,588.0,588.0,588.0,588.0,588.0,588.0,588.0,588.0,588.0,588.0,588.0,588.0,588.0,8.0,0.8,211.3935,228.85981,244.22996,256.81312,266.25929,272.55695,275.9792,277.0032,276.22896,274.31713,271.95326,269.83363,268.65897,269.11865,271.85157,277.37877,286.01588,297.78588,312.3601,329.05363,219.8515394556195,237.2968683830774,3781.73763,515.1489900000001,1176.5833399999997,-40.44305000000003
589,589,589.0,589.0,589.0,589.0,589.0,589.0,589.0,589.0,589.0,589.0,589.0,589.0,589.0,589.0,589.0,589.0,589.0,589.0,589.0,589.0,589.0,589.0,9.0,0.9,226.8568,233.71156,240.26785,246.38554,251.9417,256.8423,261.03266,264.50169,267.27604,269.403,270.92437,271.84719,272.12031,271.62588,270.19314,267.63625,263.81057,258.67387,252.33437,245.06828,181.47555208302904,335.1814114349337,4296.88662,661.4343499999995,661.4343499999995,-56.15769999999998
590,590,590.0,590.0,590.0,590.0,590.0,590.0,590.0,590.0,590.0,590.0,590.0,590.0,590.0,590.0,590.0,590.0,590.0,590.0,590.0,590.0,590.0,590.0,0.0,0.0,273.0,273.0,273.0,273.0,273.0,273.0,273.0,273.0,273.0,273.0,273.0,273.0,273.0,273.0,273.0,273.0,273.0,273.0,273.0,273.0,348.0031686142026,275.3470301484473,0.0,419.3394,2196.36184,12.522890000000018
591,591,591.0,591.0,591.0,591.0,591.0,591.0,591.0,591.0,591.0,591.0,591.0,591.0,591.0,591.0,591.0,591.0,591.0,591.0,591.0,591.0,591.0,591.0,1.0,0.1,335.21961,323.01927,311.90578,302.24111,294.21507,287.84803,283.02144,279.52463,277.10448,275.50775,274.51022,273.9316,273.63866,273.54036,273.57887,273.71944,273.94114,274.22928,274.57031,274.94886,322.9565449083914,344.4229668813107,419.3394,318.06018,1777.02244,12.522890000000018
592,592,592.0,592.0,592.0,592.0,592.0,592.0,592.0,592.0,592.0,592.0,592.0,592.0,592.0,592.0,592.0,592.0,592.0,592.0,592.0,592.0,592.0,592.0,2.0,0.2,318.16512,313.38901,308.65664,304.0186,299.54994,295.3462,291.51565,288.17182,285.42984,283.40829,282.23571,282.05818,283.04274,285.37105,289.21955,294.72595,301.94698,310.81714,321.12064,332.48795,360.4436341039102,279.55745746539515,737.39958,192.83752000000004,1458.96226,12.522890000000018
593,593,593.0,593.0,593.0,593.0,593.0,593.0,593.0,593.0,593.0,593.0,593.0,593.0,593.0,593.0,593.0,593.0,593.0,593.0,593.0,593.0,593.0,593.0,3.0,0.3,349.79968,339.5141,329.90667,321.22863,313.64697,307.24414,302.02946,297.95611,294.93694,292.85451,291.5639,290.89057,290.62816,290.54195,290.38286,289.91355,288.94336,287.36454,285.17881,282.50435,364.8266690501637,359.7898409020238,930.2371,169.25463999999988,1266.12474,12.522890000000018
594,594,594.0,594.0,594.0,594.0,594.0,594.0,594.0,594.0,594.0,594.0,594.0,594.0,594.0,594.0,594.0,594.0,594.0,594.0,594.0,594.0,594.0,594.0,4.0,0.4,356.00194,347.3737,339.12526,331.4156,324.37228,318.08929,312.63032,308.03726,304.34291,301.58653,299.8295,299.16773,299.73614,301.70073,305.23521,310.48268,317.50764,326.24904,336.48773,347.84089,361.1300352420437,351.94853717455,1099.49174,101.89713000000006,1096.8701,12.522890000000018
595,595,595.0,595.0,595.0,595.0,595.0,595.0,595.0,595.0,595.0,595.0,595.0,595.0,595.0,595.0,595.0,595.0,595.0,595.0,595.0,595.0,595.0,595.0,5.0,0.5,354.59816,348.16684,341.93816,336.01663,330.509,325.52289,321.16442,317.53523,314.72895,312.82732,311.89601,311.98018,313.10007,315.24707,318.3811,322.42981,327.29009,332.83164,338.9023,345.33397,252.3995930746102,288.5162158258972,1201.38887,58.01648,994.97297,12.522890000000018
596,596,596.0,596.0,596.0,596.0,596.0,596.0,596.0,596.0,596.0,596.0,596.0,596.0,596.0,596.0,596.0,596.0,596.0,596.0,596.0,596.0,596.0,596.0,6.0,0.6,265.50095,277.85449,288.8264,297.9841,305.13847,310.33605,313.80946,315.90288,316.99167,317.41192,317.40968,317.11401,316.53348,315.57413,314.07511,311.85733,308.77754,304.77824,299.92203,294.40095,270.6723349434346,243.5944050681916,1259.40535,53.7326700000001,936.95649,12.522890000000018
597,597,597.0,597.0,597.0,597.0,597.0,597.0,597.0,597.0,597.0,597.0,597.0,597.0,597.0,597.0,597.0,597.0,597.0,597.0,597.0,597.0,597.0,597.0,7.0,0.7,276.16319,281.55751,286.75592,291.65532,296.15086,300.14005,303.52723,306.22591,308.15724,309.24451,309.40501,308.54282,306.54627,303.29401,298.67168,292.5985,285.05952,276.13604,266.02533,255.04157,177.2129307584744,320.8637248063792,1313.13802,136.9674799999998,883.2238199999999,12.522890000000018
598,598,598.0,598.0,598.0,598.0,598.0,598.0,598.0,598.0,598.0,598.0,598.0,598.0,598.0,598.0,598.0,598.0,598.0,598.0,598.0,598.0,598.0,598.0,8.0,0.8,197.56725,217.09916,235.08669,250.98667,264.47567,275.45,283.99273,290.32287,294.74321,297.59921,299.25421,300.07931,300.45036,300.74302,301.3178,302.49171,304.49948,307.45354,311.31568,315.89281,203.57736142765768,208.8646435222808,1450.1055,275.17790000000014,746.2563400000001,12.522890000000018
599,599,599.0,599.0,599.0,599.0,599.0,599.0,599.0,599.0,599.0,599.0,599.0,599.0,599.0,599.0,599.0,599.0,599.0,599.0,599.0,599.0,599.0,599.0,9.0,0.9,213.90387,224.10857,234.06186,243.62247,252.63948,260.95949,268.43566,274.93392,280.3326,284.51352,287.34677,288.67413,288.29933,285.9935,281.52197,274.69303,265.42162,253.79338,240.10969,224.89613,352.3442364649221,196.7392477858964,1725.2834,471.07844,471.07844,12.522890000000018
600,600,600.0,600.0,600.0,600.0,600.0,600.0,600.0,600.0,600.0,600.0,600.0,600.0,600.0,600.0,600.0,600.0,600.0,600.0,600.0,600.0,600.0,600.0,0.0,0.0,273.0,273.0,273.0,273.0,273.0,273.0,273.0,273.0,273.0,273.0,273.0,273.0,273.0,273.0,273.0,273.0,273.0,273.0,273.0,273.0,184.50460791279696,327.2191686749004,0.0,474.32117,7302.065130000001,-40.0
601,601,601.0,601.0,601.0,601.0,601.0,601.0,601.0,601.0,601.0,601.0,601.0,601.0,601.0,601.0,601.0,601.0,601.0,601.0,601.0,601.0,601.0,601.0,1.0,0.1,199.58927,213.98677,227.10464,238.5187,248.01083,255.56777,261.34817,265.63205,268.76801,271.13008,273.08948,275.00037,277.19366,279.97152,283.59606,288.26931,294.10667,301.11035,309.15235,317.97576,315.86638924076505,211.9103193316216,474.32117,505.35721,6827.743960000001,-57.43223
602,602,602.0,602.0,602.0,602.0,602.0,602.0,602.0,602.0,602.0,602.0,602.0,602.0,602.0,602.0,602.0,602.0,602.0,602.0,602.0,602.0,602.0,602.0,2.0,0.2,304.25964,293.44447,284.09029,276.65151,271.32368,268.05209,266.58148,266.52561,267.43457,268.84381,270.29865,271.35887,271.59457,270.58778,267.9512,263.36876,256.65291,247.80427,237.05376,224.8684,210.8399878839612,300.980344984918,979.67838,557.63477,6322.386750000001,-44.94790999999998
603,603,603.0,603.0,603.0,603.0,603.0,603.0,603.0,603.0,603.0,603.0,603.0,603.0,603.0,603.0,603.0,603.0,603.0,603.0,603.0,603.0,603.0,603.0,3.0,0.3,221.78899,232.1477,241.41624,249.25292,255.50435,260.19546,263.48902,265.63127,266.90128,267.57671,267.92018,268.18282,268.61537,269.47509,271.01905,273.47909,277.02189,281.70447,287.43998,293.98839,339.4745881406016,177.28275955485336,1537.31315,598.0609399999998,5764.751980000001,-52.80453999999997
604,604,604.0,604.0,604.0,604.0,604.0,604.0,604.0,604.0,604.0,604.0,604.0,604.0,604.0,604.0,604.0,604.0,604.0,604.0,604.0,604.0,604.0,604.0,4.0,0.4,324.93559,311.21014,298.98939,288.74777,280.69812,274.79803,270.79734,268.30598,266.86007,265.97066,265.14913,263.91355,261.78748,258.30547,253.03674,245.63138,235.88328,223.79465,209.62079,193.87482,272.4995904628746,229.3863675593072,2135.37409,706.0228500000003,5166.691040000001,-38.20197000000002
605,605,605.0,605.0,605.0,605.0,605.0,605.0,605.0,605.0,605.0,605.0,605.0,605.0,605.0,605.0,605.0,605.0,605.0,605.0,605.0,605.0,605.0,605.0,5.0,0.5,274.20841,275.63259,276.53605,276.76622,276.26678,275.06703,273.25437,270.94039,268.2318,265.21361,261.9472,258.48044,254.86349,251.16249,247.46437,243.86956,240.47336,237.3417,234.48973,231.87152,200.09792890261323,207.8268080043744,2841.39694,824.4083099999998,4460.66819,-37.93297000000001
606,606,606.0,606.0,606.0,606.0,606.0,606.0,606.0,606.0,606.0,606.0,606.0,606.0,606.0,606.0,606.0,606.0,606.0,606.0,606.0,606.0,606.0,606.0,6.0,0.6,212.47849,224.20748,234.71666,243.58593,250.57699,255.63238,258.84544,260.41261,260.58111,259.60261,257.69936,255.04482,251.75774,247.90724,243.52589,238.62773,233.22823,227.36248,221.09825,214.54056,306.42198476494,368.7847497682793,3665.80525,878.0856799999997,3636.25988,-57.36761999999999
607,607,607.0,607.0,607.0,607.0,607.0,607.0,607.0,607.0,607.0,607.0,607.0,607.0,607.0,607.0,607.0,607.0,607.0,607.0,607.0,607.0,607.0,607.0,7.0,0.7,296.37415,286.90242,278.48687,271.44018,265.8779,261.73459,258.81806,256.88601,255.72717,255.23203,255.44247,256.57405,259.00675,263.24196,269.82597,279.24608,291.81328,307.55441,326.14147,346.88229,221.8719039612011,178.81990712833317,4543.89093,633.7866400000003,2758.1742000000004,-51.26540999999997
608,608,608.0,608.0,608.0,608.0,608.0,608.0,608.0,608.0,608.0,608.0,608.0,608.0,608.0,608.0,608.0,608.0,608.0,608.0,608.0,608.0,608.0,608.0,8.0,0.8,229.6607,236.98554,243.46164,248.84305,253.04924,256.15471,258.347,259.86448,260.92697,261.67082,262.0973,262.04149,261.16849,259.00309,254.9965,248.62701,239.52113,227.57078,213.01551,196.46115,182.4219211363999,219.36712353836884,5177.67757,956.9795700000004,2124.38756,-56.84528999999998
609,609,609.0,609.0,609.0,609.0,609.0,609.0,609.0,609.0,609.0,609.0,609.0,609.0,609.0,609.0,609.0,609.0,609.0,609.0,609.0,609.0,609.0,609.0,9.0,0.9,194.27116,205.66992,216.21742,225.60137,233.61801,240.17187,245.25845,248.93738,251.30427,252.46854,252.54074,251.62971,249.84669,247.3115,244.15599,240.52134,236.54849,232.3642,228.0679,223.72452,323.3068301005379,183.81762581503148,6134.65714,1167.4079899999997,1167.4079899999997,-72.82812999999999
610,610,610.0,610.0,610.0,610.0,610.0,610.0,610.0,610.0,610.0,610.0,610.0,610.0,610.0,610.0,610.0,610.0,610.0,610.0,610.0,610.0,610.0,610.0,0.0,0.0,273.0,273.0,273.0,273.0,273.0,273.0,273.0,273.0,273.0,273.0,273.0,273.0,273.0,273.0,273.0,273.0,273.0,273.0,273.0,273.0,188.3277400749785,272.1089663880998,0.0,499.71266,6378.90736,-40.0
611,611,611.0,611.0,611.0,611.0,611.0,611.0,611.0,611.0,611.0,611.0,611.0,611.0,611.0,611.0,611.0,611.0,611.0,611.0,611.0,611.0,611.0,611.0,1.0,0.1,202.75939,216.5326,229.07903,239.98995,249.05128,256.24044,261.69187,265.64438,268.38524,270.2026,271.35288,272.04398,272.43167,272.62477,272.69455,272.68518,272.62312,272.52444,272.40003,272.25874,173.692462315859,272.2093241367129,499.71266,691.69762,5879.1947,-56.75956000000002
612,612,612.0,612.0,612.0,612.0,612.0,612.0,612.0,612.0,612.0,612.0,612.0,612.0,612.0,612.0,612.0,612.0,612.0,612.0,612.0,612.0,612.0,612.0,2.0,0.2,186.42021,198.79898,210.51149,221.29854,230.97583,239.43993,246.664,252.68587,257.59195,261.50026,264.54481,266.86307,268.58667,269.83546,270.71429,271.31194,271.70167,271.9428,272.083,272.16096,351.3083809348967,269.1015429552533,1191.41028,740.2040199999999,5187.49708,-73.56007
613,613,613.0,613.0,613.0,613.0,613.0,613.0,613.0,613.0,613.0,613.0,613.0,613.0,613.0,613.0,613.0,613.0,613.0,613.0,613.0,613.0,613.0,613.0,3.0,0.3,331.16306,312.22954,295.53926,281.8053,271.35534,264.14248,259.81981,257.8505,257.62292,258.54642,260.11487,261.93661,263.73724,265.34524,266.67016,267.68048,268.38519,268.82026,269.03961,269.10898,276.878372062958,226.91407515802567,1931.6143,593.7218599999999,4447.29306,-48.85752000000002
614,614,614.0,614.0,614.0,614.0,614.0,614.0,614.0,614.0,614.0,614.0,614.0,614.0,614.0,614.0,614.0,614.0,614.0,614.0,614.0,614.0,614.0,614.0,4.0,0.4,276.77159,276.471,275.83149,274.79065,273.3789,271.70412,269.91726,268.16963,266.57322,265.17223,263.92983,262.7302,261.39378,259.70271,257.43362,254.39428,250.45985,245.60295,239.91076,233.58385,204.27734735607075,329.2481644667717,2525.33616,651.7377100000003,3853.5712,-41.29588000000001
615,615,615.0,615.0,615.0,615.0,615.0,615.0,615.0,615.0,615.0,615.0,615.0,615.0,615.0,615.0,615.0,615.0,615.0,615.0,615.0,615.0,615.0,615.0,5.0,0.5,215.73859,226.61004,236.38273,244.69153,251.34801,256.34065,259.8088,262.00266,263.24296,263.88997,264.32583,264.94758,266.16296,268.37976,271.98039,277.27949,284.46911,293.5644,304.36658,316.45945,180.02581313534802,321.4048197517627,3177.07387,654.3739699999996,3201.83349,-56.65935000000002
616,616,616.0,616.0,616.0,616.0,616.0,616.0,616.0,616.0,616.0,616.0,616.0,616.0,616.0,616.0,616.0,616.0,616.0,616.0,616.0,616.0,616.0,616.0,6.0,0.6,191.95538,203.50854,214.35206,224.23149,232.99349,240.59277,247.08507,252.60975,257.36653,261.59057,265.5286,269.418,273.46936,277.85301,282.68968,288.04569,293.93254,300.3108,307.09741,314.17539,350.7943886635144,204.986993225346,3831.44784,646.1402900000003,2547.4595200000003,-72.40723
617,617,617.0,617.0,617.0,617.0,617.0,617.0,617.0,617.0,617.0,617.0,617.0,617.0,617.0,617.0,617.0,617.0,617.0,617.0,617.0,617.0,617.0,617.0,7.0,0.7,331.11717,312.62729,296.34002,282.96628,272.84702,265.95997,261.98433,260.39596,260.56382,261.82539,263.53195,265.06682,265.84926,265.33994,263.0612,258.63795,251.85462,242.71347,231.47421,218.65534,253.1871979844188,329.95227089209925,4477.58813,584.7896000000001,1901.31923,-47.04003
618,618,618.0,618.0,618.0,618.0,618.0,618.0,618.0,618.0,618.0,618.0,618.0,618.0,618.0,618.0,618.0,618.0,618.0,618.0,618.0,618.0,618.0,618.0,8.0,0.8,257.38854,261.20374,264.31919,266.54668,267.84406,268.30248,268.1094,267.50313,266.73482,266.0482,265.67967,265.87248,266.89341,269.03814,272.61439,277.89912,285.07572,294.16671,304.98339,317.11263,175.32641056373245,256.10086915735405,5062.37773,562.5602899999994,1316.52963,-44.69752
619,619,619.0,619.0,619.0,619.0,619.0,619.0,619.0,619.0,619.0,619.0,619.0,619.0,619.0,619.0,619.0,619.0,619.0,619.0,619.0,619.0,619.0,619.0,9.0,0.9,190.80138,205.59348,219.11331,230.93796,240.84931,248.83324,255.04511,259.75348,263.27594,265.91911,267.93092,269.46951,270.5909,271.25572,271.35458,270.74881,269.32073,267.02318,263.91635,260.1808,224.4174299008363,264.6249872772228,5624.93802,753.9693400000006,753.9693400000006,-64.16676000000001
620,620,620.0,620.0,620.0,620.0,620.0,620.0,620.0,620.0,620.0,620.0,620.0,620.0,620.0,620.0,620.0,620.0,620.0,620.0,620.0,620.0,620.0,620.0,0.0,0.0,273.0,273.0,273.0,273.0,273.0,273.0,273.0,273.0,273.0,273.0,273.0,273.0,273.0,273.0,273.0,273.0,273.0,273.0,273.0,273.0,354.20417431183523,296.4299939190796,0.0,406.61428,3078.46111,-40.0
621,621,621.0,621.0,621.0,621.0,621.0,621.0,621.0,621.0,621.0,621.0,621.0,621.0,621.0,621.0,621.0,621.0,621.0,621.0,621.0,621.0,621.0,621.0,1.0,0.1,340.36417,327.15606,315.12554,304.66585,295.98457,289.10756,283.9133,280.18524,277.66771,276.11417,275.32095,275.14471,275.50484,276.37414,277.76105,279.687,282.16255,285.16631,288.6308,292.43856,350.75361781623894,242.9540993508037,406.61428,322.74095,2671.84683,-23.892440000000025
622,622,622.0,622.0,622.0,622.0,622.0,622.0,622.0,622.0,622.0,622.0,622.0,622.0,622.0,622.0,622.0,622.0,622.0,622.0,622.0,622.0,622.0,622.0,2.0,0.2,341.56324,332.57795,323.99128,315.9743,308.66608,302.166,296.52814,291.75763,287.80878,284.58457,281.93778,279.67471,277.56324,275.34748,272.77066,269.6057,265.68996,260.95755,255.46027,249.3694,180.00507296797383,364.3349546826721,729.35523,313.7479199999999,2349.10588,-10.834000000000003
623,623,623.0,623.0,623.0,623.0,623.0,623.0,623.0,623.0,623.0,623.0,623.0,623.0,623.0,623.0,623.0,623.0,623.0,623.0,623.0,623.0,623.0,623.0,3.0,0.3,201.57824,221.93563,240.03788,255.15782,266.94845,275.43682,280.95837,284.05937,285.39737,285.66227,285.5281,285.6326,286.57217,288.89622,293.08714,299.51981,308.40485,319.73021,333.22151,348.34085,262.4777387258931,283.22403223023207,1043.10315,271.6569100000001,2035.3579600000005,-37.56317999999999
624,624,624.0,624.0,624.0,624.0,624.0,624.0,624.0,624.0,624.0,624.0,624.0,624.0,624.0,624.0,624.0,624.0,624.0,624.0,624.0,624.0,624.0,624.0,4.0,0.4,262.59955,262.985,263.84268,265.28708,267.32582,269.87387,272.78682,275.90018,279.06138,282.14596,285.05555,287.70238,289.98931,291.79601,292.98016,293.39706,292.93509,291.55706,289.33393,286.45749,189.23122830750432,318.33891090850227,1314.76006,326.52682000000004,1763.70105,-43.12612999999999
625,625,625.0,625.0,625.0,625.0,625.0,625.0,625.0,625.0,625.0,625.0,625.0,625.0,625.0,625.0,625.0,625.0,625.0,625.0,625.0,625.0,625.0,625.0,5.0,0.5,203.12925,216.50663,228.91433,240.02972,249.68335,257.85521,264.64662,270.23926,274.85374,278.71724,282.04429,285.03013,287.85187,290.67162,293.63605,296.86985,300.46307,304.45651,308.83047,313.50271,297.3534824219736,302.4883713067115,1641.28688,365.61086,1437.17423,-55.14479
626,626,626.0,626.0,626.0,626.0,626.0,626.0,626.0,626.0,626.0,626.0,626.0,626.0,626.0,626.0,626.0,626.0,626.0,626.0,626.0,626.0,626.0,626.0,6.0,0.6,289.50104,282.30378,276.31478,271.90773,269.24096,268.26647,268.77493,270.45982,272.98231,276.02286,279.31281,282.64589,285.87507,288.90163,291.66337,294.12607,296.27995,298.13987,299.7468,301.16718,249.6538199637872,271.84382452387104,2006.89774,317.2894399999998,1071.56337,-44.73352999999997
627,627,627.0,627.0,627.0,627.0,627.0,627.0,627.0,627.0,627.0,627.0,627.0,627.0,627.0,627.0,627.0,627.0,627.0,627.0,627.0,627.0,627.0,627.0,7.0,0.7,253.81421,257.80109,261.4752,264.75603,267.63021,270.14276,272.37522,274.41751,276.34092,278.17776,279.91075,281.47228,282.75299,283.61782,283.92792,283.56611,282.46277,280.61767,278.11274,275.11158,224.95388675691368,368.2459819474469,2324.18718,361.6582800000001,754.2739300000003,-42.85723999999999
628,628,628.0,628.0,628.0,628.0,628.0,628.0,628.0,628.0,628.0,628.0,628.0,628.0,628.0,628.0,628.0,628.0,628.0,628.0,628.0,628.0,628.0,628.0,8.0,0.8,232.39762,239.60361,246.36407,252.52495,257.99949,262.7709,266.88669,270.44926,273.60761,276.55322,279.52031,282.78717,286.6731,291.52394,297.68165,305.43718,314.97278,326.30608,339.25232,353.41972,368.6412210680479,332.6946033218042,2685.84546,248.95579,392.6156500000002,-50.22910000000002
629,629,629.0,629.0,629.0,629.0,629.0,629.0,629.0,629.0,629.0,629.0,629.0,629.0,629.0,629.0,629.0,629.0,629.0,629.0,629.0,629.0,629.0,629.0,9.0,0.9,350.09905,332.60192,317.0502,304.08914,294.05518,286.98472,282.67318,280.76136,280.82396,282.44052,285.23905,288.9122,293.21333,297.94263,302.93329,308.044,313.1601,318.20071,323.12669,327.94347,345.5664496927313,251.4334916412347,2934.80125,143.6598600000002,143.6598600000002,-26.01528000000002
630,630,630.0,630.0,630.0,630.0,630.0,630.0,630.0,630.0,630.0,630.0,630.0,630.0,630.0,630.0,630.0,630.0,630.0,630.0,630.0,630.0,630.0,630.0,0.0,0.0,273.0,273.0,273.0,273.0,273.0,273.0,273.0,273.0,273.0,273.0,273.0,273.0,273.0,273.0,273.0,273.0,273.0,273.0,273.0,273.0,361.7405586095056,308.0475495205593,0.0,399.13699,3232.517,1.9619799999999827
631,631,631.0,631.0,631.0,631.0,631.0,631.0,631.0,631.0,631.0,631.0,631.0,631.0,631.0,631.0,631.0,631.0,631.0,631.0,631.0,631.0,631.0,631.0,1.0,0.1,346.6163,332.18277,319.03661,307.608,298.12474,290.61687,284.95473,280.90685,278.20213,276.58361,275.84643,275.85735,276.55707,277.94813,280.07188,282.97842,286.69432,291.19371,296.37896,302.07617,353.57020457820107,238.2902839117471,399.13699,300.49332,2833.38001,1.9619799999999827
632,632,632.0,632.0,632.0,632.0,632.0,632.0,632.0,632.0,632.0,632.0,632.0,632.0,632.0,632.0,632.0,632.0,632.0,632.0,632.0,632.0,632.0,632.0,2.0,0.2,344.29193,335.20645,326.4988,318.33815,310.86921,304.2035,298.41095,293.51233,289.47301,286.19828,283.53121,281.25431,279.09772,276.75665,273.92003,270.3098,265.72618,260.08993,253.47037,246.08854,372.576427489378,287.31892254019067,699.63031,321.69125,2532.88669,1.9619799999999827
633,633,633.0,633.0,633.0,633.0,633.0,633.0,633.0,633.0,633.0,633.0,633.0,633.0,633.0,633.0,633.0,633.0,633.0,633.0,633.0,633.0,633.0,633.0,3.0,0.3,361.68437,351.05068,340.90738,331.4389,322.7697,314.96198,308.02274,301.91767,296.58888,291.97364,288.02154,284.70792,282.04104,280.061,278.82865,278.40488,278.82325,280.06191,282.02278,284.52534,328.6427194607086,332.0080337830946,1021.32156,240.44725000000005,2211.19544,1.9619799999999827
634,634,634.0,634.0,634.0,634.0,634.0,634.0,634.0,634.0,634.0,634.0,634.0,634.0,634.0,634.0,634.0,634.0,634.0,634.0,634.0,634.0,634.0,634.0,4.0,0.4,327.12555,325.39204,323.26769,320.65194,317.53355,313.98844,310.16356,306.25383,302.47933,299.06781,296.24449,294.22717,293.22274,293.42029,294.97713,297.99719,302.50435,308.41745,315.535,323.53704,175.95707048330885,232.45460466487708,1261.76881,160.18896999999993,1970.74819,1.9619799999999827
635,635,635.0,635.0,635.0,635.0,635.0,635.0,635.0,635.0,635.0,635.0,635.0,635.0,635.0,635.0,635.0,635.0,635.0,635.0,635.0,635.0,635.0,635.0,5.0,0.5,199.47535,221.78465,241.84515,258.91687,272.62558,282.95634,290.18604,294.77845,297.26855,298.15888,297.84205,296.55596,294.37256,291.21775,286.91877,281.27215,274.12211,265.43434,255.34813,244.1919,257.7142908352634,211.039589535875,1421.95778,320.67788,1810.55922,1.9619799999999827
636,636,636.0,636.0,636.0,636.0,636.0,636.0,636.0,636.0,636.0,636.0,636.0,636.0,636.0,636.0,636.0,636.0,636.0,636.0,636.0,636.0,636.0,636.0,6.0,0.6,259.66141,261.81508,264.32231,267.22738,270.45532,273.8237,277.07559,279.92166,282.07928,283.30019,283.38393,282.17954,279.58083,275.52169,269.97587,262.96305,254.55975,244.91089,234.23655,222.82933,262.05503290011666,296.9429100837642,1742.63566,455.0577800000001,1489.88134,1.9619799999999827
637,637,637.0,637.0,637.0,637.0,637.0,637.0,637.0,637.0,637.0,637.0,637.0,637.0,637.0,637.0,637.0,637.0,637.0,637.0,637.0,637.0,637.0,637.0,7.0,0.7,263.76178,265.47121,267.17549,268.8483,270.44139,271.88687,273.10563,274.02123,274.57799,274.76109,274.61558,274.26007,273.89029,273.76747,274.18894,275.44161,277.74499,281.19557,285.72759,291.10371,355.22755811727666,268.64930561435114,2197.69344,402.22211000000016,1034.8235599999998,1.9619799999999827
638,638,638.0,638.0,638.0,638.0,638.0,638.0,638.0,638.0,638.0,638.0,638.0,638.0,638.0,638.0,638.0,638.0,638.0,638.0,638.0,638.0,638.0,638.0,8.0,0.8,340.81671,327.10391,314.68906,303.99856,295.24813,288.44754,283.43959,279.95814,277.6884,276.31643,275.56061,275.18513,274.99967,274.85231,274.62209,274.2158,273.57006,272.65712,271.49027,270.12446,190.07007582401624,356.9260290651034,2599.91555,341.3876399999999,632.6014499999997,1.9619799999999827
639,639,639.0,639.0,639.0,639.0,639.0,639.0,639.0,639.0,639.0,639.0,639.0,639.0,639.0,639.0,639.0,639.0,639.0,639.0,639.0,639.0,639.0,639.0,9.0,0.9,208.19958,225.28746,240.45138,253.08982,262.9407,270.07164,274.81589,277.67989,279.25044,280.12217,280.85466,281.95604,283.8824,287.03853,291.76818,298.3283,306.84994,317.29679,329.43693,342.84258,282.9261144886922,330.652775215012,2941.30319,291.21380999999974,291.21380999999974,1.9619799999999827
640,640,640.0,640.0,640.0,640.0,640.0,640.0,640.0,640.0,640.0,640.0,640.0,640.0,640.0,640.0,640.0,640.0,640.0,640.0,640.0,640.0,640.0,640.0,0.0,0.0,273.0,273.0,273.0,273.0,273.0,273.0,273.0,273.0,273.0,273.0,273.0,273.0,273.0,273.0,273.0,273.0,273.0,273.0,273.0,273.0,273.8637909243917,260.1443538410691,0.0,454.67328,4015.26358,-40.0
641,641,641.0,641.0,641.0,641.0,641.0,641.0,641.0,641.0,641.0,641.0,641.0,641.0,641.0,641.0,641.0,641.0,641.0,641.0,641.0,641.0,641.0,641.0,1.0,0.1,273.71625,273.57518,273.44603,273.33227,273.23477,273.15136,273.07643,273.00044,272.90919,272.78273,272.59437,272.31006,271.889,271.28612,270.45693,269.36463,267.98849,266.33173,264.42674,262.33553,235.2996705558117,191.57350838238813,454.67328,547.21889,3560.5903,-39.84863999999999
642,642,642.0,642.0,642.0,642.0,642.0,642.0,642.0,642.0,642.0,642.0,642.0,642.0,642.0,642.0,642.0,642.0,642.0,642.0,642.0,642.0,642.0,642.0,2.0,0.2,241.7455,247.88837,253.46503,258.28208,262.2298,265.27775,267.45492,268.8203,269.43052,269.31076,268.43336,266.70734,263.98107,260.05971,254.73721,247.84068,239.28053,229.09656,217.48775,204.81531,270.88776501799657,302.40890613336563,1001.89217,706.9912700000001,3013.37141,-47.72224999999997
643,643,643.0,643.0,643.0,643.0,643.0,643.0,643.0,643.0,643.0,643.0,643.0,643.0,643.0,643.0,643.0,643.0,643.0,643.0,643.0,643.0,643.0,643.0,3.0,0.3,269.20079,267.65698,266.36745,265.38774,264.7084,264.26148,263.94085,263.63178,263.24399,262.74332,262.17718,261.68976,261.52243,261.99517,263.46635,266.27272,270.65739,276.70065,284.27198,293.02,241.657562214125,372.2011925631458,1708.88344,565.7159999999999,2306.38014,-48.73852
644,644,644.0,644.0,644.0,644.0,644.0,644.0,644.0,644.0,644.0,644.0,644.0,644.0,644.0,644.0,644.0,644.0,644.0,644.0,644.0,644.0,644.0,644.0,4.0,0.4,245.61345,249.37204,252.76675,255.68631,258.08902,260.00601,261.53612,262.83657,264.1137,265.61636,267.63145,270.47888,274.50101,280.04192,287.41366,296.85047,308.45746,322.16453,337.69903,354.58884,322.1042648142185,306.4915829631186,2274.59944,371.57071,1740.66414,-52.99399
645,645,645.0,645.0,645.0,645.0,645.0,645.0,645.0,645.0,645.0,645.0,645.0,645.0,645.0,645.0,645.0,645.0,645.0,645.0,645.0,645.0,645.0,645.0,5.0,0.5,311.32394,301.14122,292.07598,284.51105,278.66381,274.59085,272.21878,271.38777,271.89394,273.51988,276.04924,279.26736,282.95487,286.88287,290.8173,294.5362,297.85809,300.67414,302.97345,304.85093,231.1021896522192,204.2807654760346,2646.17015,336.32537,1369.09343,-38.40915000000001
646,646,646.0,646.0,646.0,646.0,646.0,646.0,646.0,646.0,646.0,646.0,646.0,646.0,646.0,646.0,646.0,646.0,646.0,646.0,646.0,646.0,646.0,646.0,6.0,0.6,239.78832,247.99733,255.33301,261.53999,266.52836,270.35963,273.20079,275.26059,276.72315,277.6919,278.1524,277.95798,276.84025,274.44402,270.38489,264.32408,256.05008,245.55182,233.0652,219.07728,363.7118444341296,315.6950493578501,2982.49552,455.12373000000025,1032.76806,-42.64037000000002
647,647,647.0,647.0,647.0,647.0,647.0,647.0,647.0,647.0,647.0,647.0,647.0,647.0,647.0,647.0,647.0,647.0,647.0,647.0,647.0,647.0,647.0,647.0,7.0,0.7,346.99607,331.15654,316.93733,304.84933,295.12171,287.7115,282.36158,278.68753,276.27153,274.74546,273.85199,273.47876,273.66451,274.57796,276.47127,279.61304,284.21024,290.33374,297.86555,306.48398,259.96805259833843,372.7965048084956,3437.61925,282.29972,577.6443299999996,-25.2885
648,648,648.0,648.0,648.0,648.0,648.0,648.0,648.0,648.0,648.0,648.0,648.0,648.0,648.0,648.0,648.0,648.0,648.0,648.0,648.0,648.0,648.0,648.0,8.0,0.8,266.26144,272.03738,276.87004,280.49455,282.83937,284.01903,284.29585,284.02651,283.60966,283.44615,283.91625,285.37064,288.12773,292.46838,298.62121,306.73665,316.85321,328.86499,342.50184,357.33259,326.832245994796,310.9340221550624,3719.91897,155.12212999999974,295.34460999999965,-28.980970000000013
649,649,649.0,649.0,649.0,649.0,649.0,649.0,649.0,649.0,649.0,649.0,649.0,649.0,649.0,649.0,649.0,649.0,649.0,649.0,649.0,649.0,649.0,649.0,9.0,0.9,319.03725,311.6621,305.07042,299.52764,295.1823,292.0719,290.14739,289.30542,289.41753,290.34843,291.961,294.11085,296.63698,299.35655,302.07009,304.58002,306.7202,308.38888,309.57466,310.3654,344.4971160151006,242.36359539185733,3875.0411,140.2224799999999,140.2224799999999,-20.92809999999997
650,650,650.0,650.0,650.0,650.0,650.0,650.0,650.0,650.0,650.0,650.0,650.0,650.0,650.0,650.0,650.0,650.0,650.0,650.0,650.0,650.0,650.0,650.0,0.0,0.0,273.0,273.0,273.0,273.0,273.0,273.0,273.0,273.0,273.0,273.0,273.0,273.0,273.0,273.0,273.0,273.0,273.0,273.0,273.0,273.0,205.2061576981972,240.6020211521734,0.0,506.28436,6679.216439999999,-40.0
651,651,651.0,651.0,651.0,651.0,651.0,651.0,651.0,651.0,651.0,651.0,651.0,651.0,651.0,651.0,651.0,651.0,651.0,651.0,651.0,651.0,651.0,651.0,1.0,0.1,216.76026,227.78658,237.82917,246.55907,253.80166,259.53294,263.85011,266.92691,268.96553,270.15483,270.6408,270.51127,269.79441,268.46904,266.48447,263.78651,260.34592,256.18397,251.38943,246.12231,219.13392704132173,370.1790281721546,506.28436,627.5737700000001,6172.93208,-53.46706
652,652,652.0,652.0,652.0,652.0,652.0,652.0,652.0,652.0,652.0,652.0,652.0,652.0,652.0,652.0,652.0,652.0,652.0,652.0,652.0,652.0,652.0,652.0,2.0,0.2,224.90479,230.58769,236.09302,241.33032,246.21324,250.66921,254.65319,258.1643,261.26371,264.09156,266.88015,269.95911,273.74671,278.72177,285.37218,294.12188,305.24564,318.78898,334.51513,351.89912,283.3780340529677,276.60150637691913,1133.85813,498.47883,5545.35831,-62.33079000000001
653,653,653.0,653.0,653.0,653.0,653.0,653.0,653.0,653.0,653.0,653.0,653.0,653.0,653.0,653.0,653.0,653.0,653.0,653.0,653.0,653.0,653.0,653.0,3.0,0.3,277.4304,271.93975,267.29994,263.79354,261.56889,260.64397,260.9312,262.27186,264.46856,267.30685,270.5631,274.00145,277.36723,280.38631,282.77833,284.28706,284.72453,284.01835,282.2472,279.65017,297.3550916147244,198.4726827896583,1632.33696,480.8262300000001,5046.87948,-52.356029999999976
654,654,654.0,654.0,654.0,654.0,654.0,654.0,654.0,654.0,654.0,654.0,654.0,654.0,654.0,654.0,654.0,654.0,654.0,654.0,654.0,654.0,654.0,654.0,4.0,0.4,291.92448,286.75936,282.09705,278.12287,274.95353,272.6288,271.11015,270.28397,269.96663,269.90973,269.80571,269.29619,267.98675,265.4724,261.37631,255.40031,247.38107,237.34013,225.51394,212.35138,227.1666436351161,293.1936250117806,2113.16319,599.6770099999999,4566.05325,-40.37119999999999
655,655,655.0,655.0,655.0,655.0,655.0,655.0,655.0,655.0,655.0,655.0,655.0,655.0,655.0,655.0,655.0,655.0,655.0,655.0,655.0,655.0,655.0,655.0,5.0,0.5,235.44182,243.25796,250.22146,256.05367,260.61415,263.89584,265.99877,267.09415,267.39117,267.11537,266.5015,265.79732,265.27047,265.20847,265.90372,267.62047,270.54774,274.7495,280.12771,286.4133,199.27573448323983,309.43694033542283,2712.8402,624.2661600000001,3966.37624,-49.10415999999998
656,656,656.0,656.0,656.0,656.0,656.0,656.0,656.0,656.0,656.0,656.0,656.0,656.0,656.0,656.0,656.0,656.0,656.0,656.0,656.0,656.0,656.0,656.0,6.0,0.6,209.44033,219.23595,228.33616,236.49165,243.55121,249.46741,254.28862,258.14211,261.21308,263.72407,265.91684,268.03722,270.32183,272.98505,276.20518,280.10972,284.7613,290.14706,296.17484,302.679,175.87241700100464,309.7581847234834,3337.10636,698.5709499999998,3342.11008,-63.53259
657,657,657.0,657.0,657.0,657.0,657.0,657.0,657.0,657.0,657.0,657.0,657.0,657.0,657.0,657.0,657.0,657.0,657.0,657.0,657.0,657.0,657.0,657.0,7.0,0.7,187.56691,198.94237,209.71548,219.66763,228.66228,236.64929,243.65755,249.77965,255.15258,259.93852,264.30785,268.42565,272.44144,276.48175,280.64493,284.99796,289.57505,294.37833,299.38059,304.53025,316.15861895476473,186.2904576291474,4035.67731,748.58518,2643.53913,-76.35070999999999
658,658,658.0,658.0,658.0,658.0,658.0,658.0,658.0,658.0,658.0,658.0,658.0,658.0,658.0,658.0,658.0,658.0,658.0,658.0,658.0,658.0,658.0,658.0,8.0,0.8,301.7615,288.32546,276.66964,267.36198,260.66451,256.53791,254.69318,254.6681,255.90399,257.80531,259.77461,261.22683,261.59459,260.33888,256.97694,251.13176,242.59711,231.40243,217.85601,202.54629,215.6045637934633,222.30487976860937,4784.26249,846.3248700000004,1894.95395,-56.46208999999999
659,659,659.0,659.0,659.0,659.0,659.0,659.0,659.0,659.0,659.0,659.0,659.0,659.0,659.0,659.0,659.0,659.0,659.0,659.0,659.0,659.0,659.0,659.0,9.0,0.9,224.09214,232.07929,239.14527,245.00741,249.54421,252.78109,254.8477,255.92274,256.18301,255.7689,254.77138,253.23842,251.19381,248.65936,245.67234,242.29293,238.60074,234.68315,230.62134,226.47996,173.00463717454372,289.3008664151101,5630.58736,1048.6290799999997,1048.6290799999997,-60.21891
660,660,660.0,660.0,660.0,660.0,660.0,660.0,660.0,660.0,660.0,660.0,660.0,660.0,660.0,660.0,660.0,660.0,660.0,660.0,660.0,660.0,660.0,660.0,0.0,0.0,273.0,273.0,273.0,273.0,273.0,273.0,273.0,273.0,273.0,273.0,273.0,273.0,273.0,273.0,273.0,273.0,273.0,273.0,273.0,273.0,183.655944978782,316.7744478512655,0.0,479.88861,6579.307700000001,-40.0
661,661,661.0,661.0,661.0,661.0,661.0,661.0,661.0,661.0,661.0,661.0,661.0,661.0,661.0,661.0,661.0,661.0,661.0,661.0,661.0,661.0,661.0,661.0,1.0,0.1,198.88498,213.42006,226.66276,238.1842,247.76307,255.3839,261.20326,265.49782,268.6099,270.90263,272.73029,274.4232,276.28202,278.57437,281.52755,285.31457,290.03446,295.69239,302.1868,309.31124,319.4217035025217,174.3426031027656,479.88861,550.09914,6099.419090000001,-57.61609999999999
662,662,662.0,662.0,662.0,662.0,662.0,662.0,662.0,662.0,662.0,662.0,662.0,662.0,662.0,662.0,662.0,662.0,662.0,662.0,662.0,662.0,662.0,662.0,2.0,0.2,307.14915,295.69616,285.75496,277.79338,272.00833,268.33336,266.4884,266.04986,266.51808,267.36586,268.06231,268.07741,266.88025,263.94688,258.79017,251.01609,240.39925,226.95941,211.01417,193.18479,177.62577181349877,277.7269921052833,1029.98775,703.828,5549.319950000001,-44.66663999999997
663,663,663.0,663.0,663.0,663.0,663.0,663.0,663.0,663.0,663.0,663.0,663.0,663.0,663.0,663.0,663.0,663.0,663.0,663.0,663.0,663.0,663.0,663.0,3.0,0.3,194.27787,210.04994,224.18981,236.16952,245.72962,252.86738,257.78171,260.79722,262.29173,262.64469,262.21341,261.33335,260.33059,259.53203,259.26082,259.81082,261.40323,264.13684,267.94932,272.60614,240.7486316951718,322.1396130735856,1733.81575,782.2938099999999,4845.4919500000005,-60.13262
664,664,664.0,664.0,664.0,664.0,664.0,664.0,664.0,664.0,664.0,664.0,664.0,664.0,664.0,664.0,664.0,664.0,664.0,664.0,664.0,664.0,664.0,664.0,4.0,0.4,241.15767,241.75997,242.70446,244.06444,245.82811,247.91213,250.19319,252.54796,254.89121,257.20434,259.54986,262.07063,264.97488,268.5091,272.92135,278.41901,285.1264,293.04957,302.05644,311.8789,199.45679701843207,251.31558654143407,2516.10956,734.9409800000003,4063.19814,-65.08787000000001
665,665,665.0,665.0,665.0,665.0,665.0,665.0,665.0,665.0,665.0,665.0,665.0,665.0,665.0,665.0,665.0,665.0,665.0,665.0,665.0,665.0,665.0,665.0,5.0,0.5,207.81827,215.89919,223.46014,230.33425,236.44232,241.7897,246.44762,250.52465,254.13465,257.36692,260.26245,262.79918,264.88869,266.38624,267.11508,266.90387,265.63186,263.27286,259.92643,255.82562,271.3141088461906,292.0786739556976,3251.05054,811.84143,3328.25716,-71.21029999999999
666,666,666.0,666.0,666.0,666.0,666.0,666.0,666.0,666.0,666.0,666.0,666.0,666.0,666.0,666.0,666.0,666.0,666.0,666.0,666.0,666.0,666.0,666.0,6.0,0.6,265.67315,260.49018,256.15254,252.92294,250.91378,250.09241,250.31194,251.35696,252.99211,255.00412,257.23177,259.58181,262.03167,264.62026,267.42899,270.55539,274.08315,278.05379,282.4464,287.17103,262.3132174169956,274.7326152718627,4062.89197,697.4621099999999,2516.41573,-62.90759
667,667,667.0,667.0,667.0,667.0,667.0,667.0,667.0,667.0,667.0,667.0,667.0,667.0,667.0,667.0,667.0,667.0,667.0,667.0,667.0,667.0,667.0,667.0,7.0,0.7,260.93709,259.63305,258.47195,257.52134,256.84214,256.48446,256.4831,256.85395,257.59176,258.66978,260.04105,261.64108,263.39201,265.20825,267.00384,268.70155,270.24285,271.59703,272.76716,273.79055,354.638207272974,184.51177970046737,4760.35408,668.6474600000001,1818.95362,-56.51553999999999
668,668,668.0,668.0,668.0,668.0,668.0,668.0,668.0,668.0,668.0,668.0,668.0,668.0,668.0,668.0,668.0,668.0,668.0,668.0,668.0,668.0,668.0,668.0,8.0,0.8,338.17102,322.46663,308.18646,295.81116,285.59846,277.58155,271.60031,267.35066,264.43608,262.40923,260.79908,259.12569,256.91041,253.69094,249.04879,242.65138,234.30395,223.99921,211.94914,198.5841,241.6865822965096,350.37379357443047,5429.00154,671.3014999999996,1150.30616,-35.41845000000001
669,669,669.0,669.0,669.0,669.0,669.0,669.0,669.0,669.0,669.0,669.0,669.0,669.0,669.0,669.0,669.0,669.0,669.0,669.0,669.0,669.0,669.0,669.0,9.0,0.9,249.29961,256.292,262.14301,266.50721,269.24926,270.4358,270.29481,269.16122,267.42766,265.51372,263.85688,262.91885,263.19319,265.19817,269.44199,276.35648,286.20805,299.00671,314.44169,331.87021,257.45517437939185,326.5262865820524,6100.30304,479.0046600000005,479.0046600000005,-42.56420000000003
670,670,670.0,670.0,670.0,670.0,670.0,670.0,670.0,670.0,670.0,670.0,670.0,670.0,670.0,670.0,670.0,670.0,670.0,670.0,670.0,670.0,670.0,670.0,0.0,0.0,273.0,273.0,273.0,273.0,273.0,273.0,273.0,273.0,273.0,273.0,273.0,273.0,273.0,273.0,273.0,273.0,273.0,273.0,273.0,273.0,243.00089746710265,345.56993142498106,0.0,427.60771,3545.64308,8.70596999999998
671,671,671.0,671.0,671.0,671.0,671.0,671.0,671.0,671.0,671.0,671.0,671.0,671.0,671.0,671.0,671.0,671.0,671.0,671.0,671.0,671.0,671.0,671.0,1.0,0.1,248.11581,252.99875,257.45046,261.33005,264.5691,267.17326,269.21415,270.81656,272.14623,273.40154,274.80976,276.62543,279.12589,282.59876,287.31722,293.5029,301.28116,310.6384,321.39429,333.20021,253.1579459261887,176.08055235270427,427.60771,420.34831,3118.03537,8.70596999999998
672,672,672.0,672.0,672.0,672.0,672.0,672.0,672.0,672.0,672.0,672.0,672.0,672.0,672.0,672.0,672.0,672.0,672.0,672.0,672.0,672.0,672.0,672.0,2.0,0.2,255.16748,257.19338,259.24768,261.33481,263.44964,265.57567,267.68152,269.71296,271.57887,273.13156,274.1447,274.29602,273.1645,270.25235,265.03886,257.06554,246.04098,231.94296,215.0889,196.14786,350.3629080730418,203.4057670260516,847.95602,623.2937600000001,2697.68706,8.70596999999998
673,673,673.0,673.0,673.0,673.0,673.0,673.0,673.0,673.0,673.0,673.0,673.0,673.0,673.0,673.0,673.0,673.0,673.0,673.0,673.0,673.0,673.0,673.0,3.0,0.3,335.75006,321.86397,309.32333,298.55456,289.74779,282.85748,277.64062,273.71786,270.64137,267.95626,265.24827,262.17547,258.48548,254.02084,248.71515,242.58199,235.69857,228.18671,220.19426,211.88022,343.86819847305696,237.17333615677737,1471.24978,670.18705,2074.3933,8.70596999999998
674,674,674.0,674.0,674.0,674.0,674.0,674.0,674.0,674.0,674.0,674.0,674.0,674.0,674.0,674.0,674.0,674.0,674.0,674.0,674.0,674.0,674.0,674.0,4.0,0.4,334.66458,325.62114,316.88571,308.58232,300.80184,293.59584,286.9751,280.91331,275.35631,270.23569,265.48473,261.05376,256.92133,253.09825,249.62229,246.54365,243.90384,241.71304,239.93234,238.46694,330.7226255911288,333.1242665548084,2141.43683,549.65821,1404.2062499999995,8.70596999999998
675,675,675.0,675.0,675.0,675.0,675.0,675.0,675.0,675.0,675.0,675.0,675.0,675.0,675.0,675.0,675.0,675.0,675.0,675.0,675.0,675.0,675.0,675.0,5.0,0.5,324.97417,319.20461,313.404,307.58228,301.77427,296.04107,290.46953,285.17231,280.29033,275.9985,272.51279,270.0948,269.04804,269.70006,272.36652,277.29805,284.6173,294.25969,305.93493,319.12469,268.5233101706666,362.509283860034,2691.09504,293.56151999999975,854.5480399999997,8.70596999999998
676,676,676.0,676.0,676.0,676.0,676.0,676.0,676.0,676.0,676.0,676.0,676.0,676.0,676.0,676.0,676.0,676.0,676.0,676.0,676.0,676.0,676.0,676.0,6.0,0.6,273.57505,278.19138,282.00768,284.78559,286.44276,287.05414,286.82946,286.07652,285.16081,284.46949,284.38368,285.25877,287.40956,291.09627,296.50826,303.74479,312.79513,323.52278,335.65982,348.81667,301.9740994625625,238.9722640141605,2984.65656,186.54197000000025,560.9865199999999,8.70596999999998
677,677,677.0,677.0,677.0,677.0,677.0,677.0,677.0,677.0,677.0,677.0,677.0,677.0,677.0,677.0,677.0,677.0,677.0,677.0,677.0,677.0,677.0,677.0,7.0,0.7,298.98843,296.17395,293.67901,291.61223,290.03521,288.96449,288.37893,288.22683,288.42745,288.86425,289.37144,289.71938,289.60747,288.6741,286.53035,282.81799,277.28398,269.85496,260.69022,250.19337,357.22222742693725,364.121420686197,3171.19853,209.7453299999997,374.4445499999997,8.70596999999998
678,678,678.0,678.0,678.0,678.0,678.0,678.0,678.0,678.0,678.0,678.0,678.0,678.0,678.0,678.0,678.0,678.0,678.0,678.0,678.0,678.0,678.0,678.0,8.0,0.8,345.91288,335.08914,325.17254,316.4709,309.15289,303.2505,298.68575,295.31404,292.97462,291.53965,290.9549,291.26646,292.62835,295.28667,299.53801,305.66422,313.85284,324.11961,336.25369,349.80468,335.44183769805704,348.7922514009473,3380.94386,101.04617000000007,164.69921999999997,8.70596999999998
679,679,679.0,679.0,679.0,679.0,679.0,679.0,679.0,679.0,679.0,679.0,679.0,679.0,679.0,679.0,679.0,679.0,679.0,679.0,679.0,679.0,679.0,679.0,9.0,0.9,331.05925,326.70476,322.42039,318.2721,314.35303,310.77985,307.68373,305.19868,303.44994,302.54433,302.56297,303.55645,305.54171,308.50068,312.38072,317.09735,322.53936,328.57572,335.06308,341.85222,364.366400331978,361.940523525092,3481.99003,63.65304999999989,63.65304999999989,8.70596999999998
680,680,680.0,680.0,680.0,680.0,680.0,680.0,680.0,680.0,680.0,680.0,680.0,680.0,680.0,680.0,680.0,680.0,680.0,680.0,680.0,680.0,680.0,680.0,0.0,0.0,273.0,273.0,273.0,273.0,273.0,273.0,273.0,273.0,273.0,273.0,273.0,273.0,273.0,273.0,273.0,273.0,273.0,273.0,273.0,273.0,229.38086512725067,176.62598277973532,0.0,533.82756,7752.71637,-40.0
681,681,681.0,681.0,681.0,681.0,681.0,681.0,681.0,681.0,681.0,681.0,681.0,681.0,681.0,681.0,681.0,681.0,681.0,681.0,681.0,681.0,681.0,681.0,1.0,0.1,236.81299,243.90418,250.35887,255.96136,260.5916,264.22002,266.8843,268.65457,269.59463,269.72624,269.00194,267.29082,264.38078,260.00013,253.85929,245.70994,235.4131,223.00241,208.7259,193.05105,236.1684758824701,251.83167547693827,533.82756,791.9696200000001,7218.88881,-48.77998000000002
682,682,682.0,682.0,682.0,682.0,682.0,682.0,682.0,682.0,682.0,682.0,682.0,682.0,682.0,682.0,682.0,682.0,682.0,682.0,682.0,682.0,682.0,682.0,2.0,0.2,240.12814,243.9895,247.6528,251.01641,253.97843,256.44047,258.31391,259.52808,260.04046,259.84785,258.9975,257.59569,255.81012,253.86238,252.00702,250.49738,249.54209,249.26129,249.65448,250.59138,182.2600599279424,280.57887599249113,1325.79718,890.8233399999999,6426.9191900000005,-56.55953
683,683,683.0,683.0,683.0,683.0,683.0,683.0,683.0,683.0,683.0,683.0,683.0,683.0,683.0,683.0,683.0,683.0,683.0,683.0,683.0,683.0,683.0,683.0,3.0,0.3,194.40229,206.04618,216.75426,226.19779,234.18294,240.653,245.67095,249.39068,252.02587,253.82333,255.04398,255.95072,256.80007,257.8334,259.26474,261.2641,263.93827,267.31343,271.32516,275.82117,260.0119164697948,233.36886933391293,2216.62052,965.48542,5536.095850000001,-72.34700000000001
684,684,684.0,684.0,684.0,684.0,684.0,684.0,684.0,684.0,684.0,684.0,684.0,684.0,684.0,684.0,684.0,684.0,684.0,684.0,684.0,684.0,684.0,684.0,4.0,0.4,255.58828,251.57929,248.32988,246.06293,244.85579,244.64779,245.27188,246.49807,248.07532,249.76234,251.34328,252.63005,253.45727,253.67708,253.16039,251.80745,249.56662,246.45585,242.57883,238.12784,287.06651612843814,268.6652301290758,3182.10594,930.6195599999996,4570.610430000001,-68.35221000000001
685,685,685.0,685.0,685.0,685.0,685.0,685.0,685.0,685.0,685.0,685.0,685.0,685.0,685.0,685.0,685.0,685.0,685.0,685.0,685.0,685.0,685.0,685.0,5.0,0.5,280.3477,273.94486,268.13435,263.12136,259.0222,255.86249,253.58952,252.09454,251.23967,250.88464,250.90969,251.23194,251.81365,252.66142,253.81599,255.33383,257.26358,259.62213,262.37653,265.43718,235.4363863601972,309.263736896678,4112.7255,809.28737,3639.990870000001,-57.13750999999999
686,686,686.0,686.0,686.0,686.0,686.0,686.0,686.0,686.0,686.0,686.0,686.0,686.0,686.0,686.0,686.0,686.0,686.0,686.0,686.0,686.0,686.0,686.0,6.0,0.6,239.598,243.47951,246.84872,249.55775,251.56031,252.90853,253.73377,254.21943,254.57434,255.01273,255.74303,256.96382,258.86253,261.61193,265.3602,270.21348,276.21319,283.31367,291.36786,300.12785,243.7113846547508,253.2670750272191,4922.01287,743.43858,2830.7035000000005,-60.09146999999999
687,687,687.0,687.0,687.0,687.0,687.0,687.0,687.0,687.0,687.0,687.0,687.0,687.0,687.0,687.0,687.0,687.0,687.0,687.0,687.0,687.0,687.0,687.0,7.0,0.7,244.96589,246.22575,247.49546,248.77873,250.07946,251.40337,252.75886,254.15558,255.59972,257.08571,258.58578,260.03994,261.35032,262.38384,262.98608,263.00648,262.33149,260.91815,258.81885,256.18818,299.72855096610465,314.16052073435094,5665.45145,708.3608300000005,2087.2649200000005,-61.596630000000005
688,688,688.0,688.0,688.0,688.0,688.0,688.0,688.0,688.0,688.0,688.0,688.0,688.0,688.0,688.0,688.0,688.0,688.0,688.0,688.0,688.0,688.0,688.0,8.0,0.8,291.47976,283.66884,276.67376,270.76657,266.09062,262.66378,260.40372,259.16665,258.79024,259.13227,260.09993,261.6665,263.87434,266.82366,270.64747,275.47534,281.39092,288.3918,296.36161,305.06366,219.5053376420228,227.6167122033505,6373.81228,603.2071800000003,1378.90409,-50.336220000000026
689,689,689.0,689.0,689.0,689.0,689.0,689.0,689.0,689.0,689.0,689.0,689.0,689.0,689.0,689.0,689.0,689.0,689.0,689.0,689.0,689.0,689.0,689.0,9.0,0.9,227.76274,235.56214,242.52083,248.38811,253.07073,256.62378,259.21313,261.06104,262.38834,263.36399,264.06902,264.4784,264.46219,263.80611,262.25075,259.54578,255.51196,250.09888,243.42449,235.78324,186.45320521726487,309.8825926405594,6977.01946,775.6969099999997,775.6969099999997,-56.37621999999999
690,690,690.0,690.0,690.0,690.0,690.0,690.0,690.0,690.0,690.0,690.0,690.0,690.0,690.0,690.0,690.0,690.0,690.0,690.0,690.0,690.0,690.0,690.0,0.0,0.0,273.0,273.0,273.0,273.0,273.0,273.0,273.0,273.0,273.0,273.0,273.0,273.0,273.0,273.0,273.0,273.0,273.0,273.0,273.0,273.0,192.94472587250104,261.9193243506882,0.0,502.15639,4693.48752,-40.0
691,691,691.0,691.0,691.0,691.0,691.0,691.0,691.0,691.0,691.0,691.0,691.0,691.0,691.0,691.0,691.0,691.0,691.0,691.0,691.0,691.0,691.0,691.0,1.0,0.1,206.58919,219.61094,231.47232,241.78635,250.34956,257.13869,262.27749,265.9861,268.52713,270.15951,271.1065,271.53926,271.57388,271.27823,270.68487,269.80664,268.65226,267.23964,265.60494,263.80595,331.2143793273452,218.1928493498661,502.15639,613.756,4191.33113,-55.86131
692,692,692.0,692.0,692.0,692.0,692.0,692.0,692.0,692.0,692.0,692.0,692.0,692.0,692.0,692.0,692.0,692.0,692.0,692.0,692.0,692.0,692.0,692.0,2.0,0.2,317.30489,304.24414,292.74813,283.29917,276.09755,271.07078,267.92882,266.24369,265.53007,265.30967,265.15088,264.68514,263.60768,261.6728,258.69255,254.54347,249.18103,242.65639,235.12762,226.85742,368.0539649685827,327.2610450539464,1115.91239,550.37853,3577.57513,-41.92921999999999
693,693,693.0,693.0,693.0,693.0,693.0,693.0,693.0,693.0,693.0,693.0,693.0,693.0,693.0,693.0,693.0,693.0,693.0,693.0,693.0,693.0,693.0,693.0,3.0,0.3,352.82573,338.12748,324.42862,312.08953,301.33392,292.24577,284.78901,278.84433,274.25539,270.87684,268.61682,267.46755,267.51808,268.94417,271.97284,276.82399,283.63789,292.40407,302.91062,314.73156,199.11400979655124,371.26671811611726,1666.29092,332.30339000000004,3027.1966,-20.754230000000007
694,694,694.0,694.0,694.0,694.0,694.0,694.0,694.0,694.0,694.0,694.0,694.0,694.0,694.0,694.0,694.0,694.0,694.0,694.0,694.0,694.0,694.0,694.0,4.0,0.4,216.3789,232.5665,246.76914,258.37886,267.15158,273.19895,276.92168,278.91059,279.84381,280.4018,281.21077,282.81358,285.65956,290.10214,296.39442,304.67798,314.96563,327.12437,340.86736,355.76315,299.436963799109,191.6652616809435,1998.59431,290.56525999999985,2694.89321,-39.801049999999975
695,695,695.0,695.0,695.0,695.0,695.0,695.0,695.0,695.0,695.0,695.0,695.0,695.0,695.0,695.0,695.0,695.0,695.0,695.0,695.0,695.0,695.0,695.0,5.0,0.5,293.41243,287.87689,283.2404,279.77524,277.58985,276.63685,276.74543,277.66184,279.08218,280.66725,282.03861,282.764,282.34699,280.23734,275.87437,268.766,258.59247,245.31106,229.22995,211.02239,285.1871955370576,267.3478579387252,2289.15957,409.00287000000026,2404.32795,-36.36315000000002
696,696,696.0,696.0,696.0,696.0,696.0,696.0,696.0,696.0,696.0,696.0,696.0,696.0,696.0,696.0,696.0,696.0,696.0,696.0,696.0,696.0,696.0,696.0,6.0,0.6,284.36786,283.55902,282.77118,282.01315,281.28802,280.58749,279.88678,279.14307,278.29964,277.29703,276.08981,274.66561,273.06096,271.36792,269.72637,268.30056,267.24276,266.65281,266.54507,266.83436,341.7913775422996,224.1055106904432,2698.16244,435.21389,1995.32508,-32.41251
697,697,697.0,697.0,697.0,697.0,697.0,697.0,697.0,697.0,697.0,697.0,697.0,697.0,697.0,697.0,697.0,697.0,697.0,697.0,697.0,697.0,697.0,697.0,7.0,0.7,331.3459,321.33501,312.13218,304.00239,297.07774,291.35833,286.73396,283.0171,279.97726,277.36893,274.94947,272.48777,269.76737,266.5895,262.78053,258.20598,252.78981,246.53412,239.53242,231.96972,175.86746542259746,257.0153723045821,3133.37633,506.5777399999997,1560.1111899999996,-21.641669999999976
698,698,698.0,698.0,698.0,698.0,698.0,698.0,698.0,698.0,698.0,698.0,698.0,698.0,698.0,698.0,698.0,698.0,698.0,698.0,698.0,698.0,698.0,698.0,8.0,0.8,196.3858,215.75356,232.98508,247.38555,258.61215,266.66398,271.8148,274.51445,275.28769,274.65236,273.06799,270.91461,268.49384,266.04107,263.73824,261.72064,260.07586,258.83757,257.97968,257.41689,266.39834275788286,340.5842652257968,3639.95407,575.6019700000006,1053.53345,-46.33602000000002
699,699,699.0,699.0,699.0,699.0,699.0,699.0,699.0,699.0,699.0,699.0,699.0,699.0,699.0,699.0,699.0,699.0,699.0,699.0,699.0,699.0,699.0,699.0,9.0,0.9,264.3166,262.54982,261.346,260.83823,261.02842,261.80496,262.98713,264.3828,265.84522,267.31732,268.85745,270.64385,272.95846,276.15151,280.58947,286.59114,294.3602,303.92635,315.10904,327.51633,277.4617876863383,203.35507351102888,4215.55604,477.9314799999993,477.9314799999993,-51.195040000000006
700,700,700.0,700.0,700.0,700.0,700.0,700.0,700.0,700.0,700.0,700.0,700.0,700.0,700.0,700.0,700.0,700.0,700.0,700.0,700.0,700.0,700.0,700.0,0.0,0.0,273.0,273.0,273.0,273.0,273.0,273.0,273.0,273.0,273.0,273.0,273.0,273.0,273.0,273.0,273.0,273.0,273.0,273.0,273.0,273.0,174.81024417090993,190.27888758106067,0.0,562.0384,4809.6177,-40.0
701,701,701.0,701.0,701.0,701.0,701.0,701.0,701.0,701.0,701.0,701.0,701.0,701.0,701.0,701.0,701.0,701.0,701.0,701.0,701.0,701.0,701.0,701.0,1.0,0.1,191.54384,207.51237,222.05441,234.6916,245.16737,253.44028,259.63934,263.99642,266.77295,268.19519,268.40757,267.44847,265.24957,261.6579,256.47823,249.53093,240.7167,230.07579,217.82725,204.3756,296.6368330729298,304.6523052768978,562.0384,791.97823,4247.579299999999,-59.55972
702,702,702.0,702.0,702.0,702.0,702.0,702.0,702.0,702.0,702.0,702.0,702.0,702.0,702.0,702.0,702.0,702.0,702.0,702.0,702.0,702.0,702.0,702.0,2.0,0.2,287.60861,279.23044,272.03977,266.37692,262.3473,259.8355,258.56177,258.16311,258.27905,258.6257,259.04814,259.54649,260.27469,261.51233,263.61165,266.92467,271.72016,278.1062,285.9768,294.99951,330.0794252645402,339.25140188388787,1354.01663,556.10131,3455.60107,-53.164499999999975
703,703,703.0,703.0,703.0,703.0,703.0,703.0,703.0,703.0,703.0,703.0,703.0,703.0,703.0,703.0,703.0,703.0,703.0,703.0,703.0,703.0,703.0,703.0,3.0,0.3,318.97657,308.3122,298.47594,289.77054,282.39151,276.42708,271.87649,268.6801,266.75401,266.02216,266.4406,268.01043,270.7779,274.82151,280.2277,287.05848,295.31629,304.91345,315.65339,327.23064,323.78328484664127,342.7065903860865,1910.11794,307.96219999999994,2899.49976,-36.57292000000001
704,704,704.0,704.0,704.0,704.0,704.0,704.0,704.0,704.0,704.0,704.0,704.0,704.0,704.0,704.0,704.0,704.0,704.0,704.0,704.0,704.0,704.0,704.0,4.0,0.4,316.89743,310.16998,303.75757,297.81253,292.47972,287.89293,284.17125,281.41633,279.71073,279.11746,279.68036,281.42428,284.35472,288.45595,293.68803,299.98276,307.23988,315.32458,324.06768,333.26936,346.76838864482323,178.3404185466321,2218.08014,234.60107000000016,2591.53756,-25.10707000000002
705,705,705.0,705.0,705.0,705.0,705.0,705.0,705.0,705.0,705.0,705.0,705.0,705.0,705.0,705.0,705.0,705.0,705.0,705.0,705.0,705.0,705.0,705.0,5.0,0.5,337.53257,328.60393,320.26102,312.73014,306.16963,300.66245,296.21402,292.75133,290.11924,288.07234,286.26468,284.24337,281.4556,277.27906,271.08242,262.31498,250.61368,235.90498,218.47296,198.96763,235.19093617498527,214.1141764245848,2452.68121,408.72847,2356.93649,-12.337550000000022
706,706,706.0,706.0,706.0,706.0,706.0,706.0,706.0,706.0,706.0,706.0,706.0,706.0,706.0,706.0,706.0,706.0,706.0,706.0,706.0,706.0,706.0,706.0,6.0,0.6,247.13508,258.32917,268.13004,276.08199,281.95369,285.72736,287.55024,287.66636,286.34882,283.84814,280.36418,276.04164,270.98251,265.2664,258.96985,252.17809,244.98707,237.49715,229.80324,221.98683,265.47628276377867,276.13902987519987,2861.40968,517.3995099999997,1948.20802,-27.272640000000024
707,707,707.0,707.0,707.0,707.0,707.0,707.0,707.0,707.0,707.0,707.0,707.0,707.0,707.0,707.0,707.0,707.0,707.0,707.0,707.0,707.0,707.0,707.0,7.0,0.7,267.47948,269.44477,271.31975,273.02859,274.47248,275.53982,276.12389,276.14393,275.56536,274.41558,272.79322,270.86893,268.87648,267.09292,265.80733,265.28016,265.69796,267.13231,269.51319,272.62633,214.28130307183304,338.40310040915244,3378.80919,488.9405999999999,1430.8085099999998,-37.46017999999998
708,708,708.0,708.0,708.0,708.0,708.0,708.0,708.0,708.0,708.0,708.0,708.0,708.0,708.0,708.0,708.0,708.0,708.0,708.0,708.0,708.0,708.0,708.0,8.0,0.8,224.35334,233.97159,242.74025,250.36748,256.69112,261.68238,265.43172,268.12459,270.01551,271.40654,272.63203,274.04772,276.01945,278.90589,283.03153,288.64966,295.90004,304.77046,315.07377,326.45066,283.3766807840875,257.13447441940605,3867.74979,442.3820000000005,941.86791,-51.31761999999998
709,709,709.0,709.0,709.0,709.0,709.0,709.0,709.0,709.0,709.0,709.0,709.0,709.0,709.0,709.0,709.0,709.0,709.0,709.0,709.0,709.0,709.0,709.0,9.0,0.9,278.7837,274.57712,271.08298,268.52175,266.98812,266.45734,266.81169,267.87561,269.44779,271.32182,273.29269,275.15245,276.6825,277.65157,277.82678,277.00076,275.03134,271.88404,267.66367,262.62204,251.29583348129583,210.63939119578555,4310.13179,499.4859099999994,499.4859099999994,-46.54266000000001
710,710,710.0,710.0,710.0,710.0,710.0,710.0,710.0,710.0,710.0,710.0,710.0,710.0,710.0,710.0,710.0,710.0,710.0,710.0,710.0,710.0,710.0,710.0,0.0,0.0,273.0,273.0,273.0,273.0,273.0,273.0,273.0,273.0,273.0,273.0,273.0,273.0,273.0,273.0,273.0,273.0,273.0,273.0,273.0,273.0,315.2026462252392,198.535063326892,0.0,476.93152,2599.26804,0.1203600000000051
711,711,711.0,711.0,711.0,711.0,711.0,711.0,711.0,711.0,711.0,711.0,711.0,711.0,711.0,711.0,711.0,711.0,711.0,711.0,711.0,711.0,711.0,711.0,1.0,0.1,308.0077,301.13958,294.87941,289.42688,284.88105,281.23916,278.40954,276.23185,274.49719,272.96298,271.36119,269.40231,266.78037,263.18516,258.32634,251.97019,243.98433,234.38055,223.34275,211.22805,309.54775175477243,346.0001814776923,476.93152,508.667,2122.33652,0.1203600000000051
712,712,712.0,712.0,712.0,712.0,712.0,712.0,712.0,712.0,712.0,712.0,712.0,712.0,712.0,712.0,712.0,712.0,712.0,712.0,712.0,712.0,712.0,712.0,2.0,0.2,305.2921,301.08794,296.98365,293.02165,289.23637,285.6544,282.29832,279.19611,276.39674,273.99124,272.1356,271.06929,271.12063,272.69015,276.20563,282.04935,290.46751,301.48144,314.82566,329.93607,358.0848750593019,317.4711155713192,985.59852,294.4912199999999,1613.66952,0.1203600000000051
713,713,713.0,713.0,713.0,713.0,713.0,713.0,713.0,713.0,713.0,713.0,713.0,713.0,713.0,713.0,713.0,713.0,713.0,713.0,713.0,713.0,713.0,713.0,3.0,0.3,346.05818,334.46082,323.67249,313.98536,305.58599,298.55858,292.90535,288.57563,285.49475,283.58552,282.77879,283.0133,284.22812,286.35246,289.29771,292.9549,297.19874,301.89655,306.91858,312.14565,230.31242255190543,232.8845872220037,1280.08974,225.5333300000002,1319.1783,0.1203600000000051
714,714,714.0,714.0,714.0,714.0,714.0,714.0,714.0,714.0,714.0,714.0,714.0,714.0,714.0,714.0,714.0,714.0,714.0,714.0,714.0,714.0,714.0,714.0,4.0,0.4,243.11497,255.12109,265.6599,274.28156,280.8017,285.28916,288.00701,289.32623,289.63427,289.25641,288.40099,287.13295,285.37539,282.93673,279.55959,274.98529,269.02475,261.62284,252.90137,243.16791,297.6638324407589,345.2998002739106,1505.62307,290.49974,1093.6449699999998,0.1203600000000051
715,715,715.0,715.0,715.0,715.0,715.0,715.0,715.0,715.0,715.0,715.0,715.0,715.0,715.0,715.0,715.0,715.0,715.0,715.0,715.0,715.0,715.0,715.0,5.0,0.5,294.26046,291.13246,288.50191,286.49863,285.14528,284.36849,284.03151,283.97885,284.08298,284.28461,284.6212,285.24001,286.39317,288.41266,291.66424,296.48303,303.09912,311.56758,321.72104,333.16152,344.4395088354648,296.852573969456,1796.12281,187.71538999999984,803.1452299999999,0.1203600000000051
716,716,716.0,716.0,716.0,716.0,716.0,716.0,716.0,716.0,716.0,716.0,716.0,716.0,716.0,716.0,716.0,716.0,716.0,716.0,716.0,716.0,716.0,716.0,6.0,0.6,334.53737,325.07415,316.43475,308.90832,302.66661,297.76481,294.16053,291.7426,290.36076,289.8487,290.0373,290.7583,291.84262,293.11853,294.41502,295.57302,296.46394,297.01074,297.20453,297.10967,361.7583747783755,273.7857492389673,1983.8382,169.03649999999993,615.42984,0.1203600000000051
717,717,717.0,717.0,717.0,717.0,717.0,717.0,717.0,717.0,717.0,717.0,717.0,717.0,717.0,717.0,717.0,717.0,717.0,717.0,717.0,717.0,717.0,717.0,7.0,0.7,351.86453,342.28104,333.2885,325.11325,317.91168,311.76472,306.68127,302.60761,299.43951,297.0344,295.22202,293.81378,292.61188,291.42004,290.05672,288.37115,286.26027,283.68342,280.67051,277.32013,325.2972114382488,310.51698969227084,2152.8747,174.7394100000001,446.3933400000001,0.1203600000000051
718,718,718.0,718.0,718.0,718.0,718.0,718.0,718.0,718.0,718.0,718.0,718.0,718.0,718.0,718.0,718.0,718.0,718.0,718.0,718.0,718.0,718.0,718.0,8.0,0.8,323.86547,322.28987,320.45707,318.30681,315.84127,313.12036,310.2465,307.34473,304.5445,301.96748,299.72304,297.90985,296.61988,295.94048,295.95071,296.71055,298.24415,300.52189,303.44708,306.8535,195.8734521296557,350.4150414607181,2327.61411,116.31251999999996,271.65392999999995,0.1203600000000051
719,719,719.0,719.0,719.0,719.0,719.0,719.0,719.0,719.0,719.0,719.0,719.0,719.0,719.0,719.0,719.0,719.0,719.0,719.0,719.0,719.0,719.0,719.0,9.0,0.9,215.87076,234.84906,251.93197,266.49656,278.23058,287.13068,293.45194,297.62933,300.19366,301.70013,302.67847,303.60502,304.89081,306.87689,309.8291,313.92816,319.2551,325.77688,333.33892,341.67172,241.05062338782471,179.7686573403076,2443.92663,155.34141,155.34141,0.1203600000000051
720,720,720.0,720.0,720.0,720.0,720.0,720.0,720.0,720.0,720.0,720.0,720.0,720.0,720.0,720.0,720.0,720.0,720.0,720.0,720.0,720.0,720.0,720.0,0.0,0.0,273.0,273.0,273.0,273.0,273.0,273.0,273.0,273.0,273.0,273.0,273.0,273.0,273.0,273.0,273.0,273.0,273.0,273.0,273.0,273.0,225.16277127826595,336.82167474682205,0.0,442.05732,2737.52108,-40.0
721,721,721.0,721.0,721.0,721.0,721.0,721.0,721.0,721.0,721.0,721.0,721.0,721.0,721.0,721.0,721.0,721.0,721.0,721.0,721.0,721.0,721.0,721.0,1.0,0.1,233.31784,241.10205,248.19617,254.37275,259.5174,263.62942,266.80592,269.2173,271.08228,272.64864,274.18166,275.95842,278.26301,281.3767,285.55857,291.01538,297.86441,306.09773,315.55894,325.94257,221.1071973463132,276.75554912857785,442.05732,436.20827,2295.46376,-49.37058000000002
722,722,722.0,722.0,722.0,722.0,722.0,722.0,722.0,722.0,722.0,722.0,722.0,722.0,722.0,722.0,722.0,722.0,722.0,722.0,722.0,722.0,722.0,722.0,2.0,0.2,227.68373,234.11576,240.27383,246.05626,251.39755,256.27134,260.68745,264.68327,268.31047,271.61855,274.63753,277.36288,279.74645,281.69731,283.09497,283.81525,283.76494,282.91746,281.3397,279.20049,358.3967020242835,329.5113537936573,878.26559,420.2711300000001,1859.25549,-56.72865999999999
723,723,723.0,723.0,723.0,723.0,723.0,723.0,723.0,723.0,723.0,723.0,723.0,723.0,723.0,723.0,723.0,723.0,723.0,723.0,723.0,723.0,723.0,723.0,3.0,0.3,340.55192,323.71018,308.73173,296.2244,286.48983,279.5311,275.11145,272.84265,272.27962,273.00213,274.67238,277.06519,280.07279,283.68861,287.97523,293.02213,298.89952,305.61645,313.09172,321.14493,270.1982393147157,312.1449888022605,1298.53672,249.64678000000004,1438.98436,-33.46890000000002
724,724,724.0,724.0,724.0,724.0,724.0,724.0,724.0,724.0,724.0,724.0,724.0,724.0,724.0,724.0,724.0,724.0,724.0,724.0,724.0,724.0,724.0,724.0,4.0,0.4,273.67532,276.81585,279.35363,281.14441,282.18683,282.61017,282.63634,282.52928,282.54523,282.89448,283.71918,285.0871,286.99778,289.39674,292.19373,295.28195,298.55623,301.92788,305.33446,308.74286,315.05587181358453,291.52816050942613,1548.1835,216.57679999999985,1189.33758,-30.389830000000018
725,725,725.0,725.0,725.0,725.0,725.0,725.0,725.0,725.0,725.0,725.0,725.0,725.0,725.0,725.0,725.0,725.0,725.0,725.0,725.0,725.0,725.0,725.0,5.0,0.5,309.32016,303.88242,299.00053,294.86233,291.57083,289.14645,287.54268,286.66799,286.40719,286.63736,287.2364,288.08533,289.06758,290.06883,290.98033,291.70688,292.17824,292.36118,292.26805,291.95786,306.3946986231339,203.8675282913821,1764.7603,238.02837,972.76078,-23.853549999999984
726,726,726.0,726.0,726.0,726.0,726.0,726.0,726.0,726.0,726.0,726.0,726.0,726.0,726.0,726.0,726.0,726.0,726.0,726.0,726.0,726.0,726.0,726.0,6.0,0.6,304.0693,301.78546,299.58548,297.51143,295.60138,293.88236,292.36053,291.00942,289.75762,288.47749,286.97711,284.99864,282.22694,278.31223,272.90896,265.72921,256.60357,245.53714,232.74528,218.65529,337.9199099751747,350.2496357763188,2002.78867,307.93613000000005,734.7324100000001,-19.117639999999994
727,727,727.0,727.0,727.0,727.0,727.0,727.0,727.0,727.0,727.0,727.0,727.0,727.0,727.0,727.0,727.0,727.0,727.0,727.0,727.0,727.0,727.0,727.0,7.0,0.7,330.52631,323.38644,316.7176,310.67274,305.32678,300.67987,296.67609,293.23373,290.2821,287.79941,285.84625,284.5885,284.30265,285.35658,288.16163,293.09741,300.41966,310.17053,322.11564,335.7307,361.4496441790812,316.1041193680263,2310.7248,172.65207999999984,426.79628,-12.320130000000006
728,728,728.0,728.0,728.0,728.0,728.0,728.0,728.0,728.0,728.0,728.0,728.0,728.0,728.0,728.0,728.0,728.0,728.0,728.0,728.0,728.0,728.0,728.0,8.0,0.8,351.69408,342.22726,333.30972,325.15188,317.90275,311.65034,306.43138,302.24597,299.07211,296.87604,295.61636,295.24227,295.68832,296.86929,298.67871,300.99333,303.68356,306.62743,309.72348,312.89812,253.34299079576283,309.8716090339757,2483.37688,115.62885000000006,254.14420000000013,-1.3496599999999717
729,729,729.0,729.0,729.0,729.0,729.0,729.0,729.0,729.0,729.0,729.0,729.0,729.0,729.0,729.0,729.0,729.0,729.0,729.0,729.0,729.0,729.0,729.0,9.0,0.9,264.19657,274.35855,283.24603,290.46781,295.8641,299.49884,301.61315,302.55699,302.7175,302.45912,302.08334,301.80944,301.77292,302.0358,302.60352,303.44371,304.50387,305.7258,307.05572,308.44924,191.1330547493718,250.7414349931456,2599.00573,138.51535000000013,138.51535000000013,-13.501160000000027
730,730,730.0,730.0,730.0,730.0,730.0,730.0,730.0,730.0,730.0,730.0,730.0,730.0,730.0,730.0,730.0,730.0,730.0,730.0,730.0,730.0,730.0,730.0,0.0,0.0,273.0,273.0,273.0,273.0,273.0,273.0,273.0,273.0,273.0,273.0,273.0,273.0,273.0,273.0,273.0,273.0,273.0,273.0,273.0,273.0,317.694081289435,193.29032814477264,0.0,479.73074,4040.26551,-40.0
731,731,731.0,731.0,731.0,731.0,731.0,731.0,731.0,731.0,731.0,731.0,731.0,731.0,731.0,731.0,731.0,731.0,731.0,731.0,731.0,731.0,731.0,731.0,1.0,0.1,310.07436,302.80074,296.17093,290.39634,285.58182,281.72426,278.72632,276.41772,274.57648,272.94458,271.23657,269.14376,266.33952,262.49242,257.2921,250.48865,241.94052,231.66042,219.84526,206.87731,222.82042033477413,284.07576766967475,479.73074,588.7830900000001,3560.53477,-31.275739999999985
732,732,732.0,732.0,732.0,732.0,732.0,732.0,732.0,732.0,732.0,732.0,732.0,732.0,732.0,732.0,732.0,732.0,732.0,732.0,732.0,732.0,732.0,732.0,2.0,0.2,233.46026,243.46196,252.27795,259.52029,264.99372,268.6901,270.75258,271.42511,271.00361,269.80084,268.1295,266.30051,264.62777,263.42871,263.01147,263.6451,265.51606,268.68195,273.03757,278.30782,321.7925241831978,229.94879524014704,1068.51383,586.4298199999998,2971.75168,-44.30990000000003
733,733,733.0,733.0,733.0,733.0,733.0,733.0,733.0,733.0,733.0,733.0,733.0,733.0,733.0,733.0,733.0,733.0,733.0,733.0,733.0,733.0,733.0,733.0,3.0,0.3,311.5786,301.92036,293.28477,285.98337,280.1422,275.7112,272.50428,270.25453,268.66774,267.46189,266.38733,265.22974,263.80274,261.93944,259.49063,256.33391,252.39275,247.6596,242.21413,236.22773,218.98772776864445,311.9293446394688,1654.94365,579.1705399999998,2385.32186,-37.28879999999998
734,734,734.0,734.0,734.0,734.0,734.0,734.0,734.0,734.0,734.0,734.0,734.0,734.0,734.0,734.0,734.0,734.0,734.0,734.0,734.0,734.0,734.0,734.0,4.0,0.4,229.54299,239.46085,248.19981,255.38728,260.85448,264.63024,266.90261,267.96475,268.16196,267.85263,267.38772,267.10577,267.33502,268.39199,270.56821,274.10146,279.1352,285.67627,293.56525,302.4728,219.1609128373512,276.0923094911541,2234.11419,576.6069500000003,1806.1513200000004,-48.36975999999999
735,735,735.0,735.0,735.0,735.0,735.0,735.0,735.0,735.0,735.0,735.0,735.0,735.0,735.0,735.0,735.0,735.0,735.0,735.0,735.0,735.0,735.0,735.0,5.0,0.5,225.87126,232.39201,238.55065,244.20688,249.26383,253.67438,257.44143,260.61246,263.26857,265.50961,267.43704,269.13726,270.66837,272.05318,273.28087,274.31753,275.12393,275.676,275.98216,276.09192,364.839599197136,355.8554169577849,2810.72114,516.7653399999999,1229.54437,-59.32561999999999
736,736,736.0,736.0,736.0,736.0,736.0,736.0,736.0,736.0,736.0,736.0,736.0,736.0,736.0,736.0,736.0,736.0,736.0,736.0,736.0,736.0,736.0,736.0,6.0,0.6,345.35374,326.9177,310.43198,296.53382,285.54219,277.46817,272.07965,268.99739,267.79761,268.10026,269.6307,272.25025,275.95668,280.85835,287.12711,294.93653,304.39474,315.48391,328.02007,341.64497,323.3997791579751,318.00311464053254,3327.48648,248.38459999999984,712.7790300000001,-35.531830000000014
737,737,737.0,737.0,737.0,737.0,737.0,737.0,737.0,737.0,737.0,737.0,737.0,737.0,737.0,737.0,737.0,737.0,737.0,737.0,737.0,737.0,737.0,737.0,7.0,0.7,317.62101,311.89857,306.30942,300.96447,296.01014,291.61759,287.96308,285.20486,283.46204,282.79926,283.21866,284.65907,287.00184,290.0825,293.70801,297.67857,301.81192,305.96626,310.05652,314.05921,359.7494884965156,296.8259960073349,3575.87108,175.87552000000005,464.3944300000003,-21.38241
738,738,738.0,738.0,738.0,738.0,738.0,738.0,738.0,738.0,738.0,738.0,738.0,738.0,738.0,738.0,738.0,738.0,738.0,738.0,738.0,738.0,738.0,738.0,8.0,0.8,348.8319,338.30158,328.50532,319.71746,312.12212,305.81078,300.79263,297.01204,294.36722,292.72589,291.9359,291.83166,292.23865,292.97892,293.87965,294.78552,295.57347,296.1666,296.54313,296.73667,233.33883600859363,314.03067349484206,3751.7466,148.8833199999999,288.51891000000023,-7.1892199999999775
739,739,739.0,739.0,739.0,739.0,739.0,739.0,739.0,739.0,739.0,739.0,739.0,739.0,739.0,739.0,739.0,739.0,739.0,739.0,739.0,739.0,739.0,739.0,9.0,0.9,246.75233,259.35919,270.47763,279.64587,286.66747,291.60222,294.71294,296.38821,297.06275,297.15266,297.01397,296.92508,297.08721,297.63496,298.6493,300.16764,302.18919,304.67641,307.55536,310.71829,361.01243998219024,274.9543321484467,3900.62992,139.63559000000032,139.63559000000032,-21.39778000000001
740,740,740.0,740.0,740.0,740.0,740.0,740.0,740.0,740.0,740.0,740.0,740.0,740.0,740.0,740.0,740.0,740.0,740.0,740.0,740.0,740.0,740.0,740.0,0.0,0.0,273.0,273.0,273.0,273.0,273.0,273.0,273.0,273.0,273.0,273.0,273.0,273.0,273.0,273.0,273.0,273.0,273.0,273.0,273.0,273.0,304.9353974752454,315.8891980645848,0.0,411.80089,2962.44646,-40.0
741,741,741.0,741.0,741.0,741.0,741.0,741.0,741.0,741.0,741.0,741.0,741.0,741.0,741.0,741.0,741.0,741.0,741.0,741.0,741.0,741.0,741.0,741.0,1.0,0.1,299.49329,294.30033,289.57211,285.46507,282.06423,279.38604,277.39384,276.02103,275.19661,274.86813,275.01852,275.67496,276.90841,278.82325,281.53732,285.15421,289.73162,295.25227,301.60457,308.57982,364.3723579861578,363.75209539595625,411.80089,266.26819,2550.64557,-33.61396000000002
742,742,742.0,742.0,742.0,742.0,742.0,742.0,742.0,742.0,742.0,742.0,742.0,742.0,742.0,742.0,742.0,742.0,742.0,742.0,742.0,742.0,742.0,742.0,2.0,0.2,350.45303,337.09936,324.80965,313.96277,304.79194,297.38732,291.72305,287.69932,285.18841,284.07556,284.28826,285.81097,288.68452,292.99081,298.82478,306.2572,315.29406,325.84049,337.67816,350.46379,270.70714349063934,306.2252435124796,678.06908,125.51971000000005,2284.37738,-15.612680000000012
743,743,743.0,743.0,743.0,743.0,743.0,743.0,743.0,743.0,743.0,743.0,743.0,743.0,743.0,743.0,743.0,743.0,743.0,743.0,743.0,743.0,743.0,743.0,3.0,0.3,276.70241,282.22237,286.87951,290.44018,292.85431,294.24523,294.86695,295.04282,295.10101,295.31939,295.88701,296.88473,298.28437,299.96452,301.74029,303.40351,304.76785,305.71083,306.20375,306.32106,235.23482925870707,223.7051793025432,803.58879,160.09938999999997,2158.85767,-18.754770000000008
744,744,744.0,744.0,744.0,744.0,744.0,744.0,744.0,744.0,744.0,744.0,744.0,744.0,744.0,744.0,744.0,744.0,744.0,744.0,744.0,744.0,744.0,744.0,4.0,0.4,244.81118,254.00833,262.49508,270.02556,276.45815,281.75334,285.95268,289.14469,291.42505,292.8584,293.44768,293.11623,291.70635,288.99728,284.74302,278.72676,270.82388,261.06053,249.65236,237.01006,293.42544906483454,351.9634245908353,963.68818,258.56765000000007,1998.75828,-31.24666000000002
745,745,745.0,745.0,745.0,745.0,745.0,745.0,745.0,745.0,745.0,745.0,745.0,745.0,745.0,745.0,745.0,745.0,745.0,745.0,745.0,745.0,745.0,745.0,5.0,0.5,290.50203,287.86746,285.75652,284.30955,283.55515,283.41868,283.75283,284.38195,285.15103,285.97087,286.85326,287.93094,289.45806,291.78711,295.32034,300.4383,307.41503,316.33698,327.04672,339.13105,362.7024638252988,204.03901924039573,1222.25583,202.57727,1740.19063,-29.581320000000005
746,746,746.0,746.0,746.0,746.0,746.0,746.0,746.0,746.0,746.0,746.0,746.0,746.0,746.0,746.0,746.0,746.0,746.0,746.0,746.0,746.0,746.0,746.0,6.0,0.6,349.51691,336.94508,325.52125,315.63797,307.51272,301.18575,296.54285,293.3506,291.2912,289.98723,289.01326,287.89873,286.13139,283.17364,278.50105,271.6659,262.37803,250.58518,236.52832,220.74941,197.3638997259665,290.5350039422932,1424.8331,298.47504000000004,1537.61336,-11.814250000000015
747,747,747.0,747.0,747.0,747.0,747.0,747.0,747.0,747.0,747.0,747.0,747.0,747.0,747.0,747.0,747.0,747.0,747.0,747.0,747.0,747.0,747.0,747.0,7.0,0.7,216.27793,234.11322,249.94898,263.14238,273.38489,280.68975,285.32523,287.71973,288.36778,287.75849,286.33617,284.49071,282.5668,280.87683,279.70468,279.29279,279.81358,281.33387,283.78644,286.96272,278.31218749337,291.7568223664257,1723.30814,328.0172600000001,1239.13832,-32.31025
748,748,748.0,748.0,748.0,748.0,748.0,748.0,748.0,748.0,748.0,748.0,748.0,748.0,748.0,748.0,748.0,748.0,748.0,748.0,748.0,748.0,748.0,748.0,8.0,0.8,276.77116,275.50236,274.71909,274.53341,274.9413,275.83672,277.04786,278.38298,279.67322,280.80271,281.72196,282.44527,283.03645,283.58805,284.19944,284.95732,285.92103,287.11407,288.52169,290.09446,215.074790498973,242.88367950620105,2051.3254,362.2851099999998,911.12106,-37.16327999999999
749,749,749.0,749.0,749.0,749.0,749.0,749.0,749.0,749.0,749.0,749.0,749.0,749.0,749.0,749.0,749.0,749.0,749.0,749.0,749.0,749.0,749.0,749.0,9.0,0.9,225.59462,235.66957,244.91604,253.05835,259.95087,265.5732,270.00304,273.3762,275.84398,277.53627,278.53561,278.86418,278.48411,277.31018,275.23366,272.15465,268.01834,262.84831,256.7688,250.0087,211.3113243257882,248.3834939567357,2413.61051,548.8359500000001,548.8359500000001,-47.426800000000014
750,750,750.0,750.0,750.0,750.0,750.0,750.0,750.0,750.0,750.0,750.0,750.0,750.0,750.0,750.0,750.0,750.0,750.0,750.0,750.0,750.0,750.0,750.0,0.0,0.0,273.0,273.0,273.0,273.0,273.0,273.0,273.0,273.0,273.0,273.0,273.0,273.0,273.0,273.0,273.0,273.0,273.0,273.0,273.0,273.0,223.9934236476525,335.32015201755314,0.0,443.45816,2618.24572,1.1102999999999952
751,751,751.0,751.0,751.0,751.0,751.0,751.0,751.0,751.0,751.0,751.0,751.0,751.0,751.0,751.0,751.0,751.0,751.0,751.0,751.0,751.0,751.0,751.0,1.0,0.1,232.34776,240.32212,247.58937,253.91635,259.18556,263.3957,266.64525,269.10708,271.00258,272.58155,274.11001,275.86423,278.12588,281.17268,285.25961,290.58983,297.27863,305.31868,314.55751,324.69695,368.6692557567181,180.5741076098828,443.45816,413.95681,2174.78756,1.1102999999999952
752,752,752.0,752.0,752.0,752.0,752.0,752.0,752.0,752.0,752.0,752.0,752.0,752.0,752.0,752.0,752.0,752.0,752.0,752.0,752.0,752.0,752.0,752.0,2.0,0.2,350.0323,332.40195,316.64074,303.35651,292.8472,285.10572,279.87219,276.70995,275.08055,274.39931,274.06509,273.46894,271.99558,269.0342,264.01235,256.4574,246.07831,232.84826,217.06151,199.33971,311.34609977883247,341.8517222381999,857.41497,443.7601199999999,1760.83075,1.1102999999999952
753,753,753.0,753.0,753.0,753.0,753.0,753.0,753.0,753.0,753.0,753.0,753.0,753.0,753.0,753.0,753.0,753.0,753.0,753.0,753.0,753.0,753.0,753.0,3.0,0.3,308.64663,305.81778,302.76402,299.44724,295.89375,292.18516,288.43934,284.79129,281.38314,278.36826,275.9287,274.29824,273.77917,274.73915,277.57808,282.66268,290.23799,300.336,312.70885,326.81205,279.76302092994695,261.8190513761341,1301.17509,296.88024999999993,1317.07063,1.1102999999999952
754,754,754.0,754.0,754.0,754.0,754.0,754.0,754.0,754.0,754.0,754.0,754.0,754.0,754.0,754.0,754.0,754.0,754.0,754.0,754.0,754.0,754.0,754.0,4.0,0.4,282.02981,284.06193,285.66354,286.70797,287.15351,287.04262,286.48618,285.63722,284.65937,283.69499,282.83723,282.10937,281.45509,280.7429,279.7869,278.38316,276.35687,273.61034,270.15934,266.14556,360.26878611793245,348.4879736746421,1598.05534,266.92533000000003,1020.19038,1.1102999999999952
755,755,755.0,755.0,755.0,755.0,755.0,755.0,755.0,755.0,755.0,755.0,755.0,755.0,755.0,755.0,755.0,755.0,755.0,755.0,755.0,755.0,755.0,755.0,5.0,0.5,347.52093,335.34104,324.21752,314.49869,306.36427,299.83223,294.79524,291.07448,288.47768,286.85014,286.11156,286.27499,287.44663,289.80601,293.56775,298.9282,306.00466,314.77864,325.05771,336.46859,333.75647396770364,335.93054478376644,1864.98067,139.78493000000003,753.26505,1.1102999999999952
756,756,756.0,756.0,756.0,756.0,756.0,756.0,756.0,756.0,756.0,756.0,756.0,756.0,756.0,756.0,756.0,756.0,756.0,756.0,756.0,756.0,756.0,756.0,6.0,0.6,329.19722,324.65097,320.14762,315.7459,311.53717,307.64066,304.19223,301.33002,299.18063,297.84818,297.4071,297.8983,299.32812,301.66904,304.86218,308.82134,313.4386,318.59095,324.14687,329.97167,245.38790357620485,256.88827119632145,2004.7656,97.80773999999997,613.4801199999999,1.1102999999999952
757,757,757.0,757.0,757.0,757.0,757.0,757.0,757.0,757.0,757.0,757.0,757.0,757.0,757.0,757.0,757.0,757.0,757.0,757.0,757.0,757.0,757.0,757.0,7.0,0.7,256.4842,266.96356,276.3029,284.14472,290.33166,294.89922,298.03346,300.00737,301.11138,301.59165,301.60464,301.19274,300.2822,298.7031,296.22929,292.63389,287.75212,281.53952,274.1116,265.75273,317.2315264243492,360.5750624944176,2102.57334,128.98338000000012,515.67238,1.1102999999999952
758,758,758.0,758.0,758.0,758.0,758.0,758.0,758.0,758.0,758.0,758.0,758.0,758.0,758.0,758.0,758.0,758.0,758.0,758.0,758.0,758.0,758.0,758.0,8.0,0.8,312.34639,307.81851,303.94299,300.90656,298.76814,297.46884,296.8662,296.78246,297.05559,297.58375,298.35711,299.47335,301.13471,303.62487,307.26571,312.35653,319.10409,327.55672,337.5596,348.74641,367.18264196565104,176.02748146272518,2231.55672,118.53989999999976,386.6889999999999,1.1102999999999952
759,759,759.0,759.0,759.0,759.0,759.0,759.0,759.0,759.0,759.0,759.0,759.0,759.0,759.0,759.0,759.0,759.0,759.0,759.0,759.0,759.0,759.0,759.0,9.0,0.9,355.81842,344.94833,335.00542,326.31314,319.05758,313.28219,308.89972,305.71221,303.42931,301.67837,300.00576,297.87512,294.67354,289.73831,282.41398,272.14087,258.56388,241.63824,221.70114,199.48074,324.1549371240933,258.38393713639874,2350.09662,268.1491000000001,268.1491000000001,1.1102999999999952
760,760,760.0,760.0,760.0,760.0,760.0,760.0,760.0,760.0,760.0,760.0,760.0,760.0,760.0,760.0,760.0,760.0,760.0,760.0,760.0,760.0,760.0,760.0,0.0,0.0,273.0,273.0,273.0,273.0,273.0,273.0,273.0,273.0,273.0,273.0,273.0,273.0,273.0,273.0,273.0,273.0,273.0,273.0,273.0,273.0,337.257378796948,190.9866904137465,0.0,475.27794,5777.638370000001,-40.0
761,761,761.0,761.0,761.0,761.0,761.0,761.0,761.0,761.0,761.0,761.0,761.0,761.0,761.0,761.0,761.0,761.0,761.0,761.0,761.0,761.0,761.0,761.0,1.0,0.1,326.3032,315.8472,306.31834,298.02235,291.11325,285.59269,281.33144,278.10267,275.61581,273.54296,271.53473,269.22816,266.25297,262.24404,256.866,249.85162,241.04926,230.46858,218.3103,204.96678,360.01015461944394,251.95661823127472,475.27794,559.80528,5302.360430000001,-27.407309999999995
762,762,762.0,762.0,762.0,762.0,762.0,762.0,762.0,762.0,762.0,762.0,762.0,762.0,762.0,762.0,762.0,762.0,762.0,762.0,762.0,762.0,762.0,762.0,2.0,0.2,348.2323,336.78397,325.95599,315.969,306.95468,298.95176,291.91601,285.74094,280.28503,275.40102,270.96355,266.89132,263.16048,259.80599,256.9091,254.5712,252.87828,251.86367,251.47913,251.58386,257.8597208095072,368.6402310631539,1035.08322,439.6424099999999,4742.55515,-14.04824000000002
763,763,763.0,763.0,763.0,763.0,763.0,763.0,763.0,763.0,763.0,763.0,763.0,763.0,763.0,763.0,763.0,763.0,763.0,763.0,763.0,763.0,763.0,763.0,3.0,0.3,265.71436,272.90873,278.88465,283.26496,285.89338,286.83242,286.32799,284.7571,282.57589,280.28038,278.38392,277.40737,277.87177,280.28191,285.0915,292.6479,303.12345,316.44933,332.27305,349.95877,229.51142819705703,281.5534853651459,1474.72563,271.24901,4302.91274,-26.167579999999987
764,764,764.0,764.0,764.0,764.0,764.0,764.0,764.0,764.0,764.0,764.0,764.0,764.0,764.0,764.0,764.0,764.0,764.0,764.0,764.0,764.0,764.0,764.0,4.0,0.4,238.43216,246.96751,254.78215,261.63144,267.38577,272.03532,275.67648,278.48386,280.67319,282.4609,284.02566,285.47696,286.83595,288.03311,288.92601,289.33636,289.10109,288.12601,286.42794,284.15158,263.5680354105885,343.5479838813768,1745.97464,301.2446500000001,4031.66373,-40.96467999999999
765,765,765.0,765.0,765.0,765.0,765.0,765.0,765.0,765.0,765.0,765.0,765.0,765.0,765.0,765.0,765.0,765.0,765.0,765.0,765.0,765.0,765.0,765.0,5.0,0.5,264.24482,265.05427,266.10282,267.45172,269.11021,271.04201,273.18243,275.46139,277.82724,280.26692,282.81982,285.58339,288.70923,292.38837,296.82556,302.20376,308.64358,316.16538,324.66406,333.90527,181.59234024904927,204.5548860461428,2047.21929,338.2260799999999,3730.41908,-41.95799
766,766,766.0,766.0,766.0,766.0,766.0,766.0,766.0,766.0,766.0,766.0,766.0,766.0,766.0,766.0,766.0,766.0,766.0,766.0,766.0,766.0,766.0,766.0,6.0,0.6,196.95233,211.71108,225.35172,237.50613,247.98542,256.77254,263.98241,269.80178,274.4224,277.97966,280.50576,281.90328,281.94381,280.29501,276.57687,270.44322,261.67719,250.28127,236.53859,221.02408,182.43072950297392,186.5504657024921,2385.44537,705.1314200000002,3392.193,-56.22746000000001
767,767,767.0,767.0,767.0,767.0,767.0,767.0,767.0,767.0,767.0,767.0,767.0,767.0,767.0,767.0,767.0,767.0,767.0,767.0,767.0,767.0,767.0,767.0,7.0,0.7,193.74755,204.83266,215.46398,225.43719,234.57106,242.70922,249.71828,255.483,259.89959,262.86921,264.29345,264.07387,262.11721,258.34677,252.71965,245.24762,236.01809,225.2106,213.10373,200.06901,184.3468890308706,343.9057523009677,3090.57679,1020.2676499999998,2687.06158,-70.29078000000001
768,768,768.0,768.0,768.0,768.0,768.0,768.0,768.0,768.0,768.0,768.0,768.0,768.0,768.0,768.0,768.0,768.0,768.0,768.0,768.0,768.0,768.0,768.0,8.0,0.8,193.18876,201.87114,210.23699,218.1351,225.42543,231.98724,237.73078,242.61313,246.65785,249.97696,252.79147,255.44432,258.39744,262.20432,267.45261,274.67828,284.26242,296.33233,310.69384,326.81955,278.2122772244728,272.3071329600453,4110.84444,904.2647800000004,1666.7939299999998,-81.01275999999999
769,769,769.0,769.0,769.0,769.0,769.0,769.0,769.0,769.0,769.0,769.0,769.0,769.0,769.0,769.0,769.0,769.0,769.0,769.0,769.0,769.0,769.0,769.0,9.0,0.9,269.63464,261.6926,254.92866,249.72165,246.2533,244.51554,244.34979,245.50287,247.68211,250.59676,253.97974,257.59116,261.21096,264.63041,267.65147,270.09898,271.84488,272.83767,273.12619,272.86678,219.4826516147504,339.26589847663536,5015.10922,762.5291499999994,762.5291499999994,-68.48446000000001
770,770,770.0,770.0,770.0,770.0,770.0,770.0,770.0,770.0,770.0,770.0,770.0,770.0,770.0,770.0,770.0,770.0,770.0,770.0,770.0,770.0,770.0,770.0,0.0,0.0,273.0,273.0,273.0,273.0,273.0,273.0,273.0,273.0,273.0,273.0,273.0,273.0,273.0,273.0,273.0,273.0,273.0,273.0,273.0,273.0,362.8682817391443,310.6024894467467,0.0,397.65416,4391.62179,-40.0
771,771,771.0,771.0,771.0,771.0,771.0,771.0,771.0,771.0,771.0,771.0,771.0,771.0,771.0,771.0,771.0,771.0,771.0,771.0,771.0,771.0,771.0,771.0,1.0,0.1,347.55191,332.93506,319.62201,308.04853,298.44557,290.84394,285.11302,281.01956,278.29085,276.66947,275.95189,276.0084,276.7854,278.29267,280.57926,283.70187,287.69077,292.51918,298.08292,304.19568,366.56388982704834,216.9956011829247,397.65416,308.2775,3993.96763,-22.156060000000025
772,772,772.0,772.0,772.0,772.0,772.0,772.0,772.0,772.0,772.0,772.0,772.0,772.0,772.0,772.0,772.0,772.0,772.0,772.0,772.0,772.0,772.0,772.0,2.0,0.2,355.13043,343.98557,333.39715,323.5939,314.75143,306.98292,300.33427,294.78203,290.23255,286.5212,283.41219,280.60112,277.72457,274.38129,270.16858,264.73329,257.83139,249.38401,239.5145,228.55217,288.42326056305217,207.453273980456,705.93166,395.9888800000001,3685.69013,-6.017080000000021
773,773,773.0,773.0,773.0,773.0,773.0,773.0,773.0,773.0,773.0,773.0,773.0,773.0,773.0,773.0,773.0,773.0,773.0,773.0,773.0,773.0,773.0,773.0,3.0,0.3,292.52043,296.14776,298.90871,300.53495,300.91036,300.06151,298.12106,295.27694,291.72107,287.60882,283.03519,278.02889,272.56149,266.56726,259.96848,252.70182,244.7416,236.1167,226.9184,217.29786,209.65106649826163,190.7129150558181,1101.92054,524.15679,3289.70125,-12.938490000000002
774,774,774.0,774.0,774.0,774.0,774.0,774.0,774.0,774.0,774.0,774.0,774.0,774.0,774.0,774.0,774.0,774.0,774.0,774.0,774.0,774.0,774.0,774.0,4.0,0.4,224.32009,238.21868,250.67009,261.16436,269.39658,275.26646,278.84522,280.32267,279.94886,277.98271,274.65481,270.14704,264.58769,258.05896,250.61296,242.29228,233.15137,223.27484,212.78927,201.86584,203.33689099564768,218.36223362008096,1626.07733,773.5988600000001,2765.54446,-37.733540000000005
775,775,775.0,775.0,775.0,775.0,775.0,775.0,775.0,775.0,775.0,775.0,775.0,775.0,775.0,775.0,775.0,775.0,775.0,775.0,775.0,775.0,775.0,775.0,5.0,0.5,213.84277,223.98068,233.40752,241.82643,249.00239,254.77066,259.03838,261.78097,263.03506,262.89018,261.4803,258.97545,255.573,251.48707,246.93513,242.12154,237.21948,232.35438,227.59312,222.94298,322.6618497015117,368.1367616046044,2399.67619,811.5583499999998,1991.9456,-58.22934000000001
776,776,776.0,776.0,776.0,776.0,776.0,776.0,776.0,776.0,776.0,776.0,776.0,776.0,776.0,776.0,776.0,776.0,776.0,776.0,776.0,776.0,776.0,776.0,6.0,0.6,309.86471,297.79194,287.0518,278.04936,270.94801,265.68524,262.03349,259.68794,258.36029,257.86076,258.15586,259.3952,261.90374,266.1385,272.61141,281.78559,293.95942,309.16093,327.07879,347.05309,332.4571082857773,321.9244758490148,3211.23454,425.62338,1180.3872500000002,-47.31475999999998
777,777,777.0,777.0,777.0,777.0,777.0,777.0,777.0,777.0,777.0,777.0,777.0,777.0,777.0,777.0,777.0,777.0,777.0,777.0,777.0,777.0,777.0,777.0,7.0,0.7,322.35065,312.56621,303.40216,295.11394,287.9023,281.91001,277.22598,273.89389,271.92154,271.28804,271.94664,273.82352,276.8146,280.78357,285.56509,290.97509,296.82797,302.95703,309.23225,315.5691,256.16338424969155,297.94169271233795,3636.85792,284.8450700000003,754.7638700000002,-31.08999
778,778,778.0,778.0,778.0,778.0,778.0,778.0,778.0,778.0,778.0,778.0,778.0,778.0,778.0,778.0,778.0,778.0,778.0,778.0,778.0,778.0,778.0,778.0,8.0,0.8,261.67721,266.78525,271.15551,274.5855,277.02745,278.58,279.45263,279.91454,280.24144,280.67084,281.37204,282.43249,283.85908,285.59129,287.52286,289.52826,291.49015,293.32339,294.99125,296.51016,329.3480076899401,351.4871652270838,3921.70299,245.74689999999964,469.9187999999999,-34.420000000000016
779,779,779.0,779.0,779.0,779.0,779.0,779.0,779.0,779.0,779.0,779.0,779.0,779.0,779.0,779.0,779.0,779.0,779.0,779.0,779.0,779.0,779.0,779.0,9.0,0.9,320.26288,311.65875,303.94906,297.42862,292.25023,288.43159,285.88684,284.47199,284.03229,284.4421,285.63161,287.59857,290.40519,294.16166,298.9981,305.02804,312.30841,320.80353,330.36177,340.7125,188.57659981003988,178.9609072010066,4167.44989,224.17190000000028,224.17190000000028,-24.56840999999997
780,780,780.0,780.0,780.0,780.0,780.0,780.0,780.0,780.0,780.0,780.0,780.0,780.0,780.0,780.0,780.0,780.0,780.0,780.0,780.0,780.0,780.0,780.0,0.0,0.0,273.0,273.0,273.0,273.0,273.0,273.0,273.0,273.0,273.0,273.0,273.0,273.0,273.0,273.0,273.0,273.0,273.0,273.0,273.0,273.0,207.00411800304303,294.2874303411646,0.0,474.44506,6628.67389,-40.0
781,781,781.0,781.0,781.0,781.0,781.0,781.0,781.0,781.0,781.0,781.0,781.0,781.0,781.0,781.0,781.0,781.0,781.0,781.0,781.0,781.0,781.0,781.0,1.0,0.1,218.25327,228.98947,238.77036,247.27868,254.34988,259.97054,264.25262,267.39433,269.6388,271.23968,272.43801,273.4504,274.46527,275.64257,277.11258,278.97186,281.27598,284.03168,287.19189,290.65747,367.149869227645,319.73986726796124,474.44506,444.54904,6154.22883,-53.02945999999997
782,782,782.0,782.0,782.0,782.0,782.0,782.0,782.0,782.0,782.0,782.0,782.0,782.0,782.0,782.0,782.0,782.0,782.0,782.0,782.0,782.0,782.0,782.0,2.0,0.2,347.8671,329.65397,313.42334,299.81198,289.12407,281.34357,276.20253,273.28042,272.10721,272.24833,273.3601,275.21338,277.69044,280.76268,284.45733,288.81998,293.87881,299.61553,305.94758,312.72455,334.1473041299864,235.03332341450368,918.9941,294.11205000000007,5709.67979,-31.65643
783,783,783.0,783.0,783.0,783.0,783.0,783.0,783.0,783.0,783.0,783.0,783.0,783.0,783.0,783.0,783.0,783.0,783.0,783.0,783.0,783.0,783.0,783.0,3.0,0.3,327.11954,320.19877,313.50141,307.15742,301.30592,296.08189,291.59676,287.91677,285.04331,282.8984,281.31731,280.05023,278.77469,277.12084,274.7107,271.20965,266.38403,260.15386,252.6269,244.10173,225.5166969681745,256.4904676426093,1213.10615,355.65049,5415.56774,-16.918110000000013
784,784,784.0,784.0,784.0,784.0,784.0,784.0,784.0,784.0,784.0,784.0,784.0,784.0,784.0,784.0,784.0,784.0,784.0,784.0,784.0,784.0,784.0,784.0,4.0,0.4,238.17508,250.07599,260.57249,269.21246,275.77882,280.28168,282.91121,283.96932,283.79925,282.72881,281.03516,278.93161,276.57156,274.06178,271.47759,268.87447,266.29366,263.7625,261.29199,258.87543,262.58560922264513,267.0434734060371,1568.75664,428.79071,5059.91725,-32.718320000000006
785,785,785.0,785.0,785.0,785.0,785.0,785.0,785.0,785.0,785.0,785.0,785.0,785.0,785.0,785.0,785.0,785.0,785.0,785.0,785.0,785.0,785.0,785.0,5.0,0.5,264.23784,265.92364,267.65547,269.41067,271.12849,272.71872,274.07894,275.11469,275.75727,275.97547,275.77955,275.21819,274.37003,273.33187,272.20539,271.08398,270.04092,269.12045,268.33319,267.65695,193.76403364405627,230.5607163480862,1997.54735,524.4450300000001,4631.12654,-40.28127999999998
786,786,786.0,786.0,786.0,786.0,786.0,786.0,786.0,786.0,786.0,786.0,786.0,786.0,786.0,786.0,786.0,786.0,786.0,786.0,786.0,786.0,786.0,786.0,6.0,0.6,206.99451,219.65956,231.2664,241.45094,250.00595,256.87838,262.14082,265.94784,268.48851,269.94504,270.46295,270.13508,268.99897,267.04611,264.24079,260.54603,255.95234,250.50415,244.31765,237.58478,298.63238427391514,214.62687034841665,2521.99238,711.97748,4106.68151,-56.12162000000001
787,787,787.0,787.0,787.0,787.0,787.0,787.0,787.0,787.0,787.0,787.0,787.0,787.0,787.0,787.0,787.0,787.0,787.0,787.0,787.0,787.0,787.0,787.0,7.0,0.7,290.2174,282.39027,275.63957,270.27926,266.41339,263.9443,262.61569,262.0743,261.933,261.82173,261.4201,260.47194,258.78676,256.2348,252.74157,248.28539,242.89827,236.66854,229.74144,222.31469,204.92502484603884,212.78183448166965,3233.96986,833.1362300000001,3394.70403,-49.0557
788,788,788.0,788.0,788.0,788.0,788.0,788.0,788.0,788.0,788.0,788.0,788.0,788.0,788.0,788.0,788.0,788.0,788.0,788.0,788.0,788.0,788.0,788.0,8.0,0.8,215.71499,225.91794,235.03087,242.69801,248.73944,253.14225,256.02223,257.57028,257.99906,257.50152,256.22702,254.27492,251.7015,248.53466,244.79098,240.49137,235.67283,230.39566,224.74564,218.83203,177.2210734034197,210.92346660753424,4067.10609,1121.1888199999994,2561.5678,-59.85775000000001
789,789,789.0,789.0,789.0,789.0,789.0,789.0,789.0,789.0,789.0,789.0,789.0,789.0,789.0,789.0,789.0,789.0,789.0,789.0,789.0,789.0,789.0,789.0,9.0,0.9,188.99321,200.33442,210.85637,220.24758,228.29358,234.88084,239.98661,243.65918,245.99451,247.11393,247.1465,246.21709,244.44032,241.91908,238.74636,235.00889,230.79138,226.18034,221.2668,216.14733,186.2535832452204,218.43479181497,5188.29491,1440.3789800000004,1440.3789800000004,-78.11916
790,790,790.0,790.0,790.0,790.0,790.0,790.0,790.0,790.0,790.0,790.0,790.0,790.0,790.0,790.0,790.0,790.0,790.0,790.0,790.0,790.0,790.0,790.0,0.0,0.0,273.0,273.0,273.0,273.0,273.0,273.0,273.0,273.0,273.0,273.0,273.0,273.0,273.0,273.0,273.0,273.0,273.0,273.0,273.0,273.0,362.6371768512994,346.9833095933103,0.0,381.09196,1479.37962,3.955269999999985
791,791,791.0,791.0,791.0,791.0,791.0,791.0,791.0,791.0,791.0,791.0,791.0,791.0,791.0,791.0,791.0,791.0,791.0,791.0,791.0,791.0,791.0,791.0,1.0,0.1,347.36111,332.78342,319.50789,307.97111,298.40718,290.85365,285.19226,281.21045,278.66824,277.35703,277.14211,277.98463,279.9423,283.14953,287.77933,293.99137,301.87386,311.39045,322.34503,334.3757,346.4469794355424,348.6826649447371,381.09196,190.26392,1098.28766,3.955269999999985
792,792,792.0,792.0,792.0,792.0,792.0,792.0,792.0,792.0,792.0,792.0,792.0,792.0,792.0,792.0,792.0,792.0,792.0,792.0,792.0,792.0,792.0,792.0,2.0,0.2,338.49276,330.68546,323.17473,316.11361,309.656,303.9513,299.13739,295.33412,292.63878,291.12413,290.8387,291.80804,294.03552,297.50176,302.16206,307.94266,314.73662,322.40122,330.75801,339.59664,244.4123478817513,297.44206379434104,571.35588,105.3605,908.02374,3.955269999999985
793,793,793.0,793.0,793.0,793.0,793.0,793.0,793.0,793.0,793.0,793.0,793.0,793.0,793.0,793.0,793.0,793.0,793.0,793.0,793.0,793.0,793.0,793.0,3.0,0.3,255.41211,265.75258,274.88036,282.42879,288.25676,292.44074,295.22805,296.96715,298.03282,298.76095,299.40197,300.09617,300.87033,301.65303,302.30513,302.6608,302.57303,301.95546,300.81179,299.24488,369.5280595651068,355.7446933020037,676.71638,103.04100000000004,802.66324,3.955269999999985
794,794,794.0,794.0,794.0,794.0,794.0,794.0,794.0,794.0,794.0,794.0,794.0,794.0,794.0,794.0,794.0,794.0,794.0,794.0,794.0,794.0,794.0,794.0,4.0,0.4,355.39802,342.05359,330.16336,320.19032,312.35102,306.62671,302.81682,300.61579,299.69279,299.75827,300.60809,302.14314,304.36658,307.36245,311.26032,316.19077,322.2379,329.39709,337.54712,346.44463,341.8208589408956,313.1595819750089,779.75738,65.91058999999996,699.6222399999999,3.955269999999985
795,795,795.0,795.0,795.0,795.0,795.0,795.0,795.0,795.0,795.0,795.0,795.0,795.0,795.0,795.0,795.0,795.0,795.0,795.0,795.0,795.0,795.0,795.0,5.0,0.5,337.27313,332.78,328.40783,324.24199,320.38639,316.95527,314.05936,311.78983,310.20358,309.31223,309.07608,309.40354,310.15639,311.16115,312.22724,313.17084,313.84211,314.15075,314.08361,313.70823,218.1175393458343,360.7536437885561,845.66797,51.46595000000002,633.71165,3.955269999999985
796,796,796.0,796.0,796.0,796.0,796.0,796.0,796.0,796.0,796.0,796.0,796.0,796.0,796.0,796.0,796.0,796.0,796.0,796.0,796.0,796.0,796.0,796.0,6.0,0.6,235.45375,251.9005,266.69837,279.31813,289.51059,297.30119,302.93986,306.82567,309.42851,311.22471,312.65518,314.10578,315.90341,318.31834,321.56437,325.79176,331.07309,337.38669,344.60552,352.49916,260.0649854497081,347.3337419587493,897.13392,31.112730000000056,582.2456999999999,3.955269999999985
797,797,797.0,797.0,797.0,797.0,797.0,797.0,797.0,797.0,797.0,797.0,797.0,797.0,797.0,797.0,797.0,797.0,797.0,797.0,797.0,797.0,797.0,797.0,7.0,0.7,264.8441,269.67029,274.56918,279.53121,284.50987,289.43192,294.2161,298.79349,303.12359,307.20186,311.05777,314.7451,318.32812,321.86767,325.41068,328.98517,332.60085,336.25404,339.93439,343.63063,350.51910568388746,180.62406665492205,928.24665,56.66672999999992,551.1329699999999,3.955269999999985
798,798,798.0,798.0,798.0,798.0,798.0,798.0,798.0,798.0,798.0,798.0,798.0,798.0,798.0,798.0,798.0,798.0,798.0,798.0,798.0,798.0,798.0,798.0,8.0,0.8,339.88582,329.93885,321.26615,314.28045,309.17829,305.9378,304.34717,304.04852,304.58142,305.4147,305.96352,305.59716,303.64913,299.44358,292.34826,281.85591,267.68378,249.86913,228.83171,205.37666,319.30727488823845,214.3797809932157,984.91338,211.84435000000008,494.46624,3.955269999999985
799,799,799.0,799.0,799.0,799.0,799.0,799.0,799.0,799.0,799.0,799.0,799.0,799.0,799.0,799.0,799.0,799.0,799.0,799.0,799.0,799.0,799.0,799.0,9.0,0.9,318.06183,316.75857,315.35051,313.80709,312.11122,310.24847,308.19175,305.88702,303.24525,300.14403,296.4393,291.98514,286.65715,280.37397,273.11214,264.91099,255.86709,246.12061,235.83829,225.19815,294.2605524308163,301.0263271543871,1196.75773,282.6218899999999,282.6218899999999,3.955269999999985
800,800,800.0,800.0,800.0,800.0,800.0,800.0,800.0,800.0,800.0,800.0,800.0,800.0,800.0,800.0,800.0,800.0,800.0,800.0,800.0,800.0,800.0,800.0,0.0,0.0,273.0,273.0,273.0,273.0,273.0,273.0,273.0,273.0,273.0,273.0,273.0,273.0,273.0,273.0,273.0,273.0,273.0,273.0,273.0,273.0,296.6315382405223,197.923054017374,0.0,484.35571,4036.38342,-40.0
801,801,801.0,801.0,801.0,801.0,801.0,801.0,801.0,801.0,801.0,801.0,801.0,801.0,801.0,801.0,801.0,801.0,801.0,801.0,801.0,801.0,801.0,801.0,1.0,0.1,292.60186,288.7546,285.24619,282.18666,279.62808,277.56265,275.92807,274.61613,273.48057,272.34147,270.98625,269.16997,266.61955,263.04724,258.17689,251.7833,243.73925,234.06017,222.93337,210.71993,304.1612171370447,311.85219897874856,484.35571,551.4181699999999,3552.0277100000003,-35.43734999999998
802,802,802.0,802.0,802.0,802.0,802.0,802.0,802.0,802.0,802.0,802.0,802.0,802.0,802.0,802.0,802.0,802.0,802.0,802.0,802.0,802.0,802.0,802.0,2.0,0.2,299.90132,295.74311,291.7743,288.0576,284.62482,281.47765,278.59533,275.94888,273.52057,271.32645,269.43862,268.00223,267.24107,267.4453,268.93693,272.01379,276.87955,283.57487,291.92874,301.54769,250.5952934659698,223.38531345696825,1035.77388,462.40211,3000.6095400000004,-31.522350000000017
803,803,803.0,803.0,803.0,803.0,803.0,803.0,803.0,803.0,803.0,803.0,803.0,803.0,803.0,803.0,803.0,803.0,803.0,803.0,803.0,803.0,803.0,803.0,3.0,0.3,256.15173,261.3395,265.84597,269.45752,272.08049,273.73728,274.54136,274.65863,274.26406,273.50105,272.44915,271.10389,269.37136,267.08012,264.01125,259.94485,254.71648,248.27227,240.70845,232.28195,322.45655186115624,246.59001855834384,1498.17599,548.2983100000001,2538.2074300000004,-39.26272
804,804,804.0,804.0,804.0,804.0,804.0,804.0,804.0,804.0,804.0,804.0,804.0,804.0,804.0,804.0,804.0,804.0,804.0,804.0,804.0,804.0,804.0,804.0,4.0,0.4,313.52944,305.03876,297.35208,290.71576,285.23008,280.85421,277.43573,274.75391,272.56503,270.64069,268.79437,266.89531,264.87134,262.70323,260.41308,258.04876,255.66655,253.31475,251.02114,248.78711,222.7332734363197,293.4323533280998,2046.4743,536.29593,1989.90912,-32.14578999999998
805,805,805.0,805.0,805.0,805.0,805.0,805.0,805.0,805.0,805.0,805.0,805.0,805.0,805.0,805.0,805.0,805.0,805.0,805.0,805.0,805.0,805.0,805.0,5.0,0.5,233.35382,243.32671,252.10016,259.29152,264.72279,268.41519,270.55127,271.41995,271.3612,270.72273,269.83407,268.9963,268.48111,268.53098,269.35363,271.10758,273.8806,277.66684,282.35145,287.71075,349.4176237744735,271.4754927998413,2582.77023,488.3537299999998,1453.61319,-44.58481
806,806,806.0,806.0,806.0,806.0,806.0,806.0,806.0,806.0,806.0,806.0,806.0,806.0,806.0,806.0,806.0,806.0,806.0,806.0,806.0,806.0,806.0,806.0,6.0,0.6,334.52475,320.4159,307.75735,297.00865,288.38152,281.85076,277.20656,274.12824,272.25824,271.25991,270.85139,270.8161,270.99622,271.278,271.57701,271.82856,271.98506,272.01878,271.92624,271.73007,257.72970657487593,372.198202409564,3071.12396,364.9479500000002,965.2594600000002,-31.14924000000002
807,807,807.0,807.0,807.0,807.0,807.0,807.0,807.0,807.0,807.0,807.0,807.0,807.0,807.0,807.0,807.0,807.0,807.0,807.0,807.0,807.0,807.0,807.0,7.0,0.7,263.25911,268.33463,272.58215,275.76747,277.82408,278.8464,279.05683,278.76081,278.3049,278.04796,278.34858,279.5643,282.05337,286.1681,292.23156,300.49511,311.08267,323.93496,338.7718,355.08895,361.7633279017592,344.70014746034883,3436.07191,198.49170999999976,600.31151,-34.15359999999998
808,808,808.0,808.0,808.0,808.0,808.0,808.0,808.0,808.0,808.0,808.0,808.0,808.0,808.0,808.0,808.0,808.0,808.0,808.0,808.0,808.0,808.0,808.0,8.0,0.8,347.18781,333.33437,320.82846,310.12591,301.47918,294.94595,290.43141,287.74758,286.67189,286.99164,288.52777,291.1389,294.71129,299.14312,304.33018,310.15842,316.50458,323.24318,330.25581,337.43799,274.57277803624044,215.2900359075959,3634.56362,134.12734,401.8198000000002,-18.05405000000001
809,809,809.0,809.0,809.0,809.0,809.0,809.0,809.0,809.0,809.0,809.0,809.0,809.0,809.0,809.0,809.0,809.0,809.0,809.0,809.0,809.0,809.0,809.0,9.0,0.9,279.62615,284.28504,288.2299,291.27139,293.37235,294.63297,295.24545,295.43119,295.37489,295.16766,294.76777,293.98391,292.48411,289.83217,285.55113,279.20893,270.51472,259.4072,246.11254,231.15205,207.39381361319727,270.1071765026079,3768.69096,267.6924600000002,267.6924600000002,-18.36703
810,810,810.0,810.0,810.0,810.0,810.0,810.0,810.0,810.0,810.0,810.0,810.0,810.0,810.0,810.0,810.0,810.0,810.0,810.0,810.0,810.0,810.0,810.0,0.0,0.0,273.0,273.0,273.0,273.0,273.0,273.0,273.0,273.0,273.0,273.0,273.0,273.0,273.0,273.0,273.0,273.0,273.0,273.0,273.0,273.0,347.05180176627493,234.23956124127173,0.0,443.84659,2539.88549,-40.0
811,811,811.0,811.0,811.0,811.0,811.0,811.0,811.0,811.0,811.0,811.0,811.0,811.0,811.0,811.0,811.0,811.0,811.0,811.0,811.0,811.0,811.0,811.0,1.0,0.1,334.42931,322.38195,311.40567,301.85581,293.91553,287.59715,282.7701,279.20373,276.61212,274.69102,273.14216,271.6856,270.06458,268.04882,265.44149,262.0922,257.91493,252.90606,247.15598,240.8478,330.80414476262274,294.0158239064451,443.84659,426.3202700000001,2096.0389,-25.40285
812,812,812.0,812.0,812.0,812.0,812.0,812.0,812.0,812.0,812.0,812.0,812.0,812.0,812.0,812.0,812.0,812.0,812.0,812.0,812.0,812.0,812.0,812.0,2.0,0.2,324.56048,318.38433,312.34561,306.51706,300.9716,295.77726,290.9918,286.65968,282.81366,279.48178,276.69844,274.51645,273.01534,272.30106,272.49352,273.7015,275.98884,279.33951,283.63213,288.63338,297.52226741349074,362.2425116581594,870.16686,293.0826199999999,1669.71863,-17.222739999999988
813,813,813.0,813.0,813.0,813.0,813.0,813.0,813.0,813.0,813.0,813.0,813.0,813.0,813.0,813.0,813.0,813.0,813.0,813.0,813.0,813.0,813.0,813.0,3.0,0.3,297.67794,297.6397,297.24933,296.41222,295.11242,293.41367,291.44958,289.40821,287.5167,286.02976,285.22264,285.38621,286.81942,289.81407,294.62805,301.44738,310.34182,321.22415,333.82523,347.69609,296.80949416832686,242.8090725372532,1163.24948,173.28224,1376.6360100000002,-19.58632999999997
814,814,814.0,814.0,814.0,814.0,814.0,814.0,814.0,814.0,814.0,814.0,814.0,814.0,814.0,814.0,814.0,814.0,814.0,814.0,814.0,814.0,814.0,814.0,4.0,0.4,296.20993,295.59168,294.94376,294.2691,293.58785,292.93652,292.36192,291.90937,291.60536,291.43608,291.32511,291.11542,290.56271,289.34718,287.1088,283.50561,278.28712,271.36719,262.87606,253.17295,363.1623341497903,233.54181502912465,1336.53172,247.83927,1203.3537700000002,-20.063480000000027
815,815,815.0,815.0,815.0,815.0,815.0,815.0,815.0,815.0,815.0,815.0,815.0,815.0,815.0,815.0,815.0,815.0,815.0,815.0,815.0,815.0,815.0,815.0,5.0,0.5,351.2468,339.84771,329.40909,320.24606,312.51498,306.21306,301.20223,297.2473,294.05742,291.32241,288.7397,286.03184,282.95726,279.31768,274.96508,269.8093,263.8256,257.05985,249.62882,241.71308,202.45479446403408,368.9800065721738,1584.37099,268.30136000000016,955.5145000000002,-6.786940000000016
816,816,816.0,816.0,816.0,816.0,816.0,816.0,816.0,816.0,816.0,816.0,816.0,816.0,816.0,816.0,816.0,816.0,816.0,816.0,816.0,816.0,816.0,816.0,6.0,0.6,221.10556,238.6716,254.22631,267.12234,277.05157,284.03835,288.38026,290.56183,291.16885,290.82329,290.14679,289.74814,290.22142,292.13831,296.02086,302.28989,311.19486,322.74276,336.64942,352.33562,311.8660750157859,342.8067383472037,1852.67235,162.62363000000005,687.2131400000001,-28.96165000000002
817,817,817.0,817.0,817.0,817.0,817.0,817.0,817.0,817.0,817.0,817.0,817.0,817.0,817.0,817.0,817.0,817.0,817.0,817.0,817.0,817.0,817.0,817.0,7.0,0.7,305.28355,299.21837,294.10168,290.21531,287.6672,286.40772,286.27711,287.06692,288.57723,290.65626,293.21659,296.22975,299.70593,303.66803,308.12827,313.07317,318.4588,324.21503,330.25478,336.48374,325.3186874221402,313.6114328134878,2015.29598,93.31105000000002,524.58951,-26.592280000000017
818,818,818.0,818.0,818.0,818.0,818.0,818.0,818.0,818.0,818.0,818.0,818.0,818.0,818.0,818.0,818.0,818.0,818.0,818.0,818.0,818.0,818.0,818.0,8.0,0.8,319.50342,313.95751,308.92476,304.6025,301.12854,298.57701,296.96201,296.24636,296.35221,297.17082,298.57015,300.40057,302.49994,304.70052,306.83933,308.77267,310.39332,311.64698,312.54308,313.15562,223.0181246001196,195.1711363442713,2108.60703,129.63855999999987,431.27846,-14.422990000000029
819,819,819.0,819.0,819.0,819.0,819.0,819.0,819.0,819.0,819.0,819.0,819.0,819.0,819.0,819.0,819.0,819.0,819.0,819.0,819.0,819.0,819.0,819.0,9.0,0.9,236.60736,249.52323,261.19268,271.2185,279.41334,285.78757,290.49857,293.77747,295.85071,296.87201,296.87464,295.74966,293.25256,289.03862,282.72511,273.97438,262.58607,248.58068,232.25359,214.18127,187.76126672647555,372.2056370281145,2238.24559,301.6399000000001,301.6399000000001,-27.212429999999983
820,820,820.0,820.0,820.0,820.0,820.0,820.0,820.0,820.0,820.0,820.0,820.0,820.0,820.0,820.0,820.0,820.0,820.0,820.0,820.0,820.0,820.0,820.0,0.0,0.0,273.0,273.0,273.0,273.0,273.0,273.0,273.0,273.0,273.0,273.0,273.0,273.0,273.0,273.0,273.0,273.0,273.0,273.0,273.0,273.0,302.00907248094575,214.17179001559424,0.0,471.18138,8134.97014,-40.0
821,821,821.0,821.0,821.0,821.0,821.0,821.0,821.0,821.0,821.0,821.0,821.0,821.0,821.0,821.0,821.0,821.0,821.0,821.0,821.0,821.0,821.0,821.0,1.0,0.1,297.06327,292.34197,288.03818,284.28877,281.16106,278.65173,276.69525,275.17718,273.94721,272.82852,271.62255,270.11134,268.0613,265.23306,261.40106,256.383,250.07575,242.48945,233.76982,224.19927,208.85558002174184,276.0509866118586,471.18138,571.4785400000001,7663.78876,-34.348270000000014
822,822,822.0,822.0,822.0,822.0,822.0,822.0,822.0,822.0,822.0,822.0,822.0,822.0,822.0,822.0,822.0,822.0,822.0,822.0,822.0,822.0,822.0,822.0,2.0,0.2,221.13164,232.74569,243.12792,251.87126,258.76573,263.79361,267.09334,268.90737,269.53007,269.26778,268.41646,267.25505,266.04784,265.04688,264.48681,264.56823,265.43139,267.12711,269.59515,272.66018,194.65514810727663,243.88072519567743,1042.65992,692.5549799999999,7092.31022,-49.20639
823,823,823.0,823.0,823.0,823.0,823.0,823.0,823.0,823.0,823.0,823.0,823.0,823.0,823.0,823.0,823.0,823.0,823.0,823.0,823.0,823.0,823.0,823.0,3.0,0.3,205.1681,215.34098,224.8657,233.4927,241.04802,247.43914,252.64994,256.72716,259.76146,261.86622,263.15726,263.73572,263.67659,263.02457,261.79824,260.00238,257.64591,254.76145,251.42077,247.74131,229.4631203950347,200.99313346527936,1735.2149,904.47708,6399.75524,-65.56085999999999
824,824,824.0,824.0,824.0,824.0,824.0,824.0,824.0,824.0,824.0,824.0,824.0,824.0,824.0,824.0,824.0,824.0,824.0,824.0,824.0,824.0,824.0,824.0,4.0,0.4,231.53532,233.71438,236.07773,238.65145,241.40058,244.23261,247.01093,249.57259,251.74483,253.35632,254.24216,254.24454,253.21288,251.00792,247.51307,242.65381,236.42228,228.90119,220.27907,210.84989,235.39774815857896,258.6174291255326,2639.69198,1073.51122,5495.27816,-68.76739
825,825,825.0,825.0,825.0,825.0,825.0,825.0,825.0,825.0,825.0,825.0,825.0,825.0,825.0,825.0,825.0,825.0,825.0,825.0,825.0,825.0,825.0,825.0,5.0,0.5,236.70222,238.03045,239.39584,240.79335,242.19542,243.55296,244.80129,245.87044,246.6987,247.24756,247.5162,247.55261,247.45815,247.38233,247.5057,248.01121,249.04797,250.69502,252.93488,255.64573,310.1341138393223,294.50993105913767,3713.2032,979.5620399999998,4421.76694,-69.44703999999999
826,826,826.0,826.0,826.0,826.0,826.0,826.0,826.0,826.0,826.0,826.0,826.0,826.0,826.0,826.0,826.0,826.0,826.0,826.0,826.0,826.0,826.0,826.0,6.0,0.6,298.65704,287.74741,277.89354,269.44402,262.57829,257.31196,253.53087,251.04225,249.62948,249.09932,249.31464,250.21016,251.79154,254.12013,257.28653,261.37688,266.4372,272.44223,279.27566,286.72734,219.6671432983497,226.63624539187373,4692.76524,815.0170699999999,3442.2049000000006,-55.68804
827,827,827.0,827.0,827.0,827.0,827.0,827.0,827.0,827.0,827.0,827.0,827.0,827.0,827.0,827.0,827.0,827.0,827.0,827.0,827.0,827.0,827.0,827.0,7.0,0.7,227.24306,234.3252,240.50299,245.51166,249.26009,251.82085,253.38892,254.22301,254.584,254.68263,254.64348,254.48803,254.13657,253.42767,252.15292,250.10323,247.12047,243.14487,238.2473,232.63647,257.0586241307556,227.7127901038839,5507.78231,953.4049400000004,2627.1878300000008,-61.17914999999999
828,828,828.0,828.0,828.0,828.0,828.0,828.0,828.0,828.0,828.0,828.0,828.0,828.0,828.0,828.0,828.0,828.0,828.0,828.0,828.0,828.0,828.0,828.0,8.0,0.8,255.45022,253.99124,252.80177,251.95077,251.44656,251.24058,251.24123,251.3327,251.3933,251.30959,250.9849,250.34286,249.32788,247.90442,246.05655,243.78831,241.12439,238.11055,234.81277,231.31462,249.3576475923928,316.0777056387309,6461.18725,951.1763099999998,1673.7828900000004,-61.759420000000006
829,829,829.0,829.0,829.0,829.0,829.0,829.0,829.0,829.0,829.0,829.0,829.0,829.0,829.0,829.0,829.0,829.0,829.0,829.0,829.0,829.0,829.0,829.0,9.0,0.9,249.78256,250.17195,250.49521,250.73067,250.8682,250.91107,250.87808,250.80753,250.76403,250.84803,251.20613,252.03838,253.5974,256.17398,260.06576,265.52958,272.72407,281.65479,292.13719,303.79166,362.8075499170983,268.6265973190762,7412.36356,722.6065800000006,722.6065800000006,-62.088930000000005
830,830,830.0,830.0,830.0,830.0,830.0,830.0,830.0,830.0,830.0,830.0,830.0,830.0,830.0,830.0,830.0,830.0,830.0,830.0,830.0,830.0,830.0,830.0,0.0,0.0,273.0,273.0,273.0,273.0,273.0,273.0,273.0,273.0,273.0,273.0,273.0,273.0,273.0,273.0,273.0,273.0,273.0,273.0,273.0,273.0,333.0238175053694,326.77515984066906,0.0,397.28414,1533.93615,0.5783599999999751
831,831,831.0,831.0,831.0,831.0,831.0,831.0,831.0,831.0,831.0,831.0,831.0,831.0,831.0,831.0,831.0,831.0,831.0,831.0,831.0,831.0,831.0,831.0,1.0,0.1,322.79459,313.0331,304.14377,296.4192,290.01658,284.96182,281.17713,278.52252,276.841,275.99849,275.9127,276.56812,278.01631,280.36172,283.73463,288.25389,293.98532,300.90348,308.86634,317.61112,287.07992738006936,339.7996696838031,397.28414,246.29538,1136.65201,0.5783599999999751
832,832,832.0,832.0,832.0,832.0,832.0,832.0,832.0,832.0,832.0,832.0,832.0,832.0,832.0,832.0,832.0,832.0,832.0,832.0,832.0,832.0,832.0,832.0,2.0,0.2,287.7437,288.23448,288.41872,288.23197,287.69203,286.89467,285.99537,285.18415,284.6606,284.61414,285.21176,286.59228,288.86441,292.1056,296.35904,301.62814,307.86928,314.98539,322.82314,331.1768,277.7711173160681,332.6690987871769,643.57952,163.09312999999997,890.35663,0.5783599999999751
833,833,833.0,833.0,833.0,833.0,833.0,833.0,833.0,833.0,833.0,833.0,833.0,833.0,833.0,833.0,833.0,833.0,833.0,833.0,833.0,833.0,833.0,833.0,3.0,0.3,279.37006,280.89593,282.29122,283.52652,284.60744,285.57554,286.50347,287.48598,288.6286,290.03605,291.80168,293.99899,296.67574,299.85098,303.5151,307.63268,312.14755,316.98902,322.07811,327.33241,258.3300231776976,369.4397499221189,806.67265,125.85699,727.2635,0.5783599999999751
834,834,834.0,834.0,834.0,834.0,834.0,834.0,834.0,834.0,834.0,834.0,834.0,834.0,834.0,834.0,834.0,834.0,834.0,834.0,834.0,834.0,834.0,834.0,4.0,0.4,262.97901,267.48039,271.71036,275.58765,279.08392,282.22507,285.08484,287.77421,290.43014,293.20601,296.26513,299.77598,303.90727,308.8199,314.65373,321.50891,329.4241,338.35627,348.16843,358.63102,310.1368012287901,362.6188613877053,932.52964,77.63080000000002,601.40651,0.5783599999999751
835,835,835.0,835.0,835.0,835.0,835.0,835.0,835.0,835.0,835.0,835.0,835.0,835.0,835.0,835.0,835.0,835.0,835.0,835.0,835.0,835.0,835.0,835.0,5.0,0.5,305.18009,300.60126,296.72841,293.80195,291.95709,291.22781,291.56823,292.88317,295.05891,297.98708,301.57839,305.76614,310.50198,315.74755,321.4656,327.61296,334.13675,340.97377,348.05221,355.29428,250.3084076673796,316.1219322626613,1010.16044,43.31482999999992,523.77571,0.5783599999999751
836,836,836.0,836.0,836.0,836.0,836.0,836.0,836.0,836.0,836.0,836.0,836.0,836.0,836.0,836.0,836.0,836.0,836.0,836.0,836.0,836.0,836.0,836.0,6.0,0.6,258.06224,265.50186,272.36784,278.49653,283.83786,288.44792,292.46073,296.04832,299.37903,302.58228,305.72456,308.79878,311.72706,314.37591,316.58229,318.18772,319.07571,319.20569,318.63553,317.52572,292.5239411937796,264.59777795165803,1053.47527,74.54665,480.4608800000001,0.5783599999999751
837,837,837.0,837.0,837.0,837.0,837.0,837.0,837.0,837.0,837.0,837.0,837.0,837.0,837.0,837.0,837.0,837.0,837.0,837.0,837.0,837.0,837.0,837.0,7.0,0.7,291.32781,290.37239,289.85931,289.92105,290.60585,291.87847,293.63325,295.71311,297.92782,300.06721,301.9084,303.21913,303.76181,303.30326,301.63339,298.59342,294.10948,288.22417,281.11619,273.09953,334.24976165849097,360.697582643094,1128.02192,104.66757000000008,405.9142300000001,0.5783599999999751
838,838,838.0,838.0,838.0,838.0,838.0,838.0,838.0,838.0,838.0,838.0,838.0,838.0,838.0,838.0,838.0,838.0,838.0,838.0,838.0,838.0,838.0,838.0,8.0,0.8,327.25107,320.62782,314.70388,309.71123,305.76925,302.88615,300.98024,299.91491,299.54001,299.73247,300.43048,301.65628,303.5235,306.22519,310.00101,315.08539,321.64423,329.71308,339.15334,349.64132,346.62845015127635,217.0403220445304,1232.68949,87.42648000000008,301.24666,0.5783599999999751
839,839,839.0,839.0,839.0,839.0,839.0,839.0,839.0,839.0,839.0,839.0,839.0,839.0,839.0,839.0,839.0,839.0,839.0,839.0,839.0,839.0,839.0,839.0,9.0,0.9,339.92834,333.46439,327.45078,322.06131,317.41677,313.57836,310.54537,308.25418,306.57546,305.30819,304.1718,302.80095,300.75058,297.51932,292.59752,285.53962,276.05184,264.0766,249.8498,233.90887,276.1612759831749,183.54903194278825,1320.11597,213.82018,213.82018,0.5783599999999751
840,840,840.0,840.0,840.0,840.0,840.0,840.0,840.0,840.0,840.0,840.0,840.0,840.0,840.0,840.0,840.0,840.0,840.0,840.0,840.0,840.0,840.0,840.0,0.0,0.0,273.0,273.0,273.0,273.0,273.0,273.0,273.0,273.0,273.0,273.0,273.0,273.0,273.0,273.0,273.0,273.0,273.0,273.0,273.0,273.0,196.2177743590284,182.9925296885922,0.0,551.23138,7861.71696,-40.0
841,841,841.0,841.0,841.0,841.0,841.0,841.0,841.0,841.0,841.0,841.0,841.0,841.0,841.0,841.0,841.0,841.0,841.0,841.0,841.0,841.0,841.0,841.0,1.0,0.1,209.30246,221.78841,233.15768,243.03485,251.21671,257.66612,262.47562,265.81257,267.85918,268.75893,268.57735,267.28164,264.74117,260.74981,255.06876,247.48599,237.88355,226.29963,212.9695,198.33168,190.63570640763007,286.71832357275184,551.23138,863.0830100000001,7310.48558,-55.33388000000002
842,842,842.0,842.0,842.0,842.0,842.0,842.0,842.0,842.0,842.0,842.0,842.0,842.0,842.0,842.0,842.0,842.0,842.0,842.0,842.0,842.0,842.0,842.0,2.0,0.2,200.72339,210.52718,219.78176,228.25634,235.76653,242.18143,247.42719,251.48883,254.41253,256.30961,257.3617,257.82411,258.02251,258.33697,259.16884,260.89018,263.78191,267.97321,273.3993,279.79294,252.47460346358736,261.4618182248209,1414.31439,914.40866,6447.402569999999,-70.81857
843,843,843.0,843.0,843.0,843.0,843.0,843.0,843.0,843.0,843.0,843.0,843.0,843.0,843.0,843.0,843.0,843.0,843.0,843.0,843.0,843.0,843.0,843.0,3.0,0.3,249.74881,247.35237,245.55743,244.53627,244.34268,244.91944,246.12651,247.77958,249.68802,251.68359,253.63569,255.45363,257.07977,258.47872,259.62798,260.51343,261.13057,261.49003,261.62379,261.58832,307.6900072338104,182.9203821396877,2328.72305,892.8190500000001,5532.993909999999,-68.08055999999999
844,844,844.0,844.0,844.0,844.0,844.0,844.0,844.0,844.0,844.0,844.0,844.0,844.0,844.0,844.0,844.0,844.0,844.0,844.0,844.0,844.0,844.0,844.0,4.0,0.4,297.36984,287.56145,278.70891,271.13511,265.01198,260.35702,257.05138,254.87029,253.51558,252.64282,251.87985,250.83846,249.12482,246.35527,242.18296,236.33658,228.66667,219.18916,208.11282,195.83801,205.26037009614976,312.1228543304203,3221.5421,957.5086399999996,4640.174859999999,-52.64298000000002
845,845,845.0,845.0,845.0,845.0,845.0,845.0,845.0,845.0,845.0,845.0,845.0,845.0,845.0,845.0,845.0,845.0,845.0,845.0,845.0,845.0,845.0,845.0,5.0,0.5,215.59871,225.30471,233.8406,240.83497,246.1168,249.70919,251.79188,252.64971,252.6244,252.08211,251.40072,250.97193,251.20697,252.5325,255.36583,260.06571,266.86497,275.80097,286.66588,298.99763,206.64282874593263,278.34235999008393,4179.05074,919.9094600000008,3682.66622,-63.29080999999999
846,846,846.0,846.0,846.0,846.0,846.0,846.0,846.0,846.0,846.0,846.0,846.0,846.0,846.0,846.0,846.0,846.0,846.0,846.0,846.0,846.0,846.0,846.0,6.0,0.6,212.95143,219.08259,224.8753,230.19981,234.96923,239.14668,242.74714,245.83346,248.50692,250.89291,253.12365,255.32004,257.57567,259.94607,262.44565,265.05343,267.72628,270.41645,273.08794,275.72689,371.59934297203966,180.6716646190909,5098.9602,896.4430299999995,2762.75676,-73.85332
847,847,847.0,847.0,847.0,847.0,847.0,847.0,847.0,847.0,847.0,847.0,847.0,847.0,847.0,847.0,847.0,847.0,847.0,847.0,847.0,847.0,847.0,847.0,7.0,0.7,348.55232,326.71506,307.12598,290.51994,277.26142,267.34911,260.47832,256.13463,253.69037,252.48238,251.86105,251.21326,249.9701,247.61365,243.69492,237.86828,229.93879,219.91024,208.01662,194.72082,365.7851971546744,248.5075011049004,5995.40323,842.2576900000004,1866.31373,-45.65089
848,848,848.0,848.0,848.0,848.0,848.0,848.0,848.0,848.0,848.0,848.0,848.0,848.0,848.0,848.0,848.0,848.0,848.0,848.0,848.0,848.0,848.0,848.0,8.0,0.8,351.1996,336.95952,323.38436,310.74375,299.23867,288.98968,280.03399,272.33231,265.78545,260.25872,255.61098,251.72328,248.52138,245.98628,244.14859,243.06608,242.78837,243.31736,244.57508,246.3899,371.4551690021874,330.42088207797883,6837.66092,641.8088799999996,1024.0560399999997,-24.01031999999998
849,849,849.0,849.0,849.0,849.0,849.0,849.0,849.0,849.0,849.0,849.0,849.0,849.0,849.0,849.0,849.0,849.0,849.0,849.0,849.0,849.0,849.0,849.0,9.0,0.9,358.55602,345.87846,333.63053,321.99572,311.12652,301.14368,292.14143,284.19813,277.39071,271.81097,267.58055,264.86045,263.85063,264.77504,267.84981,273.23609,280.98427,290.98179,302.91943,316.28924,197.1361392470592,281.97207423026725,7479.4698,382.2471599999999,382.2471599999999,-11.856319999999982
850,850,850.0,850.0,850.0,850.0,850.0,850.0,850.0,850.0,850.0,850.0,850.0,850.0,850.0,850.0,850.0,850.0,850.0,850.0,850.0,850.0,850.0,850.0,0.0,0.0,273.0,273.0,273.0,273.0,273.0,273.0,273.0,273.0,273.0,273.0,273.0,273.0,273.0,273.0,273.0,273.0,273.0,273.0,273.0,273.0,238.0094510620028,211.96579122219896,0.0,503.85043,6823.69991,-40.0
851,851,851.0,851.0,851.0,851.0,851.0,851.0,851.0,851.0,851.0,851.0,851.0,851.0,851.0,851.0,851.0,851.0,851.0,851.0,851.0,851.0,851.0,851.0,1.0,0.1,243.97188,249.66103,254.84028,259.33753,263.05819,265.9816,268.14332,269.60854,270.44274,270.68485,270.3273,269.30543,267.49871,264.74478,260.86674,255.71147,249.19339,241.33517,232.29454,222.36786,286.41712735317094,335.7864405106106,503.85043,597.82745,6319.84948,-47.01839999999999
852,852,852.0,852.0,852.0,852.0,852.0,852.0,852.0,852.0,852.0,852.0,852.0,852.0,852.0,852.0,852.0,852.0,852.0,852.0,852.0,852.0,852.0,852.0,2.0,0.2,282.29908,278.44272,275.06411,272.2995,270.19081,268.69305,267.70068,267.08608,266.74238,266.62348,266.77534,267.35375,268.62371,270.93641,274.68158,280.21766,287.78939,297.44929,309.00387,322.00366,249.5153314901885,293.7060251464702,1101.67788,445.8552,5722.02203,-44.30694999999997
853,853,853.0,853.0,853.0,853.0,853.0,853.0,853.0,853.0,853.0,853.0,853.0,853.0,853.0,853.0,853.0,853.0,853.0,853.0,853.0,853.0,853.0,853.0,3.0,0.3,253.19503,256.67261,259.78154,262.41827,264.55557,266.24049,267.57951,268.71562,269.80298,270.98337,272.36716,274.02016,275.9572,278.14314,280.50192,282.93333,285.33542,287.62826,289.77294,291.78037,224.5727426400192,178.1298645824788,1547.53308,522.10805,5276.16683,-46.75950999999998
854,854,854.0,854.0,854.0,854.0,854.0,854.0,854.0,854.0,854.0,854.0,854.0,854.0,854.0,854.0,854.0,854.0,854.0,854.0,854.0,854.0,854.0,854.0,4.0,0.4,231.44182,238.07231,244.25604,249.83853,254.72949,258.89883,262.3592,265.13876,267.24908,268.65345,269.24071,268.81025,267.07369,263.67835,258.25497,250.48682,240.19073,227.39295,212.37936,195.70156,262.81485159432594,285.0056592598046,2069.64113,745.7400299999999,4754.05878,-54.101170000000025
855,855,855.0,855.0,855.0,855.0,855.0,855.0,855.0,855.0,855.0,855.0,855.0,855.0,855.0,855.0,855.0,855.0,855.0,855.0,855.0,855.0,855.0,855.0,5.0,0.5,261.47652,260.31672,259.47635,259.03019,258.97397,259.22915,259.66301,260.11927,260.45319,260.56599,260.4338,260.12703,259.81597,259.75812,260.26471,261.64749,264.15274,267.89607,272.81517,278.65667,277.4502561486819,259.2315252280492,2815.38116,685.9489100000001,4008.31875,-53.77085
856,856,856.0,856.0,856.0,856.0,856.0,856.0,856.0,856.0,856.0,856.0,856.0,856.0,856.0,856.0,856.0,856.0,856.0,856.0,856.0,856.0,856.0,856.0,6.0,0.6,274.4328,271.55753,268.9479,266.69411,264.84582,263.41275,262.37173,261.67737,261.27298,261.0989,261.09689,261.21059,261.38369,261.558,261.67401,261.67524,261.51626,261.17247,260.64824,259.97992,215.41553180033227,208.1770255572796,3501.33007,732.6523500000003,3322.3698400000003,-49.58724999999998
857,857,857.0,857.0,857.0,857.0,857.0,857.0,857.0,857.0,857.0,857.0,857.0,857.0,857.0,857.0,857.0,857.0,857.0,857.0,857.0,857.0,857.0,857.0,7.0,0.7,223.89484,231.94339,239.19225,245.38126,250.38088,254.18636,256.88893,258.63345,259.57339,259.83191,259.47481,258.49788,256.82901,254.34446,250.89739,246.35557,240.64276,233.77596,225.88954,217.23848,317.66909887954745,214.2518465746636,4233.98242,902.6320999999998,2589.71749,-58.81363999999999
858,858,858.0,858.0,858.0,858.0,858.0,858.0,858.0,858.0,858.0,858.0,858.0,858.0,858.0,858.0,858.0,858.0,858.0,858.0,858.0,858.0,858.0,858.0,8.0,0.8,305.97497,294.91477,285.02226,276.65452,269.95517,264.86084,261.14302,258.46953,256.46867,254.78295,253.10551,251.19863,248.89785,246.10672,242.78687,238.94673,234.63062,229.90914,224.87094,219.61625,202.3809457681052,287.75754815258847,5136.61452,904.4909799999996,1687.0853900000002,-48.13916
859,859,859.0,859.0,859.0,859.0,859.0,859.0,859.0,859.0,859.0,859.0,859.0,859.0,859.0,859.0,859.0,859.0,859.0,859.0,859.0,859.0,859.0,859.0,9.0,0.9,214.01173,224.9254,234.51193,242.34998,248.24577,252.22595,254.49449,255.37153,255.23332,254.46718,253.44686,252.52544,252.03712,252.29694,253.58988,256.14561,260.10196,265.46683,272.09149,279.66803,331.35454521399663,332.903328943309,6041.1055,782.5944100000006,782.5944100000006,-60.77404999999999
860,860,860.0,860.0,860.0,860.0,860.0,860.0,860.0,860.0,860.0,860.0,860.0,860.0,860.0,860.0,860.0,860.0,860.0,860.0,860.0,860.0,860.0,860.0,0.0,0.0,273.0,273.0,273.0,273.0,273.0,273.0,273.0,273.0,273.0,273.0,273.0,273.0,273.0,273.0,273.0,273.0,273.0,273.0,273.0,273.0,241.46046311532635,281.34293366910225,0.0,459.72856,6466.963740000001,-40.0
861,861,861.0,861.0,861.0,861.0,861.0,861.0,861.0,861.0,861.0,861.0,861.0,861.0,861.0,861.0,861.0,861.0,861.0,861.0,861.0,861.0,861.0,861.0,1.0,0.1,246.8364,251.96716,256.64131,260.7071,264.08574,266.77042,268.81407,270.31041,271.37405,272.12377,272.67133,273.1157,273.54137,274.0185,274.60314,275.33627,276.24153,277.32262,278.56168,279.92015,327.7349342913982,192.3275142252678,459.72856,503.73348,6007.235180000001,-46.22958
862,862,862.0,862.0,862.0,862.0,862.0,862.0,862.0,862.0,862.0,862.0,862.0,862.0,862.0,862.0,862.0,862.0,862.0,862.0,862.0,862.0,862.0,862.0,2.0,0.2,316.85395,306.55746,297.34353,289.55727,283.35737,278.7186,275.46265,273.30347,271.89254,270.85304,269.79939,268.34462,266.10389,262.70342,257.80268,251.1322,242.5423,232.05134,219.87774,206.44151,184.28845393439505,230.7342417064717,963.46204,661.55993,5503.501700000001,-34.28140000000002
863,863,863.0,863.0,863.0,863.0,863.0,863.0,863.0,863.0,863.0,863.0,863.0,863.0,863.0,863.0,863.0,863.0,863.0,863.0,863.0,863.0,863.0,863.0,3.0,0.3,201.33734,217.43891,231.78161,243.79256,253.18563,259.95004,264.29159,266.5492,267.11148,266.35194,264.59189,262.0901,259.05133,255.64291,252.00938,248.27894,244.55991,240.93064,237.42862,234.0458,189.55617330622067,338.7500735791143,1625.02197,838.9571400000002,4841.94177,-53.04996
864,864,864.0,864.0,864.0,864.0,864.0,864.0,864.0,864.0,864.0,864.0,864.0,864.0,864.0,864.0,864.0,864.0,864.0,864.0,864.0,864.0,864.0,864.0,4.0,0.4,199.74496,209.6436,218.9801,227.51798,235.07182,241.52054,246.8181,251.00172,254.19785,256.6258,258.59792,260.51356,262.84262,266.09397,270.76603,277.28074,285.90946,296.70518,309.45977,323.70278,318.8927359925169,285.7386690973623,2463.97911,714.5900199999996,4002.98463,-71.47945999999999
865,865,865.0,865.0,865.0,865.0,865.0,865.0,865.0,865.0,865.0,865.0,865.0,865.0,865.0,865.0,865.0,865.0,865.0,865.0,865.0,865.0,865.0,865.0,5.0,0.5,304.80935,291.59745,280.0014,270.54204,263.47109,258.78124,256.26062,255.57062,256.3239,258.14506,260.70535,263.73223,267.00174,270.32435,273.53456,276.49058,279.08487,281.26121,283.03018,284.47452,192.23402225734336,371.3726178083504,3178.56913,551.88391,3288.3946100000003,-54.218759999999975
866,866,866.0,866.0,866.0,866.0,866.0,866.0,866.0,866.0,866.0,866.0,866.0,866.0,866.0,866.0,866.0,866.0,866.0,866.0,866.0,866.0,866.0,866.0,6.0,0.6,205.14612,217.36886,228.32715,237.64646,245.19282,251.0628,255.53465,259.00027,261.89912,264.66913,267.72078,271.43068,276.14504,282.18081,289.81457,299.25506,310.60273,323.80725,338.63783,354.68088,216.5511541479489,214.72882066318985,3730.45304,571.0489000000002,2736.5107000000003,-61.93719999999999
867,867,867.0,867.0,867.0,867.0,867.0,867.0,867.0,867.0,867.0,867.0,867.0,867.0,867.0,867.0,867.0,867.0,867.0,867.0,867.0,867.0,867.0,867.0,7.0,0.7,221.46709,226.39889,231.35433,236.32806,241.3009,246.24248,251.11375,255.8651,260.4268,264.69093,268.4882,271.5667,273.58315,274.11713,272.71585,268.96954,262.60676,253.58895,242.17698,228.94508,174.6889387134633,330.15043752800045,4301.50194,767.5511500000002,2165.4618,-66.75752
868,868,868.0,868.0,868.0,868.0,868.0,868.0,868.0,868.0,868.0,868.0,868.0,868.0,868.0,868.0,868.0,868.0,868.0,868.0,868.0,868.0,868.0,868.0,8.0,0.8,186.6476,198.25302,209.19387,219.233,228.22384,236.10998,242.91229,248.71103,253.63085,257.83391,261.52205,264.94427,268.4017,272.24114,276.82971,282.50855,289.53132,298.00108,307.82427,318.69941,227.0040845083905,316.3201597722583,5069.05309,791.6509799999994,1397.9106499999998,-76.89001999999999
869,869,869.0,869.0,869.0,869.0,869.0,869.0,869.0,869.0,869.0,869.0,869.0,869.0,869.0,869.0,869.0,869.0,869.0,869.0,869.0,869.0,869.0,869.0,9.0,0.9,227.64307,228.54949,229.94531,231.97349,234.68413,238.04184,241.94972,246.28134,250.91171,255.74008,260.70119,265.76524,270.92942,276.20547,281.60729,287.14179,292.80452,298.5797,304.44326,310.36671,328.4954306602432,340.04744669073284,5860.70407,606.2596700000004,606.2596700000004,-74.95815999999999
870,870,870.0,870.0,870.0,870.0,870.0,870.0,870.0,870.0,870.0,870.0,870.0,870.0,870.0,870.0,870.0,870.0,870.0,870.0,870.0,870.0,870.0,870.0,0.0,0.0,273.0,273.0,273.0,273.0,273.0,273.0,273.0,273.0,273.0,273.0,273.0,273.0,273.0,273.0,273.0,273.0,273.0,273.0,273.0,273.0,356.35776489906186,294.3490283707389,0.0,407.21027,2553.4444600000006,0.7213800000000106
871,871,871.0,871.0,871.0,871.0,871.0,871.0,871.0,871.0,871.0,871.0,871.0,871.0,871.0,871.0,871.0,871.0,871.0,871.0,871.0,871.0,871.0,871.0,1.0,0.1,342.15063,328.5921,316.2423,305.50472,296.59215,289.53063,284.19455,280.36013,277.76254,276.14512,275.29377,275.05461,275.33668,276.10281,277.35247,279.10004,281.35204,284.08722,287.24316,290.71232,354.4305746588778,270.76699009410186,407.21027,310.97877,2146.2341900000006,0.7213800000000106
872,872,872.0,872.0,872.0,872.0,872.0,872.0,872.0,872.0,872.0,872.0,872.0,872.0,872.0,872.0,872.0,872.0,872.0,872.0,872.0,872.0,872.0,872.0,2.0,0.2,344.71757,335.22734,326.16932,317.72742,310.05023,303.24429,297.37068,292.4448,288.43881,285.28573,282.8848,281.10763,279.80545,278.81828,277.98639,277.16433,276.23604,275.1285,273.82033,272.34214,356.6973849497327,291.7115072139903,718.18904,276.81361000000004,1835.2554200000004,0.7213800000000106
873,873,873.0,873.0,873.0,873.0,873.0,873.0,873.0,873.0,873.0,873.0,873.0,873.0,873.0,873.0,873.0,873.0,873.0,873.0,873.0,873.0,873.0,873.0,3.0,0.3,348.41686,340.28014,332.42285,324.96525,318.00691,311.62374,305.86755,300.76799,296.33653,292.57195,289.46645,287.01139,285.2013,284.03469,283.51079,283.62199,284.34331,285.62132,287.36613,289.44959,338.801459651037,186.4897390067117,995.00265,272.05661999999995,1558.4418100000005,0.7213800000000106
874,874,874.0,874.0,874.0,874.0,874.0,874.0,874.0,874.0,874.0,874.0,874.0,874.0,874.0,874.0,874.0,874.0,874.0,874.0,874.0,874.0,874.0,874.0,4.0,0.4,334.79324,330.73564,326.59448,322.36128,318.05613,313.72138,309.40726,305.15172,300.95753,296.76993,292.45868,287.80841,282.52241,276.24416,268.59943,259.25696,247.99968,234.79183,219.82376,203.51825,310.1187145021512,361.3767909664882,1267.05927,314.70577000000003,1286.3851900000002,0.7213800000000106
875,875,875.0,875.0,875.0,875.0,875.0,875.0,875.0,875.0,875.0,875.0,875.0,875.0,875.0,875.0,875.0,875.0,875.0,875.0,875.0,875.0,875.0,875.0,5.0,0.5,310.80798,311.26274,311.27897,310.70714,309.46565,307.54364,304.99649,301.94001,298.54871,295.06133,291.7921,289.14164,287.59711,287.71022,290.04476,295.09292,303.17147,314.32003,328.23091,344.23771,270.58474889109664,369.89501623225897,1581.76504,128.5958599999999,971.6794200000002,0.7213800000000106
876,876,876.0,876.0,876.0,876.0,876.0,876.0,876.0,876.0,876.0,876.0,876.0,876.0,876.0,876.0,876.0,876.0,876.0,876.0,876.0,876.0,876.0,876.0,6.0,0.6,276.59604,282.24262,287.2122,291.28715,294.36941,296.48568,297.77574,298.4694,298.85854,299.26943,300.03791,301.48788,303.91193,307.55284,312.58541,319.09925,327.08475,336.42499,346.8968,358.18285,197.24266487007696,354.0770104964358,1710.3609,74.21964000000003,843.0835600000003,0.7213800000000106
877,877,877.0,877.0,877.0,877.0,877.0,877.0,877.0,877.0,877.0,877.0,877.0,877.0,877.0,877.0,877.0,877.0,877.0,877.0,877.0,877.0,877.0,877.0,7.0,0.7,213.65794,229.41429,243.94271,256.8348,267.88101,277.07232,284.57067,290.65954,295.68775,300.01761,303.98395,307.8668,311.87692,316.15225,320.76281,325.72173,330.99994,336.54214,342.28107,348.14787,279.5967693812402,199.99805277888544,1784.58054,131.0236500000001,768.8639200000002,0.7213800000000106
878,878,878.0,878.0,878.0,878.0,878.0,878.0,878.0,878.0,878.0,878.0,878.0,878.0,878.0,878.0,878.0,878.0,878.0,878.0,878.0,878.0,878.0,878.0,8.0,0.8,277.85108,276.52332,275.95944,276.37876,277.84792,280.28488,283.48511,287.15672,290.95114,294.48051,297.32092,299.0077,299.03504,296.87309,292.01252,284.03794,272.72022,258.10678,240.58243,220.87577,363.0458290706574,191.34909487320448,1915.60419,273.30729999999994,637.8402700000001,0.7213800000000106
879,879,879.0,879.0,879.0,879.0,879.0,879.0,879.0,879.0,879.0,879.0,879.0,879.0,879.0,879.0,879.0,879.0,879.0,879.0,879.0,879.0,879.0,879.0,9.0,0.9,349.24364,336.16075,324.41234,314.42712,306.40176,300.29666,295.86666,292.71424,290.35038,288.25149,285.90556,282.84633,278.67727,273.08912,265.87361,256.93474,246.29678,234.10684,220.62921,206.22965,236.50866515154425,346.3514523511867,2188.91149,364.5329700000002,364.5329700000002,0.7213800000000106
880,880,880.0,880.0,880.0,880.0,880.0,880.0,880.0,880.0,880.0,880.0,880.0,880.0,880.0,880.0,880.0,880.0,880.0,880.0,880.0,880.0,880.0,880.0,0.0,0.0,273.0,273.0,273.0,273.0,273.0,273.0,273.0,273.0,273.0,273.0,273.0,273.0,273.0,273.0,273.0,273.0,273.0,273.0,273.0,273.0,181.26260548199767,272.16640891707004,0.0,504.97464,5213.48053,-40.0
881,881,881.0,881.0,881.0,881.0,881.0,881.0,881.0,881.0,881.0,881.0,881.0,881.0,881.0,881.0,881.0,881.0,881.0,881.0,881.0,881.0,881.0,881.0,1.0,0.1,196.89846,211.82093,225.41425,237.23561,247.05307,254.8422,260.7487,265.03139,268.00159,269.9717,271.21977,271.97137,272.39569,272.61106,272.69514,272.69619,272.64305,272.55312,272.43786,272.30621,314.9321412298321,343.9703247599549,504.97464,552.9858800000001,4708.505889999999,-58.15780000000001
882,882,882.0,882.0,882.0,882.0,882.0,882.0,882.0,882.0,882.0,882.0,882.0,882.0,882.0,882.0,882.0,882.0,882.0,882.0,882.0,882.0,882.0,882.0,2.0,0.2,303.23835,292.33066,282.87104,275.30408,269.81535,266.34593,264.65261,264.39342,265.21637,266.83316,269.06764,271.87576,275.33891,279.63455,284.98902,291.61869,299.66766,309.15306,319.9299,331.68581,322.7901328146739,177.37947216593275,1057.96052,396.41302,4155.520009999999,-46.65406999999999
883,883,883.0,883.0,883.0,883.0,883.0,883.0,883.0,883.0,883.0,883.0,883.0,883.0,883.0,883.0,883.0,883.0,883.0,883.0,883.0,883.0,883.0,883.0,3.0,0.3,314.46399,306.45074,299.03653,292.45761,286.88325,282.40521,279.03238,276.68784,275.20537,274.32397,273.68169,272.81351,271.16148,268.10599,263.02496,255.38036,244.82131,231.2825,215.04993,196.76867,290.7510439002978,231.49937398757007,1454.37354,544.9484199999999,3759.1069899999993,-30.59478999999999
884,884,884.0,884.0,884.0,884.0,884.0,884.0,884.0,884.0,884.0,884.0,884.0,884.0,884.0,884.0,884.0,884.0,884.0,884.0,884.0,884.0,884.0,884.0,4.0,0.4,290.11782,289.35797,288.36691,287.07746,285.46385,283.53453,281.31682,278.83974,276.12082,273.16137,269.95138,266.48194,262.7606,258.82351,254.73906,250.59997,246.50469,242.53319,238.72494,235.06729,325.0290928313277,296.9102267112696,1999.32196,547.1219800000001,3214.15857,-29.465469999999986
885,885,885.0,885.0,885.0,885.0,885.0,885.0,885.0,885.0,885.0,885.0,885.0,885.0,885.0,885.0,885.0,885.0,885.0,885.0,885.0,885.0,885.0,885.0,5.0,0.5,317.78204,310.75718,304.14331,298.07086,292.60086,287.72981,283.40788,279.56548,276.14233,273.11369,270.50984,268.42564,267.01799,266.48949,267.05797,268.91408,272.17304,276.83002,282.73088,289.56857,244.40237224669755,197.2849491289828,2546.44394,472.7186099999999,2667.03659,-25.270190000000014
886,886,886.0,886.0,886.0,886.0,886.0,886.0,886.0,886.0,886.0,886.0,886.0,886.0,886.0,886.0,886.0,886.0,886.0,886.0,886.0,886.0,886.0,886.0,6.0,0.6,252.31243,259.68191,266.05181,271.10698,274.70563,276.87253,277.76152,277.59929,276.62373,275.02838,272.92062,270.29801,267.04531,262.95336,257.75968,251.20732,243.11383,233.43678,222.31932,210.10082,204.5896725446732,280.3735774089748,3019.16255,641.1793899999998,2194.31798,-36.12747000000002
887,887,887.0,887.0,887.0,887.0,887.0,887.0,887.0,887.0,887.0,887.0,887.0,887.0,887.0,887.0,887.0,887.0,887.0,887.0,887.0,887.0,887.0,887.0,7.0,0.7,215.97447,226.8662,236.82603,245.51255,252.70656,258.31531,262.35993,264.95325,266.27608,266.55836,266.0676,265.10319,263.99154,263.07549,262.69263,263.14045,264.63234,267.25362,270.93106,275.42822,281.54123971186215,329.0728585148088,3660.34194,637.12372,1553.13859,-54.68468999999999
888,888,888.0,888.0,888.0,888.0,888.0,888.0,888.0,888.0,888.0,888.0,888.0,888.0,888.0,888.0,888.0,888.0,888.0,888.0,888.0,888.0,888.0,888.0,8.0,0.8,276.38945,271.63353,267.60188,264.50558,262.41819,261.28771,260.97456,261.30337,262.11542,263.31079,264.87396,266.88054,269.48617,272.89964,277.34404,283.01038,290.0102,298.33566,307.836,318.21791,238.3734962241016,312.1448510886885,4297.46566,482.48804999999993,916.01487,-51.71229
889,889,889.0,889.0,889.0,889.0,889.0,889.0,889.0,889.0,889.0,889.0,889.0,889.0,889.0,889.0,889.0,889.0,889.0,889.0,889.0,889.0,889.0,889.0,9.0,0.9,242.88807,247.19287,251.1168,254.55681,257.49149,259.97779,262.13378,264.11378,266.08232,268.19188,270.56703,273.29528,276.42388,279.96129,283.88247,288.13716,292.66009,297.38175,302.23747,307.17295,248.08784055663045,358.45984855632975,4779.95371,433.52682,433.52682,-53.02220999999997
890,890,890.0,890.0,890.0,890.0,890.0,890.0,890.0,890.0,890.0,890.0,890.0,890.0,890.0,890.0,890.0,890.0,890.0,890.0,890.0,890.0,890.0,890.0,0.0,0.0,273.0,273.0,273.0,273.0,273.0,273.0,273.0,273.0,273.0,273.0,273.0,273.0,273.0,273.0,273.0,273.0,273.0,273.0,273.0,273.0,301.3411995542008,334.43740730245696,0.0,404.56846,4456.07819,-40.0
891,891,891.0,891.0,891.0,891.0,891.0,891.0,891.0,891.0,891.0,891.0,891.0,891.0,891.0,891.0,891.0,891.0,891.0,891.0,891.0,891.0,891.0,891.0,1.0,0.1,296.51227,291.90479,287.71076,284.07031,281.06134,278.70288,276.97003,275.81656,275.19997,275.10457,275.55897,276.6453,278.49776,281.28885,285.20272,290.39743,296.96142,304.8731,313.97426,323.96675,344.62190838810034,285.6418663924257,404.56846,270.32089,4051.50973,-34.29712000000001
892,892,892.0,892.0,892.0,892.0,892.0,892.0,892.0,892.0,892.0,892.0,892.0,892.0,892.0,892.0,892.0,892.0,892.0,892.0,892.0,892.0,892.0,892.0,2.0,0.2,333.91863,323.64974,314.19975,305.86431,298.82953,293.17115,288.86997,285.83605,283.93358,283.00037,282.859,283.32082,284.18651,285.24841,286.29898,287.14755,287.64368,287.70174,287.31904,286.57997,273.0804429273601,305.3232249606069,674.88935,224.72691,3781.18884,-19.82884999999999
893,893,893.0,893.0,893.0,893.0,893.0,893.0,893.0,893.0,893.0,893.0,893.0,893.0,893.0,893.0,893.0,893.0,893.0,893.0,893.0,893.0,893.0,893.0,3.0,0.3,277.58322,281.71334,285.16337,287.73996,289.38564,290.17125,290.26513,289.89036,289.28237,288.65611,288.18719,288.00653,288.20454,288.83933,289.94417,291.53092,293.58886,296.08045,298.93741,302.06017,246.99318539168155,217.55717508241327,899.61626,247.45548000000008,3556.46193,-22.828750000000014
894,894,894.0,894.0,894.0,894.0,894.0,894.0,894.0,894.0,894.0,894.0,894.0,894.0,894.0,894.0,894.0,894.0,894.0,894.0,894.0,894.0,894.0,894.0,4.0,0.4,253.9175,260.54866,266.62993,271.96943,276.45494,280.05272,282.79182,284.7378,285.96116,286.50575,286.36199,285.44965,283.61442,280.64196,276.29121,270.3448,262.66938,253.27309,242.34493,230.26192,206.9455911145791,222.60851231276672,1147.07174,443.8802999999998,3309.00645,-32.94727999999998
895,895,895.0,895.0,895.0,895.0,895.0,895.0,895.0,895.0,895.0,895.0,895.0,895.0,895.0,895.0,895.0,895.0,895.0,895.0,895.0,895.0,895.0,895.0,5.0,0.5,218.67905,229.9697,240.42214,249.72535,257.67192,264.1578,269.16566,272.73866,274.9524,275.89144,275.63404,274.24623,271.78361,268.29853,263.8494,258.50961,252.37411,245.56249,238.21868,230.50743,344.45361579780695,304.0585650962022,1590.95204,558.4974600000003,2865.12615,-48.84219999999999
896,896,896.0,896.0,896.0,896.0,896.0,896.0,896.0,896.0,896.0,896.0,896.0,896.0,896.0,896.0,896.0,896.0,896.0,896.0,896.0,896.0,896.0,896.0,6.0,0.6,329.53265,315.46994,302.98797,292.57021,284.41288,278.43764,274.35453,271.75399,270.20423,269.33486,268.89511,268.78229,269.04113,269.83724,271.4092,274.00544,277.81529,282.90621,289.18157,296.37092,295.26500240319206,276.90981293801644,2149.4495,401.59146999999984,2306.62869,-34.56236000000001
897,897,897.0,897.0,897.0,897.0,897.0,897.0,897.0,897.0,897.0,897.0,897.0,897.0,897.0,897.0,897.0,897.0,897.0,897.0,897.0,897.0,897.0,897.0,7.0,0.7,293.79609,292.20887,290.41805,288.39507,286.17634,283.85519,281.56143,279.43528,277.60246,276.15541,275.14245,274.56495,274.38084,274.51316,274.8624,275.32176,275.79378,276.20591,276.5216,276.74393,238.94551637238817,177.5858284480763,2551.04097,445.3595300000002,1905.03722,-29.144810000000007
898,898,898.0,898.0,898.0,898.0,898.0,898.0,898.0,898.0,898.0,898.0,898.0,898.0,898.0,898.0,898.0,898.0,898.0,898.0,898.0,898.0,898.0,898.0,8.0,0.8,246.71736,254.05455,260.584,266.04097,270.29114,273.3246,275.22578,276.12788,276.16241,275.41285,273.87977,271.46229,267.9595,263.09412,256.5585,248.07916,237.49074,224.80436,210.25283,194.29702,337.88460313734083,195.0098493609508,2996.4005,675.7151199999998,1459.67769,-39.675400000000025
899,899,899.0,899.0,899.0,899.0,899.0,899.0,899.0,899.0,899.0,899.0,899.0,899.0,899.0,899.0,899.0,899.0,899.0,899.0,899.0,899.0,899.0,899.0,9.0,0.9,325.97494,314.66158,304.44303,295.64516,288.38476,282.57527,277.96697,274.20681,270.90174,267.67294,264.19425,260.21396,255.56251,250.15014,243.95825,237.02686,229.44024,221.31226,212.77321,203.95989,357.8079856928315,173.61967078666984,3672.11562,783.9625700000001,783.9625700000001,-30.42473000000001
900,900,900.0,900.0,900.0,900.0,900.0,900.0,900.0,900.0,900.0,900.0,900.0,900.0,900.0,900.0,900.0,900.0,900.0,900.0,900.0,900.0,900.0,900.0,0.0,0.0,273.0,273.0,273.0,273.0,273.0,273.0,273.0,273.0,273.0,273.0,273.0,273.0,273.0,273.0,273.0,273.0,273.0,273.0,273.0,273.0,177.97942566538657,208.6110911233642,0.0,546.8632,6908.13025,-40.0
901,901,901.0,901.0,901.0,901.0,901.0,901.0,901.0,901.0,901.0,901.0,901.0,901.0,901.0,901.0,901.0,901.0,901.0,901.0,901.0,901.0,901.0,901.0,1.0,0.1,194.17333,209.62713,223.7012,235.93349,246.07731,254.09547,260.11797,264.37785,267.14182,268.64953,269.07009,268.4795,266.85938,264.11521,260.11135,254.71823,247.86467,239.58549,230.05308,219.58331,265.9613165927024,293.574894089772,546.8632,768.25575,6361.26705,-58.90453
902,902,902.0,902.0,902.0,902.0,902.0,902.0,902.0,902.0,902.0,902.0,902.0,902.0,902.0,902.0,902.0,902.0,902.0,902.0,902.0,902.0,902.0,902.0,2.0,0.2,262.34783,259.13545,256.64845,255.07713,254.45358,254.66365,255.48827,256.66141,257.93046,259.10759,260.10532,260.95304,261.79403,262.86322,264.4472,266.82991,270.23123,274.74984,280.32408,286.72316,276.3605255063612,282.26020225386395,1315.11895,662.0889,5593.0113,-58.33635000000001
903,903,903.0,903.0,903.0,903.0,903.0,903.0,903.0,903.0,903.0,903.0,903.0,903.0,903.0,903.0,903.0,903.0,903.0,903.0,903.0,903.0,903.0,903.0,3.0,0.3,273.03915,269.88831,267.05931,264.66898,262.79117,261.45604,260.65612,260.35695,260.5091,261.05896,261.95632,263.15793,264.6275,266.33331,268.24509,270.33167,272.56031,274.89775,277.31213,279.77469,367.57261715543945,288.3783751308237,1977.20785,534.1357599999999,4930.9224,-51.54396000000003
904,904,904.0,904.0,904.0,904.0,904.0,904.0,904.0,904.0,904.0,904.0,904.0,904.0,904.0,904.0,904.0,904.0,904.0,904.0,904.0,904.0,904.0,904.0,4.0,0.4,349.89809,333.00748,317.58372,304.13028,292.93082,284.0508,277.37425,272.66103,269.6087,267.90598,267.27038,267.46866,268.3223,269.70256,271.51957,273.70908,276.21958,279.00149,281.99966,285.1497,206.6203757775565,185.0714986970229,2511.34361,482.78187000000025,4396.78664,-28.94920000000002
905,905,905.0,905.0,905.0,905.0,905.0,905.0,905.0,905.0,905.0,905.0,905.0,905.0,905.0,905.0,905.0,905.0,905.0,905.0,905.0,905.0,905.0,905.0,5.0,0.5,221.54069,235.50903,247.7247,257.6522,265.07247,270.06528,272.93543,274.10716,274.01403,273.00623,271.2884,268.89254,265.68504,261.40401,255.72163,248.32405,238.99749,227.70514,214.63727,200.2194,335.92006654794216,244.07135743647004,2994.12548,682.1396299999997,3914.00477,-42.93472000000003
906,906,906.0,906.0,906.0,906.0,906.0,906.0,906.0,906.0,906.0,906.0,906.0,906.0,906.0,906.0,906.0,906.0,906.0,906.0,906.0,906.0,906.0,906.0,6.0,0.6,323.12733,311.03537,300.22791,291.08323,283.73381,278.07843,273.83658,270.62638,268.04525,265.73754,263.44036,261.00572,258.4015,255.69489,253.02221,250.54933,248.42771,246.75355,245.5384,244.69915,293.572536286019,192.50493842430683,3676.26511,675.8539800000003,3231.8651400000003,-34.921569999999974
907,907,907.0,907.0,907.0,907.0,907.0,907.0,907.0,907.0,907.0,907.0,907.0,907.0,907.0,907.0,907.0,907.0,907.0,907.0,907.0,907.0,907.0,907.0,7.0,0.7,291.95902,290.20633,288.20332,285.88676,283.2477,280.32341,277.17825,273.8792,270.47207,266.963,263.30758,259.40873,255.1234,250.27808,244.69299,238.21322,230.74312,222.27756,212.92205,202.8945,303.0484752289416,202.50400270182,4352.11909,787.7093599999998,2556.01116,-32.676589999999976
908,908,908.0,908.0,908.0,908.0,908.0,908.0,908.0,908.0,908.0,908.0,908.0,908.0,908.0,908.0,908.0,908.0,908.0,908.0,908.0,908.0,908.0,908.0,8.0,0.8,299.06775,295.1196,291.22811,287.40231,283.63283,279.89204,276.13717,272.31539,268.36948,264.24357,259.88823,255.2649,250.34933,245.13384,239.62782,233.85638,227.85692,221.67452,215.35715,208.95204,266.4960973749064,204.5477482267373,5139.82845,861.7402700000002,1768.3018000000002,-33.10795999999999
909,909,909.0,909.0,909.0,909.0,909.0,909.0,909.0,909.0,909.0,909.0,909.0,909.0,909.0,909.0,909.0,909.0,909.0,909.0,909.0,909.0,909.0,909.0,9.0,0.9,268.823,270.85919,272.35151,273.11334,273.03925,272.10349,270.34554,267.84848,264.71636,261.05559,256.96268,252.51875,247.78914,242.82608,237.67241,232.36469,226.93541,221.41388,215.82659,210.19734,190.6865575008084,325.1957352374891,6001.56872,906.56153,906.56153,-40.89650999999998
910,910,910.0,910.0,910.0,910.0,910.0,910.0,910.0,910.0,910.0,910.0,910.0,910.0,910.0,910.0,910.0,910.0,910.0,910.0,910.0,910.0,910.0,910.0,0.0,0.0,273.0,273.0,273.0,273.0,273.0,273.0,273.0,273.0,273.0,273.0,273.0,273.0,273.0,273.0,273.0,273.0,273.0,273.0,273.0,273.0,294.2651765460173,279.93801618735745,0.0,434.46981,2148.16523,6.2723100000000045
911,911,911.0,911.0,911.0,911.0,911.0,911.0,911.0,911.0,911.0,911.0,911.0,911.0,911.0,911.0,911.0,911.0,911.0,911.0,911.0,911.0,911.0,911.0,1.0,0.1,290.64084,287.18201,284.03164,281.29271,279.01966,277.21939,275.86035,274.88627,274.23094,273.83083,273.63413,273.60527,273.7256,273.99073,274.4056,274.97808,275.71222,276.6022,277.62834,278.756,338.77293642710026,314.092468221446,434.46981,363.9441,1713.69542,6.2723100000000045
912,912,912.0,912.0,912.0,912.0,912.0,912.0,912.0,912.0,912.0,912.0,912.0,912.0,912.0,912.0,912.0,912.0,912.0,912.0,912.0,912.0,912.0,912.0,2.0,0.2,328.62866,318.89243,309.92139,301.9824,295.23195,289.7176,285.39775,282.17276,279.91931,278.52141,277.89322,277.99181,278.81901,280.41306,282.83103,286.12446,290.31197,295.35415,301.13687,307.46835,372.6406226132801,342.0138766565327,798.41391,233.51636000000008,1349.75132,6.2723100000000045
913,913,913.0,913.0,913.0,913.0,913.0,913.0,913.0,913.0,913.0,913.0,913.0,913.0,913.0,913.0,913.0,913.0,913.0,913.0,913.0,913.0,913.0,913.0,3.0,0.3,359.49151,346.77718,334.88798,324.13471,314.72951,306.78476,300.32763,295.32473,291.71036,289.4125,288.37259,288.55672,289.95757,292.58718,296.46163,301.57983,307.89994,315.31832,323.65639,332.66009,368.54964111738366,327.04745885115204,1031.93027,139.38490000000002,1116.23496,6.2723100000000045
914,914,914.0,914.0,914.0,914.0,914.0,914.0,914.0,914.0,914.0,914.0,914.0,914.0,914.0,914.0,914.0,914.0,914.0,914.0,914.0,914.0,914.0,914.0,4.0,0.4,359.30897,350.25214,341.55827,333.39691,325.92308,319.27231,313.55627,308.8591,305.23488,302.70606,301.26284,300.86371,301.43711,302.88495,305.08832,307.9155,311.23155,314.90808,318.83099,322.90408,297.275175547788,289.3384269385919,1171.31517,102.20291999999996,976.85006,6.2723100000000045
915,915,915.0,915.0,915.0,915.0,915.0,915.0,915.0,915.0,915.0,915.0,915.0,915.0,915.0,915.0,915.0,915.0,915.0,915.0,915.0,915.0,915.0,915.0,5.0,0.5,301.902,306.10951,309.54998,312.0016,313.3935,313.79864,313.39999,312.44126,311.17458,309.81555,308.51198,307.32847,306.24661,305.17876,303.99281,302.54435,300.71167,298.42728,295.69933,292.61718,321.449706990924,185.98928103925368,1273.51809,127.24857999999996,874.64714,6.2723100000000045
916,916,916.0,916.0,916.0,916.0,916.0,916.0,916.0,916.0,916.0,916.0,916.0,916.0,916.0,916.0,916.0,916.0,916.0,916.0,916.0,916.0,916.0,916.0,6.0,0.6,319.62746,317.88189,316.27248,314.8284,313.54166,312.36652,311.22235,309.99636,308.5428,306.67764,304.17033,300.73764,296.04634,289.73165,281.43593,270.86676,257.86603,242.47537,224.97888,205.90644,293.11729602695254,347.95141637415406,1400.76667,210.2406800000001,747.3985600000001,6.2723100000000045
917,917,917.0,917.0,917.0,917.0,917.0,917.0,917.0,917.0,917.0,917.0,917.0,917.0,917.0,917.0,917.0,917.0,917.0,917.0,917.0,917.0,917.0,917.0,7.0,0.7,296.34,299.32477,301.85989,303.78031,304.97866,305.40699,305.07273,304.03436,302.40202,300.34563,298.10897,296.02359,294.51255,294.07315,295.23049,298.46133,304.09804,312.23354,322.65433,334.82698,361.2666609816889,211.1692026031776,1611.00735,152.83807000000002,537.15788,6.2723100000000045
918,918,918.0,918.0,918.0,918.0,918.0,918.0,918.0,918.0,918.0,918.0,918.0,918.0,918.0,918.0,918.0,918.0,918.0,918.0,918.0,918.0,918.0,918.0,8.0,0.8,351.25608,341.68765,332.93887,325.27338,318.81721,313.5623,309.39064,306.10709,303.4688,301.20257,299.00799,296.55121,293.45894,289.32493,283.73818,276.33616,266.87619,255.30881,241.83051,226.89474,193.1942130301865,326.2115012392484,1763.84542,214.2256699999998,384.31981,6.2723100000000045
919,919,919.0,919.0,919.0,919.0,919.0,919.0,919.0,919.0,919.0,919.0,919.0,919.0,919.0,919.0,919.0,919.0,919.0,919.0,919.0,919.0,919.0,919.0,9.0,0.9,214.50347,234.63831,252.59079,267.6468,279.44828,287.98461,293.52769,296.53776,297.56907,297.19746,295.97913,294.43771,293.06709,292.3341,292.6671,294.42394,297.84237,302.98608,309.70539,317.631,307.99376322316937,328.42280422762457,1978.07109,170.09414000000015,170.09414000000015,6.2723100000000045
920,920,920.0,920.0,920.0,920.0,920.0,920.0,920.0,920.0,920.0,920.0,920.0,920.0,920.0,920.0,920.0,920.0,920.0,920.0,920.0,920.0,920.0,920.0,0.0,0.0,273.0,273.0,273.0,273.0,273.0,273.0,273.0,273.0,273.0,273.0,273.0,273.0,273.0,273.0,273.0,273.0,273.0,273.0,273.0,273.0,227.3129814741736,351.74107397508874,0.0,434.29318,5458.824119999999,-40.0
921,921,921.0,921.0,921.0,921.0,921.0,921.0,921.0,921.0,921.0,921.0,921.0,921.0,921.0,921.0,921.0,921.0,921.0,921.0,921.0,921.0,921.0,921.0,1.0,0.1,235.10192,242.53702,249.31387,255.21622,260.13662,264.07774,267.13817,269.49047,271.35914,273.00431,274.71265,276.79291,279.57064,283.37525,288.51468,295.23666,303.68153,313.83699,325.50872,338.31915,269.626233742634,231.1446405768625,434.29318,395.11756,5024.53094,-48.92226
922,922,922.0,922.0,922.0,922.0,922.0,922.0,922.0,922.0,922.0,922.0,922.0,922.0,922.0,922.0,922.0,922.0,922.0,922.0,922.0,922.0,922.0,922.0,2.0,0.2,268.0626,266.72476,265.80371,265.4295,265.65929,266.47996,267.82083,269.56908,271.58082,273.68315,275.66765,277.27988,278.21367,278.11955,276.63473,273.43586,268.30772,261.21218,252.33739,242.10775,345.35917208570606,292.50446750243657,829.41074,427.29252,4629.41338,-46.52004
923,923,923.0,923.0,923.0,923.0,923.0,923.0,923.0,923.0,923.0,923.0,923.0,923.0,923.0,923.0,923.0,923.0,923.0,923.0,923.0,923.0,923.0,923.0,3.0,0.3,332.19211,319.67046,308.35154,298.63582,290.73079,284.65154,280.25265,277.28021,275.43053,274.40493,273.95297,273.9008,274.16339,274.7405,275.69739,277.13249,279.13717,281.75526,284.95228,288.60335,224.66299293118743,184.46815822049496,1256.70326,418.98001,4202.12086,-28.34845999999999
924,924,924.0,924.0,924.0,924.0,924.0,924.0,924.0,924.0,924.0,924.0,924.0,924.0,924.0,924.0,924.0,924.0,924.0,924.0,924.0,924.0,924.0,924.0,4.0,0.4,236.15593,246.93602,256.40227,264.14958,270.00609,274.01931,276.40015,277.44306,277.44221,276.62024,275.07957,272.78053,269.54711,265.09892,259.10683,251.26655,241.3802,229.43052,215.62969,200.42711,191.0347282482018,361.16741005606303,1675.68327,616.6422000000002,3783.14085,-38.98068999999998
925,925,925.0,925.0,925.0,925.0,925.0,925.0,925.0,925.0,925.0,925.0,925.0,925.0,925.0,925.0,925.0,925.0,925.0,925.0,925.0,925.0,925.0,925.0,5.0,0.5,203.94378,216.35344,227.8159,237.97697,246.60208,253.5849,258.94216,262.80172,265.39115,267.03181,268.13895,269.22246,270.87902,273.76414,278.53566,285.76785,295.8465,308.8673,324.56672,342.31239,278.9817103809029,252.8803067266852,2292.32547,554.0982599999998,3166.49865,-59.4151
926,926,926.0,926.0,926.0,926.0,926.0,926.0,926.0,926.0,926.0,926.0,926.0,926.0,926.0,926.0,926.0,926.0,926.0,926.0,926.0,926.0,926.0,926.0,6.0,0.6,273.43885,268.3836,264.22577,261.23925,259.53652,259.07785,259.70693,261.198,263.29891,265.7588,268.33661,270.79413,272.88329,274.33951,274.89148,274.29177,272.36467,269.05924,264.49019,258.9497,333.1018687153407,245.96650568785032,2846.42373,523.6842000000001,2612.40039,-53.92214999999999
927,927,927.0,927.0,927.0,927.0,927.0,927.0,927.0,927.0,927.0,927.0,927.0,927.0,927.0,927.0,927.0,927.0,927.0,927.0,927.0,927.0,927.0,927.0,7.0,0.7,321.18794,309.83459,299.53143,290.64072,283.36563,277.74623,273.67924,270.95292,269.28721,268.3712,267.893,267.56117,267.11893,266.35372,265.10433,263.26694,260.79977,257.72536,254.12851,250.14874,339.8749106168564,219.5157073641404,3370.10793,518.8499499999998,2088.71619,-35.253769999999975
928,928,928.0,928.0,928.0,928.0,928.0,928.0,928.0,928.0,928.0,928.0,928.0,928.0,928.0,928.0,928.0,928.0,928.0,928.0,928.0,928.0,928.0,928.0,8.0,0.8,330.43217,321.24089,312.5297,304.48482,297.23591,290.8487,285.324,280.60192,276.56966,273.07102,269.91701,266.89705,263.7915,260.38633,256.49055,251.95573,246.69575,240.70296,234.05641,226.91809,178.3497342671936,190.8332377898436,3888.95788,634.6287600000005,1569.8662400000003,-22.151299999999992
929,929,929.0,929.0,929.0,929.0,929.0,929.0,929.0,929.0,929.0,929.0,929.0,929.0,929.0,929.0,929.0,929.0,929.0,929.0,929.0,929.0,929.0,929.0,9.0,0.9,198.23991,216.98015,233.58425,247.35474,257.94304,265.33828,269.7976,271.74356,271.65672,269.98594,267.08903,263.20627,258.46251,252.8901,246.46454,239.14539,230.916,221.81593,211.96088,201.54625,213.0348702541509,215.9660890732441,4523.58664,935.2374799999998,935.2374799999998,-47.66172
930,930,930.0,930.0,930.0,930.0,930.0,930.0,930.0,930.0,930.0,930.0,930.0,930.0,930.0,930.0,930.0,930.0,930.0,930.0,930.0,930.0,930.0,930.0,0.0,0.0,273.0,273.0,273.0,273.0,273.0,273.0,273.0,273.0,273.0,273.0,273.0,273.0,273.0,273.0,273.0,273.0,273.0,273.0,273.0,273.0,350.5006745856908,255.0845336579348,0.0,430.31713,2855.5082099999995,-40.0
931,931,931.0,931.0,931.0,931.0,931.0,931.0,931.0,931.0,931.0,931.0,931.0,931.0,931.0,931.0,931.0,931.0,931.0,931.0,931.0,931.0,931.0,931.0,1.0,0.1,337.29084,324.68338,313.19796,303.20764,294.90644,288.31153,283.29368,279.624,277.02312,275.20255,273.89254,272.85629,271.89414,270.84248,269.57236,267.99041,266.04261,263.7192,261.05757,258.14001,175.51209834047785,315.47414644834,430.31713,416.30601,2425.19108,-24.688469999999995
932,932,932.0,932.0,932.0,932.0,932.0,932.0,932.0,932.0,932.0,932.0,932.0,932.0,932.0,932.0,932.0,932.0,932.0,932.0,932.0,932.0,932.0,932.0,2.0,0.2,195.94199,215.2211,232.3704,246.71344,257.93921,266.09136,271.49894,274.67533,276.21508,276.71155,276.70626,276.66834,276.9943,278.01474,279.99649,283.13373,287.52852,293.16765,299.90637,307.4692,314.0347073010288,312.3017951809021,846.62314,407.28100000000006,2008.88507,-46.90863999999999
933,933,933.0,933.0,933.0,933.0,933.0,933.0,933.0,933.0,933.0,933.0,933.0,933.0,933.0,933.0,933.0,933.0,933.0,933.0,933.0,933.0,933.0,933.0,3.0,0.3,303.89641,294.47631,286.37506,279.98836,275.46975,272.74728,271.58247,271.65023,272.61682,274.19896,276.19588,278.49492,281.05743,283.89385,287.03624,290.51441,294.3389,298.49166,302.92388,307.55937,344.320290105206,341.2577379610801,1253.90414,262.26158999999984,1601.60407,-40.25272000000001
934,934,934.0,934.0,934.0,934.0,934.0,934.0,934.0,934.0,934.0,934.0,934.0,934.0,934.0,934.0,934.0,934.0,934.0,934.0,934.0,934.0,934.0,934.0,4.0,0.4,333.23179,322.59817,312.82617,304.23586,297.0386,291.33406,287.12409,284.33839,282.86529,282.58161,283.37712,285.17062,287.91628,291.60009,296.22696,301.80068,308.30025,315.65764,323.74263,332.35945,325.4138159369952,277.0328202516188,1516.16573,160.60621000000015,1339.34248,-21.665939999999978
935,935,935.0,935.0,935.0,935.0,935.0,935.0,935.0,935.0,935.0,935.0,935.0,935.0,935.0,935.0,935.0,935.0,935.0,935.0,935.0,935.0,935.0,935.0,5.0,0.5,320.81657,316.28255,311.88436,307.7096,303.8601,300.44437,297.56437,295.29931,293.68913,292.72018,292.31514,292.32937,292.55565,292.73963,292.60719,291.90232,290.43107,288.10267,284.95739,281.17127,285.30327421591494,322.4627690831961,1676.77194,157.4250599999998,1178.73627,-12.555630000000008
936,936,936.0,936.0,936.0,936.0,936.0,936.0,936.0,936.0,936.0,936.0,936.0,936.0,936.0,936.0,936.0,936.0,936.0,936.0,936.0,936.0,936.0,936.0,6.0,0.6,288.35768,291.16852,293.53245,295.31692,296.47455,297.04008,297.1136,296.83683,296.36993,295.87437,295.5043,295.40509,295.71542,296.56786,298.08355,300.3591,303.447,307.33463,311.92886,317.05339,271.79285906274094,176.34763045856525,1834.197,176.68826000000013,1021.31121,-15.959920000000013
937,937,937.0,937.0,937.0,937.0,937.0,937.0,937.0,937.0,937.0,937.0,937.0,937.0,937.0,937.0,937.0,937.0,937.0,937.0,937.0,937.0,937.0,937.0,7.0,0.7,275.7927,279.62613,283.14666,286.243,288.84598,290.92554,292.47754,293.50222,293.97672,293.82558,292.89394,290.9299,287.58378,282.43158,275.02738,264.9826,252.06134,236.27152,217.92673,197.65567,285.3667868415943,280.1989144706084,2010.88526,337.5075099999999,844.62295,-22.074459999999988
938,938,938.0,938.0,938.0,938.0,938.0,938.0,938.0,938.0,938.0,938.0,938.0,938.0,938.0,938.0,938.0,938.0,938.0,938.0,938.0,938.0,938.0,938.0,8.0,0.8,285.80671,286.25578,286.70959,287.13985,287.49006,287.67805,287.60531,287.17209,286.29658,284.93625,283.10878,280.90851,278.51355,276.17781,274.20394,272.89695,272.50457,273.1567,274.82064,277.28753,297.6619912337068,367.3621895711077,2348.39277,290.38133000000016,507.11544,-25.32195000000001
939,939,939.0,939.0,939.0,939.0,939.0,939.0,939.0,939.0,939.0,939.0,939.0,939.0,939.0,939.0,939.0,939.0,939.0,939.0,939.0,939.0,939.0,939.0,9.0,0.9,295.74458,293.89086,292.15323,290.56512,289.13968,287.87586,286.77114,285.83917,285.12925,284.74486,284.85732,285.71078,287.61422,290.91671,295.96461,303.04309,312.31028,323.73752,337.07168,351.83406,195.01449755261189,233.8845930077077,2638.7741,216.73410999999987,216.73410999999987,-25.12414000000001
940,940,940.0,940.0,940.0,940.0,940.0,940.0,940.0,940.0,940.0,940.0,940.0,940.0,940.0,940.0,940.0,940.0,940.0,940.0,940.0,940.0,940.0,940.0,0.0,0.0,273.0,273.0,273.0,273.0,273.0,273.0,273.0,273.0,273.0,273.0,273.0,273.0,273.0,273.0,273.0,273.0,273.0,273.0,273.0,273.0,349.2736572929359,309.19987214651786,0.0,401.3348,5350.0003,-40.0
941,941,941.0,941.0,941.0,941.0,941.0,941.0,941.0,941.0,941.0,941.0,941.0,941.0,941.0,941.0,941.0,941.0,941.0,941.0,941.0,941.0,941.0,941.0,1.0,0.1,336.27432,323.86878,312.57001,302.74814,294.59955,288.15119,283.29363,279.83127,277.53642,276.19626,275.64607,275.7864,276.58481,278.06425,280.28093,283.29509,287.13921,291.78946,297.14659,303.03179,238.83175993709307,265.95879850944,401.3348,308.22846000000004,4948.6655,-24.84881000000001
942,942,942.0,942.0,942.0,942.0,942.0,942.0,942.0,942.0,942.0,942.0,942.0,942.0,942.0,942.0,942.0,942.0,942.0,942.0,942.0,942.0,942.0,942.0,2.0,0.2,248.49426,257.52057,265.37826,271.71707,276.40493,279.51742,281.28958,282.04654,282.13162,281.84617,281.40932,280.93957,280.45602,279.89534,279.14049,278.05655,276.52888,274.49723,271.97893,269.07533,248.26487027120487,274.70820004142126,709.56326,372.1942499999999,4640.43704,-33.482579999999984
943,943,943.0,943.0,943.0,943.0,943.0,943.0,943.0,943.0,943.0,943.0,943.0,943.0,943.0,943.0,943.0,943.0,943.0,943.0,943.0,943.0,943.0,943.0,3.0,0.3,252.64841,256.92191,260.98002,264.72729,268.08335,270.98784,273.40404,275.32045,276.74981,277.7258,278.29824,278.52769,278.4802,278.22272,277.81914,277.32658,276.79214,276.2501,275.72021,275.20814,190.0045392163113,347.6944400841203,1081.75751,431.4821200000001,4268.24279,-42.01216
944,944,944.0,944.0,944.0,944.0,944.0,944.0,944.0,944.0,944.0,944.0,944.0,944.0,944.0,944.0,944.0,944.0,944.0,944.0,944.0,944.0,944.0,944.0,4.0,0.4,203.38853,216.25492,228.15178,238.74451,247.84407,255.40942,261.52923,266.39211,270.25566,273.42158,276.21974,278.99918,282.12037,285.94212,290.79764,296.95874,304.59231,313.71885,324.18568,335.66667,283.06263451231086,207.58527119647468,1513.23963,459.7377999999999,3836.76067,-57.59057999999999
945,945,945.0,945.0,945.0,945.0,945.0,945.0,945.0,945.0,945.0,945.0,945.0,945.0,945.0,945.0,945.0,945.0,945.0,945.0,945.0,945.0,945.0,945.0,5.0,0.5,277.23737,271.9527,267.66392,264.67631,263.11447,262.92796,263.92446,265.81517,268.25651,270.87711,273.28704,275.07467,275.80241,275.01484,272.26976,267.19533,259.56583,249.37845,236.90711,222.71092,198.9219115829993,282.7443949905512,1972.97743,580.6872400000002,3377.02287,-50.072040000000015
946,946,946.0,946.0,946.0,946.0,946.0,946.0,946.0,946.0,946.0,946.0,946.0,946.0,946.0,946.0,946.0,946.0,946.0,946.0,946.0,946.0,946.0,946.0,6.0,0.6,210.53131,221.62511,231.76123,240.62621,248.0598,254.04707,258.68549,262.141,264.60707,266.27742,267.33617,267.96243,268.34166,268.67406,269.17167,270.0401,271.44712,273.48624,276.14747,279.30721,207.88949930126205,177.5522408461306,2553.66467,772.9373299999997,2796.33563,-58.95293000000001
947,947,947.0,947.0,947.0,947.0,947.0,947.0,947.0,947.0,947.0,947.0,947.0,947.0,947.0,947.0,947.0,947.0,947.0,947.0,947.0,947.0,947.0,947.0,7.0,0.7,214.69147,221.37706,227.83204,233.94693,239.6199,244.75889,249.28164,253.11161,256.16893,258.35674,259.54541,259.5595,258.17371,255.12463,250.14248,243.00275,233.59018,221.96119,208.38673,193.35878,261.81819816079485,336.9152511910861,3326.602,962.7588400000004,2023.3983,-68.24110999999999
948,948,948.0,948.0,948.0,948.0,948.0,948.0,948.0,948.0,948.0,948.0,948.0,948.0,948.0,948.0,948.0,948.0,948.0,948.0,948.0,948.0,948.0,948.0,8.0,0.8,258.26162,255.02151,252.35824,250.43369,249.29211,248.86744,249.01399,249.5529,250.3254,251.24424,252.33585,253.76651,255.84585,259.00142,263.72113,270.46616,279.56644,291.11971,304.92134,320.44902,296.8963058636591,372.99983045349126,4289.36084,661.6604200000002,1060.6394599999994,-64.13256000000001
949,949,949.0,949.0,949.0,949.0,949.0,949.0,949.0,949.0,949.0,949.0,949.0,949.0,949.0,949.0,949.0,949.0,949.0,949.0,949.0,949.0,949.0,949.0,9.0,0.9,289.13016,281.73202,275.0286,269.27382,264.63409,261.19197,258.96579,257.93895,258.09146,259.42702,261.99085,265.87532,271.21235,278.15313,286.83696,297.35336,309.70309,323.76589,339.28305,355.86126,243.13270101491187,320.29335675140834,4951.02126,398.97903999999926,398.97903999999926,-51.80802999999997
950,950,950.0,950.0,950.0,950.0,950.0,950.0,950.0,950.0,950.0,950.0,950.0,950.0,950.0,950.0,950.0,950.0,950.0,950.0,950.0,950.0,950.0,950.0,0.0,0.0,273.0,273.0,273.0,273.0,273.0,273.0,273.0,273.0,273.0,273.0,273.0,273.0,273.0,273.0,273.0,273.0,273.0,273.0,273.0,273.0,247.6348708318156,292.3519965859492,0.0,450.35844,4120.29019,1.9499999999999889
951,951,951.0,951.0,951.0,951.0,951.0,951.0,951.0,951.0,951.0,951.0,951.0,951.0,951.0,951.0,951.0,951.0,951.0,951.0,951.0,951.0,951.0,951.0,1.0,0.1,251.9585,256.08538,259.84576,263.11814,265.84032,268.00928,269.6718,270.91024,271.82785,272.53685,273.1508,273.78065,274.53289,275.50712,276.79144,278.45452,280.53554,283.03418,285.90407,289.05308,226.6792764310211,260.73137992878094,450.35844,482.6935500000001,3669.93175,1.9499999999999889
952,952,952.0,952.0,952.0,952.0,952.0,952.0,952.0,952.0,952.0,952.0,952.0,952.0,952.0,952.0,952.0,952.0,952.0,952.0,952.0,952.0,952.0,952.0,2.0,0.2,233.34789,239.78893,245.80227,251.23704,256.00334,260.07275,263.46887,266.25105,268.49509,270.27455,271.64513,272.63422,273.23674,273.41829,273.12584,272.30507,270.92154,268.98157,266.54708,263.73966,255.10707730379767,356.6324057450572,933.05199,524.8741899999999,3187.2382,1.9499999999999889
953,953,953.0,953.0,953.0,953.0,953.0,953.0,953.0,953.0,953.0,953.0,953.0,953.0,953.0,953.0,953.0,953.0,953.0,953.0,953.0,953.0,953.0,953.0,3.0,0.3,255.38347,255.78725,256.42146,257.34717,258.57711,260.08212,261.80851,263.70243,265.73678,267.93599,270.39522,273.28991,276.87212,281.45015,287.34958,294.85762,304.15838,315.27203,328.01418,341.99027,252.59838467650744,325.7566556435649,1457.92618,393.4977100000001,2662.36401,1.9499999999999889
954,954,954.0,954.0,954.0,954.0,954.0,954.0,954.0,954.0,954.0,954.0,954.0,954.0,954.0,954.0,954.0,954.0,954.0,954.0,954.0,954.0,954.0,954.0,4.0,0.4,254.03467,255.49789,257.01712,258.62541,260.36094,262.26748,264.39362,266.79091,269.51033,272.59717,276.08454,279.98627,284.29102,288.95934,293.92585,299.10727,304.41553,309.77315,315.12654,320.45265,254.5247774222206,240.35664677249625,1851.42389,372.4849800000002,2268.8663,1.9499999999999889
955,955,955.0,955.0,955.0,955.0,955.0,955.0,955.0,955.0,955.0,955.0,955.0,955.0,955.0,955.0,955.0,955.0,955.0,955.0,955.0,955.0,955.0,955.0,5.0,0.5,255.99092,257.50581,259.115,260.8578,262.7639,264.84958,267.11264,269.52557,272.0267,274.51013,276.81633,278.72704,279.96905,280.2315,279.19961,276.60377,272.27728,266.21073,258.58779,249.78901,363.77684944554505,179.45728388393954,2223.90887,478.1613699999998,1896.3813199999995,1.9499999999999889
956,956,956.0,956.0,956.0,956.0,956.0,956.0,956.0,956.0,956.0,956.0,956.0,956.0,956.0,956.0,956.0,956.0,956.0,956.0,956.0,956.0,956.0,956.0,6.0,0.6,346.93451,330.9479,316.5519,304.26603,294.34437,286.77422,281.31507,277.56052,275.00474,273.09918,271.29296,269.05792,265.90501,261.40019,255.18656,247.01511,236.78062,224.55402,210.59984,195.36835,263.9772362913704,334.72933591587207,2702.07024,537.6753100000001,1418.2199499999997,1.9499999999999889
957,957,957.0,957.0,957.0,957.0,957.0,957.0,957.0,957.0,957.0,957.0,957.0,957.0,957.0,957.0,957.0,957.0,957.0,957.0,957.0,957.0,957.0,957.0,7.0,0.7,269.35219,274.21303,278.12873,280.81352,282.15463,282.20386,281.14263,279.23665,276.79686,274.15761,271.67435,269.73414,268.76576,269.23442,271.60915,276.29974,283.5716,293.4586,305.70071,319.73152,326.03128420220224,257.0797308687815,3239.74555,385.1531999999997,880.5446399999996,1.9499999999999889
958,958,958.0,958.0,958.0,958.0,958.0,958.0,958.0,958.0,958.0,958.0,958.0,958.0,958.0,958.0,958.0,958.0,958.0,958.0,958.0,958.0,958.0,958.0,8.0,0.8,317.90029,310.1201,302.99053,296.72259,291.42245,287.09832,283.68429,281.07086,279.13177,277.73944,276.76701,276.07998,275.5244,274.92045,274.06838,272.77024,270.86451,268.26516,264.99261,261.18461,360.1005923397874,349.8758159519648,3624.89875,316.37059,495.3914399999999,1.9499999999999889
959,959,959.0,959.0,959.0,959.0,959.0,959.0,959.0,959.0,959.0,959.0,959.0,959.0,959.0,959.0,959.0,959.0,959.0,959.0,959.0,959.0,959.0,959.0,9.0,0.9,348.38365,337.0573,326.46799,316.88331,308.47375,301.31312,295.39585,290.66602,287.05203,284.50085,283.00666,282.62956,283.50003,285.80573,289.75892,295.54629,303.26855,312.88235,324.16042,336.68413,371.5354215329063,302.7527707908092,3941.26934,179.02084999999988,179.02084999999988,1.9499999999999889
960,960,960.0,960.0,960.0,960.0,960.0,960.0,960.0,960.0,960.0,960.0,960.0,960.0,960.0,960.0,960.0,960.0,960.0,960.0,960.0,960.0,960.0,960.0,0.0,0.0,273.0,273.0,273.0,273.0,273.0,273.0,273.0,273.0,273.0,273.0,273.0,273.0,273.0,273.0,273.0,273.0,273.0,273.0,273.0,273.0,226.10504669963365,230.7837004522491,0.0,498.75964,4493.30534,-40.0
961,961,961.0,961.0,961.0,961.0,961.0,961.0,961.0,961.0,961.0,961.0,961.0,961.0,961.0,961.0,961.0,961.0,961.0,961.0,961.0,961.0,961.0,961.0,1.0,0.1,234.09684,241.7232,248.66818,254.70315,259.70528,263.65427,266.61083,268.68423,269.99695,270.65347,270.7177,270.20126,269.06325,267.22136,264.57313,261.02509,256.52551,251.09433,244.84305,237.97794,298.1930435496568,268.5944879257097,498.75964,607.87374,3994.5457,-49.34573
962,962,962.0,962.0,962.0,962.0,962.0,962.0,962.0,962.0,962.0,962.0,962.0,962.0,962.0,962.0,962.0,962.0,962.0,962.0,962.0,962.0,962.0,962.0,2.0,0.2,291.50646,285.23729,279.73411,275.22444,271.79062,269.37626,267.81793,266.89114,266.35874,266.0122,265.70031,265.34365,264.93557,264.53157,264.22929,264.14172,264.36749,264.96324,265.92414,267.17784,215.6544562150505,304.38555793655286,1106.63338,570.5846300000001,3386.67196,-43.62374
963,963,963.0,963.0,963.0,963.0,963.0,963.0,963.0,963.0,963.0,963.0,963.0,963.0,963.0,963.0,963.0,963.0,963.0,963.0,963.0,963.0,963.0,963.0,3.0,0.3,225.4159,234.65252,242.918,249.90448,255.47173,259.64282,262.57323,264.50603,265.7268,266.52815,267.18816,267.96136,269.07698,270.73794,273.1153,276.33583,280.46421,285.48481,291.28995,297.68096,338.31893587950685,173.30925945420404,1677.21801,587.5282200000001,2816.08733,-53.35718000000003
964,964,964.0,964.0,964.0,964.0,964.0,964.0,964.0,964.0,964.0,964.0,964.0,964.0,964.0,964.0,964.0,964.0,964.0,964.0,964.0,964.0,964.0,964.0,4.0,0.4,324.02097,310.51588,298.47907,288.37788,280.42778,274.59796,270.65503,268.22599,266.85948,266.07027,265.36189,264.23205,262.17275,258.67919,253.27902,245.58554,235.36829,222.62401,207.62511,190.92512,353.3235655511445,332.8279388103391,2264.74623,609.4681499999997,2228.55911,-38.40204
965,965,965.0,965.0,965.0,965.0,965.0,965.0,965.0,965.0,965.0,965.0,965.0,965.0,965.0,965.0,965.0,965.0,965.0,965.0,965.0,965.0,965.0,965.0,5.0,0.5,341.21443,329.45669,318.36436,308.18336,299.07273,291.10081,284.25679,278.47593,273.67528,269.7952,266.8406,264.9139,264.23051,265.10751,267.91961,273.02313,280.65903,290.85598,303.36056,317.61962,370.5525267104123,267.8410469793571,2874.21438,383.3583000000003,1619.09096,-21.899189999999976
966,966,966.0,966.0,966.0,966.0,966.0,966.0,966.0,966.0,966.0,966.0,966.0,966.0,966.0,966.0,966.0,966.0,966.0,966.0,966.0,966.0,966.0,966.0,6.0,0.6,358.03795,345.827,334.19872,323.38794,313.57363,304.87616,297.3616,291.04945,285.92004,281.91845,278.95411,276.89763,275.57829,274.78694,274.28849,273.84543,273.25,272.35818,271.11578,269.56715,319.9518896625209,198.24085128123951,3257.57268,360.9513499999998,1235.7326599999997,-8.123839999999973
967,967,967.0,967.0,967.0,967.0,967.0,967.0,967.0,967.0,967.0,967.0,967.0,967.0,967.0,967.0,967.0,967.0,967.0,967.0,967.0,967.0,967.0,967.0,7.0,0.7,318.45064,316.71927,314.57321,311.90692,308.70707,305.0432,301.03988,296.838,292.55428,288.24646,283.88968,279.36714,274.47678,268.95449,262.51315,254.89384,245.92224,235.55943,223.9345,211.34792,303.5793317929832,352.82575461921624,3618.52403,378.70289,874.7813099999998,-7.956799999999987
968,968,968.0,968.0,968.0,968.0,968.0,968.0,968.0,968.0,968.0,968.0,968.0,968.0,968.0,968.0,968.0,968.0,968.0,968.0,968.0,968.0,968.0,968.0,8.0,0.8,303.67511,303.58779,303.15662,302.26124,300.83307,298.85972,296.38494,293.50773,290.38422,287.23422,284.35097,282.10868,280.95961,281.4111,283.9758,289.09494,297.0447,307.8458,321.20219,336.49237,191.001267095741,290.31433223283506,3997.22692,231.57511999999952,496.0784199999998,-14.140280000000018
969,969,969.0,969.0,969.0,969.0,969.0,969.0,969.0,969.0,969.0,969.0,969.0,969.0,969.0,969.0,969.0,969.0,969.0,969.0,969.0,969.0,969.0,969.0,9.0,0.9,209.17976,226.44071,241.99463,255.28004,266.01582,274.20047,280.06616,284.00466,286.48419,287.97321,288.88082,289.51791,290.07915,290.6444,291.19733,291.65803,291.92453,291.91536,291.60355,291.0333,273.6415113136378,372.2935643000956,4228.80204,264.5033000000003,264.5033000000003,-38.79953
970,970,970.0,970.0,970.0,970.0,970.0,970.0,970.0,970.0,970.0,970.0,970.0,970.0,970.0,970.0,970.0,970.0,970.0,970.0,970.0,970.0,970.0,970.0,0.0,0.0,273.0,273.0,273.0,273.0,273.0,273.0,273.0,273.0,273.0,273.0,273.0,273.0,273.0,273.0,273.0,273.0,273.0,273.0,273.0,273.0,330.70104017998165,331.56438796716304,0.0,395.78238,3198.5009,-40.0
971,971,971.0,971.0,971.0,971.0,971.0,971.0,971.0,971.0,971.0,971.0,971.0,971.0,971.0,971.0,971.0,971.0,971.0,971.0,971.0,971.0,971.0,971.0,1.0,0.1,320.86782,311.48436,302.93965,295.51534,289.36319,284.50942,280.88149,278.34865,276.766,276.01372,276.02557,276.8037,278.41859,280.99416,284.67897,289.60673,295.85162,303.38734,312.06006,321.58399,253.3905074831032,237.4950403810376,395.78238,293.98895000000005,2802.71852,-28.490580000000023
972,972,972.0,972.0,972.0,972.0,972.0,972.0,972.0,972.0,972.0,972.0,972.0,972.0,972.0,972.0,972.0,972.0,972.0,972.0,972.0,972.0,972.0,972.0,2.0,0.2,259.6864,265.55855,270.65556,274.75271,277.77613,279.79365,280.9779,281.55298,281.73742,281.69398,281.49318,281.09447,280.34686,279.00994,276.79477,273.42144,268.68532,262.51945,255.03728,246.54198,182.20142084412387,245.5960757645608,689.77133,450.10887,2508.72957,-33.206349999999986
973,973,973.0,973.0,973.0,973.0,973.0,973.0,973.0,973.0,973.0,973.0,973.0,973.0,973.0,973.0,973.0,973.0,973.0,973.0,973.0,973.0,973.0,973.0,3.0,0.3,198.22612,213.57413,227.65287,240.01923,250.41341,258.75777,265.12634,269.69695,272.69956,274.37178,274.92843,274.5465,273.36342,271.48431,268.99335,265.96542,262.47516,258.60254,254.43485,250.06631,353.24460013447606,321.5544992675517,1139.8802,540.8249599999999,2058.6207,-54.242230000000006
974,974,974.0,974.0,974.0,974.0,974.0,974.0,974.0,974.0,974.0,974.0,974.0,974.0,974.0,974.0,974.0,974.0,974.0,974.0,974.0,974.0,974.0,974.0,4.0,0.4,335.56391,318.94072,304.26735,292.14577,282.82958,276.23988,272.04155,269.7538,268.86582,268.93406,269.64778,270.85888,272.57847,274.94589,278.17682,282.49797,288.07783,294.96548,303.05019,312.05293,294.45193582359127,320.8570931579326,1680.70516,328.6000100000001,1517.79574,-36.76011999999997
975,975,975.0,975.0,975.0,975.0,975.0,975.0,975.0,975.0,975.0,975.0,975.0,975.0,975.0,975.0,975.0,975.0,975.0,975.0,975.0,975.0,975.0,975.0,5.0,0.5,293.10577,291.63664,289.96045,288.05991,285.99421,283.88985,281.91731,280.262,279.09758,278.56721,278.77467,279.78364,281.622,284.2874,287.75178,291.96367,296.84874,302.30967,308.22681,314.46074,332.13243185021594,263.983057889616,2009.30517,250.20476000000008,1189.19573,-29.110149999999976
976,976,976.0,976.0,976.0,976.0,976.0,976.0,976.0,976.0,976.0,976.0,976.0,976.0,976.0,976.0,976.0,976.0,976.0,976.0,976.0,976.0,976.0,976.0,6.0,0.6,324.13381,316.45339,309.37229,303.10587,297.78854,293.47322,290.14191,287.72154,286.09891,285.13063,284.64692,284.4518,284.32389,284.02336,283.30859,281.96363,279.83273,276.85437,273.08478,268.70159,186.1912376042052,364.5524418430086,2259.50993,252.6846599999999,938.9909699999998,-19.52677999999997
977,977,977.0,977.0,977.0,977.0,977.0,977.0,977.0,977.0,977.0,977.0,977.0,977.0,977.0,977.0,977.0,977.0,977.0,977.0,977.0,977.0,977.0,977.0,7.0,0.7,205.24829,223.30053,239.49054,253.22141,264.21265,272.49384,278.34833,282.23056,284.68236,286.26727,287.53124,288.98721,291.1129,294.34813,299.08016,305.61157,314.11424,324.58129,336.79404,350.32019,300.70600263652847,279.40086092814647,2512.19459,232.1708599999997,686.3063099999999,-40.50616000000002
978,978,978.0,978.0,978.0,978.0,978.0,978.0,978.0,978.0,978.0,978.0,978.0,978.0,978.0,978.0,978.0,978.0,978.0,978.0,978.0,978.0,978.0,978.0,8.0,0.8,294.15886,288.1919,283.29013,279.77258,277.76193,277.1971,277.87844,279.52743,281.84187,284.53313,287.34065,290.0275,292.36709,294.13306,295.10262,295.0779,293.92262,291.6039,288.2248,284.03349,233.43949870617385,352.2744320543874,2744.36545,222.23902000000044,454.1354500000002,-35.80290000000002
979,979,979.0,979.0,979.0,979.0,979.0,979.0,979.0,979.0,979.0,979.0,979.0,979.0,979.0,979.0,979.0,979.0,979.0,979.0,979.0,979.0,979.0,979.0,9.0,0.9,241.70842,249.61871,256.86893,263.25779,268.70341,273.23758,276.981,280.11022,282.82733,285.34007,287.85477,290.579,293.7272,297.52095,302.17749,307.88394,314.76076,322.82319,331.9534,341.89465,288.80075925901684,208.9333498397397,2966.60447,231.89642999999973,231.89642999999973,-39.76242000000002
980,980,980.0,980.0,980.0,980.0,980.0,980.0,980.0,980.0,980.0,980.0,980.0,980.0,980.0,980.0,980.0,980.0,980.0,980.0,980.0,980.0,980.0,980.0,0.0,0.0,273.0,273.0,273.0,273.0,273.0,273.0,273.0,273.0,273.0,273.0,273.0,273.0,273.0,273.0,273.0,273.0,273.0,273.0,273.0,273.0,330.04296696274474,316.8071274500511,0.0,402.84721,2507.16917,-40.0
981,981,981.0,981.0,981.0,981.0,981.0,981.0,981.0,981.0,981.0,981.0,981.0,981.0,981.0,981.0,981.0,981.0,981.0,981.0,981.0,981.0,981.0,981.0,1.0,0.1,320.32158,311.04455,302.59607,295.2537,289.16609,284.35659,280.74888,278.20591,276.57205,275.7102,275.52848,275.99404,277.13366,279.0217,281.75717,285.43239,290.09827,295.73251,302.21855,309.342,231.2471628189555,225.26364914210944,402.84721,336.52274,2104.32196,-28.643410000000017
982,982,982.0,982.0,982.0,982.0,982.0,982.0,982.0,982.0,982.0,982.0,982.0,982.0,982.0,982.0,982.0,982.0,982.0,982.0,982.0,982.0,982.0,982.0,2.0,0.2,241.26052,250.67646,258.99238,265.87221,271.17911,274.96524,277.42606,278.83373,279.46634,279.54634,279.19689,278.42005,277.09783,275.01557,271.906,267.50928,261.64104,254.25533,245.48734,235.66227,188.249233291389,312.6179266990698,739.36995,495.58339,1767.79922,-38.034760000000006
983,983,983.0,983.0,983.0,983.0,983.0,983.0,983.0,983.0,983.0,983.0,983.0,983.0,983.0,983.0,983.0,983.0,983.0,983.0,983.0,983.0,983.0,983.0,3.0,0.3,202.03621,215.29872,227.57125,238.49418,247.84067,255.52115,261.56947,266.11835,269.37312,271.59053,273.06542,274.12384,275.11722,276.41076,278.36031,281.27556,285.37359,290.73293,297.26176,304.69364,363.0098641007608,370.2325287072683,1234.95334,443.5937899999999,1272.21583,-57.47885
984,984,984.0,984.0,984.0,984.0,984.0,984.0,984.0,984.0,984.0,984.0,984.0,984.0,984.0,984.0,984.0,984.0,984.0,984.0,984.0,984.0,984.0,984.0,4.0,0.4,343.41238,324.96418,308.64413,295.13153,284.74628,277.46528,273.00078,270.91343,270.72958,272.03856,274.55589,278.14887,282.82811,288.71237,295.97474,304.7792,315.2169,327.2527,340.69283,355.1819,333.3625083085178,345.99888343055045,1678.54713,175.39066000000005,828.6220400000002,-35.53471999999999
985,985,985.0,985.0,985.0,985.0,985.0,985.0,985.0,985.0,985.0,985.0,985.0,985.0,985.0,985.0,985.0,985.0,985.0,985.0,985.0,985.0,985.0,985.0,5.0,0.5,325.95239,318.71104,311.81342,305.44282,299.78671,295.02647,291.3236,288.8058,287.55624,287.60767,288.94155,291.49142,295.1492,299.77396,305.20277,311.26356,317.78915,324.63067,331.66742,338.81056,319.3826555944188,267.4721827861692,1853.93779,109.66045000000008,653.2313800000002,-17.973529999999982
986,986,986.0,986.0,986.0,986.0,986.0,986.0,986.0,986.0,986.0,986.0,986.0,986.0,986.0,986.0,986.0,986.0,986.0,986.0,986.0,986.0,986.0,986.0,6.0,0.6,316.16296,312.98411,309.89718,306.96996,304.28714,301.94317,300.02866,298.61254,297.72248,297.32666,297.31984,297.51716,297.65905,297.43075,296.49763,294.55481,291.38413,286.90722,281.22061,274.60071,310.3781618133401,360.6639463406263,1963.59824,122.59203000000002,543.5709300000001,-11.05682999999999
987,987,987.0,987.0,987.0,987.0,987.0,987.0,987.0,987.0,987.0,987.0,987.0,987.0,987.0,987.0,987.0,987.0,987.0,987.0,987.0,987.0,987.0,987.0,7.0,0.7,309.29739,308.19697,307.06476,305.9016,304.72386,303.56312,302.46457,301.48642,300.70227,300.2075,300.12864,300.63212,301.92742,304.25834,307.87807,313.00753,319.78241,328.2005,338.08474,349.07604,298.55666299976383,220.24082232918107,2086.19027,87.35068000000001,420.97890000000007,-9.436879999999974
988,988,988.0,988.0,988.0,988.0,988.0,988.0,988.0,988.0,988.0,988.0,988.0,988.0,988.0,988.0,988.0,988.0,988.0,988.0,988.0,988.0,988.0,988.0,8.0,0.8,299.54141,300.45509,301.24055,301.86495,302.32376,302.63701,302.83763,302.9531,302.98191,302.868,302.4767,301.57829,299.84593,296.87566,292.23298,285.52513,276.4892,265.07768,251.51764,236.3219,295.7689476731588,311.31955617093473,2173.54095,159.1245100000001,333.62822000000006,-10.362990000000025
989,989,989.0,989.0,989.0,989.0,989.0,989.0,989.0,989.0,989.0,989.0,989.0,989.0,989.0,989.0,989.0,989.0,989.0,989.0,989.0,989.0,989.0,989.0,9.0,0.9,296.80227,297.78087,298.65226,299.36784,299.88376,300.16153,300.16924,299.885,299.3036,298.44674,297.37578,296.20355,295.10044,294.28903,294.02285,294.54835,296.05517,298.62507,302.19433,306.54313,237.6265142269159,220.8295333771181,2332.66546,174.50370999999996,174.50370999999996,-12.838469999999973
990,990,990.0,990.0,990.0,990.0,990.0,990.0,990.0,990.0,990.0,990.0,990.0,990.0,990.0,990.0,990.0,990.0,990.0,990.0,990.0,990.0,990.0,990.0,0.0,0.0,273.0,273.0,273.0,273.0,273.0,273.0,273.0,273.0,273.0,273.0,273.0,273.0,273.0,273.0,273.0,273.0,273.0,273.0,273.0,273.0,245.6792182616332,295.3319843912651,0.0,449.89491,3735.18935,8.477440000000001
991,991,991.0,991.0,991.0,991.0,991.0,991.0,991.0,991.0,991.0,991.0,991.0,991.0,991.0,991.0,991.0,991.0,991.0,991.0,991.0,991.0,991.0,991.0,1.0,0.1,250.3363,254.78142,258.83181,262.35672,265.28938,267.62677,269.41972,270.75776,271.75343,272.52957,273.21128,273.92177,274.78023,275.89908,277.37825,279.29593,281.69665,284.57964,287.89124,291.52507,188.92940587915533,322.82201558332684,449.89491,477.82577,3285.29444,8.477440000000001
992,992,992.0,992.0,992.0,992.0,992.0,992.0,992.0,992.0,992.0,992.0,992.0,992.0,992.0,992.0,992.0,992.0,992.0,992.0,992.0,992.0,992.0,992.0,2.0,0.2,201.94157,214.44444,225.99539,236.27088,245.09473,252.4398,258.40734,263.19324,267.05103,270.25982,273.10085,275.84293,278.73378,281.99301,285.80355,290.29961,295.55242,301.55716,308.22588,315.39107,184.58409525267413,367.7568689547922,927.72068,549.15313,2807.46867,8.477440000000001
993,993,993.0,993.0,993.0,993.0,993.0,993.0,993.0,993.0,993.0,993.0,993.0,993.0,993.0,993.0,993.0,993.0,993.0,993.0,993.0,993.0,993.0,993.0,3.0,0.3,195.08206,205.37044,215.2587,224.59216,233.26454,241.22573,248.48467,255.10842,261.21859,266.98608,272.62426,278.37999,284.52082,291.31657,299.01432,307.80772,317.80417,328.99647,341.24674,354.28945,326.10348962171804,233.41035995076768,1476.87381,486.7642699999999,2258.31554,8.477440000000001
994,994,994.0,994.0,994.0,994.0,994.0,994.0,994.0,994.0,994.0,994.0,994.0,994.0,994.0,994.0,994.0,994.0,994.0,994.0,994.0,994.0,994.0,994.0,4.0,0.4,311.01484,296.94434,284.76575,275.09715,268.24529,264.20994,262.73627,263.39204,265.64479,268.92097,272.63933,276.22277,279.10091,280.71859,280.56317,278.21551,273.41861,266.14743,256.65691,245.48667,245.13485583851605,294.030162329153,1963.63808,442.3754099999999,1771.5512700000002,8.477440000000001
995,995,995.0,995.0,995.0,995.0,995.0,995.0,995.0,995.0,995.0,995.0,995.0,995.0,995.0,995.0,995.0,995.0,995.0,995.0,995.0,995.0,995.0,995.0,5.0,0.5,250.12197,254.80429,258.93523,262.3681,265.07089,267.11282,268.63023,269.78489,270.72785,271.57834,272.42049,273.31483,274.31681,275.49321,276.92829,278.71578,280.93782,283.63732,286.79369,290.31176,338.3009498555483,369.2022160258224,2406.01349,381.39855000000034,1329.1758600000005,8.477440000000001
996,996,996.0,996.0,996.0,996.0,996.0,996.0,996.0,996.0,996.0,996.0,996.0,996.0,996.0,996.0,996.0,996.0,996.0,996.0,996.0,996.0,996.0,996.0,6.0,0.6,325.78544,313.92208,303.2718,294.23501,287.01944,281.6487,278.0047,275.88962,275.09186,275.44263,276.85508,279.34227,283.01342,288.04956,294.66118,303.03253,313.26067,325.30083,338.93119,353.74888,370.5710007800026,184.1385487555036,2787.41204,233.1236799999997,947.77731,8.477440000000001
997,997,997.0,997.0,997.0,997.0,997.0,997.0,997.0,997.0,997.0,997.0,997.0,997.0,997.0,997.0,997.0,997.0,997.0,997.0,997.0,997.0,997.0,997.0,7.0,0.7,356.77799,343.48636,331.14831,320.12653,310.6686,302.89722,296.81291,292.30243,289.14635,287.02129,285.49742,284.03663,282.00174,278.68813,273.38628,265.47564,254.53801,240.46662,223.53982,204.43083,338.93322038617,334.1691078398392,3020.53572,319.76972000000023,714.6536300000002,8.477440000000001
998,998,998.0,998.0,998.0,998.0,998.0,998.0,998.0,998.0,998.0,998.0,998.0,998.0,998.0,998.0,998.0,998.0,998.0,998.0,998.0,998.0,998.0,998.0,8.0,0.8,334.06872,329.16223,324.18966,319.15693,314.1027,309.09223,304.20661,299.53339,295.16479,291.20637,287.79503,285.12022,283.43843,283.0696,284.3668,287.65706,293.16129,300.91141,310.68938,322.01124,363.0672720221344,310.34293786712885,3340.30544,198.174,394.88391,8.477440000000001
999,999,999.0,999.0,999.0,999.0,999.0,999.0,999.0,999.0,999.0,999.0,999.0,999.0,999.0,999.0,999.0,999.0,999.0,999.0,999.0,999.0,999.0,999.0,9.0,0.9,354.14565,345.44414,337.16046,329.45345,322.43543,316.17451,310.70457,306.03854,302.18046,299.13307,296.89913,295.47721,294.85408,294.99688,295.84806,297.32527,299.32648,301.73898,304.44919,307.34998,353.63790163726867,185.6834896958133,3538.47944,196.70991000000004,196.70991000000004,8.477440000000001
1000,1000,1000.0,1000.0,1000.0,1000.0,1000.0,1000.0,1000.0,1000.0,1000.0,1000.0,1000.0,1000.0,1000.0,1000.0,1000.0,1000.0,1000.0,1000.0,1000.0,1000.0,1000.0,1000.0,0.0,0.0,273.0,273.0,273.0,273.0,273.0,273.0,273.0,273.0,273.0,273.0,273.0,273.0,273.0,273.0,273.0,273.0,273.0,273.0,273.0,273.0,322.48160988397456,242.8269602225304,0.0,445.57756,3940.12302,-40.0
1001,1001,1001.0,1001.0,1001.0,1001.0,1001.0,1001.0,1001.0,1001.0,1001.0,1001.0,1001.0,1001.0,1001.0,1001.0,1001.0,1001.0,1001.0,1001.0,1001.0,1001.0,1001.0,1001.0,1.0,0.1,314.04704,305.99676,298.66205,292.28006,286.9727,282.74739,279.5155,277.12056,275.3678,274.04828,272.95467,271.88931,270.66759,269.12104,267.1036,264.50274,261.25418,257.35663,252.88125,247.97099,249.8138544293559,208.29858891248875,445.57756,502.82397,3494.54546,-30.252610000000004
1002,1002,1002.0,1002.0,1002.0,1002.0,1002.0,1002.0,1002.0,1002.0,1002.0,1002.0,1002.0,1002.0,1002.0,1002.0,1002.0,1002.0,1002.0,1002.0,1002.0,1002.0,1002.0,1002.0,2.0,0.2,256.16806,262.08402,267.18991,271.23017,274.08738,275.77386,276.39863,276.12098,275.10312,273.47153,271.29292,268.566,265.22805,261.17356,256.28165,250.44878,243.62198,235.82679,227.18401,217.90997,220.0688408332179,322.8005041910223,948.40153,621.01997,2991.72149,-37.22613999999999
1003,1003,1003.0,1003.0,1003.0,1003.0,1003.0,1003.0,1003.0,1003.0,1003.0,1003.0,1003.0,1003.0,1003.0,1003.0,1003.0,1003.0,1003.0,1003.0,1003.0,1003.0,1003.0,1003.0,3.0,0.3,228.77418,237.09454,244.68667,251.2827,256.71055,260.89965,263.87518,265.74622,266.69396,266.96399,266.86333,266.75871,267.06981,268.2496,270.74614,274.94535,281.10169,289.2715,299.26823,310.6574,367.0243743356267,320.1533286394084,1569.4215,484.23038,2370.70152,-52.10034999999999
1004,1004,1004.0,1004.0,1004.0,1004.0,1004.0,1004.0,1004.0,1004.0,1004.0,1004.0,1004.0,1004.0,1004.0,1004.0,1004.0,1004.0,1004.0,1004.0,1004.0,1004.0,1004.0,1004.0,4.0,0.4,348.05655,330.08546,313.96413,300.2929,289.36838,281.19603,275.55382,272.08383,270.38576,270.09213,270.9143,272.65835,275.21628,278.54197,282.62076,287.44019,292.96675,299.13103,305.82202,312.8895,232.27536847368256,353.6240330663389,2053.65188,286.7604900000001,1886.47114,-31.80397
1005,1005,1005.0,1005.0,1005.0,1005.0,1005.0,1005.0,1005.0,1005.0,1005.0,1005.0,1005.0,1005.0,1005.0,1005.0,1005.0,1005.0,1005.0,1005.0,1005.0,1005.0,1005.0,1005.0,5.0,0.5,242.54849,252.1281,260.44162,267.12858,272.08209,275.43668,277.51374,278.7451,279.5968,280.5096,281.86333,283.96389,287.04526,291.27715,296.77006,303.57343,311.66693,320.94926,331.23083,342.23679,199.3133589350205,207.3906468556636,2340.41237,315.80301999999983,1599.71065,-37.563319999999976
1006,1006,1006.0,1006.0,1006.0,1006.0,1006.0,1006.0,1006.0,1006.0,1006.0,1006.0,1006.0,1006.0,1006.0,1006.0,1006.0,1006.0,1006.0,1006.0,1006.0,1006.0,1006.0,1006.0,6.0,0.6,211.4675,223.20511,234.16184,244.06678,252.7646,260.21505,266.47132,271.64212,275.84444,279.15445,281.56418,282.9516,283.07211,281.57828,278.07149,272.18282,263.67131,252.51898,238.99683,223.67865,325.6064761615901,329.5398885658207,2656.21539,461.32924,1283.9076300000002,-52.78494999999998
1007,1007,1007.0,1007.0,1007.0,1007.0,1007.0,1007.0,1007.0,1007.0,1007.0,1007.0,1007.0,1007.0,1007.0,1007.0,1007.0,1007.0,1007.0,1007.0,1007.0,1007.0,1007.0,1007.0,7.0,0.7,313.40375,302.00273,292.07872,284.0841,278.20249,274.35889,272.27664,271.56267,271.79993,272.62973,273.81293,275.26463,277.06047,279.41448,282.62976,287.02677,292.85909,300.23273,309.04875,318.98695,323.3016883448581,357.4657606388405,3117.54463,277.4157100000002,822.5783900000001,-38.641110000000026
1008,1008,1008.0,1008.0,1008.0,1008.0,1008.0,1008.0,1008.0,1008.0,1008.0,1008.0,1008.0,1008.0,1008.0,1008.0,1008.0,1008.0,1008.0,1008.0,1008.0,1008.0,1008.0,1008.0,8.0,0.8,316.21963,309.36625,302.95536,297.17315,292.16943,288.0541,284.89933,282.74717,281.62108,281.53928,282.52711,284.62541,287.89225,292.39611,298.2001,305.33906,313.79346,323.46616,334.16821,345.61939,201.4672493390342,229.75411941298063,3394.96034,206.87528999999995,545.1626799999999,-24.945899999999995
1009,1009,1009.0,1009.0,1009.0,1009.0,1009.0,1009.0,1009.0,1009.0,1009.0,1009.0,1009.0,1009.0,1009.0,1009.0,1009.0,1009.0,1009.0,1009.0,1009.0,1009.0,1009.0,1009.0,9.0,0.9,217.06688,231.8617,245.17146,256.53527,265.75621,272.89006,278.18717,282.00594,284.71886,286.62896,287.90851,288.56624,288.44564,287.25481,284.62606,280.19929,273.71744,265.1155,254.58133,242.56889,286.71257182737526,321.32027840102205,3601.83563,338.28739,338.28739,-40.10994
1010,1010,1010.0,1010.0,1010.0,1010.0,1010.0,1010.0,1010.0,1010.0,1010.0,1010.0,1010.0,1010.0,1010.0,1010.0,1010.0,1010.0,1010.0,1010.0,1010.0,1010.0,1010.0,1010.0,0.0,0.0,273.0,273.0,273.0,273.0,273.0,273.0,273.0,273.0,273.0,273.0,273.0,273.0,273.0,273.0,273.0,273.0,273.0,273.0,273.0,273.0,283.1833019647577,289.49757009264243,0.0,434.07929,4485.970480000001,-40.0
1011,1011,1011.0,1011.0,1011.0,1011.0,1011.0,1011.0,1011.0,1011.0,1011.0,1011.0,1011.0,1011.0,1011.0,1011.0,1011.0,1011.0,1011.0,1011.0,1011.0,1011.0,1011.0,1011.0,1.0,0.1,281.44804,279.79227,278.28483,276.97574,275.89242,275.04063,274.40961,273.97968,273.73068,273.6496,273.7363,274.00642,274.49121,275.23358,276.28072,277.67362,279.43518,281.55914,284.00277,286.68593,288.1784895892014,239.70043529958923,434.07929,412.40079,4051.8911900000007,-37.95936999999998
1012,1012,1012.0,1012.0,1012.0,1012.0,1012.0,1012.0,1012.0,1012.0,1012.0,1012.0,1012.0,1012.0,1012.0,1012.0,1012.0,1012.0,1012.0,1012.0,1012.0,1012.0,1012.0,1012.0,2.0,0.2,286.12196,284.13701,282.28799,280.62607,279.18519,277.98011,277.00562,276.23614,275.62441,275.09896,274.5609,273.88187,272.90572,271.45698,269.35812,266.45545,262.65031,257.92898,252.38279,246.21065,321.21028656000954,286.15246933367087,846.48008,434.71082,3639.4904000000006,-35.019889999999975
1013,1013,1013.0,1013.0,1013.0,1013.0,1013.0,1013.0,1013.0,1013.0,1013.0,1013.0,1013.0,1013.0,1013.0,1013.0,1013.0,1013.0,1013.0,1013.0,1013.0,1013.0,1013.0,1013.0,3.0,0.3,314.00281,307.07586,300.67205,294.96664,290.05236,285.94019,282.57417,279.85521,277.66831,275.90844,274.50142,273.41751,272.67624,272.34118,272.50457,273.26274,274.68602,276.78917,279.50998,282.70304,238.5388534133408,250.90209359999284,1281.1909,397.5569499999999,3204.7795800000004,-27.059810000000027
1014,1014,1014.0,1014.0,1014.0,1014.0,1014.0,1014.0,1014.0,1014.0,1014.0,1014.0,1014.0,1014.0,1014.0,1014.0,1014.0,1014.0,1014.0,1014.0,1014.0,1014.0,1014.0,1014.0,4.0,0.4,247.23095,255.38482,262.54386,268.39519,272.79923,275.78344,277.50667,278.20674,278.14513,277.5598,276.63261,275.47297,274.11664,272.53688,270.6652,268.41835,265.72773,262.5662,258.9666,255.02725,370.0968046824944,252.46414194968983,1678.74785,442.07063,2807.22263,-37.216560000000015
1015,1015,1015.0,1015.0,1015.0,1015.0,1015.0,1015.0,1015.0,1015.0,1015.0,1015.0,1015.0,1015.0,1015.0,1015.0,1015.0,1015.0,1015.0,1015.0,1015.0,1015.0,1015.0,1015.0,5.0,0.5,353.10995,336.97273,322.40725,309.91086,299.70968,291.76752,285.83955,281.55056,278.47571,276.20693,274.39608,272.7746,271.1545,269.41795,267.50223,265.38474,263.07049,260.58278,257.95674,255.23489,256.9021667490852,295.4802567734862,2120.81848,395.09585000000015,2365.152,-21.23248000000001
1016,1016,1016.0,1016.0,1016.0,1016.0,1016.0,1016.0,1016.0,1016.0,1016.0,1016.0,1016.0,1016.0,1016.0,1016.0,1016.0,1016.0,1016.0,1016.0,1016.0,1016.0,1016.0,1016.0,6.0,0.6,264.35304,271.1942,276.91578,281.183,283.87022,285.05075,284.95201,283.89358,282.2266,280.28807,278.37574,276.74164,275.59682,275.11834,275.45073,276.69815,278.90822,282.05291,286.01455,290.58471,214.3641779899688,297.24732129733866,2515.91433,369.6315399999999,1970.05615,-27.949250000000006
1017,1017,1017.0,1017.0,1017.0,1017.0,1017.0,1017.0,1017.0,1017.0,1017.0,1017.0,1017.0,1017.0,1017.0,1017.0,1017.0,1017.0,1017.0,1017.0,1017.0,1017.0,1017.0,1017.0,7.0,0.7,225.58784,236.31619,246.11522,254.66127,261.76915,267.39657,271.62781,274.64362,276.68562,278.02225,278.92066,279.62631,280.34968,281.25858,282.47437,284.07069,286.07414,288.46682,291.19095,294.15586,268.1183916898973,176.9090034053177,2885.54587,463.4319300000002,1600.42461,-45.60343
1018,1018,1018.0,1018.0,1018.0,1018.0,1018.0,1018.0,1018.0,1018.0,1018.0,1018.0,1018.0,1018.0,1018.0,1018.0,1018.0,1018.0,1018.0,1018.0,1018.0,1018.0,1018.0,1018.0,8.0,0.8,266.94083,265.99864,265.4821,265.50244,266.07611,267.12811,268.5089,270.01625,271.413,272.4354,272.79162,272.15572,270.1659,266.43702,260.59488,252.33294,241.48398,228.09043,212.45203,195.13167,280.0140924202832,310.66869540931816,3348.9778,607.2870600000001,1136.9926799999998,-45.87189000000001
1019,1019,1019.0,1019.0,1019.0,1019.0,1019.0,1019.0,1019.0,1019.0,1019.0,1019.0,1019.0,1019.0,1019.0,1019.0,1019.0,1019.0,1019.0,1019.0,1019.0,1019.0,1019.0,1019.0,9.0,0.9,277.89413,275.88827,274.08983,272.55492,271.29379,270.27163,269.41944,268.65346,267.90149,267.13277,266.38731,265.79867,265.603,266.12678,267.7482,270.8328,275.65211,282.30264,290.64744,300.30097,286.3006911556716,220.89326230447244,3956.26486,529.7056199999997,529.7056199999997,-42.728369999999984
1020,1020,1020.0,1020.0,1020.0,1020.0,1020.0,1020.0,1020.0,1020.0,1020.0,1020.0,1020.0,1020.0,1020.0,1020.0,1020.0,1020.0,1020.0,1020.0,1020.0,1020.0,1020.0,1020.0,0.0,0.0,273.0,273.0,273.0,273.0,273.0,273.0,273.0,273.0,273.0,273.0,273.0,273.0,273.0,273.0,273.0,273.0,273.0,273.0,273.0,273.0,334.33562891651934,175.22469046427153,0.0,487.46126,7655.40293,-40.0
1021,1021,1021.0,1021.0,1021.0,1021.0,1021.0,1021.0,1021.0,1021.0,1021.0,1021.0,1021.0,1021.0,1021.0,1021.0,1021.0,1021.0,1021.0,1021.0,1021.0,1021.0,1021.0,1021.0,1.0,0.1,323.87903,313.89763,304.8003,296.87781,290.2752,284.99039,280.89363,277.75762,275.28795,273.14585,270.96133,268.33957,264.86773,260.13066,253.74195,245.39144,234.90337,222.29213,207.79855,191.89124,182.34942481860216,205.85733041849284,487.46126,695.2782500000001,7167.94167,-28.00961000000001
1022,1022,1022.0,1022.0,1022.0,1022.0,1022.0,1022.0,1022.0,1022.0,1022.0,1022.0,1022.0,1022.0,1022.0,1022.0,1022.0,1022.0,1022.0,1022.0,1022.0,1022.0,1022.0,1022.0,2.0,0.2,200.68097,217.96945,233.3187,246.09112,255.96021,262.89905,267.11712,268.97003,268.86819,267.20501,264.31451,260.45827,255.83386,250.59405,244.86641,238.76626,232.40039,225.8632,219.22979,212.55145,316.27728549569173,241.4619396723297,1182.73951,873.2596900000001,6472.66342,-50.10095000000001
1023,1023,1023.0,1023.0,1023.0,1023.0,1023.0,1023.0,1023.0,1023.0,1023.0,1023.0,1023.0,1023.0,1023.0,1023.0,1023.0,1023.0,1023.0,1023.0,1023.0,1023.0,1023.0,1023.0,3.0,0.3,305.14513,294.67864,285.42584,277.72944,271.68885,267.17623,263.89574,261.46549,259.50036,257.67842,255.78223,253.71355,251.48536,249.19734,247.00079,245.05867,243.50629,242.41833,241.78811,241.52358,256.67954445140026,189.4634450176265,2055.9992,855.9146999999998,5599.40373,-45.823770000000025
1024,1024,1024.0,1024.0,1024.0,1024.0,1024.0,1024.0,1024.0,1024.0,1024.0,1024.0,1024.0,1024.0,1024.0,1024.0,1024.0,1024.0,1024.0,1024.0,1024.0,1024.0,1024.0,1024.0,4.0,0.4,259.34969,261.72512,263.55885,264.68691,265.04281,264.64965,263.59433,261.99245,259.95274,257.54802,254.79674,251.65613,248.02694,243.76901,238.72659,232.76121,225.7879,217.80825,208.93194,199.37963,292.2025734279651,232.8148071531529,2911.9139,974.70169,4743.489030000001,-48.35034999999999
1025,1025,1025.0,1025.0,1025.0,1025.0,1025.0,1025.0,1025.0,1025.0,1025.0,1025.0,1025.0,1025.0,1025.0,1025.0,1025.0,1025.0,1025.0,1025.0,1025.0,1025.0,1025.0,1025.0,5.0,0.5,287.03981,282.05321,277.38693,273.12907,269.30099,265.86134,262.72221,259.77245,256.90271,254.02756,251.10196,248.13035,245.16773,242.31196,239.68739,237.42087,235.61329,234.31221,233.49223,233.04969,188.28282504093195,292.0132541753892,3886.61559,950.7054199999998,3768.78734,-47.138660000000016
1026,1026,1026.0,1026.0,1026.0,1026.0,1026.0,1026.0,1026.0,1026.0,1026.0,1026.0,1026.0,1026.0,1026.0,1026.0,1026.0,1026.0,1026.0,1026.0,1026.0,1026.0,1026.0,1026.0,6.0,0.6,201.77428,214.50171,225.80868,235.22959,242.53219,247.71558,250.97224,252.63043,253.09453,252.7966,252.1649,251.60796,251.50722,252.20982,254.01427,257.14632,261.72758,267.74486,275.03103,283.26746,346.7851011863047,264.8858204369434,4837.32101,861.8857400000006,2818.0819200000005,-65.28442000000001
1027,1027,1027.0,1027.0,1027.0,1027.0,1027.0,1027.0,1027.0,1027.0,1027.0,1027.0,1027.0,1027.0,1027.0,1027.0,1027.0,1027.0,1027.0,1027.0,1027.0,1027.0,1027.0,1027.0,7.0,0.7,328.54318,311.2886,295.86087,282.83991,272.49457,264.79646,259.48587,256.16472,254.38976,253.74531,253.88577,254.5484,255.54443,256.73958,258.03424,259.35019,260.62616,261.8206,262.91698,263.9267,302.2451166175179,212.6735030602384,5699.20675,699.1156899999996,1956.19618,-48.203539999999975
1028,1028,1028.0,1028.0,1028.0,1028.0,1028.0,1028.0,1028.0,1028.0,1028.0,1028.0,1028.0,1028.0,1028.0,1028.0,1028.0,1028.0,1028.0,1028.0,1028.0,1028.0,1028.0,1028.0,8.0,0.8,297.64565,293.0256,288.3876,283.77259,279.26133,274.96193,270.98707,267.42697,264.32464,261.65813,259.33234,257.1813,254.98076,252.47067,249.38675,245.49869,240.65054,234.79598,228.01977,220.538,360.77513647909353,252.99353683915487,6398.32244,708.6755800000001,1257.0804900000005,-38.038070000000005
1029,1029,1029.0,1029.0,1029.0,1029.0,1029.0,1029.0,1029.0,1029.0,1029.0,1029.0,1029.0,1029.0,1029.0,1029.0,1029.0,1029.0,1029.0,1029.0,1029.0,1029.0,1029.0,1029.0,9.0,0.9,346.47499,332.66371,319.76667,308.09637,297.82684,288.99459,281.52187,275.25377,269.99939,265.56921,261.80375,258.59133,255.87476,253.64722,251.93845,250.79285,250.24282,250.28256,250.84871,251.81345,268.8290290597216,343.0010854739268,7106.99802,548.4049100000002,548.4049100000002,-24.005409999999983
1030,1030,1030.0,1030.0,1030.0,1030.0,1030.0,1030.0,1030.0,1030.0,1030.0,1030.0,1030.0,1030.0,1030.0,1030.0,1030.0,1030.0,1030.0,1030.0,1030.0,1030.0,1030.0,1030.0,0.0,0.0,273.0,273.0,273.0,273.0,273.0,273.0,273.0,273.0,273.0,273.0,273.0,273.0,273.0,273.0,273.0,273.0,273.0,273.0,273.0,273.0,330.05426551953985,237.1810985959226,0.0,446.69112,2404.41601,6.604440000000011
1031,1031,1031.0,1031.0,1031.0,1031.0,1031.0,1031.0,1031.0,1031.0,1031.0,1031.0,1031.0,1031.0,1031.0,1031.0,1031.0,1031.0,1031.0,1031.0,1031.0,1031.0,1031.0,1031.0,1.0,0.1,320.32897,311.04667,302.58929,295.23028,289.11021,284.23747,280.50948,277.74523,275.71919,274.18909,272.91397,271.66339,270.22136,268.39013,265.99777,262.91158,259.05579,254.42918,249.11649,243.28754,357.0444464989781,363.8175074329659,446.69112,394.50329,1957.72489,6.604440000000011
1032,1032,1032.0,1032.0,1032.0,1032.0,1032.0,1032.0,1032.0,1032.0,1032.0,1032.0,1032.0,1032.0,1032.0,1032.0,1032.0,1032.0,1032.0,1032.0,1032.0,1032.0,1032.0,1032.0,2.0,0.2,345.49232,334.29894,323.78352,314.19458,305.69321,298.35344,292.17868,287.1303,283.16338,280.26387,278.4813,277.95109,278.8998,281.62738,286.46306,293.69689,303.4968,315.82861,330.4013,346.65721,348.13122218328806,356.056357520873,841.19441,180.1945000000001,1563.2216,6.604440000000011
1033,1033,1033.0,1033.0,1033.0,1033.0,1033.0,1033.0,1033.0,1033.0,1033.0,1033.0,1033.0,1033.0,1033.0,1033.0,1033.0,1033.0,1033.0,1033.0,1033.0,1033.0,1033.0,1033.0,3.0,0.3,340.71391,333.40856,326.33143,319.60592,313.36311,307.74021,302.87701,298.91139,295.97442,294.18539,293.64662,294.43769,296.60894,300.17481,305.10762,311.33306,318.72855,327.12491,336.31153,346.04442,368.8359090369775,223.4016776578908,1021.38891,122.90642999999989,1383.0270999999998,6.604440000000011
1034,1034,1034.0,1034.0,1034.0,1034.0,1034.0,1034.0,1034.0,1034.0,1034.0,1034.0,1034.0,1034.0,1034.0,1034.0,1034.0,1034.0,1034.0,1034.0,1034.0,1034.0,1034.0,1034.0,4.0,0.4,359.19612,349.83687,341.01456,332.94166,325.77388,319.60444,314.46291,310.31493,307.05922,304.52045,302.43973,300.46778,298.16877,295.04315,290.57505,284.3038,275.91013,265.29885,252.65493,238.45187,184.6259524436378,221.9479888055539,1144.29534,213.39751,1260.12067,6.604440000000011
1035,1035,1035.0,1035.0,1035.0,1035.0,1035.0,1035.0,1035.0,1035.0,1035.0,1035.0,1035.0,1035.0,1035.0,1035.0,1035.0,1035.0,1035.0,1035.0,1035.0,1035.0,1035.0,1035.0,5.0,0.5,208.44968,230.96311,251.04173,267.88842,281.10112,290.65924,296.84391,300.12169,301.02411,300.04906,297.59822,293.95238,289.27831,283.65624,277.11697,269.67935,261.38181,252.30413,242.57776,232.38497,306.5911454817749,320.84161060540123,1357.69285,282.3200800000002,1046.72316,6.604440000000011
1036,1036,1036.0,1036.0,1036.0,1036.0,1036.0,1036.0,1036.0,1036.0,1036.0,1036.0,1036.0,1036.0,1036.0,1036.0,1036.0,1036.0,1036.0,1036.0,1036.0,1036.0,1036.0,1036.0,6.0,0.6,301.33482,296.55967,292.64854,289.81391,288.0695,287.24992,287.06837,287.19442,287.33253,287.28594,286.99719,286.56218,286.21836,286.30907,287.22727,289.34406,292.93131,298.09218,304.71574,312.4702,184.70860372578588,358.83029194901746,1640.01293,231.09648,764.4030799999998,6.604440000000011
1037,1037,1037.0,1037.0,1037.0,1037.0,1037.0,1037.0,1037.0,1037.0,1037.0,1037.0,1037.0,1037.0,1037.0,1037.0,1037.0,1037.0,1037.0,1037.0,1037.0,1037.0,1037.0,1037.0,7.0,0.7,202.60485,219.65361,235.12864,248.51858,259.57431,268.30582,274.9384,279.84641,283.48445,286.3307,288.84882,291.46735,294.56992,298.48813,303.49064,309.76561,317.39887,326.35343,336.45885,347.41735,337.76247778167675,350.1003894155957,1871.10941,199.70589000000007,533.3065999999999,6.604440000000011
1038,1038,1038.0,1038.0,1038.0,1038.0,1038.0,1038.0,1038.0,1038.0,1038.0,1038.0,1038.0,1038.0,1038.0,1038.0,1038.0,1038.0,1038.0,1038.0,1038.0,1038.0,1038.0,1038.0,8.0,0.8,324.37931,311.91844,301.16233,292.64828,286.62076,283.04621,281.67756,282.14453,284.04388,287.00987,290.75536,295.08343,299.87692,305.07549,310.64972,316.57885,322.8356,329.37871,336.1516,343.08484,316.7839553043215,217.84509782046703,2070.8153,119.99406999999974,333.6007099999997,6.604440000000011
1039,1039,1039.0,1039.0,1039.0,1039.0,1039.0,1039.0,1039.0,1039.0,1039.0,1039.0,1039.0,1039.0,1039.0,1039.0,1039.0,1039.0,1039.0,1039.0,1039.0,1039.0,1039.0,1039.0,9.0,0.9,312.61145,308.57954,304.82833,301.49401,298.70054,296.5462,295.08644,294.31495,294.14543,294.3962,294.78057,294.90673,294.29205,292.3973,288.68381,282.69156,274.12843,262.95257,249.42559,234.11634,183.6480336582966,353.5812521819445,2190.80937,213.60664,213.60664,6.604440000000011
1040,1040,1040.0,1040.0,1040.0,1040.0,1040.0,1040.0,1040.0,1040.0,1040.0,1040.0,1040.0,1040.0,1040.0,1040.0,1040.0,1040.0,1040.0,1040.0,1040.0,1040.0,1040.0,1040.0,0.0,0.0,273.0,273.0,273.0,273.0,273.0,273.0,273.0,273.0,273.0,273.0,273.0,273.0,273.0,273.0,273.0,273.0,273.0,273.0,273.0,273.0,213.32257802238263,216.4690553562439,0.0,516.26324,4651.00398,-40.0
1041,1041,1041.0,1041.0,1041.0,1041.0,1041.0,1041.0,1041.0,1041.0,1041.0,1041.0,1041.0,1041.0,1041.0,1041.0,1041.0,1041.0,1041.0,1041.0,1041.0,1041.0,1041.0,1041.0,1.0,0.1,223.4927,233.19773,242.03547,249.71487,256.07935,261.10253,264.86078,267.49157,269.1483,269.96023,270.00343,269.28571,267.74647,265.27137,261.72048,256.96694,250.94044,243.6671,235.29588,226.10281,251.60714048405083,269.2435968720084,516.26324,697.2209499999999,4134.74074,-51.89747
1042,1042,1042.0,1042.0,1042.0,1042.0,1042.0,1042.0,1042.0,1042.0,1042.0,1042.0,1042.0,1042.0,1042.0,1042.0,1042.0,1042.0,1042.0,1042.0,1042.0,1042.0,1042.0,1042.0,2.0,0.2,252.2041,252.91575,253.826,254.96547,256.30285,257.75126,259.18707,260.47556,261.4978,262.17388,262.47957,262.45459,262.20176,261.87593,261.66286,261.74909,262.28676,263.36001,264.96124,266.98502,283.5961695714768,186.7232154149394,1213.48419,740.0509100000002,3437.5197900000003,-55.24874
1043,1043,1043.0,1043.0,1043.0,1043.0,1043.0,1043.0,1043.0,1043.0,1043.0,1043.0,1043.0,1043.0,1043.0,1043.0,1043.0,1043.0,1043.0,1043.0,1043.0,1043.0,1043.0,1043.0,3.0,0.3,279.10983,274.8704,271.08787,267.90636,265.38859,263.51486,262.19335,261.27615,260.57496,259.87191,258.92463,257.4679,255.21688,251.87837,247.17469,240.88134,232.87361,223.172,211.97253,199.64944,286.26219771056907,364.6188618777809,1953.5351,766.31563,2697.4688800000004,-49.48514
1044,1044,1044.0,1044.0,1044.0,1044.0,1044.0,1044.0,1044.0,1044.0,1044.0,1044.0,1044.0,1044.0,1044.0,1044.0,1044.0,1044.0,1044.0,1044.0,1044.0,1044.0,1044.0,1044.0,4.0,0.4,282.72868,279.27575,275.97422,272.8776,270.01866,267.4119,265.06289,262.98525,261.22437,259.88598,259.16458,259.36442,260.90309,264.28757,270.05618,278.68754,290.48889,305.48768,323.35669,343.40067,320.230875953858,343.1439531972944,2719.85073,442.7181499999997,1931.1532500000003,-45.5881
1045,1045,1045.0,1045.0,1045.0,1045.0,1045.0,1045.0,1045.0,1045.0,1045.0,1045.0,1045.0,1045.0,1045.0,1045.0,1045.0,1045.0,1045.0,1045.0,1045.0,1045.0,1045.0,1045.0,5.0,0.5,311.56154,303.21845,295.49414,288.62197,282.76474,278.01836,274.42737,272.00632,270.76008,270.69784,271.83782,274.20286,277.8093,282.65307,288.69706,295.86314,304.03051,313.04015,322.7033,332.81123,191.1851038046204,266.4880674177783,3162.56888,323.10453000000007,1488.4351000000006,-34.98164000000003
1046,1046,1046.0,1046.0,1046.0,1046.0,1046.0,1046.0,1046.0,1046.0,1046.0,1046.0,1046.0,1046.0,1046.0,1046.0,1046.0,1046.0,1046.0,1046.0,1046.0,1046.0,1046.0,1046.0,6.0,0.6,206.98496,221.95458,235.39427,246.83442,256.08257,263.2128,268.50684,272.36708,275.2234,277.45239,279.3199,280.95151,282.33042,283.3202,283.70813,283.26365,281.80309,279.24912,275.67152,271.29777,258.0769546956236,306.2833901383882,3485.67341,441.81303000000025,1165.3305700000003,-49.787199999999984
1047,1047,1047.0,1047.0,1047.0,1047.0,1047.0,1047.0,1047.0,1047.0,1047.0,1047.0,1047.0,1047.0,1047.0,1047.0,1047.0,1047.0,1047.0,1047.0,1047.0,1047.0,1047.0,1047.0,7.0,0.7,257.57494,257.33974,257.5862,258.43895,259.91707,261.94332,264.37261,267.03033,269.75026,272.40486,274.92397,277.30142,279.59104,281.8937,284.33731,287.05151,290.14033,293.65712,297.58744,301.84501,343.732228506786,351.9931100883209,3927.48644,346.9115799999995,723.5175400000003,-51.05667999999997
1048,1048,1048.0,1048.0,1048.0,1048.0,1048.0,1048.0,1048.0,1048.0,1048.0,1048.0,1048.0,1048.0,1048.0,1048.0,1048.0,1048.0,1048.0,1048.0,1048.0,1048.0,1048.0,1048.0,8.0,0.8,329.99342,316.97914,305.31757,295.46617,287.6743,281.98724,278.28489,276.34172,275.89204,276.6877,278.53958,281.33959,285.06302,289.75352,295.49387,302.36717,310.41453,319.59715,329.77153,340.68475,280.3500253881373,311.2973654560843,4274.39802,185.71606000000065,376.6059600000008,-31.01276000000001
1049,1049,1049.0,1049.0,1049.0,1049.0,1049.0,1049.0,1049.0,1049.0,1049.0,1049.0,1049.0,1049.0,1049.0,1049.0,1049.0,1049.0,1049.0,1049.0,1049.0,1049.0,1049.0,1049.0,9.0,0.9,282.15309,283.74261,284.95617,285.71932,286.06085,286.10306,286.03252,286.06062,286.38377,287.15106,288.44343,290.26549,292.54891,295.16607,297.95202,300.73276,303.3561,305.72001,307.79235,309.6161,370.6521234057576,218.3521159245495,4460.11408,190.88990000000013,190.88990000000013,-26.89693999999997
1050,1050,1050.0,1050.0,1050.0,1050.0,1050.0,1050.0,1050.0,1050.0,1050.0,1050.0,1050.0,1050.0,1050.0,1050.0,1050.0,1050.0,1050.0,1050.0,1050.0,1050.0,1050.0,1050.0,0.0,0.0,273.0,273.0,273.0,273.0,273.0,273.0,273.0,273.0,273.0,273.0,273.0,273.0,273.0,273.0,273.0,273.0,273.0,273.0,273.0,273.0,360.4307810433724,293.2553511935484,0.0,406.91021,7206.86181,-40.0
1051,1051,1051.0,1051.0,1051.0,1051.0,1051.0,1051.0,1051.0,1051.0,1051.0,1051.0,1051.0,1051.0,1051.0,1051.0,1051.0,1051.0,1051.0,1051.0,1051.0,1051.0,1051.0,1051.0,1.0,0.1,345.52943,331.30833,318.3549,307.09221,297.7433,290.33506,284.73507,280.70737,277.97234,276.25797,275.33569,275.03879,275.26535,275.9691,277.14222,278.79373,280.92708,283.52056,286.51408,289.80516,252.7762992095649,197.97434990103247,406.91021,364.76675,6799.9516,-22.66494
1052,1052,1052.0,1052.0,1052.0,1052.0,1052.0,1052.0,1052.0,1052.0,1052.0,1052.0,1052.0,1052.0,1052.0,1052.0,1052.0,1052.0,1052.0,1052.0,1052.0,1052.0,1052.0,1052.0,2.0,0.2,260.58754,267.80924,273.94916,278.68554,281.89888,283.65836,284.17125,283.71135,282.54457,280.8659,278.75688,276.16735,272.92171,268.7489,263.33317,256.38089,247.69403,237.23691,225.17989,211.90612,186.79037361131404,201.3902034540835,771.67696,595.6912,6435.184850000001,-29.341639999999984
1053,1053,1053.0,1053.0,1053.0,1053.0,1053.0,1053.0,1053.0,1053.0,1053.0,1053.0,1053.0,1053.0,1053.0,1053.0,1053.0,1053.0,1053.0,1053.0,1053.0,1053.0,1053.0,1053.0,3.0,0.3,202.39505,217.30131,230.89239,242.69697,252.42279,259.9567,265.33602,268.7029,270.25424,270.19834,268.72475,265.98925,262.11246,257.18794,251.29564,244.51626,236.94368,228.69326,219.90529,210.74362,174.98594058590572,265.917254820339,1367.36816,903.47455,5839.49365,-53.04329999999999
1054,1054,1054.0,1054.0,1054.0,1054.0,1054.0,1054.0,1054.0,1054.0,1054.0,1054.0,1054.0,1054.0,1054.0,1054.0,1054.0,1054.0,1054.0,1054.0,1054.0,1054.0,1054.0,1054.0,4.0,0.4,187.75634,200.13363,211.75391,222.30741,231.5561,239.34283,245.59305,250.31157,253.57698,255.53607,256.39865,256.43151,255.94855,255.2936,254.81316,254.81939,255.54746,257.11584,259.50007,262.5303,226.80881093561047,198.32589203991336,2270.84271,1091.4865100000002,4936.0191,-73.65717000000001
1055,1055,1055.0,1055.0,1055.0,1055.0,1055.0,1055.0,1055.0,1055.0,1055.0,1055.0,1055.0,1055.0,1055.0,1055.0,1055.0,1055.0,1055.0,1055.0,1055.0,1055.0,1055.0,1055.0,5.0,0.5,227.67635,228.74259,230.16159,232.00961,234.2712,236.84555,239.56833,242.24017,244.65274,246.60583,247.91343,248.40111,247.90067,246.24916,243.29817,238.9357,233.11782,225.90211,217.47177,208.13958,292.3294638593996,183.1293576776517,3362.32922,1246.94259,3844.53259,-76.15445
1056,1056,1056.0,1056.0,1056.0,1056.0,1056.0,1056.0,1056.0,1056.0,1056.0,1056.0,1056.0,1056.0,1056.0,1056.0,1056.0,1056.0,1056.0,1056.0,1056.0,1056.0,1056.0,1056.0,6.0,0.6,282.81446,273.81406,265.76613,258.97191,253.56428,249.50724,246.62184,244.62787,243.18991,241.95818,240.59928,238.81615,236.35964,233.03535,228.70931,223.31399,216.85463,209.41379,201.15111,192.29563,361.7672368477639,345.40190491905093,4609.27181,1128.40269,2597.59,-63.49276
1057,1057,1057.0,1057.0,1057.0,1057.0,1057.0,1057.0,1057.0,1057.0,1057.0,1057.0,1057.0,1057.0,1057.0,1057.0,1057.0,1057.0,1057.0,1057.0,1057.0,1057.0,1057.0,1057.0,7.0,0.7,343.43604,325.78967,309.42608,294.78863,282.13131,271.52159,262.87683,256.02384,250.76875,246.96501,244.5694,243.67741,244.53088,247.49201,252.98137,261.38408,272.93785,287.62613,305.1046,324.68687,346.7081986909607,307.5385523332959,5737.6745,616.8429500000002,1469.1873100000005,-41.47841
1058,1058,1058.0,1058.0,1058.0,1058.0,1058.0,1058.0,1058.0,1058.0,1058.0,1058.0,1058.0,1058.0,1058.0,1058.0,1058.0,1058.0,1058.0,1058.0,1058.0,1058.0,1058.0,1058.0,8.0,0.8,335.58061,324.62881,314.03187,303.97339,294.63963,286.21423,278.8707,272.7638,268.02117,264.73552,262.95768,262.69082,263.88651,266.44415,270.21565,275.01626,280.64093,286.88328,293.5526,300.48403,248.3480375425532,286.73557306460407,6354.51745,415.48567,852.34436,-26.785770000000014
1059,1059,1059.0,1059.0,1059.0,1059.0,1059.0,1059.0,1059.0,1059.0,1059.0,1059.0,1059.0,1059.0,1059.0,1059.0,1059.0,1059.0,1059.0,1059.0,1059.0,1059.0,1059.0,1059.0,9.0,0.9,255.87084,262.79126,268.60848,273.00055,275.86154,277.29381,277.5634,277.03396,276.09667,275.11014,274.35859,274.03039,274.21502,274.91427,276.0632,277.55636,279.27529,281.11296,282.99126,284.86848,184.0919265319133,314.2432212183006,6770.00312,436.85869,436.85869,-35.70618999999999
1060,1060,1060.0,1060.0,1060.0,1060.0,1060.0,1060.0,1060.0,1060.0,1060.0,1060.0,1060.0,1060.0,1060.0,1060.0,1060.0,1060.0,1060.0,1060.0,1060.0,1060.0,1060.0,1060.0,0.0,0.0,273.0,273.0,273.0,273.0,273.0,273.0,273.0,273.0,273.0,273.0,273.0,273.0,273.0,273.0,273.0,273.0,273.0,273.0,273.0,273.0,359.1803657798954,221.41172577171736,0.0,449.24576,6587.30681,-40.0
1061,1061,1061.0,1061.0,1061.0,1061.0,1061.0,1061.0,1061.0,1061.0,1061.0,1061.0,1061.0,1061.0,1061.0,1061.0,1061.0,1061.0,1061.0,1061.0,1061.0,1061.0,1061.0,1061.0,1.0,0.1,344.49034,330.46954,317.69494,306.5797,297.33636,289.97805,284.35068,280.18223,277.13428,274.84418,272.95268,271.11791,269.02131,266.37275,262.92111,258.47308,252.91819,246.25397,238.60201,230.20667,213.73969894135,243.9797226113004,449.24576,506.22869,6138.06105,-23.021950000000004
1062,1062,1062.0,1062.0,1062.0,1062.0,1062.0,1062.0,1062.0,1062.0,1062.0,1062.0,1062.0,1062.0,1062.0,1062.0,1062.0,1062.0,1062.0,1062.0,1062.0,1062.0,1062.0,1062.0,2.0,0.2,228.028,241.40793,253.10787,262.5965,269.63068,274.24308,276.68158,277.32348,276.58903,274.87343,272.50636,269.73885,266.75016,263.66484,260.57073,257.53166,254.59257,251.77845,249.09088,246.50637,297.4097004829919,303.1486575550359,955.47445,550.314,5631.83236,-38.75691999999998
1063,1063,1063.0,1063.0,1063.0,1063.0,1063.0,1063.0,1063.0,1063.0,1063.0,1063.0,1063.0,1063.0,1063.0,1063.0,1063.0,1063.0,1063.0,1063.0,1063.0,1063.0,1063.0,1063.0,3.0,0.3,291.90101,286.74806,282.23986,278.55046,275.71997,273.66796,272.23236,271.22154,270.46614,269.86025,269.38623,269.12138,269.22742,269.92496,271.45546,274.03485,277.80475,282.78983,288.87134,295.78518,212.63848087306155,296.528621454548,1505.78845,464.7344000000001,5081.51836,-39.332040000000006
1064,1064,1064.0,1064.0,1064.0,1064.0,1064.0,1064.0,1064.0,1064.0,1064.0,1064.0,1064.0,1064.0,1064.0,1064.0,1064.0,1064.0,1064.0,1064.0,1064.0,1064.0,1064.0,1064.0,4.0,0.4,223.51353,233.82591,243.09684,250.99585,257.37257,262.25276,265.80534,268.29287,270.01949,271.28677,272.36298,273.4663,274.75927,276.35035,278.29947,280.62494,283.31081,286.314,289.57113,293.00474,174.48902352719003,333.46821332803404,1970.52285,539.8851699999998,4616.78396,-50.74723999999998
1065,1065,1065.0,1065.0,1065.0,1065.0,1065.0,1065.0,1065.0,1065.0,1065.0,1065.0,1065.0,1065.0,1065.0,1065.0,1065.0,1065.0,1065.0,1065.0,1065.0,1065.0,1065.0,1065.0,5.0,0.5,188.48167,202.005,214.64518,226.08842,236.14718,244.76547,252.00632,258.02766,263.05419,267.35123,271.2039,274.90177,278.72683,282.94136,287.77296,293.39569,299.90895,307.31876,315.52731,324.33648,177.4142984519934,274.5568031139314,2510.40802,665.1322,4076.89879,-68.23453
1066,1066,1066.0,1066.0,1066.0,1066.0,1066.0,1066.0,1066.0,1066.0,1066.0,1066.0,1066.0,1066.0,1066.0,1066.0,1066.0,1066.0,1066.0,1066.0,1066.0,1066.0,1066.0,1066.0,6.0,0.6,187.78938,198.01149,207.93732,217.44209,226.42666,234.82182,242.58889,249.71564,256.20756,262.07509,267.31875,271.91544,275.80979,278.91498,281.12565,282.34329,282.51007,281.64376,279.86317,277.39495,346.8933986251508,228.1606896388077,3175.54022,713.8126000000002,3411.76659,-78.17818
1067,1067,1067.0,1067.0,1067.0,1067.0,1067.0,1067.0,1067.0,1067.0,1067.0,1067.0,1067.0,1067.0,1067.0,1067.0,1067.0,1067.0,1067.0,1067.0,1067.0,1067.0,1067.0,1067.0,7.0,0.7,327.1195,308.56937,292.28861,279.0071,269.06952,262.44078,258.77273,257.5055,257.97418,259.49804,261.44095,263.24304,264.43185,264.62431,263.52954,260.95823,256.83821,251.2308,244.33927,236.5013,274.22366514512794,183.82596484469417,3889.35282,687.2328600000001,2697.95399,-50.55921999999998
1068,1068,1068.0,1068.0,1068.0,1068.0,1068.0,1068.0,1068.0,1068.0,1068.0,1068.0,1068.0,1068.0,1068.0,1068.0,1068.0,1068.0,1068.0,1068.0,1068.0,1068.0,1068.0,1068.0,8.0,0.8,274.26379,274.11843,273.64632,272.78058,271.5356,269.98978,268.25036,266.41123,264.51489,262.52689,260.32664,257.71492,254.43558,250.20849,244.77,237.91684,229.54804,219.69794,208.55298,196.44603,179.89953657276823,214.3218498754597,4576.58568,936.2291399999996,2010.72113,-43.01022
1069,1069,1069.0,1069.0,1069.0,1069.0,1069.0,1069.0,1069.0,1069.0,1069.0,1069.0,1069.0,1069.0,1069.0,1069.0,1069.0,1069.0,1069.0,1069.0,1069.0,1069.0,1069.0,1069.0,9.0,0.9,195.11147,209.54238,222.51302,233.52441,242.29713,248.76761,253.04929,255.37419,256.03217,255.32137,253.51698,250.85855,247.55097,243.77191,239.67881,235.41084,231.08461,226.78581,222.56128,218.41653,235.27641729581225,357.24767539960243,5512.81482,1074.4919900000004,1074.4919900000004,-64.23239000000001
1070,1070,1070.0,1070.0,1070.0,1070.0,1070.0,1070.0,1070.0,1070.0,1070.0,1070.0,1070.0,1070.0,1070.0,1070.0,1070.0,1070.0,1070.0,1070.0,1070.0,1070.0,1070.0,1070.0,0.0,0.0,273.0,273.0,273.0,273.0,273.0,273.0,273.0,273.0,273.0,273.0,273.0,273.0,273.0,273.0,273.0,273.0,273.0,273.0,273.0,273.0,238.10697542015183,233.97155137657631,0.0,489.4914,4185.043160000001,2.084510000000023
1071,1071,1071.0,1071.0,1071.0,1071.0,1071.0,1071.0,1071.0,1071.0,1071.0,1071.0,1071.0,1071.0,1071.0,1071.0,1071.0,1071.0,1071.0,1071.0,1071.0,1071.0,1071.0,1071.0,1.0,0.1,244.0533,249.72753,254.89433,259.38323,263.10212,266.03447,268.22294,269.74461,270.68391,271.10852,271.05174,270.50332,269.40959,267.68329,265.22229,261.93555,257.77247,252.74988,246.96993,240.62283,268.74500025973384,290.15756573013164,489.4914,582.4369700000001,3695.5517600000007,2.084510000000023
1072,1072,1072.0,1072.0,1072.0,1072.0,1072.0,1072.0,1072.0,1072.0,1072.0,1072.0,1072.0,1072.0,1072.0,1072.0,1072.0,1072.0,1072.0,1072.0,1072.0,1072.0,1072.0,1072.0,2.0,0.2,267.67817,266.7411,266.03682,265.62184,265.49813,265.61789,265.89925,266.24842,266.58352,266.85596,267.06643,267.27334,267.59218,268.18429,269.23453,270.91919,273.36832,276.62984,280.64485,285.24228,236.9499324033863,217.90655843455968,1071.92837,588.96849,3113.1147900000005,2.084510000000023
1073,1073,1073.0,1073.0,1073.0,1073.0,1073.0,1073.0,1073.0,1073.0,1073.0,1073.0,1073.0,1073.0,1073.0,1073.0,1073.0,1073.0,1073.0,1073.0,1073.0,1073.0,1073.0,1073.0,3.0,0.3,241.93639,246.70168,251.05579,254.8635,258.05527,260.6239,262.60899,264.07356,265.07786,265.65486,265.79091,265.41445,264.39531,262.55687,259.70247,255.65449,250.30088,243.63969,235.80974,227.09632,257.53627224686227,310.1423329591345,1660.89686,693.0900100000001,2524.1463000000003,2.084510000000023
1074,1074,1074.0,1074.0,1074.0,1074.0,1074.0,1074.0,1074.0,1074.0,1074.0,1074.0,1074.0,1074.0,1074.0,1074.0,1074.0,1074.0,1074.0,1074.0,1074.0,1074.0,1074.0,1074.0,4.0,0.4,257.56807,257.67052,257.89676,258.26965,258.77719,259.37712,260.0098,260.61676,261.162,261.65296,262.15805,262.81754,263.84359,265.50561,268.0982,271.8929,277.07988,283.71165,291.66402,300.62834,181.68883103275715,366.7601883578229,2353.98687,618.8046199999999,1831.05629,2.084510000000023
1075,1075,1075.0,1075.0,1075.0,1075.0,1075.0,1075.0,1075.0,1075.0,1075.0,1075.0,1075.0,1075.0,1075.0,1075.0,1075.0,1075.0,1075.0,1075.0,1075.0,1075.0,1075.0,1075.0,5.0,0.5,194.95765,207.65328,219.28421,229.50448,238.1476,245.22777,250.91433,255.49142,259.31526,262.77845,266.28527,270.23611,275.01574,280.97876,288.42729,297.57966,308.53415,321.23604,335.45879,350.80905,309.9285175135933,366.1102348193681,2972.79149,497.96238,1212.25167,2.084510000000023
1076,1076,1076.0,1076.0,1076.0,1076.0,1076.0,1076.0,1076.0,1076.0,1076.0,1076.0,1076.0,1076.0,1076.0,1076.0,1076.0,1076.0,1076.0,1076.0,1076.0,1076.0,1076.0,1076.0,6.0,0.6,297.89182,286.68584,277.02195,269.40247,264.07945,261.06692,260.19554,261.18934,263.74291,267.58181,272.49777,278.3583,285.09611,292.68661,301.12113,310.38213,320.42433,331.16339,342.47253,354.18632,344.22025393951543,318.47177492808123,3470.75387,239.0430000000001,714.2892900000002,2.084510000000023
1077,1077,1077.0,1077.0,1077.0,1077.0,1077.0,1077.0,1077.0,1077.0,1077.0,1077.0,1077.0,1077.0,1077.0,1077.0,1077.0,1077.0,1077.0,1077.0,1077.0,1077.0,1077.0,1077.0,7.0,0.7,331.61501,319.57884,308.62523,299.16698,291.48883,285.73978,281.94299,280.01658,279.7985,281.06928,283.56977,287.01385,291.09871,295.5168,299.9727,304.20633,308.02028,311.30579,314.05974,316.38513,336.5890520588366,313.7584579608406,3709.79687,147.55729999999994,475.24629,2.084510000000023
1078,1078,1078.0,1078.0,1078.0,1078.0,1078.0,1078.0,1078.0,1078.0,1078.0,1078.0,1078.0,1078.0,1078.0,1078.0,1078.0,1078.0,1078.0,1078.0,1078.0,1078.0,1078.0,1078.0,8.0,0.8,329.42547,322.46382,315.89903,309.91154,304.65883,300.26689,296.82239,294.36711,292.89552,292.35622,292.65728,293.6749,295.2645,297.27338,299.55369,301.97456,304.43225,306.85693,309.2151,311.5069,370.7289585034256,255.4189217460545,3857.35417,143.3050800000001,327.6889900000001,2.084510000000023
1079,1079,1079.0,1079.0,1079.0,1079.0,1079.0,1079.0,1079.0,1079.0,1079.0,1079.0,1079.0,1079.0,1079.0,1079.0,1079.0,1079.0,1079.0,1079.0,1079.0,1079.0,1079.0,1079.0,9.0,0.9,359.51318,348.69023,338.61054,329.54814,321.68064,315.08451,309.74304,305.5613,302.38257,300.0017,298.17447,296.62431,295.05051,293.14225,290.60186,287.1775,282.70133,277.12498,270.54223,263.18942,280.2340021786804,271.4770371271542,4000.65925,184.38391,184.38391,2.084510000000023
1080,1080,1080.0,1080.0,1080.0,1080.0,1080.0,1080.0,1080.0,1080.0,1080.0,1080.0,1080.0,1080.0,1080.0,1080.0,1080.0,1080.0,1080.0,1080.0,1080.0,1080.0,1080.0,1080.0,0.0,0.0,273.0,273.0,273.0,273.0,273.0,273.0,273.0,273.0,273.0,273.0,273.0,273.0,273.0,273.0,273.0,273.0,273.0,273.0,273.0,273.0,355.1802502438323,372.8303386300541,0.0,372.3125,3622.8909,-40.0
1081,1081,1081.0,1081.0,1081.0,1081.0,1081.0,1081.0,1081.0,1081.0,1081.0,1081.0,1081.0,1081.0,1081.0,1081.0,1081.0,1081.0,1081.0,1081.0,1081.0,1081.0,1081.0,1081.0,1.0,0.1,341.17576,327.81215,315.64391,305.07301,296.31732,289.41723,284.27486,280.71299,278.53969,277.60601,277.84834,279.31047,282.14286,286.57808,292.88361,301.29625,311.9478,324.79649,339.58167,355.8171,198.8692992084717,227.9568320186392,372.3125,230.44872,3250.5784,-23.582769999999982
1082,1082,1082.0,1082.0,1082.0,1082.0,1082.0,1082.0,1082.0,1082.0,1082.0,1082.0,1082.0,1082.0,1082.0,1082.0,1082.0,1082.0,1082.0,1082.0,1082.0,1082.0,1082.0,1082.0,2.0,0.2,215.73749,231.6481,245.79615,257.64502,266.98034,273.89523,278.71861,281.90983,283.94561,285.22079,285.9766,286.26265,285.93472,284.68753,282.12033,277.82859,271.50917,263.059,252.64349,240.71299,344.1518729922135,234.0057076622963,602.76122,378.64059,3020.12968,-39.10476999999997
1083,1083,1083.0,1083.0,1083.0,1083.0,1083.0,1083.0,1083.0,1083.0,1083.0,1083.0,1083.0,1083.0,1083.0,1083.0,1083.0,1083.0,1083.0,1083.0,1083.0,1083.0,1083.0,1083.0,3.0,0.3,330.61029,317.90113,306.72252,297.5365,290.52071,285.57885,282.39802,280.53138,279.48276,278.77595,278.00018,276.83194,275.03908,272.47465,269.06675,264.80847,259.74905,253.98603,247.65747,240.93332,181.31853100296405,327.9581306329587,981.40181,417.0978100000001,2641.48909,-27.42115000000001
1084,1084,1084.0,1084.0,1084.0,1084.0,1084.0,1084.0,1084.0,1084.0,1084.0,1084.0,1084.0,1084.0,1084.0,1084.0,1084.0,1084.0,1084.0,1084.0,1084.0,1084.0,1084.0,1084.0,4.0,0.4,200.29824,218.23991,234.25822,247.7368,258.38386,266.22236,271.52857,274.74457,276.39175,277.00517,277.09697,277.14515,277.59614,278.86634,281.33071,285.29304,290.94132,298.30036,307.19831,317.26316,268.0627455070285,347.5053726016786,1398.49962,401.3292999999999,2224.39128,-46.77764000000002
1085,1085,1085.0,1085.0,1085.0,1085.0,1085.0,1085.0,1085.0,1085.0,1085.0,1085.0,1085.0,1085.0,1085.0,1085.0,1085.0,1085.0,1085.0,1085.0,1085.0,1085.0,1085.0,1085.0,5.0,0.5,265.92511,264.13358,262.96978,262.60444,263.08104,264.33133,266.21529,268.57219,271.26857,274.2328,277.47091,281.06367,285.14869,289.89225,295.45625,301.96486,309.47523,317.95647,327.2805,337.22738,242.8652907086245,308.95877344714665,1799.82892,309.71473000000015,1823.06198,-48.66867000000002
1086,1086,1086.0,1086.0,1086.0,1086.0,1086.0,1086.0,1086.0,1086.0,1086.0,1086.0,1086.0,1086.0,1086.0,1086.0,1086.0,1086.0,1086.0,1086.0,1086.0,1086.0,1086.0,1086.0,6.0,0.6,246.95104,250.94155,254.76201,258.37321,261.77792,265.01766,268.16142,271.28979,274.47784,277.77976,281.21713,284.77202,288.38595,291.96566,295.39612,298.5605,301.36419,303.75855,305.75797,307.44477,209.94774241846216,348.1171789862973,2109.54365,331.24222999999984,1513.3472499999998,-47.98234000000002
1087,1087,1087.0,1087.0,1087.0,1087.0,1087.0,1087.0,1087.0,1087.0,1087.0,1087.0,1087.0,1087.0,1087.0,1087.0,1087.0,1087.0,1087.0,1087.0,1087.0,1087.0,1087.0,1087.0,7.0,0.7,219.21303,228.20862,236.70206,244.52718,251.59924,257.91492,263.54009,268.59088,273.21402,277.57134,281.83007,286.15844,290.72345,295.68698,301.19695,307.37232,314.28348,321.9326,330.24035,339.045,334.7252024193017,244.8677677754297,2440.78588,309.61475999999993,1182.10502,-55.085080000000005
1088,1088,1088.0,1088.0,1088.0,1088.0,1088.0,1088.0,1088.0,1088.0,1088.0,1088.0,1088.0,1088.0,1088.0,1088.0,1088.0,1088.0,1088.0,1088.0,1088.0,1088.0,1088.0,1088.0,8.0,0.8,321.0495,308.2564,297.10245,288.12117,281.57457,277.4574,275.54339,275.45343,276.72422,278.86126,281.36982,283.76669,285.583,286.37048,285.72174,283.30871,278.93471,272.58757,264.47572,255.03085,258.5827514025153,198.79978130793577,2750.40064,354.50638000000026,872.49026,-35.54259999999999
1089,1089,1089.0,1089.0,1089.0,1089.0,1089.0,1089.0,1089.0,1089.0,1089.0,1089.0,1089.0,1089.0,1089.0,1089.0,1089.0,1089.0,1089.0,1089.0,1089.0,1089.0,1089.0,1089.0,9.0,0.9,263.30548,267.71464,271.55261,274.65763,276.97702,278.55195,279.48013,279.86832,279.78692,279.23675,278.133,276.30772,273.52911,269.53444,264.07301,256.95396,248.09285,237.54893,225.54449,212.45962,306.6901475797739,249.9986825247689,3104.90702,517.9838799999998,517.9838799999998,-34.44805000000002
1090,1090,1090.0,1090.0,1090.0,1090.0,1090.0,1090.0,1090.0,1090.0,1090.0,1090.0,1090.0,1090.0,1090.0,1090.0,1090.0,1090.0,1090.0,1090.0,1090.0,1090.0,1090.0,1090.0,0.0,0.0,273.0,273.0,273.0,273.0,273.0,273.0,273.0,273.0,273.0,273.0,273.0,273.0,273.0,273.0,273.0,273.0,273.0,273.0,273.0,273.0,247.2468847697785,324.9088640083046,0.0,434.45728,3307.40552,-40.0
1091,1091,1091.0,1091.0,1091.0,1091.0,1091.0,1091.0,1091.0,1091.0,1091.0,1091.0,1091.0,1091.0,1091.0,1091.0,1091.0,1091.0,1091.0,1091.0,1091.0,1091.0,1091.0,1091.0,1.0,0.1,251.63763,255.82902,259.64969,262.97815,265.75465,267.98209,269.71853,271.06536,272.15572,273.14619,274.21243,275.54719,277.3569,279.85296,283.23454,287.66249,293.22787,299.92179,307.61577,316.06069,290.0390076385038,346.77115287337904,434.45728,346.36687,2872.94824,-45.01790999999997
1092,1092,1092.0,1092.0,1092.0,1092.0,1092.0,1092.0,1092.0,1092.0,1092.0,1092.0,1092.0,1092.0,1092.0,1092.0,1092.0,1092.0,1092.0,1092.0,1092.0,1092.0,1092.0,1092.0,2.0,0.2,285.9438,282.12731,278.82961,276.22343,274.40201,273.38472,273.13714,273.59887,274.71138,276.44015,278.78744,281.79484,285.53616,290.10252,295.58172,302.03473,309.47254,317.83759,326.99388,336.72931,189.83526628504137,296.2846403508526,780.82415,285.52470000000005,2526.58137,-39.615279999999984
1093,1093,1093.0,1093.0,1093.0,1093.0,1093.0,1093.0,1093.0,1093.0,1093.0,1093.0,1093.0,1093.0,1093.0,1093.0,1093.0,1093.0,1093.0,1093.0,1093.0,1093.0,1093.0,1093.0,3.0,0.3,204.67507,218.85227,231.8054,243.15141,252.72288,260.56083,266.87099,271.95849,276.1582,279.77431,283.0374,286.08186,288.94261,291.56891,293.85182,295.66144,296.88849,297.48274,297.48004,297.01055,330.3777274230006,285.2656777129379,1066.34885,341.98263999999995,2241.05667,-52.43916999999999
1094,1094,1094.0,1094.0,1094.0,1094.0,1094.0,1094.0,1094.0,1094.0,1094.0,1094.0,1094.0,1094.0,1094.0,1094.0,1094.0,1094.0,1094.0,1094.0,1094.0,1094.0,1094.0,1094.0,4.0,0.4,317.28514,305.07596,294.49924,286.0676,280.00829,276.2727,274.59291,274.56325,275.72401,277.62936,279.89076,282.19606,284.31057,286.06845,287.36201,288.13353,288.37128,288.10821,287.42074,286.42455,288.084407345429,269.348085538332,1408.33149,286.72393999999986,1899.07403,-36.727300000000014
1095,1095,1095.0,1095.0,1095.0,1095.0,1095.0,1095.0,1095.0,1095.0,1095.0,1095.0,1095.0,1095.0,1095.0,1095.0,1095.0,1095.0,1095.0,1095.0,1095.0,1095.0,1095.0,1095.0,5.0,0.5,287.49289,286.84405,286.10306,285.27261,284.39521,283.54283,282.79742,282.22852,281.87397,281.72811,281.7391,281.81462,281.8341,281.66509,281.18154,280.28212,278.90647,277.04733,274.756,272.13938,314.6157181362358,234.79343725244755,1695.05543,323.94276000000013,1612.35009,-29.45717000000002
1096,1096,1096.0,1096.0,1096.0,1096.0,1096.0,1096.0,1096.0,1096.0,1096.0,1096.0,1096.0,1096.0,1096.0,1096.0,1096.0,1096.0,1096.0,1096.0,1096.0,1096.0,1096.0,1096.0,6.0,0.6,309.41184,304.42025,299.82464,295.7576,292.28812,289.42017,287.09996,285.22818,283.67261,282.27852,280.87558,279.28278,277.31375,274.78554,271.5329,267.4282,262.40433,256.47569,249.75086,242.43131,203.6308713826454,330.1339589221353,2018.99819,372.13712999999984,1288.4073299999998,-23.57983000000001
1097,1097,1097.0,1097.0,1097.0,1097.0,1097.0,1097.0,1097.0,1097.0,1097.0,1097.0,1097.0,1097.0,1097.0,1097.0,1097.0,1097.0,1097.0,1097.0,1097.0,1097.0,1097.0,1097.0,7.0,0.7,218.65194,232.8753,245.61557,256.38605,264.94198,271.27666,275.58041,278.18005,279.47817,279.90661,279.89971,279.88482,280.28064,281.49208,283.89213,287.78677,293.36703,300.65991,309.49446,319.49843,354.88357591406225,324.79018956061515,2391.13532,306.02935000000025,916.2702,-41.72334000000001
1098,1098,1098.0,1098.0,1098.0,1098.0,1098.0,1098.0,1098.0,1098.0,1098.0,1098.0,1098.0,1098.0,1098.0,1098.0,1098.0,1098.0,1098.0,1098.0,1098.0,1098.0,1098.0,1098.0,8.0,0.8,339.17345,324.37994,311.28063,300.40952,292.00984,286.04923,282.28451,280.35226,279.85968,280.4557,281.8725,283.93721,286.56038,289.71084,293.38622,297.58632,302.29328,307.46029,313.00812,318.82821,372.7903749750175,179.67516186304314,2697.16467,238.45905,610.2408499999997,-26.950769999999977
1099,1099,1099.0,1099.0,1099.0,1099.0,1099.0,1099.0,1099.0,1099.0,1099.0,1099.0,1099.0,1099.0,1099.0,1099.0,1099.0,1099.0,1099.0,1099.0,1099.0,1099.0,1099.0,1099.0,9.0,0.9,359.63881,346.93066,335.0678,324.37539,315.07754,307.28512,300.99385,296.08847,292.34857,289.45322,286.98421,284.43212,281.21192,276.69641,270.27321,261.42464,249.82076,235.40647,218.45793,199.58597,173.65090141641824,289.5472244841489,2935.62372,371.78179999999975,371.78179999999975,-5.714879999999994
1100,1100,1100.0,1100.0,1100.0,1100.0,1100.0,1100.0,1100.0,1100.0,1100.0,1100.0,1100.0,1100.0,1100.0,1100.0,1100.0,1100.0,1100.0,1100.0,1100.0,1100.0,1100.0,1100.0,0.0,0.0,273.0,273.0,273.0,273.0,273.0,273.0,273.0,273.0,273.0,273.0,273.0,273.0,273.0,273.0,273.0,273.0,273.0,273.0,273.0,273.0,225.3987115770754,221.3861361589537,0.0,505.25718,7994.337129999999,-40.0
1101,1101,1101.0,1101.0,1101.0,1101.0,1101.0,1101.0,1101.0,1101.0,1101.0,1101.0,1101.0,1101.0,1101.0,1101.0,1101.0,1101.0,1101.0,1101.0,1101.0,1101.0,1101.0,1101.0,1.0,0.1,233.51063,241.25148,248.30027,254.42446,259.49854,263.50019,266.48813,268.56844,269.85778,270.45067,270.39558,269.68255,268.24338,265.96452,262.71215,258.36663,252.86154,246.21951,238.57579,230.18206,315.8315427282833,246.85936209264435,505.25718,637.13833,7489.079949999999,-49.499810000000025
1102,1102,1102.0,1102.0,1102.0,1102.0,1102.0,1102.0,1102.0,1102.0,1102.0,1102.0,1102.0,1102.0,1102.0,1102.0,1102.0,1102.0,1102.0,1102.0,1102.0,1102.0,1102.0,1102.0,2.0,0.2,306.0879,296.89909,288.73124,281.89415,276.50902,272.51501,269.70751,267.79445,266.45553,265.39263,264.36464,263.20554,261.82756,260.21302,258.39808,256.45173,254.45299,252.46977,250.54323,248.68078,297.2677585952643,257.5111713605972,1142.39551,600.68752,6851.94162,-40.48498999999998
1103,1103,1103.0,1103.0,1103.0,1103.0,1103.0,1103.0,1103.0,1103.0,1103.0,1103.0,1103.0,1103.0,1103.0,1103.0,1103.0,1103.0,1103.0,1103.0,1103.0,1103.0,1103.0,1103.0,3.0,0.3,293.89258,290.52983,287.19806,283.92554,280.7495,277.71152,274.85068,272.19724,269.76879,267.5703,265.59768,263.84331,262.30172,260.97299,259.86277,258.97855,258.32299,257.88641,257.64083,257.53781,184.3293108266392,201.34089942181663,1743.08303,660.83051,6251.254099999999,-35.28847999999999
1104,1104,1104.0,1104.0,1104.0,1104.0,1104.0,1104.0,1104.0,1104.0,1104.0,1104.0,1104.0,1104.0,1104.0,1104.0,1104.0,1104.0,1104.0,1104.0,1104.0,1104.0,1104.0,1104.0,4.0,0.4,200.45169,215.71942,229.39716,240.96051,250.14104,256.91971,261.47721,264.11892,265.19411,265.02582,263.86098,261.84466,259.01732,255.33227,250.68917,244.9785,238.13019,230.1577,221.18755,211.46629,222.3016156593572,234.2310841005055,2403.91354,942.09515,5590.423589999999,-56.08028999999999
1105,1105,1105.0,1105.0,1105.0,1105.0,1105.0,1105.0,1105.0,1105.0,1105.0,1105.0,1105.0,1105.0,1105.0,1105.0,1105.0,1105.0,1105.0,1105.0,1105.0,1105.0,1105.0,1105.0,5.0,0.5,226.51076,230.70496,234.84839,238.87061,242.66398,246.093,249.01252,251.28958,252.82357,253.56114,253.50403,252.70977,251.28587,249.3784,247.15529,244.78573,242.41768,240.15714,238.05397,236.09847,214.21334203798293,306.42911692626006,3346.00869,1030.5004800000002,4648.328439999999,-66.90700000000001
1106,1106,1106.0,1106.0,1106.0,1106.0,1106.0,1106.0,1106.0,1106.0,1106.0,1106.0,1106.0,1106.0,1106.0,1106.0,1106.0,1106.0,1106.0,1106.0,1106.0,1106.0,1106.0,1106.0,6.0,0.6,219.15619,223.96628,228.52095,232.71636,236.4741,239.74572,242.51623,244.80769,246.68404,248.25693,249.69125,251.20725,253.07524,255.59863,259.08314,263.79306,269.90055,277.43841,286.26939,296.08349,298.67959433397505,220.19022176047548,4376.50917,937.04839,3617.82796,-73.25428
1107,1107,1107.0,1107.0,1107.0,1107.0,1107.0,1107.0,1107.0,1107.0,1107.0,1107.0,1107.0,1107.0,1107.0,1107.0,1107.0,1107.0,1107.0,1107.0,1107.0,1107.0,1107.0,1107.0,7.0,0.7,288.2443,278.40938,269.69005,262.45097,256.87402,252.96206,250.57097,249.45625,249.31893,249.83985,250.6978,251.57384,252.14978,252.11018,251.15636,249.03573,245.58314,240.76421,234.7064,227.7041,225.56963268559136,350.7893936390061,5313.55756,863.9839599999996,2680.77957,-60.03793999999999
1108,1108,1108.0,1108.0,1108.0,1108.0,1108.0,1108.0,1108.0,1108.0,1108.0,1108.0,1108.0,1108.0,1108.0,1108.0,1108.0,1108.0,1108.0,1108.0,1108.0,1108.0,1108.0,1108.0,8.0,0.8,231.31773,236.69454,241.39132,245.20908,248.08009,250.0627,251.31622,252.06805,252.58521,253.15827,254.09938,255.74897,258.4809,262.69437,268.78338,277.08169,287.79036,300.90488,316.16394,333.04096,211.502495585156,177.31879543737367,6177.54152,812.2911700000004,1816.79561,-62.93729999999999
1109,1109,1109.0,1109.0,1109.0,1109.0,1109.0,1109.0,1109.0,1109.0,1109.0,1109.0,1109.0,1109.0,1109.0,1109.0,1109.0,1109.0,1109.0,1109.0,1109.0,1109.0,1109.0,1109.0,9.0,0.9,217.63542,223.57848,229.16737,234.28355,238.86493,242.90473,246.43813,249.51802,252.18257,254.41835,256.12483,257.08768,256.97035,255.33356,251.68872,245.58436,236.71351,225.01928,210.76919,194.57144,314.4343995070974,247.3717642516997,6989.83269,1004.5044399999996,1004.5044399999996,-70.09527
1110,1110,1110.0,1110.0,1110.0,1110.0,1110.0,1110.0,1110.0,1110.0,1110.0,1110.0,1110.0,1110.0,1110.0,1110.0,1110.0,1110.0,1110.0,1110.0,1110.0,1110.0,1110.0,1110.0,0.0,0.0,273.0,273.0,273.0,273.0,273.0,273.0,273.0,273.0,273.0,273.0,273.0,273.0,273.0,273.0,273.0,273.0,273.0,273.0,273.0,273.0,352.98166786245474,354.98340987417384,0.0,379.82596,2457.78379,1.8528200000000083
1111,1111,1111.0,1111.0,1111.0,1111.0,1111.0,1111.0,1111.0,1111.0,1111.0,1111.0,1111.0,1111.0,1111.0,1111.0,1111.0,1111.0,1111.0,1111.0,1111.0,1111.0,1111.0,1111.0,1.0,0.1,339.3515,326.34476,314.50067,304.20966,295.68222,288.95485,283.92728,280.41865,278.22884,277.19283,277.22031,278.31626,280.58082,284.18849,289.34798,296.24689,304.98934,315.53869,327.67958,341.01201,246.16063537424,175.32912583086073,379.82596,271.46524,2077.95783,1.8528200000000083
1112,1112,1112.0,1112.0,1112.0,1112.0,1112.0,1112.0,1112.0,1112.0,1112.0,1112.0,1112.0,1112.0,1112.0,1112.0,1112.0,1112.0,1112.0,1112.0,1112.0,1112.0,1112.0,1112.0,2.0,0.2,254.8294,262.91283,269.92501,275.55377,279.69303,282.42819,283.98243,284.63901,284.65733,284.19772,283.26566,281.68284,279.09002,274.98583,268.80226,260.01185,248.25202,233.44195,215.86198,196.16829,216.16837794345489,251.0142114995552,651.2912,501.50916,1806.49259,1.8528200000000083
1113,1113,1113.0,1113.0,1113.0,1113.0,1113.0,1113.0,1113.0,1113.0,1113.0,1113.0,1113.0,1113.0,1113.0,1113.0,1113.0,1113.0,1113.0,1113.0,1113.0,1113.0,1113.0,1113.0,3.0,0.3,226.5589,236.53217,245.71325,253.80291,260.59611,265.98406,269.94265,272.5137,273.78573,273.88011,272.94499,271.15583,268.71827,265.86712,262.85577,259.93328,257.31104,255.12663,253.41551,252.10177,368.2610841180661,347.32023796411187,1152.80036,515.87619,1304.98343,1.8528200000000083
1114,1114,1114.0,1114.0,1114.0,1114.0,1114.0,1114.0,1114.0,1114.0,1114.0,1114.0,1114.0,1114.0,1114.0,1114.0,1114.0,1114.0,1114.0,1114.0,1114.0,1114.0,1114.0,1114.0,4.0,0.4,349.6833,332.09392,316.33113,302.96903,292.26505,284.17506,278.42417,274.60979,272.31039,271.17824,271.00274,271.73911,273.50295,276.53405,281.13502,287.59232,296.09149,306.64169,319.02713,332.79982,340.71911225598205,359.16124200372747,1668.67655,248.5830100000001,789.10724,1.8528200000000083
1115,1115,1115.0,1115.0,1115.0,1115.0,1115.0,1115.0,1115.0,1115.0,1115.0,1115.0,1115.0,1115.0,1115.0,1115.0,1115.0,1115.0,1115.0,1115.0,1115.0,1115.0,1115.0,1115.0,5.0,0.5,332.88883,325.18095,317.72661,310.67062,304.17061,298.39054,293.49102,289.61981,286.90526,285.45385,285.35118,286.66421,289.4421,293.71329,299.47808,306.69722,315.2792,325.06948,335.84571,347.32168,329.2966825429258,241.49842478888752,1917.25956,142.48640999999998,540.52423,1.8528200000000083
1116,1116,1116.0,1116.0,1116.0,1116.0,1116.0,1116.0,1116.0,1116.0,1116.0,1116.0,1116.0,1116.0,1116.0,1116.0,1116.0,1116.0,1116.0,1116.0,1116.0,1116.0,1116.0,1116.0,6.0,0.6,324.89273,320.53496,316.27939,312.19835,308.38097,304.92662,301.93137,299.46897,297.56824,296.18986,295.20619,294.38894,293.41081,291.86671,289.31834,285.36036,279.69934,272.2293,263.08346,252.64372,281.7052493933161,357.29065449851544,2059.74597,166.5544100000002,398.03782,1.8528200000000083
1117,1117,1117.0,1117.0,1117.0,1117.0,1117.0,1117.0,1117.0,1117.0,1117.0,1117.0,1117.0,1117.0,1117.0,1117.0,1117.0,1117.0,1117.0,1117.0,1117.0,1117.0,1117.0,1117.0,7.0,0.7,286.06106,290.09909,293.54963,296.22791,298.05234,299.04288,299.30431,299.00296,298.34572,297.56778,296.93029,296.72448,297.27435,298.92849,302.03372,306.8882,313.68003,322.42499,332.92261,344.74817,293.0336669390598,369.5848479737375,2226.30038,81.62145999999984,231.48340999999985,1.8528200000000083
1118,1118,1118.0,1118.0,1118.0,1118.0,1118.0,1118.0,1118.0,1118.0,1118.0,1118.0,1118.0,1118.0,1118.0,1118.0,1118.0,1118.0,1118.0,1118.0,1118.0,1118.0,1118.0,1118.0,8.0,0.8,293.61422,294.20171,294.80171,295.41887,296.06027,296.74156,297.49456,298.37447,299.46464,300.87759,302.75125,305.24049,308.50422,312.689,317.91035,324.23376,331.65789,340.10288,349.40683,359.33253,337.4101643956259,281.16072996880706,2307.92184,42.32596000000012,149.86194999999998,1.8528200000000083
1119,1119,1119.0,1119.0,1119.0,1119.0,1119.0,1119.0,1119.0,1119.0,1119.0,1119.0,1119.0,1119.0,1119.0,1119.0,1119.0,1119.0,1119.0,1119.0,1119.0,1119.0,1119.0,1119.0,9.0,0.9,330.58228,324.12451,318.36091,313.53373,309.78464,307.15421,305.59543,304.99367,305.18521,305.96906,307.11073,308.34105,309.35659,309.82897,309.42908,307.86733,304.94493,300.60476,294.96681,288.33399,336.39857751948045,204.53767648703632,2350.2478,107.53598999999986,107.53598999999986,1.8528200000000083
1120,1120,1120.0,1120.0,1120.0,1120.0,1120.0,1120.0,1120.0,1120.0,1120.0,1120.0,1120.0,1120.0,1120.0,1120.0,1120.0,1120.0,1120.0,1120.0,1120.0,1120.0,1120.0,1120.0,0.0,0.0,273.0,273.0,273.0,273.0,273.0,273.0,273.0,273.0,273.0,273.0,273.0,273.0,273.0,273.0,273.0,273.0,273.0,273.0,273.0,273.0,214.59591500645445,286.8897611701084,0.0,473.27597,7655.771659999999,-40.0
1121,1121,1121.0,1121.0,1121.0,1121.0,1121.0,1121.0,1121.0,1121.0,1121.0,1121.0,1121.0,1121.0,1121.0,1121.0,1121.0,1121.0,1121.0,1121.0,1121.0,1121.0,1121.0,1121.0,1.0,0.1,224.55058,234.05147,242.70698,250.23585,256.49183,261.46203,265.24398,268.01044,269.97233,271.34756,272.34014,273.12944,273.86712,274.6778,275.65997,276.88513,278.39461,280.19564,282.25907,284.52096,181.75057220664416,206.010961336079,473.27597,630.8216400000001,7182.49569,-51.53796999999997
1122,1122,1122.0,1122.0,1122.0,1122.0,1122.0,1122.0,1122.0,1122.0,1122.0,1122.0,1122.0,1122.0,1122.0,1122.0,1122.0,1122.0,1122.0,1122.0,1122.0,1122.0,1122.0,1122.0,2.0,0.2,194.4291,206.69326,218.17442,228.58587,237.74243,245.56112,252.04458,257.25234,261.26613,264.15544,265.9485,266.61317,266.05158,264.11165,260.61672,255.41135,248.41627,239.6811,229.42048,218.02076,356.3480562335469,175.59686233041003,1104.09761,872.58005,6551.67405,-67.43888000000001
1123,1123,1123.0,1123.0,1123.0,1123.0,1123.0,1123.0,1123.0,1123.0,1123.0,1123.0,1123.0,1123.0,1123.0,1123.0,1123.0,1123.0,1123.0,1123.0,1123.0,1123.0,1123.0,1123.0,3.0,0.3,336.29103,317.39341,300.63621,286.68483,275.82116,267.95157,262.67681,259.39668,257.41967,256.05474,254.6736,252.74338,249.83737,245.63461,239.91789,232.57557,223.60793,213.13413,201.39365,188.73619,227.17798272348685,307.62567844958494,1976.67766,883.5085799999999,5679.094,-45.04843
1124,1124,1124.0,1124.0,1124.0,1124.0,1124.0,1124.0,1124.0,1124.0,1124.0,1124.0,1124.0,1124.0,1124.0,1124.0,1124.0,1124.0,1124.0,1124.0,1124.0,1124.0,1124.0,1124.0,4.0,0.4,235.92367,243.99551,250.82732,256.04118,259.48331,261.2127,261.45417,260.5363,258.83517,256.73811,254.63171,252.90776,251.97389,252.25349,254.16259,258.05982,264.17616,272.54177,282.93329,294.86354,247.72646299631103,222.81193543154248,2860.18624,810.9386300000001,4795.58542,-51.787300000000016
1125,1125,1125.0,1125.0,1125.0,1125.0,1125.0,1125.0,1125.0,1125.0,1125.0,1125.0,1125.0,1125.0,1125.0,1125.0,1125.0,1125.0,1125.0,1125.0,1125.0,1125.0,1125.0,1125.0,5.0,0.5,249.06191,250.37048,251.62171,252.78054,253.81026,254.67846,255.36342,255.85727,256.16305,256.28427,256.20862,255.88999,255.23494,254.10058,252.3089,249.6788,246.07114,241.43658,235.85205,229.53272,370.6896595721044,254.8830487688164,3671.12487,813.0452499999997,3984.64679,-58.32154
1126,1126,1126.0,1126.0,1126.0,1126.0,1126.0,1126.0,1126.0,1126.0,1126.0,1126.0,1126.0,1126.0,1126.0,1126.0,1126.0,1126.0,1126.0,1126.0,1126.0,1126.0,1126.0,1126.0,6.0,0.6,350.75309,331.74509,314.46355,299.47487,287.06353,277.23716,269.77781,264.32013,260.43539,257.70426,255.7686,254.35982,253.30614,252.52355,251.99529,251.74457,251.80477,252.19212,252.88562,253.81849,177.1598324103307,219.7048422773855,4484.17012,744.8531899999998,3171.601540000001,-35.76283999999998
1127,1127,1127.0,1127.0,1127.0,1127.0,1127.0,1127.0,1127.0,1127.0,1127.0,1127.0,1127.0,1127.0,1127.0,1127.0,1127.0,1127.0,1127.0,1127.0,1127.0,1127.0,1127.0,1127.0,7.0,0.7,196.03301,213.72115,229.22238,241.85654,251.32955,257.71674,261.38055,262.85245,262.71136,261.48397,259.58043,257.26717,254.67095,251.80486,248.60724,244.9856,240.85929,236.19481,231.02863,225.47318,326.459646845218,221.7567015696124,5229.02331,901.9938000000002,2426.7483500000008,-55.283259999999984
1128,1128,1128.0,1128.0,1128.0,1128.0,1128.0,1128.0,1128.0,1128.0,1128.0,1128.0,1128.0,1128.0,1128.0,1128.0,1128.0,1128.0,1128.0,1128.0,1128.0,1128.0,1128.0,1128.0,8.0,0.8,312.78442,299.89702,288.45426,278.88362,271.33919,265.71654,261.71402,258.91816,256.8889,255.22675,253.61309,251.82431,249.72626,247.25748,244.40921,241.20698,237.69652,233.93418,229.98124,225.90085,192.83892225261707,360.2122765740205,6131.01711,827.0859500000006,1524.7545500000006,-47.28345999999999
1129,1129,1129.0,1129.0,1129.0,1129.0,1129.0,1129.0,1129.0,1129.0,1129.0,1129.0,1129.0,1129.0,1129.0,1129.0,1129.0,1129.0,1129.0,1129.0,1129.0,1129.0,1129.0,1129.0,9.0,0.9,206.42212,219.18497,230.43144,239.6848,246.73399,251.62771,254.62795,256.14385,256.668,256.7305,256.87579,257.6568,259.63353,263.36085,269.35399,278.02824,289.62063,304.11241,321.1768,340.17498,243.7406873364449,285.0804005699796,6958.10306,697.6686,697.6686,-61.37228999999999
1130,1130,1130.0,1130.0,1130.0,1130.0,1130.0,1130.0,1130.0,1130.0,1130.0,1130.0,1130.0,1130.0,1130.0,1130.0,1130.0,1130.0,1130.0,1130.0,1130.0,1130.0,1130.0,1130.0,0.0,0.0,273.0,273.0,273.0,273.0,273.0,273.0,273.0,273.0,273.0,273.0,273.0,273.0,273.0,273.0,273.0,273.0,273.0,273.0,273.0,273.0,350.2963159469418,319.3404852340982,0.0,396.19225,5513.779700000001,-40.0
1131,1131,1131.0,1131.0,1131.0,1131.0,1131.0,1131.0,1131.0,1131.0,1131.0,1131.0,1131.0,1131.0,1131.0,1131.0,1131.0,1131.0,1131.0,1131.0,1131.0,1131.0,1131.0,1131.0,1.0,0.1,337.12295,324.5515,313.10211,303.15035,294.89629,288.36904,283.46086,279.97885,277.70074,276.42361,275.9986,276.3489,277.47105,279.42132,282.2895,286.16393,291.09292,297.04973,303.90938,311.44405,283.9138274985354,312.8389005105306,396.19225,256.56875,5117.587450000001,-24.630960000000016
1132,1132,1132.0,1132.0,1132.0,1132.0,1132.0,1132.0,1132.0,1132.0,1132.0,1132.0,1132.0,1132.0,1132.0,1132.0,1132.0,1132.0,1132.0,1132.0,1132.0,1132.0,1132.0,1132.0,2.0,0.2,285.9607,287.72079,288.96475,289.56361,289.50753,288.89852,287.92228,286.80936,285.79601,285.09277,284.86475,285.22325,286.22642,287.88535,290.17266,293.0317,296.38503,300.1419,304.20417,308.47053,184.1558271098582,210.40614101185568,652.761,286.26853000000006,4861.0187000000005,-24.10147999999998
1133,1133,1133.0,1133.0,1133.0,1133.0,1133.0,1133.0,1133.0,1133.0,1133.0,1133.0,1133.0,1133.0,1133.0,1133.0,1133.0,1133.0,1133.0,1133.0,1133.0,1133.0,1133.0,1133.0,3.0,0.3,201.85007,218.72488,234.07355,247.38906,258.40744,267.1021,273.63649,278.29041,281.37818,283.1743,283.85742,283.47856,281.95642,279.10007,274.65736,268.38381,260.1216,249.87322,237.85145,224.4899,202.19523461709744,187.22260807203227,939.02953,603.9975299999999,4574.75017,-45.89789999999999
1134,1134,1134.0,1134.0,1134.0,1134.0,1134.0,1134.0,1134.0,1134.0,1134.0,1134.0,1134.0,1134.0,1134.0,1134.0,1134.0,1134.0,1134.0,1134.0,1134.0,1134.0,1134.0,1134.0,4.0,0.4,211.53745,220.71027,229.54207,237.85877,245.48662,252.25738,258.01443,262.61737,265.94377,267.88768,268.35613,267.26598,264.54403,260.13258,254.00155,246.16605,236.70639,225.7854,213.65764,200.66583,258.2377701720599,204.96842565178105,1543.02706,912.0734200000002,3970.75264,-60.74261999999999
1135,1135,1135.0,1135.0,1135.0,1135.0,1135.0,1135.0,1135.0,1135.0,1135.0,1135.0,1135.0,1135.0,1135.0,1135.0,1135.0,1135.0,1135.0,1135.0,1135.0,1135.0,1135.0,1135.0,5.0,0.5,256.22622,254.4925,253.25674,252.63734,252.6301,253.11303,253.87221,254.64036,255.13822,255.11082,254.35423,252.7311,250.17586,246.69142,242.33925,237.22482,231.48068,225.24968,218.67116,211.87266,199.80762605063816,362.3116594563232,2455.10048,982.68424,3058.67922,-59.88696999999999
1136,1136,1136.0,1136.0,1136.0,1136.0,1136.0,1136.0,1136.0,1136.0,1136.0,1136.0,1136.0,1136.0,1136.0,1136.0,1136.0,1136.0,1136.0,1136.0,1136.0,1136.0,1136.0,1136.0,6.0,0.6,208.96195,217.68891,225.61702,232.47423,238.11124,242.50364,245.73851,247.99511,249.52897,250.66515,251.80036,253.40751,256.0318,260.26657,266.70053,275.83607,287.9897,303.19605,321.14365,341.16748,363.3762194678192,254.881894977497,3437.78472,738.6269299999999,2075.99498,-70.49636000000001
1137,1137,1137.0,1137.0,1137.0,1137.0,1137.0,1137.0,1137.0,1137.0,1137.0,1137.0,1137.0,1137.0,1137.0,1137.0,1137.0,1137.0,1137.0,1137.0,1137.0,1137.0,1137.0,1137.0,7.0,0.7,341.97828,321.72133,303.58624,288.27181,276.13621,267.20734,261.24778,257.84771,256.51707,256.75544,258.08983,260.08346,262.32739,264.4309,266.02445,266.78276,266.46587,264.96692,262.3493,258.85615,278.8482397556492,296.8246749830548,4176.41165,549.9949900000001,1337.36805,-45.79266000000001
1138,1138,1138.0,1138.0,1138.0,1138.0,1138.0,1138.0,1138.0,1138.0,1138.0,1138.0,1138.0,1138.0,1138.0,1138.0,1138.0,1138.0,1138.0,1138.0,1138.0,1138.0,1138.0,1138.0,8.0,0.8,279.07,279.03301,278.53992,277.4989,275.93946,273.99837,271.88336,269.8277,268.04933,266.72411,265.97646,265.88526,266.49807,267.84584,269.95113,272.82619,276.4614,280.80867,285.76673,291.17563,334.9178434600712,306.2244530031777,4726.40664,436.9235200000003,787.3730599999999,-39.00162999999998
1139,1139,1139.0,1139.0,1139.0,1139.0,1139.0,1139.0,1139.0,1139.0,1139.0,1139.0,1139.0,1139.0,1139.0,1139.0,1139.0,1139.0,1139.0,1139.0,1139.0,1139.0,1139.0,1139.0,9.0,0.9,324.54007,314.57998,305.4024,297.27894,290.36891,284.72299,280.30561,277.02709,274.7767,273.44935,272.96205,273.2599,274.31317,276.10838,278.63594,281.8769,285.79068,290.30588,295.31546,300.67795,208.6641035638426,278.1758702159586,5163.33016,350.4495399999996,350.4495399999996,-28.27701000000002
1140,1140,1140.0,1140.0,1140.0,1140.0,1140.0,1140.0,1140.0,1140.0,1140.0,1140.0,1140.0,1140.0,1140.0,1140.0,1140.0,1140.0,1140.0,1140.0,1140.0,1140.0,1140.0,1140.0,0.0,0.0,273.0,273.0,273.0,273.0,273.0,273.0,273.0,273.0,273.0,273.0,273.0,273.0,273.0,273.0,273.0,273.0,273.0,273.0,273.0,273.0,227.65547153224503,234.59576948259752,0.0,495.38663,5353.98698,-40.0
1141,1141,1141.0,1141.0,1141.0,1141.0,1141.0,1141.0,1141.0,1141.0,1141.0,1141.0,1141.0,1141.0,1141.0,1141.0,1141.0,1141.0,1141.0,1141.0,1141.0,1141.0,1141.0,1141.0,1.0,0.1,235.38315,242.7575,249.47305,255.30891,260.14658,263.96689,266.82935,268.84092,270.12215,270.77724,270.87253,270.42523,269.40317,267.73502,265.32993,262.10438,258.01219,253.07199,247.38546,241.14036,339.0251477766613,352.06445565007004,495.38663,529.4793,4858.60035,-49.03311000000002
1142,1142,1142.0,1142.0,1142.0,1142.0,1142.0,1142.0,1142.0,1142.0,1142.0,1142.0,1142.0,1142.0,1142.0,1142.0,1142.0,1142.0,1142.0,1142.0,1142.0,1142.0,1142.0,1142.0,2.0,0.2,325.46414,312.63301,301.15164,291.44654,283.71214,277.92166,273.87935,271.29729,269.87807,269.38743,269.70661,270.85911,273.00969,276.43543,281.47045,288.42965,297.52199,308.77021,321.95673,336.61351,327.6413311138208,195.75948041128387,1024.86593,347.72308,4329.12105,-35.078340000000026
1143,1143,1143.0,1143.0,1143.0,1143.0,1143.0,1143.0,1143.0,1143.0,1143.0,1143.0,1143.0,1143.0,1143.0,1143.0,1143.0,1143.0,1143.0,1143.0,1143.0,1143.0,1143.0,1143.0,3.0,0.3,320.52541,313.57402,306.94772,300.79776,295.25877,290.4389,286.40757,283.18107,280.70643,278.84468,277.35595,275.89119,273.99752,271.14483,266.77932,260.40315,251.67045,240.4797,227.03716,211.86755,277.89912480882083,208.8588607623602,1372.58901,482.2444300000002,3981.39797,-22.56110000000001
1144,1144,1144.0,1144.0,1144.0,1144.0,1144.0,1144.0,1144.0,1144.0,1144.0,1144.0,1144.0,1144.0,1144.0,1144.0,1144.0,1144.0,1144.0,1144.0,1144.0,1144.0,1144.0,1144.0,4.0,0.4,280.65757,283.11609,285.01991,286.19281,286.5508,286.09448,284.88474,283.01009,280.55523,277.57813,274.09951,270.10489,265.55637,260.40984,254.63283,248.21913,241.19784,233.63598,225.63556,217.32673,237.9565365049404,218.858652887594,1854.83344,622.73273,3499.15354,-26.905520000000024
1145,1145,1145.0,1145.0,1145.0,1145.0,1145.0,1145.0,1145.0,1145.0,1145.0,1145.0,1145.0,1145.0,1145.0,1145.0,1145.0,1145.0,1145.0,1145.0,1145.0,1145.0,1145.0,1145.0,5.0,0.5,245.62125,252.86251,259.30531,264.6612,268.74869,271.49418,272.91654,273.10198,272.17664,270.28306,267.56368,264.15212,260.17041,255.72959,250.931,245.8664,240.61642,235.24789,229.81149,224.34153,280.325977116556,368.3675420403338,2477.56617,644.9849199999999,2876.42081,-41.50582000000003
1146,1146,1146.0,1146.0,1146.0,1146.0,1146.0,1146.0,1146.0,1146.0,1146.0,1146.0,1146.0,1146.0,1146.0,1146.0,1146.0,1146.0,1146.0,1146.0,1146.0,1146.0,1146.0,1146.0,6.0,0.6,277.82435,275.47241,273.38651,271.62625,270.18768,269.01524,268.02963,267.1656,266.4127,265.85213,265.68385,266.2379,267.96439,271.39665,277.08514,285.50583,296.95518,311.45312,328.67954,347.96792,221.72867401344035,318.24306675388186,3122.55109,426.03892,2231.43589,-43.98476
1147,1147,1147.0,1147.0,1147.0,1147.0,1147.0,1147.0,1147.0,1147.0,1147.0,1147.0,1147.0,1147.0,1147.0,1147.0,1147.0,1147.0,1147.0,1147.0,1147.0,1147.0,1147.0,1147.0,7.0,0.7,230.02193,237.91404,245.06725,251.25646,256.39493,260.53367,263.8384,266.55245,268.9544,271.31818,273.88003,276.81483,280.22253,284.12529,288.47573,293.17562,298.1024,303.13846,308.19614,313.23158,178.58191912814513,323.4886997966387,3548.59001,467.8346500000002,1805.39697,-52.46633000000003
1148,1148,1148.0,1148.0,1148.0,1148.0,1148.0,1148.0,1148.0,1148.0,1148.0,1148.0,1148.0,1148.0,1148.0,1148.0,1148.0,1148.0,1148.0,1148.0,1148.0,1148.0,1148.0,1148.0,8.0,0.8,191.9619,204.9037,217.02585,228.04834,237.81732,246.30698,253.60194,259.86711,265.31343,270.16634,274.64138,278.92827,283.18269,287.52375,292.03473,296.76548,301.73511,306.93495,312.33184,317.87242,218.86848251063927,224.95046199270985,4016.42466,593.1543399999996,1337.5623199999995,-66.69301999999999
1149,1149,1149.0,1149.0,1149.0,1149.0,1149.0,1149.0,1149.0,1149.0,1149.0,1149.0,1149.0,1149.0,1149.0,1149.0,1149.0,1149.0,1149.0,1149.0,1149.0,1149.0,1149.0,1149.0,9.0,0.9,222.55645,226.3995,230.52027,234.98467,239.79081,244.87159,250.10696,255.33914,260.38442,265.03755,269.06898,272.21916,274.19717,274.69163,273.3995,270.07354,264.58166,256.96501,247.47728,236.58924,213.5435392848709,291.7488664991317,4609.579,744.40798,744.40798,-68.12841
1150,1150,1150.0,1150.0,1150.0,1150.0,1150.0,1150.0,1150.0,1150.0,1150.0,1150.0,1150.0,1150.0,1150.0,1150.0,1150.0,1150.0,1150.0,1150.0,1150.0,1150.0,1150.0,1150.0,0.0,0.0,273.0,273.0,273.0,273.0,273.0,273.0,273.0,273.0,273.0,273.0,273.0,273.0,273.0,273.0,273.0,273.0,273.0,273.0,273.0,273.0,300.724655674425,196.34923339605533,0.0,483.81596,3882.52022,1.170630000000017
1151,1151,1151.0,1151.0,1151.0,1151.0,1151.0,1151.0,1151.0,1151.0,1151.0,1151.0,1151.0,1151.0,1151.0,1151.0,1151.0,1151.0,1151.0,1151.0,1151.0,1151.0,1151.0,1151.0,1.0,0.1,295.99732,291.48417,287.36911,283.78183,280.78458,278.37035,276.46982,274.96233,273.68632,272.4458,271.01277,269.12824,266.50666,262.84949,257.87166,251.34123,243.12713,233.24443,221.88404,209.41441,283.6798520152686,202.5245249819068,483.81596,634.2715999999999,3398.70426,1.170630000000017
1152,1152,1152.0,1152.0,1152.0,1152.0,1152.0,1152.0,1152.0,1152.0,1152.0,1152.0,1152.0,1152.0,1152.0,1152.0,1152.0,1152.0,1152.0,1152.0,1152.0,1152.0,1152.0,1152.0,2.0,0.2,283.10849,282.45658,281.65379,280.64687,279.40085,277.89447,276.11174,274.03234,271.62406,268.83937,265.61728,261.88971,257.59128,252.67017,247.09825,240.87851,234.04897,226.68261,218.88379,210.78209,372.3775760470178,322.31141278517964,1118.08756,649.5058800000002,2764.43266,1.170630000000017
1153,1153,1153.0,1153.0,1153.0,1153.0,1153.0,1153.0,1153.0,1153.0,1153.0,1153.0,1153.0,1153.0,1153.0,1153.0,1153.0,1153.0,1153.0,1153.0,1153.0,1153.0,1153.0,1153.0,3.0,0.3,356.07046,340.40668,325.937,313.04904,301.93371,292.59318,284.88402,278.58219,273.45459,269.32371,266.1159,263.88762,262.82601,263.22203,265.41664,269.72453,276.34649,285.28765,296.30236,308.8844,366.2409501060002,361.0681305673805,1767.59344,361.06446000000005,2114.92678,1.170630000000017
1154,1154,1154.0,1154.0,1154.0,1154.0,1154.0,1154.0,1154.0,1154.0,1154.0,1154.0,1154.0,1154.0,1154.0,1154.0,1154.0,1154.0,1154.0,1154.0,1154.0,1154.0,1154.0,1154.0,4.0,0.4,355.0728,344.09953,333.51073,323.48594,314.19097,305.77613,298.37701,292.1181,287.1189,283.50117,281.39514,280.94187,282.28879,285.57639,290.91519,298.35522,307.85266,319.24124,332.21654,346.34041,356.454678230236,220.7008712420213,2128.6579,204.12048000000004,1753.8623199999995,1.170630000000017
1155,1155,1155.0,1155.0,1155.0,1155.0,1155.0,1155.0,1155.0,1155.0,1155.0,1155.0,1155.0,1155.0,1155.0,1155.0,1155.0,1155.0,1155.0,1155.0,1155.0,1155.0,1155.0,1155.0,5.0,0.5,348.85658,341.34382,334.00914,326.95726,320.30426,314.17063,308.66787,303.8793,299.83679,296.49569,293.71196,291.22717,288.66843,285.57076,281.4266,275.76115,268.22362,258.67551,247.25188,234.37386,243.6290015704239,227.89303006265845,2332.77838,275.84384999999975,1549.7418399999997,1.170630000000017
1156,1156,1156.0,1156.0,1156.0,1156.0,1156.0,1156.0,1156.0,1156.0,1156.0,1156.0,1156.0,1156.0,1156.0,1156.0,1156.0,1156.0,1156.0,1156.0,1156.0,1156.0,1156.0,1156.0,6.0,0.6,256.23523,268.03766,278.34774,286.67997,292.79344,296.68297,298.52885,298.6239,297.29805,294.85688,291.54319,287.5229,282.89104,277.69068,271.93724,265.64207,258.83091,251.5554,243.89726,235.96619,318.9505869845028,239.15276322183644,2608.62223,344.80019,1273.89799,1.170630000000017
1157,1157,1157.0,1157.0,1157.0,1157.0,1157.0,1157.0,1157.0,1157.0,1157.0,1157.0,1157.0,1157.0,1157.0,1157.0,1157.0,1157.0,1157.0,1157.0,1157.0,1157.0,1157.0,1157.0,7.0,0.7,313.6598,308.67053,304.22281,300.44979,297.35903,294.84264,292.70987,290.7311,288.68111,286.37278,283.67677,280.52745,276.91788,272.88772,268.50781,263.86395,259.04205,254.11616,249.14073,244.14831,362.83409771284926,243.2032763589185,2953.42242,382.8887199999999,929.0978,1.170630000000017
1158,1158,1158.0,1158.0,1158.0,1158.0,1158.0,1158.0,1158.0,1158.0,1158.0,1158.0,1158.0,1158.0,1158.0,1158.0,1158.0,1158.0,1158.0,1158.0,1158.0,1158.0,1158.0,1158.0,8.0,0.8,351.49936,340.55487,330.33687,321.08552,312.92275,305.85253,299.78031,294.54416,289.94946,285.79991,281.9207,278.17221,274.4551,270.7086,266.90426,263.0374,259.11776,255.16117,251.18309,247.19492,267.28055131505386,348.52514209699933,3336.31114,333.70915000000014,546.2090800000001,1.170630000000017
1159,1159,1159.0,1159.0,1159.0,1159.0,1159.0,1159.0,1159.0,1159.0,1159.0,1159.0,1159.0,1159.0,1159.0,1159.0,1159.0,1159.0,1159.0,1159.0,1159.0,1159.0,1159.0,1159.0,9.0,0.9,274.67803,281.46654,287.12999,291.31656,293.87406,294.84658,294.44081,292.97724,290.84243,288.45368,286.24009,284.63622,284.07892,284.99642,287.78085,292.742,300.04786,309.6663,321.32622,334.51555,196.7437712570933,325.74871013773026,3670.02029,212.49992999999995,212.49992999999995,1.170630000000017
1160,1160,1160.0,1160.0,1160.0,1160.0,1160.0,1160.0,1160.0,1160.0,1160.0,1160.0,1160.0,1160.0,1160.0,1160.0,1160.0,1160.0,1160.0,1160.0,1160.0,1160.0,1160.0,1160.0,0.0,0.0,273.0,273.0,273.0,273.0,273.0,273.0,273.0,273.0,273.0,273.0,273.0,273.0,273.0,273.0,273.0,273.0,273.0,273.0,273.0,273.0,349.0511268988664,264.53889319169514,0.0,425.16952,2990.73913,-40.0
1161,1161,1161.0,1161.0,1161.0,1161.0,1161.0,1161.0,1161.0,1161.0,1161.0,1161.0,1161.0,1161.0,1161.0,1161.0,1161.0,1161.0,1161.0,1161.0,1161.0,1161.0,1161.0,1161.0,1.0,0.1,336.08862,323.71734,312.44754,302.64581,294.50347,288.03905,283.12876,279.55299,277.04562,275.3356,274.17529,273.35497,272.70647,272.10044,271.44134,270.66333,269.72792,268.6231,267.36251,265.98291,233.7000574524815,248.0272110724355,425.16952,408.19351,2565.56961,-24.960950000000025
1162,1162,1162.0,1162.0,1162.0,1162.0,1162.0,1162.0,1162.0,1162.0,1162.0,1162.0,1162.0,1162.0,1162.0,1162.0,1162.0,1162.0,1162.0,1162.0,1162.0,1162.0,1162.0,1162.0,2.0,0.2,244.15377,253.9184,262.4126,269.24417,274.24731,277.47176,279.13328,279.54321,279.03655,277.91368,276.40366,274.64998,272.71503,270.59723,268.25522,265.634,262.68933,259.40717,255.81534,251.98585,347.9045600484988,333.058690113038,833.36303,418.08395,2157.3761,-35.52823999999998
1163,1163,1163.0,1163.0,1163.0,1163.0,1163.0,1163.0,1163.0,1163.0,1163.0,1163.0,1163.0,1163.0,1163.0,1163.0,1163.0,1163.0,1163.0,1163.0,1163.0,1163.0,1163.0,1163.0,3.0,0.3,334.78649,322.34286,311.14354,301.57511,293.8058,287.79819,283.36063,280.22054,278.10082,276.78408,276.15586,276.22338,277.11017,279.02851,282.23275,286.95872,293.35746,301.43547,311.01562,321.73116,350.7656285762555,177.6888307001584,1251.44698,314.29088,1739.29215,-25.201810000000023
1164,1164,1164.0,1164.0,1164.0,1164.0,1164.0,1164.0,1164.0,1164.0,1164.0,1164.0,1164.0,1164.0,1164.0,1164.0,1164.0,1164.0,1164.0,1164.0,1164.0,1164.0,1164.0,1164.0,4.0,0.4,341.26626,332.01589,323.24523,315.15053,307.88077,301.52838,296.12263,291.62354,287.91472,284.79417,281.96498,279.03038,275.50082,270.82135,264.42533,255.81423,244.65335,230.86372,214.68429,196.6808,234.7967047918524,358.0607545135591,1565.73786,390.6151,1425.00127,-11.471619999999971
1165,1165,1165.0,1165.0,1165.0,1165.0,1165.0,1165.0,1165.0,1165.0,1165.0,1165.0,1165.0,1165.0,1165.0,1165.0,1165.0,1165.0,1165.0,1165.0,1165.0,1165.0,1165.0,1165.0,5.0,0.5,246.91752,258.24476,268.09982,276.00716,281.73764,285.30402,286.91904,286.93599,285.79227,283.97081,281.98423,280.3756,279.72213,280.62476,283.66992,289.35888,298.01348,309.6799,324.06074,340.50343,307.2290032723078,368.2432025086616,1956.35296,226.22686,1034.38617,-27.69598000000002
1166,1166,1166.0,1166.0,1166.0,1166.0,1166.0,1166.0,1166.0,1166.0,1166.0,1166.0,1166.0,1166.0,1166.0,1166.0,1166.0,1166.0,1166.0,1166.0,1166.0,1166.0,1166.0,1166.0,6.0,0.6,302.19166,297.47915,293.36298,290.02333,287.53628,285.88806,285.00958,284.81994,285.2666,286.3528,288.1477,290.77927,294.41308,299.22223,305.35348,312.89474,321.84837,332.11405,343.48426,355.65383,293.8873173640623,224.53987477266764,2182.57982,139.60793000000012,808.15931,-27.111940000000004
1167,1167,1167.0,1167.0,1167.0,1167.0,1167.0,1167.0,1167.0,1167.0,1167.0,1167.0,1167.0,1167.0,1167.0,1167.0,1167.0,1167.0,1167.0,1167.0,1167.0,1167.0,1167.0,1167.0,7.0,0.7,293.15903,292.45141,291.79306,291.22544,290.80245,290.58363,290.62104,290.94091,291.52163,292.27056,293.00337,293.43131,293.16343,291.7312,288.64006,283.44673,275.85199,265.78968,253.48739,239.47647,347.4250488306548,237.4762364018188,2322.18775,244.1113999999997,668.5513799999999,-22.41636999999997
1168,1168,1168.0,1168.0,1168.0,1168.0,1168.0,1168.0,1168.0,1168.0,1168.0,1168.0,1168.0,1168.0,1168.0,1168.0,1168.0,1168.0,1168.0,1168.0,1168.0,1168.0,1168.0,1168.0,8.0,0.8,337.8714,328.74846,320.42576,313.16347,307.08635,302.18187,298.31901,295.27997,292.79625,290.5822,288.36248,285.89227,282.97128,279.45268,275.24781,270.32719,264.71757,258.4957,251.77931,244.71674,243.0315719318006,372.7423695224807,2566.29915,261.0588300000004,424.4399800000001,-10.818129999999996
1169,1169,1169.0,1169.0,1169.0,1169.0,1169.0,1169.0,1169.0,1169.0,1169.0,1169.0,1169.0,1169.0,1169.0,1169.0,1169.0,1169.0,1169.0,1169.0,1169.0,1169.0,1169.0,1169.0,9.0,0.9,253.87076,264.02861,272.92408,280.15345,285.52841,289.07251,290.98542,291.59172,291.29191,290.52805,289.76763,289.50063,290.23835,292.50053,296.78037,303.48466,312.85673,324.90006,339.32642,355.55044,259.0008662712175,287.0385736971167,2827.35798,163.3811499999997,163.3811499999997,-23.927489999999977
1170,1170,1170.0,1170.0,1170.0,1170.0,1170.0,1170.0,1170.0,1170.0,1170.0,1170.0,1170.0,1170.0,1170.0,1170.0,1170.0,1170.0,1170.0,1170.0,1170.0,1170.0,1170.0,1170.0,0.0,0.0,273.0,273.0,273.0,273.0,273.0,273.0,273.0,273.0,273.0,273.0,273.0,273.0,273.0,273.0,273.0,273.0,273.0,273.0,273.0,273.0,326.4567181023831,315.0482507448394,0.0,404.78939,6203.89299,-40.0
1171,1171,1171.0,1171.0,1171.0,1171.0,1171.0,1171.0,1171.0,1171.0,1171.0,1171.0,1171.0,1171.0,1171.0,1171.0,1171.0,1171.0,1171.0,1171.0,1171.0,1171.0,1171.0,1171.0,1.0,0.1,317.34648,308.65271,300.73546,293.85492,288.1505,283.64421,280.26481,277.88443,276.35812,275.55877,275.40214,275.85992,276.96021,278.77608,281.40365,284.93228,289.41127,294.81951,301.04527,307.88278,250.31786379900456,355.2287248412472,404.78939,277.3556,5799.1036,-29.355790000000013
1172,1172,1172.0,1172.0,1172.0,1172.0,1172.0,1172.0,1172.0,1172.0,1172.0,1172.0,1172.0,1172.0,1172.0,1172.0,1172.0,1172.0,1172.0,1172.0,1172.0,1172.0,1172.0,1172.0,2.0,0.2,256.90346,263.05967,268.42984,272.78561,276.05373,278.31167,279.75868,280.67371,281.37304,282.17651,283.38648,285.27786,288.09431,292.04424,297.29164,303.93992,312.01071,321.42342,331.98304,343.38329,195.9994915340472,217.8894398439728,682.14499,282.05561,5521.7480000000005,-34.68833000000001
1173,1173,1173.0,1173.0,1173.0,1173.0,1173.0,1173.0,1173.0,1173.0,1173.0,1173.0,1173.0,1173.0,1173.0,1173.0,1173.0,1173.0,1173.0,1173.0,1173.0,1173.0,1173.0,1173.0,3.0,0.3,209.52962,222.54253,234.59011,245.34728,254.63964,262.4411,268.84467,274.01434,278.12824,281.32274,283.64562,285.0256,285.26446,284.05699,281.04114,275.87533,268.33149,258.38483,246.2763,232.52646,211.5413813114828,302.035126988455,964.2006,503.47718,5239.69239,-50.5589
1174,1174,1174.0,1174.0,1174.0,1174.0,1174.0,1174.0,1174.0,1174.0,1174.0,1174.0,1174.0,1174.0,1174.0,1174.0,1174.0,1174.0,1174.0,1174.0,1174.0,1174.0,1174.0,1174.0,4.0,0.4,219.02752,226.4281,233.65134,240.59562,247.15042,253.20203,258.64354,263.38767,267.38079,270.61705,273.15056,275.10379,276.66846,278.09527,279.66949,281.67223,284.33207,287.77683,291.99844,296.84335,184.143964885388,308.379038772654,1467.67778,596.1329300000002,4736.21521,-59.79796999999999
1175,1175,1175.0,1175.0,1175.0,1175.0,1175.0,1175.0,1175.0,1175.0,1175.0,1175.0,1175.0,1175.0,1175.0,1175.0,1175.0,1175.0,1175.0,1175.0,1175.0,1175.0,1175.0,1175.0,5.0,0.5,195.31446,206.19077,216.51102,226.07141,234.7411,242.46478,249.25514,255.17914,260.34231,264.87452,268.91874,272.62255,276.13134,279.58168,283.09401,286.76453,290.65729,294.79807,299.17202,303.7264,333.8331063329798,201.0704467908971,2063.81071,630.4955599999998,4140.0822800000005,-70.53522000000001
1176,1176,1176.0,1176.0,1176.0,1176.0,1176.0,1176.0,1176.0,1176.0,1176.0,1176.0,1176.0,1176.0,1176.0,1176.0,1176.0,1176.0,1176.0,1176.0,1176.0,1176.0,1176.0,1176.0,6.0,0.6,317.43881,302.08294,288.65127,277.75956,269.69485,264.42083,261.63452,260.85025,261.48507,262.9262,264.57225,265.85091,266.22438,265.1964,262.33281,257.30035,249.91955,240.21828,228.46738,215.18074,248.28424399500784,186.48858075266085,2694.30627,708.2759900000001,3509.58672,-48.579169999999976
1177,1177,1177.0,1177.0,1177.0,1177.0,1177.0,1177.0,1177.0,1177.0,1177.0,1177.0,1177.0,1177.0,1177.0,1177.0,1177.0,1177.0,1177.0,1177.0,1177.0,1177.0,1177.0,1177.0,7.0,0.7,252.72106,256.80421,260.24183,262.84802,264.55785,265.41136,265.51424,264.98841,263.92644,262.36008,260.24797,257.48196,253.90822,249.35748,243.67905,236.77341,228.61938,219.29203,208.96845,197.91962,308.1860538018029,195.6201247508242,3402.58226,917.2238799999996,2801.31073,-47.58864
1178,1178,1178.0,1178.0,1178.0,1178.0,1178.0,1178.0,1178.0,1178.0,1178.0,1178.0,1178.0,1178.0,1178.0,1178.0,1178.0,1178.0,1178.0,1178.0,1178.0,1178.0,1178.0,1178.0,8.0,0.8,300.30845,292.77465,285.87048,279.77941,274.56105,270.15483,266.40406,263.09176,259.97846,256.83463,253.46362,249.71475,245.48794,240.73241,235.44143,229.64488,223.40062,216.78565,209.88818,202.80146,199.986632248594,296.1508369674843,4319.80614,961.1138,1884.0868500000008,-42.84517
1179,1179,1179.0,1179.0,1179.0,1179.0,1179.0,1179.0,1179.0,1179.0,1179.0,1179.0,1179.0,1179.0,1179.0,1179.0,1179.0,1179.0,1179.0,1179.0,1179.0,1179.0,1179.0,1179.0,9.0,0.9,212.42817,224.11043,234.38113,242.77728,249.06645,253.24365,255.49318,256.13269,255.55764,254.19935,252.5016,250.91218,249.87996,249.84584,251.21865,254.33262,259.39199,266.41571,275.20019,285.31647,286.8371686261344,202.3925984428858,5280.91994,922.9730500000004,922.9730500000004,-59.75635
1180,1180,1180.0,1180.0,1180.0,1180.0,1180.0,1180.0,1180.0,1180.0,1180.0,1180.0,1180.0,1180.0,1180.0,1180.0,1180.0,1180.0,1180.0,1180.0,1180.0,1180.0,1180.0,1180.0,0.0,0.0,273.0,273.0,273.0,273.0,273.0,273.0,273.0,273.0,273.0,273.0,273.0,273.0,273.0,273.0,273.0,273.0,273.0,273.0,273.0,273.0,318.08981295257337,209.01432970403584,0.0,468.78028,7003.34184,-40.0
1181,1181,1181.0,1181.0,1181.0,1181.0,1181.0,1181.0,1181.0,1181.0,1181.0,1181.0,1181.0,1181.0,1181.0,1181.0,1181.0,1181.0,1181.0,1181.0,1181.0,1181.0,1181.0,1181.0,1.0,0.1,310.40301,303.06571,296.37868,290.5561,285.70542,281.82656,278.82675,276.54325,274.76654,273.25801,271.76046,270.00321,267.70682,264.59309,260.40478,254.9362,248.0707,239.81677,230.33151,219.92131,180.7909989410444,303.2986904857973,468.78028,562.0011,6534.56156,-31.173440000000028
1182,1182,1182.0,1182.0,1182.0,1182.0,1182.0,1182.0,1182.0,1182.0,1182.0,1182.0,1182.0,1182.0,1182.0,1182.0,1182.0,1182.0,1182.0,1182.0,1182.0,1182.0,1182.0,1182.0,2.0,0.2,198.63988,215.52697,230.62676,243.35441,253.41682,260.80605,265.74672,268.61955,269.88478,270.02317,269.50236,268.76566,268.23335,268.30319,269.33898,271.64218,275.40928,280.68625,287.33587,295.03332,229.2082844554389,175.3590270746677,1030.78138,690.66236,5972.560460000001,-52.19394999999997
1183,1183,1183.0,1183.0,1183.0,1183.0,1183.0,1183.0,1183.0,1183.0,1183.0,1183.0,1183.0,1183.0,1183.0,1183.0,1183.0,1183.0,1183.0,1183.0,1183.0,1183.0,1183.0,1183.0,3.0,0.3,232.81142,236.4691,240.20856,244.01096,247.80614,251.48068,254.8941,257.89506,260.33032,262.04223,262.85576,262.56132,260.90304,257.58338,252.29181,244.75914,234.82955,222.53395,208.14224,192.17439,277.76328711802097,299.614370277071,1721.44374,866.6615899999999,5281.8981,-61.51931999999999
1184,1184,1184.0,1184.0,1184.0,1184.0,1184.0,1184.0,1184.0,1184.0,1184.0,1184.0,1184.0,1184.0,1184.0,1184.0,1184.0,1184.0,1184.0,1184.0,1184.0,1184.0,1184.0,1184.0,4.0,0.4,272.90663,268.37415,264.43531,261.26293,258.91284,257.32829,256.36615,255.83809,255.55821,255.38957,255.28293,255.3023,255.63188,256.55995,258.43697,261.6101,266.34311,272.73809,280.67944,289.81931,192.07666308439647,195.3061346189658,2588.10533,837.9443799999999,4415.236510000001,-55.67171000000002
1185,1185,1185.0,1185.0,1185.0,1185.0,1185.0,1185.0,1185.0,1185.0,1185.0,1185.0,1185.0,1185.0,1185.0,1185.0,1185.0,1185.0,1185.0,1185.0,1185.0,1185.0,1185.0,1185.0,5.0,0.5,203.64837,214.6447,224.5745,233.09499,240.04211,245.4235,249.37998,252.12821,253.89829,254.87795,255.17094,254.77387,253.57345,251.36556,247.89586,242.91872,236.26656,227.91582,218.03289,206.98474,196.87824052469352,357.55481942962217,3426.04971,1057.2968999999998,3577.2921300000003,-67.57650000000001
1186,1186,1186.0,1186.0,1186.0,1186.0,1186.0,1186.0,1186.0,1186.0,1186.0,1186.0,1186.0,1186.0,1186.0,1186.0,1186.0,1186.0,1186.0,1186.0,1186.0,1186.0,1186.0,1186.0,6.0,0.6,204.03004,211.01492,217.67415,223.86543,229.47158,234.40979,238.64201,242.187,245.13446,247.6605,250.04181,252.66346,256.01254,260.64938,267.1505,276.02419,287.60938,301.97885,318.87354,337.69303,189.77856286106936,314.0581757788393,4483.34661,951.23898,2519.9952300000004,-78.59021000000001
1187,1187,1187.0,1187.0,1187.0,1187.0,1187.0,1187.0,1187.0,1187.0,1187.0,1187.0,1187.0,1187.0,1187.0,1187.0,1187.0,1187.0,1187.0,1187.0,1187.0,1187.0,1187.0,1187.0,7.0,0.7,196.84556,203.78571,210.48778,216.86955,222.88734,228.54046,233.8706,238.95618,243.90247,248.82803,253.84889,259.06205,264.53116,270.2772,276.27727,282.47273,288.78569,295.13994,301.48016,307.78331,354.21659050112874,341.8060864876565,5434.58559,770.4998400000004,1568.7562500000004,-84.45954
1188,1188,1188.0,1188.0,1188.0,1188.0,1188.0,1188.0,1188.0,1188.0,1188.0,1188.0,1188.0,1188.0,1188.0,1188.0,1188.0,1188.0,1188.0,1188.0,1188.0,1188.0,1188.0,1188.0,8.0,0.8,332.48455,311.99566,293.82234,278.73502,267.13736,259.07458,254.30195,252.38778,252.82243,255.11047,258.83357,263.68122,269.45398,276.04651,283.41834,291.5592,300.45441,310.05584,320.26269,330.91573,292.3463119542266,289.6504321163092,6205.08543,415.10293999999976,798.25641,-53.92541999999997
1189,1189,1189.0,1189.0,1189.0,1189.0,1189.0,1189.0,1189.0,1189.0,1189.0,1189.0,1189.0,1189.0,1189.0,1189.0,1189.0,1189.0,1189.0,1189.0,1189.0,1189.0,1189.0,1189.0,9.0,0.9,289.12005,285.86493,282.58812,279.35699,276.30401,273.61118,271.47933,270.09088,269.57531,269.9839,271.27719,273.32544,275.92132,278.80322,281.68744,284.30684,286.45127,288.00327,288.96063,289.43894,242.633164315206,289.7239353542934,6620.18837,383.1534700000002,383.1534700000002,-39.38882000000001
1190,1190,1190.0,1190.0,1190.0,1190.0,1190.0,1190.0,1190.0,1190.0,1190.0,1190.0,1190.0,1190.0,1190.0,1190.0,1190.0,1190.0,1190.0,1190.0,1190.0,1190.0,1190.0,1190.0,0.0,0.0,273.0,273.0,273.0,273.0,273.0,273.0,273.0,273.0,273.0,273.0,273.0,273.0,273.0,273.0,273.0,273.0,273.0,273.0,273.0,273.0,209.5563597795541,339.2724927908924,0.0,451.0805,2501.28225,1.2259000000000242
1191,1191,1191.0,1191.0,1191.0,1191.0,1191.0,1191.0,1191.0,1191.0,1191.0,1191.0,1191.0,1191.0,1191.0,1191.0,1191.0,1191.0,1191.0,1191.0,1191.0,1191.0,1191.0,1191.0,1.0,0.1,220.37147,230.69442,240.10127,248.2894,255.10522,260.54436,264.72957,267.8767,270.25974,272.183,273.96394,275.92444,278.38527,281.6567,286.01984,291.69697,298.81442,307.36654,317.19232,327.9753,215.482826892777,340.2991208223901,451.0805,442.3541100000001,2050.20175,1.2259000000000242
1192,1192,1192.0,1192.0,1192.0,1192.0,1192.0,1192.0,1192.0,1192.0,1192.0,1192.0,1192.0,1192.0,1192.0,1192.0,1192.0,1192.0,1192.0,1192.0,1192.0,1192.0,1192.0,1192.0,2.0,0.2,222.24998,228.90887,235.35933,241.51753,247.32368,252.74886,257.79997,262.52169,266.99491,271.33134,275.66463,280.13882,284.89525,290.05913,295.72712,301.95694,308.76033,316.10007,323.89166,332.00978,306.5234959048036,185.2817043779013,893.43461,437.1067900000001,1607.8476400000002,1.2259000000000242
1193,1193,1193.0,1193.0,1193.0,1193.0,1193.0,1193.0,1193.0,1193.0,1193.0,1193.0,1193.0,1193.0,1193.0,1193.0,1193.0,1193.0,1193.0,1193.0,1193.0,1193.0,1193.0,1193.0,3.0,0.3,297.00831,288.15811,280.54355,274.56768,270.42792,268.11574,267.44605,268.1009,269.67198,271.69058,273.64216,274.97069,275.0844,273.37626,269.26964,262.29113,252.16142,238.88376,222.80298,204.61042,298.3590223725903,371.7635575626599,1330.5414,468.6580099999999,1170.74085,1.2259000000000242
1194,1194,1194.0,1194.0,1194.0,1194.0,1194.0,1194.0,1194.0,1194.0,1194.0,1194.0,1194.0,1194.0,1194.0,1194.0,1194.0,1194.0,1194.0,1194.0,1194.0,1194.0,1194.0,1194.0,4.0,0.4,294.25086,290.27357,286.54744,283.17238,280.22021,277.731,275.71603,274.16969,273.09137,272.5163,272.55047,273.40141,275.39321,278.95392,284.56658,292.68389,303.61823,317.43126,333.85435,352.26911,346.9564978125196,370.8124345296367,1799.19941,241.3994500000001,702.0828400000003,1.2259000000000242
1195,1195,1195.0,1195.0,1195.0,1195.0,1195.0,1195.0,1195.0,1195.0,1195.0,1195.0,1195.0,1195.0,1195.0,1195.0,1195.0,1195.0,1195.0,1195.0,1195.0,1195.0,1195.0,1195.0,5.0,0.5,335.61428,324.73398,314.72607,305.91035,298.49709,292.59071,288.21177,285.32911,283.89285,283.86057,285.21219,287.95239,292.10229,297.68342,304.69826,313.11097,322.83174,333.70755,345.52063,357.99531,199.98841398984004,300.0555427343961,2040.59886,126.86556999999992,460.68339000000014,1.2259000000000242
1196,1196,1196.0,1196.0,1196.0,1196.0,1196.0,1196.0,1196.0,1196.0,1196.0,1196.0,1196.0,1196.0,1196.0,1196.0,1196.0,1196.0,1196.0,1196.0,1196.0,1196.0,1196.0,1196.0,6.0,0.6,217.05769,233.20967,247.67379,259.93788,269.80102,277.36137,282.9504,287.03587,290.11894,292.64547,294.94393,297.19369,299.42241,301.52851,303.32352,304.58829,305.13461,304.8617,303.79539,302.09963,340.9556139386003,370.9624268251444,2167.46443,153.36828000000014,333.8178200000002,1.2259000000000242
1197,1197,1197.0,1197.0,1197.0,1197.0,1197.0,1197.0,1197.0,1197.0,1197.0,1197.0,1197.0,1197.0,1197.0,1197.0,1197.0,1197.0,1197.0,1197.0,1197.0,1197.0,1197.0,1197.0,7.0,0.7,328.66454,317.20241,307.27025,299.34479,293.63486,290.09531,288.48745,288.46486,289.66202,291.76749,294.57218,297.99,302.05343,306.88816,312.67154,319.58027,327.73436,337.14704,347.69164,359.09505,313.2754698982658,319.0844450567511,2320.83271,61.8136099999997,180.44954000000007,1.2259000000000242
1198,1198,1198.0,1198.0,1198.0,1198.0,1198.0,1198.0,1198.0,1198.0,1198.0,1198.0,1198.0,1198.0,1198.0,1198.0,1198.0,1198.0,1198.0,1198.0,1198.0,1198.0,1198.0,1198.0,8.0,0.8,310.72898,308.24056,305.8792,303.73121,301.89937,300.49456,299.62189,299.36476,299.77006,300.83695,302.51029,304.67966,307.18456,309.82689,312.39142,314.67365,316.512,317.81832,318.59887,318.95856,359.35653092838913,326.93120097867074,2382.64632,60.6853000000001,118.63593000000036,1.2259000000000242
1199,1199,1199.0,1199.0,1199.0,1199.0,1199.0,1199.0,1199.0,1199.0,1199.0,1199.0,1199.0,1199.0,1199.0,1199.0,1199.0,1199.0,1199.0,1199.0,1199.0,1199.0,1199.0,1199.0,9.0,0.9,349.75717,340.58571,332.2187,324.94099,318.92419,314.2259,310.80619,308.55449,307.31928,306.93447,307.23902,308.08927,309.36474,310.96933,312.82936,314.88964,317.10846,319.45231,321.89107,324.3946,231.6699361699809,287.61973597503925,2443.33162,57.950630000000274,57.950630000000274,1.2259000000000242
1200,1200,1200.0,1200.0,1200.0,1200.0,1200.0,1200.0,1200.0,1200.0,1200.0,1200.0,1200.0,1200.0,1200.0,1200.0,1200.0,1200.0,1200.0,1200.0,1200.0,1200.0,1200.0,1200.0,0.0,0.0,273.0,273.0,273.0,273.0,273.0,273.0,273.0,273.0,273.0,273.0,273.0,273.0,273.0,273.0,273.0,273.0,273.0,273.0,273.0,273.0,325.53082223123977,211.5732092437588,0.0,464.62447,6124.91061,-40.0
1201,1201,1201.0,1201.0,1201.0,1201.0,1201.0,1201.0,1201.0,1201.0,1201.0,1201.0,1201.0,1201.0,1201.0,1201.0,1201.0,1201.0,1201.0,1201.0,1201.0,1201.0,1201.0,1201.0,1.0,0.1,316.57582,308.02823,300.23885,293.4579,287.81188,283.30318,279.82802,277.20404,275.19867,273.55125,271.98666,270.22214,267.97211,264.95727,260.92258,255.66545,249.07088,241.14527,232.03851,222.04424,318.57275205251767,303.8877457850947,464.62447,489.96205,5660.28614,-29.69682
1202,1202,1202.0,1202.0,1202.0,1202.0,1202.0,1202.0,1202.0,1202.0,1202.0,1202.0,1202.0,1202.0,1202.0,1202.0,1202.0,1202.0,1202.0,1202.0,1202.0,1202.0,1202.0,1202.0,2.0,0.2,313.31079,308.12208,303.07605,298.23444,293.64761,289.3521,285.37088,281.7179,278.40777,275.47027,272.96726,271.00789,269.75594,269.42347,270.24626,272.44114,276.1511,281.39039,288.00515,295.66418,337.2468522286365,175.30052006135563,954.58652,425.9481400000001,5170.32409,-23.6479
1203,1203,1203.0,1203.0,1203.0,1203.0,1203.0,1203.0,1203.0,1203.0,1203.0,1203.0,1203.0,1203.0,1203.0,1203.0,1203.0,1203.0,1203.0,1203.0,1203.0,1203.0,1203.0,1203.0,3.0,0.3,329.4437,321.8375,314.6041,307.8813,301.75871,296.27442,291.41618,287.12339,283.28628,279.74044,276.25802,272.54,268.21709,262.86722,256.05562,247.39766,236.63621,223.71725,208.8419,192.4751,319.4352846112747,180.6680566098021,1380.53466,593.12115,4744.37595,-16.72557999999998
1204,1204,1204.0,1204.0,1204.0,1204.0,1204.0,1204.0,1204.0,1204.0,1204.0,1204.0,1204.0,1204.0,1204.0,1204.0,1204.0,1204.0,1204.0,1204.0,1204.0,1204.0,1204.0,1204.0,4.0,0.4,315.98953,312.47202,308.8221,304.99733,300.9742,296.74245,292.29495,287.61591,282.67129,277.40388,271.73453,265.56938,258.81172,251.37619,243.20316,234.27066,224.60246,214.27092,203.39474,192.13177,281.11334880561526,310.51798985658144,1973.65581,635.0899999999999,4151.2548,-16.25754999999998
1205,1205,1205.0,1205.0,1205.0,1205.0,1205.0,1205.0,1205.0,1205.0,1205.0,1205.0,1205.0,1205.0,1205.0,1205.0,1205.0,1205.0,1205.0,1205.0,1205.0,1205.0,1205.0,1205.0,5.0,0.5,283.67617,285.90143,287.49383,288.23365,287.9956,286.75199,284.56452,281.57098,277.9741,274.03635,270.08107,266.49477,263.7228,262.24888,262.5521,265.04089,269.97262,277.37613,286.9997,298.30504,203.0700529612194,219.64285108903584,2608.74581,523.2752700000001,3516.1648,-26.248010000000026
1206,1206,1206.0,1206.0,1206.0,1206.0,1206.0,1206.0,1206.0,1206.0,1206.0,1206.0,1206.0,1206.0,1206.0,1206.0,1206.0,1206.0,1206.0,1206.0,1206.0,1206.0,1206.0,1206.0,6.0,0.6,216.79175,229.80016,241.47623,251.36908,259.23554,265.04078,268.92511,271.14835,272.02535,271.86437,270.91636,269.34036,267.18776,264.40756,260.87283,256.42618,250.93729,244.36093,236.78055,228.42381,224.11841311179288,200.1089625837025,3132.02108,748.4605799999999,2992.88953,-47.959220000000016
1207,1207,1207.0,1207.0,1207.0,1207.0,1207.0,1207.0,1207.0,1207.0,1207.0,1207.0,1207.0,1207.0,1207.0,1207.0,1207.0,1207.0,1207.0,1207.0,1207.0,1207.0,1207.0,1207.0,7.0,0.7,229.64601,235.07318,240.29352,245.19156,249.64427,253.52683,256.72085,259.12178,260.6434,261.21799,260.79301,259.32625,256.78236,253.13324,248.36412,242.48482,235.54425,227.64414,218.94756,209.67828,259.0135287803877,313.8969918732527,3880.48166,890.2493,2244.42895,-59.47317000000001
1208,1208,1208.0,1208.0,1208.0,1208.0,1208.0,1208.0,1208.0,1208.0,1208.0,1208.0,1208.0,1208.0,1208.0,1208.0,1208.0,1208.0,1208.0,1208.0,1208.0,1208.0,1208.0,1208.0,8.0,0.8,257.42597,256.00611,254.8867,254.13979,253.76623,253.70256,253.84322,254.07306,254.30402,254.51004,254.75484,255.20757,256.14172,257.91261,260.91159,265.49939,271.92757,280.2643,290.34397,301.7582,254.45550440820284,332.580517551777,4770.73096,703.4107100000001,1354.17965,-59.29744
1209,1209,1209.0,1209.0,1209.0,1209.0,1209.0,1209.0,1209.0,1209.0,1209.0,1209.0,1209.0,1209.0,1209.0,1209.0,1209.0,1209.0,1209.0,1209.0,1209.0,1209.0,1209.0,1209.0,9.0,0.9,254.48607,254.52386,254.57987,254.67233,254.82954,255.09222,255.51561,256.17145,257.14975,258.55975,260.52914,263.20019,266.72157,271.23518,276.85824,283.66226,291.65208,300.74929,310.78457,321.50258,211.22112753658027,197.60987896718024,5474.14167,650.7689399999999,650.7689399999999,-57.90778
1210,1210,1210.0,1210.0,1210.0,1210.0,1210.0,1210.0,1210.0,1210.0,1210.0,1210.0,1210.0,1210.0,1210.0,1210.0,1210.0,1210.0,1210.0,1210.0,1210.0,1210.0,1210.0,1210.0,0.0,0.0,273.0,273.0,273.0,273.0,273.0,273.0,273.0,273.0,273.0,273.0,273.0,273.0,273.0,273.0,273.0,273.0,273.0,273.0,273.0,273.0,180.2103659922205,207.6689464108156,0.0,545.78811,6483.33735,-40.0
1211,1211,1211.0,1211.0,1211.0,1211.0,1211.0,1211.0,1211.0,1211.0,1211.0,1211.0,1211.0,1211.0,1211.0,1211.0,1211.0,1211.0,1211.0,1211.0,1211.0,1211.0,1211.0,1211.0,1.0,0.1,196.02394,211.11479,224.85822,236.80288,246.70762,254.53564,260.41305,264.56608,267.25304,268.70474,269.08174,268.45215,266.79054,263.99621,259.92833,254.45343,247.49813,239.09709,229.42487,218.80176,230.8078359613055,270.44027849631414,545.78811,810.7519500000001,5937.549239999999,-58.46436
1212,1212,1212.0,1212.0,1212.0,1212.0,1212.0,1212.0,1212.0,1212.0,1212.0,1212.0,1212.0,1212.0,1212.0,1212.0,1212.0,1212.0,1212.0,1212.0,1212.0,1212.0,1212.0,1212.0,2.0,0.2,233.29445,235.89695,238.69346,241.69719,244.84688,248.0163,251.03914,253.74196,255.97781,257.65439,258.75305,259.33707,259.5483,259.59178,259.7086,260.13847,261.07706,262.63553,264.81258,267.48766,228.18198621162315,236.37717645656383,1356.54006,870.20121,5126.79729,-64.9837
1213,1213,1213.0,1213.0,1213.0,1213.0,1213.0,1213.0,1213.0,1213.0,1213.0,1213.0,1213.0,1213.0,1213.0,1213.0,1213.0,1213.0,1213.0,1213.0,1213.0,1213.0,1213.0,1213.0,3.0,0.3,231.33576,234.45022,237.48667,240.40754,243.17676,245.75986,248.12378,250.23619,252.06407,253.57137,254.71617,255.4479,255.70637,255.42421,254.53456,252.98411,250.75013,247.85758,244.3913,240.49828,253.916449185056,307.63825860508376,2226.74127,910.29885,4256.596079999999,-67.24014
1214,1214,1214.0,1214.0,1214.0,1214.0,1214.0,1214.0,1214.0,1214.0,1214.0,1214.0,1214.0,1214.0,1214.0,1214.0,1214.0,1214.0,1214.0,1214.0,1214.0,1214.0,1214.0,1214.0,4.0,0.4,252.2786,250.805,249.63322,248.85398,248.50209,248.56006,248.97268,249.66901,250.58722,251.69835,253.0252,254.65345,256.73201,259.45998,263.05906,267.73288,273.61887,280.74241,288.98556,298.08119,262.14726025259097,319.57469853133455,3137.04012,742.06459,3346.29723,-64.43994
1215,1215,1215.0,1215.0,1215.0,1215.0,1215.0,1215.0,1215.0,1215.0,1215.0,1215.0,1215.0,1215.0,1215.0,1215.0,1215.0,1215.0,1215.0,1215.0,1215.0,1215.0,1215.0,1215.0,5.0,0.5,260.0956,258.16639,256.47123,255.10265,254.13023,253.60164,253.54805,253.99202,254.95609,256.47003,258.57518,261.32496,264.78092,269.00461,274.04576,279.92829,286.63639,294.10344,302.2067,310.7699,253.6823371989184,349.02106620789425,3879.10471,572.4874100000002,2604.23264,-59.39836
1216,1216,1216.0,1216.0,1216.0,1216.0,1216.0,1216.0,1216.0,1216.0,1216.0,1216.0,1216.0,1216.0,1216.0,1216.0,1216.0,1216.0,1216.0,1216.0,1216.0,1216.0,1216.0,1216.0,6.0,0.6,254.06527,254.45833,254.87945,255.3602,255.94893,256.71078,257.7254,259.08371,260.8851,263.23558,266.24668,270.03412,274.71423,280.39644,287.17068,295.08999,304.15097,314.27608,325.30341,336.98852,241.93391079778536,259.21802939676377,4451.59212,473.37680999999975,2031.7452299999995,-56.28922
1217,1217,1217.0,1217.0,1217.0,1217.0,1217.0,1217.0,1217.0,1217.0,1217.0,1217.0,1217.0,1217.0,1217.0,1217.0,1217.0,1217.0,1217.0,1217.0,1217.0,1217.0,1217.0,1217.0,7.0,0.7,244.68876,247.39956,250.03546,252.58855,255.07768,257.54509,260.04628,262.63437,265.34105,268.15668,271.01248,273.7687,276.21336,278.07599,279.05924,278.88716,277.36383,274.4299,270.20191,264.98017,336.7686517837328,306.347525703787,4924.96893,470.84321,1558.3684199999998,-55.454909999999984
1218,1218,1218.0,1218.0,1218.0,1218.0,1218.0,1218.0,1218.0,1218.0,1218.0,1218.0,1218.0,1218.0,1218.0,1218.0,1218.0,1218.0,1218.0,1218.0,1218.0,1218.0,1218.0,1218.0,8.0,0.8,323.22129,310.407,298.95748,289.32468,281.74112,276.22308,272.60966,270.62333,269.93605,270.22784,271.23019,272.75158,274.68565,277.00426,279.73787,282.94656,286.6859,290.97405,295.76733,300.95084,185.8032195092157,188.3197525177512,5395.81214,448.7912399999996,1087.5252099999998,-36.77692000000002
1219,1219,1219.0,1219.0,1219.0,1219.0,1219.0,1219.0,1219.0,1219.0,1219.0,1219.0,1219.0,1219.0,1219.0,1219.0,1219.0,1219.0,1219.0,1219.0,1219.0,1219.0,1219.0,1219.0,9.0,0.9,202.63029,218.54117,232.7616,244.76637,254.32745,261.49777,266.54198,269.83712,271.76839,272.64052,272.61748,271.69512,269.70725,266.36252,261.3082,254.21392,244.86365,233.23899,219.57392,204.36371,293.9424319253124,355.3602372113786,5844.60338,638.7339700000002,638.7339700000002,-51.50223
1220,1220,1220.0,1220.0,1220.0,1220.0,1220.0,1220.0,1220.0,1220.0,1220.0,1220.0,1220.0,1220.0,1220.0,1220.0,1220.0,1220.0,1220.0,1220.0,1220.0,1220.0,1220.0,1220.0,0.0,0.0,273.0,273.0,273.0,273.0,273.0,273.0,273.0,273.0,273.0,273.0,273.0,273.0,273.0,273.0,273.0,273.0,273.0,273.0,273.0,273.0,345.86143333725374,253.5301953193296,0.0,432.37474,3884.16494,-40.0
1221,1221,1221.0,1221.0,1221.0,1221.0,1221.0,1221.0,1221.0,1221.0,1221.0,1221.0,1221.0,1221.0,1221.0,1221.0,1221.0,1221.0,1221.0,1221.0,1221.0,1221.0,1221.0,1221.0,1.0,0.1,333.44237,321.58948,310.79138,301.39854,293.59314,287.39088,282.66946,279.2122,276.75414,275.02055,273.75289,272.72205,271.73232,270.62092,269.25766,267.54735,265.43501,262.91218,260.02066,256.85046,264.2544748844192,190.1723111071868,432.37474,463.34347,3451.7901999999995,-25.60912000000002
1222,1222,1222.0,1222.0,1222.0,1222.0,1222.0,1222.0,1222.0,1222.0,1222.0,1222.0,1222.0,1222.0,1222.0,1222.0,1222.0,1222.0,1222.0,1222.0,1222.0,1222.0,1222.0,1222.0,2.0,0.2,269.32313,273.95184,277.77215,280.54039,282.15991,282.66964,282.20557,280.94725,279.06324,276.66623,273.78448,270.35211,266.21772,261.16994,254.97702,247.43632,238.42697,227.95596,216.18685,203.44176,357.0525390233978,343.65527435535694,895.71821,530.2355,2988.44673,-30.330359999999985
1223,1223,1223.0,1223.0,1223.0,1223.0,1223.0,1223.0,1223.0,1223.0,1223.0,1223.0,1223.0,1223.0,1223.0,1223.0,1223.0,1223.0,1223.0,1223.0,1223.0,1223.0,1223.0,1223.0,3.0,0.3,343.66914,330.86194,319.11804,308.76819,299.95643,292.65078,286.68851,281.84279,277.8953,274.70195,272.24214,270.64541,270.19074,271.27518,274.35095,279.83507,288.00423,298.89547,312.23862,327.44374,246.51235949711088,249.97531620855065,1425.95371,334.51070000000004,2458.21123,-20.349220000000003
1224,1224,1224.0,1224.0,1224.0,1224.0,1224.0,1224.0,1224.0,1224.0,1224.0,1224.0,1224.0,1224.0,1224.0,1224.0,1224.0,1224.0,1224.0,1224.0,1224.0,1224.0,1224.0,1224.0,4.0,0.4,255.51204,263.85626,270.99634,276.5716,280.44781,282.70823,283.60559,283.4909,282.73682,281.67017,280.52204,279.39937,278.27879,277.02194,275.41126,273.20257,270.18745,266.25377,261.42975,255.89844,270.37512891641927,344.1745939888401,1760.46441,349.3752300000001,2123.70053,-30.291769999999985
1225,1225,1225.0,1225.0,1225.0,1225.0,1225.0,1225.0,1225.0,1225.0,1225.0,1225.0,1225.0,1225.0,1225.0,1225.0,1225.0,1225.0,1225.0,1225.0,1225.0,1225.0,1225.0,1225.0,5.0,0.5,271.54859,272.72307,273.8901,275.02637,276.09482,277.05292,277.86624,278.52505,279.06079,279.5603,280.1756,281.12677,282.69503,285.20234,288.97556,294.29596,301.3405,310.12644,320.47467,332.00561,265.88843192033335,242.46842984864983,2109.83964,288.3314099999998,1774.3253,-35.94708000000003
1226,1226,1226.0,1226.0,1226.0,1226.0,1226.0,1226.0,1226.0,1226.0,1226.0,1226.0,1226.0,1226.0,1226.0,1226.0,1226.0,1226.0,1226.0,1226.0,1226.0,1226.0,1226.0,1226.0,6.0,0.6,267.71512,269.50342,271.22164,272.85001,274.38327,275.82957,277.20537,278.52597,279.79211,280.97366,281.99275,282.71034,282.92164,282.36615,280.75658,277.82659,273.39088,267.40494,260.00764,251.53094,207.0884294206317,256.03227368501734,2398.17105,410.3727899999999,1485.9938900000002,-37.17043000000001
1227,1227,1227.0,1227.0,1227.0,1227.0,1227.0,1227.0,1227.0,1227.0,1227.0,1227.0,1227.0,1227.0,1227.0,1227.0,1227.0,1227.0,1227.0,1227.0,1227.0,1227.0,1227.0,1227.0,7.0,0.7,218.69182,229.81734,240.04872,249.07851,256.73114,262.95949,267.81997,271.43568,273.95835,275.53773,276.30285,276.35569,275.77455,274.62285,272.95899,270.84402,268.34542,265.53706,262.49661,259.30254,345.17623158066743,285.04242020128885,2808.54384,486.03969000000006,1075.6211000000003,-50.04050999999998
1228,1228,1228.0,1228.0,1228.0,1228.0,1228.0,1228.0,1228.0,1228.0,1228.0,1228.0,1228.0,1228.0,1228.0,1228.0,1228.0,1228.0,1228.0,1228.0,1228.0,1228.0,1228.0,1228.0,8.0,0.8,330.05237,315.81068,303.19758,292.72041,284.59864,278.77465,274.97326,272.78849,271.77429,271.52037,271.70293,272.1082,272.63241,273.26416,274.05573,275.08888,276.44039,278.15263,280.21372,282.55152,350.308397446827,342.5845939699268,3294.58353,339.5972999999999,589.5814100000002,-34.22534999999999
1229,1229,1229.0,1229.0,1229.0,1229.0,1229.0,1229.0,1229.0,1229.0,1229.0,1229.0,1229.0,1229.0,1229.0,1229.0,1229.0,1229.0,1229.0,1229.0,1229.0,1229.0,1229.0,1229.0,9.0,0.9,339.58613,329.17972,319.37921,310.42713,302.50444,295.7258,290.14471,285.76708,282.57085,280.5285,279.62856,279.89193,281.3788,284.18291,288.41135,294.15145,301.43016,310.17485,320.18665,331.1359,202.06308224797496,220.2500810205821,3634.18083,249.9841100000004,249.9841100000004,-17.274200000000008
1230,1230,1230.0,1230.0,1230.0,1230.0,1230.0,1230.0,1230.0,1230.0,1230.0,1230.0,1230.0,1230.0,1230.0,1230.0,1230.0,1230.0,1230.0,1230.0,1230.0,1230.0,1230.0,1230.0,0.0,0.0,273.0,273.0,273.0,273.0,273.0,273.0,273.0,273.0,273.0,273.0,273.0,273.0,273.0,273.0,273.0,273.0,273.0,273.0,273.0,273.0,368.0535900941835,336.0405212499719,0.0,384.80108,2241.98821,7.509680000000003
1231,1231,1231.0,1231.0,1231.0,1231.0,1231.0,1231.0,1231.0,1231.0,1231.0,1231.0,1231.0,1231.0,1231.0,1231.0,1231.0,1231.0,1231.0,1231.0,1231.0,1231.0,1231.0,1231.0,1.0,0.1,351.85401,336.39472,322.31568,310.07904,299.93114,291.90896,285.88223,281.61713,278.84555,277.32586,276.88633,277.44754,279.02371,281.70477,285.6218,290.9005,297.60976,305.71507,315.04764,325.29812,324.7348766133048,270.34737537045896,384.80108,233.26938,1857.18713,7.509680000000003
1232,1232,1232.0,1232.0,1232.0,1232.0,1232.0,1232.0,1232.0,1232.0,1232.0,1232.0,1232.0,1232.0,1232.0,1232.0,1232.0,1232.0,1232.0,1232.0,1232.0,1232.0,1232.0,1232.0,2.0,0.2,320.73019,316.67169,312.53505,308.34608,304.18685,300.18612,296.49715,293.26909,290.61806,288.60307,287.20985,286.34433,285.83688,285.45829,284.94769,284.051,282.56506,280.37928,277.50439,274.07875,351.5391848316053,357.32332483759853,618.07046,200.8701,1623.91775,7.509680000000003
1233,1233,1233.0,1233.0,1233.0,1233.0,1233.0,1233.0,1233.0,1233.0,1233.0,1233.0,1233.0,1233.0,1233.0,1233.0,1233.0,1233.0,1233.0,1233.0,1233.0,1233.0,1233.0,1233.0,3.0,0.3,343.14181,334.99403,327.31799,320.28725,314.01651,308.56357,303.94216,300.14214,297.15298,294.98681,293.6975,293.39251,294.23388,296.42506,300.18119,305.68421,313.02886,322.17074,332.89109,344.79117,325.76536923256674,274.29179224320563,818.94056,114.58325000000002,1423.04765,7.509680000000003
1234,1234,1234.0,1234.0,1234.0,1234.0,1234.0,1234.0,1234.0,1234.0,1234.0,1234.0,1234.0,1234.0,1234.0,1234.0,1234.0,1234.0,1234.0,1234.0,1234.0,1234.0,1234.0,1234.0,4.0,0.4,323.60969,321.38366,319.04013,316.57238,314.02088,311.46856,309.0258,306.80854,304.91355,303.39436,302.24131,301.36862,300.61218,299.74115,298.4857,296.57986,293.81388,290.08559,285.43703,280.06403,365.61457887379015,338.70959496055616,933.52381,124.60338999999988,1308.4643999999998,7.509680000000003
1235,1235,1235.0,1235.0,1235.0,1235.0,1235.0,1235.0,1235.0,1235.0,1235.0,1235.0,1235.0,1235.0,1235.0,1235.0,1235.0,1235.0,1235.0,1235.0,1235.0,1235.0,1235.0,1235.0,5.0,0.5,356.54929,347.80641,339.66708,332.33942,325.94273,320.50968,316.00358,312.34539,309.44389,307.22378,305.64764,304.72938,304.53708,305.18383,306.80565,309.52809,313.42595,318.48434,324.57142,331.43239,297.51293879075865,305.7751912245586,1058.1272,88.12239,1183.86101,7.509680000000003
1236,1236,1236.0,1236.0,1236.0,1236.0,1236.0,1236.0,1236.0,1236.0,1236.0,1236.0,1236.0,1236.0,1236.0,1236.0,1236.0,1236.0,1236.0,1236.0,1236.0,1236.0,1236.0,1236.0,6.0,0.6,302.2326,306.55861,310.16328,312.83495,314.50153,315.22483,315.17096,314.56687,313.6545,312.65142,311.72299,310.96774,310.41494,310.03266,309.74414,309.45031,309.05514,308.4896,307.72924,306.80071,254.71048525409915,189.60686831237115,1146.24959,90.62161000000016,1095.73862,7.509680000000003
1237,1237,1237.0,1237.0,1237.0,1237.0,1237.0,1237.0,1237.0,1237.0,1237.0,1237.0,1237.0,1237.0,1237.0,1237.0,1237.0,1237.0,1237.0,1237.0,1237.0,1237.0,1237.0,1237.0,7.0,0.7,264.52242,273.89658,282.44905,289.8914,296.05143,300.86998,304.37622,306.64825,307.76708,307.77239,306.62684,304.19518,300.24338,294.46203,286.51552,276.11346,263.09404,247.50214,229.64113,210.08002,209.02920177731164,303.0948257195275,1236.8712,213.23708999999985,1005.11701,7.509680000000003
1238,1238,1238.0,1238.0,1238.0,1238.0,1238.0,1238.0,1238.0,1238.0,1238.0,1238.0,1238.0,1238.0,1238.0,1238.0,1238.0,1238.0,1238.0,1238.0,1238.0,1238.0,1238.0,1238.0,8.0,0.8,223.57557,237.56555,250.49941,261.97892,271.73272,279.62042,285.61979,289.80531,292.32718,293.39717,293.28327,292.31023,290.85857,289.35346,288.23613,287.91564,288.70678,290.76722,294.05254,298.30629,188.39518876522607,225.6427407222365,1450.10829,331.4728,791.8799200000001,7.509680000000003
1239,1239,1239.0,1239.0,1239.0,1239.0,1239.0,1239.0,1239.0,1239.0,1239.0,1239.0,1239.0,1239.0,1239.0,1239.0,1239.0,1239.0,1239.0,1239.0,1239.0,1239.0,1239.0,1239.0,9.0,0.9,202.4396,216.0714,228.91448,240.65918,251.08094,260.04546,267.50111,273.46116,277.97958,281.12419,282.95094,283.48322,282.70038,280.53951,276.91301,271.74172,264.99844,256.75232,247.20134,236.68099,315.1733889749173,343.1108111597605,1781.58109,460.4071200000001,460.4071200000001,7.509680000000003
1240,1240,1240.0,1240.0,1240.0,1240.0,1240.0,1240.0,1240.0,1240.0,1240.0,1240.0,1240.0,1240.0,1240.0,1240.0,1240.0,1240.0,1240.0,1240.0,1240.0,1240.0,1240.0,1240.0,0.0,0.0,273.0,273.0,273.0,273.0,273.0,273.0,273.0,273.0,273.0,273.0,273.0,273.0,273.0,273.0,273.0,273.0,273.0,273.0,273.0,273.0,177.5200011537544,305.7499987673778,0.0,489.98042,5369.25793,-40.0
1241,1241,1241.0,1241.0,1241.0,1241.0,1241.0,1241.0,1241.0,1241.0,1241.0,1241.0,1241.0,1241.0,1241.0,1241.0,1241.0,1241.0,1241.0,1241.0,1241.0,1241.0,1241.0,1241.0,1.0,0.1,193.7946,209.32733,223.47823,235.78825,246.01943,254.15265,260.35061,264.90122,268.15801,270.49051,272.25105,273.75782,275.2894,277.08382,279.33626,282.19195,285.73441,289.97286,294.83425,300.16566,197.50918160972685,328.0057106061614,489.98042,596.8271699999999,4879.27751,-58.847350000000006
1242,1242,1242.0,1242.0,1242.0,1242.0,1242.0,1242.0,1242.0,1242.0,1242.0,1242.0,1242.0,1242.0,1242.0,1242.0,1242.0,1242.0,1242.0,1242.0,1242.0,1242.0,1242.0,1242.0,2.0,0.2,205.69745,213.78742,221.67908,229.27193,236.47055,243.19425,249.389,255.03858,260.17244,264.86841,269.24968,273.47627,277.73182,282.2064,287.0765,292.48359,298.51379,305.18186,312.42333,320.09795,241.4998221105655,350.1535203565897,1086.80759,576.5279600000001,4282.45034,-69.80574999999999
1243,1243,1243.0,1243.0,1243.0,1243.0,1243.0,1243.0,1243.0,1243.0,1243.0,1243.0,1243.0,1243.0,1243.0,1243.0,1243.0,1243.0,1243.0,1243.0,1243.0,1243.0,1243.0,1243.0,3.0,0.3,241.27904,241.33822,241.91479,243.17166,245.18304,247.93987,251.3711,255.37381,259.8443,264.70363,269.91373,275.4829,281.4612,287.92745,294.96995,302.66371,311.04737,320.10399,329.74982,339.83444,249.7095480393104,348.41708130453856,1663.33555,443.3063,3705.92238,-65.06012999999999
1244,1244,1244.0,1244.0,1244.0,1244.0,1244.0,1244.0,1244.0,1244.0,1244.0,1244.0,1244.0,1244.0,1244.0,1244.0,1244.0,1244.0,1244.0,1244.0,1244.0,1244.0,1244.0,1244.0,4.0,0.4,249.82534,250.10441,250.69564,251.72213,253.2743,255.40856,258.15079,261.50298,265.45104,269.97204,275.03951,280.6264,286.70554,293.24844,300.223,307.5911,315.30662,323.31446,331.55073,339.94395,280.03761439764924,196.70660407319733,2106.64185,383.2008000000001,3262.61608,-57.591440000000006
1245,1245,1245.0,1245.0,1245.0,1245.0,1245.0,1245.0,1245.0,1245.0,1245.0,1245.0,1245.0,1245.0,1245.0,1245.0,1245.0,1245.0,1245.0,1245.0,1245.0,1245.0,1245.0,1245.0,5.0,0.5,276.24229,272.76738,269.89593,267.84332,266.73853,266.61764,267.42652,269.02703,271.20167,273.65352,276.00262,277.78423,278.4578,277.43604,274.14087,268.08557,258.97236,246.78481,231.84859,214.83666,197.53732247199224,200.4416386682433,2489.84265,594.5800100000001,2879.41528,-46.382360000000006
1246,1246,1246.0,1246.0,1246.0,1246.0,1246.0,1246.0,1246.0,1246.0,1246.0,1246.0,1246.0,1246.0,1246.0,1246.0,1246.0,1246.0,1246.0,1246.0,1246.0,1246.0,1246.0,1246.0,6.0,0.6,209.84801,221.61263,232.36012,241.75021,249.59755,255.86123,260.60711,263.95635,266.03502,266.93639,266.70189,265.32127,262.74799,258.92399,253.80736,247.39756,239.75423,231.00717,221.35679,211.06551,318.7387999435598,203.08366345764333,3084.42266,847.4642799999997,2284.83527,-57.13877
1247,1247,1247.0,1247.0,1247.0,1247.0,1247.0,1247.0,1247.0,1247.0,1247.0,1247.0,1247.0,1247.0,1247.0,1247.0,1247.0,1247.0,1247.0,1247.0,1247.0,1247.0,1247.0,1247.0,7.0,0.7,306.75919,295.49617,285.54811,277.30505,270.9057,266.24608,263.0301,260.84353,259.23115,257.761,256.0678,253.87441,250.9958,247.33164,242.85344,237.59049,231.61673,225.03962,217.99097,210.61932,359.55828587559927,332.4167555157199,3931.88694,770.8725600000002,1437.37099,-46.75392
1248,1248,1248.0,1248.0,1248.0,1248.0,1248.0,1248.0,1248.0,1248.0,1248.0,1248.0,1248.0,1248.0,1248.0,1248.0,1248.0,1248.0,1248.0,1248.0,1248.0,1248.0,1248.0,1248.0,8.0,0.8,344.63865,330.2221,316.75099,304.55898,293.84536,284.67524,277.00357,270.71662,265.68257,261.80265,259.05485,257.52309,257.40488,258.99227,262.6232,268.60686,277.13374,288.18961,301.49625,316.4997,362.2713932192776,367.5814939246105,4702.7595,411.80234999999993,666.4984299999996,-28.324760000000023
1249,1249,1249.0,1249.0,1249.0,1249.0,1249.0,1249.0,1249.0,1249.0,1249.0,1249.0,1249.0,1249.0,1249.0,1249.0,1249.0,1249.0,1249.0,1249.0,1249.0,1249.0,1249.0,1249.0,9.0,0.9,350.36592,338.70663,327.52832,317.04512,307.44497,298.88869,291.51364,285.44089,280.78448,277.66046,276.19341,276.51788,278.77257,283.08578,289.55217,298.20293,308.97419,321.68051,336.00134,351.48617,190.3828358941193,190.3285503308309,5114.56185,254.6960799999997,254.6960799999997,-14.111310000000003
1250,1250,1250.0,1250.0,1250.0,1250.0,1250.0,1250.0,1250.0,1250.0,1250.0,1250.0,1250.0,1250.0,1250.0,1250.0,1250.0,1250.0,1250.0,1250.0,1250.0,1250.0,1250.0,1250.0,0.0,0.0,273.0,273.0,273.0,273.0,273.0,273.0,273.0,273.0,273.0,273.0,273.0,273.0,273.0,273.0,273.0,273.0,273.0,273.0,273.0,273.0,343.47472923855526,303.0131331558247,0.0,405.86475,4431.85261,-40.0
1251,1251,1251.0,1251.0,1251.0,1251.0,1251.0,1251.0,1251.0,1251.0,1251.0,1251.0,1251.0,1251.0,1251.0,1251.0,1251.0,1251.0,1251.0,1251.0,1251.0,1251.0,1251.0,1251.0,1.0,0.1,331.46362,320.0011,309.56106,300.48525,292.95482,286.99403,282.50063,279.29199,277.15471,275.88763,275.33211,275.38775,276.01411,277.22065,279.04762,281.54097,284.72527,288.5794,293.02031,297.89938,193.29782210715743,184.64991217352448,405.86475,391.7157,4025.98786,-26.00596999999999
1252,1252,1252.0,1252.0,1252.0,1252.0,1252.0,1252.0,1252.0,1252.0,1252.0,1252.0,1252.0,1252.0,1252.0,1252.0,1252.0,1252.0,1252.0,1252.0,1252.0,1252.0,1252.0,1252.0,2.0,0.2,210.42181,226.58114,240.95726,252.98859,262.42165,269.29665,273.87876,276.55792,277.74254,277.76784,276.83199,274.9652,272.03254,267.76839,261.83855,253.92343,243.8102,231.47695,217.1487,201.30775,356.3485694814743,352.29844310607245,797.58045,539.18403,3634.27216,-43.70335
1253,1253,1253.0,1253.0,1253.0,1253.0,1253.0,1253.0,1253.0,1253.0,1253.0,1253.0,1253.0,1253.0,1253.0,1253.0,1253.0,1253.0,1253.0,1253.0,1253.0,1253.0,1253.0,1253.0,3.0,0.3,339.76376,324.1192,310.20333,298.53853,289.32953,282.48116,277.67315,274.46821,272.42677,271.20679,270.63483,270.74173,271.76088,274.08873,278.20965,284.59184,293.56841,305.22624,319.33,335.30602,247.2788127931223,281.7156568226925,1336.76448,322.2370699999999,3095.08813,-30.51884000000001
1254,1254,1254.0,1254.0,1254.0,1254.0,1254.0,1254.0,1254.0,1254.0,1254.0,1254.0,1254.0,1254.0,1254.0,1254.0,1254.0,1254.0,1254.0,1254.0,1254.0,1254.0,1254.0,1254.0,4.0,0.4,254.83529,261.84025,267.83868,272.54479,275.87494,277.93705,278.98491,279.35283,279.38759,279.39057,279.57731,280.05647,280.82703,281.79177,282.78519,283.61277,284.0968,284.12063,283.66142,282.80183,206.00827962807608,185.0226617781392,1659.00155,427.5136299999999,2772.85106,-35.06295
1255,1255,1255.0,1255.0,1255.0,1255.0,1255.0,1255.0,1255.0,1255.0,1255.0,1255.0,1255.0,1255.0,1255.0,1255.0,1255.0,1255.0,1255.0,1255.0,1255.0,1255.0,1255.0,1255.0,5.0,0.5,217.59542,228.72405,238.9915,248.09448,255.85139,262.20038,267.17549,270.86784,273.38005,274.78235,275.07728,274.1787,271.90982,268.02335,262.24471,254.33458,244.16157,231.76985,217.42402,201.61548,263.66864118358376,359.37198718624643,2086.51518,622.8615,2345.33743,-50.79962
1256,1256,1256.0,1256.0,1256.0,1256.0,1256.0,1256.0,1256.0,1256.0,1256.0,1256.0,1256.0,1256.0,1256.0,1256.0,1256.0,1256.0,1256.0,1256.0,1256.0,1256.0,1256.0,1256.0,6.0,0.6,262.2496,261.07443,260.33545,260.13525,260.47174,261.24892,262.30997,263.48502,264.6442,265.74774,266.88572,268.30083,270.38729,273.65947,278.68656,285.99631,295.96061,308.68604,323.93857,341.12885,282.571566020462,363.846569231112,2709.37668,412.6161500000003,1722.47593,-51.75108
1257,1257,1257.0,1257.0,1257.0,1257.0,1257.0,1257.0,1257.0,1257.0,1257.0,1257.0,1257.0,1257.0,1257.0,1257.0,1257.0,1257.0,1257.0,1257.0,1257.0,1257.0,1257.0,1257.0,7.0,0.7,279.13709,275.90926,273.07278,270.77413,269.11464,268.15396,267.9223,268.43735,269.72145,271.81471,274.78134,278.70781,283.69312,289.83265,297.19813,305.81679,315.65318,326.59698,338.45962,350.98102,193.9966100501149,288.23160232402995,3121.99283,315.4347399999997,1309.8597799999998,-44.846040000000016
1258,1258,1258.0,1258.0,1258.0,1258.0,1258.0,1258.0,1258.0,1258.0,1258.0,1258.0,1258.0,1258.0,1258.0,1258.0,1258.0,1258.0,1258.0,1258.0,1258.0,1258.0,1258.0,1258.0,8.0,0.8,207.24227,219.91419,231.52931,241.76442,250.48915,257.75872,263.77295,268.81493,273.18452,277.13928,280.85103,284.38196,287.68139,290.60262,292.93838,294.47086,295.02919,294.54352,293.08272,290.86444,232.97222090285567,220.7660903243858,3437.42757,466.83533000000034,994.42504,-55.24128000000002
1259,1259,1259.0,1259.0,1259.0,1259.0,1259.0,1259.0,1259.0,1259.0,1259.0,1259.0,1259.0,1259.0,1259.0,1259.0,1259.0,1259.0,1259.0,1259.0,1259.0,1259.0,1259.0,1259.0,9.0,0.9,236.19656,239.54758,243.1224,246.96644,251.06317,255.33633,259.66085,263.87681,267.80092,271.23221,273.95241,275.7244,276.29444,275.40397,272.81489,268.3478,261.92787,253.62787,243.69543,232.5532,320.21014511593467,350.1054103959765,3904.2629,527.5897099999997,527.5897099999997,-57.66367
1260,1260,1260.0,1260.0,1260.0,1260.0,1260.0,1260.0,1260.0,1260.0,1260.0,1260.0,1260.0,1260.0,1260.0,1260.0,1260.0,1260.0,1260.0,1260.0,1260.0,1260.0,1260.0,1260.0,0.0,0.0,273.0,273.0,273.0,273.0,273.0,273.0,273.0,273.0,273.0,273.0,273.0,273.0,273.0,273.0,273.0,273.0,273.0,273.0,273.0,273.0,248.432004372876,343.6190371701332,0.0,425.40492,2962.74544,-40.0
1261,1261,1261.0,1261.0,1261.0,1261.0,1261.0,1261.0,1261.0,1261.0,1261.0,1261.0,1261.0,1261.0,1261.0,1261.0,1261.0,1261.0,1261.0,1261.0,1261.0,1261.0,1261.0,1261.0,1.0,0.1,252.62115,256.62056,260.26731,263.44668,266.10375,268.24522,269.93343,271.27675,272.42073,273.54263,274.8495,276.57753,278.98797,282.35462,286.9393,292.95513,300.52255,309.62741,320.0937,331.58204,313.5881993340456,297.9201549899583,425.40492,321.25453,2537.34052,-44.75477999999998
1262,1262,1262.0,1262.0,1262.0,1262.0,1262.0,1262.0,1262.0,1262.0,1262.0,1262.0,1262.0,1262.0,1262.0,1262.0,1262.0,1262.0,1262.0,1262.0,1262.0,1262.0,1262.0,1262.0,2.0,0.2,305.56694,298.00644,291.30477,285.74972,281.49609,278.57015,276.89538,276.3287,276.69604,277.81854,279.52574,281.65717,284.05733,286.57077,289.04284,291.32953,293.3151,294.93299,296.18258,297.13452,359.76163219816806,353.39600110309647,746.65945,223.88729,2216.08599,-34.42984999999999
1263,1263,1263.0,1263.0,1263.0,1263.0,1263.0,1263.0,1263.0,1263.0,1263.0,1263.0,1263.0,1263.0,1263.0,1263.0,1263.0,1263.0,1263.0,1263.0,1263.0,1263.0,1263.0,1263.0,3.0,0.3,346.85222,334.47323,323.0951,313.08089,304.66047,297.92914,292.86764,289.37633,287.31516,286.5417,286.94177,288.44936,291.05359,294.792,299.7302,305.93005,313.41145,322.11552,331.87894,342.42789,210.4551420137627,269.6630290431906,970.54674,142.06229000000008,1992.1987,-15.070859999999982
1264,1264,1264.0,1264.0,1264.0,1264.0,1264.0,1264.0,1264.0,1264.0,1264.0,1264.0,1264.0,1264.0,1264.0,1264.0,1264.0,1264.0,1264.0,1264.0,1264.0,1264.0,1264.0,1264.0,4.0,0.4,226.72524,242.07104,255.71488,267.13706,276.12799,282.77489,287.39475,290.43629,292.37617,293.63009,294.49084,295.09765,295.43542,295.36042,294.64749,293.05248,290.38104,286.55151,281.63793,275.88129,366.244124944036,219.9273091698092,1112.60903,227.50190999999995,1850.13641,-30.22510999999997
1265,1265,1265.0,1265.0,1265.0,1265.0,1265.0,1265.0,1265.0,1265.0,1265.0,1265.0,1265.0,1265.0,1265.0,1265.0,1265.0,1265.0,1265.0,1265.0,1265.0,1265.0,1265.0,1265.0,5.0,0.5,350.5226,335.73057,322.65228,311.816,303.44082,297.44637,293.51252,291.165,289.86151,289.05992,288.26018,287.02232,284.96927,281.78613,277.22494,271.11941,263.40778,254.15658,243.57526,232.01224,318.17923062222883,215.5390187768543,1340.11094,329.9801399999999,1622.6345,-15.553629999999998
1266,1266,1266.0,1266.0,1266.0,1266.0,1266.0,1266.0,1266.0,1266.0,1266.0,1266.0,1266.0,1266.0,1266.0,1266.0,1266.0,1266.0,1266.0,1266.0,1266.0,1266.0,1266.0,1266.0,6.0,0.6,316.06495,313.83776,311.41068,308.73998,305.82816,302.71244,299.44315,296.05904,292.56699,288.93094,285.07191,280.87794,276.2209,270.97652,265.04423,258.36418,250.92963,242.79329,234.067,224.91469,294.9892627507818,287.7981783031992,1670.09108,381.6525199999999,1292.6543600000002,-10.287559999999983
1267,1267,1267.0,1267.0,1267.0,1267.0,1267.0,1267.0,1267.0,1267.0,1267.0,1267.0,1267.0,1267.0,1267.0,1267.0,1267.0,1267.0,1267.0,1267.0,1267.0,1267.0,1267.0,1267.0,7.0,0.7,296.23504,297.267,297.89742,297.98531,297.44765,296.2608,294.45443,292.10194,289.3122,286.22517,283.0119,279.87638,277.05456,274.8051,273.38788,273.02947,273.88013,275.97146,279.18758,283.26084,246.0350381755032,271.15109891155845,2051.7436,323.70902000000024,911.0018400000004,-16.739199999999983
1268,1268,1268.0,1268.0,1268.0,1268.0,1268.0,1268.0,1268.0,1268.0,1268.0,1268.0,1268.0,1268.0,1268.0,1268.0,1268.0,1268.0,1268.0,1268.0,1268.0,1268.0,1268.0,1268.0,8.0,0.8,254.23027,261.97114,268.86229,274.61392,279.06706,282.19512,284.08521,284.90654,284.8745,284.21734,283.14965,281.85424,280.47204,279.09899,277.7887,276.55966,275.40565,274.3073,273.24259,272.19403,308.4208638780235,306.69042661447133,2375.45262,319.8926200000001,587.2928200000001,-30.804880000000026
1269,1269,1269.0,1269.0,1269.0,1269.0,1269.0,1269.0,1269.0,1269.0,1269.0,1269.0,1269.0,1269.0,1269.0,1269.0,1269.0,1269.0,1269.0,1269.0,1269.0,1269.0,1269.0,1269.0,9.0,0.9,303.05394,298.00954,293.55577,289.86598,287.00172,284.92116,283.50781,282.60995,282.08076,281.81063,281.74742,281.9032,282.34859,283.19657,284.57825,286.61343,289.38011,292.88795,297.06177,301.74003,189.33106893161195,371.3688575266424,2695.34524,267.40020000000004,267.40020000000004,-28.07884000000001
1270,1270,1270.0,1270.0,1270.0,1270.0,1270.0,1270.0,1270.0,1270.0,1270.0,1270.0,1270.0,1270.0,1270.0,1270.0,1270.0,1270.0,1270.0,1270.0,1270.0,1270.0,1270.0,1270.0,0.0,0.0,273.0,273.0,273.0,273.0,273.0,273.0,273.0,273.0,273.0,273.0,273.0,273.0,273.0,273.0,273.0,273.0,273.0,273.0,273.0,273.0,246.8471143528512,249.5963832183603,0.0,474.8704,2105.40643,16.477469999999983
1271,1271,1271.0,1271.0,1271.0,1271.0,1271.0,1271.0,1271.0,1271.0,1271.0,1271.0,1271.0,1271.0,1271.0,1271.0,1271.0,1271.0,1271.0,1271.0,1271.0,1271.0,1271.0,1271.0,1.0,0.1,251.3041,255.55725,259.43038,262.79605,265.58576,267.78819,269.43724,270.59394,271.32672,271.69404,271.73179,271.44678,270.81666,269.796,268.32813,266.36131,263.8669,260.85604,257.39053,253.5847,295.2326202639109,338.5699854717079,474.8704,492.05794,1630.5360300000002,16.477469999999983
1272,1272,1272.0,1272.0,1272.0,1272.0,1272.0,1272.0,1272.0,1272.0,1272.0,1272.0,1272.0,1272.0,1272.0,1272.0,1272.0,1272.0,1272.0,1272.0,1272.0,1272.0,1272.0,1272.0,2.0,0.2,290.11079,285.28668,281.01161,277.45566,274.69241,272.70536,271.4128,270.70398,270.47856,270.68211,271.33262,272.53415,274.47472,277.40656,281.60794,287.32918,294.73054,303.82396,314.43415,326.19239,339.9714256742933,361.8833314435301,966.92834,296.93176000000005,1138.47809,16.477469999999983
1273,1273,1273.0,1273.0,1273.0,1273.0,1273.0,1273.0,1273.0,1273.0,1273.0,1273.0,1273.0,1273.0,1273.0,1273.0,1273.0,1273.0,1273.0,1273.0,1273.0,1273.0,1273.0,1273.0,3.0,0.3,329.06733,318.62149,309.04002,300.63694,293.6141,288.06317,283.9867,281.33045,280.01815,279.98157,281.18083,283.61293,287.30834,292.3173,298.68812,306.44087,315.5408,325.87649,337.24794,349.3687,212.40582189409224,352.38768253001655,1263.8601,157.7180199999998,841.5463299999999,16.477469999999983
1274,1274,1274.0,1274.0,1274.0,1274.0,1274.0,1274.0,1274.0,1274.0,1274.0,1274.0,1274.0,1274.0,1274.0,1274.0,1274.0,1274.0,1274.0,1274.0,1274.0,1274.0,1274.0,1274.0,4.0,0.4,226.52692,239.87294,251.79542,261.86919,269.93868,276.109,280.69197,284.12674,286.89662,289.45916,292.19848,295.40117,299.2517,303.84109,309.18271,315.23079,321.89853,329.07406,336.63297,344.44687,317.05354996034504,342.35228630290675,1421.57812,138.06403,683.8283100000001,16.477469999999983
1275,1275,1275.0,1275.0,1275.0,1275.0,1275.0,1275.0,1275.0,1275.0,1275.0,1275.0,1275.0,1275.0,1275.0,1275.0,1275.0,1275.0,1275.0,1275.0,1275.0,1275.0,1275.0,1275.0,5.0,0.5,308.96172,301.48029,295.12819,290.26415,287.05587,285.48995,285.41385,286.59385,288.77212,291.71026,295.21357,299.13707,303.37854,307.86554,312.54264,317.36259,322.28285,327.26625,332.28363,337.31568,371.5315808427154,309.490475556062,1559.64215,78.5943400000001,545.7642800000001,16.477469999999983
1276,1276,1276.0,1276.0,1276.0,1276.0,1276.0,1276.0,1276.0,1276.0,1276.0,1276.0,1276.0,1276.0,1276.0,1276.0,1276.0,1276.0,1276.0,1276.0,1276.0,1276.0,1276.0,1276.0,6.0,0.6,357.91786,344.93352,333.13528,322.94939,314.63891,308.29905,303.87641,301.20296,300.03444,300.08483,301.05223,302.63587,304.54681,306.51661,308.30775,309.72768,310.64548,311.00749,310.84651,310.27942,353.10397919795577,336.1660751410338,1638.23649,85.53593000000001,467.16994,16.477469999999983
1277,1277,1277.0,1277.0,1277.0,1277.0,1277.0,1277.0,1277.0,1277.0,1277.0,1277.0,1277.0,1277.0,1277.0,1277.0,1277.0,1277.0,1277.0,1277.0,1277.0,1277.0,1277.0,1277.0,7.0,0.7,346.92361,340.85403,335.00931,329.50719,324.4654,319.9939,316.18547,313.10744,310.79738,309.26422,308.4946,308.46249,309.1391,310.49981,312.52543,315.19679,318.48387,322.33252,326.65362,331.31887,370.81633328044416,230.7031133302326,1723.77242,110.74370999999996,381.63401,16.477469999999983
1278,1278,1278.0,1278.0,1278.0,1278.0,1278.0,1278.0,1278.0,1278.0,1278.0,1278.0,1278.0,1278.0,1278.0,1278.0,1278.0,1278.0,1278.0,1278.0,1278.0,1278.0,1278.0,1278.0,8.0,0.8,362.7669,354.9482,347.56871,340.79634,334.74661,329.47747,324.989,321.2246,318.07094,315.35499,312.83924,310.2191,307.12824,303.1585,297.8987,290.99178,282.20287,271.48407,259.0175,245.22031,270.7061037982862,278.6504246162258,1834.51613,160.92921,270.8903,16.477469999999983
1279,1279,1279.0,1279.0,1279.0,1279.0,1279.0,1279.0,1279.0,1279.0,1279.0,1279.0,1279.0,1279.0,1279.0,1279.0,1279.0,1279.0,1279.0,1279.0,1279.0,1279.0,1279.0,1279.0,9.0,0.9,281.33633,291.27741,299.93851,306.90194,311.9585,315.10011,316.47822,316.34446,314.99131,312.70628,309.74626,306.33096,302.64915,298.86888,295.14362,291.60942,288.37273,285.49316,282.96853,280.72974,239.108578173806,322.6220517616491,1995.44534,109.96109,109.96109,16.477469999999983
1280,1280,1280.0,1280.0,1280.0,1280.0,1280.0,1280.0,1280.0,1280.0,1280.0,1280.0,1280.0,1280.0,1280.0,1280.0,1280.0,1280.0,1280.0,1280.0,1280.0,1280.0,1280.0,1280.0,0.0,0.0,273.0,273.0,273.0,273.0,273.0,273.0,273.0,273.0,273.0,273.0,273.0,273.0,273.0,273.0,273.0,273.0,273.0,273.0,273.0,273.0,325.5256798166009,243.78617647999607,0.0,444.01591,4236.07104,-40.0
1281,1281,1281.0,1281.0,1281.0,1281.0,1281.0,1281.0,1281.0,1281.0,1281.0,1281.0,1281.0,1281.0,1281.0,1281.0,1281.0,1281.0,1281.0,1281.0,1281.0,1281.0,1281.0,1281.0,1.0,0.1,316.57238,308.02701,300.24127,293.46711,287.8343,283.35127,279.92482,277.39039,275.54367,274.16658,273.04433,271.9741,270.7685,269.25834,267.29813,264.77634,261.62921,257.85463,253.52108,248.76674,329.3811498439685,197.5335150812156,444.01591,483.15017,3792.05513,-29.64873
1282,1282,1282.0,1282.0,1282.0,1282.0,1282.0,1282.0,1282.0,1282.0,1282.0,1282.0,1282.0,1282.0,1282.0,1282.0,1282.0,1282.0,1282.0,1282.0,1282.0,1282.0,1282.0,1282.0,2.0,0.2,322.32602,315.4362,308.86136,302.72182,297.09822,292.02514,287.48853,283.42596,279.72868,276.24486,272.78393,269.12311,265.01797,260.21899,254.49541,247.66548,239.62938,230.39827,220.11145,209.03425,263.0901998377124,314.8989307670508,927.16608,530.14326,3308.90496,-20.97485999999998
1283,1283,1283.0,1283.0,1283.0,1283.0,1283.0,1283.0,1283.0,1283.0,1283.0,1283.0,1283.0,1283.0,1283.0,1283.0,1283.0,1283.0,1283.0,1283.0,1283.0,1283.0,1283.0,1283.0,3.0,0.3,268.46146,273.37724,277.44748,280.39773,282.09434,282.54278,281.86523,280.26886,278.0161,275.40528,272.7636,270.44837,268.84759,268.36964,269.41376,272.3193,277.30012,284.37917,293.34305,303.7354,241.6376841732109,318.6680477647594,1457.30934,405.56654,2778.7617,-30.457220000000007
1284,1284,1284.0,1284.0,1284.0,1284.0,1284.0,1284.0,1284.0,1284.0,1284.0,1284.0,1284.0,1284.0,1284.0,1284.0,1284.0,1284.0,1284.0,1284.0,1284.0,1284.0,1284.0,1284.0,4.0,0.4,247.90847,253.87868,259.28478,263.93083,267.70774,270.59963,272.67832,274.08916,275.03216,275.74171,276.46696,277.4537,278.92787,281.08023,284.05245,287.92507,292.7087,298.33992,304.68336,311.54096,297.09127194903465,177.71120973725186,1862.87588,406.1223700000001,2373.19516,-42.40037000000001
1285,1285,1285.0,1285.0,1285.0,1285.0,1285.0,1285.0,1285.0,1285.0,1285.0,1285.0,1285.0,1285.0,1285.0,1285.0,1285.0,1285.0,1285.0,1285.0,1285.0,1285.0,1285.0,1285.0,5.0,0.5,292.01424,287.27138,283.14587,279.83087,277.41,275.8584,275.0587,274.82264,274.90887,275.0311,274.85628,273.99853,272.01862,268.44039,262.79208,254.67374,243.84182,230.29192,214.31532,196.50672,311.7994136693178,274.282083293534,2268.99825,536.7687499999997,1967.07279,-37.14159999999998
1286,1286,1286.0,1286.0,1286.0,1286.0,1286.0,1286.0,1286.0,1286.0,1286.0,1286.0,1286.0,1286.0,1286.0,1286.0,1286.0,1286.0,1286.0,1286.0,1286.0,1286.0,1286.0,1286.0,6.0,0.6,306.11806,300.62952,295.49978,290.84618,286.72443,283.12638,279.98848,277.20934,274.67387,272.28102,269.97151,267.75091,265.70285,263.98673,262.81595,262.41673,262.97319,264.57055,267.15216,270.50499,319.7386166556853,326.86666306519226,2805.767,437.4144900000001,1430.30404,-29.873620000000017
1287,1287,1287.0,1287.0,1287.0,1287.0,1287.0,1287.0,1287.0,1287.0,1287.0,1287.0,1287.0,1287.0,1287.0,1287.0,1287.0,1287.0,1287.0,1287.0,1287.0,1287.0,1287.0,1287.0,7.0,0.7,313.88727,308.16294,302.68087,297.53553,292.7966,288.51086,284.70948,281.41959,278.67801,276.54472,275.11355,274.51719,274.9237,276.52202,279.49595,283.98804,290.05889,297.65033,306.56248,316.45365,316.16897769918114,273.4677050996857,3243.18149,289.0669499999999,992.88955,-24.48914000000002
1288,1288,1288.0,1288.0,1288.0,1288.0,1288.0,1288.0,1288.0,1288.0,1288.0,1288.0,1288.0,1288.0,1288.0,1288.0,1288.0,1288.0,1288.0,1288.0,1288.0,1288.0,1288.0,1288.0,8.0,0.8,311.96291,307.81138,303.77157,299.9051,296.27812,292.95942,290.01628,287.50812,285.47824,283.94427,282.88841,282.24962,281.92036,281.75111,281.56472,281.18093,280.44783,279.27369,277.65061,275.66174,209.6333142321521,291.73108986619536,3532.24844,286.51757,703.8226,-20.040579999999977
1289,1289,1289.0,1289.0,1289.0,1289.0,1289.0,1289.0,1289.0,1289.0,1289.0,1289.0,1289.0,1289.0,1289.0,1289.0,1289.0,1289.0,1289.0,1289.0,1289.0,1289.0,1289.0,1289.0,9.0,0.9,224.20399,237.99855,250.35269,260.79997,269.11429,275.30471,279.57114,282.23786,283.6839,284.28493,284.37487,284.22759,284.05456,284.01146,284.20729,284.71131,285.55616,286.73791,288.21578,289.91442,184.3289349377671,227.10558574569177,3818.76601,417.30503,417.30503,-37.69529
1290,1290,1290.0,1290.0,1290.0,1290.0,1290.0,1290.0,1290.0,1290.0,1290.0,1290.0,1290.0,1290.0,1290.0,1290.0,1290.0,1290.0,1290.0,1290.0,1290.0,1290.0,1290.0,1290.0,0.0,0.0,273.0,273.0,273.0,273.0,273.0,273.0,273.0,273.0,273.0,273.0,273.0,273.0,273.0,273.0,273.0,273.0,273.0,273.0,273.0,273.0,237.97901834562023,275.8993521645482,0.0,464.73745,6744.81309,-40.0
1291,1291,1291.0,1291.0,1291.0,1291.0,1291.0,1291.0,1291.0,1291.0,1291.0,1291.0,1291.0,1291.0,1291.0,1291.0,1291.0,1291.0,1291.0,1291.0,1291.0,1291.0,1291.0,1291.0,1.0,0.1,243.94816,249.64497,254.83451,259.34796,263.09709,266.07314,268.33278,269.97661,271.12632,271.90541,272.42605,272.78232,273.04863,273.28113,273.52044,273.79405,274.11812,274.49841,274.93118,275.40431,371.9579502380358,193.16069266886967,464.73745,505.25256999999993,6280.07564,-46.92685999999998
1292,1292,1292.0,1292.0,1292.0,1292.0,1292.0,1292.0,1292.0,1292.0,1292.0,1292.0,1292.0,1292.0,1292.0,1292.0,1292.0,1292.0,1292.0,1292.0,1292.0,1292.0,1292.0,1292.0,2.0,0.2,353.3582,335.7026,319.79858,306.2118,295.21323,286.78377,280.66489,276.4339,273.58111,271.57136,269.88235,268.02198,265.53373,262.00197,257.06704,250.45438,242.01456,231.76399,219.91166,206.85834,186.79636425558672,282.5766309509878,969.99002,580.34943,5774.82307,-26.21623
1293,1293,1293.0,1293.0,1293.0,1293.0,1293.0,1293.0,1293.0,1293.0,1293.0,1293.0,1293.0,1293.0,1293.0,1293.0,1293.0,1293.0,1293.0,1293.0,1293.0,1293.0,1293.0,1293.0,3.0,0.3,205.50723,223.07324,238.52148,251.18123,260.7447,267.25266,271.02086,272.53652,272.35632,271.02911,269.05358,266.86778,264.85801,263.37102,262.71555,263.14604,264.82982,267.80815,271.96608,277.02644,309.8287307545673,181.74319989266257,1550.33945,652.4740200000001,5194.47364,-45.74734000000001
1294,1294,1294.0,1294.0,1294.0,1294.0,1294.0,1294.0,1294.0,1294.0,1294.0,1294.0,1294.0,1294.0,1294.0,1294.0,1294.0,1294.0,1294.0,1294.0,1294.0,1294.0,1294.0,1294.0,4.0,0.4,300.62028,292.00364,284.46795,278.32309,273.66628,270.39461,268.25247,266.89459,265.94462,265.03505,263.82375,261.99159,259.23221,255.24727,249.75765,242.53524,233.45084,222.52571,209.96924,196.18603,318.4023434784065,221.6108123448018,2202.81347,759.5369700000001,4541.99962,-42.60539
1295,1295,1295.0,1295.0,1295.0,1295.0,1295.0,1295.0,1295.0,1295.0,1295.0,1295.0,1295.0,1295.0,1295.0,1295.0,1295.0,1295.0,1295.0,1295.0,1295.0,1295.0,1295.0,1295.0,5.0,0.5,310.95621,303.71502,296.85837,290.51927,284.77044,279.61956,275.01374,270.85173,267.00166,263.3219,259.68229,255.98286,252.16732,248.22865,244.20486,240.165,236.18762,232.33663,228.64105,225.08491,258.9616958949322,242.8921762961631,2962.35044,768.0274999999997,3782.46265,-33.38044000000002
1296,1296,1296.0,1296.0,1296.0,1296.0,1296.0,1296.0,1296.0,1296.0,1296.0,1296.0,1296.0,1296.0,1296.0,1296.0,1296.0,1296.0,1296.0,1296.0,1296.0,1296.0,1296.0,1296.0,6.0,0.6,262.94296,266.53028,269.38761,271.28105,272.10031,271.85536,270.65338,268.66517,266.09115,263.13445,259.98439,256.80977,253.75833,250.95779,248.51462,246.50865,244.98395,243.93891,243.31956,243.02,232.71161890983987,233.10791895631303,3730.37794,796.5282600000005,3014.43515,-41.14463999999998
1297,1297,1297.0,1297.0,1297.0,1297.0,1297.0,1297.0,1297.0,1297.0,1297.0,1297.0,1297.0,1297.0,1297.0,1297.0,1297.0,1297.0,1297.0,1297.0,1297.0,1297.0,1297.0,1297.0,7.0,0.7,238.76565,244.49049,249.5951,253.85722,257.14092,259.39955,260.66552,261.03137,260.62714,259.59826,258.08721,256.22018,254.09913,251.79892,249.36873,246.837,244.21864,241.52296,238.7606,235.94792,324.06658597826106,261.15637631289616,4526.9062,818.8665199999996,2217.90689,-53.60045000000002
1298,1298,1298.0,1298.0,1298.0,1298.0,1298.0,1298.0,1298.0,1298.0,1298.0,1298.0,1298.0,1298.0,1298.0,1298.0,1298.0,1298.0,1298.0,1298.0,1298.0,1298.0,1298.0,1298.0,8.0,0.8,312.31096,301.13313,291.02217,282.31136,275.14682,269.49555,265.18552,261.9637,259.55633,257.71915,256.27065,255.10665,254.19844,253.57803,253.3148,253.48733,254.15464,255.33149,256.97241,258.96814,218.7598372802676,300.006499660753,5345.77272,700.53492,1399.0403699999997,-43.50445000000002
1299,1299,1299.0,1299.0,1299.0,1299.0,1299.0,1299.0,1299.0,1299.0,1299.0,1299.0,1299.0,1299.0,1299.0,1299.0,1299.0,1299.0,1299.0,1299.0,1299.0,1299.0,1299.0,1299.0,9.0,0.9,228.43924,237.48645,245.36858,251.72756,256.41635,259.49219,261.17596,261.79365,261.71735,261.31867,260.94026,260.88393,261.40918,262.73406,265.03185,268.42027,272.94465,278.55999,285.11964,292.37733,173.88380084112984,343.2645148687108,6046.30764,698.5054499999997,698.5054499999997,-53.507810000000006
1300,1300,1300.0,1300.0,1300.0,1300.0,1300.0,1300.0,1300.0,1300.0,1300.0,1300.0,1300.0,1300.0,1300.0,1300.0,1300.0,1300.0,1300.0,1300.0,1300.0,1300.0,1300.0,1300.0,0.0,0.0,273.0,273.0,273.0,273.0,273.0,273.0,273.0,273.0,273.0,273.0,273.0,273.0,273.0,273.0,273.0,273.0,273.0,273.0,273.0,273.0,297.467150359282,227.016309698932,0.0,464.58953,3232.9470100000003,-40.0
1301,1301,1301.0,1301.0,1301.0,1301.0,1301.0,1301.0,1301.0,1301.0,1301.0,1301.0,1301.0,1301.0,1301.0,1301.0,1301.0,1301.0,1301.0,1301.0,1301.0,1301.0,1301.0,1301.0,1.0,0.1,293.29574,289.31379,285.6842,282.52258,279.88603,277.77242,276.1277,274.85736,273.83785,272.9248,271.95756,270.76128,269.15001,266.93428,263.93622,260.01241,255.08163,249.15147,242.33557,234.85454,328.0718335264395,258.4891981722968,464.58953,507.56469,2768.35748,-35.22757999999999
1302,1302,1302.0,1302.0,1302.0,1302.0,1302.0,1302.0,1302.0,1302.0,1302.0,1302.0,1302.0,1302.0,1302.0,1302.0,1302.0,1302.0,1302.0,1302.0,1302.0,1302.0,1302.0,1302.0,2.0,0.2,319.82353,311.86669,304.45421,297.77007,291.91289,286.89507,282.65577,279.08297,276.03936,273.38722,271.00912,268.82239,266.78629,264.90135,263.2008,261.73495,260.5511,259.6729,259.08445,258.72394,281.19668357051114,297.69063267113404,972.15422,449.4364,2260.79279,-26.104930000000024
1303,1303,1303.0,1303.0,1303.0,1303.0,1303.0,1303.0,1303.0,1303.0,1303.0,1303.0,1303.0,1303.0,1303.0,1303.0,1303.0,1303.0,1303.0,1303.0,1303.0,1303.0,1303.0,1303.0,3.0,0.3,282.80799,284.16054,285.03887,285.30364,284.90745,283.89194,282.37065,280.50471,278.47917,276.48543,274.71168,273.33971,272.54408,272.48867,273.31712,275.13578,277.99163,281.85048,286.58278,291.96365,195.6576777372344,331.51177578900126,1421.59062,387.3566700000001,1811.35639,-29.108060000000023
1304,1304,1304.0,1304.0,1304.0,1304.0,1304.0,1304.0,1304.0,1304.0,1304.0,1304.0,1304.0,1304.0,1304.0,1304.0,1304.0,1304.0,1304.0,1304.0,1304.0,1304.0,1304.0,1304.0,4.0,0.4,210.43986,224.50023,237.21625,248.14242,257.05173,263.93703,268.97883,272.49321,274.87506,276.54848,277.93064,279.40921,281.32953,283.98561,287.60989,292.35953,298.3,305.39052,313.47707,322.299,281.0560235785002,348.6475986732576,1808.94729,359.0077000000001,1423.9997199999998,-49.06297000000001
1305,1305,1305.0,1305.0,1305.0,1305.0,1305.0,1305.0,1305.0,1305.0,1305.0,1305.0,1305.0,1305.0,1305.0,1305.0,1305.0,1305.0,1305.0,1305.0,1305.0,1305.0,1305.0,1305.0,5.0,0.5,276.80243,272.98031,269.95044,267.95079,267.07546,267.28691,268.45411,270.40361,272.9692,276.02938,279.52725,283.47264,287.92959,292.99421,298.76759,305.32807,312.70679,320.86962,329.7088,339.04604,296.187565457461,339.30544742549046,2167.95499,229.5949899999996,1064.9920199999997,-45.71309000000002
1306,1306,1306.0,1306.0,1306.0,1306.0,1306.0,1306.0,1306.0,1306.0,1306.0,1306.0,1306.0,1306.0,1306.0,1306.0,1306.0,1306.0,1306.0,1306.0,1306.0,1306.0,1306.0,1306.0,6.0,0.6,291.93135,287.93451,284.43158,281.6123,279.60996,278.49919,278.30197,278.99897,280.54267,282.86928,285.90752,289.58366,293.82345,298.5522,303.69462,309.17544,314.92137,320.86394,326.94221,333.1041,255.87017736794687,361.7768629649172,2397.54998,155.86915000000045,835.3970300000001,-34.50081
1307,1307,1307.0,1307.0,1307.0,1307.0,1307.0,1307.0,1307.0,1307.0,1307.0,1307.0,1307.0,1307.0,1307.0,1307.0,1307.0,1307.0,1307.0,1307.0,1307.0,1307.0,1307.0,1307.0,7.0,0.7,260.41891,264.78254,268.81302,272.42737,275.62027,278.46024,281.07274,283.61669,286.26117,289.16744,292.47848,296.31526,300.77705,305.94211,311.86585,318.57501,326.05853,334.25796,343.06118,352.30332,260.73331080381126,282.89019237548666,2553.41913,135.53867999999966,679.5278799999996,-34.53976
1308,1308,1308.0,1308.0,1308.0,1308.0,1308.0,1308.0,1308.0,1308.0,1308.0,1308.0,1308.0,1308.0,1308.0,1308.0,1308.0,1308.0,1308.0,1308.0,1308.0,1308.0,1308.0,1308.0,8.0,0.8,263.60287,266.48761,269.40233,272.3613,275.37785,278.46337,281.62455,284.85801,288.1416,291.42309,294.60816,297.55118,300.05349,301.87416,302.75611,302.46749,300.8523,297.87944,293.67678,288.53721,242.5071617884916,248.47780833916875,2688.95781,206.2252800000001,543.9892,-34.53663
1309,1309,1309.0,1309.0,1309.0,1309.0,1309.0,1309.0,1309.0,1309.0,1309.0,1309.0,1309.0,1309.0,1309.0,1309.0,1309.0,1309.0,1309.0,1309.0,1309.0,1309.0,1309.0,1309.0,9.0,0.9,248.58593,254.52199,260.18941,265.49124,270.364,274.77363,278.70448,282.14409,285.06765,287.42504,289.13317,290.07514,290.1074,289.07529,286.83634,283.28916,278.40391,272.24813,265.00127,256.95228,269.2549394288069,231.00371769812804,2895.18309,337.76391999999987,337.76391999999987,-38.22636999999997
1310,1310,1310.0,1310.0,1310.0,1310.0,1310.0,1310.0,1310.0,1310.0,1310.0,1310.0,1310.0,1310.0,1310.0,1310.0,1310.0,1310.0,1310.0,1310.0,1310.0,1310.0,1310.0,1310.0,0.0,0.0,273.0,273.0,273.0,273.0,273.0,273.0,273.0,273.0,273.0,273.0,273.0,273.0,273.0,273.0,273.0,273.0,273.0,273.0,273.0,273.0,335.0375732839197,343.4948829601134,0.0,389.25497,2422.70132,0.9191700000000084
1311,1311,1311.0,1311.0,1311.0,1311.0,1311.0,1311.0,1311.0,1311.0,1311.0,1311.0,1311.0,1311.0,1311.0,1311.0,1311.0,1311.0,1311.0,1311.0,1311.0,1311.0,1311.0,1311.0,1.0,0.1,324.46551,314.37716,305.19096,297.21011,290.59855,285.38589,281.49662,278.79429,277.12973,276.38407,276.50019,277.49906,279.47943,282.60024,287.04686,292.98428,300.50427,309.57656,320.0167,331.48113,365.7386323212961,338.6129118550672,389.25497,210.7241,2033.44635,0.9191700000000084
1312,1312,1312.0,1312.0,1312.0,1312.0,1312.0,1312.0,1312.0,1312.0,1312.0,1312.0,1312.0,1312.0,1312.0,1312.0,1312.0,1312.0,1312.0,1312.0,1312.0,1312.0,1312.0,1312.0,2.0,0.2,353.12252,340.94009,329.58296,319.36729,310.51519,303.15272,297.32207,293.0027,290.13503,288.64118,288.43956,289.45206,291.60473,294.82376,299.02941,304.12974,310.01605,316.56077,323.618,331.02625,306.2632446986089,304.6415129420884,599.97907,121.55984999999998,1822.7222500000005,0.9191700000000084
1313,1313,1313.0,1313.0,1313.0,1313.0,1313.0,1313.0,1313.0,1313.0,1313.0,1313.0,1313.0,1313.0,1313.0,1313.0,1313.0,1313.0,1313.0,1313.0,1313.0,1313.0,1313.0,1313.0,3.0,0.3,307.03354,307.5599,307.65182,307.21207,306.25338,304.89017,303.3097,301.73199,300.3683,299.38652,298.88788,298.89675,299.36288,300.17438,301.17959,302.21489,303.1349,303.83973,304.29367,304.53028,280.57699069466173,305.7693617535151,721.53892,102.37311,1701.1624000000002,0.9191700000000084
1314,1314,1314.0,1314.0,1314.0,1314.0,1314.0,1314.0,1314.0,1314.0,1314.0,1314.0,1314.0,1314.0,1314.0,1314.0,1314.0,1314.0,1314.0,1314.0,1314.0,1314.0,1314.0,1314.0,4.0,0.4,284.6703,288.53692,291.98316,294.87398,297.14643,298.80915,299.93007,300.61662,300.99385,301.18485,301.29632,301.41044,301.58239,301.84236,302.20027,302.6516,303.18316,303.77781,304.41783,305.08666,324.2814959127429,200.026408556484,823.91203,134.7262800000001,1598.7892900000002,0.9191700000000084
1315,1315,1315.0,1315.0,1315.0,1315.0,1315.0,1315.0,1315.0,1315.0,1315.0,1315.0,1315.0,1315.0,1315.0,1315.0,1315.0,1315.0,1315.0,1315.0,1315.0,1315.0,1315.0,1315.0,5.0,0.5,319.54997,315.08559,311.11367,307.78536,305.16091,303.20943,301.82093,300.82353,299.99855,299.08889,297.80049,295.80091,292.72247,288.17807,281.79555,273.27108,262.43439,249.31148,234.16618,217.50354,363.2199791985093,345.2376551621508,958.63831,225.97146999999995,1464.06301,0.9191700000000084
1316,1316,1316.0,1316.0,1316.0,1316.0,1316.0,1316.0,1316.0,1316.0,1316.0,1316.0,1316.0,1316.0,1316.0,1316.0,1316.0,1316.0,1316.0,1316.0,1316.0,1316.0,1316.0,1316.0,6.0,0.6,353.32007,343.77832,334.90287,326.91271,319.91749,313.91917,308.83395,304.52895,300.86714,297.75336,295.17502,293.23072,292.13968,292.2254,293.86954,297.4377,303.18769,311.17938,321.2105,332.80095,230.70741557898103,192.8687134621381,1184.60978,172.16542000000004,1238.09154,0.9191700000000084
1317,1317,1317.0,1317.0,1317.0,1317.0,1317.0,1317.0,1317.0,1317.0,1317.0,1317.0,1317.0,1317.0,1317.0,1317.0,1317.0,1317.0,1317.0,1317.0,1317.0,1317.0,1317.0,1317.0,7.0,0.7,245.68658,259.77155,272.20164,282.45151,290.27957,295.71703,299.0071,300.5139,300.62319,299.65347,297.78981,295.04692,291.26477,286.13812,279.27899,270.30677,258.95342,245.16315,229.16174,211.47267,216.2591707454322,339.0654556015854,1356.7752,278.99323000000004,1065.92612,0.9191700000000084
1318,1318,1318.0,1318.0,1318.0,1318.0,1318.0,1318.0,1318.0,1318.0,1318.0,1318.0,1318.0,1318.0,1318.0,1318.0,1318.0,1318.0,1318.0,1318.0,1318.0,1318.0,1318.0,1318.0,8.0,0.8,228.18815,239.69773,250.40376,259.98701,268.2134,274.94363,280.13423,283.83375,286.17872,287.39224,287.78542,287.75804,287.7915,288.42553,290.21197,293.64506,299.07631,306.63169,316.1545,327.19596,264.1037241494128,192.09923303901024,1635.76843,315.98915999999986,786.93289,0.9191700000000084
1319,1319,1319.0,1319.0,1319.0,1319.0,1319.0,1319.0,1319.0,1319.0,1319.0,1319.0,1319.0,1319.0,1319.0,1319.0,1319.0,1319.0,1319.0,1319.0,1319.0,1319.0,1319.0,1319.0,9.0,0.9,264.7509,265.5755,266.71618,268.24421,270.15135,272.35485,274.71417,277.05084,279.16289,280.82838,281.79795,281.78197,280.44238,277.40083,272.27184,264.72344,254.55683,241.78733,226.70191,209.8706,290.9755696409733,255.27113672586808,1951.75759,470.9437300000002,470.9437300000002,0.9191700000000084
1320,1320,1320.0,1320.0,1320.0,1320.0,1320.0,1320.0,1320.0,1320.0,1320.0,1320.0,1320.0,1320.0,1320.0,1320.0,1320.0,1320.0,1320.0,1320.0,1320.0,1320.0,1320.0,1320.0,0.0,0.0,273.0,273.0,273.0,273.0,273.0,273.0,273.0,273.0,273.0,273.0,273.0,273.0,273.0,273.0,273.0,273.0,273.0,273.0,273.0,273.0,306.9753320719119,248.1653208150248,0.0,447.74233,6280.53679,-40.0
1321,1321,1321.0,1321.0,1321.0,1321.0,1321.0,1321.0,1321.0,1321.0,1321.0,1321.0,1321.0,1321.0,1321.0,1321.0,1321.0,1321.0,1321.0,1321.0,1321.0,1321.0,1321.0,1321.0,1.0,0.1,301.1839,295.65621,290.61961,286.23673,282.59091,279.68649,277.46123,275.80541,274.58168,273.64112,272.83368,272.01344,271.04109,269.7869,268.13655,266.00114,263.32997,260.12323,256.44024,252.39903,223.54620055998527,239.68548140308704,447.74233,500.27837000000005,5832.79446,-33.31351000000001
1322,1322,1322.0,1322.0,1322.0,1322.0,1322.0,1322.0,1322.0,1322.0,1322.0,1322.0,1322.0,1322.0,1322.0,1322.0,1322.0,1322.0,1322.0,1322.0,1322.0,1322.0,1322.0,1322.0,2.0,0.2,233.61836,243.12775,251.59295,258.67568,264.20995,268.19553,270.76233,272.119,272.49984,272.12152,271.15544,269.71675,267.86721,265.62734,262.99356,259.95646,256.51733,252.70074,248.56171,244.18623,187.43261052794912,340.33344189698107,948.0207,622.43685,5332.51609,-44.80446999999998
1323,1323,1323.0,1323.0,1323.0,1323.0,1323.0,1323.0,1323.0,1323.0,1323.0,1323.0,1323.0,1323.0,1323.0,1323.0,1323.0,1323.0,1323.0,1323.0,1323.0,1323.0,1323.0,1323.0,3.0,0.3,200.13485,212.36066,223.68606,233.78202,242.4402,249.58009,255.24087,259.56432,262.77607,265.17015,267.09866,268.96381,271.20682,274.2866,278.64323,284.6455,292.52892,302.33717,313.88409,326.75189,259.0060184202273,228.2907544445688,1570.45755,632.4386,4710.07924,-63.41990999999999
1324,1324,1324.0,1324.0,1324.0,1324.0,1324.0,1324.0,1324.0,1324.0,1324.0,1324.0,1324.0,1324.0,1324.0,1324.0,1324.0,1324.0,1324.0,1324.0,1324.0,1324.0,1324.0,1324.0,4.0,0.4,256.27195,253.91147,252.23588,251.4475,251.61898,252.69982,254.5435,256.94292,259.66186,262.45374,265.06542,267.23042,268.66055,269.04709,268.08038,265.49068,261.10521,254.90766,247.08163,238.02003,174.96452705873114,211.67636727562925,2202.89615,801.4761399999998,4077.64064,-60.30018000000001
1325,1325,1325.0,1325.0,1325.0,1325.0,1325.0,1325.0,1325.0,1325.0,1325.0,1325.0,1325.0,1325.0,1325.0,1325.0,1325.0,1325.0,1325.0,1325.0,1325.0,1325.0,1325.0,1325.0,5.0,0.5,188.63211,201.73496,213.78622,224.43544,233.49496,240.93104,246.82698,251.33113,254.60444,256.77896,257.93347,258.08727,257.20968,255.24074,252.11828,247.80682,242.3239,235.75971,228.28639,220.15452,294.7517854852207,323.3833821038987,3004.37229,969.59906,3276.1645000000003,-72.06896
1326,1326,1326.0,1326.0,1326.0,1326.0,1326.0,1326.0,1326.0,1326.0,1326.0,1326.0,1326.0,1326.0,1326.0,1326.0,1326.0,1326.0,1326.0,1326.0,1326.0,1326.0,1326.0,1326.0,6.0,0.6,284.29542,274.54715,266.10033,259.34681,254.43761,251.29564,249.67173,249.22597,249.61437,250.56415,251.92733,253.70739,256.05788,259.25318,263.63391,269.53224,277.18765,286.66882,297.82079,310.25399,355.9078083125484,276.59399839707555,3973.97135,654.5187999999998,2306.5654400000003,-61.70436000000001
1327,1327,1327.0,1327.0,1327.0,1327.0,1327.0,1327.0,1327.0,1327.0,1327.0,1327.0,1327.0,1327.0,1327.0,1327.0,1327.0,1327.0,1327.0,1327.0,1327.0,1327.0,1327.0,1327.0,7.0,0.7,339.18069,323.14787,308.4236,295.47884,284.60678,275.92015,269.3754,264.81304,262.0017,260.67593,260.56215,261.39215,262.90771,264.86214,267.02429,269.18857,271.19096,272.92706,274.3658,275.55205,223.2108580067315,255.453750598037,4628.49015,533.8353999999999,1652.0466400000005,-37.07985000000002
1328,1328,1328.0,1328.0,1328.0,1328.0,1328.0,1328.0,1328.0,1328.0,1328.0,1328.0,1328.0,1328.0,1328.0,1328.0,1328.0,1328.0,1328.0,1328.0,1328.0,1328.0,1328.0,1328.0,8.0,0.8,233.88764,243.82259,252.39739,259.21017,264.11728,267.21926,268.80189,269.25291,268.97718,268.32777,267.56277,266.82884,266.16754,265.53757,264.84607,263.98295,262.85329,261.40335,259.63635,257.61552,193.99815828047213,351.7839911377673,5162.32555,611.5284900000006,1118.2112400000003,-45.78073999999998
1329,1329,1329.0,1329.0,1329.0,1329.0,1329.0,1329.0,1329.0,1329.0,1329.0,1329.0,1329.0,1329.0,1329.0,1329.0,1329.0,1329.0,1329.0,1329.0,1329.0,1329.0,1329.0,1329.0,9.0,0.9,205.42817,216.42527,226.60598,235.67657,243.45801,249.89357,255.04169,259.05987,262.1859,264.7215,267.02018,269.47743,272.5183,276.57636,282.05887,289.29781,298.4923,309.65453,322.57507,336.82239,295.35555475021414,358.7604480111916,5773.85404,506.68275,506.68275,-63.10642999999999
1330,1330,1330.0,1330.0,1330.0,1330.0,1330.0,1330.0,1330.0,1330.0,1330.0,1330.0,1330.0,1330.0,1330.0,1330.0,1330.0,1330.0,1330.0,1330.0,1330.0,1330.0,1330.0,1330.0,0.0,0.0,273.0,273.0,273.0,273.0,273.0,273.0,273.0,273.0,273.0,273.0,273.0,273.0,273.0,273.0,273.0,273.0,273.0,273.0,273.0,273.0,226.93427459341035,343.75110259296747,0.0,437.92076,2398.15029,-40.0
1331,1331,1331.0,1331.0,1331.0,1331.0,1331.0,1331.0,1331.0,1331.0,1331.0,1331.0,1331.0,1331.0,1331.0,1331.0,1331.0,1331.0,1331.0,1331.0,1331.0,1331.0,1331.0,1331.0,1.0,0.1,234.78758,242.28393,249.11617,255.06579,260.02358,263.9906,267.06343,269.41126,271.2529,272.83921,274.44305,276.35429,278.87483,282.30728,286.93274,292.97657,300.56649,309.69241,320.18023,331.69097,344.18307296019725,249.44257863389777,437.92076,363.49017,1960.22953,-49.00940000000003
1332,1332,1332.0,1332.0,1332.0,1332.0,1332.0,1332.0,1332.0,1332.0,1332.0,1332.0,1332.0,1332.0,1332.0,1332.0,1332.0,1332.0,1332.0,1332.0,1332.0,1332.0,1332.0,1332.0,2.0,0.2,329.88058,316.38345,304.38258,294.36678,286.58033,281.02915,277.52537,275.75133,275.32276,275.83624,276.89463,278.11361,279.11879,279.54549,279.05146,277.34698,274.23895,269.67788,263.79184,256.89222,286.8453068467327,343.7461206223453,801.41093,311.94540000000006,1596.73936,-31.970849999999984
1333,1333,1333.0,1333.0,1333.0,1333.0,1333.0,1333.0,1333.0,1333.0,1333.0,1333.0,1333.0,1333.0,1333.0,1333.0,1333.0,1333.0,1333.0,1333.0,1333.0,1333.0,1333.0,1333.0,3.0,0.3,287.32794,287.63291,287.62301,287.23064,286.46855,285.42183,284.22654,283.04448,282.04325,281.38745,281.24194,281.78273,283.20732,285.73532,289.59226,294.97439,301.99932,310.65456,320.75986,331.95855,231.757928990344,266.4906640423109,1113.35633,248.82194000000004,1284.79396,-27.57817
1334,1334,1334.0,1334.0,1334.0,1334.0,1334.0,1334.0,1334.0,1334.0,1334.0,1334.0,1334.0,1334.0,1334.0,1334.0,1334.0,1334.0,1334.0,1334.0,1334.0,1334.0,1334.0,1334.0,4.0,0.4,240.90848,249.62213,257.52605,264.36118,270.00751,274.48177,277.91122,280.49185,282.44074,283.95102,285.15577,286.10478,286.75686,286.98933,286.62517,285.47559,283.39172,280.31531,276.31534,271.59895,262.8481241910968,357.8115662003048,1362.17827,298.86244999999985,1035.97202,-38.51823000000002
1335,1335,1335.0,1335.0,1335.0,1335.0,1335.0,1335.0,1335.0,1335.0,1335.0,1335.0,1335.0,1335.0,1335.0,1335.0,1335.0,1335.0,1335.0,1335.0,1335.0,1335.0,1335.0,1335.0,5.0,0.5,264.02647,265.30265,266.75198,268.41128,270.27388,272.29675,274.4177,276.57855,278.74978,280.95273,283.27601,285.88333,289.00955,292.94193,297.98495,304.40995,312.39621,321.97533,332.99367,345.1066,178.01071148606246,351.6210423062895,1661.04072,267.99802,737.1095700000001,-40.703250000000025
1336,1336,1336.0,1336.0,1336.0,1336.0,1336.0,1336.0,1336.0,1336.0,1336.0,1336.0,1336.0,1336.0,1336.0,1336.0,1336.0,1336.0,1336.0,1336.0,1336.0,1336.0,1336.0,1336.0,6.0,0.6,194.13336,209.62422,223.94195,236.70581,247.73174,257.03086,264.77676,271.25447,276.80524,281.77828,286.49544,291.22972,296.19527,301.5451,307.37332,313.71968,320.57539,327.89,335.57895,343.53185,352.1507435436897,332.9385821510862,1929.03874,254.4504200000001,469.1115500000001,-55.96913999999998
1337,1337,1337.0,1337.0,1337.0,1337.0,1337.0,1337.0,1337.0,1337.0,1337.0,1337.0,1337.0,1337.0,1337.0,1337.0,1337.0,1337.0,1337.0,1337.0,1337.0,1337.0,1337.0,1337.0,7.0,0.7,334.72465,318.45152,304.31545,293.003,284.84182,279.81275,277.621,277.79914,279.81248,283.14405,287.3478,292.07005,297.04705,302.08966,307.06537,311.88448,316.49309,320.87156,325.03509,329.03224,346.8566328535122,350.642646548974,2183.48916,108.83498999999983,214.66113,-33.187250000000006
1338,1338,1338.0,1338.0,1338.0,1338.0,1338.0,1338.0,1338.0,1338.0,1338.0,1338.0,1338.0,1338.0,1338.0,1338.0,1338.0,1338.0,1338.0,1338.0,1338.0,1338.0,1338.0,1338.0,8.0,0.8,337.44394,328.37387,319.96664,312.49973,306.19175,301.19212,297.57757,295.35604,294.47695,294.84654,296.34568,298.84741,302.23149,306.39358,311.24767,316.72192,322.74935,329.25627,336.1523,343.32524,271.56039227701206,337.0647344378543,2292.32415,57.39107000000013,105.82614000000012,-11.807880000000011
1339,1339,1339.0,1339.0,1339.0,1339.0,1339.0,1339.0,1339.0,1339.0,1339.0,1339.0,1339.0,1339.0,1339.0,1339.0,1339.0,1339.0,1339.0,1339.0,1339.0,1339.0,1339.0,1339.0,9.0,0.9,277.73542,283.51574,288.57833,292.72592,295.91132,298.22949,299.8833,301.13487,302.25557,303.48464,305.00225,306.9178,309.2712,312.04358,315.17363,318.57639,322.16164,325.84956,329.58145,333.3237,327.5369409273259,297.49306087267905,2349.71522,48.43507,48.43507,-14.770510000000002
1340,1340,1340.0,1340.0,1340.0,1340.0,1340.0,1340.0,1340.0,1340.0,1340.0,1340.0,1340.0,1340.0,1340.0,1340.0,1340.0,1340.0,1340.0,1340.0,1340.0,1340.0,1340.0,1340.0,0.0,0.0,273.0,273.0,273.0,273.0,273.0,273.0,273.0,273.0,273.0,273.0,273.0,273.0,273.0,273.0,273.0,273.0,273.0,273.0,273.0,273.0,301.5509575999956,370.1835023440626,0.0,389.64724,4198.0423200000005,-40.0
1341,1341,1341.0,1341.0,1341.0,1341.0,1341.0,1341.0,1341.0,1341.0,1341.0,1341.0,1341.0,1341.0,1341.0,1341.0,1341.0,1341.0,1341.0,1341.0,1341.0,1341.0,1341.0,1341.0,1.0,0.1,296.68708,292.04701,287.82516,284.16455,281.14723,278.79895,277.10625,276.04205,275.59451,275.79443,276.73672,278.59169,281.60211,286.06236,292.27797,300.50785,310.89724,323.41508,337.81288,353.62006,307.2557197473002,197.81602878663563,389.64724,261.79455,3808.39508,-34.20105000000001
1342,1342,1342.0,1342.0,1342.0,1342.0,1342.0,1342.0,1342.0,1342.0,1342.0,1342.0,1342.0,1342.0,1342.0,1342.0,1342.0,1342.0,1342.0,1342.0,1342.0,1342.0,1342.0,1342.0,2.0,0.2,302.98711,298.87064,295.0485,291.64424,288.75575,286.44942,284.7539,283.65121,283.0637,282.83674,282.72021,282.35489,281.27303,278.92318,274.72599,268.16089,258.87212,246.77187,232.11154,215.49446,370.5061990148203,279.80906537661747,651.44179,359.2922500000001,3546.60053,-26.550580000000025
1343,1343,1343.0,1343.0,1343.0,1343.0,1343.0,1343.0,1343.0,1343.0,1343.0,1343.0,1343.0,1343.0,1343.0,1343.0,1343.0,1343.0,1343.0,1343.0,1343.0,1343.0,1343.0,1343.0,3.0,0.3,356.59949,343.24639,330.92615,319.98527,310.60627,302.80699,296.46649,291.36855,287.25243,283.86184,280.9861,278.48928,276.32485,274.53365,273.22407,272.53572,272.59187,273.45035,275.06564,277.27408,332.8504635929147,295.2796084242911,1010.73404,303.29357000000005,3187.30828,-10.193010000000015
1344,1344,1344.0,1344.0,1344.0,1344.0,1344.0,1344.0,1344.0,1344.0,1344.0,1344.0,1344.0,1344.0,1344.0,1344.0,1344.0,1344.0,1344.0,1344.0,1344.0,1344.0,1344.0,1344.0,4.0,0.4,328.89419,324.84372,320.63207,316.2393,311.7,307.098,302.55153,298.19457,294.15978,290.56696,287.51782,285.09602,283.36917,282.38979,282.19281,282.78899,284.1554,286.22594,288.88547,291.9707,212.9920159937492,262.4616343527404,1314.02761,243.48605,2884.01471,-5.901999999999987
1345,1345,1345.0,1345.0,1345.0,1345.0,1345.0,1345.0,1345.0,1345.0,1345.0,1345.0,1345.0,1345.0,1345.0,1345.0,1345.0,1345.0,1345.0,1345.0,1345.0,1345.0,1345.0,1345.0,5.0,0.5,229.24383,244.57944,258.21317,269.59059,278.43924,284.76361,288.79388,290.90695,291.54111,291.1214,290.00599,288.4565,286.63048,284.59158,282.33244,279.80549,276.95648,273.75507,270.217,266.41288,257.7934499182322,182.5786617638853,1557.51366,357.5876599999999,2640.52866,-28.23638999999997
1346,1346,1346.0,1346.0,1346.0,1346.0,1346.0,1346.0,1346.0,1346.0,1346.0,1346.0,1346.0,1346.0,1346.0,1346.0,1346.0,1346.0,1346.0,1346.0,1346.0,1346.0,1346.0,1346.0,6.0,0.6,260.70952,263.66262,266.66354,269.67829,272.62226,275.36699,277.75503,279.61627,280.7792,281.07361,280.32537,278.34766,274.93584,269.87324,262.9532,254.01749,243.00567,230.00338,215.27511,199.26784,260.70103191572423,203.92074977828867,1915.10132,593.8847600000001,2282.941,-37.63301000000001
1347,1347,1347.0,1347.0,1347.0,1347.0,1347.0,1347.0,1347.0,1347.0,1347.0,1347.0,1347.0,1347.0,1347.0,1347.0,1347.0,1347.0,1347.0,1347.0,1347.0,1347.0,1347.0,1347.0,7.0,0.7,262.76512,264.78295,266.70167,268.45657,269.96795,271.14093,271.86802,272.03452,271.526,270.23743,268.08301,265.00571,260.98507,256.04172,250.23727,243.66903,236.46006,228.74673,220.6668,212.35108,324.91587930591936,326.7544632460594,2508.98608,653.90614,1689.0562399999994,-41.85906999999997
1348,1348,1348.0,1348.0,1348.0,1348.0,1348.0,1348.0,1348.0,1348.0,1348.0,1348.0,1348.0,1348.0,1348.0,1348.0,1348.0,1348.0,1348.0,1348.0,1348.0,1348.0,1348.0,1348.0,8.0,0.8,315.32789,306.16754,297.7952,290.4531,284.24202,279.12922,274.98321,271.62566,268.88908,266.6699,264.96914,263.91442,263.7592,264.85556,267.60009,272.35671,279.36736,288.66853,300.03507,312.97066,349.7683035462647,196.00246997300627,3162.89222,473.60032,1035.1500999999994,-33.870780000000025
1349,1349,1349.0,1349.0,1349.0,1349.0,1349.0,1349.0,1349.0,1349.0,1349.0,1349.0,1349.0,1349.0,1349.0,1349.0,1349.0,1349.0,1349.0,1349.0,1349.0,1349.0,1349.0,1349.0,9.0,0.9,338.54334,327.65963,317.42365,308.07906,299.79008,292.63697,286.62092,281.67299,277.66167,274.3953,271.61917,269.01104,266.1824,262.6941,258.09312,251.97167,244.04143,234.20713,222.61812,209.67812,328.08563896624986,210.7014179874752,3636.49254,561.5497799999994,561.5497799999994,-20.36302999999998
1350,1350,1350.0,1350.0,1350.0,1350.0,1350.0,1350.0,1350.0,1350.0,1350.0,1350.0,1350.0,1350.0,1350.0,1350.0,1350.0,1350.0,1350.0,1350.0,1350.0,1350.0,1350.0,1350.0,0.0,0.0,273.0,273.0,273.0,273.0,273.0,273.0,273.0,273.0,273.0,273.0,273.0,273.0,273.0,273.0,273.0,273.0,273.0,273.0,273.0,273.0,372.2913316561552,367.4126195200339,0.0,371.03854,3089.2739,6.563829999999996
1351,1351,1351.0,1351.0,1351.0,1351.0,1351.0,1351.0,1351.0,1351.0,1351.0,1351.0,1351.0,1351.0,1351.0,1351.0,1351.0,1351.0,1351.0,1351.0,1351.0,1351.0,1351.0,1351.0,1.0,0.1,355.37027,339.22305,324.51884,311.74193,301.15287,292.79557,286.54313,282.167,279.41227,278.06437,277.99739,279.19922,281.77177,285.90649,291.83742,299.77663,309.84165,321.98895,335.9698,351.32321,178.06667069563738,260.1533793596339,371.03854,219.84104,2718.23536,6.563829999999996
1352,1352,1352.0,1352.0,1352.0,1352.0,1352.0,1352.0,1352.0,1352.0,1352.0,1352.0,1352.0,1352.0,1352.0,1352.0,1352.0,1352.0,1352.0,1352.0,1352.0,1352.0,1352.0,1352.0,2.0,0.2,199.32073,219.36875,237.19458,252.11639,263.8546,272.5158,278.50728,282.41168,284.85423,286.38864,287.41713,288.14962,288.60052,288.61837,287.94265,286.27997,283.38898,279.15889,273.66421,267.18045,366.1302711706817,344.24489076634336,590.87958,282.47489,2498.39432,6.563829999999996
1353,1353,1353.0,1353.0,1353.0,1353.0,1353.0,1353.0,1353.0,1353.0,1353.0,1353.0,1353.0,1353.0,1353.0,1353.0,1353.0,1353.0,1353.0,1353.0,1353.0,1353.0,1353.0,1353.0,3.0,0.3,348.21586,331.39781,316.60077,304.44834,295.20404,288.78941,284.86425,282.9409,282.5022,283.0991,284.41517,286.29484,288.73919,291.87526,295.90557,301.04468,307.4516,315.16923,324.08378,333.9153,359.40523623902993,334.3532610895252,873.35447,143.88194999999996,2215.91943,6.563829999999996
1354,1354,1354.0,1354.0,1354.0,1354.0,1354.0,1354.0,1354.0,1354.0,1354.0,1354.0,1354.0,1354.0,1354.0,1354.0,1354.0,1354.0,1354.0,1354.0,1354.0,1354.0,1354.0,1354.0,4.0,0.4,349.19568,339.28248,329.94464,321.42795,313.93238,307.6042,302.53308,298.75468,296.2575,294.99261,294.88412,295.83863,297.75254,300.51685,304.01991,308.14907,312.79207,317.83864,323.182,328.7197,363.8174918621829,314.31812341723446,1017.23642,104.56903000000013,2072.03748,6.563829999999996
1355,1355,1355.0,1355.0,1355.0,1355.0,1355.0,1355.0,1355.0,1355.0,1355.0,1355.0,1355.0,1355.0,1355.0,1355.0,1355.0,1355.0,1355.0,1355.0,1355.0,1355.0,1355.0,1355.0,5.0,0.5,355.31613,347.02522,339.14347,331.84743,325.28365,319.56383,314.7626,310.91726,308.02874,306.06299,304.95279,304.60041,304.88187,305.65395,306.76462,308.06657,309.43248,310.769,312.02604,313.19844,234.0569396573611,181.37917901280431,1121.80545,122.14202,1967.46845,6.563829999999996
1356,1356,1356.0,1356.0,1356.0,1356.0,1356.0,1356.0,1356.0,1356.0,1356.0,1356.0,1356.0,1356.0,1356.0,1356.0,1356.0,1356.0,1356.0,1356.0,1356.0,1356.0,1356.0,1356.0,6.0,0.6,249.44061,263.94032,276.80357,287.50907,295.81282,301.7349,305.4965,307.42733,307.86598,307.07257,305.16656,302.09642,297.64352,291.46015,283.13901,272.30684,258.72891,242.40426,223.62824,203.002,257.4816000820584,258.5269215181862,1243.94747,246.71874000000005,1845.32643,6.563829999999996
1357,1357,1357.0,1357.0,1357.0,1357.0,1357.0,1357.0,1357.0,1357.0,1357.0,1357.0,1357.0,1357.0,1357.0,1357.0,1357.0,1357.0,1357.0,1357.0,1357.0,1357.0,1357.0,1357.0,7.0,0.7,263.35475,269.09274,274.5535,279.58459,284.02537,287.71507,290.50533,292.27494,292.94454,292.48981,290.9519,288.44346,285.14818,281.31075,277.21454,273.14702,269.35648,266.00864,263.15449,260.72044,220.114388265372,223.56624369500827,1490.66621,355.41633,1598.60769,6.563829999999996
1358,1358,1358.0,1358.0,1358.0,1358.0,1358.0,1358.0,1358.0,1358.0,1358.0,1358.0,1358.0,1358.0,1358.0,1358.0,1358.0,1358.0,1358.0,1358.0,1358.0,1358.0,1358.0,1358.0,8.0,0.8,230.85632,241.1821,250.71885,259.1711,266.33939,272.12166,276.49995,279.51771,281.25384,281.79866,281.23483,279.6251,277.00739,273.39746,268.79905,263.22033,256.69431,249.29883,241.17074,232.50931,291.2186774979819,186.5943730210732,1846.08254,546.5426199999999,1243.19136,6.563829999999996
1359,1359,1359.0,1359.0,1359.0,1359.0,1359.0,1359.0,1359.0,1359.0,1359.0,1359.0,1359.0,1359.0,1359.0,1359.0,1359.0,1359.0,1359.0,1359.0,1359.0,1359.0,1359.0,1359.0,9.0,0.9,286.79991,282.73244,279.30044,276.67008,274.86565,273.77491,273.17775,272.78715,272.29031,271.38124,269.78085,267.24588,263.57133,258.59234,252.19034,244.30563,234.95461,224.24696,212.3957,199.71384,260.287419170772,249.3224122896106,2392.62516,696.6487400000001,696.6487400000001,6.563829999999996
1360,1360,1360.0,1360.0,1360.0,1360.0,1360.0,1360.0,1360.0,1360.0,1360.0,1360.0,1360.0,1360.0,1360.0,1360.0,1360.0,1360.0,1360.0,1360.0,1360.0,1360.0,1360.0,1360.0,0.0,0.0,273.0,273.0,273.0,273.0,273.0,273.0,273.0,273.0,273.0,273.0,273.0,273.0,273.0,273.0,273.0,273.0,273.0,273.0,273.0,273.0,277.75234706985583,368.3094996223911,0.0,400.45873,4953.48136,-40.0
1361,1361,1361.0,1361.0,1361.0,1361.0,1361.0,1361.0,1361.0,1361.0,1361.0,1361.0,1361.0,1361.0,1361.0,1361.0,1361.0,1361.0,1361.0,1361.0,1361.0,1361.0,1361.0,1361.0,1.0,0.1,276.94471,276.17577,275.48016,274.88593,274.41482,274.0859,273.92299,273.96521,274.28005,274.97715,276.22046,278.23468,281.30143,285.74012,291.87079,299.96018,310.15836,322.43924,336.56149,352.06487,360.1116825412248,265.9691317446865,400.45873,245.17318,4553.02263,-38.91410000000002
1362,1362,1362.0,1362.0,1362.0,1362.0,1362.0,1362.0,1362.0,1362.0,1362.0,1362.0,1362.0,1362.0,1362.0,1362.0,1362.0,1362.0,1362.0,1362.0,1362.0,1362.0,1362.0,1362.0,2.0,0.2,345.65321,331.87764,319.38154,308.60846,299.81485,293.07144,288.29255,285.27965,283.7643,283.43958,283.97586,285.02385,286.21325,287.15746,287.47315,286.81808,284.94284,281.74453,277.30558,271.90157,301.73709658772736,293.8137123620281,645.63191,223.42662000000007,4307.84945,-19.928560000000004
1363,1363,1363.0,1363.0,1363.0,1363.0,1363.0,1363.0,1363.0,1363.0,1363.0,1363.0,1363.0,1363.0,1363.0,1363.0,1363.0,1363.0,1363.0,1363.0,1363.0,1363.0,1363.0,1363.0,3.0,0.3,301.74644,301.5609,301.02954,300.07723,298.71575,297.03366,295.16996,293.2809,291.50977,289.96671,288.7215,287.80789,287.23513,287.00097,287.1011,287.53198,288.2866,289.34571,290.66864,292.18837,362.7590084579482,245.3527690825447,869.05853,222.1815099999999,4084.42283,-15.966340000000002
1364,1364,1364.0,1364.0,1364.0,1364.0,1364.0,1364.0,1364.0,1364.0,1364.0,1364.0,1364.0,1364.0,1364.0,1364.0,1364.0,1364.0,1364.0,1364.0,1364.0,1364.0,1364.0,1364.0,4.0,0.4,351.51255,340.71596,330.75831,321.92091,314.3536,308.07612,302.99942,298.95735,295.73862,293.11148,290.83819,288.68093,286.40386,283.77725,280.58848,276.66176,271.88392,266.23053,259.78334,252.73163,291.7488211184746,217.3921767955434,1091.24004,282.32364000000007,3862.24132,-4.923879999999997
1365,1365,1365.0,1365.0,1365.0,1365.0,1365.0,1365.0,1365.0,1365.0,1365.0,1365.0,1365.0,1365.0,1365.0,1365.0,1365.0,1365.0,1365.0,1365.0,1365.0,1365.0,1365.0,1365.0,5.0,0.5,295.46458,298.78263,301.36824,302.99652,303.57233,303.12107,301.75593,299.63293,296.90555,293.6886,290.03667,285.93819,281.32365,276.08486,270.10183,263.27341,255.54747,246.94552,237.57667,227.63691,237.9788949136487,216.18220077468817,1373.56368,379.56719,3579.91768,-9.878930000000024
1366,1366,1366.0,1366.0,1366.0,1366.0,1366.0,1366.0,1366.0,1366.0,1366.0,1366.0,1366.0,1366.0,1366.0,1366.0,1366.0,1366.0,1366.0,1366.0,1366.0,1366.0,1366.0,1366.0,6.0,0.6,248.44563,258.35914,267.23133,274.69008,280.50631,284.59405,286.98819,287.8084,287.21973,285.39813,282.50619,278.68027,274.02795,268.63278,262.56323,255.88305,248.66064,240.97615,232.92523,224.61923,184.5868333528975,192.17593182784543,1753.13087,582.9326599999999,3200.35049,-28.40595000000002
1367,1367,1367.0,1367.0,1367.0,1367.0,1367.0,1367.0,1367.0,1367.0,1367.0,1367.0,1367.0,1367.0,1367.0,1367.0,1367.0,1367.0,1367.0,1367.0,1367.0,1367.0,1367.0,1367.0,7.0,0.7,200.33296,215.4271,229.28664,241.45337,251.62403,259.65316,265.53233,269.35405,271.27033,271.4545,270.07172,267.26073,263.12694,257.74587,251.17483,243.47068,234.71005,225.00806,214.5309,203.49858,175.423091045405,310.699733360684,2336.06353,875.6710000000003,2617.41783,-53.34683999999999
1368,1368,1368.0,1368.0,1368.0,1368.0,1368.0,1368.0,1368.0,1368.0,1368.0,1368.0,1368.0,1368.0,1368.0,1368.0,1368.0,1368.0,1368.0,1368.0,1368.0,1368.0,1368.0,1368.0,8.0,0.8,188.04127,200.28702,211.81355,222.32221,231.57942,239.42767,245.7916,250.68125,254.19483,256.52212,257.94736,258.84828,259.68528,260.97463,263.24124,266.95198,272.43759,279.81935,288.96032,299.45973,333.9499914597417,194.4978496560456,3211.73453,876.1094199999998,1741.7468299999996,-73.57233
1369,1369,1369.0,1369.0,1369.0,1369.0,1369.0,1369.0,1369.0,1369.0,1369.0,1369.0,1369.0,1369.0,1369.0,1369.0,1369.0,1369.0,1369.0,1369.0,1369.0,1369.0,1369.0,1369.0,9.0,0.9,316.63789,300.37042,286.03456,274.23938,265.25805,259.03754,255.26214,253.44495,253.01917,253.40828,254.06569,254.48685,254.20587,252.7924,249.86226,245.1087,238.35103,229.5876,219.03435,207.13003,219.50549677339853,278.5122163627893,4087.84395,865.6374099999998,865.6374099999998,-53.96246000000002
1370,1370,1370.0,1370.0,1370.0,1370.0,1370.0,1370.0,1370.0,1370.0,1370.0,1370.0,1370.0,1370.0,1370.0,1370.0,1370.0,1370.0,1370.0,1370.0,1370.0,1370.0,1370.0,1370.0,0.0,0.0,273.0,273.0,273.0,273.0,273.0,273.0,273.0,273.0,273.0,273.0,273.0,273.0,273.0,273.0,273.0,273.0,273.0,273.0,273.0,273.0,212.92764604336395,187.0160087030836,0.0,536.8098,6907.66084,-40.0
1371,1371,1371.0,1371.0,1371.0,1371.0,1371.0,1371.0,1371.0,1371.0,1371.0,1371.0,1371.0,1371.0,1371.0,1371.0,1371.0,1371.0,1371.0,1371.0,1371.0,1371.0,1371.0,1371.0,1.0,0.1,223.16435,232.93235,241.82596,249.55064,255.9458,260.97947,264.71891,267.2865,268.81113,269.38449,269.02874,267.67956,265.18735,261.33761,255.89058,248.63637,239.45794,228.38928,215.65382,201.66978,256.9779097292015,208.9253805092293,536.8098,816.1167399999999,6370.85104,-52.02053000000001
1372,1372,1372.0,1372.0,1372.0,1372.0,1372.0,1372.0,1372.0,1372.0,1372.0,1372.0,1372.0,1372.0,1372.0,1372.0,1372.0,1372.0,1372.0,1372.0,1372.0,1372.0,1372.0,1372.0,2.0,0.2,256.59092,256.35218,256.37175,256.69288,257.27938,258.02035,258.74901,259.26936,259.38391,258.9175,257.73447,255.74869,252.92712,249.28807,244.89461,239.84419,234.25548,228.25438,221.96198,215.48715,318.652338141605,198.4005669336,1352.92654,934.9809300000002,5554.7343,-54.97964999999999
1373,1373,1373.0,1373.0,1373.0,1373.0,1373.0,1373.0,1373.0,1373.0,1373.0,1373.0,1373.0,1373.0,1373.0,1373.0,1373.0,1373.0,1373.0,1373.0,1373.0,1373.0,1373.0,1373.0,3.0,0.3,308.19873,298.21191,289.08855,281.10062,274.36723,268.85598,264.40897,260.78354,257.69649,254.8626,252.02232,248.95777,245.4992,241.52537,236.96146,231.77702,225.98466,219.63915,212.83541,205.70361,324.6552271373853,353.30618467608,2287.90747,840.1362199999999,4619.753369999999,-44.14402000000001
1374,1374,1374.0,1374.0,1374.0,1374.0,1374.0,1374.0,1374.0,1374.0,1374.0,1374.0,1374.0,1374.0,1374.0,1374.0,1374.0,1374.0,1374.0,1374.0,1374.0,1374.0,1374.0,1374.0,4.0,0.4,315.93475,307.39775,299.2103,291.50731,284.38526,277.90351,272.09482,266.98462,262.61724,259.08581,256.56083,255.3099,255.70012,258.17436,263.19639,271.16658,282.32025,296.63018,313.74057,332.95721,199.53516657146065,345.32465005199845,3128.04369,505.1286100000002,3779.61715,-35.09649000000002
1375,1375,1375.0,1375.0,1375.0,1375.0,1375.0,1375.0,1375.0,1375.0,1375.0,1375.0,1375.0,1375.0,1375.0,1375.0,1375.0,1375.0,1375.0,1375.0,1375.0,1375.0,1375.0,1375.0,5.0,0.5,213.62413,226.86103,238.52704,248.13975,255.5058,260.71764,264.10393,266.15261,267.4276,268.49567,269.87236,271.98827,275.17229,279.6462,285.5261,292.82746,301.47282,311.30178,322.08366,333.53256,210.25845071381352,215.7903233830424,3633.1723,526.9696999999996,3274.4885399999994,-52.28235999999998
1376,1376,1376.0,1376.0,1376.0,1376.0,1376.0,1376.0,1376.0,1376.0,1376.0,1376.0,1376.0,1376.0,1376.0,1376.0,1376.0,1376.0,1376.0,1376.0,1376.0,1376.0,1376.0,1376.0,6.0,0.6,217.64473,224.88841,231.8577,238.44154,244.55753,250.15584,255.21702,259.74172,263.73187,267.16487,269.96516,271.98009,272.96917,272.61523,270.56329,266.48622,260.16774,251.58432,240.96315,228.79488,181.55549021601257,323.9101447728594,4160.142,742.8715400000001,2747.51884,-62.84415999999999
1377,1377,1377.0,1377.0,1377.0,1377.0,1377.0,1377.0,1377.0,1377.0,1377.0,1377.0,1377.0,1377.0,1377.0,1377.0,1377.0,1377.0,1377.0,1377.0,1377.0,1377.0,1377.0,1377.0,7.0,0.7,192.68626,203.50659,213.73839,223.16144,231.62751,239.06244,245.45922,250.86748,255.38498,259.15483,262.36871,265.27261,268.16874,271.40561,275.35038,280.34211,286.63159,294.32086,303.3198,313.33648,265.7377385160281,235.0025193381649,4903.01354,773.8364199999996,2004.6473,-73.93755999999999
1378,1378,1378.0,1378.0,1378.0,1378.0,1378.0,1378.0,1378.0,1378.0,1378.0,1378.0,1378.0,1378.0,1378.0,1378.0,1378.0,1378.0,1378.0,1378.0,1378.0,1378.0,1378.0,1378.0,8.0,0.8,260.31162,255.40594,251.4601,248.77079,247.46271,247.49404,248.68927,250.7854,253.47676,256.4476,259.38815,261.99708,263.97815,265.04093,264.91411,263.37471,260.28984,255.66076,249.65438,242.60846,342.19334605540064,300.5400829377963,5676.84996,696.6853900000006,1230.81088,-65.50595999999999
1379,1379,1379.0,1379.0,1379.0,1379.0,1379.0,1379.0,1379.0,1379.0,1379.0,1379.0,1379.0,1379.0,1379.0,1379.0,1379.0,1379.0,1379.0,1379.0,1379.0,1379.0,1379.0,1379.0,9.0,0.9,326.76893,312.08383,298.7818,287.33597,278.00855,270.84968,265.73043,262.39798,260.5392,259.84064,260.03675,260.9418,262.46371,264.59937,267.41247,270.99671,275.43018,280.73024,286.81982,293.51514,305.56365415713583,217.75419852519752,6373.53535,534.1254899999994,534.1254899999994,-42.15032000000002
1380,1380,1380.0,1380.0,1380.0,1380.0,1380.0,1380.0,1380.0,1380.0,1380.0,1380.0,1380.0,1380.0,1380.0,1380.0,1380.0,1380.0,1380.0,1380.0,1380.0,1380.0,1380.0,1380.0,0.0,0.0,273.0,273.0,273.0,273.0,273.0,273.0,273.0,273.0,273.0,273.0,273.0,273.0,273.0,273.0,273.0,273.0,273.0,273.0,273.0,273.0,200.20684185251469,310.9659955129716,0.0,470.68963,8989.682130000001,-40.0
1381,1381,1381.0,1381.0,1381.0,1381.0,1381.0,1381.0,1381.0,1381.0,1381.0,1381.0,1381.0,1381.0,1381.0,1381.0,1381.0,1381.0,1381.0,1381.0,1381.0,1381.0,1381.0,1381.0,1.0,0.1,212.61482,224.45739,235.24707,244.63459,252.43986,258.65075,263.39555,266.90093,269.44783,271.33513,272.8558,274.28468,275.87375,277.84892,280.4032,283.68404,287.77579,292.68205,298.31429,304.49318,345.864388335693,207.33325056702824,470.68963,493.77107,8518.9925,-54.349249999999984
1382,1382,1382.0,1382.0,1382.0,1382.0,1382.0,1382.0,1382.0,1382.0,1382.0,1382.0,1382.0,1382.0,1382.0,1382.0,1382.0,1382.0,1382.0,1382.0,1382.0,1382.0,1382.0,1382.0,2.0,0.2,329.89672,314.87027,301.58542,290.59412,282.14785,276.20557,272.48927,270.56381,269.91628,270.01656,270.35136,270.43548,269.81106,268.04919,264.76549,259.65462,252.53982,243.42464,232.52891,220.2919,187.0844453317577,205.15697803427588,964.4607,610.68647,8025.22143,-36.79442999999998
1383,1383,1383.0,1383.0,1383.0,1383.0,1383.0,1383.0,1383.0,1383.0,1383.0,1383.0,1383.0,1383.0,1383.0,1383.0,1383.0,1383.0,1383.0,1383.0,1383.0,1383.0,1383.0,1383.0,3.0,0.3,203.82182,219.60689,233.63042,245.33355,254.45563,261.01755,265.25377,267.51792,268.18874,267.59682,265.98271,263.48647,260.1619,256.00581,250.99258,245.10672,238.36841,230.84956,222.67952,214.04089,263.9615112031265,322.0041809417885,1575.14717,792.96867,7414.53496,-51.98244999999997
1384,1384,1384.0,1384.0,1384.0,1384.0,1384.0,1384.0,1384.0,1384.0,1384.0,1384.0,1384.0,1384.0,1384.0,1384.0,1384.0,1384.0,1384.0,1384.0,1384.0,1384.0,1384.0,1384.0,4.0,0.4,261.70032,259.70962,258.20043,257.28153,256.94387,257.0753,257.49954,258.0286,258.51672,258.90601,259.25718,259.76152,260.73169,262.56955,265.71111,270.55231,277.36541,286.22198,296.942,309.08672,214.7304987215077,175.34274074682483,2368.11584,744.73002,6621.56629,-55.92469999999997
1385,1385,1385.0,1385.0,1385.0,1385.0,1385.0,1385.0,1385.0,1385.0,1385.0,1385.0,1385.0,1385.0,1385.0,1385.0,1385.0,1385.0,1385.0,1385.0,1385.0,1385.0,1385.0,1385.0,5.0,0.5,222.15149,229.24506,235.73153,241.41523,246.20113,250.08936,253.15042,255.48734,257.19239,258.30496,258.77695,258.45082,257.05654,254.23293,249.57711,242.72012,233.41851,221.64323,207.64138,191.94896,233.4362442554556,296.366279849764,3112.84586,977.6044700000002,5876.83627,-62.91064
1386,1386,1386.0,1386.0,1386.0,1386.0,1386.0,1386.0,1386.0,1386.0,1386.0,1386.0,1386.0,1386.0,1386.0,1386.0,1386.0,1386.0,1386.0,1386.0,1386.0,1386.0,1386.0,1386.0,6.0,0.6,235.55963,237.6974,239.84972,241.99229,244.07333,246.0185,247.74351,249.17238,250.25928,251.01136,251.50947,251.92264,252.5108,253.60982,255.59476,258.82155,263.55479,269.89645,277.73505,286.73367,184.70273544360987,180.79508850241416,4090.45033,1037.4382,4899.2318,-66.98150000000001
1387,1387,1387.0,1387.0,1387.0,1387.0,1387.0,1387.0,1387.0,1387.0,1387.0,1387.0,1387.0,1387.0,1387.0,1387.0,1387.0,1387.0,1387.0,1387.0,1387.0,1387.0,1387.0,1387.0,7.0,0.7,194.95411,204.80431,213.90469,221.99957,228.94626,234.71202,239.35076,242.96633,245.67027,247.54106,248.59074,248.74365,247.83171,245.61037,241.79746,236.13298,228.4518,218.754,207.25417,194.39198,216.9039692878661,216.4565960836394,5127.88853,1379.6605499999996,3861.793599999999,-78.28798
1388,1388,1388.0,1388.0,1388.0,1388.0,1388.0,1388.0,1388.0,1388.0,1388.0,1388.0,1388.0,1388.0,1388.0,1388.0,1388.0,1388.0,1388.0,1388.0,1388.0,1388.0,1388.0,1388.0,8.0,0.8,218.97434,221.12533,223.41059,225.83676,228.35499,230.86487,233.22894,235.29305,236.90807,237.94921,238.33097,238.0165,237.02128,235.4104,233.28933,230.78832,228.04235,225.17026,222.25794,219.35058,266.99442026885146,291.7847074714888,6507.54908,1403.1929300000002,2482.1330499999995,-82.13513
1389,1389,1389.0,1389.0,1389.0,1389.0,1389.0,1389.0,1389.0,1389.0,1389.0,1389.0,1389.0,1389.0,1389.0,1389.0,1389.0,1389.0,1389.0,1389.0,1389.0,1389.0,1389.0,1389.0,9.0,0.9,260.60487,254.5788,249.2247,244.75414,241.26192,238.73123,237.05997,236.10082,235.70562,235.7659,236.24362,237.18782,238.73479,241.09015,244.49322,249.16668,255.25914,262.79156,271.62151,281.43682,323.9183553607186,271.18255520537565,7910.74201,1078.9401199999993,1078.9401199999993,-74.26876999999999
1390,1390,1390.0,1390.0,1390.0,1390.0,1390.0,1390.0,1390.0,1390.0,1390.0,1390.0,1390.0,1390.0,1390.0,1390.0,1390.0,1390.0,1390.0,1390.0,1390.0,1390.0,1390.0,1390.0,0.0,0.0,273.0,273.0,273.0,273.0,273.0,273.0,273.0,273.0,273.0,273.0,273.0,273.0,273.0,273.0,273.0,273.0,273.0,273.0,273.0,273.0,177.05403499197087,356.665832321676,0.0,467.14579,3802.41539,1.88751000000002
1391,1391,1391.0,1391.0,1391.0,1391.0,1391.0,1391.0,1391.0,1391.0,1391.0,1391.0,1391.0,1391.0,1391.0,1391.0,1391.0,1391.0,1391.0,1391.0,1391.0,1391.0,1391.0,1391.0,1.0,0.1,193.40932,209.02003,223.24456,235.62433,245.92541,254.13806,260.44249,265.15601,268.67841,271.44807,273.91405,276.52207,279.70673,283.8807,289.41275,296.59226,305.58394,316.38361,328.78961,342.40329,246.88941155170767,294.5800693715379,467.14579,475.9229600000001,3335.2696,1.88751000000002
1392,1392,1392.0,1392.0,1392.0,1392.0,1392.0,1392.0,1392.0,1392.0,1392.0,1392.0,1392.0,1392.0,1392.0,1392.0,1392.0,1392.0,1392.0,1392.0,1392.0,1392.0,1392.0,1392.0,2.0,0.2,246.71935,246.8524,247.53793,248.93233,251.0837,253.94162,257.38546,261.25996,265.40658,269.68245,273.9645,278.14164,282.102,285.72362,288.87542,291.43182,293.29898,294.44539,294.92658,294.89371,197.40436513405456,239.49733609925687,943.06875,528.35109,2859.34664,1.88751000000002
1393,1393,1393.0,1393.0,1393.0,1393.0,1393.0,1393.0,1393.0,1393.0,1393.0,1393.0,1393.0,1393.0,1393.0,1393.0,1393.0,1393.0,1393.0,1393.0,1393.0,1393.0,1393.0,1393.0,3.0,0.3,207.34465,216.97669,226.03658,234.33778,241.78509,248.36772,254.13544,259.16491,263.52482,267.24644,270.30436,272.60956,274.01576,274.33899,273.38925,271.01129,267.12876,261.78335,255.15895,247.58251,337.57049356806544,312.9119952733977,1471.41984,607.31333,2330.99555,1.88751000000002
1394,1394,1394.0,1394.0,1394.0,1394.0,1394.0,1394.0,1394.0,1394.0,1394.0,1394.0,1394.0,1394.0,1394.0,1394.0,1394.0,1394.0,1394.0,1394.0,1394.0,1394.0,1394.0,1394.0,4.0,0.4,321.60135,306.59591,293.37417,282.50266,274.24108,268.55132,265.15789,263.63912,263.52514,264.38345,265.88029,267.8138,270.12008,272.85536,276.15837,280.19856,285.11752,290.97453,297.70798,305.1232,358.0741746072533,269.2546491244649,2078.73317,402.3408300000001,1723.68222,1.88751000000002
1395,1395,1395.0,1395.0,1395.0,1395.0,1395.0,1395.0,1395.0,1395.0,1395.0,1395.0,1395.0,1395.0,1395.0,1395.0,1395.0,1395.0,1395.0,1395.0,1395.0,1395.0,1395.0,1395.0,5.0,0.5,344.48166,331.36275,319.14636,308.17975,298.70494,290.85049,284.63733,279.99427,276.77802,274.79308,273.80844,273.57062,273.8145,274.27476,274.70063,274.87522,274.63788,273.90541,272.68568,271.07768,349.41158440631114,233.8592879252915,2481.074,365.1143899999997,1321.34139,1.88751000000002
1396,1396,1396.0,1396.0,1396.0,1396.0,1396.0,1396.0,1396.0,1396.0,1396.0,1396.0,1396.0,1396.0,1396.0,1396.0,1396.0,1396.0,1396.0,1396.0,1396.0,1396.0,1396.0,1396.0,6.0,0.6,340.75534,332.249,324.03855,316.26092,309.0371,302.4636,296.6032,291.47632,287.05434,283.25609,279.94832,276.95103,274.04839,271.00603,267.59449,263.61752,258.94165,253.52152,247.41469,240.7803,294.9763677532185,350.1659444881456,2846.18839,340.32499000000007,956.2270000000004,1.88751000000002
1397,1397,1397.0,1397.0,1397.0,1397.0,1397.0,1397.0,1397.0,1397.0,1397.0,1397.0,1397.0,1397.0,1397.0,1397.0,1397.0,1397.0,1397.0,1397.0,1397.0,1397.0,1397.0,1397.0,7.0,0.7,296.90062,298.49254,299.47371,299.66098,298.98717,297.49957,295.34165,292.72722,289.91678,287.20257,284.90385,283.36831,282.97133,284.10359,287.13962,292.38571,300.01384,309.99672,322.06349,335.69466,261.45902038607585,313.73909268084213,3186.51338,188.13753,615.9020100000002,1.88751000000002
1398,1398,1398.0,1398.0,1398.0,1398.0,1398.0,1398.0,1398.0,1398.0,1398.0,1398.0,1398.0,1398.0,1398.0,1398.0,1398.0,1398.0,1398.0,1398.0,1398.0,1398.0,1398.0,1398.0,8.0,0.8,267.29055,272.79388,277.68786,281.77592,284.9676,287.28148,288.83166,289.80247,290.41766,290.90887,291.48765,292.32316,293.52739,295.14904,297.17679,299.55168,302.18656,304.98852,307.87869,310.80423,369.2374716436434,226.3196192697717,3374.65091,182.3972100000001,427.7644800000003,1.88751000000002
1399,1399,1399.0,1399.0,1399.0,1399.0,1399.0,1399.0,1399.0,1399.0,1399.0,1399.0,1399.0,1399.0,1399.0,1399.0,1399.0,1399.0,1399.0,1399.0,1399.0,1399.0,1399.0,1399.0,9.0,0.9,354.75255,341.011,328.64971,318.11722,309.63301,303.19131,298.60012,295.53838,293.61298,292.40228,291.48108,290.42992,288.83771,286.30849,282.48108,277.06466,269.88613,260.93751,250.40782,238.68497,359.203432903348,303.73555857692565,3557.04812,245.3672700000002,245.3672700000002,1.88751000000002
1400,1400,1400.0,1400.0,1400.0,1400.0,1400.0,1400.0,1400.0,1400.0,1400.0,1400.0,1400.0,1400.0,1400.0,1400.0,1400.0,1400.0,1400.0,1400.0,1400.0,1400.0,1400.0,1400.0,0.0,0.0,273.0,273.0,273.0,273.0,273.0,273.0,273.0,273.0,273.0,273.0,273.0,273.0,273.0,273.0,273.0,273.0,273.0,273.0,273.0,273.0,371.93658708276905,217.89868601597152,0.0,449.08618,3864.255630000001,-40.0
1401,1401,1401.0,1401.0,1401.0,1401.0,1401.0,1401.0,1401.0,1401.0,1401.0,1401.0,1401.0,1401.0,1401.0,1401.0,1401.0,1401.0,1401.0,1401.0,1401.0,1401.0,1401.0,1401.0,1.0,0.1,355.0722,338.97631,324.31127,311.55163,300.94172,292.49735,286.04314,281.26916,277.79041,275.19595,273.08107,271.06358,268.79035,265.94235,262.24528,257.48888,251.55301,244.4337,236.26007,227.29276,257.028064212676,340.1455074818635,449.08618,433.8056,3415.1694500000003,-20.502650000000017
1402,1402,1402.0,1402.0,1402.0,1402.0,1402.0,1402.0,1402.0,1402.0,1402.0,1402.0,1402.0,1402.0,1402.0,1402.0,1402.0,1402.0,1402.0,1402.0,1402.0,1402.0,1402.0,1402.0,2.0,0.2,264.56717,271.47142,277.20871,281.42722,283.99136,284.97312,284.60927,283.24287,281.26832,279.0936,277.12397,275.76243,275.41534,276.4895,279.3696,284.37236,291.68312,301.29053,312.94048,326.12901,337.0208924545225,280.037830849927,882.89178,292.36162,2981.36385,-28.02688000000001
1403,1403,1403.0,1403.0,1403.0,1403.0,1403.0,1403.0,1403.0,1403.0,1403.0,1403.0,1403.0,1403.0,1403.0,1403.0,1403.0,1403.0,1403.0,1403.0,1403.0,1403.0,1403.0,1403.0,3.0,0.3,327.32442,318.08733,309.70181,302.44298,296.44729,291.72109,288.17221,285.65157,283.99161,283.03166,282.62696,282.64362,282.9467,283.38995,283.81473,284.0618,283.99474,283.52827,282.65198,281.43958,338.4908924323857,188.48581520880265,1175.2534,298.61541999999986,2689.00223,-21.27891
1404,1404,1404.0,1404.0,1404.0,1404.0,1404.0,1404.0,1404.0,1404.0,1404.0,1404.0,1404.0,1404.0,1404.0,1404.0,1404.0,1404.0,1404.0,1404.0,1404.0,1404.0,1404.0,1404.0,4.0,0.4,331.43898,324.55988,318.01281,311.93099,306.41126,301.50588,297.21617,293.48724,290.20309,287.18206,284.17413,280.86286,276.8764,271.81206,265.27716,256.94479,246.61734,234.28472,220.16133,204.68712,176.0230462490195,272.82056372292817,1473.86882,435.0314800000001,2390.38681,-11.49412000000001
1405,1405,1405.0,1405.0,1405.0,1405.0,1405.0,1405.0,1405.0,1405.0,1405.0,1405.0,1405.0,1405.0,1405.0,1405.0,1405.0,1405.0,1405.0,1405.0,1405.0,1405.0,1405.0,1405.0,5.0,0.5,197.8846,218.54628,236.97421,252.42793,264.52305,273.22346,278.77674,281.61921,282.27925,281.30086,279.19791,276.43727,273.44081,270.59189,268.23398,266.65446,266.05443,266.51348,267.96295,270.18143,214.5441186490476,286.47170738696644,1908.9003,530.3674899999999,1955.35533,-39.77654000000001
1406,1406,1406.0,1406.0,1406.0,1406.0,1406.0,1406.0,1406.0,1406.0,1406.0,1406.0,1406.0,1406.0,1406.0,1406.0,1406.0,1406.0,1406.0,1406.0,1406.0,1406.0,1406.0,1406.0,6.0,0.6,222.23247,229.80074,237.11857,244.04119,250.41502,256.09271,260.95381,264.92557,267.9984,270.23223,271.75301,272.74001,273.40661,273.9771,274.66223,275.636,277.01597,278.84983,281.11045,283.7012,346.00022781806183,343.32787734843714,2439.26779,485.4960500000002,1424.9878400000002,-56.90728999999999
1407,1407,1407.0,1407.0,1407.0,1407.0,1407.0,1407.0,1407.0,1407.0,1407.0,1407.0,1407.0,1407.0,1407.0,1407.0,1407.0,1407.0,1407.0,1407.0,1407.0,1407.0,1407.0,1407.0,7.0,0.7,329.96158,314.84312,301.43028,290.27104,281.62715,275.48496,271.61528,269.66168,269.23378,269.98654,271.67426,274.17543,277.49021,281.71499,286.9997,293.49457,301.29433,310.38967,320.63612,331.74901,215.722447949954,352.9002037018556,2924.76384,286.34447,939.49179,-37.51504
1408,1408,1408.0,1408.0,1408.0,1408.0,1408.0,1408.0,1408.0,1408.0,1408.0,1408.0,1408.0,1408.0,1408.0,1408.0,1408.0,1408.0,1408.0,1408.0,1408.0,1408.0,1408.0,1408.0,8.0,0.8,227.61598,238.81702,248.75143,257.05297,263.6045,268.5269,272.12638,274.8196,277.05812,279.26767,281.81,284.96648,288.93763,293.8507,299.76859,306.69623,314.58348,323.32606,332.76757,342.70506,218.14104629107635,311.99873792536647,3211.10831,293.21642999999995,653.14732,-44.47309999999999
1409,1409,1409.0,1409.0,1409.0,1409.0,1409.0,1409.0,1409.0,1409.0,1409.0,1409.0,1409.0,1409.0,1409.0,1409.0,1409.0,1409.0,1409.0,1409.0,1409.0,1409.0,1409.0,1409.0,9.0,0.9,225.83087,233.37263,240.63354,247.50935,253.934,259.88407,265.37746,270.46581,275.22182,279.72274,284.03271,288.1871,292.1823,295.97402,299.48632,302.63074,305.33259,307.55826,309.33602,310.76361,236.7047211509868,257.43392328738025,3504.32474,359.9308900000001,359.9308900000001,-53.11592999999999
1410,1410,1410.0,1410.0,1410.0,1410.0,1410.0,1410.0,1410.0,1410.0,1410.0,1410.0,1410.0,1410.0,1410.0,1410.0,1410.0,1410.0,1410.0,1410.0,1410.0,1410.0,1410.0,1410.0,0.0,0.0,273.0,273.0,273.0,273.0,273.0,273.0,273.0,273.0,273.0,273.0,273.0,273.0,273.0,273.0,273.0,273.0,273.0,273.0,273.0,273.0,235.40931021449225,204.69243432708168,0.0,510.30504,8383.27197,-40.0
1411,1411,1411.0,1411.0,1411.0,1411.0,1411.0,1411.0,1411.0,1411.0,1411.0,1411.0,1411.0,1411.0,1411.0,1411.0,1411.0,1411.0,1411.0,1411.0,1411.0,1411.0,1411.0,1411.0,1.0,0.1,241.81466,247.92643,253.49035,258.32134,262.31745,265.45594,267.77415,269.34064,270.22334,270.46048,270.03875,268.88194,266.85221,263.7658,259.42333,253.65249,246.35698,237.56189,227.44366,216.334,370.6397424465477,321.0645185958249,510.30504,591.5384300000001,7872.96693,-47.54406
1412,1412,1412.0,1412.0,1412.0,1412.0,1412.0,1412.0,1412.0,1412.0,1412.0,1412.0,1412.0,1412.0,1412.0,1412.0,1412.0,1412.0,1412.0,1412.0,1412.0,1412.0,1412.0,1412.0,2.0,0.2,352.02565,334.3387,318.36814,304.65996,293.46636,284.75613,278.27576,273.64116,270.43684,268.30362,267.00264,266.45014,266.72133,268.02446,270.64731,274.8821,280.93947,288.86786,298.49778,309.42832,251.02517715475835,223.60619538644147,1101.84347,423.6620700000001,7281.4285,-28.24387000000001
1413,1413,1413.0,1413.0,1413.0,1413.0,1413.0,1413.0,1413.0,1413.0,1413.0,1413.0,1413.0,1413.0,1413.0,1413.0,1413.0,1413.0,1413.0,1413.0,1413.0,1413.0,1413.0,1413.0,3.0,0.3,258.50136,265.36151,271.0958,275.38019,278.11164,279.39423,279.48577,278.72203,277.43792,275.90061,274.26357,272.54476,270.62886,268.29219,265.24792,261.20732,255.94893,249.38294,241.59569,232.86028,228.47934966535385,182.9489928537845,1525.50554,593.46731,6857.76643,-33.60577000000001
1414,1414,1414.0,1414.0,1414.0,1414.0,1414.0,1414.0,1414.0,1414.0,1414.0,1414.0,1414.0,1414.0,1414.0,1414.0,1414.0,1414.0,1414.0,1414.0,1414.0,1414.0,1414.0,1414.0,4.0,0.4,236.3446,243.86361,250.72673,256.68969,261.58919,265.34321,267.93743,269.40204,269.78439,269.12268,267.42554,264.66041,260.75343,255.60141,249.09562,241.15458,231.76045,220.99167,209.04301,196.22639,286.2890189642868,271.6603060816005,2118.97285,785.3401100000001,6264.29912,-47.65679
1415,1415,1415.0,1415.0,1415.0,1415.0,1415.0,1415.0,1415.0,1415.0,1415.0,1415.0,1415.0,1415.0,1415.0,1415.0,1415.0,1415.0,1415.0,1415.0,1415.0,1415.0,1415.0,1415.0,5.0,0.5,281.76006,277.50935,273.76088,270.64376,268.17462,266.26555,264.75358,263.44309,262.15178,260.75191,259.20115,257.55923,255.98811,254.73367,254.08883,254.34054,255.70795,258.28371,261.99317,266.58507,178.29658765587635,181.87831871095767,2904.31296,830.9544999999998,5478.95901,-46.73444999999998
1416,1416,1416.0,1416.0,1416.0,1416.0,1416.0,1416.0,1416.0,1416.0,1416.0,1416.0,1416.0,1416.0,1416.0,1416.0,1416.0,1416.0,1416.0,1416.0,1416.0,1416.0,1416.0,1416.0,6.0,0.6,193.57794,208.07839,221.12594,232.2409,241.17632,247.911,252.60282,255.51857,256.95819,257.18803,256.39233,254.64693,251.91583,248.07009,242.92677,236.3041,228.08486,218.27593,207.04942,194.75238,278.7147591330453,218.2638808250649,3735.26746,1125.51181,4648.00451,-65.089
1417,1417,1417.0,1417.0,1417.0,1417.0,1417.0,1417.0,1417.0,1417.0,1417.0,1417.0,1417.0,1417.0,1417.0,1417.0,1417.0,1417.0,1417.0,1417.0,1417.0,1417.0,1417.0,1417.0,7.0,0.7,271.8777,265.53117,260.07594,255.75557,252.62638,250.56803,249.3267,248.57616,247.98034,247.24525,246.15339,244.57967,242.49128,239.935,237.01556,233.86838,230.63002,227.41121,224.27707,221.23954,194.84552319933684,182.38068319589544,4860.77927,1240.64836,3522.4927,-62.43197000000001
1418,1418,1418.0,1418.0,1418.0,1418.0,1418.0,1418.0,1418.0,1418.0,1418.0,1418.0,1418.0,1418.0,1418.0,1418.0,1418.0,1418.0,1418.0,1418.0,1418.0,1418.0,1418.0,1418.0,8.0,0.8,204.86209,214.33151,222.78347,229.88272,235.45585,239.48403,242.06819,243.37926,243.60698,242.91788,241.42823,239.19304,236.2094,232.43126,227.79251,222.23511,215.7384,208.34453,200.17461,191.43055,319.81437145844615,325.1505391276684,6101.42763,1329.5007800000003,2281.84434,-73.51597000000001
1419,1419,1419.0,1419.0,1419.0,1419.0,1419.0,1419.0,1419.0,1419.0,1419.0,1419.0,1419.0,1419.0,1419.0,1419.0,1419.0,1419.0,1419.0,1419.0,1419.0,1419.0,1419.0,1419.0,9.0,0.9,305.01053,290.97391,278.35195,267.58196,258.85034,252.10656,247.12283,243.58068,241.1636,239.63817,238.9119,239.0619,240.33132,243.09308,247.78223,254.80316,264.42446,276.6817,291.3124,307.74472,186.86510684236865,298.687140216706,7430.92841,952.3435599999992,952.3435599999992,-60.89344
1420,1420,1420.0,1420.0,1420.0,1420.0,1420.0,1420.0,1420.0,1420.0,1420.0,1420.0,1420.0,1420.0,1420.0,1420.0,1420.0,1420.0,1420.0,1420.0,1420.0,1420.0,1420.0,1420.0,0.0,0.0,273.0,273.0,273.0,273.0,273.0,273.0,273.0,273.0,273.0,273.0,273.0,273.0,273.0,273.0,273.0,273.0,273.0,273.0,273.0,273.0,266.9174976793149,272.31663356463184,0.0,451.09179,4393.3903,-40.0
1421,1421,1421.0,1421.0,1421.0,1421.0,1421.0,1421.0,1421.0,1421.0,1421.0,1421.0,1421.0,1421.0,1421.0,1421.0,1421.0,1421.0,1421.0,1421.0,1421.0,1421.0,1421.0,1421.0,1.0,0.1,267.95413,268.94349,269.84474,270.62848,271.27921,271.79518,272.18584,272.46802,272.66184,272.78718,272.86131,272.89762,272.90541,272.89036,272.85549,272.80222,272.73147,272.64456,272.54385,272.43295,259.71387440054764,341.0833584908461,451.09179,430.88467,3942.29851,-41.204819999999984
1422,1422,1422.0,1422.0,1422.0,1422.0,1422.0,1422.0,1422.0,1422.0,1422.0,1422.0,1422.0,1422.0,1422.0,1422.0,1422.0,1422.0,1422.0,1422.0,1422.0,1422.0,1422.0,1422.0,2.0,0.2,261.67748,263.56923,265.32679,266.90525,268.28253,269.46203,270.47373,271.37508,272.25287,273.2267,274.45289,276.12648,278.47735,281.75672,286.21112,292.04464,299.37431,308.18813,318.3175,329.43505,258.7612273679335,274.55629354408296,881.97646,353.27539000000013,3511.41384,-43.53796999999997
1423,1423,1423.0,1423.0,1423.0,1423.0,1423.0,1423.0,1423.0,1423.0,1423.0,1423.0,1423.0,1423.0,1423.0,1423.0,1423.0,1423.0,1423.0,1423.0,1423.0,1423.0,1423.0,1423.0,3.0,0.3,260.50147,262.22594,263.92337,265.59075,267.23559,268.87598,270.53798,272.24988,274.03324,275.89143,277.79714,279.68166,281.42964,282.88353,283.86055,284.18245,283.71406,282.40227,280.30464,277.59725,263.3803429973973,247.58206609314925,1235.25185,400.62226999999984,3158.13845,-44.12401999999997
1424,1424,1424.0,1424.0,1424.0,1424.0,1424.0,1424.0,1424.0,1424.0,1424.0,1424.0,1424.0,1424.0,1424.0,1424.0,1424.0,1424.0,1424.0,1424.0,1424.0,1424.0,1424.0,1424.0,4.0,0.4,264.29159,265.23722,266.24585,267.33544,268.50986,269.75679,271.04685,272.33301,273.54999,274.61356,275.42035,275.84938,275.76692,275.0361,273.53205,271.16157,267.88472,263.73374,258.82402,253.35261,209.7063857030981,371.7783097309747,1635.87412,459.02752999999984,2757.51618,-43.243209999999976
1425,1425,1425.0,1425.0,1425.0,1425.0,1425.0,1425.0,1425.0,1425.0,1425.0,1425.0,1425.0,1425.0,1425.0,1425.0,1425.0,1425.0,1425.0,1425.0,1425.0,1425.0,1425.0,1425.0,5.0,0.5,219.89911,229.67163,238.65972,246.59887,253.34742,258.88787,263.31145,266.79499,269.57962,271.95748,274.26759,276.89666,280.27608,284.8656,291.11602,299.41006,309.98864,322.87914,337.84658,354.38774,298.2053604430332,178.77523940223003,2094.90165,426.28830000000016,2298.48865,-54.11212999999998
1426,1426,1426.0,1426.0,1426.0,1426.0,1426.0,1426.0,1426.0,1426.0,1426.0,1426.0,1426.0,1426.0,1426.0,1426.0,1426.0,1426.0,1426.0,1426.0,1426.0,1426.0,1426.0,1426.0,6.0,0.6,290.68839,283.72614,277.79096,273.20996,270.1343,268.54243,268.26877,269.04254,270.52171,272.31154,273.96608,274.97989,274.78371,272.76034,268.29306,260.84949,250.08994,235.97589,218.84585,199.42834,231.67912096581853,255.40116883457884,2521.18995,579.0913799999998,1872.20035,-44.457569999999976
1427,1427,1427.0,1427.0,1427.0,1427.0,1427.0,1427.0,1427.0,1427.0,1427.0,1427.0,1427.0,1427.0,1427.0,1427.0,1427.0,1427.0,1427.0,1427.0,1427.0,1427.0,1427.0,1427.0,7.0,0.7,238.77943,245.51355,251.56874,256.72458,260.86881,263.98849,266.14301,267.43006,267.9561,267.81967,267.11007,265.91839,264.35365,262.55477,260.69048,258.94328,257.47916,256.41113,255.76834,255.48285,309.2902368750882,348.9401927090396,3100.28133,583.8662000000004,1293.1089700000002,-49.01150999999999
1428,1428,1428.0,1428.0,1428.0,1428.0,1428.0,1428.0,1428.0,1428.0,1428.0,1428.0,1428.0,1428.0,1428.0,1428.0,1428.0,1428.0,1428.0,1428.0,1428.0,1428.0,1428.0,1428.0,8.0,0.8,300.81555,292.80948,285.66762,279.65777,274.89615,271.35774,268.91492,267.39283,266.62799,266.51917,267.06264,268.36771,270.65042,274.20495,279.35388,286.38197,295.4628,306.59227,319.54575,333.87335,282.6432309235961,288.30140815697456,3684.14753,370.17949,709.2427699999998,-41.64226000000002
1429,1429,1429.0,1429.0,1429.0,1429.0,1429.0,1429.0,1429.0,1429.0,1429.0,1429.0,1429.0,1429.0,1429.0,1429.0,1429.0,1429.0,1429.0,1429.0,1429.0,1429.0,1429.0,1429.0,9.0,0.9,281.59901,280.51565,279.37377,278.18799,277.01243,275.93606,275.07002,274.52982,274.41597,274.7959,275.68932,277.05853,278.80591,280.78036,282.79467,284.65333,286.1876,287.2908,287.9446,288.22764,322.2475431198541,255.81517473992488,4054.32702,339.06327999999985,339.06327999999985,-37.06394
1430,1430,1430.0,1430.0,1430.0,1430.0,1430.0,1430.0,1430.0,1430.0,1430.0,1430.0,1430.0,1430.0,1430.0,1430.0,1430.0,1430.0,1430.0,1430.0,1430.0,1430.0,1430.0,1430.0,0.0,0.0,273.0,273.0,273.0,273.0,273.0,273.0,273.0,273.0,273.0,273.0,273.0,273.0,273.0,273.0,273.0,273.0,273.0,273.0,273.0,273.0,175.68571119905351,305.08203821906125,0.0,491.73561,3949.2236400000006,0.6157999999999788
1431,1431,1431.0,1431.0,1431.0,1431.0,1431.0,1431.0,1431.0,1431.0,1431.0,1431.0,1431.0,1431.0,1431.0,1431.0,1431.0,1431.0,1431.0,1431.0,1431.0,1431.0,1431.0,1431.0,1.0,0.1,192.27294,208.10401,222.52665,235.07291,245.50014,253.78859,260.10367,264.73811,268.05109,270.41751,272.19406,273.70183,275.22078,276.98908,279.20126,282.00166,285.47336,289.62609,294.38867,299.6115,370.63691072603865,231.3767608507368,491.73561,526.18658,3457.4880300000004,0.6157999999999788
1432,1432,1432.0,1432.0,1432.0,1432.0,1432.0,1432.0,1432.0,1432.0,1432.0,1432.0,1432.0,1432.0,1432.0,1432.0,1432.0,1432.0,1432.0,1432.0,1432.0,1432.0,1432.0,1432.0,2.0,0.2,349.22254,329.06339,311.22609,296.44504,285.05363,276.99692,271.90929,269.22644,268.29856,268.47952,269.18071,269.89128,270.1764,269.66875,268.06656,265.14538,260.78293,254.98856,247.92461,239.90687,339.92251350525754,284.99678367573483,1017.92219,450.6365599999999,2931.3014500000004,0.6157999999999788
1433,1433,1433.0,1433.0,1433.0,1433.0,1433.0,1433.0,1433.0,1433.0,1433.0,1433.0,1433.0,1433.0,1433.0,1433.0,1433.0,1433.0,1433.0,1433.0,1433.0,1433.0,1433.0,1433.0,3.0,0.3,331.30646,322.84087,314.67684,306.96326,299.83881,293.42003,287.78884,282.98417,279.00151,275.80176,273.32809,271.52659,270.36485,269.84247,269.98901,270.84816,272.45098,274.78541,277.77142,281.25077,268.75787570607525,215.4493538827608,1468.55875,408.73756,2480.6648900000005,0.6157999999999788
1434,1434,1434.0,1434.0,1434.0,1434.0,1434.0,1434.0,1434.0,1434.0,1434.0,1434.0,1434.0,1434.0,1434.0,1434.0,1434.0,1434.0,1434.0,1434.0,1434.0,1434.0,1434.0,1434.0,4.0,0.4,273.68986,278.17567,281.84062,284.43564,285.86231,286.1655,285.49906,284.07547,282.11184,279.78249,277.18494,274.3226,271.10507,267.36589,262.89638,257.49198,251.00469,243.39159,234.7478,225.31341,182.4066896133087,313.828450617155,1877.29631,507.6143199999999,2071.9273300000004,0.6157999999999788
1435,1435,1435.0,1435.0,1435.0,1435.0,1435.0,1435.0,1435.0,1435.0,1435.0,1435.0,1435.0,1435.0,1435.0,1435.0,1435.0,1435.0,1435.0,1435.0,1435.0,1435.0,1435.0,1435.0,5.0,0.5,199.42766,215.63931,230.33444,242.98817,253.30116,261.20218,266.81738,270.42084,272.38238,273.12505,273.09767,272.76084,272.57879,273.00744,274.4703,277.31897,281.78249,287.91689,295.57131,304.38568,330.0872279556632,284.02334793087687,2384.91063,489.0945100000004,1564.3130100000003,0.6157999999999788
1436,1436,1436.0,1436.0,1436.0,1436.0,1436.0,1436.0,1436.0,1436.0,1436.0,1436.0,1436.0,1436.0,1436.0,1436.0,1436.0,1436.0,1436.0,1436.0,1436.0,1436.0,1436.0,1436.0,6.0,0.6,316.65172,304.07037,293.06252,284.11127,277.41808,272.91775,270.34143,269.30415,269.3916,270.22705,271.50898,273.02027,274.6168,276.20625,277.72717,279.13509,280.39809,281.50001,282.44661,283.26942,349.6507888211833,364.2311829403045,2874.00514,330.16653,1075.2185,0.6157999999999788
1437,1437,1437.0,1437.0,1437.0,1437.0,1437.0,1437.0,1437.0,1437.0,1437.0,1437.0,1437.0,1437.0,1437.0,1437.0,1437.0,1437.0,1437.0,1437.0,1437.0,1437.0,1437.0,1437.0,7.0,0.7,337.95201,326.6694,316.17871,306.78247,298.69053,292.01653,286.78957,282.97767,280.51841,279.35145,279.44777,280.83055,283.58318,287.8403,293.7601,301.47992,311.06184,322.44016,335.38523,349.49647,302.36859208721194,271.9987705057518,3204.17167,174.96420999999964,745.05197,0.6157999999999788
1438,1438,1438.0,1438.0,1438.0,1438.0,1438.0,1438.0,1438.0,1438.0,1438.0,1438.0,1438.0,1438.0,1438.0,1438.0,1438.0,1438.0,1438.0,1438.0,1438.0,1438.0,1438.0,1438.0,8.0,0.8,301.83963,301.15453,300.19873,298.92984,297.38986,295.69687,294.01953,292.54108,291.42041,290.7568,290.56319,290.75138,291.13214,291.43266,291.33243,290.51556,288.73262,285.85993,281.94115,277.19744,369.0049790244991,187.15978146580747,3379.13588,236.0570400000001,570.0877600000003,0.6157999999999788
1439,1439,1439.0,1439.0,1439.0,1439.0,1439.0,1439.0,1439.0,1439.0,1439.0,1439.0,1439.0,1439.0,1439.0,1439.0,1439.0,1439.0,1439.0,1439.0,1439.0,1439.0,1439.0,1439.0,9.0,0.9,356.60114,344.7118,333.78196,324.13263,315.93143,309.19023,303.78433,299.4829,295.97982,292.91774,289.903,286.51487,282.31581,276.87065,269.78008,260.72889,249.54261,236.24005,221.06586,204.48895,344.0909536710102,330.01855014648896,3615.19292,334.0307200000002,334.0307200000002,0.6157999999999788
1440,1440,1440.0,1440.0,1440.0,1440.0,1440.0,1440.0,1440.0,1440.0,1440.0,1440.0,1440.0,1440.0,1440.0,1440.0,1440.0,1440.0,1440.0,1440.0,1440.0,1440.0,1440.0,1440.0,0.0,0.0,273.0,273.0,273.0,273.0,273.0,273.0,273.0,273.0,273.0,273.0,273.0,273.0,273.0,273.0,273.0,273.0,273.0,273.0,273.0,273.0,280.2194735781652,334.0532350714856,0.0,413.63633,3871.00704,-40.0
1441,1441,1441.0,1441.0,1441.0,1441.0,1441.0,1441.0,1441.0,1441.0,1441.0,1441.0,1441.0,1441.0,1441.0,1441.0,1441.0,1441.0,1441.0,1441.0,1441.0,1441.0,1441.0,1441.0,1.0,0.1,278.99048,277.81874,276.75448,275.83581,275.0872,274.52197,274.14873,273.98075,274.04705,274.40361,275.14271,276.39796,278.34193,281.17372,285.09464,290.27325,296.80431,304.67034,313.71635,323.64732,233.78701032756905,250.27840386205693,413.63633,351.93963,3457.37071,-38.47802999999999
1442,1442,1442.0,1442.0,1442.0,1442.0,1442.0,1442.0,1442.0,1442.0,1442.0,1442.0,1442.0,1442.0,1442.0,1442.0,1442.0,1442.0,1442.0,1442.0,1442.0,1442.0,1442.0,1442.0,2.0,0.2,240.92629,247.74289,253.96346,259.40173,263.97672,267.70896,270.69785,273.08662,275.02287,276.62148,277.93508,278.93582,279.51148,279.4782,278.61098,276.68984,273.55533,269.16218,263.61711,257.18808,267.6700712293618,294.3423763672074,765.57596,437.52734,3105.43108,-45.29104000000001
1443,1443,1443.0,1443.0,1443.0,1443.0,1443.0,1443.0,1443.0,1443.0,1443.0,1443.0,1443.0,1443.0,1443.0,1443.0,1443.0,1443.0,1443.0,1443.0,1443.0,1443.0,1443.0,1443.0,3.0,0.3,267.07539,266.6359,266.47735,266.6741,267.23946,268.12974,269.25936,270.52254,271.8163,273.06086,274.21475,275.28336,276.32011,277.41962,278.70261,280.29337,282.29274,284.75167,287.65201,290.90095,289.17277607095764,356.4154768973849,1203.1033,373.98115000000007,2667.90374,-44.87025999999997
1444,1444,1444.0,1444.0,1444.0,1444.0,1444.0,1444.0,1444.0,1444.0,1444.0,1444.0,1444.0,1444.0,1444.0,1444.0,1444.0,1444.0,1444.0,1444.0,1444.0,1444.0,1444.0,1444.0,4.0,0.4,285.71285,282.45546,279.57769,277.21192,275.4367,274.27967,273.73082,273.7629,274.35464,275.51264,277.28838,279.78698,283.16513,287.61591,293.34003,300.50538,309.20088,319.39399,330.9033,343.39605,347.095479008147,308.270795738928,1577.08445,221.65375,2293.92259,-38.72032999999999
1445,1445,1445.0,1445.0,1445.0,1445.0,1445.0,1445.0,1445.0,1445.0,1445.0,1445.0,1445.0,1445.0,1445.0,1445.0,1445.0,1445.0,1445.0,1445.0,1445.0,1445.0,1445.0,1445.0,5.0,0.5,335.18877,323.82986,313.5018,304.5726,297.26886,291.67584,287.75887,285.39646,284.4145,284.61329,285.7837,287.71311,290.18571,292.98292,295.88924,298.70644,301.27455,303.49491,305.34755,306.89534,195.2906372027643,365.6661532220899,1798.7382,168.19480999999996,2072.26884,-21.32416000000001
1446,1446,1446.0,1446.0,1446.0,1446.0,1446.0,1446.0,1446.0,1446.0,1446.0,1446.0,1446.0,1446.0,1446.0,1446.0,1446.0,1446.0,1446.0,1446.0,1446.0,1446.0,1446.0,1446.0,6.0,0.6,213.02151,229.80104,244.82627,257.55567,267.76329,275.52863,281.17492,285.18001,288.08572,290.42571,292.68117,295.26305,298.51231,302.70616,308.06014,314.72011,322.74459,332.08358,342.56374,353.88955,251.1917148973762,190.0896203459562,1966.93301,220.87963000000013,1904.07403,-37.47136999999998
1447,1447,1447.0,1447.0,1447.0,1447.0,1447.0,1447.0,1447.0,1447.0,1447.0,1447.0,1447.0,1447.0,1447.0,1447.0,1447.0,1447.0,1447.0,1447.0,1447.0,1447.0,1447.0,1447.0,7.0,0.7,253.82505,256.61811,259.69444,263.11521,266.86877,270.87565,275.00306,279.07974,282.90279,286.23218,288.7748,290.16625,289.96296,287.65835,282.73246,274.73572,263.39535,248.72019,231.07345,211.18514,334.10567961068864,194.2021185316964,2187.81264,406.85707,1683.1944,-42.12434999999999
1448,1448,1448.0,1448.0,1448.0,1448.0,1448.0,1448.0,1448.0,1448.0,1448.0,1448.0,1448.0,1448.0,1448.0,1448.0,1448.0,1448.0,1448.0,1448.0,1448.0,1448.0,1448.0,1448.0,8.0,0.8,323.18281,312.89193,303.76833,296.17478,290.26079,285.96095,283.02655,281.0777,279.66195,278.30809,276.56896,274.05173,270.43792,265.4958,259.0881,251.1759,241.81892,231.1712,219.47168,207.02914,228.53149232003392,190.84332853722103,2594.66971,592.15861,1276.3373299999998,-27.03904999999997
1449,1449,1449.0,1449.0,1449.0,1449.0,1449.0,1449.0,1449.0,1449.0,1449.0,1449.0,1449.0,1449.0,1449.0,1449.0,1449.0,1449.0,1449.0,1449.0,1449.0,1449.0,1449.0,1449.0,9.0,0.9,239.20657,249.22032,258.00524,265.15806,270.47099,273.92098,275.62564,275.78239,274.60835,272.29429,268.97916,264.74498,259.62732,253.63478,246.7712,239.05585,230.53869,221.30933,211.49928,201.27795,280.16156812519495,368.9873620634596,3186.82832,684.1787199999999,684.1787199999999,-39.079020000000014
1450,1450,1450.0,1450.0,1450.0,1450.0,1450.0,1450.0,1450.0,1450.0,1450.0,1450.0,1450.0,1450.0,1450.0,1450.0,1450.0,1450.0,1450.0,1450.0,1450.0,1450.0,1450.0,1450.0,0.0,0.0,273.0,273.0,273.0,273.0,273.0,273.0,273.0,273.0,273.0,273.0,273.0,273.0,273.0,273.0,273.0,273.0,273.0,273.0,273.0,273.0,241.2592034871268,192.3755391839452,0.0,515.42853,5950.88633,-40.0
1451,1451,1451.0,1451.0,1451.0,1451.0,1451.0,1451.0,1451.0,1451.0,1451.0,1451.0,1451.0,1451.0,1451.0,1451.0,1451.0,1451.0,1451.0,1451.0,1451.0,1451.0,1451.0,1451.0,1.0,0.1,246.66718,251.82685,256.52285,260.59765,263.96285,266.59496,268.51795,269.77705,270.4095,270.41723,269.74609,268.27475,265.81689,262.13893,256.99449,250.1732,241.55725,231.17387,219.23004,206.11657,345.35073720599735,299.32508778078704,515.42853,634.88521,5435.4578,-46.40503999999999
1452,1452,1452.0,1452.0,1452.0,1452.0,1452.0,1452.0,1452.0,1452.0,1452.0,1452.0,1452.0,1452.0,1452.0,1452.0,1452.0,1452.0,1452.0,1452.0,1452.0,1452.0,1452.0,1452.0,2.0,0.2,331.31653,317.97936,305.92982,295.57084,287.0786,280.41063,275.35344,271.59424,268.7992,266.68366,265.06454,263.89008,263.24469,263.32854,264.41289,266.77535,270.62431,276.0271,282.85948,290.7925,321.0206533575151,303.68765678568514,1150.31374,443.0669499999999,4800.57259,-32.589369999999974
1453,1453,1453.0,1453.0,1453.0,1453.0,1453.0,1453.0,1453.0,1453.0,1453.0,1453.0,1453.0,1453.0,1453.0,1453.0,1453.0,1453.0,1453.0,1453.0,1453.0,1453.0,1453.0,1453.0,3.0,0.3,315.34541,309.70899,304.16122,298.77018,293.62353,288.82382,284.47998,280.69802,277.57362,275.18816,273.60785,272.88456,273.05627,274.14562,276.15562,279.06313,282.81146,287.30451,292.40439,297.93438,270.562645636017,199.9125918050125,1593.38069,377.49253,4357.50564,-24.176179999999988
1454,1454,1454.0,1454.0,1454.0,1454.0,1454.0,1454.0,1454.0,1454.0,1454.0,1454.0,1454.0,1454.0,1454.0,1454.0,1454.0,1454.0,1454.0,1454.0,1454.0,1454.0,1454.0,1454.0,4.0,0.4,274.17643,277.46861,280.17042,282.10586,283.20987,283.52179,283.15769,282.26896,280.9961,279.42597,277.55868,275.2891,272.40685,268.61781,263.588,257.00691,248.66116,238.50411,226.70298,213.64759,190.22046302805109,200.90404447403264,1970.87322,589.3354800000002,3980.01311,-29.47820999999999
1455,1455,1455.0,1455.0,1455.0,1455.0,1455.0,1455.0,1455.0,1455.0,1455.0,1455.0,1455.0,1455.0,1455.0,1455.0,1455.0,1455.0,1455.0,1455.0,1455.0,1455.0,1455.0,1455.0,5.0,0.5,205.6307,220.31026,233.61917,245.07828,254.40485,261.50974,266.46271,269.43918,270.66341,270.36046,268.7241,265.90253,261.99935,257.08541,251.21609,244.44951,236.86216,228.55956,219.68085,210.39708,296.20909547796754,176.50036776916082,2560.2087,862.6731199999999,3390.67763,-51.49025999999998
1456,1456,1456.0,1456.0,1456.0,1456.0,1456.0,1456.0,1456.0,1456.0,1456.0,1456.0,1456.0,1456.0,1456.0,1456.0,1456.0,1456.0,1456.0,1456.0,1456.0,1456.0,1456.0,1456.0,6.0,0.6,288.60022,281.51232,275.36988,270.42822,266.74055,264.16801,262.424,261.13616,259.9087,258.3716,256.21073,253.17966,249.09871,243.84879,237.36621,229.64224,220.72754,210.73856,199.86121,188.34719,278.82712064826126,257.8655314628869,3422.88182,960.1406199999996,2528.00451,-48.83199000000002
1457,1457,1457.0,1457.0,1457.0,1457.0,1457.0,1457.0,1457.0,1457.0,1457.0,1457.0,1457.0,1457.0,1457.0,1457.0,1457.0,1457.0,1457.0,1457.0,1457.0,1457.0,1457.0,1457.0,7.0,0.7,276.8238,274.78339,272.67376,270.47078,268.15839,265.72664,263.16981,260.48724,257.68919,254.80778,251.91141,249.11807,246.60183,244.58642,243.32201,243.04509,243.92737,246.02477,249.24095,253.31861,356.4745021160607,320.3167493710596,4383.02244,775.6811800000005,1567.8638900000003,-47.273360000000025
1458,1458,1458.0,1458.0,1458.0,1458.0,1458.0,1458.0,1458.0,1458.0,1458.0,1458.0,1458.0,1458.0,1458.0,1458.0,1458.0,1458.0,1458.0,1458.0,1458.0,1458.0,1458.0,1458.0,8.0,0.8,340.99317,326.1063,312.32869,300.03483,289.43048,280.55987,273.34252,267.62759,263.25184,260.08938,258.08581,257.27302,257.76404,259.72923,263.35633,268.79927,276.12322,285.25638,295.96026,307.82824,284.2411278144257,323.31827295581087,5158.70362,463.4011999999993,792.18271,-32.44013000000001
1459,1459,1459.0,1459.0,1459.0,1459.0,1459.0,1459.0,1459.0,1459.0,1459.0,1459.0,1459.0,1459.0,1459.0,1459.0,1459.0,1459.0,1459.0,1459.0,1459.0,1459.0,1459.0,1459.0,9.0,0.9,285.02605,285.49498,285.39697,284.59583,283.09304,281.02161,278.61665,276.17331,274.00338,272.39984,271.6131,271.83866,273.21305,275.81423,279.66319,284.72516,290.91039,298.07563,306.02777,314.53105,279.8241633287325,300.3520218562197,5622.10482,328.7815100000007,328.7815100000007,-31.97838999999999
1460,1460,1460.0,1460.0,1460.0,1460.0,1460.0,1460.0,1460.0,1460.0,1460.0,1460.0,1460.0,1460.0,1460.0,1460.0,1460.0,1460.0,1460.0,1460.0,1460.0,1460.0,1460.0,1460.0,0.0,0.0,273.0,273.0,273.0,273.0,273.0,273.0,273.0,273.0,273.0,273.0,273.0,273.0,273.0,273.0,273.0,273.0,273.0,273.0,273.0,273.0,187.0371972850037,333.96932816231856,0.0,469.35228,3053.33532,-40.0
1461,1461,1461.0,1461.0,1461.0,1461.0,1461.0,1461.0,1461.0,1461.0,1461.0,1461.0,1461.0,1461.0,1461.0,1461.0,1461.0,1461.0,1461.0,1461.0,1461.0,1461.0,1461.0,1461.0,1.0,0.1,201.69036,215.67616,228.41938,239.50839,248.73215,256.07933,261.70677,265.89105,268.9781,271.34221,273.35952,275.39464,277.79432,280.88046,284.93589,290.18034,296.73912,304.61217,313.65418,323.57548,246.8596464100717,286.9840416190069,469.35228,496.01583,2583.98304,-56.92066999999997
1462,1462,1462.0,1462.0,1462.0,1462.0,1462.0,1462.0,1462.0,1462.0,1462.0,1462.0,1462.0,1462.0,1462.0,1462.0,1462.0,1462.0,1462.0,1462.0,1462.0,1462.0,1462.0,1462.0,2.0,0.2,247.15282,247.69177,248.6766,250.22865,252.37763,255.07013,258.19406,261.60953,265.17618,268.77012,272.28831,275.64265,278.74948,281.52128,283.86619,285.69806,286.95561,287.62525,287.75951,287.48337,275.33646254598773,343.2433828022218,965.36811,452.1851700000001,2087.9672100000003,-57.92987
1463,1463,1463.0,1463.0,1463.0,1463.0,1463.0,1463.0,1463.0,1463.0,1463.0,1463.0,1463.0,1463.0,1463.0,1463.0,1463.0,1463.0,1463.0,1463.0,1463.0,1463.0,1463.0,1463.0,3.0,0.3,272.08518,269.11284,266.66235,264.91249,263.96334,263.8371,264.49264,265.84916,267.81391,270.30884,273.29238,276.77336,280.81465,285.52498,291.03802,297.48061,304.93452,313.39975,322.76898,332.82182,285.18310587448616,276.1905191492924,1417.55328,336.45214999999985,1635.78204,-49.16289999999998
1464,1464,1464.0,1464.0,1464.0,1464.0,1464.0,1464.0,1464.0,1464.0,1464.0,1464.0,1464.0,1464.0,1464.0,1464.0,1464.0,1464.0,1464.0,1464.0,1464.0,1464.0,1464.0,1464.0,4.0,0.4,282.11017,279.2267,276.70549,274.68895,273.2801,272.53885,272.48236,273.08728,274.29177,275.99566,278.05901,280.30085,282.50172,284.41412,285.78384,286.3826,286.04798,284.72224,282.479,279.52774,233.84161013162924,320.8934071808592,1754.00543,338.7034700000001,1299.3298900000002,-40.461149999999975
1465,1465,1465.0,1465.0,1465.0,1465.0,1465.0,1465.0,1465.0,1465.0,1465.0,1465.0,1465.0,1465.0,1465.0,1465.0,1465.0,1465.0,1465.0,1465.0,1465.0,1465.0,1465.0,1465.0,5.0,0.5,240.91894,247.6831,253.86989,259.30113,263.90181,267.69603,270.78602,273.3231,275.47921,277.42621,279.32554,281.32683,283.57143,286.19478,289.32312,293.06193,297.47732,302.57549,308.28723,314.46452,216.85948136802185,362.9114486426503,2092.7089,343.90266999999994,960.62642,-45.30396999999999
1466,1466,1466.0,1466.0,1466.0,1466.0,1466.0,1466.0,1466.0,1466.0,1466.0,1466.0,1466.0,1466.0,1466.0,1466.0,1466.0,1466.0,1466.0,1466.0,1466.0,1466.0,1466.0,1466.0,6.0,0.6,224.99456,232.90843,240.40689,247.34485,253.64008,259.27761,264.30616,268.82943,272.99561,276.98756,281.0144,285.30387,290.09291,295.61407,302.07572,309.63637,318.37615,328.27148,339.18019,350.84403,364.5223592803803,336.27886343369335,2436.61157,249.43757000000005,616.7237500000001,-53.72239000000002
1467,1467,1467.0,1467.0,1467.0,1467.0,1467.0,1467.0,1467.0,1467.0,1467.0,1467.0,1467.0,1467.0,1467.0,1467.0,1467.0,1467.0,1467.0,1467.0,1467.0,1467.0,1467.0,1467.0,7.0,0.7,346.09431,328.74629,313.40845,300.74658,291.10583,284.51902,280.76703,279.46761,280.16725,282.41571,285.81323,290.02997,294.8047,299.93245,305.25068,310.63022,315.97308,321.21561,326.33271,331.33831,316.3571472376482,329.2260267881181,2686.04914,112.89897999999994,367.28618000000006,-28.480979999999988
1468,1468,1468.0,1468.0,1468.0,1468.0,1468.0,1468.0,1468.0,1468.0,1468.0,1468.0,1468.0,1468.0,1468.0,1468.0,1468.0,1468.0,1468.0,1468.0,1468.0,1468.0,1468.0,1468.0,8.0,0.8,313.01263,309.67943,306.3937,303.23261,300.31626,297.79506,295.82675,294.55019,294.06294,294.40753,295.56806,297.47628,300.02415,303.07986,306.50449,310.16718,313.95742,317.79339,321.6255,325.43475,181.38193746202708,344.69569317713746,2798.94812,103.33158999999978,254.3872000000001,-15.204940000000022
1469,1469,1469.0,1469.0,1469.0,1469.0,1469.0,1469.0,1469.0,1469.0,1469.0,1469.0,1469.0,1469.0,1469.0,1469.0,1469.0,1469.0,1469.0,1469.0,1469.0,1469.0,1469.0,1469.0,9.0,0.9,201.72416,221.09257,238.65643,253.83805,266.36738,276.27541,283.83746,289.48792,293.7303,297.06165,299.92151,302.66661,305.56605,308.80873,312.51532,316.74882,321.52166,326.79946,332.50403,338.51836,317.8944425715604,230.9135525085729,2902.27971,151.05561000000034,151.05561000000034,-36.72458999999998
1470,1470,1470.0,1470.0,1470.0,1470.0,1470.0,1470.0,1470.0,1470.0,1470.0,1470.0,1470.0,1470.0,1470.0,1470.0,1470.0,1470.0,1470.0,1470.0,1470.0,1470.0,1470.0,1470.0,0.0,0.0,273.0,273.0,273.0,273.0,273.0,273.0,273.0,273.0,273.0,273.0,273.0,273.0,273.0,273.0,273.0,273.0,273.0,273.0,273.0,273.0,304.12396202471706,342.57798385103166,0.0,399.91732,2069.03941,1.0036499999999933
1471,1471,1471.0,1471.0,1471.0,1471.0,1471.0,1471.0,1471.0,1471.0,1471.0,1471.0,1471.0,1471.0,1471.0,1471.0,1471.0,1471.0,1471.0,1471.0,1471.0,1471.0,1471.0,1471.0,1.0,0.1,298.82086,293.76105,289.15546,285.15802,281.85449,279.2661,277.36625,276.10534,275.43856,275.35145,275.87941,277.11785,279.22058,282.38426,286.81825,292.70202,300.13604,309.09608,319.40314,330.71975,218.05234184726643,348.03775088008416,399.91732,274.66493,1669.1220899999998,1.0036499999999933
1472,1472,1472.0,1472.0,1472.0,1472.0,1472.0,1472.0,1472.0,1472.0,1472.0,1472.0,1472.0,1472.0,1472.0,1472.0,1472.0,1472.0,1472.0,1472.0,1472.0,1472.0,1472.0,1472.0,2.0,0.2,229.07444,239.53639,248.96616,257.04775,263.65501,268.84822,272.84001,275.94373,278.51882,280.92421,283.48543,286.47592,290.10913,294.53694,299.85046,306.08078,313.19937,321.11912,329.69785,338.74578,314.5447479714107,345.4958733558812,674.58225,224.06345,1394.45716,1.0036499999999933
1473,1473,1473.0,1473.0,1473.0,1473.0,1473.0,1473.0,1473.0,1473.0,1473.0,1473.0,1473.0,1473.0,1473.0,1473.0,1473.0,1473.0,1473.0,1473.0,1473.0,1473.0,1473.0,1473.0,3.0,0.3,305.91181,297.88049,290.96498,285.52623,281.74201,279.61587,279.01689,279.7353,281.53788,284.21106,287.58584,291.54458,296.01436,300.95269,306.33149,312.12313,318.29086,324.78387,331.5364,338.46974,338.9557570080896,341.0848640597118,898.6457,116.51771999999994,1170.3937099999998,1.0036499999999933
1474,1474,1474.0,1474.0,1474.0,1474.0,1474.0,1474.0,1474.0,1474.0,1474.0,1474.0,1474.0,1474.0,1474.0,1474.0,1474.0,1474.0,1474.0,1474.0,1474.0,1474.0,1474.0,1474.0,4.0,0.4,329.94965,321.34754,313.51369,306.74037,301.22865,297.08395,294.32454,292.89893,292.7069,293.61969,295.49648,298.19603,301.58362,305.5347,309.93642,314.68835,319.70294,324.90581,330.2355,335.64215,267.29424724494896,234.5634051741316,1015.16342,93.33533,1053.87599,1.0036499999999933
1475,1475,1475.0,1475.0,1475.0,1475.0,1475.0,1475.0,1475.0,1475.0,1475.0,1475.0,1475.0,1475.0,1475.0,1475.0,1475.0,1475.0,1475.0,1475.0,1475.0,1475.0,1475.0,1475.0,5.0,0.5,273.45534,279.24792,284.36879,288.62845,291.97101,294.46261,296.25362,297.52562,298.43511,299.06471,299.38898,299.25949,298.41165,296.49482,293.12521,287.95709,280.76273,271.50555,260.38794,247.85743,366.6757299614525,341.9086526002998,1108.49875,157.80056000000013,960.54066,1.0036499999999933
1476,1476,1476.0,1476.0,1476.0,1476.0,1476.0,1476.0,1476.0,1476.0,1476.0,1476.0,1476.0,1476.0,1476.0,1476.0,1476.0,1476.0,1476.0,1476.0,1476.0,1476.0,1476.0,1476.0,6.0,0.6,353.80509,341.59519,330.60766,321.22936,313.6361,307.8,303.53348,300.55546,298.56363,297.29926,296.5959,296.4075,296.81371,298.00166,300.22463,303.74117,308.74303,315.28593,323.24059,332.27963,279.92666599847007,267.45696063725126,1266.29931,111.94269999999985,802.7400999999998,1.0036499999999933
1477,1477,1477.0,1477.0,1477.0,1477.0,1477.0,1477.0,1477.0,1477.0,1477.0,1477.0,1477.0,1477.0,1477.0,1477.0,1477.0,1477.0,1477.0,1477.0,1477.0,1477.0,1477.0,1477.0,7.0,0.7,285.88487,291.3901,296.06687,299.6753,302.13686,303.5246,304.0246,303.88094,303.33833,302.59308,301.75905,300.85098,299.7854,298.39831,296.47816,293.81112,290.23268,285.67597,280.2055,274.02538,369.518744731444,176.0282170031313,1378.24201,187.44832,690.7973999999999,1.0036499999999933
1478,1478,1478.0,1478.0,1478.0,1478.0,1478.0,1478.0,1478.0,1478.0,1478.0,1478.0,1478.0,1478.0,1478.0,1478.0,1478.0,1478.0,1478.0,1478.0,1478.0,1478.0,1478.0,1478.0,8.0,0.8,357.65208,346.35375,336.10532,327.23476,319.88259,314.00365,309.39692,305.74945,302.67988,299.77148,296.59124,292.69881,287.6535,281.02912,272.44375,261.60576,248.37035,232.79304,215.1636,196.00476,254.53664217227976,342.95054858692185,1565.69033,290.44315000000006,503.34908,1.0036499999999933
1479,1479,1479.0,1479.0,1479.0,1479.0,1479.0,1479.0,1479.0,1479.0,1479.0,1479.0,1479.0,1479.0,1479.0,1479.0,1479.0,1479.0,1479.0,1479.0,1479.0,1479.0,1479.0,1479.0,9.0,0.9,265.54919,275.81659,284.70004,291.74807,296.73554,299.6578,300.69083,300.1361,298.36985,295.8104,292.90713,290.14505,288.05093,287.18484,288.10414,291.29607,297.08738,305.55221,316.4465,329.19572,201.3002778496661,243.7515969528832,1856.13348,212.9059299999999,212.9059299999999,1.0036499999999933
1480,1480,1480.0,1480.0,1480.0,1480.0,1480.0,1480.0,1480.0,1480.0,1480.0,1480.0,1480.0,1480.0,1480.0,1480.0,1480.0,1480.0,1480.0,1480.0,1480.0,1480.0,1480.0,1480.0,0.0,0.0,273.0,273.0,273.0,273.0,273.0,273.0,273.0,273.0,273.0,273.0,273.0,273.0,273.0,273.0,273.0,273.0,273.0,273.0,273.0,273.0,220.97198686006567,195.53415363617387,0.0,525.54111,5386.43213,-40.0
1481,1481,1481.0,1481.0,1481.0,1481.0,1481.0,1481.0,1481.0,1481.0,1481.0,1481.0,1481.0,1481.0,1481.0,1481.0,1481.0,1481.0,1481.0,1481.0,1481.0,1481.0,1481.0,1481.0,1.0,0.1,229.83782,238.29766,246.00004,252.68972,258.22731,262.58457,265.81876,268.03423,269.33995,269.81141,269.46216,268.22908,265.97345,262.49929,257.58873,251.05153,242.78157,232.80906,221.33508,208.73629,339.0854544668259,281.58705024297643,525.54111,674.9153299999999,4860.89102,-50.415430000000015
1482,1482,1482.0,1482.0,1482.0,1482.0,1482.0,1482.0,1482.0,1482.0,1482.0,1482.0,1482.0,1482.0,1482.0,1482.0,1482.0,1482.0,1482.0,1482.0,1482.0,1482.0,1482.0,1482.0,2.0,0.2,325.11819,311.90138,300.06784,290.04336,282.0039,275.88515,271.4351,268.29215,266.06887,264.42534,263.12219,262.04925,261.22948,260.79987,260.97174,261.97507,263.99479,267.11075,271.25535,276.20147,307.8662154829045,235.27810805354537,1200.45644,552.2530200000001,4185.97569,-37.11484999999999
1483,1483,1483.0,1483.0,1483.0,1483.0,1483.0,1483.0,1483.0,1483.0,1483.0,1483.0,1483.0,1483.0,1483.0,1483.0,1483.0,1483.0,1483.0,1483.0,1483.0,1483.0,1483.0,1483.0,3.0,0.3,303.6606,299.44251,295.21534,291.0088,286.88055,282.90853,279.1767,275.75777,272.69716,270.00077,267.62815,265.4914,263.46014,261.37306,259.05632,256.34813,253.12687,249.33743,245.00923,240.25943,202.71179244494527,217.29301422707192,1752.70946,619.54943,3633.72267,-30.09147000000001
1484,1484,1484.0,1484.0,1484.0,1484.0,1484.0,1484.0,1484.0,1484.0,1484.0,1484.0,1484.0,1484.0,1484.0,1484.0,1484.0,1484.0,1484.0,1484.0,1484.0,1484.0,1484.0,1484.0,4.0,0.4,216.65153,229.80125,241.48178,251.20996,258.74035,264.05903,267.33785,268.86583,268.97648,267.98616,266.15233,263.65365,260.5895,256.99408,252.85952,248.16316,242.89434,237.0766,230.78155,224.13194,335.4103026043489,207.88595385668023,2372.25889,776.6320799999999,3014.17324,-48.94096999999999
1485,1485,1485.0,1485.0,1485.0,1485.0,1485.0,1485.0,1485.0,1485.0,1485.0,1485.0,1485.0,1485.0,1485.0,1485.0,1485.0,1485.0,1485.0,1485.0,1485.0,1485.0,1485.0,1485.0,5.0,0.5,321.72905,308.79769,297.24325,287.47694,279.65113,273.67072,269.24788,265.97991,263.42808,261.18087,258.89343,256.30362,253.23045,249.56299,245.24723,240.27524,234.67861,228.52517,221.91672,214.98526,262.7461541982433,370.5477925812471,3148.89097,702.0106599999999,2237.54116,-39.32927999999998
1486,1486,1486.0,1486.0,1486.0,1486.0,1486.0,1486.0,1486.0,1486.0,1486.0,1486.0,1486.0,1486.0,1486.0,1486.0,1486.0,1486.0,1486.0,1486.0,1486.0,1486.0,1486.0,1486.0,6.0,0.6,265.72203,268.33864,270.29668,271.40223,271.58839,270.9122,269.53409,267.69118,265.6762,263.82853,262.53764,262.25145,263.47775,266.76517,272.65438,281.59846,293.8635,309.43153,327.93475,348.6472,271.72190137957665,208.4731202616548,3850.90163,495.0958599999999,1535.5305000000003,-42.087800000000016
1487,1487,1487.0,1487.0,1487.0,1487.0,1487.0,1487.0,1487.0,1487.0,1487.0,1487.0,1487.0,1487.0,1487.0,1487.0,1487.0,1487.0,1487.0,1487.0,1487.0,1487.0,1487.0,1487.0,7.0,0.7,271.25777,270.79656,270.34355,269.9091,269.51128,269.17708,268.93995,268.83125,268.86382,269.00833,269.16552,269.14148,268.63554,267.2512,264.53781,260.06342,253.50897,244.76345,233.9931,221.65951,346.9197138482858,332.30410131564685,4345.99749,520.6527000000006,1040.4346400000004,-43.82292000000001
1488,1488,1488.0,1488.0,1488.0,1488.0,1488.0,1488.0,1488.0,1488.0,1488.0,1488.0,1488.0,1488.0,1488.0,1488.0,1488.0,1488.0,1488.0,1488.0,1488.0,1488.0,1488.0,1488.0,8.0,0.8,333.72355,321.11567,309.60302,299.54842,291.13931,284.39188,279.18563,275.3175,272.56314,270.73431,269.72469,269.53847,270.29793,272.22664,275.60706,280.71523,287.74161,296.71428,307.44431,319.51208,256.0607152516163,366.9435884374442,4866.65019,309.60343999999986,519.7819399999998,-28.608119999999985
1489,1489,1489.0,1489.0,1489.0,1489.0,1489.0,1489.0,1489.0,1489.0,1489.0,1489.0,1489.0,1489.0,1489.0,1489.0,1489.0,1489.0,1489.0,1489.0,1489.0,1489.0,1489.0,1489.0,9.0,0.9,262.13767,267.73226,272.44746,276.03666,278.43489,279.75357,280.24614,280.25828,280.17747,280.39227,281.26602,283.1232,286.2431,290.85405,297.12315,305.13975,314.89499,326.26297,338.99131,352.70738,293.7384992253444,261.0844198772504,5176.25363,210.1785,210.1785,-33.246429999999975
1490,1490,1490.0,1490.0,1490.0,1490.0,1490.0,1490.0,1490.0,1490.0,1490.0,1490.0,1490.0,1490.0,1490.0,1490.0,1490.0,1490.0,1490.0,1490.0,1490.0,1490.0,1490.0,1490.0,0.0,0.0,273.0,273.0,273.0,273.0,273.0,273.0,273.0,273.0,273.0,273.0,273.0,273.0,273.0,273.0,273.0,273.0,273.0,273.0,273.0,273.0,318.7101909114372,358.44298566655823,0.0,388.07247,3722.9467,-40.0
1491,1491,1491.0,1491.0,1491.0,1491.0,1491.0,1491.0,1491.0,1491.0,1491.0,1491.0,1491.0,1491.0,1491.0,1491.0,1491.0,1491.0,1491.0,1491.0,1491.0,1491.0,1491.0,1491.0,1.0,0.1,310.92138,303.48959,296.72407,290.85004,285.99171,282.17717,279.36182,277.46358,276.40194,276.13356,276.67907,278.13707,280.68241,284.54669,289.98045,297.19996,306.32614,317.32782,329.98441,343.88107,304.3502729666833,316.8449916293881,388.07247,212.97519,3334.8742300000004,-30.82283000000001
1492,1492,1492.0,1492.0,1492.0,1492.0,1492.0,1492.0,1492.0,1492.0,1492.0,1492.0,1492.0,1492.0,1492.0,1492.0,1492.0,1492.0,1492.0,1492.0,1492.0,1492.0,1492.0,1492.0,2.0,0.2,301.41143,298.51485,295.71189,293.06938,290.67133,288.61569,287.00668,285.94457,285.51434,285.77471,286.74866,288.41645,290.71269,293.5293,296.72553,300.14556,303.64146,307.09702,310.44642,313.68161,198.54667882266727,222.47285796691983,601.04766,225.73119000000008,3121.89904,-24.384310000000028
1493,1493,1493.0,1493.0,1493.0,1493.0,1493.0,1493.0,1493.0,1493.0,1493.0,1493.0,1493.0,1493.0,1493.0,1493.0,1493.0,1493.0,1493.0,1493.0,1493.0,1493.0,1493.0,1493.0,3.0,0.3,214.31342,229.32206,242.92518,254.67062,264.34175,271.94833,277.67595,281.8105,284.65644,286.46475,287.38113,287.41969,286.46353,284.29184,280.63052,275.22088,267.89618,258.65153,247.69012,235.43119,293.20379254859284,306.75144827932627,826.77885,376.7053,2896.1678500000003,-41.05167
1494,1494,1494.0,1494.0,1494.0,1494.0,1494.0,1494.0,1494.0,1494.0,1494.0,1494.0,1494.0,1494.0,1494.0,1494.0,1494.0,1494.0,1494.0,1494.0,1494.0,1494.0,1494.0,1494.0,4.0,0.4,288.09033,283.44276,279.64263,276.92407,275.34598,274.80304,275.06837,275.8542,276.87539,277.90399,278.80757,279.56855,280.28389,281.146,282.40609,284.32324,287.10601,290.85714,295.53475,300.942,339.3092484120742,244.15425256434696,1203.48415,324.98323000000005,2519.46255,-38.19695999999999
1495,1495,1495.0,1495.0,1495.0,1495.0,1495.0,1495.0,1495.0,1495.0,1495.0,1495.0,1495.0,1495.0,1495.0,1495.0,1495.0,1495.0,1495.0,1495.0,1495.0,1495.0,1495.0,1495.0,5.0,0.5,328.83319,318.82841,309.70653,301.77235,295.19808,290.021,286.16084,283.44853,281.65715,280.52778,279.78679,279.15511,278.3537,277.11086,275.17646,272.34526,268.48704,263.57681,257.71528,251.13036,306.85006941185577,236.55739582996665,1528.46738,358.42743999999993,2194.47932,-22.978999999999985
1496,1496,1496.0,1496.0,1496.0,1496.0,1496.0,1496.0,1496.0,1496.0,1496.0,1496.0,1496.0,1496.0,1496.0,1496.0,1496.0,1496.0,1496.0,1496.0,1496.0,1496.0,1496.0,1496.0,6.0,0.6,304.96293,302.99069,300.86938,298.5707,296.10555,293.51629,290.86049,288.19131,285.53989,282.9038,280.24337,277.48576,274.53545,271.28866,267.64977,263.54723,258.94715,253.86259,248.35686,242.53984,234.0267492825037,294.1553478875365,1886.89482,395.9612299999999,1836.05188,-19.483709999999974
1497,1497,1497.0,1497.0,1497.0,1497.0,1497.0,1497.0,1497.0,1497.0,1497.0,1497.0,1497.0,1497.0,1497.0,1497.0,1497.0,1497.0,1497.0,1497.0,1497.0,1497.0,1497.0,1497.0,7.0,0.7,244.16961,253.73023,262.20525,269.2314,274.61699,278.34086,280.52517,281.39361,281.22845,280.33599,279.02504,277.59713,276.34295,275.53794,275.43102,276.22369,278.04177,280.90666,284.71584,289.24194,372.2313068772444,220.3104580953991,2282.85605,386.77966000000015,1440.09065,-34.65913999999998
1498,1498,1498.0,1498.0,1498.0,1498.0,1498.0,1498.0,1498.0,1498.0,1498.0,1498.0,1498.0,1498.0,1498.0,1498.0,1498.0,1498.0,1498.0,1498.0,1498.0,1498.0,1498.0,1498.0,8.0,0.8,355.13205,338.90774,324.30144,311.82392,301.70604,293.90812,288.17466,284.11221,281.26705,279.18473,277.44407,275.66761,273.51811,270.69309,266.92814,262.014,255.82596,248.35693,239.74163,230.25968,326.8015194781635,174.80115233226493,2669.63571,473.29657,1053.31099,-19.091880000000003
1499,1499,1499.0,1499.0,1499.0,1499.0,1499.0,1499.0,1499.0,1499.0,1499.0,1499.0,1499.0,1499.0,1499.0,1499.0,1499.0,1499.0,1499.0,1499.0,1499.0,1499.0,1499.0,1499.0,9.0,0.9,322.70474,318.52239,314.19377,309.69932,305.06262,300.3378,295.58607,290.84809,286.11909,281.33202,276.35161,270.97995,264.97312,258.06778,250.0158,240.62396,229.79379,217.55433,204.07988,189.68604,355.63490136477344,261.8526008953348,3142.93228,580.01442,580.01442,-12.662199999999984
1500,1500,1500.0,1500.0,1500.0,1500.0,1500.0,1500.0,1500.0,1500.0,1500.0,1500.0,1500.0,1500.0,1500.0,1500.0,1500.0,1500.0,1500.0,1500.0,1500.0,1500.0,1500.0,1500.0,0.0,0.0,273.0,273.0,273.0,273.0,273.0,273.0,273.0,273.0,273.0,273.0,273.0,273.0,273.0,273.0,273.0,273.0,273.0,273.0,273.0,273.0,314.23174832246,287.80435587125766,0.0,422.63467,1507.66071,-40.0
1501,1501,1501.0,1501.0,1501.0,1501.0,1501.0,1501.0,1501.0,1501.0,1501.0,1501.0,1501.0,1501.0,1501.0,1501.0,1501.0,1501.0,1501.0,1501.0,1501.0,1501.0,1501.0,1501.0,1.0,0.1,307.2045,300.49815,294.38988,289.07948,284.67267,281.18311,278.55007,276.6652,275.40122,274.63679,274.27395,274.24713,274.52426,275.10147,275.99293,277.21774,278.78589,280.68576,282.87571,285.2821,223.5213500239545,335.8546180606537,422.63467,357.84426999999994,1085.0260400000002,-31.81689
1502,1502,1502.0,1502.0,1502.0,1502.0,1502.0,1502.0,1502.0,1502.0,1502.0,1502.0,1502.0,1502.0,1502.0,1502.0,1502.0,1502.0,1502.0,1502.0,1502.0,1502.0,1502.0,1502.0,2.0,0.2,234.02366,243.94073,252.77692,260.19501,266.04997,270.38469,273.39524,275.3799,276.68725,277.67483,278.68341,280.02549,281.98205,284.80004,288.68424,293.78087,300.15458,307.76527,316.45319,325.94066,325.5106350810653,322.0836208278246,780.47894,288.60077,727.1817700000001,-42.61531000000002
1503,1503,1503.0,1503.0,1503.0,1503.0,1503.0,1503.0,1503.0,1503.0,1503.0,1503.0,1503.0,1503.0,1503.0,1503.0,1503.0,1503.0,1503.0,1503.0,1503.0,1503.0,1503.0,1503.0,3.0,0.3,315.19809,305.51369,296.99315,290.01029,284.74553,281.19574,279.21648,278.58092,279.03817,280.3581,282.35645,284.90071,287.902,291.29988,295.04688,299.09712,303.40089,307.90455,312.55361,317.296,368.4085381071167,358.544842159366,1069.07971,169.08491000000004,438.5810000000001,-31.80426
1504,1504,1504.0,1504.0,1504.0,1504.0,1504.0,1504.0,1504.0,1504.0,1504.0,1504.0,1504.0,1504.0,1504.0,1504.0,1504.0,1504.0,1504.0,1504.0,1504.0,1504.0,1504.0,1504.0,4.0,0.4,354.70872,341.56255,329.46386,318.79919,309.82146,302.64725,297.27514,293.61802,291.54088,290.89669,291.55504,293.42053,296.43962,300.59583,305.89435,312.3383,319.9008,328.4985,337.97353,348.08959,255.01470091737824,335.1065673821655,1238.16462,79.14055000000008,269.4960900000001,-10.352750000000016
1505,1505,1505.0,1505.0,1505.0,1505.0,1505.0,1505.0,1505.0,1505.0,1505.0,1505.0,1505.0,1505.0,1505.0,1505.0,1505.0,1505.0,1505.0,1505.0,1505.0,1505.0,1505.0,1505.0,5.0,0.5,264.60298,273.56448,281.38071,287.7234,292.49219,295.80425,297.94456,299.29448,300.25778,301.19892,302.40199,304.05144,306.23161,308.94002,312.10925,315.63306,319.3931,323.28231,327.22164,331.16718,299.2052148065617,348.3106431391602,1317.30517,57.1252599999998,190.35554,-17.195749999999975
1506,1506,1506.0,1506.0,1506.0,1506.0,1506.0,1506.0,1506.0,1506.0,1506.0,1506.0,1506.0,1506.0,1506.0,1506.0,1506.0,1506.0,1506.0,1506.0,1506.0,1506.0,1506.0,1506.0,6.0,0.6,297.84405,296.67486,295.85831,295.50111,295.64752,296.28586,297.36637,298.82395,300.59938,302.65432,304.97827,307.5878,310.51993,313.82202,317.5398,321.70536,326.32619,331.37681,336.79468,342.4815,263.3082767947667,369.2372541318479,1374.43043,36.78777000000014,133.23028000000022,-16.714139999999986
1507,1507,1507.0,1507.0,1507.0,1507.0,1507.0,1507.0,1507.0,1507.0,1507.0,1507.0,1507.0,1507.0,1507.0,1507.0,1507.0,1507.0,1507.0,1507.0,1507.0,1507.0,1507.0,1507.0,7.0,0.7,269.23724,274.95478,280.28433,285.11084,289.39392,293.16624,296.52022,299.58845,302.52375,305.48316,308.61777,312.06753,315.95877,320.40146,325.48378,331.26319,337.75517,344.92246,352.66875,360.84027,261.73433485832834,348.7765963336615,1411.2182,27.69451000000004,96.44251000000008,-19.833759999999984
1508,1508,1508.0,1508.0,1508.0,1508.0,1508.0,1508.0,1508.0,1508.0,1508.0,1508.0,1508.0,1508.0,1508.0,1508.0,1508.0,1508.0,1508.0,1508.0,1508.0,1508.0,1508.0,1508.0,8.0,0.8,266.77209,271.74939,276.61357,281.32635,285.86821,290.24004,294.46174,298.56807,302.60223,306.60801,310.62144,314.66349,318.73509,322.81596,326.8683,330.84525,334.70283,338.41269,341.97228,345.409,360.9430540516412,303.0754743446845,1438.91271,27.129500000000007,68.74800000000005,-22.75995999999997
1509,1509,1509.0,1509.0,1509.0,1509.0,1509.0,1509.0,1509.0,1509.0,1509.0,1509.0,1509.0,1509.0,1509.0,1509.0,1509.0,1509.0,1509.0,1509.0,1509.0,1509.0,1509.0,1509.0,9.0,0.9,348.6994,337.20753,327.11474,318.88298,312.74769,308.7201,306.62485,306.15723,306.94282,308.58655,310.7048,312.9415,314.97397,316.51621,317.3264,317.22169,316.09908,313.95656,310.90667,307.17438,288.997357251731,325.9039874736879,1466.04221,41.61850000000004,41.61850000000004,-4.279899999999998
1510,1510,1510.0,1510.0,1510.0,1510.0,1510.0,1510.0,1510.0,1510.0,1510.0,1510.0,1510.0,1510.0,1510.0,1510.0,1510.0,1510.0,1510.0,1510.0,1510.0,1510.0,1510.0,1510.0,0.0,0.0,273.0,273.0,273.0,273.0,273.0,273.0,273.0,273.0,273.0,273.0,273.0,273.0,273.0,273.0,273.0,273.0,273.0,273.0,273.0,273.0,240.1412653680664,315.25277082429614,0.0,443.06516,4069.21422,0.1387300000000095
1511,1511,1511.0,1511.0,1511.0,1511.0,1511.0,1511.0,1511.0,1511.0,1511.0,1511.0,1511.0,1511.0,1511.0,1511.0,1511.0,1511.0,1511.0,1511.0,1511.0,1511.0,1511.0,1511.0,1.0,0.1,245.74289,251.0897,255.96238,260.20464,263.73777,266.56102,268.74056,270.39253,271.66576,272.72837,273.75959,274.94585,276.47745,278.54217,281.31257,284.92615,289.46094,294.91192,301.17572,308.05023,228.87089466199703,198.7062915006381,443.06516,485.557,3626.14906,0.1387300000000095
1512,1512,1512.0,1512.0,1512.0,1512.0,1512.0,1512.0,1512.0,1512.0,1512.0,1512.0,1512.0,1512.0,1512.0,1512.0,1512.0,1512.0,1512.0,1512.0,1512.0,1512.0,1512.0,1512.0,2.0,0.2,234.8299,240.62178,246.09793,251.14283,255.68152,259.67854,263.12807,266.03676,268.40117,270.18295,271.28568,271.53858,270.69328,268.43996,264.44651,258.41957,250.17903,239.73001,227.31233,213.40932,208.2379861472076,329.8308732959223,928.62216,677.1733700000001,3140.5920599999995,0.1387300000000095
1513,1513,1513.0,1513.0,1513.0,1513.0,1513.0,1513.0,1513.0,1513.0,1513.0,1513.0,1513.0,1513.0,1513.0,1513.0,1513.0,1513.0,1513.0,1513.0,1513.0,1513.0,1513.0,1513.0,3.0,0.3,216.46432,224.4385,231.93263,238.76238,244.79851,249.97008,254.26223,257.71252,260.41026,262.50103,264.19562,265.77884,267.61074,270.11153,273.72392,278.852,285.78461,294.61939,305.20927,317.15164,354.50231950469515,208.32925899976183,1605.79553,617.08879,2463.4186899999995,0.1387300000000095
1514,1514,1514.0,1514.0,1514.0,1514.0,1514.0,1514.0,1514.0,1514.0,1514.0,1514.0,1514.0,1514.0,1514.0,1514.0,1514.0,1514.0,1514.0,1514.0,1514.0,1514.0,1514.0,1514.0,4.0,0.4,335.98294,318.49268,302.91258,289.86206,279.64289,272.24583,267.40714,264.69118,263.57315,263.50277,263.94031,264.36838,264.29103,263.23518,260.76742,256.53194,250.30568,242.05663,231.98547,220.53109,346.8718976875472,354.3835166975208,2222.88432,522.8866399999997,1846.3299,0.1387300000000095
1515,1515,1515.0,1515.0,1515.0,1515.0,1515.0,1515.0,1515.0,1515.0,1515.0,1515.0,1515.0,1515.0,1515.0,1515.0,1515.0,1515.0,1515.0,1515.0,1515.0,1515.0,1515.0,1515.0,5.0,0.5,335.97972,325.35945,315.2646,305.91361,297.47696,290.07011,283.75471,278.54963,274.45207,271.46702,269.64034,269.08806,270.01215,272.69321,277.45319,284.58858,294.28363,306.52296,321.02871,337.24514,343.7521189777523,296.6661352478965,2745.77096,286.9267,1323.44326,0.1387300000000095
1516,1516,1516.0,1516.0,1516.0,1516.0,1516.0,1516.0,1516.0,1516.0,1516.0,1516.0,1516.0,1516.0,1516.0,1516.0,1516.0,1516.0,1516.0,1516.0,1516.0,1516.0,1516.0,1516.0,6.0,0.6,335.6223,327.6349,319.93145,312.65131,305.92952,299.89369,294.65959,290.32546,286.96469,284.61728,283.28058,282.90118,283.37063,284.52821,286.17348,288.08928,290.0726,291.96694,293.6876,295.23139,372.3404299631524,346.2215245366501,3032.69766,200.9701100000002,1036.51656,0.1387300000000095
1517,1517,1517.0,1517.0,1517.0,1517.0,1517.0,1517.0,1517.0,1517.0,1517.0,1517.0,1517.0,1517.0,1517.0,1517.0,1517.0,1517.0,1517.0,1517.0,1517.0,1517.0,1517.0,1517.0,7.0,0.7,360.7628,349.52471,338.93256,329.23356,320.60197,313.13873,306.88294,301.83097,297.95844,295.24104,293.67087,293.26651,294.07474,296.16312,299.60248,304.4409,310.67269,318.20899,326.85818,336.32354,310.4945656198537,192.68012503735747,3233.66777,155.45566000000008,835.5464499999998,0.1387300000000095
1518,1518,1518.0,1518.0,1518.0,1518.0,1518.0,1518.0,1518.0,1518.0,1518.0,1518.0,1518.0,1518.0,1518.0,1518.0,1518.0,1518.0,1518.0,1518.0,1518.0,1518.0,1518.0,1518.0,8.0,0.8,312.02979,313.261,313.94213,313.92804,313.19214,311.81557,309.95205,307.77708,305.43215,302.97318,300.331,297.29023,293.49218,288.46685,281.69606,272.70418,261.16395,246.99639,230.43834,212.05426,227.4491361529688,222.2279070432397,3389.12343,272.33727999999974,680.0907899999997,0.1387300000000095
1519,1519,1519.0,1519.0,1519.0,1519.0,1519.0,1519.0,1519.0,1519.0,1519.0,1519.0,1519.0,1519.0,1519.0,1519.0,1519.0,1519.0,1519.0,1519.0,1519.0,1519.0,1519.0,1519.0,9.0,0.9,241.49749,254.81321,266.75576,276.84768,284.81001,290.55865,294.16853,295.81983,295.74189,294.16763,291.30536,287.32883,282.38135,276.58747,270.06528,262.93427,255.31662,247.33266,239.09393,230.69797,216.58467290987625,248.3379341761137,3661.46071,407.75351,407.75351,0.1387300000000095
1520,1520,1520.0,1520.0,1520.0,1520.0,1520.0,1520.0,1520.0,1520.0,1520.0,1520.0,1520.0,1520.0,1520.0,1520.0,1520.0,1520.0,1520.0,1520.0,1520.0,1520.0,1520.0,1520.0,0.0,0.0,273.0,273.0,273.0,273.0,273.0,273.0,273.0,273.0,273.0,273.0,273.0,273.0,273.0,273.0,273.0,273.0,273.0,273.0,273.0,273.0,182.96995840442568,257.8700988404265,0.0,511.90121,5172.53697,-40.0
1521,1521,1521.0,1521.0,1521.0,1521.0,1521.0,1521.0,1521.0,1521.0,1521.0,1521.0,1521.0,1521.0,1521.0,1521.0,1521.0,1521.0,1521.0,1521.0,1521.0,1521.0,1521.0,1521.0,1.0,0.1,198.31445,212.95858,226.29763,237.89624,247.52536,255.15832,260.9334,265.0967,267.94122,269.7546,270.78295,271.21212,271.16452,270.70738,269.86824,268.65399,267.07018,265.13767,262.90387,260.44663,233.07781303737048,298.9922893960597,511.90121,663.97423,4660.63576,-57.84168
1522,1522,1522.0,1522.0,1522.0,1522.0,1522.0,1522.0,1522.0,1522.0,1522.0,1522.0,1522.0,1522.0,1522.0,1522.0,1522.0,1522.0,1522.0,1522.0,1522.0,1522.0,1522.0,1522.0,2.0,0.2,235.39591,237.84976,240.53885,243.50057,246.70158,250.04765,253.40789,256.64609,259.65134,262.36197,264.77956,266.97199,269.06619,271.23146,273.65487,276.511,279.92966,283.96738,288.5891,293.66602,196.32369934514023,274.04228875202705,1175.87544,694.0297499999999,3996.66153,-62.95235
1523,1523,1523.0,1523.0,1523.0,1523.0,1523.0,1523.0,1523.0,1523.0,1523.0,1523.0,1523.0,1523.0,1523.0,1523.0,1523.0,1523.0,1523.0,1523.0,1523.0,1523.0,1523.0,1523.0,3.0,0.3,205.38882,214.17477,222.43923,230.00512,236.77478,242.72859,247.91062,252.40663,256.32021,259.75166,262.7824,265.46582,267.8246,269.85405,271.53091,272.82662,273.72313,274.22825,274.38694,274.28482,293.4551493958967,268.6481801079638,1869.90519,739.7943700000001,3302.63178,-70.27141
1524,1524,1524.0,1524.0,1524.0,1524.0,1524.0,1524.0,1524.0,1524.0,1524.0,1524.0,1524.0,1524.0,1524.0,1524.0,1524.0,1524.0,1524.0,1524.0,1524.0,1524.0,1524.0,1524.0,4.0,0.4,284.13349,275.45906,267.98197,262.08087,257.92681,255.48903,254.5747,254.88753,256.08886,257.84819,259.87674,261.94348,263.87746,265.56221,266.92716,267.93981,268.60005,268.93642,269.00312,268.87625,298.9358454724503,247.8757200764977,2609.69956,645.2127599999999,2562.83741,-57.51096999999999
1525,1525,1525.0,1525.0,1525.0,1525.0,1525.0,1525.0,1525.0,1525.0,1525.0,1525.0,1525.0,1525.0,1525.0,1525.0,1525.0,1525.0,1525.0,1525.0,1525.0,1525.0,1525.0,1525.0,5.0,0.5,292.57655,286.46055,280.80871,275.80022,271.55908,268.14746,265.56578,263.75816,262.6215,262.01618,261.77717,261.72484,261.67589,261.4548,260.90668,259.91127,258.39695,256.35215,253.83096,250.9501,308.7926759223204,332.81155422771127,3254.91232,566.6874000000003,1917.62465,-44.852539999999976
1526,1526,1526.0,1526.0,1526.0,1526.0,1526.0,1526.0,1526.0,1526.0,1526.0,1526.0,1526.0,1526.0,1526.0,1526.0,1526.0,1526.0,1526.0,1526.0,1526.0,1526.0,1526.0,1526.0,6.0,0.6,302.50137,296.39288,290.63313,285.35761,280.66382,276.6108,273.22604,270.51839,268.49538,267.18237,266.64071,266.98074,268.36522,270.99852,275.09886,280.8544,288.36946,297.61231,308.37934,320.28887,363.0462367787302,236.5459864169549,3821.59972,392.6114099999995,1350.93725,-36.38920000000002
1527,1527,1527.0,1527.0,1527.0,1527.0,1527.0,1527.0,1527.0,1527.0,1527.0,1527.0,1527.0,1527.0,1527.0,1527.0,1527.0,1527.0,1527.0,1527.0,1527.0,1527.0,1527.0,1527.0,7.0,0.7,348.93943,335.36,322.77459,311.54155,301.88524,293.8942,287.53806,282.69409,279.17336,276.73943,275.11711,273.99409,273.02234,271.82746,270.03272,267.29995,263.38232,258.17742,251.76475,244.41255,213.0280367833559,299.69971268987774,4214.21113,390.43467000000055,958.3258400000004,-19.105799999999988
1528,1528,1528.0,1528.0,1528.0,1528.0,1528.0,1528.0,1528.0,1528.0,1528.0,1528.0,1528.0,1528.0,1528.0,1528.0,1528.0,1528.0,1528.0,1528.0,1528.0,1528.0,1528.0,1528.0,8.0,0.8,228.11085,242.24186,254.61485,264.67983,272.19547,277.21818,280.04049,281.10282,280.90464,279.93481,278.63049,277.36325,276.44323,276.12914,276.6332,278.11447,280.66085,284.26604,288.81172,294.06531,307.8124223264896,362.0062408392277,4604.6458,338.5281500000001,567.8911699999999,-35.78181999999998
1529,1529,1529.0,1529.0,1529.0,1529.0,1529.0,1529.0,1529.0,1529.0,1529.0,1529.0,1529.0,1529.0,1529.0,1529.0,1529.0,1529.0,1529.0,1529.0,1529.0,1529.0,1529.0,1529.0,9.0,0.9,301.06383,294.76512,289.29053,284.88342,281.6349,279.49903,278.33699,277.97582,278.26642,279.12887,280.57838,282.73001,285.7836,289.99176,295.61464,302.86629,311.86,322.56198,334.76427,348.08589,327.77248047552405,195.3162193696813,4943.17395,229.3630199999997,229.3630199999997,-33.500969999999995
1530,1530,1530.0,1530.0,1530.0,1530.0,1530.0,1530.0,1530.0,1530.0,1530.0,1530.0,1530.0,1530.0,1530.0,1530.0,1530.0,1530.0,1530.0,1530.0,1530.0,1530.0,1530.0,1530.0,0.0,0.0,273.0,273.0,273.0,273.0,273.0,273.0,273.0,273.0,273.0,273.0,273.0,273.0,273.0,273.0,273.0,273.0,273.0,273.0,273.0,273.0,318.62864172624336,230.6892107550162,0.0,454.42098,4206.06684,-40.0
1531,1531,1531.0,1531.0,1531.0,1531.0,1531.0,1531.0,1531.0,1531.0,1531.0,1531.0,1531.0,1531.0,1531.0,1531.0,1531.0,1531.0,1531.0,1531.0,1531.0,1531.0,1531.0,1531.0,1.0,0.1,310.85054,303.4265,296.66159,290.77373,285.8739,281.96626,278.96429,276.7157,275.02816,273.68985,272.48249,271.18786,269.59156,267.48875,264.69546,261.06696,256.5209,251.05995,244.78637,237.90189,235.15119650934,322.2250956322248,454.42098,470.60406,3751.645860000001,-31.033740000000023
1532,1532,1532.0,1532.0,1532.0,1532.0,1532.0,1532.0,1532.0,1532.0,1532.0,1532.0,1532.0,1532.0,1532.0,1532.0,1532.0,1532.0,1532.0,1532.0,1532.0,1532.0,1532.0,1532.0,2.0,0.2,243.7969,251.9079,259.02909,264.84571,269.21283,272.15107,273.81618,274.45586,274.36819,273.87178,273.29132,272.95522,273.19707,274.35114,276.7337,280.60752,286.13393,293.32386,302.00367,311.81049,181.67122176151832,256.0351075315789,925.02504,485.90024,3281.0418000000004,-40.84893
1533,1533,1533.0,1533.0,1533.0,1533.0,1533.0,1533.0,1533.0,1533.0,1533.0,1533.0,1533.0,1533.0,1533.0,1533.0,1533.0,1533.0,1533.0,1533.0,1533.0,1533.0,1533.0,1533.0,3.0,0.3,196.22825,210.21054,223.11505,234.56725,244.35247,252.41841,258.85199,263.83887,267.61517,270.42028,272.45704,273.86367,274.69996,274.94954,274.53854,273.3689,271.36092,268.49633,264.85087,260.60609,274.320655395544,359.9874675801462,1410.92528,581.7132000000001,2795.1415600000005,-60.581590000000006
1534,1534,1534.0,1534.0,1534.0,1534.0,1534.0,1534.0,1534.0,1534.0,1534.0,1534.0,1534.0,1534.0,1534.0,1534.0,1534.0,1534.0,1534.0,1534.0,1534.0,1534.0,1534.0,1534.0,4.0,0.4,269.27873,264.73506,261.10383,258.65238,257.47416,257.501,258.54774,260.37534,262.75726,265.53638,268.66447,272.22019,276.40403,281.51014,287.87629,295.81632,305.54437,317.105,330.32675,344.8144,350.0463332694877,177.32390860931514,1992.63848,423.6697899999999,2213.4283600000003,-55.49900000000002
1535,1535,1535.0,1535.0,1535.0,1535.0,1535.0,1535.0,1535.0,1535.0,1535.0,1535.0,1535.0,1535.0,1535.0,1535.0,1535.0,1535.0,1535.0,1535.0,1535.0,1535.0,1535.0,1535.0,5.0,0.5,334.98015,320.65401,307.71634,296.65143,287.73924,281.05,276.46686,273.72289,272.43799,272.14556,272.30567,272.31,271.49013,269.14291,264.58404,257.23216,246.71328,232.96273,216.29436,197.40853,243.71751403774127,360.51126896089215,2416.30827,473.5333599999999,1789.7585700000004,-31.94999999999999
1536,1536,1536.0,1536.0,1536.0,1536.0,1536.0,1536.0,1536.0,1536.0,1536.0,1536.0,1536.0,1536.0,1536.0,1536.0,1536.0,1536.0,1536.0,1536.0,1536.0,1536.0,1536.0,1536.0,6.0,0.6,251.58016,258.87435,265.12341,270.01121,273.41299,275.38608,276.13101,275.94087,275.15723,274.14539,273.29176,273.01623,273.78519,276.10779,280.50169,287.42398,297.17613,309.80528,325.03249,342.23682,368.6790523958143,219.59547431786933,2889.84163,349.7911600000002,1316.2252100000003,-37.61392000000001
1537,1537,1537.0,1537.0,1537.0,1537.0,1537.0,1537.0,1537.0,1537.0,1537.0,1537.0,1537.0,1537.0,1537.0,1537.0,1537.0,1537.0,1537.0,1537.0,1537.0,1537.0,1537.0,1537.0,7.0,0.7,351.99988,336.14505,321.82193,309.53199,299.52838,291.82345,286.23492,282.45024,280.0878,278.73927,277.9877,277.40636,276.55064,274.95862,272.17284,267.78859,261.5227,253.28627,243.23803,231.79611,230.9925751829568,367.2869718077457,3239.63279,340.63297999999986,966.4340500000004,-21.17655000000002
1538,1538,1538.0,1538.0,1538.0,1538.0,1538.0,1538.0,1538.0,1538.0,1538.0,1538.0,1538.0,1538.0,1538.0,1538.0,1538.0,1538.0,1538.0,1538.0,1538.0,1538.0,1538.0,1538.0,8.0,0.8,242.93116,254.07643,263.76003,271.53401,277.21555,280.87706,282.79394,283.37316,283.08564,282.41906,281.85679,281.87755,282.9625,285.59295,290.22555,297.23985,306.86497,319.10293,333.67366,350.00582,229.1197640021126,301.6856749799051,3580.26577,260.15171999999984,625.8010700000004,-32.12294000000003
1539,1539,1539.0,1539.0,1539.0,1539.0,1539.0,1539.0,1539.0,1539.0,1539.0,1539.0,1539.0,1539.0,1539.0,1539.0,1539.0,1539.0,1539.0,1539.0,1539.0,1539.0,1539.0,1539.0,9.0,0.9,236.79366,244.23832,251.24872,257.66508,263.38795,268.38556,272.69237,276.39892,279.63408,282.54155,285.2537,287.86681,290.42238,292.89956,295.2221,297.28057,298.9663,300.20918,301.00875,301.44824,229.3789847819216,185.1919341992106,3840.41749,365.6493500000006,365.6493500000006,-44.61444
1540,1540,1540.0,1540.0,1540.0,1540.0,1540.0,1540.0,1540.0,1540.0,1540.0,1540.0,1540.0,1540.0,1540.0,1540.0,1540.0,1540.0,1540.0,1540.0,1540.0,1540.0,1540.0,1540.0,0.0,0.0,273.0,273.0,273.0,273.0,273.0,273.0,273.0,273.0,273.0,273.0,273.0,273.0,273.0,273.0,273.0,273.0,273.0,273.0,273.0,273.0,353.644874873028,221.867562956548,0.0,450.17087,3011.01175,-40.0
1541,1541,1541.0,1541.0,1541.0,1541.0,1541.0,1541.0,1541.0,1541.0,1541.0,1541.0,1541.0,1541.0,1541.0,1541.0,1541.0,1541.0,1541.0,1541.0,1541.0,1541.0,1541.0,1541.0,1.0,0.1,339.89836,326.77802,314.82368,304.42183,295.77107,288.88316,283.61296,279.70434,276.8381,274.67112,272.86188,271.08337,269.02879,266.41686,263.0029,258.5979,253.09397,246.48954,238.90562,230.58466,307.40602928231306,269.22227762559766,450.17087,467.30525000000006,2560.84088,-24.116840000000025
1542,1542,1542.0,1542.0,1542.0,1542.0,1542.0,1542.0,1542.0,1542.0,1542.0,1542.0,1542.0,1542.0,1542.0,1542.0,1542.0,1542.0,1542.0,1542.0,1542.0,1542.0,1542.0,1542.0,2.0,0.2,305.45661,303.35551,300.98356,298.27742,295.2378,291.92206,288.42553,284.85908,281.33022,277.93294,274.74745,271.84731,269.30896,267.21759,265.66452,264.73416,264.48242,264.91228,265.95467,267.46254,347.42848982572593,276.5948144522819,917.47612,403.75558,2093.5356300000003,-21.07794000000001
1543,1543,1543.0,1543.0,1543.0,1543.0,1543.0,1543.0,1543.0,1543.0,1543.0,1543.0,1543.0,1543.0,1543.0,1543.0,1543.0,1543.0,1543.0,1543.0,1543.0,1543.0,1543.0,1543.0,3.0,0.3,337.95747,328.77691,320.13896,312.22842,305.14906,298.92679,293.52654,288.87644,284.89278,281.50005,278.6435,276.29339,274.44224,273.09699,272.26821,271.95832,272.15065,272.80107,273.83373,275.14199,336.54713469210094,334.377817340641,1321.2317,301.81629,1689.78005,-14.073210000000016
1544,1544,1544.0,1544.0,1544.0,1544.0,1544.0,1544.0,1544.0,1544.0,1544.0,1544.0,1544.0,1544.0,1544.0,1544.0,1544.0,1544.0,1544.0,1544.0,1544.0,1544.0,1544.0,1544.0,4.0,0.4,330.87016,325.22806,319.6617,314.2223,308.97309,303.9886,299.35285,295.15805,291.50549,288.50878,286.29861,285.0262,284.86194,285.98536,288.56421,292.72303,298.50571,305.8402,314.51594,324.18303,193.53202877088447,303.8043224576817,1623.04799,189.32484,1387.96376,-9.01139999999998
1545,1545,1545.0,1545.0,1545.0,1545.0,1545.0,1545.0,1545.0,1545.0,1545.0,1545.0,1545.0,1545.0,1545.0,1545.0,1545.0,1545.0,1545.0,1545.0,1545.0,1545.0,1545.0,1545.0,5.0,0.5,212.80699,231.0348,247.32181,261.04648,271.9189,279.97513,285.51727,289.02148,291.03858,292.10739,292.69217,293.14711,293.70514,294.48547,295.51413,296.75222,298.12725,299.56257,301.00024,302.41311,200.34304084539784,367.9522425475474,1812.37283,244.0683700000002,1198.63892,-33.02487000000002
1546,1546,1546.0,1546.0,1546.0,1546.0,1546.0,1546.0,1546.0,1546.0,1546.0,1546.0,1546.0,1546.0,1546.0,1546.0,1546.0,1546.0,1546.0,1546.0,1546.0,1546.0,1546.0,1546.0,6.0,0.6,212.09298,223.56445,234.49867,244.67487,253.92609,262.15131,269.32298,275.49003,280.77653,285.37676,289.54712,293.59441,297.8593,302.69282,308.4247,315.32414,323.5575,333.15079,343.9674,355.71015,241.769015492782,364.2860065003998,2056.4412,251.6348599999997,954.57055,-50.848689999999976
1547,1547,1547.0,1547.0,1547.0,1547.0,1547.0,1547.0,1547.0,1547.0,1547.0,1547.0,1547.0,1547.0,1547.0,1547.0,1547.0,1547.0,1547.0,1547.0,1547.0,1547.0,1547.0,1547.0,7.0,0.7,244.36376,247.15464,250.30332,253.91187,258.01345,262.57953,267.54005,272.80976,278.31306,284.00184,289.86337,295.91834,302.21128,308.79669,315.72429,323.02617,330.7078,338.74357,347.07707,355.62532,305.7655091008484,218.7471244834377,2308.07606,205.1583800000003,702.9356900000002,-50.42047000000002
1548,1548,1548.0,1548.0,1548.0,1548.0,1548.0,1548.0,1548.0,1548.0,1548.0,1548.0,1548.0,1548.0,1548.0,1548.0,1548.0,1548.0,1548.0,1548.0,1548.0,1548.0,1548.0,1548.0,8.0,0.8,298.57784,291.9455,286.35047,282.1435,279.51211,278.47661,278.90821,280.55837,283.08778,286.08711,289.08756,291.56591,292.95359,292.66102,290.12549,284.88375,276.66013,265.45101,251.58037,235.70354,216.20990198461857,361.08078497481233,2513.23444,263.3637799999997,497.77731,-34.523390000000006
1549,1549,1549.0,1549.0,1549.0,1549.0,1549.0,1549.0,1549.0,1549.0,1549.0,1549.0,1549.0,1549.0,1549.0,1549.0,1549.0,1549.0,1549.0,1549.0,1549.0,1549.0,1549.0,1549.0,9.0,0.9,227.73675,238.7378,248.76561,257.50987,264.82401,270.71769,275.32403,278.85656,281.57133,283.74501,285.67172,287.67306,290.1098,293.38123,297.90099,304.04544,312.08112,322.08856,333.90588,347.11464,292.46579428545124,305.4406481147851,2776.59822,234.41353000000024,234.41353000000024,-42.28231
1550,1550,1550.0,1550.0,1550.0,1550.0,1550.0,1550.0,1550.0,1550.0,1550.0,1550.0,1550.0,1550.0,1550.0,1550.0,1550.0,1550.0,1550.0,1550.0,1550.0,1550.0,1550.0,1550.0,0.0,0.0,273.0,273.0,273.0,273.0,273.0,273.0,273.0,273.0,273.0,273.0,273.0,273.0,273.0,273.0,273.0,273.0,273.0,273.0,273.0,273.0,356.7818093266843,333.158964641127,0.0,388.34193,1674.0966600000002,1.0553800000000138
1551,1551,1551.0,1551.0,1551.0,1551.0,1551.0,1551.0,1551.0,1551.0,1551.0,1551.0,1551.0,1551.0,1551.0,1551.0,1551.0,1551.0,1551.0,1551.0,1551.0,1551.0,1551.0,1551.0,1.0,0.1,342.50338,328.87756,316.46842,305.68356,296.74085,289.6737,284.36862,280.62198,278.20159,276.9006,276.57627,277.16998,278.70825,281.28599,285.03432,290.07706,296.48236,304.21861,313.12526,322.90744,266.3401108420211,360.73710964771647,388.34193,217.52230000000003,1285.75473,1.0553800000000138
1552,1552,1552.0,1552.0,1552.0,1552.0,1552.0,1552.0,1552.0,1552.0,1552.0,1552.0,1552.0,1552.0,1552.0,1552.0,1552.0,1552.0,1552.0,1552.0,1552.0,1552.0,1552.0,1552.0,2.0,0.2,271.72725,276.66362,280.78109,283.85677,285.84211,286.85578,287.14784,287.04894,286.9192,287.10759,287.92655,289.64049,292.46319,296.55748,302.03212,308.93339,317.23276,326.81457,337.4696,348.89983,326.1868837107352,290.0417996449052,605.86423,133.34147999999993,1068.23243,1.0553800000000138
1553,1553,1553.0,1553.0,1553.0,1553.0,1553.0,1553.0,1553.0,1553.0,1553.0,1553.0,1553.0,1553.0,1553.0,1553.0,1553.0,1553.0,1553.0,1553.0,1553.0,1553.0,1553.0,1553.0,3.0,0.3,319.09627,312.39029,306.40229,301.37563,297.44561,294.64335,292.91596,292.15365,292.21397,292.93664,294.14723,295.65291,297.23692,298.65949,299.67132,300.04146,299.59596,298.25817,296.0783,293.24059,241.67577401935333,350.4598557788883,739.20571,125.08300000000008,934.89095,1.0553800000000138
1554,1554,1554.0,1554.0,1554.0,1554.0,1554.0,1554.0,1554.0,1554.0,1554.0,1554.0,1554.0,1554.0,1554.0,1554.0,1554.0,1554.0,1554.0,1554.0,1554.0,1554.0,1554.0,1554.0,4.0,0.4,251.50122,260.81321,269.17857,276.30536,282.07167,286.51958,289.82177,292.23413,294.04916,295.56073,297.04494,298.75501,300.92404,303.76702,307.4753,312.19997,318.02614,324.94492,332.83311,341.45045,332.60130687961714,331.7374854048508,864.28871,93.52213999999992,809.8079499999999,1.0553800000000138
1555,1555,1555.0,1555.0,1555.0,1555.0,1555.0,1555.0,1555.0,1555.0,1555.0,1555.0,1555.0,1555.0,1555.0,1555.0,1555.0,1555.0,1555.0,1555.0,1555.0,1555.0,1555.0,1555.0,5.0,0.5,323.92967,315.81985,308.75072,303.05568,298.89415,296.25981,295.01795,294.95769,295.84374,297.4562,299.61287,302.17476,305.03958,308.12986,311.38174,314.7383,318.14873,321.57187,324.98116,328.36744,359.3250689284253,359.8066293372949,957.81085,60.56715000000008,716.28581,1.0553800000000138
1556,1556,1556.0,1556.0,1556.0,1556.0,1556.0,1556.0,1556.0,1556.0,1556.0,1556.0,1556.0,1556.0,1556.0,1556.0,1556.0,1556.0,1556.0,1556.0,1556.0,1556.0,1556.0,1556.0,6.0,0.6,349.58772,340.25112,331.6746,324.14278,317.84638,312.87921,309.24947,306.90102,305.73922,305.65638,306.55285,308.35165,311.00506,314.49277,318.81195,323.9606,329.91726,336.62131,343.95907,351.7602,293.90652646525,206.804219548598,1018.378,61.23168999999996,655.7186599999999,1.0553800000000138
1557,1557,1557.0,1557.0,1557.0,1557.0,1557.0,1557.0,1557.0,1557.0,1557.0,1557.0,1557.0,1557.0,1557.0,1557.0,1557.0,1557.0,1557.0,1557.0,1557.0,1557.0,1557.0,1557.0,7.0,0.7,298.2199,302.21068,305.61538,308.27315,310.14295,311.29145,311.85597,311.99204,311.81662,311.35679,310.5118,309.03461,306.53826,302.53157,296.4857,287.92751,276.54703,262.29757,245.4623,226.6637,337.99632078390675,248.1312322857684,1079.60969,156.9655499999999,594.4869699999999,1.0553800000000138
1558,1558,1558.0,1558.0,1558.0,1558.0,1558.0,1558.0,1558.0,1558.0,1558.0,1558.0,1558.0,1558.0,1558.0,1558.0,1558.0,1558.0,1558.0,1558.0,1558.0,1558.0,1558.0,1558.0,8.0,0.8,332.9655,328.17298,323.81386,320.00659,316.77614,314.05538,311.70193,309.52447,307.31224,304.86266,302.00425,298.61331,294.62411,290.03171,284.88686,279.2829,273.33628,267.1643,260.86552,254.50836,192.5742351819297,279.4032949852949,1236.57524,203.51331000000005,437.52142,1.0553800000000138
1559,1559,1559.0,1559.0,1559.0,1559.0,1559.0,1559.0,1559.0,1559.0,1559.0,1559.0,1559.0,1559.0,1559.0,1559.0,1559.0,1559.0,1559.0,1559.0,1559.0,1559.0,1559.0,1559.0,9.0,0.9,213.51627,233.36758,251.18585,266.29122,278.32322,287.23491,293.23626,296.70953,298.12143,297.95123,296.64427,294.59051,292.12129,289.51431,286.99836,284.75239,282.8983,281.49083,280.51045,279.86492,257.42225806131665,317.28678553161615,1440.08855,234.00811,234.00811,1.0553800000000138
1560,1560,1560.0,1560.0,1560.0,1560.0,1560.0,1560.0,1560.0,1560.0,1560.0,1560.0,1560.0,1560.0,1560.0,1560.0,1560.0,1560.0,1560.0,1560.0,1560.0,1560.0,1560.0,1560.0,0.0,0.0,273.0,273.0,273.0,273.0,273.0,273.0,273.0,273.0,273.0,273.0,273.0,273.0,273.0,273.0,273.0,273.0,273.0,273.0,273.0,273.0,276.817830601402,204.1338759808298,0.0,488.71922,5907.64306,-40.0
1561,1561,1561.0,1561.0,1561.0,1561.0,1561.0,1561.0,1561.0,1561.0,1561.0,1561.0,1561.0,1561.0,1561.0,1561.0,1561.0,1561.0,1561.0,1561.0,1561.0,1561.0,1561.0,1561.0,1.0,0.1,276.1654,275.5414,274.96949,274.4644,274.02873,273.65062,273.30133,272.93209,272.4695,271.80953,270.81164,269.29544,267.04386,263.81651,259.37582,253.52512,246.15361,237.27877,227.07415,215.87181,233.7600133860884,314.8297639737949,488.71922,594.6692,5418.92384,-39.34938
1562,1562,1562.0,1562.0,1562.0,1562.0,1562.0,1562.0,1562.0,1562.0,1562.0,1562.0,1562.0,1562.0,1562.0,1562.0,1562.0,1562.0,1562.0,1562.0,1562.0,1562.0,1562.0,1562.0,2.0,0.2,240.52741,246.9501,252.72725,257.63585,261.54848,264.43375,266.34371,267.39582,267.75715,267.63586,267.28105,266.98674,267.09271,267.97351,270.00882,273.53383,278.77601,285.79214,294.42427,304.2919,205.5907531574344,223.1114096906041,1083.38842,615.35203,4824.25464,-48.566250000000025
1563,1563,1563.0,1563.0,1563.0,1563.0,1563.0,1563.0,1563.0,1563.0,1563.0,1563.0,1563.0,1563.0,1563.0,1563.0,1563.0,1563.0,1563.0,1563.0,1563.0,1563.0,1563.0,1563.0,3.0,0.3,214.92775,223.92579,232.28591,239.78097,246.27354,251.71745,256.14428,259.63864,262.30702,264.24531,265.50922,266.09233,265.916,264.83561,262.6657,259.22324,254.38273,248.13144,240.60968,232.12192,199.21958059560671,290.5549685004316,1698.74045,817.3950000000002,4208.90261,-61.28254999999999
1564,1564,1564.0,1564.0,1564.0,1564.0,1564.0,1564.0,1564.0,1564.0,1564.0,1564.0,1564.0,1564.0,1564.0,1564.0,1564.0,1564.0,1564.0,1564.0,1564.0,1564.0,1564.0,1564.0,4.0,0.4,207.30862,215.20178,222.71732,229.69955,236.02716,241.61745,246.42756,250.45405,253.73285,256.34063,258.39737,260.06844,261.56271,263.12289,265.00499,267.4465,270.62724,274.63069,279.41695,284.81717,197.47221202637363,268.35856906630084,2516.13545,906.6775199999996,3391.50761,-71.38255000000001
1565,1565,1565.0,1565.0,1565.0,1565.0,1565.0,1565.0,1565.0,1565.0,1565.0,1565.0,1565.0,1565.0,1565.0,1565.0,1565.0,1565.0,1565.0,1565.0,1565.0,1565.0,1565.0,1565.0,5.0,0.5,204.31923,211.05106,217.56016,223.75342,229.55742,234.92157,239.81902,244.24508,248.21351,251.75084,254.88942,257.66024,260.0868,262.18186,263.94813,265.38362,266.49076,267.28704,267.81377,268.13988,302.7750530762403,311.0319333551996,3422.81297,881.4149600000001,2484.8300900000004,-78.07843
1566,1566,1566.0,1566.0,1566.0,1566.0,1566.0,1566.0,1566.0,1566.0,1566.0,1566.0,1566.0,1566.0,1566.0,1566.0,1566.0,1566.0,1566.0,1566.0,1566.0,1566.0,1566.0,1566.0,6.0,0.6,290.74507,279.46915,269.59246,261.56772,255.61456,251.72628,249.71589,249.28516,250.09814,251.84449,254.28366,257.26726,260.74111,264.73012,269.31044,274.57318,280.5854,287.35511,294.8076,302.7793,295.5044900058667,366.9197729502124,4304.22793,581.9495699999998,1603.4151300000003,-61.27372
1567,1567,1567.0,1567.0,1567.0,1567.0,1567.0,1567.0,1567.0,1567.0,1567.0,1567.0,1567.0,1567.0,1567.0,1567.0,1567.0,1567.0,1567.0,1567.0,1567.0,1567.0,1567.0,1567.0,7.0,0.7,289.41256,283.52521,278.03801,273.12918,268.95278,265.63446,263.27121,261.93559,261.68455,262.5718,264.6609,268.03574,272.80401,279.0899,287.01405,296.66166,308.04386,321.06101,335.47875,350.92608,372.2019516615974,336.8977122439251,4886.1775,305.4856600000003,1021.4655600000006,-47.36554000000001
1568,1568,1568.0,1568.0,1568.0,1568.0,1568.0,1568.0,1568.0,1568.0,1568.0,1568.0,1568.0,1568.0,1568.0,1568.0,1568.0,1568.0,1568.0,1568.0,1568.0,1568.0,1568.0,1568.0,8.0,0.8,354.88134,338.30473,323.13151,309.87066,298.84631,290.19808,283.90943,279.85194,277.83186,277.62809,279.01642,281.77986,285.70923,290.6,296.25073,302.46667,309.06884,315.90601,322.86489,329.87397,214.49848020307,175.78555463951454,5191.66316,239.17771,715.9799000000003,-22.80192
1569,1569,1569.0,1569.0,1569.0,1569.0,1569.0,1569.0,1569.0,1569.0,1569.0,1569.0,1569.0,1569.0,1569.0,1569.0,1569.0,1569.0,1569.0,1569.0,1569.0,1569.0,1569.0,1569.0,9.0,0.9,229.28277,243.16652,255.39766,265.48392,273.24157,278.77525,282.40058,284.53379,285.57504,285.80819,285.33158,284.02689,281.56862,277.47356,271.18694,262.19684,250.16083,235.02102,217.07925,197.008,211.0711619406558,305.908204859633,5430.84087,476.80219000000034,476.80219000000034,-34.22474999999997
1570,1570,1570.0,1570.0,1570.0,1570.0,1570.0,1570.0,1570.0,1570.0,1570.0,1570.0,1570.0,1570.0,1570.0,1570.0,1570.0,1570.0,1570.0,1570.0,1570.0,1570.0,1570.0,1570.0,0.0,0.0,273.0,273.0,273.0,273.0,273.0,273.0,273.0,273.0,273.0,273.0,273.0,273.0,273.0,273.0,273.0,273.0,273.0,273.0,273.0,273.0,201.71834335703488,180.6908366973641,0.0,549.0096,5170.66895,-40.0
1571,1571,1571.0,1571.0,1571.0,1571.0,1571.0,1571.0,1571.0,1571.0,1571.0,1571.0,1571.0,1571.0,1571.0,1571.0,1571.0,1571.0,1571.0,1571.0,1571.0,1571.0,1571.0,1571.0,1.0,0.1,213.86541,225.4565,236.01052,245.17846,252.77077,258.7513,263.20311,266.27674,268.13367,268.89555,268.60685,267.21539,264.57325,260.45915,254.62163,246.8391,236.98815,225.10654,211.43483,196.42239,263.06699529612274,322.52147051581795,549.0096,769.9544300000001,4621.65935,-54.24869999999999
1572,1572,1572.0,1572.0,1572.0,1572.0,1572.0,1572.0,1572.0,1572.0,1572.0,1572.0,1572.0,1572.0,1572.0,1572.0,1572.0,1572.0,1572.0,1572.0,1572.0,1572.0,1572.0,1572.0,2.0,0.2,261.07918,259.34315,258.05729,257.32716,257.14969,257.42374,257.98287,258.64196,259.248,259.72672,260.11835,260.59728,261.47078,263.15228,266.10699,270.77259,277.46555,286.29155,297.08378,309.39027,223.88415807199368,261.04348773683523,1318.96403,666.3677499999999,3851.70492,-55.57625999999999
1573,1573,1573.0,1573.0,1573.0,1573.0,1573.0,1573.0,1573.0,1573.0,1573.0,1573.0,1573.0,1573.0,1573.0,1573.0,1573.0,1573.0,1573.0,1573.0,1573.0,1573.0,1573.0,1573.0,3.0,0.3,229.78878,235.4416,240.62888,245.20432,249.10366,252.34273,255.00172,257.20068,259.07168,260.73268,262.26595,263.7033,265.01959,266.13642,266.93722,267.29328,267.0975,266.29891,264.9287,263.10968,355.1626373738581,365.2811335022802,1985.33178,600.1844900000001,3185.33717,-60.65727000000001
1574,1574,1574.0,1574.0,1574.0,1574.0,1574.0,1574.0,1574.0,1574.0,1574.0,1574.0,1574.0,1574.0,1574.0,1574.0,1574.0,1574.0,1574.0,1574.0,1574.0,1574.0,1574.0,1574.0,4.0,0.4,337.18046,320.14066,304.85254,291.89077,281.54677,273.83878,268.57063,265.41945,264.02975,264.09554,265.41881,267.93939,271.73536,276.99572,283.96827,292.88886,303.90201,316.98802,331.91414,348.22518,180.4716543004884,244.1029741134406,2585.51627,387.17058,2585.15268,-39.161220000000014
1575,1575,1575.0,1575.0,1575.0,1575.0,1575.0,1575.0,1575.0,1575.0,1575.0,1575.0,1575.0,1575.0,1575.0,1575.0,1575.0,1575.0,1575.0,1575.0,1575.0,1575.0,1575.0,1575.0,5.0,0.5,198.27866,215.07546,230.01669,242.5464,252.4551,259.86251,265.13949,268.79509,271.3575,273.27216,274.83073,276.13596,277.10194,277.48669,276.95276,275.14889,271.80148,266.7994,260.25239,252.50583,299.7656165233946,302.9283699024736,2972.68685,517.76143,2197.9821,-53.137490000000014
1576,1576,1576.0,1576.0,1576.0,1576.0,1576.0,1576.0,1576.0,1576.0,1576.0,1576.0,1576.0,1576.0,1576.0,1576.0,1576.0,1576.0,1576.0,1576.0,1576.0,1576.0,1576.0,1576.0,6.0,0.6,291.38721,283.6388,277.04626,271.95309,268.48554,266.56473,265.95656,266.34194,267.3888,268.81142,270.40959,272.08605,273.84465,275.77266,278.01074,280.71426,284.01103,287.96234,292.53581,297.59769,347.87041145312537,310.44045227549327,3490.44828,380.31016,1680.2206700000002,-46.43527
1577,1577,1577.0,1577.0,1577.0,1577.0,1577.0,1577.0,1577.0,1577.0,1577.0,1577.0,1577.0,1577.0,1577.0,1577.0,1577.0,1577.0,1577.0,1577.0,1577.0,1577.0,1577.0,1577.0,7.0,0.7,334.91742,322.52062,311.17085,301.24187,292.96216,286.41296,281.54917,278.23483,276.28357,275.49568,275.68627,276.70229,278.42865,280.78535,283.71808,287.18527,291.14411,295.5384,300.29044,305.29851,239.3855078777661,187.8502795558913,3870.75844,334.6602500000004,1299.9105100000002,-26.58704
1578,1578,1578.0,1578.0,1578.0,1578.0,1578.0,1578.0,1578.0,1578.0,1578.0,1578.0,1578.0,1578.0,1578.0,1578.0,1578.0,1578.0,1578.0,1578.0,1578.0,1578.0,1578.0,1578.0,8.0,0.8,248.73325,257.46781,265.07699,271.22515,275.78603,278.82853,280.56346,281.26772,281.2042,280.55265,279.36173,277.5272,274.79853,270.81406,265.16302,257.4687,247.48134,235.16298,220.7433,204.72794,215.7674828210794,344.5947735761391,4205.41869,505.5026399999997,965.2502599999998,-34.17147
1579,1579,1579.0,1579.0,1579.0,1579.0,1579.0,1579.0,1579.0,1579.0,1579.0,1579.0,1579.0,1579.0,1579.0,1579.0,1579.0,1579.0,1579.0,1579.0,1579.0,1579.0,1579.0,1579.0,9.0,0.9,225.52627,234.9056,243.56393,251.22852,257.71466,262.93238,266.88326,269.65299,271.40498,272.37908,272.89515,273.35706,274.24876,276.11255,279.50193,284.90799,292.66839,302.87825,315.32848,329.49544,316.05253858706885,212.22659543066908,4710.92133,459.7476200000001,459.7476200000001,-50.06761999999998
1580,1580,1580.0,1580.0,1580.0,1580.0,1580.0,1580.0,1580.0,1580.0,1580.0,1580.0,1580.0,1580.0,1580.0,1580.0,1580.0,1580.0,1580.0,1580.0,1580.0,1580.0,1580.0,1580.0,0.0,0.0,273.0,273.0,273.0,273.0,273.0,273.0,273.0,273.0,273.0,273.0,273.0,273.0,273.0,273.0,273.0,273.0,273.0,273.0,273.0,273.0,315.4539521231262,256.96090970312497,0.0,439.45907,3100.4069199999994,-40.0
1581,1581,1581.0,1581.0,1581.0,1581.0,1581.0,1581.0,1581.0,1581.0,1581.0,1581.0,1581.0,1581.0,1581.0,1581.0,1581.0,1581.0,1581.0,1581.0,1581.0,1581.0,1581.0,1581.0,1.0,0.1,308.21762,301.31114,295.01899,289.54521,284.99547,281.37798,278.61992,276.59245,275.13709,274.08759,273.28451,272.5827,271.85381,270.98694,269.89029,268.49511,266.76191,264.68698,262.30653,259.6957,287.62611305451514,366.5282202159281,439.45907,377.82051,2660.94785,-31.62202000000002
1582,1582,1582.0,1582.0,1582.0,1582.0,1582.0,1582.0,1582.0,1582.0,1582.0,1582.0,1582.0,1582.0,1582.0,1582.0,1582.0,1582.0,1582.0,1582.0,1582.0,1582.0,1582.0,1582.0,2.0,0.2,287.21402,286.70004,286.0044,285.08618,283.95133,282.65211,281.28082,279.96267,278.85221,278.13559,278.0376,278.82875,280.8254,284.37508,289.82162,297.45021,307.41973,319.69734,334.01432,349.8608,366.4311077793641,246.89594615176964,817.27958,230.81724,2283.1273399999995,-30.347890000000007
1583,1583,1583.0,1583.0,1583.0,1583.0,1583.0,1583.0,1583.0,1583.0,1583.0,1583.0,1583.0,1583.0,1583.0,1583.0,1583.0,1583.0,1583.0,1583.0,1583.0,1583.0,1583.0,1583.0,3.0,0.3,352.23585,338.66462,326.26228,315.43359,306.41244,299.26357,293.90942,290.16898,287.79465,286.49717,285.95545,285.81525,285.68601,285.14726,283.77368,281.18209,277.09457,271.40337,264.21767,255.87342,186.11977172841213,354.7840929192004,1048.09682,237.78971,2052.3101,-13.736429999999984
1584,1584,1584.0,1584.0,1584.0,1584.0,1584.0,1584.0,1584.0,1584.0,1584.0,1584.0,1584.0,1584.0,1584.0,1584.0,1584.0,1584.0,1584.0,1584.0,1584.0,1584.0,1584.0,1584.0,4.0,0.4,206.77908,226.27205,243.60799,258.10582,269.45838,277.72103,283.24014,286.55028,288.2712,289.02827,289.40659,289.93598,291.09418,293.31206,296.96644,302.35354,309.64566,318.84305,329.73916,341.91663,297.1039747671905,344.1869977594968,1285.88653,198.7260000000001,1814.52039,-35.278970000000015
1585,1585,1585.0,1585.0,1585.0,1585.0,1585.0,1585.0,1585.0,1585.0,1585.0,1585.0,1585.0,1585.0,1585.0,1585.0,1585.0,1585.0,1585.0,1585.0,1585.0,1585.0,1585.0,1585.0,5.0,0.5,291.85292,287.11067,283.29901,280.68898,279.3758,279.29508,280.27065,282.07699,284.49801,287.36898,290.59546,294.15084,298.05825,302.36534,307.119,312.34561,318.03921,324.1578,330.62608,337.34234,258.0567866228614,294.56594093796207,1484.61253,142.55071999999996,1615.7943899999998,-33.704920000000016
1586,1586,1586.0,1586.0,1586.0,1586.0,1586.0,1586.0,1586.0,1586.0,1586.0,1586.0,1586.0,1586.0,1586.0,1586.0,1586.0,1586.0,1586.0,1586.0,1586.0,1586.0,1586.0,1586.0,6.0,0.6,262.40443,266.60163,270.52822,274.11639,277.35913,280.30373,283.03335,285.64193,288.20855,290.77567,293.33459,295.81949,298.11085,300.04885,301.4565,302.17088,302.07847,301.14776,299.45099,297.16767,238.863799874223,181.3006626450149,1627.16325,237.9638399999999,1473.2436699999998,-32.69627000000003
1587,1587,1587.0,1587.0,1587.0,1587.0,1587.0,1587.0,1587.0,1587.0,1587.0,1587.0,1587.0,1587.0,1587.0,1587.0,1587.0,1587.0,1587.0,1587.0,1587.0,1587.0,1587.0,1587.0,7.0,0.7,245.70826,252.36485,258.66715,264.48606,269.73586,274.36893,278.36013,281.6837,284.2866,286.06282,286.83311,286.33549,284.23171,280.13466,273.65881,264.4908,252.47039,237.66487,220.4167,201.34621,350.0246965846651,260.0307715753137,1865.12709,425.10040000000026,1235.27983,-38.63107000000002
1588,1588,1588.0,1588.0,1588.0,1588.0,1588.0,1588.0,1588.0,1588.0,1588.0,1588.0,1588.0,1588.0,1588.0,1588.0,1588.0,1588.0,1588.0,1588.0,1588.0,1588.0,1588.0,1588.0,8.0,0.8,336.46075,323.64499,312.20804,302.57254,294.90818,289.13742,284.98375,282.04606,279.88033,278.07338,276.29905,274.35257,272.16266,269.782,267.35815,265.08837,263.16489,261.72088,260.78957,260.2879,228.5201083498374,288.3022684043852,2290.22749,407.60608999999977,810.1794299999997,-23.86257999999998
1589,1589,1589.0,1589.0,1589.0,1589.0,1589.0,1589.0,1589.0,1589.0,1589.0,1589.0,1589.0,1589.0,1589.0,1589.0,1589.0,1589.0,1589.0,1589.0,1589.0,1589.0,1589.0,1589.0,9.0,0.9,240.00861,250.76634,260.1739,267.80768,273.47957,277.22824,279.27203,279.94213,279.61574,278.66383,277.41996,276.16869,275.14674,274.54832,274.52756,275.19424,276.60336,278.74262,281.52397,284.7848,287.1337991796182,274.3764766051384,2697.83358,402.5733399999999,402.5733399999999,-35.77175999999997
1590,1590,1590.0,1590.0,1590.0,1590.0,1590.0,1590.0,1590.0,1590.0,1590.0,1590.0,1590.0,1590.0,1590.0,1590.0,1590.0,1590.0,1590.0,1590.0,1590.0,1590.0,1590.0,1590.0,0.0,0.0,273.0,273.0,273.0,273.0,273.0,273.0,273.0,273.0,273.0,273.0,273.0,273.0,273.0,273.0,273.0,273.0,273.0,273.0,273.0,273.0,348.2387448707958,223.35155710072644,0.0,450.49265,2592.19934,1.871379999999988
1591,1591,1591.0,1591.0,1591.0,1591.0,1591.0,1591.0,1591.0,1591.0,1591.0,1591.0,1591.0,1591.0,1591.0,1591.0,1591.0,1591.0,1591.0,1591.0,1591.0,1591.0,1591.0,1591.0,1.0,0.1,335.41367,323.17278,312.01965,302.31475,294.24315,287.81546,282.89563,279.24363,276.55997,274.52195,272.80731,271.10614,269.12627,266.59864,263.28836,259.0136,253.67062,247.25847,239.89494,231.8156,330.9125492858773,372.9395917923888,450.49265,409.58807,2141.70669,1.871379999999988
1592,1592,1592.0,1592.0,1592.0,1592.0,1592.0,1592.0,1592.0,1592.0,1592.0,1592.0,1592.0,1592.0,1592.0,1592.0,1592.0,1592.0,1592.0,1592.0,1592.0,1592.0,1592.0,1592.0,2.0,0.2,324.69363,318.53522,312.50172,306.66344,301.09599,295.87816,291.09097,286.82117,283.17165,280.27882,278.33373,277.60019,278.42041,281.19837,286.35434,294.25081,305.10027,318.8751,335.24522,353.56752,342.91093702211924,284.60777729385086,860.08072,202.26279999999983,1732.1186200000002,1.871379999999988
1593,1593,1593.0,1593.0,1593.0,1593.0,1593.0,1593.0,1593.0,1593.0,1593.0,1593.0,1593.0,1593.0,1593.0,1593.0,1593.0,1593.0,1593.0,1593.0,1593.0,1593.0,1593.0,1593.0,3.0,0.3,335.43078,328.12766,321.16761,314.69711,308.83857,303.6897,299.3248,295.79546,293.12801,291.31615,290.30969,290.00244,290.22457,290.7455,291.29235,291.58506,291.38396,290.53936,289.02941,286.97264,363.1658973100726,191.3723588380196,1062.34352,226.9022300000001,1529.8558200000002,1.871379999999988
1594,1594,1594.0,1594.0,1594.0,1594.0,1594.0,1594.0,1594.0,1594.0,1594.0,1594.0,1594.0,1594.0,1594.0,1594.0,1594.0,1594.0,1594.0,1594.0,1594.0,1594.0,1594.0,1594.0,4.0,0.4,353.73424,344.56769,335.90407,327.93137,320.77294,314.48101,309.03648,304.35178,300.27351,296.5832,292.997,289.16802,284.69654,279.15395,272.12386,263.25923,252.34801,239.37354,224.55293,208.3381,325.84622747415006,279.2287465977095,1289.24575,332.10553000000004,1302.95359,1.871379999999988
1595,1595,1595.0,1595.0,1595.0,1595.0,1595.0,1595.0,1595.0,1595.0,1595.0,1595.0,1595.0,1595.0,1595.0,1595.0,1595.0,1595.0,1595.0,1595.0,1595.0,1595.0,1595.0,1595.0,5.0,0.5,324.57249,323.10378,321.27572,318.97719,316.15979,312.83375,309.05427,304.90479,300.48407,295.9015,291.28121,286.77164,282.55408,278.84243,275.86797,273.84723,272.93695,273.18674,274.50362,276.64229,351.9659623619244,286.59184693236523,1621.35128,266.24289,970.84806,1.871379999999988
1596,1596,1596.0,1596.0,1596.0,1596.0,1596.0,1596.0,1596.0,1596.0,1596.0,1596.0,1596.0,1596.0,1596.0,1596.0,1596.0,1596.0,1596.0,1596.0,1596.0,1596.0,1596.0,1596.0,6.0,0.6,345.08951,338.36129,331.90783,325.81808,320.13729,314.87138,309.99963,305.49131,301.3219,297.4852,293.99919,290.90541,288.26241,286.13499,284.58076,283.63601,283.30306,283.54107,284.2622,285.33453,310.42018371531844,323.5983216248917,1887.59417,193.1715099999999,704.60517,1.871379999999988
1597,1597,1597.0,1597.0,1597.0,1597.0,1597.0,1597.0,1597.0,1597.0,1597.0,1597.0,1597.0,1597.0,1597.0,1597.0,1597.0,1597.0,1597.0,1597.0,1597.0,1597.0,1597.0,1597.0,7.0,0.7,311.60179,312.52325,312.96683,312.78952,311.93978,310.45681,308.45563,306.10483,303.6038,301.16442,298.99924,297.31502,296.30817,296.15826,297.01628,298.98694,302.10727,306.32646,311.4937,317.36015,264.73152380398807,299.775034510404,2080.76568,113.67826000000014,511.43366000000015,1.871379999999988
1598,1598,1598.0,1598.0,1598.0,1598.0,1598.0,1598.0,1598.0,1598.0,1598.0,1598.0,1598.0,1598.0,1598.0,1598.0,1598.0,1598.0,1598.0,1598.0,1598.0,1598.0,1598.0,1598.0,8.0,0.8,272.27967,279.41596,285.78519,291.13334,295.33155,298.37696,300.3735,301.49988,301.97278,302.01239,301.81478,301.53321,301.26874,301.0696,300.93837,300.84548,300.7466,300.60064,300.38444,300.10036,287.4198033255634,207.52465538408447,2194.44394,140.8198400000001,397.7554,1.871379999999988
1599,1599,1599.0,1599.0,1599.0,1599.0,1599.0,1599.0,1599.0,1599.0,1599.0,1599.0,1599.0,1599.0,1599.0,1599.0,1599.0,1599.0,1599.0,1599.0,1599.0,1599.0,1599.0,1599.0,9.0,0.9,288.52873,289.67481,290.88055,292.14311,293.42965,294.6787,295.8047,296.70225,297.24664,297.28922,296.6492,295.10598,292.39849,288.23793,282.33844,274.4653,264.49387,252.46634,238.62963,223.43976,250.1735179497745,290.9011266131124,2335.26378,256.9355599999999,256.9355599999999,1.871379999999988
1600,1600,1600.0,1600.0,1600.0,1600.0,1600.0,1600.0,1600.0,1600.0,1600.0,1600.0,1600.0,1600.0,1600.0,1600.0,1600.0,1600.0,1600.0,1600.0,1600.0,1600.0,1600.0,1600.0,0.0,0.0,273.0,273.0,273.0,273.0,273.0,273.0,273.0,273.0,273.0,273.0,273.0,273.0,273.0,273.0,273.0,273.0,273.0,273.0,273.0,273.0,191.67035813423024,263.25631675952127,0.0,502.30763,5430.512570000001,-40.0
1601,1601,1601.0,1601.0,1601.0,1601.0,1601.0,1601.0,1601.0,1601.0,1601.0,1601.0,1601.0,1601.0,1601.0,1601.0,1601.0,1601.0,1601.0,1601.0,1601.0,1601.0,1601.0,1601.0,1.0,0.1,205.53206,218.76117,230.8115,241.29,249.99012,256.88851,262.11138,265.88322,268.47215,270.14321,271.12606,271.59832,271.68255,271.45288,270.94754,270.18384,269.17305,267.93296,266.49649,264.91503,317.69101717065314,276.2485093818614,502.30763,583.8789899999999,4928.2049400000005,-56.11149
1602,1602,1602.0,1602.0,1602.0,1602.0,1602.0,1602.0,1602.0,1602.0,1602.0,1602.0,1602.0,1602.0,1602.0,1602.0,1602.0,1602.0,1602.0,1602.0,1602.0,1602.0,1602.0,1602.0,2.0,0.2,306.02693,295.11425,285.58558,277.8649,272.12584,268.30268,266.1439,265.28859,265.3449,265.95394,266.83063,267.7807,268.69819,269.55002,270.3539,271.15459,272.00208,272.93409,273.96496,275.08186,330.98240912273627,203.281685329012,1086.18662,517.7596100000001,4344.32595,-44.69731999999999
1603,1603,1603.0,1603.0,1603.0,1603.0,1603.0,1603.0,1603.0,1603.0,1603.0,1603.0,1603.0,1603.0,1603.0,1603.0,1603.0,1603.0,1603.0,1603.0,1603.0,1603.0,1603.0,1603.0,3.0,0.3,321.47173,312.28798,303.72512,296.01642,289.3158,283.68963,279.11777,275.50101,272.67125,270.40174,268.4161,266.39757,264.00127,260.87376,256.68269,251.15668,244.13084,235.58863,225.68808,214.76129,202.1824317850188,260.0006408459396,1603.94623,615.5878499999999,3826.56634,-29.310369999999978
1604,1604,1604.0,1604.0,1604.0,1604.0,1604.0,1604.0,1604.0,1604.0,1604.0,1604.0,1604.0,1604.0,1604.0,1604.0,1604.0,1604.0,1604.0,1604.0,1604.0,1604.0,1604.0,1604.0,4.0,0.4,216.87947,230.70142,242.8999,252.94996,260.59623,265.84431,268.90834,270.13547,269.92984,268.69321,266.79029,264.53765,262.20812,260.03994,258.24099,256.98234,256.38143,256.48022,257.22792,258.47734,209.5913479242721,365.21850134089095,2219.53408,667.5275999999999,3210.97849,-47.15568999999999
1605,1605,1605.0,1605.0,1605.0,1605.0,1605.0,1605.0,1605.0,1605.0,1605.0,1605.0,1605.0,1605.0,1605.0,1605.0,1605.0,1605.0,1605.0,1605.0,1605.0,1605.0,1605.0,1605.0,5.0,0.5,217.60614,225.3885,232.72131,239.41779,245.33588,250.39144,254.56963,257.93437,260.63521,262.9114,265.09156,267.5863,270.86998,275.44713,281.80139,290.32878,301.26366,314.61214,330.11118,347.22952,363.53530803334417,276.1634335364979,2887.06168,490.07717,2543.45089,-62.60856000000001
1606,1606,1606.0,1606.0,1606.0,1606.0,1606.0,1606.0,1606.0,1606.0,1606.0,1606.0,1606.0,1606.0,1606.0,1606.0,1606.0,1606.0,1606.0,1606.0,1606.0,1606.0,1606.0,1606.0,6.0,0.6,343.60697,324.7829,308.01291,293.97414,283.01385,275.15826,270.17439,267.6596,267.13171,268.09872,270.09867,272.71162,275.55427,278.27132,280.53629,282.06854,282.66549,282.24064,280.85309,278.71431,336.44427495920536,216.71819521224623,3377.13885,381.0022200000003,2053.37372,-37.841740000000016
1607,1607,1607.0,1607.0,1607.0,1607.0,1607.0,1607.0,1607.0,1607.0,1607.0,1607.0,1607.0,1607.0,1607.0,1607.0,1607.0,1607.0,1607.0,1607.0,1607.0,1607.0,1607.0,1607.0,7.0,0.7,328.10827,319.94477,312.12642,304.82242,298.18889,292.35376,287.39841,283.33989,280.11733,277.585,275.51365,273.60094,271.49148,268.80698,265.18606,260.33112,254.05676,246.33082,237.29768,227.27474,290.87497594975844,173.9949752158557,3758.14107,507.1246900000001,1672.3714999999995,-20.646239999999977
1608,1608,1608.0,1608.0,1608.0,1608.0,1608.0,1608.0,1608.0,1608.0,1608.0,1608.0,1608.0,1608.0,1608.0,1608.0,1608.0,1608.0,1608.0,1608.0,1608.0,1608.0,1608.0,1608.0,8.0,0.8,291.84231,292.55581,292.80236,292.43929,291.4057,289.71382,287.42417,284.61188,281.33281,277.5963,273.34924,268.47344,262.79646,256.11485,248.22765,238.9764,228.28595,216.19872,202.89397,188.68546,301.6926265085418,259.4423385877259,4265.26576,639.6789600000002,1165.2468099999996,-23.28618
1609,1609,1609.0,1609.0,1609.0,1609.0,1609.0,1609.0,1609.0,1609.0,1609.0,1609.0,1609.0,1609.0,1609.0,1609.0,1609.0,1609.0,1609.0,1609.0,1609.0,1609.0,1609.0,1609.0,9.0,0.9,299.22827,296.75092,294.24047,291.66487,288.97934,286.13024,283.06333,279.73569,276.1299,272.26901,268.23021,264.15403,260.24515,256.76036,253.98078,252.16885,251.51549,252.08853,253.79642,256.38046,260.79812260506594,341.77268863634987,4904.94472,525.5678499999995,525.5678499999995,-26.869759999999985
1610,1610,1610.0,1610.0,1610.0,1610.0,1610.0,1610.0,1610.0,1610.0,1610.0,1610.0,1610.0,1610.0,1610.0,1610.0,1610.0,1610.0,1610.0,1610.0,1610.0,1610.0,1610.0,1610.0,0.0,0.0,273.0,273.0,273.0,273.0,273.0,273.0,273.0,273.0,273.0,273.0,273.0,273.0,273.0,273.0,273.0,273.0,273.0,273.0,273.0,273.0,283.808931722419,204.8296150010293,0.0,485.05768,5618.51472,-40.0
1611,1611,1611.0,1611.0,1611.0,1611.0,1611.0,1611.0,1611.0,1611.0,1611.0,1611.0,1611.0,1611.0,1611.0,1611.0,1611.0,1611.0,1611.0,1611.0,1611.0,1611.0,1611.0,1611.0,1.0,0.1,281.96492,280.20374,278.59599,277.19014,276.00657,275.03536,274.23689,273.54302,272.85718,272.05239,270.96807,269.40822,267.1448,263.93057,259.52418,253.72708,246.42728,237.64077,227.53861,216.44914,192.15328708489403,357.21325806175315,485.05768,585.6981999999999,5133.45704,-37.96463999999997
1612,1612,1612.0,1612.0,1612.0,1612.0,1612.0,1612.0,1612.0,1612.0,1612.0,1612.0,1612.0,1612.0,1612.0,1612.0,1612.0,1612.0,1612.0,1612.0,1612.0,1612.0,1612.0,1612.0,2.0,0.2,206.36091,219.8663,232.06193,242.50833,250.97198,257.42509,262.01538,265.02156,266.81022,267.80583,268.47703,269.33431,270.92757,273.83026,278.59919,285.70753,295.45908,307.90329,322.77688,339.4962,316.768082324198,307.485977129712,1070.75588,474.21866,4547.75884,-55.57490999999999
1613,1613,1613.0,1613.0,1613.0,1613.0,1613.0,1613.0,1613.0,1613.0,1613.0,1613.0,1613.0,1613.0,1613.0,1613.0,1613.0,1613.0,1613.0,1613.0,1613.0,1613.0,1613.0,1613.0,3.0,0.3,305.3219,294.61542,285.27645,277.73699,272.19611,268.63317,266.86042,266.59499,267.52876,269.37991,271.91885,274.97001,278.39754,282.08573,285.92419,289.80378,293.62468,297.3122,300.83303,304.20374,300.66217209965134,312.4081242124139,1544.97454,322.87795000000006,4073.54018,-44.36682999999999
1614,1614,1614.0,1614.0,1614.0,1614.0,1614.0,1614.0,1614.0,1614.0,1614.0,1614.0,1614.0,1614.0,1614.0,1614.0,1614.0,1614.0,1614.0,1614.0,1614.0,1614.0,1614.0,1614.0,4.0,0.4,296.50675,292.47448,288.68831,285.26897,282.33012,279.97127,278.26991,277.27514,277.00442,277.44453,278.55617,280.28127,282.55112,285.29374,288.43928,291.92279,295.68458,299.66868,303.82071,308.08587,286.2535249998077,246.25832377993413,1867.85249,280.0484600000002,3750.66223,-33.02873
1615,1615,1615.0,1615.0,1615.0,1615.0,1615.0,1615.0,1615.0,1615.0,1615.0,1615.0,1615.0,1615.0,1615.0,1615.0,1615.0,1615.0,1615.0,1615.0,1615.0,1615.0,1615.0,1615.0,5.0,0.5,285.73062,285.18582,284.60882,284.00892,283.41677,282.87908,282.44729,282.16204,282.03635,282.03987,282.08704,282.03165,281.67068,280.76013,279.04383,276.29396,272.35771,267.20067,260.93555,253.82565,183.14833633472995,209.84981963171484,2147.90095,420.7839799999997,3470.61377,-30.12092000000001
1616,1616,1616.0,1616.0,1616.0,1616.0,1616.0,1616.0,1616.0,1616.0,1616.0,1616.0,1616.0,1616.0,1616.0,1616.0,1616.0,1616.0,1616.0,1616.0,1616.0,1616.0,1616.0,1616.0,6.0,0.6,200.21371,216.48032,231.25728,244.04416,254.57091,262.79068,268.83376,272.93892,275.38079,276.40835,276.20352,274.8628,272.4003,268.76821,263.88977,257.69915,250.18197,241.40946,231.55889,220.91497,240.2678627719224,249.3976984584719,2568.68493,681.3477200000002,3049.82979,-50.20931999999999
1617,1617,1617.0,1617.0,1617.0,1617.0,1617.0,1617.0,1617.0,1617.0,1617.0,1617.0,1617.0,1617.0,1617.0,1617.0,1617.0,1617.0,1617.0,1617.0,1617.0,1617.0,1617.0,1617.0,7.0,0.7,242.37743,244.62166,247.0922,249.80652,252.6966,255.61891,258.38123,260.77799,262.62552,263.79045,264.20772,263.88737,262.91079,261.41776,259.58553,257.60194,255.63587,253.80985,252.18088,250.73491,190.6156582919738,338.7765433059102,3250.03265,755.7437500000001,2368.48207,-57.38109
1618,1618,1618.0,1618.0,1618.0,1618.0,1618.0,1618.0,1618.0,1618.0,1618.0,1618.0,1618.0,1618.0,1618.0,1618.0,1618.0,1618.0,1618.0,1618.0,1618.0,1618.0,1618.0,1618.0,8.0,0.8,201.44186,211.85852,221.50685,230.11871,237.53841,243.72511,248.74034,252.72823,255.89654,258.50368,260.85259,263.28799,266.19038,269.95942,274.98149,281.58129,289.96367,300.15842,311.98429,325.0467,243.70907653984003,201.00157999589464,4005.7764,769.4740699999998,1612.73832,-69.27489
1619,1619,1619.0,1619.0,1619.0,1619.0,1619.0,1619.0,1619.0,1619.0,1619.0,1619.0,1619.0,1619.0,1619.0,1619.0,1619.0,1619.0,1619.0,1619.0,1619.0,1619.0,1619.0,1619.0,9.0,0.9,242.82029,242.20015,242.07228,242.58152,243.77844,245.62301,248.00178,250.74948,253.66586,256.52188,259.05498,260.95873,261.87684,261.41246,259.16157,254.77206,248.02089,238.89164,227.6295,214.75165,328.96286053366686,248.3949678967965,4775.25047,843.2642500000002,843.2642500000002,-67.37699
1620,1620,1620.0,1620.0,1620.0,1620.0,1620.0,1620.0,1620.0,1620.0,1620.0,1620.0,1620.0,1620.0,1620.0,1620.0,1620.0,1620.0,1620.0,1620.0,1620.0,1620.0,1620.0,1620.0,0.0,0.0,273.0,273.0,273.0,273.0,273.0,273.0,273.0,273.0,273.0,273.0,273.0,273.0,273.0,273.0,273.0,273.0,273.0,273.0,273.0,273.0,197.49995025613697,308.98202782092187,0.0,473.5778,6252.50067,-40.0
1621,1621,1621.0,1621.0,1621.0,1621.0,1621.0,1621.0,1621.0,1621.0,1621.0,1621.0,1621.0,1621.0,1621.0,1621.0,1621.0,1621.0,1621.0,1621.0,1621.0,1621.0,1621.0,1621.0,1.0,0.1,210.36921,222.65201,233.84263,243.57862,251.67281,258.11199,263.02813,266.65444,269.27933,271.20834,272.73894,274.14776,275.68583,277.57582,280.0064,283.12089,287.00139,291.65252,296.99103,302.84732,361.8768116461249,195.77454179487648,473.5778,503.08618,5778.92287,-54.88801000000001
1622,1622,1622.0,1622.0,1622.0,1622.0,1622.0,1622.0,1622.0,1622.0,1622.0,1622.0,1622.0,1622.0,1622.0,1622.0,1622.0,1622.0,1622.0,1622.0,1622.0,1622.0,1622.0,1622.0,2.0,0.2,343.04232,325.28627,309.5267,296.39853,286.19384,278.87029,274.11376,271.42895,270.22991,269.90973,269.8806,269.58795,268.51094,266.16485,262.11833,256.03131,247.70895,237.15793,224.62525,210.60096,244.04617888256587,255.8494470833924,976.66398,558.43903,5275.83669,-34.12970999999999
1623,1623,1623.0,1623.0,1623.0,1623.0,1623.0,1623.0,1623.0,1623.0,1623.0,1623.0,1623.0,1623.0,1623.0,1623.0,1623.0,1623.0,1623.0,1623.0,1623.0,1623.0,1623.0,1623.0,3.0,0.3,251.78114,258.9269,264.9906,269.6471,272.76864,274.41044,274.76242,274.08585,272.65432,270.71307,268.46219,266.06086,263.64357,261.33723,259.26962,257.56385,256.31946,255.58679,255.34436,255.48966,324.23933669652604,175.51416796847855,1535.10301,637.1944000000001,4717.3976600000005,-38.589560000000006
1624,1624,1624.0,1624.0,1624.0,1624.0,1624.0,1624.0,1624.0,1624.0,1624.0,1624.0,1624.0,1624.0,1624.0,1624.0,1624.0,1624.0,1624.0,1624.0,1624.0,1624.0,1624.0,1624.0,4.0,0.4,314.85037,305.90664,297.78154,290.72203,284.8228,280.03159,276.17826,273.01526,270.25606,267.60248,264.75769,261.42805,257.32151,252.15135,245.65264,237.61358,227.91782,216.58743,203.81246,189.95406,338.4416743805218,176.35898463400048,2172.29741,790.6871299999998,4080.20326,-32.968410000000006
1625,1625,1625.0,1625.0,1625.0,1625.0,1625.0,1625.0,1625.0,1625.0,1625.0,1625.0,1625.0,1625.0,1625.0,1625.0,1625.0,1625.0,1625.0,1625.0,1625.0,1625.0,1625.0,1625.0,5.0,0.5,329.14587,320.07162,311.41211,303.30871,295.83601,288.99691,282.72679,276.90461,271.36836,265.93203,260.40232,254.59383,248.34251,241.51697,234.02767,225.83344,216.9449,207.42437,197.38185,186.9672,302.9853097670559,204.2146545514504,2962.98454,884.8840100000002,3289.5161300000004,-24.003089999999982
1626,1626,1626.0,1626.0,1626.0,1626.0,1626.0,1626.0,1626.0,1626.0,1626.0,1626.0,1626.0,1626.0,1626.0,1626.0,1626.0,1626.0,1626.0,1626.0,1626.0,1626.0,1626.0,1626.0,6.0,0.6,301.08972,298.98309,296.4853,293.4704,289.87692,285.7045,281.00027,275.84041,270.31311,264.50704,258.50683,252.3944,246.25285,240.16894,234.23109,228.52133,223.10225,218.00239,213.20499,208.64464,269.97633075016284,343.8852890222532,3847.86855,788.42184,2404.63212,-27.295500000000004
1627,1627,1627.0,1627.0,1627.0,1627.0,1627.0,1627.0,1627.0,1627.0,1627.0,1627.0,1627.0,1627.0,1627.0,1627.0,1627.0,1627.0,1627.0,1627.0,1627.0,1627.0,1627.0,1627.0,7.0,0.7,272.39638,274.49078,275.97587,276.64388,276.38359,275.18673,273.14323,270.43146,267.30902,264.10779,261.23276,259.15984,258.42449,259.5923,263.20557,269.70618,279.34512,292.09771,307.60895,325.19115,266.27608304434284,257.0595203445203,4636.29039,535.0722900000001,1616.2102800000002,-37.81326999999999
1628,1628,1628.0,1628.0,1628.0,1628.0,1628.0,1628.0,1628.0,1628.0,1628.0,1628.0,1628.0,1628.0,1628.0,1628.0,1628.0,1628.0,1628.0,1628.0,1628.0,1628.0,1628.0,1628.0,8.0,0.8,267.36804,268.3486,269.12261,269.62513,269.83113,269.75944,269.47011,269.05489,268.62116,268.27071,268.07581,268.05661,268.16541,268.2834,268.23483,267.81912,266.85675,265.2386,262.96499,260.16079,285.19534310982453,257.2449469377677,5171.36268,535.57935,1081.1379900000002,-43.240560000000016
1629,1629,1629.0,1629.0,1629.0,1629.0,1629.0,1629.0,1629.0,1629.0,1629.0,1629.0,1629.0,1629.0,1629.0,1629.0,1629.0,1629.0,1629.0,1629.0,1629.0,1629.0,1629.0,1629.0,9.0,0.9,282.4486,279.82294,277.42193,275.31823,273.54697,272.10654,270.96502,270.06985,269.35755,268.76164,268.21789,267.66727,267.05754,266.34446,265.49346,264.48171,263.3004,261.95636,260.47241,258.88583,247.35313212635623,273.9814694160151,5706.94203,545.5586400000002,545.5586400000002,-40.893460000000005
1630,1630,1630.0,1630.0,1630.0,1630.0,1630.0,1630.0,1630.0,1630.0,1630.0,1630.0,1630.0,1630.0,1630.0,1630.0,1630.0,1630.0,1630.0,1630.0,1630.0,1630.0,1630.0,1630.0,0.0,0.0,273.0,273.0,273.0,273.0,273.0,273.0,273.0,273.0,273.0,273.0,273.0,273.0,273.0,273.0,273.0,273.0,273.0,273.0,273.0,273.0,185.7875385498524,350.732482795275,0.0,462.98478,2567.34941,1.0828900000000203
1631,1631,1631.0,1631.0,1631.0,1631.0,1631.0,1631.0,1631.0,1631.0,1631.0,1631.0,1631.0,1631.0,1631.0,1631.0,1631.0,1631.0,1631.0,1631.0,1631.0,1631.0,1631.0,1631.0,1.0,0.1,200.6541,214.84391,227.77381,239.02705,248.39114,255.85755,261.59064,265.87977,269.08981,271.62148,273.8861,276.29297,279.2423,283.1149,288.25173,294.92058,303.27384,313.30728,324.83332,337.48147,346.99690460263173,362.9796959729725,462.98478,377.0697,2104.36463,1.0828900000000203
1632,1632,1632.0,1632.0,1632.0,1632.0,1632.0,1632.0,1632.0,1632.0,1632.0,1632.0,1632.0,1632.0,1632.0,1632.0,1632.0,1632.0,1632.0,1632.0,1632.0,1632.0,1632.0,1632.0,2.0,0.2,330.1894,314.41918,300.57146,289.26453,280.79698,275.16282,272.12082,271.29313,272.26526,274.66614,278.21664,282.74576,288.18,294.51547,301.78161,310.00444,319.17477,329.22556,340.02086,351.35761,371.8341992920104,257.9723067631655,840.05448,177.14775999999995,1727.2949299999996,1.0828900000000203
1633,1633,1633.0,1633.0,1633.0,1633.0,1633.0,1633.0,1633.0,1633.0,1633.0,1633.0,1633.0,1633.0,1633.0,1633.0,1633.0,1633.0,1633.0,1633.0,1633.0,1633.0,1633.0,1633.0,3.0,0.3,357.27907,343.28024,330.34318,318.88012,309.18233,301.40866,295.5884,291.63327,289.35254,288.46694,288.61948,289.38546,290.28648,290.81498,290.4741,288.83327,285.59331,280.64764,274.12234,266.37904,351.54063374440244,350.49924881454376,1017.20224,179.58296000000007,1550.1471699999995,1.0828900000000203
1634,1634,1634.0,1634.0,1634.0,1634.0,1634.0,1634.0,1634.0,1634.0,1634.0,1634.0,1634.0,1634.0,1634.0,1634.0,1634.0,1634.0,1634.0,1634.0,1634.0,1634.0,1634.0,1634.0,4.0,0.4,344.50844,337.5694,330.82249,324.37503,318.3402,312.83,307.94654,303.77568,300.38645,297.83825,296.19448,295.5387,295.98665,297.68688,300.80444,305.4861,311.81223,319.74639,329.0981,339.51311,274.5332788805821,243.5138831252802,1196.7852,117.08557999999994,1370.5642099999998,1.0828900000000203
1635,1635,1635.0,1635.0,1635.0,1635.0,1635.0,1635.0,1635.0,1635.0,1635.0,1635.0,1635.0,1635.0,1635.0,1635.0,1635.0,1635.0,1635.0,1635.0,1635.0,1635.0,1635.0,1635.0,5.0,0.5,281.70291,288.3704,294.11404,298.65393,301.88093,303.84952,304.73992,304.80093,304.28698,303.40055,302.2483,300.81588,298.96429,296.44989,292.968,288.21649,281.97052,274.15376,264.88804,254.50535,370.7821183715608,317.83909044303573,1313.87078,152.11389000000008,1253.4786299999998,1.0828900000000203
1636,1636,1636.0,1636.0,1636.0,1636.0,1636.0,1636.0,1636.0,1636.0,1636.0,1636.0,1636.0,1636.0,1636.0,1636.0,1636.0,1636.0,1636.0,1636.0,1636.0,1636.0,1636.0,1636.0,6.0,0.6,358.60033,347.01259,336.52142,327.46831,320.00125,314.08289,309.53221,306.08546,303.46088,301.41473,299.78122,298.49345,297.58533,297.17562,297.4359,298.54572,300.64113,303.76611,307.83832,312.63999,194.25364424980376,262.46420006727305,1465.98467,132.37981999999988,1101.3647399999998,1.0828900000000203
1637,1637,1637.0,1637.0,1637.0,1637.0,1637.0,1637.0,1637.0,1637.0,1637.0,1637.0,1637.0,1637.0,1637.0,1637.0,1637.0,1637.0,1637.0,1637.0,1637.0,1637.0,1637.0,1637.0,7.0,0.7,215.73731,236.03969,254.15377,269.37975,281.38895,290.21158,296.16239,299.731,301.46655,301.88018,301.37842,300.23059,298.56618,296.39596,293.64952,290.22274,286.02801,281.03916,275.32235,269.04571,254.27287725812025,184.9797534199102,1598.36449,242.04837,968.98492,1.0828900000000203
1638,1638,1638.0,1638.0,1638.0,1638.0,1638.0,1638.0,1638.0,1638.0,1638.0,1638.0,1638.0,1638.0,1638.0,1638.0,1638.0,1638.0,1638.0,1638.0,1638.0,1638.0,1638.0,1638.0,8.0,0.8,258.2599,262.31801,266.48125,270.72035,274.93409,278.95812,282.58593,285.59301,287.75562,288.85928,288.69679,287.0607,283.73789,278.51431,271.19557,261.64399,249.82638,235.86103,220.04891,202.87595,360.52622580403977,285.0271167008522,1840.41286,395.96938,726.9365499999999,1.0828900000000203
1639,1639,1639.0,1639.0,1639.0,1639.0,1639.0,1639.0,1639.0,1639.0,1639.0,1639.0,1639.0,1639.0,1639.0,1639.0,1639.0,1639.0,1639.0,1639.0,1639.0,1639.0,1639.0,1639.0,9.0,0.9,346.10702,332.43843,320.15429,309.68169,301.19654,294.6299,289.71767,286.07719,283.29241,280.99137,278.9057,276.90625,275.01293,273.37822,272.24593,271.8896,272.53955,274.3127,277.16193,280.86021,174.16404604172405,345.37325537323966,2236.38224,330.9671699999999,330.9671699999999,1.0828900000000203
1640,1640,1640.0,1640.0,1640.0,1640.0,1640.0,1640.0,1640.0,1640.0,1640.0,1640.0,1640.0,1640.0,1640.0,1640.0,1640.0,1640.0,1640.0,1640.0,1640.0,1640.0,1640.0,1640.0,0.0,0.0,273.0,273.0,273.0,273.0,273.0,273.0,273.0,273.0,273.0,273.0,273.0,273.0,273.0,273.0,273.0,273.0,273.0,273.0,273.0,273.0,190.3387751208688,186.23745663760604,0.0,553.15592,5047.44294,-40.0
1641,1641,1641.0,1641.0,1641.0,1641.0,1641.0,1641.0,1641.0,1641.0,1641.0,1641.0,1641.0,1641.0,1641.0,1641.0,1641.0,1641.0,1641.0,1641.0,1641.0,1641.0,1641.0,1641.0,1.0,0.1,204.42559,217.86799,230.10868,240.74403,249.55633,256.50748,261.70046,265.32103,267.57422,268.62789,268.57158,267.39511,264.98877,261.16527,255.70201,248.39939,239.14655,227.98191,215.13313,201.02341,262.4211734860473,332.0101020083356,553.15592,775.4371,4494.28702,-56.49252000000001
1642,1642,1642.0,1642.0,1642.0,1642.0,1642.0,1642.0,1642.0,1642.0,1642.0,1642.0,1642.0,1642.0,1642.0,1642.0,1642.0,1642.0,1642.0,1642.0,1642.0,1642.0,1642.0,1642.0,2.0,0.2,259.98858,257.86155,256.28322,255.38825,255.18435,255.5643,256.34366,257.31403,258.30043,259.21298,260.08558,261.09615,262.56388,264.91958,268.6473,274.2006,281.90454,291.86271,303.89363,317.51827,266.86318044479185,367.3359769664866,1328.59302,566.6311599999999,3718.84992,-57.4357
1643,1643,1643.0,1643.0,1643.0,1643.0,1643.0,1643.0,1643.0,1643.0,1643.0,1643.0,1643.0,1643.0,1643.0,1643.0,1643.0,1643.0,1643.0,1643.0,1643.0,1643.0,1643.0,1643.0,3.0,0.3,265.20584,263.6548,262.30797,261.24891,260.54503,260.25064,260.41451,261.09052,262.3493,264.28842,267.03858,270.76322,275.64989,281.89197,289.66133,299.07461,310.15799,322.81779,336.82489,351.81913,241.0429994634299,276.5350395860179,1895.22418,408.38742000000025,3152.21876,-52.74936000000002
1644,1644,1644.0,1644.0,1644.0,1644.0,1644.0,1644.0,1644.0,1644.0,1644.0,1644.0,1644.0,1644.0,1644.0,1644.0,1644.0,1644.0,1644.0,1644.0,1644.0,1644.0,1644.0,1644.0,4.0,0.4,244.73362,248.3049,251.66434,254.76645,257.62178,260.29298,262.87933,265.49313,268.23202,271.15168,274.24242,277.41381,280.49128,283.22881,285.33987,286.54567,286.6339,285.51617,283.26874,280.14252,306.12745512830435,219.02393547528783,2303.6116,454.35356999999976,2743.83134,-52.70702
1645,1645,1645.0,1645.0,1645.0,1645.0,1645.0,1645.0,1645.0,1645.0,1645.0,1645.0,1645.0,1645.0,1645.0,1645.0,1645.0,1645.0,1645.0,1645.0,1645.0,1645.0,1645.0,1645.0,5.0,0.5,298.20846,290.77703,284.25221,278.93108,274.96032,272.33513,270.92018,270.4824,270.72525,271.31641,271.90644,272.14012,271.66598,270.15018,267.29922,262.89239,256.81967,249.11654,239.98467,229.78863,283.96508214516257,233.8551074027623,2757.96517,536.6732700000002,2289.47777,-40.66487000000001
1646,1646,1646.0,1646.0,1646.0,1646.0,1646.0,1646.0,1646.0,1646.0,1646.0,1646.0,1646.0,1646.0,1646.0,1646.0,1646.0,1646.0,1646.0,1646.0,1646.0,1646.0,1646.0,1646.0,6.0,0.6,282.78336,281.57399,280.31827,279.01155,277.6622,276.28473,274.88916,273.47051,272.00178,270.43288,268.69576,266.71473,264.41918,261.75577,258.69733,255.24677,251.43557,247.31808,242.96367,238.44943,180.39852070258536,360.80808625427625,3294.63844,585.7965899999999,1752.8044999999995,-36.715269999999975
1647,1647,1647.0,1647.0,1647.0,1647.0,1647.0,1647.0,1647.0,1647.0,1647.0,1647.0,1647.0,1647.0,1647.0,1647.0,1647.0,1647.0,1647.0,1647.0,1647.0,1647.0,1647.0,1647.0,7.0,0.7,196.73275,212.25242,226.25402,238.23143,247.92124,255.30331,260.5655,264.04969,266.19709,267.50603,268.50724,269.75253,271.80687,275.23131,280.54692,288.17697,298.37449,311.15157,326.23267,343.05233,335.6511822960921,247.63586657117207,3880.43503,499.8196899999998,1167.0079099999998,-57.69668999999999
1648,1648,1648.0,1648.0,1648.0,1648.0,1648.0,1648.0,1648.0,1648.0,1648.0,1648.0,1648.0,1648.0,1648.0,1648.0,1648.0,1648.0,1648.0,1648.0,1648.0,1648.0,1648.0,1648.0,8.0,0.8,320.44362,306.18024,293.66296,283.44399,275.77624,270.62616,267.73499,266.70361,267.07433,268.3901,270.2232,272.17766,273.87769,274.95845,275.07235,273.9178,271.28684,267.11898,261.54231,254.88347,356.31511349537953,330.2678767823423,4380.25472,389.76752000000033,667.18822,-42.37383999999997
1649,1649,1649.0,1649.0,1649.0,1649.0,1649.0,1649.0,1649.0,1649.0,1649.0,1649.0,1649.0,1649.0,1649.0,1649.0,1649.0,1649.0,1649.0,1649.0,1649.0,1649.0,1649.0,1649.0,9.0,0.9,343.30887,330.76204,319.08824,308.61765,299.57345,292.06534,286.09954,281.60206,278.45072,276.51067,275.6684,275.85904,277.08198,279.40025,282.92101,287.75796,293.9817,301.56892,310.36479,320.07116,232.18626500666863,257.7184650108287,4770.02224,277.42069999999967,277.42069999999967,-20.934660000000008
1650,1650,1650.0,1650.0,1650.0,1650.0,1650.0,1650.0,1650.0,1650.0,1650.0,1650.0,1650.0,1650.0,1650.0,1650.0,1650.0,1650.0,1650.0,1650.0,1650.0,1650.0,1650.0,1650.0,0.0,0.0,273.0,273.0,273.0,273.0,273.0,273.0,273.0,273.0,273.0,273.0,273.0,273.0,273.0,273.0,273.0,273.0,273.0,273.0,273.0,273.0,225.68691529158613,176.452496495097,0.0,536.2422,6925.227009999999,-40.0
1651,1651,1651.0,1651.0,1651.0,1651.0,1651.0,1651.0,1651.0,1651.0,1651.0,1651.0,1651.0,1651.0,1651.0,1651.0,1651.0,1651.0,1651.0,1651.0,1651.0,1651.0,1651.0,1651.0,1.0,0.1,233.74864,241.4407,248.44273,254.5212,259.5467,263.48865,266.39056,268.33289,269.39186,269.60163,268.92566,267.24179,264.3443,259.96578,253.81932,245.65813,235.34417,222.91184,208.60996,192.90704,340.822967119852,280.2061184154015,536.2422,716.6456400000001,6388.984809999999,-49.51134999999999
1652,1652,1652.0,1652.0,1652.0,1652.0,1652.0,1652.0,1652.0,1652.0,1652.0,1652.0,1652.0,1652.0,1652.0,1652.0,1652.0,1652.0,1652.0,1652.0,1652.0,1652.0,1652.0,1652.0,2.0,0.2,326.7624,313.4364,301.46359,291.25842,282.9892,276.58724,271.79864,268.26198,265.59261,263.45757,261.63103,260.02548,258.69721,257.8265,257.67395,258.51738,260.57818,263.95118,268.55496,274.11767,368.8152396795324,276.45418077294136,1252.88784,544.17526,5672.339169999999,-36.41275999999999
1653,1653,1653.0,1653.0,1653.0,1653.0,1653.0,1653.0,1653.0,1653.0,1653.0,1653.0,1653.0,1653.0,1653.0,1653.0,1653.0,1653.0,1653.0,1653.0,1653.0,1653.0,1653.0,1653.0,3.0,0.3,354.31126,340.24943,327.02573,314.95319,304.24046,294.98838,287.20255,280.81654,275.71936,271.78113,268.87309,266.87981,265.70377,265.26368,265.48864,266.31055,267.6569,269.44533,271.58091,273.95626,193.93908453584345,336.60149330802096,1797.0631,410.7785099999999,5128.163909999999,-18.011619999999994
1654,1654,1654.0,1654.0,1654.0,1654.0,1654.0,1654.0,1654.0,1654.0,1654.0,1654.0,1654.0,1654.0,1654.0,1654.0,1654.0,1654.0,1654.0,1654.0,1654.0,1654.0,1654.0,1654.0,4.0,0.4,212.42879,229.76435,244.96806,257.3739,266.69384,273.00871,276.69816,278.33729,278.58987,278.12144,277.54327,277.38627,278.09536,280.03163,283.4709,288.59252,295.45917,303.99435,313.96837,325.00313,178.74057356134057,195.5671813415047,2207.84161,472.6467600000001,4717.385399999999,-39.99128999999999
1655,1655,1655.0,1655.0,1655.0,1655.0,1655.0,1655.0,1655.0,1655.0,1655.0,1655.0,1655.0,1655.0,1655.0,1655.0,1655.0,1655.0,1655.0,1655.0,1655.0,1655.0,1655.0,1655.0,5.0,0.5,193.01101,206.82654,219.77796,231.53951,241.89266,250.73211,258.054,263.92834,268.45982,271.74281,273.81725,274.63371,274.03647,271.7729,267.53434,261.02656,252.05955,240.63676,227.0191,211.74108,209.43878415637488,298.5991836820852,2680.48837,764.92517,4244.73864,-62.26789
1656,1656,1656.0,1656.0,1656.0,1656.0,1656.0,1656.0,1656.0,1656.0,1656.0,1656.0,1656.0,1656.0,1656.0,1656.0,1656.0,1656.0,1656.0,1656.0,1656.0,1656.0,1656.0,1656.0,6.0,0.6,215.15221,220.88292,226.62489,232.33219,237.91381,243.24124,248.16681,252.54902,256.28045,259.3141,261.68487,263.52256,265.05268,266.58094,268.45888,271.03146,274.57346,279.22714,284.95781,291.54236,237.4600176058572,318.7424130852541,3445.41354,760.8007300000004,3479.81347,-69.75876
1657,1657,1657.0,1657.0,1657.0,1657.0,1657.0,1657.0,1657.0,1657.0,1657.0,1657.0,1657.0,1657.0,1657.0,1657.0,1657.0,1657.0,1657.0,1657.0,1657.0,1657.0,1657.0,1657.0,7.0,0.7,238.00258,238.71255,239.72878,241.14034,242.97767,245.2174,247.79856,250.64535,253.69086,256.8968,260.26611,263.84662,267.72572,272.0168,276.8391,282.29365,288.43887,295.27036,302.70941,310.60384,182.74924573606177,272.40570298197525,4206.21427,734.6370399999996,2719.012739999999,-67.7826
1658,1658,1658.0,1658.0,1658.0,1658.0,1658.0,1658.0,1658.0,1658.0,1658.0,1658.0,1658.0,1658.0,1658.0,1658.0,1658.0,1658.0,1658.0,1658.0,1658.0,1658.0,1658.0,1658.0,8.0,0.8,193.5911,204.06048,213.83982,222.70845,230.56277,237.41218,243.35498,248.54216,253.13829,257.287,261.08573,264.57196,267.72127,270.45719,272.67158,274.25371,275.12363,275.26369,274.74054,273.7106,183.3906089515192,264.0919637248985,4940.85131,916.5603899999996,1984.3757,-75.58782
1659,1659,1659.0,1659.0,1659.0,1659.0,1659.0,1659.0,1659.0,1659.0,1659.0,1659.0,1659.0,1659.0,1659.0,1659.0,1659.0,1659.0,1659.0,1659.0,1659.0,1659.0,1659.0,1659.0,9.0,0.9,191.81881,200.12363,208.18896,215.91233,223.20937,230.01596,236.2878,241.99765,247.13084,251.6801,255.64056,259.00642,261.76985,263.92299,265.46293,266.39904,266.76118,266.60696,266.02593,265.13894,211.5747267198748,247.1172742919184,5857.4117,1067.81531,1067.81531,-82.98404
1660,1660,1660.0,1660.0,1660.0,1660.0,1660.0,1660.0,1660.0,1660.0,1660.0,1660.0,1660.0,1660.0,1660.0,1660.0,1660.0,1660.0,1660.0,1660.0,1660.0,1660.0,1660.0,1660.0,0.0,0.0,273.0,273.0,273.0,273.0,273.0,273.0,273.0,273.0,273.0,273.0,273.0,273.0,273.0,273.0,273.0,273.0,273.0,273.0,273.0,273.0,314.02512764239407,365.852508385824,0.0,386.73086,3105.0261300000006,-40.0
1661,1661,1661.0,1661.0,1661.0,1661.0,1661.0,1661.0,1661.0,1661.0,1661.0,1661.0,1661.0,1661.0,1661.0,1661.0,1661.0,1661.0,1661.0,1661.0,1661.0,1661.0,1661.0,1661.0,1.0,0.1,307.03503,300.36564,294.29502,289.02613,284.67212,281.26122,278.7587,277.09983,276.22654,276.12129,276.83285,278.48984,281.29847,285.52184,291.4398,299.29216,309.21314,321.1705,334.92542,350.02756,242.271414755304,196.713126067262,386.73086,278.64011000000005,2718.2952700000005,-31.73878000000002
1662,1662,1662.0,1662.0,1662.0,1662.0,1662.0,1662.0,1662.0,1662.0,1662.0,1662.0,1662.0,1662.0,1662.0,1662.0,1662.0,1662.0,1662.0,1662.0,1662.0,1662.0,1662.0,1662.0,2.0,0.2,249.69016,256.69194,262.9298,268.17948,272.36279,275.53797,277.86181,279.53332,280.73092,281.55364,281.97481,281.81516,280.74174,278.29804,273.96821,267.27184,257.87635,245.70444,231.0081,214.38343,305.6561688352436,297.6344441952906,665.37097,419.3928399999999,2439.6551600000003,-37.46203000000003
1663,1663,1663.0,1663.0,1663.0,1663.0,1663.0,1663.0,1663.0,1663.0,1663.0,1663.0,1663.0,1663.0,1663.0,1663.0,1663.0,1663.0,1663.0,1663.0,1663.0,1663.0,1663.0,1663.0,3.0,0.3,299.8332,294.36773,289.55695,285.59186,282.53581,280.32996,278.82163,277.80683,277.07728,276.46395,275.87147,275.29987,274.85083,274.71588,275.14504,276.39746,278.6805,282.0893,286.56261,291.86942,192.72789010117407,269.64320553192886,1084.76381,407.5520900000001,2020.2623200000005,-32.67003999999997
1664,1664,1664.0,1664.0,1664.0,1664.0,1664.0,1664.0,1664.0,1664.0,1664.0,1664.0,1664.0,1664.0,1664.0,1664.0,1664.0,1664.0,1664.0,1664.0,1664.0,1664.0,1664.0,1664.0,4.0,0.4,208.16224,222.81701,236.02512,247.31824,256.46886,263.48412,268.5599,272.01251,274.20658,275.49393,276.17128,276.45846,276.49404,276.34416,276.01995,275.49992,274.75391,273.76501,272.54568,271.14465,367.1177275098654,249.97868290011385,1492.3159,472.9337499999999,1612.71023,-49.51587999999998
1665,1665,1665.0,1665.0,1665.0,1665.0,1665.0,1665.0,1665.0,1665.0,1665.0,1665.0,1665.0,1665.0,1665.0,1665.0,1665.0,1665.0,1665.0,1665.0,1665.0,1665.0,1665.0,1665.0,5.0,0.5,347.99277,329.96051,313.94668,300.58308,290.14724,282.575,277.53144,274.51335,272.95388,272.307,272.10076,271.95957,271.60352,270.8356,269.5268,267.60548,265.05284,261.90292,258.24292,254.20957,259.54093089253945,364.85734392753375,1965.24965,380.79658,1139.7764800000002,-30.42500000000001
1666,1666,1666.0,1666.0,1666.0,1666.0,1666.0,1666.0,1666.0,1666.0,1666.0,1666.0,1666.0,1666.0,1666.0,1666.0,1666.0,1666.0,1666.0,1666.0,1666.0,1666.0,1666.0,1666.0,6.0,0.6,265.28782,270.53549,274.87294,278.0433,279.97288,280.76144,280.64328,279.93606,278.99446,278.18031,277.85226,278.36966,280.09926,283.41185,288.6589,296.12618,305.97079,318.15709,332.4119,348.21819,221.64408750754905,372.2928171028303,2346.04623,253.56215999999995,758.9799000000003,-32.23856000000001
1667,1667,1667.0,1667.0,1667.0,1667.0,1667.0,1667.0,1667.0,1667.0,1667.0,1667.0,1667.0,1667.0,1667.0,1667.0,1667.0,1667.0,1667.0,1667.0,1667.0,1667.0,1667.0,1667.0,7.0,0.7,231.21245,240.38499,248.82163,256.28295,262.65648,267.96197,272.33799,276.01596,279.28866,282.47891,285.91216,289.89399,294.69199,300.52061,307.52813,315.78546,325.27782,335.9011,347.46471,359.70267,230.39394479128308,356.1847887954757,2599.60839,226.65914999999995,505.4177400000003,-45.03802999999999
1668,1668,1668.0,1668.0,1668.0,1668.0,1668.0,1668.0,1668.0,1668.0,1668.0,1668.0,1668.0,1668.0,1668.0,1668.0,1668.0,1668.0,1668.0,1668.0,1668.0,1668.0,1668.0,1668.0,8.0,0.8,236.1427,241.85427,247.49441,253.03534,258.46031,263.76828,268.97777,274.12827,279.27807,284.49839,289.86418,295.44345,301.28697,307.42084,313.84358,320.52841,327.43029,334.49559,341.67166,348.91336,328.1639678014859,334.8741038445047,2826.26754,171.5250000000001,278.7585900000004,-49.23172
1669,1669,1669.0,1669.0,1669.0,1669.0,1669.0,1669.0,1669.0,1669.0,1669.0,1669.0,1669.0,1669.0,1669.0,1669.0,1669.0,1669.0,1669.0,1669.0,1669.0,1669.0,1669.0,1669.0,9.0,0.9,317.03108,306.65197,297.67788,290.5784,285.60181,282.77844,281.95934,282.87458,285.19425,288.57901,292.71337,297.32175,302.1717,307.07088,311.86381,316.43189,320.69755,324.6302,328.25044,331.62842,235.20851464203287,319.4490556343999,2997.79254,107.23359000000028,107.23359000000028,-30.22156000000001
1670,1670,1670.0,1670.0,1670.0,1670.0,1670.0,1670.0,1670.0,1670.0,1670.0,1670.0,1670.0,1670.0,1670.0,1670.0,1670.0,1670.0,1670.0,1670.0,1670.0,1670.0,1670.0,1670.0,0.0,0.0,273.0,273.0,273.0,273.0,273.0,273.0,273.0,273.0,273.0,273.0,273.0,273.0,273.0,273.0,273.0,273.0,273.0,273.0,273.0,273.0,185.06611911197737,332.2753206431755,0.0,471.58502,2703.0338,4.397269999999992
1671,1671,1671.0,1671.0,1671.0,1671.0,1671.0,1671.0,1671.0,1671.0,1671.0,1671.0,1671.0,1671.0,1671.0,1671.0,1671.0,1671.0,1671.0,1671.0,1671.0,1671.0,1671.0,1671.0,1.0,0.1,200.05519,214.36155,227.39668,238.73937,248.17341,255.68663,261.43846,265.71012,268.85274,271.24512,273.26624,275.28138,277.63584,280.64831,284.59761,289.69976,296.07802,303.73316,312.52432,322.17015,229.109430020311,300.14142239344454,471.58502,512.42353,2231.44878,4.397269999999992
1672,1672,1672.0,1672.0,1672.0,1672.0,1672.0,1672.0,1672.0,1672.0,1672.0,1672.0,1672.0,1672.0,1672.0,1672.0,1672.0,1672.0,1672.0,1672.0,1672.0,1672.0,1672.0,1672.0,2.0,0.2,232.32782,235.66354,239.20557,242.99476,247.01809,251.21729,255.50777,259.80079,264.02173,268.11983,272.06797,275.85435,279.47077,282.90226,286.12274,289.09868,291.8002,294.21596,296.36652,298.31065,284.6214490356048,329.2377890301526,984.00855,470.21435,1719.02525,4.397269999999992
1673,1673,1673.0,1673.0,1673.0,1673.0,1673.0,1673.0,1673.0,1673.0,1673.0,1673.0,1673.0,1673.0,1673.0,1673.0,1673.0,1673.0,1673.0,1673.0,1673.0,1673.0,1673.0,1673.0,3.0,0.3,278.87632,273.57697,269.10771,265.74401,263.6287,262.77445,263.08833,264.40981,266.55201,269.33825,272.62854,276.33423,280.42084,284.90056,289.8163,295.21977,301.14709,307.59621,314.51152,321.7795,360.4308060685164,312.193059458843,1454.2229,308.47631,1248.8109000000002,4.397269999999992
1674,1674,1674.0,1674.0,1674.0,1674.0,1674.0,1674.0,1674.0,1674.0,1674.0,1674.0,1674.0,1674.0,1674.0,1674.0,1674.0,1674.0,1674.0,1674.0,1674.0,1674.0,1674.0,1674.0,4.0,0.4,344.60986,329.54031,315.88242,304.13382,294.59122,287.34886,282.32792,279.32443,278.06183,278.23698,279.5531,281.73868,284.55499,287.79691,291.29164,294.8985,298.51088,302.0593,305.51327,308.87925,299.6504022039519,346.6068200264275,1762.69921,187.71137,940.3345900000002,4.397269999999992
1675,1675,1675.0,1675.0,1675.0,1675.0,1675.0,1675.0,1675.0,1675.0,1675.0,1675.0,1675.0,1675.0,1675.0,1675.0,1675.0,1675.0,1675.0,1675.0,1675.0,1675.0,1675.0,1675.0,5.0,0.5,299.25813,298.69485,297.83589,296.63661,295.14511,293.49286,291.86864,290.48534,289.5494,289.23997,289.70014,291.03847,293.33578,296.65154,301.02475,306.46726,312.95064,320.3907,328.63615,337.46707,353.7270410961222,367.4593029995855,1950.41058,104.00382999999988,752.6232200000002,4.397269999999992
1676,1676,1676.0,1676.0,1676.0,1676.0,1676.0,1676.0,1676.0,1676.0,1676.0,1676.0,1676.0,1676.0,1676.0,1676.0,1676.0,1676.0,1676.0,1676.0,1676.0,1676.0,1676.0,1676.0,6.0,0.6,343.61827,333.94544,325.09245,317.3515,310.90435,305.82609,302.10712,299.68543,298.47982,298.41706,299.44896,301.55835,304.75512,309.06443,314.50939,321.091,328.76817,337.44151,346.9445,357.0452,351.83881611816764,215.5654886145016,2054.41441,79.01585999999998,648.6193900000003,4.397269999999992
1677,1677,1677.0,1677.0,1677.0,1677.0,1677.0,1677.0,1677.0,1677.0,1677.0,1677.0,1677.0,1677.0,1677.0,1677.0,1677.0,1677.0,1677.0,1677.0,1677.0,1677.0,1677.0,1677.0,7.0,0.7,345.116,338.57512,332.38975,326.71667,321.68712,317.39727,313.89742,311.17922,309.16072,307.67029,306.43232,305.06006,303.06326,299.87836,294.92642,287.69739,277.84962,265.30426,250.30839,233.44323,216.38180501433288,259.6721826115122,2133.43027,164.72758999999996,569.6035300000003,4.397269999999992
1678,1678,1678.0,1678.0,1678.0,1678.0,1678.0,1678.0,1678.0,1678.0,1678.0,1678.0,1678.0,1678.0,1678.0,1678.0,1678.0,1678.0,1678.0,1678.0,1678.0,1678.0,1678.0,1678.0,8.0,0.8,234.19159,251.03218,266.07022,278.71169,288.65111,295.86162,300.53742,303.01083,303.66808,302.88297,300.97791,298.21212,294.78985,290.87776,286.62128,282.15279,277.58957,273.02407,268.51265,264.06973,273.9917658555241,348.9640510550026,2298.15786,184.4924500000002,404.8759400000004,4.397269999999992
1679,1679,1679.0,1679.0,1679.0,1679.0,1679.0,1679.0,1679.0,1679.0,1679.0,1679.0,1679.0,1679.0,1679.0,1679.0,1679.0,1679.0,1679.0,1679.0,1679.0,1679.0,1679.0,1679.0,9.0,0.9,275.81375,277.73619,279.82229,282.07236,284.4178,286.73582,288.88068,290.72295,292.18824,293.2879,294.13736,294.95937,296.07054,297.85052,300.69407,304.94949,310.85126,318.45966,327.62237,337.97175,181.5586619393096,177.23777330556138,2482.65031,220.38349000000017,220.38349000000017,4.397269999999992
1680,1680,1680.0,1680.0,1680.0,1680.0,1680.0,1680.0,1680.0,1680.0,1680.0,1680.0,1680.0,1680.0,1680.0,1680.0,1680.0,1680.0,1680.0,1680.0,1680.0,1680.0,1680.0,1680.0,0.0,0.0,273.0,273.0,273.0,273.0,273.0,273.0,273.0,273.0,273.0,273.0,273.0,273.0,273.0,273.0,273.0,273.0,273.0,273.0,273.0,273.0,201.04094063877363,228.4540567810762,0.0,516.82218,5829.23219,-40.0
1681,1681,1681.0,1681.0,1681.0,1681.0,1681.0,1681.0,1681.0,1681.0,1681.0,1681.0,1681.0,1681.0,1681.0,1681.0,1681.0,1681.0,1681.0,1681.0,1681.0,1681.0,1681.0,1681.0,1.0,0.1,213.30465,225.00798,235.66667,244.93102,252.61461,258.69006,263.25721,266.49489,268.60878,269.78593,270.1623,269.80591,268.71568,266.83445,264.07382,260.34759,255.60855,249.88196,243.28774,236.04475,188.80284546285105,255.98616001681847,516.82218,757.4727200000001,5312.41001,-54.30993999999998
1682,1682,1682.0,1682.0,1682.0,1682.0,1682.0,1682.0,1682.0,1682.0,1682.0,1682.0,1682.0,1682.0,1682.0,1682.0,1682.0,1682.0,1682.0,1682.0,1682.0,1682.0,1682.0,1682.0,2.0,0.2,199.51447,209.9173,219.72804,228.70995,236.6865,243.54622,249.23997,253.77289,257.19424,259.5877,261.0637,261.75392,261.80681,261.38211,260.64275,259.74308,258.81454,257.9514,257.20066,256.56003,347.38689947450507,195.4446212924519,1274.2949,863.9543799999999,4554.93729,-69.45378
1683,1683,1683.0,1683.0,1683.0,1683.0,1683.0,1683.0,1683.0,1683.0,1683.0,1683.0,1683.0,1683.0,1683.0,1683.0,1683.0,1683.0,1683.0,1683.0,1683.0,1683.0,1683.0,1683.0,3.0,0.3,328.68481,311.05457,295.40638,282.36478,272.20777,264.87486,260.03097,257.16092,255.66692,254.94785,254.45004,253.6904,252.26063,249.82448,246.11888,240.96471,234.2868,226.13651,216.70664,206.32838,289.12663589532656,357.50303734337047,2138.24928,759.37914,3690.98291,-48.12513999999999
1684,1684,1684.0,1684.0,1684.0,1684.0,1684.0,1684.0,1684.0,1684.0,1684.0,1684.0,1684.0,1684.0,1684.0,1684.0,1684.0,1684.0,1684.0,1684.0,1684.0,1684.0,1684.0,1684.0,4.0,0.4,286.74397,284.23022,281.48941,278.48558,275.25149,271.88135,268.5139,265.31529,262.47046,260.18761,258.71421,258.35652,259.4906,262.55138,267.99062,276.20251,287.42753,301.6564,318.56245,337.48863,250.5363615212132,299.000519904773,2897.62842,494.7030100000002,2931.60377,-41.11865
1685,1685,1685.0,1685.0,1685.0,1685.0,1685.0,1685.0,1685.0,1685.0,1685.0,1685.0,1685.0,1685.0,1685.0,1685.0,1685.0,1685.0,1685.0,1685.0,1685.0,1685.0,1685.0,1685.0,5.0,0.5,254.3795,257.94704,261.01099,263.42832,265.16098,266.27618,266.9291,267.3337,267.72795,268.33927,269.35419,270.89543,273.00834,275.65896,278.74493,282.11884,285.62077,289.11344,292.51109,295.79352,267.1385521363496,325.61807874712406,3392.33143,432.1139599999997,2436.9007599999995,-46.72381999999999
1686,1686,1686.0,1686.0,1686.0,1686.0,1686.0,1686.0,1686.0,1686.0,1686.0,1686.0,1686.0,1686.0,1686.0,1686.0,1686.0,1686.0,1686.0,1686.0,1686.0,1686.0,1686.0,1686.0,6.0,0.6,266.73183,266.40241,266.21772,266.22852,266.46697,266.95003,267.68657,268.68622,269.96755,271.56397,273.5265,275.92309,278.83426,282.34502,286.53297,291.45323,297.12205,303.50219,310.4941,317.93648,323.9710833770684,276.5380998024376,3824.44539,339.72190000000046,2004.7868,-46.04996999999997
1687,1687,1687.0,1687.0,1687.0,1687.0,1687.0,1687.0,1687.0,1687.0,1687.0,1687.0,1687.0,1687.0,1687.0,1687.0,1687.0,1687.0,1687.0,1687.0,1687.0,1687.0,1687.0,1687.0,7.0,0.7,314.45675,305.42782,297.30815,290.4123,284.92068,280.87981,278.22283,276.80088,276.41529,276.84311,277.8524,279.20877,280.67742,282.02662,283.03755,283.52249,283.34954,282.46791,280.92561,278.87159,179.73189669382157,193.71058511067525,4164.16729,400.8929199999993,1665.0648999999994,-32.12018999999998
1688,1688,1688.0,1688.0,1688.0,1688.0,1688.0,1688.0,1688.0,1688.0,1688.0,1688.0,1688.0,1688.0,1688.0,1688.0,1688.0,1688.0,1688.0,1688.0,1688.0,1688.0,1688.0,1688.0,8.0,0.8,197.99803,215.32348,230.90723,244.19361,254.92072,263.10597,268.98014,272.89209,275.20914,276.23327,276.1452,274.98072,272.6379,268.91137,263.54817,256.3177,247.08587,235.87995,222.9295,208.67099,197.72992400228367,328.6601416688185,4565.06021,681.2622900000006,1264.17198,-49.89402999999999
1689,1689,1689.0,1689.0,1689.0,1689.0,1689.0,1689.0,1689.0,1689.0,1689.0,1689.0,1689.0,1689.0,1689.0,1689.0,1689.0,1689.0,1689.0,1689.0,1689.0,1689.0,1689.0,1689.0,9.0,0.9,207.0653,216.20875,224.97016,233.16522,240.62316,247.19831,252.78476,257.33279,260.86569,263.49538,265.4347,267.00263,268.61692,270.76821,273.97125,278.69403,285.27345,293.8347,304.23613,316.06007,367.1327144883163,285.80422954633855,5246.3225,582.9096899999995,582.9096899999995,-65.80169000000001
1690,1690,1690.0,1690.0,1690.0,1690.0,1690.0,1690.0,1690.0,1690.0,1690.0,1690.0,1690.0,1690.0,1690.0,1690.0,1690.0,1690.0,1690.0,1690.0,1690.0,1690.0,1690.0,1690.0,0.0,0.0,273.0,273.0,273.0,273.0,273.0,273.0,273.0,273.0,273.0,273.0,273.0,273.0,273.0,273.0,273.0,273.0,273.0,273.0,273.0,273.0,332.22602172736083,278.7169402396886,0.0,421.74391,5274.55169,-40.0
1691,1691,1691.0,1691.0,1691.0,1691.0,1691.0,1691.0,1691.0,1691.0,1691.0,1691.0,1691.0,1691.0,1691.0,1691.0,1691.0,1691.0,1691.0,1691.0,1691.0,1691.0,1691.0,1691.0,1.0,0.1,322.13157,312.49779,303.72235,296.09143,289.75529,284.73065,280.92517,278.1746,276.2825,275.05403,274.31937,273.94575,273.83972,273.94257,274.22179,274.66087,275.24941,275.97481,276.8166,277.744,301.15882247668867,178.51368810042618,421.74391,418.4435199999999,4852.80778,-28.26934999999997
1692,1692,1692.0,1692.0,1692.0,1692.0,1692.0,1692.0,1692.0,1692.0,1692.0,1692.0,1692.0,1692.0,1692.0,1692.0,1692.0,1692.0,1692.0,1692.0,1692.0,1692.0,1692.0,1692.0,2.0,0.2,299.30192,297.36776,295.29998,293.07739,290.71699,288.2648,285.77645,283.29182,280.80863,278.2593,275.49482,272.2792,268.29793,263.18368,256.56103,248.10746,237.62304,225.09454,210.73704,194.99766,224.8801560890509,276.1787864198391,840.18743,569.6761300000001,4434.36426,-24.73520000000002
1693,1693,1693.0,1693.0,1693.0,1693.0,1693.0,1693.0,1693.0,1693.0,1693.0,1693.0,1693.0,1693.0,1693.0,1693.0,1693.0,1693.0,1693.0,1693.0,1693.0,1693.0,1693.0,1693.0,3.0,0.3,235.66302,245.82865,254.84043,262.30452,268.00131,271.88367,274.04875,274.69639,274.08808,272.51689,270.29246,267.73824,265.19334,263.00893,261.53093,261.06532,261.83026,263.90599,267.19841,271.43176,278.3781925666377,334.5661488526641,1409.86356,533.77973,3864.688130000001,-41.116330000000005
1694,1694,1694.0,1694.0,1694.0,1694.0,1694.0,1694.0,1694.0,1694.0,1694.0,1694.0,1694.0,1694.0,1694.0,1694.0,1694.0,1694.0,1694.0,1694.0,1694.0,1694.0,1694.0,1694.0,4.0,0.4,276.03353,273.88186,272.07664,270.70395,269.77392,269.23296,268.99239,268.96534,269.10279,269.42155,270.01962,271.07683,272.84049,275.59674,279.62961,285.17146,292.35164,301.15275,311.38507,322.68862,224.8036683382428,345.4494240768989,1943.64329,395.40718000000015,3330.9084000000003,-43.76704000000001
1695,1695,1695.0,1695.0,1695.0,1695.0,1695.0,1695.0,1695.0,1695.0,1695.0,1695.0,1695.0,1695.0,1695.0,1695.0,1695.0,1695.0,1695.0,1695.0,1695.0,1695.0,1695.0,1695.0,5.0,0.5,232.64036,240.12115,246.94573,252.91266,257.94179,262.07387,265.4514,268.28856,270.83883,273.36675,276.127,279.35054,283.23554,287.94034,293.57608,300.19852,307.79987,316.303,325.56072,335.36249,361.4123775265774,195.4696003996407,2339.05047,352.1728399999997,2935.50122,-50.92613
1696,1696,1696.0,1696.0,1696.0,1696.0,1696.0,1696.0,1696.0,1696.0,1696.0,1696.0,1696.0,1696.0,1696.0,1696.0,1696.0,1696.0,1696.0,1696.0,1696.0,1696.0,1696.0,1696.0,6.0,0.6,343.95071,327.46098,312.77872,300.49801,290.9185,284.04884,279.65447,277.32767,276.55667,276.77694,277.39863,277.81537,277.40759,275.5561,271.67881,265.29441,256.10513,244.07937,229.50774,213.00861,234.9043139786656,251.1633677246056,2691.22331,440.0657500000002,2583.3283800000004,-28.951160000000016
1697,1697,1697.0,1697.0,1697.0,1697.0,1697.0,1697.0,1697.0,1697.0,1697.0,1697.0,1697.0,1697.0,1697.0,1697.0,1697.0,1697.0,1697.0,1697.0,1697.0,1697.0,1697.0,1697.0,7.0,0.7,245.01659,254.45521,262.65365,269.23207,274.03095,277.09558,278.62267,278.8894,278.18614,276.76885,274.83783,272.54055,269.98961,267.28442,264.52617,261.81984,259.26274,256.92449,254.82738,252.93615,203.4950158059004,225.84920033245,3131.28906,583.0689299999999,2143.26263,-35.904420000000016
1698,1698,1698.0,1698.0,1698.0,1698.0,1698.0,1698.0,1698.0,1698.0,1698.0,1698.0,1698.0,1698.0,1698.0,1698.0,1698.0,1698.0,1698.0,1698.0,1698.0,1698.0,1698.0,1698.0,8.0,0.8,214.92668,225.89939,236.0031,244.91587,252.42668,258.43909,262.95823,266.06599,267.89122,268.58045,268.27362,267.08712,265.10532,262.38066,258.94173,254.80775,250.00682,244.59387,238.6639,232.35643,320.3066697019608,226.9277589449281,3714.35799,732.8009999999999,1560.1937000000005,-54.56090999999998
1699,1699,1699.0,1699.0,1699.0,1699.0,1699.0,1699.0,1699.0,1699.0,1699.0,1699.0,1699.0,1699.0,1699.0,1699.0,1699.0,1699.0,1699.0,1699.0,1699.0,1699.0,1699.0,1699.0,9.0,0.9,308.5568,297.50748,287.74556,279.65775,273.38992,268.85631,265.78915,263.81049,262.50641,261.48816,260.43219,259.09839,257.33095,255.04826,252.22804,248.89216,245.09357,240.90622,236.4178,231.72455,177.10187717974873,196.3298583781728,4447.15899,827.3927000000003,827.3927000000003,-44.14368999999999
1700,1700,1700.0,1700.0,1700.0,1700.0,1700.0,1700.0,1700.0,1700.0,1700.0,1700.0,1700.0,1700.0,1700.0,1700.0,1700.0,1700.0,1700.0,1700.0,1700.0,1700.0,1700.0,1700.0,0.0,0.0,273.0,273.0,273.0,273.0,273.0,273.0,273.0,273.0,273.0,273.0,273.0,273.0,273.0,273.0,273.0,273.0,273.0,273.0,273.0,273.0,241.40915189005693,366.7543116712807,0.0,419.84563,5513.70506,-40.0
1701,1701,1701.0,1701.0,1701.0,1701.0,1701.0,1701.0,1701.0,1701.0,1701.0,1701.0,1701.0,1701.0,1701.0,1701.0,1701.0,1701.0,1701.0,1701.0,1701.0,1701.0,1701.0,1701.0,1.0,0.1,246.79587,251.93865,256.62813,260.71689,264.13462,266.89053,269.06573,270.80122,272.28673,273.75405,275.47498,277.76056,280.95569,285.42247,291.50756,299.49334,309.53939,321.62683,335.52193,350.77388,222.08347114228167,241.2086298191432,419.84563,370.78769,5093.85943,-46.10946999999999
1702,1702,1702.0,1702.0,1702.0,1702.0,1702.0,1702.0,1702.0,1702.0,1702.0,1702.0,1702.0,1702.0,1702.0,1702.0,1702.0,1702.0,1702.0,1702.0,1702.0,1702.0,1702.0,1702.0,2.0,0.2,229.34626,236.39945,243.06199,249.20396,254.75864,259.72201,264.14009,268.08626,271.63202,274.815,277.60892,279.90116,281.48438,282.06905,281.32095,278.92287,274.65193,268.4561,260.50878,251.22213,184.04783422730853,287.974538289439,790.63332,548.59459,4723.07174,-53.27798999999999
1703,1703,1703.0,1703.0,1703.0,1703.0,1703.0,1703.0,1703.0,1703.0,1703.0,1703.0,1703.0,1703.0,1703.0,1703.0,1703.0,1703.0,1703.0,1703.0,1703.0,1703.0,1703.0,1703.0,3.0,0.3,196.42381,208.41788,219.69175,229.98472,239.13137,247.06158,253.78591,259.37336,263.92883,267.57584,270.44754,272.68486,274.43866,275.87074,277.14951,278.43778,279.87374,281.54953,283.49428,285.66858,276.30111208240146,258.8331459931044,1339.22791,645.78656,4174.477150000001,-65.93842000000001
1704,1704,1704.0,1704.0,1704.0,1704.0,1704.0,1704.0,1704.0,1704.0,1704.0,1704.0,1704.0,1704.0,1704.0,1704.0,1704.0,1704.0,1704.0,1704.0,1704.0,1704.0,1704.0,1704.0,4.0,0.4,270.28137,264.8129,260.35793,257.22209,255.52252,255.19504,256.03252,257.73975,259.98926,262.46561,264.89266,267.04411,268.74242,269.85297,270.27959,269.96531,268.89834,267.1208,264.73498,261.90251,260.9158312852239,325.2605538822221,1985.01447,590.2520599999998,3528.69059,-57.80496
1705,1705,1705.0,1705.0,1705.0,1705.0,1705.0,1705.0,1705.0,1705.0,1705.0,1705.0,1705.0,1705.0,1705.0,1705.0,1705.0,1705.0,1705.0,1705.0,1705.0,1705.0,1705.0,1705.0,5.0,0.5,260.67233,260.45943,260.3103,260.2616,260.35188,260.61834,261.09368,261.80565,262.78101,264.05433,265.68007,267.7442,270.37059,273.717,277.95736,283.25026,289.69825,297.30716,305.95709,315.39584,361.25171838925087,177.50452317123973,2575.26653,505.7309100000002,2938.4385300000004,-52.38166000000001
1706,1706,1706.0,1706.0,1706.0,1706.0,1706.0,1706.0,1706.0,1706.0,1706.0,1706.0,1706.0,1706.0,1706.0,1706.0,1706.0,1706.0,1706.0,1706.0,1706.0,1706.0,1706.0,1706.0,6.0,0.6,344.27509,328.11283,313.47166,300.86666,290.57716,282.64556,276.9104,273.05697,270.66796,269.26125,268.31054,267.25328,265.49692,262.43704,257.49776,250.19752,240.2322,227.55681,212.44066,195.47267,210.830068034987,238.44951463841304,3080.99744,631.74784,2432.70762,-30.35444000000001
1707,1707,1707.0,1707.0,1707.0,1707.0,1707.0,1707.0,1707.0,1707.0,1707.0,1707.0,1707.0,1707.0,1707.0,1707.0,1707.0,1707.0,1707.0,1707.0,1707.0,1707.0,1707.0,1707.0,7.0,0.7,224.66052,237.59445,248.87189,257.97197,264.65894,268.96717,271.1382,271.53403,270.55253,268.56429,265.88001,262.7462,259.35975,255.88832,252.48479,249.28878,246.41416,243.92824,241.83212,240.05221,209.12557993418363,269.7253434673108,3712.74528,766.0437499999998,1800.95978,-44.03282999999999
1708,1708,1708.0,1708.0,1708.0,1708.0,1708.0,1708.0,1708.0,1708.0,1708.0,1708.0,1708.0,1708.0,1708.0,1708.0,1708.0,1708.0,1708.0,1708.0,1708.0,1708.0,1708.0,1708.0,8.0,0.8,217.78793,226.145,233.91525,240.86178,246.80813,251.64768,255.34663,257.94136,259.53163,260.27132,260.35766,260.01931,259.50281,259.05638,258.91038,259.2548,260.21614,261.83789,264.06973,266.77025,341.120059993504,372.65345164987815,4478.78903,685.4463000000005,1034.9160300000003,-61.35231999999999
1709,1709,1709.0,1709.0,1709.0,1709.0,1709.0,1709.0,1709.0,1709.0,1709.0,1709.0,1709.0,1709.0,1709.0,1709.0,1709.0,1709.0,1709.0,1709.0,1709.0,1709.0,1709.0,1709.0,9.0,0.9,324.97753,309.71702,296.09024,284.62008,275.55552,268.88549,264.40154,261.7887,260.72146,260.94574,262.33469,264.91323,268.85087,274.42495,281.9587,291.74125,303.94109,318.52923,335.23014,353.51632,364.1193065886351,257.24909036247806,5164.23533,349.4697299999998,349.4697299999998,-44.11451
1710,1710,1710.0,1710.0,1710.0,1710.0,1710.0,1710.0,1710.0,1710.0,1710.0,1710.0,1710.0,1710.0,1710.0,1710.0,1710.0,1710.0,1710.0,1710.0,1710.0,1710.0,1710.0,1710.0,0.0,0.0,273.0,273.0,273.0,273.0,273.0,273.0,273.0,273.0,273.0,273.0,273.0,273.0,273.0,273.0,273.0,273.0,273.0,273.0,273.0,273.0,214.3845382868204,299.345717109592,0.0,466.8924,1972.89779,2.747299999999996
1711,1711,1711.0,1711.0,1711.0,1711.0,1711.0,1711.0,1711.0,1711.0,1711.0,1711.0,1711.0,1711.0,1711.0,1711.0,1711.0,1711.0,1711.0,1711.0,1711.0,1711.0,1711.0,1711.0,1.0,0.1,224.37569,233.91153,242.59938,250.15777,256.4412,261.4391,265.25341,268.06432,270.09437,271.57864,272.74513,273.80464,274.9472,276.34028,278.12493,280.40794,283.25053,286.65669,290.56581,294.85386,336.1943056551081,327.7749489765997,466.8924,431.58695,1506.0053899999998,2.747299999999996
1712,1712,1712.0,1712.0,1712.0,1712.0,1712.0,1712.0,1712.0,1712.0,1712.0,1712.0,1712.0,1712.0,1712.0,1712.0,1712.0,1712.0,1712.0,1712.0,1712.0,1712.0,1712.0,1712.0,2.0,0.2,322.56172,309.723,298.35458,288.92681,281.66275,276.5488,273.38739,271.87304,271.67091,272.48137,274.08156,276.34208,279.22227,282.74969,286.98954,292.00982,297.84718,304.47893,311.80622,319.65195,326.3208679086922,362.2918297419774,898.47935,241.26017000000013,1074.41844,2.747299999999996
1713,1713,1713.0,1713.0,1713.0,1713.0,1713.0,1713.0,1713.0,1713.0,1713.0,1713.0,1713.0,1713.0,1713.0,1713.0,1713.0,1713.0,1713.0,1713.0,1713.0,1713.0,1713.0,1713.0,3.0,0.3,319.29807,312.47309,306.03678,300.16604,295.01728,290.72113,287.37976,285.0678,283.83732,283.72612,284.76746,286.99869,290.46532,295.21809,301.30139,308.73381,317.4842,327.44885,338.43663,350.16815,329.6419786365544,343.1097236122968,1139.73952,113.22597999999994,833.1582699999999,2.747299999999996
1714,1714,1714.0,1714.0,1714.0,1714.0,1714.0,1714.0,1714.0,1714.0,1714.0,1714.0,1714.0,1714.0,1714.0,1714.0,1714.0,1714.0,1714.0,1714.0,1714.0,1714.0,1714.0,1714.0,4.0,0.4,323.86209,318.25179,312.97382,308.17816,303.99768,300.54543,297.91338,296.17162,295.36765,295.52489,296.6407,298.6843,301.5957,305.28693,309.64671,314.54884,319.86344,325.46899,331.26208,337.16223,368.3341122089898,263.77178805901855,1252.9655,87.15200000000004,719.93229,2.747299999999996
1715,1715,1715.0,1715.0,1715.0,1715.0,1715.0,1715.0,1715.0,1715.0,1715.0,1715.0,1715.0,1715.0,1715.0,1715.0,1715.0,1715.0,1715.0,1715.0,1715.0,1715.0,1715.0,1715.0,5.0,0.5,357.49702,347.07938,337.45517,328.91659,321.65315,315.7473,311.18345,307.86375,305.62422,304.2466,303.46476,302.96857,302.41036,301.4203,299.63512,296.74054,292.52216,286.91383,280.02963,272.16659,249.7913142421561,276.9308330848295,1340.1175,128.07324999999992,632.7802899999999,2.747299999999996
1716,1716,1716.0,1716.0,1716.0,1716.0,1716.0,1716.0,1716.0,1716.0,1716.0,1716.0,1716.0,1716.0,1716.0,1716.0,1716.0,1716.0,1716.0,1716.0,1716.0,1716.0,1716.0,1716.0,6.0,0.6,262.0689,273.59508,283.73222,292.04251,298.32765,302.61817,305.12205,306.15189,306.05106,305.13502,303.65619,301.79255,299.65463,297.30315,294.76931,292.07217,289.2301,286.26591,283.20729,280.085,313.2855615281408,360.1882121529402,1468.19075,115.65440000000012,504.70704,2.747299999999996
1717,1717,1717.0,1717.0,1717.0,1717.0,1717.0,1717.0,1717.0,1717.0,1717.0,1717.0,1717.0,1717.0,1717.0,1717.0,1717.0,1717.0,1717.0,1717.0,1717.0,1717.0,1717.0,1717.0,7.0,0.7,310.16829,307.30066,304.88333,303.03263,301.76774,301.02251,300.67694,300.59931,300.68884,300.91088,301.3195,302.06472,303.38333,305.57253,308.94735,313.78486,320.26279,328.40377,338.03971,348.80834,348.36663585184374,252.7574873555304,1583.84515,76.84377999999992,389.0526399999999,2.747299999999996
1718,1718,1718.0,1718.0,1718.0,1718.0,1718.0,1718.0,1718.0,1718.0,1718.0,1718.0,1718.0,1718.0,1718.0,1718.0,1718.0,1718.0,1718.0,1718.0,1718.0,1718.0,1718.0,1718.0,8.0,0.8,340.61238,333.20029,326.43096,320.53078,315.63405,311.78111,308.92879,306.96671,305.73236,305.02003,304.58269,304.12989,303.32831,301.81315,299.21654,295.21447,289.58673,282.27641,273.43168,263.41309,184.82465887277385,285.3485904436586,1660.68893,130.19155,312.20886,2.747299999999996
1719,1719,1719.0,1719.0,1719.0,1719.0,1719.0,1719.0,1719.0,1719.0,1719.0,1719.0,1719.0,1719.0,1719.0,1719.0,1719.0,1719.0,1719.0,1719.0,1719.0,1719.0,1719.0,1719.0,9.0,0.9,207.1971,228.42026,247.50837,263.76399,276.83814,286.71957,293.66689,298.10951,300.54601,301.46227,301.28068,300.34058,298.90236,297.16374,295.27765,293.36423,291.51435,289.78634,288.20078,286.73893,371.2387663497958,247.96093683776348,1790.88048,182.01730999999995,182.01730999999995,2.747299999999996
1720,1720,1720.0,1720.0,1720.0,1720.0,1720.0,1720.0,1720.0,1720.0,1720.0,1720.0,1720.0,1720.0,1720.0,1720.0,1720.0,1720.0,1720.0,1720.0,1720.0,1720.0,1720.0,1720.0,0.0,0.0,273.0,273.0,273.0,273.0,273.0,273.0,273.0,273.0,273.0,273.0,273.0,273.0,273.0,273.0,273.0,273.0,273.0,273.0,273.0,273.0,295.0665260937741,310.4797443760226,0.0,418.30816,3395.06511,-40.0
1721,1721,1721.0,1721.0,1721.0,1721.0,1721.0,1721.0,1721.0,1721.0,1721.0,1721.0,1721.0,1721.0,1721.0,1721.0,1721.0,1721.0,1721.0,1721.0,1721.0,1721.0,1721.0,1721.0,1.0,0.1,291.3064,287.71854,284.45216,281.61576,279.26894,277.42452,276.05976,275.13294,274.60189,274.44073,274.65235,275.27499,276.38159,278.07108,280.45159,283.61686,287.61928,292.4448,297.99646,304.09217,293.1653705108353,305.9975145150452,418.30816,322.02869000000004,2976.75695,-35.57548000000003
1722,1722,1722.0,1722.0,1722.0,1722.0,1722.0,1722.0,1722.0,1722.0,1722.0,1722.0,1722.0,1722.0,1722.0,1722.0,1722.0,1722.0,1722.0,1722.0,1722.0,1722.0,1722.0,1722.0,2.0,0.2,290.88332,288.6599,286.55273,284.61754,282.90719,281.47075,280.35263,279.59207,279.22257,279.27141,279.75885,280.69707,282.08862,283.92491,286.18499,288.83503,291.82896,295.11002,298.61308,302.2671,323.3414825574134,278.43298162844724,740.33685,264.49155,2654.72826,-31.52924999999999
1723,1723,1723.0,1723.0,1723.0,1723.0,1723.0,1723.0,1723.0,1723.0,1723.0,1723.0,1723.0,1723.0,1723.0,1723.0,1723.0,1723.0,1723.0,1723.0,1723.0,1723.0,1723.0,1723.0,3.0,0.3,316.49614,309.93378,303.90414,298.59761,294.13132,290.54836,287.82771,285.89992,284.66343,283.9975,283.77025,283.84246,284.06972,284.30588,284.41045,284.26075,283.76746,282.89007,281.64742,280.11873,303.1597992142936,320.8463510884534,1004.8284,232.58512000000007,2390.23671,-22.45164
1724,1724,1724.0,1724.0,1724.0,1724.0,1724.0,1724.0,1724.0,1724.0,1724.0,1724.0,1724.0,1724.0,1724.0,1724.0,1724.0,1724.0,1724.0,1724.0,1724.0,1724.0,1724.0,1724.0,4.0,0.4,301.68599,300.17054,298.58623,296.93061,295.22985,293.53579,291.91835,290.45667,289.23219,288.32597,287.82023,287.80231,288.3678,289.61895,291.65573,294.5586,298.36557,303.04889,308.49857,314.5196,215.9165194353892,183.37469881562365,1237.41352,246.13963999999987,2157.65159,-19.46420999999998
1725,1725,1725.0,1725.0,1725.0,1725.0,1725.0,1725.0,1725.0,1725.0,1725.0,1725.0,1725.0,1725.0,1725.0,1725.0,1725.0,1725.0,1725.0,1725.0,1725.0,1725.0,1725.0,1725.0,5.0,0.5,229.28746,241.99659,253.47573,263.32193,271.33187,277.49432,281.9469,284.91013,286.61396,287.23045,286.8223,285.31392,282.4895,278.02101,271.52646,262.65384,251.17861,237.09547,220.68051,202.50282,364.9150226924461,243.550238447506,1483.55316,440.76503,1911.51195,-35.505679999999984
1726,1726,1726.0,1726.0,1726.0,1726.0,1726.0,1726.0,1726.0,1726.0,1726.0,1726.0,1726.0,1726.0,1726.0,1726.0,1726.0,1726.0,1726.0,1726.0,1726.0,1726.0,1726.0,1726.0,6.0,0.6,348.64002,333.26992,319.56399,308.02478,298.84498,291.918,286.90087,283.30707,280.60497,278.30224,276.00569,273.45353,270.52268,267.21548,263.63047,259.92209,256.2548,252.75935,249.49984,246.45965,236.46679911640035,306.9694103955254,1924.31819,422.5326,1470.74692,-21.082
1727,1727,1727.0,1727.0,1727.0,1727.0,1727.0,1727.0,1727.0,1727.0,1727.0,1727.0,1727.0,1727.0,1727.0,1727.0,1727.0,1727.0,1727.0,1727.0,1727.0,1727.0,1727.0,1727.0,7.0,0.7,247.28285,257.3534,266.0478,272.93756,277.83728,280.79552,282.04671,281.94371,280.89197,279.30012,277.5529,276.00332,274.97503,274.76372,275.62899,277.77287,281.30781,286.22306,292.36159,299.41881,267.8293204329633,242.69988014691413,2346.85079,392.36758999999984,1048.21432,-32.20447999999999
1728,1728,1728.0,1728.0,1728.0,1728.0,1728.0,1728.0,1728.0,1728.0,1728.0,1728.0,1728.0,1728.0,1728.0,1728.0,1728.0,1728.0,1728.0,1728.0,1728.0,1728.0,1728.0,1728.0,8.0,0.8,268.88666,269.96803,271.08344,272.22006,273.34131,274.39374,275.31823,276.06055,276.57662,276.83003,276.78234,276.37972,275.54159,274.15741,272.09629,269.23059,265.47008,260.79835,255.30043,249.17139,275.95414646079377,360.4631029935733,2739.21838,406.5400800000002,655.8467300000002,-38.60626000000002
1729,1729,1729.0,1729.0,1729.0,1729.0,1729.0,1729.0,1729.0,1729.0,1729.0,1729.0,1729.0,1729.0,1729.0,1729.0,1729.0,1729.0,1729.0,1729.0,1729.0,1729.0,1729.0,1729.0,9.0,0.9,275.54526,275.17998,274.89315,274.70471,274.61807,274.6242,274.71138,274.87998,275.16074,275.63456,276.45032,277.8362,280.09842,283.60158,288.72671,295.80827,305.05863,316.49581,329.8944,344.77808,311.7365749960352,333.35619868083575,3145.75846,249.30665,249.30665,-38.37580000000003
1730,1730,1730.0,1730.0,1730.0,1730.0,1730.0,1730.0,1730.0,1730.0,1730.0,1730.0,1730.0,1730.0,1730.0,1730.0,1730.0,1730.0,1730.0,1730.0,1730.0,1730.0,1730.0,1730.0,0.0,0.0,273.0,273.0,273.0,273.0,273.0,273.0,273.0,273.0,273.0,273.0,273.0,273.0,273.0,273.0,273.0,273.0,273.0,273.0,273.0,273.0,324.86868731565426,234.71890540625952,0.0,449.83582,5163.62159,-40.0
1731,1731,1731.0,1731.0,1731.0,1731.0,1731.0,1731.0,1731.0,1731.0,1731.0,1731.0,1731.0,1731.0,1731.0,1731.0,1731.0,1731.0,1731.0,1731.0,1731.0,1731.0,1731.0,1731.0,1.0,0.1,316.02717,307.58828,299.89905,293.2078,287.64173,283.2074,279.80966,277.2808,275.41077,273.97176,272.73403,271.47388,269.97754,268.04568,265.50255,262.21135,258.09409,253.15119,247.47412,241.24487,311.45605769812346,219.1657757932713,449.83582,492.58017,4713.78577,-29.7926
1732,1732,1732.0,1732.0,1732.0,1732.0,1732.0,1732.0,1732.0,1732.0,1732.0,1732.0,1732.0,1732.0,1732.0,1732.0,1732.0,1732.0,1732.0,1732.0,1732.0,1732.0,1732.0,1732.0,2.0,0.2,307.40948,303.38971,299.42639,295.55282,291.80317,288.20651,284.77872,281.51445,278.38107,275.31604,272.22836,269.00416,265.51606,261.63565,257.24845,252.2699,246.6605,240.43759,233.68073,226.52848,334.74743405275615,195.56759684705503,942.41599,575.9797800000001,4221.205599999999,-24.79349000000002
1733,1733,1733.0,1733.0,1733.0,1733.0,1733.0,1733.0,1733.0,1733.0,1733.0,1733.0,1733.0,1733.0,1733.0,1733.0,1733.0,1733.0,1733.0,1733.0,1733.0,1733.0,1733.0,1733.0,3.0,0.3,326.98711,319.42112,312.21667,305.49241,299.30637,293.65448,288.47761,283.6738,279.11159,274.64166,270.10563,265.34255,260.19485,254.51591,248.18082,241.10043,233.23698,224.61794,215.34358,205.58455,178.27490296457904,307.2189526759994,1518.39577,632.0486700000001,3645.22582,-19.345520000000025
1734,1734,1734.0,1734.0,1734.0,1734.0,1734.0,1734.0,1734.0,1734.0,1734.0,1734.0,1734.0,1734.0,1734.0,1734.0,1734.0,1734.0,1734.0,1734.0,1734.0,1734.0,1734.0,1734.0,4.0,0.4,198.35103,217.26667,234.02294,247.90697,258.55473,265.94682,270.35025,272.23121,272.166,270.77075,268.65855,266.42116,264.62392,263.79891,264.42422,266.88394,271.41325,278.04226,286.55804,296.50293,221.24811250222183,319.4813760011654,2150.44444,611.0787999999998,3013.1771499999995,-47.05318
1735,1735,1735.0,1735.0,1735.0,1735.0,1735.0,1735.0,1735.0,1735.0,1735.0,1735.0,1735.0,1735.0,1735.0,1735.0,1735.0,1735.0,1735.0,1735.0,1735.0,1735.0,1735.0,1735.0,5.0,0.5,226.74962,232.20093,237.53783,242.67531,247.51213,251.94685,255.90079,259.34146,262.30006,264.87852,267.24476,269.61703,272.24032,275.35798,279.18235,283.86734,289.48635,296.0183,303.34438,311.25709,192.16492993700984,364.5650984329732,2761.52324,588.5425599999999,2402.09835,-61.05314999999999
1736,1736,1736.0,1736.0,1736.0,1736.0,1736.0,1736.0,1736.0,1736.0,1736.0,1736.0,1736.0,1736.0,1736.0,1736.0,1736.0,1736.0,1736.0,1736.0,1736.0,1736.0,1736.0,1736.0,6.0,0.6,201.94938,211.45965,220.45678,228.76552,236.29085,243.0218,249.02474,254.43028,259.41866,264.20678,269.03806,274.1737,279.88252,286.42613,294.03716,302.89094,313.07418,324.55714,337.17789,350.64539,367.600202995361,271.7253784972375,3350.0658,465.56096000000025,1813.55579,-69.97819999999999
1737,1737,1737.0,1737.0,1737.0,1737.0,1737.0,1737.0,1737.0,1737.0,1737.0,1737.0,1737.0,1737.0,1737.0,1737.0,1737.0,1737.0,1737.0,1737.0,1737.0,1737.0,1737.0,1737.0,7.0,0.7,345.77809,325.23627,307.07655,292.08509,280.66435,272.84062,268.33198,266.64893,267.19686,269.35744,272.53808,276.1917,279.81801,282.96142,285.21858,286.26227,285.87964,284.01406,280.79506,276.54097,187.2159047577392,221.7949169922561,3815.62676,405.88219000000026,1347.9948299999996,-40.15938
1738,1738,1738.0,1738.0,1738.0,1738.0,1738.0,1738.0,1738.0,1738.0,1738.0,1738.0,1738.0,1738.0,1738.0,1738.0,1738.0,1738.0,1738.0,1738.0,1738.0,1738.0,1738.0,1738.0,8.0,0.8,204.1888,220.19503,234.4259,246.34841,255.75559,262.74385,267.6321,270.85052,272.82916,273.90987,274.29403,274.02806,273.02133,271.08774,268.00208,263.56224,257.64873,250.27228,241.60067,231.95812,352.2164403461218,313.95495712889624,4221.50895,542.0194699999993,942.1126399999994,-50.25614999999999
1739,1739,1739.0,1739.0,1739.0,1739.0,1739.0,1739.0,1739.0,1739.0,1739.0,1739.0,1739.0,1739.0,1739.0,1739.0,1739.0,1739.0,1739.0,1739.0,1739.0,1739.0,1739.0,1739.0,9.0,0.9,335.36952,319.50405,305.44728,293.75549,284.6602,278.08326,273.7082,271.08337,269.72983,269.23277,269.30413,269.81269,270.78335,272.3696,274.80403,278.3331,283.14529,289.30522,296.7085,305.07046,261.21683580291443,243.67044200213093,4763.52842,400.0931700000001,400.0931700000001,-34.916740000000004
1740,1740,1740.0,1740.0,1740.0,1740.0,1740.0,1740.0,1740.0,1740.0,1740.0,1740.0,1740.0,1740.0,1740.0,1740.0,1740.0,1740.0,1740.0,1740.0,1740.0,1740.0,1740.0,1740.0,0.0,0.0,273.0,273.0,273.0,273.0,273.0,273.0,273.0,273.0,273.0,273.0,273.0,273.0,273.0,273.0,273.0,273.0,273.0,273.0,273.0,273.0,363.0252741915722,351.85793421475535,0.0,378.97122,5949.52243,-40.0
1741,1741,1741.0,1741.0,1741.0,1741.0,1741.0,1741.0,1741.0,1741.0,1741.0,1741.0,1741.0,1741.0,1741.0,1741.0,1741.0,1741.0,1741.0,1741.0,1741.0,1741.0,1741.0,1741.0,1.0,0.1,347.68318,333.04257,319.70997,308.12411,298.52056,290.9379,285.25883,281.27241,278.74159,277.46291,277.30959,278.25392,280.36772,283.80157,288.7447,295.37036,303.77438,313.91906,325.59591,338.4195,181.68796583322964,284.2666026777485,378.97122,239.52202,5570.55121,-22.062099999999987
1742,1742,1742.0,1742.0,1742.0,1742.0,1742.0,1742.0,1742.0,1742.0,1742.0,1742.0,1742.0,1742.0,1742.0,1742.0,1742.0,1742.0,1742.0,1742.0,1742.0,1742.0,1742.0,1742.0,2.0,0.2,201.84094,220.85809,237.78137,251.96595,263.14452,271.4134,277.15459,280.92113,283.31643,284.89159,286.07442,287.13373,288.17558,289.16541,289.9695,290.40878,290.31726,289.59553,288.24842,286.39789,283.03065914447853,333.30802511213074,618.49324,306.3642,5331.029189999999,-41.586599999999976
1743,1743,1743.0,1743.0,1743.0,1743.0,1743.0,1743.0,1743.0,1743.0,1743.0,1743.0,1743.0,1743.0,1743.0,1743.0,1743.0,1743.0,1743.0,1743.0,1743.0,1743.0,1743.0,1743.0,3.0,0.3,279.21252,275.84121,273.28316,271.76534,271.3513,271.95523,273.38567,275.4041,277.78282,280.35027,283.01782,285.78746,288.74279,292.02708,295.81181,300.25934,305.48452,311.52118,318.30084,325.64986,185.7840880765449,302.7377397851799,924.85744,286.99065999999993,5024.664989999999,-41.04477000000003
1744,1744,1744.0,1744.0,1744.0,1744.0,1744.0,1744.0,1744.0,1744.0,1744.0,1744.0,1744.0,1744.0,1744.0,1744.0,1744.0,1744.0,1744.0,1744.0,1744.0,1744.0,1744.0,1744.0,4.0,0.4,201.00717,215.59441,229.00391,240.85944,250.98492,259.39776,266.26898,271.86443,276.48311,280.40519,283.85636,286.99012,289.88577,292.55854,294.97841,297.09418,298.85928,300.2553,301.30856,302.09591,197.7915602233889,173.70513410794695,1211.8481,487.21839,4737.67433,-53.60224
1745,1745,1745.0,1745.0,1745.0,1745.0,1745.0,1745.0,1745.0,1745.0,1745.0,1745.0,1745.0,1745.0,1745.0,1745.0,1745.0,1745.0,1745.0,1745.0,1745.0,1745.0,1745.0,1745.0,5.0,0.5,207.06184,216.21227,225.12387,233.67993,241.76774,249.27947,256.11029,262.15171,267.27921,271.33502,274.10969,275.32865,274.65185,271.69447,266.07341,257.47835,245.75692,230.99582,213.57437,194.17005,279.0212719301195,182.17962576275795,1699.06649,809.6774499999999,4250.45594,-63.72053
1746,1746,1746.0,1746.0,1746.0,1746.0,1746.0,1746.0,1746.0,1746.0,1746.0,1746.0,1746.0,1746.0,1746.0,1746.0,1746.0,1746.0,1746.0,1746.0,1746.0,1746.0,1746.0,1746.0,6.0,0.6,273.15853,267.80322,263.37466,260.13583,258.15827,257.32399,257.35823,257.8808,258.46241,258.67526,258.13189,256.51113,253.57313,249.16642,243.22956,235.78904,226.95385,216.90695,205.89389,194.20894,291.3123665653254,214.0326833579516,2508.74394,965.91604,3440.77849,-55.67601000000002
1747,1747,1747.0,1747.0,1747.0,1747.0,1747.0,1747.0,1747.0,1747.0,1747.0,1747.0,1747.0,1747.0,1747.0,1747.0,1747.0,1747.0,1747.0,1747.0,1747.0,1747.0,1747.0,1747.0,7.0,0.7,285.97219,280.82133,276.02113,271.68226,267.85076,264.50486,261.56219,258.89533,256.35272,253.78152,251.04956,248.06321,244.77882,241.20578,237.39987,233.44784,229.44563,225.47505,221.58477,217.78128,348.088429517514,214.70055998971225,3474.65998,964.4179600000002,2474.86245,-48.49513999999999
1748,1748,1748.0,1748.0,1748.0,1748.0,1748.0,1748.0,1748.0,1748.0,1748.0,1748.0,1748.0,1748.0,1748.0,1748.0,1748.0,1748.0,1748.0,1748.0,1748.0,1748.0,1748.0,1748.0,8.0,0.8,334.14645,320.69325,308.15194,296.82856,286.88564,278.34276,271.10008,264.97568,259.74653,255.18462,251.08316,247.2717,243.62137,240.04301,236.48115,232.90603,229.30577,225.67945,222.03179,218.36973,312.9384095856018,290.772314898228,4439.07794,835.3940400000001,1510.44449,-34.65724
1749,1749,1749.0,1749.0,1749.0,1749.0,1749.0,1749.0,1749.0,1749.0,1749.0,1749.0,1749.0,1749.0,1749.0,1749.0,1749.0,1749.0,1749.0,1749.0,1749.0,1749.0,1749.0,1749.0,9.0,0.9,308.11233,303.18829,298.09432,292.80358,287.34238,281.78687,276.25171,270.87659,265.81585,261.23462,257.31116,254.24211,252.24443,251.54793,252.37362,254.8974,259.20429,265.2436,272.79864,281.48335,250.2987004904403,209.72125439513724,5274.47198,675.0504499999997,675.0504499999997,-31.21312999999998
1750,1750,1750.0,1750.0,1750.0,1750.0,1750.0,1750.0,1750.0,1750.0,1750.0,1750.0,1750.0,1750.0,1750.0,1750.0,1750.0,1750.0,1750.0,1750.0,1750.0,1750.0,1750.0,1750.0,0.0,0.0,273.0,273.0,273.0,273.0,273.0,273.0,273.0,273.0,273.0,273.0,273.0,273.0,273.0,273.0,273.0,273.0,273.0,273.0,273.0,273.0,308.8164780861191,277.9343350315553,0.0,429.90747,3334.70638,5.39888000000002
1751,1751,1751.0,1751.0,1751.0,1751.0,1751.0,1751.0,1751.0,1751.0,1751.0,1751.0,1751.0,1751.0,1751.0,1751.0,1751.0,1751.0,1751.0,1751.0,1751.0,1751.0,1751.0,1751.0,1.0,0.1,302.7119,296.88598,291.57928,286.96489,283.13379,280.09634,277.79718,276.13786,275.00087,274.27036,273.84637,273.65227,273.63604,273.76724,274.03122,274.42217,274.93615,275.56516,276.29309,277.0942,312.4569483664173,367.443399231356,429.90747,336.73607000000004,2904.79891,5.39888000000002
1752,1752,1752.0,1752.0,1752.0,1752.0,1752.0,1752.0,1752.0,1752.0,1752.0,1752.0,1752.0,1752.0,1752.0,1752.0,1752.0,1752.0,1752.0,1752.0,1752.0,1752.0,1752.0,1752.0,2.0,0.2,307.51745,302.70886,298.15248,293.95243,290.19176,286.93329,284.22555,282.11347,280.6527,279.92577,280.05705,281.22241,283.64878,287.59854,293.33623,301.07864,310.93545,322.85303,336.57727,351.64959,298.6796132654521,214.12369416427487,766.64354,215.16708999999992,2568.06284,5.39888000000002
1753,1753,1753.0,1753.0,1753.0,1753.0,1753.0,1753.0,1753.0,1753.0,1753.0,1753.0,1753.0,1753.0,1753.0,1753.0,1753.0,1753.0,1753.0,1753.0,1753.0,1753.0,1753.0,1753.0,3.0,0.3,297.22594,295.75879,294.27775,292.80471,291.38643,290.08895,288.98392,288.12797,287.5371,287.15907,286.84781,286.34603,285.28374,283.20044,279.59642,274.01197,266.12385,255.83918,243.3606,229.19936,349.4962718060531,201.09115118991377,981.81063,344.481,2352.89575,5.39888000000002
1754,1754,1754.0,1754.0,1754.0,1754.0,1754.0,1754.0,1754.0,1754.0,1754.0,1754.0,1754.0,1754.0,1754.0,1754.0,1754.0,1754.0,1754.0,1754.0,1754.0,1754.0,1754.0,1754.0,4.0,0.4,339.502,329.91121,321.07005,313.22196,306.48279,300.83836,296.16053,292.2347,288.79053,285.5298,282.1489,278.35584,273.88435,268.5073,262.05146,254.41312,245.57287,235.60606,224.68509,213.07067,361.4073984513348,321.40741844932074,1326.29163,408.4385,2008.41475,5.39888000000002
1755,1755,1755.0,1755.0,1755.0,1755.0,1755.0,1755.0,1755.0,1755.0,1755.0,1755.0,1755.0,1755.0,1755.0,1755.0,1755.0,1755.0,1755.0,1755.0,1755.0,1755.0,1755.0,1755.0,5.0,0.5,351.79025,342.38105,333.36404,324.88077,317.01952,309.81506,303.25886,297.31856,291.96396,287.1963,283.07605,279.74345,277.42508,276.41959,277.05866,279.64429,284.37144,291.25261,300.06531,310.34132,372.1359405195423,322.56102573317366,1734.73013,254.6729300000001,1599.9762500000002,5.39888000000002
1756,1756,1756.0,1756.0,1756.0,1756.0,1756.0,1756.0,1756.0,1756.0,1756.0,1756.0,1756.0,1756.0,1756.0,1756.0,1756.0,1756.0,1756.0,1756.0,1756.0,1756.0,1756.0,1756.0,6.0,0.6,362.18826,352.4293,343.03421,334.15417,325.91117,318.39888,311.68831,305.83628,300.89409,296.91391,293.95141,292.06377,291.30342,291.70825,293.29,296.02264,299.83274,304.59384,310.12622,316.20281,234.5945137900634,320.5635452543892,1989.40306,141.65866000000003,1345.30332,5.39888000000002
1757,1757,1757.0,1757.0,1757.0,1757.0,1757.0,1757.0,1757.0,1757.0,1757.0,1757.0,1757.0,1757.0,1757.0,1757.0,1757.0,1757.0,1757.0,1757.0,1757.0,1757.0,1757.0,1757.0,7.0,0.7,249.695,263.8509,276.26127,286.37921,293.96656,299.08701,302.04867,303.31742,303.42496,302.89044,302.16608,301.60827,301.46995,301.9072,302.99314,304.73414,307.08509,309.96272,313.2564,316.8369,203.79605384899307,225.36347084074384,2131.06172,142.71654999999964,1203.64466,5.39888000000002
1758,1758,1758.0,1758.0,1758.0,1758.0,1758.0,1758.0,1758.0,1758.0,1758.0,1758.0,1758.0,1758.0,1758.0,1758.0,1758.0,1758.0,1758.0,1758.0,1758.0,1758.0,1758.0,1758.0,8.0,0.8,218.5419,232.76578,246.00179,257.88534,268.17945,276.77883,283.69295,289.01309,292.87027,295.39118,296.65886,296.68432,295.39475,292.64275,288.2386,282.00339,273.83441,263.76905,252.02963,239.03395,175.10086373484285,214.1053499219799,2273.77827,387.00144,1060.9281100000003,5.39888000000002
1759,1759,1759.0,1759.0,1759.0,1759.0,1759.0,1759.0,1759.0,1759.0,1759.0,1759.0,1759.0,1759.0,1759.0,1759.0,1759.0,1759.0,1759.0,1759.0,1759.0,1759.0,1759.0,1759.0,9.0,0.9,191.00122,206.43442,220.97417,234.26767,246.05404,256.16678,264.5223,271.09948,275.91615,279.00779,280.41194,280.16044,278.27931,274.79583,269.75069,263.21326,255.29667,246.16978,236.06262,225.26329,239.8924222356465,236.45605516182096,2660.77971,673.9266700000003,673.9266700000003,5.39888000000002
1760,1760,1760.0,1760.0,1760.0,1760.0,1760.0,1760.0,1760.0,1760.0,1760.0,1760.0,1760.0,1760.0,1760.0,1760.0,1760.0,1760.0,1760.0,1760.0,1760.0,1760.0,1760.0,1760.0,0.0,0.0,273.0,273.0,273.0,273.0,273.0,273.0,273.0,273.0,273.0,273.0,273.0,273.0,273.0,273.0,273.0,273.0,273.0,273.0,273.0,273.0,297.28247015865924,318.5188267780053,0.0,413.52383,5378.0525,-40.0
1761,1761,1761.0,1761.0,1761.0,1761.0,1761.0,1761.0,1761.0,1761.0,1761.0,1761.0,1761.0,1761.0,1761.0,1761.0,1761.0,1761.0,1761.0,1761.0,1761.0,1761.0,1761.0,1761.0,1.0,0.1,293.14484,289.19687,285.60286,282.48246,279.90165,277.87537,276.37997,275.37192,274.80858,274.66709,274.95865,275.73597,277.09232,279.15118,282.04607,285.89224,290.75412,296.61513,303.35778,310.76109,264.4233955406967,264.3941857330398,413.52383,335.18919000000005,4964.52867,-35.124630000000025
1762,1762,1762.0,1762.0,1762.0,1762.0,1762.0,1762.0,1762.0,1762.0,1762.0,1762.0,1762.0,1762.0,1762.0,1762.0,1762.0,1762.0,1762.0,1762.0,1762.0,1762.0,1762.0,1762.0,2.0,0.2,267.16202,269.72633,271.97338,273.81525,275.22964,276.25598,276.97936,277.50681,277.94132,278.35815,278.78662,279.19953,279.5119,279.59029,279.27322,278.40132,276.85326,274.58034,271.63088,268.1562,304.8239062508643,242.360584460188,748.71302,379.8653000000001,4629.33948,-36.74401999999998
1763,1763,1763.0,1763.0,1763.0,1763.0,1763.0,1763.0,1763.0,1763.0,1763.0,1763.0,1763.0,1763.0,1763.0,1763.0,1763.0,1763.0,1763.0,1763.0,1763.0,1763.0,1763.0,1763.0,3.0,0.3,299.73276,294.91031,290.58517,286.91511,283.97145,281.73974,280.13379,279.01684,278.22312,277.57542,276.8966,276.01601,274.77349,273.02414,270.64641,267.55399,263.71003,259.14028,253.9406,248.27471,202.0651859031049,219.1364172849392,1128.57832,484.73352,4249.474179999999,-31.260260000000017
1764,1764,1764.0,1764.0,1764.0,1764.0,1764.0,1764.0,1764.0,1764.0,1764.0,1764.0,1764.0,1764.0,1764.0,1764.0,1764.0,1764.0,1764.0,1764.0,1764.0,1764.0,1764.0,1764.0,4.0,0.4,216.07622,229.3635,241.30457,251.45525,259.58631,265.6755,269.86352,272.38978,273.52572,273.5197,272.56126,270.76647,268.1814,264.79919,260.58557,255.50803,249.56416,242.80476,235.34748,227.37779,255.494875773652,348.90353034435066,1613.31184,618.6916899999999,3764.74066,-47.3245
1765,1765,1765.0,1765.0,1765.0,1765.0,1765.0,1765.0,1765.0,1765.0,1765.0,1765.0,1765.0,1765.0,1765.0,1765.0,1765.0,1765.0,1765.0,1765.0,1765.0,1765.0,1765.0,1765.0,5.0,0.5,255.76453,256.18373,256.86269,257.84444,259.09631,260.52266,261.99519,263.39329,264.64642,265.77109,266.897,268.27792,270.28297,273.36489,278.00334,284.6267,293.52231,304.75306,318.10215,333.06577,194.1448586144668,221.3015448487621,2232.00353,563.60565,3146.04897,-52.47734000000003
1766,1766,1766.0,1766.0,1766.0,1766.0,1766.0,1766.0,1766.0,1766.0,1766.0,1766.0,1766.0,1766.0,1766.0,1766.0,1766.0,1766.0,1766.0,1766.0,1766.0,1766.0,1766.0,1766.0,6.0,0.6,205.48515,216.37365,226.42277,235.35858,243.04512,249.48047,254.76833,259.07346,262.57068,265.39606,267.6069,269.15576,269.88329,269.53402,267.79774,264.3743,259.0531,251.79092,242.76743,232.39912,294.566400454143,333.954666926718,2795.60918,683.8734300000001,2582.44332,-63.51953
1767,1767,1767.0,1767.0,1767.0,1767.0,1767.0,1767.0,1767.0,1767.0,1767.0,1767.0,1767.0,1767.0,1767.0,1767.0,1767.0,1767.0,1767.0,1767.0,1767.0,1767.0,1767.0,1767.0,7.0,0.7,285.91838,277.88356,270.97788,265.54636,261.72881,259.46947,258.56307,258.72276,259.65324,261.11568,262.97555,265.22856,268.00303,271.53751,276.13461,282.09483,289.63939,298.83703,309.55289,321.43609,216.1503965283422,259.6596928934874,3479.48261,544.1611699999999,1898.56989,-53.53053
1768,1768,1768.0,1768.0,1768.0,1768.0,1768.0,1768.0,1768.0,1768.0,1768.0,1768.0,1768.0,1768.0,1768.0,1768.0,1768.0,1768.0,1768.0,1768.0,1768.0,1768.0,1768.0,1768.0,8.0,0.8,224.50602,232.44541,239.62237,245.8134,250.94125,255.06653,258.35312,261.01887,263.28347,265.32377,267.24194,269.04932,270.66617,271.93721,272.66203,272.63797,271.70957,269.81568,267.02244,263.53174,302.2328793392284,208.8313379313468,4023.64378,642.0621100000003,1354.40872,-57.93347
1769,1769,1769.0,1769.0,1769.0,1769.0,1769.0,1769.0,1769.0,1769.0,1769.0,1769.0,1769.0,1769.0,1769.0,1769.0,1769.0,1769.0,1769.0,1769.0,1769.0,1769.0,1769.0,1769.0,9.0,0.9,293.54184,285.39938,278.27062,272.47313,268.14506,265.24818,263.5988,262.91309,262.85318,263.06354,263.19371,262.90939,261.89787,259.87507,256.59993,251.89801,245.69108,238.0256,229.08998,219.21194,278.0989242765146,239.64603391935265,4665.70589,712.3466099999996,712.3466099999996,-47.75182000000001
1770,1770,1770.0,1770.0,1770.0,1770.0,1770.0,1770.0,1770.0,1770.0,1770.0,1770.0,1770.0,1770.0,1770.0,1770.0,1770.0,1770.0,1770.0,1770.0,1770.0,1770.0,1770.0,1770.0,0.0,0.0,273.0,273.0,273.0,273.0,273.0,273.0,273.0,273.0,273.0,273.0,273.0,273.0,273.0,273.0,273.0,273.0,273.0,273.0,273.0,273.0,303.8906473735358,287.1142886413734,0.0,426.78252,2743.13511,-40.0
1771,1771,1771.0,1771.0,1771.0,1771.0,1771.0,1771.0,1771.0,1771.0,1771.0,1771.0,1771.0,1771.0,1771.0,1771.0,1771.0,1771.0,1771.0,1771.0,1771.0,1771.0,1771.0,1771.0,1.0,0.1,298.6259,293.60165,289.02566,285.04774,281.74738,279.13539,277.16725,275.76348,274.83137,274.28402,274.05369,274.09875,274.40439,274.97804,275.8406,277.01491,278.51327,280.32616,282.41479,284.70937,314.39401396741846,371.1108865985018,426.78252,322.88536,2316.3525900000004,-33.86461000000003
1772,1772,1772.0,1772.0,1772.0,1772.0,1772.0,1772.0,1772.0,1772.0,1772.0,1772.0,1772.0,1772.0,1772.0,1772.0,1772.0,1772.0,1772.0,1772.0,1772.0,1772.0,1772.0,1772.0,2.0,0.2,308.89509,303.56967,298.57556,294.04271,290.06726,286.7131,284.02048,282.02045,280.75266,280.28384,280.72374,282.23452,285.02935,289.35606,295.46384,303.55448,313.72523,325.91512,339.86996,355.13912,282.3231216006064,314.6374518560625,749.66788,166.33897000000002,1993.46723,-26.286900000000003
1773,1773,1773.0,1773.0,1773.0,1773.0,1773.0,1773.0,1773.0,1773.0,1773.0,1773.0,1773.0,1773.0,1773.0,1773.0,1773.0,1773.0,1773.0,1773.0,1773.0,1773.0,1773.0,1773.0,3.0,0.3,283.70064,284.93938,285.93307,286.63272,287.05822,287.29518,287.47921,287.77176,288.33292,289.29533,290.74271,292.69518,295.10347,297.85377,300.78429,303.71283,306.47164,308.94278,311.08486,312.94301,186.7312019950392,297.0805541839891,916.00685,184.93279000000007,1827.12826,-25.704819999999984
1774,1774,1774.0,1774.0,1774.0,1774.0,1774.0,1774.0,1774.0,1774.0,1774.0,1774.0,1774.0,1774.0,1774.0,1774.0,1774.0,1774.0,1774.0,1774.0,1774.0,1774.0,1774.0,1774.0,4.0,0.4,203.89171,220.30598,235.33269,248.51637,259.6279,268.66017,275.7863,281.29579,285.5257,288.80115,291.39337,293.49788,295.23088,296.63974,297.72302,298.45535,298.8129,298.79539,298.44078,297.82998,291.56884479713926,203.8398145838132,1100.93964,307.0665899999999,1642.19547,-44.339830000000006
1775,1775,1775.0,1775.0,1775.0,1775.0,1775.0,1775.0,1775.0,1775.0,1775.0,1775.0,1775.0,1775.0,1775.0,1775.0,1775.0,1775.0,1775.0,1775.0,1775.0,1775.0,1775.0,1775.0,5.0,0.5,286.16637,281.31742,277.48083,274.94898,273.81392,273.97427,275.17381,277.05516,279.21167,281.2251,282.68519,283.195,282.37126,279.85114,275.31378,268.51941,259.3608,247.91442,234.47421,219.55249,262.95442320267813,371.6596439359679,1408.00623,376.21335,1335.1288800000002,-39.02573000000001
1776,1776,1776.0,1776.0,1776.0,1776.0,1776.0,1776.0,1776.0,1776.0,1776.0,1776.0,1776.0,1776.0,1776.0,1776.0,1776.0,1776.0,1776.0,1776.0,1776.0,1776.0,1776.0,1776.0,6.0,0.6,265.39505,267.73178,269.87591,271.7648,273.36604,274.67589,275.71566,276.53118,277.19986,277.84673,278.66662,279.94506,282.06687,285.501,290.75321,298.28629,308.41889,321.22486,336.46205,353.55702,328.6463742280548,239.84339965728023,1784.21958,263.16373,958.9155300000002,-38.32411000000002
1777,1777,1777.0,1777.0,1777.0,1777.0,1777.0,1777.0,1777.0,1777.0,1777.0,1777.0,1777.0,1777.0,1777.0,1777.0,1777.0,1777.0,1777.0,1777.0,1777.0,1777.0,1777.0,1777.0,7.0,0.7,319.29164,310.42763,302.47981,295.75826,290.43272,286.53461,283.97956,282.59913,282.16976,282.43054,283.0875,283.80874,284.21965,283.90978,282.46028,279.49526,274.75039,268.14355,259.82583,250.19259,242.8257540735804,357.1562767484418,2047.38331,271.66679,695.7518000000002,-26.465390000000014
1778,1778,1778.0,1778.0,1778.0,1778.0,1778.0,1778.0,1778.0,1778.0,1778.0,1778.0,1778.0,1778.0,1778.0,1778.0,1778.0,1778.0,1778.0,1778.0,1778.0,1778.0,1778.0,1778.0,8.0,0.8,251.24487,259.16796,266.17712,271.99164,276.49544,279.73091,281.86697,283.15558,283.89158,284.38612,284.95713,285.93246,287.65596,290.4847,294.76782,300.80348,308.7795,318.71175,330.39987,343.41876,223.8236494681316,333.80335412004933,2319.0501,226.0335399999999,424.0850100000002,-33.269090000000006
1779,1779,1779.0,1779.0,1779.0,1779.0,1779.0,1779.0,1779.0,1779.0,1779.0,1779.0,1779.0,1779.0,1779.0,1779.0,1779.0,1779.0,1779.0,1779.0,1779.0,1779.0,1779.0,1779.0,9.0,0.9,232.61298,241.12143,249.10284,256.37419,262.83326,268.46365,273.32807,277.55263,281.30603,284.7767,288.15102,291.5943,295.23618,299.16174,303.409,307.97322,312.81688,317.88292,323.10801,328.43229,326.3816939115128,339.4707408156896,2545.08364,198.0514700000004,198.0514700000004,-44.53635000000003
1780,1780,1780.0,1780.0,1780.0,1780.0,1780.0,1780.0,1780.0,1780.0,1780.0,1780.0,1780.0,1780.0,1780.0,1780.0,1780.0,1780.0,1780.0,1780.0,1780.0,1780.0,1780.0,1780.0,0.0,0.0,273.0,273.0,273.0,273.0,273.0,273.0,273.0,273.0,273.0,273.0,273.0,273.0,273.0,273.0,273.0,273.0,273.0,273.0,273.0,273.0,197.25211883297715,330.5381385173808,0.0,463.4963,3319.3562900000006,-40.0
1781,1781,1781.0,1781.0,1781.0,1781.0,1781.0,1781.0,1781.0,1781.0,1781.0,1781.0,1781.0,1781.0,1781.0,1781.0,1781.0,1781.0,1781.0,1781.0,1781.0,1781.0,1781.0,1781.0,1.0,0.1,210.16417,222.48821,233.71749,243.48951,251.6187,258.0958,263.06027,266.75792,269.49691,271.61208,273.44203,275.31751,277.55569,280.45325,284.27238,289.21748,295.40502,302.83396,311.36661,320.72934,306.3271798788005,370.3998531493993,463.4963,407.39015,2855.859990000001,-54.9042
1782,1782,1782.0,1782.0,1782.0,1782.0,1782.0,1782.0,1782.0,1782.0,1782.0,1782.0,1782.0,1782.0,1782.0,1782.0,1782.0,1782.0,1782.0,1782.0,1782.0,1782.0,1782.0,1782.0,2.0,0.2,296.98732,288.30509,280.83892,274.97371,270.88825,268.56803,267.85443,268.51339,270.30499,273.03937,276.61079,281.00797,286.30345,292.62646,300.12471,308.92077,319.06918,330.52143,343.10607,356.52952,260.8445335981247,227.45073822631247,870.88645,263.95426999999995,2448.4698400000007,-44.43196999999998
1783,1783,1783.0,1783.0,1783.0,1783.0,1783.0,1783.0,1783.0,1783.0,1783.0,1783.0,1783.0,1783.0,1783.0,1783.0,1783.0,1783.0,1783.0,1783.0,1783.0,1783.0,1783.0,1783.0,3.0,0.3,263.3503,265.73464,267.90962,269.84443,271.57261,273.18087,274.78256,276.4815,278.33316,280.30914,282.27026,283.95346,284.9775,284.87291,283.13878,279.32409,273.12279,264.4636,253.57059,240.97263,327.50008927036345,216.20799684038627,1134.84072,383.13905,2184.5155700000005,-39.81912999999997
1784,1784,1784.0,1784.0,1784.0,1784.0,1784.0,1784.0,1784.0,1784.0,1784.0,1784.0,1784.0,1784.0,1784.0,1784.0,1784.0,1784.0,1784.0,1784.0,1784.0,1784.0,1784.0,1784.0,4.0,0.4,318.16629,309.32838,301.41016,294.70694,289.3553,285.33185,282.47587,280.52608,279.16105,278.03515,276.8062,275.15503,272.79954,269.50672,265.10484,259.49643,252.67025,244.70942,235.79212,226.18206,260.4595165098092,367.4435216046807,1517.97977,412.29673,1801.3765200000005,-27.668150000000026
1785,1785,1785.0,1785.0,1785.0,1785.0,1785.0,1785.0,1785.0,1785.0,1785.0,1785.0,1785.0,1785.0,1785.0,1785.0,1785.0,1785.0,1785.0,1785.0,1785.0,1785.0,1785.0,1785.0,5.0,0.5,265.49819,270.15813,274.11899,277.16311,279.19692,280.24813,280.44562,279.993,279.14696,278.20737,277.51966,277.48296,278.55312,281.22776,286.00424,293.30911,303.40842,316.31917,331.74806,349.08201,263.66665159254615,306.67388029642655,1930.2765,268.1266700000001,1389.0797900000002,-32.75187
1786,1786,1786.0,1786.0,1786.0,1786.0,1786.0,1786.0,1786.0,1786.0,1786.0,1786.0,1786.0,1786.0,1786.0,1786.0,1786.0,1786.0,1786.0,1786.0,1786.0,1786.0,1786.0,1786.0,6.0,0.6,265.99017,268.24654,270.37783,272.34388,274.12951,275.74914,277.24795,278.69816,280.19012,281.8183,283.66363,285.77525,288.15579,290.75462,293.4731,296.18293,298.75498,301.09226,303.1572,304.98453,311.9788333919262,366.4055100893938,2198.40317,214.80874,1120.95312,-37.25085999999999
1787,1787,1787.0,1787.0,1787.0,1787.0,1787.0,1787.0,1787.0,1787.0,1787.0,1787.0,1787.0,1787.0,1787.0,1787.0,1787.0,1787.0,1787.0,1787.0,1787.0,1787.0,1787.0,1787.0,7.0,0.7,305.7244,299.83688,294.63451,290.34987,287.11231,284.9522,283.82323,283.63561,284.29197,285.71903,287.89042,290.83821,294.65175,299.46364,305.42306,312.65886,321.23771,331.12536,342.16101,354.05379,173.66246527294834,319.0239339823423,2413.21191,158.0390900000002,906.1443800000002,-28.047799999999995
1788,1788,1788.0,1788.0,1788.0,1788.0,1788.0,1788.0,1788.0,1788.0,1788.0,1788.0,1788.0,1788.0,1788.0,1788.0,1788.0,1788.0,1788.0,1788.0,1788.0,1788.0,1788.0,1788.0,8.0,0.8,193.43842,212.29183,229.43997,244.34701,256.77579,266.77904,274.64025,280.78578,285.69128,289.80144,293.47359,296.94821,300.34366,303.67077,306.86178,309.80868,312.40518,314.58517,316.35041,317.78074,255.8781946024788,186.38961057131888,2571.251,295.2149599999998,748.10529,-46.22095999999999
1789,1789,1789.0,1789.0,1789.0,1789.0,1789.0,1789.0,1789.0,1789.0,1789.0,1789.0,1789.0,1789.0,1789.0,1789.0,1789.0,1789.0,1789.0,1789.0,1789.0,1789.0,1789.0,1789.0,9.0,0.9,256.09602,256.66167,257.85622,259.84387,262.64897,266.16146,270.16317,274.36193,278.42117,281.97652,284.63902,285.99072,285.58414,282.95748,277.67425,269.38849,257.92634,243.36529,226.08686,206.7808,366.1489847381081,220.9237127202421,2866.46596,452.8903300000002,452.8903300000002,-46.83854000000002
1790,1790,1790.0,1790.0,1790.0,1790.0,1790.0,1790.0,1790.0,1790.0,1790.0,1790.0,1790.0,1790.0,1790.0,1790.0,1790.0,1790.0,1790.0,1790.0,1790.0,1790.0,1790.0,1790.0,0.0,0.0,273.0,273.0,273.0,273.0,273.0,273.0,273.0,273.0,273.0,273.0,273.0,273.0,273.0,273.0,273.0,273.0,273.0,273.0,273.0,273.0,330.9877047917294,210.81673949683164,0.0,463.45167,2652.94714,3.979390000000024
1791,1791,1791.0,1791.0,1791.0,1791.0,1791.0,1791.0,1791.0,1791.0,1791.0,1791.0,1791.0,1791.0,1791.0,1791.0,1791.0,1791.0,1791.0,1791.0,1791.0,1791.0,1791.0,1791.0,1.0,0.1,321.1026,311.66733,303.06929,295.58502,289.35471,284.38205,280.55433,277.67337,275.48735,273.71598,272.06609,270.23949,267.93808,264.87278,260.78117,255.45554,248.77787,240.75375,231.5344,221.41684,352.80775112249626,366.4488096621243,463.45167,449.71664,2189.4954700000003,3.979390000000024
1792,1792,1792.0,1792.0,1792.0,1792.0,1792.0,1792.0,1792.0,1792.0,1792.0,1792.0,1792.0,1792.0,1792.0,1792.0,1792.0,1792.0,1792.0,1792.0,1792.0,1792.0,1792.0,1792.0,2.0,0.2,341.98149,331.46836,321.54659,312.43193,304.26298,297.10167,290.94864,285.77086,281.53737,278.25788,276.01833,275.00605,275.51632,277.93245,282.67424,290.11658,300.48973,313.78268,329.67701,347.53417,187.77163055390807,319.03218243307026,913.16831,242.4470899999999,1739.7788300000002,3.979390000000024
1793,1793,1793.0,1793.0,1793.0,1793.0,1793.0,1793.0,1793.0,1793.0,1793.0,1793.0,1793.0,1793.0,1793.0,1793.0,1793.0,1793.0,1793.0,1793.0,1793.0,1793.0,1793.0,1793.0,3.0,0.3,207.3632,225.83295,242.23064,255.90965,266.59264,274.36381,279.6004,282.86836,284.81034,286.04787,287.11061,288.39554,290.15316,292.49497,295.41654,298.83088,302.6071,306.60814,310.7209,314.87293,330.63157776224165,190.3576481905733,1155.6154,286.00622,1497.3317400000003,3.979390000000024
1794,1794,1794.0,1794.0,1794.0,1794.0,1794.0,1794.0,1794.0,1794.0,1794.0,1794.0,1794.0,1794.0,1794.0,1794.0,1794.0,1794.0,1794.0,1794.0,1794.0,1794.0,1794.0,1794.0,4.0,0.4,319.24832,308.64315,299.46927,292.16065,286.88826,283.5702,281.92313,281.53262,281.91943,282.58573,283.03609,282.77928,281.32427,278.18596,272.91278,265.13992,254.66097,241.50034,225.96304,208.64005,263.2098932285713,366.6130298201968,1441.62162,352.2354300000002,1211.3255200000003,3.979390000000024
1795,1795,1795.0,1795.0,1795.0,1795.0,1795.0,1795.0,1795.0,1795.0,1795.0,1795.0,1795.0,1795.0,1795.0,1795.0,1795.0,1795.0,1795.0,1795.0,1795.0,1795.0,1795.0,1795.0,5.0,0.5,267.7608,271.9921,275.63506,278.50942,280.53971,281.74966,282.2419,282.17414,281.743,281.18185,280.77255,280.86328,281.8797,284.31497,288.68771,295.46585,304.96664,317.2554,332.07302,348.82013,348.970668452875,354.4696962567753,1793.85705,200.10461999999984,859.0900900000001,3.979390000000024
1796,1796,1796.0,1796.0,1796.0,1796.0,1796.0,1796.0,1796.0,1796.0,1796.0,1796.0,1796.0,1796.0,1796.0,1796.0,1796.0,1796.0,1796.0,1796.0,1796.0,1796.0,1796.0,1796.0,6.0,0.6,337.07708,325.77283,315.56719,306.82904,299.75994,294.40301,290.68049,288.44605,287.53671,287.81239,289.1772,291.58199,295.01239,299.46857,304.94309,311.40208,318.77285,326.9391,335.7429,344.99192,354.03516901400553,210.6361185650185,1993.96167,130.71940000000018,658.9854700000003,3.979390000000024
1797,1797,1797.0,1797.0,1797.0,1797.0,1797.0,1797.0,1797.0,1797.0,1797.0,1797.0,1797.0,1797.0,1797.0,1797.0,1797.0,1797.0,1797.0,1797.0,1797.0,1797.0,1797.0,1797.0,7.0,0.7,345.17241,336.58367,328.52364,321.2105,314.81209,309.43586,305.12123,301.83276,299.4525,297.77099,296.47897,295.16453,293.32293,290.38659,285.78078,279.00355,269.71988,257.85059,243.63133,227.61928,353.5211009161449,344.1663165754867,2124.68107,209.32265000000007,528.2660700000001,3.979390000000024
1798,1798,1798.0,1798.0,1798.0,1798.0,1798.0,1798.0,1798.0,1798.0,1798.0,1798.0,1798.0,1798.0,1798.0,1798.0,1798.0,1798.0,1798.0,1798.0,1798.0,1798.0,1798.0,1798.0,8.0,0.8,346.81501,340.22788,333.86965,327.83318,322.18834,316.97939,312.22727,307.93786,304.11695,300.79099,298.03088,295.97319,294.83115,294.88705,296.45992,299.84774,305.25221,312.70242,321.99947,332.70233,180.15448894392267,274.2811080953381,2334.00372,130.38726999999972,318.94342000000006,3.979390000000024
1799,1799,1799.0,1799.0,1799.0,1799.0,1799.0,1799.0,1799.0,1799.0,1799.0,1799.0,1799.0,1799.0,1799.0,1799.0,1799.0,1799.0,1799.0,1799.0,1799.0,1799.0,1799.0,1799.0,9.0,0.9,203.96834,226.50965,246.68928,263.74283,277.30102,287.38171,294.31655,298.63899,300.96326,301.87847,301.87189,301.28591,300.30651,298.9784,297.24062,294.97668,292.07116,288.46312,284.18528,279.3791,223.36814277991263,335.4826060198642,2464.39099,188.5561500000004,188.5561500000004,3.979390000000024
1800,1800,1800.0,1800.0,1800.0,1800.0,1800.0,1800.0,1800.0,1800.0,1800.0,1800.0,1800.0,1800.0,1800.0,1800.0,1800.0,1800.0,1800.0,1800.0,1800.0,1800.0,1800.0,1800.0,0.0,0.0,273.0,273.0,273.0,273.0,273.0,273.0,273.0,273.0,273.0,273.0,273.0,273.0,273.0,273.0,273.0,273.0,273.0,273.0,273.0,273.0,319.4706175612358,332.0445407144422,0.0,399.10633,4277.02585,-40.0
1801,1801,1801.0,1801.0,1801.0,1801.0,1801.0,1801.0,1801.0,1801.0,1801.0,1801.0,1801.0,1801.0,1801.0,1801.0,1801.0,1801.0,1801.0,1801.0,1801.0,1801.0,1801.0,1801.0,1.0,0.1,311.55158,303.99495,297.11441,291.13733,286.18719,282.28738,279.3834,277.37649,276.16036,275.65418,275.82682,276.70946,278.39512,281.0242,284.75681,289.73418,296.03494,303.63473,312.37956,321.98208,252.59547082307,284.18423930166824,399.10633,282.20535,3877.91952,-30.71262000000001
1802,1802,1802.0,1802.0,1802.0,1802.0,1802.0,1802.0,1802.0,1802.0,1802.0,1802.0,1802.0,1802.0,1802.0,1802.0,1802.0,1802.0,1802.0,1802.0,1802.0,1802.0,1802.0,1802.0,2.0,0.2,258.47213,263.97608,268.79841,272.74247,275.74627,277.87626,279.2975,280.23015,280.9033,281.51479,282.20242,283.02851,283.97782,284.96781,285.87001,286.53999,286.85195,286.73153,286.17944,285.27906,196.48949541811623,241.91005833451536,681.31168,367.63833,3595.71417,-35.12374
1803,1803,1803.0,1803.0,1803.0,1803.0,1803.0,1803.0,1803.0,1803.0,1803.0,1803.0,1803.0,1803.0,1803.0,1803.0,1803.0,1803.0,1803.0,1803.0,1803.0,1803.0,1803.0,1803.0,3.0,0.3,209.86906,222.7157,234.56432,245.0705,254.03771,261.41566,267.27404,271.76063,275.0544,277.32298,278.69071,279.22068,278.91163,277.7093,275.53032,272.29537,267.96632,262.58002,256.27072,249.27412,315.6542414313641,236.1701546994929,1048.95001,522.4110699999999,3228.0758400000004,-51.58434
1804,1804,1804.0,1804.0,1804.0,1804.0,1804.0,1804.0,1804.0,1804.0,1804.0,1804.0,1804.0,1804.0,1804.0,1804.0,1804.0,1804.0,1804.0,1804.0,1804.0,1804.0,1804.0,1804.0,4.0,0.4,305.16053,295.37739,286.90003,280.12038,275.18534,272.00527,270.30301,269.68522,269.7161,269.97804,270.1116,269.83459,268.94502,267.31477,264.88022,261.63363,257.61699,252.9176,247.66366,242.01823,271.7367840931888,298.5645116260227,1571.36108,515.2634700000001,2705.6647700000003,-40.99473
1805,1805,1805.0,1805.0,1805.0,1805.0,1805.0,1805.0,1805.0,1805.0,1805.0,1805.0,1805.0,1805.0,1805.0,1805.0,1805.0,1805.0,1805.0,1805.0,1805.0,1805.0,1805.0,1805.0,5.0,0.5,272.76504,273.64148,274.24311,274.49656,274.38572,273.94617,273.25048,272.3913,271.4686,270.58506,269.84984,269.38704,269.343,269.88594,271.19299,273.42386,276.68471,280.99106,286.2409,292.20849,329.8711433403115,181.46750543277247,2086.62455,492.17907000000014,2190.4013,-39.053830000000005
1806,1806,1806.0,1806.0,1806.0,1806.0,1806.0,1806.0,1806.0,1806.0,1806.0,1806.0,1806.0,1806.0,1806.0,1806.0,1806.0,1806.0,1806.0,1806.0,1806.0,1806.0,1806.0,1806.0,6.0,0.6,320.21024,310.97127,302.51789,295.11039,288.88238,283.84093,279.8844,276.82861,274.43101,272.4063,270.43174,268.14636,265.15242,261.02866,255.36289,247.80532,238.13591,226.33064,212.6069,197.42952,350.71575607279385,275.6649052636008,2578.80362,573.4187099999999,1698.22223,-29.159069999999986
1807,1807,1807.0,1807.0,1807.0,1807.0,1807.0,1807.0,1807.0,1807.0,1807.0,1807.0,1807.0,1807.0,1807.0,1807.0,1807.0,1807.0,1807.0,1807.0,1807.0,1807.0,1807.0,1807.0,7.0,0.7,340.09994,329.77544,319.99885,310.96397,302.78534,295.49568,289.05655,283.37959,278.35463,273.88072,269.89558,266.39909,263.46555,261.23977,259.91368,259.68384,260.69607,262.98905,266.4525,270.81433,254.5558140042004,346.6137112886997,3152.22233,425.75108999999975,1124.80352,-17.504320000000007
1808,1808,1808.0,1808.0,1808.0,1808.0,1808.0,1808.0,1808.0,1808.0,1808.0,1808.0,1808.0,1808.0,1808.0,1808.0,1808.0,1808.0,1808.0,1808.0,1808.0,1808.0,1808.0,1808.0,8.0,0.8,262.30668,269.43295,275.40727,279.87457,282.68998,283.91639,283.78973,282.6669,280.97267,279.15717,277.66869,276.9396,277.37786,279.35547,283.18682,289.09494,297.16999,307.32986,319.29643,332.59937,325.5294437622571,227.1412152648392,3577.97342,296.7715900000003,699.0524300000002,-29.08361000000002
1809,1809,1809.0,1809.0,1809.0,1809.0,1809.0,1809.0,1809.0,1809.0,1809.0,1809.0,1809.0,1809.0,1809.0,1809.0,1809.0,1809.0,1809.0,1809.0,1809.0,1809.0,1809.0,1809.0,9.0,0.9,317.62017,310.10323,303.31306,297.48287,292.72549,289.03926,286.33213,284.45242,283.21422,282.41011,281.80958,281.14842,280.11923,278.37409,275.54865,271.30994,265.42154,257.81099,248.61895,238.21099,240.1222553246925,198.611991583492,3874.74501,402.2808399999999,402.2808399999999,-23.960739999999987
1810,1810,1810.0,1810.0,1810.0,1810.0,1810.0,1810.0,1810.0,1810.0,1810.0,1810.0,1810.0,1810.0,1810.0,1810.0,1810.0,1810.0,1810.0,1810.0,1810.0,1810.0,1810.0,1810.0,0.0,0.0,273.0,273.0,273.0,273.0,273.0,273.0,273.0,273.0,273.0,273.0,273.0,273.0,273.0,273.0,273.0,273.0,273.0,273.0,273.0,273.0,367.5039853954609,199.3605859505357,0.0,462.36744,5970.14054,-40.0
1811,1811,1811.0,1811.0,1811.0,1811.0,1811.0,1811.0,1811.0,1811.0,1811.0,1811.0,1811.0,1811.0,1811.0,1811.0,1811.0,1811.0,1811.0,1811.0,1811.0,1811.0,1811.0,1811.0,1.0,0.1,351.39469,336.01897,322.00903,309.817,299.67421,291.59185,285.39533,280.77695,277.35063,274.69616,272.38763,270.0078,267.1553,263.45366,258.56946,252.24246,244.32439,234.81703,223.89686,211.91419,310.6318938286207,196.3241007392113,462.36744,564.7338,5507.7731,-21.40814999999997
1812,1812,1812.0,1812.0,1812.0,1812.0,1812.0,1812.0,1812.0,1812.0,1812.0,1812.0,1812.0,1812.0,1812.0,1812.0,1812.0,1812.0,1812.0,1812.0,1812.0,1812.0,1812.0,1812.0,2.0,0.2,308.78156,306.72703,304.3039,301.41603,298.04426,294.23511,290.07432,285.6541,281.04328,276.26754,271.30248,266.07923,260.49936,254.45508,247.85058,240.6213,232.7485,224.26769,215.26997,205.89607,245.8783436703416,210.346243152462,1027.10124,674.2892899999999,4943.0393,-18.76488999999998
1813,1813,1813.0,1813.0,1813.0,1813.0,1813.0,1813.0,1813.0,1813.0,1813.0,1813.0,1813.0,1813.0,1813.0,1813.0,1813.0,1813.0,1813.0,1813.0,1813.0,1813.0,1813.0,1813.0,3.0,0.3,253.94562,261.45041,267.90257,272.94032,276.35898,278.10945,278.27188,277.01505,274.55319,271.10981,266.89348,262.08614,256.84112,251.28657,245.52987,239.66029,233.74872,227.84537,221.97743,216.14923,314.57288445276663,183.08804214702505,1701.39053,784.9366200000002,4268.750010000001,-34.89055000000002
1814,1814,1814.0,1814.0,1814.0,1814.0,1814.0,1814.0,1814.0,1814.0,1814.0,1814.0,1814.0,1814.0,1814.0,1814.0,1814.0,1814.0,1814.0,1814.0,1814.0,1814.0,1814.0,1814.0,4.0,0.4,307.21996,300.18427,293.72338,287.99064,283.01575,278.71218,274.90563,271.37287,267.87949,264.2083,260.17477,255.63078,250.46109,244.57822,237.92051,230.45583,222.19056,213.18046,203.53856,193.43528,178.62596874104747,306.24734123388214,2486.32715,862.59258,3483.8133900000003,-34.28782000000001
1815,1815,1815.0,1815.0,1815.0,1815.0,1815.0,1815.0,1815.0,1815.0,1815.0,1815.0,1815.0,1815.0,1815.0,1815.0,1815.0,1815.0,1815.0,1815.0,1815.0,1815.0,1815.0,1815.0,5.0,0.5,196.04822,212.47414,227.04458,239.14355,248.45172,254.94345,258.83856,260.53087,260.51645,259.33858,257.5562,255.73157,254.42595,254.18895,255.52999,258.86801,264.46528,272.36111,282.32701,293.86319,341.66583374395793,287.8229282867273,3348.91973,748.9046999999996,2621.2208100000003,-58.05654999999999
1816,1816,1816.0,1816.0,1816.0,1816.0,1816.0,1816.0,1816.0,1816.0,1816.0,1816.0,1816.0,1816.0,1816.0,1816.0,1816.0,1816.0,1816.0,1816.0,1816.0,1816.0,1816.0,1816.0,6.0,0.6,325.05076,309.37252,295.42217,283.73577,274.54631,267.80166,263.23468,260.45985,259.06868,258.70271,259.0938,260.07227,261.55089,263.49603,265.89695,268.74085,271.99762,275.61454,279.51815,283.62002,298.15426604299734,333.6963491353761,4097.82443,503.91578000000027,1872.316110000001,-45.19833999999997
1817,1817,1817.0,1817.0,1817.0,1817.0,1817.0,1817.0,1817.0,1817.0,1817.0,1817.0,1817.0,1817.0,1817.0,1817.0,1817.0,1817.0,1817.0,1817.0,1817.0,1817.0,1817.0,1817.0,7.0,0.7,294.61812,291.04934,287.44069,283.82807,280.29581,276.9693,273.99905,271.54235,269.74884,268.75338,268.67677,269.63106,271.72474,275.06234,279.73483,285.80007,293.25646,302.01647,311.88872,322.57645,296.89333793153,178.05183543058746,4601.74021,407.1506799999997,1368.4003300000004,-36.03070000000002
1818,1818,1818.0,1818.0,1818.0,1818.0,1818.0,1818.0,1818.0,1818.0,1818.0,1818.0,1818.0,1818.0,1818.0,1818.0,1818.0,1818.0,1818.0,1818.0,1818.0,1818.0,1818.0,1818.0,8.0,0.8,293.91929,290.99552,288.17457,285.51216,283.06546,280.88745,279.01674,277.46213,276.18251,275.06381,273.89706,272.3638,270.03737,266.40847,260.94063,253.15397,242.72618,229.58943,213.9964,196.53108,213.63440222844991,344.48845527377136,5008.89089,536.2046900000005,961.2496500000008,-32.11255
1819,1819,1819.0,1819.0,1819.0,1819.0,1819.0,1819.0,1819.0,1819.0,1819.0,1819.0,1819.0,1819.0,1819.0,1819.0,1819.0,1819.0,1819.0,1819.0,1819.0,1819.0,1819.0,1819.0,9.0,0.9,225.30635,236.35326,246.23513,254.56264,261.1302,265.91443,269.04566,270.76726,271.39773,271.30638,270.90563,270.65439,271.06098,272.67126,276.03048,281.61556,289.7461,300.4942,313.6205,328.56238,330.3747834345686,291.5780387534686,5545.09558,425.0449600000002,425.0449600000002,-47.08557000000002
1820,1820,1820.0,1820.0,1820.0,1820.0,1820.0,1820.0,1820.0,1820.0,1820.0,1820.0,1820.0,1820.0,1820.0,1820.0,1820.0,1820.0,1820.0,1820.0,1820.0,1820.0,1820.0,1820.0,0.0,0.0,273.0,273.0,273.0,273.0,273.0,273.0,273.0,273.0,273.0,273.0,273.0,273.0,273.0,273.0,273.0,273.0,273.0,273.0,273.0,273.0,286.9026714154181,293.48845464692056,0.0,430.34776,5348.96472,-40.0
1821,1821,1821.0,1821.0,1821.0,1821.0,1821.0,1821.0,1821.0,1821.0,1821.0,1821.0,1821.0,1821.0,1821.0,1821.0,1821.0,1821.0,1821.0,1821.0,1821.0,1821.0,1821.0,1821.0,1.0,0.1,284.53356,282.27295,280.21475,278.42714,276.94734,275.78285,274.9183,274.3257,273.97575,273.84799,273.9384,274.26334,274.85923,275.77771,277.07627,278.80514,280.99234,283.62985,286.6645,289.99668,282.1505575489158,240.94104946208847,430.34776,401.25863,4918.61696,-37.21715
1822,1822,1822.0,1822.0,1822.0,1822.0,1822.0,1822.0,1822.0,1822.0,1822.0,1822.0,1822.0,1822.0,1822.0,1822.0,1822.0,1822.0,1822.0,1822.0,1822.0,1822.0,1822.0,1822.0,2.0,0.2,281.31227,280.48133,279.66763,278.88513,278.15146,277.4852,276.90115,276.40366,275.9789,275.5868,275.15402,274.56987,273.68774,272.33445,270.32937,267.51278,263.77951,259.1113,253.59849,247.44344,300.38185539036715,229.6761414376133,831.60639,468.83931,4517.35833,-35.51479999999998
1823,1823,1823.0,1823.0,1823.0,1823.0,1823.0,1823.0,1823.0,1823.0,1823.0,1823.0,1823.0,1823.0,1823.0,1823.0,1823.0,1823.0,1823.0,1823.0,1823.0,1823.0,1823.0,1823.0,3.0,0.3,296.52914,292.82082,289.38015,286.29239,283.59541,281.27835,279.28715,277.53403,275.90832,274.28624,272.53888,270.53855,268.16472,265.31062,261.89141,257.85364,253.18489,247.92142,242.15138,236.01143,237.5478494628452,267.343745526184,1300.4457,532.74774,4048.51902,-31.72165000000001
1824,1824,1824.0,1824.0,1824.0,1824.0,1824.0,1824.0,1824.0,1824.0,1824.0,1824.0,1824.0,1824.0,1824.0,1824.0,1824.0,1824.0,1824.0,1824.0,1824.0,1824.0,1824.0,1824.0,4.0,0.4,245.23518,252.46979,258.86148,264.13064,268.13158,270.84968,272.37743,272.87935,272.55674,271.62043,270.27493,268.71302,267.11632,265.65614,264.48973,263.74951,263.5264,263.85173,264.68408,265.90739,205.0187541476884,224.9001279668017,1833.19344,628.9773799999998,3515.77128,-42.15032000000002
1825,1825,1825.0,1825.0,1825.0,1825.0,1825.0,1825.0,1825.0,1825.0,1825.0,1825.0,1825.0,1825.0,1825.0,1825.0,1825.0,1825.0,1825.0,1825.0,1825.0,1825.0,1825.0,1825.0,5.0,0.5,215.37969,225.32928,234.50214,242.61545,249.48962,255.05071,259.31653,262.37163,264.33707,265.34084,265.49289,264.86784,263.49695,261.37078,258.45239,254.69998,250.09512,244.67068,238.53111,231.85835,317.9445189555786,261.5753248965992,2462.17082,750.6004600000001,2886.7939,-57.94928999999999
1826,1826,1826.0,1826.0,1826.0,1826.0,1826.0,1826.0,1826.0,1826.0,1826.0,1826.0,1826.0,1826.0,1826.0,1826.0,1826.0,1826.0,1826.0,1826.0,1826.0,1826.0,1826.0,1826.0,6.0,0.6,306.17092,295.09391,285.29939,277.17853,270.88817,266.36013,263.35053,261.51173,260.46773,259.87778,259.47971,259.11089,258.70905,258.29744,257.9587,257.80203,257.9286,258.40048,259.21918,260.31873,274.1467481047648,309.7821711967755,3212.77128,624.1723400000001,2136.19344,-46.63986999999997
1827,1827,1827.0,1827.0,1827.0,1827.0,1827.0,1827.0,1827.0,1827.0,1827.0,1827.0,1827.0,1827.0,1827.0,1827.0,1827.0,1827.0,1827.0,1827.0,1827.0,1827.0,1827.0,1827.0,7.0,0.7,273.91063,273.54017,272.9316,272.03413,270.85879,269.47347,267.98818,266.53691,265.26248,264.30837,263.81783,263.93746,264.82018,266.62222,269.49033,273.53871,278.81903,285.29086,292.80182,301.08557,196.0988919790188,261.457417824984,3836.94362,566.0237200000001,1512.0211,-43.52652999999998
1828,1828,1828.0,1828.0,1828.0,1828.0,1828.0,1828.0,1828.0,1828.0,1828.0,1828.0,1828.0,1828.0,1828.0,1828.0,1828.0,1828.0,1828.0,1828.0,1828.0,1828.0,1828.0,1828.0,8.0,0.8,208.64089,220.57343,231.37454,240.67746,248.30512,254.26735,258.72663,261.9444,264.22163,265.84515,267.04703,267.98013,268.71019,269.22335,269.44707,269.28148,268.63627,267.46619,265.79712,263.73549,311.7954564135588,367.2306782840038,4402.96734,586.7681000000002,945.9973799999998,-58.73265000000001
1829,1829,1829.0,1829.0,1829.0,1829.0,1829.0,1829.0,1829.0,1829.0,1829.0,1829.0,1829.0,1829.0,1829.0,1829.0,1829.0,1829.0,1829.0,1829.0,1829.0,1829.0,1829.0,1829.0,9.0,0.9,300.85418,290.6108,281.65565,274.39082,268.99387,265.43095,263.51025,262.95839,263.50072,264.92978,267.15221,270.20995,274.27488,279.61793,286.55521,295.3764,306.26536,319.22782,334.04371,350.25987,306.38084562583185,236.02238455572848,4989.73544,359.2292799999996,359.2292799999996,-47.56905
1830,1830,1830.0,1830.0,1830.0,1830.0,1830.0,1830.0,1830.0,1830.0,1830.0,1830.0,1830.0,1830.0,1830.0,1830.0,1830.0,1830.0,1830.0,1830.0,1830.0,1830.0,1830.0,1830.0,0.0,0.0,273.0,273.0,273.0,273.0,273.0,273.0,273.0,273.0,273.0,273.0,273.0,273.0,273.0,273.0,273.0,273.0,273.0,273.0,273.0,273.0,362.07883542579793,238.48535607202285,0.0,437.80133,3698.37376,0.4775999999999953
1831,1831,1831.0,1831.0,1831.0,1831.0,1831.0,1831.0,1831.0,1831.0,1831.0,1831.0,1831.0,1831.0,1831.0,1831.0,1831.0,1831.0,1831.0,1831.0,1831.0,1831.0,1831.0,1831.0,1.0,0.1,346.89523,332.40369,319.20113,307.71563,298.16879,290.57773,284.78935,280.53285,277.47493,275.26559,273.5687,272.07759,270.52029,268.6612,266.30473,263.30421,259.57541,255.11078,249.98847,244.3703,335.49919860587136,194.8268257387467,437.80133,472.33088,3260.57243,0.4775999999999953
1832,1832,1832.0,1832.0,1832.0,1832.0,1832.0,1832.0,1832.0,1832.0,1832.0,1832.0,1832.0,1832.0,1832.0,1832.0,1832.0,1832.0,1832.0,1832.0,1832.0,1832.0,1832.0,1832.0,2.0,0.2,329.20456,322.93825,316.73822,310.65703,304.75928,299.11126,293.7653,288.74253,284.01807,279.51142,275.08408,270.54484,265.66321,260.19088,253.89053,246.56998,238.1174,228.53117,217.93694,206.58523,187.1320520578852,324.1193508014395,910.13221,530.1561200000001,2788.24155,0.4775999999999953
1833,1833,1833.0,1833.0,1833.0,1833.0,1833.0,1833.0,1833.0,1833.0,1833.0,1833.0,1833.0,1833.0,1833.0,1833.0,1833.0,1833.0,1833.0,1833.0,1833.0,1833.0,1833.0,1833.0,3.0,0.3,206.52855,224.80022,240.97834,254.37102,264.62452,271.71993,275.9179,277.67567,277.56248,276.19338,274.18949,272.16162,270.70521,270.39135,271.7409,275.1767,280.95887,289.11913,299.41589,311.33098,372.9612491581587,196.8015427075105,1440.28833,472.93616,2258.08543,0.4775999999999953
1834,1834,1834.0,1834.0,1834.0,1834.0,1834.0,1834.0,1834.0,1834.0,1834.0,1834.0,1834.0,1834.0,1834.0,1834.0,1834.0,1834.0,1834.0,1834.0,1834.0,1834.0,1834.0,1834.0,4.0,0.4,353.66312,335.4381,319.19143,305.53396,294.72424,286.68454,281.07415,277.39063,275.06736,273.54435,272.3033,270.87154,268.80958,265.70097,261.15977,254.86342,246.60678,236.36284,224.32824,210.93287,363.8038057356658,337.2796459008405,1913.22449,458.83696999999984,1785.14927,0.4775999999999953
1835,1835,1835.0,1835.0,1835.0,1835.0,1835.0,1835.0,1835.0,1835.0,1835.0,1835.0,1835.0,1835.0,1835.0,1835.0,1835.0,1835.0,1835.0,1835.0,1835.0,1835.0,1835.0,1835.0,5.0,0.5,352.39917,341.24064,330.5571,320.54455,311.35386,303.08418,295.78416,289.46278,284.11003,279.72565,276.3514,274.09948,273.16777,273.83254,276.4122,281.20241,288.392,297.97852,309.70727,323.05633,369.7071613606164,253.0700248056139,2372.06146,294.9139100000002,1326.3123,0.4775999999999953
1836,1836,1836.0,1836.0,1836.0,1836.0,1836.0,1836.0,1836.0,1836.0,1836.0,1836.0,1836.0,1836.0,1836.0,1836.0,1836.0,1836.0,1836.0,1836.0,1836.0,1836.0,1836.0,1836.0,6.0,0.6,359.29373,349.07398,339.2312,329.92965,321.30834,313.4776,306.51706,300.47356,295.35718,291.13478,287.72147,284.97295,282.68295,280.59095,278.40432,275.83519,272.64798,268.70731,264.01323,258.71127,214.45663836605,289.9048706214081,2666.97537,267.4800799999998,1031.3983899999998,0.4775999999999953
1837,1837,1837.0,1837.0,1837.0,1837.0,1837.0,1837.0,1837.0,1837.0,1837.0,1837.0,1837.0,1837.0,1837.0,1837.0,1837.0,1837.0,1837.0,1837.0,1837.0,1837.0,1837.0,1837.0,7.0,0.7,232.1543,248.76312,263.35432,275.28188,284.24258,290.26746,293.65725,294.88678,294.50564,293.05655,291.02238,288.80245,286.71076,284.98558,283.80035,283.26926,283.44574,284.31633,285.7957,287.72893,359.9455173533363,272.3651429454736,2934.45545,241.55942000000005,763.91831,0.4775999999999953
1838,1838,1838.0,1838.0,1838.0,1838.0,1838.0,1838.0,1838.0,1838.0,1838.0,1838.0,1838.0,1838.0,1838.0,1838.0,1838.0,1838.0,1838.0,1838.0,1838.0,1838.0,1838.0,1838.0,8.0,0.8,346.20434,333.24576,321.72505,312.07489,304.46318,298.80837,294.83992,292.1815,290.43303,289.23347,288.29616,287.41781,286.46836,285.3719,284.08728,282.59426,280.88728,278.97535,276.88478,274.66077,237.230481825098,244.8365103450298,3176.01487,250.67484999999988,522.35889,0.4775999999999953
1839,1839,1839.0,1839.0,1839.0,1839.0,1839.0,1839.0,1839.0,1839.0,1839.0,1839.0,1839.0,1839.0,1839.0,1839.0,1839.0,1839.0,1839.0,1839.0,1839.0,1839.0,1839.0,1839.0,9.0,0.9,248.95531,259.95429,269.613,277.51239,283.46693,287.51275,289.85569,290.79794,290.66326,289.73671,288.22684,286.25158,283.84391,280.97186,277.56696,273.55622,268.89316,263.58321,257.69928,251.38383,367.93236715914975,362.1004334990447,3426.68972,271.6840400000001,271.6840400000001,0.4775999999999953
1840,1840,1840.0,1840.0,1840.0,1840.0,1840.0,1840.0,1840.0,1840.0,1840.0,1840.0,1840.0,1840.0,1840.0,1840.0,1840.0,1840.0,1840.0,1840.0,1840.0,1840.0,1840.0,1840.0,0.0,0.0,273.0,273.0,273.0,273.0,273.0,273.0,273.0,273.0,273.0,273.0,273.0,273.0,273.0,273.0,273.0,273.0,273.0,273.0,273.0,273.0,239.9254906053893,256.6385460476642,0.0,474.61533,4772.91748,-40.0
1841,1841,1841.0,1841.0,1841.0,1841.0,1841.0,1841.0,1841.0,1841.0,1841.0,1841.0,1841.0,1841.0,1841.0,1841.0,1841.0,1841.0,1841.0,1841.0,1841.0,1841.0,1841.0,1841.0,1.0,0.1,245.56233,250.94172,255.84115,260.1001,263.63332,266.42901,268.53439,270.03391,271.02575,271.60131,271.83077,271.75561,271.38787,270.71533,269.71134,268.34792,266.60991,264.50784,262.08641,259.42639,193.2573046916244,335.6533349178005,474.61533,558.0748400000001,4298.30215,-46.57099
1842,1842,1842.0,1842.0,1842.0,1842.0,1842.0,1842.0,1842.0,1842.0,1842.0,1842.0,1842.0,1842.0,1842.0,1842.0,1842.0,1842.0,1842.0,1842.0,1842.0,1842.0,1842.0,1842.0,2.0,0.2,205.18458,216.65329,227.26111,236.70652,244.8136,251.53537,256.93969,261.18542,264.49752,267.14725,269.4398,271.70718,274.30109,277.57928,281.88021,287.48485,294.57031,303.16524,313.12063,324.10827,342.23870998790403,177.994874837006,1032.69017,557.1276,3740.22731,-61.46463
1843,1843,1843.0,1843.0,1843.0,1843.0,1843.0,1843.0,1843.0,1843.0,1843.0,1843.0,1843.0,1843.0,1843.0,1843.0,1843.0,1843.0,1843.0,1843.0,1843.0,1843.0,1843.0,1843.0,3.0,0.3,325.76817,310.28981,296.64944,285.43428,276.91793,271.06682,267.59519,266.04423,265.8596,266.44873,267.21056,267.54334,266.84413,264.51757,260.00781,252.85886,242.79599,229.80863,214.20784,196.63316,241.8004739229065,363.43280768254095,1589.81777,575.56194,3183.09971,-41.93317999999999
1844,1844,1844.0,1844.0,1844.0,1844.0,1844.0,1844.0,1844.0,1844.0,1844.0,1844.0,1844.0,1844.0,1844.0,1844.0,1844.0,1844.0,1844.0,1844.0,1844.0,1844.0,1844.0,1844.0,4.0,0.4,248.41682,254.55053,259.79922,263.90046,266.75755,268.43015,269.09946,269.02479,268.50788,267.87609,267.48594,267.73914,269.0963,272.07139,277.19358,284.93307,295.6006,309.24433,325.57523,343.95074,189.2284213565437,332.2416086857206,2165.37971,463.73,2607.53777,-44.56984999999997
1845,1845,1845.0,1845.0,1845.0,1845.0,1845.0,1845.0,1845.0,1845.0,1845.0,1845.0,1845.0,1845.0,1845.0,1845.0,1845.0,1845.0,1845.0,1845.0,1845.0,1845.0,1845.0,1845.0,5.0,0.5,202.11189,214.47188,225.85605,235.93993,244.55909,251.71358,257.54798,262.31497,266.3316,269.93629,273.45163,277.15552,281.2615,285.90839,291.15901,297.00762,303.3944,310.22402,317.38422,324.76014,202.2563930270465,364.8881616145764,2629.10971,503.2125899999997,2143.80777,-61.28641999999999
1846,1846,1846.0,1846.0,1846.0,1846.0,1846.0,1846.0,1846.0,1846.0,1846.0,1846.0,1846.0,1846.0,1846.0,1846.0,1846.0,1846.0,1846.0,1846.0,1846.0,1846.0,1846.0,1846.0,6.0,0.6,209.69548,217.07204,224.32454,231.395,238.23412,244.80858,251.10928,257.15869,263.01589,268.77802,274.57795,280.57772,286.95772,293.90149,301.57604,310.10898,319.56505,329.92624,341.081,352.82673,276.4293698408319,213.2331056552189,3132.3223,472.2926000000002,1640.5951800000005,-68.19142
1847,1847,1847.0,1847.0,1847.0,1847.0,1847.0,1847.0,1847.0,1847.0,1847.0,1847.0,1847.0,1847.0,1847.0,1847.0,1847.0,1847.0,1847.0,1847.0,1847.0,1847.0,1847.0,1847.0,7.0,0.7,270.73602,265.59219,261.4704,258.70635,257.46757,257.75277,259.41487,262.19527,265.75616,269.70196,273.58783,276.92047,279.16202,279.74925,278.13781,273.87324,266.67965,256.54642,243.78679,229.04407,236.9581378143498,363.9943808417698,3604.6149,501.8687800000002,1168.30258,-55.24723
1848,1848,1848.0,1848.0,1848.0,1848.0,1848.0,1848.0,1848.0,1848.0,1848.0,1848.0,1848.0,1848.0,1848.0,1848.0,1848.0,1848.0,1848.0,1848.0,1848.0,1848.0,1848.0,1848.0,8.0,0.8,241.32568,245.54714,249.50202,253.11367,256.35585,259.24794,261.8433,264.2182,266.4679,268.71352,271.11867,273.90921,277.38601,281.91897,287.91342,295.74734,305.6877,317.8048,331.90965,347.53803,273.58816009094323,329.291434187484,4106.48368,385.2251099999994,666.4337999999998,-53.75205999999997
1849,1849,1849.0,1849.0,1849.0,1849.0,1849.0,1849.0,1849.0,1849.0,1849.0,1849.0,1849.0,1849.0,1849.0,1849.0,1849.0,1849.0,1849.0,1849.0,1849.0,1849.0,1849.0,1849.0,9.0,0.9,270.92826,268.52607,266.6059,265.33408,264.80784,265.05921,266.07048,267.79488,270.17575,273.15932,276.69881,280.75083,285.26744,290.18819,295.4365,300.92281,306.5545,312.24979,317.95084,323.63077,268.88441066869035,360.7599458437173,4491.70879,281.2086900000004,281.2086900000004,-47.94078999999999
1850,1850,1850.0,1850.0,1850.0,1850.0,1850.0,1850.0,1850.0,1850.0,1850.0,1850.0,1850.0,1850.0,1850.0,1850.0,1850.0,1850.0,1850.0,1850.0,1850.0,1850.0,1850.0,1850.0,0.0,0.0,273.0,273.0,273.0,273.0,273.0,273.0,273.0,273.0,273.0,273.0,273.0,273.0,273.0,273.0,273.0,273.0,273.0,273.0,273.0,273.0,214.95888468015409,301.96355838896585,0.0,465.18006,5785.87923,-40.0
1851,1851,1851.0,1851.0,1851.0,1851.0,1851.0,1851.0,1851.0,1851.0,1851.0,1851.0,1851.0,1851.0,1851.0,1851.0,1851.0,1851.0,1851.0,1851.0,1851.0,1851.0,1851.0,1851.0,1.0,0.1,224.85221,234.29473,242.89772,250.38259,256.60559,261.55677,265.33802,268.12936,270.15366,271.64752,272.84206,273.95318,275.17779,276.69155,278.64392,281.14878,284.2713,288.0147,292.31167,297.02553,241.7562619930409,286.5893765120112,465.18006,501.13154,5320.69917,-51.44323000000003
1852,1852,1852.0,1852.0,1852.0,1852.0,1852.0,1852.0,1852.0,1852.0,1852.0,1852.0,1852.0,1852.0,1852.0,1852.0,1852.0,1852.0,1852.0,1852.0,1852.0,1852.0,1852.0,1852.0,2.0,0.2,244.25158,246.80346,249.45188,252.20877,255.05497,257.94585,260.82298,263.62777,266.31281,268.84796,271.22056,273.43074,275.48426,277.38593,279.13587,280.73005,282.1647,283.44311,284.58192,285.61449,251.9257358385693,234.6083915197585,966.3116,542.10679,4819.56763,-55.05414999999999
1853,1853,1853.0,1853.0,1853.0,1853.0,1853.0,1853.0,1853.0,1853.0,1853.0,1853.0,1853.0,1853.0,1853.0,1853.0,1853.0,1853.0,1853.0,1853.0,1853.0,1853.0,1853.0,1853.0,3.0,0.3,252.85864,253.86823,255.01858,256.35099,257.87805,259.582,261.41634,263.30879,265.16376,266.8631,268.26554,269.20663,269.50212,268.95815,267.39047,264.65248,260.66835,255.4643,249.18866,242.11275,303.1551422718126,279.9156940790673,1508.41839,596.0194399999998,4277.46084,-53.418000000000006
1854,1854,1854.0,1854.0,1854.0,1854.0,1854.0,1854.0,1854.0,1854.0,1854.0,1854.0,1854.0,1854.0,1854.0,1854.0,1854.0,1854.0,1854.0,1854.0,1854.0,1854.0,1854.0,1854.0,4.0,0.4,295.72033,288.6887,282.40545,277.11273,272.9266,269.83849,267.73768,266.447,265.76303,265.49326,265.48529,265.64545,265.94575,266.41911,267.1433,268.21542,269.72072,271.70193,274.13634,276.9276,271.20593497689555,227.1714627220756,2104.43783,552.4956200000001,3681.4414,-43.16151000000002
1855,1855,1855.0,1855.0,1855.0,1855.0,1855.0,1855.0,1855.0,1855.0,1855.0,1855.0,1855.0,1855.0,1855.0,1855.0,1855.0,1855.0,1855.0,1855.0,1855.0,1855.0,1855.0,1855.0,5.0,0.5,271.69958,272.07783,272.24923,272.1635,271.81752,271.24916,270.52123,269.70026,268.83469,267.93663,266.96973,265.84471,264.42352,262.53313,259.9889,256.62624,252.3365,247.10004,241.00809,234.26566,275.50480597953964,254.0182442442492,2656.93345,623.81457,3128.94578,-41.75083999999998
1856,1856,1856.0,1856.0,1856.0,1856.0,1856.0,1856.0,1856.0,1856.0,1856.0,1856.0,1856.0,1856.0,1856.0,1856.0,1856.0,1856.0,1856.0,1856.0,1856.0,1856.0,1856.0,1856.0,6.0,0.6,274.66974,273.83772,273.00865,272.17694,271.33046,270.45092,269.51584,268.50161,267.38759,266.1608,264.82084,263.3842,261.88665,260.38242,258.93881,257.62592,256.50288,255.60332,254.9242,254.42196,258.5768287201231,191.64733620861827,3280.74802,683.7830100000001,2505.13121,-42.54908
1857,1857,1857.0,1857.0,1857.0,1857.0,1857.0,1857.0,1857.0,1857.0,1857.0,1857.0,1857.0,1857.0,1857.0,1857.0,1857.0,1857.0,1857.0,1857.0,1857.0,1857.0,1857.0,1857.0,7.0,0.7,260.57155,262.42593,264.01713,265.25304,266.07808,266.47084,266.43418,265.98049,265.11463,263.81753,262.03295,259.66006,256.5544,252.53982,247.43252,241.07625,233.38345,224.37427,214.20246,203.15885,340.9631524552333,332.4361498488702,3964.53103,733.2056999999995,1821.3482,-46.52915999999999
1858,1858,1858.0,1858.0,1858.0,1858.0,1858.0,1858.0,1858.0,1858.0,1858.0,1858.0,1858.0,1858.0,1858.0,1858.0,1858.0,1858.0,1858.0,1858.0,1858.0,1858.0,1858.0,1858.0,8.0,0.8,327.91345,315.4352,304.01505,293.99017,285.51801,278.58434,273.04416,268.68333,265.28693,262.7021,260.88621,259.93418,260.08015,261.67033,265.1059,270.76002,278.88076,289.49905,302.3658,316.93966,230.19555962990324,217.487139496788,4697.73673,529.3340700000008,1088.1425,-34.41566
1859,1859,1859.0,1859.0,1859.0,1859.0,1859.0,1859.0,1859.0,1859.0,1859.0,1859.0,1859.0,1859.0,1859.0,1859.0,1859.0,1859.0,1859.0,1859.0,1859.0,1859.0,1859.0,1859.0,9.0,0.9,239.6015,248.35397,255.9059,261.89733,266.19298,268.87212,270.17863,270.44762,270.02621,269.20343,268.15849,266.93195,265.42165,263.40381,260.5786,256.63615,251.33423,244.57256,236.44562,227.25707,325.6044254885392,367.687078395162,5227.0708,558.8084299999991,558.8084299999991,-44.127880000000005
1860,1860,1860.0,1860.0,1860.0,1860.0,1860.0,1860.0,1860.0,1860.0,1860.0,1860.0,1860.0,1860.0,1860.0,1860.0,1860.0,1860.0,1860.0,1860.0,1860.0,1860.0,1860.0,1860.0,0.0,0.0,273.0,273.0,273.0,273.0,273.0,273.0,273.0,273.0,273.0,273.0,273.0,273.0,273.0,273.0,273.0,273.0,273.0,273.0,273.0,273.0,329.0561151449217,286.43263577712406,0.0,418.52121,4082.6245,-40.0
1861,1861,1861.0,1861.0,1861.0,1861.0,1861.0,1861.0,1861.0,1861.0,1861.0,1861.0,1861.0,1861.0,1861.0,1861.0,1861.0,1861.0,1861.0,1861.0,1861.0,1861.0,1861.0,1861.0,1.0,0.1,319.50204,310.38418,302.07921,294.85835,288.86454,284.11511,280.52531,277.94415,276.19276,275.09733,274.51214,274.33141,274.49114,274.96319,275.74406,276.84079,278.2563,279.97654,281.96189,284.14452,256.2893187459755,312.8929518511218,418.52121,340.41342999999995,3664.103290000001,-28.884889999999984
1862,1862,1862.0,1862.0,1862.0,1862.0,1862.0,1862.0,1862.0,1862.0,1862.0,1862.0,1862.0,1862.0,1862.0,1862.0,1862.0,1862.0,1862.0,1862.0,1862.0,1862.0,1862.0,1862.0,2.0,0.2,261.93867,267.18255,271.68296,275.2205,277.71827,279.23631,279.9426,280.07198,279.88498,279.63558,279.55195,279.82897,280.62841,282.08094,284.28544,287.30316,291.14745,295.77244,301.06565,306.84931,223.24187386677568,290.37120892163966,758.93464,326.09832000000006,3323.6898600000004,-33.76369
1863,1863,1863.0,1863.0,1863.0,1863.0,1863.0,1863.0,1863.0,1863.0,1863.0,1863.0,1863.0,1863.0,1863.0,1863.0,1863.0,1863.0,1863.0,1863.0,1863.0,1863.0,1863.0,1863.0,3.0,0.3,232.26698,240.93429,248.932,256.03093,262.10483,267.13234,271.18273,274.39066,276.92634,278.9667,280.67149,282.16646,283.53445,284.81455,286.00864,287.09408,288.04026,288.82565,289.45135,289.9476,204.56298264581284,303.54101881200165,1085.03296,409.0944099999999,2997.5915400000004,-45.86766
1864,1864,1864.0,1864.0,1864.0,1864.0,1864.0,1864.0,1864.0,1864.0,1864.0,1864.0,1864.0,1864.0,1864.0,1864.0,1864.0,1864.0,1864.0,1864.0,1864.0,1864.0,1864.0,1864.0,4.0,0.4,214.45826,224.07854,233.17782,241.56255,249.10561,255.74967,261.50102,266.41729,270.59265,274.1437,277.19809,279.88619,282.3352,284.66444,286.98039,289.37099,291.89922,294.59743,297.46416,300.46536,231.1633148870966,264.91985705448064,1494.12737,495.6453200000001,2588.49713,-57.25032999999999
1865,1865,1865.0,1865.0,1865.0,1865.0,1865.0,1865.0,1865.0,1865.0,1865.0,1865.0,1865.0,1865.0,1865.0,1865.0,1865.0,1865.0,1865.0,1865.0,1865.0,1865.0,1865.0,1865.0,5.0,0.5,234.58242,238.08874,241.74789,245.58821,249.5941,253.70913,257.84647,261.90208,265.76633,269.33101,272.49104,275.14261,277.18094,278.50164,279.00857,278.6291,277.33466,275.16156,272.22558,268.72371,220.49945132743167,268.6285250684703,1989.77269,590.8743299999999,2092.85181,-59.29087000000001
1866,1866,1866.0,1866.0,1866.0,1866.0,1866.0,1866.0,1866.0,1866.0,1866.0,1866.0,1866.0,1866.0,1866.0,1866.0,1866.0,1866.0,1866.0,1866.0,1866.0,1866.0,1866.0,1866.0,6.0,0.6,226.02179,231.45484,236.71732,241.74184,246.47712,250.88665,254.94442,258.62989,261.92349,264.80434,267.25046,269.24134,270.76205,271.80774,272.38759,272.52723,272.26952,271.67338,270.8114,269.76652,372.8705241081502,298.4895703428127,2580.64702,570.01838,1501.97748,-62.11335
1867,1867,1867.0,1867.0,1867.0,1867.0,1867.0,1867.0,1867.0,1867.0,1867.0,1867.0,1867.0,1867.0,1867.0,1867.0,1867.0,1867.0,1867.0,1867.0,1867.0,1867.0,1867.0,1867.0,7.0,0.7,351.69795,331.65598,313.71472,298.56044,286.53422,277.63951,271.60653,267.98972,266.2717,265.95247,266.61163,267.94064,269.74851,271.94748,274.52537,277.51111,280.939,284.81738,289.10686,293.7122,329.7510751098012,340.2998043084366,3150.6654,348.7829900000001,931.9591,-35.36049000000003
1868,1868,1868.0,1868.0,1868.0,1868.0,1868.0,1868.0,1868.0,1868.0,1868.0,1868.0,1868.0,1868.0,1868.0,1868.0,1868.0,1868.0,1868.0,1868.0,1868.0,1868.0,1868.0,1868.0,8.0,0.8,323.00323,316.31001,309.74524,303.41413,297.45421,292.02516,287.29191,283.4071,280.49883,278.6669,277.98729,278.5216,280.32609,283.45493,287.95386,293.84348,301.0952,309.60638,319.1828,329.53605,249.7799236631645,239.52825517694248,3499.44839,245.31599000000008,583.1761099999999,-20.97483999999997
1869,1869,1869.0,1869.0,1869.0,1869.0,1869.0,1869.0,1869.0,1869.0,1869.0,1869.0,1869.0,1869.0,1869.0,1869.0,1869.0,1869.0,1869.0,1869.0,1869.0,1869.0,1869.0,1869.0,9.0,0.9,257.69162,265.08761,271.53641,276.75493,280.63868,283.254,284.79809,285.53896,285.74948,285.64763,285.35147,284.85393,284.02007,282.60823,280.31443,276.836,271.94545,265.56011,257.79039,248.95111,293.0893263183567,253.2362848755485,3744.76438,337.8601199999998,337.8601199999998,-29.74599999999998
1870,1870,1870.0,1870.0,1870.0,1870.0,1870.0,1870.0,1870.0,1870.0,1870.0,1870.0,1870.0,1870.0,1870.0,1870.0,1870.0,1870.0,1870.0,1870.0,1870.0,1870.0,1870.0,1870.0,0.0,0.0,273.0,273.0,273.0,273.0,273.0,273.0,273.0,273.0,273.0,273.0,273.0,273.0,273.0,273.0,273.0,273.0,273.0,273.0,273.0,273.0,341.35613588960643,301.52676101719,0.0,407.17058,3484.57897,0.1688899999999762
1871,1871,1871.0,1871.0,1871.0,1871.0,1871.0,1871.0,1871.0,1871.0,1871.0,1871.0,1871.0,1871.0,1871.0,1871.0,1871.0,1871.0,1871.0,1871.0,1871.0,1871.0,1871.0,1871.0,1.0,0.1,329.70615,318.58819,308.46199,299.65886,292.35449,286.57238,282.21316,279.0994,277.02357,275.78972,275.24288,275.28423,275.87277,277.01573,278.75016,281.11899,284.14509,287.8081,292.02894,296.66632,259.0715329058912,204.47748511861263,407.17058,357.38872000000003,3077.40839,0.1688899999999762
1872,1872,1872.0,1872.0,1872.0,1872.0,1872.0,1872.0,1872.0,1872.0,1872.0,1872.0,1872.0,1872.0,1872.0,1872.0,1872.0,1872.0,1872.0,1872.0,1872.0,1872.0,1872.0,1872.0,2.0,0.2,264.87803,270.24183,274.7947,278.29851,280.66908,281.96514,282.34841,282.02724,281.19708,279.98928,278.43538,276.45076,273.83943,270.32021,265.57349,259.30455,251.31468,241.56672,230.22864,217.68043,245.88360976995216,221.91950780097824,764.5593,530.9461399999999,2720.01967,0.1688899999999762
1873,1873,1873.0,1873.0,1873.0,1873.0,1873.0,1873.0,1873.0,1873.0,1873.0,1873.0,1873.0,1873.0,1873.0,1873.0,1873.0,1873.0,1873.0,1873.0,1873.0,1873.0,1873.0,1873.0,3.0,0.3,251.36112,256.59682,261.37105,265.5039,268.86511,271.37523,272.99927,273.73575,273.60455,272.63686,270.86894,268.34045,265.09631,261.19016,256.68741,251.66585,246.21328,240.42261,234.38616,228.19137,299.7740594577751,269.69810386857574,1295.50544,624.47136,2189.07353,0.1688899999999762
1874,1874,1874.0,1874.0,1874.0,1874.0,1874.0,1874.0,1874.0,1874.0,1874.0,1874.0,1874.0,1874.0,1874.0,1874.0,1874.0,1874.0,1874.0,1874.0,1874.0,1874.0,1874.0,1874.0,4.0,0.4,294.21486,288.94799,284.21415,280.16359,276.83889,274.18162,272.05872,270.30038,268.74013,267.24951,265.76238,264.28646,262.90174,261.74605,260.98913,260.79801,261.29854,262.54013,264.47212,266.939,203.11723123089504,359.87804926385286,1919.9768,548.04927,1564.60217,0.1688899999999762
1875,1875,1875.0,1875.0,1875.0,1875.0,1875.0,1875.0,1875.0,1875.0,1875.0,1875.0,1875.0,1875.0,1875.0,1875.0,1875.0,1875.0,1875.0,1875.0,1875.0,1875.0,1875.0,1875.0,5.0,0.5,215.63982,227.48957,238.09144,247.04392,254.15793,259.45567,263.13773,265.53342,267.05055,268.13609,269.25214,270.86389,273.43147,277.39568,283.15004,290.99728,301.09563,313.40761,327.66757,343.38313,341.6484036319678,364.92646471080656,2468.02607,388.42209,1016.5529,0.1688899999999762
1876,1876,1876.0,1876.0,1876.0,1876.0,1876.0,1876.0,1876.0,1876.0,1876.0,1876.0,1876.0,1876.0,1876.0,1876.0,1876.0,1876.0,1876.0,1876.0,1876.0,1876.0,1876.0,1876.0,6.0,0.6,326.53221,312.29938,299.70601,289.28521,281.30424,275.77867,272.53206,271.27945,271.71082,273.55626,276.6234,280.80655,286.07321,292.43648,299.92182,308.53512,318.23696,328.92604,340.43329,352.5268,358.0702851175175,293.79496981797257,2856.44816,175.86639999999989,628.1308100000001,0.1688899999999762
1877,1877,1877.0,1877.0,1877.0,1877.0,1877.0,1877.0,1877.0,1877.0,1877.0,1877.0,1877.0,1877.0,1877.0,1877.0,1877.0,1877.0,1877.0,1877.0,1877.0,1877.0,1877.0,1877.0,7.0,0.7,345.77833,333.93899,322.96748,313.2102,304.92378,298.26593,293.2967,289.98658,288.22732,287.84202,288.59325,290.19033,292.299,294.55797,296.60555,298.11703,298.84859,298.67898,297.63735,295.90636,363.098973009381,352.22075191254595,3032.31456,140.24045000000024,452.2644100000002,0.1688899999999762
1878,1878,1878.0,1878.0,1878.0,1878.0,1878.0,1878.0,1878.0,1878.0,1878.0,1878.0,1878.0,1878.0,1878.0,1878.0,1878.0,1878.0,1878.0,1878.0,1878.0,1878.0,1878.0,1878.0,8.0,0.8,353.39184,343.94787,335.01276,326.79957,319.47796,313.16889,307.94523,303.83807,300.84785,298.95888,298.15527,298.43524,299.82043,302.35621,306.10063,311.10143,317.36492,324.82366,333.31278,342.5638,266.09697548948753,188.6009422128988,3172.55501,115.45080000000009,312.02396,0.1688899999999762
1879,1879,1879.0,1879.0,1879.0,1879.0,1879.0,1879.0,1879.0,1879.0,1879.0,1879.0,1879.0,1879.0,1879.0,1879.0,1879.0,1879.0,1879.0,1879.0,1879.0,1879.0,1879.0,1879.0,9.0,0.9,275.08783,283.48047,290.77321,296.6337,300.93156,303.72614,305.21631,305.66655,305.32626,304.35674,302.77663,300.43309,297.00373,292.03299,285.00341,275.43648,263.00914,247.66284,229.67708,209.68252,269.077221328631,346.7409940271661,3288.00581,196.57315999999992,196.57315999999992,0.1688899999999762
1880,1880,1880.0,1880.0,1880.0,1880.0,1880.0,1880.0,1880.0,1880.0,1880.0,1880.0,1880.0,1880.0,1880.0,1880.0,1880.0,1880.0,1880.0,1880.0,1880.0,1880.0,1880.0,1880.0,0.0,0.0,273.0,273.0,273.0,273.0,273.0,273.0,273.0,273.0,273.0,273.0,273.0,273.0,273.0,273.0,273.0,273.0,273.0,273.0,273.0,273.0,368.4909078472186,317.3933341269624,0.0,393.30253,5225.89593,-40.0
1881,1881,1881.0,1881.0,1881.0,1881.0,1881.0,1881.0,1881.0,1881.0,1881.0,1881.0,1881.0,1881.0,1881.0,1881.0,1881.0,1881.0,1881.0,1881.0,1881.0,1881.0,1881.0,1881.0,1.0,0.1,352.21637,336.68521,322.53963,310.24289,300.04087,291.96711,285.8843,281.54704,278.66945,276.98386,276.28231,276.43801,277.40752,279.2164,281.93186,285.62671,290.34016,296.04258,302.61207,309.82922,275.2203411647823,202.08459648688955,393.30253,305.4718,4832.5934,-21.03289000000001
1882,1882,1882.0,1882.0,1882.0,1882.0,1882.0,1882.0,1882.0,1882.0,1882.0,1882.0,1882.0,1882.0,1882.0,1882.0,1882.0,1882.0,1882.0,1882.0,1882.0,1882.0,1882.0,1882.0,2.0,0.2,279.64485,283.6214,286.78333,288.90559,289.92983,289.95055,289.16953,287.83204,286.16013,284.29539,282.25935,279.9358,277.07696,273.33435,268.31341,261.64756,253.08166,242.5491,230.22323,216.52591,349.3832475980572,304.75421019677333,698.77433,387.1526000000001,4527.1216,-23.04944999999998
1883,1883,1883.0,1883.0,1883.0,1883.0,1883.0,1883.0,1883.0,1883.0,1883.0,1883.0,1883.0,1883.0,1883.0,1883.0,1883.0,1883.0,1883.0,1883.0,1883.0,1883.0,1883.0,1883.0,3.0,0.3,338.70042,328.47066,319.07684,310.77846,303.6868,297.77176,292.89504,288.85929,285.46173,282.54249,280.02123,277.91835,276.35809,275.55181,275.76083,277.2411,280.17732,284.61926,290.43683,297.30897,298.9308434521704,181.4446529343627,1085.92693,342.9627599999999,4139.968999999999,-15.228240000000028
1884,1884,1884.0,1884.0,1884.0,1884.0,1884.0,1884.0,1884.0,1884.0,1884.0,1884.0,1884.0,1884.0,1884.0,1884.0,1884.0,1884.0,1884.0,1884.0,1884.0,1884.0,1884.0,1884.0,4.0,0.4,299.58633,299.999,299.96953,299.37417,298.1778,296.42556,294.21663,291.66683,288.86776,285.84946,282.55175,278.80879,274.35099,268.82824,261.85662,253.08619,242.28113,229.39589,214.62738,198.42434,359.3681520263448,179.75889060551404,1428.88969,516.0052700000001,3797.00624,-16.57443999999998
1885,1885,1885.0,1885.0,1885.0,1885.0,1885.0,1885.0,1885.0,1885.0,1885.0,1885.0,1885.0,1885.0,1885.0,1885.0,1885.0,1885.0,1885.0,1885.0,1885.0,1885.0,1885.0,1885.0,5.0,0.5,348.33042,337.68271,327.75342,318.76151,310.79202,303.79715,297.61826,292.02006,286.72723,281.45652,275.94048,269.9431,263.26943,255.77201,247.35616,237.98486,227.6826,216.53675,204.69475,192.35612,223.8005009330473,189.65679604585503,1944.89496,664.4283299999997,3281.00097,-9.202850000000012
1886,1886,1886.0,1886.0,1886.0,1886.0,1886.0,1886.0,1886.0,1886.0,1886.0,1886.0,1886.0,1886.0,1886.0,1886.0,1886.0,1886.0,1886.0,1886.0,1886.0,1886.0,1886.0,1886.0,6.0,0.6,238.0646,251.37064,262.89361,272.04306,278.51194,282.26792,283.49819,282.52919,279.74418,275.51668,270.16888,263.95524,257.06538,249.63801,241.77772,233.56922,225.08642,216.39631,207.55962,198.63042,311.0896856571468,187.6693740749977,2609.32329,807.4158500000003,2616.57264,-30.73208
1887,1887,1887.0,1887.0,1887.0,1887.0,1887.0,1887.0,1887.0,1887.0,1887.0,1887.0,1887.0,1887.0,1887.0,1887.0,1887.0,1887.0,1887.0,1887.0,1887.0,1887.0,1887.0,1887.0,7.0,0.7,304.35312,297.94747,292.13347,287.05012,282.69385,278.93077,275.53455,272.23669,268.77521,264.93149,260.55033,255.5443,249.8862,243.59549,236.72347,229.34043,221.52655,213.36624,204.94553,196.35096,333.65743166760404,372.51629198001865,3416.73914,748.6056400000002,1809.1567899999995,-34.069230000000005
1888,1888,1888.0,1888.0,1888.0,1888.0,1888.0,1888.0,1888.0,1888.0,1888.0,1888.0,1888.0,1888.0,1888.0,1888.0,1888.0,1888.0,1888.0,1888.0,1888.0,1888.0,1888.0,1888.0,8.0,0.8,324.58574,315.73739,307.30539,299.42952,292.18668,285.59692,279.64451,274.31098,269.6152,265.65473,262.64135,260.92234,260.97809,263.38704,268.75316,277.5994,290.24169,306.67011,326.46959,348.80941,206.28486495376524,218.60650937814145,4165.34478,456.6252500000001,1060.551149999999,-27.40307999999999
1889,1889,1889.0,1889.0,1889.0,1889.0,1889.0,1889.0,1889.0,1889.0,1889.0,1889.0,1889.0,1889.0,1889.0,1889.0,1889.0,1889.0,1889.0,1889.0,1889.0,1889.0,1889.0,1889.0,9.0,0.9,220.51359,233.87148,245.62197,255.26604,262.59316,267.6735,270.80049,272.40189,272.94084,272.82449,272.33262,271.57309,270.46829,268.77489,266.13745,262.17147,256.56434,249.17434,240.10265,229.71585,259.82032909035274,269.3691481966605,4621.97003,603.9258999999993,603.9258999999993,-45.32650000000001
1890,1890,1890.0,1890.0,1890.0,1890.0,1890.0,1890.0,1890.0,1890.0,1890.0,1890.0,1890.0,1890.0,1890.0,1890.0,1890.0,1890.0,1890.0,1890.0,1890.0,1890.0,1890.0,1890.0,0.0,0.0,273.0,273.0,273.0,273.0,273.0,273.0,273.0,273.0,273.0,273.0,273.0,273.0,273.0,273.0,273.0,273.0,273.0,273.0,273.0,273.0,307.00464194009265,235.55500709302484,0.0,455.48092,5383.10446,-40.0
1891,1891,1891.0,1891.0,1891.0,1891.0,1891.0,1891.0,1891.0,1891.0,1891.0,1891.0,1891.0,1891.0,1891.0,1891.0,1891.0,1891.0,1891.0,1891.0,1891.0,1891.0,1891.0,1891.0,1.0,0.1,301.20789,295.67489,290.63281,286.24376,282.58986,279.67307,277.42698,275.73484,274.44811,273.40113,272.42016,271.3279,269.94656,268.10325,265.64077,262.43455,258.41381,253.58208,248.03054,241.93806,310.76960719971976,252.52123798610648,455.48092,485.79224,4927.62354,-33.326930000000004
1892,1892,1892.0,1892.0,1892.0,1892.0,1892.0,1892.0,1892.0,1892.0,1892.0,1892.0,1892.0,1892.0,1892.0,1892.0,1892.0,1892.0,1892.0,1892.0,1892.0,1892.0,1892.0,1892.0,2.0,0.2,305.95672,301.25553,296.7661,292.567,288.70859,285.21022,282.06138,279.22633,276.65137,274.27375,272.0311,269.87013,267.75345,265.66304,263.59977,261.5784,259.61936,257.73892,255.94074,254.21136,304.5830378118481,248.60470278164385,941.27316,478.2583300000001,4441.8313,-27.789780000000007
1893,1893,1893.0,1893.0,1893.0,1893.0,1893.0,1893.0,1893.0,1893.0,1893.0,1893.0,1893.0,1893.0,1893.0,1893.0,1893.0,1893.0,1893.0,1893.0,1893.0,1893.0,1893.0,1893.0,3.0,0.3,301.59493,298.60395,295.61083,292.62231,289.65151,286.71627,283.83606,281.02834,278.30526,275.67146,273.12315,270.64857,268.22944,265.84331,263.46636,261.07651,258.65645,256.19618,253.6945,251.15906,183.53128638014613,344.07512269773827,1419.53149,470.0310199999999,3963.57297,-26.28372999999999
1894,1894,1894.0,1894.0,1894.0,1894.0,1894.0,1894.0,1894.0,1894.0,1894.0,1894.0,1894.0,1894.0,1894.0,1894.0,1894.0,1894.0,1894.0,1894.0,1894.0,1894.0,1894.0,1894.0,4.0,0.4,201.23099,217.99831,233.0305,245.75526,255.88282,263.40492,268.55049,271.71788,273.40449,274.15001,274.50007,274.98809,276.12638,278.39482,282.21787,287.9259,295.70531,305.54938,317.22646,330.2809,282.6149102962714,184.64795913292787,1889.56251,486.1095200000002,3493.54195,-49.59508
1895,1895,1895.0,1895.0,1895.0,1895.0,1895.0,1895.0,1895.0,1895.0,1895.0,1895.0,1895.0,1895.0,1895.0,1895.0,1895.0,1895.0,1895.0,1895.0,1895.0,1895.0,1895.0,1895.0,5.0,0.5,277.64506,273.14341,269.49742,266.95366,265.59145,265.33196,265.97357,267.23703,268.80398,270.33774,271.48462,271.86241,271.0494,268.58932,264.0239,256.95659,247.13897,234.55942,219.50671,202.58231,303.05440785533,311.05573618536533,2375.67203,572.04729,3007.4324299999994,-47.66804000000002
1896,1896,1896.0,1896.0,1896.0,1896.0,1896.0,1896.0,1896.0,1896.0,1896.0,1896.0,1896.0,1896.0,1896.0,1896.0,1896.0,1896.0,1896.0,1896.0,1896.0,1896.0,1896.0,1896.0,6.0,0.6,297.12971,291.46598,286.28876,281.75981,277.96087,274.89232,272.48607,270.63046,269.20309,268.10727,267.30695,266.85417,266.90211,267.69706,269.54457,272.75068,277.54625,284.01072,292.01621,301.2114,250.6852177940765,246.1671557218852,2947.71932,481.3806999999997,2435.3851399999994,-38.107680000000016
1897,1897,1897.0,1897.0,1897.0,1897.0,1897.0,1897.0,1897.0,1897.0,1897.0,1897.0,1897.0,1897.0,1897.0,1897.0,1897.0,1897.0,1897.0,1897.0,1897.0,1897.0,1897.0,1897.0,7.0,0.7,255.3464,259.6969,263.47651,266.51376,268.74392,270.20429,271.01074,271.32285,271.306,271.09742,270.78044,270.36946,269.80693,268.97303,267.70838,265.84811,263.26272,259.89794,255.80341,251.1409,256.6152607247697,271.00716931882107,3429.10002,545.78062,1954.00444,-42.79570999999999
1898,1898,1898.0,1898.0,1898.0,1898.0,1898.0,1898.0,1898.0,1898.0,1898.0,1898.0,1898.0,1898.0,1898.0,1898.0,1898.0,1898.0,1898.0,1898.0,1898.0,1898.0,1898.0,1898.0,8.0,0.8,258.46428,260.26729,261.97876,263.55477,264.9548,266.14428,267.0974,267.79995,268.2516,268.4678,268.48098,268.34098,268.11391,267.8786,267.71959,267.71673,267.93219,268.39757,269.10461,270.003,208.91995676764023,190.4271205008155,3974.88064,649.7192099999997,1408.2238199999997,-46.85572000000002
1899,1899,1899.0,1899.0,1899.0,1899.0,1899.0,1899.0,1899.0,1899.0,1899.0,1899.0,1899.0,1899.0,1899.0,1899.0,1899.0,1899.0,1899.0,1899.0,1899.0,1899.0,1899.0,1899.0,9.0,0.9,218.474,227.6251,236.02179,243.40357,249.62015,254.628,258.46732,261.2266,263.00302,263.86598,263.82908,262.83454,260.75255,257.39759,252.56198,246.06426,237.80531,227.82106,216.31771,203.67727,346.8153147684859,354.3514544254765,4624.59985,758.50461,758.50461,-58.372000000000014
1900,1900,1900.0,1900.0,1900.0,1900.0,1900.0,1900.0,1900.0,1900.0,1900.0,1900.0,1900.0,1900.0,1900.0,1900.0,1900.0,1900.0,1900.0,1900.0,1900.0,1900.0,1900.0,1900.0,0.0,0.0,273.0,273.0,273.0,273.0,273.0,273.0,273.0,273.0,273.0,273.0,273.0,273.0,273.0,273.0,273.0,273.0,273.0,273.0,273.0,273.0,239.188390280796,285.6141860435914,0.0,458.73233,5845.3859,-40.0
1901,1901,1901.0,1901.0,1901.0,1901.0,1901.0,1901.0,1901.0,1901.0,1901.0,1901.0,1901.0,1901.0,1901.0,1901.0,1901.0,1901.0,1901.0,1901.0,1901.0,1901.0,1901.0,1901.0,1.0,0.1,244.95158,250.45212,255.46338,259.82284,263.44633,266.3273,268.52366,270.13794,271.29623,272.13075,272.76816,273.32366,273.89899,274.58191,275.44503,276.54262,277.90589,279.53784,281.41002,283.46337,290.92706183720185,293.9943653503446,458.73233,454.16195,5386.65357,-46.67270000000002
1902,1902,1902.0,1902.0,1902.0,1902.0,1902.0,1902.0,1902.0,1902.0,1902.0,1902.0,1902.0,1902.0,1902.0,1902.0,1902.0,1902.0,1902.0,1902.0,1902.0,1902.0,1902.0,1902.0,2.0,0.2,286.21663,281.81895,277.99857,274.93611,272.71134,271.30832,270.63779,270.56899,270.9619,271.69334,272.673,273.84923,275.20606,276.75434,278.51954,280.52852,282.79725,285.3213,288.07022,290.98726,258.7009097651039,211.5276858584486,912.89428,443.47702,4932.491620000001,-41.69168000000002
1903,1903,1903.0,1903.0,1903.0,1903.0,1903.0,1903.0,1903.0,1903.0,1903.0,1903.0,1903.0,1903.0,1903.0,1903.0,1903.0,1903.0,1903.0,1903.0,1903.0,1903.0,1903.0,1903.0,3.0,0.3,261.37784,263.90515,266.15963,268.06353,269.5915,270.76402,271.62949,272.2394,272.62186,272.75792,272.56428,271.88571,270.49969,268.13596,264.5121,259.38297,252.59762,244.15209,234.22413,223.17723,308.9911318584084,241.884708632136,1356.3713,570.6055899999999,4489.0146,-42.235979999999984
1904,1904,1904.0,1904.0,1904.0,1904.0,1904.0,1904.0,1904.0,1904.0,1904.0,1904.0,1904.0,1904.0,1904.0,1904.0,1904.0,1904.0,1904.0,1904.0,1904.0,1904.0,1904.0,1904.0,4.0,0.4,302.19263,295.72744,289.87658,284.82836,280.65799,277.32947,274.71606,272.63215,270.86815,269.22226,267.52474,265.65369,263.54212,261.1769,258.59051,255.8464,253.02034,250.18094,247.37375,244.61321,249.16774671475383,196.7194534728996,1926.97689,634.5794900000001,3918.40901,-35.670529999999985
1905,1905,1905.0,1905.0,1905.0,1905.0,1905.0,1905.0,1905.0,1905.0,1905.0,1905.0,1905.0,1905.0,1905.0,1905.0,1905.0,1905.0,1905.0,1905.0,1905.0,1905.0,1905.0,1905.0,5.0,0.5,254.48381,259.42539,263.67262,267.00134,269.30145,270.57032,270.88606,270.36956,269.14514,267.3078,264.90158,261.91088,258.26432,253.85012,248.54124,242.22754,234.85051,226.43429,217.10543,207.09493,343.2125189027046,217.08336414770395,2561.55638,771.5107600000001,3283.82952,-42.42968000000002
1906,1906,1906.0,1906.0,1906.0,1906.0,1906.0,1906.0,1906.0,1906.0,1906.0,1906.0,1906.0,1906.0,1906.0,1906.0,1906.0,1906.0,1906.0,1906.0,1906.0,1906.0,1906.0,1906.0,6.0,0.6,330.11561,317.60926,306.19145,296.19692,287.76318,280.8369,275.21312,270.59325,266.64599,263.05891,259.57406,256.00626,252.24656,248.25463,244.04396,239.66311,235.17568,230.64211,226.1059,221.58701,268.9384555036181,260.43403949788404,3333.06714,742.2821799999997,2512.31876,-32.163099999999986
1907,1907,1907.0,1907.0,1907.0,1907.0,1907.0,1907.0,1907.0,1907.0,1907.0,1907.0,1907.0,1907.0,1907.0,1907.0,1907.0,1907.0,1907.0,1907.0,1907.0,1907.0,1907.0,1907.0,7.0,0.7,271.95816,274.57308,276.44328,277.3425,277.18052,275.99723,273.93472,271.19888,268.02246,264.63821,261.26505,258.10532,255.34739,253.16676,251.72025,251.13111,251.46709,252.71735,254.77636,257.44227,234.33905387631685,343.2148054253967,4075.34932,644.9998200000005,1770.0365800000004,-37.00277
1908,1908,1908.0,1908.0,1908.0,1908.0,1908.0,1908.0,1908.0,1908.0,1908.0,1908.0,1908.0,1908.0,1908.0,1908.0,1908.0,1908.0,1908.0,1908.0,1908.0,1908.0,1908.0,1908.0,8.0,0.8,240.92262,247.12778,252.6249,257.1725,260.64103,263.01908,264.40509,264.99032,265.03958,264.87447,264.86047,265.39581,266.89752,269.77878,274.41386,281.09052,289.9559,300.96734,313.86266,328.16303,252.3988433184606,251.1352443898041,4720.34914,533.8882599999997,1125.03676,-49.980920000000026
1909,1909,1909.0,1909.0,1909.0,1909.0,1909.0,1909.0,1909.0,1909.0,1909.0,1909.0,1909.0,1909.0,1909.0,1909.0,1909.0,1909.0,1909.0,1909.0,1909.0,1909.0,1909.0,1909.0,9.0,0.9,253.5778,254.7875,256.05168,257.38299,258.78307,260.24644,261.76553,263.3333,264.94051,266.56622,268.16284,269.63998,270.85344,271.60647,271.66857,270.81295,268.86742,265.7673,261.59507,256.59221,201.38600468239773,333.76599992342585,5254.2374,591.1485000000002,591.1485000000002,-52.75355999999999
1910,1910,1910.0,1910.0,1910.0,1910.0,1910.0,1910.0,1910.0,1910.0,1910.0,1910.0,1910.0,1910.0,1910.0,1910.0,1910.0,1910.0,1910.0,1910.0,1910.0,1910.0,1910.0,1910.0,0.0,0.0,273.0,273.0,273.0,273.0,273.0,273.0,273.0,273.0,273.0,273.0,273.0,273.0,273.0,273.0,273.0,273.0,273.0,273.0,273.0,273.0,370.09061071076985,291.3441180208076,0.0,406.05323,2802.27673,0.3448300000000017
1911,1911,1911.0,1911.0,1911.0,1911.0,1911.0,1911.0,1911.0,1911.0,1911.0,1911.0,1911.0,1911.0,1911.0,1911.0,1911.0,1911.0,1911.0,1911.0,1911.0,1911.0,1911.0,1911.0,1.0,0.1,353.54277,337.75027,323.3653,310.85746,300.47399,292.24401,286.01906,281.53486,278.47724,276.53865,275.4575,275.03838,275.15545,275.74315,276.77868,278.26033,280.18535,282.5307,285.24014,288.21992,287.0281665467993,260.3440897086599,406.05323,319.02032,2396.2235,0.3448300000000017
1912,1912,1912.0,1912.0,1912.0,1912.0,1912.0,1912.0,1912.0,1912.0,1912.0,1912.0,1912.0,1912.0,1912.0,1912.0,1912.0,1912.0,1912.0,1912.0,1912.0,1912.0,1912.0,1912.0,2.0,0.2,289.47894,291.55857,292.96602,293.52244,293.19288,292.07512,290.36251,288.29326,286.09963,283.96735,282.0107,280.26405,278.6877,277.18468,275.62499,273.87405,271.82145,269.40578,266.63055,263.56732,303.0168243584982,293.67436672395314,725.07355,312.59644000000014,2077.20318,0.3448300000000017
1913,1913,1913.0,1913.0,1913.0,1913.0,1913.0,1913.0,1913.0,1913.0,1913.0,1913.0,1913.0,1913.0,1913.0,1913.0,1913.0,1913.0,1913.0,1913.0,1913.0,1913.0,1913.0,1913.0,3.0,0.3,300.81568,298.65681,296.57406,294.58714,292.70037,290.90609,289.1917,287.54824,285.97888,284.5056,283.1734,282.0513,281.22951,280.81193,280.90348,281.59252,282.93068,284.91386,287.46971,290.45627,315.11282381539297,179.36014020461764,1037.66999,320.36991999999987,1764.60674,0.3448300000000017
1914,1914,1914.0,1914.0,1914.0,1914.0,1914.0,1914.0,1914.0,1914.0,1914.0,1914.0,1914.0,1914.0,1914.0,1914.0,1914.0,1914.0,1914.0,1914.0,1914.0,1914.0,1914.0,1914.0,4.0,0.4,311.10236,307.20206,303.50815,300.09154,296.9906,294.20791,291.70936,289.42299,287.23533,284.98445,282.45118,279.35298,275.3466,270.04675,263.06527,254.07058,242.85936,229.42539,214.00579,197.08685,371.96045083965487,247.8036465647616,1358.03991,462.06441,1444.23682,0.3448300000000017
1915,1915,1915.0,1915.0,1915.0,1915.0,1915.0,1915.0,1915.0,1915.0,1915.0,1915.0,1915.0,1915.0,1915.0,1915.0,1915.0,1915.0,1915.0,1915.0,1915.0,1915.0,1915.0,1915.0,5.0,0.5,358.88981,346.27957,334.52421,323.90072,314.54163,306.43559,299.45189,293.38063,287.97904,283.01562,278.30642,273.74001,269.28884,265.00568,261.00446,257.42707,254.40097,251.99611,250.19205,248.86548,361.7350388010939,334.64603974941826,1820.10432,398.2621400000003,982.17241,0.3448300000000017
1916,1916,1916.0,1916.0,1916.0,1916.0,1916.0,1916.0,1916.0,1916.0,1916.0,1916.0,1916.0,1916.0,1916.0,1916.0,1916.0,1916.0,1916.0,1916.0,1916.0,1916.0,1916.0,1916.0,6.0,0.6,353.23736,344.81299,336.53611,328.48198,320.72634,313.34483,306.41402,300.01535,294.24321,289.21629,285.08987,282.06445,280.38521,280.32682,282.16014,286.10242,292.25775,300.56117,310.74191,322.32039,273.8576885138046,350.5463659902973,2218.36646,194.72989999999984,583.9102699999999,0.3448300000000017
1917,1917,1917.0,1917.0,1917.0,1917.0,1917.0,1917.0,1917.0,1917.0,1917.0,1917.0,1917.0,1917.0,1917.0,1917.0,1917.0,1917.0,1917.0,1917.0,1917.0,1917.0,1917.0,1917.0,7.0,0.7,281.17684,287.89683,293.51385,297.69336,300.308,301.436,301.32687,300.34799,298.92684,297.50061,296.47909,296.22135,297.02266,299.10681,302.61975,307.62234,314.08298,321.87253,330.76528,340.44915,259.7419487912131,347.5495237463947,2413.09636,87.41422000000011,389.18037,0.3448300000000017
1918,1918,1918.0,1918.0,1918.0,1918.0,1918.0,1918.0,1918.0,1918.0,1918.0,1918.0,1918.0,1918.0,1918.0,1918.0,1918.0,1918.0,1918.0,1918.0,1918.0,1918.0,1918.0,1918.0,8.0,0.8,266.11357,272.23031,277.8697,282.86853,287.14006,290.6797,293.5599,295.91638,297.92931,299.80232,301.74218,303.94084,306.56075,309.72419,313.50657,317.93372,322.98297,328.58737,334.64235,341.01422,239.88601090302623,222.22312328986223,2500.51058,101.6872199999998,301.7661499999999,0.3448300000000017
1919,1919,1919.0,1919.0,1919.0,1919.0,1919.0,1919.0,1919.0,1919.0,1919.0,1919.0,1919.0,1919.0,1919.0,1919.0,1919.0,1919.0,1919.0,1919.0,1919.0,1919.0,1919.0,1919.0,9.0,0.9,248.06675,256.01445,263.52376,270.43862,276.66289,282.15833,286.93019,291.00315,294.39146,297.06757,298.93437,299.80696,299.4104,297.39965,293.40533,287.10311,278.29719,267.00011,253.48698,238.30428,326.87586054620164,317.472775926278,2602.1978,200.07893000000013,200.07893000000013,0.3448300000000017
1920,1920,1920.0,1920.0,1920.0,1920.0,1920.0,1920.0,1920.0,1920.0,1920.0,1920.0,1920.0,1920.0,1920.0,1920.0,1920.0,1920.0,1920.0,1920.0,1920.0,1920.0,1920.0,1920.0,0.0,0.0,273.0,273.0,273.0,273.0,273.0,273.0,273.0,273.0,273.0,273.0,273.0,273.0,273.0,273.0,273.0,273.0,273.0,273.0,273.0,273.0,181.2402304542798,193.3366756578154,0.0,554.91357,6189.87835,-40.0
1921,1921,1921.0,1921.0,1921.0,1921.0,1921.0,1921.0,1921.0,1921.0,1921.0,1921.0,1921.0,1921.0,1921.0,1921.0,1921.0,1921.0,1921.0,1921.0,1921.0,1921.0,1921.0,1921.0,1.0,0.1,196.87799,211.80072,225.39024,237.19941,246.98824,254.71754,260.50711,264.57234,267.15545,268.46477,268.63085,267.6837,265.5523,262.08562,257.09321,250.40053,241.91103,231.66294,219.86692,206.91239,226.864560222659,281.32143807324786,554.91357,841.58632,5634.96478,-58.28245999999999
1922,1922,1922.0,1922.0,1922.0,1922.0,1922.0,1922.0,1922.0,1922.0,1922.0,1922.0,1922.0,1922.0,1922.0,1922.0,1922.0,1922.0,1922.0,1922.0,1922.0,1922.0,1922.0,1922.0,2.0,0.2,230.05148,233.31425,236.69583,240.18291,243.6984,247.11129,250.26058,252.98724,255.16733,256.74092,257.73288,258.26288,258.54237,258.85625,259.52822,260.87151,263.13107,266.42843,270.72339,275.80537,372.955887563232,352.4217243988219,1396.49989,700.9260199999999,4793.37846,-65.88871
1923,1923,1923.0,1923.0,1923.0,1923.0,1923.0,1923.0,1923.0,1923.0,1923.0,1923.0,1923.0,1923.0,1923.0,1923.0,1923.0,1923.0,1923.0,1923.0,1923.0,1923.0,1923.0,1923.0,3.0,0.3,351.20736,330.56545,311.98172,296.13425,283.36999,273.7153,266.94284,262.67183,260.47524,259.97221,260.8922,263.10578,266.62297,271.56358,278.10562,286.41955,296.59871,308.59832,322.19665,336.98935,177.79656018804408,361.436010119929,2097.42591,389.9741600000002,4092.45244,-39.28469999999999
1924,1924,1924.0,1924.0,1924.0,1924.0,1924.0,1924.0,1924.0,1924.0,1924.0,1924.0,1924.0,1924.0,1924.0,1924.0,1924.0,1924.0,1924.0,1924.0,1924.0,1924.0,1924.0,1924.0,4.0,0.4,196.38314,213.86135,229.30646,242.11681,252.07927,259.35424,264.39579,267.83693,270.37198,272.66076,275.26651,278.62747,283.05387,288.7391,295.77515,304.16594,313.83655,324.63952,336.36112,348.73087,209.42104323619608,289.4052876838526,2487.40007,429.6096199999997,3702.47828,-53.64576
1925,1925,1925.0,1925.0,1925.0,1925.0,1925.0,1925.0,1925.0,1925.0,1925.0,1925.0,1925.0,1925.0,1925.0,1925.0,1925.0,1925.0,1925.0,1925.0,1925.0,1925.0,1925.0,1925.0,5.0,0.5,216.40682,223.35332,230.21584,236.9425,243.47795,249.77151,255.7862,261.50393,266.92337,272.0491,276.87404,281.36028,285.42484,288.93755,291.7354,293.65413,294.57179,294.45417,293.38879,291.59522,347.42303033053554,194.6019426671203,2917.00969,475.46443,3272.86866,-63.22849
1926,1926,1926.0,1926.0,1926.0,1926.0,1926.0,1926.0,1926.0,1926.0,1926.0,1926.0,1926.0,1926.0,1926.0,1926.0,1926.0,1926.0,1926.0,1926.0,1926.0,1926.0,1926.0,1926.0,6.0,0.6,330.41774,314.44257,300.38007,288.85064,280.15322,274.26651,270.89936,269.56839,269.67898,270.59174,271.66641,272.2855,271.86738,269.88098,265.87208,259.50487,250.61394,239.2542,225.73133,210.59719,354.3601453992649,215.3674072626801,3392.47412,538.8332500000001,2797.40423,-38.73349000000002
1927,1927,1927.0,1927.0,1927.0,1927.0,1927.0,1927.0,1927.0,1927.0,1927.0,1927.0,1927.0,1927.0,1927.0,1927.0,1927.0,1927.0,1927.0,1927.0,1927.0,1927.0,1927.0,1927.0,7.0,0.7,342.41884,330.84334,319.96275,310.03775,301.23768,293.62899,287.17524,281.74785,277.14536,273.1184,269.39751,265.72086,261.85892,257.63354,252.9293,247.6963,241.94474,235.7335,229.15581,222.32568,329.8103919049824,173.41862023677336,3931.30737,631.9043200000001,2258.57098,-19.37101000000001
1928,1928,1928.0,1928.0,1928.0,1928.0,1928.0,1928.0,1928.0,1928.0,1928.0,1928.0,1928.0,1928.0,1928.0,1928.0,1928.0,1928.0,1928.0,1928.0,1928.0,1928.0,1928.0,1928.0,8.0,0.8,324.56289,319.26577,313.88412,308.40751,302.85123,297.24883,291.63776,286.04207,280.45607,274.83222,269.07544,263.04461,256.56217,249.4315,241.46199,232.4996,222.45912,211.35213,199.30345,186.54989,294.5810695128568,178.26138072135944,4563.21169,770.25936,1626.66666,-15.751170000000002
1929,1929,1929.0,1929.0,1929.0,1929.0,1929.0,1929.0,1929.0,1929.0,1929.0,1929.0,1929.0,1929.0,1929.0,1929.0,1929.0,1929.0,1929.0,1929.0,1929.0,1929.0,1929.0,1929.0,9.0,0.9,295.12285,295.37636,295.08998,294.07669,292.2275,289.50885,285.94709,281.60597,276.56348,270.89353,264.65512,257.88938,250.62296,242.87521,234.66639,226.02487,216.9919,207.6235,197.98979,188.1725,248.3206561353585,229.84213808289863,5333.47105,856.4072999999999,856.4072999999999,-23.491150000000005
1930,1930,1930.0,1930.0,1930.0,1930.0,1930.0,1930.0,1930.0,1930.0,1930.0,1930.0,1930.0,1930.0,1930.0,1930.0,1930.0,1930.0,1930.0,1930.0,1930.0,1930.0,1930.0,1930.0,0.0,0.0,273.0,273.0,273.0,273.0,273.0,273.0,273.0,273.0,273.0,273.0,273.0,273.0,273.0,273.0,273.0,273.0,273.0,273.0,273.0,273.0,326.04077165510887,318.4011841076322,0.0,403.31274,4837.19392,-40.0
1931,1931,1931.0,1931.0,1931.0,1931.0,1931.0,1931.0,1931.0,1931.0,1931.0,1931.0,1931.0,1931.0,1931.0,1931.0,1931.0,1931.0,1931.0,1931.0,1931.0,1931.0,1931.0,1931.0,1.0,0.1,317.00159,308.37569,300.52035,293.69397,288.0353,283.56689,280.21932,277.86772,276.37147,275.60925,275.50436,276.03785,277.24883,279.22242,282.06653,285.88024,290.71831,296.55876,303.28141,310.66429,218.58248857186496,287.7693390613986,403.31274,311.81944,4433.881179999999,-29.43311
1932,1932,1932.0,1932.0,1932.0,1932.0,1932.0,1932.0,1932.0,1932.0,1932.0,1932.0,1932.0,1932.0,1932.0,1932.0,1932.0,1932.0,1932.0,1932.0,1932.0,1932.0,1932.0,1932.0,2.0,0.2,230.56012,241.86355,251.92401,260.35866,267.00886,271.93221,275.35695,277.61473,279.07005,280.06061,280.85623,281.63836,282.49753,283.44476,284.43259,285.38187,286.21027,286.85811,287.30693,287.58659,252.2372229142929,324.88940958791136,715.13218,352.91051000000004,4122.061739999999,-41.06779
1933,1933,1933.0,1933.0,1933.0,1933.0,1933.0,1933.0,1933.0,1933.0,1933.0,1933.0,1933.0,1933.0,1933.0,1933.0,1933.0,1933.0,1933.0,1933.0,1933.0,1933.0,1933.0,1933.0,3.0,0.3,254.5111,256.84647,259.28569,261.83903,264.48202,267.16336,269.82063,272.39943,274.87098,277.24483,279.57503,281.9591,284.53042,287.44403,290.85665,294.90227,299.66601,305.16109,311.31465,317.96734,188.1138346042729,208.5642224911788,1068.04269,412.0773999999999,3769.15123,-45.83663999999999
1934,1934,1934.0,1934.0,1934.0,1934.0,1934.0,1934.0,1934.0,1934.0,1934.0,1934.0,1934.0,1934.0,1934.0,1934.0,1934.0,1934.0,1934.0,1934.0,1934.0,1934.0,1934.0,1934.0,4.0,0.4,201.51652,214.42391,226.40774,237.15803,246.50763,254.4267,260.99141,266.33625,270.60079,273.88032,276.18784,277.43243,277.4181,275.86611,272.46184,266.92288,259.07877,248.94633,236.78071,223.08424,181.0885090679096,296.5659501964736,1480.12009,698.77801,3357.07383,-58.57329999999999
1935,1935,1935.0,1935.0,1935.0,1935.0,1935.0,1935.0,1935.0,1935.0,1935.0,1935.0,1935.0,1935.0,1935.0,1935.0,1935.0,1935.0,1935.0,1935.0,1935.0,1935.0,1935.0,1935.0,5.0,0.5,192.40874,203.47067,214.03304,223.88599,232.86096,240.83576,247.73587,253.53427,258.25191,261.9605,264.78746,266.92052,268.6077,270.14726,271.86346,274.06725,277.00652,280.81631,285.48277,290.83415,288.35978274082106,284.40760351411546,2178.8981,737.37673,2658.29582,-72.16424
1936,1936,1936.0,1936.0,1936.0,1936.0,1936.0,1936.0,1936.0,1936.0,1936.0,1936.0,1936.0,1936.0,1936.0,1936.0,1936.0,1936.0,1936.0,1936.0,1936.0,1936.0,1936.0,1936.0,6.0,0.6,279.30154,270.93386,263.84032,258.41645,254.83155,253.03738,252.81483,253.84159,255.76184,258.24295,261.01124,263.8661,266.67705,269.3705,271.91326,274.29765,276.53122,278.63109,280.62188,282.53501,349.8036980206979,305.7819241884163,2916.27483,548.41237,1920.91909,-59.96261999999999
1937,1937,1937.0,1937.0,1937.0,1937.0,1937.0,1937.0,1937.0,1937.0,1937.0,1937.0,1937.0,1937.0,1937.0,1937.0,1937.0,1937.0,1937.0,1937.0,1937.0,1937.0,1937.0,1937.0,7.0,0.7,334.38042,319.64627,306.2083,294.52653,284.87807,277.35428,271.88628,268.28912,266.31252,265.68821,266.16701,267.54282,269.66331,272.42882,275.78177,279.68946,284.12361,289.04075,294.3676,299.99498,359.71774915771505,250.3019043066434,3464.6872,385.1272100000001,1372.50672,-35.64571999999998
1938,1938,1938.0,1938.0,1938.0,1938.0,1938.0,1938.0,1938.0,1938.0,1938.0,1938.0,1938.0,1938.0,1938.0,1938.0,1938.0,1938.0,1938.0,1938.0,1938.0,1938.0,1938.0,1938.0,8.0,0.8,347.28324,335.20628,323.81671,313.39292,304.14503,296.20607,289.63042,284.39752,280.41825,277.54202,275.56369,274.23125,273.25645,272.33112,271.15148,269.4501,267.03208,263.80836,259.81705,255.22453,305.32224003048555,186.5074206911761,3849.81441,419.46439999999984,987.3795099999998,-16.79392999999999
1939,1939,1939.0,1939.0,1939.0,1939.0,1939.0,1939.0,1939.0,1939.0,1939.0,1939.0,1939.0,1939.0,1939.0,1939.0,1939.0,1939.0,1939.0,1939.0,1939.0,1939.0,1939.0,1939.0,9.0,0.9,304.90323,304.23846,303.12871,301.45568,299.19507,296.4057,293.1997,289.70234,286.01109,282.16167,278.10667,273.7095,268.75453,262.97328,256.0849,247.84712,238.11045,226.86563,214.27304,200.66376,364.3117530920418,194.2918419799701,4269.27881,567.9151099999999,567.9151099999999,-16.594299999999976
1940,1940,1940.0,1940.0,1940.0,1940.0,1940.0,1940.0,1940.0,1940.0,1940.0,1940.0,1940.0,1940.0,1940.0,1940.0,1940.0,1940.0,1940.0,1940.0,1940.0,1940.0,1940.0,1940.0,0.0,0.0,273.0,273.0,273.0,273.0,273.0,273.0,273.0,273.0,273.0,273.0,273.0,273.0,273.0,273.0,273.0,273.0,273.0,273.0,273.0,273.0,173.0647914620062,329.3691702534604,0.0,482.10332,5478.71629,-40.0
1941,1941,1941.0,1941.0,1941.0,1941.0,1941.0,1941.0,1941.0,1941.0,1941.0,1941.0,1941.0,1941.0,1941.0,1941.0,1941.0,1941.0,1941.0,1941.0,1941.0,1941.0,1941.0,1941.0,1.0,0.1,190.09935,206.35779,221.17097,234.05959,244.77686,253.30689,259.82724,264.65143,268.16886,270.79551,272.94149,274.99468,277.31396,280.22397,284.00414,288.86892,294.94087,302.22378,310.58539,319.75902,270.52082441285233,199.76712464022165,482.10332,564.7300300000002,4996.61297,-59.69310999999999
1942,1942,1942.0,1942.0,1942.0,1942.0,1942.0,1942.0,1942.0,1942.0,1942.0,1942.0,1942.0,1942.0,1942.0,1942.0,1942.0,1942.0,1942.0,1942.0,1942.0,1942.0,1942.0,1942.0,2.0,0.2,266.07896,262.13374,259.0978,257.23665,256.63997,257.22944,258.79409,261.03728,263.61933,266.18454,268.36969,269.79957,270.08066,268.80632,265.58377,260.08606,252.12193,241.70712,229.11445,214.88193,225.82067986952683,296.98242588574243,1046.83335,677.2415099999998,4431.88294,-55.77055999999999
1943,1943,1943.0,1943.0,1943.0,1943.0,1943.0,1943.0,1943.0,1943.0,1943.0,1943.0,1943.0,1943.0,1943.0,1943.0,1943.0,1943.0,1943.0,1943.0,1943.0,1943.0,1943.0,1943.0,3.0,0.3,231.70757,237.35863,242.57119,247.19998,251.16711,254.45725,257.10279,259.16652,260.72902,261.88576,262.75395,263.4852,264.27624,265.36912,267.03398,269.53251,273.06672,277.72507,283.44186,289.98524,181.0050764469352,342.0330125009977,1724.07486,703.4615900000001,3754.6414300000006,-58.54275000000001
1944,1944,1944.0,1944.0,1944.0,1944.0,1944.0,1944.0,1944.0,1944.0,1944.0,1944.0,1944.0,1944.0,1944.0,1944.0,1944.0,1944.0,1944.0,1944.0,1944.0,1944.0,1944.0,1944.0,4.0,0.4,193.01505,204.59336,215.3633,225.0468,233.48917,240.663,246.6547,251.64076,255.8615,259.59815,263.15552,266.84952,270.99558,275.89401,281.80889,288.94027,297.3931,307.1496,318.05351,329.81411,333.3745173506061,198.20319517503856,2427.53645,667.0909200000001,3051.17984,-72.33699999999999
1945,1945,1945.0,1945.0,1945.0,1945.0,1945.0,1945.0,1945.0,1945.0,1945.0,1945.0,1945.0,1945.0,1945.0,1945.0,1945.0,1945.0,1945.0,1945.0,1945.0,1945.0,1945.0,1945.0,5.0,0.5,316.65902,300.9819,287.23098,276.02806,267.67196,262.14493,259.16902,258.28778,258.947,260.55521,262.51655,264.24058,265.14252,264.6507,262.23471,257.45957,250.05941,240.01275,227.59469,213.38267,262.9357704616657,305.2450816428407,3094.62737,638.8967399999997,2384.08892,-50.85507000000001
1946,1946,1946.0,1946.0,1946.0,1946.0,1946.0,1946.0,1946.0,1946.0,1946.0,1946.0,1946.0,1946.0,1946.0,1946.0,1946.0,1946.0,1946.0,1946.0,1946.0,1946.0,1946.0,1946.0,6.0,0.6,264.55357,265.94683,266.9378,267.42881,267.41337,266.96462,266.20823,265.29123,264.35817,263.5419,262.97006,262.78219,263.14751,264.27229,266.3878,269.71564,274.41531,280.52709,287.92792,296.31759,265.9688867438132,349.91973147915394,3733.52411,521.3825200000006,1745.1921800000005,-46.035379999999975
1947,1947,1947.0,1947.0,1947.0,1947.0,1947.0,1947.0,1947.0,1947.0,1947.0,1947.0,1947.0,1947.0,1947.0,1947.0,1947.0,1947.0,1947.0,1947.0,1947.0,1947.0,1947.0,1947.0,7.0,0.7,265.9919,266.00398,265.99806,265.97501,265.94798,265.94704,266.02377,266.25579,266.75041,267.64717,269.1179,271.36289,274.6013,279.05382,284.91714,292.33156,301.3461,311.88827,323.74697,336.57574,336.13541756095515,260.54449281138955,4254.90663,362.4994199999992,1223.80966,-47.05295999999999
1948,1948,1948.0,1948.0,1948.0,1948.0,1948.0,1948.0,1948.0,1948.0,1948.0,1948.0,1948.0,1948.0,1948.0,1948.0,1948.0,1948.0,1948.0,1948.0,1948.0,1948.0,1948.0,1948.0,8.0,0.8,324.31351,313.0666,302.8972,294.17934,287.12997,281.80991,278.14816,275.97781,275.07112,275.16488,275.97263,277.18668,278.4774,279.49859,279.90659,279.39561,277.74511,274.8684,270.84727,265.9385,228.08526880734715,249.9781318285937,4617.40605,369.7764800000005,861.3102400000007,-31.19009
1949,1949,1949.0,1949.0,1949.0,1949.0,1949.0,1949.0,1949.0,1949.0,1949.0,1949.0,1949.0,1949.0,1949.0,1949.0,1949.0,1949.0,1949.0,1949.0,1949.0,1949.0,1949.0,1949.0,9.0,0.9,238.48459,248.26075,256.88979,264.02126,269.51125,273.41016,275.9145,277.29957,277.85163,277.81402,277.35508,276.55859,275.43292,273.93282,271.98745,269.52934,266.51978,262.96754,258.93824,254.55323,209.0176585968595,299.5750108133218,4987.18253,491.53376000000026,491.53376000000026,-39.58983999999998
1950,1950,1950.0,1950.0,1950.0,1950.0,1950.0,1950.0,1950.0,1950.0,1950.0,1950.0,1950.0,1950.0,1950.0,1950.0,1950.0,1950.0,1950.0,1950.0,1950.0,1950.0,1950.0,1950.0,0.0,0.0,273.0,273.0,273.0,273.0,273.0,273.0,273.0,273.0,273.0,273.0,273.0,273.0,273.0,273.0,273.0,273.0,273.0,273.0,273.0,273.0,319.7746064519676,271.29697259257017,0.0,429.76102,3310.46069,10.228290000000015
1951,1951,1951.0,1951.0,1951.0,1951.0,1951.0,1951.0,1951.0,1951.0,1951.0,1951.0,1951.0,1951.0,1951.0,1951.0,1951.0,1951.0,1951.0,1951.0,1951.0,1951.0,1951.0,1951.0,1.0,0.1,311.80221,304.19352,297.26244,291.23463,286.22812,282.25498,279.2402,277.05066,275.52575,274.50339,273.83781,273.40873,273.12338,272.91417,272.73426,272.55302,272.35237,272.124,271.86744,271.5884,357.4209460903445,279.9107118327337,429.76102,372.78341000000006,2880.69967,10.228290000000015
1952,1952,1952.0,1952.0,1952.0,1952.0,1952.0,1952.0,1952.0,1952.0,1952.0,1952.0,1952.0,1952.0,1952.0,1952.0,1952.0,1952.0,1952.0,1952.0,1952.0,1952.0,1952.0,1952.0,2.0,0.2,345.34798,333.69713,322.84152,313.06657,304.54849,297.35241,291.44722,286.73118,283.06122,280.27996,278.23678,276.80124,275.86938,275.36377,275.22908,275.42451,275.91495,276.66238,277.61934,278.72592,292.21396109074226,207.3990898062625,802.54443,349.77221999999995,2507.91626,10.228290000000015
1953,1953,1953.0,1953.0,1953.0,1953.0,1953.0,1953.0,1953.0,1953.0,1953.0,1953.0,1953.0,1953.0,1953.0,1953.0,1953.0,1953.0,1953.0,1953.0,1953.0,1953.0,1953.0,1953.0,3.0,0.3,294.15729,295.76927,296.77706,297.00966,296.41614,295.05596,293.06663,290.61832,287.86658,284.91198,281.77278,278.37328,274.54919,270.06971,264.67543,258.12829,250.26708,241.05782,230.62671,219.26482,345.34124909706327,344.4441516337291,1152.31665,381.029,2158.14404,10.228290000000015
1954,1954,1954.0,1954.0,1954.0,1954.0,1954.0,1954.0,1954.0,1954.0,1954.0,1954.0,1954.0,1954.0,1954.0,1954.0,1954.0,1954.0,1954.0,1954.0,1954.0,1954.0,1954.0,1954.0,4.0,0.4,336.36527,327.70738,319.63639,312.3349,305.88331,300.2673,295.40551,291.19,287.53144,284.40115,281.86416,280.09773,279.3905,280.11745,282.68818,287.47117,294.70401,304.40811,316.33049,329.93365,358.8829591778417,355.168963810356,1533.34565,199.05098,1777.11504,10.228290000000015
1955,1955,1955.0,1955.0,1955.0,1955.0,1955.0,1955.0,1955.0,1955.0,1955.0,1955.0,1955.0,1955.0,1955.0,1955.0,1955.0,1955.0,1955.0,1955.0,1955.0,1955.0,1955.0,1955.0,5.0,0.5,349.59989,340.54701,331.93627,323.94731,316.72071,310.35931,304.93653,300.50873,297.12831,294.85418,293.75729,293.91982,295.42775,298.35749,302.75819,308.63226,315.91722,324.4727,334.0758,344.42726,356.57385952197217,178.64457081711643,1732.39663,151.4471000000001,1578.06406,10.228290000000015
1956,1956,1956.0,1956.0,1956.0,1956.0,1956.0,1956.0,1956.0,1956.0,1956.0,1956.0,1956.0,1956.0,1956.0,1956.0,1956.0,1956.0,1956.0,1956.0,1956.0,1956.0,1956.0,1956.0,6.0,0.6,349.59375,342.73983,336.13572,329.89889,324.1351,318.92992,314.33644,310.35868,306.93075,303.89374,300.97415,297.77086,293.75984,288.32607,280.82875,270.69816,257.55129,241.30217,222.23641,201.02236,359.9942082600818,206.851400084697,1883.84373,319.3590399999998,1426.6169599999998,10.228290000000015
1957,1957,1957.0,1957.0,1957.0,1957.0,1957.0,1957.0,1957.0,1957.0,1957.0,1957.0,1957.0,1957.0,1957.0,1957.0,1957.0,1957.0,1957.0,1957.0,1957.0,1957.0,1957.0,1957.0,7.0,0.7,353.47562,347.0409,340.76268,334.69229,328.85172,323.22829,317.77259,312.40003,306.99608,301.42542,295.54468,289.21749,282.33026,274.80602,266.61359,257.77021,248.33697,238.40868,228.10113,217.5396,198.6581449942177,285.9438516751566,2203.20277,349.1292800000001,1107.25792,10.228290000000015
1958,1958,1958.0,1958.0,1958.0,1958.0,1958.0,1958.0,1958.0,1958.0,1958.0,1958.0,1958.0,1958.0,1958.0,1958.0,1958.0,1958.0,1958.0,1958.0,1958.0,1958.0,1958.0,1958.0,8.0,0.8,220.07303,240.24437,258.0975,272.857,284.11285,291.81614,296.21779,297.776,297.06048,294.67483,291.20713,287.2072,283.18045,279.58544,276.82358,275.21538,274.96535,276.12511,278.56828,281.99083,244.98693158842727,234.6458899305864,2552.33205,329.99537999999984,758.1286399999999,10.228290000000015
1959,1959,1959.0,1959.0,1959.0,1959.0,1959.0,1959.0,1959.0,1959.0,1959.0,1959.0,1959.0,1959.0,1959.0,1959.0,1959.0,1959.0,1959.0,1959.0,1959.0,1959.0,1959.0,1959.0,9.0,0.9,250.59237,256.12285,261.48619,266.56326,271.21046,275.27362,278.60888,281.10289,282.6859,283.33346,283.05678,281.88534,279.84801,276.95954,273.21775,268.61385,263.15362,256.88334,249.91158,242.41826,357.03482144780514,223.7863934608211,2882.32743,428.13326000000006,428.13326000000006,10.228290000000015
1960,1960,1960.0,1960.0,1960.0,1960.0,1960.0,1960.0,1960.0,1960.0,1960.0,1960.0,1960.0,1960.0,1960.0,1960.0,1960.0,1960.0,1960.0,1960.0,1960.0,1960.0,1960.0,1960.0,0.0,0.0,273.0,273.0,273.0,273.0,273.0,273.0,273.0,273.0,273.0,273.0,273.0,273.0,273.0,273.0,273.0,273.0,273.0,273.0,273.0,273.0,304.21837085640846,335.23157565574496,0.0,403.10842,4265.64422,-40.0
1961,1961,1961.0,1961.0,1961.0,1961.0,1961.0,1961.0,1961.0,1961.0,1961.0,1961.0,1961.0,1961.0,1961.0,1961.0,1961.0,1961.0,1961.0,1961.0,1961.0,1961.0,1961.0,1961.0,1.0,0.1,298.89904,293.82359,289.20334,285.19229,281.8757,279.27352,277.35656,276.07092,275.36498,275.21425,275.64005,276.71933,278.58334,281.40354,285.36428,290.62422,297.27209,305.28554,314.50404,324.62557,222.83542708544337,327.8995921749116,403.10842,290.37568,3862.535800000001,-33.72647999999998
1962,1962,1962.0,1962.0,1962.0,1962.0,1962.0,1962.0,1962.0,1962.0,1962.0,1962.0,1962.0,1962.0,1962.0,1962.0,1962.0,1962.0,1962.0,1962.0,1962.0,1962.0,1962.0,1962.0,2.0,0.2,233.03469,242.70786,251.41159,258.84885,264.9004,269.62067,273.20479,275.93881,278.14693,280.14633,282.21512,284.57441,287.38191,290.73354,294.66939,299.18198,304.22509,309.72264,315.57699,321.67614,282.72304201094755,265.9397752831568,693.4841,293.45314,3572.1601200000005,-43.37932999999998
1963,1963,1963.0,1963.0,1963.0,1963.0,1963.0,1963.0,1963.0,1963.0,1963.0,1963.0,1963.0,1963.0,1963.0,1963.0,1963.0,1963.0,1963.0,1963.0,1963.0,1963.0,1963.0,1963.0,3.0,0.3,279.68047,276.95837,274.82673,273.4671,272.95535,273.26639,274.29533,275.88579,277.85576,280.0143,282.16757,284.11682,285.6548,286.5675,286.64691,285.71636,283.66494,280.48278,276.2859,271.32031,247.02726868199545,274.45339062038613,986.93724,334.6726800000001,3278.7069800000004,-39.73361
1964,1964,1964.0,1964.0,1964.0,1964.0,1964.0,1964.0,1964.0,1964.0,1964.0,1964.0,1964.0,1964.0,1964.0,1964.0,1964.0,1964.0,1964.0,1964.0,1964.0,1964.0,1964.0,1964.0,4.0,0.4,251.9349,256.65343,261.02255,264.93186,268.32936,271.2163,273.63179,275.63252,277.2739,278.59684,279.62234,280.35343,280.78219,280.89903,280.70126,280.19906,279.41794,278.39788,277.19034,275.85441,279.08732790418287,227.8338002938177,1321.60992,410.5382,2944.0343000000003,-41.78370000000001
1965,1965,1965.0,1965.0,1965.0,1965.0,1965.0,1965.0,1965.0,1965.0,1965.0,1965.0,1965.0,1965.0,1965.0,1965.0,1965.0,1965.0,1965.0,1965.0,1965.0,1965.0,1965.0,1965.0,5.0,0.5,277.33771,275.76664,274.52191,273.69686,273.31858,273.34868,273.69401,274.22214,274.77629,275.1862,275.27385,274.85575,273.74545,271.76048,268.73677,264.55112,259.14885,252.57017,244.96708,236.60337,286.435362272718,341.2010284184423,1732.14812,448.14088000000015,2533.4961000000003,-39.65132
1966,1966,1966.0,1966.0,1966.0,1966.0,1966.0,1966.0,1966.0,1966.0,1966.0,1966.0,1966.0,1966.0,1966.0,1966.0,1966.0,1966.0,1966.0,1966.0,1966.0,1966.0,1966.0,1966.0,6.0,0.6,284.35128,282.35542,280.52304,278.90651,277.53042,276.39342,275.47686,274.75969,274.23825,273.94854,273.98747,274.52812,275.82286,278.18808,281.96665,287.46902,294.90115,304.29448,315.4573,327.96537,230.24359525816087,349.2879666537266,2180.289,320.57335999999987,2085.35522,-36.60658000000001
1967,1967,1967.0,1967.0,1967.0,1967.0,1967.0,1967.0,1967.0,1967.0,1967.0,1967.0,1967.0,1967.0,1967.0,1967.0,1967.0,1967.0,1967.0,1967.0,1967.0,1967.0,1967.0,1967.0,7.0,0.7,238.33659,246.0385,253.01874,259.05433,264.05469,268.06162,271.22882,273.78942,276.02053,278.21208,280.64316,283.56607,287.19579,291.70198,297.20129,303.74945,311.3338,319.86869,329.19599,339.09297,197.13420430957936,211.85350000323345,2500.86236,361.1890800000001,1764.78186,-44.93838
1968,1968,1968.0,1968.0,1968.0,1968.0,1968.0,1968.0,1968.0,1968.0,1968.0,1968.0,1968.0,1968.0,1968.0,1968.0,1968.0,1968.0,1968.0,1968.0,1968.0,1968.0,1968.0,1968.0,8.0,0.8,208.64461,219.79718,230.27944,239.85972,248.40534,255.88071,262.32678,267.82656,272.46307,276.27631,279.22599,281.1667,281.84265,280.90814,277.97716,272.69975,264.85401,254.43462,241.71377,227.25282,233.52397823685723,215.33568830854315,2862.05144,625.7436699999998,1403.59278,-57.11929000000001
1969,1969,1969.0,1969.0,1969.0,1969.0,1969.0,1969.0,1969.0,1969.0,1969.0,1969.0,1969.0,1969.0,1969.0,1969.0,1969.0,1969.0,1969.0,1969.0,1969.0,1969.0,1969.0,1969.0,9.0,0.9,236.38104,239.35983,242.54837,245.97557,249.59869,253.30518,256.92642,260.25803,263.08136,265.18261,266.36766,266.47299,265.37391,262.99142,259.29831,254.32419,248.15851,240.95039,232.90426,224.27114,241.33620534975563,286.0136285118027,3487.79511,777.8491100000001,777.8491100000001,-59.69481999999999
1970,1970,1970.0,1970.0,1970.0,1970.0,1970.0,1970.0,1970.0,1970.0,1970.0,1970.0,1970.0,1970.0,1970.0,1970.0,1970.0,1970.0,1970.0,1970.0,1970.0,1970.0,1970.0,1970.0,0.0,0.0,273.0,273.0,273.0,273.0,273.0,273.0,273.0,273.0,273.0,273.0,273.0,273.0,273.0,273.0,273.0,273.0,273.0,273.0,273.0,273.0,308.3826123427337,220.8942719109618,0.0,464.34029,5321.55087,-40.0
1971,1971,1971.0,1971.0,1971.0,1971.0,1971.0,1971.0,1971.0,1971.0,1971.0,1971.0,1971.0,1971.0,1971.0,1971.0,1971.0,1971.0,1971.0,1971.0,1971.0,1971.0,1971.0,1971.0,1.0,0.1,302.35066,296.5929,291.3453,286.77586,282.96869,279.92342,277.56659,275.76945,274.36592,273.16625,271.96507,270.54528,268.68184,266.14994,262.74128,258.28907,252.69876,245.97751,238.25343,229.77612,266.8904329517448,275.35798890281933,464.34029,518.45957,4857.21058,-33.07657999999998
1972,1972,1972.0,1972.0,1972.0,1972.0,1972.0,1972.0,1972.0,1972.0,1972.0,1972.0,1972.0,1972.0,1972.0,1972.0,1972.0,1972.0,1972.0,1972.0,1972.0,1972.0,1972.0,1972.0,2.0,0.2,269.60168,272.07238,274.09813,275.53792,276.32618,276.46931,276.03021,275.10783,273.81879,272.2859,270.63531,268.9998,267.52362,266.36312,265.67841,265.61436,266.27342,267.68663,269.79219,272.43018,206.77578736405871,283.9731360836759,982.79986,527.82255,4338.75101,-36.53068999999999
1973,1973,1973.0,1973.0,1973.0,1973.0,1973.0,1973.0,1973.0,1973.0,1973.0,1973.0,1973.0,1973.0,1973.0,1973.0,1973.0,1973.0,1973.0,1973.0,1973.0,1973.0,1973.0,1973.0,3.0,0.3,218.27513,229.23257,239.17701,247.76376,254.80426,260.26727,264.25626,266.9721,268.67202,269.63309,270.1251,270.39336,270.64957,271.0673,271.77937,272.87517,274.39779,276.34203,278.65503,281.24136,195.2596829881459,243.1417730287427,1510.62241,649.4273800000001,3810.92846,-52.73273
1974,1974,1974.0,1974.0,1974.0,1974.0,1974.0,1974.0,1974.0,1974.0,1974.0,1974.0,1974.0,1974.0,1974.0,1974.0,1974.0,1974.0,1974.0,1974.0,1974.0,1974.0,1974.0,1974.0,4.0,0.4,205.23555,214.92845,224.08154,232.4857,239.9933,246.52229,252.0512,256.60656,260.24554,263.03652,265.04068,266.29715,266.81471,266.57208,265.52823,263.64203,260.89794,257.3321,253.05138,248.23879,225.27707562983795,372.4072109831018,2160.04979,765.5362599999999,3161.50108,-66.47771
1975,1975,1975.0,1975.0,1975.0,1975.0,1975.0,1975.0,1975.0,1975.0,1975.0,1975.0,1975.0,1975.0,1975.0,1975.0,1975.0,1975.0,1975.0,1975.0,1975.0,1975.0,1975.0,1975.0,5.0,0.5,228.01961,230.85558,233.85388,237.04155,240.39853,243.86633,247.36867,250.84026,254.25851,257.67354,261.23155,265.18669,269.89597,275.79212,283.33147,292.91934,304.82278,319.08843,335.48766,353.50891,273.2629650511868,355.1220079862293,2925.58605,556.7038400000001,2395.96482,-69.13367
1976,1976,1976.0,1976.0,1976.0,1976.0,1976.0,1976.0,1976.0,1976.0,1976.0,1976.0,1976.0,1976.0,1976.0,1976.0,1976.0,1976.0,1976.0,1976.0,1976.0,1976.0,1976.0,1976.0,6.0,0.6,268.24383,263.62349,259.75092,256.88747,255.18921,254.71106,255.42865,257.26956,260.14468,263.97239,268.69143,274.26214,280.65895,287.85795,295.82433,304.50316,313.81535,323.65884,333.9135,344.44733,317.8787180005315,306.13102153010504,3482.28989,345.8648199999998,1839.26098,-58.28894
1977,1977,1977.0,1977.0,1977.0,1977.0,1977.0,1977.0,1977.0,1977.0,1977.0,1977.0,1977.0,1977.0,1977.0,1977.0,1977.0,1977.0,1977.0,1977.0,1977.0,1977.0,1977.0,1977.0,7.0,0.7,307.9977,298.63613,290.25701,283.22203,277.76613,273.99357,271.89179,271.35574,272.21421,274.25215,277.22574,280.87146,284.91255,289.06794,293.06745,296.67478,299.71578,302.1059,303.86847,305.13613,199.9100992948476,246.80353726615263,3828.15471,318.99379000000044,1493.3961600000002,-39.00643000000002
1978,1978,1978.0,1978.0,1978.0,1978.0,1978.0,1978.0,1978.0,1978.0,1978.0,1978.0,1978.0,1978.0,1978.0,1978.0,1978.0,1978.0,1978.0,1978.0,1978.0,1978.0,1978.0,1978.0,8.0,0.8,213.78103,226.95575,238.84914,249.07061,257.46114,264.07963,269.14783,272.97238,275.86424,278.07198,279.73848,280.88423,281.41545,281.15333,279.87917,277.38947,273.55296,268.35967,261.95142,254.6249,280.5572206857041,195.1880172472637,4147.1485,512.6786199999997,1174.4023699999998,-48.92036999999999
1979,1979,1979.0,1979.0,1979.0,1979.0,1979.0,1979.0,1979.0,1979.0,1979.0,1979.0,1979.0,1979.0,1979.0,1979.0,1979.0,1979.0,1979.0,1979.0,1979.0,1979.0,1979.0,1979.0,9.0,0.9,276.53026,272.90554,270.01343,268.05782,267.09027,267.01488,267.61724,268.60525,269.64937,270.41324,270.57175,269.81894,267.87198,264.47825,259.43071,252.59312,243.9313,233.54272,221.67434,208.71925,274.5901955702425,239.44189793587424,4659.82712,661.7237500000001,661.7237500000001,-45.98512
1980,1980,1980.0,1980.0,1980.0,1980.0,1980.0,1980.0,1980.0,1980.0,1980.0,1980.0,1980.0,1980.0,1980.0,1980.0,1980.0,1980.0,1980.0,1980.0,1980.0,1980.0,1980.0,1980.0,0.0,0.0,273.0,273.0,273.0,273.0,273.0,273.0,273.0,273.0,273.0,273.0,273.0,273.0,273.0,273.0,273.0,273.0,273.0,273.0,273.0,273.0,343.1201612691116,209.26565392636417,0.0,461.08856,5657.62026,-40.0
1981,1981,1981.0,1981.0,1981.0,1981.0,1981.0,1981.0,1981.0,1981.0,1981.0,1981.0,1981.0,1981.0,1981.0,1981.0,1981.0,1981.0,1981.0,1981.0,1981.0,1981.0,1981.0,1981.0,1.0,0.1,331.16718,319.75831,309.36236,300.31435,292.78499,286.78091,282.16956,278.71761,276.1306,274.08473,272.24697,270.28516,267.87378,264.7024,260.4927,255.02587,248.17741,239.95107,230.50078,220.13038,297.31878160775017,202.92574882871128,461.08856,553.39805,5196.5317,-26.219089999999994
1982,1982,1982.0,1982.0,1982.0,1982.0,1982.0,1982.0,1982.0,1982.0,1982.0,1982.0,1982.0,1982.0,1982.0,1982.0,1982.0,1982.0,1982.0,1982.0,1982.0,1982.0,1982.0,1982.0,2.0,0.2,296.54509,295.58871,294.30029,292.58685,290.41977,287.82598,284.86623,281.60818,278.10168,274.36186,270.36268,266.0409,261.30807,256.0676,250.23364,243.74901,236.5998,228.82475,220.51791,211.82386,318.5692612967164,282.4486873999956,1014.48661,599.3947099999999,4643.13365,-25.174019999999985
1983,1983,1983.0,1983.0,1983.0,1983.0,1983.0,1983.0,1983.0,1983.0,1983.0,1983.0,1983.0,1983.0,1983.0,1983.0,1983.0,1983.0,1983.0,1983.0,1983.0,1983.0,1983.0,1983.0,3.0,0.3,313.11242,307.76168,302.60418,297.69419,293.0476,288.64611,284.44983,280.41573,276.51841,272.77024,269.2376,266.05021,263.40013,261.52708,260.68833,261.11424,262.95567,266.23389,270.80654,276.36203,274.049737875608,326.2715661082309,1613.88132,445.8818900000001,4043.73894,-24.35388999999998
1984,1984,1984.0,1984.0,1984.0,1984.0,1984.0,1984.0,1984.0,1984.0,1984.0,1984.0,1984.0,1984.0,1984.0,1984.0,1984.0,1984.0,1984.0,1984.0,1984.0,1984.0,1984.0,1984.0,4.0,0.4,276.81234,279.27009,281.1656,282.32608,282.68331,282.27479,281.22973,279.74655,278.0693,276.46787,275.22406,274.6218,274.93786,276.42876,279.31093,283.73379,289.74962,297.28664,306.13409,315.94663,209.55371951409265,227.6671305606341,2059.76321,385.0684299999998,3597.85705,-30.725210000000004
1985,1985,1985.0,1985.0,1985.0,1985.0,1985.0,1985.0,1985.0,1985.0,1985.0,1985.0,1985.0,1985.0,1985.0,1985.0,1985.0,1985.0,1985.0,1985.0,1985.0,1985.0,1985.0,1985.0,5.0,0.5,221.61988,233.11667,243.55257,252.57465,260.00009,265.8145,270.14134,273.19204,275.20818,276.40619,276.93239,276.83358,276.04729,274.4141,271.71298,267.71672,262.25924,255.30113,246.9765,237.60585,183.36160820406147,347.6126679412601,2444.83164,561.9226200000003,3212.78862,-47.18549999999999
1986,1986,1986.0,1986.0,1986.0,1986.0,1986.0,1986.0,1986.0,1986.0,1986.0,1986.0,1986.0,1986.0,1986.0,1986.0,1986.0,1986.0,1986.0,1986.0,1986.0,1986.0,1986.0,1986.0,6.0,0.6,196.25117,208.72872,220.42354,231.03997,240.37843,248.34257,254.93504,260.24711,264.44789,267.77698,270.54137,273.11339,275.92346,279.43991,284.13014,290.40233,298.53474,308.60741,320.45581,333.66483,200.36996049534164,251.92701865504324,3006.75426,631.38141,2650.8659999999995,-64.65743
1987,1987,1987.0,1987.0,1987.0,1987.0,1987.0,1987.0,1987.0,1987.0,1987.0,1987.0,1987.0,1987.0,1987.0,1987.0,1987.0,1987.0,1987.0,1987.0,1987.0,1987.0,1987.0,1987.0,7.0,0.7,207.4547,214.50097,221.4646,228.29248,234.92368,241.29432,247.3437,253.01804,258.269,263.04529,267.27888,270.86963,273.67474,275.51035,276.17058,275.46524,273.27075,269.58298,264.55653,258.51563,247.2752025720281,195.1363973975261,3638.13567,794.0740000000001,2019.48459,-71.70568
1988,1988,1988.0,1988.0,1988.0,1988.0,1988.0,1988.0,1988.0,1988.0,1988.0,1988.0,1988.0,1988.0,1988.0,1988.0,1988.0,1988.0,1988.0,1988.0,1988.0,1988.0,1988.0,1988.0,8.0,0.8,245.82817,244.69021,244.11907,244.28106,245.22952,246.90387,249.14495,251.71962,254.3464,256.71664,258.50921,259.40054,259.07449,257.2372,253.64065,248.11524,240.60714,231.21193,220.19397,207.98202,331.5678374616481,366.91606431061166,4432.20967,807.0473899999997,1225.4105899999995,-66.09612999999999
1989,1989,1989.0,1989.0,1989.0,1989.0,1989.0,1989.0,1989.0,1989.0,1989.0,1989.0,1989.0,1989.0,1989.0,1989.0,1989.0,1989.0,1989.0,1989.0,1989.0,1989.0,1989.0,1989.0,9.0,0.9,317.36321,303.86887,291.69623,281.2813,272.84616,266.40388,261.80139,258.78799,257.09454,256.50947,256.94059,258.45414,261.28402,265.80539,272.47062,281.71172,293.82337,308.85043,326.50943,346.17092,361.3202468376874,319.4869074452,5239.25706,418.3631999999998,418.3631999999998,-46.59611999999999
1990,1990,1990.0,1990.0,1990.0,1990.0,1990.0,1990.0,1990.0,1990.0,1990.0,1990.0,1990.0,1990.0,1990.0,1990.0,1990.0,1990.0,1990.0,1990.0,1990.0,1990.0,1990.0,1990.0,0.0,0.0,273.0,273.0,273.0,273.0,273.0,273.0,273.0,273.0,273.0,273.0,273.0,273.0,273.0,273.0,273.0,273.0,273.0,273.0,273.0,273.0,359.12244668623646,370.5994875224893,0.0,372.30809,2675.3022100000003,2.330750000000023
1991,1991,1991.0,1991.0,1991.0,1991.0,1991.0,1991.0,1991.0,1991.0,1991.0,1991.0,1991.0,1991.0,1991.0,1991.0,1991.0,1991.0,1991.0,1991.0,1991.0,1991.0,1991.0,1991.0,1.0,0.1,344.44599,330.44103,317.68843,306.60911,297.43064,290.19407,284.79447,281.04228,278.73019,277.69284,277.85041,279.2314,281.97206,286.29215,292.44809,300.66821,311.07947,323.63994,338.0942,353.96657,215.68020669366555,304.58809614125875,372.30809,193.35051,2302.9941200000003,2.330750000000023
1992,1992,1992.0,1992.0,1992.0,1992.0,1992.0,1992.0,1992.0,1992.0,1992.0,1992.0,1992.0,1992.0,1992.0,1992.0,1992.0,1992.0,1992.0,1992.0,1992.0,1992.0,1992.0,1992.0,2.0,0.2,229.87696,243.22776,255.02561,264.80811,272.40721,277.93735,281.73344,284.2599,286.01469,287.44697,288.89941,290.57797,292.54742,294.74848,297.03211,299.20592,301.08616,302.54652,303.55349,304.17935,339.83303392602687,224.15199998042303,565.6586,234.45507,2109.64361,2.330750000000023
1993,1993,1993.0,1993.0,1993.0,1993.0,1993.0,1993.0,1993.0,1993.0,1993.0,1993.0,1993.0,1993.0,1993.0,1993.0,1993.0,1993.0,1993.0,1993.0,1993.0,1993.0,1993.0,1993.0,3.0,0.3,328.05962,317.01879,307.33051,299.41643,293.45909,289.40921,287.03063,285.96369,285.78715,286.06439,286.36856,286.29058,285.43949,283.44667,279.98304,274.79211,267.73474,258.83396,248.3049,236.55568,299.76586937032374,297.3020114561342,800.11367,285.3432700000001,1875.18854,2.330750000000023
1994,1994,1994.0,1994.0,1994.0,1994.0,1994.0,1994.0,1994.0,1994.0,1994.0,1994.0,1994.0,1994.0,1994.0,1994.0,1994.0,1994.0,1994.0,1994.0,1994.0,1994.0,1994.0,1994.0,4.0,0.4,299.13275,298.39767,297.48141,296.34315,294.98464,293.44291,291.77561,290.04568,288.3113,286.62526,285.04337,283.63831,282.51245,281.80219,281.66839,282.27093,283.73113,286.09114,289.28266,293.11686,361.87747338152826,252.73400555298053,1085.45694,261.3726999999999,1589.8452699999998,2.330750000000023
1995,1995,1995.0,1995.0,1995.0,1995.0,1995.0,1995.0,1995.0,1995.0,1995.0,1995.0,1995.0,1995.0,1995.0,1995.0,1995.0,1995.0,1995.0,1995.0,1995.0,1995.0,1995.0,1995.0,5.0,0.5,350.18389,338.95816,328.60473,319.41588,311.5471,305.01926,299.74214,295.54922,292.23297,289.57253,287.3499,285.35589,283.39032,281.26209,278.79461,275.83866,272.29181,268.11921,263.36862,258.17263,364.5289640002538,277.59229887194533,1346.82964,277.7660500000002,1328.47257,2.330750000000023
1996,1996,1996.0,1996.0,1996.0,1996.0,1996.0,1996.0,1996.0,1996.0,1996.0,1996.0,1996.0,1996.0,1996.0,1996.0,1996.0,1996.0,1996.0,1996.0,1996.0,1996.0,1996.0,1996.0,6.0,0.6,355.37152,346.40006,337.7857,329.67187,322.16513,315.33075,309.19317,303.74103,298.93595,294.72353,291.04539,287.85006,285.10105,282.78021,280.88508,279.42024,278.38418,277.75496,277.47874,277.46521,263.08138718134705,281.45168401076063,1624.59569,235.49606,1050.7065199999995,2.330750000000023
1997,1997,1997.0,1997.0,1997.0,1997.0,1997.0,1997.0,1997.0,1997.0,1997.0,1997.0,1997.0,1997.0,1997.0,1997.0,1997.0,1997.0,1997.0,1997.0,1997.0,1997.0,1997.0,1997.0,7.0,0.7,272.6482,281.5231,289.11786,295.02746,299.06893,301.27572,301.85548,301.12748,299.45694,297.20017,294.66774,292.10635,289.69572,287.55465,285.75092,284.31102,283.22803,282.46736,281.97114,281.66267,362.93928560334905,210.7196446409717,1860.09175,233.7166699999998,815.2104599999998,2.330750000000023
1998,1998,1998.0,1998.0,1998.0,1998.0,1998.0,1998.0,1998.0,1998.0,1998.0,1998.0,1998.0,1998.0,1998.0,1998.0,1998.0,1998.0,1998.0,1998.0,1998.0,1998.0,1998.0,1998.0,8.0,0.8,351.32054,340.26266,330.23683,321.5572,314.34942,308.55803,303.98414,300.33763,297.28751,294.49864,291.65056,288.4413,284.58438,279.80885,273.87008,266.57463,257.81574,247.61052,236.12573,223.68057,191.9771764514692,345.6133769422378,2093.80842,285.6509100000003,581.49379,2.330750000000023
1999,1999,1999.0,1999.0,1999.0,1999.0,1999.0,1999.0,1999.0,1999.0,1999.0,1999.0,1999.0,1999.0,1999.0,1999.0,1999.0,1999.0,1999.0,1999.0,1999.0,1999.0,1999.0,1999.0,9.0,0.9,212.72924,232.30576,249.69886,264.19679,275.44712,283.44919,288.49057,291.05476,291.72945,291.13677,289.8943,288.6026,287.84535,288.18521,290.14098,294.14027,300.45308,309.12299,319.91894,332.32976,188.67281301836985,244.57265980995905,2379.45933,295.8428799999997,295.8428799999997,2.330750000000023
2000,2000,2000.0,2000.0,2000.0,2000.0,2000.0,2000.0,2000.0,2000.0,2000.0,2000.0,2000.0,2000.0,2000.0,2000.0,2000.0,2000.0,2000.0,2000.0,2000.0,2000.0,2000.0,2000.0,0.0,0.0,273.0,273.0,273.0,273.0,273.0,273.0,273.0,273.0,273.0,273.0,273.0,273.0,273.0,273.0,273.0,273.0,273.0,273.0,273.0,273.0,311.54097519077675,315.29359692507285,0.0,409.65932,4738.93147,-40.0
2001,2001,2001.0,2001.0,2001.0,2001.0,2001.0,2001.0,2001.0,2001.0,2001.0,2001.0,2001.0,2001.0,2001.0,2001.0,2001.0,2001.0,2001.0,2001.0,2001.0,2001.0,2001.0,2001.0,1.0,0.1,304.97296,298.70547,292.99842,288.04007,283.93207,280.69252,278.27402,276.59101,275.54949,275.07365,275.12517,275.71337,276.89501,278.76372,281.42952,284.99066,289.50173,294.94436,301.2078,308.08588,301.64724383217174,283.64900203866733,409.65932,303.62845000000004,4329.27215,-32.30748
2002,2002,2002.0,2002.0,2002.0,2002.0,2002.0,2002.0,2002.0,2002.0,2002.0,2002.0,2002.0,2002.0,2002.0,2002.0,2002.0,2002.0,2002.0,2002.0,2002.0,2002.0,2002.0,2002.0,2.0,0.2,298.74338,295.88271,293.11275,290.48792,288.06925,285.92102,284.10492,282.67286,281.65962,281.07626,280.90494,281.09621,281.56951,282.21829,282.92044,283.55401,284.01637,284.24299,284.22106,283.99323,317.8033212655971,253.35080828607045,713.28777,289.0463199999999,4025.6437,-27.07898
2003,2003,2003.0,2003.0,2003.0,2003.0,2003.0,2003.0,2003.0,2003.0,2003.0,2003.0,2003.0,2003.0,2003.0,2003.0,2003.0,2003.0,2003.0,2003.0,2003.0,2003.0,2003.0,2003.0,3.0,0.3,312.67458,307.71648,303.0808,298.88529,295.20479,292.06905,289.46599,287.34795,285.63813,284.23567,283.01899,281.84838,280.57007,279.02405,277.05722,274.54164,271.39576,267.60384,263.22819,258.40923,183.6823463089831,273.78499919957017,1002.33409,346.11920999999995,3736.59738,-20.93095
2004,2004,2004.0,2004.0,2004.0,2004.0,2004.0,2004.0,2004.0,2004.0,2004.0,2004.0,2004.0,2004.0,2004.0,2004.0,2004.0,2004.0,2004.0,2004.0,2004.0,2004.0,2004.0,2004.0,4.0,0.4,202.57741,220.4957,236.59808,250.28875,261.26703,269.5204,275.26952,278.88658,280.81043,281.47665,281.27226,280.51538,279.45421,278.27662,277.12223,276.09133,275.24856,274.62254,274.2045,273.94983,226.26718183477183,193.4777183433048,1348.4533,523.22639,3390.4781700000003,-43.479600000000005
2005,2005,2005.0,2005.0,2005.0,2005.0,2005.0,2005.0,2005.0,2005.0,2005.0,2005.0,2005.0,2005.0,2005.0,2005.0,2005.0,2005.0,2005.0,2005.0,2005.0,2005.0,2005.0,2005.0,5.0,0.5,231.76336,237.25146,242.70147,248.04648,253.17954,257.96182,262.2378,265.85093,268.65363,270.50826,271.27966,270.8237,268.97898,265.56904,260.42054,253.39817,244.45109,233.65961,221.26791,207.68939,239.5939182362841,230.5990474213881,1871.67969,767.7227400000002,2867.2517800000005,-55.03818000000001
2006,2006,2006.0,2006.0,2006.0,2006.0,2006.0,2006.0,2006.0,2006.0,2006.0,2006.0,2006.0,2006.0,2006.0,2006.0,2006.0,2006.0,2006.0,2006.0,2006.0,2006.0,2006.0,2006.0,6.0,0.6,242.147,244.71727,247.30589,249.88566,252.3952,254.74037,256.8025,258.45133,259.56063,260.02411,259.7698,258.77114,257.05306,254.69127,251.80363,248.53374,245.02886,241.41661,237.78628,234.18034,314.2381778748271,343.6068703447601,2639.40243,765.8684899999998,2099.5290400000004,-58.25962999999999
2007,2007,2007.0,2007.0,2007.0,2007.0,2007.0,2007.0,2007.0,2007.0,2007.0,2007.0,2007.0,2007.0,2007.0,2007.0,2007.0,2007.0,2007.0,2007.0,2007.0,2007.0,2007.0,2007.0,7.0,0.7,303.77478,293.8466,284.90956,277.27991,271.10605,266.37647,262.95837,260.65567,259.27295,258.6735,258.82265,259.81085,261.85244,265.25835,270.38281,277.54878,286.96275,298.6359,312.33156,327.55681,327.10014941070244,280.15810171204527,3405.27092,474.9193,1333.6605500000005,-46.62353000000002
2008,2008,2008.0,2008.0,2008.0,2008.0,2008.0,2008.0,2008.0,2008.0,2008.0,2008.0,2008.0,2008.0,2008.0,2008.0,2008.0,2008.0,2008.0,2008.0,2008.0,2008.0,2008.0,2008.0,8.0,0.8,317.80412,308.80495,300.37551,292.74517,286.0877,280.51753,276.09285,272.82254,270.67336,269.57456,269.41901,270.06186,271.32,272.97674,274.79538,276.54325,278.02367,279.10923,279.76673,280.06471,232.68825322982096,281.0343468485687,3880.19022,407.83498999999983,858.7412500000005,-32.48246999999998
2009,2009,2009.0,2009.0,2009.0,2009.0,2009.0,2009.0,2009.0,2009.0,2009.0,2009.0,2009.0,2009.0,2009.0,2009.0,2009.0,2009.0,2009.0,2009.0,2009.0,2009.0,2009.0,2009.0,9.0,0.9,241.80178,250.3384,257.81393,263.90735,268.49368,271.63568,273.54233,274.50876,274.85434,274.87203,274.79588,274.7877,274.93921,275.28441,275.81644,276.50471,277.30936,278.19165,279.12009,280.0724,321.4266815958915,218.193520908228,4288.02521,450.9062600000007,450.9062600000007,-41.36432000000002
2010,2010,2010.0,2010.0,2010.0,2010.0,2010.0,2010.0,2010.0,2010.0,2010.0,2010.0,2010.0,2010.0,2010.0,2010.0,2010.0,2010.0,2010.0,2010.0,2010.0,2010.0,2010.0,2010.0,0.0,0.0,273.0,273.0,273.0,273.0,273.0,273.0,273.0,273.0,273.0,273.0,273.0,273.0,273.0,273.0,273.0,273.0,273.0,273.0,273.0,273.0,359.9430707562008,176.70287207981912,0.0,479.97314,3897.5251600000006,-40.0
2011,2011,2011.0,2011.0,2011.0,2011.0,2011.0,2011.0,2011.0,2011.0,2011.0,2011.0,2011.0,2011.0,2011.0,2011.0,2011.0,2011.0,2011.0,2011.0,2011.0,2011.0,2011.0,2011.0,1.0,0.1,345.12194,330.97515,318.08351,306.86146,297.51891,290.06084,284.31721,279.9892,276.69655,274.01496,271.49916,268.69444,265.14453,260.40553,254.07356,245.82852,235.48858,223.06292,208.78606,193.11809,272.74449487404075,208.5692821036837,479.97314,625.29322,3417.5520200000005,-22.93916000000001
2012,2012,2012.0,2012.0,2012.0,2012.0,2012.0,2012.0,2012.0,2012.0,2012.0,2012.0,2012.0,2012.0,2012.0,2012.0,2012.0,2012.0,2012.0,2012.0,2012.0,2012.0,2012.0,2012.0,2.0,0.2,276.94073,280.66921,283.53535,285.27185,285.76134,285.02516,283.18626,280.42004,276.90784,272.80423,268.22259,263.23773,257.89956,252.25019,246.33734,240.21971,233.96338,227.63175,221.27409,214.91795,285.6830789782461,353.15720804128034,1105.26636,620.5024799999999,2792.2588000000005,-27.97483999999997
2013,2013,2013.0,2013.0,2013.0,2013.0,2013.0,2013.0,2013.0,2013.0,2013.0,2013.0,2013.0,2013.0,2013.0,2013.0,2013.0,2013.0,2013.0,2013.0,2013.0,2013.0,2013.0,2013.0,3.0,0.3,284.82651,283.91645,282.89767,281.71386,280.31249,278.6546,276.72898,274.56981,272.27604,270.03017,268.113,266.90918,266.8969,268.61499,272.60348,279.31947,289.03981,301.77016,317.18578,334.62645,295.6449992346289,364.9113172436596,1725.76884,348.99079000000006,2171.7563200000004,-34.345399999999984
2014,2014,2014.0,2014.0,2014.0,2014.0,2014.0,2014.0,2014.0,2014.0,2014.0,2014.0,2014.0,2014.0,2014.0,2014.0,2014.0,2014.0,2014.0,2014.0,2014.0,2014.0,2014.0,2014.0,4.0,0.4,292.69981,289.82691,287.0945,284.56482,282.29616,280.34873,278.79309,277.71907,277.24254,277.50799,278.68532,280.96033,284.51917,289.52765,296.1076,304.3128,314.10808,325.35548,337.81102,351.13428,174.52800279232756,222.35077933017547,2074.75963,282.23896000000013,1822.76553,-32.65127000000001
2015,2015,2015.0,2015.0,2015.0,2015.0,2015.0,2015.0,2015.0,2015.0,2015.0,2015.0,2015.0,2015.0,2015.0,2015.0,2015.0,2015.0,2015.0,2015.0,2015.0,2015.0,2015.0,2015.0,5.0,0.5,192.99047,210.58577,226.57549,240.44865,251.96943,261.16791,268.28257,273.67255,277.72077,280.74594,282.93595,284.30983,284.71234,283.84267,281.31637,276.75487,269.88948,260.65974,249.28122,236.26115,352.6397440219013,299.8267857693679,2356.99859,436.03548999999975,1540.52657,-51.83209
2016,2016,2016.0,2016.0,2016.0,2016.0,2016.0,2016.0,2016.0,2016.0,2016.0,2016.0,2016.0,2016.0,2016.0,2016.0,2016.0,2016.0,2016.0,2016.0,2016.0,2016.0,2016.0,2016.0,6.0,0.6,335.39777,319.24285,305.09124,293.55845,284.89799,279.0154,275.54363,273.95345,273.6693,274.16782,275.04603,276.05602,277.10902,278.25423,279.6382,281.45081,283.86532,286.98269,290.79168,295.15498,182.4856660353274,296.32994001848067,2793.03408,360.6668,1104.4910800000002,-33.9846
2017,2017,2017.0,2017.0,2017.0,2017.0,2017.0,2017.0,2017.0,2017.0,2017.0,2017.0,2017.0,2017.0,2017.0,2017.0,2017.0,2017.0,2017.0,2017.0,2017.0,2017.0,2017.0,2017.0,7.0,0.7,200.6491,217.81656,233.14743,246.07391,256.35533,264.06388,269.51558,273.17241,275.54309,277.10382,278.24894,279.27137,280.36577,281.64466,283.15919,284.91843,286.90468,289.08419,291.41401,293.84613,346.01015537981016,333.6553457535032,3153.70088,375.4821200000001,743.8242800000003,-48.93612000000002
2018,2018,2018.0,2018.0,2018.0,2018.0,2018.0,2018.0,2018.0,2018.0,2018.0,2018.0,2018.0,2018.0,2018.0,2018.0,2018.0,2018.0,2018.0,2018.0,2018.0,2018.0,2018.0,2018.0,8.0,0.8,330.39117,315.74118,302.87988,292.36521,284.44235,279.05962,275.93808,274.66988,274.81845,275.99945,277.93153,280.45552,283.52686,287.18901,291.53523,296.66577,302.6462,309.47322,317.05375,325.20188,267.85780651336813,358.83950382464667,3529.183,210.55035,368.34216000000015,-33.940380000000005
2019,2019,2019.0,2019.0,2019.0,2019.0,2019.0,2019.0,2019.0,2019.0,2019.0,2019.0,2019.0,2019.0,2019.0,2019.0,2019.0,2019.0,2019.0,2019.0,2019.0,2019.0,2019.0,2019.0,9.0,0.9,271.42643,274.70418,277.46179,279.57704,281.05388,282.01332,282.66275,283.25536,284.05145,285.29022,287.17503,289.87014,293.50402,298.17292,303.94032,310.83019,318.81536,327.805,337.63667,348.07782,358.82039504976524,227.82145814889043,3739.73335,157.79181000000017,157.79181000000017,-30.98667999999998
2020,2020,2020.0,2020.0,2020.0,2020.0,2020.0,2020.0,2020.0,2020.0,2020.0,2020.0,2020.0,2020.0,2020.0,2020.0,2020.0,2020.0,2020.0,2020.0,2020.0,2020.0,2020.0,2020.0,0.0,0.0,273.0,273.0,273.0,273.0,273.0,273.0,273.0,273.0,273.0,273.0,273.0,273.0,273.0,273.0,273.0,273.0,273.0,273.0,273.0,273.0,224.45528612530148,271.09270578374725,0.0,475.6197,4849.10177,-40.0
2021,2021,2021.0,2021.0,2021.0,2021.0,2021.0,2021.0,2021.0,2021.0,2021.0,2021.0,2021.0,2021.0,2021.0,2021.0,2021.0,2021.0,2021.0,2021.0,2021.0,2021.0,2021.0,2021.0,1.0,0.1,232.72922,240.62566,247.81873,254.07402,259.2686,263.38925,266.51258,268.77476,270.33926,271.36948,272.00979,272.37592,272.55294,272.59842,272.5485,272.42455,272.23952,272.00299,271.72474,271.41658,261.0333937896445,221.5774631912814,475.6197,571.5152499999999,4373.48207,-49.61075
2022,2022,2022.0,2022.0,2022.0,2022.0,2022.0,2022.0,2022.0,2022.0,2022.0,2022.0,2022.0,2022.0,2022.0,2022.0,2022.0,2022.0,2022.0,2022.0,2022.0,2022.0,2022.0,2022.0,2.0,0.2,260.66243,260.43973,260.48328,260.85825,261.56683,262.55143,263.70768,264.9015,265.98444,266.80335,267.20349,267.02736,266.11367,264.30121,261.44136,257.42017,252.18678,245.78152,238.35486,230.16892,264.6644205708044,355.84038743193594,1047.13495,612.8605,3801.966820000001,-50.44857000000002
2023,2023,2023.0,2023.0,2023.0,2023.0,2023.0,2023.0,2023.0,2023.0,2023.0,2023.0,2023.0,2023.0,2023.0,2023.0,2023.0,2023.0,2023.0,2023.0,2023.0,2023.0,2023.0,2023.0,3.0,0.3,264.32915,264.03524,263.81622,263.69204,263.667,263.73278,263.87712,264.09819,264.42396,264.93448,265.78334,267.21278,269.55492,273.21198,278.61036,286.1301,296.01899,308.30975,322.76313,338.85819,218.55942364421315,351.3470887611711,1659.99545,450.3420799999999,3189.1063200000003,-49.26722000000001
2024,2024,2024.0,2024.0,2024.0,2024.0,2024.0,2024.0,2024.0,2024.0,2024.0,2024.0,2024.0,2024.0,2024.0,2024.0,2024.0,2024.0,2024.0,2024.0,2024.0,2024.0,2024.0,2024.0,4.0,0.4,226.37617,233.86539,240.75106,246.84912,252.08926,256.51592,260.27186,263.57102,266.66792,269.82942,273.31188,277.34404,282.11465,287.76339,294.37397,301.96952,310.51057,319.8966,329.97154,340.53332,221.010470329442,250.45002682789644,2110.33753,447.5947000000001,2738.7642400000004,-56.484080000000006
2025,2025,2025.0,2025.0,2025.0,2025.0,2025.0,2025.0,2025.0,2025.0,2025.0,2025.0,2025.0,2025.0,2025.0,2025.0,2025.0,2025.0,2025.0,2025.0,2025.0,2025.0,2025.0,2025.0,5.0,0.5,226.59149,232.11493,237.52953,242.7956,247.8883,252.79758,257.52384,262.06861,266.4201,270.53524,274.32092,277.61954,280.2048,281.79412,282.08151,280.79021,277.73775,272.89924,266.45143,258.78117,368.5426267880618,299.6560354214703,2557.93223,471.34724000000006,2291.1695400000003,-60.20241999999999
2026,2026,2026.0,2026.0,2026.0,2026.0,2026.0,2026.0,2026.0,2026.0,2026.0,2026.0,2026.0,2026.0,2026.0,2026.0,2026.0,2026.0,2026.0,2026.0,2026.0,2026.0,2026.0,2026.0,6.0,0.6,348.5301,329.62685,312.78454,298.67583,287.63279,279.65257,274.45863,271.59494,270.52802,270.73636,271.77546,273.3149,275.14982,277.19144,279.44174,281.95769,284.81038,288.04637,291.65847,295.57287,232.87804217356404,239.94969994581004,3029.27947,369.81538,1819.8223000000005,-33.347429999999974
2027,2027,2027.0,2027.0,2027.0,2027.0,2027.0,2027.0,2027.0,2027.0,2027.0,2027.0,2027.0,2027.0,2027.0,2027.0,2027.0,2027.0,2027.0,2027.0,2027.0,2027.0,2027.0,2027.0,7.0,0.7,242.89167,252.22443,260.3122,266.7944,271.55098,274.68533,276.46413,277.23451,277.34059,277.05643,276.54443,275.84104,274.86657,273.45404,271.39188,268.47466,264.55519,259.58955,253.66561,247.0071,302.4589739363306,193.13693797704173,3399.09485,509.65789,1450.0069200000005,-38.31466999999998
2028,2028,2028.0,2028.0,2028.0,2028.0,2028.0,2028.0,2028.0,2028.0,2028.0,2028.0,2028.0,2028.0,2028.0,2028.0,2028.0,2028.0,2028.0,2028.0,2028.0,2028.0,2028.0,2028.0,8.0,0.8,296.74954,291.38615,286.65482,282.73611,279.68362,277.42833,275.8027,274.57444,273.47915,272.24457,270.604,268.30138,265.09373,260.75713,255.10082,247.99061,239.3781,229.3285,218.03781,205.83097,313.2979879419062,360.3923381737342,3908.75274,550.1525600000004,940.3490300000004,-35.57166999999998
2029,2029,2029.0,2029.0,2029.0,2029.0,2029.0,2029.0,2029.0,2029.0,2029.0,2029.0,2029.0,2029.0,2029.0,2029.0,2029.0,2029.0,2029.0,2029.0,2029.0,2029.0,2029.0,2029.0,9.0,0.9,307.56987,301.99746,296.71595,291.82402,287.37601,283.38434,279.83259,276.69827,273.98283,271.74546,270.13494,269.41221,269.95449,272.23176,276.74996,283.96273,294.16368,307.38225,323.31191,341.29709,227.631072051907,203.6648047232019,4458.9053,390.1964699999999,390.1964699999999,-29.61565999999999
2030,2030,2030.0,2030.0,2030.0,2030.0,2030.0,2030.0,2030.0,2030.0,2030.0,2030.0,2030.0,2030.0,2030.0,2030.0,2030.0,2030.0,2030.0,2030.0,2030.0,2030.0,2030.0,2030.0,0.0,0.0,273.0,273.0,273.0,273.0,273.0,273.0,273.0,273.0,273.0,273.0,273.0,273.0,273.0,273.0,273.0,273.0,273.0,273.0,273.0,273.0,288.99453736694136,304.5110131805398,0.0,423.80712,2510.97189,7.924129999999991
2031,2031,2031.0,2031.0,2031.0,2031.0,2031.0,2031.0,2031.0,2031.0,2031.0,2031.0,2031.0,2031.0,2031.0,2031.0,2031.0,2031.0,2031.0,2031.0,2031.0,2031.0,2031.0,2031.0,1.0,0.1,286.26915,283.66873,281.30156,279.24651,277.54718,276.21369,275.23098,274.57122,274.20766,274.12728,274.34031,274.88526,275.82823,277.25579,279.26106,281.92426,285.29025,289.34772,294.01546,299.14055,322.3472553613742,197.9055611329077,423.80712,389.48166,2087.16477,7.924129999999991
2032,2032,2032.0,2032.0,2032.0,2032.0,2032.0,2032.0,2032.0,2032.0,2032.0,2032.0,2032.0,2032.0,2032.0,2032.0,2032.0,2032.0,2032.0,2032.0,2032.0,2032.0,2032.0,2032.0,2.0,0.2,314.77816,307.52113,300.84968,294.96815,289.99442,285.95674,282.80151,280.40611,278.59071,277.12506,275.72988,274.07658,271.79159,268.47314,263.72591,257.214,248.7256,238.23534,225.94611,212.29371,320.7455367081177,304.6546943563958,813.28878,453.50346,1697.68311,7.924129999999991
2033,2033,2033.0,2033.0,2033.0,2033.0,2033.0,2033.0,2033.0,2033.0,2033.0,2033.0,2033.0,2033.0,2033.0,2033.0,2033.0,2033.0,2033.0,2033.0,2033.0,2033.0,2033.0,2033.0,3.0,0.3,315.4504,310.24533,305.21238,300.41856,295.91066,291.71316,287.83056,284.25486,280.97881,278.01396,275.41098,273.27743,271.78687,271.17238,271.69973,273.61979,277.107,282.19704,288.74164,296.39696,196.83479702515507,350.90762236110265,1266.79224,342.59274000000005,1244.1796499999998,7.924129999999991
2034,2034,2034.0,2034.0,2034.0,2034.0,2034.0,2034.0,2034.0,2034.0,2034.0,2034.0,2034.0,2034.0,2034.0,2034.0,2034.0,2034.0,2034.0,2034.0,2034.0,2034.0,2034.0,2034.0,4.0,0.4,213.3599,228.97578,242.9053,254.60589,263.8222,270.58418,275.16041,277.98618,279.58727,280.51576,281.30552,282.4468,284.37337,287.45342,291.97715,298.13764,306.00701,315.51434,326.43429,338.39477,328.62545424001104,331.640586099341,1609.38498,264.05615999999986,901.5869099999998,7.924129999999991
2035,2035,2035.0,2035.0,2035.0,2035.0,2035.0,2035.0,2035.0,2035.0,2035.0,2035.0,2035.0,2035.0,2035.0,2035.0,2035.0,2035.0,2035.0,2035.0,2035.0,2035.0,2035.0,2035.0,5.0,0.5,317.20679,306.53911,297.25831,289.79908,284.35725,280.90417,279.24194,279.07883,280.10292,282.03742,284.67005,287.85746,291.512,295.58,300.02065,304.79107,309.83993,315.10851,320.53585,326.06402,351.40850299695205,338.98691975002123,1873.44114,144.77359,637.5307499999999,7.924129999999991
2036,2036,2036.0,2036.0,2036.0,2036.0,2036.0,2036.0,2036.0,2036.0,2036.0,2036.0,2036.0,2036.0,2036.0,2036.0,2036.0,2036.0,2036.0,2036.0,2036.0,2036.0,2036.0,2036.0,6.0,0.6,340.69861,330.41712,320.95104,312.61241,305.61779,300.08309,296.03228,293.41568,292.13298,292.05609,293.04856,294.9797,297.73275,301.20769,305.31932,309.99217,315.15351,320.72632,326.62386,332.74731,368.6345747388789,231.57235551330973,2018.21473,121.06241000000024,492.7571599999999,7.924129999999991
2037,2037,2037.0,2037.0,2037.0,2037.0,2037.0,2037.0,2037.0,2037.0,2037.0,2037.0,2037.0,2037.0,2037.0,2037.0,2037.0,2037.0,2037.0,2037.0,2037.0,2037.0,2037.0,2037.0,7.0,0.7,358.14282,347.98891,338.48105,329.87292,322.34662,316.00417,310.86592,306.8726,303.8877,301.69828,300.01476,298.47305,296.64474,294.06138,290.25725,284.8299,277.51075,268.23137,257.16675,244.73891,347.55932807114715,359.5996736725238,2139.27714,180.04403999999977,371.69474999999966,7.924129999999991
2038,2038,2038.0,2038.0,2038.0,2038.0,2038.0,2038.0,2038.0,2038.0,2038.0,2038.0,2038.0,2038.0,2038.0,2038.0,2038.0,2038.0,2038.0,2038.0,2038.0,2038.0,2038.0,2038.0,8.0,0.8,343.12249,338.66927,334.19544,329.71728,325.27394,320.92413,316.74036,312.80481,309.21079,306.07166,303.53577,301.80197,301.12794,301.82203,304.21193,308.58937,315.13802,323.86093,334.52852,346.66726,209.6368064518387,304.7354159482233,2319.32118,81.99195000000009,191.6507099999999,7.924129999999991
2039,2039,2039.0,2039.0,2039.0,2039.0,2039.0,2039.0,2039.0,2039.0,2039.0,2039.0,2039.0,2039.0,2039.0,2039.0,2039.0,2039.0,2039.0,2039.0,2039.0,2039.0,2039.0,2039.0,9.0,0.9,228.90265,247.13564,263.45243,277.23478,288.18805,296.33621,301.9639,305.52659,307.55253,308.55588,308.97245,309.12175,309.194,309.25827,309.28733,309.19461,308.87718,308.25755,307.31555,306.10274,249.05526266662312,215.3634560241844,2401.31313,109.6587599999998,109.6587599999998,7.924129999999991
2040,2040,2040.0,2040.0,2040.0,2040.0,2040.0,2040.0,2040.0,2040.0,2040.0,2040.0,2040.0,2040.0,2040.0,2040.0,2040.0,2040.0,2040.0,2040.0,2040.0,2040.0,2040.0,2040.0,0.0,0.0,273.0,273.0,273.0,273.0,273.0,273.0,273.0,273.0,273.0,273.0,273.0,273.0,273.0,273.0,273.0,273.0,273.0,273.0,273.0,273.0,185.52309674928927,306.8175848461609,0.0,483.37316,5442.92971,-40.0
2041,2041,2041.0,2041.0,2041.0,2041.0,2041.0,2041.0,2041.0,2041.0,2041.0,2041.0,2041.0,2041.0,2041.0,2041.0,2041.0,2041.0,2041.0,2041.0,2041.0,2041.0,2041.0,2041.0,1.0,0.1,200.43367,214.66461,227.62972,238.90865,248.28376,255.73824,261.42242,265.60217,268.60473,270.7737,272.43902,273.90167,275.42848,277.25058,279.55976,282.49983,286.1534,290.5279,295.54676,301.05148,231.26344755182265,197.6623077413456,483.37316,615.38713,4959.55655,-57.26176000000001
2042,2042,2042.0,2042.0,2042.0,2042.0,2042.0,2042.0,2042.0,2042.0,2042.0,2042.0,2042.0,2042.0,2042.0,2042.0,2042.0,2042.0,2042.0,2042.0,2042.0,2042.0,2042.0,2042.0,2.0,0.2,234.09378,237.04618,240.2108,243.62262,247.25234,251.01157,254.76757,258.36014,261.61343,264.33845,266.32666,267.33977,267.10388,265.31733,261.67876,255.93642,247.95182,237.76314,225.62932,212.03717,231.50078872605667,224.83055873836588,1098.76029,841.2463,4344.16942,-61.98843
2043,2043,2043.0,2043.0,2043.0,2043.0,2043.0,2043.0,2043.0,2043.0,2043.0,2043.0,2043.0,2043.0,2043.0,2043.0,2043.0,2043.0,2043.0,2043.0,2043.0,2043.0,2043.0,2043.0,3.0,0.3,234.62642,237.73316,240.79615,243.77925,246.63134,249.28445,251.65456,253.64501,255.15284,256.07755,256.33178,255.85236,254.61009,252.6159,249.92153,246.61393,242.8039,238.61165,234.15301,229.53031,306.96002041512315,315.4654397784714,1940.00659,873.69769,3502.9231200000004,-63.71555000000001
2044,2044,2044.0,2044.0,2044.0,2044.0,2044.0,2044.0,2044.0,2044.0,2044.0,2044.0,2044.0,2044.0,2044.0,2044.0,2044.0,2044.0,2044.0,2044.0,2044.0,2044.0,2044.0,2044.0,4.0,0.4,296.80031,287.17867,278.55303,271.24003,265.38583,260.97284,257.85676,255.82254,254.64589,254.14868,254.24039,254.94051,256.37966,258.77821,262.40345,267.50929,274.26729,282.70251,292.65013,303.74706,356.6280088190384,309.06314752451243,2813.70428,576.2284399999999,2629.2254300000004,-52.02715999999998
2045,2045,2045.0,2045.0,2045.0,2045.0,2045.0,2045.0,2045.0,2045.0,2045.0,2045.0,2045.0,2045.0,2045.0,2045.0,2045.0,2045.0,2045.0,2045.0,2045.0,2045.0,2045.0,2045.0,5.0,0.5,341.33548,326.61854,312.98895,300.84505,290.44475,281.90437,275.21968,270.30024,267.00709,265.18582,264.68957,265.39069,267.18215,269.97194,273.67385,278.19796,283.44309,289.29244,295.61266,302.25579,245.74104434960293,360.7310540245789,3389.93272,361.8974500000004,2052.996990000001,-31.09563000000003
2046,2046,2046.0,2046.0,2046.0,2046.0,2046.0,2046.0,2046.0,2046.0,2046.0,2046.0,2046.0,2046.0,2046.0,2046.0,2046.0,2046.0,2046.0,2046.0,2046.0,2046.0,2046.0,2046.0,6.0,0.6,253.44159,260.54234,266.54898,271.15277,274.2682,276.0247,276.72164,276.76411,276.59824,276.66006,277.34423,278.99109,281.88502,286.25518,292.27084,300.02781,309.52746,320.65452,333.16331,346.68069,304.32834225692324,246.50325629219,3751.83017,268.73930999999993,1691.0995400000002,-36.9753
2047,2047,2047.0,2047.0,2047.0,2047.0,2047.0,2047.0,2047.0,2047.0,2047.0,2047.0,2047.0,2047.0,2047.0,2047.0,2047.0,2047.0,2047.0,2047.0,2047.0,2047.0,2047.0,2047.0,7.0,0.7,298.88857,293.7804,289.28915,285.6192,282.87826,281.08132,280.16824,280.02586,280.50502,281.42704,282.57901,283.70341,284.49101,284.58732,283.62024,281.25048,277.23778,271.508,264.20116,255.68204,201.5638919334225,254.5275708523092,4020.56948,352.8977299999997,1422.3602300000002,-31.918679999999995
2048,2048,2048.0,2048.0,2048.0,2048.0,2048.0,2048.0,2048.0,2048.0,2048.0,2048.0,2048.0,2048.0,2048.0,2048.0,2048.0,2048.0,2048.0,2048.0,2048.0,2048.0,2048.0,2048.0,8.0,0.8,215.72913,229.20482,241.40068,251.90091,260.49919,267.18965,272.1226,275.54126,277.71744,278.90046,279.2864,279.00851,278.1443,276.73265,274.79431,272.35046,269.43623,266.10806,262.44522,258.5471,195.84414395383425,318.25675971133364,4373.46721,515.1273600000004,1069.4625000000003,-45.81035000000003
2049,2049,2049.0,2049.0,2049.0,2049.0,2049.0,2049.0,2049.0,2049.0,2049.0,2049.0,2049.0,2049.0,2049.0,2049.0,2049.0,2049.0,2049.0,2049.0,2049.0,2049.0,2049.0,2049.0,9.0,0.9,206.63653,217.1395,227.08615,236.25157,244.46703,251.62811,257.69726,262.70227,266.73295,269.93716,272.51679,274.72243,276.84386,279.19328,282.07883,285.76847,290.44869,296.18612,302.90267,310.37413,319.3435167502645,190.9213268841237,4888.59457,554.3351400000001,554.3351400000001,-61.37189000000001
2050,2050,2050.0,2050.0,2050.0,2050.0,2050.0,2050.0,2050.0,2050.0,2050.0,2050.0,2050.0,2050.0,2050.0,2050.0,2050.0,2050.0,2050.0,2050.0,2050.0,2050.0,2050.0,2050.0,0.0,0.0,273.0,273.0,273.0,273.0,273.0,273.0,273.0,273.0,273.0,273.0,273.0,273.0,273.0,273.0,273.0,273.0,273.0,273.0,273.0,273.0,281.41046794721444,189.47847063150908,0.0,496.81461,4166.45333,-40.0
2051,2051,2051.0,2051.0,2051.0,2051.0,2051.0,2051.0,2051.0,2051.0,2051.0,2051.0,2051.0,2051.0,2051.0,2051.0,2051.0,2051.0,2051.0,2051.0,2051.0,2051.0,2051.0,2051.0,1.0,0.1,279.9749,278.60322,277.34946,276.24974,275.3168,274.53724,273.87019,273.24582,272.56221,271.6803,270.41811,268.54752,265.79821,261.87366,256.48238,249.38365,240.44181,229.6774,217.30064,203.71421,205.62002818224755,318.0464147323851,496.81461,639.6261800000001,3669.63872,-38.46276
2052,2052,2052.0,2052.0,2052.0,2052.0,2052.0,2052.0,2052.0,2052.0,2052.0,2052.0,2052.0,2052.0,2052.0,2052.0,2052.0,2052.0,2052.0,2052.0,2052.0,2052.0,2052.0,2052.0,2.0,0.2,217.38775,228.56452,238.63686,247.22866,254.13179,259.3053,262.85015,264.97242,265.94822,266.09999,265.78698,265.40561,265.39009,266.20187,268.29866,272.08035,277.81849,285.58538,295.20421,306.24058,269.1628030896631,266.54104706926216,1136.44079,609.8112799999999,3030.01254,-53.69470000000001
2053,2053,2053.0,2053.0,2053.0,2053.0,2053.0,2053.0,2053.0,2053.0,2053.0,2053.0,2053.0,2053.0,2053.0,2053.0,2053.0,2053.0,2053.0,2053.0,2053.0,2053.0,2053.0,2053.0,3.0,0.3,266.30118,263.72784,261.68025,260.30783,259.65727,259.6817,260.26771,261.26997,262.54245,263.95844,265.4165,266.83436,268.13673,269.24419,270.06971,270.52608,270.54345,270.09184,269.20037,267.96519,307.9106018685422,359.9008894559752,1746.25207,515.55107,2420.2012600000003,-53.31830000000002
2054,2054,2054.0,2054.0,2054.0,2054.0,2054.0,2054.0,2054.0,2054.0,2054.0,2054.0,2054.0,2054.0,2054.0,2054.0,2054.0,2054.0,2054.0,2054.0,2054.0,2054.0,2054.0,2054.0,4.0,0.4,300.05358,292.57582,285.80925,280.00173,275.29865,271.74519,269.30695,267.90313,267.44489,267.87239,269.18456,271.45724,274.84569,279.5682,285.86971,293.96777,303.98874,315.90719,329.50497,344.3641,228.784177357963,309.7336765896828,2261.80314,334.66885,1904.6501900000003,-41.25481000000002
2055,2055,2055.0,2055.0,2055.0,2055.0,2055.0,2055.0,2055.0,2055.0,2055.0,2055.0,2055.0,2055.0,2055.0,2055.0,2055.0,2055.0,2055.0,2055.0,2055.0,2055.0,2055.0,2055.0,5.0,0.5,237.02058,244.80988,251.78214,257.70338,262.50325,266.26872,269.20934,271.60603,273.75632,275.9264,278.31631,281.04019,284.12157,287.50215,291.06258,294.6526,298.1265,301.37743,304.36319,307.11612,290.5115474024528,347.6068660854552,2596.47199,312.5395400000002,1569.9813400000005,-46.73128000000003
2056,2056,2056.0,2056.0,2056.0,2056.0,2056.0,2056.0,2056.0,2056.0,2056.0,2056.0,2056.0,2056.0,2056.0,2056.0,2056.0,2056.0,2056.0,2056.0,2056.0,2056.0,2056.0,2056.0,6.0,0.6,285.80053,281.46295,277.81782,275.08884,273.38623,272.71316,272.99189,274.10051,275.91061,278.31812,281.26319,284.73795,288.78318,293.47523,298.90534,305.1535,312.26042,320.20262,328.87637,338.09567,277.4598882142937,300.7331824952451,2909.01153,216.1543399999996,1257.4418,-40.286839999999984
2057,2057,2057.0,2057.0,2057.0,2057.0,2057.0,2057.0,2057.0,2057.0,2057.0,2057.0,2057.0,2057.0,2057.0,2057.0,2057.0,2057.0,2057.0,2057.0,2057.0,2057.0,2057.0,2057.0,7.0,0.7,277.34517,277.26716,277.26839,277.40067,277.72466,278.30524,279.20344,280.46654,282.11783,284.14747,286.50568,289.0996,291.79545,294.4277,296.81656,298.79311,300.2292,301.06602,301.33383,301.15595,359.65440644910814,187.5613903298212,3125.16587,242.00648,1041.2874600000005,-34.694759999999974
2058,2058,2058.0,2058.0,2058.0,2058.0,2058.0,2058.0,2058.0,2058.0,2058.0,2058.0,2058.0,2058.0,2058.0,2058.0,2058.0,2058.0,2058.0,2058.0,2058.0,2058.0,2058.0,2058.0,8.0,0.8,346.00587,333.03391,321.3246,311.30243,303.1917,297.01324,292.60959,289.68529,287.84854,286.6439,285.57308,284.10699,281.69799,277.8021,271.91894,263.65041,252.77096,239.29378,223.51269,206.00149,347.1777278308689,239.2178402015877,3367.17235,380.5599100000004,799.2809800000005,-15.986760000000004
2059,2059,2059.0,2059.0,2059.0,2059.0,2059.0,2059.0,2059.0,2059.0,2059.0,2059.0,2059.0,2059.0,2059.0,2059.0,2059.0,2059.0,2059.0,2059.0,2059.0,2059.0,2059.0,2059.0,9.0,0.9,339.86984,332.67784,325.71043,319.06114,312.79944,306.96216,301.54711,296.51143,291.77651,287.24006,282.79396,278.34497,273.83351,269.24565,264.61416,260.00681,255.50411,251.17203,247.0378,243.07717,234.24776669165283,225.5953242057928,3747.73226,418.72107000000005,418.72107000000005,-6.037840000000017
2060,2060,2060.0,2060.0,2060.0,2060.0,2060.0,2060.0,2060.0,2060.0,2060.0,2060.0,2060.0,2060.0,2060.0,2060.0,2060.0,2060.0,2060.0,2060.0,2060.0,2060.0,2060.0,2060.0,0.0,0.0,273.0,273.0,273.0,273.0,273.0,273.0,273.0,273.0,273.0,273.0,273.0,273.0,273.0,273.0,273.0,273.0,273.0,273.0,273.0,273.0,274.6438780258352,180.07791669098924,0.0,506.70025,7206.180700000001,-40.0
2061,2061,2061.0,2061.0,2061.0,2061.0,2061.0,2061.0,2061.0,2061.0,2061.0,2061.0,2061.0,2061.0,2061.0,2061.0,2061.0,2061.0,2061.0,2061.0,2061.0,2061.0,2061.0,2061.0,1.0,0.1,274.36139,274.08999,273.83804,273.60849,273.39602,273.18367,272.93826,272.60389,272.09342,271.27849,269.98015,267.96372,264.94291,260.59801,254.61149,246.71982,236.77462,224.80014,211.03107,195.91577,282.0242082752694,297.4524087842722,506.70025,643.34712,6699.480450000001,-39.81633
2062,2062,2062.0,2062.0,2062.0,2062.0,2062.0,2062.0,2062.0,2062.0,2062.0,2062.0,2062.0,2062.0,2062.0,2062.0,2062.0,2062.0,2062.0,2062.0,2062.0,2062.0,2062.0,2062.0,2.0,0.2,280.41839,278.84634,277.33164,275.87989,274.47531,273.08275,271.65571,270.14986,268.54135,266.84795,265.15001,263.60661,262.46051,262.02546,262.65131,264.66714,268.31026,273.6558,280.56663,288.6817,179.96662903728867,175.8068373499956,1150.04737,668.81764,6056.133330000001,-39.91725000000002
2063,2063,2063.0,2063.0,2063.0,2063.0,2063.0,2063.0,2063.0,2063.0,2063.0,2063.0,2063.0,2063.0,2063.0,2063.0,2063.0,2063.0,2063.0,2063.0,2063.0,2063.0,2063.0,2063.0,3.0,0.3,195.86114,210.96618,224.60101,236.27733,245.74072,252.96475,258.10502,261.4283,263.2338,263.78148,263.23729,261.641,258.89966,254.8082,249.09689,241.50141,231.84565,220.1207,206.54016,191.55326,200.51271403285105,287.0364849342865,1818.86501,997.0163000000002,5387.31569,-60.03524999999999
2064,2064,2064.0,2064.0,2064.0,2064.0,2064.0,2064.0,2064.0,2064.0,2064.0,2064.0,2064.0,2064.0,2064.0,2064.0,2064.0,2064.0,2064.0,2064.0,2064.0,2064.0,2064.0,2064.0,4.0,0.4,207.819,214.98782,221.87738,228.34058,234.2292,239.40387,243.74861,247.18792,249.70436,251.35465,252.28214,252.72272,252.99979,253.50395,254.65368,256.83807,260.34821,265.31125,271.64467,279.04739,179.3267244197535,366.354405838216,2815.88131,1016.3854199999996,4390.29939,-73.59612999999999
2065,2065,2065.0,2065.0,2065.0,2065.0,2065.0,2065.0,2065.0,2065.0,2065.0,2065.0,2065.0,2065.0,2065.0,2065.0,2065.0,2065.0,2065.0,2065.0,2065.0,2065.0,2065.0,2065.0,5.0,0.5,188.8581,198.12307,206.88428,214.95768,222.22854,228.65882,234.28736,239.2263,243.65661,247.82437,252.03721,256.65776,262.08971,268.75169,277.03657,287.25774,299.5895,314.01386,330.28864,347.94986,254.2816525601092,252.4177497728522,3832.26673,896.6926699999999,3373.91397,-84.34118000000001
2066,2066,2066.0,2066.0,2066.0,2066.0,2066.0,2066.0,2066.0,2066.0,2066.0,2066.0,2066.0,2066.0,2066.0,2066.0,2066.0,2066.0,2066.0,2066.0,2066.0,2066.0,2066.0,2066.0,6.0,0.6,249.29688,244.80831,241.24153,238.89777,237.92838,238.3391,240.01733,242.76957,246.35577,250.51143,254.95446,259.38094,263.4591,266.83244,269.14118,270.06507,269.38235,267.03087,263.15262,258.1034,342.723044928809,178.4540644327027,4728.9594,838.2407499999999,2477.2213,-74.6609
2067,2067,2067.0,2067.0,2067.0,2067.0,2067.0,2067.0,2067.0,2067.0,2067.0,2067.0,2067.0,2067.0,2067.0,2067.0,2067.0,2067.0,2067.0,2067.0,2067.0,2067.0,2067.0,2067.0,7.0,0.7,325.74068,309.60512,295.05402,282.62932,272.6287,265.09916,259.8659,256.58224,254.78498,253.94333,253.49556,252.8748,251.52974,248.94802,244.68816,238.42162,229.9801,219.39774,206.93458,193.06912,348.3166306224326,371.5871235688046,5567.20015,759.32114,1638.9805500000002,-47.90084000000002
2068,2068,2068.0,2068.0,2068.0,2068.0,2068.0,2068.0,2068.0,2068.0,2068.0,2068.0,2068.0,2068.0,2068.0,2068.0,2068.0,2068.0,2068.0,2068.0,2068.0,2068.0,2068.0,2068.0,8.0,0.8,335.77132,323.55631,311.97303,301.26984,291.6264,283.14955,275.88215,269.82493,264.96972,261.34037,259.03484,258.2592,259.34192,262.71666,268.86593,278.22674,291.07155,307.39059,326.80868,348.56717,339.3238748746487,246.43991415889843,6326.52129,413.84206,879.6594100000002,-29.850450000000023
2069,2069,2069.0,2069.0,2069.0,2069.0,2069.0,2069.0,2069.0,2069.0,2069.0,2069.0,2069.0,2069.0,2069.0,2069.0,2069.0,2069.0,2069.0,2069.0,2069.0,2069.0,2069.0,2069.0,9.0,0.9,330.89877,322.59406,314.53487,306.85381,299.69025,293.18523,287.4719,282.66159,278.82617,275.97801,274.04994,272.87947,272.20345,271.66984,270.87179,269.40439,266.93691,263.28555,258.46692,252.71336,216.0215987359619,176.5672507433772,6740.36335,465.81735000000026,465.81735000000026,-19.81477000000001
2070,2070,2070.0,2070.0,2070.0,2070.0,2070.0,2070.0,2070.0,2070.0,2070.0,2070.0,2070.0,2070.0,2070.0,2070.0,2070.0,2070.0,2070.0,2070.0,2070.0,2070.0,2070.0,2070.0,0.0,0.0,273.0,273.0,273.0,273.0,273.0,273.0,273.0,273.0,273.0,273.0,273.0,273.0,273.0,273.0,273.0,273.0,273.0,273.0,273.0,273.0,174.53392659482395,262.9861572330089,0.0,515.39741,3457.5127,2.2802899999999795
2071,2071,2071.0,2071.0,2071.0,2071.0,2071.0,2071.0,2071.0,2071.0,2071.0,2071.0,2071.0,2071.0,2071.0,2071.0,2071.0,2071.0,2071.0,2071.0,2071.0,2071.0,2071.0,2071.0,1.0,0.1,191.3164,207.333,221.92253,234.60921,245.14316,253.49647,259.8225,264.39403,267.53723,269.57535,270.78976,271.39995,271.55973,271.36495,270.86794,270.09472,269.06176,267.79012,266.31516,264.69049,206.6472009235299,324.6233617390143,515.39741,684.2634800000001,2942.11529,2.2802899999999795
2072,2072,2072.0,2072.0,2072.0,2072.0,2072.0,2072.0,2072.0,2072.0,2072.0,2072.0,2072.0,2072.0,2072.0,2072.0,2072.0,2072.0,2072.0,2072.0,2072.0,2072.0,2072.0,2072.0,2.0,0.2,213.06095,219.44913,225.77111,231.96199,237.93314,243.58291,248.81497,253.55984,257.79512,261.56071,264.96677,268.19306,271.47863,275.10087,279.34387,284.45797,290.61532,297.86992,306.1323,315.16784,323.8803332415756,222.5437359060193,1199.66089,633.9936399999999,2257.85181,2.2802899999999795
2073,2073,2073.0,2073.0,2073.0,2073.0,2073.0,2073.0,2073.0,2073.0,2073.0,2073.0,2073.0,2073.0,2073.0,2073.0,2073.0,2073.0,2073.0,2073.0,2073.0,2073.0,2073.0,2073.0,3.0,0.3,309.77467,296.53293,284.89599,275.38677,268.26248,263.51817,260.93167,260.13038,260.65923,262.03384,263.77207,265.4065,266.48714,266.5866,265.3181,262.37069,257.55804,250.86862,242.50043,232.86385,324.8150325443602,334.82924585579906,1833.65453,542.9373899999998,1623.8581700000002,2.2802899999999795
2074,2074,2074.0,2074.0,2074.0,2074.0,2074.0,2074.0,2074.0,2074.0,2074.0,2074.0,2074.0,2074.0,2074.0,2074.0,2074.0,2074.0,2074.0,2074.0,2074.0,2074.0,2074.0,2074.0,4.0,0.4,315.86246,307.19299,299.06589,291.696,285.23918,279.78604,275.36517,271.95615,269.51131,267.98385,267.35809,267.67576,269.05119,271.66772,275.75073,281.51717,289.10928,298.5272,309.5796,321.8701,326.38824819838544,338.1813673993201,2376.59192,326.58905000000004,1080.9207800000004,2.2802899999999795
2075,2075,2075.0,2075.0,2075.0,2075.0,2075.0,2075.0,2075.0,2075.0,2075.0,2075.0,2075.0,2075.0,2075.0,2075.0,2075.0,2075.0,2075.0,2075.0,2075.0,2075.0,2075.0,2075.0,5.0,0.5,319.34532,312.46714,305.91189,299.82569,294.33893,289.56488,285.60036,282.52807,280.41954,279.33773,279.33833,280.4689,282.76542,286.24631,290.90452,296.69886,303.54621,311.31641,319.83162,328.87105,362.4338384126745,304.3745903038678,2703.18097,191.2762200000002,754.3317300000003,2.2802899999999795
2076,2076,2076.0,2076.0,2076.0,2076.0,2076.0,2076.0,2076.0,2076.0,2076.0,2076.0,2076.0,2076.0,2076.0,2076.0,2076.0,2076.0,2076.0,2076.0,2076.0,2076.0,2076.0,2076.0,6.0,0.6,350.77889,339.52894,329.04793,319.6265,311.46416,304.66756,299.26155,295.20724,292.42076,290.78796,290.173,290.42181,291.36341,292.81289,294.57937,296.48004,298.35897,300.10643,301.67301,303.07308,356.95148718698306,223.34015610296743,2894.45719,187.7095,563.0555100000001,2.2802899999999795
2077,2077,2077.0,2077.0,2077.0,2077.0,2077.0,2077.0,2077.0,2077.0,2077.0,2077.0,2077.0,2077.0,2077.0,2077.0,2077.0,2077.0,2077.0,2077.0,2077.0,2077.0,2077.0,2077.0,7.0,0.7,349.19435,341.58514,334.26682,327.37154,321.0135,315.28029,310.22305,305.84585,302.0954,298.85192,295.92332,293.04541,289.89162,286.09586,281.29045,275.15744,267.48662,258.22878,247.5297,235.7322,288.18868520542844,347.91840849143944,3082.16669,220.76773000000003,375.3460100000002,2.2802899999999795
2078,2078,2078.0,2078.0,2078.0,2078.0,2078.0,2078.0,2078.0,2078.0,2078.0,2078.0,2078.0,2078.0,2078.0,2078.0,2078.0,2078.0,2078.0,2078.0,2078.0,2078.0,2078.0,2078.0,8.0,0.8,293.38113,298.11759,302.01018,304.79121,306.33892,306.67481,305.9393,304.35729,302.20618,299.7949,297.45646,295.54995,294.46253,294.60067,296.36155,300.0822,305.97268,314.04846,324.08311,335.60066,360.3995191970872,357.8476687191069,3302.93442,105.58494999999994,154.57828000000018,2.2802899999999795
2079,2079,2079.0,2079.0,2079.0,2079.0,2079.0,2079.0,2079.0,2079.0,2079.0,2079.0,2079.0,2079.0,2079.0,2079.0,2079.0,2079.0,2079.0,2079.0,2079.0,2079.0,2079.0,2079.0,9.0,0.9,350.59201,341.22068,332.65923,325.17273,318.89833,313.85491,309.97585,307.15326,305.28118,304.28818,304.15419,304.91088,306.6287,309.3947,313.28598,318.34329,324.54841,331.80887,339.95245,348.73306,186.31060751412016,354.69980060884023,3408.51937,48.99333000000024,48.99333000000024,2.2802899999999795
2080,2080,2080.0,2080.0,2080.0,2080.0,2080.0,2080.0,2080.0,2080.0,2080.0,2080.0,2080.0,2080.0,2080.0,2080.0,2080.0,2080.0,2080.0,2080.0,2080.0,2080.0,2080.0,2080.0,0.0,0.0,273.0,273.0,273.0,273.0,273.0,273.0,273.0,273.0,273.0,273.0,273.0,273.0,273.0,273.0,273.0,273.0,273.0,273.0,273.0,273.0,242.14654212435312,285.71870468208385,0.0,456.97034,4538.8955,-40.0
2081,2081,2081.0,2081.0,2081.0,2081.0,2081.0,2081.0,2081.0,2081.0,2081.0,2081.0,2081.0,2081.0,2081.0,2081.0,2081.0,2081.0,2081.0,2081.0,2081.0,2081.0,2081.0,2081.0,1.0,0.1,247.40563,252.42499,256.99788,260.97611,264.28303,266.91288,268.91892,270.39535,271.45826,272.2299,272.82812,273.36104,273.92521,274.60483,275.47024,276.57439,277.94768,279.5925,281.47989,283.55012,250.5547132187909,360.34141943930274,456.97034,442.50699,4081.92516,-46.08712000000003
2082,2082,2082.0,2082.0,2082.0,2082.0,2082.0,2082.0,2082.0,2082.0,2082.0,2082.0,2082.0,2082.0,2082.0,2082.0,2082.0,2082.0,2082.0,2082.0,2082.0,2082.0,2082.0,2082.0,2.0,0.2,252.87369,255.17797,257.45103,259.67436,261.83003,263.90653,265.90719,267.86048,269.83079,271.92821,274.31547,277.20935,280.87335,285.59848,291.67041,299.32431,308.69342,319.76177,332.33418,346.03499,178.16947978875157,366.7024240955245,899.47733,377.7276799999999,3639.41817,-49.093470000000025
2083,2083,2083.0,2083.0,2083.0,2083.0,2083.0,2083.0,2083.0,2083.0,2083.0,2083.0,2083.0,2083.0,2083.0,2083.0,2083.0,2083.0,2083.0,2083.0,2083.0,2083.0,2083.0,2083.0,3.0,0.3,192.7479,206.77199,219.76785,231.40482,241.52849,250.16089,257.47319,263.74208,269.30187,274.50213,279.67573,285.11811,291.07534,297.73734,305.23342,313.6285,322.91997,333.03676,343.84229,355.1429,322.3493305764517,190.54875716183844,1277.20501,391.1795000000002,3261.69049,-62.839110000000005
2084,2084,2084.0,2084.0,2084.0,2084.0,2084.0,2084.0,2084.0,2084.0,2084.0,2084.0,2084.0,2084.0,2084.0,2084.0,2084.0,2084.0,2084.0,2084.0,2084.0,2084.0,2084.0,2084.0,4.0,0.4,309.02412,296.65264,286.04879,277.77926,272.11019,269.01195,268.20904,269.25209,271.58749,274.60721,277.67359,280.12517,281.27903,280.44717,276.98114,270.34876,260.23325,246.63152,229.92097,210.86593,247.3867379690068,351.00050686238444,1668.38451,417.5631700000001,2870.51099,-43.98804999999999
2085,2085,2085.0,2085.0,2085.0,2085.0,2085.0,2085.0,2085.0,2085.0,2085.0,2085.0,2085.0,2085.0,2085.0,2085.0,2085.0,2085.0,2085.0,2085.0,2085.0,2085.0,2085.0,2085.0,5.0,0.5,252.56128,257.43338,261.75353,265.36332,268.20991,270.33609,271.85399,272.91487,273.68751,274.35297,275.11615,276.22695,277.99851,280.80784,285.06756,291.16543,299.37989,309.79135,322.21594,336.18733,280.4585050484261,263.44167516318885,2085.94768,348.1658799999996,2452.9478199999994,-42.66390999999999
2086,2086,2086.0,2086.0,2086.0,2086.0,2086.0,2086.0,2086.0,2086.0,2086.0,2086.0,2086.0,2086.0,2086.0,2086.0,2086.0,2086.0,2086.0,2086.0,2086.0,2086.0,2086.0,2086.0,6.0,0.6,278.32595,276.37834,274.77415,273.62572,272.99073,272.87522,273.24453,274.03652,275.17126,276.55346,278.06742,279.56761,280.87126,281.75985,281.99554,281.35397,279.66944,276.88202,273.07269,268.47301,236.64475643127025,289.4269929914918,2434.11356,380.2547200000004,2104.78194,-40.12477999999999
2087,2087,2087.0,2087.0,2087.0,2087.0,2087.0,2087.0,2087.0,2087.0,2087.0,2087.0,2087.0,2087.0,2087.0,2087.0,2087.0,2087.0,2087.0,2087.0,2087.0,2087.0,2087.0,2087.0,7.0,0.7,243.13697,249.34901,255.04188,260.04888,264.2899,267.76762,270.54926,272.74129,274.46454,275.83572,276.95785,277.91903,278.79654,279.66196,280.58367,281.62447,282.83426,284.24021,285.83826,287.58992,329.188457220208,181.67988781452053,2814.36828,443.00259000000005,1724.5272199999995,-45.23237999999998
2088,2088,2088.0,2088.0,2088.0,2088.0,2088.0,2088.0,2088.0,2088.0,2088.0,2088.0,2088.0,2088.0,2088.0,2088.0,2088.0,2088.0,2088.0,2088.0,2088.0,2088.0,2088.0,2088.0,8.0,0.8,318.16777,307.77016,298.52595,290.80127,284.76195,280.37572,277.44459,275.65248,274.61254,273.90248,273.08433,271.71191,269.3352,265.51255,259.83906,251.99394,241.80061,229.28573,214.71842,198.61207,287.647786784268,191.65400779553107,3257.37087,608.7580499999999,1281.5246299999994,-32.62428
2089,2089,2089.0,2089.0,2089.0,2089.0,2089.0,2089.0,2089.0,2089.0,2089.0,2089.0,2089.0,2089.0,2089.0,2089.0,2089.0,2089.0,2089.0,2089.0,2089.0,2089.0,2089.0,2089.0,9.0,0.9,287.38464,286.97122,286.28267,285.23687,283.79851,281.96942,279.76932,277.21355,274.2946,270.97237,267.1749,262.80868,257.77522,251.98982,245.39867,237.99125,229.80648,220.93245,211.50094,201.67822,240.4677200253141,352.64158487006586,3866.12892,672.7665799999995,672.7665799999995,-31.030579999999983
2090,2090,2090.0,2090.0,2090.0,2090.0,2090.0,2090.0,2090.0,2090.0,2090.0,2090.0,2090.0,2090.0,2090.0,2090.0,2090.0,2090.0,2090.0,2090.0,2090.0,2090.0,2090.0,2090.0,0.0,0.0,273.0,273.0,273.0,273.0,273.0,273.0,273.0,273.0,273.0,273.0,273.0,273.0,273.0,273.0,273.0,273.0,273.0,273.0,273.0,273.0,276.69665151762143,326.00033621314617,0.0,418.9249,3937.97347,-40.0
2091,2091,2091.0,2091.0,2091.0,2091.0,2091.0,2091.0,2091.0,2091.0,2091.0,2091.0,2091.0,2091.0,2091.0,2091.0,2091.0,2091.0,2091.0,2091.0,2091.0,2091.0,2091.0,2091.0,1.0,0.1,276.06789,275.46885,274.92587,274.45962,274.08485,273.81246,273.65399,273.62824,273.76914,274.13406,274.81096,275.9222,277.62242,280.08784,283.49547,287.99305,293.66365,300.4926,308.34564,316.96684,183.7512188241906,240.20398596539115,418.9249,409.44492,3519.0485699999995,-39.18754000000001
2092,2092,2092.0,2092.0,2092.0,2092.0,2092.0,2092.0,2092.0,2092.0,2092.0,2092.0,2092.0,2092.0,2092.0,2092.0,2092.0,2092.0,2092.0,2092.0,2092.0,2092.0,2092.0,2092.0,2.0,0.2,199.23084,214.01365,227.50204,239.27382,249.11988,257.0387,263.19449,267.85307,271.3113,273.83359,275.60435,276.70069,277.08706,276.63178,275.14405,272.42743,268.34207,262.86367,256.12465,248.42465,275.8365919226743,304.9647108160475,828.36982,561.1869,3109.60365,-55.9613
2093,2093,2093.0,2093.0,2093.0,2093.0,2093.0,2093.0,2093.0,2093.0,2093.0,2093.0,2093.0,2093.0,2093.0,2093.0,2093.0,2093.0,2093.0,2093.0,2093.0,2093.0,2093.0,2093.0,3.0,0.3,271.23426,267.1003,263.82089,261.63849,260.62465,260.69057,261.62813,263.16788,265.0393,267.02151,268.97788,270.87219,272.76706,274.8062,277.18287,280.09758,283.71104,288.10027,293.22841,298.93686,362.57742472389646,205.92197559596943,1389.55672,482.39416000000006,2548.4167499999994,-52.30943000000002
2094,2094,2094.0,2094.0,2094.0,2094.0,2094.0,2094.0,2094.0,2094.0,2094.0,2094.0,2094.0,2094.0,2094.0,2094.0,2094.0,2094.0,2094.0,2094.0,2094.0,2094.0,2094.0,2094.0,4.0,0.4,345.7661,329.74973,315.21969,302.68247,292.41579,284.46595,278.67909,274.75169,272.28409,270.82465,269.89878,269.02465,267.72297,265.53035,262.02475,256.866,249.84713,240.94479,230.3526,218.48195,363.9022470071965,258.9073343071679,1871.95088,508.29755999999975,2066.02259,-28.53404999999998
2095,2095,2095.0,2095.0,2095.0,2095.0,2095.0,2095.0,2095.0,2095.0,2095.0,2095.0,2095.0,2095.0,2095.0,2095.0,2095.0,2095.0,2095.0,2095.0,2095.0,2095.0,2095.0,2095.0,5.0,0.5,351.94907,340.28011,329.15602,318.79316,309.34801,300.90861,293.49385,287.06084,281.51938,276.75202,272.63705,269.07081,265.98533,263.35685,261.20224,259.56259,258.47678,257.95162,257.93705,258.31511,356.0098869194701,225.55775810637465,2380.24844,471.6114900000002,1557.72503,-12.09138999999999
2096,2096,2096.0,2096.0,2096.0,2096.0,2096.0,2096.0,2096.0,2096.0,2096.0,2096.0,2096.0,2096.0,2096.0,2096.0,2096.0,2096.0,2096.0,2096.0,2096.0,2096.0,2096.0,2096.0,6.0,0.6,347.53334,339.1335,330.88812,322.87577,315.17335,307.85125,300.96701,294.55817,288.63578,283.17907,278.13242,273.40517,268.87537,264.39845,259.82155,255.00283,249.83349,244.25839,238.28987,232.00984,296.1098443046001,289.2563706681792,2851.85993,435.12410999999975,1086.1135399999998,-5.148750000000007
2097,2097,2097.0,2097.0,2097.0,2097.0,2097.0,2097.0,2097.0,2097.0,2097.0,2097.0,2097.0,2097.0,2097.0,2097.0,2097.0,2097.0,2097.0,2097.0,2097.0,2097.0,2097.0,2097.0,7.0,0.7,298.59879,300.68014,302.00813,302.34635,301.59156,299.77161,297.02282,293.55656,289.62582,285.49954,281.44789,277.73669,274.62569,272.36367,271.17486,271.23461,272.63695,275.36211,279.25441,284.02096,310.1158611242555,364.4362346020629,3286.98404,284.37750000000005,650.9894300000001,-13.22838999999999
2098,2098,2098.0,2098.0,2098.0,2098.0,2098.0,2098.0,2098.0,2098.0,2098.0,2098.0,2098.0,2098.0,2098.0,2098.0,2098.0,2098.0,2098.0,2098.0,2098.0,2098.0,2098.0,2098.0,8.0,0.8,307.83471,305.55226,303.26511,300.96814,298.6588,296.34563,294.05974,291.86765,289.88297,288.27525,287.27361,287.16293,288.26992,290.93674,295.48097,302.14457,311.0382,322.09225,335.02785,349.35972,190.0033187811524,302.32382751090563,3571.36154,164.31438000000026,366.61193,-16.65436999999997
2099,2099,2099.0,2099.0,2099.0,2099.0,2099.0,2099.0,2099.0,2099.0,2099.0,2099.0,2099.0,2099.0,2099.0,2099.0,2099.0,2099.0,2099.0,2099.0,2099.0,2099.0,2099.0,2099.0,9.0,0.9,208.30484,225.70238,241.42326,254.92772,265.9607,274.54794,280.94526,285.55934,288.86021,291.3027,293.26698,295.02221,296.71326,298.36807,299.92282,301.26068,302.25819,302.8309,302.96796,302.74692,331.9057010736865,305.7247827623198,3735.67592,202.29754999999977,202.29754999999977,-38.45206000000002
2100,2100,2100.0,2100.0,2100.0,2100.0,2100.0,2100.0,2100.0,2100.0,2100.0,2100.0,2100.0,2100.0,2100.0,2100.0,2100.0,2100.0,2100.0,2100.0,2100.0,2100.0,2100.0,2100.0,0.0,0.0,273.0,273.0,273.0,273.0,273.0,273.0,273.0,273.0,273.0,273.0,273.0,273.0,273.0,273.0,273.0,273.0,273.0,273.0,273.0,273.0,225.70138839775865,261.60047158840155,0.0,480.2685,3561.59171,-40.0
2101,2101,2101.0,2101.0,2101.0,2101.0,2101.0,2101.0,2101.0,2101.0,2101.0,2101.0,2101.0,2101.0,2101.0,2101.0,2101.0,2101.0,2101.0,2101.0,2101.0,2101.0,2101.0,2101.0,1.0,0.1,233.7627,241.45604,248.46361,254.55651,259.614,263.62141,266.65023,268.82789,270.30529,271.22902,271.7219,271.87301,271.73614,271.3348,270.67172,269.74077,268.53938,267.07941,265.39451,263.54224,362.1288276091656,360.937289357471,480.2685,462.3618,3081.32321,-49.37858999999997
2102,2102,2102.0,2102.0,2102.0,2102.0,2102.0,2102.0,2102.0,2102.0,2102.0,2102.0,2102.0,2102.0,2102.0,2102.0,2102.0,2102.0,2102.0,2102.0,2102.0,2102.0,2102.0,2102.0,2.0,0.2,344.57689,327.95275,313.04864,300.41835,290.32871,282.7716,277.52588,274.24843,272.57089,272.18319,272.89182,274.64795,277.5454,281.7905,287.64781,295.36812,305.10909,316.8633,330.41064,345.31001,372.9633160668438,238.9122688049553,942.6303,252.445,2618.96141,-30.228400000000025
2103,2103,2103.0,2103.0,2103.0,2103.0,2103.0,2103.0,2103.0,2103.0,2103.0,2103.0,2103.0,2103.0,2103.0,2103.0,2103.0,2103.0,2103.0,2103.0,2103.0,2103.0,2103.0,2103.0,3.0,0.3,359.38036,346.21193,333.84034,322.5882,312.69913,304.32776,297.5375,292.30306,288.51402,285.97694,284.4156,283.47239,282.7163,281.66458,279.82322,276.747,272.11189,265.78513,257.87325,248.72967,336.512523446018,253.04301532569275,1195.0753,293.83457,2366.51641,-8.672239999999988
2104,2104,2104.0,2104.0,2104.0,2104.0,2104.0,2104.0,2104.0,2104.0,2104.0,2104.0,2104.0,2104.0,2104.0,2104.0,2104.0,2104.0,2104.0,2104.0,2104.0,2104.0,2104.0,2104.0,4.0,0.4,332.31128,328.02864,323.60924,319.04171,314.36358,309.6522,305.00523,300.5171,296.25782,292.25952,288.51273,284.97209,281.56878,278.22588,274.87289,271.45639,267.94545,264.33178,260.62605,256.85241,272.86666976889734,219.2302664865926,1488.90987,318.63105,2072.68184,-3.3478000000000065
2105,2105,2105.0,2105.0,2105.0,2105.0,2105.0,2105.0,2105.0,2105.0,2105.0,2105.0,2105.0,2105.0,2105.0,2105.0,2105.0,2105.0,2105.0,2105.0,2105.0,2105.0,2105.0,2105.0,5.0,0.5,279.30625,285.2554,290.29236,294.11668,296.57496,297.65674,297.46548,296.17468,293.98067,291.06148,287.54793,283.50884,278.95051,273.82842,268.06881,261.59692,254.36752,246.39218,237.75712,228.62673,185.85179729790576,347.7638691349845,1807.54092,366.37709,1754.0507900000002,-15.343259999999988
2106,2106,2106.0,2106.0,2106.0,2106.0,2106.0,2106.0,2106.0,2106.0,2106.0,2106.0,2106.0,2106.0,2106.0,2106.0,2106.0,2106.0,2106.0,2106.0,2106.0,2106.0,2106.0,2106.0,6.0,0.6,204.00045,221.29541,236.98778,250.51624,261.55299,270.00915,276.00696,279.83363,281.89256,282.66394,282.67954,282.50846,282.74497,283.98722,286.79781,291.64381,298.82309,308.39335,320.12531,333.50047,263.6895363647891,300.98063644232093,2173.91801,337.78449,1387.6737000000005,-42.99085000000002
2107,2107,2107.0,2107.0,2107.0,2107.0,2107.0,2107.0,2107.0,2107.0,2107.0,2107.0,2107.0,2107.0,2107.0,2107.0,2107.0,2107.0,2107.0,2107.0,2107.0,2107.0,2107.0,2107.0,7.0,0.7,262.96231,262.53015,262.62971,263.39728,264.85387,266.91865,269.44371,272.25721,275.20195,278.15968,281.05756,283.85917,286.54656,289.10174,291.49503,293.68477,295.62818,297.2993,298.70659,299.90258,187.8898206609507,326.9607082770657,2511.7025,355.1203700000001,1049.8892100000005,-46.08134999999999
2108,2108,2108.0,2108.0,2108.0,2108.0,2108.0,2108.0,2108.0,2108.0,2108.0,2108.0,2108.0,2108.0,2108.0,2108.0,2108.0,2108.0,2108.0,2108.0,2108.0,2108.0,2108.0,2108.0,8.0,0.8,201.6039,214.79481,227.01362,237.94259,247.42304,255.45177,262.15197,267.73046,272.434,276.51415,280.20541,283.7158,287.22598,290.89118,294.84126,299.17619,303.95725,309.19681,314.85112,320.8207,307.7624510600009,271.5402365253552,2866.82287,385.0646099999999,694.7688400000002,-57.54822999999999
2109,2109,2109.0,2109.0,2109.0,2109.0,2109.0,2109.0,2109.0,2109.0,2109.0,2109.0,2109.0,2109.0,2109.0,2109.0,2109.0,2109.0,2109.0,2109.0,2109.0,2109.0,2109.0,2109.0,9.0,0.9,297.78131,288.55545,280.72544,274.72981,270.76334,268.785,268.56511,269.75314,271.9456,274.73898,277.76092,280.68124,283.21064,285.09683,286.12674,286.13912,285.04628,282.85846,279.70118,275.81611,276.20577858898014,368.001447880944,3251.88748,309.7042300000003,309.7042300000003,-44.214999999999975
2110,2110,2110.0,2110.0,2110.0,2110.0,2110.0,2110.0,2110.0,2110.0,2110.0,2110.0,2110.0,2110.0,2110.0,2110.0,2110.0,2110.0,2110.0,2110.0,2110.0,2110.0,2110.0,2110.0,0.0,0.0,273.0,273.0,273.0,273.0,273.0,273.0,273.0,273.0,273.0,273.0,273.0,273.0,273.0,273.0,273.0,273.0,273.0,273.0,273.0,273.0,363.7932305366677,372.1324684130256,0.0,370.78092,2057.58558,3.8333299999999895
2111,2111,2111.0,2111.0,2111.0,2111.0,2111.0,2111.0,2111.0,2111.0,2111.0,2111.0,2111.0,2111.0,2111.0,2111.0,2111.0,2111.0,2111.0,2111.0,2111.0,2111.0,2111.0,2111.0,1.0,0.1,348.32071,333.55604,320.11149,308.43057,298.75283,291.12084,285.42275,281.45664,279.00066,277.8755,277.99,279.36484,282.13222,286.51097,292.75861,301.10525,311.67874,324.43586,339.11685,355.23839,338.5081507036754,367.3147246485223,370.78092,150.99763000000002,1686.80466,3.8333299999999895
2112,2112,2112.0,2112.0,2112.0,2112.0,2112.0,2112.0,2112.0,2112.0,2112.0,2112.0,2112.0,2112.0,2112.0,2112.0,2112.0,2112.0,2112.0,2112.0,2112.0,2112.0,2112.0,2112.0,2.0,0.2,332.00536,325.59003,319.36266,313.44548,307.98411,303.14212,299.09049,295.99509,294.00528,293.24534,293.80925,295.75783,299.11705,303.87631,309.98663,317.35892,325.86327,335.33022,345.55449,356.30126,366.2187654919075,356.11735008295955,521.77855,67.55338000000006,1535.80703,3.8333299999999895
2113,2113,2113.0,2113.0,2113.0,2113.0,2113.0,2113.0,2113.0,2113.0,2113.0,2113.0,2113.0,2113.0,2113.0,2113.0,2113.0,2113.0,2113.0,2113.0,2113.0,2113.0,2113.0,2113.0,3.0,0.3,356.25182,346.62451,337.64645,329.57357,322.59531,316.83333,312.34979,309.16061,307.24924,306.57733,307.09083,308.72171,311.38723,314.98885,319.4128,324.53337,330.21871,336.33793,342.76746,349.39461,298.33980377467583,206.9941912288328,589.33193,68.24768999999992,1468.25365,3.8333299999999895
2114,2114,2114.0,2114.0,2114.0,2114.0,2114.0,2114.0,2114.0,2114.0,2114.0,2114.0,2114.0,2114.0,2114.0,2114.0,2114.0,2114.0,2114.0,2114.0,2114.0,2114.0,2114.0,2114.0,4.0,0.4,302.57867,306.47094,309.73327,312.19232,313.80373,314.63986,314.851,314.61013,314.05297,313.22391,312.0361,310.25211,307.49047,303.26202,297.03759,288.34214,276.8626,262.54796,245.67549,226.85994,216.444464610556,310.02054682814213,657.57962,126.33644000000004,1400.00596,3.8333299999999895
2115,2115,2115.0,2115.0,2115.0,2115.0,2115.0,2115.0,2115.0,2115.0,2115.0,2115.0,2115.0,2115.0,2115.0,2115.0,2115.0,2115.0,2115.0,2115.0,2115.0,2115.0,2115.0,2115.0,5.0,0.5,232.68838,248.18718,262.28789,274.50128,284.53882,292.31208,297.90166,301.51005,303.41404,303.92852,303.387,302.13662,300.53974,298.97169,297.80529,297.37794,297.94445,299.62681,302.37677,305.96712,223.32816104786625,348.6920921004354,783.91606,141.15522999999996,1273.66952,3.8333299999999895
2116,2116,2116.0,2116.0,2116.0,2116.0,2116.0,2116.0,2116.0,2116.0,2116.0,2116.0,2116.0,2116.0,2116.0,2116.0,2116.0,2116.0,2116.0,2116.0,2116.0,2116.0,2116.0,2116.0,6.0,0.6,233.41331,243.26193,252.65022,261.37977,269.28993,276.26907,282.26403,287.28666,291.41679,294.80111,297.64751,300.21435,302.79395,305.68969,309.18686,313.519,318.83375,325.1646,332.41562,340.3653,196.4308404549416,352.40050513800577,925.07129,177.93364000000008,1132.51429,3.8333299999999895
2117,2117,2117.0,2117.0,2117.0,2117.0,2117.0,2117.0,2117.0,2117.0,2117.0,2117.0,2117.0,2117.0,2117.0,2117.0,2117.0,2117.0,2117.0,2117.0,2117.0,2117.0,2117.0,2117.0,7.0,0.7,209.21354,221.66628,233.49584,244.47553,254.46293,263.40421,271.32682,278.32431,284.53776,290.13754,295.3073,300.23095,305.08188,310.01373,315.15206,320.58694,326.36708,332.49672,338.93609,345.6066,252.4726190580733,260.60221583476647,1103.00493,229.15276999999992,954.58065,3.8333299999999895
2118,2118,2118.0,2118.0,2118.0,2118.0,2118.0,2118.0,2118.0,2118.0,2118.0,2118.0,2118.0,2118.0,2118.0,2118.0,2118.0,2118.0,2118.0,2118.0,2118.0,2118.0,2118.0,2118.0,8.0,0.8,253.44412,254.71776,256.54417,259.08327,262.38558,266.39516,270.96911,275.90429,280.9618,285.88286,290.39433,294.20766,297.01845,298.5149,298.40182,296.44138,292.50544,286.62723,279.03652,270.16328,241.8275246122259,236.13684446082843,1332.1577,313.43129,725.42788,3.8333299999999895
2119,2119,2119.0,2119.0,2119.0,2119.0,2119.0,2119.0,2119.0,2119.0,2119.0,2119.0,2119.0,2119.0,2119.0,2119.0,2119.0,2119.0,2119.0,2119.0,2119.0,2119.0,2119.0,2119.0,9.0,0.9,246.2071,250.5601,254.86072,259.08307,263.19778,267.16605,270.93243,274.41791,277.51512,280.08704,281.97003,282.98191,282.93495,281.65399,278.99857,274.88746,269.32212,262.40485,254.34646,245.45968,305.81651018423224,283.04500535669774,1645.58899,411.99659,411.99659,3.8333299999999895
2120,2120,2120.0,2120.0,2120.0,2120.0,2120.0,2120.0,2120.0,2120.0,2120.0,2120.0,2120.0,2120.0,2120.0,2120.0,2120.0,2120.0,2120.0,2120.0,2120.0,2120.0,2120.0,2120.0,0.0,0.0,273.0,273.0,273.0,273.0,273.0,273.0,273.0,273.0,273.0,273.0,273.0,273.0,273.0,273.0,273.0,273.0,273.0,273.0,273.0,273.0,338.8079970019601,176.57141343543938,0.0,485.20947,8304.32602,-40.0
2121,2121,2121.0,2121.0,2121.0,2121.0,2121.0,2121.0,2121.0,2121.0,2121.0,2121.0,2121.0,2121.0,2121.0,2121.0,2121.0,2121.0,2121.0,2121.0,2121.0,2121.0,2121.0,2121.0,1.0,0.1,327.58919,316.88034,307.12041,298.62184,291.54112,285.8776,281.49485,278.15369,275.54563,273.31844,271.091,268.46075,265.01057,260.32402,254.01532,245.77567,235.42996,222.99139,208.69693,193.00849,238.8066233599505,244.24651159201684,485.20947,628.0144600000001,7819.11655,-27.122400000000027
2122,2122,2122.0,2122.0,2122.0,2122.0,2122.0,2122.0,2122.0,2122.0,2122.0,2122.0,2122.0,2122.0,2122.0,2122.0,2122.0,2122.0,2122.0,2122.0,2122.0,2122.0,2122.0,2122.0,2.0,0.2,247.74033,256.04873,263.19768,268.81299,272.7118,274.89401,275.50226,274.76707,272.954,270.32572,267.12403,263.56967,259.87171,256.23659,252.86801,249.95302,247.63587,245.98691,244.97765,244.47288,326.7446257096751,190.3785444818213,1113.22393,695.56945,7191.102089999999,-38.10599000000002
2123,2123,2123.0,2123.0,2123.0,2123.0,2123.0,2123.0,2123.0,2123.0,2123.0,2123.0,2123.0,2123.0,2123.0,2123.0,2123.0,2123.0,2123.0,2123.0,2123.0,2123.0,2123.0,2123.0,3.0,0.3,316.79323,307.31207,298.69288,291.1898,284.89258,279.73447,275.5272,272.00904,268.89152,265.89396,262.76143,259.26834,255.21396,250.41836,244.72541,238.01628,230.23177,221.39716,211.64028,201.19409,221.350046995909,370.1338929436231,1808.79338,696.9986599999997,6495.532639999999,-33.26553000000001
2124,2124,2124.0,2124.0,2124.0,2124.0,2124.0,2124.0,2124.0,2124.0,2124.0,2124.0,2124.0,2124.0,2124.0,2124.0,2124.0,2124.0,2124.0,2124.0,2124.0,2124.0,2124.0,2124.0,4.0,0.4,231.99712,241.9467,250.60252,257.54737,262.58239,265.72509,267.1758,267.26972,266.43228,265.1498,263.95837,263.44404,264.24082,267.01052,272.39246,280.92069,292.91929,308.39957,326.99023,347.92945,266.1877407158025,197.49865194145664,2505.79204,552.38652,5798.53398,-47.27490999999998
2125,2125,2125.0,2125.0,2125.0,2125.0,2125.0,2125.0,2125.0,2125.0,2125.0,2125.0,2125.0,2125.0,2125.0,2125.0,2125.0,2125.0,2125.0,2125.0,2125.0,2125.0,2125.0,2125.0,5.0,0.5,265.01714,263.99564,263.2451,262.84102,262.80621,263.11689,263.71581,264.52425,265.44541,266.35515,267.08167,267.38141,266.92338,265.29499,262.03978,256.72879,249.05612,238.93713,226.58037,212.50642,175.98076039260667,214.75273686816595,3058.17856,776.8439000000003,5246.14746,-49.88310999999999
2126,2126,2126.0,2126.0,2126.0,2126.0,2126.0,2126.0,2126.0,2126.0,2126.0,2126.0,2126.0,2126.0,2126.0,2126.0,2126.0,2126.0,2126.0,2126.0,2126.0,2126.0,2126.0,2126.0,6.0,0.6,190.96536,205.27324,218.31747,229.66917,239.08996,246.52513,252.06518,255.8903,258.21396,259.2382,259.12751,258.00151,255.94251,253.01133,249.26495,244.77083,239.61522,233.90507,227.76515,221.33283,323.82935497016075,188.36159363246344,3835.02246,1021.1949299999995,4469.30356,-66.47487000000001
2127,2127,2127.0,2127.0,2127.0,2127.0,2127.0,2127.0,2127.0,2127.0,2127.0,2127.0,2127.0,2127.0,2127.0,2127.0,2127.0,2127.0,2127.0,2127.0,2127.0,2127.0,2127.0,2127.0,7.0,0.7,309.13612,295.32358,283.12998,273.04268,265.24678,259.6358,255.8724,253.47621,251.91366,250.67098,249.30075,247.44255,244.82446,241.25519,236.61537,230.85324,223.98602,216.10399,207.37274,198.02816,207.8489229730523,192.79366144154625,4856.21739,1126.0515100000002,3448.1086300000006,-53.36419999999998
2128,2128,2128.0,2128.0,2128.0,2128.0,2128.0,2128.0,2128.0,2128.0,2128.0,2128.0,2128.0,2128.0,2128.0,2128.0,2128.0,2128.0,2128.0,2128.0,2128.0,2128.0,2128.0,2128.0,8.0,0.8,217.9423,227.36947,235.56457,242.1371,246.90503,249.88266,251.23291,251.20201,250.05526,248.02824,245.30004,241.98774,238.15668,233.83885,229.0527,223.81956,218.17434,212.17032,205.87917,199.3878,275.3328397320083,249.3616854304729,5982.2689,1280.07488,2322.0571200000004,-63.11734000000001
2129,2129,2129.0,2129.0,2129.0,2129.0,2129.0,2129.0,2129.0,2129.0,2129.0,2129.0,2129.0,2129.0,2129.0,2129.0,2129.0,2129.0,2129.0,2129.0,2129.0,2129.0,2129.0,2129.0,9.0,0.9,269.80324,264.57014,259.87385,255.85706,252.54807,249.87092,247.67698,245.7883,244.0418,242.32577,240.60357,238.92265,237.40889,236.24727,235.65046,235.81834,236.89393,238.92357,241.8309,245.41283,303.9358455775956,342.5839154838558,7262.34378,1041.9822400000005,1041.9822400000005,-63.12907999999999
2130,2130,2130.0,2130.0,2130.0,2130.0,2130.0,2130.0,2130.0,2130.0,2130.0,2130.0,2130.0,2130.0,2130.0,2130.0,2130.0,2130.0,2130.0,2130.0,2130.0,2130.0,2130.0,2130.0,0.0,0.0,273.0,273.0,273.0,273.0,273.0,273.0,273.0,273.0,273.0,273.0,273.0,273.0,273.0,273.0,273.0,273.0,273.0,273.0,273.0,273.0,274.3402092586314,317.06744259938563,0.0,424.23801,4075.68071,-40.0
2131,2131,2131.0,2131.0,2131.0,2131.0,2131.0,2131.0,2131.0,2131.0,2131.0,2131.0,2131.0,2131.0,2131.0,2131.0,2131.0,2131.0,2131.0,2131.0,2131.0,2131.0,2131.0,2131.0,1.0,0.1,274.11287,273.89676,273.70214,273.53784,273.41174,273.33244,273.31232,273.37187,273.54523,273.88601,274.47264,275.41113,276.83329,278.88795,281.72383,285.46472,290.18029,295.85866,302.38832,309.55652,299.0685771255953,206.94604722252456,424.23801,384.7339600000001,3651.4427,-39.66755999999998
2132,2132,2132.0,2132.0,2132.0,2132.0,2132.0,2132.0,2132.0,2132.0,2132.0,2132.0,2132.0,2132.0,2132.0,2132.0,2132.0,2132.0,2132.0,2132.0,2132.0,2132.0,2132.0,2132.0,2.0,0.2,294.76124,290.66229,286.95392,283.7715,281.19199,279.23181,277.85142,276.96209,276.43038,276.07774,275.67582,274.94144,273.53802,271.09086,267.22173,261.60306,254.02467,244.45868,233.10374,220.39149,189.1304998490241,275.31515113422506,808.97197,522.39033,3266.70874,-33.768190000000004
2133,2133,2133.0,2133.0,2133.0,2133.0,2133.0,2133.0,2133.0,2133.0,2133.0,2133.0,2133.0,2133.0,2133.0,2133.0,2133.0,2133.0,2133.0,2133.0,2133.0,2133.0,2133.0,2133.0,3.0,0.3,204.86966,219.81591,233.28588,244.78962,254.07119,261.10238,266.03911,269.15829,270.79455,271.29169,270.9754,270.14567,269.08123,268.0456,267.28566,267.0177,267.40205,268.51342,270.31777,272.66658,247.65000441500675,233.129778263579,1331.3623,652.8817999999999,2744.31841,-51.89762000000002
2134,2134,2134.0,2134.0,2134.0,2134.0,2134.0,2134.0,2134.0,2134.0,2134.0,2134.0,2134.0,2134.0,2134.0,2134.0,2134.0,2134.0,2134.0,2134.0,2134.0,2134.0,2134.0,2134.0,4.0,0.4,248.36459,249.25235,250.44384,251.99615,253.88184,255.99816,258.19155,260.28804,262.12027,263.54462,264.44635,264.73503,264.33543,263.1803,261.20998,258.38141,254.68496,250.1642,244.93132,239.17115,276.38596195292496,296.8292683098577,1984.2441,697.69004,2091.43661,-57.00183999999999
2135,2135,2135.0,2135.0,2135.0,2135.0,2135.0,2135.0,2135.0,2135.0,2135.0,2135.0,2135.0,2135.0,2135.0,2135.0,2135.0,2135.0,2135.0,2135.0,2135.0,2135.0,2135.0,2135.0,5.0,0.5,272.84458,269.53095,266.63786,264.29616,262.5614,261.41601,260.78525,260.56241,260.63812,260.92845,261.39791,262.07401,263.05052,264.47757,266.53747,269.40807,273.21892,278.00902,283.6973,290.07559,322.9261554194768,331.52412365871567,2681.93414,535.3789200000001,1393.7465700000002,-51.58398999999997
2136,2136,2136.0,2136.0,2136.0,2136.0,2136.0,2136.0,2136.0,2136.0,2136.0,2136.0,2136.0,2136.0,2136.0,2136.0,2136.0,2136.0,2136.0,2136.0,2136.0,2136.0,2136.0,2136.0,6.0,0.6,312.82586,303.16392,294.32518,286.59965,280.16193,275.07355,271.30481,268.76874,267.35828,266.97907,267.57293,269.12932,271.68436,275.30797,280.081,286.06541,293.27216,301.63301,310.98321,321.0607,367.7356463523965,346.3039855703162,3217.31306,305.84965999999986,858.3676500000001,-37.92644999999999
2137,2137,2137.0,2137.0,2137.0,2137.0,2137.0,2137.0,2137.0,2137.0,2137.0,2137.0,2137.0,2137.0,2137.0,2137.0,2137.0,2137.0,2137.0,2137.0,2137.0,2137.0,2137.0,2137.0,7.0,0.7,353.0257,338.85715,325.71503,313.98363,303.92248,295.66511,289.23727,284.58709,281.6189,280.22335,280.29923,281.76516,284.56145,288.64367,293.97013,300.48582,308.10595,316.70206,326.09432,336.05209,311.67650139165914,212.11117550779497,3523.16272,198.6907000000001,552.5179900000003,-17.334889999999973
2138,2138,2138.0,2138.0,2138.0,2138.0,2138.0,2138.0,2138.0,2138.0,2138.0,2138.0,2138.0,2138.0,2138.0,2138.0,2138.0,2138.0,2138.0,2138.0,2138.0,2138.0,2138.0,2138.0,8.0,0.8,310.47929,309.10597,307.42701,305.39312,303.04686,300.51001,297.95047,295.53673,293.38922,291.53681,289.88504,288.20115,286.12084,283.18036,278.87561,272.74468,264.46274,253.93064,241.33414,227.15322,357.6840925469935,369.3493747706622,3721.85342,247.6175400000002,353.8272900000002,-12.489989999999976
2139,2139,2139.0,2139.0,2139.0,2139.0,2139.0,2139.0,2139.0,2139.0,2139.0,2139.0,2139.0,2139.0,2139.0,2139.0,2139.0,2139.0,2139.0,2139.0,2139.0,2139.0,2139.0,2139.0,9.0,0.9,347.98065,338.61678,329.88544,321.99739,315.06426,309.10306,304.0595,299.84465,296.37773,293.62856,291.65369,290.62002,290.80936,292.59739,296.40259,302.60699,311.45927,322.98051,336.89832,352.63315,294.5305017631395,356.5018492429038,3969.47096,106.20975,106.20975,-3.896939999999972
2140,2140,2140.0,2140.0,2140.0,2140.0,2140.0,2140.0,2140.0,2140.0,2140.0,2140.0,2140.0,2140.0,2140.0,2140.0,2140.0,2140.0,2140.0,2140.0,2140.0,2140.0,2140.0,2140.0,0.0,0.0,273.0,273.0,273.0,273.0,273.0,273.0,273.0,273.0,273.0,273.0,273.0,273.0,273.0,273.0,273.0,273.0,273.0,273.0,273.0,273.0,211.0939587573032,223.55315066711867,0.0,513.10159,5527.82435,-40.0
2141,2141,2141.0,2141.0,2141.0,2141.0,2141.0,2141.0,2141.0,2141.0,2141.0,2141.0,2141.0,2141.0,2141.0,2141.0,2141.0,2141.0,2141.0,2141.0,2141.0,2141.0,2141.0,2141.0,1.0,0.1,221.6441,231.71195,240.88056,248.84851,255.45428,260.67226,264.58466,267.33918,269.10302,270.0224,270.19346,269.64711,268.34852,266.2105,263.11917,258.96891,253.70142,247.34138,240.02005,231.97942,223.18854715585925,356.6044395945409,513.10159,656.19964,5014.72276,-52.327740000000006
2142,2142,2142.0,2142.0,2142.0,2142.0,2142.0,2142.0,2142.0,2142.0,2142.0,2142.0,2142.0,2142.0,2142.0,2142.0,2142.0,2142.0,2142.0,2142.0,2142.0,2142.0,2142.0,2142.0,2.0,0.2,228.53235,233.78477,238.85304,243.64379,248.06758,252.04768,255.53292,258.51351,261.03876,263.23456,265.3179,267.60396,270.49956,274.4769,280.02336,287.56867,297.39896,309.57519,323.8785,339.80268,234.3580031052096,299.6029794622543,1169.30123,559.9997799999999,4358.52312,-60.95231999999999
2143,2143,2143.0,2143.0,2143.0,2143.0,2143.0,2143.0,2143.0,2143.0,2143.0,2143.0,2143.0,2143.0,2143.0,2143.0,2143.0,2143.0,2143.0,2143.0,2143.0,2143.0,2143.0,2143.0,3.0,0.3,236.98651,239.65487,242.39644,245.23406,248.17974,251.23798,254.41101,257.70353,261.12401,264.68139,268.37674,272.19235,276.08172,279.96513,283.73471,287.27075,290.46709,293.25992,295.65114,297.71783,336.51624668436784,180.22543913485416,1729.30101,547.70164,3798.52334,-61.76202000000001
2144,2144,2144.0,2144.0,2144.0,2144.0,2144.0,2144.0,2144.0,2144.0,2144.0,2144.0,2144.0,2144.0,2144.0,2144.0,2144.0,2144.0,2144.0,2144.0,2144.0,2144.0,2144.0,2144.0,4.0,0.4,321.99908,308.29137,296.09158,285.90055,277.97549,272.32837,268.75996,266.91295,266.32664,266.48009,266.81906,266.77036,265.75308,263.19865,258.5886,251.51231,241.73772,229.27896,214.43965,197.81253,354.2771612006931,325.2076601435481,2277.00265,565.75461,3250.8217,-40.67162999999999
2145,2145,2145.0,2145.0,2145.0,2145.0,2145.0,2145.0,2145.0,2145.0,2145.0,2145.0,2145.0,2145.0,2145.0,2145.0,2145.0,2145.0,2145.0,2145.0,2145.0,2145.0,2145.0,2145.0,5.0,0.5,341.74002,329.59599,318.19646,307.81667,298.63439,290.7246,284.07051,278.58896,274.16648,270.70127,268.14506,266.53739,266.02373,266.84888,269.32005,273.74002,280.32045,289.09418,299.85103,312.11967,237.35601514020644,358.1933461961977,2842.75726,349.52945,2685.06709,-22.27539999999999
2146,2146,2146.0,2146.0,2146.0,2146.0,2146.0,2146.0,2146.0,2146.0,2146.0,2146.0,2146.0,2146.0,2146.0,2146.0,2146.0,2146.0,2146.0,2146.0,2146.0,2146.0,2146.0,2146.0,6.0,0.6,247.55352,257.02621,265.16682,271.57593,276.10678,278.86033,280.13996,280.38385,280.09452,279.7802,279.91513,280.91763,283.1401,286.86307,292.28687,299.5181,308.55258,319.25992,331.3769,344.51619,328.2793369067165,197.981086430146,3192.28671,269.7713100000001,2335.53764,-34.139670000000024
2147,2147,2147.0,2147.0,2147.0,2147.0,2147.0,2147.0,2147.0,2147.0,2147.0,2147.0,2147.0,2147.0,2147.0,2147.0,2147.0,2147.0,2147.0,2147.0,2147.0,2147.0,2147.0,2147.0,7.0,0.7,318.93863,310.12718,302.29664,295.76233,290.67561,287.02893,284.68471,283.41346,282.92621,282.89174,282.93698,282.63772,281.51236,279.03339,274.66757,267.9472,258.56285,246.45652,231.88703,215.44177,190.4223746877773,177.01936719842465,3462.05802,463.4496600000002,2065.76633,-25.97107
2148,2148,2148.0,2148.0,2148.0,2148.0,2148.0,2148.0,2148.0,2148.0,2148.0,2148.0,2148.0,2148.0,2148.0,2148.0,2148.0,2148.0,2148.0,2148.0,2148.0,2148.0,2148.0,2148.0,8.0,0.8,207.7753,224.21142,238.94387,251.41364,261.33384,268.67547,273.60621,276.40403,277.36958,276.75641,274.72942,271.35321,266.60603,260.41174,252.68161,243.3585,232.45654,220.0903,206.48867,191.99011,235.65864564700783,238.4369060275424,3925.50768,775.6965699999996,1602.3166699999997,-44.32452999999998
2149,2149,2149.0,2149.0,2149.0,2149.0,2149.0,2149.0,2149.0,2149.0,2149.0,2149.0,2149.0,2149.0,2149.0,2149.0,2149.0,2149.0,2149.0,2149.0,2149.0,2149.0,2149.0,2149.0,9.0,0.9,239.39809,243.14138,246.86415,250.49441,253.90779,256.93842,259.40205,261.12532,261.9747,261.88014,260.85043,258.97886,256.43822,253.46475,250.33067,247.30695,244.62088,242.41601,240.72436,239.45974,340.13883083705684,223.0785672288489,4701.20425,826.6201000000001,826.6201000000001,-56.06157999999999
2150,2150,2150.0,2150.0,2150.0,2150.0,2150.0,2150.0,2150.0,2150.0,2150.0,2150.0,2150.0,2150.0,2150.0,2150.0,2150.0,2150.0,2150.0,2150.0,2150.0,2150.0,2150.0,2150.0,0.0,0.0,273.0,273.0,273.0,273.0,273.0,273.0,273.0,273.0,273.0,273.0,273.0,273.0,273.0,273.0,273.0,273.0,273.0,273.0,273.0,273.0,180.665246944391,324.1818859342775,0.0,478.6341,2607.52599,8.06056000000001
2151,2151,2151.0,2151.0,2151.0,2151.0,2151.0,2151.0,2151.0,2151.0,2151.0,2151.0,2151.0,2151.0,2151.0,2151.0,2151.0,2151.0,2151.0,2151.0,2151.0,2151.0,2151.0,2151.0,1.0,0.1,196.40421,211.42609,225.1126,237.02085,246.92269,254.80328,260.82636,265.28115,268.52663,270.94597,272.91638,274.79402,276.90772,279.55436,282.98906,287.40741,292.92123,299.53427,307.12657,315.45607,342.98692476396127,348.574266861856,478.6341,437.48926000000006,2128.89189,8.06056000000001
2152,2152,2152.0,2152.0,2152.0,2152.0,2152.0,2152.0,2152.0,2152.0,2152.0,2152.0,2152.0,2152.0,2152.0,2152.0,2152.0,2152.0,2152.0,2152.0,2152.0,2152.0,2152.0,2152.0,2.0,0.2,326.5659,311.16811,297.66376,286.65435,278.41965,272.93282,269.93062,269.01335,269.74679,271.74461,274.71964,278.50243,283.03247,288.33037,294.45974,301.48601,309.43858,318.28137,327.89637,338.08308,283.85101202000646,343.88414127976137,916.12336,220.7121199999999,1691.40263,8.06056000000001
2153,2153,2153.0,2153.0,2153.0,2153.0,2153.0,2153.0,2153.0,2153.0,2153.0,2153.0,2153.0,2153.0,2153.0,2153.0,2153.0,2153.0,2153.0,2153.0,2153.0,2153.0,2153.0,2153.0,3.0,0.3,283.82103,283.6797,283.3556,282.84551,282.22385,281.63252,281.25569,281.2882,281.90627,283.24655,285.39566,288.38953,292.21923,296.84007,302.18123,308.15426,314.65984,321.59292,328.84617,336.31214,353.4593891823714,365.0529252829921,1136.83548,131.5683100000001,1470.69051,8.06056000000001
2154,2154,2154.0,2154.0,2154.0,2154.0,2154.0,2154.0,2154.0,2154.0,2154.0,2154.0,2154.0,2154.0,2154.0,2154.0,2154.0,2154.0,2154.0,2154.0,2154.0,2154.0,2154.0,2154.0,4.0,0.4,341.46743,330.05325,319.72388,310.86126,303.69517,298.30601,294.6524,292.61278,292.02934,292.74521,294.62943,297.58864,301.56705,306.53716,312.48441,319.38825,327.20294,335.84109,345.16363,354.97903,343.6242009857233,219.3478412552826,1268.40379,85.78664000000003,1339.1222,8.06056000000001
2155,2155,2155.0,2155.0,2155.0,2155.0,2155.0,2155.0,2155.0,2155.0,2155.0,2155.0,2155.0,2155.0,2155.0,2155.0,2155.0,2155.0,2155.0,2155.0,2155.0,2155.0,2155.0,2155.0,5.0,0.5,337.26968,331.08308,325.22858,319.86126,315.1191,311.11179,307.90649,305.5113,303.85739,302.78157,302.01245,301.16512,299.75102,297.20992,292.96828,286.52235,277.53519,265.92787,251.9398,236.13567,366.20324849847407,290.7255935812548,1354.19043,182.7269799999999,1253.33556,8.06056000000001
2156,2156,2156.0,2156.0,2156.0,2156.0,2156.0,2156.0,2156.0,2156.0,2156.0,2156.0,2156.0,2156.0,2156.0,2156.0,2156.0,2156.0,2156.0,2156.0,2156.0,2156.0,2156.0,2156.0,6.0,0.6,357.41392,348.88657,340.85144,333.48131,326.87626,321.06056,315.99091,311.57348,307.68655,304.20541,301.02687,298.08988,295.38905,292.97715,290.95365,289.43897,288.53792,288.30036,288.69005,289.57215,203.3742512397096,267.8567308972384,1536.91741,168.55817000000002,1070.60858,8.06056000000001
2157,2157,2157.0,2157.0,2157.0,2157.0,2157.0,2157.0,2157.0,2157.0,2157.0,2157.0,2157.0,2157.0,2157.0,2157.0,2157.0,2157.0,2157.0,2157.0,2157.0,2157.0,2157.0,2157.0,7.0,0.7,224.07372,243.60796,260.97875,275.48297,286.77552,294.86056,300.02385,302.73159,303.52365,302.92328,301.37537,299.21558,296.66553,293.84659,290.80458,287.53922,284.03341,280.27843,276.29159,272.12387,220.14418490568568,269.1666667746632,1705.47558,211.24759999999992,902.05041,8.06056000000001
2158,2158,2158.0,2158.0,2158.0,2158.0,2158.0,2158.0,2158.0,2158.0,2158.0,2158.0,2158.0,2158.0,2158.0,2158.0,2158.0,2158.0,2158.0,2158.0,2158.0,2158.0,2158.0,2158.0,8.0,0.8,230.73171,241.05374,250.85514,259.90226,267.99461,274.97609,280.74377,285.25241,288.51337,290.58796,291.57644,291.60482,290.81149,289.33569,287.30894,284.84962,282.06063,279.02939,275.82953,272.52363,320.7012659054616,215.0074471596184,1916.72318,313.21786999999995,690.8028100000001,8.06056000000001
2159,2159,2159.0,2159.0,2159.0,2159.0,2159.0,2159.0,2159.0,2159.0,2159.0,2159.0,2159.0,2159.0,2159.0,2159.0,2159.0,2159.0,2159.0,2159.0,2159.0,2159.0,2159.0,2159.0,9.0,0.9,311.85254,303.61816,296.51161,290.8684,286.80877,284.24372,282.91596,282.45946,282.46015,282.50447,282.20962,281.2367,279.29333,276.13422,271.56717,265.4681,257.80351,248.65401,238.22956,226.86736,205.8896401180515,362.10905331209216,2229.94105,377.5849400000002,377.5849400000002,8.06056000000001
2160,2160,2160.0,2160.0,2160.0,2160.0,2160.0,2160.0,2160.0,2160.0,2160.0,2160.0,2160.0,2160.0,2160.0,2160.0,2160.0,2160.0,2160.0,2160.0,2160.0,2160.0,2160.0,2160.0,0.0,0.0,273.0,273.0,273.0,273.0,273.0,273.0,273.0,273.0,273.0,273.0,273.0,273.0,273.0,273.0,273.0,273.0,273.0,273.0,273.0,273.0,292.2879960223306,191.9203981951117,0.0,490.34587,4453.068759999999,-40.0
2161,2161,2161.0,2161.0,2161.0,2161.0,2161.0,2161.0,2161.0,2161.0,2161.0,2161.0,2161.0,2161.0,2161.0,2161.0,2161.0,2161.0,2161.0,2161.0,2161.0,2161.0,2161.0,2161.0,1.0,0.1,288.99851,285.85753,282.99219,280.49123,278.39513,276.69383,275.32995,274.20426,273.18,272.08414,270.70614,268.79693,266.07327,262.23263,256.98226,250.08237,241.39759,230.94578,218.92989,205.74021,275.2303060599602,182.62818138840368,490.34587,676.7556000000001,3962.72289,-36.30617000000001
2162,2162,2162.0,2162.0,2162.0,2162.0,2162.0,2162.0,2162.0,2162.0,2162.0,2162.0,2162.0,2162.0,2162.0,2162.0,2162.0,2162.0,2162.0,2162.0,2162.0,2162.0,2162.0,2162.0,2.0,0.2,275.67321,276.01038,276.14758,276.00996,275.54395,274.71261,273.48638,271.83195,269.70255,267.0319,263.73359,259.70603,254.84241,249.04452,242.23878,234.39268,225.52898,215.73547,205.16775,194.04355,309.3135253580809,270.5661820048763,1167.10147,789.69273,3285.96729,-38.287390000000016
2163,2163,2163.0,2163.0,2163.0,2163.0,2163.0,2163.0,2163.0,2163.0,2163.0,2163.0,2163.0,2163.0,2163.0,2163.0,2163.0,2163.0,2163.0,2163.0,2163.0,2163.0,2163.0,2163.0,3.0,0.3,303.09361,297.0713,291.40939,286.20967,281.50118,277.24491,273.3529,269.71688,266.24056,262.87052,259.62078,256.58758,253.9503,251.95579,250.88426,250.99876,252.48523,255.39531,259.6068,264.81562,335.0855067428629,355.84212704850484,1956.7942,581.7735,2496.27456,-35.75509
2164,2164,2164.0,2164.0,2164.0,2164.0,2164.0,2164.0,2164.0,2164.0,2164.0,2164.0,2164.0,2164.0,2164.0,2164.0,2164.0,2164.0,2164.0,2164.0,2164.0,2164.0,2164.0,2164.0,4.0,0.4,325.58689,316.34997,307.60714,299.53944,292.26695,285.85353,280.32394,275.68945,271.97644,269.25289,267.64776,267.35931,268.64822,271.81289,277.1462,284.87685,295.10383,307.73746,322.46272,338.73895,278.51509162847213,193.1190501567397,2538.5677,371.9559300000001,1914.50106,-27.146470000000026
2165,2165,2165.0,2165.0,2165.0,2165.0,2165.0,2165.0,2165.0,2165.0,2165.0,2165.0,2165.0,2165.0,2165.0,2165.0,2165.0,2165.0,2165.0,2165.0,2165.0,2165.0,2165.0,2165.0,5.0,0.5,280.63546,282.46095,283.75288,284.37096,284.29193,283.60137,282.46196,281.06603,279.58159,278.10028,276.59503,274.89371,272.67593,269.49889,264.85595,258.26517,249.37588,238.07149,224.54145,209.29715,331.0330470967696,338.7415396606021,2910.52363,439.71976,1542.54513,-29.398630000000026
2166,2166,2166.0,2166.0,2166.0,2166.0,2166.0,2166.0,2166.0,2166.0,2166.0,2166.0,2166.0,2166.0,2166.0,2166.0,2166.0,2166.0,2166.0,2166.0,2166.0,2166.0,2166.0,2166.0,6.0,0.6,322.65442,314.61001,307.18351,300.56981,294.85743,290.03417,286.01313,282.67206,279.89827,277.63167,275.90026,274.8425,274.71107,275.85256,278.65967,283.49759,290.61441,300.05388,311.59418,324.73463,260.6906404041058,367.6193168724194,3350.24339,255.71085,1102.82537,-22.965829999999983
2167,2167,2167.0,2167.0,2167.0,2167.0,2167.0,2167.0,2167.0,2167.0,2167.0,2167.0,2167.0,2167.0,2167.0,2167.0,2167.0,2167.0,2167.0,2167.0,2167.0,2167.0,2167.0,2167.0,7.0,0.7,266.40114,271.69278,276.21705,279.75026,282.22108,283.70912,284.41997,284.64715,284.73224,285.03132,285.89115,287.63408,290.54735,294.87219,300.7891,308.39867,317.70048,328.57547,340.77826,353.94505,188.0037928167975,329.58803751717653,3605.95424,192.94983999999977,847.1145200000001,-29.290880000000016
2168,2168,2168.0,2168.0,2168.0,2168.0,2168.0,2168.0,2168.0,2168.0,2168.0,2168.0,2168.0,2168.0,2168.0,2168.0,2168.0,2168.0,2168.0,2168.0,2168.0,2168.0,2168.0,2168.0,8.0,0.8,203.88321,219.11464,233.14027,245.56327,256.18574,265.00963,272.20565,278.06156,282.92299,287.13807,291.01321,294.78349,298.59844,302.52211,306.546,310.61214,314.64233,318.56793,322.35369,326.00963,284.5121697553515,201.7437470545489,3798.90408,278.8858500000001,654.1646800000003,-47.990369999999984
2169,2169,2169.0,2169.0,2169.0,2169.0,2169.0,2169.0,2169.0,2169.0,2169.0,2169.0,2169.0,2169.0,2169.0,2169.0,2169.0,2169.0,2169.0,2169.0,2169.0,2169.0,2169.0,2169.0,9.0,0.9,279.92131,275.865,272.79017,270.98946,270.56916,271.45391,273.41963,276.13907,279.22442,282.25608,284.795,286.38375,286.54754,284.80763,280.71669,273.91813,264.22143,251.67593,236.62013,219.68553,219.1678993973389,365.2825547609002,4077.78993,375.2788300000002,375.2788300000002,-41.54608999999999
2170,2170,2170.0,2170.0,2170.0,2170.0,2170.0,2170.0,2170.0,2170.0,2170.0,2170.0,2170.0,2170.0,2170.0,2170.0,2170.0,2170.0,2170.0,2170.0,2170.0,2170.0,2170.0,2170.0,0.0,0.0,273.0,273.0,273.0,273.0,273.0,273.0,273.0,273.0,273.0,273.0,273.0,273.0,273.0,273.0,273.0,273.0,273.0,273.0,273.0,273.0,357.51460018791306,249.7219175722568,0.0,431.91007,2484.0176599999995,-40.0
2171,2171,2171.0,2171.0,2171.0,2171.0,2171.0,2171.0,2171.0,2171.0,2171.0,2171.0,2171.0,2171.0,2171.0,2171.0,2171.0,2171.0,2171.0,2171.0,2171.0,2171.0,2171.0,2171.0,1.0,0.1,343.10919,329.36056,316.83533,305.94016,296.88624,289.69154,284.21395,280.20178,277.34712,275.3304,273.85046,272.63981,271.46928,270.14769,268.52169,266.47888,263.95442,260.93865,257.48176,253.69158,279.5185494780714,261.9154418962901,431.91007,411.70596,2052.10759,-23.308460000000025
2172,2172,2172.0,2172.0,2172.0,2172.0,2172.0,2172.0,2172.0,2172.0,2172.0,2172.0,2172.0,2172.0,2172.0,2172.0,2172.0,2172.0,2172.0,2172.0,2172.0,2172.0,2172.0,2172.0,2.0,0.2,282.5587,285.21954,287.18771,288.26529,288.39061,287.62874,286.1385,284.12774,281.80979,279.37077,276.95223,274.64814,272.51212,270.56922,268.82717,267.28396,265.93062,264.75026,263.71559,262.78732,302.6481465889338,318.90035622336586,843.61603,375.7117,1640.4016299999998,-25.371260000000007
2173,2173,2173.0,2173.0,2173.0,2173.0,2173.0,2173.0,2173.0,2173.0,2173.0,2173.0,2173.0,2173.0,2173.0,2173.0,2173.0,2173.0,2173.0,2173.0,2173.0,2173.0,2173.0,2173.0,3.0,0.3,299.64675,296.72809,293.96005,291.38534,289.01901,286.85418,284.87456,283.0705,281.45531,280.07882,279.03611,278.46954,278.56253,279.52346,281.55921,284.83968,289.45809,295.39472,302.49409,310.46392,370.16446540010656,342.44693067027004,1219.32773,242.87889,1264.68993,-26.14582000000001
2174,2174,2174.0,2174.0,2174.0,2174.0,2174.0,2174.0,2174.0,2174.0,2174.0,2174.0,2174.0,2174.0,2174.0,2174.0,2174.0,2174.0,2174.0,2174.0,2174.0,2174.0,2174.0,2174.0,4.0,0.4,356.19214,342.78555,330.43916,319.52159,310.24899,302.68954,296.79338,292.43736,289.47223,287.76233,287.21171,287.77486,289.45309,292.27939,296.29519,301.52292,307.93882,315.45064,323.88526,332.98971,222.0902857875065,365.017303942585,1462.20662,124.9208900000001,1021.81104,-10.310459999999978
2175,2175,2175.0,2175.0,2175.0,2175.0,2175.0,2175.0,2175.0,2175.0,2175.0,2175.0,2175.0,2175.0,2175.0,2175.0,2175.0,2175.0,2175.0,2175.0,2175.0,2175.0,2175.0,2175.0,5.0,0.5,237.20861,251.41648,263.94938,274.30029,282.27349,287.97518,291.75306,294.10777,295.60115,296.78073,298.12985,300.04353,302.82347,306.68303,311.75387,318.08936,325.66365,334.36903,344.01579,354.33939,322.0379210205929,328.43024083466685,1587.12751,78.41569000000004,896.89015,-25.024819999999977
2176,2176,2176.0,2176.0,2176.0,2176.0,2176.0,2176.0,2176.0,2176.0,2176.0,2176.0,2176.0,2176.0,2176.0,2176.0,2176.0,2176.0,2176.0,2176.0,2176.0,2176.0,2176.0,2176.0,6.0,0.6,314.92286,308.34136,302.74442,298.43913,295.56224,294.09103,293.88275,294.72718,296.3963,298.67944,301.3994,304.41172,307.59403,310.83391,314.02239,317.0569,319.85319,322.36196,324.58319,326.57179,178.32312233574248,364.0333665600533,1665.5432,76.42549999999983,818.4744599999999,-18.90897000000001
2177,2177,2177.0,2177.0,2177.0,2177.0,2177.0,2177.0,2177.0,2177.0,2177.0,2177.0,2177.0,2177.0,2177.0,2177.0,2177.0,2177.0,2177.0,2177.0,2177.0,2177.0,2177.0,2177.0,7.0,0.7,198.94429,218.62263,236.55571,252.18884,265.26691,275.82551,284.13329,290.6078,295.72951,299.97249,303.76081,307.4503,311.32816,315.62063,320.49966,326.08338,332.4294,339.52483,347.27887,355.52456,236.0948903970464,196.8235211941036,1741.9687,164.8489800000002,742.0489600000001,-37.17448999999999
2178,2178,2178.0,2178.0,2178.0,2178.0,2178.0,2178.0,2178.0,2178.0,2178.0,2178.0,2178.0,2178.0,2178.0,2178.0,2178.0,2178.0,2178.0,2178.0,2178.0,2178.0,2178.0,2178.0,8.0,0.8,241.1534,246.36132,251.82896,257.59887,263.63424,269.82403,275.99903,281.94931,287.43439,292.18143,295.87294,298.13171,298.51516,296.53211,291.69115,283.58114,271.9727,256.91779,238.81786,218.4338,325.5809240309801,261.2457697176528,1906.81768,298.3172,577.1999799999999,-43.17597000000001
2179,2179,2179.0,2179.0,2179.0,2179.0,2179.0,2179.0,2179.0,2179.0,2179.0,2179.0,2179.0,2179.0,2179.0,2179.0,2179.0,2179.0,2179.0,2179.0,2179.0,2179.0,2179.0,2179.0,9.0,0.9,315.76257,306.60631,298.6711,292.33242,287.74027,284.82052,283.31316,282.83411,282.94528,283.22003,283.29568,282.90939,281.91602,280.28842,278.10084,275.49782,272.65326,269.72743,266.83176,264.01068,335.058299849067,339.5959351447332,2205.13488,278.8827799999999,278.8827799999999,-28.17948000000001
2180,2180,2180.0,2180.0,2180.0,2180.0,2180.0,2180.0,2180.0,2180.0,2180.0,2180.0,2180.0,2180.0,2180.0,2180.0,2180.0,2180.0,2180.0,2180.0,2180.0,2180.0,2180.0,2180.0,0.0,0.0,273.0,273.0,273.0,273.0,273.0,273.0,273.0,273.0,273.0,273.0,273.0,273.0,273.0,273.0,273.0,273.0,273.0,273.0,273.0,273.0,252.31324368786284,275.3146582933777,0.0,456.99097,6150.18956,-40.0
2181,2181,2181.0,2181.0,2181.0,2181.0,2181.0,2181.0,2181.0,2181.0,2181.0,2181.0,2181.0,2181.0,2181.0,2181.0,2181.0,2181.0,2181.0,2181.0,2181.0,2181.0,2181.0,2181.0,1.0,0.1,255.83922,259.20435,262.26984,264.93601,267.15081,268.90921,270.2449,271.21759,271.89969,272.36495,272.68074,272.90416,273.08098,273.24644,273.42657,273.63932,273.89517,274.19738,274.54222,274.91963,256.69413195861705,181.5899943537183,456.99097,542.4344000000001,5693.19859,-44.09079000000003
2182,2182,2182.0,2182.0,2182.0,2182.0,2182.0,2182.0,2182.0,2182.0,2182.0,2182.0,2182.0,2182.0,2182.0,2182.0,2182.0,2182.0,2182.0,2182.0,2182.0,2182.0,2182.0,2182.0,2.0,0.2,258.44942,260.18043,261.86129,263.4631,264.95275,266.2912,267.43039,268.30777,268.83789,268.90156,268.33493,266.92225,264.39775,260.46188,254.81549,247.21082,237.51253,225.75544,212.18296,197.25099,325.5359494547424,235.89228728649297,999.42537,716.57982,5150.76419,-46.7088
2183,2183,2183.0,2183.0,2183.0,2183.0,2183.0,2183.0,2183.0,2183.0,2183.0,2183.0,2183.0,2183.0,2183.0,2183.0,2183.0,2183.0,2183.0,2183.0,2183.0,2183.0,2183.0,2183.0,3.0,0.3,315.18025,305.31252,296.34531,288.55756,282.06501,276.82275,272.65508,269.30235,266.47323,263.8927,261.33946,258.67002,255.82842,252.84179,249.80248,246.83889,244.07923,241.61506,239.47334,237.60468,256.8785259436039,318.6967922659492,1716.00519,652.6492099999998,4434.18437,-36.177250000000015
2184,2184,2184.0,2184.0,2184.0,2184.0,2184.0,2184.0,2184.0,2184.0,2184.0,2184.0,2184.0,2184.0,2184.0,2184.0,2184.0,2184.0,2184.0,2184.0,2184.0,2184.0,2184.0,2184.0,4.0,0.4,261.07941,264.88898,267.97779,270.12553,271.2438,271.37318,270.6603,269.32606,267.63563,265.87797,264.35667,263.38845,263.30179,264.42739,267.07401,271.48854,277.80574,285.99925,295.84919,306.94017,193.95993778228288,180.39039720384343,2368.6544,631.7440700000002,3781.53516,-41.62682000000001
2185,2185,2185.0,2185.0,2185.0,2185.0,2185.0,2185.0,2185.0,2185.0,2185.0,2185.0,2185.0,2185.0,2185.0,2185.0,2185.0,2185.0,2185.0,2185.0,2185.0,2185.0,2185.0,2185.0,5.0,0.5,206.66716,218.78752,229.81209,239.37064,247.26331,253.45869,258.06234,261.2648,263.28035,264.28713,264.37708,263.52283,261.56737,258.24164,253.2122,246.1562,236.85267,225.27124,211.63498,196.43564,289.00068439211884,310.6964933156272,3000.39847,838.6062099999999,3149.79109,-59.54131000000001
2186,2186,2186.0,2186.0,2186.0,2186.0,2186.0,2186.0,2186.0,2186.0,2186.0,2186.0,2186.0,2186.0,2186.0,2186.0,2186.0,2186.0,2186.0,2186.0,2186.0,2186.0,2186.0,2186.0,6.0,0.6,281.66562,274.83971,268.9438,264.24393,260.82187,258.58639,257.3185,256.73708,256.56943,256.61406,256.78703,257.14699,257.89593,259.35363,261.90566,265.92849,271.7019,279.32559,288.6611,299.31833,354.78044874637663,220.7094555951423,3839.00468,650.9751500000002,2311.18488,-54.413610000000006
2187,2187,2187.0,2187.0,2187.0,2187.0,2187.0,2187.0,2187.0,2187.0,2187.0,2187.0,2187.0,2187.0,2187.0,2187.0,2187.0,2187.0,2187.0,2187.0,2187.0,2187.0,2187.0,2187.0,7.0,0.7,339.08286,324.03866,310.22056,298.05728,287.79931,279.51689,273.12441,268.4195,265.12428,262.91833,261.45914,260.39117,259.35,257.96974,255.90135,252.84493,248.59286,243.07391,236.3844,228.79268,304.7921071235322,273.69920785724344,4489.97983,600.1525499999998,1660.2097299999996,-33.48311000000001
2188,2188,2188.0,2188.0,2188.0,2188.0,2188.0,2188.0,2188.0,2188.0,2188.0,2188.0,2188.0,2188.0,2188.0,2188.0,2188.0,2188.0,2188.0,2188.0,2188.0,2188.0,2188.0,2188.0,8.0,0.8,301.94174,298.94911,295.70773,292.17246,288.36835,284.38192,280.34003,276.38412,272.64831,269.24708,266.274,263.80911,261.92937,260.71576,260.25147,260.60882,261.82685,263.88559,266.68583,270.04285,202.9923721859573,293.8369182927412,5090.13238,535.0169999999998,1060.0571799999998,-28.61808000000002
2189,2189,2189.0,2189.0,2189.0,2189.0,2189.0,2189.0,2189.0,2189.0,2189.0,2189.0,2189.0,2189.0,2189.0,2189.0,2189.0,2189.0,2189.0,2189.0,2189.0,2189.0,2189.0,2189.0,9.0,0.9,216.97703,230.16899,241.88833,251.65543,259.23614,264.63996,268.07943,269.9069,270.54652,270.43595,269.98502,269.55233,269.43542,269.86852,271.02195,272.99989,275.83591,279.48844,283.83991,288.7031,332.0480841626727,249.119716826377,5625.14938,525.04018,525.04018,-48.360040000000026
2190,2190,2190.0,2190.0,2190.0,2190.0,2190.0,2190.0,2190.0,2190.0,2190.0,2190.0,2190.0,2190.0,2190.0,2190.0,2190.0,2190.0,2190.0,2190.0,2190.0,2190.0,2190.0,2190.0,0.0,0.0,273.0,273.0,273.0,273.0,273.0,273.0,273.0,273.0,273.0,273.0,273.0,273.0,273.0,273.0,273.0,273.0,273.0,273.0,273.0,273.0,268.2778832110319,339.688684593278,0.0,416.77397,3074.78116,0.6036399999999844
2191,2191,2191.0,2191.0,2191.0,2191.0,2191.0,2191.0,2191.0,2191.0,2191.0,2191.0,2191.0,2191.0,2191.0,2191.0,2191.0,2191.0,2191.0,2191.0,2191.0,2191.0,2191.0,2191.0,1.0,0.1,269.08436,269.85535,270.56107,271.18231,271.71391,272.16709,272.57133,272.97676,273.45798,274.11922,275.09968,276.57655,278.76189,281.88987,286.19153,291.85805,298.99713,307.59193,317.47424,328.32231,346.18235522231544,371.5296123109717,416.77397,265.57019999999994,2658.00719,0.6036399999999844
2192,2192,2192.0,2192.0,2192.0,2192.0,2192.0,2192.0,2192.0,2192.0,2192.0,2192.0,2192.0,2192.0,2192.0,2192.0,2192.0,2192.0,2192.0,2192.0,2192.0,2192.0,2192.0,2192.0,2.0,0.2,333.5849,321.60251,310.7709,301.48595,293.97496,288.30271,284.40635,282.14643,281.3605,281.90771,283.69786,286.70263,290.95025,296.50652,303.44606,311.81824,321.61289,332.73216,344.97449,358.03581,364.19258571873695,358.2923451459824,682.34417,104.57989000000008,2392.43699,0.6036399999999844
2193,2193,2193.0,2193.0,2193.0,2193.0,2193.0,2193.0,2193.0,2193.0,2193.0,2193.0,2193.0,2193.0,2193.0,2193.0,2193.0,2193.0,2193.0,2193.0,2193.0,2193.0,2193.0,2193.0,3.0,0.3,352.6801,341.56633,331.21787,321.94324,313.97703,307.47514,302.51996,299.13228,297.28589,296.9211,297.95506,300.28808,303.80669,308.38514,313.88691,320.16779,327.08055,334.48071,342.23162,350.20737,326.6465053867763,240.98065702000048,786.92406,73.93714,2287.8571,0.6036399999999844
2194,2194,2194.0,2194.0,2194.0,2194.0,2194.0,2194.0,2194.0,2194.0,2194.0,2194.0,2194.0,2194.0,2194.0,2194.0,2194.0,2194.0,2194.0,2194.0,2194.0,2194.0,2194.0,2194.0,4.0,0.4,324.67703,322.6333,320.47083,318.19576,315.87068,313.60364,311.52296,309.74308,308.32815,307.25907,306.40944,305.53497,304.28083,302.21104,298.86139,293.81289,286.77596,277.66861,266.66809,254.21783,236.80970606629603,247.5960243499757,860.8612,138.59006,2213.91996,0.6036399999999844
2195,2195,2195.0,2195.0,2195.0,2195.0,2195.0,2195.0,2195.0,2195.0,2195.0,2195.0,2195.0,2195.0,2195.0,2195.0,2195.0,2195.0,2195.0,2195.0,2195.0,2195.0,2195.0,2195.0,5.0,0.5,250.0665,262.63283,273.91236,283.47474,291.09013,296.72253,300.48964,302.60396,303.31182,302.84354,301.38249,299.05406,295.93128,292.05124,287.43592,282.11232,276.12799,269.56033,262.51925,255.14407,294.41327649428683,296.1778762775743,999.45126,191.90557999999987,2075.3299,0.6036399999999844
2196,2196,2196.0,2196.0,2196.0,2196.0,2196.0,2196.0,2196.0,2196.0,2196.0,2196.0,2196.0,2196.0,2196.0,2196.0,2196.0,2196.0,2196.0,2196.0,2196.0,2196.0,2196.0,2196.0,6.0,0.6,293.36952,292.51205,291.9819,291.84203,292.06514,292.54369,293.11767,293.61181,293.8729,293.80022,293.36489,292.61663,291.67819,290.72819,289.97387,289.61629,289.81231,290.64027,292.07724,293.99497,269.42959787967914,243.11124859918564,1191.35684,207.1822300000001,1883.42432,0.6036399999999844
2197,2197,2197.0,2197.0,2197.0,2197.0,2197.0,2197.0,2197.0,2197.0,2197.0,2197.0,2197.0,2197.0,2197.0,2197.0,2197.0,2197.0,2197.0,2197.0,2197.0,2197.0,2197.0,2197.0,7.0,0.7,273.38362,277.15907,280.6,283.59034,286.06178,287.99157,289.39156,290.29189,290.723,290.69885,290.204,289.18601,287.55515,285.19278,281.96966,277.77313,272.53973,266.28658,259.1328,251.30341,183.1091025164746,214.40771721629125,1398.53907,355.37753999999995,1676.24209,0.6036399999999844
2198,2198,2198.0,2198.0,2198.0,2198.0,2198.0,2198.0,2198.0,2198.0,2198.0,2198.0,2198.0,2198.0,2198.0,2198.0,2198.0,2198.0,2198.0,2198.0,2198.0,2198.0,2198.0,2198.0,8.0,0.8,200.53577,217.20841,232.46726,245.81973,256.97697,265.85038,272.51463,277.1509,279.98592,281.23948,281.08814,279.64759,276.97253,273.07067,267.92705,261.53413,253.9228,245.18867,235.50806,225.13932,258.9295695092236,227.8173851311088,1753.91661,603.4382200000002,1320.86455,0.6036399999999844
2199,2199,2199.0,2199.0,2199.0,2199.0,2199.0,2199.0,2199.0,2199.0,2199.0,2199.0,2199.0,2199.0,2199.0,2199.0,2199.0,2199.0,2199.0,2199.0,2199.0,2199.0,2199.0,2199.0,9.0,0.9,258.32594,257.99832,258.15877,258.90794,260.21531,261.92919,263.81055,265.57893,266.95851,267.71504,267.67879,266.75369,264.915,262.19933,258.69037,254.50285,249.76684,244.61397,239.16735,233.53643,211.16023676300097,280.9755607491746,2357.35483,717.4263299999998,717.4263299999998,0.6036399999999844
2200,2200,2200.0,2200.0,2200.0,2200.0,2200.0,2200.0,2200.0,2200.0,2200.0,2200.0,2200.0,2200.0,2200.0,2200.0,2200.0,2200.0,2200.0,2200.0,2200.0,2200.0,2200.0,2200.0,0.0,0.0,273.0,273.0,273.0,273.0,273.0,273.0,273.0,273.0,273.0,273.0,273.0,273.0,273.0,273.0,273.0,273.0,273.0,273.0,273.0,273.0,250.9552677261969,241.56383890077308,0.0,477.49346,4289.45247,-40.0
2201,2201,2201.0,2201.0,2201.0,2201.0,2201.0,2201.0,2201.0,2201.0,2201.0,2201.0,2201.0,2201.0,2201.0,2201.0,2201.0,2201.0,2201.0,2201.0,2201.0,2201.0,2201.0,2201.0,1.0,0.1,254.71186,258.29643,261.56011,264.39484,266.74169,268.58898,269.96143,270.904,271.46408,271.67548,271.54654,271.05396,270.14318,268.7359,266.74455,264.09245,260.73683,256.69013,252.03401,246.92137,220.6822538827004,345.5466465969264,477.49346,543.98518,3811.95901,-44.41102000000001
2202,2202,2202.0,2202.0,2202.0,2202.0,2202.0,2202.0,2202.0,2202.0,2202.0,2202.0,2202.0,2202.0,2202.0,2202.0,2202.0,2202.0,2202.0,2202.0,2202.0,2202.0,2202.0,2202.0,2.0,0.2,228.45783,235.92847,242.82566,248.94635,254.16976,258.46094,261.86425,264.49202,266.51405,268.15164,269.6763,271.40988,273.71977,277.00197,281.64677,287.98666,296.23305,306.41537,318.34015,331.58655,323.4645626403926,176.19797142078454,1021.47864,501.7668099999999,3267.97383,-54.539060000000006
2203,2203,2203.0,2203.0,2203.0,2203.0,2203.0,2203.0,2203.0,2203.0,2203.0,2203.0,2203.0,2203.0,2203.0,2203.0,2203.0,2203.0,2203.0,2203.0,2203.0,2203.0,2203.0,2203.0,3.0,0.3,311.73443,300.69846,290.95021,282.90551,276.76415,272.5132,269.96246,268.79481,268.61344,268.97339,269.3938,269.35669,268.30525,265.65704,260.84433,253.38496,242.9749,229.58127,213.50708,195.40105,267.18481200416136,320.0513676741177,1523.24545,572.0768200000002,2766.2070200000003,-40.48680000000002
2204,2204,2204.0,2204.0,2204.0,2204.0,2204.0,2204.0,2204.0,2204.0,2204.0,2204.0,2204.0,2204.0,2204.0,2204.0,2204.0,2204.0,2204.0,2204.0,2204.0,2204.0,2204.0,2204.0,4.0,0.4,269.24056,271.06524,272.46787,273.32669,273.60034,273.32095,272.57514,271.48253,270.18136,268.82692,267.60278,266.73876,266.5249,267.3091,269.46915,273.35644,279.21908,287.12194,296.88771,308.08148,200.37592107014817,289.6326184875303,2095.32227,506.0497499999997,2194.1302,-39.67905000000002
2205,2205,2205.0,2205.0,2205.0,2205.0,2205.0,2205.0,2205.0,2205.0,2205.0,2205.0,2205.0,2205.0,2205.0,2205.0,2205.0,2205.0,2205.0,2205.0,2205.0,2205.0,2205.0,2205.0,5.0,0.5,212.55185,224.15681,234.69849,243.82499,251.35778,257.2924,261.77179,265.04242,267.40465,269.16695,270.60967,271.96054,273.38177,274.96745,276.74988,278.71319,280.81186,282.99087,285.20307,287.41986,326.20314604125554,331.7327396865268,2601.37202,490.0183500000003,1688.0804500000004,-55.70760000000001
2206,2206,2206.0,2206.0,2206.0,2206.0,2206.0,2206.0,2206.0,2206.0,2206.0,2206.0,2206.0,2206.0,2206.0,2206.0,2206.0,2206.0,2206.0,2206.0,2206.0,2206.0,2206.0,2206.0,6.0,0.6,313.37333,301.33273,290.75188,282.09278,275.56768,271.1508,268.63294,267.69978,268.01242,269.27376,271.27137,273.89497,277.13161,281.04344,285.73381,291.30704,297.82758,305.28525,313.57337,322.48545,288.9878890430716,354.47535978178496,3091.39037,290.54601,1198.0621,-41.8492
2207,2207,2207.0,2207.0,2207.0,2207.0,2207.0,2207.0,2207.0,2207.0,2207.0,2207.0,2207.0,2207.0,2207.0,2207.0,2207.0,2207.0,2207.0,2207.0,2207.0,2207.0,2207.0,2207.0,7.0,0.7,287.35359,285.69806,284.02235,282.36548,280.80931,279.47227,278.49527,278.02503,278.19993,279.14158,280.95254,283.71826,287.50977,292.38364,298.37674,305.49554,313.7018,322.89869,332.92219,343.5422,203.66815650305685,282.1179695055049,3381.93638,231.95145,907.51609,-33.52773000000002
2208,2208,2208.0,2208.0,2208.0,2208.0,2208.0,2208.0,2208.0,2208.0,2208.0,2208.0,2208.0,2208.0,2208.0,2208.0,2208.0,2208.0,2208.0,2208.0,2208.0,2208.0,2208.0,2208.0,8.0,0.8,216.96114,229.65096,241.22643,251.33893,259.83682,266.75951,272.29748,276.73129,280.36481,283.46531,286.21884,288.70507,290.89276,292.65547,293.80571,294.14357,293.51267,291.85279,289.23663,285.87971,356.4066571437748,238.0892345063752,3613.88783,309.22503000000006,675.56464,-46.24049000000002
2209,2209,2209.0,2209.0,2209.0,2209.0,2209.0,2209.0,2209.0,2209.0,2209.0,2209.0,2209.0,2209.0,2209.0,2209.0,2209.0,2209.0,2209.0,2209.0,2209.0,2209.0,2209.0,2209.0,9.0,0.9,340.04174,324.67123,311.13989,300.0285,291.59781,285.79609,282.31802,280.69135,280.36582,280.78522,281.43346,281.8564,281.66729,280.54667,278.24568,274.5973,269.53459,263.10974,255.50526,247.0291,322.98366018696066,194.8340449034921,3923.11286,366.33961,366.33961,-27.203910000000008
2210,2210,2210.0,2210.0,2210.0,2210.0,2210.0,2210.0,2210.0,2210.0,2210.0,2210.0,2210.0,2210.0,2210.0,2210.0,2210.0,2210.0,2210.0,2210.0,2210.0,2210.0,2210.0,2210.0,0.0,0.0,273.0,273.0,273.0,273.0,273.0,273.0,273.0,273.0,273.0,273.0,273.0,273.0,273.0,273.0,273.0,273.0,273.0,273.0,273.0,273.0,356.5037760749558,353.9588351615323,0.0,379.45949,7345.484579999999,-40.0
2211,2211,2211.0,2211.0,2211.0,2211.0,2211.0,2211.0,2211.0,2211.0,2211.0,2211.0,2211.0,2211.0,2211.0,2211.0,2211.0,2211.0,2211.0,2211.0,2211.0,2211.0,2211.0,2211.0,1.0,0.1,342.27327,328.69357,316.3275,305.58242,296.67763,289.65038,284.39444,280.71846,278.40942,277.28891,277.25397,278.29828,280.51229,284.06234,289.15056,295.95972,304.59115,315.0078,326.99654,340.16215,266.24442148303126,174.11964184022665,379.45949,266.17224,6966.025089999999,-23.349620000000016
2212,2212,2212.0,2212.0,2212.0,2212.0,2212.0,2212.0,2212.0,2212.0,2212.0,2212.0,2212.0,2212.0,2212.0,2212.0,2212.0,2212.0,2212.0,2212.0,2212.0,2212.0,2212.0,2212.0,2.0,0.2,271.66291,276.63432,280.79264,283.91298,285.93662,286.95676,287.17137,286.81598,286.09083,285.09531,283.77908,281.91678,279.11219,274.83636,268.50178,259.56802,247.66452,232.70635,214.97259,195.12024,203.2624750844063,247.5672910399211,645.63173,485.3222300000001,6699.852849999999,-26.043240000000026
2213,2213,2213.0,2213.0,2213.0,2213.0,2213.0,2213.0,2213.0,2213.0,2213.0,2213.0,2213.0,2213.0,2213.0,2213.0,2213.0,2213.0,2213.0,2213.0,2213.0,2213.0,2213.0,2213.0,3.0,0.3,216.91865,229.95156,241.81202,252.08213,260.50519,266.98492,271.56004,274.36532,275.5917,275.45559,274.18191,272.00017,269.14785,265.87337,262.43098,259.06373,255.97534,253.29799,251.06655,249.21009,233.584727066632,252.46411860586608,1130.95396,642.40338,6214.53062,-46.01508000000001
2214,2214,2214.0,2214.0,2214.0,2214.0,2214.0,2214.0,2214.0,2214.0,2214.0,2214.0,2214.0,2214.0,2214.0,2214.0,2214.0,2214.0,2214.0,2214.0,2214.0,2214.0,2214.0,2214.0,4.0,0.4,237.79051,241.97171,246.08704,250.06768,253.81623,257.2156,260.14529,262.50024,264.20744,265.23676,265.60443,265.36941,264.62428,263.48254,262.0645,260.48356,258.83452,257.18517,255.57255,254.0041,343.9585322854996,189.77308371248665,1773.35734,709.06063,5572.12724,-55.784400000000005
2215,2215,2215.0,2215.0,2215.0,2215.0,2215.0,2215.0,2215.0,2215.0,2215.0,2215.0,2215.0,2215.0,2215.0,2215.0,2215.0,2215.0,2215.0,2215.0,2215.0,2215.0,2215.0,2215.0,5.0,0.5,328.72208,314.27832,301.3028,290.26352,281.37536,274.60373,269.70804,266.30741,263.94877,262.16265,260.49924,258.54593,255.93312,252.33778,247.49271,241.20575,233.38682,224.07593,213.46106,201.87614,247.8913877503589,175.36951691227915,2482.41797,832.6768900000002,4863.06661,-38.396270000000015
2216,2216,2216.0,2216.0,2216.0,2216.0,2216.0,2216.0,2216.0,2216.0,2216.0,2216.0,2216.0,2216.0,2216.0,2216.0,2216.0,2216.0,2216.0,2216.0,2216.0,2216.0,2216.0,2216.0,6.0,0.6,253.77704,259.15136,263.58319,266.78075,268.61613,269.1124,268.40132,266.6667,264.08925,260.80499,256.88327,252.32465,247.07452,241.04713,234.15422,226.33368,217.57405,207.9319,197.53913,186.59881,184.9880233233293,292.15032930760026,3315.09486,1027.4175699999996,4030.38972,-43.88760000000002
2217,2217,2217.0,2217.0,2217.0,2217.0,2217.0,2217.0,2217.0,2217.0,2217.0,2217.0,2217.0,2217.0,2217.0,2217.0,2217.0,2217.0,2217.0,2217.0,2217.0,2217.0,2217.0,2217.0,7.0,0.7,198.45777,211.26217,222.81439,232.66842,240.55417,246.3827,250.22725,252.29088,252.87266,252.34103,251.11764,249.66843,248.49454,248.11326,249.02168,251.64119,256.24936,262.91413,271.4498,281.41329,243.0484544213521,289.0468139721837,4342.51243,996.6696000000002,3002.9721500000005,-66.6173
2218,2218,2218.0,2218.0,2218.0,2218.0,2218.0,2218.0,2218.0,2218.0,2218.0,2218.0,2218.0,2218.0,2218.0,2218.0,2218.0,2218.0,2218.0,2218.0,2218.0,2218.0,2218.0,2218.0,8.0,0.8,242.17507,241.50344,241.19321,241.33206,241.92639,242.91345,244.18993,245.64715,247.20337,248.82539,250.53605,252.40808,254.54756,257.07174,260.08583,263.66272,267.82844,272.55471,277.75896,283.31127,217.74272077984,200.5986897863699,5339.18203,974.4379200000004,2006.3025500000003,-70.08654999999999
2219,2219,2219.0,2219.0,2219.0,2219.0,2219.0,2219.0,2219.0,2219.0,2219.0,2219.0,2219.0,2219.0,2219.0,2219.0,2219.0,2219.0,2219.0,2219.0,2219.0,2219.0,2219.0,2219.0,9.0,0.9,222.21803,226.54506,230.59833,234.29206,237.58711,240.48661,243.02162,245.23028,247.13406,248.71509,249.89787,250.53894,250.42816,249.30519,246.89318,242.94829,237.31807,229.99712,221.16448,211.18947,295.26459912774214,343.3137368820594,6313.61995,1031.86463,1031.86463,-72.51338999999999
2220,2220,2220.0,2220.0,2220.0,2220.0,2220.0,2220.0,2220.0,2220.0,2220.0,2220.0,2220.0,2220.0,2220.0,2220.0,2220.0,2220.0,2220.0,2220.0,2220.0,2220.0,2220.0,2220.0,0.0,0.0,273.0,273.0,273.0,273.0,273.0,273.0,273.0,273.0,273.0,273.0,273.0,273.0,273.0,273.0,273.0,273.0,273.0,273.0,273.0,273.0,263.1286564008919,352.6835066622016,0.0,413.7933,4182.95652,-40.0
2221,2221,2221.0,2221.0,2221.0,2221.0,2221.0,2221.0,2221.0,2221.0,2221.0,2221.0,2221.0,2221.0,2221.0,2221.0,2221.0,2221.0,2221.0,2221.0,2221.0,2221.0,2221.0,2221.0,1.0,0.1,264.81312,266.42228,267.89216,269.1794,270.26717,271.16777,271.92314,272.60511,273.3172,274.19839,275.42794,277.22807,279.86014,283.60947,288.7558,295.52977,304.06141,314.33151,326.13969,339.10187,215.459884509176,242.42052040336029,413.7933,361.01206,3769.16322,-41.83222999999998
2222,2222,2222.0,2222.0,2222.0,2222.0,2222.0,2222.0,2222.0,2222.0,2222.0,2222.0,2222.0,2222.0,2222.0,2222.0,2222.0,2222.0,2222.0,2222.0,2222.0,2222.0,2222.0,2222.0,2.0,0.2,224.90553,233.9771,242.35478,249.81489,256.25085,261.67016,266.17039,269.90079,273.01777,275.64156,277.82028,279.50644,280.55045,280.71511,279.71319,277.26615,273.1756,267.39293,260.06874,251.56487,291.22466131164725,245.11574631820167,774.80536,492.82662000000016,3408.15116,-51.32983999999999
2223,2223,2223.0,2223.0,2223.0,2223.0,2223.0,2223.0,2223.0,2223.0,2223.0,2223.0,2223.0,2223.0,2223.0,2223.0,2223.0,2223.0,2223.0,2223.0,2223.0,2223.0,2223.0,2223.0,3.0,0.3,285.41247,280.05337,275.52682,272.08227,269.81159,268.65314,268.42148,268.85136,269.64378,270.50483,271.17258,271.43207,271.12121,270.13117,268.40458,265.93301,262.7544,258.94961,254.63765,249.96883,269.5561815682055,329.37511312693647,1267.63198,489.35593,2915.32454,-44.34685999999999
2224,2224,2224.0,2224.0,2224.0,2224.0,2224.0,2224.0,2224.0,2224.0,2224.0,2224.0,2224.0,2224.0,2224.0,2224.0,2224.0,2224.0,2224.0,2224.0,2224.0,2224.0,2224.0,2224.0,4.0,0.4,269.98237,270.35589,270.63566,270.80044,270.85178,270.81211,270.72048,270.62944,270.60611,270.7387,271.14699,271.9926,273.48318,275.86403,279.39299,284.29861,290.72743,298.69213,308.03539,318.42327,308.076814596742,354.6096995503783,1756.98791,344.12227000000007,2425.96861,-42.18788999999998
2225,2225,2225.0,2225.0,2225.0,2225.0,2225.0,2225.0,2225.0,2225.0,2225.0,2225.0,2225.0,2225.0,2225.0,2225.0,2225.0,2225.0,2225.0,2225.0,2225.0,2225.0,2225.0,2225.0,5.0,0.5,301.74343,295.7154,290.26065,285.5816,281.80259,278.97437,277.09263,276.12422,276.03417,276.80774,278.4637,281.05751,284.67451,289.41428,295.36819,302.59304,311.08463,320.75627,331.42741,342.82652,249.9094274433658,183.90233225433508,2101.11018,270.99776999999995,2081.84634,-34.02562999999998
2226,2226,2226.0,2226.0,2226.0,2226.0,2226.0,2226.0,2226.0,2226.0,2226.0,2226.0,2226.0,2226.0,2226.0,2226.0,2226.0,2226.0,2226.0,2226.0,2226.0,2226.0,2226.0,2226.0,6.0,0.6,255.64781,261.0758,265.93791,270.07429,273.43741,276.08168,278.12951,279.72204,280.96419,281.87316,282.33811,282.0982,280.74573,277.76054,272.57879,264.69228,253.76484,239.74232,222.92677,203.98844,346.7780063109368,338.1547528819929,2372.10795,397.51235,1810.84857,-36.91832
2227,2227,2227.0,2227.0,2227.0,2227.0,2227.0,2227.0,2227.0,2227.0,2227.0,2227.0,2227.0,2227.0,2227.0,2227.0,2227.0,2227.0,2227.0,2227.0,2227.0,2227.0,2227.0,2227.0,7.0,0.7,334.20216,322.27451,311.54458,302.38771,294.96862,289.24869,285.03059,282.0265,279.9343,278.50847,277.61589,277.2704,277.64129,279.0318,281.82605,286.40759,293.06062,301.87393,312.67215,324.99761,211.53794599605047,265.291153974837,2769.6203,287.1026499999998,1413.3362199999997,-23.75130999999999
2228,2228,2228.0,2228.0,2228.0,2228.0,2228.0,2228.0,2228.0,2228.0,2228.0,2228.0,2228.0,2228.0,2228.0,2228.0,2228.0,2228.0,2228.0,2228.0,2228.0,2228.0,2228.0,2228.0,8.0,0.8,225.94723,239.52084,251.55315,261.56762,269.3639,275.00736,278.77179,281.05518,282.29064,282.87018,283.09089,283.12686,283.025,282.72164,282.07621,280.91761,279.0967,276.53593,273.26509,269.43312,187.6107763771771,215.7843920831246,3056.72295,453.4530800000002,1126.23357,-37.99264
2229,2229,2229.0,2229.0,2229.0,2229.0,2229.0,2229.0,2229.0,2229.0,2229.0,2229.0,2229.0,2229.0,2229.0,2229.0,2229.0,2229.0,2229.0,2229.0,2229.0,2229.0,2229.0,2229.0,9.0,0.9,201.13859,214.22272,226.46391,237.54314,247.24242,255.44809,262.13784,267.35579,271.18134,273.69767,274.96499,275.00266,273.78317,271.23998,267.28935,261.86365,254.95075,246.6309,237.1013,226.67991,286.8797025122641,247.29538867137447,3510.17603,672.7804899999996,672.7804899999996,-57.55190999999999
2230,2230,2230.0,2230.0,2230.0,2230.0,2230.0,2230.0,2230.0,2230.0,2230.0,2230.0,2230.0,2230.0,2230.0,2230.0,2230.0,2230.0,2230.0,2230.0,2230.0,2230.0,2230.0,2230.0,0.0,0.0,273.0,273.0,273.0,273.0,273.0,273.0,273.0,273.0,273.0,273.0,273.0,273.0,273.0,273.0,273.0,273.0,273.0,273.0,273.0,273.0,266.29998830093416,207.9684971141837,0.0,491.19046,2558.69597,1.4262899999999945
2231,2231,2231.0,2231.0,2231.0,2231.0,2231.0,2231.0,2231.0,2231.0,2231.0,2231.0,2231.0,2231.0,2231.0,2231.0,2231.0,2231.0,2231.0,2231.0,2231.0,2231.0,2231.0,2231.0,1.0,0.1,267.44034,268.5274,269.51433,270.36532,271.05678,271.57479,271.9086,272.04128,271.93855,271.53741,270.73654,269.3912,267.31572,264.29673,260.11887,254.60203,247.64494,239.26607,229.63047,219.05239,366.460598418651,334.3051634535839,491.19046,534.3727099999999,2067.50551,1.4262899999999945
2232,2232,2232.0,2232.0,2232.0,2232.0,2232.0,2232.0,2232.0,2232.0,2232.0,2232.0,2232.0,2232.0,2232.0,2232.0,2232.0,2232.0,2232.0,2232.0,2232.0,2232.0,2232.0,2232.0,2.0,0.2,350.09558,334.47193,320.22477,307.80144,297.42183,289.08558,282.61894,277.74653,274.17078,271.64426,270.02477,269.30703,269.62754,271.24074,274.46698,279.61652,286.90078,296.34802,307.74508,320.62428,320.66050146994263,367.912095931052,1025.56317,286.1812,1533.1328000000003,1.4262899999999945
2233,2233,2233.0,2233.0,2233.0,2233.0,2233.0,2233.0,2233.0,2233.0,2233.0,2233.0,2233.0,2233.0,2233.0,2233.0,2233.0,2233.0,2233.0,2233.0,2233.0,2233.0,2233.0,2233.0,3.0,0.3,316.78503,312.82451,308.72794,304.50353,300.22946,296.04927,292.15601,288.77148,286.12707,284.45018,283.95691,284.84863,287.30832,291.49238,297.51531,305.42761,315.19026,326.65222,339.53843,353.45465,334.10729443888874,308.10913495031184,1311.74437,130.9639400000001,1246.9516000000003,1.4262899999999945
2234,2234,2234.0,2234.0,2234.0,2234.0,2234.0,2234.0,2234.0,2234.0,2234.0,2234.0,2234.0,2234.0,2234.0,2234.0,2234.0,2234.0,2234.0,2234.0,2234.0,2234.0,2234.0,2234.0,4.0,0.4,328.06248,322.18377,316.62727,311.53141,307.0129,303.16602,300.06379,297.75849,296.27939,295.62685,295.76339,296.60469,298.01434,299.80719,301.7643,303.66015,305.29851,306.54925,307.37592,307.84463,246.22024676365007,322.2338105601457,1442.70831,103.67726999999992,1115.9876600000002,1.4262899999999945
2235,2235,2235.0,2235.0,2235.0,2235.0,2235.0,2235.0,2235.0,2235.0,2235.0,2235.0,2235.0,2235.0,2235.0,2235.0,2235.0,2235.0,2235.0,2235.0,2235.0,2235.0,2235.0,2235.0,5.0,0.5,256.58019,266.3621,275.07742,282.39544,288.17622,292.46455,295.45225,297.42279,298.69381,299.56968,300.31075,301.11964,302.1411,303.46953,305.15879,307.23044,309.67839,312.4708,315.55068,318.83786,325.25503392934513,243.11016581710533,1546.38558,114.05248000000006,1012.3103900000004,1.4262899999999945
2236,2236,2236.0,2236.0,2236.0,2236.0,2236.0,2236.0,2236.0,2236.0,2236.0,2236.0,2236.0,2236.0,2236.0,2236.0,2236.0,2236.0,2236.0,2236.0,2236.0,2236.0,2236.0,2236.0,6.0,0.6,318.73275,312.65287,307.38749,303.1852,300.14617,298.22727,297.2704,297.04152,297.2674,297.66136,297.93487,297.79856,296.96034,295.12949,292.03387,287.45243,281.25862,273.46422,264.24956,253.96691,266.2184440768139,305.4265181005875,1660.43806,168.71803,898.2579100000003,1.4262899999999945
2237,2237,2237.0,2237.0,2237.0,2237.0,2237.0,2237.0,2237.0,2237.0,2237.0,2237.0,2237.0,2237.0,2237.0,2237.0,2237.0,2237.0,2237.0,2237.0,2237.0,2237.0,2237.0,2237.0,7.0,0.7,272.29503,278.02896,283.12804,287.38828,290.7106,293.09532,294.61991,295.40948,295.60999,295.37109,294.84089,294.17009,293.51947,293.06331,292.98282,293.44697,294.58316,296.44506,298.98799,302.06171,339.03761091160027,173.71451570807653,1829.15609,213.3995600000001,729.5398800000003,1.4262899999999945
2238,2238,2238.0,2238.0,2238.0,2238.0,2238.0,2238.0,2238.0,2238.0,2238.0,2238.0,2238.0,2238.0,2238.0,2238.0,2238.0,2238.0,2238.0,2238.0,2238.0,2238.0,2238.0,2238.0,8.0,0.8,330.57449,322.56093,315.37661,309.27765,304.36982,300.61037,297.83182,295.77575,294.12418,292.5201,290.57519,287.86964,283.9536,278.36177,270.64962,260.45319,247.56455,232.006,214.08017,194.3753,349.15520689653647,365.3652932817698,2042.55565,314.4464999999998,516.1403200000002,1.4262899999999945
2239,2239,2239.0,2239.0,2239.0,2239.0,2239.0,2239.0,2239.0,2239.0,2239.0,2239.0,2239.0,2239.0,2239.0,2239.0,2239.0,2239.0,2239.0,2239.0,2239.0,2239.0,2239.0,2239.0,9.0,0.9,341.51671,334.06654,326.96917,320.34612,314.26535,308.74157,303.74849,299.24224,295.19418,291.62931,288.66454,286.53828,285.6206,286.39303,289.39078,295.10836,303.88165,315.77161,330.48212,347.34173,349.8249448410039,201.8011430153689,2357.00215,201.6938200000004,201.6938200000004,1.4262899999999945
2240,2240,2240.0,2240.0,2240.0,2240.0,2240.0,2240.0,2240.0,2240.0,2240.0,2240.0,2240.0,2240.0,2240.0,2240.0,2240.0,2240.0,2240.0,2240.0,2240.0,2240.0,2240.0,2240.0,0.0,0.0,273.0,273.0,273.0,273.0,273.0,273.0,273.0,273.0,273.0,273.0,273.0,273.0,273.0,273.0,273.0,273.0,273.0,273.0,273.0,273.0,362.5886106242814,185.50918746968804,0.0,473.05764,4856.17419,-40.0
2241,2241,2241.0,2241.0,2241.0,2241.0,2241.0,2241.0,2241.0,2241.0,2241.0,2241.0,2241.0,2241.0,2241.0,2241.0,2241.0,2241.0,2241.0,2241.0,2241.0,2241.0,2241.0,2241.0,1.0,0.1,347.31679,332.74003,319.45718,307.8959,298.27369,290.59787,284.6971,280.26992,276.93482,274.27009,271.83888,269.20176,265.92435,261.58935,255.82052,248.32119,238.92267,227.63132,214.65911,200.42351,207.73416433237696,335.82004384069853,473.05764,534.9839900000001,4383.11655,-22.40213
2242,2242,2242.0,2242.0,2242.0,2242.0,2242.0,2242.0,2242.0,2242.0,2242.0,2242.0,2242.0,2242.0,2242.0,2242.0,2242.0,2242.0,2242.0,2242.0,2242.0,2242.0,2242.0,2242.0,2.0,0.2,223.15931,237.603,250.22995,260.46236,268.03315,272.97679,275.57146,276.25755,275.55893,274.02614,272.20858,270.65028,269.89492,270.48275,272.9248,277.64907,284.92509,294.78557,306.97063,320.91906,294.09536871867704,210.2187632797269,1008.04163,473.0460199999999,3848.13256,-40.023210000000006
2243,2243,2243.0,2243.0,2243.0,2243.0,2243.0,2243.0,2243.0,2243.0,2243.0,2243.0,2243.0,2243.0,2243.0,2243.0,2243.0,2243.0,2243.0,2243.0,2243.0,2243.0,2243.0,2243.0,3.0,0.3,288.88838,284.05415,279.89966,276.61796,274.26878,272.78904,272.02499,271.77195,271.80731,271.90755,271.84716,271.38508,270.24983,268.13619,264.72369,259.72052,252.92689,244.30242,234.01654,222.4618,287.89583039336344,331.7123982839943,1481.08765,503.3471,3375.08654,-40.21096
2244,2244,2244.0,2244.0,2244.0,2244.0,2244.0,2244.0,2244.0,2244.0,2244.0,2244.0,2244.0,2244.0,2244.0,2244.0,2244.0,2244.0,2244.0,2244.0,2244.0,2244.0,2244.0,2244.0,4.0,0.4,285.77715,283.69828,281.69588,279.80047,278.03401,276.40934,274.93269,273.61113,272.46549,271.54821,270.96328,270.88303,271.55456,273.28837,276.42389,281.27209,288.04288,296.77321,307.27592,319.12864,209.7887679355095,214.84423914425943,1984.43475,447.0502200000001,2871.73944,-36.590660000000014
2245,2245,2245.0,2245.0,2245.0,2245.0,2245.0,2245.0,2245.0,2245.0,2245.0,2245.0,2245.0,2245.0,2245.0,2245.0,2245.0,2245.0,2245.0,2245.0,2245.0,2245.0,2245.0,2245.0,5.0,0.5,221.33167,232.29984,242.20204,250.6948,257.61385,262.96883,266.90678,269.65556,271.4605,272.52562,272.9675,272.78724,271.86402,269.97288,266.82748,262.14472,255.72214,247.51263,237.67715,226.59816,324.98248005453627,321.26411648765173,2431.48497,556.64714,2424.68922,-50.031169999999975
2246,2246,2246.0,2246.0,2246.0,2246.0,2246.0,2246.0,2246.0,2246.0,2246.0,2246.0,2246.0,2246.0,2246.0,2246.0,2246.0,2246.0,2246.0,2246.0,2246.0,2246.0,2246.0,2246.0,6.0,0.6,313.3038,302.31829,292.60933,284.56732,278.35141,273.90053,270.98537,269.28409,268.46311,268.24753,268.47148,269.10444,270.2522,272.13307,275.03112,279.23082,284.94202,292.22954,300.96426,310.81148,194.32390924489505,333.37155738996285,2988.13211,415.67720999999983,1868.04208,-39.09947
2247,2247,2247.0,2247.0,2247.0,2247.0,2247.0,2247.0,2247.0,2247.0,2247.0,2247.0,2247.0,2247.0,2247.0,2247.0,2247.0,2247.0,2247.0,2247.0,2247.0,2247.0,2247.0,2247.0,7.0,0.7,209.0318,222.94333,235.3867,245.90979,254.32599,260.70622,265.32793,268.60054,270.98887,272.95032,274.89375,277.15931,280.0135,283.65185,288.20258,293.72779,300.22173,307.60849,315.7426,324.41576,206.46451829619284,284.98242919842903,3403.80932,467.0413800000001,1452.36487,-52.29378000000003
2248,2248,2248.0,2248.0,2248.0,2248.0,2248.0,2248.0,2248.0,2248.0,2248.0,2248.0,2248.0,2248.0,2248.0,2248.0,2248.0,2248.0,2248.0,2248.0,2248.0,2248.0,2248.0,2248.0,8.0,0.8,214.46261,222.32927,229.94063,237.18825,243.9867,250.27991,256.04445,261.28794,266.04176,270.34831,274.24492,277.74784,280.84068,283.47153,285.56169,287.02602,287.80178,287.87892,287.3232,286.28402,357.1326002291275,226.9676875330822,3870.8507,500.83201999999983,985.3234899999998,-62.72009
2249,2249,2249.0,2249.0,2249.0,2249.0,2249.0,2249.0,2249.0,2249.0,2249.0,2249.0,2249.0,2249.0,2249.0,2249.0,2249.0,2249.0,2249.0,2249.0,2249.0,2249.0,2249.0,2249.0,9.0,0.9,338.39055,320.74513,305.13469,292.21725,282.30887,275.38817,271.15453,269.1166,268.68486,269.24825,270.22507,271.08909,271.37895,270.70209,268.74278,265.27917,260.20789,253.56902,245.56107,236.53582,218.57207821536605,301.3926391843637,4371.68272,484.49147,484.49147,-37.61183
2250,2250,2250.0,2250.0,2250.0,2250.0,2250.0,2250.0,2250.0,2250.0,2250.0,2250.0,2250.0,2250.0,2250.0,2250.0,2250.0,2250.0,2250.0,2250.0,2250.0,2250.0,2250.0,2250.0,0.0,0.0,273.0,273.0,273.0,273.0,273.0,273.0,273.0,273.0,273.0,273.0,273.0,273.0,273.0,273.0,273.0,273.0,273.0,273.0,273.0,273.0,236.8706894341227,239.2921467859789,0.0,486.89096,5452.32334,-40.0
2251,2251,2251.0,2251.0,2251.0,2251.0,2251.0,2251.0,2251.0,2251.0,2251.0,2251.0,2251.0,2251.0,2251.0,2251.0,2251.0,2251.0,2251.0,2251.0,2251.0,2251.0,2251.0,2251.0,1.0,0.1,243.02781,248.90336,254.25386,258.90313,262.75644,265.79793,268.07399,269.66814,270.67368,271.16957,271.20282,270.77943,269.8643,268.38997,266.27349,263.43951,259.8463,255.50952,250.51805,245.03649,300.0307207415138,321.9080434851573,486.89096,537.0875900000001,4965.43238,-47.20206999999999
2252,2252,2252.0,2252.0,2252.0,2252.0,2252.0,2252.0,2252.0,2252.0,2252.0,2252.0,2252.0,2252.0,2252.0,2252.0,2252.0,2252.0,2252.0,2252.0,2252.0,2252.0,2252.0,2252.0,2.0,0.2,293.57957,287.50992,282.14247,277.69172,274.24519,271.77069,270.14683,269.20748,268.78967,268.77592,269.12519,269.88866,271.20871,273.29983,276.41196,280.77917,286.56074,293.7861,302.31764,311.84365,364.9637794722299,174.41917890375308,1023.97855,439.5525399999999,4428.34479,-41.22931
2253,2253,2253.0,2253.0,2253.0,2253.0,2253.0,2253.0,2253.0,2253.0,2253.0,2253.0,2253.0,2253.0,2253.0,2253.0,2253.0,2253.0,2253.0,2253.0,2253.0,2253.0,2253.0,2253.0,3.0,0.3,349.73247,335.13096,321.7113,309.88642,299.89607,291.80244,285.50962,280.79528,277.34255,274.76316,272.60934,270.37851,267.52038,263.45759,257.62921,249.55874,238.93858,225.71245,210.13128,192.7594,263.1587201799408,316.1492185483142,1463.53109,513.0578500000001,3988.79225,-21.19756000000001
2254,2254,2254.0,2254.0,2254.0,2254.0,2254.0,2254.0,2254.0,2254.0,2254.0,2254.0,2254.0,2254.0,2254.0,2254.0,2254.0,2254.0,2254.0,2254.0,2254.0,2254.0,2254.0,2254.0,4.0,0.4,269.38319,275.03822,279.64464,282.88132,284.61596,284.89642,283.91229,281.94361,279.31443,276.36344,273.43554,270.88874,269.10476,268.48847,269.44474,272.32825,277.37256,284.6157,293.84562,304.58801,258.37146861647665,229.48151779526967,1976.58894,433.07177999999976,3475.7344,-28.103580000000026
2255,2255,2255.0,2255.0,2255.0,2255.0,2255.0,2255.0,2255.0,2255.0,2255.0,2255.0,2255.0,2255.0,2255.0,2255.0,2255.0,2255.0,2255.0,2255.0,2255.0,2255.0,2255.0,2255.0,5.0,0.5,262.10758,265.64989,268.82538,271.4994,273.5874,275.05893,275.93359,276.26891,276.14175,275.62502,274.76326,273.55116,271.92053,269.7412,266.83958,263.03508,258.1891,252.25585,245.32058,237.61203,245.6537393648601,311.98872103131555,2409.66072,498.45652999999993,3042.66262,-37.941070000000025
2256,2256,2256.0,2256.0,2256.0,2256.0,2256.0,2256.0,2256.0,2256.0,2256.0,2256.0,2256.0,2256.0,2256.0,2256.0,2256.0,2256.0,2256.0,2256.0,2256.0,2256.0,2256.0,2256.0,6.0,0.6,250.20907,254.58192,258.60799,262.15605,265.13733,267.50894,269.273,270.47387,271.19619,271.56541,271.7505,271.96619,272.4705,273.55236,275.50557,278.58887,282.977,288.71326,295.67699,303.57859,229.6988632776351,304.13026214251533,2908.11725,466.7714300000002,2544.20609,-45.49106
2257,2257,2257.0,2257.0,2257.0,2257.0,2257.0,2257.0,2257.0,2257.0,2257.0,2257.0,2257.0,2257.0,2257.0,2257.0,2257.0,2257.0,2257.0,2257.0,2257.0,2257.0,2257.0,2257.0,7.0,0.7,235.70028,241.50666,246.94647,251.89077,256.26493,260.05179,263.28732,266.05079,268.45214,270.61871,272.68277,274.77037,276.99202,279.43531,282.15976,285.19438,288.53797,292.16205,296.01566,300.03119,220.82432904275143,178.8267970050103,3374.88868,557.8881299999998,2077.43466,-52.94821000000002
2258,2258,2258.0,2258.0,2258.0,2258.0,2258.0,2258.0,2258.0,2258.0,2258.0,2258.0,2258.0,2258.0,2258.0,2258.0,2258.0,2258.0,2258.0,2258.0,2258.0,2258.0,2258.0,2258.0,8.0,0.8,227.06872,233.17364,239.01344,244.48676,249.52136,254.07156,258.10838,261.60309,264.50601,266.72335,268.09599,268.38582,267.27626,264.39358,259.35285,251.82701,241.62944,228.79246,213.61994,196.69415,275.9880678791409,258.1463960494348,3932.77681,788.0063400000004,1519.54653,-58.92844
2259,2259,2259.0,2259.0,2259.0,2259.0,2259.0,2259.0,2259.0,2259.0,2259.0,2259.0,2259.0,2259.0,2259.0,2259.0,2259.0,2259.0,2259.0,2259.0,2259.0,2259.0,2259.0,2259.0,9.0,0.9,271.69149,267.7295,264.37819,261.81012,260.07206,259.08845,258.68681,258.63735,258.69775,258.65555,258.3626,257.75811,256.87784,255.84738,254.85853,254.13011,253.85874,254.16916,255.07672,256.47379,254.0904515497615,318.5166622945775,4720.78315,731.5401899999997,731.5401899999997,-53.91154999999998
2260,2260,2260.0,2260.0,2260.0,2260.0,2260.0,2260.0,2260.0,2260.0,2260.0,2260.0,2260.0,2260.0,2260.0,2260.0,2260.0,2260.0,2260.0,2260.0,2260.0,2260.0,2260.0,2260.0,0.0,0.0,273.0,273.0,273.0,273.0,273.0,273.0,273.0,273.0,273.0,273.0,273.0,273.0,273.0,273.0,273.0,273.0,273.0,273.0,273.0,273.0,343.339493314993,199.6751094658389,0.0,467.56622,4528.84066,-40.0
2261,2261,2261.0,2261.0,2261.0,2261.0,2261.0,2261.0,2261.0,2261.0,2261.0,2261.0,2261.0,2261.0,2261.0,2261.0,2261.0,2261.0,2261.0,2261.0,2261.0,2261.0,2261.0,2261.0,1.0,0.1,331.34889,319.90393,309.47462,300.39651,292.83991,286.80969,282.16982,278.68104,276.03973,273.90869,271.93624,269.7659,267.04249,263.42254,258.59489,252.31351,244.43858,234.97634,224.10493,212.17447,357.54657603626333,354.47583427183105,467.56622,472.51679,4061.27444,-26.19031000000001
2262,2262,2262.0,2262.0,2262.0,2262.0,2262.0,2262.0,2262.0,2262.0,2262.0,2262.0,2262.0,2262.0,2262.0,2262.0,2262.0,2262.0,2262.0,2262.0,2262.0,2262.0,2262.0,2262.0,2.0,0.2,346.50666,335.75122,325.53525,316.06049,307.46172,299.80579,293.10344,287.33254,282.46971,278.52627,275.58282,273.81523,273.50336,275.01391,278.75205,285.08308,294.23522,306.20442,320.6878,337.07009,247.50642604724504,291.5804470260735,940.08301,258.23449000000016,3588.75765,-13.194209999999998
2263,2263,2263.0,2263.0,2263.0,2263.0,2263.0,2263.0,2263.0,2263.0,2263.0,2263.0,2263.0,2263.0,2263.0,2263.0,2263.0,2263.0,2263.0,2263.0,2263.0,2263.0,2263.0,2263.0,3.0,0.3,257.34654,266.48292,274.32514,280.48314,284.80993,287.39535,288.51888,288.57811,288.01115,287.22765,286.55745,286.21987,286.3132,286.82241,287.64272,288.61565,289.57252,290.37749,290.96087,291.33392,339.95359976176326,266.87125546118847,1198.3175,238.04109,3330.52316,-25.604649999999992
2264,2264,2264.0,2264.0,2264.0,2264.0,2264.0,2264.0,2264.0,2264.0,2264.0,2264.0,2264.0,2264.0,2264.0,2264.0,2264.0,2264.0,2264.0,2264.0,2264.0,2264.0,2264.0,2264.0,4.0,0.4,330.0299,320.63478,312.21573,305.07808,299.35698,295.02512,291.92821,289.83425,288.48179,287.61647,287.01126,286.47214,285.83476,284.95896,283.72689,282.04737,279.86599,277.17727,274.03346,270.54524,293.1234286049363,198.72646784163032,1436.35859,283.20072000000005,3092.48207,-17.974879999999985
2265,2265,2265.0,2265.0,2265.0,2265.0,2265.0,2265.0,2265.0,2265.0,2265.0,2265.0,2265.0,2265.0,2265.0,2265.0,2265.0,2265.0,2265.0,2265.0,2265.0,2265.0,2265.0,2265.0,5.0,0.5,294.35332,295.3818,296.04319,296.2332,295.91775,295.12345,293.91357,292.35608,290.49157,288.30692,285.71919,282.57167,278.64349,273.67337,267.39674,259.59341,250.1395,239.05353,226.52513,212.91569,369.5541247060193,196.51066480178795,1719.55931,439.63760999999977,2809.28135,-17.87655000000001
2266,2266,2266.0,2266.0,2266.0,2266.0,2266.0,2266.0,2266.0,2266.0,2266.0,2266.0,2266.0,2266.0,2266.0,2266.0,2266.0,2266.0,2266.0,2266.0,2266.0,2266.0,2266.0,2266.0,6.0,0.6,356.54856,344.06216,332.53462,322.26469,313.37896,305.83393,299.44538,293.93373,288.97252,284.23053,279.40229,274.22661,268.49568,262.05859,254.82221,246.75139,237.86857,228.25217,218.03233,207.3831,212.34800859331688,182.5792622519216,2159.19692,574.4952499999999,2369.64374,-7.166069999999991
2267,2267,2267.0,2267.0,2267.0,2267.0,2267.0,2267.0,2267.0,2267.0,2267.0,2267.0,2267.0,2267.0,2267.0,2267.0,2267.0,2267.0,2267.0,2267.0,2267.0,2267.0,2267.0,2267.0,7.0,0.7,229.15944,244.89154,258.61788,269.68129,277.74916,282.80183,285.06705,284.9249,282.80986,279.13088,274.22047,268.3141,261.55433,254.01141,245.71194,236.66905,226.9093,216.49289,205.52506,194.1574,196.55375643430605,296.81978560742215,2733.69217,730.4220300000002,1795.14849,-30.198170000000005
2268,2268,2268.0,2268.0,2268.0,2268.0,2268.0,2268.0,2268.0,2268.0,2268.0,2268.0,2268.0,2268.0,2268.0,2268.0,2268.0,2268.0,2268.0,2268.0,2268.0,2268.0,2268.0,2268.0,8.0,0.8,209.21821,221.37441,232.55709,242.38061,250.56459,256.9471,261.48672,264.25711,265.43844,265.30881,264.23644,262.67019,261.12336,260.14469,260.27182,261.96778,265.54768,271.11049,278.49509,287.27768,337.262150166364,321.0393766836011,3464.1142,639.5582000000004,1064.72646,-56.05290000000002
2269,2269,2269.0,2269.0,2269.0,2269.0,2269.0,2269.0,2269.0,2269.0,2269.0,2269.0,2269.0,2269.0,2269.0,2269.0,2269.0,2269.0,2269.0,2269.0,2269.0,2269.0,2269.0,2269.0,9.0,0.9,322.18117,307.96403,295.34112,284.80927,276.58674,270.62897,266.69317,264.42914,263.47166,263.51472,264.35656,265.91378,268.20858,271.33698,275.42597,280.58751,286.8763,294.25743,302.58953,311.62664,336.72391635521,235.159139090274,4103.6724,425.16825999999946,425.16825999999946,-42.37103000000002
2270,2270,2270.0,2270.0,2270.0,2270.0,2270.0,2270.0,2270.0,2270.0,2270.0,2270.0,2270.0,2270.0,2270.0,2270.0,2270.0,2270.0,2270.0,2270.0,2270.0,2270.0,2270.0,2270.0,0.0,0.0,273.0,273.0,273.0,273.0,273.0,273.0,273.0,273.0,273.0,273.0,273.0,273.0,273.0,273.0,273.0,273.0,273.0,273.0,273.0,273.0,266.6207471974081,335.69541480887824,0.0,419.35734,2203.74181,2.577729999999974
2271,2271,2271.0,2271.0,2271.0,2271.0,2271.0,2271.0,2271.0,2271.0,2271.0,2271.0,2271.0,2271.0,2271.0,2271.0,2271.0,2271.0,2271.0,2271.0,2271.0,2271.0,2271.0,2271.0,1.0,0.1,267.7096,268.74998,269.70088,270.53488,271.24224,271.83302,272.33799,272.80976,273.32505,273.98846,274.93682,276.34153,278.40563,281.3518,285.39889,290.7276,297.43979,305.52005,314.81063,325.0093,345.3473908221385,324.03662017794056,419.35734,289.3539099999999,1784.38447,2.577729999999974
2272,2272,2272.0,2272.0,2272.0,2272.0,2272.0,2272.0,2272.0,2272.0,2272.0,2272.0,2272.0,2272.0,2272.0,2272.0,2272.0,2272.0,2272.0,2272.0,2272.0,2272.0,2272.0,2272.0,2.0,0.2,332.80238,320.87222,310.09118,300.85131,293.37247,287.70698,283.77221,281.39858,280.37908,280.50919,281.61158,283.54513,286.20172,289.49613,293.35435,297.70405,302.46925,307.5692,312.91998,318.437,274.4021033340656,305.7158146009972,708.71125,186.74444000000005,1495.0305600000002,2.577729999999974
2273,2273,2273.0,2273.0,2273.0,2273.0,2273.0,2273.0,2273.0,2273.0,2273.0,2273.0,2273.0,2273.0,2273.0,2273.0,2273.0,2273.0,2273.0,2273.0,2273.0,2273.0,2273.0,2273.0,3.0,0.3,278.01716,281.32218,284.06819,286.11272,287.43891,288.14629,288.41883,288.48116,288.55455,288.82162,289.40453,290.35724,291.66961,293.28034,295.09521,297.00805,298.92125,300.76329,302.50001,304.13753,348.16757550493685,351.11807146488843,895.45569,153.4687100000001,1308.28612,2.577729999999974
2274,2274,2274.0,2274.0,2274.0,2274.0,2274.0,2274.0,2274.0,2274.0,2274.0,2274.0,2274.0,2274.0,2274.0,2274.0,2274.0,2274.0,2274.0,2274.0,2274.0,2274.0,2274.0,2274.0,4.0,0.4,337.68318,327.71608,318.71284,310.99553,304.73627,299.96309,296.59121,294.46883,293.42522,293.31152,294.02848,295.53924,297.86788,301.08507,305.28348,310.54551,316.90831,324.3323,332.68057,341.71585,261.2062732099811,346.21698222500845,1048.9244,78.38462999999979,1154.81741,2.577729999999974
2275,2275,2275.0,2275.0,2275.0,2275.0,2275.0,2275.0,2275.0,2275.0,2275.0,2275.0,2275.0,2275.0,2275.0,2275.0,2275.0,2275.0,2275.0,2275.0,2275.0,2275.0,2275.0,2275.0,5.0,0.5,268.92198,276.16358,282.5385,287.79787,291.8651,294.82885,296.90686,298.39376,299.60744,300.84477,302.35247,304.31313,306.84346,310.00021,313.78966,318.178,323.10096,328.47222,334.19031,340.14411,294.27422388587206,352.17825034348505,1127.30903,51.76765,1076.43278,2.577729999999974
2276,2276,2276.0,2276.0,2276.0,2276.0,2276.0,2276.0,2276.0,2276.0,2276.0,2276.0,2276.0,2276.0,2276.0,2276.0,2276.0,2276.0,2276.0,2276.0,2276.0,2276.0,2276.0,2276.0,6.0,0.6,293.78111,293.43423,293.35709,293.63403,294.30449,295.36832,296.79918,298.56137,300.62499,302.97617,305.62074,308.58206,311.89442,315.5943,319.71094,324.25777,329.22558,334.57816,340.25115,346.15445,341.8699480005177,176.21784625210344,1179.07668,68.68046000000004,1024.66513,2.577729999999974
2277,2277,2277.0,2277.0,2277.0,2277.0,2277.0,2277.0,2277.0,2277.0,2277.0,2277.0,2277.0,2277.0,2277.0,2277.0,2277.0,2277.0,2277.0,2277.0,2277.0,2277.0,2277.0,2277.0,7.0,0.7,334.19252,326.93917,320.47888,315.08174,310.89351,307.93008,306.08672,305.15407,304.83205,304.73679,304.40057,303.27112,300.72087,296.07816,288.68876,278.00781,263.71019,245.79563,224.65808,201.09151,346.59606719525044,263.49223200220496,1247.75714,217.64961000000017,955.98467,2.577729999999974
2278,2278,2278.0,2278.0,2278.0,2278.0,2278.0,2278.0,2278.0,2278.0,2278.0,2278.0,2278.0,2278.0,2278.0,2278.0,2278.0,2278.0,2278.0,2278.0,2278.0,2278.0,2278.0,2278.0,8.0,0.8,340.70535,334.96805,329.51725,324.44806,319.80527,315.57773,311.70054,308.06515,304.53686,300.97831,297.27613,293.36676,289.25576,285.02459,280.82002,276.8249,273.21441,270.1076,267.52792,265.38596,191.7999641635054,185.6654414362176,1465.40675,278.5566899999999,738.3350599999999,2.577729999999974
2279,2279,2279.0,2279.0,2279.0,2279.0,2279.0,2279.0,2279.0,2279.0,2279.0,2279.0,2279.0,2279.0,2279.0,2279.0,2279.0,2279.0,2279.0,2279.0,2279.0,2279.0,2279.0,2279.0,9.0,0.9,213.18978,233.4156,251.47331,266.64123,278.54008,287.12361,292.61214,295.39244,295.91092,294.5814,291.72048,287.51465,282.01774,275.17439,266.86418,256.95989,245.39115,232.20203,217.58967,201.91287,238.71247325618992,255.1138177343862,1743.96344,459.77837,459.77837,2.577729999999974
2280,2280,2280.0,2280.0,2280.0,2280.0,2280.0,2280.0,2280.0,2280.0,2280.0,2280.0,2280.0,2280.0,2280.0,2280.0,2280.0,2280.0,2280.0,2280.0,2280.0,2280.0,2280.0,2280.0,0.0,0.0,273.0,273.0,273.0,273.0,273.0,273.0,273.0,273.0,273.0,273.0,273.0,273.0,273.0,273.0,273.0,273.0,273.0,273.0,273.0,273.0,242.999343657289,262.50018626326795,0.0,469.42707,2517.4472800000003,-40.0
2281,2281,2281.0,2281.0,2281.0,2281.0,2281.0,2281.0,2281.0,2281.0,2281.0,2281.0,2281.0,2281.0,2281.0,2281.0,2281.0,2281.0,2281.0,2281.0,2281.0,2281.0,2281.0,2281.0,1.0,0.1,248.1123,252.99194,257.43653,261.30057,264.50711,267.04632,268.96252,270.33473,271.25576,271.81425,272.08198,272.10736,271.91454,271.50727,270.87616,270.00808,268.89619,267.54885,265.99567,264.289,340.37059445935927,372.8151683428424,469.42707,436.87955,2048.02021,-45.95368000000002
2282,2282,2282.0,2282.0,2282.0,2282.0,2282.0,2282.0,2282.0,2282.0,2282.0,2282.0,2282.0,2282.0,2282.0,2282.0,2282.0,2282.0,2282.0,2282.0,2282.0,2282.0,2282.0,2282.0,2.0,0.2,327.38628,315.07455,304.01085,294.59985,287.04123,281.33941,277.34985,274.84726,273.59913,273.43033,274.2696,276.17254,279.31906,283.98472,290.48727,299.11361,310.03734,323.24304,338.47615,355.2353,179.66510902085489,322.6891240750271,906.30662,257.1296800000001,1611.14066,-31.660590000000013
2283,2283,2283.0,2283.0,2283.0,2283.0,2283.0,2283.0,2283.0,2283.0,2283.0,2283.0,2283.0,2283.0,2283.0,2283.0,2283.0,2283.0,2283.0,2283.0,2283.0,2283.0,2283.0,2283.0,3.0,0.3,198.35763,216.05405,231.91597,245.38306,256.23081,264.55953,270.72692,275.24854,278.69266,281.59063,284.3742,287.34244,290.65486,294.34504,298.34906,302.54343,306.78695,310.9601,314.99446,318.88607,364.5515170903633,330.9812555524976,1163.4363,259.5273299999999,1354.0109799999998,-48.440470000000005
2284,2284,2284.0,2284.0,2284.0,2284.0,2284.0,2284.0,2284.0,2284.0,2284.0,2284.0,2284.0,2284.0,2284.0,2284.0,2284.0,2284.0,2284.0,2284.0,2284.0,2284.0,2284.0,2284.0,4.0,0.4,345.94238,328.48547,313.16097,300.64657,291.25674,284.95763,281.44268,280.2405,280.82461,282.70164,285.46638,288.82325,292.58179,296.63612,300.93813,305.47111,310.22786,315.19495,320.34354,325.62655,333.11866675356896,262.3264361575121,1422.96363,151.37860999999998,1094.48365,-28.042370000000005
2285,2285,2285.0,2285.0,2285.0,2285.0,2285.0,2285.0,2285.0,2285.0,2285.0,2285.0,2285.0,2285.0,2285.0,2285.0,2285.0,2285.0,2285.0,2285.0,2285.0,2285.0,2285.0,2285.0,5.0,0.5,326.92626,320.86924,315.0883,309.73023,304.94137,300.85389,297.56754,295.13065,293.52441,292.65285,292.34025,292.33678,292.3333,291.98647,290.95449,288.94171,285.74709,281.30738,275.72398,269.26338,249.823956590739,318.33924072524684,1574.34224,174.9477300000001,943.10504,-12.146110000000022
2286,2286,2286.0,2286.0,2286.0,2286.0,2286.0,2286.0,2286.0,2286.0,2286.0,2286.0,2286.0,2286.0,2286.0,2286.0,2286.0,2286.0,2286.0,2286.0,2286.0,2286.0,2286.0,2286.0,6.0,0.6,259.16708,267.95882,275.73109,282.16269,287.10949,290.59876,292.7946,293.94841,294.34944,294.28671,294.02756,293.81165,293.85417,294.3503,295.47349,297.36387,300.10749,303.71257,308.09136,313.05684,311.4509312184407,284.0282557491472,1749.28997,158.82867999999985,768.1573099999998,-22.401239999999973
2287,2287,2287.0,2287.0,2287.0,2287.0,2287.0,2287.0,2287.0,2287.0,2287.0,2287.0,2287.0,2287.0,2287.0,2287.0,2287.0,2287.0,2287.0,2287.0,2287.0,2287.0,2287.0,2287.0,7.0,0.7,306.98379,302.82745,299.24132,296.3952,294.35293,293.07926,292.46451,292.35739,292.59587,293.02875,293.52534,293.97454,294.27834,294.34535,294.08944,293.43582,292.33396,290.77319,288.79532,286.49841,369.3676255363871,244.2136147291184,1908.11865,183.3163800000002,609.32863,-19.920740000000023
2288,2288,2288.0,2288.0,2288.0,2288.0,2288.0,2288.0,2288.0,2288.0,2288.0,2288.0,2288.0,2288.0,2288.0,2288.0,2288.0,2288.0,2288.0,2288.0,2288.0,2288.0,2288.0,2288.0,8.0,0.8,356.81558,344.8005,333.7894,324.12413,315.99143,309.42057,304.30408,300.43217,297.53036,295.29211,293.40237,291.55244,289.44966,286.82672,283.45472,279.16156,273.85381,267.53706,260.32772,252.44982,238.6801784368128,283.2555779751045,2091.43503,227.6288099999997,426.01224999999977,-3.579430000000002
2289,2289,2289.0,2289.0,2289.0,2289.0,2289.0,2289.0,2289.0,2289.0,2289.0,2289.0,2289.0,2289.0,2289.0,2289.0,2289.0,2289.0,2289.0,2289.0,2289.0,2289.0,2289.0,2289.0,9.0,0.9,251.83184,264.15221,274.93436,283.69016,290.19447,294.47512,296.75938,297.39788,296.78816,295.31495,293.31508,291.0662,288.7918,286.67261,284.85556,283.45473,282.54368,282.14305,282.2098,282.63519,333.2303367566665,334.8470560858981,2319.06384,198.3834400000001,198.3834400000001,-18.52488
2290,2290,2290.0,2290.0,2290.0,2290.0,2290.0,2290.0,2290.0,2290.0,2290.0,2290.0,2290.0,2290.0,2290.0,2290.0,2290.0,2290.0,2290.0,2290.0,2290.0,2290.0,2290.0,2290.0,0.0,0.0,273.0,273.0,273.0,273.0,273.0,273.0,273.0,273.0,273.0,273.0,273.0,273.0,273.0,273.0,273.0,273.0,273.0,273.0,273.0,273.0,257.1796573626185,280.20254556328314,0.0,451.70377,5034.56697,-40.0
2291,2291,2291.0,2291.0,2291.0,2291.0,2291.0,2291.0,2291.0,2291.0,2291.0,2291.0,2291.0,2291.0,2291.0,2291.0,2291.0,2291.0,2291.0,2291.0,2291.0,2291.0,2291.0,2291.0,1.0,0.1,259.87612,262.44983,264.79479,266.83492,268.53093,269.87995,270.90952,271.66838,272.21671,272.6181,272.93422,273.22218,273.53353,273.91379,274.40135,275.02534,275.80241,276.73362,277.80234,278.97461,259.1901702251187,201.5052225219532,451.70377,508.12816,4582.8632,-43.12004999999999
2292,2292,2292.0,2292.0,2292.0,2292.0,2292.0,2292.0,2292.0,2292.0,2292.0,2292.0,2292.0,2292.0,2292.0,2292.0,2292.0,2292.0,2292.0,2292.0,2292.0,2292.0,2292.0,2292.0,2.0,0.2,260.76961,262.32172,263.81946,265.23625,266.54552,267.71932,268.72506,269.52,270.04308,270.20492,269.87788,268.88941,267.02316,264.03225,259.66763,253.72056,246.07362,236.7492,225.94186,214.02211,339.17720335223134,226.3137507941632,959.83193,645.23704,4074.73504,-45.28068000000002
2293,2293,2293.0,2293.0,2293.0,2293.0,2293.0,2293.0,2293.0,2293.0,2293.0,2293.0,2293.0,2293.0,2293.0,2293.0,2293.0,2293.0,2293.0,2293.0,2293.0,2293.0,2293.0,2293.0,3.0,0.3,326.78497,314.97537,304.24424,294.93338,287.19621,281.00006,276.15901,272.38519,269.34495,266.70875,264.18868,261.56134,258.67763,255.4615,251.90038,248.02959,243.91325,239.62493,235.23151,230.78349,278.2515165156809,248.8618671156687,1605.06897,644.1543899999999,3429.498,-31.99993999999998
2294,2294,2294.0,2294.0,2294.0,2294.0,2294.0,2294.0,2294.0,2294.0,2294.0,2294.0,2294.0,2294.0,2294.0,2294.0,2294.0,2294.0,2294.0,2294.0,2294.0,2294.0,2294.0,2294.0,4.0,0.4,279.72442,280.89945,281.52884,281.45205,280.61183,279.0475,276.87098,274.23474,271.30147,268.22245,265.12716,262.12279,259.29924,256.73468,254.49733,252.6415,251.19857,250.16591,249.49828,249.10594,362.2347578776052,210.99798720373445,2249.22336,630.9237499999999,2785.34361,-33.952499999999986
2295,2295,2295.0,2295.0,2295.0,2295.0,2295.0,2295.0,2295.0,2295.0,2295.0,2295.0,2295.0,2295.0,2295.0,2295.0,2295.0,2295.0,2295.0,2295.0,2295.0,2295.0,2295.0,2295.0,5.0,0.5,347.70323,333.74355,320.84539,309.35334,299.43627,291.09174,284.17842,278.46339,273.66995,269.51537,265.7337,262.08455,258.35321,254.3488,249.90624,244.89528,239.23549,232.91304,225.99261,218.61801,361.4793231215524,208.65871073728903,2880.14711,653.1012700000001,2154.41986,-21.908259999999984
2296,2296,2296.0,2296.0,2296.0,2296.0,2296.0,2296.0,2296.0,2296.0,2296.0,2296.0,2296.0,2296.0,2296.0,2296.0,2296.0,2296.0,2296.0,2296.0,2296.0,2296.0,2296.0,2296.0,6.0,0.6,350.61423,339.93136,329.59881,319.7579,310.51327,301.92653,294.01409,286.74884,280.06545,273.86827,268.04102,262.45722,256.99064,251.52504,245.9627,240.23136,234.28893,228.12568,221.76338,215.25122,264.14429263974154,341.6143625282824,3533.24838,577.6359899999998,1501.31859,-11.073469999999986
2297,2297,2297.0,2297.0,2297.0,2297.0,2297.0,2297.0,2297.0,2297.0,2297.0,2297.0,2297.0,2297.0,2297.0,2297.0,2297.0,2297.0,2297.0,2297.0,2297.0,2297.0,2297.0,2297.0,7.0,0.7,271.24492,277.67767,282.87436,286.44357,288.20986,288.21223,286.67046,283.9353,280.43927,276.66033,273.10211,270.28663,268.74877,269.01994,271.59125,276.85347,285.02145,296.06031,309.63651,325.11507,296.5232629362327,300.96062651963365,4110.88437,342.6450500000001,923.6826,-24.787770000000023
2298,2298,2298.0,2298.0,2298.0,2298.0,2298.0,2298.0,2298.0,2298.0,2298.0,2298.0,2298.0,2298.0,2298.0,2298.0,2298.0,2298.0,2298.0,2298.0,2298.0,2298.0,2298.0,2298.0,8.0,0.8,294.19382,291.93672,289.81035,287.8507,286.07189,284.47538,283.06423,281.85711,280.89673,280.24932,279.99489,280.21059,280.95193,282.2372,284.04002,286.29245,288.89812,291.75158,294.75741,297.84303,238.7959751674125,306.2965967728785,4453.52942,281.80713000000014,581.03755,-28.524620000000027
2299,2299,2299.0,2299.0,2299.0,2299.0,2299.0,2299.0,2299.0,2299.0,2299.0,2299.0,2299.0,2299.0,2299.0,2299.0,2299.0,2299.0,2299.0,2299.0,2299.0,2299.0,2299.0,2299.0,9.0,0.9,246.79722,254.38742,261.21672,267.04368,271.75906,275.3836,278.04452,279.93955,281.29846,282.35026,283.30007,284.31654,285.52779,287.02268,288.8545,291.04491,293.58717,296.44865,299.57348,302.88615,258.7489487413436,282.99303956245075,4735.33655,299.23041999999987,299.23041999999987,-37.6164
2300,2300,2300.0,2300.0,2300.0,2300.0,2300.0,2300.0,2300.0,2300.0,2300.0,2300.0,2300.0,2300.0,2300.0,2300.0,2300.0,2300.0,2300.0,2300.0,2300.0,2300.0,2300.0,2300.0,0.0,0.0,273.0,273.0,273.0,273.0,273.0,273.0,273.0,273.0,273.0,273.0,273.0,273.0,273.0,273.0,273.0,273.0,273.0,273.0,273.0,273.0,229.28513554823056,210.8616024334516,0.0,509.82338,3662.36226,-40.0
2301,2301,2301.0,2301.0,2301.0,2301.0,2301.0,2301.0,2301.0,2301.0,2301.0,2301.0,2301.0,2301.0,2301.0,2301.0,2301.0,2301.0,2301.0,2301.0,2301.0,2301.0,2301.0,2301.0,1.0,0.1,236.73443,243.84266,250.31461,255.93597,260.58992,264.25327,266.97513,268.84477,269.95638,270.37725,270.1243,269.15182,267.35224,264.57098,260.635,255.39281,248.75992,240.76095,231.55739,221.4515,285.4224229953693,358.0278748289309,509.82338,604.76929,3152.53888,-48.746730000000014
2302,2302,2302.0,2302.0,2302.0,2302.0,2302.0,2302.0,2302.0,2302.0,2302.0,2302.0,2302.0,2302.0,2302.0,2302.0,2302.0,2302.0,2302.0,2302.0,2302.0,2302.0,2302.0,2302.0,2.0,0.2,281.04024,276.95574,273.41456,270.57166,268.47516,267.07557,266.25674,265.88075,265.8376,266.09138,266.71616,267.91563,270.02111,273.46287,278.71225,286.19774,296.20633,308.78989,323.7017,340.3854,312.8358645419425,270.019664970353,1114.59267,397.2698700000001,2547.76959,-45.92442999999997
2303,2303,2303.0,2303.0,2303.0,2303.0,2303.0,2303.0,2303.0,2303.0,2303.0,2303.0,2303.0,2303.0,2303.0,2303.0,2303.0,2303.0,2303.0,2303.0,2303.0,2303.0,2303.0,2303.0,3.0,0.3,305.51058,298.4977,292.07625,286.46567,281.81178,278.18587,275.59378,273.98975,273.28896,273.37446,274.0973,275.27207,276.67333,278.03951,279.0901,279.55825,279.23484,278.01464,275.93069,273.16381,360.8615614509874,343.8424936805485,1511.86254,313.1806999999999,2150.49972,-34.81412999999998
2304,2304,2304.0,2304.0,2304.0,2304.0,2304.0,2304.0,2304.0,2304.0,2304.0,2304.0,2304.0,2304.0,2304.0,2304.0,2304.0,2304.0,2304.0,2304.0,2304.0,2304.0,2304.0,2304.0,4.0,0.4,347.57692,334.80424,322.99638,312.50077,303.53443,296.18352,290.42401,286.15658,283.24732,281.56678,281.02186,281.57675,283.26016,286.15701,290.38384,296.04991,303.20975,311.81703,321.69201,332.51367,306.62809088788856,291.1280121716471,1825.04324,181.97705,1837.31902,-16.816480000000013
2305,2305,2305.0,2305.0,2305.0,2305.0,2305.0,2305.0,2305.0,2305.0,2305.0,2305.0,2305.0,2305.0,2305.0,2305.0,2305.0,2305.0,2305.0,2305.0,2305.0,2305.0,2305.0,2305.0,5.0,0.5,306.17216,305.52281,304.53323,303.13763,301.36542,299.3332,297.21855,295.22375,293.53789,292.30455,291.5991,291.41753,291.67722,292.2293,292.88216,293.43385,293.70937,293.59602,293.06845,292.19596,225.4695042203288,307.847852713081,2007.02029,170.69367999999986,1655.34197,-13.666800000000023
2306,2306,2306.0,2306.0,2306.0,2306.0,2306.0,2306.0,2306.0,2306.0,2306.0,2306.0,2306.0,2306.0,2306.0,2306.0,2306.0,2306.0,2306.0,2306.0,2306.0,2306.0,2306.0,2306.0,6.0,0.6,238.11308,250.11626,260.9294,270.16383,277.62746,283.3222,287.40951,290.1576,291.8849,292.912,293.52866,293.97675,294.44619,295.07853,295.973,297.19136,298.76002,300.67,302.87696,305.30385,317.9882519993689,284.36327920923384,2177.71397,184.76960000000008,1484.64829,-29.67779999999999
2307,2307,2307.0,2307.0,2307.0,2307.0,2307.0,2307.0,2307.0,2307.0,2307.0,2307.0,2307.0,2307.0,2307.0,2307.0,2307.0,2307.0,2307.0,2307.0,2307.0,2307.0,2307.0,2307.0,7.0,0.7,310.89032,304.29918,298.63926,294.19082,291.06207,289.19811,288.41877,288.47092,289.08006,289.98973,290.98358,291.89124,292.58332,292.96232,292.95565,292.51412,291.61625,290.2759,288.54871,286.53316,254.87904655767795,217.59565600831976,2362.48357,222.38265,1299.87869,-23.80189000000001
2308,2308,2308.0,2308.0,2308.0,2308.0,2308.0,2308.0,2308.0,2308.0,2308.0,2308.0,2308.0,2308.0,2308.0,2308.0,2308.0,2308.0,2308.0,2308.0,2308.0,2308.0,2308.0,2308.0,8.0,0.8,261.46302,267.69841,273.29041,278.03769,281.84862,284.73193,286.7667,288.06102,288.70963,288.75879,288.18379,286.88133,284.67762,281.35158,276.67209,270.44562,262.56786,253.06966,242.14573,230.15609,184.36322353113235,184.04224597530435,2584.86622,448.9825500000002,1077.49604,-28.268070000000023
2309,2309,2309.0,2309.0,2309.0,2309.0,2309.0,2309.0,2309.0,2309.0,2309.0,2309.0,2309.0,2309.0,2309.0,2309.0,2309.0,2309.0,2309.0,2309.0,2309.0,2309.0,2309.0,2309.0,9.0,0.9,200.76682,216.48758,230.92296,243.61274,254.27043,262.7804,269.16631,273.54238,276.06062,276.86511,276.06049,273.6974,269.7745,264.25484,257.09317,248.26987,237.82588,225.89211,212.70649,198.61324,353.28268625793044,340.8357143303317,3033.84877,628.5134899999998,628.5134899999998,-50.219600000000014
2310,2310,2310.0,2310.0,2310.0,2310.0,2310.0,2310.0,2310.0,2310.0,2310.0,2310.0,2310.0,2310.0,2310.0,2310.0,2310.0,2310.0,2310.0,2310.0,2310.0,2310.0,2310.0,2310.0,0.0,0.0,273.0,273.0,273.0,273.0,273.0,273.0,273.0,273.0,273.0,273.0,273.0,273.0,273.0,273.0,273.0,273.0,273.0,273.0,273.0,273.0,227.03845932497688,204.06245425701445,0.0,515.81948,5530.80712,1.2409700000000043
2311,2311,2311.0,2311.0,2311.0,2311.0,2311.0,2311.0,2311.0,2311.0,2311.0,2311.0,2311.0,2311.0,2311.0,2311.0,2311.0,2311.0,2311.0,2311.0,2311.0,2311.0,2311.0,2311.0,1.0,0.1,234.8705,242.34389,249.14815,255.05773,259.94945,263.79826,266.65458,268.61031,269.7613,270.17355,269.8581,268.75794,266.74898,263.65636,259.28591,253.46814,246.10847,237.23376,227.02291,215.81113,219.6686222465248,276.00310843561766,515.81948,719.9229899999999,5014.98764,1.2409700000000043
2312,2312,2312.0,2312.0,2312.0,2312.0,2312.0,2312.0,2312.0,2312.0,2312.0,2312.0,2312.0,2312.0,2312.0,2312.0,2312.0,2312.0,2312.0,2312.0,2312.0,2312.0,2312.0,2312.0,2.0,0.2,226.36928,232.86394,238.96158,244.49866,249.34766,253.42111,256.6724,259.09508,260.72277,261.63095,261.94039,261.82024,261.48695,261.19475,261.21424,261.79868,263.14202,265.33734,268.34753,271.99878,264.5646675076418,192.00341299536623,1235.74247,802.97026,4295.06465,1.2409700000000043
2313,2313,2313.0,2313.0,2313.0,2313.0,2313.0,2313.0,2313.0,2313.0,2313.0,2313.0,2313.0,2313.0,2313.0,2313.0,2313.0,2313.0,2313.0,2313.0,2313.0,2313.0,2313.0,2313.0,3.0,0.3,261.98848,259.65258,257.75487,256.41864,255.67736,255.47739,255.69451,256.15652,256.6639,257.00302,256.95042,256.27105,254.71659,252.03131,247.97115,242.33784,235.0236,226.05612,215.62979,204.10999,334.6221673175951,352.58831950901003,2038.71273,806.8658400000002,3492.09439,1.2409700000000043
2314,2314,2314.0,2314.0,2314.0,2314.0,2314.0,2314.0,2314.0,2314.0,2314.0,2314.0,2314.0,2314.0,2314.0,2314.0,2314.0,2314.0,2314.0,2314.0,2314.0,2314.0,2314.0,2314.0,4.0,0.4,321.33763,308.6406,297.03738,286.89042,278.38724,271.54525,266.24822,262.30417,259.51211,257.72637,256.9089,257.16202,258.73479,261.99767,267.38281,275.29385,285.99796,299.52222,315.58192,333.56538,290.0797450227148,176.28675512279975,2845.57857,551.6242499999998,2685.2285500000003,1.2409700000000043
2315,2315,2315.0,2315.0,2315.0,2315.0,2315.0,2315.0,2315.0,2315.0,2315.0,2315.0,2315.0,2315.0,2315.0,2315.0,2315.0,2315.0,2315.0,2315.0,2315.0,2315.0,2315.0,2315.0,5.0,0.5,288.19685,286.1966,283.99677,281.57554,278.98008,276.31631,273.7223,271.33076,269.22695,267.40808,265.75001,263.98729,261.71372,258.4108,253.50864,246.47769,236.93922,224.77217,210.18746,193.74317,211.45977510894835,287.1048277262492,3397.20282,701.17452,2133.6043000000004,1.2409700000000043
2316,2316,2316.0,2316.0,2316.0,2316.0,2316.0,2316.0,2316.0,2316.0,2316.0,2316.0,2316.0,2316.0,2316.0,2316.0,2316.0,2316.0,2316.0,2316.0,2316.0,2316.0,2316.0,2316.0,6.0,0.6,222.60896,233.13892,242.51426,250.34783,256.43326,260.74231,263.39465,264.6135,264.68215,263.91217,262.62802,261.16515,259.87326,259.11384,259.24268,260.57319,263.32465,267.56759,273.18355,279.85639,298.5380486579311,333.9760941950409,4098.37734,643.1499000000003,1432.4297800000004,1.2409700000000043
2317,2317,2317.0,2317.0,2317.0,2317.0,2317.0,2317.0,2317.0,2317.0,2317.0,2317.0,2317.0,2317.0,2317.0,2317.0,2317.0,2317.0,2317.0,2317.0,2317.0,2317.0,2317.0,2317.0,7.0,0.7,290.90546,283.73704,277.42189,272.21861,268.23269,265.42959,263.67619,262.7973,262.63217,263.07942,264.12346,265.84038,268.38496,271.96162,276.78378,283.0263,290.77815,300.00299,310.51695,321.99031,372.177573192747,356.78679041347885,4741.52724,375.9947999999995,789.27988,1.2409700000000043
2318,2318,2318.0,2318.0,2318.0,2318.0,2318.0,2318.0,2318.0,2318.0,2318.0,2318.0,2318.0,2318.0,2318.0,2318.0,2318.0,2318.0,2318.0,2318.0,2318.0,2318.0,2318.0,2318.0,8.0,0.8,354.80922,338.17499,322.92249,309.54562,298.34988,289.45406,282.82252,278.3158,275.74584,274.92401,275.69466,277.95157,281.63822,286.73477,293.23556,301.12155,310.33249,320.74381,332.15338,344.28168,349.5880508421513,259.1132342317911,5117.52204,195.5380100000002,413.28508000000056,1.2409700000000043
2319,2319,2319.0,2319.0,2319.0,2319.0,2319.0,2319.0,2319.0,2319.0,2319.0,2319.0,2319.0,2319.0,2319.0,2319.0,2319.0,2319.0,2319.0,2319.0,2319.0,2319.0,2319.0,2319.0,9.0,0.9,341.17892,332.91555,324.95074,317.44733,310.57417,304.49475,299.34993,295.2374,292.19118,290.16361,289.01289,288.49888,288.29087,287.99103,287.17546,285.45162,282.5246,278.25943,272.72313,266.19151,359.76052469130707,285.7849277523237,5313.06005,217.74707000000035,217.74707000000035,1.2409700000000043
2320,2320,2320.0,2320.0,2320.0,2320.0,2320.0,2320.0,2320.0,2320.0,2320.0,2320.0,2320.0,2320.0,2320.0,2320.0,2320.0,2320.0,2320.0,2320.0,2320.0,2320.0,2320.0,2320.0,0.0,0.0,273.0,273.0,273.0,273.0,273.0,273.0,273.0,273.0,273.0,273.0,273.0,273.0,273.0,273.0,273.0,273.0,273.0,273.0,273.0,273.0,368.2331747438655,240.33519488858337,0.0,435.46834,3162.92591,-40.0
2321,2321,2321.0,2321.0,2321.0,2321.0,2321.0,2321.0,2321.0,2321.0,2321.0,2321.0,2321.0,2321.0,2321.0,2321.0,2321.0,2321.0,2321.0,2321.0,2321.0,2321.0,2321.0,2321.0,1.0,0.1,352.00063,336.50807,322.39376,310.11556,299.91083,291.79863,285.61669,281.07784,277.82948,275.50302,273.74704,272.24417,270.71656,268.92681,266.68023,263.83197,260.29872,256.07129,251.22255,245.90501,252.5818593460486,292.8700783193419,435.46834,413.16046,2727.45757,-21.20137
2322,2322,2322.0,2322.0,2322.0,2322.0,2322.0,2322.0,2322.0,2322.0,2322.0,2322.0,2322.0,2322.0,2322.0,2322.0,2322.0,2322.0,2322.0,2322.0,2322.0,2322.0,2322.0,2322.0,2.0,0.2,260.7302,268.23369,274.55179,279.32676,282.41951,283.89914,283.99647,283.03939,281.38971,279.39561,277.36585,275.56377,274.21316,273.50624,273.60521,274.63296,276.654,279.65177,283.51144,288.01732,231.3858569946776,351.4125674425071,848.6288,360.6429600000001,2314.29711,-29.10086000000001
2323,2323,2323.0,2323.0,2323.0,2323.0,2323.0,2323.0,2323.0,2323.0,2323.0,2323.0,2323.0,2323.0,2323.0,2323.0,2323.0,2323.0,2323.0,2323.0,2323.0,2323.0,2323.0,2323.0,3.0,0.3,239.43403,247.13967,254.20029,260.3866,265.56372,269.69897,272.85754,275.19033,276.91802,278.31531,279.69668,281.40292,283.78573,287.18694,291.91001,298.18396,306.12402,315.69697,326.70144,338.77215,353.1485283671837,275.90531932952337,1209.27176,271.08717,1953.65415,-43.301030000000026
2324,2324,2324.0,2324.0,2324.0,2324.0,2324.0,2324.0,2324.0,2324.0,2324.0,2324.0,2324.0,2324.0,2324.0,2324.0,2324.0,2324.0,2324.0,2324.0,2324.0,2324.0,2324.0,2324.0,4.0,0.4,338.23882,324.16378,311.63942,301.1726,293.01744,287.18283,283.48035,281.59301,281.14348,281.74594,283.03478,284.67211,286.34314,287.75084,288.61981,288.71461,287.87046,286.02823,283.26073,279.77814,308.6946881332356,265.0017012308767,1480.35893,237.69358999999983,1682.5669799999998,-25.817169999999976
2325,2325,2325.0,2325.0,2325.0,2325.0,2325.0,2325.0,2325.0,2325.0,2325.0,2325.0,2325.0,2325.0,2325.0,2325.0,2325.0,2325.0,2325.0,2325.0,2325.0,2325.0,2325.0,2325.0,5.0,0.5,306.58313,304.4089,302.13494,299.76702,297.357,294.99163,292.77084,290.78227,289.07886,287.66461,286.49062,285.46104,284.44664,283.30335,281.89285,280.10267,277.86347,275.16108,272.04135,268.60632,305.5844829977365,219.0055682965665,1718.05252,287.01055,1444.87339,-18.008370000000014
2326,2326,2326.0,2326.0,2326.0,2326.0,2326.0,2326.0,2326.0,2326.0,2326.0,2326.0,2326.0,2326.0,2326.0,2326.0,2326.0,2326.0,2326.0,2326.0,2326.0,2326.0,2326.0,2326.0,6.0,0.6,303.93907,302.28072,300.59949,298.8901,297.15149,295.38362,293.58196,291.72989,289.79039,287.69808,285.35334,282.62052,279.33255,275.30378,270.35212,264.32906,257.15349,248.84241,239.53012,229.4686,322.08579858389567,284.1130188873375,2005.06307,351.7442400000002,1157.86284,-17.616379999999992
2327,2327,2327.0,2327.0,2327.0,2327.0,2327.0,2327.0,2327.0,2327.0,2327.0,2327.0,2327.0,2327.0,2327.0,2327.0,2327.0,2327.0,2327.0,2327.0,2327.0,2327.0,2327.0,2327.0,7.0,0.7,317.50809,313.04279,308.7838,304.79229,301.08988,297.66015,294.45805,291.42485,288.50626,285.67083,282.92619,280.3303,277.99482,276.07736,274.76093,274.22111,274.58543,275.8934,278.06802,280.9091,342.22962979494844,335.5475008073325,2356.80731,271.46408999999994,806.1185999999998,-15.339850000000013
2328,2328,2328.0,2328.0,2328.0,2328.0,2328.0,2328.0,2328.0,2328.0,2328.0,2328.0,2328.0,2328.0,2328.0,2328.0,2328.0,2328.0,2328.0,2328.0,2328.0,2328.0,2328.0,2328.0,8.0,0.8,334.87654,327.71792,320.9258,314.63284,308.92478,303.84348,299.39918,295.58875,292.4159,289.90966,288.13768,287.21198,287.28468,288.53254,291.12992,295.21252,300.83706,307.94504,316.3405,325.68984,191.2603139440166,233.5792092797526,2628.2714,199.1002199999998,534.6545099999998,-9.15652
2329,2329,2329.0,2329.0,2329.0,2329.0,2329.0,2329.0,2329.0,2329.0,2329.0,2329.0,2329.0,2329.0,2329.0,2329.0,2329.0,2329.0,2329.0,2329.0,2329.0,2329.0,2329.0,2329.0,9.0,0.9,211.07451,229.81673,246.57234,260.70475,271.91425,280.22835,285.9348,289.48021,291.36027,292.02294,291.7979,290.85782,289.2119,286.7293,283.18864,278.34737,272.02067,264.15522,254.88079,244.52432,270.5698351386795,262.7940672316868,2827.37162,335.55429000000004,335.55429000000004,-32.77165000000002
2330,2330,2330.0,2330.0,2330.0,2330.0,2330.0,2330.0,2330.0,2330.0,2330.0,2330.0,2330.0,2330.0,2330.0,2330.0,2330.0,2330.0,2330.0,2330.0,2330.0,2330.0,2330.0,2330.0,0.0,0.0,273.0,273.0,273.0,273.0,273.0,273.0,273.0,273.0,273.0,273.0,273.0,273.0,273.0,273.0,273.0,273.0,273.0,273.0,273.0,273.0,229.43679594913024,223.76647561772285,0.0,501.20949,4467.00953,-40.0
2331,2331,2331.0,2331.0,2331.0,2331.0,2331.0,2331.0,2331.0,2331.0,2331.0,2331.0,2331.0,2331.0,2331.0,2331.0,2331.0,2331.0,2331.0,2331.0,2331.0,2331.0,2331.0,2331.0,1.0,0.1,236.86054,243.94465,250.3953,255.99959,260.6424,264.30298,267.03445,268.93277,270.10294,270.62879,270.55094,269.85532,268.47341,266.29451,263.18937,259.04286,253.79098,247.45491,240.16353,232.15682,225.78969381367,285.1839349446698,501.20949,655.55591,3965.80004,-48.69702000000001
2332,2332,2332.0,2332.0,2332.0,2332.0,2332.0,2332.0,2332.0,2332.0,2332.0,2332.0,2332.0,2332.0,2332.0,2332.0,2332.0,2332.0,2332.0,2332.0,2332.0,2332.0,2332.0,2332.0,2.0,0.2,231.59793,237.24202,242.56892,247.44633,251.76963,255.46612,258.49697,260.8582,262.58188,263.7384,264.43935,264.83934,265.13384,265.54937,266.32362,267.67512,269.76644,272.66813,276.33384,280.59552,236.7969455191493,353.3047467109144,1156.7654,642.5527300000001,3310.24413,-57.53388000000001
2333,2333,2333.0,2333.0,2333.0,2333.0,2333.0,2333.0,2333.0,2333.0,2333.0,2333.0,2333.0,2333.0,2333.0,2333.0,2333.0,2333.0,2333.0,2333.0,2333.0,2333.0,2333.0,2333.0,3.0,0.3,239.43114,242.06701,244.70052,247.31884,249.9018,252.42839,254.88768,257.29235,259.69281,262.18944,264.94064,268.16381,272.1265,277.12504,283.44979,291.33877,300.92631,312.19672,324.95583,338.83098,200.9908170776518,367.6134403499237,1799.31813,531.5463799999998,2667.6914,-60.57160999999999
2334,2334,2334.0,2334.0,2334.0,2334.0,2334.0,2334.0,2334.0,2334.0,2334.0,2334.0,2334.0,2334.0,2334.0,2334.0,2334.0,2334.0,2334.0,2334.0,2334.0,2334.0,2334.0,2334.0,4.0,0.4,209.71458,218.16979,226.1291,233.43891,240.03731,245.95586,251.3078,256.26791,261.04997,265.88604,271.00979,276.64366,282.98828,290.21204,298.43963,307.73939,318.11111,329.47704,341.67947,354.4874,194.5369049664341,334.5774779039772,2330.86451,517.29961,2136.1450200000004,-67.04414
2335,2335,2335.0,2335.0,2335.0,2335.0,2335.0,2335.0,2335.0,2335.0,2335.0,2335.0,2335.0,2335.0,2335.0,2335.0,2335.0,2335.0,2335.0,2335.0,2335.0,2335.0,2335.0,2335.0,5.0,0.5,202.86077,211.07305,219.07735,226.80495,234.22256,241.33435,248.17816,254.81674,261.32564,267.77913,274.23634,280.72948,287.2565,293.78021,300.23522,306.54265,312.63017,318.45315,324.01116,329.35444,337.90928194043977,295.54391005551406,2848.16412,444.9546599999999,1618.8454100000004,-71.66565
2336,2336,2336.0,2336.0,2336.0,2336.0,2336.0,2336.0,2336.0,2336.0,2336.0,2336.0,2336.0,2336.0,2336.0,2336.0,2336.0,2336.0,2336.0,2336.0,2336.0,2336.0,2336.0,2336.0,6.0,0.6,321.11924,305.40885,291.70773,280.67941,272.66256,267.6754,265.47171,265.62546,267.61953,270.91931,275.02178,279.48012,283.91093,287.99374,291.47165,294.15784,295.94817,296.83528,296.91718,296.39327,346.98601691376496,361.492281094896,3293.11878,253.4282700000004,1173.8907500000005,-45.324599999999975
2337,2337,2337.0,2337.0,2337.0,2337.0,2337.0,2337.0,2337.0,2337.0,2337.0,2337.0,2337.0,2337.0,2337.0,2337.0,2337.0,2337.0,2337.0,2337.0,2337.0,2337.0,2337.0,2337.0,7.0,0.7,335.42658,324.30547,314.02404,304.91529,297.22254,291.09063,286.57001,283.63227,282.19428,282.14704,283.38526,285.83247,289.4572,294.27545,300.33715,307.69693,316.3744,326.31296,337.34897,349.20203,189.98017115729468,309.4060585600055,3546.54705,156.12504999999965,920.46248,-21.909370000000024
2338,2338,2338.0,2338.0,2338.0,2338.0,2338.0,2338.0,2338.0,2338.0,2338.0,2338.0,2338.0,2338.0,2338.0,2338.0,2338.0,2338.0,2338.0,2338.0,2338.0,2338.0,2338.0,2338.0,8.0,0.8,208.53347,226.09278,241.82109,255.15798,265.87652,274.07109,280.08847,284.42648,287.62702,290.1851,292.48617,294.77485,297.15198,299.59447,301.99127,304.18944,306.0432,307.45829,308.42289,309.01833,220.29034287320675,198.01140233061955,3702.6721,291.7301400000001,764.3374300000005,-38.92890999999997
2339,2339,2339.0,2339.0,2339.0,2339.0,2339.0,2339.0,2339.0,2339.0,2339.0,2339.0,2339.0,2339.0,2339.0,2339.0,2339.0,2339.0,2339.0,2339.0,2339.0,2339.0,2339.0,2339.0,9.0,0.9,227.85689,235.36394,242.74238,249.90757,256.75914,263.18529,269.06855,274.28817,278.71602,282.20514,284.57366,285.59061,284.97167,282.39344,277.53113,270.11896,260.02418,247.31828,232.32473,215.62468,344.46898661113937,237.3996963970216,3994.40224,472.6072900000004,472.6072900000004,-49.81470999999999
2340,2340,2340.0,2340.0,2340.0,2340.0,2340.0,2340.0,2340.0,2340.0,2340.0,2340.0,2340.0,2340.0,2340.0,2340.0,2340.0,2340.0,2340.0,2340.0,2340.0,2340.0,2340.0,2340.0,0.0,0.0,273.0,273.0,273.0,273.0,273.0,273.0,273.0,273.0,273.0,273.0,273.0,273.0,273.0,273.0,273.0,273.0,273.0,273.0,273.0,273.0,368.70321810954033,256.8940878006128,0.0,425.42686,2452.5282,-40.0
2341,2341,2341.0,2341.0,2341.0,2341.0,2341.0,2341.0,2341.0,2341.0,2341.0,2341.0,2341.0,2341.0,2341.0,2341.0,2341.0,2341.0,2341.0,2341.0,2341.0,2341.0,2341.0,2341.0,1.0,0.1,352.391,336.82269,322.6402,310.30458,300.05604,291.91689,285.72955,281.21466,278.03253,275.83485,274.29976,273.14982,272.15678,271.13918,269.95826,268.51571,266.75442,264.66072,262.26557,259.64158,220.691256466163,338.972140721702,425.42686,365.01237,2027.10134,-21.083109999999976
2342,2342,2342.0,2342.0,2342.0,2342.0,2342.0,2342.0,2342.0,2342.0,2342.0,2342.0,2342.0,2342.0,2342.0,2342.0,2342.0,2342.0,2342.0,2342.0,2342.0,2342.0,2342.0,2342.0,2.0,0.2,234.32626,247.072,258.17875,267.14237,273.7546,278.09295,280.46296,281.31602,281.16772,280.53519,279.90114,279.7019,280.329,282.13126,285.4066,290.37825,297.15834,305.7089,315.81477,327.08239,311.63161079120454,314.76343772183,790.43923,276.15782000000013,1662.0889700000002,-34.90705000000003
2343,2343,2343.0,2343.0,2343.0,2343.0,2343.0,2343.0,2343.0,2343.0,2343.0,2343.0,2343.0,2343.0,2343.0,2343.0,2343.0,2343.0,2343.0,2343.0,2343.0,2343.0,2343.0,2343.0,3.0,0.3,304.59165,298.01004,292.27233,287.63776,284.21734,281.98589,280.81978,280.54644,280.99073,282.00735,283.49476,285.39217,287.66551,290.28977,293.23438,296.45583,299.89849,303.50161,307.20851,310.9735,211.6234255209445,291.8787529237548,1066.59705,237.93644999999992,1385.93115,-31.014110000000016
2344,2344,2344.0,2344.0,2344.0,2344.0,2344.0,2344.0,2344.0,2344.0,2344.0,2344.0,2344.0,2344.0,2344.0,2344.0,2344.0,2344.0,2344.0,2344.0,2344.0,2344.0,2344.0,2344.0,4.0,0.4,224.40778,236.56673,247.57095,257.06017,264.87747,271.0611,275.80195,279.38164,282.10829,284.263,286.0644,287.65253,289.08962,290.37344,291.45872,292.28273,292.79106,292.95975,292.81003,292.41233,276.127546497451,356.72572734120115,1304.5335,280.2176199999999,1147.9947000000002,-41.93889999999999
2345,2345,2345.0,2345.0,2345.0,2345.0,2345.0,2345.0,2345.0,2345.0,2345.0,2345.0,2345.0,2345.0,2345.0,2345.0,2345.0,2345.0,2345.0,2345.0,2345.0,2345.0,2345.0,2345.0,5.0,0.5,274.16533,272.50845,271.40895,271.02633,271.41171,272.51749,274.22739,276.39777,278.89965,281.65363,284.65247,287.96961,291.75302,296.20486,301.54821,307.98373,315.64187,324.53965,334.55253,345.41089,328.72692436843454,326.36410311010627,1584.75112,174.48473000000013,867.7770800000003,-40.48250999999999
2346,2346,2346.0,2346.0,2346.0,2346.0,2346.0,2346.0,2346.0,2346.0,2346.0,2346.0,2346.0,2346.0,2346.0,2346.0,2346.0,2346.0,2346.0,2346.0,2346.0,2346.0,2346.0,2346.0,6.0,0.6,319.55127,310.87862,303.1504,296.69851,291.72033,288.27899,286.32448,285.72672,286.31068,287.88526,290.26212,293.26398,296.72567,300.49249,304.42024,308.37973,312.26605,316.00978,319.58615,323.01712,226.4662976586054,366.6972159390127,1759.23585,119.23723999999991,693.2923500000002,-24.72100999999998
2347,2347,2347.0,2347.0,2347.0,2347.0,2347.0,2347.0,2347.0,2347.0,2347.0,2347.0,2347.0,2347.0,2347.0,2347.0,2347.0,2347.0,2347.0,2347.0,2347.0,2347.0,2347.0,2347.0,7.0,0.7,238.11675,249.17531,259.14686,267.70649,274.73383,280.30511,284.65139,288.0993,291.0115,293.73996,296.5982,299.85109,303.71631,308.36919,313.94396,320.52754,328.14636,336.75087,346.20453,356.28441,196.19446876005148,334.40576038914503,1878.47309,145.79162999999994,574.0551100000002,-32.69488999999999
2348,2348,2348.0,2348.0,2348.0,2348.0,2348.0,2348.0,2348.0,2348.0,2348.0,2348.0,2348.0,2348.0,2348.0,2348.0,2348.0,2348.0,2348.0,2348.0,2348.0,2348.0,2348.0,2348.0,8.0,0.8,209.65587,222.72688,235.06487,246.41333,256.62403,265.66046,273.58447,280.53083,286.67599,292.2066,297.29223,302.06508,306.60851,310.95523,315.0953,318.99266,322.60719,325.91771,328.94017,331.73566,304.52995129080364,230.539080880306,2024.26472,198.91434000000004,428.2634800000003,-47.33954
2349,2349,2349.0,2349.0,2349.0,2349.0,2349.0,2349.0,2349.0,2349.0,2349.0,2349.0,2349.0,2349.0,2349.0,2349.0,2349.0,2349.0,2349.0,2349.0,2349.0,2349.0,2349.0,2349.0,9.0,0.9,296.94306,290.04784,284.42927,280.48375,278.37841,278.05495,279.26874,281.64589,284.73998,288.07517,291.17081,293.55119,294.75014,294.32208,291.86874,287.08438,279.81379,270.10918,258.26736,244.83016,283.06395387032273,328.05922973543807,2223.17906,229.34914000000023,229.34914000000023,-34.94504999999998
2350,2350,2350.0,2350.0,2350.0,2350.0,2350.0,2350.0,2350.0,2350.0,2350.0,2350.0,2350.0,2350.0,2350.0,2350.0,2350.0,2350.0,2350.0,2350.0,2350.0,2350.0,2350.0,2350.0,0.0,0.0,273.0,273.0,273.0,273.0,273.0,273.0,273.0,273.0,273.0,273.0,273.0,273.0,273.0,273.0,273.0,273.0,273.0,273.0,273.0,273.0,312.0675840665283,277.8056143472252,0.0,428.80276,1876.38292,2.4193500000000085
2351,2351,2351.0,2351.0,2351.0,2351.0,2351.0,2351.0,2351.0,2351.0,2351.0,2351.0,2351.0,2351.0,2351.0,2351.0,2351.0,2351.0,2351.0,2351.0,2351.0,2351.0,2351.0,2351.0,1.0,0.1,305.409,299.05424,293.26572,288.23229,284.05315,280.73952,278.23083,276.41934,275.17635,274.37469,273.90428,273.68012,273.64371,273.75988,274.01068,274.38816,274.8871,275.49891,276.20748,276.98751,252.07879448336485,349.5356051515652,428.80276,360.55702,1447.58016,2.4193500000000085
2352,2352,2352.0,2352.0,2352.0,2352.0,2352.0,2352.0,2352.0,2352.0,2352.0,2352.0,2352.0,2352.0,2352.0,2352.0,2352.0,2352.0,2352.0,2352.0,2352.0,2352.0,2352.0,2352.0,2.0,0.2,257.59076,262.74748,267.25102,270.90462,273.63427,275.48636,276.6066,277.20995,277.5513,277.90434,278.55045,279.77524,281.86638,285.10556,289.7491,295.99555,303.94471,313.55759,324.62997,336.7914,300.17414022508774,323.8650577557469,789.35978,253.6651999999999,1087.02314,2.4193500000000085
2353,2353,2353.0,2353.0,2353.0,2353.0,2353.0,2353.0,2353.0,2353.0,2353.0,2353.0,2353.0,2353.0,2353.0,2353.0,2353.0,2353.0,2353.0,2353.0,2353.0,2353.0,2353.0,2353.0,3.0,0.3,295.51792,291.15424,287.33551,284.24416,281.98011,280.56639,279.96883,280.12178,280.95199,282.39458,284.39864,286.92375,289.93107,293.37375,297.19101,301.30846,305.64471,310.12194,314.6765,319.26527,298.43879243645995,332.1770189194128,1043.02498,176.16243000000009,833.3579400000001,2.4193500000000085
2354,2354,2354.0,2354.0,2354.0,2354.0,2354.0,2354.0,2354.0,2354.0,2354.0,2354.0,2354.0,2354.0,2354.0,2354.0,2354.0,2354.0,2354.0,2354.0,2354.0,2354.0,2354.0,2354.0,4.0,0.4,296.01673,293.69937,291.58697,289.77126,288.33194,287.33407,286.82675,286.84314,287.4018,288.50921,290.1628,292.35396,295.0703,298.29643,302.0129,306.19333,310.80036,315.78143,321.06607,326.56572,348.7715179106067,353.0221292229612,1219.18741,114.23277000000007,657.19551,2.4193500000000085
2355,2355,2355.0,2355.0,2355.0,2355.0,2355.0,2355.0,2355.0,2355.0,2355.0,2355.0,2355.0,2355.0,2355.0,2355.0,2355.0,2355.0,2355.0,2355.0,2355.0,2355.0,2355.0,2355.0,5.0,0.5,338.70356,329.09929,320.36694,312.81631,306.63694,301.8992,298.57489,296.56948,295.75702,296.01061,297.22403,299.32294,302.26636,306.03971,310.64156,316.06634,322.28575,329.23241,336.78945,344.78921,215.6979383893652,271.68000568677826,1333.42018,76.85080999999991,542.9627399999999,2.4193500000000085
2356,2356,2356.0,2356.0,2356.0,2356.0,2356.0,2356.0,2356.0,2356.0,2356.0,2356.0,2356.0,2356.0,2356.0,2356.0,2356.0,2356.0,2356.0,2356.0,2356.0,2356.0,2356.0,2356.0,6.0,0.6,231.51522,246.49713,259.9389,271.36551,280.57779,287.64011,292.82,296.50014,299.08512,300.92148,302.24227,303.13996,303.56731,303.36312,302.29855,300.13833,296.70782,291.95397,285.9864,279.08668,344.77709468334217,317.22478029776414,1410.27099,126.05404999999996,466.11193,2.4193500000000085
2357,2357,2357.0,2357.0,2357.0,2357.0,2357.0,2357.0,2357.0,2357.0,2357.0,2357.0,2357.0,2357.0,2357.0,2357.0,2357.0,2357.0,2357.0,2357.0,2357.0,2357.0,2357.0,2357.0,7.0,0.7,333.61005,323.18292,314.11709,306.82585,301.47318,297.9853,296.10483,295.46843,295.68688,296.41152,297.37844,298.42874,299.5081,300.65015,301.94847,303.52152,305.47534,307.86981,310.69519,313.86451,369.9606530118138,276.8893624033294,1536.32504,117.17445999999995,340.05788000000007,2.4193500000000085
2358,2358,2358.0,2358.0,2358.0,2358.0,2358.0,2358.0,2358.0,2358.0,2358.0,2358.0,2358.0,2358.0,2358.0,2358.0,2358.0,2358.0,2358.0,2358.0,2358.0,2358.0,2358.0,2358.0,8.0,0.8,358.82323,348.1002,338.1614,329.29579,321.68939,315.41935,310.4623,306.71216,304.00169,302.1229,300.84353,299.9192,299.10317,298.15652,296.8618,295.04094,292.57631,289.43031,285.65759,281.40403,277.0920375103186,313.2541956257097,1653.4995,130.84129000000007,222.8834200000001,2.4193500000000085
2359,2359,2359.0,2359.0,2359.0,2359.0,2359.0,2359.0,2359.0,2359.0,2359.0,2359.0,2359.0,2359.0,2359.0,2359.0,2359.0,2359.0,2359.0,2359.0,2359.0,2359.0,2359.0,2359.0,9.0,0.9,284.65725,291.67083,297.66878,302.34101,305.562,307.3828,307.99251,307.66392,306.69937,305.38885,303.986,302.70085,301.7039,301.13357,301.10061,301.68535,302.92787,304.8148,307.26893,310.14769,235.63124133161185,320.53780915345624,1784.34079,92.04213000000004,92.04213000000004,2.4193500000000085
2360,2360,2360.0,2360.0,2360.0,2360.0,2360.0,2360.0,2360.0,2360.0,2360.0,2360.0,2360.0,2360.0,2360.0,2360.0,2360.0,2360.0,2360.0,2360.0,2360.0,2360.0,2360.0,2360.0,0.0,0.0,273.0,273.0,273.0,273.0,273.0,273.0,273.0,273.0,273.0,273.0,273.0,273.0,273.0,273.0,273.0,273.0,273.0,273.0,273.0,273.0,216.73310055256027,333.7900861200403,0.0,448.78004,5714.061019999999,-40.0
2361,2361,2361.0,2361.0,2361.0,2361.0,2361.0,2361.0,2361.0,2361.0,2361.0,2361.0,2361.0,2361.0,2361.0,2361.0,2361.0,2361.0,2361.0,2361.0,2361.0,2361.0,2361.0,2361.0,1.0,0.1,226.32487,235.48017,243.82309,251.08536,257.13096,261.95641,265.67122,268.46793,270.5913,272.31391,273.92104,275.70319,277.95096,280.94641,284.94571,290.1517,296.6796,304.52387,313.53662,323.42748,283.6343209769622,181.38764028469515,448.78004,467.81464000000005,5265.28098,-51.04359
2362,2362,2362.0,2362.0,2362.0,2362.0,2362.0,2362.0,2362.0,2362.0,2362.0,2362.0,2362.0,2362.0,2362.0,2362.0,2362.0,2362.0,2362.0,2362.0,2362.0,2362.0,2362.0,2362.0,2.0,0.2,279.12858,275.00401,271.58193,269.07812,267.5808,267.05329,267.35473,268.2679,269.52247,270.80676,271.76692,271.9997,271.04992,268.42497,263.63579,256.26618,246.06113,233.01431,217.42852,199.92486,348.5425240754372,257.2676492204268,916.59468,584.51047,4797.46634,-45.94671
2363,2363,2363.0,2363.0,2363.0,2363.0,2363.0,2363.0,2363.0,2363.0,2363.0,2363.0,2363.0,2363.0,2363.0,2363.0,2363.0,2363.0,2363.0,2363.0,2363.0,2363.0,2363.0,2363.0,3.0,0.3,335.11916,322.28851,310.56159,300.30324,291.69719,284.74443,279.29096,275.07511,271.78329,269.10425,266.7748,264.61266,262.53364,260.55135,258.75885,257.29368,256.29175,255.83946,255.93598,256.47723,350.0181208499207,242.90273749056257,1501.10515,527.7364,4212.95587,-28.255569999999977
2364,2364,2364.0,2364.0,2364.0,2364.0,2364.0,2364.0,2364.0,2364.0,2364.0,2364.0,2364.0,2364.0,2364.0,2364.0,2364.0,2364.0,2364.0,2364.0,2364.0,2364.0,2364.0,2364.0,4.0,0.4,340.0376,330.26737,320.90144,312.10339,303.99609,296.65627,290.11405,284.35672,279.33555,274.97399,271.1762,267.83474,264.83731,262.07285,259.43748,256.84081,254.21233,251.50705,248.70873,245.82919,353.05596034970534,196.179765317896,2028.84155,525.81565,3685.21947,-16.343729999999994
2365,2365,2365.0,2365.0,2365.0,2365.0,2365.0,2365.0,2365.0,2365.0,2365.0,2365.0,2365.0,2365.0,2365.0,2365.0,2365.0,2365.0,2365.0,2365.0,2365.0,2365.0,2365.0,2365.0,5.0,0.5,344.17659,335.42714,326.92822,318.7829,311.07,303.83935,297.10855,290.86059,285.04197,279.56091,274.28648,269.05013,263.65174,257.87259,251.49662,244.33923,236.28,227.29264,217.46403,206.99508,252.4905304677985,283.1957458338972,2554.6572,546.8669799999998,3159.40382,-9.160649999999976
2366,2366,2366.0,2366.0,2366.0,2366.0,2366.0,2366.0,2366.0,2366.0,2366.0,2366.0,2366.0,2366.0,2366.0,2366.0,2366.0,2366.0,2366.0,2366.0,2366.0,2366.0,2366.0,2366.0,6.0,0.6,261.73553,270.25874,277.44145,282.8474,286.26236,287.69056,287.31658,285.44924,282.46496,278.76409,274.74555,270.79761,267.29638,264.60191,263.0427,262.88525,264.29183,267.27692,271.677,277.14768,331.68319493038143,191.98957577688947,3101.52418,491.2989000000002,2612.53684,-25.309439999999995
2367,2367,2367.0,2367.0,2367.0,2367.0,2367.0,2367.0,2367.0,2367.0,2367.0,2367.0,2367.0,2367.0,2367.0,2367.0,2367.0,2367.0,2367.0,2367.0,2367.0,2367.0,2367.0,2367.0,7.0,0.7,322.99168,314.68518,307.08349,300.39275,294.68449,289.90393,285.90004,282.46454,279.36684,276.37572,273.26521,269.80854,265.76885,260.8969,254.94397,247.693,239.00386,228.86156,217.41178,204.96909,220.02923952358103,196.3716865187824,3592.82308,631.99813,2121.23794,-23.09607
2368,2368,2368.0,2368.0,2368.0,2368.0,2368.0,2368.0,2368.0,2368.0,2368.0,2368.0,2368.0,2368.0,2368.0,2368.0,2368.0,2368.0,2368.0,2368.0,2368.0,2368.0,2368.0,2368.0,8.0,0.8,232.5117,244.22078,254.49093,262.84631,269.03944,273.04262,275.00127,275.16685,273.82842,271.25775,267.67594,263.24177,258.05751,252.18513,245.66633,238.54101,230.86124,222.69939,214.15064,205.33095,231.3374324243174,305.4332248903473,4224.82121,776.14797,1489.23981,-39.95738
2369,2369,2369.0,2369.0,2369.0,2369.0,2369.0,2369.0,2369.0,2369.0,2369.0,2369.0,2369.0,2369.0,2369.0,2369.0,2369.0,2369.0,2369.0,2369.0,2369.0,2369.0,2369.0,2369.0,9.0,0.9,236.93175,242.3298,247.34214,251.79407,255.53535,258.45158,260.47676,261.60607,261.90804,261.53477,260.72849,259.82113,259.22273,259.3938,260.79879,263.8422,268.79517,275.72734,284.46251,294.57472,318.3928051264552,192.91296883035284,5000.96918,713.09184,713.09184,-54.54842000000002
2370,2370,2370.0,2370.0,2370.0,2370.0,2370.0,2370.0,2370.0,2370.0,2370.0,2370.0,2370.0,2370.0,2370.0,2370.0,2370.0,2370.0,2370.0,2370.0,2370.0,2370.0,2370.0,2370.0,0.0,0.0,273.0,273.0,273.0,273.0,273.0,273.0,273.0,273.0,273.0,273.0,273.0,273.0,273.0,273.0,273.0,273.0,273.0,273.0,273.0,273.0,315.31186858743683,224.88483262837784,0.0,459.2697,4614.976739999999,-40.0
2371,2371,2371.0,2371.0,2371.0,2371.0,2371.0,2371.0,2371.0,2371.0,2371.0,2371.0,2371.0,2371.0,2371.0,2371.0,2371.0,2371.0,2371.0,2371.0,2371.0,2371.0,2371.0,2371.0,1.0,0.1,308.09899,301.21424,294.94025,289.47864,284.93147,281.30093,278.50385,276.39412,274.78557,273.47004,272.22851,270.8366,269.06844,266.70373,263.54165,259.42287,254.2569,248.04857,240.91518,233.08669,187.9714732463428,335.29485741176336,459.2697,506.60179,4155.707039999999,-31.69907000000001
2372,2372,2372.0,2372.0,2372.0,2372.0,2372.0,2372.0,2372.0,2372.0,2372.0,2372.0,2372.0,2372.0,2372.0,2372.0,2372.0,2372.0,2372.0,2372.0,2372.0,2372.0,2372.0,2372.0,2.0,0.2,204.48518,220.11231,234.09322,245.89262,255.24785,262.16377,266.86554,269.72963,271.21502,271.81092,272.00742,272.2856,273.11663,274.95642,278.22497,283.26592,290.2911,299.32362,310.15846,322.35835,285.4895577438041,225.8166940695058,965.87149,505.88673,3649.10525,-50.83623
2373,2373,2373.0,2373.0,2373.0,2373.0,2373.0,2373.0,2373.0,2373.0,2373.0,2373.0,2373.0,2373.0,2373.0,2373.0,2373.0,2373.0,2373.0,2373.0,2373.0,2373.0,2373.0,2373.0,3.0,0.3,279.92984,274.84491,270.62923,267.53728,265.65795,264.92489,265.15381,266.09082,267.45585,268.9698,270.36203,271.36303,271.69262,271.05628,269.15949,265.74416,260.64217,253.83265,245.4846,235.96701,312.5272433695093,278.59090357485314,1471.75822,527.86195,3143.21852,-48.07511
2374,2374,2374.0,2374.0,2374.0,2374.0,2374.0,2374.0,2374.0,2374.0,2374.0,2374.0,2374.0,2374.0,2374.0,2374.0,2374.0,2374.0,2374.0,2374.0,2374.0,2374.0,2374.0,2374.0,4.0,0.4,305.01155,297.8255,291.25701,285.51886,280.72943,276.9099,273.99654,271.86401,270.35447,269.30757,268.58746,268.10344,267.82173,267.76606,268.00592,268.63314,269.73045,271.3388,273.4319,275.90625,290.070659393107,240.72539281988512,1999.62017,480.6393300000002,2615.35657,-36.09010000000001
2375,2375,2375.0,2375.0,2375.0,2375.0,2375.0,2375.0,2375.0,2375.0,2375.0,2375.0,2375.0,2375.0,2375.0,2375.0,2375.0,2375.0,2375.0,2375.0,2375.0,2375.0,2375.0,2375.0,5.0,0.5,288.52546,286.927,285.2376,283.44617,281.57146,279.65709,277.75995,275.93524,274.22142,272.62787,271.12683,269.65079,268.09581,266.33146,264.21744,261.6259,258.46673,254.71103,250.40669,245.68071,311.6314770998761,190.413654751047,2480.2595,547.89608,2134.71724,-33.34291000000002
2376,2376,2376.0,2376.0,2376.0,2376.0,2376.0,2376.0,2376.0,2376.0,2376.0,2376.0,2376.0,2376.0,2376.0,2376.0,2376.0,2376.0,2376.0,2376.0,2376.0,2376.0,2376.0,2376.0,6.0,0.6,306.23687,301.00608,296.07968,291.55655,287.4834,283.85276,280.60768,277.64958,274.84609,272.0366,269.03544,265.63466,261.60962,256.73124,250.78698,243.61049,235.11577,225.32865,214.40631,202.63667,229.4308462847113,350.05692031283405,3028.15558,607.0447599999998,1586.82116,-29.14724000000001
2377,2377,2377.0,2377.0,2377.0,2377.0,2377.0,2377.0,2377.0,2377.0,2377.0,2377.0,2377.0,2377.0,2377.0,2377.0,2377.0,2377.0,2377.0,2377.0,2377.0,2377.0,2377.0,2377.0,7.0,0.7,238.99466,247.95957,255.80959,262.17583,266.8695,269.88174,271.35777,271.55923,270.82906,269.56863,268.22939,267.31354,267.37197,268.98621,272.72399,279.06628,288.315,300.50225,315.32822,332.15314,249.49042539014303,328.1246838298293,3635.20034,452.11397000000034,979.7764000000002,-43.11826000000002
2378,2378,2378.0,2378.0,2378.0,2378.0,2378.0,2378.0,2378.0,2378.0,2378.0,2378.0,2378.0,2378.0,2378.0,2378.0,2378.0,2378.0,2378.0,2378.0,2378.0,2378.0,2378.0,2378.0,8.0,0.8,251.95227,254.38843,256.77074,259.06903,261.25642,263.31882,265.26625,267.14236,269.02883,271.04241,273.32437,276.02388,279.27831,283.19437,287.83356,293.20448,299.26305,305.9194,313.04888,320.50403,355.72317950074984,344.2100994307072,4087.31431,318.87485999999944,527.6624299999999,-49.68117999999998
2379,2379,2379.0,2379.0,2379.0,2379.0,2379.0,2379.0,2379.0,2379.0,2379.0,2379.0,2379.0,2379.0,2379.0,2379.0,2379.0,2379.0,2379.0,2379.0,2379.0,2379.0,2379.0,2379.0,9.0,0.9,339.9057,324.91435,311.46496,300.07844,291.03922,284.40112,280.032,277.68046,277.04597,277.83755,279.81285,282.79585,286.67637,291.39646,296.92934,303.25543,310.33957,318.11284,326.46172,335.22659,321.4980974883273,201.2226438759396,4406.18917,208.7875700000004,208.7875700000004,-28.59888000000001
2380,2380,2380.0,2380.0,2380.0,2380.0,2380.0,2380.0,2380.0,2380.0,2380.0,2380.0,2380.0,2380.0,2380.0,2380.0,2380.0,2380.0,2380.0,2380.0,2380.0,2380.0,2380.0,2380.0,0.0,0.0,273.0,273.0,273.0,273.0,273.0,273.0,273.0,273.0,273.0,273.0,273.0,273.0,273.0,273.0,273.0,273.0,273.0,273.0,273.0,273.0,350.0140085202065,232.79423876522424,0.0,444.0305,5446.16033,-40.0
2381,2381,2381.0,2381.0,2381.0,2381.0,2381.0,2381.0,2381.0,2381.0,2381.0,2381.0,2381.0,2381.0,2381.0,2381.0,2381.0,2381.0,2381.0,2381.0,2381.0,2381.0,2381.0,2381.0,1.0,0.1,336.88649,324.35721,312.94194,303.01015,294.75233,288.18128,283.16127,279.45249,276.75771,274.76065,273.1513,271.63875,269.95629,267.86479,265.15992,261.68559,257.35249,252.15684,246.19237,239.64895,202.65071605092425,194.3600303185581,444.0305,528.12039,5002.12983,-24.818719999999985
2382,2382,2382.0,2382.0,2382.0,2382.0,2382.0,2382.0,2382.0,2382.0,2382.0,2382.0,2382.0,2382.0,2382.0,2382.0,2382.0,2382.0,2382.0,2382.0,2382.0,2382.0,2382.0,2382.0,2.0,0.2,218.39173,233.18665,246.22966,256.96134,265.1176,270.71589,273.99084,275.30207,275.03931,273.54477,271.06369,267.72522,263.54976,258.47615,252.40141,245.22636,236.90019,227.45712,217.03819,205.89309,329.6102801179753,254.66603087105184,972.15089,699.67222,4474.00944,-42.28411
2383,2383,2383.0,2383.0,2383.0,2383.0,2383.0,2383.0,2383.0,2383.0,2383.0,2383.0,2383.0,2383.0,2383.0,2383.0,2383.0,2383.0,2383.0,2383.0,2383.0,2383.0,2383.0,2383.0,3.0,0.3,317.83922,306.72803,296.82308,288.472,281.78592,276.65345,272.7963,269.84786,267.4339,265.23949,263.05314,260.78598,258.4683,256.22736,254.25061,252.73943,251.85939,251.69544,252.2216,253.29323,220.8469305679297,294.06703786576094,1671.82311,626.11016,3774.33722,-36.34654999999998
2384,2384,2384.0,2384.0,2384.0,2384.0,2384.0,2384.0,2384.0,2384.0,2384.0,2384.0,2384.0,2384.0,2384.0,2384.0,2384.0,2384.0,2384.0,2384.0,2384.0,2384.0,2384.0,2384.0,4.0,0.4,231.29412,241.07263,249.61507,256.53257,261.65196,265.00958,266.81079,267.37152,267.05963,266.24878,265.29034,264.50161,264.16361,264.52044,265.77362,268.06846,271.47429,275.96421,281.40242,287.54628,292.2313091029054,286.40297251030086,2297.93327,572.8187699999999,3148.22706,-47.99041999999997
2385,2385,2385.0,2385.0,2385.0,2385.0,2385.0,2385.0,2385.0,2385.0,2385.0,2385.0,2385.0,2385.0,2385.0,2385.0,2385.0,2385.0,2385.0,2385.0,2385.0,2385.0,2385.0,2385.0,5.0,0.5,286.52652,281.17778,276.48303,272.63926,269.7251,267.71036,266.48638,265.9062,265.82283,266.11701,266.71057,267.56613,268.677,270.05257,271.7038,273.6322,275.82368,278.24726,280.8572,283.59688,212.16930505474247,234.421873583224,2870.75204,555.15085,2575.40829,-45.28964000000002
2386,2386,2386.0,2386.0,2386.0,2386.0,2386.0,2386.0,2386.0,2386.0,2386.0,2386.0,2386.0,2386.0,2386.0,2386.0,2386.0,2386.0,2386.0,2386.0,2386.0,2386.0,2386.0,2386.0,6.0,0.6,222.22569,231.77212,240.37559,247.73828,253.72458,258.3537,261.76398,264.16105,265.76302,266.75387,267.2512,267.29106,266.82938,265.75848,263.93627,261.22459,257.53124,252.84807,247.27621,241.03085,212.7263109592352,304.1132709297117,3425.90289,711.7479699999999,2020.25744,-54.6463
2387,2387,2387.0,2387.0,2387.0,2387.0,2387.0,2387.0,2387.0,2387.0,2387.0,2387.0,2387.0,2387.0,2387.0,2387.0,2387.0,2387.0,2387.0,2387.0,2387.0,2387.0,2387.0,2387.0,7.0,0.7,219.55601,226.21706,232.55181,238.42349,243.72422,248.38084,252.35872,255.66441,258.34787,260.50488,262.27921,263.86291,265.49163,267.43146,269.95467,273.30421,277.65151,283.05579,289.4366,296.56995,368.37324822120064,326.3938335421341,4137.65086,599.8289100000002,1308.50947,-64.61916
2388,2388,2388.0,2388.0,2388.0,2388.0,2388.0,2388.0,2388.0,2388.0,2388.0,2388.0,2388.0,2388.0,2388.0,2388.0,2388.0,2388.0,2388.0,2388.0,2388.0,2388.0,2388.0,2388.0,8.0,0.8,347.35617,327.46643,309.6721,294.65988,282.77602,274.03676,268.19584,264.84419,263.51426,263.7673,265.2512,267.72628,271.06313,275.22048,280.21096,286.06245,292.78123,300.32232,308.57178,317.34385,250.08614789630505,296.1952783991462,4737.47977,359.7605400000002,708.6805599999998,-38.96323999999999
2389,2389,2389.0,2389.0,2389.0,2389.0,2389.0,2389.0,2389.0,2389.0,2389.0,2389.0,2389.0,2389.0,2389.0,2389.0,2389.0,2389.0,2389.0,2389.0,2389.0,2389.0,2389.0,2389.0,9.0,0.9,256.35998,262.11568,266.93461,270.57144,272.98525,274.32441,274.875,274.99023,275.02017,275.25587,275.89535,277.03188,278.66078,280.69921,283.01402,285.45305,287.87588,290.18004,292.31811,294.30234,333.18046335210704,252.06192131246485,5097.24031,348.9200199999996,348.9200199999996,-38.67559
2390,2390,2390.0,2390.0,2390.0,2390.0,2390.0,2390.0,2390.0,2390.0,2390.0,2390.0,2390.0,2390.0,2390.0,2390.0,2390.0,2390.0,2390.0,2390.0,2390.0,2390.0,2390.0,2390.0,0.0,0.0,273.0,273.0,273.0,273.0,273.0,273.0,273.0,273.0,273.0,273.0,273.0,273.0,273.0,273.0,273.0,273.0,273.0,273.0,273.0,273.0,353.7545297189905,281.9305332643208,0.0,414.37513,2613.35764,5.372869999999978
2391,2391,2391.0,2391.0,2391.0,2391.0,2391.0,2391.0,2391.0,2391.0,2391.0,2391.0,2391.0,2391.0,2391.0,2391.0,2391.0,2391.0,2391.0,2391.0,2391.0,2391.0,2391.0,2391.0,1.0,0.1,339.99081,326.85522,314.89003,304.4855,295.84664,288.99644,283.80938,280.06214,277.48785,275.82236,274.83625,274.35129,274.24352,274.43681,274.89065,275.58575,276.50974,277.64515,278.96119,280.4104,333.28131013718473,303.1835468224049,414.37513,319.83989999999994,2198.9825100000003,5.372869999999978
2392,2392,2392.0,2392.0,2392.0,2392.0,2392.0,2392.0,2392.0,2392.0,2392.0,2392.0,2392.0,2392.0,2392.0,2392.0,2392.0,2392.0,2392.0,2392.0,2392.0,2392.0,2392.0,2392.0,2.0,0.2,327.0248,320.83638,314.79105,308.97451,303.48199,298.41232,293.85938,289.90384,286.60791,284.01453,282.15081,281.0338,280.6761,281.08844,282.27722,284.2368,286.93791,290.31531,294.25913,298.61332,343.6030493869322,363.4636290143549,734.21503,212.77085,1879.1426100000003,5.372869999999978
2393,2393,2393.0,2393.0,2393.0,2393.0,2393.0,2393.0,2393.0,2393.0,2393.0,2393.0,2393.0,2393.0,2393.0,2393.0,2393.0,2393.0,2393.0,2393.0,2393.0,2393.0,2393.0,2393.0,3.0,0.3,336.43803,329.43211,322.73311,316.46916,310.74471,305.64206,301.22771,297.56226,294.71217,292.76119,291.81945,292.0277,293.55383,296.57913,301.27297,307.7572,316.06521,326.10434,337.63221,350.25665,314.702408969188,240.5999326339316,946.98588,119.16323000000013,1666.3717600000002,5.372869999999978
2394,2394,2394.0,2394.0,2394.0,2394.0,2394.0,2394.0,2394.0,2394.0,2394.0,2394.0,2394.0,2394.0,2394.0,2394.0,2394.0,2394.0,2394.0,2394.0,2394.0,2394.0,2394.0,2394.0,4.0,0.4,313.85261,312.89076,311.73331,310.34633,308.75406,307.03304,305.29303,303.64883,302.18747,300.93563,299.83218,298.71077,297.29814,295.23358,292.11274,287.55411,281.27933,273.19062,263.42486,252.36512,290.32235747383163,220.9892991578107,1066.14911,193.37589000000003,1547.20853,5.372869999999978
2395,2395,2395.0,2395.0,2395.0,2395.0,2395.0,2395.0,2395.0,2395.0,2395.0,2395.0,2395.0,2395.0,2395.0,2395.0,2395.0,2395.0,2395.0,2395.0,2395.0,2395.0,2395.0,2395.0,5.0,0.5,293.19482,295.86306,298.14881,299.91911,301.09468,301.64588,301.57846,300.91347,299.66624,297.82928,295.36196,292.18879,288.2066,283.29975,277.36174,270.3204,262.16271,252.95465,242.85127,232.09331,347.2539210546545,273.75893619058775,1259.525,274.11736,1353.83264,5.372869999999978
2396,2396,2396.0,2396.0,2396.0,2396.0,2396.0,2396.0,2396.0,2396.0,2396.0,2396.0,2396.0,2396.0,2396.0,2396.0,2396.0,2396.0,2396.0,2396.0,2396.0,2396.0,2396.0,2396.0,6.0,0.6,338.98455,331.06067,323.77065,317.30238,311.72276,306.98259,302.94283,299.41362,296.19669,293.12306,290.08111,287.03231,284.014,281.12889,278.5224,276.34983,274.73811,273.74937,273.35496,273.42813,294.6749373059419,199.23582169980853,1533.64236,292.8475699999999,1079.71528,5.372869999999978
2397,2397,2397.0,2397.0,2397.0,2397.0,2397.0,2397.0,2397.0,2397.0,2397.0,2397.0,2397.0,2397.0,2397.0,2397.0,2397.0,2397.0,2397.0,2397.0,2397.0,2397.0,2397.0,2397.0,7.0,0.7,297.33078,299.67323,301.43639,302.43744,302.59224,301.90891,300.46321,298.36315,295.71145,292.57263,288.94954,284.77197,279.89897,274.13593,267.26645,259.09673,249.50638,238.4959,226.21839,212.98464,364.9435446995972,360.20720391755333,1826.48993,331.0283700000002,786.8677100000002,5.372869999999978
2398,2398,2398.0,2398.0,2398.0,2398.0,2398.0,2398.0,2398.0,2398.0,2398.0,2398.0,2398.0,2398.0,2398.0,2398.0,2398.0,2398.0,2398.0,2398.0,2398.0,2398.0,2398.0,2398.0,8.0,0.8,353.65917,342.80678,332.75058,323.73613,315.86783,309.11842,303.36583,298.44736,294.2199,290.61554,287.6847,285.61997,284.75506,285.53362,288.4458,293.93609,302.29511,313.55702,327.42992,343.28357,335.7311257156083,209.90329707438164,2157.5183,205.7190299999997,455.83934,5.372869999999978
2399,2399,2399.0,2399.0,2399.0,2399.0,2399.0,2399.0,2399.0,2399.0,2399.0,2399.0,2399.0,2399.0,2399.0,2399.0,2399.0,2399.0,2399.0,2399.0,2399.0,2399.0,2399.0,2399.0,9.0,0.9,332.09274,328.3853,324.56318,320.62115,316.60041,312.58211,308.66957,304.96225,301.52533,298.35873,295.36972,292.35451,288.99519,284.87929,279.54663,272.56274,263.60952,252.57421,239.6126,225.16362,362.23029533420856,336.6260480159956,2363.23733,250.12031000000025,250.12031000000025,5.372869999999978
2400,2400,2400.0,2400.0,2400.0,2400.0,2400.0,2400.0,2400.0,2400.0,2400.0,2400.0,2400.0,2400.0,2400.0,2400.0,2400.0,2400.0,2400.0,2400.0,2400.0,2400.0,2400.0,0.0,,0.0,273.0,273.0,273.0,273.0,273.0,273.0,273.0,273.0,273.0,273.0,273.0,273.0,273.0,273.0,273.0,273.0,273.0,273.0,273.0,273.0,307.1478679916934,374.7770461682093,0.0,385.7889,1327.822,-40.0
2401,2401,2401.0,2401.0,2401.0,2401.0,2401.0,2401.0,2401.0,2401.0,2401.0,2401.0,2401.0,2401.0,2401.0,2401.0,2401.0,2401.0,2401.0,2401.0,2401.0,2401.0,2401.0,1.0,,0.1,301.3302,295.7799,290.7291,286.3481,282.7336,279.9137,277.8674,276.5546,275.9482,276.066,276.9945,278.9015,282.0333,286.6926,293.1956,301.8112,312.69,325.7987,340.8767,357.4309,374.02901292196543,375.08297051195336,385.7889,174.93579999999997,942.0331,-33.086299999999994
2402,2402,2402.0,2402.0,2402.0,2402.0,2402.0,2402.0,2402.0,2402.0,2402.0,2402.0,2402.0,2402.0,2402.0,2402.0,2402.0,2402.0,2402.0,2402.0,2402.0,2402.0,2402.0,2.0,,0.2,358.6687,343.9563,330.466,318.64,308.7607,300.9525,295.2105,291.4436,289.5201,289.3053,290.6855,293.5771,297.9219,303.675,310.7865,319.1848,328.7616,339.3628,350.7863,362.7861,172.2437234839282,371.8614033080824,560.7247,75.32209999999998,767.0972999999999,-12.047500000000014
2403,2403,2403.0,2403.0,2403.0,2403.0,2403.0,2403.0,2403.0,2403.0,2403.0,2403.0,2403.0,2403.0,2403.0,2403.0,2403.0,2403.0,2403.0,2403.0,2403.0,2403.0,2403.0,3.0,,0.3,195.8745,218.2336,238.2502,255.2074,268.8163,279.2015,286.8166,292.3188,296.4387,299.8716,303.2047,306.8821,311.2002,316.3232,322.3077,329.1291,336.7057,344.9174,353.6204,362.6568,332.1287804419205,171.06002355733756,636.0468,118.41690000000006,691.7751999999999,-33.79849999999999
2404,2404,2404.0,2404.0,2404.0,2404.0,2404.0,2404.0,2404.0,2404.0,2404.0,2404.0,2404.0,2404.0,2404.0,2404.0,2404.0,2404.0,2404.0,2404.0,2404.0,2404.0,2404.0,4.0,,0.4,321.1142,310.9777,302.4574,296.0455,291.938,290.0445,290.0421,291.4497,293.6965,296.1662,298.2143,299.166,298.3127,294.9284,288.3209,277.9209,263.3987,244.7795,222.5218,197.5267,370.2576719562581,371.3007838969368,754.4637,201.2382,573.3582999999999,-22.95549999999997
2405,2405,2405.0,2405.0,2405.0,2405.0,2405.0,2405.0,2405.0,2405.0,2405.0,2405.0,2405.0,2405.0,2405.0,2405.0,2405.0,2405.0,2405.0,2405.0,2405.0,2405.0,2405.0,5.0,,0.5,357.7317,345.7236,334.6855,324.9508,316.7034,309.9748,304.6659,300.5913,297.536,295.3193,293.8539,293.1932,293.5531,295.3005,298.8983,304.8113,313.3847,324.7217,338.5942,354.4166,175.8060747137198,296.74243960634334,955.7019,115.3907999999999,372.1200999999999,-3.025199999999984
2406,2406,2406.0,2406.0,2406.0,2406.0,2406.0,2406.0,2406.0,2406.0,2406.0,2406.0,2406.0,2406.0,2406.0,2406.0,2406.0,2406.0,2406.0,2406.0,2406.0,2406.0,2406.0,6.0,,0.6,199.8345,222.5561,242.8603,259.9838,273.5835,283.7246,290.7998,295.4063,298.216,299.8631,300.8651,301.579,302.1924,302.7398,303.1415,303.2544,302.9308,302.073,300.6737,298.8323,375.1833254985058,375.70497916922994,1071.0927,122.7266000000002,256.7293,-29.27539999999999
2407,2407,2407.0,2407.0,2407.0,2407.0,2407.0,2407.0,2407.0,2407.0,2407.0,2407.0,2407.0,2407.0,2407.0,2407.0,2407.0,2407.0,2407.0,2407.0,2407.0,2407.0,2407.0,7.0,,0.7,357.3481,340.652,326.0543,314.1996,305.3569,299.441,296.0985,294.8293,295.1109,296.4997,298.6957,301.5683,305.1467,309.5838,315.1001,321.9163,330.1842,339.9265,350.9978,363.0786,296.3856597715059,359.0237299221606,1193.8193,38.94959999999992,134.00269999999978,-13.559000000000026
2408,2408,2408.0,2408.0,2408.0,2408.0,2408.0,2408.0,2408.0,2408.0,2408.0,2408.0,2408.0,2408.0,2408.0,2408.0,2408.0,2408.0,2408.0,2408.0,2408.0,2408.0,2408.0,8.0,,0.8,298.7898,300.9448,302.6604,303.8476,304.5362,304.8631,305.0405,305.3129,305.9163,307.0466,308.8417,311.3755,314.6625,318.667,323.3157,328.511,334.1439,340.1053,346.295,352.626,272.2384183628528,272.68716160618294,1232.7689,24.23219999999992,95.05309999999986,-8.136900000000026
2409,2409,2409.0,2409.0,2409.0,2409.0,2409.0,2409.0,2409.0,2409.0,2409.0,2409.0,2409.0,2409.0,2409.0,2409.0,2409.0,2409.0,2409.0,2409.0,2409.0,2409.0,2409.0,9.0,,0.9,277.7776,283.1138,288.0755,292.5461,296.4754,299.8768,302.8101,305.3562,307.5865,309.5331,311.1638,312.3681,312.9551,312.6712,311.2348,308.3889,303.9628,297.9302,290.4484,281.8655,274.4530118926391,271.8232026209664,1257.0011,70.82089999999994,70.82089999999994,-13.123199999999995
2410,2410,2410.0,2410.0,2410.0,2410.0,2410.0,2410.0,2410.0,2410.0,2410.0,2410.0,2410.0,2410.0,2410.0,2410.0,2410.0,2410.0,2410.0,2410.0,2410.0,2410.0,2410.0,0.0,,0.0,273.0,273.0,273.0,273.0,273.0,273.0,273.0,273.0,273.0,273.0,273.0,273.0,273.0,273.0,273.0,273.0,273.0,273.0,273.0,273.0,309.29520328053826,373.229866070955,0.0,385.5832,1271.471,-40.0
2411,2411,2411.0,2411.0,2411.0,2411.0,2411.0,2411.0,2411.0,2411.0,2411.0,2411.0,2411.0,2411.0,2411.0,2411.0,2411.0,2411.0,2411.0,2411.0,2411.0,2411.0,2411.0,1.0,,0.1,303.1115,297.2118,291.8427,287.1847,283.3398,280.3363,278.1495,276.732,276.0484,276.1069,276.9847,278.8404,281.9115,286.4925,292.8927,301.3752,312.0876,324.9965,339.845,356.1474,373.0703160885434,374.239179316237,385.5832,175.6234,885.8878,-32.663700000000006
2412,2412,2412.0,2412.0,2412.0,2412.0,2412.0,2412.0,2412.0,2412.0,2412.0,2412.0,2412.0,2412.0,2412.0,2412.0,2412.0,2412.0,2412.0,2412.0,2412.0,2412.0,2412.0,2.0,,0.2,357.9771,343.5134,330.2372,318.5802,308.8194,301.0803,295.363,291.5843,289.6211,289.3467,290.6539,293.464,297.7227,303.3875,310.4108,318.7226,328.2159,338.7376,350.0855,362.0129,174.8429620411456,371.6339988177497,561.2066,75.70270000000005,710.2644,-11.919699999999978
2413,2413,2413.0,2413.0,2413.0,2413.0,2413.0,2413.0,2413.0,2413.0,2413.0,2413.0,2413.0,2413.0,2413.0,2413.0,2413.0,2413.0,2413.0,2413.0,2413.0,2413.0,2413.0,3.0,,0.3,198.0212,219.9494,239.575,256.1937,269.5218,279.6828,287.1238,292.4925,296.5094,299.8605,303.1259,306.7453,311.0132,316.0939,322.0452,328.8444,336.4111,344.6255,353.3426,362.4018,334.2631086430534,172.60637783837316,636.9093,115.72079999999994,634.5617,-33.317200000000014
2414,2414,2414.0,2414.0,2414.0,2414.0,2414.0,2414.0,2414.0,2414.0,2414.0,2414.0,2414.0,2414.0,2414.0,2414.0,2414.0,2414.0,2414.0,2414.0,2414.0,2414.0,2414.0,4.0,,0.4,323.0056,312.6294,303.8761,297.2412,292.9241,290.8371,290.6601,291.9145,294.0315,296.3969,298.3689,299.2756,298.4124,295.0578,288.5236,278.2442,263.8909,245.4866,223.4837,198.773,364.7585278210443,370.0334085299478,752.6301,198.154,518.8409,-22.16289999999998
2415,2415,2415.0,2415.0,2415.0,2415.0,2415.0,2415.0,2415.0,2415.0,2415.0,2415.0,2415.0,2415.0,2415.0,2415.0,2415.0,2415.0,2415.0,2415.0,2415.0,2415.0,2415.0,5.0,,0.5,353.3251,342.3532,332.2468,323.305,315.6955,309.4498,304.483,300.6325,297.7095,295.5579,294.1106,293.4348,293.7533,295.4339,298.9363,304.7202,313.1263,324.2564,337.8854,353.4362,171.93426363813083,330.22010080361565,950.7841,108.87260000000003,320.68690000000004,-3.550200000000018
2416,2416,2416.0,2416.0,2416.0,2416.0,2416.0,2416.0,2416.0,2416.0,2416.0,2416.0,2416.0,2416.0,2416.0,2416.0,2416.0,2416.0,2416.0,2416.0,2416.0,2416.0,2416.0,6.0,,0.6,196.4279,219.6088,240.3605,257.9139,271.9213,282.4469,289.8877,294.8547,298.0471,300.144,301.7284,303.2464,304.9947,307.131,309.6982,312.6563,315.9177,319.3808,322.9557,326.5801,362.8006823766858,360.8579043625069,1059.6567,101.11419999999998,211.8143,-30.55309999999997
2417,2417,2417.0,2417.0,2417.0,2417.0,2417.0,2417.0,2417.0,2417.0,2417.0,2417.0,2417.0,2417.0,2417.0,2417.0,2417.0,2417.0,2417.0,2417.0,2417.0,2417.0,2417.0,7.0,,0.7,346.8626,332.0017,319.1252,308.8431,301.4113,296.751,294.5304,294.2765,295.4888,297.7289,300.6751,304.1402,308.0607,312.4661,317.4382,323.0685,329.4183,336.4886,344.2017,352.3994,326.7598601505788,374.0792864485535,1160.7709,36.07110000000012,110.70010000000002,-16.249000000000024
2418,2418,2418.0,2418.0,2418.0,2418.0,2418.0,2418.0,2418.0,2418.0,2418.0,2418.0,2418.0,2418.0,2418.0,2418.0,2418.0,2418.0,2418.0,2418.0,2418.0,2418.0,2418.0,8.0,,0.8,323.3959,320.0922,316.9231,313.9854,311.3983,309.2941,307.8048,307.0468,307.1109,308.0576,309.9193,312.7069,316.4161,321.0332,326.5346,332.8827,340.0179,347.85,356.252,365.0599,271.7478240512976,270.50282544912386,1196.842,18.7174,74.6289999999999,-3.7058999999999855
2419,2419,2419.0,2419.0,2419.0,2419.0,2419.0,2419.0,2419.0,2419.0,2419.0,2419.0,2419.0,2419.0,2419.0,2419.0,2419.0,2419.0,2419.0,2419.0,2419.0,2419.0,2419.0,9.0,,0.9,278.6972,285.3085,291.3005,296.4912,300.8177,304.3282,307.1521,309.4558,311.3931,313.0606,314.4635,315.4969,315.9472,315.5143,313.8574,310.6595,305.7019,298.934,290.5211,280.8523,271.2917452287927,272.89567113910414,1215.5594,55.91159999999991,55.91159999999991,-8.671800000000019
2420,2420,2420.0,2420.0,2420.0,2420.0,2420.0,2420.0,2420.0,2420.0,2420.0,2420.0,2420.0,2420.0,2420.0,2420.0,2420.0,2420.0,2420.0,2420.0,2420.0,2420.0,2420.0,0.0,,0.0,273.0,273.0,273.0,273.0,273.0,273.0,273.0,273.0,273.0,273.0,273.0,273.0,273.0,273.0,273.0,273.0,273.0,273.0,273.0,273.0,307.28542550438937,372.0317494221412,0.0,386.7729,1288.0453,-40.0
2421,2421,2421.0,2421.0,2421.0,2421.0,2421.0,2421.0,2421.0,2421.0,2421.0,2421.0,2421.0,2421.0,2421.0,2421.0,2421.0,2421.0,2421.0,2421.0,2421.0,2421.0,2421.0,1.0,,0.1,301.4442,295.8714,290.8,286.4008,282.7705,279.9367,277.8775,276.5506,275.9262,276.0181,276.907,278.7537,281.7958,286.3265,292.6525,301.0348,311.6198,324.3747,339.0459,355.1535,374.1239832662816,370.9979603517763,386.7729,179.2403,901.2724,-33.06330000000003
2422,2422,2422.0,2422.0,2422.0,2422.0,2422.0,2422.0,2422.0,2422.0,2422.0,2422.0,2422.0,2422.0,2422.0,2422.0,2422.0,2422.0,2422.0,2422.0,2422.0,2422.0,2422.0,2.0,,0.2,358.7497,344.0227,330.5157,318.6702,308.7668,300.9283,295.1471,291.3289,289.338,289.0346,290.2992,293.0414,297.1961,302.7111,309.531,317.5801,326.7497,336.889,347.8041,359.2615,170.3523579242697,375.1401518268422,566.0132,80.63279999999997,722.0321,-12.07170000000002
2423,2423,2423.0,2423.0,2423.0,2423.0,2423.0,2423.0,2423.0,2423.0,2423.0,2423.0,2423.0,2423.0,2423.0,2423.0,2423.0,2423.0,2423.0,2423.0,2423.0,2423.0,2423.0,3.0,,0.3,194.2925,216.9436,237.2197,254.3928,268.1669,278.665,286.3431,291.8649,295.9711,299.37,302.6653,306.3215,310.6588,315.8678,322.0315,329.1483,337.1514,345.9231,355.3063,365.1144,331.81819117333987,175.7662480865907,646.646,120.216,641.3993,-34.33499999999998
2424,2424,2424.0,2424.0,2424.0,2424.0,2424.0,2424.0,2424.0,2424.0,2424.0,2424.0,2424.0,2424.0,2424.0,2424.0,2424.0,2424.0,2424.0,2424.0,2424.0,2424.0,2424.0,4.0,,0.4,320.7323,310.5313,301.9589,295.5113,291.3868,289.4955,289.5149,290.9647,293.2767,295.8395,298.0163,299.1418,298.5188,295.4324,289.2001,279.2589,265.2805,247.2849,225.7189,201.4653,368.0586577044168,372.0615723212947,766.862,195.5376,521.1833,-23.504500000000007
2425,2425,2425.0,2425.0,2425.0,2425.0,2425.0,2425.0,2425.0,2425.0,2425.0,2425.0,2425.0,2425.0,2425.0,2425.0,2425.0,2425.0,2425.0,2425.0,2425.0,2425.0,2425.0,5.0,,0.5,355.8319,344.1121,333.3425,323.851,315.8203,309.2846,304.1506,300.2404,297.3463,295.2931,293.9963,293.5075,294.0376,295.944,299.6783,305.6936,314.3259,325.6742,339.5129,355.266,175.86932743988746,327.10984626104,962.3996,105.37779999999998,325.64570000000003,-3.715399999999988
2426,2426,2426.0,2426.0,2426.0,2426.0,2426.0,2426.0,2426.0,2426.0,2426.0,2426.0,2426.0,2426.0,2426.0,2426.0,2426.0,2426.0,2426.0,2426.0,2426.0,2426.0,2426.0,6.0,,0.6,199.7544,222.3482,242.554,259.6188,273.2065,283.3877,290.5604,295.3312,298.39,300.4021,301.9325,303.4052,305.0923,307.1255,309.5227,312.2228,315.125,318.1247,321.1422,324.1375,321.6230293884442,371.30352773275087,1067.7774,104.4208000000001,220.26790000000005,-29.612300000000005
2427,2427,2427.0,2427.0,2427.0,2427.0,2427.0,2427.0,2427.0,2427.0,2427.0,2427.0,2427.0,2427.0,2427.0,2427.0,2427.0,2427.0,2427.0,2427.0,2427.0,2427.0,2427.0,7.0,,0.7,312.9221,304.957,298.341,293.4743,290.5051,289.3483,289.7482,291.3642,293.856,296.9499,300.478,304.3889,308.735,313.6426,319.272,325.7729,333.2414,341.6848,351.0004,360.9746,372.98362560078726,373.1450804394091,1172.1982,39.88650000000007,115.84709999999995,-23.651700000000005
2428,2428,2428.0,2428.0,2428.0,2428.0,2428.0,2428.0,2428.0,2428.0,2428.0,2428.0,2428.0,2428.0,2428.0,2428.0,2428.0,2428.0,2428.0,2428.0,2428.0,2428.0,2428.0,8.0,,0.8,359.8121,347.2635,335.8903,326.119,318.2194,312.3022,308.3407,306.2086,305.7218,306.6769,308.8801,312.1639,316.3924,321.459,327.2772,333.7699,340.8582,348.453,356.4493,364.7253,272.1013551154428,273.2453104986738,1212.0847,25.82009999999991,75.96059999999989,-0.6977999999999724
2429,2429,2429.0,2429.0,2429.0,2429.0,2429.0,2429.0,2429.0,2429.0,2429.0,2429.0,2429.0,2429.0,2429.0,2429.0,2429.0,2429.0,2429.0,2429.0,2429.0,2429.0,2429.0,9.0,,0.9,280.4771,288.3381,295.2614,300.9839,305.4318,308.706,311.0328,312.6945,313.9561,315.0039,315.9026,316.5773,316.8201,316.321,314.721,311.683,306.9689,300.511,292.4582,283.1834,271.0940462851982,273.3860759206911,1237.9048,50.140499999999975,50.140499999999975,-4.293999999999983
2430,2430,2430.0,2430.0,2430.0,2430.0,2430.0,2430.0,2430.0,2430.0,2430.0,2430.0,2430.0,2430.0,2430.0,2430.0,2430.0,2430.0,2430.0,2430.0,2430.0,2430.0,2430.0,0.0,,0.0,273.0,273.0,273.0,273.0,273.0,273.0,273.0,273.0,273.0,273.0,273.0,273.0,273.0,273.0,273.0,273.0,273.0,273.0,273.0,273.0,307.8637381332262,374.6331536938994,0.0,385.5788,1605.3336,-40.0
2431,2431,2431.0,2431.0,2431.0,2431.0,2431.0,2431.0,2431.0,2431.0,2431.0,2431.0,2431.0,2431.0,2431.0,2431.0,2431.0,2431.0,2431.0,2431.0,2431.0,2431.0,2431.0,1.0,,0.1,301.924,296.2573,291.1004,286.6272,282.936,280.0551,277.9626,276.6159,275.9855,276.0868,277.0035,278.9014,282.025,286.6756,293.1682,301.771,312.6341,325.7242,340.7808,357.3115,370.9753119681984,371.7476625645415,385.5788,175.42139999999995,1219.7548,-32.94490000000002
2432,2432,2432.0,2432.0,2432.0,2432.0,2432.0,2432.0,2432.0,2432.0,2432.0,2432.0,2432.0,2432.0,2432.0,2432.0,2432.0,2432.0,2432.0,2432.0,2432.0,2432.0,2432.0,2.0,,0.2,356.1705,341.9863,328.9732,317.5567,308.0103,300.4575,294.8986,291.2515,289.3939,289.1992,290.5583,293.3877,297.6257,303.2204,310.1137,318.2261,327.4451,337.618,348.5508,360.0132,172.9320440713021,371.94353783434144,561.0002,78.7496000000001,1044.3334,-12.542500000000018
2433,2433,2433.0,2433.0,2433.0,2433.0,2433.0,2433.0,2433.0,2433.0,2433.0,2433.0,2433.0,2433.0,2433.0,2433.0,2433.0,2433.0,2433.0,2433.0,2433.0,2433.0,2433.0,3.0,,0.3,196.3038,218.4226,238.2328,255.0269,268.5182,278.8271,286.3978,291.876,295.9807,299.3979,302.7098,306.3597,310.6485,315.7483,321.7264,328.569,336.2029,344.5125,353.3519,362.5552,325.3254055606623,173.59525437235433,639.7498,122.7471999999999,965.5838,-34.17290000000003
2434,2434,2434.0,2434.0,2434.0,2434.0,2434.0,2434.0,2434.0,2434.0,2434.0,2434.0,2434.0,2434.0,2434.0,2434.0,2434.0,2434.0,2434.0,2434.0,2434.0,2434.0,2434.0,4.0,,0.4,315.4284,306.3558,298.7996,293.2193,289.7949,288.4357,288.832,290.5254,292.9719,295.5834,297.7423,298.7982,298.064,294.8323,288.4259,278.2867,264.0906,245.8622,224.0525,199.5483,366.4707692097175,371.99530231971056,762.497,202.18510000000003,842.8366,-24.564300000000003
2435,2435,2435.0,2435.0,2435.0,2435.0,2435.0,2435.0,2435.0,2435.0,2435.0,2435.0,2435.0,2435.0,2435.0,2435.0,2435.0,2435.0,2435.0,2435.0,2435.0,2435.0,2435.0,5.0,,0.5,354.2154,342.4837,331.7319,322.2943,314.3525,307.9327,302.9295,299.1508,296.3766,294.4226,293.2003,292.7626,293.326,295.2573,299.0191,305.0751,313.7701,325.2076,339.1617,355.0515,174.568186818951,375.57638713448506,964.6821,102.38249999999994,640.6514999999999,-5.067299999999989
2436,2436,2436.0,2436.0,2436.0,2436.0,2436.0,2436.0,2436.0,2436.0,2436.0,2436.0,2436.0,2436.0,2436.0,2436.0,2436.0,2436.0,2436.0,2436.0,2436.0,2436.0,2436.0,6.0,,0.6,198.4502,221.0462,241.2646,258.3576,271.9953,282.2571,289.5554,294.5216,297.8856,300.3745,302.6425,305.233,308.5661,312.9398,318.5378,325.4375,333.6158,342.9558,353.2547,364.2375,326.8903130518745,173.841969554596,1067.0646,117.79510000000003,538.269,-30.74290000000002
2437,2437,2437.0,2437.0,2437.0,2437.0,2437.0,2437.0,2437.0,2437.0,2437.0,2437.0,2437.0,2437.0,2437.0,2437.0,2437.0,2437.0,2437.0,2437.0,2437.0,2437.0,2437.0,7.0,,0.7,317.1654,308.24,300.7834,295.2361,291.7646,290.2716,290.4493,291.8488,293.9442,296.1721,297.9438,298.6394,297.6008,294.1442,287.6088,277.4439,263.3233,245.2611,223.691,199.4777,367.66739856966433,373.5629905680745,1184.8597,203.2355,420.4739,-22.728400000000025
2438,2438,2438.0,2438.0,2438.0,2438.0,2438.0,2438.0,2438.0,2438.0,2438.0,2438.0,2438.0,2438.0,2438.0,2438.0,2438.0,2438.0,2438.0,2438.0,2438.0,2438.0,2438.0,8.0,,0.8,355.4727,343.7895,333.0631,323.6195,315.6353,309.1354,304.017,300.0947,297.158,295.0352,293.6518,293.0758,293.5386,295.4204,299.1946,305.3322,314.1798,325.8372,340.0687,356.2778,170.41940058587133,320.85817778339924,1388.0952,110.17689999999992,217.2384,-3.864599999999996
2439,2439,2439.0,2439.0,2439.0,2439.0,2439.0,2439.0,2439.0,2439.0,2439.0,2439.0,2439.0,2439.0,2439.0,2439.0,2439.0,2439.0,2439.0,2439.0,2439.0,2439.0,2439.0,9.0,,0.9,195.1943,218.6368,239.6147,257.3493,271.4904,282.1056,289.5993,294.59,297.7813,299.8496,301.3663,302.7548,304.2788,306.0559,308.086,310.2916,312.5611,314.7902,316.914,318.9227,371.5971664659684,375.0095058498511,1498.2721,107.06150000000002,107.06150000000002,-30.89440000000002
2440,2440,2440.0,2440.0,2440.0,2440.0,2440.0,2440.0,2440.0,2440.0,2440.0,2440.0,2440.0,2440.0,2440.0,2440.0,2440.0,2440.0,2440.0,2440.0,2440.0,2440.0,2440.0,0.0,,0.0,273.0,273.0,273.0,273.0,273.0,273.0,273.0,273.0,273.0,273.0,273.0,273.0,273.0,273.0,273.0,273.0,273.0,273.0,273.0,273.0,304.7087498207602,373.41461716892695,0.0,387.2122,1347.4633,-40.0
2441,2441,2441.0,2441.0,2441.0,2441.0,2441.0,2441.0,2441.0,2441.0,2441.0,2441.0,2441.0,2441.0,2441.0,2441.0,2441.0,2441.0,2441.0,2441.0,2441.0,2441.0,2441.0,1.0,,0.1,299.3067,294.1531,289.4637,285.3967,282.0428,279.4289,277.5377,276.3349,275.8009,275.9599,276.9032,278.8013,281.9009,286.5033,292.9223,301.424,312.158,325.0916,339.9679,356.3006,372.143031119607,374.8536409698484,387.2122,178.57440000000005,960.2511,-33.5711
2442,2442,2442.0,2442.0,2442.0,2442.0,2442.0,2442.0,2442.0,2442.0,2442.0,2442.0,2442.0,2442.0,2442.0,2442.0,2442.0,2442.0,2442.0,2442.0,2442.0,2442.0,2442.0,2.0,,0.2,356.981,342.4641,329.1633,317.5177,307.8061,300.1495,294.54,290.8843,289.0493,288.9003,290.325,293.2425,297.5986,303.3532,310.4621,318.8587,328.4391,339.0522,350.4964,362.5244,173.05137712241418,372.75781856056096,565.7866,77.6472,781.6766999999999,-12.850500000000013
2443,2443,2443.0,2443.0,2443.0,2443.0,2443.0,2443.0,2443.0,2443.0,2443.0,2443.0,2443.0,2443.0,2443.0,2443.0,2443.0,2443.0,2443.0,2443.0,2443.0,2443.0,2443.0,3.0,,0.3,196.3897,218.4748,238.2512,255.0131,268.4761,278.7643,286.3259,291.8102,295.9396,299.4018,302.7787,306.5117,310.897,316.101,322.1835,329.1233,336.8411,345.2172,354.1056,363.3433,332.5448933106223,170.2744882801404,643.4338,120.81859999999996,704.0294999999999,-34.23570000000001
2444,2444,2444.0,2444.0,2444.0,2444.0,2444.0,2444.0,2444.0,2444.0,2444.0,2444.0,2444.0,2444.0,2444.0,2444.0,2444.0,2444.0,2444.0,2444.0,2444.0,2444.0,2444.0,4.0,,0.4,321.4166,311.1694,302.5445,296.0368,291.8453,289.8817,289.8248,291.1943,293.4188,295.8804,297.9313,298.892,298.0482,294.6671,288.0495,277.6201,263.0447,244.3468,221.9869,196.8715,369.7002078317448,372.55293393220535,764.2524,203.3103,583.2108999999999,-23.118299999999977
2445,2445,2445.0,2445.0,2445.0,2445.0,2445.0,2445.0,2445.0,2445.0,2445.0,2445.0,2445.0,2445.0,2445.0,2445.0,2445.0,2445.0,2445.0,2445.0,2445.0,2445.0,2445.0,5.0,,0.5,357.2539,345.3199,334.3455,324.6611,316.4497,309.7434,304.4458,300.3748,297.32,295.105,293.6476,293.0066,293.4037,295.2118,298.9,304.938,313.674,325.211,339.3166,355.3972,171.15046791249776,288.9156766396251,967.5627,118.80670000000008,379.9006,-3.256599999999992
2446,2446,2446.0,2446.0,2446.0,2446.0,2446.0,2446.0,2446.0,2446.0,2446.0,2446.0,2446.0,2446.0,2446.0,2446.0,2446.0,2446.0,2446.0,2446.0,2446.0,2446.0,2446.0,6.0,,0.6,195.9264,219.3622,240.319,258.0122,272.0873,282.6076,289.9702,294.7805,297.7187,299.4239,300.4115,301.0294,301.4473,301.6766,301.6113,301.0855,299.9378,298.0719,295.5013,292.3657,371.1555891782181,374.2728114097778,1086.3694,135.80209999999988,261.09389999999985,-30.39240000000001
2447,2447,2447.0,2447.0,2447.0,2447.0,2447.0,2447.0,2447.0,2447.0,2447.0,2447.0,2447.0,2447.0,2447.0,2447.0,2447.0,2447.0,2447.0,2447.0,2447.0,2447.0,2447.0,7.0,,0.7,353.739,337.4523,323.2455,311.7539,303.2374,297.6019,294.4865,293.3851,293.7717,295.2028,297.3829,300.1907,303.67,307.9929,313.4014,320.1382,328.3728,338.1382,349.2893,361.4955,317.8731624122426,375.47997708023735,1222.1715,44.83270000000016,125.29179999999997,-15.3981
2448,2448,2448.0,2448.0,2448.0,2448.0,2448.0,2448.0,2448.0,2448.0,2448.0,2448.0,2448.0,2448.0,2448.0,2448.0,2448.0,2448.0,2448.0,2448.0,2448.0,2448.0,2448.0,8.0,,0.8,316.2553,314.5798,312.8212,311.0084,309.2319,307.6345,306.3906,305.6813,305.6719,306.4968,308.2531,311.0012,314.7682,319.552,325.3239,332.028,339.5791,347.8609,356.726,365.9983,270.6431428299182,271.1354381153966,1267.0042,19.94719999999984,80.45909999999981,-5.365499999999997
2449,2449,2449.0,2449.0,2449.0,2449.0,2449.0,2449.0,2449.0,2449.0,2449.0,2449.0,2449.0,2449.0,2449.0,2449.0,2449.0,2449.0,2449.0,2449.0,2449.0,2449.0,2449.0,9.0,,0.9,277.3254,283.697,289.4991,294.5633,298.8297,302.3411,305.2155,307.6061,309.655,311.4506,312.9938,314.1793,314.7946,314.5415,313.0801,310.0931,305.3597,298.8269,290.6566,281.2352,274.6152294794979,274.4239635021319,1286.9514,60.51189999999997,60.51189999999997,-10.658900000000015
2450,2450,2450.0,2450.0,2450.0,2450.0,2450.0,2450.0,2450.0,2450.0,2450.0,2450.0,2450.0,2450.0,2450.0,2450.0,2450.0,2450.0,2450.0,2450.0,2450.0,2450.0,2450.0,0.0,,0.0,273.0,273.0,273.0,273.0,273.0,273.0,273.0,273.0,273.0,273.0,273.0,273.0,273.0,273.0,273.0,273.0,273.0,273.0,273.0,273.0,309.5115987751853,371.925636118248,0.0,385.9982,1689.3137,-40.0
2451,2451,2451.0,2451.0,2451.0,2451.0,2451.0,2451.0,2451.0,2451.0,2451.0,2451.0,2451.0,2451.0,2451.0,2451.0,2451.0,2451.0,2451.0,2451.0,2451.0,2451.0,2451.0,1.0,,0.1,303.291,297.356,291.9547,287.2686,283.4,280.3772,278.1744,276.7432,276.0462,276.0891,276.946,278.7718,281.7995,286.3191,292.6349,301.0065,311.5792,324.32,338.9753,355.0655,373.4747632567769,372.3008002518181,385.9982,177.55790000000002,1303.3155,-32.622799999999984
2452,2452,2452.0,2452.0,2452.0,2452.0,2452.0,2452.0,2452.0,2452.0,2452.0,2452.0,2452.0,2452.0,2452.0,2452.0,2452.0,2452.0,2452.0,2452.0,2452.0,2452.0,2452.0,2.0,,0.2,358.3212,343.7988,330.4668,318.7577,308.9488,301.1646,295.4041,291.5818,289.5719,289.2445,290.4888,293.2223,297.3867,302.9357,309.8186,317.9634,327.2626,337.5645,348.6708,360.3406,171.87354801099582,372.5328815510287,563.5561,78.77449999999999,1125.7576,-11.835399999999993
2453,2453,2453.0,2453.0,2453.0,2453.0,2453.0,2453.0,2453.0,2453.0,2453.0,2453.0,2453.0,2453.0,2453.0,2453.0,2453.0,2453.0,2453.0,2453.0,2453.0,2453.0,2453.0,3.0,,0.3,195.5729,217.9958,238.0671,255.0658,268.6994,279.0902,286.6904,292.1574,296.2239,299.5894,302.8477,306.4524,310.7113,315.802,321.7945,328.676,336.3726,344.7662,353.7072,363.0243,326.83899886400195,172.18723942891168,642.3306,121.68589999999996,1046.9831,-33.90980000000002
2454,2454,2454.0,2454.0,2454.0,2454.0,2454.0,2454.0,2454.0,2454.0,2454.0,2454.0,2454.0,2454.0,2454.0,2454.0,2454.0,2454.0,2454.0,2454.0,2454.0,2454.0,2454.0,4.0,,0.4,316.694,307.3865,299.6198,293.8607,290.292,288.8218,289.1358,290.769,293.17,295.7436,297.8651,298.8774,298.087,294.7799,288.2724,278.0012,263.6389,245.2097,223.1681,198.4085,371.65710955599656,373.62205739864,764.0165,202.7691000000001,925.2972,-24.178200000000004
2455,2455,2455.0,2455.0,2455.0,2455.0,2455.0,2455.0,2455.0,2455.0,2455.0,2455.0,2455.0,2455.0,2455.0,2455.0,2455.0,2455.0,2455.0,2455.0,2455.0,2455.0,2455.0,5.0,,0.5,358.604,346.107,334.65,324.588,316.1138,309.2557,303.9029,299.853,296.8736,294.7688,293.4408,292.9373,293.4738,295.4195,299.2419,305.4102,314.2722,325.9314,340.1556,356.3519,170.29563221368724,354.6867200268312,966.7856,103.96649999999988,722.5280999999999,-3.7443000000000097
2456,2456,2456.0,2456.0,2456.0,2456.0,2456.0,2456.0,2456.0,2456.0,2456.0,2456.0,2456.0,2456.0,2456.0,2456.0,2456.0,2456.0,2456.0,2456.0,2456.0,2456.0,2456.0,6.0,,0.6,195.2028,218.7624,239.8305,257.6228,271.7918,282.4164,289.9212,294.9542,298.2584,300.563,302.5071,304.5997,307.2072,310.5601,314.7705,319.8531,325.7476,332.3393,339.4768,346.9874,308.2770188925611,172.9443626277338,1070.7521,140.8837000000001,618.5616,-30.58359999999999
2457,2457,2457.0,2457.0,2457.0,2457.0,2457.0,2457.0,2457.0,2457.0,2457.0,2457.0,2457.0,2457.0,2457.0,2457.0,2457.0,2457.0,2457.0,2457.0,2457.0,2457.0,2457.0,7.0,,0.7,301.622,295.6296,290.8483,287.6267,286.0749,286.0754,287.3304,289.4242,291.8793,294.1895,295.8296,296.2484,294.8615,291.0628,284.2691,273.9999,259.9818,242.2537,221.239,197.7551,369.4355244475818,375.1665333718367,1211.6358,232.72810000000004,477.6778999999999,-26.9246
2458,2458,2458.0,2458.0,2458.0,2458.0,2458.0,2458.0,2458.0,2458.0,2458.0,2458.0,2458.0,2458.0,2458.0,2458.0,2458.0,2458.0,2458.0,2458.0,2458.0,2458.0,2458.0,8.0,,0.8,355.9039,342.9871,331.2158,320.9696,312.4421,305.6407,300.4203,296.5406,293.7371,291.7946,290.6113,290.2459,290.9358,293.0783,297.169,303.7,313.0323,325.27,340.1688,357.1116,175.64048223039694,375.9790716549268,1444.3639,113.72289999999998,244.94979999999987,-7.359300000000019
2459,2459,2459.0,2459.0,2459.0,2459.0,2459.0,2459.0,2459.0,2459.0,2459.0,2459.0,2459.0,2459.0,2459.0,2459.0,2459.0,2459.0,2459.0,2459.0,2459.0,2459.0,2459.0,9.0,,0.9,199.0687,221.2207,241.0149,257.7138,270.9974,280.9545,288.0057,292.7884,296.0366,298.4784,300.7669,303.4416,306.9157,311.4788,317.3042,324.4581,332.9071,342.5251,353.1033,364.364,318.61306365674653,173.6862664296434,1558.0868,131.2268999999999,131.2268999999999,-32.045500000000004
2460,2460,2460.0,2460.0,2460.0,2460.0,2460.0,2460.0,2460.0,2460.0,2460.0,2460.0,2460.0,2460.0,2460.0,2460.0,2460.0,2460.0,2460.0,2460.0,2460.0,2460.0,0.0,,,0.0,273.0,273.0,273.0,273.0,273.0,273.0,273.0,273.0,273.0,273.0,273.0,273.0,273.0,273.0,273.0,273.0,273.0,273.0,273.0,273.0,372.98469438062176,373.0782213795924,0.0,368.7609,1689.6345,33.316100000000006
2461,2461,2461.0,2461.0,2461.0,2461.0,2461.0,2461.0,2461.0,2461.0,2461.0,2461.0,2461.0,2461.0,2461.0,2461.0,2461.0,2461.0,2461.0,2461.0,2461.0,2461.0,1.0,,,0.1,355.9456,339.6858,324.8794,312.0142,301.3532,292.9414,286.6529,282.26,279.5107,278.1954,278.1967,279.5148,282.2676,286.6651,292.9598,301.3796,312.0506,324.9279,339.7482,356.0232,373.5606584516757,370.1203155671928,368.7609,150.55470000000005,1320.8736,33.316100000000006
2462,2462,2462.0,2462.0,2462.0,2462.0,2462.0,2462.0,2462.0,2462.0,2462.0,2462.0,2462.0,2462.0,2462.0,2462.0,2462.0,2462.0,2462.0,2462.0,2462.0,2462.0,2.0,,,0.2,361.5406,349.835,338.7421,328.5297,319.4255,311.6116,305.2247,300.3597,297.0765,295.4073,295.362,296.9318,300.0898,304.7873,310.9493,318.469,327.2031,336.9696,347.5494,358.6913,375.66312342347385,375.0283809720437,519.3156,81.09539999999993,1170.3189,33.316100000000006
2463,2463,2463.0,2463.0,2463.0,2463.0,2463.0,2463.0,2463.0,2463.0,2463.0,2463.0,2463.0,2463.0,2463.0,2463.0,2463.0,2463.0,2463.0,2463.0,2463.0,2463.0,3.0,,,0.3,366.0368,356.6381,347.6865,339.3862,331.9203,325.447,320.0976,315.9762,313.1597,311.6994,311.622,312.9302,315.6032,319.5958,324.8378,331.2314,338.65,346.9368,355.9062,365.3469,370.1420195985354,371.4992428450836,600.411,92.59180000000003,1089.2235,33.316100000000006
2464,2464,2464.0,2464.0,2464.0,2464.0,2464.0,2464.0,2464.0,2464.0,2464.0,2464.0,2464.0,2464.0,2464.0,2464.0,2464.0,2464.0,2464.0,2464.0,2464.0,2464.0,4.0,,,0.4,363.5619,357.1068,350.9035,345.0814,339.7706,335.0992,331.1872,328.1413,326.0489,324.9733,324.9504,325.9868,328.0599,331.1186,335.0865,339.8649,345.3379,351.3767,357.8445,364.5998,375.3626540293616,373.588677734562,693.0028,143.89300000000003,996.6317,33.316100000000006
2465,2465,2465.0,2465.0,2465.0,2465.0,2465.0,2465.0,2465.0,2465.0,2465.0,2465.0,2465.0,2465.0,2465.0,2465.0,2465.0,2465.0,2465.0,2465.0,2465.0,2465.0,5.0,,,0.5,369.2227,363.2381,357.5565,352.312,347.6201,343.5769,340.2582,337.7211,336.0057,335.1365,335.1232,335.961,337.6308,340.0984,343.3142,347.2129,351.7131,356.7179,362.1159,367.7837,338.0756264486823,375.3627672353348,836.8958,188.7747,852.7386999999999,33.316100000000006
2466,2466,2466.0,2466.0,2466.0,2466.0,2466.0,2466.0,2466.0,2466.0,2466.0,2466.0,2466.0,2466.0,2466.0,2466.0,2466.0,2466.0,2466.0,2466.0,2466.0,2466.0,6.0,,,0.6,339.6746,341.0914,342.1807,342.8619,343.1321,343.0628,342.783,342.4551,342.2491,342.3222,342.8035,343.7874,345.3318,347.4606,350.1675,353.4199,357.1636,361.3249,365.8147,370.531,314.27154255751384,370.0267436993791,1025.6705,174.76340000000005,663.9639999999999,33.316100000000006
2467,2467,2467.0,2467.0,2467.0,2467.0,2467.0,2467.0,2467.0,2467.0,2467.0,2467.0,2467.0,2467.0,2467.0,2467.0,2467.0,2467.0,2467.0,2467.0,2467.0,2467.0,7.0,,,0.7,319.1033,323.7296,327.9752,331.7194,334.909,337.5581,339.7378,341.5582,343.1485,344.6386,346.1441,347.757,349.5404,351.5289,353.7307,356.133,358.7087,361.4226,364.2371,367.1163,375.4573864717785,370.7914366011732,1200.4339,188.1333,489.2005999999999,33.316100000000006
2468,2468,2468.0,2468.0,2468.0,2468.0,2468.0,2468.0,2468.0,2468.0,2468.0,2468.0,2468.0,2468.0,2468.0,2468.0,2468.0,2468.0,2468.0,2468.0,2468.0,2468.0,8.0,,,0.8,368.6473,362.2542,356.6354,352.0428,348.602,346.3161,345.0907,344.7704,345.1767,346.1381,347.5099,349.1823,351.0793,353.1526,355.3727,357.7209,360.1823,362.741,365.3781,368.0705,270.94035775538504,273.6687060237895,1388.5672,187.92650000000003,301.06729999999993,33.316100000000006
2469,2469,2469.0,2469.0,2469.0,2469.0,2469.0,2469.0,2469.0,2469.0,2469.0,2469.0,2469.0,2469.0,2469.0,2469.0,2469.0,2469.0,2469.0,2469.0,2469.0,2469.0,9.0,,,0.9,284.5596,297.5099,309.2223,319.3041,327.573,334.0455,338.8887,342.3491,344.6775,346.0651,346.5983,346.2379,344.8243,342.1057,337.7896,331.6103,323.4044,313.1786,301.1549,287.7763,372.3365905810069,374.6146469301029,1576.4937,113.1407999999999,113.1407999999999,33.316100000000006
2470,2470,2470.0,2470.0,2470.0,2470.0,2470.0,2470.0,2470.0,2470.0,2470.0,2470.0,2470.0,2470.0,2470.0,2470.0,2470.0,2470.0,2470.0,2470.0,2470.0,2470.0,0.0,,,0.0,273.0,273.0,273.0,273.0,273.0,273.0,273.0,273.0,273.0,273.0,273.0,273.0,273.0,273.0,273.0,273.0,273.0,273.0,273.0,273.0,375.9065765412023,374.8092352339809,0.0,367.6382,1469.6207999999997,33.33539999999999
2471,2471,2471.0,2471.0,2471.0,2471.0,2471.0,2471.0,2471.0,2471.0,2471.0,2471.0,2471.0,2471.0,2471.0,2471.0,2471.0,2471.0,2471.0,2471.0,2471.0,2471.0,1.0,,,0.1,358.3695,341.6345,326.3953,313.1539,302.1809,293.5224,287.0482,282.5237,279.6882,278.3244,278.3093,279.6403,282.4348,286.905,293.3069,301.8713,312.7265,325.8263,340.9028,357.4592,372.2274224784653,375.1735075055099,367.6382,146.8841,1101.9825999999998,33.33539999999999
2472,2472,2472.0,2472.0,2472.0,2472.0,2472.0,2472.0,2472.0,2472.0,2472.0,2472.0,2472.0,2472.0,2472.0,2472.0,2472.0,2472.0,2472.0,2472.0,2472.0,2472.0,2.0,,,0.2,360.5824,349.2274,338.4404,328.4762,319.5581,311.8721,305.5658,300.7498,297.5021,295.8733,295.8916,297.5657,300.8847,305.8151,312.2944,320.2248,329.4662,339.8327,351.0925,362.9736,371.4316648270762,370.5103309406369,514.5223,75.53890000000001,955.0985,33.33539999999999
2473,2473,2473.0,2473.0,2473.0,2473.0,2473.0,2473.0,2473.0,2473.0,2473.0,2473.0,2473.0,2473.0,2473.0,2473.0,2473.0,2473.0,2473.0,2473.0,2473.0,2473.0,3.0,,,0.3,362.5421,353.8521,345.5569,337.8433,330.8846,324.8376,319.8384,315.9992,313.4057,312.1145,312.1521,313.5132,316.1607,320.027,325.0152,331.0034,337.8491,345.3939,353.4692,361.9006,375.1740062154237,372.1095103246704,590.0612,91.90639999999996,879.5595999999999,33.33539999999999
2474,2474,2474.0,2474.0,2474.0,2474.0,2474.0,2474.0,2474.0,2474.0,2474.0,2474.0,2474.0,2474.0,2474.0,2474.0,2474.0,2474.0,2474.0,2474.0,2474.0,2474.0,4.0,,,0.4,367.5662,360.1439,353.0851,346.5535,340.6941,335.6298,331.4606,328.2635,326.0929,324.9819,324.9426,325.9666,328.0256,331.0716,335.037,339.8353,345.3619,351.4952,358.0985,365.0226,373.9226784524674,371.6908604922169,681.9676,147.8320000000001,787.6532,33.33539999999999
2475,2475,2475.0,2475.0,2475.0,2475.0,2475.0,2475.0,2475.0,2475.0,2475.0,2475.0,2475.0,2475.0,2475.0,2475.0,2475.0,2475.0,2475.0,2475.0,2475.0,2475.0,5.0,,,0.5,368.2157,362.6319,357.2924,352.3139,347.8059,343.8686,340.5898,338.0424,336.2825,335.3475,335.2554,336.0045,337.5738,339.9235,342.9965,346.7199,351.0068,355.7586,360.8674,366.2181,318.45507636896264,372.75937618814345,829.7996,175.36029999999994,639.8211999999999,33.33539999999999
2476,2476,2476.0,2476.0,2476.0,2476.0,2476.0,2476.0,2476.0,2476.0,2476.0,2476.0,2476.0,2476.0,2476.0,2476.0,2476.0,2476.0,2476.0,2476.0,2476.0,2476.0,6.0,,,0.6,323.4015,328.0149,332.0194,335.239,337.6195,339.2234,340.2067,340.7823,341.1826,341.6274,342.3022,343.3467,344.853,346.8683,349.4017,352.4308,355.9083,359.7674,363.9258,368.2902,375.14657645622384,371.54915799669016,1005.1599,182.28820000000007,464.4608999999999,33.33539999999999
2477,2477,2477.0,2477.0,2477.0,2477.0,2477.0,2477.0,2477.0,2477.0,2477.0,2477.0,2477.0,2477.0,2477.0,2477.0,2477.0,2477.0,2477.0,2477.0,2477.0,2477.0,7.0,,,0.7,368.6294,362.4768,357.002,352.4276,348.8684,346.3354,344.7591,344.0215,343.9877,344.5317,345.5503,346.9677,348.7321,350.8087,353.1706,355.7921,358.6437,361.6899,364.8886,368.1922,170.95098497111843,306.57296225638083,1187.4481,143.83960000000002,282.17269999999985,33.33539999999999
2478,2478,2478.0,2478.0,2478.0,2478.0,2478.0,2478.0,2478.0,2478.0,2478.0,2478.0,2478.0,2478.0,2478.0,2478.0,2478.0,2478.0,2478.0,2478.0,2478.0,2478.0,8.0,,,0.8,201.5673,230.7287,257.1885,280.0677,298.9323,313.7805,324.9544,333.0099,338.5783,342.2483,344.4853,345.5913,345.7026,344.8176,342.8448,339.6649,335.1943,329.4423,322.5487,314.7931,372.01550451164,371.9378735022325,1331.2877,30.50649999999996,138.33309999999983,33.33539999999999
2479,2479,2479.0,2479.0,2479.0,2479.0,2479.0,2479.0,2479.0,2479.0,2479.0,2479.0,2479.0,2479.0,2479.0,2479.0,2479.0,2479.0,2479.0,2479.0,2479.0,2479.0,9.0,,,0.9,359.242,347.5244,337.739,330.4473,325.8369,323.7424,323.733,325.2349,327.6557,330.4863,333.3656,336.1078,338.6947,341.2436,343.9582,347.0693,350.7745,355.1858,360.2941,365.9608,370.5685200157824,371.9026864937452,1361.7942,107.82659999999989,107.82659999999989,33.33539999999999
2480,2480,2480.0,2480.0,2480.0,2480.0,2480.0,2480.0,2480.0,2480.0,2480.0,2480.0,2480.0,2480.0,2480.0,2480.0,2480.0,2480.0,2480.0,2480.0,2480.0,2480.0,0.0,,,0.0,273.0,273.0,273.0,273.0,273.0,273.0,273.0,273.0,273.0,273.0,273.0,273.0,273.0,273.0,273.0,273.0,273.0,273.0,273.0,273.0,375.1386386334498,373.5622005655539,0.0,368.227,1553.3422,34.01569999999998
2481,2481,2481.0,2481.0,2481.0,2481.0,2481.0,2481.0,2481.0,2481.0,2481.0,2481.0,2481.0,2481.0,2481.0,2481.0,2481.0,2481.0,2481.0,2481.0,2481.0,2481.0,1.0,,,0.1,357.7324,341.1223,325.9968,312.8541,301.9627,293.3685,286.9419,282.4498,279.633,278.2754,278.2537,279.5642,282.3221,286.7362,293.0589,301.518,312.2401,325.1793,340.0711,356.4247,372.5025623833319,372.0360164585674,368.227,149.14430000000004,1185.1152000000002,34.01569999999998
2482,2482,2482.0,2482.0,2482.0,2482.0,2482.0,2482.0,2482.0,2482.0,2482.0,2482.0,2482.0,2482.0,2482.0,2482.0,2482.0,2482.0,2482.0,2482.0,2482.0,2482.0,2.0,,,0.2,360.7705,349.334,338.4755,328.4527,319.489,311.7688,305.4361,300.5961,297.3207,295.6535,295.6152,297.2068,300.4093,305.1811,311.4528,319.1213,328.0446,338.039,348.8801,360.3079,374.6670038308948,371.4618946393872,517.3713,79.26620000000003,1035.9709,34.01569999999998
2483,2483,2483.0,2483.0,2483.0,2483.0,2483.0,2483.0,2483.0,2483.0,2483.0,2483.0,2483.0,2483.0,2483.0,2483.0,2483.0,2483.0,2483.0,2483.0,2483.0,2483.0,3.0,,,0.3,365.2112,355.9784,347.1841,339.029,331.6938,325.3351,320.0834,316.0419,313.2862,311.8645,311.7977,313.0798,315.6774,319.5302,324.5518,330.6302,337.6298,345.3939,353.748,362.5034,370.1114151461904,374.3260245388143,596.6375,92.42049999999996,956.7047,34.01569999999998
2484,2484,2484.0,2484.0,2484.0,2484.0,2484.0,2484.0,2484.0,2484.0,2484.0,2484.0,2484.0,2484.0,2484.0,2484.0,2484.0,2484.0,2484.0,2484.0,2484.0,2484.0,4.0,,,0.4,363.4998,357.0175,350.7949,344.9629,339.6514,334.9862,331.0838,328.0476,325.9624,324.8919,324.876,325.93,328.0447,331.1865,335.2984,340.2997,346.0875,352.5369,359.503,366.8241,370.02879168461504,372.033372058669,689.058,139.4765,864.2842,34.01569999999998
2485,2485,2485.0,2485.0,2485.0,2485.0,2485.0,2485.0,2485.0,2485.0,2485.0,2485.0,2485.0,2485.0,2485.0,2485.0,2485.0,2485.0,2485.0,2485.0,2485.0,2485.0,5.0,,,0.5,364.782,359.6503,354.7469,350.1811,346.0563,342.4677,339.5003,337.2264,335.7034,334.9719,335.054,335.952,337.6477,340.103,343.2609,347.0474,351.375,356.1452,361.2523,366.5859,362.6104915133368,373.53086653152576,828.5345,196.5274,724.8077000000001,34.01569999999998
2486,2486,2486.0,2486.0,2486.0,2486.0,2486.0,2486.0,2486.0,2486.0,2486.0,2486.0,2486.0,2486.0,2486.0,2486.0,2486.0,2486.0,2486.0,2486.0,2486.0,2486.0,6.0,,,0.6,359.7573,356.9398,354.1997,351.5887,349.1699,347.0157,345.2032,343.8081,342.8988,342.5312,342.7455,343.5641,344.9914,347.0143,349.6029,352.7117,356.2809,360.237,364.495,368.9602,171.0027382088444,372.5277133659057,1025.0619,144.80550000000017,528.2803000000001,34.01569999999998
2487,2487,2487.0,2487.0,2487.0,2487.0,2487.0,2487.0,2487.0,2487.0,2487.0,2487.0,2487.0,2487.0,2487.0,2487.0,2487.0,2487.0,2487.0,2487.0,2487.0,2487.0,7.0,,,0.7,201.3441,230.2492,256.4855,279.1812,297.9042,312.6538,323.7822,331.8732,337.6152,341.6914,344.7049,347.1396,349.3508,351.5765,353.958,356.5632,359.4082,362.474,365.7199,369.0916,374.0033056757392,374.3675692690341,1169.8674,56.41969999999992,383.4748,34.01569999999998
2488,2488,2488.0,2488.0,2488.0,2488.0,2488.0,2488.0,2488.0,2488.0,2488.0,2488.0,2488.0,2488.0,2488.0,2488.0,2488.0,2488.0,2488.0,2488.0,2488.0,2488.0,8.0,,,0.8,360.8006,348.6923,338.5928,331.101,326.4403,324.48,324.8211,326.9147,330.1813,334.1032,338.2802,342.447,346.4614,350.2772,353.9101,357.4072,360.8234,364.2052,367.5834,370.9711,373.0426603519428,370.91745457156384,1226.2871,138.07130000000006,327.05510000000004,34.01569999999998
2489,2489,2489.0,2489.0,2489.0,2489.0,2489.0,2489.0,2489.0,2489.0,2489.0,2489.0,2489.0,2489.0,2489.0,2489.0,2489.0,2489.0,2489.0,2489.0,2489.0,2489.0,9.0,,,0.9,366.3028,359.8676,354.0167,348.9824,344.9341,341.9692,340.1127,339.3242,339.51,340.5387,342.2581,344.5102,347.1441,350.0254,353.0423,356.1086,359.1645,362.176,365.1315,368.0383,308.28204829549446,373.2084444515773,1364.3584,188.9838,188.9838,34.01569999999998
2490,2490,2490.0,2490.0,2490.0,2490.0,2490.0,2490.0,2490.0,2490.0,2490.0,2490.0,2490.0,2490.0,2490.0,2490.0,2490.0,2490.0,2490.0,2490.0,2490.0,2490.0,0.0,,,0.0,273.0,273.0,273.0,273.0,273.0,273.0,273.0,273.0,273.0,273.0,273.0,273.0,273.0,273.0,273.0,273.0,273.0,273.0,273.0,273.0,373.1602434350332,375.058735826259,0.0,367.9899,1630.3746,34.66840000000002
2491,2491,2491.0,2491.0,2491.0,2491.0,2491.0,2491.0,2491.0,2491.0,2491.0,2491.0,2491.0,2491.0,2491.0,2491.0,2491.0,2491.0,2491.0,2491.0,2491.0,2491.0,1.0,,,0.1,356.0913,339.803,324.9708,312.0833,301.4043,292.9792,286.6823,282.2868,279.5415,278.239,278.2651,279.6244,282.4406,286.93,293.3521,301.9398,312.8228,325.9552,341.069,357.6661,370.4501730773873,373.8644187024611,367.9899,146.86320000000006,1262.3847,34.66840000000002
2492,2492,2492.0,2492.0,2492.0,2492.0,2492.0,2492.0,2492.0,2492.0,2492.0,2492.0,2492.0,2492.0,2492.0,2492.0,2492.0,2492.0,2492.0,2492.0,2492.0,2492.0,2.0,,,0.2,358.9723,347.7844,337.164,327.3644,318.6065,311.0734,304.9091,300.2208,297.0833,295.5444,295.6296,297.345,300.6768,305.5883,312.0141,319.8539,328.9669,339.1689,350.2332,361.8956,375.7069815016448,373.4436483579799,514.8531,76.20039999999995,1115.5215,34.66840000000002
2493,2493,2493.0,2493.0,2493.0,2493.0,2493.0,2493.0,2493.0,2493.0,2493.0,2493.0,2493.0,2493.0,2493.0,2493.0,2493.0,2493.0,2493.0,2493.0,2493.0,2493.0,3.0,,,0.3,365.9392,356.4163,347.3725,339.0218,331.5515,325.1184,319.8481,315.8358,313.1479,311.8241,311.878,313.2983,316.0484,320.0665,325.2652,331.5322,338.7314,346.7053,355.2776,364.2575,373.21526778606767,372.5424283652357,591.0535,93.06330000000004,1039.3211,34.66840000000002
2494,2494,2494.0,2494.0,2494.0,2494.0,2494.0,2494.0,2494.0,2494.0,2494.0,2494.0,2494.0,2494.0,2494.0,2494.0,2494.0,2494.0,2494.0,2494.0,2494.0,2494.0,4.0,,,0.4,366.0774,359.0927,352.4123,346.1832,340.5451,335.6267,331.5424,328.3876,326.2365,325.1389,325.1189,326.1748,328.279,331.3797,335.4021,340.2517,345.8161,351.969,358.5724,365.4806,375.01987681132414,370.0171081621591,684.1168,147.73720000000003,946.2578,34.66840000000002
2495,2495,2495.0,2495.0,2495.0,2495.0,2495.0,2495.0,2495.0,2495.0,2495.0,2495.0,2495.0,2495.0,2495.0,2495.0,2495.0,2495.0,2495.0,2495.0,2495.0,2495.0,5.0,,,0.5,369.0839,363.2865,357.7618,352.635,348.0191,344.0125,340.6972,338.138,336.3812,335.4546,335.3667,336.1063,337.643,339.9282,342.8964,346.4683,350.5534,355.0538,359.8674,364.89,310.6818408716846,371.280432924223,831.854,171.36849999999993,798.5206000000001,34.66840000000002
2496,2496,2496.0,2496.0,2496.0,2496.0,2496.0,2496.0,2496.0,2496.0,2496.0,2496.0,2496.0,2496.0,2496.0,2496.0,2496.0,2496.0,2496.0,2496.0,2496.0,2496.0,6.0,,,0.6,316.9989,322.9181,328.1073,332.3506,335.5727,337.8343,339.3042,340.218,340.8349,341.4009,342.1239,343.1616,344.6183,346.55,348.9716,351.8649,355.1861,358.8717,362.8434,367.0118,370.9506375912901,374.9006170767592,1003.2225,167.39310000000012,627.1521000000001,34.66840000000002
2497,2497,2497.0,2497.0,2497.0,2497.0,2497.0,2497.0,2497.0,2497.0,2497.0,2497.0,2497.0,2497.0,2497.0,2497.0,2497.0,2497.0,2497.0,2497.0,2497.0,2497.0,7.0,,,0.7,364.7797,358.9778,353.8604,349.6487,346.4517,344.2721,343.0303,342.5997,342.8403,343.6256,344.8583,346.4749,348.4411,350.7432,353.3766,356.3353,359.6039,363.1514,366.9293,370.8719,219.72125753473355,374.4957685058839,1170.6156,162.5027,459.759,34.66840000000002
2498,2498,2498.0,2498.0,2498.0,2498.0,2498.0,2498.0,2498.0,2498.0,2498.0,2498.0,2498.0,2498.0,2498.0,2498.0,2498.0,2498.0,2498.0,2498.0,2498.0,2498.0,8.0,,,0.8,241.6533,262.5417,281.4955,297.8933,311.4403,322.1599,330.3312,336.3969,340.8666,344.2365,346.9356,349.2998,351.5685,353.8957,356.3677,359.021,361.8585,364.8609,367.9958,371.2223,375.6051314164745,375.8401336940378,1333.1183,97.6467,297.2563,34.66840000000002
2499,2499,2499.0,2499.0,2499.0,2499.0,2499.0,2499.0,2499.0,2499.0,2499.0,2499.0,2499.0,2499.0,2499.0,2499.0,2499.0,2499.0,2499.0,2499.0,2499.0,2499.0,9.0,,,0.9,364.5632,354.3922,345.8227,339.3404,335.1379,333.1309,333.0225,334.3956,336.8035,339.8423,343.1944,346.6431,350.0645,353.408,356.6709,359.8759,363.053,366.2282,369.417,372.6229,374.6497260182698,374.7442783116926,1430.765,199.6096,199.6096,34.66840000000002
2500,2500,2500.0,2500.0,2500.0,2500.0,2500.0,2500.0,2500.0,2500.0,2500.0,2500.0,2500.0,2500.0,2500.0,2500.0,2500.0,2500.0,2500.0,2500.0,2500.0,2500.0,0.0,,,0.0,273.0,273.0,273.0,273.0,273.0,273.0,273.0,273.0,273.0,273.0,273.0,273.0,273.0,273.0,273.0,273.0,273.0,273.0,273.0,273.0,374.5850147491232,375.1721647196159,0.0,367.714,1586.4256,32.42669999999998
2501,2501,2501.0,2501.0,2501.0,2501.0,2501.0,2501.0,2501.0,2501.0,2501.0,2501.0,2501.0,2501.0,2501.0,2501.0,2501.0,2501.0,2501.0,2501.0,2501.0,2501.0,1.0,,,0.1,357.2732,340.7532,325.7098,312.6388,301.8074,293.2614,286.8729,282.4111,279.6202,278.288,278.296,279.6458,282.4587,286.9495,293.3767,301.973,312.8675,326.0143,341.1447,357.7603,371.227957895644,374.7161299138566,367.714,146.50830000000002,1218.7116,32.42669999999998
2502,2502,2502.0,2502.0,2502.0,2502.0,2502.0,2502.0,2502.0,2502.0,2502.0,2502.0,2502.0,2502.0,2502.0,2502.0,2502.0,2502.0,2502.0,2502.0,2502.0,2502.0,2.0,,,0.2,359.6884,348.4378,337.7529,327.8874,319.063,311.4647,305.2385,300.4942,297.3087,295.7321,295.7918,297.4959,300.8323,305.766,312.2333,320.135,329.3304,339.6342,350.8169,362.61,372.9933938169628,374.6704732115333,514.2223,75.23590000000002,1072.2033,32.42669999999998
2503,2503,2503.0,2503.0,2503.0,2503.0,2503.0,2503.0,2503.0,2503.0,2503.0,2503.0,2503.0,2503.0,2503.0,2503.0,2503.0,2503.0,2503.0,2503.0,2503.0,2503.0,3.0,,,0.3,363.7602,354.7454,346.1605,338.2034,331.0536,324.8684,319.78,315.8951,313.2937,312.029,312.1274,313.5883,316.3834,320.4573,325.7269,332.0825,339.3887,347.487,356.1986,365.3285,371.91614647755415,375.9587445669212,589.4582,90.2971,996.9674,32.42669999999998
2504,2504,2504.0,2504.0,2504.0,2504.0,2504.0,2504.0,2504.0,2504.0,2504.0,2504.0,2504.0,2504.0,2504.0,2504.0,2504.0,2504.0,2504.0,2504.0,2504.0,2504.0,4.0,,,0.4,364.9084,358.0562,351.5124,345.4242,339.9302,335.157,331.2165,328.2027,326.1896,325.229,325.3498,326.557,328.832,332.1331,336.3955,341.5326,347.437,353.9819,361.0238,368.4051,374.7653545986733,374.741501624634,679.7553,146.16969999999992,906.6703,32.42669999999998
2505,2505,2505.0,2505.0,2505.0,2505.0,2505.0,2505.0,2505.0,2505.0,2505.0,2505.0,2505.0,2505.0,2505.0,2505.0,2505.0,2505.0,2505.0,2505.0,2505.0,2505.0,5.0,,,0.5,368.79,362.9618,357.4225,352.3029,347.7197,343.7727,340.5442,338.0982,336.4809,335.7209,335.8284,336.796,338.5981,341.1913,344.5154,348.4943,353.0385,358.0475,363.4118,369.0162,328.30563410982427,372.87815819462696,825.925,185.3274,760.5006000000001,32.42669999999998
2506,2506,2506.0,2506.0,2506.0,2506.0,2506.0,2506.0,2506.0,2506.0,2506.0,2506.0,2506.0,2506.0,2506.0,2506.0,2506.0,2506.0,2506.0,2506.0,2506.0,2506.0,6.0,,,0.6,331.598,334.6357,337.2108,339.1977,340.5694,341.3942,341.8143,342.0159,342.1972,342.5409,343.1965,344.2709,345.8265,347.8851,350.4345,353.4363,356.8331,360.5548,364.524,368.6594,360.8132264304869,375.7578558185516,1011.2524,194.0633000000001,575.1732000000001,32.42669999999998
2507,2507,2507.0,2507.0,2507.0,2507.0,2507.0,2507.0,2507.0,2507.0,2507.0,2507.0,2507.0,2507.0,2507.0,2507.0,2507.0,2507.0,2507.0,2507.0,2507.0,2507.0,7.0,,,0.7,357.2723,353.9367,350.9838,348.5426,346.6847,345.4267,344.744,344.5878,344.9024,345.6387,346.7608,348.2473,350.0883,352.2795,354.8162,357.6868,360.8685,364.3248,368.0037,371.84,179.1531128212337,371.9497056541355,1205.3157,157.44489999999996,381.1098999999999,32.42669999999998
2508,2508,2508.0,2508.0,2508.0,2508.0,2508.0,2508.0,2508.0,2508.0,2508.0,2508.0,2508.0,2508.0,2508.0,2508.0,2508.0,2508.0,2508.0,2508.0,2508.0,2508.0,8.0,,,0.8,207.9379,235.3933,260.3789,282.0883,300.1217,314.4768,325.4748,333.6471,339.617,343.9991,347.3307,350.0378,352.4282,354.7041,356.9832,359.3224,361.7387,364.2268,366.7707,369.3513,371.699106363812,373.16670114322295,1362.7606,70.0743,223.665,32.42669999999998
2509,2509,2509.0,2509.0,2509.0,2509.0,2509.0,2509.0,2509.0,2509.0,2509.0,2509.0,2509.0,2509.0,2509.0,2509.0,2509.0,2509.0,2509.0,2509.0,2509.0,2509.0,9.0,,,0.9,359.3737,348.0942,338.7345,331.8672,327.7055,326.1235,326.737,329.0164,332.3997,336.3822,340.5691,344.6938,348.6079,352.2566,355.6474,358.8224,361.836,364.7404,367.5782,370.38,374.02491303387234,373.1628725815948,1432.8349,153.59069999999997,153.59069999999997,32.42669999999998
2510,2510,2510.0,2510.0,2510.0,2510.0,2510.0,2510.0,2510.0,2510.0,2510.0,2510.0,2510.0,2510.0,2510.0,2510.0,2510.0,2510.0,2510.0,2510.0,2510.0,2510.0,0.0,,,0.0,273.0,273.0,273.0,273.0,273.0,273.0,273.0,273.0,273.0,273.0,273.0,273.0,273.0,273.0,273.0,273.0,273.0,273.0,273.0,273.0,371.0059622345149,370.3052947851566,0.0,370.1475,1545.4879,33.049800000000005
2511,2511,2511.0,2511.0,2511.0,2511.0,2511.0,2511.0,2511.0,2511.0,2511.0,2511.0,2511.0,2511.0,2511.0,2511.0,2511.0,2511.0,2511.0,2511.0,2511.0,2511.0,1.0,,,0.1,354.304,338.366,323.8526,311.2418,300.7915,292.5456,286.3803,282.0722,279.3734,278.0774,278.0678,279.3428,282.0154,286.2888,292.408,300.5938,310.9689,323.4892,337.8988,353.7228,371.7841041921684,375.9449681109673,370.1475,152.83520000000004,1175.3404,33.049800000000005
2512,2512,2512.0,2512.0,2512.0,2512.0,2512.0,2512.0,2512.0,2512.0,2512.0,2512.0,2512.0,2512.0,2512.0,2512.0,2512.0,2512.0,2512.0,2512.0,2512.0,2512.0,2.0,,,0.2,359.9644,348.4546,337.5482,327.5091,318.5612,310.8844,304.6144,299.8475,296.6486,295.0586,295.1015,296.7888,300.1184,305.0711,311.6019,319.6301,329.0292,339.6194,351.1656,363.3823,370.421101601586,373.79430198303015,522.9827,75.06809999999996,1022.5052,33.049800000000005
2513,2513,2513.0,2513.0,2513.0,2513.0,2513.0,2513.0,2513.0,2513.0,2513.0,2513.0,2513.0,2513.0,2513.0,2513.0,2513.0,2513.0,2513.0,2513.0,2513.0,2513.0,3.0,,,0.3,361.5514,352.881,344.605,336.9104,329.9715,323.9465,318.9738,315.1686,312.6207,311.3922,311.5166,312.9975,315.8082,319.8918,325.1624,331.5062,338.7845,346.8367,355.4847,364.5373,371.4162162392132,374.8373009025006,598.0508,85.90269999999998,947.4371,33.049800000000005
2514,2514,2514.0,2514.0,2514.0,2514.0,2514.0,2514.0,2514.0,2514.0,2514.0,2514.0,2514.0,2514.0,2514.0,2514.0,2514.0,2514.0,2514.0,2514.0,2514.0,2514.0,4.0,,,0.4,364.3033,357.356,350.7353,344.5936,339.071,334.2925,330.3652,327.3771,325.3959,324.4673,324.6152,325.8411,328.1234,331.4185,335.6605,340.7625,346.6174,353.0999,360.0684,367.3687,374.9813476430756,371.72901150545385,683.9535,139.9964,861.5344000000001,33.049800000000005
2515,2515,2515.0,2515.0,2515.0,2515.0,2515.0,2515.0,2515.0,2515.0,2515.0,2515.0,2515.0,2515.0,2515.0,2515.0,2515.0,2515.0,2515.0,2515.0,2515.0,2515.0,5.0,,,0.5,368.8328,362.8395,357.1498,351.8996,347.2079,343.1747,339.88,337.3837,335.7262,334.9289,334.9945,335.9068,337.6315,340.1162,343.2927,347.0789,351.3822,356.1029,361.1374,366.3811,354.45030886079616,370.3033930357877,823.9499,196.6213,721.5380000000001,33.049800000000005
2516,2516,2516.0,2516.0,2516.0,2516.0,2516.0,2516.0,2516.0,2516.0,2516.0,2516.0,2516.0,2516.0,2516.0,2516.0,2516.0,2516.0,2516.0,2516.0,2516.0,2516.0,6.0,,,0.6,353.1979,351.8947,350.5085,349.0402,347.529,346.0498,344.7027,343.5986,342.8447,342.5324,342.729,343.4741,344.7794,346.631,348.9933,351.814,355.0284,358.5633,362.3412,366.2816,193.6815129103642,373.6167309494353,1020.5712,141.30059999999992,524.9167000000001,33.049800000000005
2517,2517,2517.0,2517.0,2517.0,2517.0,2517.0,2517.0,2517.0,2517.0,2517.0,2517.0,2517.0,2517.0,2517.0,2517.0,2517.0,2517.0,2517.0,2517.0,2517.0,2517.0,7.0,,,0.7,219.8353,244.7636,267.4138,287.0401,303.2703,316.1002,325.8272,332.9491,338.0556,341.7363,344.5165,346.8234,348.9772,351.199,353.6266,356.3319,359.3362,362.6224,366.1449,369.8367,372.5916702165528,375.1149012122781,1161.8718,64.8134,383.6161000000002,33.049800000000005
2518,2518,2518.0,2518.0,2518.0,2518.0,2518.0,2518.0,2518.0,2518.0,2518.0,2518.0,2518.0,2518.0,2518.0,2518.0,2518.0,2518.0,2518.0,2518.0,2518.0,2518.0,8.0,,,0.8,360.6087,349.6034,340.3939,333.5186,329.1834,327.2797,327.4601,329.2436,332.1205,335.6348,339.4331,343.2806,347.0508,350.7009,354.2424,357.7131,361.1564,364.607,368.0842,371.5904,373.0110706655757,371.0095041278933,1226.6852,152.97770000000014,318.8027000000002,33.049800000000005
2519,2519,2519.0,2519.0,2519.0,2519.0,2519.0,2519.0,2519.0,2519.0,2519.0,2519.0,2519.0,2519.0,2519.0,2519.0,2519.0,2519.0,2519.0,2519.0,2519.0,2519.0,9.0,,,0.9,366.6183,360.5121,354.9552,350.1661,346.3035,343.4595,341.6586,340.8647,340.9929,341.9232,343.5161,345.6264,348.1139,350.8526,353.7359,356.6799,359.6252,362.5359,365.3981,368.2165,244.0340537321464,370.0540277285851,1379.6629,165.82500000000005,165.82500000000005,33.049800000000005
2520,2520,2520.0,2520.0,2520.0,2520.0,2520.0,2520.0,2520.0,2520.0,2520.0,2520.0,2520.0,2520.0,2520.0,2520.0,2520.0,2520.0,2520.0,2520.0,2520.0,0.0,,,,0.0,273.0,273.0,273.0,273.0,273.0,273.0,273.0,273.0,273.0,273.0,273.0,273.0,273.0,273.0,273.0,273.0,273.0,273.0,273.0,273.0,374.9938646434682,374.6731469392537,0.0,367.8342,2964.6027000000004,-40.0
2521,2521,2521.0,2521.0,2521.0,2521.0,2521.0,2521.0,2521.0,2521.0,2521.0,2521.0,2521.0,2521.0,2521.0,2521.0,2521.0,2521.0,2521.0,2521.0,2521.0,1.0,,,,0.1,357.6124,341.0258,325.9218,312.798,301.9226,293.3415,286.9259,282.4437,279.6371,278.2918,278.2874,279.6231,282.4177,286.8841,293.2785,301.8321,312.6731,325.7555,340.812,357.3463,182.37721271224257,374.7777990650612,367.8342,171.2197,2596.7685,-19.658500000000004
2522,2522,2522.0,2522.0,2522.0,2522.0,2522.0,2522.0,2522.0,2522.0,2522.0,2522.0,2522.0,2522.0,2522.0,2522.0,2522.0,2522.0,2522.0,2522.0,2522.0,2.0,,,,0.2,203.0451,222.5312,239.843,254.3212,265.7099,274.1439,280.0709,284.135,287.057,289.5334,292.1685,295.4402,299.6915,305.1384,311.8846,319.9363,329.2161,339.5742,350.7997,362.6324,196.46601740093425,215.53221429757264,539.0539,242.66330000000005,2425.5488,-38.856100000000026
2523,2523,2523.0,2523.0,2523.0,2523.0,2523.0,2523.0,2523.0,2523.0,2523.0,2523.0,2523.0,2523.0,2523.0,2523.0,2523.0,2523.0,2523.0,2523.0,2523.0,3.0,,,,0.3,207.9622,219.2453,230.1164,240.4044,249.9756,258.74,266.6477,273.6768,279.8099,285.0023,289.1469,292.0455,293.3964,292.8094,289.8548,284.1458,275.441,263.7451,249.3802,232.9994,172.91850868536392,370.8803281187295,781.7172,462.6064999999999,2182.8855,-54.25999999999999
2524,2524,2524.0,2524.0,2524.0,2524.0,2524.0,2524.0,2524.0,2524.0,2524.0,2524.0,2524.0,2524.0,2524.0,2524.0,2524.0,2524.0,2524.0,2524.0,2524.0,4.0,,,,0.4,186.6533,200.0678,212.8697,224.8174,235.7332,245.5081,254.0993,261.5272,267.8753,273.2961,278.0229,282.3807,286.7884,291.7416,297.7694,305.3624,314.883,326.4755,340.0025,355.0308,373.4788367927866,359.2924501166719,1244.3237,374.4521,1720.279,-67.49189999999999
2525,2525,2525.0,2525.0,2525.0,2525.0,2525.0,2525.0,2525.0,2525.0,2525.0,2525.0,2525.0,2525.0,2525.0,2525.0,2525.0,2525.0,2525.0,2525.0,2525.0,5.0,,,,0.5,350.6355,329.2034,310.391,295.049,283.5959,276.0323,272.0269,271.0422,272.4647,275.7117,280.2995,285.8704,292.1883,299.1125,306.5644,314.4949,322.8596,331.6031,340.6524,349.9168,268.68521787315564,374.34920186276895,1618.7758,131.7773000000002,1345.8269,-36.96769999999998
2526,2526,2526.0,2526.0,2526.0,2526.0,2526.0,2526.0,2526.0,2526.0,2526.0,2526.0,2526.0,2526.0,2526.0,2526.0,2526.0,2526.0,2526.0,2526.0,2526.0,6.0,,,,0.6,272.5305,276.0496,278.9946,281.2525,282.8668,284.0217,284.9975,286.1138,287.6753,289.9342,293.0704,297.1916,302.3436,308.5252,315.7017,323.812,332.7699,342.4617,352.7431,363.4389,170.880779998515,174.35944915108675,1750.5531,175.00099999999998,1214.0495999999998,-28.97829999999999
2527,2527,2527.0,2527.0,2527.0,2527.0,2527.0,2527.0,2527.0,2527.0,2527.0,2527.0,2527.0,2527.0,2527.0,2527.0,2527.0,2527.0,2527.0,2527.0,2527.0,7.0,,,,0.7,190.1303,208.6004,225.6225,240.7228,253.6633,264.4321,273.1904,280.1905,285.684,289.8352,292.6538,293.9567,293.3668,290.354,284.3207,274.7251,261.2245,243.8101,222.8973,199.3408,175.00330894952194,343.1128353749715,1925.5541,482.8430999999998,1039.0486,-48.56790000000001
2528,2528,2528.0,2528.0,2528.0,2528.0,2528.0,2528.0,2528.0,2528.0,2528.0,2528.0,2528.0,2528.0,2528.0,2528.0,2528.0,2528.0,2528.0,2528.0,2528.0,8.0,,,,0.8,188.5259,201.7763,214.493,226.435,237.3914,247.1899,255.706,262.8731,268.696,273.2663,276.7802,279.5507,282.009,284.6841,288.1541,292.9682,299.5492,308.0968,318.518,330.4106,375.384901650505,374.4979922322114,2408.3972,417.3238000000001,556.2055,-65.8101
2529,2529,2529.0,2529.0,2529.0,2529.0,2529.0,2529.0,2529.0,2529.0,2529.0,2529.0,2529.0,2529.0,2529.0,2529.0,2529.0,2529.0,2529.0,2529.0,2529.0,9.0,,,,0.9,352.3967,330.8028,311.7941,296.2028,284.4286,276.4552,271.9392,270.341,271.061,273.5538,277.4015,282.3462,288.2827,295.2248,303.2544,312.4642,322.9031,334.5326,347.2015,360.6433,292.28744194583606,371.4199770321359,2825.721,138.8816999999999,138.8816999999999,-36.54480000000001
2530,2530,2530.0,2530.0,2530.0,2530.0,2530.0,2530.0,2530.0,2530.0,2530.0,2530.0,2530.0,2530.0,2530.0,2530.0,2530.0,2530.0,2530.0,2530.0,2530.0,0.0,,,,0.0,273.0,273.0,273.0,273.0,273.0,273.0,273.0,273.0,273.0,273.0,273.0,273.0,273.0,273.0,273.0,273.0,273.0,273.0,273.0,273.0,371.4995658065949,374.9672863761157,0.0,368.3042,2878.2128,-40.0
2531,2531,2531.0,2531.0,2531.0,2531.0,2531.0,2531.0,2531.0,2531.0,2531.0,2531.0,2531.0,2531.0,2531.0,2531.0,2531.0,2531.0,2531.0,2531.0,2531.0,1.0,,,,0.1,354.7136,338.6955,324.1093,311.4359,300.9345,292.6504,286.4603,282.1421,279.4502,278.1827,278.2303,279.6016,282.423,286.9128,293.3314,301.9127,312.7866,325.9075,341.0079,357.5902,186.5992447148249,375.8210384498345,368.3042,171.31620000000004,2509.9086,-20.34960000000001
2532,2532,2532.0,2532.0,2532.0,2532.0,2532.0,2532.0,2532.0,2532.0,2532.0,2532.0,2532.0,2532.0,2532.0,2532.0,2532.0,2532.0,2532.0,2532.0,2532.0,2.0,,,,0.2,206.3748,225.019,241.5822,255.4349,266.3345,274.4145,280.1085,284.0395,286.9045,289.3778,292.0457,295.3735,299.6965,305.2277,312.0701,320.2315,329.6355,340.1329,351.5111,363.5069,192.6558333907521,211.06607603861067,539.6204,242.79650000000004,2338.5923999999995,-38.585500000000025
2533,2533,2533.0,2533.0,2533.0,2533.0,2533.0,2533.0,2533.0,2533.0,2533.0,2533.0,2533.0,2533.0,2533.0,2533.0,2533.0,2533.0,2533.0,2533.0,2533.0,3.0,,,,0.3,204.9366,216.9583,228.4833,239.3143,249.307,258.3748,266.4818,273.6256,279.8086,285.0012,289.1046,291.9202,293.1379,292.3529,289.1185,283.0316,273.8403,261.5487,246.49,229.3413,171.84941552561773,370.1632662657138,782.4169,475.2232,2095.7959,-54.62520000000001
2534,2534,2534.0,2534.0,2534.0,2534.0,2534.0,2534.0,2534.0,2534.0,2534.0,2534.0,2534.0,2534.0,2534.0,2534.0,2534.0,2534.0,2534.0,2534.0,2534.0,4.0,,,,0.4,185.625,199.0863,211.9456,223.9618,234.9546,244.8084,253.4722,260.9573,267.3395,272.7665,277.4704,281.779,286.1183,290.9947,296.9496,304.4864,313.9782,325.5752,339.1403,354.2337,372.1540796337627,359.30811618343097,1257.6401,386.55409999999983,1620.5726999999997,-68.1916
2535,2535,2535.0,2535.0,2535.0,2535.0,2535.0,2535.0,2535.0,2535.0,2535.0,2535.0,2535.0,2535.0,2535.0,2535.0,2535.0,2535.0,2535.0,2535.0,2535.0,5.0,,,,0.5,349.4083,328.071,309.3481,294.0878,282.707,275.205,271.2499,270.3041,271.7552,275.0223,279.6244,285.2078,291.5411,298.4888,305.9774,313.962,322.4011,331.2399,340.4033,349.7963,294.06659555190697,374.4234475313416,1644.1942,131.39610000000016,1234.0186,-37.795000000000016
2536,2536,2536.0,2536.0,2536.0,2536.0,2536.0,2536.0,2536.0,2536.0,2536.0,2536.0,2536.0,2536.0,2536.0,2536.0,2536.0,2536.0,2536.0,2536.0,2536.0,6.0,,,,0.6,293.4356,292.6849,291.7447,290.6297,289.45,288.3964,287.7068,287.6258,288.3685,290.0969,292.9115,296.8554,301.9262,308.0894,315.2884,323.4482,332.4744,342.2477,352.62,363.413,174.5522086462106,175.32713401252303,1775.5903,150.00519999999983,1102.6224999999995,-24.60359999999997
2537,2537,2537.0,2537.0,2537.0,2537.0,2537.0,2537.0,2537.0,2537.0,2537.0,2537.0,2537.0,2537.0,2537.0,2537.0,2537.0,2537.0,2537.0,2537.0,2537.0,7.0,,,,0.7,194.3403,213.2538,230.5468,245.6998,258.4663,268.86,277.0926,283.4796,288.3356,291.8794,294.1606,295.0209,294.0941,290.8506,284.6863,275.0488,261.5827,244.2651,223.4964,200.1162,172.40024731635228,350.8919185098482,1925.5955,441.50260000000026,952.6173,-44.13999999999999
2538,2538,2538.0,2538.0,2538.0,2538.0,2538.0,2538.0,2538.0,2538.0,2538.0,2538.0,2538.0,2538.0,2538.0,2538.0,2538.0,2538.0,2538.0,2538.0,2538.0,8.0,,,,0.8,187.043,201.3453,214.9864,227.6824,239.2001,249.3659,258.0728,265.2861,271.052,275.5089,278.9011,281.5893,284.0496,286.8516,290.6073,295.89,303.1331,312.5305,323.9647,336.9912,374.35472789832806,370.2035634470627,2367.0981,382.9022999999997,511.1146999999996,-63.63409999999999
2539,2539,2539.0,2539.0,2539.0,2539.0,2539.0,2539.0,2539.0,2539.0,2539.0,2539.0,2539.0,2539.0,2539.0,2539.0,2539.0,2539.0,2539.0,2539.0,2539.0,9.0,,,,0.9,351.7951,330.6206,312.013,296.7961,285.3626,277.6904,273.4326,272.0474,272.9339,275.5438,279.4531,284.3914,290.2343,296.9696,304.6497,313.3395,323.0691,333.7973,345.3916,357.6269,286.162086869452,373.98261077773134,2750.0004,128.2123999999999,128.2123999999999,-35.30959999999999
2540,2540,2540.0,2540.0,2540.0,2540.0,2540.0,2540.0,2540.0,2540.0,2540.0,2540.0,2540.0,2540.0,2540.0,2540.0,2540.0,2540.0,2540.0,2540.0,2540.0,0.0,,,,0.0,273.0,273.0,273.0,273.0,273.0,273.0,273.0,273.0,273.0,273.0,273.0,273.0,273.0,273.0,273.0,273.0,273.0,273.0,273.0,273.0,370.9993985777917,372.0154029275356,0.0,369.4991,2888.9261000000006,-40.0
2541,2541,2541.0,2541.0,2541.0,2541.0,2541.0,2541.0,2541.0,2541.0,2541.0,2541.0,2541.0,2541.0,2541.0,2541.0,2541.0,2541.0,2541.0,2541.0,2541.0,1.0,,,,0.1,354.2986,338.3618,323.8494,311.2399,300.7909,292.5469,286.3846,282.0815,279.3913,278.1099,278.1238,279.4357,282.1638,286.5171,292.7464,301.0775,311.6356,324.3763,339.0393,355.1415,195.1848683982284,373.36349007610704,369.4991,172.43830000000003,2519.4270000000006,-20.453100000000006
2542,2542,2542.0,2542.0,2542.0,2542.0,2542.0,2542.0,2542.0,2542.0,2542.0,2542.0,2542.0,2542.0,2542.0,2542.0,2542.0,2542.0,2542.0,2542.0,2542.0,2.0,,,,0.2,213.4674,230.687,245.9526,258.6759,268.6354,275.9642,281.079,284.5746,287.1147,289.3398,291.8067,294.956,299.1053,304.4552,311.102,319.05,328.2232,338.4739,349.5931,361.3213,195.76630661731448,212.9437049570776,541.9374,232.0151,2346.9887000000003,-37.0358
2543,2543,2543.0,2543.0,2543.0,2543.0,2543.0,2543.0,2543.0,2543.0,2543.0,2543.0,2543.0,2543.0,2543.0,2543.0,2543.0,2543.0,2543.0,2543.0,2543.0,3.0,,,,0.3,207.9122,219.7793,231.1147,241.7126,251.4291,260.1851,267.9583,274.7627,280.6172,285.5082,289.351,291.9597,293.0365,292.1882,288.9786,283.0129,274.0425,262.0677,247.4094,230.7232,171.06376055815647,363.2357637710292,773.9525,461.8941000000001,2114.9736000000003,-52.81490000000002
2544,2544,2544.0,2544.0,2544.0,2544.0,2544.0,2544.0,2544.0,2544.0,2544.0,2544.0,2544.0,2544.0,2544.0,2544.0,2544.0,2544.0,2544.0,2544.0,2544.0,4.0,,,,0.4,185.2805,199.1506,212.358,224.6425,235.8138,245.7566,254.4277,261.8505,268.1137,273.3743,277.8677,281.9171,285.9349,290.4072,295.8512,302.7474,311.4528,322.1151,334.611,348.533,372.33518437110496,363.80025110081385,1235.8466,385.1344999999999,1653.0795,-67.24340000000001
2545,2545,2545.0,2545.0,2545.0,2545.0,2545.0,2545.0,2545.0,2545.0,2545.0,2545.0,2545.0,2545.0,2545.0,2545.0,2545.0,2545.0,2545.0,2545.0,2545.0,5.0,,,,0.5,349.6598,328.3885,309.7223,294.5044,283.146,275.6414,271.6546,270.6467,272.008,275.1656,279.6536,285.1412,291.4275,298.4134,306.0634,314.3673,323.3066,332.8322,342.8524,353.2317,285.0170133248667,372.7109204751828,1620.9811,130.99900000000002,1267.9450000000002,-37.35860000000002
2546,2546,2546.0,2546.0,2546.0,2546.0,2546.0,2546.0,2546.0,2546.0,2546.0,2546.0,2546.0,2546.0,2546.0,2546.0,2546.0,2546.0,2546.0,2546.0,2546.0,6.0,,,,0.6,285.9865,286.7618,287.209,287.2969,287.1118,286.8425,286.7428,287.0854,288.1188,290.0374,292.969,296.9757,302.0647,308.2021,315.3253,323.3502,332.1742,341.6753,351.7102,362.1156,174.29783007322789,175.72793789657896,1751.9801,158.25170000000003,1136.946,-26.157500000000027
2547,2547,2547.0,2547.0,2547.0,2547.0,2547.0,2547.0,2547.0,2547.0,2547.0,2547.0,2547.0,2547.0,2547.0,2547.0,2547.0,2547.0,2547.0,2547.0,2547.0,7.0,,,,0.7,193.7146,212.2986,229.3384,244.3355,257.0488,267.4828,275.8291,282.3776,287.4169,291.1434,293.5911,294.593,293.7814,290.6305,284.544,274.9784,261.5869,244.3528,223.6793,200.4049,173.42964082435302,347.90007692296217,1910.2318,453.7792,978.6943,-45.5172
2548,2548,2548.0,2548.0,2548.0,2548.0,2548.0,2548.0,2548.0,2548.0,2548.0,2548.0,2548.0,2548.0,2548.0,2548.0,2548.0,2548.0,2548.0,2548.0,2548.0,8.0,,,,0.8,187.706,201.6617,214.9934,227.4302,238.7464,248.7701,257.3904,264.5644,270.3266,274.8013,278.2172,280.9182,283.3638,286.1073,289.7458,294.8413,301.8213,310.8802,321.9093,334.481,375.53618635568336,370.7070563233896,2364.011,393.3611999999998,524.9151000000002,-64.22989999999999
2549,2549,2549.0,2549.0,2549.0,2549.0,2549.0,2549.0,2549.0,2549.0,2549.0,2549.0,2549.0,2549.0,2549.0,2549.0,2549.0,2549.0,2549.0,2549.0,2549.0,9.0,,,,0.9,352.7115,331.2798,312.4298,296.9911,285.3602,277.5167,273.1137,271.6078,272.3958,274.9271,278.7766,283.6746,289.4999,296.2457,303.9715,312.7495,322.6149,333.5275,345.3507,357.8489,289.1466506968647,373.96924957442,2757.3722,131.55390000000034,131.55390000000034,-35.483299999999986
2550,2550,2550.0,2550.0,2550.0,2550.0,2550.0,2550.0,2550.0,2550.0,2550.0,2550.0,2550.0,2550.0,2550.0,2550.0,2550.0,2550.0,2550.0,2550.0,2550.0,0.0,,,,0.0,273.0,273.0,273.0,273.0,273.0,273.0,273.0,273.0,273.0,273.0,273.0,273.0,273.0,273.0,273.0,273.0,273.0,273.0,273.0,273.0,374.9903414850575,371.9384472073589,0.0,368.8628,3004.9818,-40.0
2551,2551,2551.0,2551.0,2551.0,2551.0,2551.0,2551.0,2551.0,2551.0,2551.0,2551.0,2551.0,2551.0,2551.0,2551.0,2551.0,2551.0,2551.0,2551.0,2551.0,1.0,,,,0.1,357.6094,341.0233,325.9196,312.7957,301.9196,293.3367,286.9172,282.4275,279.6076,278.2395,278.1976,279.4743,282.1803,286.5189,292.7373,301.0587,311.607,324.337,338.9882,355.0777,184.0683445236488,374.45759742587705,368.8628,174.06629999999996,2636.119,-19.663299999999992
2552,2552,2552.0,2552.0,2552.0,2552.0,2552.0,2552.0,2552.0,2552.0,2552.0,2552.0,2552.0,2552.0,2552.0,2552.0,2552.0,2552.0,2552.0,2552.0,2552.0,2.0,,,,0.2,204.4434,223.649,240.7031,254.9534,266.1472,274.4184,280.2105,284.1617,286.9861,289.3743,291.9266,295.1194,299.2971,304.6793,311.3753,319.3972,328.6727,339.0541,350.3288,362.2313,204.44628400229087,215.5024902863875,542.9291,237.15930000000003,2462.0527,-38.58159999999998
2553,2553,2553.0,2553.0,2553.0,2553.0,2553.0,2553.0,2553.0,2553.0,2553.0,2553.0,2553.0,2553.0,2553.0,2553.0,2553.0,2553.0,2553.0,2553.0,2553.0,3.0,,,,0.3,214.6513,224.696,234.4274,243.7076,252.4215,260.4824,267.8314,274.4295,280.238,285.1907,289.1617,291.9373,293.2046,292.5658,289.5862,283.8758,275.1903,263.532,249.2193,232.9014,171.0518411930488,374.8811300230423,780.0884,446.5169,2224.8934,-52.517600000000016
2554,2554,2554.0,2554.0,2554.0,2554.0,2554.0,2554.0,2554.0,2554.0,2554.0,2554.0,2554.0,2554.0,2554.0,2554.0,2554.0,2554.0,2554.0,2554.0,2554.0,4.0,,,,0.4,185.5176,199.6063,212.9782,225.3606,236.5643,246.4874,255.1093,262.482,268.724,274.0226,278.6424,282.9353,287.3432,292.3806,298.5913,306.4756,316.3992,328.5012,342.6294,358.3267,371.11626752246303,373.54287250285927,1226.6053,359.8569,1778.3765,-66.51259999999999
2555,2555,2555.0,2555.0,2555.0,2555.0,2555.0,2555.0,2555.0,2555.0,2555.0,2555.0,2555.0,2555.0,2555.0,2555.0,2555.0,2555.0,2555.0,2555.0,2555.0,5.0,,,,0.5,348.7682,327.8131,309.4432,294.4972,283.387,276.1133,272.3516,271.5785,273.2016,276.6661,281.5229,287.4549,294.2707,301.8758,310.234,319.3293,329.1334,339.5844,350.5758,361.9571,246.145424321093,371.0363233854301,1586.4622,121.51330000000009,1418.5196,-36.88670000000002
2556,2556,2556.0,2556.0,2556.0,2556.0,2556.0,2556.0,2556.0,2556.0,2556.0,2556.0,2556.0,2556.0,2556.0,2556.0,2556.0,2556.0,2556.0,2556.0,2556.0,6.0,,,,0.6,253.8205,261.0093,267.3259,272.5589,276.7012,279.934,282.5728,284.9964,287.5783,290.6333,294.3888,298.9771,304.4449,310.7707,317.8858,325.6921,334.0767,342.9207,352.1056,361.5152,175.7811140231227,171.82236084247307,1707.9755,189.59559999999988,1297.0063,-33.065999999999974
2557,2557,2557.0,2557.0,2557.0,2557.0,2557.0,2557.0,2557.0,2557.0,2557.0,2557.0,2557.0,2557.0,2557.0,2557.0,2557.0,2557.0,2557.0,2557.0,2557.0,7.0,,,,0.7,193.1653,209.9255,225.5226,239.5679,251.854,262.3479,271.1487,278.4228,284.3275,288.9384,292.1911,293.8466,293.4903,290.5712,284.4846,274.6925,260.8646,243.0106,221.5697,197.4241,171.19169978380245,341.7624338683014,1897.5711,500.4112000000002,1107.4107,-50.65210000000002
2558,2558,2558.0,2558.0,2558.0,2558.0,2558.0,2558.0,2558.0,2558.0,2558.0,2558.0,2558.0,2558.0,2558.0,2558.0,2558.0,2558.0,2558.0,2558.0,2558.0,8.0,,,,0.8,185.2112,198.9318,212.0705,224.374,235.6289,245.6694,254.382,261.7125,267.6752,272.3667,275.9834,278.8346,281.3461,284.0419,287.4968,292.2597,298.756,307.1902,317.4759,329.218,372.365935716623,360.0453221203172,2397.9823,443.1657,606.9994999999999,-67.3306
2559,2559,2559.0,2559.0,2559.0,2559.0,2559.0,2559.0,2559.0,2559.0,2559.0,2559.0,2559.0,2559.0,2559.0,2559.0,2559.0,2559.0,2559.0,2559.0,2559.0,9.0,,,,0.9,349.5948,328.2166,309.4205,294.0357,282.4581,274.6657,270.3075,268.8331,269.629,272.1296,275.8914,280.6226,286.1778,292.5266,299.7071,307.7767,316.7659,326.6425,337.292,348.5156,305.6045349991218,370.4806746725253,2841.148,163.83379999999988,163.83379999999988,-38.33429999999999
2560,2560,2560.0,2560.0,2560.0,2560.0,2560.0,2560.0,2560.0,2560.0,2560.0,2560.0,2560.0,2560.0,2560.0,2560.0,2560.0,2560.0,2560.0,2560.0,2560.0,0.0,,,,0.0,273.0,273.0,273.0,273.0,273.0,273.0,273.0,273.0,273.0,273.0,273.0,273.0,273.0,273.0,273.0,273.0,273.0,273.0,273.0,273.0,372.167519957203,372.9550171063245,0.0,368.9446,2965.2125,-40.0
2561,2561,2561.0,2561.0,2561.0,2561.0,2561.0,2561.0,2561.0,2561.0,2561.0,2561.0,2561.0,2561.0,2561.0,2561.0,2561.0,2561.0,2561.0,2561.0,2561.0,1.0,,,,0.1,355.2677,339.1409,324.4555,311.6956,301.122,292.7795,286.5434,282.1884,279.4649,278.1662,278.177,279.4993,282.2522,286.6461,292.9342,301.3441,312.0023,324.8639,339.666,355.921,194.413536547782,370.9938661971792,368.9446,171.2162,2596.2679000000003,-20.22050000000001
2562,2562,2562.0,2562.0,2562.0,2562.0,2562.0,2562.0,2562.0,2562.0,2562.0,2562.0,2562.0,2562.0,2562.0,2562.0,2562.0,2562.0,2562.0,2562.0,2562.0,2.0,,,,0.2,212.8869,230.2858,245.7092,258.5625,268.6214,276.0198,281.1779,284.6951,287.2392,289.4533,291.8936,294.9972,299.0747,304.3174,310.8111,318.5509,327.4544,337.3735,348.1053,359.404,191.33745691462417,209.8626384653722,540.1608,237.99580000000003,2425.0517000000004,-36.980200000000025
2563,2563,2563.0,2563.0,2563.0,2563.0,2563.0,2563.0,2563.0,2563.0,2563.0,2563.0,2563.0,2563.0,2563.0,2563.0,2563.0,2563.0,2563.0,2563.0,2563.0,3.0,,,,0.3,204.2268,216.8047,228.7898,239.955,250.1439,259.2734,267.3247,274.3194,280.2865,285.2219,289.049,291.5875,292.5425,291.5224,288.0915,281.8555,272.5682,260.2341,245.1813,228.0752,170.40656706061534,364.0087194215701,778.1566,479.364,2187.0559000000003,-53.72660000000002
2564,2564,2564.0,2564.0,2564.0,2564.0,2564.0,2564.0,2564.0,2564.0,2564.0,2564.0,2564.0,2564.0,2564.0,2564.0,2564.0,2564.0,2564.0,2564.0,2564.0,4.0,,,,0.4,184.5033,198.2692,211.4009,223.6452,234.8121,244.7806,253.4976,260.9752,267.2913,272.5959,277.1219,281.1956,285.2378,289.7468,295.2544,302.2551,311.1165,321.9907,334.751,348.9783,374.2922719752417,356.028095327425,1257.5206,398.5736999999999,1707.6919,-68.21940000000001
2565,2565,2565.0,2565.0,2565.0,2565.0,2565.0,2565.0,2565.0,2565.0,2565.0,2565.0,2565.0,2565.0,2565.0,2565.0,2565.0,2565.0,2565.0,2565.0,2565.0,5.0,,,,0.5,351.1284,329.3918,310.3038,294.722,283.0649,275.3268,271.1653,270.0297,271.2938,274.365,278.7542,284.1042,290.1845,296.8651,304.0806,311.7957,319.9774,328.5768,337.5204,346.7101,290.0503829412712,370.3890686309612,1656.0943,141.99669999999992,1309.1182,-37.67320000000001
2566,2566,2566.0,2566.0,2566.0,2566.0,2566.0,2566.0,2566.0,2566.0,2566.0,2566.0,2566.0,2566.0,2566.0,2566.0,2566.0,2566.0,2566.0,2566.0,2566.0,6.0,,,,0.6,290.1471,290.08,289.7413,289.1185,288.3081,287.4992,286.9389,286.8869,287.5767,289.1879,291.8364,295.5772,300.4162,306.3241,313.2468,321.1113,329.8242,339.268,349.2971,359.737,173.83333654172318,172.6250654022216,1798.091,166.58400000000006,1167.1215000000002,-25.500800000000027
2567,2567,2567.0,2567.0,2567.0,2567.0,2567.0,2567.0,2567.0,2567.0,2567.0,2567.0,2567.0,2567.0,2567.0,2567.0,2567.0,2567.0,2567.0,2567.0,2567.0,7.0,,,,0.7,193.5063,212.3144,229.5191,244.6042,257.3213,267.6781,275.8777,282.2259,287.0293,290.5005,292.6867,293.4307,292.3703,288.9824,282.6702,272.8889,259.289,241.8511,220.9765,197.5019,175.8450991801677,348.010766744746,1964.675,466.79700000000025,1000.5375,-45.32190000000003
2568,2568,2568.0,2568.0,2568.0,2568.0,2568.0,2568.0,2568.0,2568.0,2568.0,2568.0,2568.0,2568.0,2568.0,2568.0,2568.0,2568.0,2568.0,2568.0,2568.0,8.0,,,,0.8,189.7002,203.2478,216.1955,228.2796,239.2768,249.014,257.3762,264.3155,269.8627,274.1406,277.3799,279.9305,282.2605,284.9343,288.5607,293.7113,300.8191,310.0779,321.3708,334.2542,375.2083931562684,371.507546990082,2431.472,399.1256999999996,533.7404999999999,-63.98599999999999
2569,2569,2569.0,2569.0,2569.0,2569.0,2569.0,2569.0,2569.0,2569.0,2569.0,2569.0,2569.0,2569.0,2569.0,2569.0,2569.0,2569.0,2569.0,2569.0,2569.0,9.0,,,,0.9,352.5092,331.1863,312.4147,297.0147,285.3797,277.4922,273.0125,271.4083,272.0888,274.516,278.2771,283.1131,288.9119,295.6741,303.4644,312.3572,322.3873,333.5107,345.5829,358.358,287.2428994177869,375.7051832131094,2830.5977,134.6148000000003,134.6148000000003,-35.507799999999975
2570,2570,2570.0,2570.0,2570.0,2570.0,2570.0,2570.0,2570.0,2570.0,2570.0,2570.0,2570.0,2570.0,2570.0,2570.0,2570.0,2570.0,2570.0,2570.0,2570.0,0.0,,,,0.0,273.0,273.0,273.0,273.0,273.0,273.0,273.0,273.0,273.0,273.0,273.0,273.0,273.0,273.0,273.0,273.0,273.0,273.0,273.0,273.0,375.014327085112,371.8221717810317,0.0,368.9029,3053.6785,-40.0
2571,2571,2571.0,2571.0,2571.0,2571.0,2571.0,2571.0,2571.0,2571.0,2571.0,2571.0,2571.0,2571.0,2571.0,2571.0,2571.0,2571.0,2571.0,2571.0,2571.0,1.0,,,,0.1,357.6293,341.0393,325.932,312.805,301.9263,293.3412,286.9201,282.429,279.6076,278.238,278.1942,279.4682,282.1704,286.5035,292.7143,301.0258,311.5617,324.2767,338.9107,354.9813,184.38124741547705,373.75989450693993,368.9029,174.20869999999996,2684.7756,-19.658799999999985
2572,2572,2572.0,2572.0,2572.0,2572.0,2572.0,2572.0,2572.0,2572.0,2572.0,2572.0,2572.0,2572.0,2572.0,2572.0,2572.0,2572.0,2572.0,2572.0,2572.0,2.0,,,,0.2,204.7039,223.8595,240.8677,255.0777,266.2374,274.4807,280.2503,284.1832,286.9917,289.3647,291.9003,295.0726,299.2234,304.57,311.2191,319.1814,328.3832,338.6773,349.8527,361.6468,201.4073975412477,219.04197792029333,543.1116,238.31420000000003,2510.5669,-38.51929999999999
2573,2573,2573.0,2573.0,2573.0,2573.0,2573.0,2573.0,2573.0,2573.0,2573.0,2573.0,2573.0,2573.0,2573.0,2573.0,2573.0,2573.0,2573.0,2573.0,2573.0,3.0,,,,0.3,212.1448,222.6964,232.8875,242.5644,251.6044,259.9202,267.4597,274.1948,280.1011,285.1287,289.1683,292.0244,293.4019,292.9212,290.1644,284.755,276.4569,265.2723,251.5103,235.801,174.41583248902302,375.2017844143783,781.4258,444.7993000000001,2272.2527,-53.07979999999998
2574,2574,2574.0,2574.0,2574.0,2574.0,2574.0,2574.0,2574.0,2574.0,2574.0,2574.0,2574.0,2574.0,2574.0,2574.0,2574.0,2574.0,2574.0,2574.0,2574.0,4.0,,,,0.4,188.1661,201.5812,214.3572,226.2463,237.0716,246.7309,255.1936,262.4953,268.7356,274.083,278.7849,283.178,287.6908,292.8254,299.1145,307.049,316.9875,329.0667,343.1367,358.7482,373.3566398810068,372.87875687166434,1226.2251,352.3117,1827.4534,-66.26910000000001
2575,2575,2575.0,2575.0,2575.0,2575.0,2575.0,2575.0,2575.0,2575.0,2575.0,2575.0,2575.0,2575.0,2575.0,2575.0,2575.0,2575.0,2575.0,2575.0,2575.0,5.0,,,,0.5,350.7441,329.5298,310.9114,295.7328,284.4116,276.9528,273.0355,272.1373,273.665,277.0601,281.8677,287.7627,294.5447,302.1096,310.4124,319.4297,329.1289,339.4466,350.2791,361.482,231.7238012745431,374.7555785385784,1578.5368,122.08559999999989,1475.1417,-36.047199999999975
2576,2576,2576.0,2576.0,2576.0,2576.0,2576.0,2576.0,2576.0,2576.0,2576.0,2576.0,2576.0,2576.0,2576.0,2576.0,2576.0,2576.0,2576.0,2576.0,2576.0,6.0,,,,0.6,242.0246,251.7132,260.2954,267.4823,273.2279,277.7112,281.2765,284.352,287.3707,290.7083,294.6485,299.373,304.9695,311.4506,318.7744,326.8623,335.6123,344.9076,354.6207,364.6167,174.07623868240185,173.11303495291102,1700.6224,202.4349,1353.0561,-35.28879999999998
2577,2577,2577.0,2577.0,2577.0,2577.0,2577.0,2577.0,2577.0,2577.0,2577.0,2577.0,2577.0,2577.0,2577.0,2577.0,2577.0,2577.0,2577.0,2577.0,2577.0,7.0,,,,0.7,191.1283,207.6122,223.0347,237.0345,249.4109,260.1179,269.2281,276.8741,283.1796,288.1919,291.8254,293.8276,293.7768,291.1192,285.2496,275.6308,261.9346,244.1744,222.7954,198.6884,173.0916208887728,341.99254875633767,1903.0573,512.2626,1150.6212,-52.88209999999998
2578,2578,2578.0,2578.0,2578.0,2578.0,2578.0,2578.0,2578.0,2578.0,2578.0,2578.0,2578.0,2578.0,2578.0,2578.0,2578.0,2578.0,2578.0,2578.0,2578.0,8.0,,,,0.8,186.461,199.5724,212.1785,224.0523,234.9953,244.8441,253.4778,260.8264,266.8836,271.7238,275.521,278.5641,281.2612,284.1216,287.7094,292.5661,299.1141,307.5593,317.8206,329.5123,371.6883699461258,344.78875732474165,2415.3199,453.69280000000026,638.3586,-68.1559
2579,2579,2579.0,2579.0,2579.0,2579.0,2579.0,2579.0,2579.0,2579.0,2579.0,2579.0,2579.0,2579.0,2579.0,2579.0,2579.0,2579.0,2579.0,2579.0,2579.0,9.0,,,,0.9,348.9701,327.639,308.8796,293.5195,281.9548,274.1649,269.7995,268.3051,269.0586,271.4761,275.0841,279.5501,284.6772,290.377,296.6309,303.4487,310.8338,318.7576,327.1457,335.8763,309.36729871363576,371.5752536902466,2869.0127,184.66579999999976,184.66579999999976,-38.83510000000001
2580,2580,2580.0,2580.0,2580.0,2580.0,2580.0,2580.0,2580.0,2580.0,2580.0,2580.0,2580.0,2580.0,2580.0,2580.0,2580.0,2580.0,2580.0,2580.0,0.0,,,,,0.0,273.0,273.0,273.0,273.0,273.0,273.0,273.0,273.0,273.0,273.0,273.0,273.0,273.0,273.0,273.0,273.0,273.0,273.0,273.0,273.0,374.831744609148,371.6136546699331,0.0,369.0113,2041.4716,-40.0
2581,2581,2581.0,2581.0,2581.0,2581.0,2581.0,2581.0,2581.0,2581.0,2581.0,2581.0,2581.0,2581.0,2581.0,2581.0,2581.0,2581.0,2581.0,2581.0,1.0,,,,,0.1,357.4778,340.9175,325.8373,312.7338,301.8745,293.3048,286.895,282.4119,279.5955,278.2281,278.1839,279.4549,282.1512,286.4751,292.6728,300.9667,311.4803,324.1685,338.7716,354.8083,373.010865192519,371.035764432207,369.0113,151.8732,1672.4603,-19.6952
2582,2582,2582.0,2582.0,2582.0,2582.0,2582.0,2582.0,2582.0,2582.0,2582.0,2582.0,2582.0,2582.0,2582.0,2582.0,2582.0,2582.0,2582.0,2582.0,2.0,,,,,0.2,361.1737,349.6371,338.6874,328.5846,319.5529,311.7754,305.3933,300.5083,297.1882,295.4731,295.381,296.9111,300.0441,304.7393,310.9294,318.5139,327.3532,337.2659,348.0285,359.381,200.4199542397681,170.89403299322365,520.8845,107.21180000000004,1520.5871,-1.2246000000000097
2583,2583,2583.0,2583.0,2583.0,2583.0,2583.0,2583.0,2583.0,2583.0,2583.0,2583.0,2583.0,2583.0,2583.0,2583.0,2583.0,2583.0,2583.0,2583.0,3.0,,,,,0.3,220.6645,239.7707,256.776,271.0277,282.2444,290.4992,296.1345,299.6368,301.5004,302.1063,301.6339,300.0147,296.9339,291.88,284.2408,273.4367,259.0725,241.0774,219.7993,196.0227,371.1638169114791,172.69908035893948,628.0963,318.8942,1413.3753,-22.500800000000027
2584,2584,2584.0,2584.0,2584.0,2584.0,2584.0,2584.0,2584.0,2584.0,2584.0,2584.0,2584.0,2584.0,2584.0,2584.0,2584.0,2584.0,2584.0,2584.0,4.0,,,,,0.4,355.3963,340.5717,327.4736,316.6049,308.1296,301.8843,297.4447,294.2225,291.5659,288.8422,285.494,281.0689,275.2296,267.753,258.5261,247.5411,234.892,220.7694,205.4522,189.2932,297.0630451465092,373.8718236331957,946.9905,408.82990000000007,1094.4811,-11.115700000000004
2585,2585,2585.0,2585.0,2585.0,2585.0,2585.0,2585.0,2585.0,2585.0,2585.0,2585.0,2585.0,2585.0,2585.0,2585.0,2585.0,2585.0,2585.0,2585.0,5.0,,,,,0.5,299.0739,300.7314,301.7374,301.8902,301.1032,299.4014,296.9022,293.7941,290.3227,286.7921,283.5789,281.1499,280.0688,280.9758,284.5285,291.3041,301.6751,315.6876,332.9769,352.7527,295.0349879730719,374.6214075538813,1355.8204,171.0761,685.6512,-13.598599999999976
2586,2586,2586.0,2586.0,2586.0,2586.0,2586.0,2586.0,2586.0,2586.0,2586.0,2586.0,2586.0,2586.0,2586.0,2586.0,2586.0,2586.0,2586.0,2586.0,6.0,,,,,0.6,295.3913,295.6534,295.7428,295.6112,295.2515,294.706,294.0695,293.488,293.154,293.2958,294.1637,296.0127,299.0806,303.566,309.6054,317.2531,326.4667,337.0996,348.9043,361.5452,374.39725187203055,173.50614060858106,1526.8965,116.22810000000004,514.5751,-18.293999999999983
2587,2587,2587.0,2587.0,2587.0,2587.0,2587.0,2587.0,2587.0,2587.0,2587.0,2587.0,2587.0,2587.0,2587.0,2587.0,2587.0,2587.0,2587.0,2587.0,7.0,,,,,0.7,360.8821,347.9941,336.2793,326.1399,317.8006,311.3061,306.5428,303.2696,301.1459,299.7463,298.5623,296.9975,294.3711,289.9443,282.9822,272.8514,259.1425,241.788,221.1441,198.0007,314.0705043683929,372.34523473830905,1643.1246,221.23599999999988,398.347,-1.693899999999985
2588,2588,2588.0,2588.0,2588.0,2588.0,2588.0,2588.0,2588.0,2588.0,2588.0,2588.0,2588.0,2588.0,2588.0,2588.0,2588.0,2588.0,2588.0,2588.0,8.0,,,,,0.8,314.8275,315.3215,315.3352,314.7298,313.4593,311.5639,309.1511,306.3744,303.4202,300.5093,297.9131,295.9751,295.1252,295.871,298.7535,304.2653,312.7415,324.2487,338.5041,354.8564,171.83379502761971,372.68153447499566,1864.3606,97.8351,177.1110000000001,-1.4361000000000104
2589,2589,2589.0,2589.0,2589.0,2589.0,2589.0,2589.0,2589.0,2589.0,2589.0,2589.0,2589.0,2589.0,2589.0,2589.0,2589.0,2589.0,2589.0,2589.0,9.0,,,,,0.9,195.4324,217.8764,238.1729,255.6167,269.8571,280.8987,289.0465,294.8178,298.8454,301.7917,304.2833,306.8699,310.0018,314.0201,319.1534,325.5185,333.1228,341.8693,351.567,361.9464,325.2908943580316,372.66823881420544,1962.1957,79.27590000000009,79.27590000000009,-32.10129999999998
2590,2590,2590.0,2590.0,2590.0,2590.0,2590.0,2590.0,2590.0,2590.0,2590.0,2590.0,2590.0,2590.0,2590.0,2590.0,2590.0,2590.0,2590.0,2590.0,0.0,,,,,0.0,273.0,273.0,273.0,273.0,273.0,273.0,273.0,273.0,273.0,273.0,273.0,273.0,273.0,273.0,273.0,273.0,273.0,273.0,273.0,273.0,374.735940103823,367.66038278376897,0.0,370.5389,2047.1518,0.8541999999999916
2591,2591,2591.0,2591.0,2591.0,2591.0,2591.0,2591.0,2591.0,2591.0,2591.0,2591.0,2591.0,2591.0,2591.0,2591.0,2591.0,2591.0,2591.0,2591.0,1.0,,,,,0.1,357.3982,340.8534,325.7869,312.6951,301.8445,293.2798,286.8703,282.3807,279.5479,278.1494,278.0522,279.2389,281.8074,285.947,291.8902,299.8485,309.9391,322.1179,336.1352,351.5288,371.126432452621,373.4962012400018,370.5389,156.02919999999995,1676.6129,0.8541999999999916
2592,2592,2592.0,2592.0,2592.0,2592.0,2592.0,2592.0,2592.0,2592.0,2592.0,2592.0,2592.0,2592.0,2592.0,2592.0,2592.0,2592.0,2592.0,2592.0,2.0,,,,,0.2,359.5995,348.3576,337.6738,327.7979,318.9479,311.305,305.012,300.1756,296.8709,295.1481,295.0378,296.5548,299.6987,304.45,310.7632,318.5569,327.705,338.0291,349.2967,361.2259,199.5865605031122,171.25397754066273,526.5681,107.5371,1520.5837,0.8541999999999916
2593,2593,2593.0,2593.0,2593.0,2593.0,2593.0,2593.0,2593.0,2593.0,2593.0,2593.0,2593.0,2593.0,2593.0,2593.0,2593.0,2593.0,2593.0,2593.0,3.0,,,,,0.3,219.8611,239.0,256.043,270.3384,281.6051,289.9151,295.6099,299.1749,301.1039,301.778,301.3771,299.8331,296.8305,291.8563,284.2955,273.5653,259.2669,241.3272,220.0936,196.3524,373.80064894612445,172.1571563251899,634.1052,320.9476000000001,1413.0466,0.8541999999999916
2594,2594,2594.0,2594.0,2594.0,2594.0,2594.0,2594.0,2594.0,2594.0,2594.0,2594.0,2594.0,2594.0,2594.0,2594.0,2594.0,2594.0,2594.0,2594.0,4.0,,,,,0.4,357.486,342.1421,328.5763,317.3088,308.5128,302.0257,297.4176,294.0898,291.3775,288.6347,285.2912,280.8829,275.0627,267.5991,258.3723,247.3696,234.682,220.4998,205.1039,188.852,302.0035852183012,375.0419403541874,955.0528,410.4916,1092.0990000000002,0.8541999999999916
2595,2595,2595.0,2595.0,2595.0,2595.0,2595.0,2595.0,2595.0,2595.0,2595.0,2595.0,2595.0,2595.0,2595.0,2595.0,2595.0,2595.0,2595.0,2595.0,5.0,,,,,0.5,303.2508,304.1723,304.4945,304.0343,302.717,300.5719,297.715,294.3283,290.6483,286.9696,283.6598,281.1788,280.0856,281.018,284.6332,291.5084,302.0157,316.1993,333.6894,353.6881,290.26224207768064,373.3180548020652,1365.5444,169.00070000000005,681.6074000000001,0.8541999999999916
2596,2596,2596.0,2596.0,2596.0,2596.0,2596.0,2596.0,2596.0,2596.0,2596.0,2596.0,2596.0,2596.0,2596.0,2596.0,2596.0,2596.0,2596.0,2596.0,6.0,,,,,0.6,291.702,292.9838,293.9751,294.5905,294.8066,294.6688,294.291,293.8478,293.5629,293.6937,294.5138,296.2929,299.2762,303.6628,309.5851,317.0913,326.1334,336.5623,348.1322,360.5141,372.3542034251696,171.17418137349154,1534.5451,116.94360000000006,512.6067,0.8541999999999916
2597,2597,2597.0,2597.0,2597.0,2597.0,2597.0,2597.0,2597.0,2597.0,2597.0,2597.0,2597.0,2597.0,2597.0,2597.0,2597.0,2597.0,2597.0,2597.0,7.0,,,,,0.7,359.0726,346.4189,334.9389,325.0318,316.9169,310.6316,306.0539,302.9349,300.9271,299.6004,298.4432,296.8573,294.1612,289.6159,282.4867,272.1414,258.1729,240.5184,219.5407,196.0394,328.2471974518737,373.7000568062526,1651.4887,226.62369999999987,395.6631,0.8541999999999916
2598,2598,2598.0,2598.0,2598.0,2598.0,2598.0,2598.0,2598.0,2598.0,2598.0,2598.0,2598.0,2598.0,2598.0,2598.0,2598.0,2598.0,2598.0,2598.0,8.0,,,,,0.8,326.4475,324.5075,322.315,319.8061,316.972,313.8542,310.5317,307.1103,303.721,300.5312,297.7674,295.7403,294.8601,295.6259,298.5784,304.2141,312.8723,324.62,339.1689,355.8551,171.07704163985355,373.6219077634179,1878.1124,96.7985000000001,169.03940000000011,0.8541999999999916
2599,2599,2599.0,2599.0,2599.0,2599.0,2599.0,2599.0,2599.0,2599.0,2599.0,2599.0,2599.0,2599.0,2599.0,2599.0,2599.0,2599.0,2599.0,2599.0,9.0,,,,,0.9,195.4342,218.5633,239.4109,257.2338,271.6702,282.7389,290.7779,296.3481,300.1272,302.8176,305.0766,307.4743,310.4715,314.4119,319.5215,325.9107,333.5788,342.4202,352.2355,362.7473,323.40970815607767,371.2053470105246,1974.9109,72.24090000000001,72.24090000000001,0.8541999999999916
2600,2600,2600.0,2600.0,2600.0,2600.0,2600.0,2600.0,2600.0,2600.0,2600.0,2600.0,2600.0,2600.0,2600.0,2600.0,2600.0,2600.0,2600.0,2600.0,0.0,,,,,0.0,273.0,273.0,273.0,273.0,273.0,273.0,273.0,273.0,273.0,273.0,273.0,273.0,273.0,273.0,273.0,273.0,273.0,273.0,273.0,273.0,371.6055559228893,367.823964067137,0.0,370.9963,2090.4636,-40.0
2601,2601,2601.0,2601.0,2601.0,2601.0,2601.0,2601.0,2601.0,2601.0,2601.0,2601.0,2601.0,2601.0,2601.0,2601.0,2601.0,2601.0,2601.0,2601.0,1.0,,,,,0.1,354.8014,338.7657,324.1632,311.4747,300.9592,292.6605,286.4528,282.1099,279.3794,278.0497,277.9978,279.2142,281.8035,285.9593,291.9178,299.8925,310.0018,322.2022,336.2441,351.6644,372.0928756567158,371.212656374006,370.9963,156.86990000000003,1719.4673000000005,-20.339499999999987
2602,2602,2602.0,2602.0,2602.0,2602.0,2602.0,2602.0,2602.0,2602.0,2602.0,2602.0,2602.0,2602.0,2602.0,2602.0,2602.0,2602.0,2602.0,2602.0,2.0,,,,,0.2,360.2462,348.7079,337.7702,327.6957,318.7072,310.983,304.6568,299.8226,296.5408,294.8471,294.7587,296.2781,299.3938,304.0764,310.2718,317.8926,326.8099,336.8469,347.7783,359.3347,199.8409052331187,173.60451827608907,527.8662,109.33859999999991,1562.5974,-2.016999999999996
2603,2603,2603.0,2603.0,2603.0,2603.0,2603.0,2603.0,2603.0,2603.0,2603.0,2603.0,2603.0,2603.0,2603.0,2603.0,2603.0,2603.0,2603.0,2603.0,3.0,,,,,0.3,220.0482,239.1203,256.0975,270.329,281.5347,289.7881,295.4318,298.9524,300.8455,301.495,301.0851,299.5546,296.5978,291.7136,284.3004,273.7869,259.7824,242.2147,221.4235,198.1782,372.4533260853123,170.1301882902073,637.2048,322.2609,1453.2588,-23.21190000000001
2604,2604,2604.0,2604.0,2604.0,2604.0,2604.0,2604.0,2604.0,2604.0,2604.0,2604.0,2604.0,2604.0,2604.0,2604.0,2604.0,2604.0,2604.0,2604.0,4.0,,,,,0.4,356.354,341.2141,327.8318,316.7206,308.0512,301.662,297.1266,293.8517,291.1776,288.4616,285.1343,280.7288,274.8911,267.3798,258.0631,246.9169,234.0241,219.5724,203.8483,187.2229,303.9999213049693,372.8301795954457,959.4657,415.6786,1130.9979,-11.338000000000022
2605,2605,2605.0,2605.0,2605.0,2605.0,2605.0,2605.0,2605.0,2605.0,2605.0,2605.0,2605.0,2605.0,2605.0,2605.0,2605.0,2605.0,2605.0,2605.0,5.0,,,,,0.5,304.8249,305.3463,305.3094,304.5439,302.9806,300.6475,297.6529,294.1675,290.4147,286.6756,283.3056,280.7539,279.5711,280.3887,283.8597,290.5592,300.8597,314.8079,332.0389,351.7614,290.53293853804576,370.1801797346355,1375.1443,174.7111,715.3193000000001,-12.35250000000002
2606,2606,2606.0,2606.0,2606.0,2606.0,2606.0,2606.0,2606.0,2606.0,2606.0,2606.0,2606.0,2606.0,2606.0,2606.0,2606.0,2606.0,2606.0,2606.0,6.0,,,,,0.6,291.9751,293.2522,294.2258,294.8068,294.9705,294.763,294.3002,293.7589,293.3645,293.3747,294.0616,295.692,298.507,302.7008,308.4015,315.6539,324.4088,334.5182,345.7408,357.7549,371.4386910294716,170.93913244736922,1549.8554,122.92020000000002,540.6082000000001,-18.237000000000023
2607,2607,2607.0,2607.0,2607.0,2607.0,2607.0,2607.0,2607.0,2607.0,2607.0,2607.0,2607.0,2607.0,2607.0,2607.0,2607.0,2607.0,2607.0,2607.0,7.0,,,,,0.7,358.319,345.8155,334.4636,324.6548,316.6034,310.3455,305.7603,302.6023,300.5297,299.1188,297.8659,296.1823,293.3967,288.7811,281.6119,271.2666,257.3443,239.7841,218.9444,195.6146,302.030866103104,375.4418392857213,1672.7756,226.8474000000001,417.6880000000001,-2.6544999999999845
2608,2608,2608.0,2608.0,2608.0,2608.0,2608.0,2608.0,2608.0,2608.0,2608.0,2608.0,2608.0,2608.0,2608.0,2608.0,2608.0,2608.0,2608.0,2608.0,8.0,,,,,0.8,304.6274,306.8825,308.5104,309.3218,309.2419,308.3048,306.6303,304.3984,301.8304,299.1862,296.7773,294.9868,294.2827,295.2084,298.3368,304.1861,313.1077,325.1721,340.0863,357.1748,172.74961132473535,371.36876719135097,1899.623,104.0945999999999,190.8406,-4.6952
2609,2609,2609.0,2609.0,2609.0,2609.0,2609.0,2609.0,2609.0,2609.0,2609.0,2609.0,2609.0,2609.0,2609.0,2609.0,2609.0,2609.0,2609.0,2609.0,9.0,,,,,0.9,195.4678,217.1034,236.7238,253.6635,267.5872,278.4916,286.6558,292.5613,296.802,300.0039,302.763,305.6049,308.9612,313.1584,318.4139,324.8361,332.4281,341.094,350.6509,360.8441,342.4779508765497,374.02623108961154,2003.7176,86.7460000000001,86.7460000000001,-34.508399999999995
2610,2610,2610.0,2610.0,2610.0,2610.0,2610.0,2610.0,2610.0,2610.0,2610.0,2610.0,2610.0,2610.0,2610.0,2610.0,2610.0,2610.0,2610.0,2610.0,0.0,,,,,0.0,273.0,273.0,273.0,273.0,273.0,273.0,273.0,273.0,273.0,273.0,273.0,273.0,273.0,273.0,273.0,273.0,273.0,273.0,273.0,273.0,371.6407483192261,369.9262942768799,0.0,370.1831,2041.8373,-40.0
2611,2611,2611.0,2611.0,2611.0,2611.0,2611.0,2611.0,2611.0,2611.0,2611.0,2611.0,2611.0,2611.0,2611.0,2611.0,2611.0,2611.0,2611.0,2611.0,1.0,,,,,0.1,354.8306,338.7893,324.1818,311.4892,300.9707,292.6706,286.4639,282.1251,279.4038,278.091,278.0675,279.329,281.9862,286.2401,292.3339,300.4871,310.8214,323.2927,337.6461,353.4084,371.0469526708165,374.7558320944704,370.1831,153.33609999999993,1671.6541999999995,-20.32940000000002
2612,2612,2612.0,2612.0,2612.0,2612.0,2612.0,2612.0,2612.0,2612.0,2612.0,2612.0,2612.0,2612.0,2612.0,2612.0,2612.0,2612.0,2612.0,2612.0,2.0,,,,,0.2,359.3838,348.0213,337.2456,327.3149,318.4507,310.8326,304.5984,299.8477,296.6483,295.0439,295.0602,296.7086,299.9861,304.8713,311.317,319.2402,328.5133,338.9571,350.3391,362.3782,198.7080616852341,175.38693797811408,523.5192,103.62760000000004,1518.3180999999995,-2.1673999999999864
2613,2613,2613.0,2613.0,2613.0,2613.0,2613.0,2613.0,2613.0,2613.0,2613.0,2613.0,2613.0,2613.0,2613.0,2613.0,2613.0,2613.0,2613.0,2613.0,3.0,,,,,0.3,219.0741,238.3029,255.4334,269.8136,281.1635,289.5574,295.3394,298.9983,301.032,301.8263,301.5665,300.1913,297.3934,292.6684,285.4101,275.0428,261.1713,243.7213,223.0326,199.8773,373.2799380799196,170.29870880987758,627.1468,313.59890000000007,1414.6904999999997,-23.442600000000027
2614,2614,2614.0,2614.0,2614.0,2614.0,2614.0,2614.0,2614.0,2614.0,2614.0,2614.0,2614.0,2614.0,2614.0,2614.0,2614.0,2614.0,2614.0,2614.0,4.0,,,,,0.4,356.9965,341.6874,328.1637,316.9484,308.2166,301.8071,297.2901,294.0656,291.466,288.8395,285.6075,281.2937,275.535,268.0811,258.7925,247.639,234.6999,220.1634,204.3202,187.55,296.6852919675307,373.96142600403454,940.7457,407.8337,1101.0915999999995,-11.192900000000009
2615,2615,2615.0,2615.0,2615.0,2615.0,2615.0,2615.0,2615.0,2615.0,2615.0,2615.0,2615.0,2615.0,2615.0,2615.0,2615.0,2615.0,2615.0,2615.0,5.0,,,,,0.5,298.8067,300.5661,301.6583,301.8776,301.1366,299.4623,296.9762,293.8707,290.395,286.8557,283.6304,281.1865,280.0884,280.9779,284.5154,291.2816,301.6526,315.6772,332.991,352.8016,296.19912564044205,372.4798713025567,1348.5794,171.29809999999998,693.2578999999998,-13.537699999999973
2616,2616,2616.0,2616.0,2616.0,2616.0,2616.0,2616.0,2616.0,2616.0,2616.0,2616.0,2616.0,2616.0,2616.0,2616.0,2616.0,2616.0,2616.0,2616.0,6.0,,,,,0.6,296.3568,296.43,296.3486,296.0697,295.5891,294.9482,294.2383,293.6007,293.221,293.3206,294.1424,295.9331,298.9226,303.3009,309.1967,316.658,325.6389,335.9932,347.4788,359.7698,371.5257262677847,170.58099106437075,1519.8775,119.08410000000003,521.9597999999999,-18.05180000000001
2617,2617,2617.0,2617.0,2617.0,2617.0,2617.0,2617.0,2617.0,2617.0,2617.0,2617.0,2617.0,2617.0,2617.0,2617.0,2617.0,2617.0,2617.0,2617.0,7.0,,,,,0.7,358.5564,346.1853,334.9337,325.1859,317.1572,310.8908,306.2783,303.0874,300.9875,299.5627,298.3111,296.6406,293.8718,289.2655,282.0855,271.6977,257.6928,240.0064,219.0,195.4719,319.176280923112,375.8701097969135,1638.9616,226.8210999999999,402.8756999999998,-2.109199999999987
2618,2618,2618.0,2618.0,2618.0,2618.0,2618.0,2618.0,2618.0,2618.0,2618.0,2618.0,2618.0,2618.0,2618.0,2618.0,2618.0,2618.0,2618.0,2618.0,8.0,,,,,0.8,318.9326,318.4771,317.6358,316.2996,314.4358,312.0822,309.332,306.3176,303.2035,300.1926,297.5457,295.6048,294.8076,295.6763,298.7703,304.5998,313.5121,325.5751,340.494,357.5916,170.0428035145305,371.3705467663559,1865.7827,97.673,176.05459999999994,-0.9177999999999996
2619,2619,2619.0,2619.0,2619.0,2619.0,2619.0,2619.0,2619.0,2619.0,2619.0,2619.0,2619.0,2619.0,2619.0,2619.0,2619.0,2619.0,2619.0,2619.0,9.0,,,,,0.9,194.1291,217.0246,237.7062,255.4496,269.898,281.0621,289.2622,295.0363,299.0381,301.9474,304.4025,306.9573,310.0588,314.0388,319.1127,325.3832,332.8458,341.3977,350.8498,360.9434,329.2269926731617,374.17029082718034,1963.4557,78.38159999999993,78.38159999999993,-31.937900000000013
2620,2620,2620.0,2620.0,2620.0,2620.0,2620.0,2620.0,2620.0,2620.0,2620.0,2620.0,2620.0,2620.0,2620.0,2620.0,2620.0,2620.0,2620.0,2620.0,0.0,,,,,0.0,273.0,273.0,273.0,273.0,273.0,273.0,273.0,273.0,273.0,273.0,273.0,273.0,273.0,273.0,273.0,273.0,273.0,273.0,273.0,273.0,374.0155466306145,368.8353735091749,0.0,370.2036,2005.9502,1.5102999999999724
2621,2621,2621.0,2621.0,2621.0,2621.0,2621.0,2621.0,2621.0,2621.0,2621.0,2621.0,2621.0,2621.0,2621.0,2621.0,2621.0,2621.0,2621.0,2621.0,1.0,,,,,0.1,356.8006,340.373,325.4134,312.4146,301.6416,293.139,286.7777,282.3249,279.5213,278.1482,278.0771,279.2951,281.9053,286.1017,292.1216,300.1803,310.3969,322.7272,336.9187,352.5035,371.1095419078495,372.94519438900295,370.2036,154.74859999999995,1635.7466,1.5102999999999724
2622,2622,2622.0,2622.0,2622.0,2622.0,2622.0,2622.0,2622.0,2622.0,2622.0,2622.0,2622.0,2622.0,2622.0,2622.0,2622.0,2622.0,2622.0,2622.0,2.0,,,,,0.2,359.5516,348.2826,337.5788,327.6921,318.8415,311.2081,304.9334,300.1224,296.8478,295.1571,295.0777,296.6208,299.7814,304.5352,310.8312,318.5836,327.6632,337.8911,349.0373,360.8259,204.18734990904528,173.5275622566342,524.9522,105.7513,1480.998,1.5102999999999724
2623,2623,2623.0,2623.0,2623.0,2623.0,2623.0,2623.0,2623.0,2623.0,2623.0,2623.0,2623.0,2623.0,2623.0,2623.0,2623.0,2623.0,2623.0,2623.0,3.0,,,,,0.3,223.6664,242.0467,258.3999,272.0973,282.8701,290.7922,296.1978,299.5599,301.3576,301.9581,301.5305,300.0001,297.0497,292.168,284.7447,274.2016,260.1434,242.496,221.6012,198.2336,373.9757040467556,175.10530788969933,630.7035,312.0027,1375.2467,1.5102999999999724
2624,2624,2624.0,2624.0,2624.0,2624.0,2624.0,2624.0,2624.0,2624.0,2624.0,2624.0,2624.0,2624.0,2624.0,2624.0,2624.0,2624.0,2624.0,2624.0,4.0,,,,,0.4,357.8583,342.691,329.2645,318.089,309.3359,302.8487,298.209,294.8333,292.0727,289.2958,285.9449,281.5659,275.8183,268.4754,259.4193,248.6373,236.2181,222.3469,207.2971,191.4161,289.9508096530905,371.7202301128649,942.7062,399.8433000000001,1063.244,1.5102999999999724
2625,2625,2625.0,2625.0,2625.0,2625.0,2625.0,2625.0,2625.0,2625.0,2625.0,2625.0,2625.0,2625.0,2625.0,2625.0,2625.0,2625.0,2625.0,2625.0,5.0,,,,,0.5,293.3764,296.3774,298.5948,299.7844,299.8393,298.7854,296.7584,293.9754,290.714,287.3075,284.1545,281.7348,280.6151,281.4312,284.831,291.3807,301.445,315.0687,331.895,351.1512,292.8621130120037,374.3251353703336,1342.5495,170.75839999999994,663.4006999999999,1.5102999999999724
2626,2626,2626.0,2626.0,2626.0,2626.0,2626.0,2626.0,2626.0,2626.0,2626.0,2626.0,2626.0,2626.0,2626.0,2626.0,2626.0,2626.0,2626.0,2626.0,6.0,,,,,0.6,293.3494,293.7564,294.0152,294.0816,293.9456,293.64,293.2458,292.8942,292.7633,293.071,294.0617,295.9885,299.0926,303.5788,309.5924,317.1972,326.3596,336.9401,348.6955,361.2912,371.5821258466612,175.85866400667922,1513.3079,116.08159999999998,492.6423,1.5102999999999724
2627,2627,2627.0,2627.0,2627.0,2627.0,2627.0,2627.0,2627.0,2627.0,2627.0,2627.0,2627.0,2627.0,2627.0,2627.0,2627.0,2627.0,2627.0,2627.0,7.0,,,,,0.7,358.3563,345.7527,334.3131,324.4359,316.3429,310.077,305.5234,302.4413,300.4913,299.2509,298.2163,296.7982,294.3245,290.0671,283.302,273.4061,259.9765,242.9484,222.6737,199.9328,333.0442879103139,375.4559218282993,1629.3895,220.8583000000001,376.5607,1.5102999999999724
2628,2628,2628.0,2628.0,2628.0,2628.0,2628.0,2628.0,2628.0,2628.0,2628.0,2628.0,2628.0,2628.0,2628.0,2628.0,2628.0,2628.0,2628.0,2628.0,8.0,,,,,0.8,330.3402,327.5403,324.5716,321.3988,318.0298,314.5103,310.9136,307.3332,303.8836,300.7151,298.0369,296.1439,295.431,296.3828,299.5263,305.3459,314.171,326.0631,340.7328,357.5205,174.59313215524477,375.8105249305702,1850.2478,91.56079999999996,155.7023999999999,1.5102999999999724
2629,2629,2629.0,2629.0,2629.0,2629.0,2629.0,2629.0,2629.0,2629.0,2629.0,2629.0,2629.0,2629.0,2629.0,2629.0,2629.0,2629.0,2629.0,2629.0,9.0,,,,,0.9,198.5603,221.3068,241.7868,259.2651,273.388,284.1818,291.991,297.3809,301.0317,303.6456,305.8776,308.2938,311.3498,315.3839,320.6165,327.1528,334.9874,344.0106,354.0191,364.7314,321.5168506944273,374.9052373416786,1941.8086,64.14159999999993,64.14159999999993,1.5102999999999724
2630,2630,2630.0,2630.0,2630.0,2630.0,2630.0,2630.0,2630.0,2630.0,2630.0,2630.0,2630.0,2630.0,2630.0,2630.0,2630.0,2630.0,2630.0,2630.0,0.0,,,,,0.0,273.0,273.0,273.0,273.0,273.0,273.0,273.0,273.0,273.0,273.0,273.0,273.0,273.0,273.0,273.0,273.0,273.0,273.0,273.0,273.0,374.2575209216554,370.1319145385708,0.0,369.6678,2094.5770999999995,-40.0
2631,2631,2631.0,2631.0,2631.0,2631.0,2631.0,2631.0,2631.0,2631.0,2631.0,2631.0,2631.0,2631.0,2631.0,2631.0,2631.0,2631.0,2631.0,2631.0,1.0,,,,,0.1,357.0014,340.5345,325.5392,312.5094,301.711,293.1889,286.8139,282.3535,279.5484,278.1809,278.1243,279.3682,282.0192,286.2755,292.3786,300.5472,310.9025,323.3998,337.7834,353.5791,373.0906259364999,371.2093672272496,369.6678,153.7665,1724.9092999999996,-19.81110000000001
2632,2632,2632.0,2632.0,2632.0,2632.0,2632.0,2632.0,2632.0,2632.0,2632.0,2632.0,2632.0,2632.0,2632.0,2632.0,2632.0,2632.0,2632.0,2632.0,2.0,,,,,0.2,361.2091,349.631,338.6454,328.5134,319.4594,311.6652,305.2701,300.3734,297.0408,295.311,295.2019,296.714,299.831,304.5167,310.7085,318.3109,327.1882,337.1604,348.0028,359.4506,199.0521217147166,170.04976290340898,523.4343,108.77020000000005,1571.1427999999996,-1.334799999999973
2633,2633,2633.0,2633.0,2633.0,2633.0,2633.0,2633.0,2633.0,2633.0,2633.0,2633.0,2633.0,2633.0,2633.0,2633.0,2633.0,2633.0,2633.0,2633.0,3.0,,,,,0.3,219.5137,238.8262,256.0179,270.4296,281.7766,290.1316,295.8394,299.3903,301.2829,301.9025,301.4315,299.8034,296.7037,291.6202,283.9391,273.0791,258.6436,240.5618,219.1831,195.2953,370.437785788893,170.48314206177915,632.2045,324.3694999999999,1462.3725999999997,-22.86840000000001
2634,2634,2634.0,2634.0,2634.0,2634.0,2634.0,2634.0,2634.0,2634.0,2634.0,2634.0,2634.0,2634.0,2634.0,2634.0,2634.0,2634.0,2634.0,2634.0,4.0,,,,,0.4,354.7099,339.9259,326.8703,316.0454,307.6145,301.4121,297.0112,293.8204,291.1844,288.4668,285.1066,280.647,274.7464,267.1771,257.8219,246.6699,233.8141,219.4469,203.8523,187.3917,305.91698118868084,372.89085183718953,956.574,417.4919000000001,1138.0031,-11.58789999999999
2635,2635,2635.0,2635.0,2635.0,2635.0,2635.0,2635.0,2635.0,2635.0,2635.0,2635.0,2635.0,2635.0,2635.0,2635.0,2635.0,2635.0,2635.0,2635.0,5.0,,,,,0.5,306.332,306.4671,306.0876,305.0365,303.2504,300.7551,297.6514,294.0989,290.3095,286.5538,283.179,280.6293,279.4524,280.279,283.7623,290.4781,300.7994,314.7729,332.0333,351.7881,289.8559279668225,370.1006307594495,1374.0659,175.28340000000003,720.5111999999999,-12.244899999999973
2636,2636,2636.0,2636.0,2636.0,2636.0,2636.0,2636.0,2636.0,2636.0,2636.0,2636.0,2636.0,2636.0,2636.0,2636.0,2636.0,2636.0,2636.0,2636.0,6.0,,,,,0.6,291.4707,292.9074,294.0171,294.7038,294.9403,294.775,294.3286,293.785,293.3768,293.3678,294.0351,295.6483,298.4501,302.6349,308.33,315.5796,324.333,334.4416,345.6634,357.6765,370.3726161998133,170.63420229564514,1549.3493,123.26879999999984,545.2277999999999,-18.225000000000023
2637,2637,2637.0,2637.0,2637.0,2637.0,2637.0,2637.0,2637.0,2637.0,2637.0,2637.0,2637.0,2637.0,2637.0,2637.0,2637.0,2637.0,2637.0,2637.0,7.0,,,,,0.7,357.4193,345.0758,333.8716,324.1936,316.2536,310.0863,305.5714,302.4652,300.4279,299.0387,297.7964,296.1144,293.323,288.6954,281.5086,271.1403,257.19,239.597,218.7206,195.351,311.84979015511425,370.623104317207,1672.6181,230.34590000000003,421.95900000000006,-2.9137000000000057
2638,2638,2638.0,2638.0,2638.0,2638.0,2638.0,2638.0,2638.0,2638.0,2638.0,2638.0,2638.0,2638.0,2638.0,2638.0,2638.0,2638.0,2638.0,2638.0,8.0,,,,,0.8,312.7123,313.3151,313.4429,312.9564,311.8059,310.0261,307.7172,305.0256,302.1314,299.2521,296.658,294.695,293.798,294.4816,297.2948,302.7381,311.1532,322.6107,336.829,353.1548,172.21503310332238,371.48183934456347,1902.964,106.6087,191.61310000000003,-2.973900000000014
2639,2639,2639.0,2639.0,2639.0,2639.0,2639.0,2639.0,2639.0,2639.0,2639.0,2639.0,2639.0,2639.0,2639.0,2639.0,2639.0,2639.0,2639.0,2639.0,9.0,,,,,0.9,195.4732,217.5955,237.6047,254.8065,268.8551,279.7539,287.8023,293.509,297.4976,300.4214,302.9004,305.4799,308.6079,312.6256,317.7631,324.1393,331.763,340.5384,350.2739,360.6981,336.93209245657715,372.4136391903947,2009.5727,85.00440000000003,85.00440000000003,-33.24610000000001
2640,2640,2640.0,2640.0,2640.0,2640.0,2640.0,2640.0,2640.0,2640.0,2640.0,2640.0,2640.0,2640.0,2640.0,2640.0,2640.0,2640.0,2640.0,0.0,,,,,,0.0,273.0,273.0,273.0,273.0,273.0,273.0,273.0,273.0,273.0,273.0,273.0,273.0,273.0,273.0,273.0,273.0,273.0,273.0,273.0,273.0,370.3368424093868,375.775019118485,0.0,368.2048,768.3697,15.63299999999998
2641,2641,2641.0,2641.0,2641.0,2641.0,2641.0,2641.0,2641.0,2641.0,2641.0,2641.0,2641.0,2641.0,2641.0,2641.0,2641.0,2641.0,2641.0,1.0,,,,,,0.1,353.7491,337.9202,323.5063,310.9829,300.6063,292.4215,286.3075,282.0458,279.3956,278.16,278.2346,279.6331,282.4864,287.0171,293.4895,302.1403,313.1011,326.3263,341.5465,358.2603,374.4137447341831,374.2279345297341,368.2048,146.93540000000007,400.1649,15.63299999999998
2642,2642,2642.0,2642.0,2642.0,2642.0,2642.0,2642.0,2642.0,2642.0,2642.0,2642.0,2642.0,2642.0,2642.0,2642.0,2642.0,2642.0,2642.0,2.0,,,,,,0.2,362.1215,350.1645,338.8586,328.484,319.274,311.4109,305.0265,300.2094,297.0128,295.4641,295.5713,297.3272,300.7084,305.6718,312.1485,320.036,329.1925,339.4337,350.5333,362.2282,285.3758308838362,371.8735938525543,515.1402,53.83089999999993,253.22949999999992,15.63299999999998
2643,2643,2643.0,2643.0,2643.0,2643.0,2643.0,2643.0,2643.0,2643.0,2643.0,2643.0,2643.0,2643.0,2643.0,2643.0,2643.0,2643.0,2643.0,3.0,,,,,,0.3,291.1426,296.4359,300.8706,304.2172,306.4334,307.6564,308.1636,308.3149,308.4926,309.0507,310.2805,312.3927,315.5146,319.6957,324.9193,331.115,338.1709,345.9449,354.2733,362.9783,374.4326040725928,375.4326619336673,568.9711,28.73440000000005,199.3986,15.63299999999998
2644,2644,2644.0,2644.0,2644.0,2644.0,2644.0,2644.0,2644.0,2644.0,2644.0,2644.0,2644.0,2644.0,2644.0,2644.0,2644.0,2644.0,2644.0,4.0,,,,,,0.4,362.6644,351.5068,341.4889,332.9957,326.2399,321.2681,317.9967,316.2618,315.8699,316.6374,318.414,321.0904,324.5927,328.8706,333.8825,339.5816,345.906,352.7718,360.0711,367.6737,175.1610537462819,371.0786552191465,597.7055,28.68939999999997,170.66419999999994,15.63299999999998
2645,2645,2645.0,2645.0,2645.0,2645.0,2645.0,2645.0,2645.0,2645.0,2645.0,2645.0,2645.0,2645.0,2645.0,2645.0,2645.0,2645.0,2645.0,5.0,,,,,,0.5,201.3853,226.3009,248.7977,268.1152,283.9159,296.2724,305.5838,312.4541,317.5641,321.5659,325.0126,328.3247,331.787,335.5652,339.7313,344.2907,349.2058,354.4154,359.8473,365.4264,373.9154395421767,367.84202170852586,626.3949,16.78989999999999,141.97479999999996,15.63299999999998
2646,2646,2646.0,2646.0,2646.0,2646.0,2646.0,2646.0,2646.0,2646.0,2646.0,2646.0,2646.0,2646.0,2646.0,2646.0,2646.0,2646.0,2646.0,6.0,,,,,,0.6,358.4136,344.0521,331.792,322.2807,315.7907,312.2382,311.2656,312.3563,314.9503,318.5351,322.6997,327.1527,331.7139,336.2888,340.8407,345.3644,349.8683,354.3625,358.8544,363.3475,170.578232196353,302.8518475996162,643.1848,14.229000000000042,125.18489999999996,15.63299999999998
2647,2647,2647.0,2647.0,2647.0,2647.0,2647.0,2647.0,2647.0,2647.0,2647.0,2647.0,2647.0,2647.0,2647.0,2647.0,2647.0,2647.0,2647.0,7.0,,,,,,0.7,196.5099,221.2107,243.6381,263.0802,279.221,292.1209,302.1293,309.7602,315.5641,320.023,323.4824,326.1237,327.972,328.9304,328.8331,327.5077,324.8391,320.8236,315.6035,309.473,371.9947388746453,371.1714418990658,657.4138,24.785699999999903,110.95589999999991,15.63299999999998
2648,2648,2648.0,2648.0,2648.0,2648.0,2648.0,2648.0,2648.0,2648.0,2648.0,2648.0,2648.0,2648.0,2648.0,2648.0,2648.0,2648.0,2648.0,8.0,,,,,,0.8,356.1185,341.4038,328.8259,319.0333,312.2837,308.462,307.167,307.8338,309.8611,312.7157,316.0023,319.4943,323.1307,326.9871,331.2284,336.0506,341.6197,348.0178,355.2069,363.0179,374.0227699102487,341.42987310482187,682.1995,40.53390000000002,86.17020000000002,15.63299999999998
2649,2649,2649.0,2649.0,2649.0,2649.0,2649.0,2649.0,2649.0,2649.0,2649.0,2649.0,2649.0,2649.0,2649.0,2649.0,2649.0,2649.0,2649.0,9.0,,,,,,0.9,364.597,355.5334,347.1646,339.7686,333.5504,328.633,325.0568,322.7875,321.7281,321.7338,322.6262,324.2065,326.2672,328.6024,331.0199,333.3544,335.4816,337.3315,338.8959,340.2279,171.10548335166436,373.1392898303226,722.7334,45.636300000000006,45.636300000000006,15.63299999999998
2650,2650,2650.0,2650.0,2650.0,2650.0,2650.0,2650.0,2650.0,2650.0,2650.0,2650.0,2650.0,2650.0,2650.0,2650.0,2650.0,2650.0,2650.0,0.0,,,,,,0.0,273.0,273.0,273.0,273.0,273.0,273.0,273.0,273.0,273.0,273.0,273.0,273.0,273.0,273.0,273.0,273.0,273.0,273.0,273.0,273.0,373.1030144743654,372.96534799212014,0.0,368.7837,799.0867,12.832400000000009
2651,2651,2651.0,2651.0,2651.0,2651.0,2651.0,2651.0,2651.0,2651.0,2651.0,2651.0,2651.0,2651.0,2651.0,2651.0,2651.0,2651.0,2651.0,1.0,,,,,,0.1,356.0437,339.7647,324.9407,312.0603,301.3866,292.9647,286.6683,282.2697,279.5159,278.1971,278.1952,279.5099,282.2585,286.6503,292.9376,301.3477,312.0067,324.8694,339.6729,355.9295,375.8274229272981,371.8785481025254,368.7837,150.7077,430.303,12.832400000000009
2652,2652,2652.0,2652.0,2652.0,2652.0,2652.0,2652.0,2652.0,2652.0,2652.0,2652.0,2652.0,2652.0,2652.0,2652.0,2652.0,2652.0,2652.0,2.0,,,,,,0.2,363.4268,351.3576,339.9328,329.4311,320.0857,312.0799,305.5474,300.5781,297.226,295.5181,295.4611,297.0454,300.2451,305.0151,311.2848,318.9512,327.8732,337.8681,348.7119,360.1444,284.9182958883762,373.2531287056005,519.4914,57.168300000000045,279.59529999999995,12.832400000000009
2653,2653,2653.0,2653.0,2653.0,2653.0,2653.0,2653.0,2653.0,2653.0,2653.0,2653.0,2653.0,2653.0,2653.0,2653.0,2653.0,2653.0,2653.0,3.0,,,,,,0.3,290.8759,296.3444,300.9253,304.3793,306.6589,307.9007,308.3858,308.4808,308.577,309.0394,310.1712,312.197,315.2583,319.4199,324.6794,330.9782,338.2118,346.2383,354.8861,363.9609,374.7452034699364,374.4608568524043,576.6597,29.151700000000005,222.4269999999999,12.832400000000009
2654,2654,2654.0,2654.0,2654.0,2654.0,2654.0,2654.0,2654.0,2654.0,2654.0,2654.0,2654.0,2654.0,2654.0,2654.0,2654.0,2654.0,2654.0,4.0,,,,,,0.4,362.9396,351.7459,341.6938,333.1687,326.3828,321.382,318.0821,316.3187,315.8978,316.6358,318.3821,321.026,324.4914,328.7244,333.6785,339.3022,345.5295,352.2744,359.4305,366.8724,271.5442766807444,271.5800939862744,605.8114,36.46139999999991,193.2752999999999,12.832400000000009
2655,2655,2655.0,2655.0,2655.0,2655.0,2655.0,2655.0,2655.0,2655.0,2655.0,2655.0,2655.0,2655.0,2655.0,2655.0,2655.0,2655.0,2655.0,5.0,,,,,,0.5,281.3586,290.6096,298.829,305.7148,311.1621,315.2499,318.1919,320.2652,321.7367,322.7991,323.5269,323.8565,323.5916,322.4331,320.0329,316.0646,310.3024,302.6939,293.4076,282.8408,174.20585049460863,372.83439191662745,642.2728,32.70960000000002,156.8139,12.832400000000009
2656,2656,2656.0,2656.0,2656.0,2656.0,2656.0,2656.0,2656.0,2656.0,2656.0,2656.0,2656.0,2656.0,2656.0,2656.0,2656.0,2656.0,2656.0,6.0,,,,,,0.6,197.365,219.5978,240.0934,258.2465,273.706,286.3766,296.3829,304.0119,309.6521,313.7448,316.7517,319.1411,321.3806,323.9293,327.2175,331.6109,337.3626,344.5632,353.1071,362.6881,371.2323316025434,375.4230267940204,674.9824,35.28380000000004,124.10429999999997,12.832400000000009
2657,2657,2657.0,2657.0,2657.0,2657.0,2657.0,2657.0,2657.0,2657.0,2657.0,2657.0,2657.0,2657.0,2657.0,2657.0,2657.0,2657.0,2657.0,7.0,,,,,,0.7,354.6859,339.3228,326.1414,315.8165,308.6355,304.5174,303.0988,303.854,306.2178,309.6828,313.8586,318.4925,323.4578,328.7235,334.3149,340.276,346.6386,353.4008,360.5172,367.8991,370.9709273176184,307.8157523132475,710.2662,29.7482,88.82049999999992,12.832400000000009
2658,2658,2658.0,2658.0,2658.0,2658.0,2658.0,2658.0,2658.0,2658.0,2658.0,2658.0,2658.0,2658.0,2658.0,2658.0,2658.0,2658.0,2658.0,8.0,,,,,,0.8,361.5411,352.48,344.1281,336.7731,330.6306,325.8324,322.4218,320.355,319.5076,319.6821,320.618,322.003,323.488,324.7084,325.3141,325.0081,323.5893,320.9913,317.307,312.7882,171.6481176542976,375.98901069944657,740.0144,43.52840000000003,59.07229999999993,12.832400000000009
2659,2659,2659.0,2659.0,2659.0,2659.0,2659.0,2659.0,2659.0,2659.0,2659.0,2659.0,2659.0,2659.0,2659.0,2659.0,2659.0,2659.0,2659.0,9.0,,,,,,0.9,198.9857,224.9497,248.3681,268.424,284.731,297.3213,306.5642,313.047,317.4524,320.46,322.6853,324.6544,326.8044,329.4944,333.0124,337.5716,343.293,350.1833,358.1181,366.8412,372.89083707776246,370.6395469255181,783.5428,15.543899999999894,15.543899999999894,12.832400000000009
2660,2660,2660.0,2660.0,2660.0,2660.0,2660.0,2660.0,2660.0,2660.0,2660.0,2660.0,2660.0,2660.0,2660.0,2660.0,2660.0,2660.0,2660.0,0.0,,,,,,0.0,273.0,273.0,273.0,273.0,273.0,273.0,273.0,273.0,273.0,273.0,273.0,273.0,273.0,273.0,273.0,273.0,273.0,273.0,273.0,273.0,370.81415994137,372.9632849703656,0.0,369.1734,770.0733,15.7962
2661,2661,2661.0,2661.0,2661.0,2661.0,2661.0,2661.0,2661.0,2661.0,2661.0,2661.0,2661.0,2661.0,2661.0,2661.0,2661.0,2661.0,2661.0,1.0,,,,,,0.1,354.145,338.2383,323.7535,311.168,300.7392,292.5117,286.3627,282.071,279.3914,278.1219,278.1514,279.4853,282.2451,286.6431,292.9337,301.3454,312.0051,324.8679,339.6714,355.9278,375.5952153105949,370.9841668018152,369.1734,151.14639999999997,400.8999,15.7962
2662,2662,2662.0,2662.0,2662.0,2662.0,2662.0,2662.0,2662.0,2662.0,2662.0,2662.0,2662.0,2662.0,2662.0,2662.0,2662.0,2662.0,2662.0,2.0,,,,,,0.2,363.1206,350.9872,339.5156,328.9894,319.643,311.6572,305.1609,300.2377,296.9348,295.2728,295.2529,296.8609,300.0673,304.8238,311.0575,318.664,327.502,337.3899,348.1071,359.3987,295.41919100527747,375.9953976458302,520.3198,58.86800000000005,249.75350000000003,15.7962
2663,2663,2663.0,2663.0,2663.0,2663.0,2663.0,2663.0,2663.0,2663.0,2663.0,2663.0,2663.0,2663.0,2663.0,2663.0,2663.0,2663.0,2663.0,3.0,,,,,,0.3,299.5235,303.2243,306.1967,308.2548,309.3789,309.7091,309.5095,309.1167,308.8866,309.1498,310.1811,312.1848,315.2914,319.5622,324.9966,331.5404,339.0917,347.5069,356.6061,366.1794,361.4521022750675,374.1156705235015,579.1878,28.24219999999991,190.8855,15.7962
2664,2664,2664.0,2664.0,2664.0,2664.0,2664.0,2664.0,2664.0,2664.0,2664.0,2664.0,2664.0,2664.0,2664.0,2664.0,2664.0,2664.0,2664.0,4.0,,,,,,0.4,352.3972,343.8003,336.0608,329.4745,324.2135,320.3319,317.7906,316.4938,316.3243,317.17,318.9391,321.563,324.9904,329.1777,334.0787,339.6358,345.7755,352.4069,359.4226,366.7021,170.75799453589704,371.3948158455105,607.43,26.0698000000001,162.64330000000007,15.7962
2665,2665,2665.0,2665.0,2665.0,2665.0,2665.0,2665.0,2665.0,2665.0,2665.0,2665.0,2665.0,2665.0,2665.0,2665.0,2665.0,2665.0,2665.0,5.0,,,,,,0.5,197.31,222.5714,245.4445,265.1723,281.4103,294.215,303.9649,311.2423,316.7102,321.0091,324.6877,328.1693,331.7474,335.5996,339.8119,344.4028,349.346,354.588,360.0606,365.6887,371.9623180712336,364.6097296706226,633.4998,18.22119999999996,136.57349999999997,15.7962
2666,2666,2666.0,2666.0,2666.0,2666.0,2666.0,2666.0,2666.0,2666.0,2666.0,2666.0,2666.0,2666.0,2666.0,2666.0,2666.0,2666.0,2666.0,6.0,,,,,,0.6,356.4192,342.0342,329.7831,320.3228,313.9285,310.5129,309.7091,310.9875,313.7728,317.5362,321.8507,326.4097,331.018,335.5679,340.0114,344.3355,348.5457,352.6566,356.688,360.6634,361.89979109329926,292.74637156661123,651.721,40.01350000000002,118.3523,15.7962
2667,2667,2667.0,2667.0,2667.0,2667.0,2667.0,2667.0,2667.0,2667.0,2667.0,2667.0,2667.0,2667.0,2667.0,2667.0,2667.0,2667.0,2667.0,7.0,,,,,,0.7,354.9404,348.2561,342.1039,336.706,332.234,328.7962,326.4289,325.0907,324.6619,324.9475,325.6832,326.5463,327.1726,327.1815,326.2112,323.9628,320.249,315.0368,308.4737,300.8864,175.7371002957037,375.49744627844177,691.7345,48.09379999999999,78.33879999999999,15.7962
2668,2668,2668.0,2668.0,2668.0,2668.0,2668.0,2668.0,2668.0,2668.0,2668.0,2668.0,2668.0,2668.0,2668.0,2668.0,2668.0,2668.0,2668.0,8.0,,,,,,0.8,202.6087,228.1615,251.2657,271.1258,287.3511,299.9461,309.2359,315.7557,320.1389,323.0269,325.0148,326.6295,328.3306,330.5177,333.5314,337.6398,343.011,349.6803,357.5265,366.2693,374.7390048102831,374.8030492232266,739.8283,14.534800000000018,30.245000000000005,15.7962
2669,2669,2669.0,2669.0,2669.0,2669.0,2669.0,2669.0,2669.0,2669.0,2669.0,2669.0,2669.0,2669.0,2669.0,2669.0,2669.0,2669.0,2669.0,9.0,,,,,,0.9,359.5208,345.4136,333.3505,323.9536,317.4747,313.8168,312.6187,313.3726,315.5423,318.6538,322.35,326.405,330.7105,335.244,340.0317,345.1137,350.5177,356.2425,362.2507,368.4704,174.032047451003,320.6815540945726,754.3631,15.710199999999986,15.710199999999986,15.7962
2670,2670,2670.0,2670.0,2670.0,2670.0,2670.0,2670.0,2670.0,2670.0,2670.0,2670.0,2670.0,2670.0,2670.0,2670.0,2670.0,2670.0,2670.0,0.0,,,,,,0.0,273.0,273.0,273.0,273.0,273.0,273.0,273.0,273.0,273.0,273.0,273.0,273.0,273.0,273.0,273.0,273.0,273.0,273.0,273.0,273.0,371.836467123656,375.8964037093032,0.0,367.901,803.0205,14.349800000000016
2671,2671,2671.0,2671.0,2671.0,2671.0,2671.0,2671.0,2671.0,2671.0,2671.0,2671.0,2671.0,2671.0,2671.0,2671.0,2671.0,2671.0,2671.0,1.0,,,,,,0.1,354.9931,338.9203,324.2842,311.5676,301.0305,292.7185,286.5081,282.1767,279.4785,278.2115,278.2673,279.6558,282.5056,287.0379,293.5158,302.1758,313.1489,326.3895,341.6275,358.361,371.5962546439886,371.9436030923016,367.901,146.57049999999998,435.1195,14.349800000000016
2672,2672,2672.0,2672.0,2672.0,2672.0,2672.0,2672.0,2672.0,2672.0,2672.0,2672.0,2672.0,2672.0,2672.0,2672.0,2672.0,2672.0,2672.0,2.0,,,,,,0.2,359.8587,348.427,337.5918,327.6158,318.7239,311.0983,304.8782,300.1631,297.0182,295.4815,295.5683,297.2742,300.575,305.4235,311.7445,319.4298,328.3341,338.2732,349.0264,360.3415,292.3910934588737,375.1290775404473,514.4715,55.22479999999996,288.549,14.349800000000016
2673,2673,2673.0,2673.0,2673.0,2673.0,2673.0,2673.0,2673.0,2673.0,2673.0,2673.0,2673.0,2673.0,2673.0,2673.0,2673.0,2673.0,2673.0,3.0,,,,,,0.3,296.8527,300.9069,304.2251,306.6169,308.0583,308.6851,308.7574,308.6086,308.592,309.0359,310.2131,312.3256,315.5009,319.7967,325.209,331.6807,339.1094,347.3539,356.2411,365.5718,375.540586497664,372.2622691968559,569.6963,30.660799999999995,233.3242,14.349800000000016
2674,2674,2674.0,2674.0,2674.0,2674.0,2674.0,2674.0,2674.0,2674.0,2674.0,2674.0,2674.0,2674.0,2674.0,2674.0,2674.0,2674.0,2674.0,4.0,,,,,,0.4,363.8828,352.8124,342.8397,334.3394,327.5232,322.4459,319.0375,317.1503,316.6051,317.2274,318.8694,321.4158,324.7794,328.8905,333.6851,339.0954,345.0438,351.4403,358.1835,365.1631,275.83633333356306,270.71747449412624,600.3571,40.78790000000004,202.6634,14.349800000000016
2675,2675,2675.0,2675.0,2675.0,2675.0,2675.0,2675.0,2675.0,2675.0,2675.0,2675.0,2675.0,2675.0,2675.0,2675.0,2675.0,2675.0,2675.0,5.0,,,,,,0.5,285.0822,293.7869,301.5011,307.9361,312.9931,316.7508,319.4168,321.2588,322.5329,323.4213,323.9897,324.168,323.7558,322.4525,319.9099,315.8031,309.908,302.1735,292.7682,282.0882,172.57332742927335,372.9010654883044,641.145,33.15440000000001,161.8755,14.349800000000016
2676,2676,2676.0,2676.0,2676.0,2676.0,2676.0,2676.0,2676.0,2676.0,2676.0,2676.0,2676.0,2676.0,2676.0,2676.0,2676.0,2676.0,2676.0,6.0,,,,,,0.6,196.31,219.0817,240.0444,258.57,274.297,287.1315,297.2092,304.8339,310.4139,314.4095,317.2995,319.5661,321.688,324.1323,327.3354,331.6667,337.3808,344.5681,353.1195,362.7235,374.01663645153417,374.343815578484,674.2994,33.594100000000026,128.72109999999998,14.349800000000016
2677,2677,2677.0,2677.0,2677.0,2677.0,2677.0,2677.0,2677.0,2677.0,2677.0,2677.0,2677.0,2677.0,2677.0,2677.0,2677.0,2677.0,2677.0,7.0,,,,,,0.7,357.0599,341.3085,327.7792,317.1587,309.7382,305.4339,303.8737,304.5206,306.797,310.1846,314.2843,318.8366,323.7098,328.8694,334.3379,340.1576,346.3593,352.9418,359.862,367.0351,375.0694546706957,311.69780534902446,707.8935,33.522899999999936,95.12699999999997,14.349800000000016
2678,2678,2678.0,2678.0,2678.0,2678.0,2678.0,2678.0,2678.0,2678.0,2678.0,2678.0,2678.0,2678.0,2678.0,2678.0,2678.0,2678.0,2678.0,8.0,,,,,,0.8,365.13,355.5755,346.7609,338.9847,332.4696,327.3498,323.6682,321.3785,320.3534,320.3941,321.2413,322.588,324.0939,325.4066,326.1893,326.1568,325.1146,322.9952,319.8796,315.9973,170.1928282313671,375.3346774297265,741.4164,46.4547,61.60410000000002,14.349800000000016
2679,2679,2679.0,2679.0,2679.0,2679.0,2679.0,2679.0,2679.0,2679.0,2679.0,2679.0,2679.0,2679.0,2679.0,2679.0,2679.0,2679.0,2679.0,9.0,,,,,,0.9,198.0829,224.5639,248.4339,268.8563,285.4364,298.21,307.5591,314.0886,318.5004,321.4908,323.6873,325.6211,327.7281,330.3601,333.7943,338.2315,343.7827,350.4499,358.1112,366.5215,372.3845487103651,373.68088936387807,787.8711,15.149400000000014,15.149400000000014,14.349800000000016
2680,2680,2680.0,2680.0,2680.0,2680.0,2680.0,2680.0,2680.0,2680.0,2680.0,2680.0,2680.0,2680.0,2680.0,2680.0,2680.0,2680.0,2680.0,0.0,,,,,,0.0,273.0,273.0,273.0,273.0,273.0,273.0,273.0,273.0,273.0,273.0,273.0,273.0,273.0,273.0,273.0,273.0,273.0,273.0,273.0,273.0,371.2269158738738,370.42528921839335,0.0,370.0637,800.1589,15.689200000000028
2681,2681,2681.0,2681.0,2681.0,2681.0,2681.0,2681.0,2681.0,2681.0,2681.0,2681.0,2681.0,2681.0,2681.0,2681.0,2681.0,2681.0,2681.0,1.0,,,,,,0.1,354.4873,338.5134,323.9672,311.328,300.854,292.5895,286.4101,282.0921,279.3867,278.087,278.076,279.3517,282.0271,286.3055,292.4321,300.6279,311.0158,323.5515,337.9789,353.8224,372.13607985529336,373.7208631452167,370.0637,153.14630000000005,430.0952,15.689200000000028
2682,2682,2682.0,2682.0,2682.0,2682.0,2682.0,2682.0,2682.0,2682.0,2682.0,2682.0,2682.0,2682.0,2682.0,2682.0,2682.0,2682.0,2682.0,2.0,,,,,,0.2,360.2675,348.7104,337.7598,327.6805,318.6972,310.9895,304.6924,299.9008,296.6769,295.0581,295.0636,296.6985,299.9534,304.8005,311.1867,319.0243,328.1827,338.4826,349.6944,361.5436,300.62719750466306,373.17569475891423,523.21,57.99599999999998,276.9489,15.689200000000028
2683,2683,2683.0,2683.0,2683.0,2683.0,2683.0,2683.0,2683.0,2683.0,2683.0,2683.0,2683.0,2683.0,2683.0,2683.0,2683.0,2683.0,2683.0,3.0,,,,,,0.3,303.6727,306.372,308.4494,309.7529,310.2792,310.1672,309.6657,309.0871,308.7586,308.9814,310.0027,312.0011,315.0833,319.2885,324.5964,330.9362,338.1958,346.2298,354.8669,363.9165,358.7419195918536,373.9888413925509,581.206,29.39319999999998,218.9529,15.689200000000028
2684,2684,2684.0,2684.0,2684.0,2684.0,2684.0,2684.0,2684.0,2684.0,2684.0,2684.0,2684.0,2684.0,2684.0,2684.0,2684.0,2684.0,2684.0,4.0,,,,,,0.4,350.3286,342.3301,335.1094,328.9382,323.979,320.2894,317.8446,316.569,316.3668,317.1459,318.8312,321.3667,324.7114,328.8297,333.6819,339.2161,345.3624,352.0308,359.1114,366.4772,172.43096191399923,375.0798956232104,610.5992,26.014999999999983,189.5597,15.689200000000028
2685,2685,2685.0,2685.0,2685.0,2685.0,2685.0,2685.0,2685.0,2685.0,2685.0,2685.0,2685.0,2685.0,2685.0,2685.0,2685.0,2685.0,2685.0,5.0,,,,,,0.5,198.6238,223.5473,246.1216,265.601,281.6456,294.3096,303.9649,311.1855,316.6272,320.9267,324.6338,328.1778,331.8629,335.8808,340.3316,345.2462,350.6054,356.3548,362.4156,368.6925,375.4749755790699,358.5750281150522,636.6142,17.943499999999972,163.54470000000003,15.689200000000028
2686,2686,2686.0,2686.0,2686.0,2686.0,2686.0,2686.0,2686.0,2686.0,2686.0,2686.0,2686.0,2686.0,2686.0,2686.0,2686.0,2686.0,2686.0,6.0,,,,,,0.6,359.3863,344.477,331.7422,321.8534,315.0949,311.3828,310.348,311.4535,314.1122,317.7787,322.0049,326.4575,330.9103,335.221,339.3068,343.1246,346.6604,349.9252,352.9553,355.8115,171.7133070440535,296.5197397578806,654.5577,13.548400000000017,145.60120000000006,15.689200000000028
2687,2687,2687.0,2687.0,2687.0,2687.0,2687.0,2687.0,2687.0,2687.0,2687.0,2687.0,2687.0,2687.0,2687.0,2687.0,2687.0,2687.0,2687.0,7.0,,,,,,0.7,197.3651,221.7931,243.9613,263.1623,279.0821,291.7798,301.6003,309.0495,314.6668,318.9213,322.145,324.5071,326.0235,326.5917,326.0452,324.2155,320.9948,316.3891,310.5511,303.785,375.3929890054063,370.04767477251073,668.1061,29.06439999999997,132.05280000000005,15.689200000000028
2688,2688,2688.0,2688.0,2688.0,2688.0,2688.0,2688.0,2688.0,2688.0,2688.0,2688.0,2688.0,2688.0,2688.0,2688.0,2688.0,2688.0,2688.0,8.0,,,,,,0.8,358.888,343.5628,330.4084,320.0844,312.8534,308.6001,306.9183,307.2358,308.9438,311.5038,314.5189,317.7659,321.1922,324.8866,329.0292,333.8305,339.4665,346.0214,353.4487,361.5601,374.8752050849478,357.16545297087947,697.1705,43.46550000000002,102.98840000000008,15.689200000000028
2689,2689,2689.0,2689.0,2689.0,2689.0,2689.0,2689.0,2689.0,2689.0,2689.0,2689.0,2689.0,2689.0,2689.0,2689.0,2689.0,2689.0,2689.0,9.0,,,,,,0.9,365.37,356.2142,347.7302,340.1904,333.8002,328.6892,324.911,322.4506,321.2369,321.1583,322.078,323.8476,326.3172,329.3432,332.7932,336.5497,340.513,344.604,348.7652,352.9593,270.44912152238174,274.51884102052344,740.636,59.52290000000005,59.52290000000005,15.689200000000028
2690,2690,2690.0,2690.0,2690.0,2690.0,2690.0,2690.0,2690.0,2690.0,2690.0,2690.0,2690.0,2690.0,2690.0,2690.0,2690.0,2690.0,2690.0,0.0,,,,,,0.0,273.0,273.0,273.0,273.0,273.0,273.0,273.0,273.0,273.0,273.0,273.0,273.0,273.0,273.0,273.0,273.0,273.0,273.0,273.0,273.0,370.19809654962296,373.7403688216068,0.0,368.9888,797.2406,16.702999999999975
2691,2691,2691.0,2691.0,2691.0,2691.0,2691.0,2691.0,2691.0,2691.0,2691.0,2691.0,2691.0,2691.0,2691.0,2691.0,2691.0,2691.0,2691.0,1.0,,,,,,0.1,353.634,337.8275,323.434,310.9281,300.5655,292.3909,286.2828,282.022,279.3662,278.1165,278.1652,279.5209,282.3089,286.745,293.0866,301.5648,312.3078,325.2709,340.1896,356.5724,373.18737356293553,372.1499966951117,368.9888,149.66029999999995,428.2518,16.702999999999975
2692,2692,2692.0,2692.0,2692.0,2692.0,2692.0,2692.0,2692.0,2692.0,2692.0,2692.0,2692.0,2692.0,2692.0,2692.0,2692.0,2692.0,2692.0,2.0,,,,,,0.2,361.0939,349.3262,338.1918,327.9642,318.873,311.0982,304.7721,299.9841,296.7892,295.2158,295.2731,296.954,300.2349,305.0729,311.3987,319.1107,328.0688,338.0912,348.9555,360.4033,303.1911271022621,371.1134830986901,518.6491,58.37380000000008,278.5915,16.702999999999975
2693,2693,2693.0,2693.0,2693.0,2693.0,2693.0,2693.0,2693.0,2693.0,2693.0,2693.0,2693.0,2693.0,2693.0,2693.0,2693.0,2693.0,2693.0,3.0,,,,,,0.3,305.8436,308.1663,309.8977,310.8962,311.1646,310.8424,310.1749,309.4675,309.0377,309.1758,310.1173,312.0295,315.0087,319.085,324.2308,330.3709,337.3916,345.1496,353.4789,362.1976,338.21255294876283,374.5356341180831,577.0229,25.5791999999999,220.21769999999992,16.702999999999975
2694,2694,2694.0,2694.0,2694.0,2694.0,2694.0,2694.0,2694.0,2694.0,2694.0,2694.0,2694.0,2694.0,2694.0,2694.0,2694.0,2694.0,2694.0,4.0,,,,,,0.4,333.4461,328.9202,324.8479,321.3935,318.6642,316.7131,315.5529,315.1726,315.5542,316.6839,318.557,321.1767,324.5483,328.6716,333.5331,339.0992,345.3113,352.084,359.3051,366.8397,170.72336575135802,374.4408191203884,602.6021,20.49830000000009,194.6385,16.702999999999975
2695,2695,2695.0,2695.0,2695.0,2695.0,2695.0,2695.0,2695.0,2695.0,2695.0,2695.0,2695.0,2695.0,2695.0,2695.0,2695.0,2695.0,2695.0,5.0,,,,,,0.5,196.252,220.5967,242.7468,261.9991,278.0234,290.854,300.8212,308.4461,314.3315,319.0687,323.1739,327.0559,331.0096,335.2257,339.8089,344.7974,350.1806,355.9132,361.926,368.1335,373.1255900528014,348.7298215090716,623.1004,20.671699999999987,174.14019999999994,16.702999999999975
2696,2696,2696.0,2696.0,2696.0,2696.0,2696.0,2696.0,2696.0,2696.0,2696.0,2696.0,2696.0,2696.0,2696.0,2696.0,2696.0,2696.0,2696.0,6.0,,,,,,0.6,356.9318,341.9315,329.1325,319.216,312.4723,308.8182,307.8796,309.1089,311.9019,315.6904,319.9969,324.4546,328.799,332.8491,336.4856,339.6373,342.2759,344.4177,346.1267,347.5141,373.274297976191,291.811160049681,643.7721,41.70139999999992,153.46849999999995,16.702999999999975
2697,2697,2697.0,2697.0,2697.0,2697.0,2697.0,2697.0,2697.0,2697.0,2697.0,2697.0,2697.0,2697.0,2697.0,2697.0,2697.0,2697.0,2697.0,7.0,,,,,,0.7,364.149,355.388,347.3256,340.2392,334.3284,329.703,326.3777,324.2748,323.2321,323.0141,323.3256,323.8273,324.1548,323.9432,322.8574,320.6296,317.0977,312.2393,306.1908,299.243,173.74383242802898,375.4680920868611,685.4735,55.76430000000005,111.76710000000004,16.702999999999975
2698,2698,2698.0,2698.0,2698.0,2698.0,2698.0,2698.0,2698.0,2698.0,2698.0,2698.0,2698.0,2698.0,2698.0,2698.0,2698.0,2698.0,2698.0,8.0,,,,,,0.8,201.2926,227.45,251.0263,271.1871,287.5287,300.0675,309.159,315.381,319.4131,321.9408,323.5972,324.9394,326.449,328.5408,331.5635,335.7874,341.3765,348.356,356.5883,365.7713,370.13686469870726,373.9347316569556,741.2378,13.93470000000002,56.00279999999998,16.702999999999975
2699,2699,2699.0,2699.0,2699.0,2699.0,2699.0,2699.0,2699.0,2699.0,2699.0,2699.0,2699.0,2699.0,2699.0,2699.0,2699.0,2699.0,2699.0,9.0,,,,,,0.9,355.6399,342.2157,330.764,321.8819,315.8068,312.4389,311.4241,312.2698,314.4599,317.5431,321.184,325.1764,329.4278,333.9271,338.7071,343.8104,349.2639,355.0625,361.1637,367.4895,349.5428448211055,363.3774712290912,755.1725,42.06809999999996,42.06809999999996,16.702999999999975
2700,2700,2700.0,2700.0,2700.0,2700.0,2700.0,2700.0,2700.0,2700.0,2700.0,2700.0,2700.0,2700.0,2700.0,2700.0,2700.0,2700.0,0.0,,,,,,,0.0,273.0,273.0,273.0,273.0,273.0,273.0,273.0,273.0,273.0,273.0,273.0,273.0,273.0,273.0,273.0,273.0,273.0,273.0,273.0,273.0,373.1726087399497,371.0164650443456,0.0,369.5094,1043.5987,-40.0
2701,2701,2701.0,2701.0,2701.0,2701.0,2701.0,2701.0,2701.0,2701.0,2701.0,2701.0,2701.0,2701.0,2701.0,2701.0,2701.0,2701.0,1.0,,,,,,,0.1,356.1014,339.811,324.9765,312.0868,301.4048,292.9755,286.6717,282.2644,279.4988,278.1622,278.1326,279.4047,282.0897,286.3903,292.552,300.7966,311.2469,323.8585,338.3732,354.3128,247.3646507330537,362.4946430826014,369.5094,158.59029999999996,674.0893,-20.02449999999999
2702,2702,2702.0,2702.0,2702.0,2702.0,2702.0,2702.0,2702.0,2702.0,2702.0,2702.0,2702.0,2702.0,2702.0,2702.0,2702.0,2702.0,2.0,,,,,,,0.2,256.8594,265.6856,273.2927,279.338,283.7282,286.6098,288.3171,289.2974,290.0333,290.9788,292.516,294.9332,298.4205,303.0753,308.9136,315.8824,323.8721,332.7281,342.2619,352.2603,319.14300637064457,362.1181086389905,528.0997,90.4996,515.499,-26.3902
2703,2703,2703.0,2703.0,2703.0,2703.0,2703.0,2703.0,2703.0,2703.0,2703.0,2703.0,2703.0,2703.0,2703.0,2703.0,2703.0,2703.0,3.0,,,,,,,0.3,312.8756,307.0243,301.9467,297.8985,295.015,293.3192,292.7502,293.2015,294.5569,296.7176,299.6144,303.2087,307.4829,312.4275,318.0282,324.2548,331.0547,338.3508,346.0425,354.0097,249.6781333858893,334.02493566638753,618.5993,46.565900000000056,424.9994,-19.680799999999977
2704,2704,2704.0,2704.0,2704.0,2704.0,2704.0,2704.0,2704.0,2704.0,2704.0,2704.0,2704.0,2704.0,2704.0,2704.0,2704.0,2704.0,4.0,,,,,,,0.4,257.9687,265.8824,273.1071,279.4446,284.8325,289.3373,293.1234,296.409,299.4201,302.352,305.3432,308.4639,311.7164,315.0464,318.3623,321.5594,324.5452,327.2629,329.7072,331.9286,281.2460873401145,305.09837585725813,665.1652,58.98939999999993,378.4335,-23.662699999999973
2705,2705,2705.0,2705.0,2705.0,2705.0,2705.0,2705.0,2705.0,2705.0,2705.0,2705.0,2705.0,2705.0,2705.0,2705.0,2705.0,2705.0,5.0,,,,,,,0.5,282.0717,283.045,284.2888,285.8817,287.85,290.1698,292.7774,295.5834,298.4847,301.3729,304.1375,306.6652,308.8398,310.5447,311.6712,312.1332,311.8849,310.9394,309.3803,307.3623,262.2714072181612,350.065338072713,724.1546,73.22490000000005,319.44410000000005,-22.83019999999999
2706,2706,2706.0,2706.0,2706.0,2706.0,2706.0,2706.0,2706.0,2706.0,2706.0,2706.0,2706.0,2706.0,2706.0,2706.0,2706.0,2706.0,6.0,,,,,,,0.6,267.1342,271.8825,276.4179,280.6701,284.6026,288.2121,291.5222,294.5763,297.4318,300.1583,302.8388,305.5734,308.4817,311.6996,315.3686,319.6162,324.5307,330.1352,336.3697,343.0866,266.5668441974697,360.68425298547857,797.3795,63.516700000000014,246.2192,-24.78789999999998
2707,2707,2707.0,2707.0,2707.0,2707.0,2707.0,2707.0,2707.0,2707.0,2707.0,2707.0,2707.0,2707.0,2707.0,2707.0,2707.0,2707.0,7.0,,,,,,,0.7,269.9866,273.4041,276.8163,280.2197,283.6108,286.9896,290.3624,293.7454,297.168,300.6741,304.3217,308.1808,312.3285,316.8415,321.7871,327.2123,333.1335,339.5274,346.3278,353.4269,285.85755568738017,315.53223870381544,860.8962,48.15539999999999,182.7025,-26.010400000000004
2708,2708,2708.0,2708.0,2708.0,2708.0,2708.0,2708.0,2708.0,2708.0,2708.0,2708.0,2708.0,2708.0,2708.0,2708.0,2708.0,2708.0,8.0,,,,,,,0.8,285.9947,286.287,286.8698,287.8426,289.2616,291.1388,293.4482,296.1337,299.1168,302.3013,305.5738,308.8032,311.8406,314.5247,316.6941,318.2085,318.975,318.9737,318.2762,317.048,273.18678519261243,306.5475217982233,909.0516,57.69190000000003,134.5471,-21.8612
2709,2709,2709.0,2709.0,2709.0,2709.0,2709.0,2709.0,2709.0,2709.0,2709.0,2709.0,2709.0,2709.0,2709.0,2709.0,2709.0,2709.0,9.0,,,,,,,0.9,276.4786,279.7239,282.8845,285.9366,288.872,291.6944,294.4129,297.033,299.549,301.9384,304.1605,306.1578,307.8618,309.2013,310.113,310.5526,310.5061,309.9974,309.0925,307.897,264.77581865472973,337.93011350936683,966.7435,76.85519999999997,76.85519999999997,-21.305600000000027
2710,2710,2710.0,2710.0,2710.0,2710.0,2710.0,2710.0,2710.0,2710.0,2710.0,2710.0,2710.0,2710.0,2710.0,2710.0,2710.0,2710.0,0.0,,,,,,,0.0,273.0,273.0,273.0,273.0,273.0,273.0,273.0,273.0,273.0,273.0,273.0,273.0,273.0,273.0,273.0,273.0,273.0,273.0,273.0,273.0,375.9389624843477,370.8633710437708,0.0,369.1196,1139.7868,-40.0
2711,2711,2711.0,2711.0,2711.0,2711.0,2711.0,2711.0,2711.0,2711.0,2711.0,2711.0,2711.0,2711.0,2711.0,2711.0,2711.0,2711.0,1.0,,,,,,,0.1,358.3963,341.6559,326.4115,313.1652,302.1871,293.5228,287.0406,282.5037,279.6476,278.2501,278.1804,279.426,282.0925,286.3783,292.526,300.7553,311.1882,323.7795,338.2713,354.1859,233.29940366499991,371.91374305360745,369.1196,158.76120000000003,770.6672000000001,-19.477199999999986
2712,2712,2712.0,2712.0,2712.0,2712.0,2712.0,2712.0,2712.0,2712.0,2712.0,2712.0,2712.0,2712.0,2712.0,2712.0,2712.0,2712.0,2.0,,,,,,,0.2,245.3286,256.5662,266.3559,274.2804,280.2096,284.2906,286.889,288.505,289.6854,290.9518,292.7524,295.4377,299.2546,304.3524,310.7911,318.5514,327.5425,337.6088,348.5378,360.0705,341.5039419215064,371.24262298686654,527.8808,87.28319999999997,611.9060000000001,-28.709400000000016
2713,2713,2713.0,2713.0,2713.0,2713.0,2713.0,2713.0,2713.0,2713.0,2713.0,2713.0,2713.0,2713.0,2713.0,2713.0,2713.0,2713.0,3.0,,,,,,,0.3,330.8039,320.7637,311.9493,304.7624,299.4095,295.9118,294.1502,293.9241,295.0117,297.2137,300.3784,304.4064,309.2405,314.8481,321.2024,328.266,335.98,344.2586,352.989,362.0347,259.1696289728888,268.9832995172236,615.164,39.96569999999997,524.6228000000001,-17.088199999999972
2714,2714,2714.0,2714.0,2714.0,2714.0,2714.0,2714.0,2714.0,2714.0,2714.0,2714.0,2714.0,2714.0,2714.0,2714.0,2714.0,2714.0,4.0,,,,,,,0.4,266.7376,273.9111,280.3674,285.9093,290.4868,294.1848,297.1823,299.6953,301.9173,303.9679,305.8574,307.4713,308.5766,308.8501,307.929,305.4783,301.2674,295.2395,287.5577,278.6129,265.60323874518053,290.3343636786501,655.1297,97.5005,484.6571000000001,-18.815200000000004
2715,2715,2715.0,2715.0,2715.0,2715.0,2715.0,2715.0,2715.0,2715.0,2715.0,2715.0,2715.0,2715.0,2715.0,2715.0,2715.0,2715.0,5.0,,,,,,,0.5,269.9036,274.1436,278.2629,282.2014,285.9001,289.3022,292.3545,295.0081,297.2201,298.955,300.1872,300.9042,301.1103,300.8298,300.1068,299.0038,297.5943,295.9555,294.1597,292.269,314.61815399414826,326.57078657757137,752.6302,121.9951000000001,387.15660000000014,-23.69779999999997
2716,2716,2716.0,2716.0,2716.0,2716.0,2716.0,2716.0,2716.0,2716.0,2716.0,2716.0,2716.0,2716.0,2716.0,2716.0,2716.0,2716.0,6.0,,,,,,,0.6,309.9398,305.5895,301.8445,298.8923,296.812,295.5789,295.0875,295.1854,295.711,296.5258,297.5381,298.7151,300.0836,301.7201,303.7306,306.2239,309.2815,312.93,317.1221,321.7325,241.009426469166,354.28224686846414,874.6253,93.25559999999996,265.16150000000005,-17.421100000000024
2717,2717,2717.0,2717.0,2717.0,2717.0,2717.0,2717.0,2717.0,2717.0,2717.0,2717.0,2717.0,2717.0,2717.0,2717.0,2717.0,2717.0,7.0,,,,,,,0.7,250.8385,260.1998,268.6973,276.0608,282.1732,287.0666,290.8946,293.8912,296.3293,298.4868,300.6257,302.9815,305.7609,309.1397,313.259,318.2148,324.0454,330.7174,338.1179,346.0569,294.0369453482856,353.68978473574805,967.8809,72.66269999999997,171.9059000000001,-25.93340000000001
2718,2718,2718.0,2718.0,2718.0,2718.0,2718.0,2718.0,2718.0,2718.0,2718.0,2718.0,2718.0,2718.0,2718.0,2718.0,2718.0,2718.0,8.0,,,,,,,0.8,292.0735,290.3885,289.2167,288.7168,288.9586,289.9297,291.5582,293.7428,296.3821,299.3956,302.7343,306.3811,310.343,314.6398,319.2909,324.305,329.6719,335.3589,341.3106,347.451,267.12788681459165,337.29297807079206,1040.5436,46.76710000000003,99.24320000000012,-23.07029999999997
2719,2719,2719.0,2719.0,2719.0,2719.0,2719.0,2719.0,2719.0,2719.0,2719.0,2719.0,2719.0,2719.0,2719.0,2719.0,2719.0,2719.0,9.0,,,,,,,0.9,271.4558,275.6699,279.6789,283.4312,286.9212,290.1865,293.2953,296.3301,299.3705,302.4792,305.6928,309.0176,312.431,315.8869,319.3246,322.681,325.903,328.96,331.8516,334.6095,281.83666576515293,294.5727398946766,1087.3107,52.47610000000009,52.47610000000009,-22.813499999999976
2720,2720,2720.0,2720.0,2720.0,2720.0,2720.0,2720.0,2720.0,2720.0,2720.0,2720.0,2720.0,2720.0,2720.0,2720.0,2720.0,2720.0,0.0,,,,,,,0.0,273.0,273.0,273.0,273.0,273.0,273.0,273.0,273.0,273.0,273.0,273.0,273.0,273.0,273.0,273.0,273.0,273.0,273.0,273.0,273.0,375.1297552926712,372.0694971250225,0.0,368.7908,1040.903,-40.0
2721,2721,2721.0,2721.0,2721.0,2721.0,2721.0,2721.0,2721.0,2721.0,2721.0,2721.0,2721.0,2721.0,2721.0,2721.0,2721.0,2721.0,1.0,,,,,,,0.1,357.725,341.1163,325.9919,312.8501,301.9591,293.3644,286.9362,282.4404,279.6166,278.2466,278.2045,279.4829,282.1925,286.5369,292.7634,301.0958,311.6581,324.405,339.0756,355.1864,245.8686421971391,364.6360883364867,368.7908,156.11400000000003,672.1122,-19.63560000000001
2722,2722,2722.0,2722.0,2722.0,2722.0,2722.0,2722.0,2722.0,2722.0,2722.0,2722.0,2722.0,2722.0,2722.0,2722.0,2722.0,2722.0,2.0,,,,,,,0.2,255.7172,264.8762,272.7772,279.0657,283.6439,286.6605,288.4579,289.4945,290.2661,291.2394,292.8082,295.2712,298.8269,303.5795,309.5501,316.6888,324.8867,333.9871,343.796,354.092,322.9026263380546,364.5155093408573,524.9048,87.00339999999994,515.9982,-26.339499999999987
2723,2723,2723.0,2723.0,2723.0,2723.0,2723.0,2723.0,2723.0,2723.0,2723.0,2723.0,2723.0,2723.0,2723.0,2723.0,2723.0,2723.0,3.0,,,,,,,0.3,315.9725,309.4938,303.8541,299.3306,296.0695,294.0943,293.3369,293.6781,294.9881,297.1548,300.0988,303.7739,308.1581,313.2398,319.0035,325.4183,332.4304,339.9604,347.9039,356.1357,248.0631627540561,317.42465398345183,611.9082,44.0666,428.99480000000005,-18.905700000000024
2724,2724,2724.0,2724.0,2724.0,2724.0,2724.0,2724.0,2724.0,2724.0,2724.0,2724.0,2724.0,2724.0,2724.0,2724.0,2724.0,2724.0,4.0,,,,,,,0.4,256.8298,265.1901,272.8072,279.4662,285.0975,289.7685,293.6494,296.9642,299.9399,302.7626,305.5484,308.3295,311.0559,313.6111,315.8392,317.5803,318.7094,319.1713,319.0051,318.3491,269.5191551779608,324.09096834823004,655.9748,66.87840000000006,384.92820000000006,-23.231499999999983
2725,2725,2725.0,2725.0,2725.0,2725.0,2725.0,2725.0,2725.0,2725.0,2725.0,2725.0,2725.0,2725.0,2725.0,2725.0,2725.0,2725.0,5.0,,,,,,,0.5,272.3518,275.2406,278.2274,281.3307,284.5409,287.8241,291.1298,294.4009,297.5831,300.6314,303.5143,306.2139,308.7256,311.0558,313.2199,315.2399,317.1418,318.9528,320.6992,322.4048,270.0486728757268,357.73889348176255,722.8532,70.98360000000002,318.0498,-25.175900000000013
2726,2726,2726.0,2726.0,2726.0,2726.0,2726.0,2726.0,2726.0,2726.0,2726.0,2726.0,2726.0,2726.0,2726.0,2726.0,2726.0,2726.0,6.0,,,,,,,0.6,272.9986,275.9547,278.9215,281.9009,284.8915,287.8902,290.8944,293.9063,296.9376,300.0157,303.1882,306.527,310.1273,314.1012,318.5654,323.6215,329.3335,335.7064,342.6714,350.0843,268.0458548738927,347.17016049746746,793.8368,54.63549999999998,247.0662,-25.109800000000007
2727,2727,2727.0,2727.0,2727.0,2727.0,2727.0,2727.0,2727.0,2727.0,2727.0,2727.0,2727.0,2727.0,2727.0,2727.0,2727.0,2727.0,7.0,,,,,,,0.7,271.3831,274.7114,278.0246,281.3218,284.6088,287.8986,291.2106,294.5688,297.9999,301.5297,305.1801,308.9655,312.8908,316.9489,321.1225,325.3857,329.7093,334.0658,338.4344,342.8034,281.4874619166459,308.6879999320911,848.4723,49.95349999999996,192.4307,-25.10140000000001
2728,2728,2728.0,2728.0,2728.0,2728.0,2728.0,2728.0,2728.0,2728.0,2728.0,2728.0,2728.0,2728.0,2728.0,2728.0,2728.0,2728.0,8.0,,,,,,,0.8,282.5354,283.6925,285.0535,286.6878,288.6329,290.8936,293.4448,296.2365,299.198,302.2403,305.2562,308.1204,310.6914,312.8181,314.3531,315.1733,315.2044,314.4438,312.9764,310.9757,272.6003848007724,313.27582239951386,898.4258,65.60230000000001,142.47720000000004,-22.106400000000008
2729,2729,2729.0,2729.0,2729.0,2729.0,2729.0,2729.0,2729.0,2729.0,2729.0,2729.0,2729.0,2729.0,2729.0,2729.0,2729.0,2729.0,9.0,,,,,,,0.9,275.8373,279.0367,282.1667,285.2046,288.1382,290.9626,293.6765,296.277,298.7552,301.0944,303.271,305.2571,307.0256,308.555,309.8339,310.8643,311.6623,312.2575,312.6909,313.0121,273.1683982340532,341.5246172580542,964.0281,76.87490000000003,76.87490000000003,-22.03739999999999
2730,2730,2730.0,2730.0,2730.0,2730.0,2730.0,2730.0,2730.0,2730.0,2730.0,2730.0,2730.0,2730.0,2730.0,2730.0,2730.0,2730.0,0.0,,,,,,,0.0,273.0,273.0,273.0,273.0,273.0,273.0,273.0,273.0,273.0,273.0,273.0,273.0,273.0,273.0,273.0,273.0,273.0,273.0,273.0,273.0,374.29220143864507,373.48023378765305,0.0,368.3944,1079.6829,-40.0
2731,2731,2731.0,2731.0,2731.0,2731.0,2731.0,2731.0,2731.0,2731.0,2731.0,2731.0,2731.0,2731.0,2731.0,2731.0,2731.0,2731.0,1.0,,,,,,,0.1,357.0303,340.5578,325.5577,312.5241,301.7233,293.2008,286.8287,282.3759,279.5861,278.246,278.2349,279.5507,282.3101,286.7227,293.0414,301.4942,312.2078,325.1366,340.0164,356.3567,235.9197186955624,372.0750037332889,368.3944,155.59539999999993,711.2885,-19.799199999999985
2732,2732,2732.0,2732.0,2732.0,2732.0,2732.0,2732.0,2732.0,2732.0,2732.0,2732.0,2732.0,2732.0,2732.0,2732.0,2732.0,2732.0,2.0,,,,,,,0.2,247.425,258.1679,267.5178,275.0749,280.7185,284.596,287.0667,288.6195,289.7884,291.0815,292.9345,295.6861,299.573,304.7341,311.2205,319.0051,327.9914,338.0219,348.8861,360.3314,333.9723575219916,373.21530452282207,523.9898,85.28910000000008,555.6931000000001,-28.404
2733,2733,2733.0,2733.0,2733.0,2733.0,2733.0,2733.0,2733.0,2733.0,2733.0,2733.0,2733.0,2733.0,2733.0,2733.0,2733.0,2733.0,3.0,,,,,,,0.3,324.6635,315.9457,308.3259,302.1651,297.6501,294.8039,293.525,293.6419,294.9657,297.3298,300.6114,304.7345,309.6603,315.3702,321.8476,329.062,336.9582,345.4507,354.4232,363.7325,256.5597121345594,293.2271623318159,609.2789,35.85889999999995,470.404,-18.1961
2734,2734,2734.0,2734.0,2734.0,2734.0,2734.0,2734.0,2734.0,2734.0,2734.0,2734.0,2734.0,2734.0,2734.0,2734.0,2734.0,2734.0,4.0,,,,,,,0.4,264.2578,271.5774,278.2088,283.9623,288.7893,292.7722,296.0864,298.9483,301.5604,304.0639,306.507,308.8305,310.8717,312.388,313.0972,312.7319,311.1005,308.1423,303.9649,298.8507,274.34419311103863,284.45405982340407,645.1378,76.77250000000004,434.5451000000001,-20.2278
2735,2735,2735.0,2735.0,2735.0,2735.0,2735.0,2735.0,2735.0,2735.0,2735.0,2735.0,2735.0,2735.0,2735.0,2735.0,2735.0,2735.0,5.0,,,,,,,0.5,276.9462,279.5851,282.286,285.0528,287.8646,290.6764,293.4237,296.0285,298.4054,300.4649,302.1162,303.2696,303.8393,303.7494,302.9419,301.3871,299.095,296.1231,292.5807,288.6257,291.7433616763413,333.1790856798312,721.9103,106.80989999999996,357.7726,-22.3236
2736,2736,2736.0,2736.0,2736.0,2736.0,2736.0,2736.0,2736.0,2736.0,2736.0,2736.0,2736.0,2736.0,2736.0,2736.0,2736.0,2736.0,6.0,,,,,,,0.6,291.3986,291.1717,291.1604,291.4268,291.9901,292.8285,293.8887,295.1023,296.4036,297.748,299.1264,300.5754,302.1793,304.0631,306.3741,309.2557,312.814,317.0863,322.0184,327.4598,259.7963015877162,356.10942392722256,828.7202,83.88160000000005,250.96270000000004,-20.17149999999998
2737,2737,2737.0,2737.0,2737.0,2737.0,2737.0,2737.0,2737.0,2737.0,2737.0,2737.0,2737.0,2737.0,2737.0,2737.0,2737.0,2737.0,7.0,,,,,,,0.7,265.5596,271.109,276.263,280.8975,284.9584,288.462,291.4838,294.1422,296.5819,298.9598,301.4362,304.1691,307.3101,310.9989,315.3538,320.4587,326.3478,332.9918,340.2897,348.071,272.28786058271305,355.44000056537806,912.6018,63.54309999999998,167.0811,-24.53800000000001
2738,2738,2738.0,2738.0,2738.0,2738.0,2738.0,2738.0,2738.0,2738.0,2738.0,2738.0,2738.0,2738.0,2738.0,2738.0,2738.0,2738.0,8.0,,,,,,,0.8,274.6839,277.1213,279.6347,282.2478,284.9723,287.8115,290.7659,293.84,297.0472,300.4121,303.9702,307.7632,311.8341,316.2199,320.9455,326.0186,331.4266,337.1353,343.0903,349.2199,277.4320644465244,325.7626421790157,976.1449,48.7192,103.538,-25.188499999999976
2739,2739,2739.0,2739.0,2739.0,2739.0,2739.0,2739.0,2739.0,2739.0,2739.0,2739.0,2739.0,2739.0,2739.0,2739.0,2739.0,2739.0,9.0,,,,,,,0.9,279.2397,281.1085,283.0937,285.2396,287.577,290.1218,292.876,295.8279,298.9528,302.2115,305.5485,308.8904,312.1461,315.2111,317.9771,320.347,322.2537,323.6777,324.6599,325.3033,276.12717698017434,309.57180756374123,1024.8641,54.81880000000001,54.81880000000001,-22.8782
2740,2740,2740.0,2740.0,2740.0,2740.0,2740.0,2740.0,2740.0,2740.0,2740.0,2740.0,2740.0,2740.0,2740.0,2740.0,2740.0,2740.0,0.0,,,,,,,0.0,273.0,273.0,273.0,273.0,273.0,273.0,273.0,273.0,273.0,273.0,273.0,273.0,273.0,273.0,273.0,273.0,273.0,273.0,273.0,273.0,372.4568861339073,371.6443899592832,0.0,369.3909,1024.5288,-40.0
2741,2741,2741.0,2741.0,2741.0,2741.0,2741.0,2741.0,2741.0,2741.0,2741.0,2741.0,2741.0,2741.0,2741.0,2741.0,2741.0,2741.0,1.0,,,,,,,0.1,355.5077,339.3337,324.6054,311.8079,301.2028,292.8348,286.578,282.2059,279.4666,278.1507,278.1395,279.4312,282.1401,286.472,292.6752,300.9736,311.4915,324.1841,338.7919,354.8337,247.67378663082928,361.54448782873607,369.3909,158.28840000000002,655.1379000000001,-20.165200000000027
2742,2742,2742.0,2742.0,2742.0,2742.0,2742.0,2742.0,2742.0,2742.0,2742.0,2742.0,2742.0,2742.0,2742.0,2742.0,2742.0,2742.0,2.0,,,,,,,0.2,257.0815,265.8267,273.3641,279.3546,283.7064,286.5656,288.2646,289.2473,289.9924,290.9497,292.4967,294.917,298.3953,303.0239,308.8135,315.7066,323.5911,332.3123,341.6849,351.502,317.23016755944263,368.9303421056117,527.6793,90.60749999999996,496.8495,-26.434399999999982
2743,2743,2743.0,2743.0,2743.0,2743.0,2743.0,2743.0,2743.0,2743.0,2743.0,2743.0,2743.0,2743.0,2743.0,2743.0,2743.0,2743.0,3.0,,,,,,,0.3,311.2903,305.751,300.9564,297.1532,294.4724,292.9379,292.4942,293.0439,294.4834,296.7296,299.7321,303.4746,307.9649,313.2211,319.2559,326.0614,333.5985,341.7895,350.5164,359.6243,247.6709882423721,337.21513243740634,618.2868,43.64679999999999,406.2420000000001,-20.062099999999987
2744,2744,2744.0,2744.0,2744.0,2744.0,2744.0,2744.0,2744.0,2744.0,2744.0,2744.0,2744.0,2744.0,2744.0,2744.0,2744.0,2744.0,4.0,,,,,,,0.4,256.2167,264.3813,271.8493,278.4205,284.032,288.7518,292.7478,296.2429,299.4689,302.6266,305.8591,309.2388,312.7674,316.3866,319.9983,323.4891,326.7586,329.7441,332.4381,334.8936,277.8881334515665,311.6689920567697,661.9336,55.49950000000001,362.5952000000001,-24.2482
2745,2745,2745.0,2745.0,2745.0,2745.0,2745.0,2745.0,2745.0,2745.0,2745.0,2745.0,2745.0,2745.0,2745.0,2745.0,2745.0,2745.0,5.0,,,,,,,0.5,279.1803,280.6095,282.2891,284.2915,286.6401,289.3119,292.2473,295.3632,298.5652,301.7546,304.8317,307.6951,310.241,312.3654,313.9714,314.9821,315.3569,315.1075,314.3086,313.0989,265.3291192958483,346.1916101448087,717.4331,66.90420000000006,307.0957000000001,-23.68810000000002
2746,2746,2746.0,2746.0,2746.0,2746.0,2746.0,2746.0,2746.0,2746.0,2746.0,2746.0,2746.0,2746.0,2746.0,2746.0,2746.0,2746.0,6.0,,,,,,,0.6,269.5034,273.6104,277.5923,281.408,285.0359,288.4732,291.732,294.8353,297.8139,300.707,303.564,306.4492,309.4433,312.6423,316.1492,320.0597,324.4418,329.3172,334.6461,340.3238,265.1819230830854,353.1685979718658,784.3373,61.03019999999992,240.1915,-24.52679999999998
2747,2747,2747.0,2747.0,2747.0,2747.0,2747.0,2747.0,2747.0,2747.0,2747.0,2747.0,2747.0,2747.0,2747.0,2747.0,2747.0,2747.0,7.0,,,,,,,0.7,268.9612,272.7182,276.4331,280.0908,283.6829,287.2093,290.6792,294.112,297.5369,300.9928,304.5275,308.1946,312.051,316.1522,320.5457,325.2643,330.3198,335.6965,341.3493,347.2052,275.5872535678037,328.1889200448288,845.3675,52.02560000000005,179.1613000000001,-25.79070000000001
2748,2748,2748.0,2748.0,2748.0,2748.0,2748.0,2748.0,2748.0,2748.0,2748.0,2748.0,2748.0,2748.0,2748.0,2748.0,2748.0,2748.0,8.0,,,,,,,0.8,277.4673,279.4247,281.5269,283.8232,286.3412,289.0866,292.0465,295.1937,298.4903,301.8901,305.3376,308.7679,312.1055,315.2666,318.1663,320.729,322.9035,324.6767,326.0844,327.2125,277.51421074958466,310.0759284294045,897.3931,56.21479999999997,127.13570000000004,-23.913400000000024
2749,2749,2749.0,2749.0,2749.0,2749.0,2749.0,2749.0,2749.0,2749.0,2749.0,2749.0,2749.0,2749.0,2749.0,2749.0,2749.0,2749.0,9.0,,,,,,,0.9,279.561,281.6484,283.8125,286.0804,288.4675,290.9752,293.5905,296.285,299.0158,301.7251,304.3413,306.7807,308.9515,310.7598,312.1198,312.9658,313.2662,313.0353,312.3402,311.3002,265.4825691660213,336.2301362075595,953.6079,70.92090000000007,70.92090000000007,-22.024800000000027
2750,2750,2750.0,2750.0,2750.0,2750.0,2750.0,2750.0,2750.0,2750.0,2750.0,2750.0,2750.0,2750.0,2750.0,2750.0,2750.0,2750.0,0.0,,,,,,,0.0,273.0,273.0,273.0,273.0,273.0,273.0,273.0,273.0,273.0,273.0,273.0,273.0,273.0,273.0,273.0,273.0,273.0,273.0,273.0,273.0,370.72587479094193,371.7720406494436,0.0,369.6386,1033.5185,-40.0
2751,2751,2751.0,2751.0,2751.0,2751.0,2751.0,2751.0,2751.0,2751.0,2751.0,2751.0,2751.0,2751.0,2751.0,2751.0,2751.0,2751.0,1.0,,,,,,,0.1,354.0717,338.1794,323.7075,311.1332,300.7133,292.4924,286.3473,282.0564,279.3739,278.0963,278.1106,279.4195,282.1411,286.4838,292.6978,301.0085,311.5406,324.25,338.877,354.9396,249.2059078606229,367.76358136485936,369.6386,157.33529999999996,663.8798999999999,-20.507600000000025
2752,2752,2752.0,2752.0,2752.0,2752.0,2752.0,2752.0,2752.0,2752.0,2752.0,2752.0,2752.0,2752.0,2752.0,2752.0,2752.0,2752.0,2.0,,,,,,,0.2,258.267,266.6863,273.9363,279.69,283.8616,286.5972,288.2252,289.1836,289.9465,290.9619,292.6107,295.186,298.8871,303.825,310.0302,317.4622,326.0189,335.5445,345.8383,356.6647,321.5023544091817,365.44563229808233,526.9739,84.90420000000006,506.5446,-26.402800000000013
2753,2753,2753.0,2753.0,2753.0,2753.0,2753.0,2753.0,2753.0,2753.0,2753.0,2753.0,2753.0,2753.0,2753.0,2753.0,2753.0,2753.0,3.0,,,,,,,0.3,314.8826,308.693,303.3042,298.9831,295.8738,294.0051,293.3201,293.7134,295.0688,297.2858,300.2922,304.045,308.5208,313.7033,319.57,326.082,333.1788,340.7768,348.7706,357.0382,250.2865028406173,313.0954441409315,611.8781,42.87350000000004,421.6403999999999,-18.994899999999973
2754,2754,2754.0,2754.0,2754.0,2754.0,2754.0,2754.0,2754.0,2754.0,2754.0,2754.0,2754.0,2754.0,2754.0,2754.0,2754.0,2754.0,4.0,,,,,,,0.4,258.636,266.6027,273.8696,280.2359,285.6384,290.1436,293.9148,297.164,300.1032,302.9013,305.6557,308.3784,310.9978,313.3755,315.3348,316.699,317.3335,317.1841,316.3031,314.8544,270.6134724931704,312.897772373156,654.7516,69.08769999999993,378.7668999999999,-22.856400000000008
2755,2755,2755.0,2755.0,2755.0,2755.0,2755.0,2755.0,2755.0,2755.0,2755.0,2755.0,2755.0,2755.0,2755.0,2755.0,2755.0,2755.0,5.0,,,,,,,0.5,273.3602,276.1605,279.0542,282.0581,285.1613,288.3281,291.505,294.629,297.6366,300.4688,303.0747,305.4124,307.4489,309.1609,310.5361,311.5749,312.2937,312.7261,312.9236,312.9541,285.383052443725,340.7404297496525,723.8393,78.73130000000003,309.6791999999999,-24.6719
2756,2756,2756.0,2756.0,2756.0,2756.0,2756.0,2756.0,2756.0,2756.0,2756.0,2756.0,2756.0,2756.0,2756.0,2756.0,2756.0,2756.0,6.0,,,,,,,0.6,285.7894,286.3085,287.0358,288.0365,289.3388,290.9354,292.7911,294.8552,297.0754,299.4116,301.846,304.3898,307.0845,309.9971,313.2085,316.7974,320.8203,325.2925,330.1752,335.3724,262.5438901595093,358.0327910561439,802.5706,62.6327,230.9478999999999,-22.064599999999984
2757,2757,2757.0,2757.0,2757.0,2757.0,2757.0,2757.0,2757.0,2757.0,2757.0,2757.0,2757.0,2757.0,2757.0,2757.0,2757.0,2757.0,7.0,,,,,,,0.7,267.5277,272.3722,276.9606,281.2156,285.1081,288.6565,291.9193,294.9827,297.9492,300.9278,304.0284,307.358,311.0188,315.1044,319.6939,324.8425,330.5705,336.8532,343.6149,350.7299,264.2811462570243,343.1688372578036,865.2033,52.29570000000001,168.3151999999999,-24.34350000000001
2758,2758,2758.0,2758.0,2758.0,2758.0,2758.0,2758.0,2758.0,2758.0,2758.0,2758.0,2758.0,2758.0,2758.0,2758.0,2758.0,2758.0,8.0,,,,,,,0.8,268.1971,272.0947,275.9576,279.7744,283.5402,287.2576,290.9377,294.5985,298.2626,301.9533,305.6896,309.4817,313.3269,317.2086,321.0985,324.9612,328.7632,332.481,336.1085,339.6603,273.00108129174185,317.64187701236216,917.499,52.79480000000001,116.01949999999988,-25.74239999999997
2759,2759,2759.0,2759.0,2759.0,2759.0,2759.0,2759.0,2759.0,2759.0,2759.0,2759.0,2759.0,2759.0,2759.0,2759.0,2759.0,2759.0,9.0,,,,,,,0.9,275.3293,277.7213,280.2316,282.899,285.742,288.7586,291.9281,295.2141,298.5669,301.9252,305.2155,308.3528,311.2415,313.7803,315.8716,317.4355,318.4263,318.8484,318.7664,318.3058,272.6119337283627,328.4751158428704,970.2938,63.22469999999987,63.22469999999987,-24.2414
2760,2760,2760.0,2760.0,2760.0,2760.0,2760.0,2760.0,2760.0,2760.0,2760.0,2760.0,2760.0,2760.0,2760.0,2760.0,2760.0,0.0,,,,,,,,0.0,273.0,273.0,273.0,273.0,273.0,273.0,273.0,273.0,273.0,273.0,273.0,273.0,273.0,273.0,273.0,273.0,273.0,273.0,273.0,273.0,370.0752323456731,373.07590772826126,0.0,369.26,1480.3261,-40.0
2761,2761,2761.0,2761.0,2761.0,2761.0,2761.0,2761.0,2761.0,2761.0,2761.0,2761.0,2761.0,2761.0,2761.0,2761.0,2761.0,1.0,,,,,,,,0.1,353.532,337.7455,323.3702,310.88,300.5303,292.3656,286.2644,282.0075,279.3524,278.0998,278.141,279.4835,282.2505,286.6559,292.9549,301.3767,312.0487,324.9262,339.7465,356.0212,250.2332773268979,375.50961205945407,369.26,154.2151,1111.0661,-20.634400000000028
2762,2762,2762.0,2762.0,2762.0,2762.0,2762.0,2762.0,2762.0,2762.0,2762.0,2762.0,2762.0,2762.0,2762.0,2762.0,2762.0,2.0,,,,,,,,0.2,259.0893,267.3154,274.3941,280.0061,284.07,286.7339,288.3259,289.2844,290.0848,291.1802,292.9608,295.7336,299.7169,305.0432,311.7646,319.8587,329.2327,339.7276,351.1246,363.1541,175.88880364928292,370.262997191712,523.4751,130.99009999999998,956.851,-26.266099999999994
2763,2763,2763.0,2763.0,2763.0,2763.0,2763.0,2763.0,2763.0,2763.0,2763.0,2763.0,2763.0,2763.0,2763.0,2763.0,2763.0,3.0,,,,,,,,0.3,194.1436,211.6948,227.9351,242.4299,254.9589,265.5183,274.2899,281.5882,287.8003,293.33,298.5539,303.7923,309.2929,315.2269,321.6918,328.7195,336.2878,344.3316,352.7552,361.4419,299.0639296165958,375.2032450030514,654.4652,156.13470000000007,825.8609,-47.48169999999999
2764,2764,2764.0,2764.0,2764.0,2764.0,2764.0,2764.0,2764.0,2764.0,2764.0,2764.0,2764.0,2764.0,2764.0,2764.0,2764.0,4.0,,,,,,,,0.4,291.9545,285.5738,280.5379,277.2665,275.944,276.5321,278.8214,282.5045,287.2492,292.7566,298.7951,305.2121,311.9265,318.911,326.1693,333.7149,341.5539,349.6727,358.0329,366.5709,245.7139730464505,370.9679350307424,810.5999,74.35069999999996,669.7262,-36.46789999999999
2765,2765,2765.0,2765.0,2765.0,2765.0,2765.0,2765.0,2765.0,2765.0,2765.0,2765.0,2765.0,2765.0,2765.0,2765.0,2765.0,5.0,,,,,,,,0.5,252.1019,258.3103,264.1999,269.6999,274.8196,279.64,284.2916,288.9249,293.6825,298.6784,303.9874,309.643,315.6432,321.9593,328.5455,335.3484,342.3145,349.3953,356.5507,363.7495,175.83776059105853,375.150123406701,884.9506,107.649,595.3755,-33.360000000000014
2766,2766,2766.0,2766.0,2766.0,2766.0,2766.0,2766.0,2766.0,2766.0,2766.0,2766.0,2766.0,2766.0,2766.0,2766.0,2766.0,6.0,,,,,,,,0.6,193.3508,210.2994,226.1978,240.7001,253.6314,264.9863,274.8993,283.5998,291.3626,298.4663,305.1624,311.6595,318.1179,324.6516,331.3347,338.2079,345.2841,352.5533,359.9859,367.5369,279.52130970653747,372.5037201122093,992.5996,142.5338999999999,487.7265,-48.01369999999997
2767,2767,2767.0,2767.0,2767.0,2767.0,2767.0,2767.0,2767.0,2767.0,2767.0,2767.0,2767.0,2767.0,2767.0,2767.0,2767.0,7.0,,,,,,,,0.7,275.8304,272.7547,270.8133,270.3567,271.5335,274.2996,278.4621,283.7399,289.8262,296.4377,303.345,310.3831,317.4477,324.4829,331.4661,338.394,345.2733,352.1138,358.9259,365.7194,237.8413644751812,374.8138776918361,1135.1335,79.5757000000001,345.1926000000001,-38.7004
2768,2768,2768.0,2768.0,2768.0,2768.0,2768.0,2768.0,2768.0,2768.0,2768.0,2768.0,2768.0,2768.0,2768.0,2768.0,2768.0,8.0,,,,,,,,0.8,244.9139,251.8516,258.5492,264.9522,271.0649,276.9435,282.6785,288.3736,294.1245,300.0053,306.0625,312.3153,318.7618,325.3863,332.1662,339.0771,346.0956,353.1996,360.3681,367.58,173.8583769023717,372.7846369536453,1214.7092,116.3134,265.6169,-36.05650000000003
2769,2769,2769.0,2769.0,2769.0,2769.0,2769.0,2769.0,2769.0,2769.0,2769.0,2769.0,2769.0,2769.0,2769.0,2769.0,2769.0,9.0,,,,,,,,0.9,191.2236,208.0719,223.9577,238.5614,251.7181,263.4155,273.7673,282.9713,291.2652,298.888,306.0523,312.9298,319.6473,326.29,332.9089,339.5302,346.1634,352.8089,359.4633,366.1229,279.07572598140246,374.644057286362,1331.0226,149.3035,149.3035,-49.58449999999999
2770,2770,2770.0,2770.0,2770.0,2770.0,2770.0,2770.0,2770.0,2770.0,2770.0,2770.0,2770.0,2770.0,2770.0,2770.0,2770.0,0.0,,,,,,,,0.0,273.0,273.0,273.0,273.0,273.0,273.0,273.0,273.0,273.0,273.0,273.0,273.0,273.0,273.0,273.0,273.0,273.0,273.0,273.0,273.0,373.0443930302136,375.45672183728107,0.0,367.861,1481.4692,-40.0
2771,2771,2771.0,2771.0,2771.0,2771.0,2771.0,2771.0,2771.0,2771.0,2771.0,2771.0,2771.0,2771.0,2771.0,2771.0,2771.0,1.0,,,,,,,,0.1,355.9952,339.7258,324.9107,312.0383,301.3718,292.9569,286.668,282.279,279.5395,278.2428,278.2759,279.6448,282.4744,286.9828,293.4306,302.0523,312.9779,326.1617,341.3344,357.9963,245.9848213707655,375.2481200204637,367.861,150.7006,1113.6082,-20.04309999999998
2772,2772,2772.0,2772.0,2772.0,2772.0,2772.0,2772.0,2772.0,2772.0,2772.0,2772.0,2772.0,2772.0,2772.0,2772.0,2772.0,2.0,,,,,,,,0.2,255.7158,264.7698,272.5895,278.8278,283.3915,286.4311,288.2891,289.4251,290.3382,291.5029,293.3263,296.1262,300.125,305.4541,312.161,320.2167,329.5228,339.9179,351.1845,363.0599,172.94327101971334,370.2962848641402,518.5616,133.70039999999997,962.9076,-26.568899999999985
2773,2773,2773.0,2773.0,2773.0,2773.0,2773.0,2773.0,2773.0,2773.0,2773.0,2773.0,2773.0,2773.0,2773.0,2773.0,2773.0,3.0,,,,,,,,0.3,191.5671,209.4824,226.0768,240.9104,253.757,264.6073,273.6385,281.1615,287.5618,293.2431,298.5835,303.9059,309.4617,315.4261,321.9006,328.9214,336.4698,344.4841,352.8714,361.5176,305.31520019099366,370.565319184955,652.262,159.0507,829.2072000000001,-48.39269999999999
2774,2774,2774.0,2774.0,2774.0,2774.0,2774.0,2774.0,2774.0,2774.0,2774.0,2774.0,2774.0,2774.0,2774.0,2774.0,2774.0,4.0,,,,,,,,0.4,296.9544,289.3893,283.2934,279.1266,277.0924,277.151,279.0741,282.5238,287.1315,292.5598,298.5407,304.8879,311.4905,318.2946,325.2824,332.4516,339.8003,347.3175,354.9784,362.7441,248.36924952962488,372.1420602708259,811.3127,71.673,670.1565,-35.84899999999999
2775,2775,2775.0,2775.0,2775.0,2775.0,2775.0,2775.0,2775.0,2775.0,2775.0,2775.0,2775.0,2775.0,2775.0,2775.0,2775.0,5.0,,,,,,,,0.5,254.5265,260.4973,266.1371,271.3736,276.2184,280.7581,285.1305,289.4937,293.9974,298.7619,303.868,309.3562,315.2334,321.4818,328.0679,334.9499,342.0822,349.417,356.9056,364.4977,170.03146777576688,370.0736538467333,882.9857,106.3610000000001,598.4835,-32.24189999999999
2776,2776,2776.0,2776.0,2776.0,2776.0,2776.0,2776.0,2776.0,2776.0,2776.0,2776.0,2776.0,2776.0,2776.0,2776.0,2776.0,6.0,,,,,,,,0.6,188.7358,206.8105,223.7137,239.0597,252.6539,264.49,274.7175,283.5906,291.4124,298.4871,305.0856,311.4272,317.6729,323.93,330.2603,336.6912,343.226,349.853,356.5524,363.3008,284.5137694070985,373.3517212117785,989.3467,147.2074,492.1225,-48.50999999999999
2777,2777,2777.0,2777.0,2777.0,2777.0,2777.0,2777.0,2777.0,2777.0,2777.0,2777.0,2777.0,2777.0,2777.0,2777.0,2777.0,7.0,,,,,,,,0.7,279.762,275.6862,272.8562,271.6561,272.2469,274.5775,278.4323,283.4999,289.4419,295.948,302.7708,309.7377,316.7476,323.7558,330.7564,337.7638,344.798,351.8748,358.9991,366.1638,238.08301460152967,370.9214305293445,1136.5541,78.02639999999997,344.91509999999994,-38.422500000000014
2778,2778,2778.0,2778.0,2778.0,2778.0,2778.0,2778.0,2778.0,2778.0,2778.0,2778.0,2778.0,2778.0,2778.0,2778.0,2778.0,8.0,,,,,,,,0.8,245.256,252.2751,259.0194,265.4253,271.4953,277.2904,282.9107,288.4709,294.0769,299.8092,305.7159,311.8121,318.0867,324.5105,331.0457,337.6538,344.3009,350.9619,357.6217,364.2743,174.47877845820796,373.61266750338,1214.5805,116.19439999999986,266.8887,-35.70960000000002
2779,2779,2779.0,2779.0,2779.0,2779.0,2779.0,2779.0,2779.0,2779.0,2779.0,2779.0,2779.0,2779.0,2779.0,2779.0,2779.0,9.0,,,,,,,,0.9,191.7783,208.5591,224.3734,238.9002,251.9728,263.5775,273.827,282.9196,291.0948,298.5953,305.6401,312.4101,319.0442,325.6415,332.2682,338.9633,345.7453,352.6165,359.5662,366.574,276.3269808187141,372.3824623984371,1330.7749,150.6943000000001,150.6943000000001,-49.422500000000014
2780,2780,2780.0,2780.0,2780.0,2780.0,2780.0,2780.0,2780.0,2780.0,2780.0,2780.0,2780.0,2780.0,2780.0,2780.0,2780.0,0.0,,,,,,,,0.0,273.0,273.0,273.0,273.0,273.0,273.0,273.0,273.0,273.0,273.0,273.0,273.0,273.0,273.0,273.0,273.0,273.0,273.0,273.0,273.0,374.6699762676316,370.24337051886425,0.0,369.5583,1498.4901,-40.0
2781,2781,2781.0,2781.0,2781.0,2781.0,2781.0,2781.0,2781.0,2781.0,2781.0,2781.0,2781.0,2781.0,2781.0,2781.0,2781.0,1.0,,,,,,,,0.1,357.3436,340.8095,325.7531,312.6702,301.8277,293.2707,286.8693,282.3899,279.572,278.1966,278.1358,279.3787,282.0313,286.2917,292.4013,300.579,310.9461,323.4577,337.8578,353.6715,248.88707233275048,370.127480406821,369.5583,156.8585,1128.9318,-19.729300000000023
2782,2782,2782.0,2782.0,2782.0,2782.0,2782.0,2782.0,2782.0,2782.0,2782.0,2782.0,2782.0,2782.0,2782.0,2782.0,2782.0,2.0,,,,,,,,0.2,258.1956,266.8398,274.273,280.1562,284.3992,287.1514,288.7502,289.6465,290.3289,291.2601,292.8353,295.3609,299.05,304.0262,310.3322,317.9372,326.7443,336.5966,347.2848,358.5563,172.02632207462054,374.3205139625092,526.4168,137.2654,972.0733,-25.848599999999976
2783,2783,2783.0,2783.0,2783.0,2783.0,2783.0,2783.0,2783.0,2783.0,2783.0,2783.0,2783.0,2783.0,2783.0,2783.0,2783.0,3.0,,,,,,,,0.3,190.951,209.1406,225.9598,240.9525,253.8845,264.7468,273.7236,281.1389,287.395,292.9162,298.1047,303.3108,308.817,314.8317,321.4891,328.8527,336.9209,345.6328,354.8769,364.5001,305.67332683368306,374.9330859633682,663.6822,159.56420000000003,834.8079,-48.25319999999999
2784,2784,2784.0,2784.0,2784.0,2784.0,2784.0,2784.0,2784.0,2784.0,2784.0,2784.0,2784.0,2784.0,2784.0,2784.0,2784.0,4.0,,,,,,,,0.4,297.2363,289.5975,283.4328,279.2034,277.1141,277.1261,279.0132,282.4412,287.0471,292.5019,298.5477,305.0098,311.7889,318.8417,326.1581,333.7397,341.5834,349.6711,357.9654,366.4097,249.3023539794453,374.2363856216284,823.2464,69.37490000000003,675.2437,-35.87389999999999
2785,2785,2785.0,2785.0,2785.0,2785.0,2785.0,2785.0,2785.0,2785.0,2785.0,2785.0,2785.0,2785.0,2785.0,2785.0,2785.0,5.0,,,,,,,,0.5,255.3101,261.1387,266.6503,271.7784,276.5391,281.0225,285.3689,289.7383,294.2812,299.118,304.3282,309.9496,315.9843,322.408,329.1794,336.2485,343.5622,351.0675,358.7137,366.4522,172.5996749999609,370.4489653675987,892.6213,101.14049999999996,605.8688,-31.97750000000002
2786,2786,2786.0,2786.0,2786.0,2786.0,2786.0,2786.0,2786.0,2786.0,2786.0,2786.0,2786.0,2786.0,2786.0,2786.0,2786.0,6.0,,,,,,,,0.6,190.9357,208.6591,225.2432,240.3139,253.6838,265.3494,275.4593,284.2631,292.0574,299.138,305.7666,312.1522,318.4453,324.7425,331.0955,337.5234,344.0237,350.583,357.1841,363.8107,272.1663512450564,371.9241683342264,993.7618,145.88699999999994,504.7283,-47.6506
2787,2787,2787.0,2787.0,2787.0,2787.0,2787.0,2787.0,2787.0,2787.0,2787.0,2787.0,2787.0,2787.0,2787.0,2787.0,2787.0,7.0,,,,,,,,0.7,269.705,267.8106,266.9592,267.468,269.4644,272.8956,277.5703,283.2178,289.5466,296.2921,303.2444,310.2589,317.2519,324.1878,331.0635,337.8935,344.6981,351.4955,358.2974,365.1077,242.4194097344272,373.8166219631636,1139.6488,86.08439999999996,358.84130000000005,-40.1044
2788,2788,2788.0,2788.0,2788.0,2788.0,2788.0,2788.0,2788.0,2788.0,2788.0,2788.0,2788.0,2788.0,2788.0,2788.0,2788.0,8.0,,,,,,,,0.8,248.3504,254.2187,259.9797,265.6196,271.1589,276.6469,282.1495,287.7346,293.4593,299.362,305.46,311.7519,318.2229,324.8509,331.6118,338.4825,345.4425,352.4732,359.5574,366.6778,171.88464116896336,375.6574458839691,1225.7332,118.35460000000012,272.7569000000001,-36.35309999999998
2789,2789,2789.0,2789.0,2789.0,2789.0,2789.0,2789.0,2789.0,2789.0,2789.0,2789.0,2789.0,2789.0,2789.0,2789.0,2789.0,9.0,,,,,,,,0.9,189.647,206.8626,223.0614,237.9086,251.2346,263.0329,273.43,282.6417,290.9245,298.5353,305.7033,312.615,319.4109,326.1889,333.0117,339.9144,346.9114,354.0013,361.171,368.399,275.545376441961,373.1468017448537,1344.0878,154.40229999999997,154.40229999999997,-49.967100000000016
2790,2790,2790.0,2790.0,2790.0,2790.0,2790.0,2790.0,2790.0,2790.0,2790.0,2790.0,2790.0,2790.0,2790.0,2790.0,2790.0,0.0,,,,,,,,0.0,273.0,273.0,273.0,273.0,273.0,273.0,273.0,273.0,273.0,273.0,273.0,273.0,273.0,273.0,273.0,273.0,273.0,273.0,273.0,273.0,372.5128819368449,375.1115292099933,0.0,368.0785,1497.8388,-40.0
2791,2791,2791.0,2791.0,2791.0,2791.0,2791.0,2791.0,2791.0,2791.0,2791.0,2791.0,2791.0,2791.0,2791.0,2791.0,2791.0,1.0,,,,,,,,0.1,355.5542,339.3713,324.635,311.831,301.2212,292.8512,286.596,282.2309,279.5068,278.2188,278.2544,279.6203,282.4414,286.9351,293.3615,301.9543,312.8432,325.9825,341.1042,357.7099,248.62082403241584,371.3725050033461,368.0785,151.56459999999998,1129.7603,-20.148799999999994
2792,2792,2792.0,2792.0,2792.0,2792.0,2792.0,2792.0,2792.0,2792.0,2792.0,2792.0,2792.0,2792.0,2792.0,2792.0,2792.0,2.0,,,,,,,,0.2,257.8757,266.4764,273.8853,279.7693,284.0417,286.8522,288.5367,289.5435,290.3575,291.438,293.1758,295.8722,299.7335,304.875,311.3298,319.0579,327.9548,337.86,348.5657,359.8269,171.8623545708548,371.8165309112068,519.6431,135.00739999999996,978.1957,-26.14780000000001
2793,2793,2793.0,2793.0,2793.0,2793.0,2793.0,2793.0,2793.0,2793.0,2793.0,2793.0,2793.0,2793.0,2793.0,2793.0,2793.0,3.0,,,,,,,,0.3,190.7814,208.9697,225.796,240.8074,253.7716,264.6802,273.7164,281.201,287.5311,293.1233,298.3695,303.6071,309.1036,315.0509,321.5679,328.7054,336.4548,344.7564,353.5092,362.5805,303.449492624716,374.6482143796673,654.6505,160.74810000000002,843.1883,-48.31979999999999
2794,2794,2794.0,2794.0,2794.0,2794.0,2794.0,2794.0,2794.0,2794.0,2794.0,2794.0,2794.0,2794.0,2794.0,2794.0,2794.0,4.0,,,,,,,,0.4,295.3844,288.1024,282.2658,278.3262,276.4824,276.6939,278.7357,282.277,286.9589,292.4568,298.5176,304.971,311.7228,318.7359,326.0065,333.543,341.3481,349.4078,357.686,366.1247,248.2329164159517,371.91500364355727,815.3986,72.16330000000005,682.4402,-36.306100000000015
2795,2795,2795.0,2795.0,2795.0,2795.0,2795.0,2795.0,2795.0,2795.0,2795.0,2795.0,2795.0,2795.0,2795.0,2795.0,2795.0,5.0,,,,,,,,0.5,254.313,260.2166,265.8076,271.0198,275.8679,280.439,284.8689,289.3127,293.9156,298.7928,304.0188,309.6264,315.6124,321.9474,328.5853,335.4726,342.5549,349.7816,357.1082,364.4969,171.94721837718438,370.3489684167972,887.5619,105.60799999999996,610.2769,-32.56099999999998
2796,2796,2796.0,2796.0,2796.0,2796.0,2796.0,2796.0,2796.0,2796.0,2796.0,2796.0,2796.0,2796.0,2796.0,2796.0,2796.0,6.0,,,,,,,,0.6,190.2869,208.0161,224.6098,239.6948,253.0827,264.7687,274.8986,283.7193,291.5248,298.6092,305.2341,311.6102,317.8918,324.1812,330.5369,336.9849,343.5281,350.1558,356.8496,363.5881,280.4953486207217,374.4571533878637,993.1699,146.3069999999999,504.6689,-48.231299999999976
2797,2797,2797.0,2797.0,2797.0,2797.0,2797.0,2797.0,2797.0,2797.0,2797.0,2797.0,2797.0,2797.0,2797.0,2797.0,2797.0,7.0,,,,,,,,0.7,276.5143,273.1699,270.9987,270.3614,271.4084,274.0897,278.2006,283.4464,289.5079,296.0936,302.9723,309.9846,317.0394,324.0994,331.1638,338.2502,345.3804,352.5699,359.8216,367.1249,236.0346358250823,374.3504269826208,1139.4769,81.41550000000007,358.3619000000001,-38.91030000000001
2798,2798,2798.0,2798.0,2798.0,2798.0,2798.0,2798.0,2798.0,2798.0,2798.0,2798.0,2798.0,2798.0,2798.0,2798.0,2798.0,8.0,,,,,,,,0.8,243.4032,250.6205,257.5673,264.1799,270.4586,276.4608,282.2829,288.0363,293.8258,299.7336,305.8122,312.0846,318.5494,325.1891,331.977,338.884,345.8821,352.947,360.0578,367.1973,171.36522708541412,373.8890936748941,1220.8924,121.45370000000004,276.94640000000004,-36.5392
2799,2799,2799.0,2799.0,2799.0,2799.0,2799.0,2799.0,2799.0,2799.0,2799.0,2799.0,2799.0,2799.0,2799.0,2799.0,2799.0,9.0,,,,,,,,0.9,189.0464,206.2004,222.3722,237.2355,250.6207,262.5138,273.0292,282.3677,290.7715,298.4852,305.7278,312.6782,319.4707,326.1977,332.9174,339.6616,346.4436,353.2649,360.1197,366.9983,279.455327782444,371.0155748258002,1342.3461,155.4927,155.4927,-50.4862
2800,2800,2800.0,2800.0,2800.0,2800.0,2800.0,2800.0,2800.0,2800.0,2800.0,2800.0,2800.0,2800.0,2800.0,2800.0,2800.0,0.0,,,,,,,,0.0,273.0,273.0,273.0,273.0,273.0,273.0,273.0,273.0,273.0,273.0,273.0,273.0,273.0,273.0,273.0,273.0,273.0,273.0,273.0,273.0,370.2702936748893,372.1596026091746,0.0,369.5715,1482.9167,-40.0
2801,2801,2801.0,2801.0,2801.0,2801.0,2801.0,2801.0,2801.0,2801.0,2801.0,2801.0,2801.0,2801.0,2801.0,2801.0,2801.0,1.0,,,,,,,,0.1,353.6938,337.8756,323.4712,310.9557,300.5848,292.4028,286.2876,282.0191,279.3532,278.0887,278.1146,279.4357,282.1721,286.5342,292.7739,301.1177,311.6916,324.451,339.1354,355.2611,252.9445595639726,373.72950031457856,369.5715,155.0254,1113.3452,-20.597199999999987
2802,2802,2802.0,2802.0,2802.0,2802.0,2802.0,2802.0,2802.0,2802.0,2802.0,2802.0,2802.0,2802.0,2802.0,2802.0,2802.0,2.0,,,,,,,,0.2,261.3463,269.1381,275.8197,281.0835,284.8544,287.2802,288.6844,289.4968,290.1827,291.1842,292.8807,295.5695,299.4604,304.6785,311.2703,319.2094,328.4011,338.6872,349.8521,361.6324,175.6147072401193,370.5713202456623,524.5969,130.04779999999994,958.3198,-25.71980000000002
2803,2803,2803.0,2803.0,2803.0,2803.0,2803.0,2803.0,2803.0,2803.0,2803.0,2803.0,2803.0,2803.0,2803.0,2803.0,2803.0,3.0,,,,,,,,0.3,194.0474,211.7597,228.1302,242.7151,255.2901,265.8532,274.5916,281.8283,287.9595,293.3985,298.5303,303.6833,309.1127,314.997,321.44,328.4794,336.0958,344.2245,352.7656,361.5946,301.5692343686228,370.669264776405,654.6447,154.0738,828.272,-47.14679999999999
2804,2804,2804.0,2804.0,2804.0,2804.0,2804.0,2804.0,2804.0,2804.0,2804.0,2804.0,2804.0,2804.0,2804.0,2804.0,2804.0,4.0,,,,,,,,0.4,294.0667,287.3096,281.9285,278.3526,276.7709,277.144,279.257,282.7938,287.4114,292.7987,298.7107,304.9804,311.5108,318.2578,325.2089,332.3639,339.7205,347.2651,354.9689,362.7886,248.19137437296712,370.9318904774584,808.7185,72.80720000000008,674.1982,-35.855999999999995
2805,2805,2805.0,2805.0,2805.0,2805.0,2805.0,2805.0,2805.0,2805.0,2805.0,2805.0,2805.0,2805.0,2805.0,2805.0,2805.0,5.0,,,,,,,,0.5,254.2889,260.2113,265.8228,271.0557,275.921,280.5002,284.9233,289.3393,293.8895,298.6874,303.8086,309.2907,315.1384,321.3323,327.8381,334.6132,341.6118,348.788,356.0963,363.4923,173.89063649808284,370.81923666967606,881.5257,105.55409999999996,601.391,-32.49979999999999
2806,2806,2806.0,2806.0,2806.0,2806.0,2806.0,2806.0,2806.0,2806.0,2806.0,2806.0,2806.0,2806.0,2806.0,2806.0,2806.0,6.0,,,,,,,,0.6,191.8971,209.3068,225.6063,240.4299,253.5929,265.0899,275.0628,283.7534,291.45,298.4431,304.9921,311.3084,317.5499,323.8236,330.1941,336.6921,343.324,350.0787,356.9334,363.8583,276.7642800825608,373.9424575072919,987.0798,146.32220000000007,495.8369,-47.9101
2807,2807,2807.0,2807.0,2807.0,2807.0,2807.0,2807.0,2807.0,2807.0,2807.0,2807.0,2807.0,2807.0,2807.0,2807.0,2807.0,7.0,,,,,,,,0.7,273.5008,270.8347,269.2687,269.1402,270.5884,273.5641,277.8734,283.2383,289.359,295.9626,302.8337,309.8248,316.8521,323.8825,330.9159,337.9692,345.0626,352.21,359.4142,366.6652,244.2784413348242,370.3358292365583,1133.402,81.49739999999997,349.51469999999995,-39.4359
2808,2808,2808.0,2808.0,2808.0,2808.0,2808.0,2808.0,2808.0,2808.0,2808.0,2808.0,2808.0,2808.0,2808.0,2808.0,2808.0,8.0,,,,,,,,0.8,250.0817,255.8139,261.4241,266.896,272.2521,277.5474,282.8559,288.254,293.8053,299.5507,305.5051,311.6587,317.9828,324.437,330.977,337.5609,344.1544,350.7341,357.2891,363.8198,171.24327125981986,370.8450019536661,1214.8994,114.81490000000008,268.0173,-35.45260000000002
2809,2809,2809.0,2809.0,2809.0,2809.0,2809.0,2809.0,2809.0,2809.0,2809.0,2809.0,2809.0,2809.0,2809.0,2809.0,2809.0,9.0,,,,,,,,0.9,189.2723,206.7345,223.142,238.1474,251.574,263.4136,273.7958,282.9411,291.1116,298.5685,305.5426,312.2195,318.7362,325.1854,331.6244,338.0842,344.5781,351.1078,357.6683,364.2509,278.3846325224578,375.0572709175852,1329.7143,153.2023999999999,153.2023999999999,-49.586400000000026
2810,2810,2810.0,2810.0,2810.0,2810.0,2810.0,2810.0,2810.0,2810.0,2810.0,2810.0,2810.0,2810.0,2810.0,2810.0,2810.0,0.0,,,,,,,,0.0,273.0,273.0,273.0,273.0,273.0,273.0,273.0,273.0,273.0,273.0,273.0,273.0,273.0,273.0,273.0,273.0,273.0,273.0,273.0,273.0,370.6201635981624,373.2658029371498,0.0,369.0933,1474.2399,-40.0
2811,2811,2811.0,2811.0,2811.0,2811.0,2811.0,2811.0,2811.0,2811.0,2811.0,2811.0,2811.0,2811.0,2811.0,2811.0,2811.0,1.0,,,,,,,,0.1,353.9841,338.109,323.6529,311.0925,300.6845,292.4737,286.3377,282.0559,279.3841,278.1213,278.1577,279.4997,282.2702,286.683,292.9933,301.4309,312.1229,325.0248,339.8731,356.1787,249.4545301559483,375.09336567839705,369.0933,153.94590000000005,1105.1466,-20.526299999999992
2812,2812,2812.0,2812.0,2812.0,2812.0,2812.0,2812.0,2812.0,2812.0,2812.0,2812.0,2812.0,2812.0,2812.0,2812.0,2812.0,2.0,,,,,,,,0.2,258.4706,266.848,274.0619,279.7877,283.9419,286.6726,288.3105,289.2975,290.113,291.2136,292.992,295.7566,299.7259,305.0313,311.7239,319.7796,329.1045,339.5395,350.8668,362.8191,172.8406481052161,373.30806853416266,523.0392,133.20759999999996,951.2007,-26.32740000000001
2813,2813,2813.0,2813.0,2813.0,2813.0,2813.0,2813.0,2813.0,2813.0,2813.0,2813.0,2813.0,2813.0,2813.0,2813.0,2813.0,3.0,,,,,,,,0.3,191.5889,209.613,226.2877,241.1654,254.0184,264.8419,273.8215,281.2798,287.6147,293.2427,298.5547,303.8855,309.4987,315.5808,322.244,329.532,337.4298,345.8727,354.7577,363.953,302.1713352782568,370.1992078385645,656.2468,158.3352,817.9931,-48.15809999999999
2814,2814,2814.0,2814.0,2814.0,2814.0,2814.0,2814.0,2814.0,2814.0,2814.0,2814.0,2814.0,2814.0,2814.0,2814.0,2814.0,4.0,,,,,,,,0.4,294.3752,287.3485,281.7423,278.0004,276.3187,276.6573,278.7951,282.4054,287.1324,292.6512,298.7032,305.1079,311.755,318.5876,325.5814,332.7267,340.0153,347.4333,354.958,362.5588,250.3369501176558,374.98310722423673,814.582,72.79219999999998,659.6579,-36.34269999999998
2815,2815,2815.0,2815.0,2815.0,2815.0,2815.0,2815.0,2815.0,2815.0,2815.0,2815.0,2815.0,2815.0,2815.0,2815.0,2815.0,5.0,,,,,,,,0.5,256.0244,261.5564,266.8144,271.7438,276.3637,280.7587,285.0572,289.4042,293.9351,298.7586,303.9475,309.54,315.5451,321.9511,328.7331,335.8577,343.2853,350.9693,358.8559,366.8833,174.90322793457398,374.1193140155189,887.3742,101.40150000000006,586.8657000000001,-32.241300000000024
2816,2816,2816.0,2816.0,2816.0,2816.0,2816.0,2816.0,2816.0,2816.0,2816.0,2816.0,2816.0,2816.0,2816.0,2816.0,2816.0,6.0,,,,,,,,0.6,192.829,210.1579,226.377,241.1229,254.2148,265.6521,275.5832,284.2559,291.9646,299.0044,305.6385,312.0801,318.4871,324.9653,331.5761,338.346,345.2762,352.3501,359.5394,366.8089,277.4003368145439,374.358367737704,988.7757,139.8709,485.4642,-47.34789999999998
2817,2817,2817.0,2817.0,2817.0,2817.0,2817.0,2817.0,2817.0,2817.0,2817.0,2817.0,2817.0,2817.0,2817.0,2817.0,2817.0,7.0,,,,,,,,0.7,274.1418,271.4804,269.9194,269.7971,271.2545,274.2449,278.5769,283.9752,290.1409,296.801,303.7371,310.7965,317.8873,324.9664,332.0226,339.0627,346.0996,353.1446,360.2037,367.2768,239.8701209330433,375.2453732150105,1128.6466,78.50160000000005,345.5933,-38.75510000000003
2818,2818,2818.0,2818.0,2818.0,2818.0,2818.0,2818.0,2818.0,2818.0,2818.0,2818.0,2818.0,2818.0,2818.0,2818.0,2818.0,8.0,,,,,,,,0.8,246.5461,253.1126,259.4861,265.6264,271.5442,277.2939,282.9589,288.6313,294.3944,300.3107,306.4163,312.7224,319.2206,325.89,332.7039,339.6347,346.6566,353.7473,360.887,368.0584,170.69761398663945,374.8629037779396,1207.1482,115.0831999999998,267.09169999999995,-35.70609999999999
2819,2819,2819.0,2819.0,2819.0,2819.0,2819.0,2819.0,2819.0,2819.0,2819.0,2819.0,2819.0,2819.0,2819.0,2819.0,2819.0,9.0,,,,,,,,0.9,188.7029,206.1589,222.5922,237.6646,251.2026,263.1955,273.7665,283.1279,291.5343,299.2407,306.4744,313.4197,320.2136,326.9498,333.6863,340.4541,347.2655,354.1207,361.0129,367.9312,276.34649979764146,371.0294160299608,1322.2314,152.00850000000014,152.00850000000014,-49.80450000000002
2820,2820,2820.0,2820.0,2820.0,2820.0,2820.0,2820.0,2820.0,2820.0,2820.0,2820.0,2820.0,2820.0,2820.0,2820.0,0.0,,,,,,,,,0.0,273.0,273.0,273.0,273.0,273.0,273.0,273.0,273.0,273.0,273.0,273.0,273.0,273.0,273.0,273.0,273.0,273.0,273.0,273.0,273.0,374.9021401690644,375.2166119084828,0.0,367.6463,670.23,-40.0
2821,2821,2821.0,2821.0,2821.0,2821.0,2821.0,2821.0,2821.0,2821.0,2821.0,2821.0,2821.0,2821.0,2821.0,2821.0,1.0,,,,,,,,,0.1,357.5363,340.9647,325.8743,312.7625,301.8971,293.3242,286.9153,282.4389,279.6379,278.2992,278.3035,279.6517,282.4644,286.9564,293.386,301.9858,312.885,326.0374,341.1744,357.7971,375.5182646013004,375.6936749580978,367.6463,146.962,302.5837,-19.67579999999998
2822,2822,2822.0,2822.0,2822.0,2822.0,2822.0,2822.0,2822.0,2822.0,2822.0,2822.0,2822.0,2822.0,2822.0,2822.0,2.0,,,,,,,,,0.2,363.2631,351.3289,340.0198,329.6094,320.33,312.3683,305.8646,300.9178,297.5924,295.9256,295.9343,297.6187,300.9618,305.9262,312.4475,320.4266,329.7228,340.1496,351.4744,363.4237,172.63535105788583,375.1724409833294,514.6083,58.21969999999999,155.62170000000003,-0.6317000000000235
2823,2823,2823.0,2823.0,2823.0,2823.0,2823.0,2823.0,2823.0,2823.0,2823.0,2823.0,2823.0,2823.0,2823.0,2823.0,3.0,,,,,,,,,0.3,197.7729,221.5493,242.8136,260.7856,275.1353,285.9711,293.7542,299.1705,302.995,305.9777,308.7647,311.858,315.6071,320.221,325.7905,332.3133,339.7166,347.8765,356.6322,365.7979,375.2416221604869,375.9534551851437,572.828,43.34950000000004,97.40200000000004,-27.02890000000002
2824,2824,2824.0,2824.0,2824.0,2824.0,2824.0,2824.0,2824.0,2824.0,2824.0,2824.0,2824.0,2824.0,2824.0,2824.0,4.0,,,,,,,,,0.4,357.8411,341.619,327.5732,316.3849,308.3576,303.4367,301.2931,301.4404,303.3504,306.5446,310.6472,315.4008,320.6551,326.3382,332.424,338.9031,345.7607,352.9632,360.453,368.1492,245.6501373238224,372.3368452956928,616.1775,8.627200000000016,54.05250000000001,-9.563300000000028
2825,2825,2825.0,2825.0,2825.0,2825.0,2825.0,2825.0,2825.0,2825.0,2825.0,2825.0,2825.0,2825.0,2825.0,2825.0,5.0,,,,,,,,,0.5,257.4901,268.7069,278.7877,287.4124,294.4894,300.1413,304.65,308.3832,311.7201,314.9942,318.4594,322.2796,326.5356,331.2419,336.3673,341.8538,347.6318,353.6308,359.7853,366.0376,286.17793152032834,374.30335736049824,624.8047,7.264799999999923,45.42529999999999,-12.8587
2826,2826,2826.0,2826.0,2826.0,2826.0,2826.0,2826.0,2826.0,2826.0,2826.0,2826.0,2826.0,2826.0,2826.0,2826.0,6.0,,,,,,,,,0.6,287.7289,289.4436,291.458,293.8598,296.6813,299.9051,303.4803,307.342,311.4301,315.7008,320.1325,324.723,329.4841,334.4334,339.5864,344.9505,350.5213,356.2801,362.1944,368.2199,260.186362658576,374.3467936866045,632.0695,7.14140000000009,38.16050000000007,-13.094899999999996
2827,2827,2827.0,2827.0,2827.0,2827.0,2827.0,2827.0,2827.0,2827.0,2827.0,2827.0,2827.0,2827.0,2827.0,2827.0,7.0,,,,,,,,,0.7,267.1313,273.9263,280.4461,286.608,292.3808,297.7829,302.8719,307.7289,312.4434,317.1,321.7705,326.5095,331.3544,336.3268,341.4355,346.6785,352.0456,357.52,363.0795,368.698,285.4280504065061,375.62961722352185,639.2109,9.036399999999958,31.01909999999998,-15.217100000000016
2828,2828,2828.0,2828.0,2828.0,2828.0,2828.0,2828.0,2828.0,2828.0,2828.0,2828.0,2828.0,2828.0,2828.0,2828.0,8.0,,,,,,,,,0.8,287.2166,289.1611,291.3941,294.0082,297.0475,300.5101,304.3584,308.5337,312.9711,317.6113,322.4072,327.3267,332.3514,337.4726,342.6876,347.9951,353.3915,358.8692,364.4148,370.0094,245.9882460147998,374.0078896393447,648.2473,9.67100000000005,21.982700000000023,-12.489899999999976
2829,2829,2829.0,2829.0,2829.0,2829.0,2829.0,2829.0,2829.0,2829.0,2829.0,2829.0,2829.0,2829.0,2829.0,2829.0,9.0,,,,,,,,,0.9,255.4673,264.6934,273.4519,281.5959,289.0598,295.8567,302.0621,307.7902,313.1687,318.3188,323.342,328.314,333.2843,338.2803,343.3127,348.381,353.4787,358.5972,363.7286,368.8669,291.43409750079263,375.6606290798465,657.9183,12.311699999999972,12.311699999999972,-17.14330000000001
2830,2830,2830.0,2830.0,2830.0,2830.0,2830.0,2830.0,2830.0,2830.0,2830.0,2830.0,2830.0,2830.0,2830.0,2830.0,0.0,,,,,,,,,0.0,273.0,273.0,273.0,273.0,273.0,273.0,273.0,273.0,273.0,273.0,273.0,273.0,273.0,273.0,273.0,273.0,273.0,273.0,273.0,273.0,373.6152116162061,372.74692766368895,0.0,368.7812,675.7088,-40.0
2831,2831,2831.0,2831.0,2831.0,2831.0,2831.0,2831.0,2831.0,2831.0,2831.0,2831.0,2831.0,2831.0,2831.0,2831.0,1.0,,,,,,,,,0.1,356.4686,340.1063,325.2064,312.2599,301.5313,293.0657,286.736,282.3129,279.5415,278.2098,278.1978,279.5035,282.2425,286.6227,292.8952,301.2863,311.9217,324.7561,339.5273,355.7484,374.6918055288732,371.311367174544,368.7812,150.83659999999998,306.9276,-19.934300000000007
2832,2832,2832.0,2832.0,2832.0,2832.0,2832.0,2832.0,2832.0,2832.0,2832.0,2832.0,2832.0,2832.0,2832.0,2832.0,2.0,,,,,,,,,0.2,362.5098,350.6477,339.4087,329.0646,319.8451,311.9335,305.4662,300.5372,297.2056,295.5027,295.4387,297.0065,300.1813,304.9182,311.1461,318.7616,327.6232,337.5485,348.3148,359.6639,186.82200979932324,374.705190388906,519.6178,59.82230000000004,156.091,-1.066500000000019
2833,2833,2833.0,2833.0,2833.0,2833.0,2833.0,2833.0,2833.0,2833.0,2833.0,2833.0,2833.0,2833.0,2833.0,2833.0,3.0,,,,,,,,,0.3,209.4522,230.8355,249.9186,265.9912,278.7583,288.3293,295.1392,299.8295,303.1233,305.7204,308.2243,311.1064,314.6972,319.1978,324.699,331.2028,338.641,346.8907,355.7865,365.1309,370.8232871452576,374.62601196007455,579.4401,37.95889999999997,96.26869999999997,-24.67070000000001
2834,2834,2834.0,2834.0,2834.0,2834.0,2834.0,2834.0,2834.0,2834.0,2834.0,2834.0,2834.0,2834.0,2834.0,2834.0,4.0,,,,,,,,,0.4,354.8036,339.8573,326.8942,316.5376,309.0686,304.4445,302.3746,302.4254,304.1263,307.0512,310.8664,315.3439,320.3505,325.8214,331.7306,338.0639,344.8001,351.8985,359.2954,366.9053,235.44792604327432,370.3579421480067,617.399,9.38779999999997,58.3098,-8.555499999999995
2835,2835,2835.0,2835.0,2835.0,2835.0,2835.0,2835.0,2835.0,2835.0,2835.0,2835.0,2835.0,2835.0,2835.0,2835.0,5.0,,,,,,,,,0.5,249.0484,261.9507,273.5758,283.5534,291.7609,298.3104,303.4914,307.6922,311.3214,314.7449,318.2487,322.025,326.178,330.7403,335.6933,340.9878,346.5595,352.3413,358.2707,364.2923,302.96556058288365,370.6814224225165,626.7868,8.212200000000053,48.922000000000025,-14.689599999999984
2836,2836,2836.0,2836.0,2836.0,2836.0,2836.0,2836.0,2836.0,2836.0,2836.0,2836.0,2836.0,2836.0,2836.0,2836.0,6.0,,,,,,,,,0.6,301.1674,299.7126,298.8897,298.8918,299.7993,301.5876,304.1539,307.354,311.0372,315.0728,319.364,323.8498,328.4997,333.3032,338.2591,343.367,348.6208,354.0062,359.5,365.0707,242.3059631985731,374.91721972164856,634.999,7.132600000000025,40.70979999999997,-11.412399999999993
2837,2837,2837.0,2837.0,2837.0,2837.0,2837.0,2837.0,2837.0,2837.0,2837.0,2837.0,2837.0,2837.0,2837.0,2837.0,7.0,,,,,,,,,0.7,252.8985,263.1286,272.6907,281.3793,289.1086,295.9086,301.8996,307.2574,312.1772,316.844,321.415,326.0116,330.7199,335.5956,340.6701,345.9554,351.4474,357.1275,362.9634,368.9111,308.78263105881035,374.901005580552,642.1316,10.423599999999963,33.57719999999995,-17.09140000000002
2838,2838,2838.0,2838.0,2838.0,2838.0,2838.0,2838.0,2838.0,2838.0,2838.0,2838.0,2838.0,2838.0,2838.0,2838.0,8.0,,,,,,,,,0.8,305.9129,303.4532,301.7516,301.0484,301.4535,302.9528,305.4354,308.7324,312.6565,317.0336,321.7219,326.619,331.6595,336.807,342.044,347.3628,352.7585,358.2239,363.7475,369.3132,227.5631656504557,374.8177809587386,652.5552,9.653699999999958,23.153599999999983,-10.047199999999975
2839,2839,2839.0,2839.0,2839.0,2839.0,2839.0,2839.0,2839.0,2839.0,2839.0,2839.0,2839.0,2839.0,2839.0,2839.0,9.0,,,,,,,,,0.9,241.041,254.0221,266.0864,276.9488,286.486,294.7308,301.8377,308.0352,313.576,318.6978,323.5971,328.4196,333.2609,338.1747,343.184,348.2913,353.4871,358.7558,364.0795,369.4396,305.4065644743528,370.2647151139898,662.2089,13.499900000000023,13.499900000000023,-18.26920000000001
2840,2840,2840.0,2840.0,2840.0,2840.0,2840.0,2840.0,2840.0,2840.0,2840.0,2840.0,2840.0,2840.0,2840.0,2840.0,0.0,,,,,,,,,0.0,273.0,273.0,273.0,273.0,273.0,273.0,273.0,273.0,273.0,273.0,273.0,273.0,273.0,273.0,273.0,273.0,273.0,273.0,273.0,273.0,371.26899762286695,373.4245580543457,0.0,368.9213,671.4672,-40.0
2841,2841,2841.0,2841.0,2841.0,2841.0,2841.0,2841.0,2841.0,2841.0,2841.0,2841.0,2841.0,2841.0,2841.0,2841.0,1.0,,,,,,,,,0.1,354.5223,338.5417,323.9895,311.3455,300.8682,292.6024,286.4248,282.1131,279.4211,278.1457,278.1753,279.5152,282.2877,286.7061,293.0257,301.4762,312.1851,325.1073,339.9791,356.3104,375.19668641209313,373.5626873959362,368.9213,149.9379,302.5459000000001,-20.39760000000001
2842,2842,2842.0,2842.0,2842.0,2842.0,2842.0,2842.0,2842.0,2842.0,2842.0,2842.0,2842.0,2842.0,2842.0,2842.0,2.0,,,,,,,,,0.2,362.8135,350.7661,339.3712,328.9092,319.6138,311.6668,305.1998,300.3005,297.021,295.3879,295.409,297.0775,300.3719,305.2521,311.6528,319.4756,328.5822,338.7899,349.8718,361.5613,182.0713605039365,375.2054122238317,518.8592,59.03390000000002,152.60800000000006,-1.3331999999999766
2843,2843,2843.0,2843.0,2843.0,2843.0,2843.0,2843.0,2843.0,2843.0,2843.0,2843.0,2843.0,2843.0,2843.0,2843.0,3.0,,,,,,,,,0.3,205.4917,227.6294,247.401,264.0749,277.3463,287.3258,294.4579,299.3991,302.8898,305.6453,308.2821,311.2801,314.9741,319.5655,325.1432,331.7055,339.1814,347.4468,356.3375,365.6609,372.8274043453548,374.8756669726309,577.8931,40.02559999999994,93.57410000000004,-25.674199999999985
2844,2844,2844.0,2844.0,2844.0,2844.0,2844.0,2844.0,2844.0,2844.0,2844.0,2844.0,2844.0,2844.0,2844.0,2844.0,4.0,,,,,,,,,0.4,356.2279,340.7425,327.3156,316.5935,308.8672,304.0909,301.9604,302.0231,303.7868,306.8051,310.7268,315.3108,320.4147,325.9677,331.9408,338.3188,345.0808,352.1881,359.58,367.175,244.52696074465348,375.6550847726364,617.9187,9.328000000000088,53.5485000000001,-8.909100000000024
2845,2845,2845.0,2845.0,2845.0,2845.0,2845.0,2845.0,2845.0,2845.0,2845.0,2845.0,2845.0,2845.0,2845.0,2845.0,5.0,,,,,,,,,0.5,256.5828,268.0078,278.2818,287.0779,294.299,300.0636,304.6525,308.435,311.7958,315.0777,318.5479,322.3868,326.6942,331.505,336.807,342.5579,348.6969,355.1536,361.8519,368.7127,278.7728675393847,375.9256062902396,627.2467,8.054300000000012,44.220500000000015,-12.936399999999992
2846,2846,2846.0,2846.0,2846.0,2846.0,2846.0,2846.0,2846.0,2846.0,2846.0,2846.0,2846.0,2846.0,2846.0,2846.0,6.0,,,,,,,,,0.6,281.5509,284.4405,287.5326,290.8823,294.5048,298.3812,302.4716,306.7312,311.1245,315.633,320.2577,325.0152,329.9307,335.0302,340.3333,345.8484,351.5696,357.4766,363.5358,369.7028,280.84664805468736,372.7394578557198,635.301,7.036999999999921,36.1662,-14.618800000000022
2847,2847,2847.0,2847.0,2847.0,2847.0,2847.0,2847.0,2847.0,2847.0,2847.0,2847.0,2847.0,2847.0,2847.0,2847.0,7.0,,,,,,,,,0.7,283.9037,287.0107,290.2137,293.5506,297.0498,300.7292,304.5972,308.6542,312.8949,317.3098,321.8865,326.6104,331.4647,336.4308,341.4888,346.6178,351.7983,357.0125,362.2467,367.4911,248.1697702899376,372.7126129652486,642.338,8.646000000000072,29.129200000000083,-12.270800000000008
2848,2848,2848.0,2848.0,2848.0,2848.0,2848.0,2848.0,2848.0,2848.0,2848.0,2848.0,2848.0,2848.0,2848.0,2848.0,8.0,,,,,,,,,0.8,257.1841,265.9709,274.3362,282.1454,289.3361,295.9159,301.9486,307.5342,312.7873,317.8188,322.7242,327.5772,332.4295,337.3129,342.2435,347.2263,352.2586,357.3333,362.4411,367.5712,294.5300580663236,373.0382485131242,650.984,10.83439999999996,20.48320000000001,-17.084099999999978
2849,2849,2849.0,2849.0,2849.0,2849.0,2849.0,2849.0,2849.0,2849.0,2849.0,2849.0,2849.0,2849.0,2849.0,2849.0,9.0,,,,,,,,,0.9,294.2568,294.2711,294.8169,296.061,298.0784,300.8554,304.3091,308.3149,312.7347,317.439,322.3216,327.3047,332.3383,337.3944,342.4607,347.5344,352.6165,357.7087,362.8112,367.9223,239.0467524486241,374.50579407933407,661.8184,9.648800000000051,9.648800000000051,-12.144600000000024
2850,2850,2850.0,2850.0,2850.0,2850.0,2850.0,2850.0,2850.0,2850.0,2850.0,2850.0,2850.0,2850.0,2850.0,2850.0,0.0,,,,,,,,,0.0,273.0,273.0,273.0,273.0,273.0,273.0,273.0,273.0,273.0,273.0,273.0,273.0,273.0,273.0,273.0,273.0,273.0,273.0,273.0,273.0,374.8414513740874,374.7704894725488,0.0,367.8224,665.8792,-40.0
2851,2851,2851.0,2851.0,2851.0,2851.0,2851.0,2851.0,2851.0,2851.0,2851.0,2851.0,2851.0,2851.0,2851.0,2851.0,1.0,,,,,,,,,0.1,357.4859,340.9242,325.8428,312.7387,301.8796,293.3115,286.9059,282.431,279.6298,278.2887,278.2877,279.6267,282.4253,286.8966,293.2976,301.8596,312.711,325.806,340.8769,357.4271,375.5505716507311,375.328931969594,367.8224,147.58500000000004,298.05679999999995,-19.688499999999976
2852,2852,2852.0,2852.0,2852.0,2852.0,2852.0,2852.0,2852.0,2852.0,2852.0,2852.0,2852.0,2852.0,2852.0,2852.0,2.0,,,,,,,,,0.2,363.2862,351.3431,340.0259,329.6082,320.3224,312.3545,305.8446,300.891,297.5572,295.8799,295.8754,297.5433,300.8663,305.807,312.3009,320.2492,329.5117,339.9022,351.1889,363.0989,175.15130960020156,371.4921084558345,515.4074,58.33939999999996,150.47179999999992,-0.6455000000000268
2853,2853,2853.0,2853.0,2853.0,2853.0,2853.0,2853.0,2853.0,2853.0,2853.0,2853.0,2853.0,2853.0,2853.0,2853.0,3.0,,,,,,,,,0.3,199.8573,223.2214,244.1089,261.7516,275.8251,286.4376,294.0452,299.3246,303.0392,305.9257,308.6163,311.5985,315.2068,319.6356,324.9622,331.1737,338.1916,345.8925,354.124,362.7168,374.4268798478902,373.0534169144535,573.7468,43.22000000000003,92.13239999999996,-26.562400000000025
2854,2854,2854.0,2854.0,2854.0,2854.0,2854.0,2854.0,2854.0,2854.0,2854.0,2854.0,2854.0,2854.0,2854.0,2854.0,4.0,,,,,,,,,0.4,357.2789,341.2892,327.4382,316.3952,308.4575,303.5706,301.4095,301.4943,303.3041,306.3666,310.3108,314.8825,319.9333,325.3927,331.2361,337.456,344.0401,350.9575,358.1537,365.5509,248.5146928486932,375.9587264296691,616.9668,9.705499999999915,48.912399999999934,-9.429399999999989
2855,2855,2855.0,2855.0,2855.0,2855.0,2855.0,2855.0,2855.0,2855.0,2855.0,2855.0,2855.0,2855.0,2855.0,2855.0,5.0,,,,,,,,,0.5,259.8525,270.5885,280.2277,288.4623,295.2058,300.5793,304.859,308.4047,311.589,314.7424,318.1218,321.9003,326.174,330.9778,336.302,342.1076,348.3369,354.9196,361.7763,368.82,276.9681363954244,371.4673422413349,626.6723,7.142100000000028,39.20690000000002,-12.42070000000001
2856,2856,2856.0,2856.0,2856.0,2856.0,2856.0,2856.0,2856.0,2856.0,2856.0,2856.0,2856.0,2856.0,2856.0,2856.0,6.0,,,,,,,,,0.6,280.2068,283.5232,286.9797,290.6125,294.4291,298.4135,302.537,306.7701,311.0926,315.4983,319.9944,324.5971,329.3249,334.1917,339.2027,344.3521,349.6246,354.9981,360.447,365.9451,276.2853315457692,372.3857677644281,633.8144,6.877100000000041,32.06479999999999,-14.5865
2857,2857,2857.0,2857.0,2857.0,2857.0,2857.0,2857.0,2857.0,2857.0,2857.0,2857.0,2857.0,2857.0,2857.0,2857.0,7.0,,,,,,,,,0.7,280.0712,283.875,287.7138,291.6037,295.5592,299.5928,303.7149,307.9339,312.2563,316.6872,321.2301,325.8876,330.6609,335.5497,340.5515,345.6614,350.8705,356.1663,361.5317,366.9461,264.48476596298167,372.0806927293671,640.6915,7.439399999999978,25.18769999999995,-13.407199999999987
2858,2858,2858.0,2858.0,2858.0,2858.0,2858.0,2858.0,2858.0,2858.0,2858.0,2858.0,2858.0,2858.0,2858.0,2858.0,8.0,,,,,,,,,0.8,270.4481,276.333,282.0735,287.625,292.9696,298.1147,303.0885,307.9322,312.6923,317.4134,322.134,326.8839,331.6834,336.5442,341.4705,346.4608,351.5093,356.6071,361.7432,366.9053,273.42805776817744,372.0998310171691,648.1309,8.73440000000005,17.748299999999972,-14.885299999999972
2859,2859,2859.0,2859.0,2859.0,2859.0,2859.0,2859.0,2859.0,2859.0,2859.0,2859.0,2859.0,2859.0,2859.0,2859.0,9.0,,,,,,,,,0.9,277.4119,281.443,285.5615,289.7943,294.1528,298.6341,303.2244,307.9042,312.653,317.4531,322.2916,327.1607,332.0568,336.9791,341.9279,346.9035,351.9052,356.9304,361.9752,367.0339,265.17282783662336,374.44369547287465,656.8653,9.01389999999992,9.01389999999992,-14.36590000000001
2860,2860,2860.0,2860.0,2860.0,2860.0,2860.0,2860.0,2860.0,2860.0,2860.0,2860.0,2860.0,2860.0,2860.0,2860.0,0.0,,,,,,,,,0.0,273.0,273.0,273.0,273.0,273.0,273.0,273.0,273.0,273.0,273.0,273.0,273.0,273.0,273.0,273.0,273.0,273.0,273.0,273.0,273.0,370.5863767726967,371.3346595051936,0.0,369.8287,781.0939,-40.0
2861,2861,2861.0,2861.0,2861.0,2861.0,2861.0,2861.0,2861.0,2861.0,2861.0,2861.0,2861.0,2861.0,2861.0,2861.0,1.0,,,,,,,,,0.1,353.956,338.0863,323.6351,311.0786,300.6736,292.4641,286.3274,282.0417,279.3616,278.0833,278.0936,279.3943,282.1024,286.425,292.6111,300.8846,311.3701,324.0231,338.5853,354.5767,373.770787198064,371.3879870805526,369.8287,152.82989999999995,411.2652,-20.535900000000023
2862,2862,2862.0,2862.0,2862.0,2862.0,2862.0,2862.0,2862.0,2862.0,2862.0,2862.0,2862.0,2862.0,2862.0,2862.0,2.0,,,,,,,,,0.2,361.5932,349.7433,338.5299,328.2277,319.0659,311.2242,304.8331,299.9802,296.7184,295.0747,295.0571,296.6587,299.8579,304.6143,310.8627,318.5058,327.407,337.3867,348.2222,359.6525,195.45097767783724,375.7798999234389,522.6586,59.28219999999999,258.4353,-1.7758000000000038
2863,2863,2863.0,2863.0,2863.0,2863.0,2863.0,2863.0,2863.0,2863.0,2863.0,2863.0,2863.0,2863.0,2863.0,2863.0,3.0,,,,,,,,,0.3,216.4908,236.3587,254.0666,268.9507,280.7403,289.5475,295.7916,300.0871,303.1249,305.5727,308.0068,310.877,314.4996,319.0668,324.6653,331.2952,338.8873,347.3169,356.4148,365.978,371.7111612996962,371.3023409284879,581.9408,34.61940000000004,199.1531,-23.452499999999983
2864,2864,2864.0,2864.0,2864.0,2864.0,2864.0,2864.0,2864.0,2864.0,2864.0,2864.0,2864.0,2864.0,2864.0,2864.0,4.0,,,,,,,,,0.4,355.9,341.129,328.2811,317.9638,310.4554,305.7222,303.4905,303.3477,304.8425,307.5629,311.1813,315.468,320.28,325.5371,331.1953,337.2234,343.587,350.2409,357.1264,364.1731,210.92235604054645,374.64311978135294,616.5602,12.283000000000015,164.53369999999995,-7.277800000000013
2865,2865,2865.0,2865.0,2865.0,2865.0,2865.0,2865.0,2865.0,2865.0,2865.0,2865.0,2865.0,2865.0,2865.0,2865.0,5.0,,,,,,,,,0.5,228.8899,245.9541,261.3584,274.6042,285.5014,294.1542,300.8936,306.1842,310.5281,314.3888,318.1445,322.0695,326.3383,331.0423,336.211,341.8306,347.8586,354.2336,360.8803,367.7141,351.43814287543955,370.6904752568917,628.8432,14.083300000000008,152.25069999999994,-18.8458
2866,2866,2866.0,2866.0,2866.0,2866.0,2866.0,2866.0,2866.0,2866.0,2866.0,2866.0,2866.0,2866.0,2866.0,2866.0,6.0,,,,,,,,,0.6,340.2574,329.9153,321.1233,314.3697,309.8753,307.6065,307.3318,308.7029,311.3352,314.8717,319.0213,323.571,328.3807,333.3663,338.4804,343.6959,348.9944,354.3597,359.7753,365.2245,226.4438115600079,228.8883776454433,642.9265,10.315399999999954,138.16739999999993,-5.393500000000017
2867,2867,2867.0,2867.0,2867.0,2867.0,2867.0,2867.0,2867.0,2867.0,2867.0,2867.0,2867.0,2867.0,2867.0,2867.0,7.0,,,,,,,,,0.7,241.6662,256.1872,269.4172,280.9612,290.6542,298.5444,304.833,309.7894,313.6632,316.6091,318.6353,319.5829,319.136,316.8644,312.2962,305.0141,294.7622,281.5425,265.6779,247.8197,227.7750301351824,373.0168719869713,653.2419,64.47590000000002,127.85199999999998,-14.455600000000004
2868,2868,2868.0,2868.0,2868.0,2868.0,2868.0,2868.0,2868.0,2868.0,2868.0,2868.0,2868.0,2868.0,2868.0,2868.0,8.0,,,,,,,,,0.8,238.4947,248.9796,259.0072,268.3781,276.925,284.5205,291.083,296.5839,301.0563,304.607,307.4286,309.8095,312.1336,314.8616,318.4885,323.4765,330.1708,338.7165,349.0006,360.638,374.5330711496962,370.9465655174133,717.7178,48.89459999999997,63.37609999999995,-28.479499999999973
2869,2869,2869.0,2869.0,2869.0,2869.0,2869.0,2869.0,2869.0,2869.0,2869.0,2869.0,2869.0,2869.0,2869.0,2869.0,9.0,,,,,,,,,0.9,358.2992,343.0776,329.733,318.8696,310.778,305.4471,302.628,301.9284,302.9089,305.1625,308.3647,312.2928,316.8201,321.8929,327.5006,333.6455,340.3174,347.4774,355.0489,362.9191,227.8711293131224,370.1130245801632,766.6124,14.481499999999984,14.481499999999984,-7.552900000000022
2870,2870,2870.0,2870.0,2870.0,2870.0,2870.0,2870.0,2870.0,2870.0,2870.0,2870.0,2870.0,2870.0,2870.0,2870.0,0.0,,,,,,,,,0.0,273.0,273.0,273.0,273.0,273.0,273.0,273.0,273.0,273.0,273.0,273.0,273.0,273.0,273.0,273.0,273.0,273.0,273.0,273.0,273.0,374.38479674121913,371.26254437703466,0.0,369.2167,681.2602,-40.0
2871,2871,2871.0,2871.0,2871.0,2871.0,2871.0,2871.0,2871.0,2871.0,2871.0,2871.0,2871.0,2871.0,2871.0,2871.0,1.0,,,,,,,,,0.1,357.107,340.6194,325.6054,312.5594,301.7478,293.2158,286.8343,282.3711,279.5674,278.2067,278.1638,279.4311,282.1181,286.4269,292.6026,300.8671,311.3433,323.9863,338.5374,354.517,375.0838693613508,375.2703694351887,369.2167,151.87079999999995,312.04350000000005,-19.7842
2872,2872,2872.0,2872.0,2872.0,2872.0,2872.0,2872.0,2872.0,2872.0,2872.0,2872.0,2872.0,2872.0,2872.0,2872.0,2.0,,,,,,,,,0.2,362.8708,350.9766,339.7034,329.3224,320.0637,312.1113,305.6031,300.6362,297.2734,295.5524,295.4919,297.0964,300.3561,305.243,311.7034,319.6488,328.9467,339.4146,350.8182,362.8759,172.99121400804032,372.903280050879,521.0875,60.5906,160.17270000000008,-0.8886999999999716
2873,2873,2873.0,2873.0,2873.0,2873.0,2873.0,2873.0,2873.0,2873.0,2873.0,2873.0,2873.0,2873.0,2873.0,2873.0,3.0,,,,,,,,,0.3,198.0138,221.6798,242.8415,260.7212,274.9895,285.7539,293.4734,298.8311,302.5986,305.5222,308.2443,311.263,314.9235,319.43,324.8686,331.2333,338.4487,346.3909,354.9024,363.8039,373.25389325603857,370.6755494087075,581.6781,45.42770000000007,99.58210000000008,-27.246100000000013
2874,2874,2874.0,2874.0,2874.0,2874.0,2874.0,2874.0,2874.0,2874.0,2874.0,2874.0,2874.0,2874.0,2874.0,2874.0,4.0,,,,,,,,,0.4,356.1606,340.2283,326.4397,315.4648,307.6009,302.7917,300.7101,300.873,302.7559,305.8823,309.8756,314.4748,319.5226,324.9383,330.6868,336.7512,343.1131,349.7414,356.5887,363.5917,262.73309717458795,373.04851583517615,627.1058,9.814899999999966,54.15440000000001,-10.208300000000008
2875,2875,2875.0,2875.0,2875.0,2875.0,2875.0,2875.0,2875.0,2875.0,2875.0,2875.0,2875.0,2875.0,2875.0,2875.0,5.0,,,,,,,,,0.5,271.5116,279.8076,287.229,293.5413,298.6959,302.8159,306.1508,309.0135,311.7205,314.5454,317.693,321.2931,325.408,330.0475,335.1852,340.772,346.7457,353.0367,359.5702,366.268,256.72303287820216,372.7955471927866,636.9207,7.096599999999967,44.33950000000005,-10.1841
2876,2876,2876.0,2876.0,2876.0,2876.0,2876.0,2876.0,2876.0,2876.0,2876.0,2876.0,2876.0,2876.0,2876.0,2876.0,6.0,,,,,,,,,0.6,264.0281,271.184,278.0599,284.5585,290.6253,296.2519,301.4721,306.3543,310.9897,315.48,319.9269,324.4217,329.0397,333.8357,338.8425,344.072,349.5166,355.1524,360.9428,366.8414,300.23869256005526,370.77970182455,644.0173,8.288999999999987,37.24290000000008,-16.748100000000022
2877,2877,2877.0,2877.0,2877.0,2877.0,2877.0,2877.0,2877.0,2877.0,2877.0,2877.0,2877.0,2877.0,2877.0,2877.0,7.0,,,,,,,,,0.7,299.176,298.4018,298.1628,298.6316,299.8917,301.9411,304.71,308.0873,311.9467,316.1682,320.6514,325.3204,330.1226,335.0238,340.0018,345.0415,350.1311,355.2599,360.4175,365.594,236.54684044051783,372.20687047767547,652.3063,7.781400000000076,28.95390000000009,-11.058899999999994
2878,2878,2878.0,2878.0,2878.0,2878.0,2878.0,2878.0,2878.0,2878.0,2878.0,2878.0,2878.0,2878.0,2878.0,2878.0,8.0,,,,,,,,,0.8,248.1348,259.3261,269.785,279.2832,287.7209,295.123,301.6117,307.3692,312.5983,317.4907,322.2072,326.8687,331.5572,336.3217,341.1859,346.1565,351.2284,356.389,361.6203,366.901,301.9836677231964,375.14936021266726,660.0877,11.935999999999922,21.172500000000014,-17.87700000000001
2879,2879,2879.0,2879.0,2879.0,2879.0,2879.0,2879.0,2879.0,2879.0,2879.0,2879.0,2879.0,2879.0,2879.0,2879.0,9.0,,,,,,,,,0.9,300.0482,298.4994,297.6639,297.7634,298.8941,301.0324,304.0621,307.8134,312.1011,316.7561,321.6441,326.6727,331.7886,336.9694,342.2127,347.5255,352.9156,358.3849,363.9264,369.523,235.4417697630048,372.5725774874881,672.0237,9.236500000000092,9.236500000000092,-11.967600000000004
2880,2880,2880.0,2880.0,2880.0,2880.0,2880.0,2880.0,2880.0,2880.0,2880.0,2880.0,2880.0,2880.0,2880.0,0.0,,,,,,,,,,0.0,273.0,273.0,273.0,273.0,273.0,273.0,273.0,273.0,273.0,273.0,273.0,273.0,273.0,273.0,273.0,273.0,273.0,273.0,273.0,273.0,355.3166993862994,371.0435228953117,0.0,372.959,1067.0214,-40.0
2881,2881,2881.0,2881.0,2881.0,2881.0,2881.0,2881.0,2881.0,2881.0,2881.0,2881.0,2881.0,2881.0,2881.0,1.0,,,,,,,,,,0.1,341.2889,327.903,315.7144,305.1256,296.3546,289.4415,284.2877,280.7145,278.528,277.5764,277.7923,279.2148,281.9885,286.3399,292.5302,300.791,311.2513,323.8697,338.3901,354.3348,219.48862437271595,373.09614518013177,372.959,175.83689999999996,694.0624,-23.55849999999998
2882,2882,2882.0,2882.0,2882.0,2882.0,2882.0,2882.0,2882.0,2882.0,2882.0,2882.0,2882.0,2882.0,2882.0,2.0,,,,,,,,,,0.2,232.8499,245.4154,256.5214,265.7377,272.916,278.1812,281.8767,284.4832,286.5349,288.5482,290.9748,294.1756,298.4139,303.8578,310.5875,318.6022,327.8268,338.1176,349.2696,361.0267,290.2347209196813,373.6438560653229,548.7959,126.26660000000004,518.2255000000001,-34.81880000000001
2883,2883,2883.0,2883.0,2883.0,2883.0,2883.0,2883.0,2883.0,2883.0,2883.0,2883.0,2883.0,2883.0,2883.0,3.0,,,,,,,,,,0.3,287.136,284.394,282.3115,281.0981,280.8551,281.5845,283.2187,285.6573,288.8024,292.5825,296.9626,301.9419,307.5419,313.79,320.7041,328.2793,336.4793,345.2333,354.4373,363.9586,277.8294680752549,374.5095404467272,675.0625,63.454200000000014,391.9589000000001,-31.41550000000001
2884,2884,2884.0,2884.0,2884.0,2884.0,2884.0,2884.0,2884.0,2884.0,2884.0,2884.0,2884.0,2884.0,2884.0,4.0,,,,,,,,,,0.4,279.1127,280.4343,281.8386,283.3802,285.1241,287.1433,289.5125,292.3025,295.5741,299.3743,303.7344,308.6699,314.1811,320.254,326.8608,333.9604,341.4984,349.4072,357.6069,366.0071,173.73333397886162,372.5598476463516,738.5167,73.10429999999997,328.50470000000007,-25.85669999999999
2885,2885,2885.0,2885.0,2885.0,2885.0,2885.0,2885.0,2885.0,2885.0,2885.0,2885.0,2885.0,2885.0,2885.0,5.0,,,,,,,,,,0.5,193.3115,212.134,229.5557,245.1267,258.6353,270.1024,279.7388,287.8784,294.9085,301.2096,307.114,312.884,318.7071,324.7014,330.9285,337.4062,344.1218,351.0425,358.1237,365.3142,305.2239670491085,373.4690659638076,811.621,105.63920000000007,255.4004000000001,-42.89760000000001
2886,2886,2886.0,2886.0,2886.0,2886.0,2886.0,2886.0,2886.0,2886.0,2886.0,2886.0,2886.0,2886.0,2886.0,6.0,,,,,,,,,,0.6,297.7774,291.1108,285.8832,282.5416,281.2789,282.0458,284.6059,288.6128,293.6882,299.4842,305.7213,312.2021,318.8056,325.4716,332.1803,338.9332,345.7387,352.6021,359.5209,366.4831,293.89261879505165,375.1114710704713,917.2602,30.647399999999948,149.76120000000003,-30.95420000000001
2887,2887,2887.0,2887.0,2887.0,2887.0,2887.0,2887.0,2887.0,2887.0,2887.0,2887.0,2887.0,2887.0,2887.0,7.0,,,,,,,,,,0.7,293.048,292.3598,291.978,292.0391,292.6587,293.9247,295.8923,298.5817,301.9793,306.0424,310.7075,315.8982,321.5348,327.5401,333.8446,340.3883,347.1198,353.9956,360.9766,368.0268,175.25180509798938,374.859254829903,947.9076,38.09159999999997,119.11380000000008,-19.075300000000027
2888,2888,2888.0,2888.0,2888.0,2888.0,2888.0,2888.0,2888.0,2888.0,2888.0,2888.0,2888.0,2888.0,2888.0,8.0,,,,,,,,,,0.8,195.9641,215.8495,234.2034,250.5372,264.624,276.492,286.3739,294.6334,301.686,307.9346,313.7248,319.3238,324.9177,330.6213,336.4924,342.5485,348.7804,355.1629,361.6623,368.2409,351.59183744563364,374.9205283334216,985.9992,58.60889999999995,81.02220000000011,-36.50799999999998
2889,2889,2889.0,2889.0,2889.0,2889.0,2889.0,2889.0,2889.0,2889.0,2889.0,2889.0,2889.0,2889.0,2889.0,9.0,,,,,,,,,,0.9,337.2144,323.9431,312.7169,304.181,298.6271,296.0074,296.0079,298.1529,301.9119,306.7863,312.3633,318.3379,324.5094,330.7619,337.0402,343.3259,349.6185,355.9232,362.2434,368.5777,175.56565159254689,374.0893659862466,1044.6081,22.413300000000163,22.413300000000163,-16.99259999999998
2890,2890,2890.0,2890.0,2890.0,2890.0,2890.0,2890.0,2890.0,2890.0,2890.0,2890.0,2890.0,2890.0,2890.0,0.0,,,,,,,,,,0.0,273.0,273.0,273.0,273.0,273.0,273.0,273.0,273.0,273.0,273.0,273.0,273.0,273.0,273.0,273.0,273.0,273.0,273.0,273.0,273.0,355.0553023226837,370.790971734054,0.0,373.1131,1020.9805,-40.0
2891,2891,2891.0,2891.0,2891.0,2891.0,2891.0,2891.0,2891.0,2891.0,2891.0,2891.0,2891.0,2891.0,2891.0,1.0,,,,,,,,,,0.1,341.0721,327.7287,315.5788,305.0236,296.2805,289.3894,284.252,280.6903,278.511,277.5629,277.779,279.1982,281.9651,286.3054,292.4798,300.7194,311.1527,323.7386,338.2216,354.1253,223.7380985126718,371.00577831720494,373.1131,175.26950000000005,647.8674000000001,-23.610599999999977
2892,2892,2892.0,2892.0,2892.0,2892.0,2892.0,2892.0,2892.0,2892.0,2892.0,2892.0,2892.0,2892.0,2892.0,2.0,,,,,,,,,,0.2,236.3617,248.2237,258.69,267.3512,274.0696,278.9707,282.3896,284.7932,286.6982,288.6034,290.9431,294.0626,298.2111,303.5446,310.1332,317.9687,326.9721,336.9997,347.8511,359.2798,300.37025719430017,373.5462074125332,548.3826,120.29970000000004,472.5979,-34.02929999999998
2893,2893,2893.0,2893.0,2893.0,2893.0,2893.0,2893.0,2893.0,2893.0,2893.0,2893.0,2893.0,2893.0,2893.0,3.0,,,,,,,,,,0.3,295.7442,291.532,288.0865,285.6547,284.3591,284.2074,285.1241,286.9914,289.689,293.1217,297.2333,302.0058,307.448,313.5799,320.4153,327.9477,336.14,344.9195,354.1775,363.7741,294.84151470306534,372.5898255374991,668.6823,51.46589999999992,352.29819999999995,-28.7926
2894,2894,2894.0,2894.0,2894.0,2894.0,2894.0,2894.0,2894.0,2894.0,2894.0,2894.0,2894.0,2894.0,2894.0,4.0,,,,,,,,,,0.4,293.8052,292.883,292.1863,291.821,291.8843,292.4609,293.6207,295.4161,297.8816,301.034,304.874,309.3879,314.5491,320.3199,326.6521,333.4875,340.759,348.3908,356.2999,364.3973,177.06173318531114,372.1079282785532,720.1482,51.91650000000004,300.83230000000003,-20.53910000000002
2895,2895,2895.0,2895.0,2895.0,2895.0,2895.0,2895.0,2895.0,2895.0,2895.0,2895.0,2895.0,2895.0,2895.0,5.0,,,,,,,,,,0.5,197.1739,216.4557,234.1995,249.9157,263.379,274.6222,283.8873,291.5503,298.0437,303.7891,309.1523,314.4198,319.7944,325.4026,331.3087,337.5294,344.0475,350.8231,357.8016,364.9194,329.87867169177395,375.95306188473137,772.0647,75.85059999999999,248.9158,-38.37779999999998
2896,2896,2896.0,2896.0,2896.0,2896.0,2896.0,2896.0,2896.0,2896.0,2896.0,2896.0,2896.0,2896.0,2896.0,6.0,,,,,,,,,,0.6,318.9143,308.8766,300.5504,294.472,290.8793,289.7255,290.7427,293.5319,297.6548,302.7068,308.3623,314.3911,320.6532,327.0796,333.6487,340.3624,347.2278,354.2439,361.3944,368.6464,174.2577586799949,370.8553062610611,847.9153,40.66510000000005,173.0652,-23.27449999999999
2897,2897,2897.0,2897.0,2897.0,2897.0,2897.0,2897.0,2897.0,2897.0,2897.0,2897.0,2897.0,2897.0,2897.0,7.0,,,,,,,,,,0.7,195.4163,215.6616,234.2238,250.5853,264.5302,276.1312,285.6848,293.6195,300.4027,306.4659,312.1583,317.7279,323.326,329.025,334.8408,340.7564,346.7403,352.7607,358.7936,364.826,349.69947938108845,370.7290560337782,888.5804,61.87189999999998,132.40009999999995,-36.86880000000002
2898,2898,2898.0,2898.0,2898.0,2898.0,2898.0,2898.0,2898.0,2898.0,2898.0,2898.0,2898.0,2898.0,2898.0,8.0,,,,,,,,,,0.8,335.5553,322.4988,311.4533,303.0524,297.582,294.9941,294.9787,297.0669,300.7362,305.4946,310.9341,316.7515,322.7448,328.7954,334.8439,340.8685,346.8671,352.8457,358.812,364.7718,173.6971550968936,374.91926889448274,950.4523,26.161200000000008,70.52819999999997,-18.005899999999997
2899,2899,2899.0,2899.0,2899.0,2899.0,2899.0,2899.0,2899.0,2899.0,2899.0,2899.0,2899.0,2899.0,2899.0,9.0,,,,,,,,,,0.9,196.1424,217.5679,237.1151,254.208,268.6088,280.4025,289.9237,297.6542,304.1188,309.803,315.1026,320.3047,325.5938,331.0714,336.7791,342.7208,348.8775,355.2178,361.702,368.2853,372.72525056330335,370.7657602365949,976.6135,44.36699999999996,44.36699999999996,-32.597500000000025
2900,2900,2900.0,2900.0,2900.0,2900.0,2900.0,2900.0,2900.0,2900.0,2900.0,2900.0,2900.0,2900.0,2900.0,0.0,,,,,,,,,,0.0,273.0,273.0,273.0,273.0,273.0,273.0,273.0,273.0,273.0,273.0,273.0,273.0,273.0,273.0,273.0,273.0,273.0,273.0,273.0,273.0,357.6261082528263,371.4051529914089,0.0,372.3187,925.9369000000002,3.738200000000006
2901,2901,2901.0,2901.0,2901.0,2901.0,2901.0,2901.0,2901.0,2901.0,2901.0,2901.0,2901.0,2901.0,2901.0,1.0,,,,,,,,,,0.1,343.2047,329.4432,316.9124,306.026,297.008,289.8991,284.5971,280.9171,278.6574,277.6591,277.8483,279.2592,282.0333,286.3952,292.6053,300.895,311.393,324.0576,338.6314,354.6349,214.9971045208,374.1854408186182,372.3187,175.06940000000003,553.6182000000001,3.738200000000006
2902,2902,2902.0,2902.0,2902.0,2902.0,2902.0,2902.0,2902.0,2902.0,2902.0,2902.0,2902.0,2902.0,2902.0,2.0,,,,,,,,,,0.2,229.239,242.6388,254.4932,264.3445,272.0315,277.6804,281.6473,284.433,286.5946,288.6715,291.1354,294.3635,298.6317,304.1169,310.9055,319.0003,328.3277,338.7429,350.0379,361.9519,285.4223407878738,375.9048763827375,547.3881,129.93010000000004,378.5488,3.738200000000006
2903,2903,2903.0,2903.0,2903.0,2903.0,2903.0,2903.0,2903.0,2903.0,2903.0,2903.0,2903.0,2903.0,2903.0,3.0,,,,,,,,,,0.3,282.9759,280.8687,279.3879,278.73,278.9867,280.1553,282.1673,284.9255,288.3385,292.3438,296.9172,302.07,307.8354,314.2529,321.3504,329.1311,337.564,346.5797,356.0717,365.9008,275.81495058811106,374.3203497277747,677.3182,67.7349999999999,248.6187,3.738200000000006
2904,2904,2904.0,2904.0,2904.0,2904.0,2904.0,2904.0,2904.0,2904.0,2904.0,2904.0,2904.0,2904.0,2904.0,4.0,,,,,,,,,,0.4,277.1461,278.5294,280.0206,281.6811,283.5778,285.7805,288.3573,291.3695,294.8682,298.8908,303.4596,308.5822,314.2513,320.4459,327.1318,334.2632,341.7831,349.6253,357.716,365.9755,331.5256484811706,375.1557732280398,745.0532,31.21460000000002,180.8837000000001,3.738200000000006
2905,2905,2905.0,2905.0,2905.0,2905.0,2905.0,2905.0,2905.0,2905.0,2905.0,2905.0,2905.0,2905.0,2905.0,5.0,,,,,,,,,,0.5,323.9859,316.9361,310.8061,305.9192,302.468,300.5159,300.0185,300.8568,302.8732,305.9014,309.7874,314.3993,319.6299,325.3931,331.6173,338.2398,345.2006,352.4387,359.8899,367.4861,309.0677255403671,374.78079078755945,776.2678,9.528099999999997,149.66910000000007,3.738200000000006
2906,2906,2906.0,2906.0,2906.0,2906.0,2906.0,2906.0,2906.0,2906.0,2906.0,2906.0,2906.0,2906.0,2906.0,6.0,,,,,,,,,,0.6,308.6818,308.3231,308.0314,307.8668,307.9111,308.2621,309.0222,310.2858,312.1276,314.5955,317.7081,321.4557,325.8054,330.7067,336.0977,341.9094,348.0704,354.5085,361.1525,367.9328,331.49131133658403,370.4434177333856,785.7959,15.555900000000063,140.14100000000008,3.738200000000006
2907,2907,2907.0,2907.0,2907.0,2907.0,2907.0,2907.0,2907.0,2907.0,2907.0,2907.0,2907.0,2907.0,2907.0,7.0,,,,,,,,,,0.7,327.8627,324.4685,321.519,319.1811,317.5678,316.7382,316.7043,317.4429,318.9083,321.0424,323.7823,327.0631,330.8197,334.9863,339.4967,344.2859,349.2914,354.4561,359.73,365.0709,290.4598094096248,374.5804594144497,801.3518,27.23039999999992,124.5851,3.738200000000006
2908,2908,2908.0,2908.0,2908.0,2908.0,2908.0,2908.0,2908.0,2908.0,2908.0,2908.0,2908.0,2908.0,2908.0,8.0,,,,,,,,,,0.8,295.5367,300.4064,304.8999,308.9156,312.4316,315.5022,318.2399,320.7897,323.3039,325.9213,328.754,331.8828,335.3573,339.2005,343.4134,347.9795,352.8675,358.033,363.4196,368.9604,174.71539094422266,375.6397402978759,828.5822,23.2736000000001,97.3547000000001,3.738200000000006
2909,2909,2909.0,2909.0,2909.0,2909.0,2909.0,2909.0,2909.0,2909.0,2909.0,2909.0,2909.0,2909.0,2909.0,9.0,,,,,,,,,,0.9,198.4608,221.2657,242.3184,261.0357,277.1139,290.5265,301.4768,310.3237,317.5025,323.4555,328.5834,333.2184,337.6153,341.9554,346.3575,350.8894,355.5804,360.4299,365.4162,370.5019,172.5544497513967,370.0171287175546,851.8558,74.08109999999999,74.08109999999999,3.738200000000006
2910,2910,2910.0,2910.0,2910.0,2910.0,2910.0,2910.0,2910.0,2910.0,2910.0,2910.0,2910.0,2910.0,2910.0,0.0,,,,,,,,,,0.0,273.0,273.0,273.0,273.0,273.0,273.0,273.0,273.0,273.0,273.0,273.0,273.0,273.0,273.0,273.0,273.0,273.0,273.0,273.0,273.0,355.022311155216,370.31838041615975,0.0,373.3006,1062.8202,-40.0
2911,2911,2911.0,2911.0,2911.0,2911.0,2911.0,2911.0,2911.0,2911.0,2911.0,2911.0,2911.0,2911.0,2911.0,1.0,,,,,,,,,,0.1,341.0447,327.7067,315.5616,305.0106,296.2708,289.3821,284.2462,280.6847,278.5042,277.5528,277.7628,279.1722,281.9239,286.2422,292.3862,300.5857,310.9685,323.4935,337.9064,353.7333,222.19957689531472,375.9500684142323,373.3006,175.43560000000008,689.5196000000001,-23.61790000000002
2912,2912,2912.0,2912.0,2912.0,2912.0,2912.0,2912.0,2912.0,2912.0,2912.0,2912.0,2912.0,2912.0,2912.0,2.0,,,,,,,,,,0.2,235.0831,247.1932,257.8855,266.7435,273.6258,278.6581,282.1795,284.6634,286.6361,288.6082,291.028,294.2576,298.565,304.1263,311.0312,319.2878,328.8264,339.5027,351.1037,363.3578,291.5593783165368,370.3424534351607,548.7362,121.45539999999994,514.0840000000001,-34.34190000000001
2913,2913,2913.0,2913.0,2913.0,2913.0,2913.0,2913.0,2913.0,2913.0,2913.0,2913.0,2913.0,2913.0,2913.0,3.0,,,,,,,,,,0.3,288.3636,285.5222,283.3366,282.0171,281.6668,282.2916,283.8279,286.1786,289.2472,292.96,297.2759,302.1825,307.6853,313.792,320.4992,327.783,335.594,343.858,352.4797,361.3482,294.16658115503793,370.08095723254377,670.1916,58.12580000000003,392.6286000000001,-30.708399999999983
2914,2914,2914.0,2914.0,2914.0,2914.0,2914.0,2914.0,2914.0,2914.0,2914.0,2914.0,2914.0,2914.0,2914.0,4.0,,,,,,,,,,0.4,292.7914,291.5714,290.6516,290.1587,290.195,290.8359,292.1302,294.1029,296.7592,300.0889,304.0703,308.6733,313.8611,319.5912,325.8154,332.4795,339.5232,346.8799,354.4771,362.2378,182.26840374079265,370.9532581808592,728.3174,55.76030000000003,334.5028000000001,-22.16410000000002
2915,2915,2915.0,2915.0,2915.0,2915.0,2915.0,2915.0,2915.0,2915.0,2915.0,2915.0,2915.0,2915.0,2915.0,5.0,,,,,,,,,,0.5,201.2542,219.4639,236.2371,251.1182,263.8995,274.6156,283.4963,290.8962,297.2214,302.8666,308.1732,313.4085,318.7615,324.3507,330.2368,336.4366,342.9348,349.6938,356.6601,363.77,326.4176472817871,373.0831056188747,784.0777,76.9651,278.74250000000006,-38.38440000000003
2916,2916,2916.0,2916.0,2916.0,2916.0,2916.0,2916.0,2916.0,2916.0,2916.0,2916.0,2916.0,2916.0,2916.0,6.0,,,,,,,,,,0.6,316.1495,306.759,298.9907,293.3543,290.0773,289.1176,290.2235,293.0193,297.0908,302.0546,307.6003,313.5063,319.635,325.9152,332.3197,338.8446,345.4922,352.2598,359.1336,366.087,170.60378037980487,373.9433540612132,861.0428,46.26919999999996,201.77740000000009,-23.88240000000002
2917,2917,2917.0,2917.0,2917.0,2917.0,2917.0,2917.0,2917.0,2917.0,2917.0,2917.0,2917.0,2917.0,2917.0,7.0,,,,,,,,,,0.7,192.2075,212.882,231.8428,248.5604,262.8104,274.661,284.4085,292.4856,299.3682,305.5002,311.2474,316.878,322.567,328.4114,334.452,340.692,347.1132,353.6854,360.3731,367.1387,338.13863319942266,372.24395381076135,907.312,71.28819999999996,155.5082000000001,-38.339
2918,2918,2918.0,2918.0,2918.0,2918.0,2918.0,2918.0,2918.0,2918.0,2918.0,2918.0,2918.0,2918.0,2918.0,8.0,,,,,,,,,,0.8,325.6735,314.2283,304.6672,297.5813,293.2333,291.5717,292.3001,294.9745,299.1035,304.2276,309.9686,316.0485,322.2846,328.5713,334.8571,341.1236,347.3692,353.5988,359.8183,366.0323,175.95586986065706,370.5308146379163,978.6002,32.90989999999999,84.22000000000014,-21.42829999999998
2919,2919,2919.0,2919.0,2919.0,2919.0,2919.0,2919.0,2919.0,2919.0,2919.0,2919.0,2919.0,2919.0,2919.0,9.0,,,,,,,,,,0.9,197.289,217.6854,236.3565,252.7733,266.7174,278.2663,287.7262,295.5368,302.1753,308.0802,313.6041,318.9966,324.4096,329.9169,335.5377,341.2595,347.0561,352.8999,358.7687,364.6481,367.0123585542361,371.2992538955184,1011.5101,51.31010000000015,51.31010000000015,-34.7337
2920,2920,2920.0,2920.0,2920.0,2920.0,2920.0,2920.0,2920.0,2920.0,2920.0,2920.0,2920.0,2920.0,2920.0,0.0,,,,,,,,,,0.0,273.0,273.0,273.0,273.0,273.0,273.0,273.0,273.0,273.0,273.0,273.0,273.0,273.0,273.0,273.0,273.0,273.0,273.0,273.0,273.0,357.0263850274203,375.77697376559786,0.0,370.8052,933.7714,5.5260000000000105
2921,2921,2921.0,2921.0,2921.0,2921.0,2921.0,2921.0,2921.0,2921.0,2921.0,2921.0,2921.0,2921.0,2921.0,1.0,,,,,,,,,,0.1,342.7073,329.0435,316.602,305.7938,296.8416,289.7871,284.5303,280.8903,278.6717,277.7229,277.9804,279.4905,282.4094,286.9771,293.4696,302.131,313.0972,326.3253,341.5469,358.2615,219.7237773574992,370.3168868689291,370.8052,168.95690000000002,562.9662,5.5260000000000105
2922,2922,2922.0,2922.0,2922.0,2922.0,2922.0,2922.0,2922.0,2922.0,2922.0,2922.0,2922.0,2922.0,2922.0,2.0,,,,,,,,,,0.2,233.1373,245.7496,256.8933,266.1363,273.3311,278.6063,282.3096,284.9266,286.994,289.0278,291.4741,294.6825,298.8989,304.2697,310.851,318.6198,327.4854,337.2997,347.8677,358.9585,300.0440045045744,372.93617534374846,539.7621,120.12279999999998,394.0093,5.5260000000000105
2923,2923,2923.0,2923.0,2923.0,2923.0,2923.0,2923.0,2923.0,2923.0,2923.0,2923.0,2923.0,2923.0,2923.0,3.0,,,,,,,,,,0.3,295.3431,291.072,287.5967,285.1722,283.9223,283.8504,284.8717,286.8569,289.6732,293.2143,297.4147,302.2489,307.7211,313.8483,320.6433,328.1004,336.1848,344.8279,353.9266,363.3478,290.68689820082363,371.4499683629258,659.8849,52.52319999999997,273.8865,5.5260000000000105
2924,2924,2924.0,2924.0,2924.0,2924.0,2924.0,2924.0,2924.0,2924.0,2924.0,2924.0,2924.0,2924.0,2924.0,4.0,,,,,,,,,,0.4,290.3091,290.0184,289.9032,290.0525,290.5542,291.4916,292.9385,294.9549,297.5844,300.8523,304.7658,309.3158,314.4783,320.2166,326.483,333.22,340.3619,347.836,355.5642,363.4639,170.64810753622285,373.6623406082812,712.4081,58.65629999999999,221.3633,5.5260000000000105
2925,2925,2925.0,2925.0,2925.0,2925.0,2925.0,2925.0,2925.0,2925.0,2925.0,2925.0,2925.0,2925.0,2925.0,5.0,,,,,,,,,,0.5,191.628,211.7494,230.2801,246.7107,260.8035,272.5857,282.3001,290.329,297.1144,303.0901,308.6357,314.0525,319.5589,325.2969,331.3455,337.7341,344.4546,351.4713,358.7275,366.1517,321.9101990252948,375.4866465364292,771.0644,88.54489999999998,162.707,5.5260000000000105
2926,2926,2926.0,2926.0,2926.0,2926.0,2926.0,2926.0,2926.0,2926.0,2926.0,2926.0,2926.0,2926.0,2926.0,6.0,,,,,,,,,,0.6,311.8828,302.758,295.2993,290.0256,287.1631,286.6589,288.2442,291.5234,296.0639,301.4683,307.4178,313.6881,320.1431,326.7164,333.3872,340.1579,347.0369,354.026,361.1151,368.2803,318.3878565079591,370.0564134447672,859.6093,16.340400000000045,74.16210000000001,5.5260000000000105
2927,2927,2927.0,2927.0,2927.0,2927.0,2927.0,2927.0,2927.0,2927.0,2927.0,2927.0,2927.0,2927.0,2927.0,7.0,,,,,,,,,,0.7,314.3844,310.6391,307.3921,304.85,303.173,302.4673,302.7823,304.1134,306.4089,309.5801,313.513,318.0796,323.1485,328.5932,334.2994,340.1698,346.1274,352.118,358.109,364.0877,324.76348356057,372.4098998029971,875.9497,10.051799999999956,57.82169999999997,5.5260000000000105
2928,2928,2928.0,2928.0,2928.0,2928.0,2928.0,2928.0,2928.0,2928.0,2928.0,2928.0,2928.0,2928.0,2928.0,8.0,,,,,,,,,,0.8,321.7123,318.8486,316.3462,314.3542,312.9889,312.3302,312.4221,313.2765,314.8777,317.1897,320.1614,323.7326,327.8383,332.4127,337.391,342.711,348.3134,354.1406,360.1365,366.245,322.725533922962,374.8760593085502,886.0015,23.25360000000001,47.76990000000001,5.5260000000000105
2929,2929,2929.0,2929.0,2929.0,2929.0,2929.0,2929.0,2929.0,2929.0,2929.0,2929.0,2929.0,2929.0,2929.0,9.0,,,,,,,,,,0.9,321.5246,320.4133,319.4787,318.8038,318.4642,318.526,319.0435,320.0572,321.593,323.6628,326.2651,329.387,333.0061,337.0921,341.6081,346.511,351.7516,357.2739,363.0156,368.9075,174.5728490710324,373.3103142379043,909.2551,24.5163,24.5163,5.5260000000000105
2930,2930,2930.0,2930.0,2930.0,2930.0,2930.0,2930.0,2930.0,2930.0,2930.0,2930.0,2930.0,2930.0,2930.0,0.0,,,,,,,,,,0.0,273.0,273.0,273.0,273.0,273.0,273.0,273.0,273.0,273.0,273.0,273.0,273.0,273.0,273.0,273.0,273.0,273.0,273.0,273.0,273.0,356.2998488166847,373.748241827176,0.0,371.7208,1049.8871,-40.0
2931,2931,2931.0,2931.0,2931.0,2931.0,2931.0,2931.0,2931.0,2931.0,2931.0,2931.0,2931.0,2931.0,2931.0,1.0,,,,,,,,,,0.1,342.1046,328.5589,316.2248,305.5098,296.6347,289.6402,284.4271,280.8155,278.6104,277.6603,277.8999,279.3724,282.229,286.704,293.067,301.5567,312.306,325.2728,340.1939,356.5786,221.75522580480973,370.3507398269366,371.7208,171.35769999999997,678.1662999999999,-23.359800000000007
2932,2932,2932.0,2932.0,2932.0,2932.0,2932.0,2932.0,2932.0,2932.0,2932.0,2932.0,2932.0,2932.0,2932.0,2.0,,,,,,,,,,0.2,234.7832,247.0289,257.8406,266.7973,273.7564,278.8453,282.4062,284.9158,286.9015,288.8708,291.2633,294.4255,298.6032,303.9453,310.5124,318.2866,327.1813,337.0503,347.6969,358.8849,296.82006015217866,373.2389909090152,543.0785,120.99470000000008,506.8086,-34.15469999999999
2933,2933,2933.0,2933.0,2933.0,2933.0,2933.0,2933.0,2933.0,2933.0,2933.0,2933.0,2933.0,2933.0,2933.0,3.0,,,,,,,,,,0.3,292.7427,289.0604,286.1095,284.1243,283.2191,283.3985,284.5874,286.672,289.537,293.0935,297.2909,302.1163,307.5829,313.7142,320.5274,328.0189,336.1545,344.8647,354.0439,363.5553,292.94638327149914,373.2015388727072,664.0732,54.04829999999993,385.8138999999999,-29.601499999999987
2934,2934,2934.0,2934.0,2934.0,2934.0,2934.0,2934.0,2934.0,2934.0,2934.0,2934.0,2934.0,2934.0,2934.0,4.0,,,,,,,,,,0.4,292.0458,291.2641,290.7161,290.5087,290.7377,291.4841,292.8124,294.7693,297.3842,300.6705,304.6272,309.2411,314.4885,320.3356,326.7392,333.6464,340.9941,348.7095,356.7104,364.9064,174.1668966335024,370.338518722578,718.1215,56.04950000000008,331.76559999999995,-21.515899999999988
2935,2935,2935.0,2935.0,2935.0,2935.0,2935.0,2935.0,2935.0,2935.0,2935.0,2935.0,2935.0,2935.0,2935.0,5.0,,,,,,,,,,0.5,194.5994,214.1934,232.2345,248.2274,261.9434,273.4139,282.8805,290.72,297.3651,303.2373,308.7004,314.0376,319.4467,325.0484,330.9003,337.014,343.3699,349.9298,356.6458,363.4661,328.6856385352158,371.94954765579206,774.171,82.44999999999993,275.71609999999987,-39.58609999999999
2936,2936,2936.0,2936.0,2936.0,2936.0,2936.0,2936.0,2936.0,2936.0,2936.0,2936.0,2936.0,2936.0,2936.0,6.0,,,,,,,,,,0.6,317.6932,307.6366,299.308,293.2481,289.6952,288.5995,289.6865,292.5486,296.7374,301.8371,307.5109,313.5171,319.7046,325.994,332.3548,338.7834,345.2851,351.8633,358.5123,365.216,175.14560816143734,372.2263786677235,856.621,44.92750000000001,193.2661,-24.400500000000022
2937,2937,2937.0,2937.0,2937.0,2937.0,2937.0,2937.0,2937.0,2937.0,2937.0,2937.0,2937.0,2937.0,2937.0,7.0,,,,,,,,,,0.7,195.9625,215.883,234.1518,250.261,263.9994,275.4388,284.8706,292.7161,299.4351,305.4535,311.1184,316.6805,322.2993,328.0592,333.9913,340.0926,346.3423,352.7113,359.1684,365.6832,339.6165329804258,370.712161169317,901.5485,67.1404,148.33859999999993,-37.56119999999999
2938,2938,2938.0,2938.0,2938.0,2938.0,2938.0,2938.0,2938.0,2938.0,2938.0,2938.0,2938.0,2938.0,2938.0,8.0,,,,,,,,,,0.8,327.1047,315.6011,305.9611,298.7702,294.291,292.4757,293.0345,295.5309,299.4806,304.4293,310.0017,315.9202,322.001,328.1362,334.272,340.3875,346.4797,352.5527,358.6124,364.6641,175.89489598454014,372.72440290592976,968.6889,31.575000000000045,81.19819999999993,-20.524299999999982
2939,2939,2939.0,2939.0,2939.0,2939.0,2939.0,2939.0,2939.0,2939.0,2939.0,2939.0,2939.0,2939.0,2939.0,9.0,,,,,,,,,,0.9,197.3865,217.9272,236.7161,253.2155,267.2024,278.7543,288.1814,295.9304,302.4883,308.305,313.7458,319.0744,324.4579,329.9852,335.6899,341.5711,347.6089,353.7749,360.0377,366.365,372.2840238343978,375.22612595668136,1000.2639,49.62319999999988,49.62319999999988,-34.2457
2940,2940,2940.0,2940.0,2940.0,2940.0,2940.0,2940.0,2940.0,2940.0,2940.0,2940.0,2940.0,2940.0,0.0,,,,,,,,,,,0.0,273.0,273.0,273.0,273.0,273.0,273.0,273.0,273.0,273.0,273.0,273.0,273.0,273.0,273.0,273.0,273.0,273.0,273.0,273.0,273.0,373.5030674570356,370.8483925659983,0.0,369.5185,1276.7353,-40.0
2941,2941,2941.0,2941.0,2941.0,2941.0,2941.0,2941.0,2941.0,2941.0,2941.0,2941.0,2941.0,2941.0,1.0,,,,,,,,,,,0.1,356.3756,340.0314,325.1479,312.2155,301.4981,293.0406,286.7153,282.2921,279.515,278.1698,278.1334,279.3991,282.0771,286.3689,292.5193,300.7493,311.1815,323.7713,338.2612,354.1734,371.81878898098506,372.87361653358766,369.5185,152.4221,907.2168,-19.959400000000016
2942,2942,2942.0,2942.0,2942.0,2942.0,2942.0,2942.0,2942.0,2942.0,2942.0,2942.0,2942.0,2942.0,2.0,,,,,,,,,,,0.2,360.1178,348.7145,337.8926,327.9095,318.9874,311.3078,305.0113,300.1997,296.9425,295.2829,295.2438,296.8311,300.0342,304.8221,311.1371,318.8874,327.9392,338.1118,349.1773,360.8655,171.98045293596783,375.8685668525228,521.9406,62.74339999999995,754.7947,-1.692200000000014
2943,2943,2943.0,2943.0,2943.0,2943.0,2943.0,2943.0,2943.0,2943.0,2943.0,2943.0,2943.0,2943.0,3.0,,,,,,,,,,,0.3,196.9881,220.6479,241.8191,259.7276,274.0437,284.8714,292.6642,298.099,301.9429,304.9412,307.7394,310.844,314.6136,319.2695,324.9166,331.5656,339.1533,347.5584,356.6155,366.1259,371.61339502391047,373.2414123363752,584.684,47.91000000000008,692.0513000000001,-28.12860000000001
2944,2944,2944.0,2944.0,2944.0,2944.0,2944.0,2944.0,2944.0,2944.0,2944.0,2944.0,2944.0,2944.0,4.0,,,,,,,,,,,0.4,354.6555,338.8557,325.1946,314.3411,306.5926,301.8944,299.9222,300.1969,302.1985,305.4552,309.5953,314.3626,319.6035,325.2405,331.2397,337.5844,344.2543,351.2153,358.415,365.7842,290.1322683149631,371.1881449509483,632.594,10.444699999999898,644.1413,-11.10559999999998
2945,2945,2945.0,2945.0,2945.0,2945.0,2945.0,2945.0,2945.0,2945.0,2945.0,2945.0,2945.0,2945.0,5.0,,,,,,,,,,,0.5,294.0868,297.7848,301.0294,303.7266,305.9016,307.6859,309.2826,310.9224,312.821,315.1492,318.0169,321.473,325.5131,330.0945,335.1504,340.6025,346.3708,352.3793,358.5586,364.847,318.33880873279224,359.1394780377626,643.0387,9.277000000000044,633.6966000000001,-5.314099999999996
2946,2946,2946.0,2946.0,2946.0,2946.0,2946.0,2946.0,2946.0,2946.0,2946.0,2946.0,2946.0,2946.0,6.0,,,,,,,,,,,0.6,316.4274,314.713,313.3683,312.5241,312.2604,312.6077,313.5564,315.0693,317.0944,319.5733,322.4455,325.6488,329.118,332.7843,336.5766,340.4263,344.2743,348.0779,351.8172,355.4963,245.57690705703,179.5578514171769,652.3157,21.7192,624.4196000000001,-0.3922999999999774
2947,2947,2947.0,2947.0,2947.0,2947.0,2947.0,2947.0,2947.0,2947.0,2947.0,2947.0,2947.0,2947.0,7.0,,,,,,,,,,,0.7,257.4186,268.7749,279.2312,288.4967,296.4269,303.0118,308.3352,312.5151,315.6383,317.7001,318.5603,317.9199,315.3297,310.2318,302.0393,290.2474,274.5609,255.0118,232.0377,206.4893,172.84909186379645,213.96346136210985,674.0349,162.50620000000004,602.7004000000001,-9.988200000000006
2948,2948,2948.0,2948.0,2948.0,2948.0,2948.0,2948.0,2948.0,2948.0,2948.0,2948.0,2948.0,2948.0,8.0,,,,,,,,,,,0.8,193.8907,214.157,232.9561,249.7441,264.1578,276.0134,285.2755,292.0117,296.3441,298.4118,298.3491,296.28,292.3262,286.6204,279.319,270.6088,260.7057,249.8459,238.2745,226.2347,373.1157760969938,368.06956870415615,836.5411,292.10759999999993,440.1942,-36.98660000000001
2949,2949,2949.0,2949.0,2949.0,2949.0,2949.0,2949.0,2949.0,2949.0,2949.0,2949.0,2949.0,2949.0,9.0,,,,,,,,,,,0.9,354.3841,336.8396,321.4749,308.941,299.4798,292.9464,288.903,286.7565,285.9038,285.857,286.3309,287.2852,288.9203,291.6295,295.9141,302.2694,311.0594,322.402,336.0929,351.5898,174.83722443318666,370.1709403294254,1128.6487,148.0866000000001,148.0866000000001,-20.053600000000017
2950,2950,2950.0,2950.0,2950.0,2950.0,2950.0,2950.0,2950.0,2950.0,2950.0,2950.0,2950.0,2950.0,0.0,,,,,,,,,,,0.0,273.0,273.0,273.0,273.0,273.0,273.0,273.0,273.0,273.0,273.0,273.0,273.0,273.0,273.0,273.0,273.0,273.0,273.0,273.0,273.0,371.5922684035337,374.29427254725374,0.0,368.5398,898.3581,3.624000000000024
2951,2951,2951.0,2951.0,2951.0,2951.0,2951.0,2951.0,2951.0,2951.0,2951.0,2951.0,2951.0,2951.0,1.0,,,,,,,,,,,0.1,354.7905,338.7573,324.1573,311.4718,300.9603,292.6677,286.4706,282.1462,279.448,278.1729,278.21,279.566,282.3651,286.8232,293.1984,301.7225,312.5242,325.5585,340.5591,357.0319,370.4050979469419,373.4335536103972,368.5398,148.09429999999998,529.8183,3.624000000000024
2952,2952,2952.0,2952.0,2952.0,2952.0,2952.0,2952.0,2952.0,2952.0,2952.0,2952.0,2952.0,2952.0,2.0,,,,,,,,,,,0.2,358.8559,347.6041,336.9328,327.099,318.3243,310.7901,304.6365,299.9657,296.8476,295.3255,295.4216,297.1401,300.4665,305.3643,311.7695,319.5833,328.6666,338.8368,349.8683,361.4977,175.19550331149802,370.9018923183265,516.6341,60.42489999999998,381.7240000000001,3.624000000000024
2953,2953,2953.0,2953.0,2953.0,2953.0,2953.0,2953.0,2953.0,2953.0,2953.0,2953.0,2953.0,2953.0,3.0,,,,,,,,,,,0.3,199.5616,222.6153,243.2464,260.7022,274.6637,285.2345,292.858,298.1941,301.9881,304.9608,307.7317,310.7807,314.4392,318.9023,324.2511,330.4778,337.5092,345.2262,353.4787,362.0975,372.03779561162327,371.2377606758112,577.059,47.662700000000086,321.29910000000007,3.624000000000024
2954,2954,2954.0,2954.0,2954.0,2954.0,2954.0,2954.0,2954.0,2954.0,2954.0,2954.0,2954.0,2954.0,4.0,,,,,,,,,,,0.4,355.1286,339.3664,325.7222,314.8588,307.0714,302.3059,300.2411,300.4012,302.2694,305.3765,309.3522,313.9414,318.9932,324.4331,330.2329,336.3816,342.865,349.653,356.6947,363.9186,276.67705675891204,368.947829450905,624.7217,10.326799999999936,273.6364,3.624000000000024
2955,2955,2955.0,2955.0,2955.0,2955.0,2955.0,2955.0,2955.0,2955.0,2955.0,2955.0,2955.0,2955.0,5.0,,,,,,,,,,,0.5,282.9782,288.9113,294.1826,298.6282,302.2356,305.131,307.5386,309.728,311.9627,314.4615,317.3782,320.7971,324.7414,329.1881,334.0837,339.3586,344.9386,350.7509,356.729,362.8128,350.16319650174336,370.1145057863994,635.0485,13.356499999999984,263.30960000000005,3.624000000000024
2956,2956,2956.0,2956.0,2956.0,2956.0,2956.0,2956.0,2956.0,2956.0,2956.0,2956.0,2956.0,2956.0,6.0,,,,,,,,,,,0.6,342.1628,334.6711,328.1272,322.8486,319.005,316.624,315.619,315.8313,317.0721,319.1571,321.9274,325.2587,329.059,333.2623,337.8188,342.6865,347.8244,353.1883,358.7288,364.3907,170.557072181062,173.5682889843203,648.405,30.915500000000065,249.9531000000001,3.624000000000024
2957,2957,2957.0,2957.0,2957.0,2957.0,2957.0,2957.0,2957.0,2957.0,2957.0,2957.0,2957.0,2957.0,7.0,,,,,,,,,,,0.7,196.4602,221.1542,243.6072,263.0987,279.2809,292.1609,302.0139,309.2589,314.3232,317.5252,318.9907,318.6119,316.0542,310.8096,302.2944,289.982,273.552,253.0266,228.8599,201.9515,370.8604209245419,370.6330713886424,679.3205,106.66909999999996,219.0376,3.624000000000024
2958,2958,2958.0,2958.0,2958.0,2958.0,2958.0,2958.0,2958.0,2958.0,2958.0,2958.0,2958.0,2958.0,8.0,,,,,,,,,,,0.8,354.9804,340.2111,327.4748,317.3637,310.0746,305.4297,302.9671,302.0737,302.1258,302.6138,303.2317,303.9255,304.8976,306.5663,309.4833,314.217,321.2153,330.6763,342.4569,356.0482,175.1845046727801,362.02981026608126,785.9896,58.469299999999976,112.36850000000004,3.624000000000024
2959,2959,2959.0,2959.0,2959.0,2959.0,2959.0,2959.0,2959.0,2959.0,2959.0,2959.0,2959.0,2959.0,9.0,,,,,,,,,,,0.9,198.9121,221.4261,241.6973,259.0217,273.0876,283.9641,292.024,297.8336,302.0372,305.2639,308.0644,310.8815,314.0434,317.772,322.1965,327.3666,333.2653,339.8188,346.9062,354.3706,375.2909866346264,374.0311740904168,844.4589,53.899200000000064,53.899200000000064,3.624000000000024
2960,2960,2960.0,2960.0,2960.0,2960.0,2960.0,2960.0,2960.0,2960.0,2960.0,2960.0,2960.0,2960.0,0.0,,,,,,,,,,,0.0,273.0,273.0,273.0,273.0,273.0,273.0,273.0,273.0,273.0,273.0,273.0,273.0,273.0,273.0,273.0,273.0,273.0,273.0,273.0,273.0,372.686929869516,370.3063970434645,0.0,369.8608,1268.4736,2.377000000000009
2961,2961,2961.0,2961.0,2961.0,2961.0,2961.0,2961.0,2961.0,2961.0,2961.0,2961.0,2961.0,2961.0,1.0,,,,,,,,,,,0.1,355.6985,339.4871,324.7245,311.8972,301.2669,292.8783,286.6047,282.2181,279.4648,278.1327,278.1,279.3608,282.0253,286.2941,292.4108,300.5954,310.9699,323.4901,337.8997,353.7238,372.34832410090536,375.5697830436763,369.8608,152.7547,898.6128000000001,2.377000000000009
2962,2962,2962.0,2962.0,2962.0,2962.0,2962.0,2962.0,2962.0,2962.0,2962.0,2962.0,2962.0,2962.0,2.0,,,,,,,,,,,0.2,360.5158,348.9891,338.0586,327.9865,318.997,311.2712,304.9476,300.1257,296.8728,295.2319,295.2281,296.8723,300.1616,305.0749,311.565,319.5492,328.8995,339.4352,350.9215,363.074,172.9411996737881,374.9455671283222,522.6155,61.067300000000046,745.8581,2.377000000000009
2963,2963,2963.0,2963.0,2963.0,2963.0,2963.0,2963.0,2963.0,2963.0,2963.0,2963.0,2963.0,2963.0,3.0,,,,,,,,,,,0.3,197.7948,221.3071,242.3433,260.134,274.3532,285.1068,292.849,298.2558,302.0922,305.0995,307.9179,311.0462,314.8332,319.4888,325.1057,331.6838,339.1517,347.3855,356.2238,365.4785,372.0868917816119,372.1431872321656,583.6828,46.80319999999995,684.7908,2.377000000000009
2964,2964,2964.0,2964.0,2964.0,2964.0,2964.0,2964.0,2964.0,2964.0,2964.0,2964.0,2964.0,2964.0,4.0,,,,,,,,,,,0.4,355.1056,339.2816,325.5946,314.7132,306.9352,302.2064,300.2031,300.4461,302.4148,305.6361,309.7358,314.4545,319.635,325.1961,331.101,337.3307,343.8645,350.6692,357.6954,364.8786,282.3982128486154,371.1515328717009,630.486,10.06899999999996,637.9876,2.377000000000009
2965,2965,2965.0,2965.0,2965.0,2965.0,2965.0,2965.0,2965.0,2965.0,2965.0,2965.0,2965.0,2965.0,5.0,,,,,,,,,,,0.5,287.7234,292.7279,297.1592,300.8836,303.9048,306.3517,308.4401,310.4236,312.5456,315.0052,317.9384,321.4156,325.4502,330.0131,335.0478,340.4839,346.2462,352.2611,358.4593,364.7763,338.16264247639646,367.3946599424056,640.555,11.90820000000008,627.9186000000001,2.377000000000009
2966,2966,2966.0,2966.0,2966.0,2966.0,2966.0,2966.0,2966.0,2966.0,2966.0,2966.0,2966.0,2966.0,6.0,,,,,,,,,,,0.6,332.5143,327.2543,322.7194,319.1552,316.6978,315.377,315.1373,315.8685,317.436,319.7057,322.558,325.8935,329.6319,333.7068,338.0608,342.6415,347.4005,352.2929,357.2787,362.3228,240.44892803758404,173.8523072344458,652.4632,26.084999999999923,616.0104,2.377000000000009
2967,2967,2967.0,2967.0,2967.0,2967.0,2967.0,2967.0,2967.0,2967.0,2967.0,2967.0,2967.0,2967.0,7.0,,,,,,,,,,,0.7,254.0029,266.9439,278.7518,289.0687,297.7286,304.7429,310.2481,314.431,317.4469,319.3469,320.0241,319.1881,316.3733,310.9867,302.3956,290.0489,273.6161,253.1153,228.9976,202.1571,172.61788156041095,215.0705807598888,678.5482,157.03560000000004,589.9254000000001,2.377000000000009
2968,2968,2968.0,2968.0,2968.0,2968.0,2968.0,2968.0,2968.0,2968.0,2968.0,2968.0,2968.0,2968.0,8.0,,,,,,,,,,,0.8,193.8221,214.2541,233.2227,250.1807,264.7574,276.758,286.1354,292.9463,297.3057,299.3506,299.2194,297.0469,292.971,287.1456,279.7498,270.9925,261.1065,250.3363,238.9238,227.0978,372.34929723910847,363.9481243012854,835.5838,285.21320000000003,432.8898,2.377000000000009
2969,2969,2969.0,2969.0,2969.0,2969.0,2969.0,2969.0,2969.0,2969.0,2969.0,2969.0,2969.0,2969.0,9.0,,,,,,,,,,,0.9,353.8486,336.5273,321.371,309.0242,299.7243,293.3227,289.3791,287.2985,286.4756,286.4197,286.8408,287.6915,289.1627,291.6362,295.6008,301.5416,309.8166,320.5459,333.5367,348.2684,175.3425374244865,374.9615618048099,1120.797,147.6766,147.6766,2.377000000000009
2970,2970,2970.0,2970.0,2970.0,2970.0,2970.0,2970.0,2970.0,2970.0,2970.0,2970.0,2970.0,2970.0,0.0,,,,,,,,,,,0.0,273.0,273.0,273.0,273.0,273.0,273.0,273.0,273.0,273.0,273.0,273.0,273.0,273.0,273.0,273.0,273.0,273.0,273.0,273.0,273.0,370.5805217967159,374.5151868446464,0.0,368.6318,1261.0752,0.4146000000000072
2971,2971,2971.0,2971.0,2971.0,2971.0,2971.0,2971.0,2971.0,2971.0,2971.0,2971.0,2971.0,2971.0,1.0,,,,,,,,,,,0.1,353.9512,338.0826,323.6325,311.0774,300.6743,292.4678,286.3362,282.0597,279.3954,278.1439,278.1979,279.5672,282.3784,286.8496,293.2405,301.7842,312.61,325.6729,340.7063,357.2152,373.2797239174934,371.8742328892265,368.6318,148.71810000000005,892.4434,0.4146000000000072
2972,2972,2972.0,2972.0,2972.0,2972.0,2972.0,2972.0,2972.0,2972.0,2972.0,2972.0,2972.0,2972.0,2.0,,,,,,,,,,,0.2,361.1908,349.4266,338.2939,328.0663,318.9731,311.1955,304.8665,300.0765,296.8812,295.3094,295.3696,297.0532,300.3346,305.1676,311.4796,319.1659,328.0838,338.0509,348.8458,360.2136,174.7145341864486,373.79689666216825,517.3499,61.36329999999998,743.7253,0.4146000000000072
2973,2973,2973.0,2973.0,2973.0,2973.0,2973.0,2973.0,2973.0,2973.0,2973.0,2973.0,2973.0,2973.0,3.0,,,,,,,,,,,0.3,199.2815,222.5187,243.3019,260.869,274.8978,285.4943,293.1093,298.4126,302.1615,305.0888,307.827,310.8689,314.5597,319.1088,324.6111,331.0702,338.4198,346.54,355.2714,364.426,373.94958962135297,375.3116686862409,578.7132,46.353200000000015,682.362,0.4146000000000072
2974,2974,2974.0,2974.0,2974.0,2974.0,2974.0,2974.0,2974.0,2974.0,2974.0,2974.0,2974.0,2974.0,4.0,,,,,,,,,,,0.4,356.7391,340.6902,326.7869,315.7011,307.7333,302.8312,300.6722,300.7787,302.6323,305.7632,309.8033,314.5015,319.7121,325.3672,331.4435,337.9337,344.8235,352.0784,359.6382,367.4175,285.26954285588783,372.52911390012633,625.0664,10.536899999999946,636.0088,0.4146000000000072
2975,2975,2975.0,2975.0,2975.0,2975.0,2975.0,2975.0,2975.0,2975.0,2975.0,2975.0,2975.0,2975.0,5.0,,,,,,,,,,,0.5,290.2318,294.8845,298.9854,302.4087,305.1642,307.3846,309.2874,311.1264,313.1449,315.5406,318.4478,321.9343,326.0099,330.6406,335.7641,341.3033,347.1768,353.3056,359.6168,366.0446,324.11062035603965,361.2779742872572,635.6033,9.772600000000011,625.4719,0.4146000000000072
2976,2976,2976.0,2976.0,2976.0,2976.0,2976.0,2976.0,2976.0,2976.0,2976.0,2976.0,2976.0,2976.0,6.0,,,,,,,,,,,0.6,321.0691,318.29,316.0018,314.3735,313.5019,313.4146,314.0834,315.4435,317.4121,319.9028,322.8327,326.1241,329.7032,333.4978,337.4367,341.4528,345.4881,349.5,353.4663,357.3863,234.285960164936,181.6284679859781,645.3759,21.33280000000002,615.6993,0.4146000000000072
2977,2977,2977.0,2977.0,2977.0,2977.0,2977.0,2977.0,2977.0,2977.0,2977.0,2977.0,2977.0,2977.0,7.0,,,,,,,,,,,0.7,248.3036,261.7242,274.0385,284.8902,294.1047,301.676,307.7187,312.3991,315.8582,318.1438,319.1596,318.6407,316.1611,311.1774,303.1102,291.4575,275.9242,256.5409,233.7421,208.3754,171.40840366665478,216.69607855519035,666.7087,160.14779999999996,594.3665,0.4146000000000072
2978,2978,2978.0,2978.0,2978.0,2978.0,2978.0,2978.0,2978.0,2978.0,2978.0,2978.0,2978.0,2978.0,8.0,,,,,,,,,,,0.8,192.2686,212.3942,231.1262,247.9401,262.4768,274.5419,284.0796,291.1321,295.7973,298.1949,298.4461,296.6696,292.9875,287.5373,280.4823,272.0166,262.3622,251.7593,240.454,228.6885,372.3214547929208,371.164691528105,826.8565,289.60939999999994,434.2187,0.4146000000000072
2979,2979,2979.0,2979.0,2979.0,2979.0,2979.0,2979.0,2979.0,2979.0,2979.0,2979.0,2979.0,2979.0,9.0,,,,,,,,,,,0.9,353.5101,335.9002,320.4968,307.9605,298.5392,292.0901,288.1738,286.1931,285.5391,285.7174,286.4367,287.6518,289.559,292.5497,297.1239,303.7765,312.8715,324.5267,338.5368,354.358,173.17997387087692,371.8623664416335,1116.4659,144.60930000000008,144.60930000000008,0.4146000000000072
2980,2980,2980.0,2980.0,2980.0,2980.0,2980.0,2980.0,2980.0,2980.0,2980.0,2980.0,2980.0,2980.0,0.0,,,,,,,,,,,0.0,273.0,273.0,273.0,273.0,273.0,273.0,273.0,273.0,273.0,273.0,273.0,273.0,273.0,273.0,273.0,273.0,273.0,273.0,273.0,273.0,374.1432949687091,371.8982528607692,0.0,369.0151,1009.1899,4.117799999999988
2981,2981,2981.0,2981.0,2981.0,2981.0,2981.0,2981.0,2981.0,2981.0,2981.0,2981.0,2981.0,2981.0,1.0,,,,,,,,,,,0.1,356.9067,340.4584,325.4802,312.4655,301.68,293.1689,286.804,282.3538,279.5611,278.2109,278.1801,279.463,282.1719,286.511,292.728,301.0467,311.591,324.316,338.9614,355.0444,373.556121482475,373.5237511814743,369.0151,151.19389999999993,640.1748,4.117799999999988
2982,2982,2982.0,2982.0,2982.0,2982.0,2982.0,2982.0,2982.0,2982.0,2982.0,2982.0,2982.0,2982.0,2.0,,,,,,,,,,,0.2,361.5925,349.9371,338.8832,328.6953,319.5999,311.7804,305.3764,300.4876,297.1802,295.4939,295.4482,297.0457,300.2727,305.0957,311.4544,319.2546,328.3603,338.5892,349.7122,361.458,171.08254211066497,374.3090827986271,520.209,61.87650000000008,488.9809,4.117799999999988
2983,2983,2983.0,2983.0,2983.0,2983.0,2983.0,2983.0,2983.0,2983.0,2983.0,2983.0,2983.0,2983.0,3.0,,,,,,,,,,,0.3,196.35,220.2534,241.6389,259.7229,274.1722,285.092,292.9405,298.4017,302.2496,305.2347,308.0053,311.0674,314.7757,319.3458,324.8752,331.3681,338.7566,346.9192,355.6947,364.8938,374.20296236983626,373.1279091258396,582.0855,47.39369999999997,427.1044,4.117799999999988
2984,2984,2984.0,2984.0,2984.0,2984.0,2984.0,2984.0,2984.0,2984.0,2984.0,2984.0,2984.0,2984.0,4.0,,,,,,,,,,,0.4,356.8139,340.6049,326.5749,315.4051,307.3985,302.4988,300.3746,300.5365,302.453,305.6421,309.724,314.437,319.6257,325.2129,331.1675,337.4758,344.121,351.0705,358.2717,365.6529,281.193047034412,374.4936764740719,629.4792,10.39560000000006,379.7107,4.117799999999988
2985,2985,2985.0,2985.0,2985.0,2985.0,2985.0,2985.0,2985.0,2985.0,2985.0,2985.0,2985.0,2985.0,5.0,,,,,,,,,,,0.5,286.8113,292.0903,296.7619,300.682,303.8509,306.4,308.5531,310.575,312.7223,315.2077,318.1804,321.7236,325.8628,330.5799,335.828,341.5433,347.6535,354.0823,360.7517,367.5822,346.70133806893693,369.6370835083528,639.8748,13.951599999999983,369.3150999999999,4.117799999999988
2986,2986,2986.0,2986.0,2986.0,2986.0,2986.0,2986.0,2986.0,2986.0,2986.0,2986.0,2986.0,2986.0,6.0,,,,,,,,,,,0.6,339.5824,332.9232,327.122,322.469,319.1234,317.1178,316.3829,316.7842,318.158,320.3414,323.1895,326.5824,330.4237,334.635,339.1494,343.9075,348.8546,353.9414,359.1244,364.3668,273.6197327752535,270.5251547635235,653.8264,21.30110000000002,355.3635,4.117799999999988
2987,2987,2987.0,2987.0,2987.0,2987.0,2987.0,2987.0,2987.0,2987.0,2987.0,2987.0,2987.0,2987.0,7.0,,,,,,,,,,,0.7,281.9647,289.9159,297.1455,303.4406,308.7237,313.0418,316.5295,319.3571,321.6759,323.5708,325.0275,325.918,326.0074,324.9819,322.498,318.2485,312.0371,303.8452,293.8768,282.5636,273.86214388277705,271.7814056614904,675.1275,28.030199999999923,334.0623999999999,4.117799999999988
2988,2988,2988.0,2988.0,2988.0,2988.0,2988.0,2988.0,2988.0,2988.0,2988.0,2988.0,2988.0,2988.0,8.0,,,,,,,,,,,0.8,279.8361,285.6803,291.2707,296.4947,301.2532,305.4615,309.0475,311.9478,314.1042,315.4603,315.9603,315.5508,314.1855,311.8327,308.4847,304.1661,298.9417,292.9204,286.2547,279.1352,245.368248028846,188.1986252183414,703.1577,99.0946,306.0322,4.117799999999988
2989,2989,2989.0,2989.0,2989.0,2989.0,2989.0,2989.0,2989.0,2989.0,2989.0,2989.0,2989.0,2989.0,9.0,,,,,,,,,,,0.9,255.0028,264.3164,273.019,280.8757,287.7175,293.4386,297.9815,301.3135,303.4004,304.1825,303.5556,301.3629,297.3983,291.4273,283.2228,272.6167,259.5577,244.1649,226.7612,207.8742,373.2682082696701,372.2160449761407,802.2523,206.9376,206.9376,4.117799999999988
2990,2990,2990.0,2990.0,2990.0,2990.0,2990.0,2990.0,2990.0,2990.0,2990.0,2990.0,2990.0,2990.0,0.0,,,,,,,,,,,0.0,273.0,273.0,273.0,273.0,273.0,273.0,273.0,273.0,273.0,273.0,273.0,273.0,273.0,273.0,273.0,273.0,273.0,273.0,273.0,273.0,374.4661993176887,373.4035568520558,0.0,368.3949,1253.8523,1.2744000000000142
2991,2991,2991.0,2991.0,2991.0,2991.0,2991.0,2991.0,2991.0,2991.0,2991.0,2991.0,2991.0,2991.0,1.0,,,,,,,,,,,0.1,357.1746,340.6739,325.6479,312.5919,301.7724,293.2352,286.8517,282.3905,279.5948,278.2503,278.2357,279.5484,282.3045,286.713,293.0265,301.4727,312.178,325.0969,339.9653,356.2931,373.9842616933781,370.9811941312007,368.3949,149.8737,885.4574,1.2744000000000142
2992,2992,2992.0,2992.0,2992.0,2992.0,2992.0,2992.0,2992.0,2992.0,2992.0,2992.0,2992.0,2992.0,2.0,,,,,,,,,,,0.2,361.966,350.2582,339.1559,328.9254,319.7944,311.9468,305.5222,300.6193,297.3017,295.6051,295.5424,297.1076,300.2755,304.9995,311.2057,318.7881,327.6031,337.4674,348.1594,359.4239,171.79265035424922,373.9346508835226,518.2686,62.67420000000004,735.5837,1.2744000000000142
2993,2993,2993.0,2993.0,2993.0,2993.0,2993.0,2993.0,2993.0,2993.0,2993.0,2993.0,2993.0,2993.0,3.0,,,,,,,,,,,0.3,196.9711,220.7882,242.092,260.1004,274.4805,285.3367,293.1256,298.529,302.3185,305.2425,307.9482,310.9418,314.58,319.0818,324.5496,330.9928,338.3479,346.496,355.2752,364.4927,371.3607511197697,373.4036772755204,580.9428,47.31479999999999,672.9095,1.2744000000000142
2994,2994,2994.0,2994.0,2994.0,2994.0,2994.0,2994.0,2994.0,2994.0,2994.0,2994.0,2994.0,2994.0,4.0,,,,,,,,,,,0.4,354.5014,338.7951,325.2172,314.4325,306.7351,302.0682,300.1063,300.3704,302.342,305.5523,309.6338,314.3359,319.5125,325.094,331.0551,337.3863,344.0731,351.0831,358.3615,365.8323,288.098515091066,372.2584243909042,628.2576,10.494699999999966,625.5947,1.2744000000000142
2995,2995,2995.0,2995.0,2995.0,2995.0,2995.0,2995.0,2995.0,2995.0,2995.0,2995.0,2995.0,2995.0,5.0,,,,,,,,,,,0.5,292.4143,296.4571,300.0158,302.9857,305.386,307.3471,309.075,310.8063,312.7649,315.1308,318.0236,321.5014,325.5692,330.192,335.3102,340.8505,346.7358,352.8897,359.2398,365.7176,328.13082343212767,366.1938182847406,638.7523,11.162500000000025,615.1,1.2744000000000142
2996,2996,2996.0,2996.0,2996.0,2996.0,2996.0,2996.0,2996.0,2996.0,2996.0,2996.0,2996.0,2996.0,6.0,,,,,,,,,,,0.6,324.459,321.0703,318.2118,316.0673,314.7439,314.2744,314.6319,315.7505,317.5453,319.9289,322.8197,326.1456,329.8415,333.8474,338.1054,342.5594,347.1568,351.8515,356.606,361.3931,234.38760422566097,178.38413508948625,649.9148,22.408999999999992,603.9375,1.2744000000000142
2997,2997,2997.0,2997.0,2997.0,2997.0,2997.0,2997.0,2997.0,2997.0,2997.0,2997.0,2997.0,2997.0,7.0,,,,,,,,,,,0.7,248.5973,262.1904,274.6414,285.5844,294.8431,302.4171,308.4319,313.0664,316.4734,318.7078,319.6739,319.0993,316.5422,311.4368,303.178,291.239,275.3062,255.4036,231.9747,205.8927,174.23879443347707,218.91301516480823,672.3238,156.10839999999996,581.5285,1.2744000000000142
2998,2998,2998.0,2998.0,2998.0,2998.0,2998.0,2998.0,2998.0,2998.0,2998.0,2998.0,2998.0,2998.0,8.0,,,,,,,,,,,0.8,194.7223,214.4876,232.8895,249.413,263.7028,275.5635,284.9344,291.8507,296.4035,298.7071,298.8815,297.0481,293.3365,287.8954,280.9019,272.5632,263.1108,252.7874,241.8324,230.4714,373.9536208998452,367.1224063604709,828.4322,281.06680000000006,425.4201000000001,1.2744000000000142
2999,2999,2999.0,2999.0,2999.0,2999.0,2999.0,2999.0,2999.0,2999.0,2999.0,2999.0,2999.0,2999.0,9.0,,,,,,,,,,,0.9,355.0693,337.3827,321.8961,309.2686,299.7488,293.1955,289.1723,287.084,286.3222,286.3903,286.9908,288.0675,289.8016,292.5657,296.8399,303.1012,311.7016,322.7565,336.0709,351.1235,170.35156563499842,370.311065786237,1109.499,144.3533,144.3533,1.2744000000000142
3000,3000,3000.0,3000.0,3000.0,3000.0,3000.0,3000.0,3000.0,3000.0,3000.0,3000.0,3000.0,0.0,,,,,,,,,,,,0.0,273.0,273.0,273.0,273.0,273.0,273.0,273.0,273.0,273.0,273.0,273.0,273.0,273.0,273.0,273.0,273.0,273.0,273.0,273.0,273.0,372.1821943756424,375.34678235884473,0.0,368.0466,1823.1531,-40.0
3001,3001,3001.0,3001.0,3001.0,3001.0,3001.0,3001.0,3001.0,3001.0,3001.0,3001.0,3001.0,1.0,,,,,,,,,,,,0.1,355.2799,339.1508,324.4635,311.7021,301.1279,292.7861,286.5526,282.2035,279.4914,278.2124,278.2558,279.6296,282.4599,286.9655,293.4076,302.0206,312.9348,326.1045,341.261,357.9051,363.029008407668,372.10116731285336,368.0466,145.93780000000004,1455.1065,-20.213900000000024
3002,3002,3002.0,3002.0,3002.0,3002.0,3002.0,3002.0,3002.0,3002.0,3002.0,3002.0,3002.0,2.0,,,,,,,,,,,,0.2,352.768,342.7442,333.1893,324.3235,316.3496,309.4477,303.771,299.4442,296.5627,295.1948,295.3832,297.1466,300.4783,305.3445,311.6799,319.3827,328.3116,338.2845,349.0804,360.4453,309.6451732186246,174.4276938026317,513.9844,102.0485,1309.1686999999995,-3.5523000000000025
3003,3003,3003.0,3003.0,3003.0,3003.0,3003.0,3003.0,3003.0,3003.0,3003.0,3003.0,3003.0,3.0,,,,,,,,,,,,0.3,310.7413,311.603,312.0463,311.9755,311.3964,310.4037,309.1457,307.7722,306.3766,304.9415,303.2949,301.0875,297.7976,292.7735,285.3149,274.7912,260.7786,243.1899,222.3605,199.0623,173.06015644717945,373.93817874105616,616.0329,202.7246,1207.1201999999998,-2.596299999999985
3004,3004,3004.0,3004.0,3004.0,3004.0,3004.0,3004.0,3004.0,3004.0,3004.0,3004.0,3004.0,4.0,,,,,,,,,,,,0.4,196.2578,218.3308,238.3018,255.4558,269.3987,280.0556,287.6221,292.4899,295.1742,296.2598,296.3739,296.1801,296.3784,297.6927,300.8292,306.4015,314.8289,326.2325,340.3619,356.582,210.89257284059508,374.0710090491958,818.7575,196.0453,1004.3956,-32.94439999999997
3005,3005,3005.0,3005.0,3005.0,3005.0,3005.0,3005.0,3005.0,3005.0,3005.0,3005.0,3005.0,5.0,,,,,,,,,,,,0.5,220.4021,229.8104,239.0079,247.874,256.2847,264.1295,271.3335,277.8791,283.8201,289.2864,294.4749,299.6308,305.0204,310.9003,317.4871,324.9313,333.298,342.5575,352.5865,363.1796,248.4805559038475,375.9704070963675,1014.8028,189.98289999999983,808.3503,-48.87049999999999
3006,3006,3006.0,3006.0,3006.0,3006.0,3006.0,3006.0,3006.0,3006.0,3006.0,3006.0,3006.0,6.0,,,,,,,,,,,,0.6,250.5566,252.8555,255.565,258.8125,262.6538,267.0783,272.0272,277.4184,283.1703,289.2209,295.5373,302.1171,308.9817,316.1658,323.7047,331.6216,339.9188,348.5703,357.5211,366.6887,223.21298302875024,372.1987333535475,1204.7857,154.71600000000012,618.3674000000001,-45.92169999999999
3007,3007,3007.0,3007.0,3007.0,3007.0,3007.0,3007.0,3007.0,3007.0,3007.0,3007.0,3007.0,7.0,,,,,,,,,,,,0.7,230.961,238.5895,246.0013,253.1383,259.9888,266.5856,272.9946,279.3007,285.5927,291.9506,298.4377,305.097,311.9512,319.0045,326.2463,333.6555,341.2043,348.8624,356.5993,364.3868,242.00067713734305,370.4904771432701,1359.5017,149.1398999999999,463.6514,-46.4144
3008,3008,3008.0,3008.0,3008.0,3008.0,3008.0,3008.0,3008.0,3008.0,3008.0,3008.0,3008.0,8.0,,,,,,,,,,,,0.8,245.94,250.0025,254.2943,258.8921,263.8368,269.135,274.7665,280.6942,286.8748,293.266,299.8317,306.5426,313.3759,320.3127,327.3366,334.4319,341.5836,348.7774,356.0003,363.2411,202.6863499340737,374.79743178223225,1508.6416,147.39990000000012,314.51150000000007,-43.86500000000001
3009,3009,3009.0,3009.0,3009.0,3009.0,3009.0,3009.0,3009.0,3009.0,3009.0,3009.0,3009.0,9.0,,,,,,,,,,,,0.9,214.1254,225.3054,236.0062,246.0766,255.4487,264.1352,272.2138,279.8028,287.0375,294.049,300.9523,307.8391,314.7784,321.8182,328.9893,336.308,343.7772,351.3876,359.1176,366.9346,236.63348300745488,375.5324881342119,1656.0415,167.11159999999995,167.11159999999995,-48.8648
3010,3010,3010.0,3010.0,3010.0,3010.0,3010.0,3010.0,3010.0,3010.0,3010.0,3010.0,3010.0,0.0,,,,,,,,,,,,0.0,273.0,273.0,273.0,273.0,273.0,273.0,273.0,273.0,273.0,273.0,273.0,273.0,273.0,273.0,273.0,273.0,273.0,273.0,273.0,273.0,371.9176318196011,373.5341851440447,0.0,368.7692,1392.5867,3.290200000000027
3011,3011,3011.0,3011.0,3011.0,3011.0,3011.0,3011.0,3011.0,3011.0,3011.0,3011.0,3011.0,1.0,,,,,,,,,,,,0.1,355.0604,338.9742,324.326,311.5984,301.0517,292.7309,286.5118,282.1701,279.4576,278.1691,278.1913,279.5282,282.301,286.7227,293.0484,301.5077,312.228,325.1642,340.0522,356.4014,359.822039717054,375.1637264351384,368.7692,147.21779999999995,1023.8175,3.290200000000027
3012,3012,3012.0,3012.0,3012.0,3012.0,3012.0,3012.0,3012.0,3012.0,3012.0,3012.0,3012.0,2.0,,,,,,,,,,,,0.2,350.0916,340.5744,331.481,323.0163,315.3747,308.735,303.2552,299.0691,296.2846,294.9845,295.2278,297.0504,300.4647,305.4563,311.9782,319.9446,329.2241,339.6361,350.951,362.8956,303.98211225589193,181.49191868630203,515.987,95.83490000000006,876.5997000000001,3.290200000000027
3013,3013,3013.0,3013.0,3013.0,3013.0,3013.0,3013.0,3013.0,3013.0,3013.0,3013.0,3013.0,3.0,,,,,,,,,,,,0.3,305.8744,307.5051,308.6667,309.2459,309.2386,308.738,307.8983,306.8815,305.7984,304.6521,303.2938,301.3989,298.471,293.8827,286.9553,277.0744,263.8243,247.115,227.2675,205.0276,174.32373386314734,373.076933994031,611.8219,193.7624,780.7648,3.290200000000027
3014,3014,3014.0,3014.0,3014.0,3014.0,3014.0,3014.0,3014.0,3014.0,3014.0,3014.0,3014.0,4.0,,,,,,,,,,,,0.4,196.966,218.5288,238.0736,254.9124,268.6642,279.2538,286.8652,291.8714,294.7646,296.1051,296.495,296.5722,297.01,298.505,301.7369,307.2963,315.5873,326.7279,340.4794,356.2339,209.11481844031653,370.9623712184244,805.5843,197.5576,587.0024000000001,3.290200000000027
3015,3015,3015.0,3015.0,3015.0,3015.0,3015.0,3015.0,3015.0,3015.0,3015.0,3015.0,3015.0,5.0,,,,,,,,,,,,0.5,218.8644,228.5034,237.9145,246.973,255.5544,263.5501,270.8887,277.555,283.6031,289.1591,294.4123,299.5963,304.9629,310.7535,317.1706,324.3542,332.3652,341.1773,350.6795,360.6874,370.0595179235209,371.17591842250334,1003.1419,142.96529999999996,389.4448000000001,3.290200000000027
3016,3016,3016.0,3016.0,3016.0,3016.0,3016.0,3016.0,3016.0,3016.0,3016.0,3016.0,3016.0,6.0,,,,,,,,,,,,0.6,351.2961,333.7111,318.317,305.8326,296.6219,290.7032,287.8173,287.5285,289.33,292.7314,297.3162,302.7675,308.8668,315.4774,322.5195,329.9443,337.7136,345.7845,354.1013,362.5931,375.6901219476008,372.25124383724767,1146.1072,37.14480000000003,246.4795000000001,3.290200000000027
3017,3017,3017.0,3017.0,3017.0,3017.0,3017.0,3017.0,3017.0,3017.0,3017.0,3017.0,3017.0,7.0,,,,,,,,,,,,0.7,363.4055,351.5798,340.6376,330.9402,322.764,316.2902,311.6045,308.7063,307.5239,307.9327,309.7753,312.8778,317.0641,322.1659,328.0283,334.5117,341.4914,348.8553,356.5004,364.3301,270.3618024437272,270.31042529839647,1183.252,31.44409999999993,209.3347000000001,3.290200000000027
3018,3018,3018.0,3018.0,3018.0,3018.0,3018.0,3018.0,3018.0,3018.0,3018.0,3018.0,3018.0,8.0,,,,,,,,,,,,0.8,279.6371,288.3382,295.9909,302.2954,307.1589,310.682,313.1059,314.7376,315.8718,316.7229,317.3783,317.778,317.72,316.8926,314.93,311.486,306.3155,299.348,290.7365,280.8655,273.6558375220878,273.4274700106686,1214.6961,48.71770000000015,177.89060000000018,3.290200000000027
3019,3019,3019.0,3019.0,3019.0,3019.0,3019.0,3019.0,3019.0,3019.0,3019.0,3019.0,3019.0,9.0,,,,,,,,,,,,0.9,279.1436,284.4934,289.5752,294.273,298.4893,302.1472,305.1889,307.5728,309.2679,310.2492,310.4933,309.9775,308.6821,306.5947,303.718,300.077,295.7257,290.7513,285.2736,279.442,318.12035884371875,178.60475969452204,1263.4138,129.17290000000003,129.17290000000003,3.290200000000027
3020,3020,3020.0,3020.0,3020.0,3020.0,3020.0,3020.0,3020.0,3020.0,3020.0,3020.0,3020.0,0.0,,,,,,,,,,,,0.0,273.0,273.0,273.0,273.0,273.0,273.0,273.0,273.0,273.0,273.0,273.0,273.0,273.0,273.0,273.0,273.0,273.0,273.0,273.0,273.0,370.8860866916714,373.3552116096656,0.0,369.0135,1222.4332,2.711099999999988
3021,3021,3021.0,3021.0,3021.0,3021.0,3021.0,3021.0,3021.0,3021.0,3021.0,3021.0,3021.0,1.0,,,,,,,,,,,,0.1,354.2047,338.2863,323.7909,311.1962,300.7598,292.5265,286.3735,282.0795,279.3995,278.1318,278.1657,279.5074,282.2795,286.6957,293.0114,301.4563,312.1579,325.0712,339.9328,356.2529,359.24316002408875,370.3452861123921,369.0135,148.51009999999997,853.4196999999999,2.711099999999988
3022,3022,3022.0,3022.0,3022.0,3022.0,3022.0,3022.0,3022.0,3022.0,3022.0,3022.0,3022.0,2.0,,,,,,,,,,,,0.2,349.5599,340.0903,331.0452,322.6291,315.0352,308.4401,302.9989,298.8412,296.0699,294.7604,294.9627,296.7011,299.974,304.7517,310.972,318.5367,327.308,337.1071,347.7171,358.8878,271.0083124442104,252.4296016139402,517.5236,73.68169999999998,704.9096,2.711099999999988
3023,3023,3023.0,3023.0,3023.0,3023.0,3023.0,3023.0,3023.0,3023.0,3023.0,3023.0,3023.0,3.0,,,,,,,,,,,,0.3,278.4623,285.4022,291.4033,296.1973,299.7032,302.0162,303.3627,304.0333,304.3097,304.4,304.39,304.2175,303.673,302.4268,300.0848,296.2651,290.6863,283.2504,274.099,263.6247,172.60144957841828,372.9349997425988,591.2053,127.21270000000004,631.2279,2.711099999999988
3024,3024,3024.0,3024.0,3024.0,3024.0,3024.0,3024.0,3024.0,3024.0,3024.0,3024.0,3024.0,4.0,,,,,,,,,,,,0.4,193.9647,214.4217,233.1823,249.6628,263.5343,274.7249,283.3837,289.8232,294.4601,297.7674,300.2444,302.4032,304.7614,307.8313,312.0931,317.9494,325.666,335.3112,346.714,359.4603,203.8824205455228,373.93870547457294,718.418,184.3331,504.0152,2.711099999999988
3025,3025,3025.0,3025.0,3025.0,3025.0,3025.0,3025.0,3025.0,3025.0,3025.0,3025.0,3025.0,5.0,,,,,,,,,,,,0.5,214.0281,224.0918,233.9834,243.6023,252.8418,261.6033,269.8133,277.4416,284.5129,291.1113,297.374,303.4774,309.6167,315.9836,322.7435,330.0164,337.8629,346.2774,355.1882,364.466,372.1819497621334,370.2365103131976,902.7511,135.86220000000003,319.6821,2.711099999999988
3026,3026,3026.0,3026.0,3026.0,3026.0,3026.0,3026.0,3026.0,3026.0,3026.0,3026.0,3026.0,6.0,,,,,,,,,,,,0.6,352.7644,334.5919,318.7345,305.9521,296.6288,290.7817,288.1312,288.2069,290.4576,294.3435,299.3977,305.2542,311.6502,318.4107,325.4262,332.6298,339.9789,347.4421,354.9914,362.5992,368.9072845812286,375.2168321928651,1038.6133,30.094299999999976,183.8199,2.711099999999988
3027,3027,3027.0,3027.0,3027.0,3027.0,3027.0,3027.0,3027.0,3027.0,3027.0,3027.0,3027.0,7.0,,,,,,,,,,,,0.7,357.8888,347.2792,337.4608,328.7652,321.4548,315.7111,311.6308,309.23,308.455,309.1978,311.3138,314.6394,319.0076,324.2587,330.2473,336.8443,343.935,351.4154,359.1869,367.1531,272.380530160897,275.4394365065741,1068.7076,25.876600000000053,153.7256,2.711099999999988
3028,3028,3028.0,3028.0,3028.0,3028.0,3028.0,3028.0,3028.0,3028.0,3028.0,3028.0,3028.0,8.0,,,,,,,,,,,,0.8,281.1095,289.3153,296.5661,302.5906,307.3072,310.8111,313.3258,315.1336,316.503,317.6254,318.5717,319.2723,319.5231,319.0159,317.3919,314.3131,309.5407,303.0072,294.8634,285.4862,270.9749986617261,272.0992482473358,1094.5842,41.0607,127.84899999999992,2.711099999999988
3029,3029,3029.0,3029.0,3029.0,3029.0,3029.0,3029.0,3029.0,3029.0,3029.0,3029.0,3029.0,9.0,,,,,,,,,,,,0.9,277.0144,282.8946,288.4674,293.6058,298.2085,302.2019,305.5359,308.1782,310.1055,311.2958,311.723,311.3552,310.1565,308.0943,305.1496,301.3282,296.672,291.2671,285.2467,278.7873,273.9927833624711,273.9945290627491,1135.6449,86.78829999999994,86.78829999999994,2.711099999999988
3030,3030,3030.0,3030.0,3030.0,3030.0,3030.0,3030.0,3030.0,3030.0,3030.0,3030.0,3030.0,0.0,,,,,,,,,,,,0.0,273.0,273.0,273.0,273.0,273.0,273.0,273.0,273.0,273.0,273.0,273.0,273.0,273.0,273.0,273.0,273.0,273.0,273.0,273.0,273.0,371.1108670543103,372.66757280347457,0.0,369.2335,1375.6129,1.3759000000000017
3031,3031,3031.0,3031.0,3031.0,3031.0,3031.0,3031.0,3031.0,3031.0,3031.0,3031.0,3031.0,1.0,,,,,,,,,,,,0.1,354.3911,338.4362,323.9073,311.2836,300.8229,292.5699,286.4014,282.095,279.4044,278.126,278.1474,279.4724,282.2211,286.6046,292.8757,301.262,311.8899,324.7146,339.4742,355.6825,365.4327288181101,373.8997235601707,369.2335,149.3793,1006.3794,1.3759000000000017
3032,3032,3032.0,3032.0,3032.0,3032.0,3032.0,3032.0,3032.0,3032.0,3032.0,3032.0,3032.0,2.0,,,,,,,,,,,,0.2,354.7045,344.2369,334.2813,325.0712,316.8154,309.6927,303.8495,299.4005,296.4309,295.0008,295.1485,296.893,300.2335,305.146,311.577,319.4369,328.5927,338.8642,350.0241,361.8029,305.7698707940862,174.5067910847335,518.6128,102.05460000000004,857.0001000000001,1.3759000000000017
3033,3033,3033.0,3033.0,3033.0,3033.0,3033.0,3033.0,3033.0,3033.0,3033.0,3033.0,3033.0,3.0,,,,,,,,,,,,0.3,307.6111,309.1767,310.2483,310.7062,310.5456,309.8636,308.8208,307.5857,306.2731,304.8854,303.2674,301.0812,297.8123,292.8109,285.376,274.8738,260.8771,243.2959,222.4647,199.1564,175.9763249985382,370.7678299912171,620.6674,203.1962,754.9455,1.3759000000000017
3034,3034,3034.0,3034.0,3034.0,3034.0,3034.0,3034.0,3034.0,3034.0,3034.0,3034.0,3034.0,4.0,,,,,,,,,,,,0.4,198.5151,219.9691,239.3947,256.0997,269.6991,280.1149,287.5289,292.3128,294.959,296.0292,296.1292,295.9036,296.035,297.2321,300.1884,305.5079,313.6051,324.603,338.2606,353.9594,206.8368653411146,372.5085009001692,823.8636,200.7976,551.7493000000001,1.3759000000000017
3035,3035,3035.0,3035.0,3035.0,3035.0,3035.0,3035.0,3035.0,3035.0,3035.0,3035.0,3035.0,5.0,,,,,,,,,,,,0.5,217.1087,227.2364,237.0736,246.4744,255.3028,263.4487,270.8479,277.499,283.4743,288.9207,294.05,299.1186,304.4015,310.1622,316.6232,323.9397,332.181,341.3205,351.236,361.7215,372.3967063670533,370.1926120346002,1024.6612,145.54340000000002,350.9517000000001,1.3759000000000017
3036,3036,3036.0,3036.0,3036.0,3036.0,3036.0,3036.0,3036.0,3036.0,3036.0,3036.0,3036.0,6.0,,,,,,,,,,,,0.6,353.1573,335.1212,319.3214,306.4911,297.0002,290.8651,287.8193,287.4164,289.1385,292.4851,297.0312,302.4527,308.5254,315.1069,322.1117,329.4857,337.1861,345.1679,353.3759,361.743,365.2916904695731,370.1530775558611,1170.2046,36.12670000000003,205.40830000000005,1.3759000000000017
3037,3037,3037.0,3037.0,3037.0,3037.0,3037.0,3037.0,3037.0,3037.0,3037.0,3037.0,3037.0,7.0,,,,,,,,,,,,0.7,354.8495,344.775,335.4144,327.0734,320.0005,314.3759,310.3064,307.8257,306.9023,307.4505,309.3453,312.4373,316.5665,321.5734,327.307,333.6291,340.4154,347.5557,354.9511,362.5115,275.1356711897175,273.3920423601165,1206.3313,28.2029,169.28160000000003,1.3759000000000017
3038,3038,3038.0,3038.0,3038.0,3038.0,3038.0,3038.0,3038.0,3038.0,3038.0,3038.0,3038.0,8.0,,,,,,,,,,,,0.8,283.0935,290.5634,297.1433,302.5815,306.8039,309.9026,312.089,313.6293,314.7752,315.7041,316.478,317.0242,317.1406,316.5257,314.8292,311.7218,306.9709,300.5103,292.4861,283.2642,275.8100845720649,275.3009082044874,1234.5342,48.94749999999999,141.07870000000003,1.3759000000000017
3039,3039,3039.0,3039.0,3039.0,3039.0,3039.0,3039.0,3039.0,3039.0,3039.0,3039.0,3039.0,9.0,,,,,,,,,,,,0.9,280.9319,285.9217,290.6557,295.0258,298.9435,302.3413,305.1705,307.3965,308.993,309.9366,310.2028,309.7651,308.5979,306.6818,304.0113,300.6036,296.505,291.796,286.5914,281.0367,275.76665774056573,273.2749171568044,1283.4817,92.13120000000004,92.13120000000004,1.3759000000000017
3040,3040,3040.0,3040.0,3040.0,3040.0,3040.0,3040.0,3040.0,3040.0,3040.0,3040.0,3040.0,0.0,,,,,,,,,,,,0.0,273.0,273.0,273.0,273.0,273.0,273.0,273.0,273.0,273.0,273.0,273.0,273.0,273.0,273.0,273.0,273.0,273.0,273.0,273.0,273.0,372.0884199123236,371.8688331745347,0.0,369.3681,1346.3887,2.4923
3041,3041,3041.0,3041.0,3041.0,3041.0,3041.0,3041.0,3041.0,3041.0,3041.0,3041.0,3041.0,1.0,,,,,,,,,,,,0.1,355.2021,339.088,324.4143,311.6644,301.0988,292.7622,286.5295,282.1752,279.449,278.1429,278.1398,279.4394,282.1574,286.5009,292.7191,301.0368,311.5788,324.3004,338.9416,355.0199,362.0429618026201,371.929947181906,369.3681,150.1572,977.0206,2.4923
3042,3042,3042.0,3042.0,3042.0,3042.0,3042.0,3042.0,3042.0,3042.0,3042.0,3042.0,3042.0,2.0,,,,,,,,,,,,0.2,351.9398,342.0656,332.6446,323.891,316.004,309.1615,303.5167,299.1949,296.2939,294.8854,295.0167,296.7127,299.9751,304.7799,311.0721,318.7602,327.7105,337.7442,348.6384,360.1307,300.4427854944911,189.3093209287776,519.5253,96.97209999999995,826.8634,2.4923
3043,3043,3043.0,3043.0,3043.0,3043.0,3043.0,3043.0,3043.0,3043.0,3043.0,3043.0,3043.0,3.0,,,,,,,,,,,,0.3,303.0385,305.3325,307.0829,308.1522,308.5247,308.2946,307.6277,306.7059,305.6654,304.539,303.211,301.3932,298.6289,294.3321,287.8639,278.6429,266.2732,250.6647,232.1146,211.32,174.55797257350346,372.83326436014977,616.4974,187.4918,729.8913,2.4923
3044,3044,3044.0,3044.0,3044.0,3044.0,3044.0,3044.0,3044.0,3044.0,3044.0,3044.0,3044.0,4.0,,,,,,,,,,,,0.4,197.0207,218.422,237.8389,254.5938,268.3107,278.9142,286.5846,291.6888,294.7123,296.2078,296.7685,297.0211,297.6246,299.2572,302.5783,308.1584,316.3861,327.3726,340.8846,356.3329,206.38283634685905,373.3461304967947,803.9892,197.107,542.3995,2.4923
3045,3045,3045.0,3045.0,3045.0,3045.0,3045.0,3045.0,3045.0,3045.0,3045.0,3045.0,3045.0,5.0,,,,,,,,,,,,0.5,216.5699,226.6291,236.4289,245.8345,254.7172,262.9695,270.525,277.3759,283.5848,289.2858,294.6756,299.9943,305.5003,311.4413,318.0262,325.4006,333.6296,342.6884,352.4641,362.7659,372.3955887427885,371.8355435653869,1001.0962,143.14930000000004,345.2925,2.4923
3046,3046,3046.0,3046.0,3046.0,3046.0,3046.0,3046.0,3046.0,3046.0,3046.0,3046.0,3046.0,6.0,,,,,,,,,,,,0.6,353.1033,335.0235,319.1977,306.3653,296.9002,290.8201,287.8569,287.5608,289.4085,292.8932,297.5836,303.1495,309.3617,316.0743,323.1999,330.6841,338.4851,346.5595,354.8543,363.3046,370.1303679030274,371.115561422122,1144.2455,34.66779999999994,202.1432,2.4923
3047,3047,3047.0,3047.0,3047.0,3047.0,3047.0,3047.0,3047.0,3047.0,3047.0,3047.0,3047.0,7.0,,,,,,,,,,,,0.7,358.8725,348.0233,337.9646,329.0281,321.4765,315.4923,311.1745,308.5424,307.546,308.0806,310.0029,313.1476,317.3415,322.4144,328.2073,334.5762,341.3937,348.5485,355.9434,363.492,274.6843060491468,272.7464373555972,1178.9133,29.354100000000017,167.47540000000004,2.4923
3048,3048,3048.0,3048.0,3048.0,3048.0,3048.0,3048.0,3048.0,3048.0,3048.0,3048.0,3048.0,8.0,,,,,,,,,,,,0.8,282.9925,290.7864,297.6422,303.2944,307.6645,310.8488,313.0693,314.6059,315.7238,316.6111,317.3361,317.8277,317.8815,317.1899,315.3956,312.1622,307.2525,300.5987,292.3501,282.8799,272.60672601664743,274.2498558486932,1208.2674,47.1558,138.12130000000002,2.4923
3049,3049,3049.0,3049.0,3049.0,3049.0,3049.0,3049.0,3049.0,3049.0,3049.0,3049.0,3049.0,9.0,,,,,,,,,,,,0.9,278.3998,284.032,289.3544,294.2398,298.5884,302.3289,305.4156,307.8212,309.5294,310.5268,310.7981,310.3243,309.0851,307.0644,304.2593,300.6884,296.4001,291.4779,286.0406,280.2394,275.53289258390555,272.42255940610085,1255.4232,90.96550000000002,90.96550000000002,2.4923
3050,3050,3050.0,3050.0,3050.0,3050.0,3050.0,3050.0,3050.0,3050.0,3050.0,3050.0,3050.0,0.0,,,,,,,,,,,,0.0,273.0,273.0,273.0,273.0,273.0,273.0,273.0,273.0,273.0,273.0,273.0,273.0,273.0,273.0,273.0,273.0,273.0,273.0,273.0,273.0,374.15489330300335,371.57371110628856,0.0,369.1361,1350.5809,1.977199999999982
3051,3051,3051.0,3051.0,3051.0,3051.0,3051.0,3051.0,3051.0,3051.0,3051.0,3051.0,3051.0,1.0,,,,,,,,,,,,0.1,356.9163,340.4661,325.4862,312.4699,301.683,293.1707,286.8045,282.3529,279.5582,278.2051,278.1696,279.4455,282.1438,286.4677,292.6638,300.9549,311.4645,324.1477,338.7449,354.7751,356.6173393721529,372.69844157788674,369.1361,149.36780000000005,981.4448,1.977199999999982
3052,3052,3052.0,3052.0,3052.0,3052.0,3052.0,3052.0,3052.0,3052.0,3052.0,3052.0,3052.0,2.0,,,,,,,,,,,,0.2,347.5408,338.6407,330.0962,322.09,314.8056,308.4215,303.1039,299.0,296.2326,294.8984,295.0671,296.7818,300.0587,304.8846,311.2123,318.9554,327.983,338.1164,349.1301,360.7568,300.24457897716354,193.2029350675519,518.5039,93.68949999999997,832.0769999999999,1.977199999999982
3053,3053,3053.0,3053.0,3053.0,3053.0,3053.0,3053.0,3053.0,3053.0,3053.0,3053.0,3053.0,3.0,,,,,,,,,,,,0.3,302.6506,304.7781,306.4043,307.4033,307.7627,307.5723,306.9881,306.1803,305.2746,304.297,303.1304,301.4903,298.9291,294.8728,288.6959,279.8285,267.882,252.7671,234.7737,214.5835,175.6125881469752,372.4632405821293,612.1934,182.8695,738.3874999999999,1.977199999999982
3054,3054,3054.0,3054.0,3054.0,3054.0,3054.0,3054.0,3054.0,3054.0,3054.0,3054.0,3054.0,4.0,,,,,,,,,,,,0.4,197.8015,218.9453,238.1354,254.7056,268.2871,278.8074,286.446,291.5655,294.6446,296.2271,296.8955,297.2639,297.9768,299.6969,303.0679,308.6466,316.8119,327.6721,340.9991,356.2174,207.341023657982,374.9595989784349,795.0629,194.4356,555.5179999999999,1.977199999999982
3055,3055,3055.0,3055.0,3055.0,3055.0,3055.0,3055.0,3055.0,3055.0,3055.0,3055.0,3055.0,5.0,,,,,,,,,,,,0.5,217.3826,227.3021,236.9732,246.2658,255.0546,263.2347,270.7407,277.5646,283.7678,289.4828,294.9045,300.272,305.8437,311.8682,318.5567,326.0571,334.4362,343.6696,353.6418,364.157,372.7266452306994,373.63746688397214,989.4985,139.49169999999992,361.0823999999999,1.977199999999982
3056,3056,3056.0,3056.0,3056.0,3056.0,3056.0,3056.0,3056.0,3056.0,3056.0,3056.0,3056.0,6.0,,,,,,,,,,,,0.6,353.4414,335.3669,319.5435,306.7106,297.2427,291.1597,288.1962,287.9056,289.7678,293.2791,298.0107,303.6346,309.9231,316.7314,323.9723,331.5913,339.5455,347.7893,356.2669,364.9094,365.9070536449898,372.3722941201599,1128.9902,32.05179999999996,221.5907,1.977199999999982
3057,3057,3057.0,3057.0,3057.0,3057.0,3057.0,3057.0,3057.0,3057.0,3057.0,3057.0,3057.0,7.0,,,,,,,,,,,,0.7,355.4305,345.3278,335.9511,327.6106,320.5585,314.9772,310.9739,308.5821,307.7682,308.4436,310.4794,313.721,318.0029,323.1595,329.0335,335.4814,342.3753,349.6033,357.0679,364.6834,270.4805857322368,275.2924163277384,1161.042,25.60670000000005,189.5389,1.977199999999982
3058,3058,3058.0,3058.0,3058.0,3058.0,3058.0,3058.0,3058.0,3058.0,3058.0,3058.0,3058.0,8.0,,,,,,,,,,,,0.8,279.3493,287.692,295.0742,301.2209,306.0468,309.6435,312.2315,314.0915,315.492,316.6265,317.5705,318.2614,318.5036,317.9989,316.3989,313.3745,308.6934,302.2902,294.3129,285.1299,274.6263025182857,273.6923554516073,1186.6487,43.74620000000005,163.93219999999997,1.977199999999982
3059,3059,3059.0,3059.0,3059.0,3059.0,3059.0,3059.0,3059.0,3059.0,3059.0,3059.0,3059.0,9.0,,,,,,,,,,,,0.9,279.8289,284.9132,289.7664,294.2862,298.3845,301.9882,305.0392,307.4906,309.3031,310.4403,310.8648,310.5382,309.4227,307.4874,304.7167,301.12,296.7409,291.6634,286.0143,279.959,311.1906842861157,187.72760720801887,1230.3949,120.18599999999992,120.18599999999992,1.977199999999982
3060,3060,3060.0,3060.0,3060.0,3060.0,3060.0,3060.0,3060.0,3060.0,3060.0,3060.0,0.0,,,,,,,,,,,,,0.0,273.0,273.0,273.0,273.0,273.0,273.0,273.0,273.0,273.0,273.0,273.0,273.0,273.0,273.0,273.0,273.0,273.0,273.0,273.0,273.0,373.5228694199358,372.0524233988472,0.0,369.0586,663.4977,-40.0
3061,3061,3061.0,3061.0,3061.0,3061.0,3061.0,3061.0,3061.0,3061.0,3061.0,3061.0,1.0,,,,,,,,,,,,,0.1,356.392,340.0447,325.1584,312.2237,301.5046,293.0464,286.7216,282.3008,279.529,278.1935,278.1733,279.4648,282.1817,286.5297,292.7576,301.0898,311.6509,324.3959,339.0641,355.1722,330.7954816084335,372.864616807842,369.0586,146.95339999999993,294.4391,-19.953599999999994
3062,3062,3062.0,3062.0,3062.0,3062.0,3062.0,3062.0,3062.0,3062.0,3062.0,3062.0,2.0,,,,,,,,,,,,,0.2,326.0895,321.3625,316.623,311.9311,307.4056,303.2178,299.5741,296.693,294.7836,294.0292,294.5771,296.5335,299.9621,304.8828,311.2706,319.0527,328.1061,338.2567,349.282,360.9167,260.8648387219644,375.1181733311,516.012,51.81930000000011,147.4857000000001,-9.782199999999987
3063,3063,3063.0,3063.0,3063.0,3063.0,3063.0,3063.0,3063.0,3063.0,3063.0,3063.0,3.0,,,,,,,,,,,,,0.3,268.6962,276.0763,282.6307,288.1212,292.4755,295.7838,298.2686,300.2375,302.0331,303.9881,306.3939,309.4814,313.4134,318.2854,324.1294,330.9212,338.5861,347.0063,356.0273,365.4657,297.0465400485241,374.32292808573175,567.8313,22.46229999999992,95.66639999999995,-17.216200000000015
3064,3064,3064.0,3064.0,3064.0,3064.0,3064.0,3064.0,3064.0,3064.0,3064.0,3064.0,4.0,,,,,,,,,,,,,0.4,296.3049,295.7485,295.5366,295.7843,296.5547,297.865,299.7004,302.0324,304.8347,308.094,311.8128,316.0064,320.695,325.8946,331.6086,337.8217,344.4961,351.5719,358.9683,366.5883,249.79792540509607,370.41427649483546,590.2936,11.699299999999994,73.20410000000004,-15.134999999999993
3065,3065,3065.0,3065.0,3065.0,3065.0,3065.0,3065.0,3065.0,3065.0,3065.0,3065.0,5.0,,,,,,,,,,,,,0.5,258.3588,266.6324,274.3782,281.4382,287.7544,293.3648,298.3845,302.9752,307.3151,311.5726,315.8888,320.3678,325.0758,330.0437,335.2738,340.7469,346.4297,352.2812,358.2577,364.3159,289.3808196751488,375.379515415716,601.9929,13.856400000000008,61.504800000000046,-19.6352
3066,3066,3066.0,3066.0,3066.0,3066.0,3066.0,3066.0,3066.0,3066.0,3066.0,3066.0,6.0,,,,,,,,,,,,,0.6,289.5695,289.9903,290.8406,292.257,294.3038,296.9772,300.2214,303.9513,308.0752,312.5125,317.2037,322.1137,327.2287,332.55,338.0855,343.842,349.8181,355.9986,362.3525,368.8327,247.80648516096093,375.1788479468619,615.8493,10.31510000000003,47.64840000000004,-16.022800000000018
3067,3067,3067.0,3067.0,3067.0,3067.0,3067.0,3067.0,3067.0,3067.0,3067.0,3067.0,7.0,,,,,,,,,,,,,0.7,256.5231,264.9971,273.0253,280.4728,287.2877,293.4969,299.1897,304.4924,309.5436,314.4731,319.3891,324.3724,329.4759,334.7289,340.1414,345.7094,351.4187,357.248,363.1712,369.1587,276.5657264998106,373.51526915025033,626.1644,14.437599999999977,37.33330000000001,-19.503100000000018
3068,3068,3068.0,3068.0,3068.0,3068.0,3068.0,3068.0,3068.0,3068.0,3068.0,3068.0,8.0,,,,,,,,,,,,,0.8,278.9839,281.558,284.4192,287.656,291.3059,295.3587,299.7679,304.467,309.3849,314.4578,319.636,324.8853,330.1846,335.5222,340.8914,346.2878,351.7069,357.1441,362.5943,368.0528,260.6527323411085,370.8371251581047,640.602,10.894800000000032,22.89570000000004,-17.6413
3069,3069,3069.0,3069.0,3069.0,3069.0,3069.0,3069.0,3069.0,3069.0,3069.0,3069.0,9.0,,,,,,,,,,,,,0.9,266.7162,272.7051,278.5584,284.238,289.7331,295.0584,300.2469,305.341,310.3835,315.4099,320.4448,325.5005,330.5779,335.6693,340.7624,345.843,350.8994,355.9245,360.9176,365.8847,265.74895594623695,370.24735711259433,651.4968,12.0009,12.0009,-17.941599999999994
3070,3070,3070.0,3070.0,3070.0,3070.0,3070.0,3070.0,3070.0,3070.0,3070.0,3070.0,0.0,,,,,,,,,,,,,0.0,273.0,273.0,273.0,273.0,273.0,273.0,273.0,273.0,273.0,273.0,273.0,273.0,273.0,273.0,273.0,273.0,273.0,273.0,273.0,273.0,372.23150650044926,374.0176994597121,0.0,368.5346,658.1132,-40.0
3071,3071,3071.0,3071.0,3071.0,3071.0,3071.0,3071.0,3071.0,3071.0,3071.0,3071.0,1.0,,,,,,,,,,,,,0.1,355.3208,339.1836,324.4889,311.7209,301.1408,292.7938,286.5551,282.2001,279.4798,278.1886,278.2131,279.5578,282.3448,286.7882,293.1446,301.6447,312.4166,325.4151,340.3747,356.8025,332.1790974943774,374.5582567301472,368.5346,144.55519999999996,289.5786,-20.206200000000024
3072,3072,3072.0,3072.0,3072.0,3072.0,3072.0,3072.0,3072.0,3072.0,3072.0,3072.0,2.0,,,,,,,,,,,,,0.2,327.1763,322.1705,317.1856,312.2923,307.6148,303.325,299.6258,296.7298,294.8396,294.1322,294.7502,296.7962,300.3319,305.376,311.9023,319.8369,329.0555,339.3822,350.592,362.4171,261.7462956128518,373.0570571832186,513.0898,49.70820000000003,145.02340000000004,-9.675000000000011
3073,3073,3073.0,3073.0,3073.0,3073.0,3073.0,3073.0,3073.0,3073.0,3073.0,3073.0,3.0,,,,,,,,,,,,,0.3,269.4804,276.7657,283.2307,288.6396,292.923,296.1734,298.6147,300.5546,302.3339,304.281,306.6802,309.7522,313.6471,318.4459,324.1659,330.7702,338.176,346.2642,354.8877,363.8788,290.8963814967904,370.7969734184424,562.798,22.30899999999997,95.3152,-16.826599999999985
3074,3074,3074.0,3074.0,3074.0,3074.0,3074.0,3074.0,3074.0,3074.0,3074.0,3074.0,4.0,,,,,,,,,,,,,0.4,291.2788,291.793,292.5523,293.6381,295.0959,296.94,299.1652,301.7596,304.7166,308.041,311.7496,315.8668,320.4168,325.4161,330.8664,336.7507,343.032,349.6544,356.5462,363.6242,256.130794756315,374.2591321798312,585.107,13.091800000000037,73.00620000000004,-16.060000000000002
3075,3075,3075.0,3075.0,3075.0,3075.0,3075.0,3075.0,3075.0,3075.0,3075.0,3075.0,5.0,,,,,,,,,,,,,0.5,263.3416,270.3419,276.9563,283.0705,288.645,293.7123,298.3631,302.7247,306.9391,311.1438,315.4589,319.9812,324.7813,329.9052,335.3758,341.1951,347.3448,353.788,360.47,367.3208,289.4631708434442,374.90316994576347,598.1988,12.696299999999953,59.9144,-19.287699999999973
3076,3076,3076.0,3076.0,3076.0,3076.0,3076.0,3076.0,3076.0,3076.0,3076.0,3076.0,6.0,,,,,,,,,,,,,0.6,289.8275,290.3998,291.3584,292.8294,294.8765,297.5045,300.6725,304.3135,308.3526,312.7222,317.3701,322.2616,327.3771,332.7068,338.2446,343.9828,349.9076,355.9969,362.2199,368.5371,248.7934694701489,371.83022794056166,610.8951,9.321500000000016,47.21810000000005,-15.495499999999993
3077,3077,3077.0,3077.0,3077.0,3077.0,3077.0,3077.0,3077.0,3077.0,3077.0,3077.0,7.0,,,,,,,,,,,,,0.7,257.4156,265.7978,273.7391,281.1059,287.8467,293.9878,299.6166,304.8568,309.8432,314.7007,319.5305,324.4047,329.3658,334.4313,339.5998,344.8578,350.1856,355.5627,360.9711,366.3969,280.6153196967532,374.3221373787439,620.2166,13.105400000000031,37.89660000000004,-19.012200000000007
3078,3078,3078.0,3078.0,3078.0,3078.0,3078.0,3078.0,3078.0,3078.0,3078.0,3078.0,8.0,,,,,,,,,,,,,0.8,282.4286,284.4215,286.7458,289.5042,292.7412,296.4465,300.5677,305.0289,309.7486,314.6541,319.6896,324.8194,330.0254,335.303,340.6553,346.0876,351.6028,357.1978,362.8624,368.5785,251.11976225317864,370.1545199228228,633.322,10.642100000000028,24.791200000000003,-16.553499999999985
3079,3079,3079.0,3079.0,3079.0,3079.0,3079.0,3079.0,3079.0,3079.0,3079.0,3079.0,9.0,,,,,,,,,,,,,0.9,259.0425,266.7935,274.2285,281.2507,287.8206,293.9535,299.7065,305.1615,310.407,315.5233,320.5736,325.5996,330.6228,335.6475,340.6668,345.6678,350.6378,355.5684,360.4586,365.3159,270.0859679950376,373.1289524132663,643.9641,14.149099999999976,14.149099999999976,-19.04649999999998
3080,3080,3080.0,3080.0,3080.0,3080.0,3080.0,3080.0,3080.0,3080.0,3080.0,3080.0,0.0,,,,,,,,,,,,,0.0,273.0,273.0,273.0,273.0,273.0,273.0,273.0,273.0,273.0,273.0,273.0,273.0,273.0,273.0,273.0,273.0,273.0,273.0,273.0,273.0,373.9554878126486,372.7380965797797,0.0,368.7286,662.8836,-40.0
3081,3081,3081.0,3081.0,3081.0,3081.0,3081.0,3081.0,3081.0,3081.0,3081.0,3081.0,1.0,,,,,,,,,,,,,0.1,356.7509,340.3332,325.3829,312.3926,301.6275,293.1331,286.7814,282.3423,279.5599,278.2208,278.2041,279.5067,282.2437,286.6226,292.894,301.2841,311.9184,324.7516,339.5214,355.741,329.4323109758823,370.9146845906847,368.7286,146.33430000000004,294.15500000000003,-19.866899999999987
3082,3082,3082.0,3082.0,3082.0,3082.0,3082.0,3082.0,3082.0,3082.0,3082.0,3082.0,2.0,,,,,,,,,,,,,0.2,324.9812,320.4965,315.9759,311.4719,307.0997,303.0308,299.4741,296.6524,294.7793,294.0411,294.586,296.5186,299.8979,304.7374,311.0044,318.6193,327.4547,337.3365,348.0476,359.3338,262.61449821854416,374.5316539887152,515.0629,52.83809999999994,147.8207,-9.9692
3083,3083,3083.0,3083.0,3083.0,3083.0,3083.0,3083.0,3083.0,3083.0,3083.0,3083.0,3.0,,,,,,,,,,,,,0.3,270.09,277.1338,283.3876,288.6244,292.7761,295.9313,298.3053,300.196,301.9348,303.8446,306.2087,309.2525,313.1369,317.9574,323.7486,330.4893,338.1085,346.4906,355.4819,364.8978,293.9547660866064,374.1751341907809,567.901,23.06610000000001,94.98260000000003,-17.06869999999998
3084,3084,3084.0,3084.0,3084.0,3084.0,3084.0,3084.0,3084.0,3084.0,3084.0,3084.0,4.0,,,,,,,,,,,,,0.4,293.7959,293.7904,294.0701,294.7311,295.8275,297.377,299.3732,301.8008,304.6489,307.919,311.627,315.7985,320.4621,325.6398,331.339,337.5472,344.2282,351.3217,358.7459,366.4012,254.89750876720683,374.28754694087297,590.9671,12.191900000000032,71.91650000000004,-15.62299999999999
3085,3085,3085.0,3085.0,3085.0,3085.0,3085.0,3085.0,3085.0,3085.0,3085.0,3085.0,5.0,,,,,,,,,,,,,0.5,262.4487,269.7657,276.6536,282.9859,288.7194,293.8914,298.6036,302.9977,307.2302,311.4509,315.7884,320.3419,325.1799,330.3411,335.8386,341.6634,347.7883,354.1714,360.7585,367.487,281.71823810715745,373.1687467346968,603.159,13.091099999999985,59.72460000000001,-19.108600000000024
3086,3086,3086.0,3086.0,3086.0,3086.0,3086.0,3086.0,3086.0,3086.0,3086.0,3086.0,6.0,,,,,,,,,,,,,0.6,283.4037,285.2406,287.358,289.8461,292.7488,296.0671,299.7696,303.8071,308.1269,312.6829,317.4408,322.3794,327.4866,332.756,338.1813,343.7539,349.46,355.2804,361.1911,367.164,261.2672038163367,372.8026070497338,616.2501,9.703500000000076,46.633500000000026,-16.932900000000018
3087,3087,3087.0,3087.0,3087.0,3087.0,3087.0,3087.0,3087.0,3087.0,3087.0,3087.0,7.0,,,,,,,,,,,,,0.7,267.3944,273.4174,279.2506,284.8406,290.1726,295.2682,300.1772,304.9648,309.6999,314.445,319.2498,324.149,329.1627,334.298,339.5525,344.9164,350.3756,355.9129,361.5096,367.1461,263.520197051028,370.6409644956439,625.9536,11.964699999999992,36.92999999999995,-17.73180000000002
3088,3088,3088.0,3088.0,3088.0,3088.0,3088.0,3088.0,3088.0,3088.0,3088.0,3088.0,8.0,,,,,,,,,,,,,0.8,268.7059,273.8853,279.0522,284.2013,289.3282,294.4309,299.51,304.5691,309.6145,314.6543,319.6969,324.7496,329.8171,334.901,339.9993,345.1076,350.2201,355.3318,360.4393,365.5418,266.6196603039413,370.41146769793096,637.9183,12.184499999999955,24.96529999999996,-18.56909999999999
3089,3089,3089.0,3089.0,3089.0,3089.0,3089.0,3089.0,3089.0,3089.0,3089.0,3089.0,9.0,,,,,,,,,,,,,0.9,271.2306,275.8631,280.5357,285.2615,290.0472,294.8931,299.7943,304.7428,309.7292,314.7444,319.7803,324.8305,329.89,334.9549,340.0226,345.091,350.1585,355.2244,360.2882,365.3503,259.9665183208268,375.0137523311109,650.1028,12.7808,12.7808,-18.1069
3090,3090,3090.0,3090.0,3090.0,3090.0,3090.0,3090.0,3090.0,3090.0,3090.0,3090.0,0.0,,,,,,,,,,,,,0.0,273.0,273.0,273.0,273.0,273.0,273.0,273.0,273.0,273.0,273.0,273.0,273.0,273.0,273.0,273.0,273.0,273.0,273.0,273.0,273.0,371.0031361739848,373.90497603850616,0.0,368.7869,664.3574,-40.0
3091,3091,3091.0,3091.0,3091.0,3091.0,3091.0,3091.0,3091.0,3091.0,3091.0,3091.0,1.0,,,,,,,,,,,,,0.1,354.3018,338.3644,323.8517,311.242,300.7933,292.5505,286.3908,282.0928,279.4118,278.1461,278.186,279.5385,282.3279,286.7695,293.1204,301.6119,312.3723,325.3564,340.2994,356.709,334.06845534620504,370.7070792350573,368.7869,145.8404,295.5705,-20.4495
3092,3092,3092.0,3092.0,3092.0,3092.0,3092.0,3092.0,3092.0,3092.0,3092.0,3092.0,2.0,,,,,,,,,,,,,0.2,328.6827,323.3145,318.0053,312.838,307.9425,303.4891,299.6737,296.6977,294.7502,293.9938,294.5555,296.5223,299.9402,304.8121,311.0979,318.7125,327.5256,337.3628,348.0088,359.2148,257.84207754219807,375.2100929135913,514.6273,52.70720000000006,149.7301,-9.510899999999992
3093,3093,3093.0,3093.0,3093.0,3093.0,3093.0,3093.0,3093.0,3093.0,3093.0,3093.0,3.0,,,,,,,,,,,,,0.3,266.3014,274.2726,281.35,287.2741,291.9633,295.5097,298.1465,300.1972,302.0214,303.9688,306.3446,309.3912,313.2808,318.1163,323.9367,330.723,338.4048,346.8656,355.9495,365.4681,293.4100176998249,371.3711488687489,567.3345,23.66629999999998,97.02289999999994,-17.49029999999999
3094,3094,3094.0,3094.0,3094.0,3094.0,3094.0,3094.0,3094.0,3094.0,3094.0,3094.0,4.0,,,,,,,,,,,,,0.4,293.1788,293.1163,293.3671,294.0338,295.1711,296.7914,298.8786,301.4053,304.3482,307.697,311.4564,315.6422,320.2729,325.3608,330.9044,336.8838,343.2595,349.9736,356.9535,364.1159,261.1189154883224,374.7537029550355,591.0008,12.45449999999994,73.35659999999996,-16.20859999999999
3095,3095,3095.0,3095.0,3095.0,3095.0,3095.0,3095.0,3095.0,3095.0,3095.0,3095.0,5.0,,,,,,,,,,,,,0.5,267.5172,273.736,279.6275,285.0988,290.1237,294.74,299.0365,303.1332,307.1611,311.2452,315.4934,319.9906,324.7975,329.9514,335.4683,341.3448,347.5587,354.0699,360.8221,367.744,274.8904214216281,373.4588765190196,603.4553,12.347399999999991,60.90210000000002,-18.25999999999999
3096,3096,3096.0,3096.0,3096.0,3096.0,3096.0,3096.0,3096.0,3096.0,3096.0,3096.0,6.0,,,,,,,,,,,,,0.6,277.9914,281.1613,284.4593,287.9278,291.5899,295.4512,299.5054,303.7408,308.1466,312.7168,317.4508,322.3527,327.4279,332.6801,338.108,343.704,349.4529,355.3326,361.3153,367.369,262.9261838577784,375.374554729398,615.8027,11.049900000000092,48.554700000000025,-17.54880000000003
3097,3097,3097.0,3097.0,3097.0,3097.0,3097.0,3097.0,3097.0,3097.0,3097.0,3097.0,7.0,,,,,,,,,,,,,0.7,268.5279,274.0658,279.4878,284.7618,289.88,294.858,299.7298,304.5409,309.3402,314.1748,319.0851,324.1036,329.2537,334.5506,340.0015,345.6058,351.3553,357.234,363.2181,369.2769,269.1881424407624,372.6775731095195,626.8526,11.857699999999909,37.50479999999993,-18.142
3098,3098,3098.0,3098.0,3098.0,3098.0,3098.0,3098.0,3098.0,3098.0,3098.0,3098.0,8.0,,,,,,,,,,,,,0.8,273.3945,277.6374,281.9481,286.3498,290.8553,295.4682,300.1848,304.9978,309.8982,314.8778,319.9296,325.0471,330.2237,335.4514,340.7209,346.0213,351.3421,356.6735,362.0085,367.3435,260.1011077600226,375.947718276384,638.7103,12.18870000000004,25.647100000000023,-17.531799999999976
3099,3099,3099.0,3099.0,3099.0,3099.0,3099.0,3099.0,3099.0,3099.0,3099.0,3099.0,9.0,,,,,,,,,,,,,0.9,266.1,272.0432,277.8839,283.591,289.1525,294.5746,299.8782,305.0936,310.255,315.3962,320.5477,325.7354,330.9807,336.3006,341.7077,347.2097,352.8084,358.4983,364.2664,370.0919,264.3906749702665,372.0022595009604,650.899,13.458399999999983,13.458399999999983,-18.425400000000025
3100,3100,3100.0,3100.0,3100.0,3100.0,3100.0,3100.0,3100.0,3100.0,3100.0,3100.0,0.0,,,,,,,,,,,,,0.0,273.0,273.0,273.0,273.0,273.0,273.0,273.0,273.0,273.0,273.0,273.0,273.0,273.0,273.0,273.0,273.0,273.0,273.0,273.0,273.0,372.65000608053697,371.0399308779672,0.0,369.5878,665.0341,-40.0
3101,3101,3101.0,3101.0,3101.0,3101.0,3101.0,3101.0,3101.0,3101.0,3101.0,3101.0,1.0,,,,,,,,,,,,,0.1,355.6679,339.4625,324.7055,311.883,301.257,292.8721,286.602,282.2192,279.4707,278.1455,278.1234,279.4003,282.0887,286.3919,292.5559,300.8028,311.2559,323.8705,338.3889,354.3323,332.5304561306615,373.7649758433175,369.5878,148.3238,295.44629999999995,-20.12790000000001
3102,3102,3102.0,3102.0,3102.0,3102.0,3102.0,3102.0,3102.0,3102.0,3102.0,3102.0,2.0,,,,,,,,,,,,,0.2,327.4838,322.4337,317.4038,312.4642,307.7386,303.3976,299.6428,296.6851,294.7262,293.9422,294.4758,296.4314,299.8734,304.8253,311.2666,319.1293,328.2941,338.5876,349.7842,361.6121,260.8703869470883,374.39008150089376,517.9116,51.72389999999996,147.12249999999997,-9.602399999999989
3103,3103,3103.0,3103.0,3103.0,3103.0,3103.0,3103.0,3103.0,3103.0,3103.0,3103.0,3.0,,,,,,,,,,,,,0.3,268.7637,276.1982,282.7934,288.3074,292.6674,295.9655,298.4283,300.3683,302.1325,304.057,306.4347,309.4958,313.4005,318.2397,324.0405,330.7732,338.3593,346.6792,355.5798,364.8823,295.9193850394694,375.3386987789349,569.6355,22.515899999999988,95.3986,-17.03449999999998
3104,3104,3104.0,3104.0,3104.0,3104.0,3104.0,3104.0,3104.0,3104.0,3104.0,3104.0,4.0,,,,,,,,,,,,,0.4,295.3937,295.0426,295.0164,295.4232,296.3229,297.7319,299.6374,302.0149,304.8435,308.1162,311.8422,316.0435,320.7474,325.9771,331.7427,338.0342,344.8173,352.0326,359.5962,367.4044,250.72516034200083,370.33675598678326,592.1514,11.644000000000004,72.8827,-15.268100000000004
3105,3105,3105.0,3105.0,3105.0,3105.0,3105.0,3105.0,3105.0,3105.0,3105.0,3105.0,5.0,,,,,,,,,,,,,0.5,259.0847,267.1693,274.7489,281.6729,287.8863,293.4268,298.4057,302.9795,307.3206,311.5915,315.928,320.4301,325.1599,330.1448,335.3839,340.8553,346.5238,352.3476,358.2841,364.2929,285.66725588381905,373.5919156979997,603.7954,13.870300000000045,61.2387,-19.573199999999986
3106,3106,3106.0,3106.0,3106.0,3106.0,3106.0,3106.0,3106.0,3106.0,3106.0,3106.0,6.0,,,,,,,,,,,,,0.6,286.5204,287.5733,288.9958,290.9051,293.3557,296.3437,299.8204,303.7121,307.9403,312.4357,317.1477,322.0459,327.1175,332.3619,337.7834,343.3854,349.1643,355.106,361.1846,367.3622,251.8214965787137,375.15446478668434,617.6657,10.647899999999936,47.36839999999995,-16.656299999999987
3107,3107,3107.0,3107.0,3107.0,3107.0,3107.0,3107.0,3107.0,3107.0,3107.0,3107.0,7.0,,,,,,,,,,,,,0.7,259.6816,267.3477,274.6576,281.5043,287.8479,293.712,299.1704,304.3272,309.2959,314.1835,319.0802,324.0542,329.1524,334.4029,339.8183,345.399,351.1351,357.008,362.9916,369.0529,276.2918225478702,372.2624177844074,628.3136,13.512000000000056,36.720500000000015,-19.28800000000001
3108,3108,3108.0,3108.0,3108.0,3108.0,3108.0,3108.0,3108.0,3108.0,3108.0,3108.0,8.0,,,,,,,,,,,,,0.8,278.8742,281.5941,284.5678,287.8746,291.5501,295.5879,299.9504,304.5815,309.4204,314.4114,319.5098,324.6827,329.9072,335.1679,340.453,345.753,351.0597,356.3665,361.6695,366.9676,261.4585097676453,375.7502407984703,641.8256,11.073499999999967,23.20849999999996,-17.41210000000001
3109,3109,3109.0,3109.0,3109.0,3109.0,3109.0,3109.0,3109.0,3109.0,3109.0,3109.0,9.0,,,,,,,,,,,,,0.9,267.4038,273.2786,279.0251,284.6072,290.0153,295.2639,300.3862,305.4254,310.4269,315.4321,320.4754,325.5828,330.7731,336.0592,341.4492,346.9466,352.5496,358.2501,364.033,369.8758,265.3306562767992,370.6302150063192,652.8991,12.134999999999993,12.134999999999993,-17.73610000000002
3110,3110,3110.0,3110.0,3110.0,3110.0,3110.0,3110.0,3110.0,3110.0,3110.0,3110.0,0.0,,,,,,,,,,,,,0.0,273.0,273.0,273.0,273.0,273.0,273.0,273.0,273.0,273.0,273.0,273.0,273.0,273.0,273.0,273.0,273.0,273.0,273.0,273.0,273.0,370.84258634950527,373.8168124906574,0.0,368.8477,657.9785,-40.0
3111,3111,3111.0,3111.0,3111.0,3111.0,3111.0,3111.0,3111.0,3111.0,3111.0,3111.0,1.0,,,,,,,,,,,,,0.1,354.1686,338.2573,323.7684,311.1794,300.7479,292.5186,286.3691,282.0784,279.4021,278.1392,278.18,279.532,282.3193,286.7572,293.1027,301.5869,312.3378,325.3107,340.2406,356.6358,330.83825003498987,375.0007404479013,368.8477,145.0473,289.1308000000001,-20.481400000000008
3112,3112,3112.0,3112.0,3112.0,3112.0,3112.0,3112.0,3112.0,3112.0,3112.0,3112.0,2.0,,,,,,,,,,,,,0.2,325.9948,321.1449,316.309,311.5549,307.0045,302.8282,299.2279,296.4163,294.5966,293.9476,294.614,296.7015,300.2751,305.3571,311.9248,319.9076,329.1833,339.5771,350.8632,362.7719,263.64612911748395,371.9250971737892,513.895,49.89359999999999,144.08350000000007,-10.17180000000002
3113,3113,3113.0,3113.0,3113.0,3113.0,3113.0,3113.0,3113.0,3113.0,3113.0,3113.0,3.0,,,,,,,,,,,,,0.3,270.9589,277.8463,283.9564,289.0678,293.1176,296.198,298.5269,300.4018,302.1514,304.0918,306.4954,309.5723,313.4631,318.2405,323.9149,330.4441,337.7425,345.6911,354.1464,362.948,292.5150005779122,375.0560835998384,563.7886,22.584799999999973,94.18990000000008,-16.80200000000002
3114,3114,3114.0,3114.0,3114.0,3114.0,3114.0,3114.0,3114.0,3114.0,3114.0,3114.0,4.0,,,,,,,,,,,,,0.4,292.667,292.9561,293.5008,294.3869,295.664,297.3494,299.4403,301.9272,304.806,308.0854,311.7879,315.9468,320.5982,325.7727,331.487,337.7369,344.4929,351.6977,359.2675,367.0951,257.7463388890413,375.9938083986963,586.3734,11.88760000000002,71.6051000000001,-15.650599999999995
3115,3115,3115.0,3115.0,3115.0,3115.0,3115.0,3115.0,3115.0,3115.0,3115.0,3115.0,5.0,,,,,,,,,,,,,0.5,264.7765,271.6005,278.047,284.0062,289.4426,294.3929,298.9519,303.2505,307.4336,311.6407,315.9925,320.5841,325.4825,330.7277,336.335,342.2979,348.5903,355.1691,361.977,368.9444,284.5177794931842,372.7615868599468,598.261,11.666299999999978,59.717500000000086,-18.607100000000003
3116,3116,3116.0,3116.0,3116.0,3116.0,3116.0,3116.0,3116.0,3116.0,3116.0,3116.0,6.0,,,,,,,,,,,,,0.6,285.8638,287.3704,289.1753,291.3761,294.0229,297.1206,300.6398,304.5315,308.7407,313.2172,317.9212,322.8235,327.9031,333.1435,338.5287,344.0408,349.6597,355.3634,361.1293,366.9355,250.69696188297905,373.88079882874905,609.9273,9.966000000000008,48.05120000000011,-15.879399999999976
3117,3117,3117.0,3117.0,3117.0,3117.0,3117.0,3117.0,3117.0,3117.0,3117.0,3117.0,7.0,,,,,,,,,,,,,0.7,258.8365,266.7728,274.3351,281.4094,287.9505,293.9792,299.568,304.8209,309.8524,314.7706,319.666,324.6066,329.6382,334.7871,340.0643,345.4689,350.9919,356.6173,362.3243,368.088,274.86159780741247,372.3339840543055,619.8933,13.466100000000097,38.0852000000001,-19.02080000000001
3118,3118,3118.0,3118.0,3118.0,3118.0,3118.0,3118.0,3118.0,3118.0,3118.0,3118.0,8.0,,,,,,,,,,,,,0.8,277.7037,280.6759,283.8876,287.4123,291.2807,295.4834,299.9805,304.7152,309.6272,314.6626,319.779,324.9477,330.1508,335.3785,340.6256,345.8885,351.1642,356.4495,361.7413,367.0368,257.16219820394514,370.0194400550147,633.3594,11.217699999999924,24.619100000000003,-17.516599999999983
3119,3119,3119.0,3119.0,3119.0,3119.0,3119.0,3119.0,3119.0,3119.0,3119.0,3119.0,9.0,,,,,,,,,,,,,0.9,263.7957,270.3323,276.6909,282.8175,288.6916,294.3233,299.747,305.0098,310.1619,315.2477,320.3006,325.3412,330.3784,335.4114,340.4336,345.4358,350.4101,355.352,360.2624,365.1478,265.4637516294219,371.78730240949193,644.5771,13.40140000000008,13.40140000000008,-18.676699999999983
3120,3120,3120.0,3120.0,3120.0,3120.0,3120.0,3120.0,3120.0,3120.0,3120.0,0.0,,,,,,,,,,,,,,0.0,273.0,273.0,273.0,273.0,273.0,273.0,273.0,273.0,273.0,273.0,273.0,273.0,273.0,273.0,273.0,273.0,273.0,273.0,273.0,273.0,361.82007722086166,373.3660474806402,0.0,370.7067,647.7533,-40.0
3121,3121,3121.0,3121.0,3121.0,3121.0,3121.0,3121.0,3121.0,3121.0,3121.0,1.0,,,,,,,,,,,,,,0.1,346.6839,332.2402,319.0882,307.6618,298.1957,290.7322,285.163,281.2925,278.9066,277.8343,277.9928,279.4108,282.2279,286.6697,292.9998,301.4527,312.159,325.0754,339.9394,356.2617,284.8730943706004,375.7824140416177,370.7067,151.62600000000003,277.0466,-22.267800000000022
3122,3122,3122.0,3122.0,3122.0,3122.0,3122.0,3122.0,3122.0,3122.0,3122.0,2.0,,,,,,,,,,,,,,0.2,287.4164,289.6405,291.2946,292.2482,292.5143,292.2427,291.6889,291.1697,291.0189,291.5498,293.0311,295.6737,299.6259,304.9736,311.7404,319.8879,329.3157,339.8619,351.307,363.3823,313.30398213836384,372.76879150938174,522.3327,61.82650000000001,125.42059999999992,-20.757299999999987
3123,3123,3123.0,3123.0,3123.0,3123.0,3123.0,3123.0,3123.0,3123.0,3123.0,3.0,,,,,,,,,,,,,,0.3,309.6743,306.2468,303.2032,300.6898,298.8116,297.6354,297.2001,297.5295,298.643,300.5625,303.3123,306.9155,311.3861,316.7214,322.8955,329.8553,337.5193,345.7801,354.5081,363.5569,299.2866739861344,372.57657220655966,584.1592,21.46679999999992,63.59409999999991,-15.364599999999996
3124,3124,3124.0,3124.0,3124.0,3124.0,3124.0,3124.0,3124.0,3124.0,3124.0,4.0,,,,,,,,,,,,,,0.4,299.6142,299.9462,300.2985,300.7067,301.2296,301.9459,302.9479,304.3319,306.1883,308.5938,311.6061,315.2608,319.5703,324.5248,330.0936,336.2271,342.8586,349.9069,357.2788,364.8716,290.6201828681389,373.6348732811714,605.626,8.467700000000036,42.12729999999999,-11.054100000000004
3125,3125,3125.0,3125.0,3125.0,3125.0,3125.0,3125.0,3125.0,3125.0,3125.0,5.0,,,,,,,,,,,,,,0.5,292.7951,294.9496,297.0731,299.1723,301.2752,303.4299,305.7001,308.1579,310.8768,313.9238,317.3551,321.2115,325.5174,330.2798,335.4886,341.1172,347.1236,353.4518,360.0332,366.7894,276.4523992971863,373.480710732844,614.0937,5.241399999999999,33.659599999999955,-9.570100000000023
3126,3126,3126.0,3126.0,3126.0,3126.0,3126.0,3126.0,3126.0,3126.0,3126.0,6.0,,,,,,,,,,,,,,0.6,281.1269,285.7133,290.14,294.3636,298.3763,302.2046,305.9036,309.5464,313.2134,316.9824,320.921,325.0823,329.5025,334.2004,339.1788,344.4256,349.9158,355.6138,361.4753,367.4493,271.9568108427049,374.0414584092687,619.3351,6.028699999999958,28.41819999999996,-10.795399999999972
3127,3127,3127.0,3127.0,3127.0,3127.0,3127.0,3127.0,3127.0,3127.0,3127.0,7.0,,,,,,,,,,,,,,0.7,276.9685,281.9321,286.8073,291.5666,296.1996,300.7134,305.1304,309.485,313.8182,318.1734,322.5921,327.1108,331.7585,336.5556,341.5129,346.6313,351.9019,357.3072,362.8212,368.4116,281.5806250069217,371.0377857224922,625.3638,6.909800000000018,22.3895,-12.28660000000002
3128,3128,3128.0,3128.0,3128.0,3128.0,3128.0,3128.0,3128.0,3128.0,3128.0,8.0,,,,,,,,,,,,,,0.8,284.689,287.8619,291.1553,294.6095,298.2464,302.0705,306.0723,310.2337,314.5332,318.9497,323.4644,328.0614,332.7265,337.4463,342.2077,346.9974,351.8031,356.6148,361.4257,366.2331,282.39452529247086,372.1768567821208,632.2736,7.2280000000000655,15.47969999999998,-10.92950000000002
3129,3129,3129.0,3129.0,3129.0,3129.0,3129.0,3129.0,3129.0,3129.0,3129.0,9.0,,,,,,,,,,,,,,0.9,285.7865,289.2097,292.6929,296.2606,299.9316,303.7183,307.627,311.6588,315.8105,320.0758,324.4468,328.9151,333.4723,338.1104,342.8221,347.6003,352.4373,357.3246,362.2518,367.2071,283.3239843941757,372.5790715845544,639.5016,8.251699999999914,8.251699999999914,-9.2817
3130,3130,3130.0,3130.0,3130.0,3130.0,3130.0,3130.0,3130.0,3130.0,3130.0,0.0,,,,,,,,,,,,,,0.0,273.0,273.0,273.0,273.0,273.0,273.0,273.0,273.0,273.0,273.0,273.0,273.0,273.0,273.0,273.0,273.0,273.0,273.0,273.0,273.0,363.6655712335001,372.1705665956254,0.0,370.7915,674.673,-40.0
3131,3131,3131.0,3131.0,3131.0,3131.0,3131.0,3131.0,3131.0,3131.0,3131.0,1.0,,,,,,,,,,,,,,0.1,348.2148,333.4709,320.0453,308.3808,298.7168,291.0956,285.4058,281.4458,278.9941,277.872,277.9888,279.3655,282.1348,286.5157,292.766,301.1159,311.6935,324.4556,339.1423,355.27,284.29607172663344,372.5213190685767,370.7915,152.96740000000003,303.8815,-21.90440000000001
3132,3132,3132.0,3132.0,3132.0,3132.0,3132.0,3132.0,3132.0,3132.0,3132.0,2.0,,,,,,,,,,,,,,0.2,287.0272,289.425,291.2266,292.2934,292.6346,292.4003,291.8493,291.3031,291.0998,291.5553,292.9384,295.457,299.2544,304.4093,310.9379,318.7957,327.8788,338.0266,349.0262,360.6208,319.3976785001876,370.66067207952887,523.7589,64.25699999999995,150.91409999999996,-20.599699999999984
3133,3133,3133.0,3133.0,3133.0,3133.0,3133.0,3133.0,3133.0,3133.0,3133.0,3.0,,,,,,,,,,,,,,0.3,314.7299,310.311,306.3624,303.058,300.5158,298.801,297.9398,297.9353,298.7838,300.4843,303.0416,306.4642,310.7564,315.9106,321.8995,328.6709,336.1458,344.2189,352.762,361.6288,310.1345744664904,374.05798111312936,588.0159,23.0299,86.65710000000001,-14.199000000000012
3134,3134,3134.0,3134.0,3134.0,3134.0,3134.0,3134.0,3134.0,3134.0,3134.0,4.0,,,,,,,,,,,,,,0.4,308.8981,307.7185,306.6573,305.7851,305.1814,304.9326,305.1267,305.8476,307.169,309.151,311.8366,315.2514,319.4032,324.2819,329.8596,336.0898,342.9066,350.2244,357.9387,365.9279,297.55956095460766,375.8319624130107,611.0458,9.747100000000046,63.627200000000016,-8.06740000000002
3135,3135,3135.0,3135.0,3135.0,3135.0,3135.0,3135.0,3135.0,3135.0,3135.0,5.0,,,,,,,,,,,,,,0.5,299.1947,300.801,302.3626,303.8861,305.4055,306.9801,308.6886,310.6199,312.8629,315.4988,318.594,322.197,326.3363,331.0202,336.2375,341.9575,348.1314,354.6933,361.5618,368.6426,283.0782525983089,373.444427085991,620.7929,6.661799999999971,53.88009999999997,-6.019900000000007
3136,3136,3136.0,3136.0,3136.0,3136.0,3136.0,3136.0,3136.0,3136.0,3136.0,6.0,,,,,,,,,,,,,,0.6,287.2633,291.3614,295.3022,299.0455,302.5874,305.96,309.2243,312.4597,315.7523,319.1842,322.8251,326.7272,330.923,335.4246,340.2258,345.3049,350.6279,356.1523,361.8303,367.6115,284.378242429212,374.1915495327255,627.4547,7.447000000000003,47.2183,-7.0400000000000205
3137,3137,3137.0,3137.0,3137.0,3137.0,3137.0,3137.0,3137.0,3137.0,3137.0,7.0,,,,,,,,,,,,,,0.7,287.9415,291.505,295.0703,298.6412,302.225,305.8333,309.4821,313.1914,316.9841,320.885,324.9182,329.1057,333.4646,338.0062,342.7343,347.6444,352.7234,357.9497,363.2943,368.7216,290.83005712437864,370.5634836586025,634.9017,9.510099999999966,39.7713,-7.166699999999992
3138,3138,3138.0,3138.0,3138.0,3138.0,3138.0,3138.0,3138.0,3138.0,3138.0,8.0,,,,,,,,,,,,,,0.8,293.3503,295.9291,298.6188,301.4597,304.4783,307.6867,311.0856,314.6673,318.419,322.3256,326.3712,330.5389,334.8111,339.1686,343.5912,348.0588,352.5525,357.0573,361.5628,366.0648,297.871800677124,374.7198236216571,644.4118,13.825600000000009,30.26120000000003,-5.313300000000027
3139,3139,3139.0,3139.0,3139.0,3139.0,3139.0,3139.0,3139.0,3139.0,3139.0,9.0,,,,,,,,,,,,,,0.9,299.6099,301.4296,303.4037,305.589,308.0228,310.7225,313.6884,316.9082,320.3624,324.0295,327.8893,331.9257,336.1273,340.4871,345.0008,349.6638,354.4687,359.4022,364.4428,369.5609,265.0835313270031,375.33334505084713,658.2374,16.435600000000022,16.435600000000022,-2.277499999999975
3140,3140,3140.0,3140.0,3140.0,3140.0,3140.0,3140.0,3140.0,3140.0,3140.0,0.0,,,,,,,,,,,,,,0.0,273.0,273.0,273.0,273.0,273.0,273.0,273.0,273.0,273.0,273.0,273.0,273.0,273.0,273.0,273.0,273.0,273.0,273.0,273.0,273.0,362.1799667618093,375.7829989629847,0.0,369.731,646.7854,-40.0
3141,3141,3141.0,3141.0,3141.0,3141.0,3141.0,3141.0,3141.0,3141.0,3141.0,1.0,,,,,,,,,,,,,,0.1,346.9825,332.4804,319.2752,307.8029,298.2993,290.8071,285.2184,281.3378,278.952,277.8923,278.079,279.5461,282.4398,286.9935,293.4787,302.1365,313.1013,326.3292,341.5513,358.2667,281.5515323273683,374.403339690805,369.731,149.1757,277.0544,-22.19290000000001
3142,3142,3142.0,3142.0,3142.0,3142.0,3142.0,3142.0,3142.0,3142.0,3142.0,2.0,,,,,,,,,,,,,,0.2,284.6826,287.4676,289.6328,291.0313,291.6685,291.6945,291.3715,291.027,291.0063,291.633,293.1826,295.8679,299.835,305.1629,311.8665,319.8981,329.1508,339.4614,350.6159,362.3586,314.88310537489093,375.547171839966,518.9067,62.44449999999995,127.87869999999998,-21.305499999999995
3143,3143,3143.0,3143.0,3143.0,3143.0,3143.0,3143.0,3143.0,3143.0,3143.0,3.0,,,,,,,,,,,,,,0.3,310.8379,307.0236,303.6462,300.8679,298.7999,297.5064,297.0167,297.3411,298.4854,300.46,303.283,306.976,311.5578,317.0348,323.3927,330.5896,338.5527,347.1768,356.3271,365.8433,300.8378871050018,370.256725965086,581.3512,20.49470000000008,65.43420000000003,-15.493600000000017
3144,3144,3144.0,3144.0,3144.0,3144.0,3144.0,3144.0,3144.0,3144.0,3144.0,4.0,,,,,,,,,,,,,,0.4,300.9242,301.0237,301.1604,301.3768,301.7366,302.3221,303.2265,304.5446,306.3631,308.7517,311.7582,315.4049,319.6882,324.5802,330.0317,335.9769,342.3381,349.0315,355.9717,363.0741,289.8331960400725,375.4726329477492,601.8459,8.64919999999995,44.93949999999995,-10.677900000000022
3145,3145,3145.0,3145.0,3145.0,3145.0,3145.0,3145.0,3145.0,3145.0,3145.0,5.0,,,,,,,,,,,,,,0.5,292.2307,294.5933,296.8983,299.1442,301.3551,303.5797,305.8859,308.3526,311.0609,314.0866,317.4947,321.3359,325.6455,330.442,335.7272,341.4852,347.681,354.2602,361.1485,368.2544,277.8558487851864,371.89528502726006,610.4951,5.059300000000008,36.2903,-9.420299999999996
3146,3146,3146.0,3146.0,3146.0,3146.0,3146.0,3146.0,3146.0,3146.0,3146.0,6.0,,,,,,,,,,,,,,0.6,282.2942,286.6572,290.8839,294.9389,298.8175,302.5461,306.176,309.7745,313.4151,317.1681,321.0932,325.235,329.6203,334.2577,339.1398,344.2454,349.5434,354.9969,360.5663,366.2119,272.82935997606774,374.9567923718871,615.5544,6.0131000000000085,31.230999999999995,-10.453899999999976
3147,3147,3147.0,3147.0,3147.0,3147.0,3147.0,3147.0,3147.0,3147.0,3147.0,7.0,,,,,,,,,,,,,,0.7,277.772,282.6663,287.4716,292.1608,296.7242,301.1695,305.5202,309.8113,314.0851,318.3859,322.7572,327.2383,331.8625,336.6553,341.6336,346.8042,352.1621,357.6907,363.3607,369.1323,279.49801902855177,373.9067633651567,621.5675,7.357399999999984,25.217899999999982,-11.830499999999972
3148,3148,3148.0,3148.0,3148.0,3148.0,3148.0,3148.0,3148.0,3148.0,3148.0,8.0,,,,,,,,,,,,,,0.8,283.0432,286.6304,290.2964,294.0681,297.9608,301.9797,306.1216,310.3793,314.7447,319.211,323.7742,328.432,333.1837,338.0277,342.9608,347.9771,353.0675,358.2203,363.4216,368.6558,275.22815597726657,374.62605997015055,628.9249,8.250099999999975,17.860500000000002,-11.02030000000002
3149,3149,3149.0,3149.0,3149.0,3149.0,3149.0,3149.0,3149.0,3149.0,3149.0,9.0,,,,,,,,,,,,,,0.9,279.7878,284.3324,288.8508,293.338,297.7966,302.2366,306.6732,311.1244,315.6084,320.1415,324.737,329.4047,334.1506,338.9773,343.8846,348.8689,353.9241,359.0408,364.2069,369.4075,291.1312729625428,375.29284271342885,637.175,9.610400000000029,9.610400000000029,-10.76339999999999
3150,3150,3150.0,3150.0,3150.0,3150.0,3150.0,3150.0,3150.0,3150.0,3150.0,0.0,,,,,,,,,,,,,,0.0,273.0,273.0,273.0,273.0,273.0,273.0,273.0,273.0,273.0,273.0,273.0,273.0,273.0,273.0,273.0,273.0,273.0,273.0,273.0,273.0,361.06196484425095,372.7288168488906,0.0,371.1002,656.8154,-40.0
3151,3151,3151.0,3151.0,3151.0,3151.0,3151.0,3151.0,3151.0,3151.0,3151.0,1.0,,,,,,,,,,,,,,0.1,346.055,331.7346,318.6948,307.366,297.9808,290.5812,285.0599,281.223,278.8585,277.7972,277.9574,279.368,282.1682,286.5823,292.8725,301.2719,311.9103,324.7448,339.5144,355.733,282.3128351429276,372.7868805864866,371.1002,153.78769999999997,285.7152,-22.418799999999976
3152,3152,3152.0,3152.0,3152.0,3152.0,3152.0,3152.0,3152.0,3152.0,3152.0,2.0,,,,,,,,,,,,,,0.2,285.2539,287.8593,289.864,291.1267,291.6539,291.5933,291.2014,290.7983,290.7214,291.287,292.7647,295.3643,299.2307,304.4442,311.0227,318.9229,328.042,338.2205,349.2465,360.8645,317.361540048005,373.9814446379211,524.8879,65.5381000000001,131.9275,-21.4067
3153,3153,3153.0,3153.0,3153.0,3153.0,3153.0,3153.0,3153.0,3153.0,3153.0,3.0,,,,,,,,,,,,,,0.3,312.8884,308.6618,304.901,301.7779,299.4091,297.8591,297.1537,297.2973,298.2885,300.13,302.8331,306.4139,310.887,316.256,322.5051,329.5919,337.4432,345.9544,354.9907,364.3923,301.3449389473301,371.61325272850576,590.426,22.04469999999992,66.38939999999991,-15.140899999999988
3154,3154,3154.0,3154.0,3154.0,3154.0,3154.0,3154.0,3154.0,3154.0,3154.0,4.0,,,,,,,,,,,,,,0.4,301.4383,301.535,301.6508,301.8233,302.115,302.6102,303.4073,304.6082,306.3074,308.5836,311.4937,315.0696,319.3178,324.2204,329.738,335.8121,342.3691,349.3237,356.5824,364.0462,291.30638365728663,373.6964482946714,612.4707,8.796100000000024,44.34469999999999,-10.38979999999998
3155,3155,3155.0,3155.0,3155.0,3155.0,3155.0,3155.0,3155.0,3155.0,3155.0,5.0,,,,,,,,,,,,,,0.5,293.4959,295.6563,297.77,299.8392,301.8905,303.9737,306.1563,308.5161,311.1322,314.0779,317.4142,321.1868,325.4237,330.1352,335.3136,340.9337,346.9542,353.3177,359.9528,366.7764,280.62437584873715,373.7523328570711,621.2668,5.361999999999966,35.548599999999965,-9.026299999999992
3156,3156,3156.0,3156.0,3156.0,3156.0,3156.0,3156.0,3156.0,3156.0,3156.0,6.0,,,,,,,,,,,,,,0.6,284.6732,288.6591,292.532,296.2643,299.8565,303.3364,306.7542,310.1747,313.6685,317.3041,321.1413,325.2274,329.5947,334.26,339.2246,344.4754,349.9863,355.7199,361.6292,367.6598,270.8295570492472,371.7891975721668,626.6288,5.631600000000049,30.1866,-9.663599999999974
3157,3157,3157.0,3157.0,3157.0,3157.0,3157.0,3157.0,3157.0,3157.0,3157.0,7.0,,,,,,,,,,,,,,0.7,276.2809,281.6522,286.876,291.9071,296.7276,301.347,305.7982,310.1299,314.3985,318.6604,322.9661,327.3559,331.8578,336.4872,341.2475,346.132,351.1266,356.212,361.3663,366.5663,290.7356608374271,373.6570476073748,632.2604,7.083300000000008,24.55499999999995,-11.65300000000002
3158,3158,3158.0,3158.0,3158.0,3158.0,3158.0,3158.0,3158.0,3158.0,3158.0,8.0,,,,,,,,,,,,,,0.8,292.3411,294.0811,296.0713,298.3939,301.0911,304.1666,307.5936,311.3271,315.3153,319.51,323.8722,328.3745,333.0007,337.7426,342.5966,347.5601,352.628,357.7905,363.0317,368.3295,271.9907301324471,372.49787231911097,639.3437,7.948700000000031,17.47169999999994,-8.833399999999983
3159,3159,3159.0,3159.0,3159.0,3159.0,3159.0,3159.0,3159.0,3159.0,3159.0,9.0,,,,,,,,,,,,,,0.9,277.6494,283.2117,288.5978,293.7573,298.6752,303.3698,307.8846,312.2776,316.6095,320.9348,325.2962,329.7224,334.2283,338.8178,343.4862,348.2235,353.0168,357.8529,362.719,367.6039,302.4946847207271,370.4887378802512,647.2924,9.52299999999991,9.52299999999991,-9.630200000000002
3160,3160,3160.0,3160.0,3160.0,3160.0,3160.0,3160.0,3160.0,3160.0,3160.0,0.0,,,,,,,,,,,,,,0.0,273.0,273.0,273.0,273.0,273.0,273.0,273.0,273.0,273.0,273.0,273.0,273.0,273.0,273.0,273.0,273.0,273.0,273.0,273.0,273.0,359.7271779735028,373.9018806756776,0.0,370.9334,654.9416,-40.0
3161,3161,3161.0,3161.0,3161.0,3161.0,3161.0,3161.0,3161.0,3161.0,3161.0,1.0,,,,,,,,,,,,,,0.1,344.9477,330.8445,318.0026,306.846,297.6041,290.3188,284.8852,281.1139,278.7985,277.7758,277.9704,279.4175,282.2622,286.7349,293.1026,301.6027,312.3671,325.353,340.2966,356.7061,283.4863285893371,372.6578467264596,370.9334,152.83349999999996,284.0082,-22.68119999999999
3162,3162,3162.0,3162.0,3162.0,3162.0,3162.0,3162.0,3162.0,3162.0,3162.0,2.0,,,,,,,,,,,,,,0.2,286.163,288.5203,290.3069,291.3909,291.7835,291.6319,291.1883,290.7663,290.6953,291.2838,292.7943,295.4301,299.3302,304.57,311.1624,319.0605,328.159,338.2976,349.2662,360.8135,315.32359257338123,374.8766228043978,523.7669,65.03120000000001,131.17470000000003,-21.368100000000027
3163,3163,3163.0,3163.0,3163.0,3163.0,3163.0,3163.0,3163.0,3163.0,3163.0,3.0,,,,,,,,,,,,,,0.3,311.2325,307.3681,303.9329,301.0876,298.9435,297.5663,296.9876,297.2206,298.2738,300.1597,302.8979,306.5117,311.0216,316.4358,322.7422,329.9013,337.8417,346.4586,355.6156,365.1493,298.3000599884593,371.5855190837588,588.7981,21.75530000000004,66.14350000000002,-15.433699999999988
3164,3164,3164.0,3164.0,3164.0,3164.0,3164.0,3164.0,3164.0,3164.0,3164.0,4.0,,,,,,,,,,,,,,0.4,298.8284,299.3461,299.8566,300.3878,300.9962,301.7638,302.7897,304.1791,306.0315,308.4308,311.4387,315.0912,319.3973,324.3408,329.8826,335.964,342.5115,349.4407,356.6599,364.0739,286.56624470655294,370.3153333416101,610.5534,8.488899999999944,44.38819999999998,-11.236199999999997
3165,3165,3165.0,3165.0,3165.0,3165.0,3165.0,3165.0,3165.0,3165.0,3165.0,5.0,,,,,,,,,,,,,,0.5,289.3824,292.1503,294.8353,297.4261,299.9405,302.4239,304.9435,307.5788,310.4118,313.5174,316.957,320.7735,324.9899,329.609,334.6155,339.9781,345.6526,351.5856,357.717,363.9824,275.117577862168,374.8287197216858,619.0423,5.649200000000064,35.89930000000004,-10.576099999999997
3166,3166,3166.0,3166.0,3166.0,3166.0,3166.0,3166.0,3166.0,3166.0,3166.0,6.0,,,,,,,,,,,,,,0.6,279.784,284.372,288.8174,293.0808,297.1533,301.0568,304.8384,308.5629,312.3037,316.1347,320.1243,324.3313,328.8027,333.5719,338.6582,344.0651,349.7793,355.7695,361.9867,368.3656,265.2865120044003,374.3236982109481,624.6915,6.6200000000000045,30.25009999999997,-11.94319999999999
3167,3167,3167.0,3167.0,3167.0,3167.0,3167.0,3167.0,3167.0,3167.0,3167.0,7.0,,,,,,,,,,,,,,0.7,271.2421,277.1097,282.814,288.3032,293.5543,298.5734,303.3919,308.0592,312.6349,317.1809,321.7552,326.4075,331.1768,336.0894,341.1595,346.3891,351.7693,357.2818,362.9004,368.593,293.8889745285611,372.8150907262157,631.3115,7.654999999999973,23.63009999999997,-14.426600000000008
3168,3168,3168.0,3168.0,3168.0,3168.0,3168.0,3168.0,3168.0,3168.0,3168.0,8.0,,,,,,,,,,,,,,0.8,294.4534,295.2162,296.3474,297.9681,300.1398,302.8665,306.1063,309.7886,313.8311,318.1542,322.6897,327.3844,332.1995,337.1075,342.089,347.1289,352.2151,357.3363,362.4826,367.645,260.7987449189225,371.44211810557874,638.9665,7.093399999999974,15.975099999999998,-10.133500000000026
3169,3169,3169.0,3169.0,3169.0,3169.0,3169.0,3169.0,3169.0,3169.0,3169.0,9.0,,,,,,,,,,,,,,0.9,268.2584,275.5312,282.4608,288.9441,294.9424,300.4773,305.6176,310.4591,315.1042,319.6463,324.1594,328.6941,333.2791,337.9244,342.6275,347.3782,352.1635,356.9709,361.7903,366.6153,302.08148901557433,375.338952730324,646.0599,8.881700000000023,8.881700000000023,-12.522699999999986
3170,3170,3170.0,3170.0,3170.0,3170.0,3170.0,3170.0,3170.0,3170.0,3170.0,0.0,,,,,,,,,,,,,,0.0,273.0,273.0,273.0,273.0,273.0,273.0,273.0,273.0,273.0,273.0,273.0,273.0,273.0,273.0,273.0,273.0,273.0,273.0,273.0,273.0,359.2900431588981,374.9590472408123,0.0,370.6289,653.8465,-40.0
3171,3171,3171.0,3171.0,3171.0,3171.0,3171.0,3171.0,3171.0,3171.0,3171.0,1.0,,,,,,,,,,,,,,0.1,344.5851,330.5531,317.7761,306.676,297.4813,290.2339,284.83,281.0821,278.786,277.7816,277.9968,279.4703,282.3515,286.8747,293.3112,301.9014,312.7791,325.9013,341.0016,357.5831,285.7796945058095,372.7622908708832,370.6289,151.35949999999997,283.2176,-22.766099999999994
3172,3172,3172.0,3172.0,3172.0,3172.0,3172.0,3172.0,3172.0,3172.0,3172.0,2.0,,,,,,,,,,,,,,0.2,288.0456,290.0123,291.4463,292.2282,292.3759,292.0371,291.4602,290.9514,290.8313,291.3994,292.9101,295.5591,299.4792,304.7402,311.3505,319.2592,328.3583,338.4864,349.434,360.9519,313.68435891903084,371.83296991919553,521.9884,63.8116,131.85810000000004,-20.96289999999999
3173,3173,3173.0,3173.0,3173.0,3173.0,3173.0,3173.0,3173.0,3173.0,3173.0,3.0,,,,,,,,,,,,,,0.3,309.9823,306.4835,303.3707,300.7912,298.8505,297.6156,297.1245,297.3998,298.4588,300.3208,303.0081,306.5423,310.9377,316.1935,322.287,329.1693,336.7633,344.9646,353.6444,362.6544,303.9688514361097,374.2566213418341,585.8,22.71120000000008,68.04650000000004,-15.384400000000028
3174,3174,3174.0,3174.0,3174.0,3174.0,3174.0,3174.0,3174.0,3174.0,3174.0,4.0,,,,,,,,,,,,,,0.4,303.4975,303.0643,302.7142,302.5039,302.5032,302.7925,303.4579,304.5846,306.2506,308.5213,311.446,315.0563,319.3648,324.3654,330.033,336.3231,343.1723,350.498,358.1996,366.1615,290.1105054624632,371.49239608338,608.5112,8.35469999999998,45.33529999999996,-10.207499999999982
3175,3175,3175.0,3175.0,3175.0,3175.0,3175.0,3175.0,3175.0,3175.0,3175.0,5.0,,,,,,,,,,,,,,0.5,292.5899,295.0212,297.3708,299.6312,301.8255,304.0067,306.2499,308.6427,311.2736,314.2221,317.5515,321.3044,325.5005,330.1379,335.1945,340.6315,346.3978,352.4331,358.6725,365.0483,278.05126254330406,375.4170107595298,616.8659,5.508000000000038,36.98059999999998,-8.993299999999977
3176,3176,3176.0,3176.0,3176.0,3176.0,3176.0,3176.0,3176.0,3176.0,3176.0,6.0,,,,,,,,,,,,,,0.6,282.5164,286.9023,291.1444,295.2041,299.075,302.782,306.3767,309.9282,313.5139,317.2106,321.0883,325.2059,329.6086,334.3271,339.3766,344.7563,350.4488,356.4195,362.617,368.9753,266.87035054381045,373.9538929197779,622.3739,6.194999999999936,31.472599999999943,-10.218000000000018
3177,3177,3177.0,3177.0,3177.0,3177.0,3177.0,3177.0,3177.0,3177.0,3177.0,7.0,,,,,,,,,,,,,,0.7,272.8632,278.759,284.475,289.9545,295.1723,300.1355,304.8791,309.4571,313.9341,318.3761,322.844,327.3885,332.0475,336.8453,341.7927,346.8883,352.1206,357.4703,362.912,368.4169,291.1030018094285,372.455469396761,628.5689,7.507600000000025,25.277600000000007,-12.86450000000002
3178,3178,3178.0,3178.0,3178.0,3178.0,3178.0,3178.0,3178.0,3178.0,3178.0,8.0,,,,,,,,,,,,,,0.8,292.3973,293.8533,295.6093,297.7632,300.364,303.4133,306.8758,310.693,314.7978,319.126,323.6232,328.2475,332.9688,337.7658,342.6232,347.529,352.4729,357.4455,362.4383,367.4439,276.93883017596403,374.5806036161849,636.0765,8.070500000000038,17.769999999999982,-9.586700000000008
3179,3179,3179.0,3179.0,3179.0,3179.0,3179.0,3179.0,3179.0,3179.0,3179.0,9.0,,,,,,,,,,,,,,0.9,281.665,286.3379,290.9158,295.3761,299.7193,303.9668,308.1551,312.3276,316.5272,320.7906,325.1453,329.6093,334.1919,338.8961,343.7198,348.6572,353.6988,358.8315,364.0376,369.2957,289.0309920746213,373.9991802450884,644.147,9.699499999999944,9.699499999999944,-9.033200000000022
3180,3180,3180.0,3180.0,3180.0,3180.0,3180.0,3180.0,3180.0,3180.0,0.0,,,,,,,,,,,,,,,0.0,273.0,273.0,273.0,273.0,273.0,273.0,273.0,273.0,273.0,273.0,273.0,273.0,273.0,273.0,273.0,273.0,273.0,273.0,273.0,273.0,372.1155537069604,372.9544731719608,0.0,368.9536,1319.1646,-40.0
3181,3181,3181.0,3181.0,3181.0,3181.0,3181.0,3181.0,3181.0,3181.0,1.0,,,,,,,,,,,,,,,0.1,355.2246,339.1062,324.4285,311.6753,301.1073,292.7692,286.5364,282.1839,279.4621,278.1645,278.176,279.4987,282.2518,286.6459,292.934,301.3439,312.0021,324.8636,339.6656,355.9205,258.4973457387565,371.07521006189177,368.9536,152.48690000000005,950.211,-20.230799999999988
3182,3182,3182.0,3182.0,3182.0,3182.0,3182.0,3182.0,3182.0,3182.0,2.0,,,,,,,,,,,,,,,0.2,266.0457,273.018,278.9438,283.5378,286.7378,288.6947,289.7265,290.2516,290.7194,291.5541,293.1167,295.6854,299.451,304.5205,310.9237,318.6206,327.5079,337.4254,348.1637,359.473,202.9257502844384,371.62162091755687,521.4405,109.7672,797.7241,-24.30529999999999
3183,3183,3183.0,3183.0,3183.0,3183.0,3183.0,3183.0,3183.0,3183.0,3.0,,,,,,,,,,,,,,,0.3,217.0194,230.5742,243.1267,254.3477,264.0756,272.319,279.2331,285.0792,290.1785,294.8676,299.4644,304.2428,309.4199,315.1494,321.5219,328.5683,336.2654,344.5429,353.2914,362.3711,172.18744349304117,375.30277429817374,631.2077,184.0087,687.9569,-40.68099999999998
3184,3184,3184.0,3184.0,3184.0,3184.0,3184.0,3184.0,3184.0,3184.0,4.0,,,,,,,,,,,,,,,0.4,188.2311,203.8692,218.7437,232.5827,245.2229,256.6148,266.8108,275.9441,284.201,291.795,298.944,305.8532,312.7033,319.6427,326.7836,334.1988,341.9218,349.9477,358.2364,366.7184,370.0938728871198,371.1784394572263,815.2164,165.49329999999998,503.9482,-56.3852
3185,3185,3185.0,3185.0,3185.0,3185.0,3185.0,3185.0,3185.0,3185.0,5.0,,,,,,,,,,,,,,,0.5,349.6941,330.678,314.2297,301.1808,291.9361,286.4858,284.4875,285.3877,288.5476,293.3474,299.2551,305.8569,312.8584,320.0675,327.3684,334.6978,342.0245,349.3357,356.6291,363.9078,248.87556793088896,374.85318579278055,980.7097,30.563300000000027,338.45490000000007,-26.514200000000017
3186,3186,3186.0,3186.0,3186.0,3186.0,3186.0,3186.0,3186.0,3186.0,6.0,,,,,,,,,,,,,,,0.6,257.7273,266.1037,273.6246,280.0751,285.4332,289.8529,293.6123,297.0459,300.4789,304.1795,308.3335,313.0412,318.3297,324.1733,330.5139,337.2783,344.3896,351.7728,359.3563,367.0719,209.94806809681623,373.9026376420827,1011.273,48.11659999999995,307.89160000000004,-23.147100000000023
3187,3187,3187.0,3187.0,3187.0,3187.0,3187.0,3187.0,3187.0,3187.0,7.0,,,,,,,,,,,,,,,0.7,223.1011,235.8644,247.9013,258.9693,268.9432,277.8159,285.6813,292.7048,299.0899,305.0479,310.7735,316.4302,322.1424,327.995,334.0366,340.285,346.7339,353.3594,360.1258,366.9894,174.82335739300095,372.15234863490105,1059.3896,117.3542,259.7750000000001,-35.1841
3188,3188,3188.0,3188.0,3188.0,3188.0,3188.0,3188.0,3188.0,3188.0,8.0,,,,,,,,,,,,,,,0.8,191.5179,207.8083,223.3379,237.8355,251.1366,263.1861,274.0249,283.7657,292.5654,300.599,308.0388,315.0405,321.7354,328.2276,334.5951,340.8928,347.1561,353.406,359.6534,365.9021,342.6515900849764,370.79515129196704,1176.7438,118.8831,142.4208000000001,-49.81389999999999
3189,3189,3189.0,3189.0,3189.0,3189.0,3189.0,3189.0,3189.0,3189.0,9.0,,,,,,,,,,,,,,,0.9,328.0004,314.4915,303.099,294.4998,289.0111,286.6018,286.9615,289.6041,293.9748,299.5387,305.8393,312.5249,319.3505,326.1625,332.878,339.4628,345.9136,352.2454,358.4828,364.6554,248.3218495222108,375.5748317361882,1295.6269,23.53770000000009,23.53770000000009,-26.39819999999997
3190,3190,3190.0,3190.0,3190.0,3190.0,3190.0,3190.0,3190.0,3190.0,0.0,,,,,,,,,,,,,,,0.0,273.0,273.0,273.0,273.0,273.0,273.0,273.0,273.0,273.0,273.0,273.0,273.0,273.0,273.0,273.0,273.0,273.0,273.0,273.0,273.0,374.0370924786775,373.17527036757735,0.0,368.5506,1262.6741,-40.0
3191,3191,3191.0,3191.0,3191.0,3191.0,3191.0,3191.0,3191.0,3191.0,1.0,,,,,,,,,,,,,,,0.1,356.8186,340.3877,325.4253,312.4245,301.6509,293.1499,286.7937,282.352,279.569,278.2318,278.22,279.5314,282.2821,286.6812,292.9806,301.4078,312.0888,324.9784,339.813,356.1037,256.8338869588602,373.6956517173323,368.5506,151.08700000000005,894.1234999999999,-19.8501
3192,3192,3192.0,3192.0,3192.0,3192.0,3192.0,3192.0,3192.0,3192.0,2.0,,,,,,,,,,,,,,,0.2,264.7614,272.0904,278.3316,283.1869,286.5885,288.6893,289.8153,290.3963,290.8955,291.7515,293.3385,295.9478,299.782,304.9589,311.5176,319.4251,328.5813,338.8247,349.9387,361.6608,201.381158807206,372.4377790979984,519.6376,108.44240000000002,743.0364999999999,-24.3107
3193,3193,3193.0,3193.0,3193.0,3193.0,3193.0,3193.0,3193.0,3193.0,3.0,,,,,,,,,,,,,,,0.3,215.7034,229.4817,242.2476,253.6683,263.5796,271.989,279.0521,285.0322,290.2527,295.0535,299.7548,304.6324,309.9034,315.7202,322.1709,329.283,337.0303,345.3409,354.1063,363.1901,173.56588630581447,371.27585649226734,628.08,183.7427,634.5940999999999,-41.01100000000002
3194,3194,3194.0,3194.0,3194.0,3194.0,3194.0,3194.0,3194.0,3194.0,4.0,,,,,,,,,,,,,,,0.4,189.3029,204.6547,219.2809,232.9213,245.418,256.7201,266.873,275.9984,284.2684,291.8799,299.033,305.9138,312.683,319.4689,326.3649,333.4291,340.6872,348.136,355.7489,363.481,373.1884733269416,370.6674664609109,811.8227,164.28339999999992,450.8513999999999,-56.2799
3195,3195,3195.0,3195.0,3195.0,3195.0,3195.0,3195.0,3195.0,3195.0,5.0,,,,,,,,,,,,,,,0.5,352.3076,332.8291,315.9528,302.5221,292.9476,287.2201,284.9925,285.7031,288.7033,293.3638,299.1446,305.627,312.5157,319.6211,326.8333,334.096,341.3844,348.6892,356.0068,363.3344,255.7849809033272,370.3023757048197,976.1061,28.633100000000013,286.568,-25.7799
3196,3196,3196.0,3196.0,3196.0,3196.0,3196.0,3196.0,3196.0,3196.0,6.0,,,,,,,,,,,,,,,0.6,263.6223,271.0202,277.6299,283.26,287.9017,291.7121,294.9635,297.9777,301.0631,304.4684,308.3587,312.8135,317.8392,323.3898,329.3888,335.7482,342.3816,349.2121,356.1756,363.22,227.0930385433204,375.861521173941,1004.7392,37.1259,257.9349,-21.28789999999998
3197,3197,3197.0,3197.0,3197.0,3197.0,3197.0,3197.0,3197.0,3197.0,7.0,,,,,,,,,,,,,,,0.7,237.7214,248.0528,257.8311,266.8738,275.0895,282.4792,289.1235,295.1601,300.7583,306.0953,311.3377,316.6295,322.0862,327.7921,333.8016,340.1401,346.8055,353.7705,360.9843,368.3764,173.35576598160674,375.2794488690637,1041.8651,91.76330000000009,220.809,-30.52080000000001
3198,3198,3198.0,3198.0,3198.0,3198.0,3198.0,3198.0,3198.0,3198.0,8.0,,,,,,,,,,,,,,,0.8,191.3124,208.7565,225.2411,240.4355,254.1533,266.3535,277.1192,286.6228,295.0865,302.7472,309.83,316.5312,323.0109,329.3911,335.7585,342.1689,348.6521,355.2171,361.8571,368.5533,332.8315243990804,372.0776917876273,1133.6284,105.49119999999994,129.0456999999999,-46.6465
3199,3199,3199.0,3199.0,3199.0,3199.0,3199.0,3199.0,3199.0,3199.0,9.0,,,,,,,,,,,,,,,0.9,320.2521,308.7214,299.1311,292.097,287.9016,286.5051,287.6123,290.7691,295.4627,301.2034,307.5774,314.2699,321.0645,327.8277,334.4885,341.0186,347.416,353.6947,359.878,365.9949,245.3510654003117,373.37920647559497,1239.1196,23.55449999999996,23.55449999999996,-26.494899999999973
3200,3200,3200.0,3200.0,3200.0,3200.0,3200.0,3200.0,3200.0,3200.0,0.0,,,,,,,,,,,,,,,0.0,273.0,273.0,273.0,273.0,273.0,273.0,273.0,273.0,273.0,273.0,273.0,273.0,273.0,273.0,273.0,273.0,273.0,273.0,273.0,273.0,371.5576819919068,375.1257612075945,0.0,368.2352,1286.8267,-40.0
3201,3201,3201.0,3201.0,3201.0,3201.0,3201.0,3201.0,3201.0,3201.0,1.0,,,,,,,,,,,,,,,0.1,354.7619,338.7343,324.1395,311.4586,300.9511,292.6621,286.4685,282.148,279.455,278.1877,278.2366,279.6109,282.4371,286.9341,293.3629,301.9576,312.8484,325.9898,341.1136,357.7217,257.2744133236713,374.58107304145966,368.2352,149.5745,918.5915,-20.33789999999999
3202,3202,3202.0,3202.0,3202.0,3202.0,3202.0,3202.0,3202.0,3202.0,2.0,,,,,,,,,,,,,,,0.2,265.0071,272.1578,278.2509,282.9978,286.3347,288.4135,289.5551,290.1825,290.7512,291.6925,293.3751,296.0856,300.023,305.3022,311.9597,319.9601,329.2016,339.5217,350.704,362.488,201.74876287563507,372.5329218987739,517.8097,107.54239999999992,769.017,-24.5865
3203,3203,3203.0,3203.0,3203.0,3203.0,3203.0,3203.0,3203.0,3203.0,3.0,,,,,,,,,,,,,,,0.3,215.987,229.6858,242.3811,253.7436,263.6118,271.995,279.0492,285.037,290.2801,295.1154,299.8594,304.7832,310.0992,315.9546,322.4325,329.5568,337.2988,345.5861,354.312,363.3439,171.5336285346592,370.0902959191775,625.3521,184.39110000000005,661.4746000000001,-41.005
3204,3204,3204.0,3204.0,3204.0,3204.0,3204.0,3204.0,3204.0,3204.0,4.0,,,,,,,,,,,,,,,0.4,187.6303,203.3251,218.2635,232.1754,244.8981,256.3803,266.6713,275.8984,284.2397,291.8974,299.0748,305.9587,312.7085,319.4496,326.2713,333.2287,340.3454,347.6193,355.0278,362.5336,372.1884917416705,370.99414091364025,809.7432,167.62609999999995,477.0835000000001,-56.61970000000002
3205,3205,3205.0,3205.0,3205.0,3205.0,3205.0,3205.0,3205.0,3205.0,5.0,,,,,,,,,,,,,,,0.5,351.3863,331.9884,315.1961,301.8523,292.3666,286.7268,284.5825,285.3685,288.4334,293.1463,298.967,305.4787,312.3898,319.5154,326.7513,334.0469,341.3818,348.7491,356.145,363.5633,252.080892595224,371.9776424717167,977.3693,30.41330000000005,309.4574000000001,-26.27319999999997
3206,3206,3206.0,3206.0,3206.0,3206.0,3206.0,3206.0,3206.0,3206.0,6.0,,,,,,,,,,,,,,,0.6,260.4594,268.377,275.4662,281.5219,286.5282,290.641,294.1369,297.3458,300.5862,304.1181,308.118,312.6762,317.8092,323.4805,329.6216,336.1508,342.9853,350.0488,357.2737,364.6009,221.055589025147,375.15331502097655,1007.7826,42.33729999999992,279.04410000000007,-22.35899999999998
3207,3207,3207.0,3207.0,3207.0,3207.0,3207.0,3207.0,3207.0,3207.0,7.0,,,,,,,,,,,,,,,0.7,232.4853,243.5923,254.098,263.8026,272.6041,280.5001,287.5735,293.9683,299.8625,305.4419,310.8807,316.328,321.9014,327.685,333.7309,340.0618,346.6743,353.5424,360.6207,367.8483,173.9019292334423,372.8320877012073,1050.1199,101.94640000000004,236.70680000000016,-32.499900000000025
3208,3208,3208.0,3208.0,3208.0,3208.0,3208.0,3208.0,3208.0,3208.0,8.0,,,,,,,,,,,,,,,0.8,191.3618,208.3496,224.4522,239.3613,252.8995,265.0212,275.7944,285.3694,293.9436,301.7294,308.9297,315.7224,322.2521,328.6292,334.9322,341.212,347.4981,353.8039,360.1316,366.477,338.2840488658067,374.0266797965163,1152.0663,111.12350000000016,134.76040000000012,-47.97879999999998
3209,3209,3209.0,3209.0,3209.0,3209.0,3209.0,3209.0,3209.0,3209.0,9.0,,,,,,,,,,,,,,,0.9,324.6027,312.019,301.4676,293.5957,288.7035,286.7552,287.4476,290.3109,294.8124,300.443,306.7731,313.4772,320.3345,327.2133,334.0483,340.818,347.5259,354.1859,360.8142,367.4244,241.5397751250692,370.9234945361656,1263.1898,23.63689999999997,23.63689999999997,-26.2448
3210,3210,3210.0,3210.0,3210.0,3210.0,3210.0,3210.0,3210.0,3210.0,0.0,,,,,,,,,,,,,,,0.0,273.0,273.0,273.0,273.0,273.0,273.0,273.0,273.0,273.0,273.0,273.0,273.0,273.0,273.0,273.0,273.0,273.0,273.0,273.0,273.0,374.13632872314,371.3099717331605,0.0,369.2392,1260.4289,-40.0
3211,3211,3211.0,3211.0,3211.0,3211.0,3211.0,3211.0,3211.0,3211.0,1.0,,,,,,,,,,,,,,,0.1,356.9009,340.4537,325.4765,312.4626,301.6776,293.1667,286.8013,282.3498,279.5544,278.1994,278.1606,279.431,282.1208,286.4324,292.6116,300.8803,311.3617,324.0109,338.569,354.5563,257.6910854588676,375.7304413820543,369.2392,152.83230000000003,891.1897000000001,-19.83330000000001
3212,3212,3212.0,3212.0,3212.0,3212.0,3212.0,3212.0,3212.0,3212.0,2.0,,,,,,,,,,,,,,,0.2,265.4744,272.665,278.7781,283.519,286.8213,288.838,289.8934,290.4158,290.8671,291.686,293.2496,295.8543,299.7112,304.9488,311.6179,319.696,329.09,339.6393,351.1205,363.2565,200.17041291636144,375.6453430106415,522.0715,107.57849999999996,738.3574000000001,-24.161999999999978
3213,3213,3213.0,3213.0,3213.0,3213.0,3213.0,3213.0,3213.0,3213.0,3.0,,,,,,,,,,,,,,,0.3,214.7374,228.7468,241.7186,253.3125,263.3616,271.8752,279.0148,285.0527,290.323,295.1769,299.9461,304.9171,310.3173,316.3078,322.9835,330.376,338.4602,347.1606,356.3609,365.9125,174.6470740261007,372.495392886316,629.65,181.8312,630.7789000000001,-41.12479999999999
3214,3214,3214.0,3214.0,3214.0,3214.0,3214.0,3214.0,3214.0,3214.0,4.0,,,,,,,,,,,,,,,0.4,190.1633,205.3091,219.7566,233.2553,245.652,256.8969,267.033,276.1777,284.4976,292.1842,299.432,306.4216,313.3075,320.2119,327.2215,334.3881,341.7323,349.2482,356.9095,364.6752,373.5470957727688,373.7601047984877,811.4812,160.48490000000004,448.94770000000017,-56.10309999999998
3215,3215,3215.0,3215.0,3215.0,3215.0,3215.0,3215.0,3215.0,3215.0,5.0,,,,,,,,,,,,,,,0.5,352.6645,333.1841,316.3062,302.8751,293.3034,287.5841,285.373,286.1115,289.1538,293.8735,299.7332,306.3178,313.3355,320.6009,328.0081,335.5042,343.0657,350.6822,358.3452,366.0432,252.69061899838005,370.1622358776369,971.9661,26.152500000000032,288.46280000000013,-25.415900000000025
3216,3216,3216.0,3216.0,3216.0,3216.0,3216.0,3216.0,3216.0,3216.0,6.0,,,,,,,,,,,,,,,0.6,261.1252,269.0949,276.2295,282.3221,287.3568,291.4912,295.0039,298.2272,301.4805,305.0223,309.0244,313.5687,318.6597,324.2456,330.2422,336.5534,343.0872,349.7654,356.5287,363.3364,226.4454826635077,373.7690569008548,998.1186,37.077800000000025,262.3103000000001,-21.508800000000008
3217,3217,3217.0,3217.0,3217.0,3217.0,3217.0,3217.0,3217.0,3217.0,7.0,,,,,,,,,,,,,,,0.7,237.0961,247.4598,257.2887,266.4046,274.7162,282.2205,288.9906,295.1546,300.8713,306.3072,311.6186,316.9397,322.3763,328.0045,333.8715,339.998,346.3813,352.998,359.8069,366.7524,171.49192795026948,373.9141208080532,1035.1964,93.7744,225.23250000000007,-30.779499999999985
3218,3218,3218.0,3218.0,3218.0,3218.0,3218.0,3218.0,3218.0,3218.0,8.0,,,,,,,,,,,,,,,0.8,189.7221,207.4311,224.1639,239.5838,253.5001,265.8694,276.7736,286.3848,294.9251,302.6311,309.7277,316.4112,322.842,329.1432,335.4039,341.6829,348.0141,354.4109,360.8708,367.3793,335.2929520369564,373.2820603104476,1128.9708,108.05819999999994,131.45810000000006,-47.130600000000015
3219,3219,3219.0,3219.0,3219.0,3219.0,3219.0,3219.0,3219.0,3219.0,9.0,,,,,,,,,,,,,,,0.9,322.1842,310.1531,300.1163,292.7063,288.2132,286.5956,287.5499,290.6091,295.2466,300.9607,307.3292,314.0333,320.8572,327.672,334.4137,341.0609,347.6171,354.0978,360.5225,366.9111,244.17524123424323,373.4509342037176,1237.029,23.39990000000012,23.39990000000012,-26.40440000000001
3220,3220,3220.0,3220.0,3220.0,3220.0,3220.0,3220.0,3220.0,3220.0,0.0,,,,,,,,,,,,,,,0.0,273.0,273.0,273.0,273.0,273.0,273.0,273.0,273.0,273.0,273.0,273.0,273.0,273.0,273.0,273.0,273.0,273.0,273.0,273.0,273.0,372.6853052744502,372.7162734342626,0.0,368.9473,1221.6784,-40.0
3221,3221,3221.0,3221.0,3221.0,3221.0,3221.0,3221.0,3221.0,3221.0,1.0,,,,,,,,,,,,,,,0.1,355.6972,339.4861,324.724,311.8974,301.2682,292.8816,286.6118,282.232,279.4905,278.1786,278.1791,279.4919,282.2345,286.6158,292.8877,301.277,311.9094,324.7401,339.5068,355.7229,257.6489466529277,373.8161081540846,368.9473,152.1289,852.7311,-20.11840000000001
3222,3222,3222.0,3222.0,3222.0,3222.0,3222.0,3222.0,3222.0,3222.0,2.0,,,,,,,,,,,,,,,0.2,265.3698,272.5051,278.5765,283.2931,286.5901,288.6192,289.702,290.2619,290.7557,291.6154,293.2109,295.8305,299.6758,304.8649,311.4382,319.3644,328.5451,338.8197,349.9711,361.7358,208.1093481121812,375.59125634503545,521.0762,105.3623,700.6022,-24.380800000000026
3223,3223,3223.0,3223.0,3223.0,3223.0,3223.0,3223.0,3223.0,3223.0,3.0,,,,,,,,,,,,,,,0.3,221.2934,233.9832,245.7539,256.3044,265.488,273.3157,279.9354,285.5947,290.5992,295.2711,299.9168,304.8035,310.1451,316.0954,322.7463,330.1298,338.2218,346.9477,356.1899,365.7964,172.0419730814805,370.3846131665307,626.4385,172.53700000000003,595.2399,-39.68430000000001
3224,3224,3224.0,3224.0,3224.0,3224.0,3224.0,3224.0,3224.0,3224.0,4.0,,,,,,,,,,,,,,,0.4,188.375,204.278,219.3732,233.3767,246.1227,257.5672,267.7743,276.8904,285.1127,292.6599,299.7465,306.5651,313.2747,319.9953,326.8078,333.7569,340.8569,348.0992,355.4586,362.9005,374.324706583901,370.7153909944885,798.9755,158.41880000000003,422.7029,-55.43279999999999
3225,3225,3225.0,3225.0,3225.0,3225.0,3225.0,3225.0,3225.0,3225.0,5.0,,,,,,,,,,,,,,,0.5,353.3347,333.7554,316.7937,303.2964,293.6743,287.9149,285.6657,286.3589,289.3403,293.9759,299.7232,306.1627,313.0,320.0476,327.1985,334.3995,341.6285,348.878,356.1452,363.4263,259.5177329811981,373.331163268442,957.3943,25.914999999999964,264.2841,-25.08510000000001
3226,3226,3226.0,3226.0,3226.0,3226.0,3226.0,3226.0,3226.0,3226.0,6.0,,,,,,,,,,,,,,,0.6,266.8437,273.752,279.9127,285.1477,289.4558,292.9952,296.0346,298.8895,301.8609,305.1916,309.0436,313.4966,318.5606,324.1963,330.3351,336.8962,343.7973,350.9606,358.3144,365.7922,234.44230705812168,371.14151904183655,983.3093,29.687099999999987,238.3691,-20.00479999999999
3227,3227,3227.0,3227.0,3227.0,3227.0,3227.0,3227.0,3227.0,3227.0,7.0,,,,,,,,,,,,,,,0.7,244.0852,253.4677,262.3661,270.622,278.1589,284.9823,291.1685,296.8435,302.1592,307.2716,312.3223,317.4274,322.6716,328.1072,333.7572,339.6205,345.6778,351.8979,358.2427,364.6712,174.3393297393852,370.6698302566127,1012.9964,78.4079999999999,208.682,-28.01769999999999
3228,3228,3228.0,3228.0,3228.0,3228.0,3228.0,3228.0,3228.0,3228.0,8.0,,,,,,,,,,,,,,,0.8,192.6382,210.3886,227.1129,242.4598,256.2341,268.3967,279.0405,288.3519,296.5672,303.9347,310.6865,317.0215,323.0983,329.0357,334.9167,340.7945,346.6992,352.6432,358.6264,364.6399,321.58778512430683,370.1964259034484,1091.4044,99.64250000000015,130.27400000000011,-44.60329999999999
3229,3229,3229.0,3229.0,3229.0,3229.0,3229.0,3229.0,3229.0,3229.0,9.0,,,,,,,,,,,,,,,0.9,311.2151,301.7837,294.0923,288.6875,285.8133,285.4212,287.2325,290.8276,295.7375,301.5189,307.8026,314.3133,320.8686,327.3637,333.7512,340.0209,346.1835,352.2597,358.2724,364.2443,235.55632205733625,372.96433623144645,1191.0469,30.63149999999996,30.63149999999996,-27.5788
3230,3230,3230.0,3230.0,3230.0,3230.0,3230.0,3230.0,3230.0,3230.0,0.0,,,,,,,,,,,,,,,0.0,273.0,273.0,273.0,273.0,273.0,273.0,273.0,273.0,273.0,273.0,273.0,273.0,273.0,273.0,273.0,273.0,273.0,273.0,273.0,273.0,370.3858461838522,370.2923996098558,0.0,370.2603,1331.3562,-40.0
3231,3231,3231.0,3231.0,3231.0,3231.0,3231.0,3231.0,3231.0,3231.0,1.0,,,,,,,,,,,,,,,0.1,353.7896,337.9525,323.5309,311.0001,300.6161,292.4228,286.2974,282.0183,279.3395,278.0568,278.0555,279.3354,282.0107,286.2852,292.4045,300.5897,310.9637,323.4824,337.8902,353.7121,255.8724351719241,370.7066596563675,370.2603,157.34570000000002,961.0959,-20.577200000000005
3232,3232,3232.0,3232.0,3232.0,3232.0,3232.0,3232.0,3232.0,3232.0,2.0,,,,,,,,,,,,,,,0.2,263.7781,271.0952,277.3418,282.2235,285.6716,287.8334,289.026,289.6689,290.2146,291.0916,292.6663,295.2239,298.9631,303.9997,310.3728,318.0513,326.9386,336.8784,347.661,359.0324,200.6381441450777,370.8020678758704,527.606,117.02740000000006,803.7502,-25.166600000000017
3233,3233,3233.0,3233.0,3233.0,3233.0,3233.0,3233.0,3233.0,3233.0,3.0,,,,,,,,,,,,,,,0.3,214.9389,228.6976,241.4472,252.8554,262.7574,271.1587,278.2121,284.1776,289.3752,294.1421,298.7967,303.6146,308.8144,314.5519,320.9193,327.949,335.6194,343.8617,352.568,361.6009,170.29590941264027,372.9390599782138,644.6334,195.75609999999995,686.7227999999999,-41.84129999999999
3234,3234,3234.0,3234.0,3234.0,3234.0,3234.0,3234.0,3234.0,3234.0,4.0,,,,,,,,,,,,,,,0.4,186.4465,202.1919,217.1744,231.1213,243.8683,255.3635,265.657,274.8787,283.2114,290.865,298.0532,304.9767,311.8116,318.7015,325.754,333.0388,340.5883,348.3998,356.4386,364.6447,375.1536355631869,373.375673920048,840.3895,174.91660000000002,490.9667,-57.63650000000001
3235,3235,3235.0,3235.0,3235.0,3235.0,3235.0,3235.0,3235.0,3235.0,5.0,,,,,,,,,,,,,,,0.5,353.6691,333.6212,316.2393,302.3873,292.4863,286.5273,284.156,284.7994,287.7966,292.5075,298.3849,305.007,312.0784,319.4123,326.9022,334.4946,342.1648,349.9007,357.6914,365.5226,253.45015409069907,374.8612049380015,1015.3061,30.14760000000001,316.0501,-26.47269999999997
3236,3236,3236.0,3236.0,3236.0,3236.0,3236.0,3236.0,3236.0,3236.0,6.0,,,,,,,,,,,,,,,0.6,261.6347,269.3591,276.2576,282.1284,286.9611,290.9183,294.2842,297.3962,300.5795,304.0994,308.136,312.7817,318.0538,323.9151,330.2954,337.1102,344.2726,351.7003,359.3187,367.0599,217.11990744460493,371.6866839026473,1045.4537,41.83269999999993,285.9024999999999,-22.08170000000001
3237,3237,3237.0,3237.0,3237.0,3237.0,3237.0,3237.0,3237.0,3237.0,7.0,,,,,,,,,,,,,,,0.7,229.2936,241.1073,252.2505,262.5017,271.749,279.9917,287.3229,293.902,299.9227,305.5836,311.0651,316.5152,322.0424,327.7154,333.5676,339.604,345.8091,352.1549,358.607,365.1295,173.7712466454121,375.4850641970315,1087.2864,105.9534000000001,244.0698,-33.00830000000002
3238,3238,3238.0,3238.0,3238.0,3238.0,3238.0,3238.0,3238.0,3238.0,8.0,,,,,,,,,,,,,,,0.8,191.0968,207.9671,223.9823,238.8421,252.3703,264.5164,275.3391,284.9778,293.6201,301.4718,308.7348,315.5918,322.1987,328.6821,335.1391,341.639,348.2247,354.9145,361.7048,368.5736,338.220169820419,374.3278369186333,1193.2398,113.46349999999984,138.11639999999989,-48.48360000000002
3239,3239,3239.0,3239.0,3239.0,3239.0,3239.0,3239.0,3239.0,3239.0,9.0,,,,,,,,,,,,,,,0.9,324.4796,311.8412,301.2435,293.3374,288.4254,286.4733,287.1787,290.0715,294.6183,300.3083,306.7092,313.4923,320.4322,327.3912,334.298,341.1248,347.8703,354.546,361.1688,367.7569,239.39336956392884,373.4715443742503,1306.7033,24.652900000000045,24.652900000000045,-26.526700000000005
3240,3240,3240.0,3240.0,3240.0,3240.0,3240.0,3240.0,3240.0,0.0,,,,,,,,,,,,,,,,0.0,273.0,273.0,273.0,273.0,273.0,273.0,273.0,273.0,273.0,273.0,273.0,273.0,273.0,273.0,273.0,273.0,273.0,273.0,273.0,273.0,374.4600581788249,370.3331752769572,0.0,369.5581,669.8214,-40.0
3241,3241,3241.0,3241.0,3241.0,3241.0,3241.0,3241.0,3241.0,1.0,,,,,,,,,,,,,,,,0.1,357.1694,340.6696,325.6443,312.5884,301.7684,293.2293,286.8415,282.3722,279.5615,278.1914,278.1347,279.3813,282.0379,286.303,292.4188,300.6043,310.981,323.5042,337.9176,353.746,291.3085155984269,373.6109561102942,369.5581,149.7122,300.2633,-19.770699999999977
3242,3242,3242.0,3242.0,3242.0,3242.0,3242.0,3242.0,3242.0,2.0,,,,,,,,,,,,,,,,0.2,293.3765,295.1111,296.2516,296.6642,296.3667,295.5202,294.3953,293.3243,292.654,292.7063,293.7529,296.0034,299.6017,304.6271,311.0965,318.9656,328.1288,338.4206,349.6185,361.4512,310.88292901821137,371.7377032749919,519.2703,58.23579999999993,150.55110000000002,-17.47980000000001
3243,3243,3243.0,3243.0,3243.0,3243.0,3243.0,3243.0,3243.0,3.0,,,,,,,,,,,,,,,,0.3,308.2449,305.7405,303.4928,301.6067,300.1668,299.2404,298.8839,299.1499,300.0921,301.7668,304.2296,307.5293,311.7006,316.7557,322.6788,329.4228,336.9085,345.0268,353.6432,362.6029,296.9391803241724,372.0708460736722,577.5061,20.568200000000047,92.3153000000001,-13.759599999999978
3244,3244,3244.0,3244.0,3244.0,3244.0,3244.0,3244.0,3244.0,4.0,,,,,,,,,,,,,,,,0.4,297.8221,298.6875,299.531,300.371,301.2533,302.2491,303.4481,304.9489,306.8488,309.2348,312.177,315.7245,319.9036,324.7174,330.1463,336.149,342.6647,349.6145,356.9044,364.4281,296.7420776976658,370.1834429517727,598.0743,8.236300000000028,71.74710000000005,-10.7509
3245,3245,3245.0,3245.0,3245.0,3245.0,3245.0,3245.0,3245.0,5.0,,,,,,,,,,,,,,,,0.5,297.8614,299.0152,300.2395,301.5729,303.057,304.7364,306.657,308.8646,311.4023,314.3073,317.6087,321.3245,325.4603,330.0076,334.9446,340.2365,345.8379,351.6949,357.7475,363.9323,298.1071052054297,373.6672039304799,606.3106,6.644999999999982,63.51080000000002,-8.263599999999997
3246,3246,3246.0,3246.0,3246.0,3246.0,3246.0,3246.0,3246.0,6.0,,,,,,,,,,,,,,,,0.6,299.4047,300.7512,302.1941,303.7776,305.5418,307.5225,309.751,312.2543,315.0557,318.1747,321.6272,325.425,329.5753,334.0793,338.9311,344.1156,349.6063,355.3645,361.3382,367.4635,293.6900175734781,373.88217300689615,612.9556,9.130899999999995,56.86580000000004,-5.4775000000000205
3247,3247,3247.0,3247.0,3247.0,3247.0,3247.0,3247.0,3247.0,7.0,,,,,,,,,,,,,,,,0.7,296.204,298.722,301.2517,303.808,306.4138,309.0994,311.9002,314.8534,317.9948,321.3555,324.96,328.8249,332.9581,337.3587,342.0174,346.9162,352.0295,357.3245,362.7618,368.297,292.2970736823643,371.5521892922593,622.0865,12.469000000000053,47.73490000000004,-3.900599999999997
3248,3248,3248.0,3248.0,3248.0,3248.0,3248.0,3248.0,3248.0,8.0,,,,,,,,,,,,,,,,0.8,295.2054,298.1221,301.0569,304.023,307.0367,310.1178,313.2879,316.569,319.9815,323.5421,327.2626,331.1481,335.1968,339.4,343.7426,348.2054,352.7659,357.4016,362.0906,366.8133,294.34769734671386,370.55656759437625,634.5555,15.92349999999999,35.26589999999999,-2.882200000000012
3249,3249,3249.0,3249.0,3249.0,3249.0,3249.0,3249.0,3249.0,9.0,,,,,,,,,,,,,,,,0.9,297.043,299.7684,302.5516,305.4164,308.3816,311.461,314.6632,317.9933,321.4526,325.0402,328.7526,332.584,336.5263,340.569,344.6996,348.9044,353.1689,357.4789,361.8212,366.184,288.50182282581915,374.5450494822212,650.479,19.3424,19.3424,-1.5389999999999873
3250,3250,3250.0,3250.0,3250.0,3250.0,3250.0,3250.0,3250.0,0.0,,,,,,,,,,,,,,,,0.0,273.0,273.0,273.0,273.0,273.0,273.0,273.0,273.0,273.0,273.0,273.0,273.0,273.0,273.0,273.0,273.0,273.0,273.0,273.0,273.0,371.5496615558751,374.7310863772842,0.0,368.3838,657.9625,-40.0
3251,3251,3251.0,3251.0,3251.0,3251.0,3251.0,3251.0,3251.0,1.0,,,,,,,,,,,,,,,,0.1,354.7552,338.7289,324.1353,311.4553,300.9485,292.6599,286.4663,282.1451,279.4504,278.1799,278.2235,279.5893,282.4028,286.8814,293.2848,301.846,312.6945,325.785,340.8504,357.3943,296.52417163916385,372.99815055836393,368.3838,144.9586,289.5787,-20.340100000000007
3252,3252,3252.0,3252.0,3252.0,3252.0,3252.0,3252.0,3252.0,2.0,,,,,,,,,,,,,,,,0.2,297.566,298.3309,298.6066,298.2938,297.4275,296.1695,294.7775,293.5625,292.845,292.9203,294.0345,296.3734,300.0585,305.1486,311.6414,319.4765,328.5376,338.6556,349.6139,361.1563,314.3896741910283,372.9397402039044,513.3424,55.27750000000003,144.62009999999998,-16.830499999999972
3253,3253,3253.0,3253.0,3253.0,3253.0,3253.0,3253.0,3253.0,3.0,,,,,,,,,,,,,,,,0.3,311.3699,308.4897,305.8784,303.6476,301.8886,300.6752,300.0692,300.1264,300.902,302.4509,304.8261,308.0726,312.2215,317.282,323.2366,330.0371,337.6033,345.8247,354.5635,363.6602,295.89568271788244,375.59249562293695,568.6199,18.839899999999943,89.34259999999995,-12.324799999999982
3254,3254,3254.0,3254.0,3254.0,3254.0,3254.0,3254.0,3254.0,4.0,,,,,,,,,,,,,,,,0.4,297.2357,298.528,299.7425,300.8807,301.9812,303.1181,304.3921,305.9183,307.8129,310.1825,313.1153,316.6769,320.9082,325.8243,331.4155,337.6469,344.4599,351.7726,359.4818,367.4665,297.7495742238456,373.7028788786458,587.4598,7.489599999999996,70.5027,-9.881899999999971
3255,3255,3255.0,3255.0,3255.0,3255.0,3255.0,3255.0,3255.0,5.0,,,,,,,,,,,,,,,,0.5,298.8021,299.897,301.0767,302.3841,303.8626,305.5561,307.5092,309.7657,312.3675,315.3524,318.7512,322.5849,326.8624,331.579,336.7152,342.2373,348.099,354.2436,360.6063,367.1172,294.1047132646229,370.84277811032615,594.9494,6.477399999999989,63.01310000000001,-7.443899999999985
3256,3256,3256.0,3256.0,3256.0,3256.0,3256.0,3256.0,3256.0,6.0,,,,,,,,,,,,,,,,0.6,296.2379,298.3842,300.5599,302.7876,305.0963,307.5214,310.102,312.8773,315.8835,319.1498,322.6965,326.5328,330.6561,335.0527,339.6987,344.5627,349.6082,354.7964,360.089,365.4493,290.5008761174751,370.38156358812194,601.4268,8.548800000000028,56.53570000000002,-5.478599999999972
3257,3257,3257.0,3257.0,3257.0,3257.0,3257.0,3257.0,3257.0,7.0,,,,,,,,,,,,,,,,0.7,293.4819,296.4594,299.4338,302.4121,305.4092,308.4473,311.5541,314.7594,318.092,321.5767,325.2325,329.0707,333.0952,337.3019,341.6801,346.2133,350.8807,355.658,360.5189,365.4361,291.0255321392108,374.8776669140138,609.9756,11.687800000000038,47.98689999999999,-4.552700000000016
3258,3258,3258.0,3258.0,3258.0,3258.0,3258.0,3258.0,3258.0,8.0,,,,,,,,,,,,,,,,0.8,293.9923,296.975,299.9893,303.0504,306.1733,309.3726,312.6628,316.0583,319.5736,323.2234,327.0228,330.9869,335.1301,339.4651,344.0009,348.7404,353.6778,358.7959,364.0648,369.4427,297.51003099151063,372.01221458256657,621.6634,15.985799999999928,36.29909999999995,-3.627400000000023
3259,3259,3259.0,3259.0,3259.0,3259.0,3259.0,3259.0,3259.0,9.0,,,,,,,,,,,,,,,,0.9,299.5378,301.6309,303.8479,306.2348,308.8223,311.626,314.6484,317.8829,321.3171,324.936,328.7237,332.6636,336.7388,340.9312,345.2219,349.591,354.0191,358.4885,362.9842,367.4949,288.6927411895591,373.0591749771256,637.6492,20.313300000000027,20.313300000000027,-1.3740000000000236
3260,3260,3260.0,3260.0,3260.0,3260.0,3260.0,3260.0,3260.0,0.0,,,,,,,,,,,,,,,,0.0,273.0,273.0,273.0,273.0,273.0,273.0,273.0,273.0,273.0,273.0,273.0,273.0,273.0,273.0,273.0,273.0,273.0,273.0,273.0,273.0,370.5447435394309,374.358114304751,0.0,368.6968,668.0428,-40.0
3261,3261,3261.0,3261.0,3261.0,3261.0,3261.0,3261.0,3261.0,1.0,,,,,,,,,,,,,,,,0.1,353.9215,338.0587,323.614,311.0634,300.664,292.4605,286.3309,282.0557,279.3917,278.1397,278.1921,279.5583,282.3646,286.8286,293.2094,301.7397,312.5488,325.5914,340.6016,357.0849,293.0409861382705,370.1717963795609,368.6968,146.66440000000006,299.34600000000006,-20.53949999999997
3262,3262,3262.0,3262.0,3262.0,3262.0,3262.0,3262.0,3262.0,2.0,,,,,,,,,,,,,,,,0.2,294.626,295.912,296.667,296.7773,296.2695,295.3029,294.1375,293.0894,292.4856,292.6267,293.7627,296.08,299.6984,304.6721,310.9938,318.5984,327.3677,337.1346,347.6901,358.7914,313.5133612498193,370.4357167073489,515.3612,59.19779999999992,152.6816,-17.697099999999978
3263,3263,3263.0,3263.0,3263.0,3263.0,3263.0,3263.0,3263.0,3.0,,,,,,,,,,,,,,,,0.3,310.4415,307.5202,304.8871,302.6584,300.925,299.7559,299.2044,299.3162,300.1358,301.7087,304.0801,307.2899,311.3659,316.3168,322.1262,328.7486,336.108,344.0987,352.5885,361.4238,295.4654694157527,375.6483937918981,574.559,21.398000000000025,93.48380000000007,-13.244100000000005
3264,3264,3264.0,3264.0,3264.0,3264.0,3264.0,3264.0,3264.0,4.0,,,,,,,,,,,,,,,,0.4,296.724,297.9391,299.0846,300.1642,301.2173,302.3168,303.5614,305.0635,306.9368,309.2861,312.2003,315.7476,319.9736,324.9009,330.5278,336.8274,343.7468,351.2059,359.0986,367.2951,298.7498248670215,370.1482805369464,595.957,7.916600000000017,72.08580000000006,-10.6832
3265,3265,3265.0,3265.0,3265.0,3265.0,3265.0,3265.0,3265.0,5.0,,,,,,,,,,,,,,,,0.5,299.5017,300.3083,301.2228,302.296,303.5755,305.1061,306.9296,309.0849,311.6069,314.525,317.8602,321.6226,325.8091,330.4018,335.3686,340.6651,346.2382,352.0302,357.9828,364.0399,295.75220690325085,374.9443980133688,603.8736,6.806799999999953,64.16920000000005,-7.893899999999974
3266,3266,3266.0,3266.0,3266.0,3266.0,3266.0,3266.0,3266.0,6.0,,,,,,,,,,,,,,,,0.6,297.5525,299.375,301.2441,303.1886,305.2418,307.441,309.8258,312.4355,315.3072,318.4737,321.962,325.7934,329.9823,334.5355,339.4515,344.7181,350.3109,356.1908,362.3037,368.5814,296.99714719051343,372.07508570588,610.6804,9.354900000000043,57.36240000000009,-5.559000000000026
3267,3267,3267.0,3267.0,3267.0,3267.0,3267.0,3267.0,3267.0,7.0,,,,,,,,,,,,,,,,0.7,298.8881,300.8186,302.8269,304.9486,307.2161,309.6581,312.2994,315.1607,318.2586,321.6049,325.2058,329.0611,333.1635,337.4983,342.0441,346.7739,351.6566,356.6598,361.7509,366.899,284.40434537329605,374.4183921511013,620.0353,12.859100000000012,48.00750000000005,-3.3419000000000096
3268,3268,3268.0,3268.0,3268.0,3268.0,3268.0,3268.0,3268.0,8.0,,,,,,,,,,,,,,,,0.8,288.8126,293.1529,297.37,301.4311,305.3304,309.0883,312.7454,316.355,319.9743,323.6573,327.4503,331.3893,335.4993,339.7953,344.2825,348.9572,353.8071,358.811,363.9397,369.1563,296.76542636996265,373.24375984847205,632.8944,15.628199999999993,35.14840000000004,-3.911699999999996
3269,3269,3269.0,3269.0,3269.0,3269.0,3269.0,3269.0,3269.0,9.0,,,,,,,,,,,,,,,,0.9,298.7327,300.7851,302.9966,305.4215,308.0904,311.011,314.1734,317.5567,321.1356,324.8858,328.7867,332.8224,336.9803,341.2499,345.6208,350.0816,354.6195,359.2201,363.8683,368.5481,287.8993921202444,371.1716278938818,648.5226,19.520200000000045,19.520200000000045,-1.988999999999976
3270,3270,3270.0,3270.0,3270.0,3270.0,3270.0,3270.0,3270.0,0.0,,,,,,,,,,,,,,,,0.0,273.0,273.0,273.0,273.0,273.0,273.0,273.0,273.0,273.0,273.0,273.0,273.0,273.0,273.0,273.0,273.0,273.0,273.0,273.0,273.0,372.9049589140126,374.2438441335198,0.0,368.3368,656.3317,-40.0
3271,3271,3271.0,3271.0,3271.0,3271.0,3271.0,3271.0,3271.0,1.0,,,,,,,,,,,,,,,,0.1,355.8795,339.6327,324.8382,311.9835,301.3315,292.9274,286.6457,282.2599,279.5189,278.215,278.2334,279.5773,282.3683,286.8205,293.1904,301.7092,312.505,325.5325,340.5255,356.9901,293.18417691922247,375.2983215795779,368.3368,144.88529999999997,287.9949,-20.072600000000023
3272,3272,3272.0,3272.0,3272.0,3272.0,3272.0,3272.0,3272.0,2.0,,,,,,,,,,,,,,,,0.2,294.8618,296.2296,297.0472,297.1955,296.7002,295.7236,294.5322,293.4514,292.8189,292.948,294.1024,296.4843,300.2302,305.4125,312.041,320.0644,329.3716,339.7934,351.1065,363.0423,314.2625932561175,374.13643689135046,513.2221,54.37780000000009,143.1096,-17.276400000000024
3273,3273,3273.0,3273.0,3273.0,3273.0,3273.0,3273.0,3273.0,3.0,,,,,,,,,,,,,,,,0.3,311.13,308.1517,305.469,303.2011,301.4419,300.2631,299.721,299.8644,300.7415,302.4015,304.8932,308.2592,312.5288,317.7104,323.7852,330.7036,338.3843,346.7157,355.5599,364.7578,294.6169962679953,372.7924559411785,567.5999,17.9772999999999,88.73179999999991,-12.736899999999991
3274,3274,3274.0,3274.0,3274.0,3274.0,3274.0,3274.0,3274.0,4.0,,,,,,,,,,,,,,,,0.4,296.1231,297.5766,298.9437,300.2228,301.4516,302.7044,304.0829,305.7028,307.6798,310.1172,313.0975,316.6772,320.8851,325.7224,331.1651,337.1669,343.662,350.5692,357.7955,365.239,300.72270946012816,372.3000798678614,585.5772,7.701999999999998,70.75450000000001,-10.29559999999998
3275,3275,3275.0,3275.0,3275.0,3275.0,3275.0,3275.0,3275.0,5.0,,,,,,,,,,,,,,,,0.5,301.1845,301.7192,302.3955,303.2742,304.4068,305.836,307.5966,309.7177,312.2243,315.1371,318.4723,322.2395,326.4404,331.0663,336.0973,341.5017,347.2366,353.2486,359.476,365.8507,290.4757423497506,372.9285520679664,593.2792,6.6440000000000055,63.05250000000001,-7.163999999999987
3276,3276,3276.0,3276.0,3276.0,3276.0,3276.0,3276.0,3276.0,6.0,,,,,,,,,,,,,,,,0.6,293.3276,296.1505,298.9252,301.6497,304.3421,307.0396,309.7934,312.6619,315.7036,318.9707,322.5051,326.3359,330.4788,334.9367,339.7001,344.7487,350.0521,355.5714,361.2597,367.0645,296.0415296246905,370.2475316646501,599.9232,8.522600000000011,56.4085,-5.960399999999993
3277,3277,3277.0,3277.0,3277.0,3277.0,3277.0,3277.0,3277.0,7.0,,,,,,,,,,,,,,,,0.7,297.9265,299.8664,301.9116,304.1038,306.4742,309.044,311.8258,314.8258,318.0459,321.4854,325.1407,329.0054,333.0687,337.3158,341.7268,346.2782,350.944,355.6979,360.5148,365.3715,288.4362711319263,375.5547451408045,608.4458,12.48829999999998,47.88589999999999,-3.956000000000017
3278,3278,3278.0,3278.0,3278.0,3278.0,3278.0,3278.0,3278.0,8.0,,,,,,,,,,,,,,,,0.8,292.0528,295.6414,299.1811,302.6633,306.0941,309.4936,312.8923,316.3271,319.8363,323.4564,327.2198,331.1539,335.2812,339.6188,344.1774,348.9605,353.961,359.1599,364.5243,370.0082,295.767996391373,370.2776651804368,620.9341,15.624200000000087,35.39760000000001,-3.506399999999985
3279,3279,3279.0,3279.0,3279.0,3279.0,3279.0,3279.0,3279.0,9.0,,,,,,,,,,,,,,,,0.9,298.0499,300.3916,302.8458,305.4534,308.2405,311.2189,314.3888,317.742,321.2658,324.9452,328.764,332.7045,336.7474,340.8709,345.0513,349.2646,353.489,357.7079,361.9119,366.0998,290.00032945721625,374.5771201661888,636.5583,19.773399999999924,19.773399999999924,-1.7810999999999808
3280,3280,3280.0,3280.0,3280.0,3280.0,3280.0,3280.0,3280.0,0.0,,,,,,,,,,,,,,,,0.0,273.0,273.0,273.0,273.0,273.0,273.0,273.0,273.0,273.0,273.0,273.0,273.0,273.0,273.0,273.0,273.0,273.0,273.0,273.0,273.0,370.1733618086973,370.1651081858362,0.0,370.3461,673.1019,-40.0
3281,3281,3281.0,3281.0,3281.0,3281.0,3281.0,3281.0,3281.0,1.0,,,,,,,,,,,,,,,,0.1,353.6134,337.8108,323.4206,310.9172,300.5559,292.3806,286.2687,281.9991,279.3266,278.0474,278.0473,279.3262,281.9984,286.2676,292.379,300.5535,310.914,323.4164,337.8053,353.6065,288.9675724663711,374.23130453517854,370.3461,151.69100000000003,302.7558,-20.619399999999985
3282,3282,3282.0,3282.0,3282.0,3282.0,3282.0,3282.0,3282.0,2.0,,,,,,,,,,,,,,,,0.2,291.2219,293.146,294.481,295.0932,294.9977,294.3513,293.4189,292.5277,292.02,292.2156,293.386,295.743,299.4343,304.5442,311.0954,319.0487,328.3026,338.6941,350.0011,361.9505,314.6502483897917,372.2109640000473,522.0371,59.97339999999997,151.0648,-18.64870000000002
3283,3283,3283.0,3283.0,3283.0,3283.0,3283.0,3283.0,3283.0,3.0,,,,,,,,,,,,,,,,0.3,311.1594,307.8488,304.8816,302.3911,300.476,299.2041,298.6209,298.7607,299.6558,301.3409,303.853,307.226,311.4834,316.63,322.6455,329.4803,337.054,345.2575,353.9563,362.9966,299.0521548359833,373.0665179091314,582.0105,20.79380000000004,91.09140000000002,-13.795900000000016
3284,3284,3284.0,3284.0,3284.0,3284.0,3284.0,3284.0,3284.0,4.0,,,,,,,,,,,,,,,,0.4,299.6563,300.2461,300.8208,301.4037,302.0461,302.8252,303.8363,305.1828,306.9649,309.2705,312.1692,315.7081,319.9109,324.7776,330.2857,336.3911,343.0301,350.1208,357.5655,365.2539,294.7610253137485,374.14373967679086,602.8043,8.325600000000009,70.29759999999999,-10.174800000000005
3285,3285,3285.0,3285.0,3285.0,3285.0,3285.0,3285.0,3285.0,5.0,,,,,,,,,,,,,,,,0.5,296.3439,297.9335,299.5425,301.1937,302.9222,304.7754,306.8096,309.0861,311.6662,314.6061,317.9534,321.7434,325.9975,330.7214,335.9049,341.5216,347.5292,353.8708,360.4758,367.2632,299.300923307564,374.47780250612834,611.1299,6.725900000000024,61.97199999999998,-8.22460000000001
3286,3286,3286.0,3286.0,3286.0,3286.0,3286.0,3286.0,3286.0,6.0,,,,,,,,,,,,,,,,0.6,300.3621,301.4897,302.7458,304.1851,305.8527,307.7843,310.0072,312.5422,315.4053,318.6089,322.1617,326.0681,330.3276,334.9327,339.8683,345.1106,350.6265,356.3743,362.304,368.359,292.4246455969527,372.2919746506842,617.8558,9.620399999999904,55.24609999999996,-5.215700000000027
3287,3287,3287.0,3287.0,3287.0,3287.0,3287.0,3287.0,3287.0,7.0,,,,,,,,,,,,,,,,0.7,295.2294,298.0246,300.8071,303.5841,306.3755,309.2124,312.134,315.1821,318.3966,321.8105,325.4474,329.3197,333.4282,337.7631,342.3054,347.0295,351.9051,356.9005,361.9836,367.1238,293.2499644086644,370.76166067515953,627.4762,12.810699999999995,45.62570000000005,-3.7875999999999976
3288,3288,3288.0,3288.0,3288.0,3288.0,3288.0,3288.0,3288.0,8.0,,,,,,,,,,,,,,,,0.8,295.9889,298.7486,301.5491,304.41,307.3496,310.3852,313.5322,316.8047,320.2138,323.7681,327.472,331.3256,335.3241,339.4576,343.7123,348.0708,352.514,357.0224,361.5776,366.1625,287.30856058029786,371.50091883842487,640.2869,15.539300000000026,32.815000000000055,-2.6148000000000025
3289,3289,3289.0,3289.0,3289.0,3289.0,3289.0,3289.0,3289.0,9.0,,,,,,,,,,,,,,,,0.9,291.263,295.1882,299.0606,302.8675,306.6086,310.2958,313.9503,317.599,321.2701,324.9894,328.7788,332.6541,336.6257,340.698,344.8708,349.1395,353.4953,357.926,362.4163,366.948,290.8812190591872,371.75853295317,655.8262,17.27570000000003,17.27570000000003,-2.7042000000000144
3290,3290,3290.0,3290.0,3290.0,3290.0,3290.0,3290.0,3290.0,0.0,,,,,,,,,,,,,,,,0.0,273.0,273.0,273.0,273.0,273.0,273.0,273.0,273.0,273.0,273.0,273.0,273.0,273.0,273.0,273.0,273.0,273.0,273.0,273.0,273.0,375.42388232597807,370.13704164466856,0.0,369.4779,674.9663,-40.0
3291,3291,3291.0,3291.0,3291.0,3291.0,3291.0,3291.0,3291.0,1.0,,,,,,,,,,,,,,,,0.1,357.969,341.3123,326.1442,312.9641,302.0409,293.4197,286.9696,282.4547,279.6119,278.2193,278.1467,279.381,282.0264,286.2797,292.3814,300.5495,310.9049,323.4026,337.7869,353.5834,290.8021522230631,370.1185579240698,369.4779,150.36790000000008,305.48840000000007,-19.580300000000022
3292,3292,3292.0,3292.0,3292.0,3292.0,3292.0,3292.0,3292.0,2.0,,,,,,,,,,,,,,,,0.2,293.0038,294.8632,296.1121,296.6114,296.3766,295.5685,294.4595,293.3843,292.6909,292.7008,293.683,295.8411,299.3101,304.1589,310.3932,317.9593,326.7464,336.5894,347.2744,358.5459,309.8169986548577,373.0372633812344,519.8458,60.77869999999996,155.1205,-17.431500000000028
3293,3293,3293.0,3293.0,3293.0,3293.0,3293.0,3293.0,3293.0,3.0,,,,,,,,,,,,,,,,0.3,307.3502,305.009,302.909,301.1493,299.8101,298.9564,298.6439,298.9265,299.8612,301.5094,303.9346,307.1961,311.3418,316.3995,322.3699,329.2203,336.8821,345.2492,354.1812,363.5077,297.5134656873494,375.8324800588807,580.6245,21.27319999999997,94.34180000000003,-14.043600000000026
3294,3294,3294.0,3294.0,3294.0,3294.0,3294.0,3294.0,3294.0,4.0,,,,,,,,,,,,,,,,0.4,298.2299,298.9383,299.6423,300.3659,301.1577,302.0892,303.249,304.7343,306.642,309.0609,312.0656,315.7127,320.0384,325.0567,330.7588,337.1118,344.0585,351.5174,359.3843,367.5354,296.7835892883275,373.9734264292795,601.8977,7.994300000000067,73.06860000000006,-10.910799999999997
3295,3295,3295.0,3295.0,3295.0,3295.0,3295.0,3295.0,3295.0,5.0,,,,,,,,,,,,,,,,0.5,297.8907,299.0326,300.2459,301.5708,303.0516,304.7364,306.6757,308.9206,311.5194,314.5147,317.9408,321.8201,326.1617,330.9597,336.1929,341.8258,347.8098,354.086,360.5875,367.2419,296.2743251781268,370.7350567642652,609.892,6.133999999999901,65.0743,-8.263599999999997
3296,3296,3296.0,3296.0,3296.0,3296.0,3296.0,3296.0,3296.0,6.0,,,,,,,,,,,,,,,,0.6,297.8972,299.5568,301.2904,303.1353,305.1292,307.3089,309.7096,312.3631,315.2963,318.5288,322.0723,325.9283,330.0881,334.5328,339.2345,344.1582,349.2648,354.5138,359.8659,365.2843,293.849342203468,373.3190176319448,616.026,8.925200000000018,58.94030000000009,-5.691100000000006
3297,3297,3297.0,3297.0,3297.0,3297.0,3297.0,3297.0,3297.0,7.0,,,,,,,,,,,,,,,,0.7,296.2743,298.7139,301.1848,303.7073,306.3053,309.0061,311.8386,314.8313,318.0107,321.3993,325.015,328.8701,332.9713,337.3197,341.91,346.7304,351.7616,356.9758,362.337,367.8014,291.43882242359075,374.344349571672,624.9512,12.649200000000064,50.01510000000008,-3.993899999999997
3298,3298,3298.0,3298.0,3298.0,3298.0,3298.0,3298.0,3298.0,8.0,,,,,,,,,,,,,,,,0.8,294.4853,297.5341,300.5902,303.6628,306.7664,309.9206,313.1487,316.4759,319.927,323.5246,327.288,331.2315,335.3645,339.6905,344.207,348.9051,353.7692,358.7769,363.8991,369.1012,291.86794582480223,375.4814389587256,637.6004,16.720100000000002,37.36590000000001,-3.079400000000021
3299,3299,3299.0,3299.0,3299.0,3299.0,3299.0,3299.0,3299.0,9.0,,,,,,,,,,,,,,,,0.9,294.9427,298.0335,301.1562,304.3262,307.5584,310.8673,314.2666,317.7696,321.3887,325.1355,329.02,333.0503,337.2323,341.5686,346.0579,350.6941,355.466,360.3563,365.3419,370.3944,292.5430491761162,373.042456504544,654.3205,20.64580000000001,20.64580000000001,-2.1327
3300,3300,3300.0,3300.0,3300.0,3300.0,3300.0,3300.0,0.0,,,,,,,,,,,,,,,,,0.0,273.0,273.0,273.0,273.0,273.0,273.0,273.0,273.0,273.0,273.0,273.0,273.0,273.0,273.0,273.0,273.0,273.0,273.0,273.0,273.0,375.1325011360496,373.6626451088444,0.0,368.1903,659.5243,-40.0
3301,3301,3301.0,3301.0,3301.0,3301.0,3301.0,3301.0,1.0,,,,,,,,,,,,,,,,,0.1,357.7273,341.1182,325.9936,312.8517,301.9611,293.3674,286.9414,282.4499,279.6338,278.2771,278.2569,279.5696,282.3308,286.7496,293.0788,301.5464,312.2792,325.2314,340.1381,356.508,286.19008097256864,375.0852314710337,368.1903,145.46180000000004,291.33400000000006,-19.632600000000025
3302,3302,3302.0,3302.0,3302.0,3302.0,3302.0,3302.0,2.0,,,,,,,,,,,,,,,,,0.2,289.1694,291.7731,293.7043,294.8045,295.0795,294.6916,293.923,293.1245,292.6642,292.8846,294.0754,296.459,300.1871,305.3423,311.941,319.9361,329.2186,339.62,350.9171,362.8402,272.27397032735706,370.0208565409373,513.6521,61.52879999999993,145.87220000000002,-18.30840000000001
3303,3303,3303.0,3303.0,3303.0,3303.0,3303.0,3303.0,3.0,,,,,,,,,,,,,,,,,0.3,275.9972,279.5799,282.9077,285.913,288.5872,290.983,293.207,295.4054,297.7461,300.4002,303.525,307.2508,311.6705,316.8353,322.7526,329.3883,336.6724,344.5054,352.7664,361.3196,285.7765740691865,373.6147989321256,575.1809,34.05090000000007,84.34340000000009,-22.017
3304,3304,3304.0,3304.0,3304.0,3304.0,3304.0,3304.0,4.0,,,,,,,,,,,,,,,,,0.4,286.5716,287.4616,288.532,289.852,291.4722,293.4262,295.7364,298.4198,301.4944,304.9817,308.9076,313.3002,318.1851,323.5807,329.4926,335.909,342.7967,350.0998,357.7392,365.6157,312.2277818697313,374.3909348077733,609.2318,14.740800000000036,50.29250000000002,-19.57380000000001
3305,3305,3305.0,3305.0,3305.0,3305.0,3305.0,3305.0,5.0,,,,,,,,,,,,,,,,,0.5,309.2656,306.5653,304.3593,302.8272,302.0845,302.1823,303.1177,304.8499,307.3175,310.4528,314.1922,318.4801,323.2696,328.52,334.1927,340.2476,346.6391,353.3141,360.2115,367.2621,245.16968057402005,344.4447630583829,623.9726,5.336799999999926,35.55169999999998,-10.817700000000002
3306,3306,3306.0,3306.0,3306.0,3306.0,3306.0,3306.0,6.0,,,,,,,,,,,,,,,,,0.6,255.4912,265.4091,274.5852,282.7955,289.9535,296.1038,301.3915,306.0188,310.1987,314.1166,317.9033,321.6232,325.2744,328.8013,332.1141,335.1146,337.7238,339.9061,341.686,343.1516,293.33793383413774,371.1888520431399,629.3094,11.637000000000056,30.214900000000057,-16.89620000000002
3307,3307,3307.0,3307.0,3307.0,3307.0,3307.0,3307.0,7.0,,,,,,,,,,,,,,,,,0.7,293.1038,293.1256,293.6175,294.7207,296.4893,298.8963,301.8535,305.2411,308.9365,312.8392,316.8857,321.057,325.3757,329.8976,334.6969,339.8471,345.4017,351.3751,357.7312,364.3804,290.0229076915142,375.92637441001926,640.9464,6.226299999999924,18.5779,-14.103700000000003
3308,3308,3308.0,3308.0,3308.0,3308.0,3308.0,3308.0,8.0,,,,,,,,,,,,,,,,,0.8,291.8528,293.7356,295.722,297.859,300.1881,302.7435,305.552,308.6328,311.9992,315.6601,319.6229,323.8949,328.4842,333.3987,338.6434,344.2163,350.1035,356.2752,362.6829,369.2602,250.7849009109129,347.97556541410245,647.1727,3.920900000000074,12.351600000000076,-10.256500000000017
3309,3309,3309.0,3309.0,3309.0,3309.0,3309.0,3309.0,9.0,,,,,,,,,,,,,,,,,0.9,259.7822,268.5118,276.7467,284.3314,291.197,297.3578,302.8937,307.9227,312.5726,316.9545,321.1456,325.1786,329.0412,332.6833,336.0319,339.0107,341.5626,343.6703,345.3707,346.7582,287.7577251240526,374.50823108327546,651.0936,8.430700000000002,8.430700000000002,-15.642200000000004
3310,3310,3310.0,3310.0,3310.0,3310.0,3310.0,3310.0,0.0,,,,,,,,,,,,,,,,,0.0,273.0,273.0,273.0,273.0,273.0,273.0,273.0,273.0,273.0,273.0,273.0,273.0,273.0,273.0,273.0,273.0,273.0,273.0,273.0,273.0,372.7186929942618,374.6866261417224,0.0,368.2024,670.6536,-40.0
3311,3311,3311.0,3311.0,3311.0,3311.0,3311.0,3311.0,1.0,,,,,,,,,,,,,,,,,0.1,355.725,339.5085,324.7417,311.9111,301.2791,292.8912,286.6222,282.2463,279.5135,278.2174,278.2444,279.5994,282.4057,286.879,293.2777,301.8343,312.6776,325.7622,340.8208,357.3574,282.97164216387046,370.9786281619558,368.2024,146.27089999999998,302.4512,-20.10879999999997
3312,3312,3312.0,3312.0,3312.0,3312.0,3312.0,3312.0,2.0,,,,,,,,,,,,,,,,,0.2,286.3811,289.4025,291.7276,293.1884,293.7845,293.6749,293.1406,292.5332,292.221,292.5459,293.7939,296.181,299.8489,304.8673,311.239,318.9051,327.7501,337.6073,348.2661,359.4803,276.12825693527486,370.78509270049005,514.4733,65.90459999999996,156.1803,-19.32510000000002
3313,3313,3313.0,3313.0,3313.0,3313.0,3313.0,3313.0,3.0,,,,,,,,,,,,,,,,,0.3,278.9804,281.7403,284.3341,286.7222,288.9083,290.9421,292.915,294.951,297.1934,299.791,302.8845,306.595,311.0146,316.2,322.1691,328.9002,336.3332,344.3735,352.8966,361.755,276.5051901861212,371.85039073488366,580.3779,36.56670000000008,90.27570000000004,-22.05790000000001
3314,3314,3314.0,3314.0,3314.0,3314.0,3314.0,3314.0,4.0,,,,,,,,,,,,,,,,,0.4,278.9554,281.4137,283.8913,286.4063,288.9849,291.6632,294.4867,297.5085,300.7873,304.3832,308.3535,312.7483,317.6064,322.9512,328.7877,335.1008,341.8538,348.9893,356.4307,364.0857,301.01234915757493,374.8554048186976,616.9446,19.145599999999945,53.708999999999946,-21.336799999999982
3315,3315,3315.0,3315.0,3315.0,3315.0,3315.0,3315.0,5.0,,,,,,,,,,,,,,,,,0.5,299.5032,298.2121,297.3317,297.0097,297.339,298.3592,300.0655,302.4239,305.3861,308.9023,312.9289,317.432,322.3864,327.7721,333.5697,339.7546,346.2933,353.1393,360.2325,367.4991,295.51383701543193,375.8210122606077,636.0902,7.147199999999998,34.5634,-14.640800000000011
3316,3316,3316.0,3316.0,3316.0,3316.0,3316.0,3316.0,6.0,,,,,,,,,,,,,,,,,0.6,296.4764,297.4945,298.6249,299.9255,301.4548,303.2689,305.4194,307.9494,310.8914,314.266,318.0821,322.3372,327.0189,332.1063,337.571,343.3772,349.4827,355.838,362.3877,369.0705,249.95584626188108,353.18987256309674,643.2374,4.185500000000047,27.416200000000003,-9.731100000000026
3317,3317,3317.0,3317.0,3317.0,3317.0,3317.0,3317.0,7.0,,,,,,,,,,,,,,,,,0.7,259.2702,268.2797,276.727,284.4378,291.3388,297.4537,302.8829,307.772,312.2791,316.546,320.6774,324.7308,328.7154,332.5991,336.323,339.8194,343.0323,345.9361,348.548,350.9316,290.87318633318034,372.302454400692,647.4229,8.063300000000027,23.23069999999996,-15.546299999999974
3318,3318,3318.0,3318.0,3318.0,3318.0,3318.0,3318.0,8.0,,,,,,,,,,,,,,,,,0.8,291.4035,292.1584,293.3261,295.0312,297.3227,300.1783,303.5219,307.248,311.2476,315.4282,319.7278,324.1201,328.6133,333.2429,338.0601,343.118,348.4557,354.0854,359.9831,366.0868,248.8161255278118,339.3654934972216,655.4862,4.4413999999999305,15.16739999999993,-12.82170000000002
3319,3319,3319.0,3319.0,3319.0,3319.0,3319.0,3319.0,9.0,,,,,,,,,,,,,,,,,0.9,257.8325,266.59,274.8691,282.5196,289.4743,295.7446,301.4022,306.5512,311.3007,315.7394,319.9193,323.8476,327.4875,330.7675,333.5979,335.893,337.5956,338.7002,339.2671,339.4264,290.9126244134077,373.1853978613812,659.9276,10.726,10.726,-17.25540000000001
3320,3320,3320.0,3320.0,3320.0,3320.0,3320.0,3320.0,0.0,,,,,,,,,,,,,,,,,0.0,273.0,273.0,273.0,273.0,273.0,273.0,273.0,273.0,273.0,273.0,273.0,273.0,273.0,273.0,273.0,273.0,273.0,273.0,273.0,273.0,372.5596800183548,372.3986970059858,0.0,369.0882,665.3621,-40.0
3321,3321,3321.0,3321.0,3321.0,3321.0,3321.0,3321.0,1.0,,,,,,,,,,,,,,,,,0.1,355.593,339.4023,324.6588,311.8483,301.2325,292.8563,286.5941,282.2192,279.4803,278.1685,278.1662,279.4733,282.2062,286.573,292.8247,301.187,311.7856,324.5753,339.295,355.4595,283.9267637661621,371.25444570095686,369.0882,149.0441,296.2739000000001,-20.143700000000024
3322,3322,3322.0,3322.0,3322.0,3322.0,3322.0,3322.0,2.0,,,,,,,,,,,,,,,,,0.2,287.1622,290.0168,292.1887,293.5143,293.9949,293.7886,293.1736,292.4974,292.1243,292.3931,293.5888,295.9282,299.5567,304.5495,310.9164,318.6053,327.5057,337.4531,348.2342,359.5955,277.18370543705856,370.6138970099234,518.1323,66.51909999999998,147.22980000000007,-19.211400000000022
3323,3323,3323.0,3323.0,3323.0,3323.0,3323.0,3323.0,3.0,,,,,,,,,,,,,,,,,0.3,279.8882,282.5036,284.9591,287.2172,289.2834,291.2087,293.0852,295.0371,297.2074,299.745,302.7899,306.4628,310.8548,316.0216,321.9799,328.7065,336.1397,344.1834,352.712,361.5769,282.00691556928325,374.82309342495216,584.6514,35.40750000000003,80.71070000000009,-21.79129999999998
3324,3324,3324.0,3324.0,3324.0,3324.0,3324.0,3324.0,4.0,,,,,,,,,,,,,,,,,0.4,283.5764,285.1904,286.8918,288.7216,290.7191,292.9231,295.374,298.1149,301.1923,304.6553,308.5534,312.9333,317.8343,323.284,329.2935,335.853,342.9285,350.4601,358.3618,366.5248,307.68770875938446,375.73664707027353,620.0589,16.015499999999975,45.30320000000006,-20.076900000000023
3325,3325,3325.0,3325.0,3325.0,3325.0,3325.0,3325.0,5.0,,,,,,,,,,,,,,,,,0.5,305.3389,303.2318,301.5805,300.5508,300.2487,300.7217,301.9684,303.9539,306.6261,309.9284,313.8093,318.2247,323.1386,328.5191,334.3345,340.549,347.1189,353.991,361.1014,368.3768,281.6608170247358,370.2798404452312,636.0744,5.553899999999999,29.28770000000009,-12.278300000000002
3326,3326,3326.0,3326.0,3326.0,3326.0,3326.0,3326.0,6.0,,,,,,,,,,,,,,,,,0.6,285.463,289.173,292.7209,296.0757,299.252,302.3063,305.3252,308.4088,311.654,315.1417,318.9277,323.04,327.4798,332.2251,337.2376,342.4688,347.8675,353.385,358.98,364.6198,250.6507366459932,349.6068124708625,641.6283,4.57000000000005,23.733800000000087,-10.693699999999978
3327,3327,3327.0,3327.0,3327.0,3327.0,3327.0,3327.0,7.0,,,,,,,,,,,,,,,,,0.7,259.4004,267.9071,275.9628,283.4221,290.2154,296.3475,301.8828,306.923,311.5818,315.9631,320.1443,324.1667,328.0342,331.7185,335.1701,338.3347,341.1707,343.6661,345.8494,347.7933,294.89303961678064,373.5555944885442,646.1983,9.111099999999963,19.16380000000004,-16.652499999999975
3328,3328,3328.0,3328.0,3328.0,3328.0,3328.0,3328.0,8.0,,,,,,,,,,,,,,,,,0.8,294.5978,294.5645,295.0135,296.0929,297.8638,300.3049,303.3319,306.8249,310.6577,314.7224,318.945,323.2939,327.7785,332.4418,337.3466,342.5581,348.1249,354.062,360.3386,366.8761,276.8174121881799,374.5549364871205,655.3094,5.5312999999999874,10.052700000000073,-12.695100000000023
3329,3329,3329.0,3329.0,3329.0,3329.0,3329.0,3329.0,9.0,,,,,,,,,,,,,,,,,0.9,281.1602,285.4447,289.6262,293.6833,297.6219,301.4729,305.2853,309.1168,313.0249,317.0609,321.2657,325.6696,330.292,335.1436,340.2261,345.533,351.0486,356.7477,362.5954,368.548,248.51784809284152,337.698274516258,660.8407,4.521400000000085,4.521400000000085,-11.52710000000002
3330,3330,3330.0,3330.0,3330.0,3330.0,3330.0,3330.0,0.0,,,,,,,,,,,,,,,,,0.0,273.0,273.0,273.0,273.0,273.0,273.0,273.0,273.0,273.0,273.0,273.0,273.0,273.0,273.0,273.0,273.0,273.0,273.0,273.0,273.0,371.5993133749309,372.9170259173708,0.0,369.0556,677.5844,-40.0
3331,3331,3331.0,3331.0,3331.0,3331.0,3331.0,3331.0,1.0,,,,,,,,,,,,,,,,,0.1,354.7963,338.7619,324.1607,311.4741,300.9612,292.667,286.4674,282.1388,279.4336,278.1468,278.1649,279.4912,282.2456,286.6393,292.9258,301.3329,311.9873,324.8441,339.6406,355.8894,280.4755688398998,372.1528996320232,369.0556,149.02239999999995,308.52879999999993,-20.333000000000027
3332,3332,3332.0,3332.0,3332.0,3332.0,3332.0,3332.0,2.0,,,,,,,,,,,,,,,,,0.2,284.2523,287.6263,290.2771,292.027,292.8694,292.9609,292.5837,292.0931,291.8634,292.2438,293.5291,295.9451,299.6447,304.7092,311.1532,318.928,327.925,337.9799,348.8785,360.3648,272.06954677243965,371.2874603317245,518.078,68.71569999999997,159.5064,-20.03910000000002
3333,3333,3333.0,3333.0,3333.0,3333.0,3333.0,3333.0,3.0,,,,,,,,,,,,,,,,,0.3,275.4578,278.7359,281.8145,284.642,287.2149,289.5804,291.8318,294.0981,296.5298,299.2837,302.5084,306.3322,310.853,316.1318,322.1896,329.0061,336.5221,344.6432,353.2452,362.1809,281.670105265776,371.3172608221534,586.7937,39.10910000000001,90.79070000000002,-23.419600000000003
3334,3334,3334.0,3334.0,3334.0,3334.0,3334.0,3334.0,4.0,,,,,,,,,,,,,,,,,0.4,282.9638,284.3302,285.8358,287.5372,289.4793,291.6971,294.219,297.0715,300.2815,303.8782,307.8912,312.3484,317.271,322.67,328.5416,334.8653,341.6021,348.6951,356.0712,363.6439,299.5069700208993,375.3677803833141,625.9028,19.22160000000008,51.6816,-21.302900000000022
3335,3335,3335.0,3335.0,3335.0,3335.0,3335.0,3335.0,5.0,,,,,,,,,,,,,,,,,0.5,298.376,297.4325,296.8438,296.742,297.216,298.311,300.0362,302.3751,305.2975,308.7689,312.7578,317.2381,322.1892,327.5935,333.4323,339.6811,346.3051,353.2563,360.4711,367.8715,295.9830030715958,374.2642187774266,645.1244,7.150899999999979,32.45999999999992,-14.68900000000002
3336,3336,3336.0,3336.0,3336.0,3336.0,3336.0,3336.0,6.0,,,,,,,,,,,,,,,,,0.6,296.821,297.7224,298.7503,299.9668,301.4314,303.1994,305.3189,307.8287,310.7566,314.1186,317.9186,322.1489,326.7918,331.8202,337.1993,342.8881,348.8405,355.007,361.3355,367.7726,249.7798610131503,351.6852843178208,652.2753,4.11850000000004,25.309099999999944,-9.800599999999974
3337,3337,3337.0,3337.0,3337.0,3337.0,3337.0,3337.0,7.0,,,,,,,,,,,,,,,,,0.7,259.1223,268.1567,276.6229,284.3447,291.2477,297.3554,302.7681,307.6319,312.105,316.3285,320.4066,324.3954,328.3029,332.0957,335.714,339.0898,342.168,344.9243,347.3781,349.5963,294.2823558601633,372.2675775209135,656.3938,8.109699999999975,21.190599999999904,-15.644600000000024
3338,3338,3338.0,3338.0,3338.0,3338.0,3338.0,3338.0,8.0,,,,,,,,,,,,,,,,,0.8,294.2078,294.3842,295.0224,296.2633,298.1636,300.7012,303.7937,307.3256,311.1762,315.2422,319.4528,323.7763,328.2185,332.8151,337.6199,342.6883,348.0619,353.753,359.7351,365.9406,252.1987890463419,341.7691376415485,664.5035,3.8868999999999687,13.080899999999929,-12.298800000000028
3339,3339,3339.0,3339.0,3339.0,3339.0,3339.0,3339.0,9.0,,,,,,,,,,,,,,,,,0.9,260.7808,269.1129,276.9843,284.2523,290.8557,296.8107,302.192,307.1064,311.6641,315.9558,320.0358,323.9147,327.5605,330.907,333.8703,336.3687,338.3462,339.7931,340.7607,341.3636,289.4286813304646,371.0391592529977,668.3904,9.19399999999996,9.19399999999996,-16.189300000000003
3340,3340,3340.0,3340.0,3340.0,3340.0,3340.0,3340.0,0.0,,,,,,,,,,,,,,,,,0.0,273.0,273.0,273.0,273.0,273.0,273.0,273.0,273.0,273.0,273.0,273.0,273.0,273.0,273.0,273.0,273.0,273.0,273.0,273.0,273.0,372.3970998781313,371.79463381497794,0.0,369.344,670.537,-40.0
3341,3341,3341.0,3341.0,3341.0,3341.0,3341.0,3341.0,1.0,,,,,,,,,,,,,,,,,0.1,355.4581,339.2939,324.5744,311.7847,301.186,292.8232,286.5705,282.2016,279.465,278.1516,278.1433,279.4387,282.1528,286.4919,292.7049,301.0161,311.55,324.262,338.8921,354.9584,281.67297401347145,373.64976950774206,369.344,149.6574,301.19300000000004,-20.17680000000001
3342,3342,3342.0,3342.0,3342.0,3342.0,3342.0,3342.0,2.0,,,,,,,,,,,,,,,,,0.2,285.2833,288.4962,290.9951,292.6057,293.3238,293.3066,292.8363,292.2672,291.973,292.3031,293.5538,295.9539,299.6615,304.7644,311.2845,319.1794,328.3446,338.616,349.774,361.5523,273.4540753890172,371.1590646557866,519.0014,66.97209999999995,151.53560000000004,-19.6934
3343,3343,3343.0,3343.0,3343.0,3343.0,3343.0,3343.0,3.0,,,,,,,,,,,,,,,,,0.3,276.6799,279.7995,282.7272,285.4146,287.8606,290.1145,292.2707,294.4588,296.8291,299.5376,302.7314,306.536,311.0453,316.3157,322.3626,329.1607,336.6463,344.7225,353.2652,362.1299,281.4580125553795,375.3226405313642,585.9735,37.39370000000008,84.56350000000009,-22.88549999999998
3344,3344,3344.0,3344.0,3344.0,3344.0,3344.0,3344.0,4.0,,,,,,,,,,,,,,,,,0.4,282.8936,284.3917,286.0104,287.8006,289.8053,292.0609,294.6007,297.4579,300.6684,304.2714,308.3081,312.8189,317.8392,323.3943,329.4943,336.1298,343.268,350.8506,358.794,366.9923,307.60173595546405,375.131968879056,623.3672,16.918900000000008,47.16980000000001,-20.9391
3345,3345,3345.0,3345.0,3345.0,3345.0,3345.0,3345.0,5.0,,,,,,,,,,,,,,,,,0.5,305.1428,302.9339,301.1967,300.1027,299.7615,300.2215,301.4801,303.499,306.2211,309.5842,313.5296,318.0067,322.972,328.387,334.214,340.4128,346.9375,353.7351,360.7454,367.9016,280.25042863618273,372.75066489408016,640.2861,5.942499999999996,30.2509,-12.778500000000008
3346,3346,3346.0,3346.0,3346.0,3346.0,3346.0,3346.0,6.0,,,,,,,,,,,,,,,,,0.6,284.2238,288.0976,291.796,295.2838,298.5741,301.7242,304.8237,307.9767,311.2857,314.8374,318.6945,322.8928,327.4422,332.3306,337.5292,342.9977,348.6899,354.5574,360.5529,366.6315,252.6988227627841,337.9109150717156,646.2286,3.969100000000026,24.30840000000001,-11.275800000000004
3347,3347,3347.0,3347.0,3347.0,3347.0,3347.0,3347.0,7.0,,,,,,,,,,,,,,,,,0.7,260.9895,269.0622,276.7306,283.8642,290.4006,296.3436,301.7489,306.703,311.2987,315.613,319.6903,323.5323,327.0971,330.3063,333.0614,335.2669,336.8567,337.8196,338.2155,338.18,287.9802278455129,372.3521322495379,650.1977,10.29119999999989,20.33929999999998,-16.65640000000002
3348,3348,3348.0,3348.0,3348.0,3348.0,3348.0,3348.0,8.0,,,,,,,,,,,,,,,,,0.8,288.8964,290.0101,291.486,293.4316,295.8857,298.8223,302.1666,305.8181,309.6752,313.6562,317.7149,321.8481,326.0961,330.5345,335.2601,340.3696,345.9356,351.9845,358.4805,365.3221,285.7022150908763,372.88221050057626,660.4889,5.942100000000096,10.04810000000009,-14.177700000000016
3349,3349,3349.0,3349.0,3349.0,3349.0,3349.0,3349.0,9.0,,,,,,,,,,,,,,,,,0.9,288.145,290.6287,293.1923,295.8718,298.6983,301.6976,304.8896,308.2888,311.9055,315.7472,319.8198,324.129,328.6797,333.4753,338.5159,343.7953,349.2986,355.0007,360.8647,366.8436,251.4229533768681,345.08278587785423,666.431,4.1059999999999945,4.1059999999999945,-11.302399999999976
3350,3350,3350.0,3350.0,3350.0,3350.0,3350.0,3350.0,0.0,,,,,,,,,,,,,,,,,0.0,273.0,273.0,273.0,273.0,273.0,273.0,273.0,273.0,273.0,273.0,273.0,273.0,273.0,273.0,273.0,273.0,273.0,273.0,273.0,273.0,375.3581891923145,374.7324091142128,0.0,367.7538,652.7238,-40.0
3351,3351,3351.0,3351.0,3351.0,3351.0,3351.0,3351.0,1.0,,,,,,,,,,,,,,,,,0.1,357.9146,341.2688,326.1108,312.9401,302.0257,293.4137,286.9748,282.4757,279.6575,278.3049,278.2963,279.6302,282.425,286.8931,293.2908,301.8492,312.6964,325.7863,340.8515,357.3955,285.8917205056859,373.0254212397323,367.7538,144.47560000000004,284.97,-19.586299999999994
3352,3352,3352.0,3352.0,3352.0,3352.0,3352.0,3352.0,2.0,,,,,,,,,,,,,,,,,0.2,288.9345,291.5987,293.5849,294.7325,295.0466,294.6898,293.9448,293.1637,292.7145,292.9386,294.1223,296.4825,300.1635,305.2382,311.7132,319.5325,328.5816,338.6915,349.6449,361.1848,274.1106938772367,374.7399712543232,512.2294,61.7992999999999,140.49439999999993,-18.31020000000001
3353,3353,3353.0,3353.0,3353.0,3353.0,3353.0,3353.0,3.0,,,,,,,,,,,,,,,,,0.3,277.5133,280.7907,283.8415,286.6072,289.0836,291.3236,293.4305,295.5463,297.8351,300.4671,303.6031,307.3819,311.9109,317.2596,323.4552,330.482,338.2813,346.7543,355.767,365.1566,287.6488895108644,374.9032309736038,574.0287,31.33030000000008,78.69510000000002,-21.6764
3354,3354,3354.0,3354.0,3354.0,3354.0,3354.0,3354.0,4.0,,,,,,,,,,,,,,,,,0.4,288.2166,288.8857,289.748,290.8787,292.3337,294.1512,296.3569,298.9709,302.0123,305.5029,309.4669,313.9282,318.9058,324.4093,330.4335,336.9557,343.9334,351.3044,358.9884,366.89,309.9320314477724,370.6482417685583,605.359,12.732399999999984,47.364799999999946,-18.848799999999983
3355,3355,3355.0,3355.0,3355.0,3355.0,3355.0,3355.0,5.0,,,,,,,,,,,,,,,,,0.5,307.5122,305.3262,303.5825,302.4447,302.0204,302.3615,303.472,305.3213,307.8578,311.0209,314.7483,318.98,323.6585,328.7282,334.134,339.8205,345.7332,351.8194,358.0299,364.3198,246.05086556093104,350.51643475199523,618.0914,5.522899999999936,34.63239999999996,-10.638500000000022
3356,3356,3356.0,3356.0,3356.0,3356.0,3356.0,3356.0,6.0,,,,,,,,,,,,,,,,,0.6,256.198,265.9562,274.9989,283.1092,290.202,296.3181,301.5956,306.2293,310.4267,314.3725,318.2039,321.9997,325.7807,329.5199,333.1589,336.6281,339.8677,342.8464,345.5729,348.0998,294.1493077590838,375.3373691809407,623.6143,10.81510000000003,29.109500000000025,-16.681899999999985
3357,3357,3357.0,3357.0,3357.0,3357.0,3357.0,3357.0,7.0,,,,,,,,,,,,,,,,,0.7,293.8334,293.7776,294.2002,295.246,296.9734,299.359,302.3188,305.7371,309.4956,313.4977,317.6837,322.037,326.5815,331.3721,336.4801,341.9742,347.9015,354.2696,361.0359,368.1048,286.09304773094567,370.4113331907857,634.4294,5.245400000000018,18.2944,-13.64100000000002
3358,3358,3358.0,3358.0,3358.0,3358.0,3358.0,3358.0,8.0,,,,,,,,,,,,,,,,,0.8,288.6925,291.3116,293.973,296.704,299.5368,302.5061,305.6462,308.9874,312.5529,316.3571,320.405,324.6924,329.2065,333.9274,338.8296,343.8838,349.0592,354.3255,359.6551,365.0239,248.33538701905468,351.23843443320726,639.6748,4.547199999999975,13.048999999999978,-10.493899999999996
3359,3359,3359.0,3359.0,3359.0,3359.0,3359.0,3359.0,9.0,,,,,,,,,,,,,,,,,0.9,257.639,266.6737,275.2101,283.089,290.2355,296.6571,302.426,307.6538,312.4641,316.9683,321.2492,325.3519,329.2833,333.0184,336.512,339.7147,342.5898,345.1291,347.3632,349.3641,293.74250916322046,371.5324429785214,644.222,8.501800000000003,8.501800000000003,-16.342899999999986
3360,3360,3360.0,3360.0,3360.0,3360.0,3360.0,0.0,,,,,,,,,,,,,,,,,,0.0,273.0,273.0,273.0,273.0,273.0,273.0,273.0,273.0,273.0,273.0,273.0,273.0,273.0,273.0,273.0,273.0,273.0,273.0,273.0,273.0,370.94849274665256,370.2908643130681,0.0,370.163,1040.0202,2.854600000000005
3361,3361,3361.0,3361.0,3361.0,3361.0,3361.0,1.0,,,,,,,,,,,,,,,,,,0.1,354.2564,338.3277,323.8227,311.2194,300.7752,292.5342,286.3725,282.0671,279.3701,278.0753,278.0662,279.3414,282.0138,286.2867,292.405,300.5897,310.9633,323.4817,337.8892,353.7109,302.1500206110251,374.0582061071794,370.163,150.14959999999996,669.8571999999999,2.854600000000005
3362,3362,3362.0,3362.0,3362.0,3362.0,3362.0,2.0,,,,,,,,,,,,,,,,,,0.2,302.196,302.0105,301.4201,300.3524,298.8554,297.0899,295.3018,293.7831,292.8335,292.7293,293.7033,295.9347,299.5464,304.6044,311.1186,319.0415,328.2665,338.6274,349.9011,361.8147,372.93512186528784,370.13141099631673,520.3126,60.61059999999998,519.7076,2.854600000000005
3363,3363,3363.0,3363.0,3363.0,3363.0,3363.0,3.0,,,,,,,,,,,,,,,,,,0.3,360.1809,347.9933,336.8711,327.1938,319.1963,312.9729,308.5043,305.6969,304.4221,304.5478,305.9559,308.5482,312.2418,316.9598,322.6218,329.1355,336.3923,344.2665,352.6174,361.2924,230.3941361407944,370.1529686471056,580.9232,26.063600000000065,459.097,2.854600000000005
3364,3364,3364.0,3364.0,3364.0,3364.0,3364.0,4.0,,,,,,,,,,,,,,,,,,0.4,245.8874,260.523,273.5827,284.5932,293.3765,300.0391,304.9111,308.4585,311.1922,313.5926,316.06,318.8918,322.2814,326.3298,331.0637,336.4551,342.4363,348.9134,355.7748,362.8977,371.6545261271236,374.6485759384871,606.9868,14.918900000000008,433.0333999999999,2.854600000000005
3365,3365,3365.0,3365.0,3365.0,3365.0,3365.0,5.0,,,,,,,,,,,,,,,,,,0.5,358.1805,345.5725,334.5682,325.6798,319.1496,314.9625,312.9041,312.6417,313.8073,316.0618,319.134,322.8345,327.0481,331.7154,336.8103,342.3179,348.2176,354.4716,361.0196,367.7789,173.32188967430494,172.8497262600586,621.9057,31.98879999999997,418.1144999999999,2.854600000000005
3366,3366,3366.0,3366.0,3366.0,3366.0,3366.0,6.0,,,,,,,,,,,,,,,,,,0.6,199.0082,223.444,245.5676,264.6485,280.3515,292.7147,302.056,308.8381,313.5251,316.459,317.773,317.352,314.8411,309.7039,301.3244,289.1454,272.8215,252.3594,228.2092,201.278,175.00364352363616,372.0359384365829,653.8945,164.52800000000002,386.1257,2.854600000000005
3367,3367,3367.0,3367.0,3367.0,3367.0,3367.0,7.0,,,,,,,,,,,,,,,,,,0.7,192.6272,209.8169,226.163,241.3014,254.9313,266.828,276.8533,284.9634,291.2185,295.7954,299.0001,301.2769,303.2041,305.4653,308.7881,313.8496,321.1605,330.9501,343.0861,357.0572,371.8332131388194,370.5288850747119,818.4225,154.3872,221.59769999999992,2.854600000000005
3368,3368,3368.0,3368.0,3368.0,3368.0,3368.0,8.0,,,,,,,,,,,,,,,,,,0.8,352.3474,334.1531,318.3466,305.6812,296.4978,290.7427,288.0553,287.8945,289.6684,292.8395,296.9912,301.8518,307.2839,313.2522,319.7806,326.9085,334.6557,342.9978,351.8546,361.0909,374.10362072494326,374.4560248980835,972.8097,41.935100000000034,67.21049999999991,2.854600000000005
3369,3369,3369.0,3369.0,3369.0,3369.0,3369.0,9.0,,,,,,,,,,,,,,,,,,0.9,362.098,350.5338,339.8203,330.3058,322.2583,315.8546,311.1805,308.2401,306.9708,307.2629,308.9782,311.9674,316.0826,321.1849,327.1469,333.8508,341.1841,349.0334,357.2805,365.7992,175.47653000935844,350.8625315004333,1014.7448,25.27539999999988,25.27539999999988,2.854600000000005
3370,3370,3370.0,3370.0,3370.0,3370.0,3370.0,0.0,,,,,,,,,,,,,,,,,,0.0,273.0,273.0,273.0,273.0,273.0,273.0,273.0,273.0,273.0,273.0,273.0,273.0,273.0,273.0,273.0,273.0,273.0,273.0,273.0,273.0,372.7651606818201,375.1522752381486,0.0,368.021,1147.1715,13.412399999999993
3371,3371,3371.0,3371.0,3371.0,3371.0,3371.0,1.0,,,,,,,,,,,,,,,,,,0.1,355.7635,339.5396,324.7658,311.9294,301.2926,292.9012,286.6298,282.253,279.521,278.2278,278.2606,279.6252,282.4464,286.9413,293.37,301.966,312.8591,326.0037,341.1314,357.7437,312.04314975126545,372.7441625144592,368.021,143.2661,779.1505,13.412399999999993
3372,3372,3372.0,3372.0,3372.0,3372.0,3372.0,2.0,,,,,,,,,,,,,,,,,,0.2,310.5008,308.7963,306.8166,304.5342,302.0227,299.449,297.0491,295.0936,293.8537,293.5742,294.4558,296.6461,300.2368,305.2642,311.7101,319.5033,328.5203,338.5883,349.4895,360.9688,373.64827287163183,371.6986396076828,511.2871,58.61889999999994,635.8843999999999,13.412399999999993
3373,3373,3373.0,3373.0,3373.0,3373.0,3373.0,3.0,,,,,,,,,,,,,,,,,,0.3,361.3261,349.5253,338.7073,329.2281,321.3156,315.0726,310.4998,307.5296,306.0608,305.9853,307.2045,309.6344,313.2018,317.8367,323.4629,329.9906,337.3118,345.298,353.8018,362.6602,170.11887449708792,357.00570803449784,569.906,30.736200000000053,577.2655,13.412399999999993
3374,3374,3374.0,3374.0,3374.0,3374.0,3374.0,4.0,,,,,,,,,,,,,,,,,,0.4,196.1916,220.921,243.1692,262.16,277.5546,289.4388,298.2363,304.5818,309.1871,312.7296,315.7765,318.7486,321.9159,325.4159,329.2834,333.4844,337.9483,342.5948,347.3523,352.1674,370.83258256009935,375.9566360759864,600.6422,30.01660000000004,546.5292999999999,13.412399999999993
3375,3375,3375.0,3375.0,3375.0,3375.0,3375.0,5.0,,,,,,,,,,,,,,,,,,0.5,354.6832,339.6844,326.8066,316.7047,309.6568,305.5841,304.1349,304.8015,307.0392,310.3596,314.3875,318.8806,323.7196,328.8796,334.3931,340.3134,346.6812,353.5008,360.7261,368.2585,370.4163352978151,372.4237383331966,630.6588,33.56619999999998,516.5126999999999,13.412399999999993
3376,3376,3376.0,3376.0,3376.0,3376.0,3376.0,6.0,,,,,,,,,,,,,,,,,,0.6,361.2157,352.374,344.2238,337.0482,331.0639,326.4124,323.1583,321.2963,320.7633,321.4531,323.2325,325.9558,329.4764,333.6548,338.3638,343.4907,348.9376,354.6208,360.4691,366.4214,272.7269322654512,275.4114037571852,664.225,50.36919999999998,482.9464999999999,13.412399999999993
3377,3377,3377.0,3377.0,3377.0,3377.0,3377.0,7.0,,,,,,,,,,,,,,,,,,0.7,282.9932,292.6896,301.3404,308.6344,314.4564,318.8748,322.0935,324.3826,326.0053,327.1541,327.9077,328.2101,327.8762,326.6213,324.1132,320.0417,314.1954,306.5313,297.2204,286.6553,173.47150176233566,193.6530040763716,714.5942,49.33019999999999,432.5772999999999,13.412399999999993
3378,3378,3378.0,3378.0,3378.0,3378.0,3378.0,8.0,,,,,,,,,,,,,,,,,,0.8,197.3207,220.2184,241.3284,260.02,275.9125,288.8711,298.9596,306.3671,311.3275,314.0474,314.6541,313.1699,309.5129,303.5244,295.0189,283.8511,269.9874,253.5709,234.9609,214.7358,174.01011365177263,375.8773563678563,763.9244,204.5694,383.24709999999993,13.412399999999993
3379,3379,3379.0,3379.0,3379.0,3379.0,3379.0,9.0,,,,,,,,,,,,,,,,,,0.9,191.1935,207.9655,223.9354,238.7516,252.1193,263.8135,273.6926,281.7097,287.9267,292.5282,295.8352,298.3116,300.5551,303.2635,307.1693,312.943,321.0779,331.7793,344.8886,359.8705,372.2894627216192,374.3694468096541,968.4938,178.67769999999996,178.67769999999996,13.412399999999993
3380,3380,3380.0,3380.0,3380.0,3380.0,3380.0,0.0,,,,,,,,,,,,,,,,,,0.0,273.0,273.0,273.0,273.0,273.0,273.0,273.0,273.0,273.0,273.0,273.0,273.0,273.0,273.0,273.0,273.0,273.0,273.0,273.0,273.0,375.5039169644413,372.0689407905976,0.0,368.7313,876.0823,13.985099999999989
3381,3381,3381.0,3381.0,3381.0,3381.0,3381.0,1.0,,,,,,,,,,,,,,,,,,0.1,358.0354,341.3658,326.186,312.996,302.0649,293.4385,286.9862,282.4729,279.6369,278.2588,278.2117,279.4869,282.1946,286.5379,292.7639,301.096,311.6581,324.4048,339.0753,355.186,314.4054156023616,370.1538549818006,368.7313,146.76190000000005,507.35100000000006,13.985099999999989
3382,3382,3382.0,3382.0,3382.0,3382.0,3382.0,2.0,,,,,,,,,,,,,,,,,,0.2,312.5912,310.6184,308.3776,305.8442,303.0939,300.295,297.6833,295.5277,294.0968,293.6313,294.3274,296.3276,299.7193,304.5352,310.7547,318.3057,327.0652,336.8622,347.4816,358.6716,372.1526548020455,374.7201941894133,515.4932,61.31100000000004,360.5891,13.985099999999989
3383,3383,3383.0,3383.0,3383.0,3383.0,3383.0,3.0,,,,,,,,,,,,,,,,,,0.3,360.2428,348.8259,338.3389,329.1206,321.3903,315.2511,310.7112,307.7165,306.1826,306.0207,307.1528,309.5166,313.0618,317.7413,323.5004,330.267,337.9431,346.4002,355.4781,364.9882,170.72771447466485,356.7511662479104,576.8042,30.41179999999997,299.2781,13.985099999999989
3384,3384,3384.0,3384.0,3384.0,3384.0,3384.0,4.0,,,,,,,,,,,,,,,,,,0.4,196.6813,221.2996,243.4511,262.3636,277.7,289.5451,298.3203,304.6574,309.2656,312.8199,315.8854,318.8804,322.0712,325.59,329.4648,333.6546,338.083,342.6661,347.3332,352.0366,372.7087032505139,372.41195276108266,607.216,29.40340000000004,268.8663,13.985099999999989
3385,3385,3385.0,3385.0,3385.0,3385.0,3385.0,5.0,,,,,,,,,,,,,,,,,,0.5,356.27,340.994,327.8618,317.5359,310.2986,306.0715,304.4997,305.0698,307.2284,310.4768,314.4278,318.8253,323.5353,328.5178,333.7913,339.3977,345.3716,351.7181,358.4004,365.3374,371.7053446193794,371.7847904782317,636.6194,35.47289999999998,239.4629,13.985099999999989
3386,3386,3386.0,3386.0,3386.0,3386.0,3386.0,6.0,,,,,,,,,,,,,,,,,,0.6,362.3901,353.4326,345.1647,337.8689,331.7619,326.9851,323.6031,321.6106,320.9442,321.4981,323.14,325.7265,329.1149,333.1715,337.776,342.8226,348.2191,353.8843,359.745,365.7333,274.7880392768782,270.3812436048291,672.0923,53.33589999999992,203.99,13.985099999999989
3387,3387,3387.0,3387.0,3387.0,3387.0,3387.0,7.0,,,,,,,,,,,,,,,,,,0.7,284.8017,294.2511,302.6654,309.7368,315.3515,319.5777,322.617,324.7358,326.1917,327.1704,327.7413,327.8375,327.2608,325.7119,322.8443,318.3356,311.967,303.6955,293.7015,282.3962,270.58197945914446,273.65495613973667,725.4282,32.38200000000006,150.65410000000008,13.985099999999989
3388,3388,3388.0,3388.0,3388.0,3388.0,3388.0,8.0,,,,,,,,,,,,,,,,,,0.8,278.0115,285.2309,292.0452,298.287,303.8242,308.5614,312.4367,315.414,317.4739,318.6053,318.7999,318.0493,316.3477,313.6975,310.1164,305.646,300.3586,294.3606,287.7929,280.8266,173.65839844667792,370.3445290178428,757.8102,58.96690000000001,118.27210000000002,13.985099999999989
3389,3389,3389.0,3389.0,3389.0,3389.0,3389.0,9.0,,,,,,,,,,,,,,,,,,0.9,195.8775,217.2161,236.902,254.3552,269.234,281.437,291.0706,298.3977,303.7844,307.6568,310.4742,312.7159,314.8728,317.4341,320.861,325.5439,331.7482,339.5611,348.8561,359.2905,374.8829485840511,375.48031614259145,816.7771,59.30520000000001,59.30520000000001,13.985099999999989
3390,3390,3390.0,3390.0,3390.0,3390.0,3390.0,0.0,,,,,,,,,,,,,,,,,,0.0,273.0,273.0,273.0,273.0,273.0,273.0,273.0,273.0,273.0,273.0,273.0,273.0,273.0,273.0,273.0,273.0,273.0,273.0,273.0,273.0,371.0891016407635,372.2975794273577,0.0,369.3769,745.0619,9.235700000000008
3391,3391,3391.0,3391.0,3391.0,3391.0,3391.0,1.0,,,,,,,,,,,,,,,,,,0.1,354.3731,338.4216,323.896,311.2749,300.8165,292.5651,286.3974,282.091,279.3992,278.1182,278.1348,279.452,282.1889,286.5551,292.8024,301.1574,311.7456,324.5227,339.2275,355.3755,308.45493684897133,374.1787975827965,369.3769,147.21260000000007,375.68500000000006,9.235700000000008
3392,3392,3392.0,3392.0,3392.0,3392.0,3392.0,2.0,,,,,,,,,,,,,,,,,,0.2,307.4364,306.2355,304.7209,302.8514,300.6914,298.4045,296.2279,294.4369,293.3109,293.105,294.0317,296.2528,299.8755,304.9531,311.4842,319.4124,328.6247,338.9518,350.1714,362.0146,370.6306083740757,371.8396904997985,516.5895,58.65229999999997,228.4724,9.235700000000008
3393,3393,3393.0,3393.0,3393.0,3393.0,3393.0,3.0,,,,,,,,,,,,,,,,,,0.3,358.5955,347.0779,336.5356,327.321,319.6584,313.6478,309.2876,306.5093,305.2118,305.2883,306.6424,309.1922,312.8667,317.5971,323.308,329.9097,337.2936,345.3317,353.8777,362.7707,204.50645772775889,372.3934389239666,575.2418,26.12850000000003,169.82010000000002,9.235700000000008
3394,3394,3394.0,3394.0,3394.0,3394.0,3394.0,4.0,,,,,,,,,,,,,,,,,,0.4,224.456,243.3507,260.3016,274.7114,286.3355,295.2707,301.885,306.7144,310.3566,313.3809,316.2693,319.388,322.9843,327.1991,332.0873,337.6386,343.7959,350.4691,357.546,364.8995,371.5030785750168,374.0424790339029,601.3703,16.847399999999993,143.6916,9.235700000000008
3395,3395,3395.0,3395.0,3395.0,3395.0,3395.0,5.0,,,,,,,,,,,,,,,,,,0.5,356.8316,343.155,331.3172,321.8975,315.1585,311.0617,309.3361,309.5747,311.3316,314.1981,317.8484,322.0542,326.677,331.6458,336.9308,342.5199,348.3996,354.5441,360.9096,367.4343,331.6466898413407,374.8763840201947,618.2177,31.71359999999993,126.8442,9.235700000000008
3396,3396,3396.0,3396.0,3396.0,3396.0,3396.0,6.0,,,,,,,,,,,,,,,,,,0.6,329.835,328.0407,326.3003,324.6817,323.2856,322.2357,321.6614,321.6781,322.3717,323.7892,325.9378,328.79,332.2926,336.3764,340.9649,345.9801,351.3457,356.9883,362.8371,368.8226,272.8771488172049,273.02694261334153,649.9313,30.33190000000002,95.13060000000009,9.235700000000008
3397,3397,3397.0,3397.0,3397.0,3397.0,3397.0,7.0,,,,,,,,,,,,,,,,,,0.7,281.6995,290.1306,297.8405,304.6061,310.3327,315.046,318.8607,321.9336,324.4123,326.3882,327.8621,328.726,328.7654,327.6833,325.1477,320.8569,314.6146,306.3996,296.4125,285.0823,241.17449284490016,375.1747754927166,680.2632,16.402500000000032,64.79870000000005,9.235700000000008
3398,3398,3398.0,3398.0,3398.0,3398.0,3398.0,8.0,,,,,,,,,,,,,,,,,,0.8,253.0069,264.4554,275.1772,284.9038,293.4596,300.7651,306.8282,311.7292,315.6063,318.6468,321.0835,323.1967,325.312,327.79,330.9991,335.2713,340.8465,347.816,356.0829,365.3545,372.7867347035654,373.5907876174601,696.6657,14.980099999999991,48.39620000000002,9.235700000000008
3399,3399,3399.0,3399.0,3399.0,3399.0,3399.0,9.0,,,,,,,,,,,,,,,,,,0.9,359.5036,347.0853,336.2678,327.5611,321.203,317.1709,315.239,315.0604,316.2513,318.4592,321.4053,324.9002,328.8372,333.1731,337.9013,343.0269,348.5459,354.4314,360.6275,367.0496,172.64156069970215,171.17129585863887,711.6458,33.41610000000003,33.41610000000003,9.235700000000008
3400,3400,3400.0,3400.0,3400.0,3400.0,3400.0,0.0,,,,,,,,,,,,,,,,,,0.0,273.0,273.0,273.0,273.0,273.0,273.0,273.0,273.0,273.0,273.0,273.0,273.0,273.0,273.0,273.0,273.0,273.0,273.0,273.0,273.0,372.2153505178205,372.8793546186399,0.0,368.965,845.4073,14.169500000000028
3401,3401,3401.0,3401.0,3401.0,3401.0,3401.0,1.0,,,,,,,,,,,,,,,,,,0.1,355.3074,339.1727,324.4803,311.7142,301.1354,292.7889,286.5495,282.1921,279.4667,278.1663,278.1754,279.4957,282.2459,286.6362,292.9193,301.3227,311.9728,324.8246,339.6155,355.8582,307.9834747295056,374.1434386344449,368.965,146.13119999999998,476.4423,14.169500000000028
3402,3402,3402.0,3402.0,3402.0,3402.0,3402.0,2.0,,,,,,,,,,,,,,,,,,0.2,307.1022,306.0293,304.6259,302.8458,300.7517,298.5083,296.3563,294.5758,293.4511,293.2416,294.1634,296.3797,299.9983,305.0715,311.5963,319.5142,328.7108,339.0157,350.2065,362.0159,374.0605222951402,371.40149998684007,515.0962,58.89300000000003,330.3111,14.169500000000028
3403,3403,3403.0,3403.0,3403.0,3403.0,3403.0,3.0,,,,,,,,,,,,,,,,,,0.3,361.4452,349.3752,338.3321,328.685,320.6668,314.3773,309.8084,306.8806,305.4796,305.4859,306.7911,309.3037,312.9448,317.6401,323.3097,329.8612,337.1847,345.1519,353.6177,362.4234,192.4102009947873,375.6357803541592,573.9892,28.06600000000003,271.4181,14.169500000000028
3404,3404,3404.0,3404.0,3404.0,3404.0,3404.0,4.0,,,,,,,,,,,,,,,,,,0.4,214.5989,235.6216,254.4938,270.5509,283.515,293.4829,300.8498,306.1975,310.1771,313.4124,316.4352,319.6546,323.3531,327.7005,332.7738,338.5787,345.0666,352.148,359.7021,367.5848,370.0547197629342,371.71214343843366,602.0552,18.657299999999964,243.35209999999995,14.169500000000028
3405,3405,3405.0,3405.0,3405.0,3405.0,3405.0,5.0,,,,,,,,,,,,,,,,,,0.5,355.1165,341.2189,329.243,319.7902,313.1279,309.2062,307.7311,308.2662,310.3354,313.5025,317.4184,321.8362,326.6011,331.6282,336.8757,342.3222,347.9502,353.7374,359.6532,365.6594,362.0257192821797,373.6666789021123,620.7125,38.447,224.6948,14.169500000000028
3406,3406,3406.0,3406.0,3406.0,3406.0,3406.0,6.0,,,,,,,,,,,,,,,,,,0.6,354.7588,347.7661,341.3059,335.6057,330.8497,327.1695,324.6402,323.2806,323.0597,323.9062,325.7206,328.3879,331.7887,335.8081,340.3402,345.2912,350.5779,356.1258,361.8666,367.7349,273.3487475687495,271.701771745795,659.1595,52.14359999999999,186.2478,14.169500000000028
3407,3407,3407.0,3407.0,3407.0,3407.0,3407.0,7.0,,,,,,,,,,,,,,,,,,0.7,283.4457,293.0095,301.5935,308.9025,314.8219,319.4064,322.8356,325.3496,327.1807,328.4934,329.3423,329.652,329.2213,327.7528,324.9045,320.3607,313.9099,305.5177,295.3734,283.8975,272.79664600192103,273.6133516197625,711.3031,28.512500000000045,134.1042,14.169500000000028
3408,3408,3408.0,3408.0,3408.0,3408.0,3408.0,8.0,,,,,,,,,,,,,,,,,,0.8,279.8243,286.674,293.1781,299.1883,304.5811,309.2595,313.1509,316.2023,318.3742,319.6342,319.9537,319.3066,317.6721,315.0409,311.4224,306.8541,301.4079,295.1947,288.3642,281.1005,175.41450042981407,373.8378391231944,739.8156,53.07219999999995,105.59169999999996,14.169500000000028
3409,3409,3409.0,3409.0,3409.0,3409.0,3409.0,9.0,,,,,,,,,,,,,,,,,,0.9,197.5005,218.7118,238.2812,255.6336,270.4305,282.5726,292.167,299.4763,304.8652,308.7588,311.6163,313.9187,316.161,318.8388,322.4214,327.307,333.7664,341.888,351.5403,362.3691,372.197273431696,374.6542274558848,792.8878,52.5195,52.5195,14.169500000000028
3410,3410,3410.0,3410.0,3410.0,3410.0,3410.0,0.0,,,,,,,,,,,,,,,,,,0.0,273.0,273.0,273.0,273.0,273.0,273.0,273.0,273.0,273.0,273.0,273.0,273.0,273.0,273.0,273.0,273.0,273.0,273.0,273.0,273.0,370.13727409642746,375.2310719988663,0.0,368.4421,742.055,8.925099999999986
3411,3411,3411.0,3411.0,3411.0,3411.0,3411.0,1.0,,,,,,,,,,,,,,,,,,0.1,353.5835,337.7871,323.4027,310.9049,300.5494,292.3812,286.2792,282.0253,279.3789,278.143,278.213,279.6014,282.438,286.9439,293.3816,301.9863,312.8889,326.0442,341.1837,357.809,310.03787006705073,374.71838949378974,368.4421,143.71530000000007,373.6129,8.925099999999986
3412,3412,3412.0,3412.0,3412.0,3412.0,3412.0,2.0,,,,,,,,,,,,,,,,,,0.2,308.7073,307.2121,305.4367,303.3512,301.026,298.6259,296.3849,294.5728,293.4617,293.2989,294.2898,296.5884,300.2942,305.4525,312.0539,320.0345,329.2759,339.6063,350.8041,362.6061,371.7429626951618,373.76671667395567,512.1574,56.99279999999999,229.8975999999999,8.925099999999986
3413,3413,3413.0,3413.0,3413.0,3413.0,3413.0,3.0,,,,,,,,,,,,,,,,,,0.3,359.5918,347.9611,337.3117,327.9987,320.2496,314.1669,309.7514,306.9362,305.6212,305.7002,307.0773,309.6709,313.4109,318.23,324.0542,330.7953,338.3453,346.5751,355.335,364.4584,199.7511349435881,375.141126101558,569.1502,25.8415,172.9047999999999,8.925099999999986
3414,3414,3414.0,3414.0,3414.0,3414.0,3414.0,4.0,,,,,,,,,,,,,,,,,,0.4,220.6144,240.3799,258.1215,273.2161,285.4066,294.7903,301.7466,306.8306,310.6618,313.8321,316.8438,320.0803,323.8025,328.162,333.2208,338.9732,345.3633,352.2999,359.6663,367.3284,373.3054619371111,375.6063275680467,594.9917,17.28049999999996,147.0632999999999,8.925099999999986
3415,3415,3415.0,3415.0,3415.0,3415.0,3415.0,5.0,,,,,,,,,,,,,,,,,,0.5,358.1652,344.0568,331.8556,322.1615,315.2459,311.0669,309.3417,309.6461,311.5153,314.5235,318.3303,322.6967,327.4763,332.5925,338.0118,343.7193,349.7003,355.9292,362.3639,368.9465,328.65936765398914,373.2013701098929,612.2722,31.39919999999995,129.78279999999995,8.925099999999986
3416,3416,3416.0,3416.0,3416.0,3416.0,3416.0,6.0,,,,,,,,,,,,,,,,,,0.6,327.4136,326.159,324.9101,323.7199,322.6831,321.9251,321.5826,321.7814,322.6173,324.1445,326.3729,329.2727,332.7838,336.8273,341.3152,346.16,351.2796,356.6013,362.0628,367.6113,272.21606239083206,271.07999610005504,643.6714,29.11060000000009,98.3836,8.925099999999986
3417,3417,3417.0,3417.0,3417.0,3417.0,3417.0,7.0,,,,,,,,,,,,,,,,,,0.7,281.0487,289.4993,297.2449,304.0661,309.8676,314.6708,318.5828,321.7511,324.3133,326.3513,327.8576,328.7172,328.7101,327.5359,324.8607,320.383,313.9091,305.4227,295.1316,283.4743,248.54131498521485,371.0047961002176,672.782,16.363399999999956,69.27299999999991,8.925099999999986
3418,3418,3418.0,3418.0,3418.0,3418.0,3418.0,8.0,,,,,,,,,,,,,,,,,,0.8,259.0526,269.2426,278.8226,287.5622,295.3047,301.9702,307.5503,312.0981,315.7188,318.565,320.8375,322.7875,324.7165,326.9652,329.887,333.8041,338.9526,345.426,353.137,361.8083,375.6811253752051,370.5860000675913,689.1454,16.576099999999997,52.90959999999996,8.925099999999986
3419,3419,3419.0,3419.0,3419.0,3419.0,3419.0,9.0,,,,,,,,,,,,,,,,,,0.9,362.2264,349.6219,338.5924,329.6415,323.0073,318.6724,316.4194,315.9108,316.7711,318.6537,321.2827,324.4689,328.1046,332.1446,336.581,341.418,346.6517,352.2553,358.1727,364.319,171.7448619528759,173.55513057412116,705.7215,36.33349999999996,36.33349999999996,8.925099999999986
3420,3420,3420.0,3420.0,3420.0,3420.0,0.0,,,,,,,,,,,,,,,,,,,0.0,273.0,273.0,273.0,273.0,273.0,273.0,273.0,273.0,273.0,273.0,273.0,273.0,273.0,273.0,273.0,273.0,273.0,273.0,273.0,273.0,371.5718777877893,370.4785997679501,0.0,369.9841,731.8956,-40.0
3421,3421,3421.0,3421.0,3421.0,3421.0,1.0,,,,,,,,,,,,,,,,,,,0.1,354.7735,338.7435,324.1461,311.4625,300.9517,292.6579,286.4563,282.1223,279.406,278.0993,278.0843,279.3583,282.0338,286.3137,292.4431,300.6433,311.0367,323.5792,338.0144,353.8666,323.84437686189835,371.3251616246497,369.9841,149.63869999999997,361.91149999999993,-20.342100000000016
3422,3422,3422.0,3422.0,3422.0,3422.0,2.0,,,,,,,,,,,,,,,,,,,0.2,320.2239,316.5375,312.7548,308.9064,305.0945,301.4857,298.292,295.7444,294.0683,293.4638,294.0936,296.0769,299.4876,304.3534,310.6551,318.3247,327.2434,337.2413,348.0998,359.5583,251.7464759872043,371.1281455291775,519.6228,56.90179999999998,212.2728,-11.514299999999992
3423,3423,3423.0,3423.0,3423.0,3423.0,3.0,,,,,,,,,,,,,,,,,,,0.3,260.7336,269.2349,276.8444,283.299,288.5084,292.5536,295.6541,298.1205,300.3014,302.5369,305.1256,308.3038,312.238,317.025,322.6977,329.2326,336.5584,344.5643,353.1079,362.0231,330.44590130478826,373.933691607936,576.5246,28.92640000000005,155.37099999999998,-20.446399999999983
3424,3424,3424.0,3424.0,3424.0,3424.0,4.0,,,,,,,,,,,,,,,,,,,0.4,323.3552,316.7632,311.0983,306.6655,303.6229,301.9886,301.673,302.5236,304.3693,307.0547,310.4602,314.5063,319.1482,324.3628,330.1346,336.4421,343.2483,350.4939,358.0959,365.9496,240.2957592385138,373.1020575408927,605.451,10.316100000000006,126.44459999999992,-11.01139999999998
3425,3425,3425.0,3425.0,3425.0,3425.0,5.0,,,,,,,,,,,,,,,,,,,0.5,251.7793,262.7491,272.7765,281.5819,289.0647,295.2958,300.4798,304.9005,308.8656,312.6616,316.524,320.6254,325.0748,329.9266,335.1915,340.8486,346.8548,353.1526,359.6752,366.3502,302.4817188791821,373.4919345783474,615.7671,11.223099999999931,116.12849999999992,-17.704200000000014
3426,3426,3426.0,3426.0,3426.0,3426.0,6.0,,,,,,,,,,,,,,,,,,,0.6,300.4653,298.7962,297.7684,297.5833,298.3316,300.0001,302.497,305.6862,309.4219,313.5742,318.0439,322.7661,327.705,332.8447,338.1792,343.7037,349.4076,355.2717,361.267,367.3553,287.8875049164552,374.9594062550085,626.9902,5.59660000000008,104.9054,-12.999900000000023
3427,3427,3427.0,3427.0,3427.0,3427.0,7.0,,,,,,,,,,,,,,,,,,,0.7,290.4821,293.0792,295.6891,298.335,301.0533,303.8912,306.8996,310.1264,313.6104,317.3776,321.44,325.7974,330.4396,335.3495,340.5054,345.8819,351.4507,357.18,363.0345,368.975,273.0284531128792,271.59316718242275,632.5868,1.6686999999999443,99.3087999999999,-9.108799999999974
3428,3428,3428.0,3428.0,3428.0,3428.0,8.0,,,,,,,,,,,,,,,,,,,0.8,278.3663,283.612,288.6882,293.543,298.1535,302.521,306.6581,310.5706,314.2362,317.5827,320.4708,322.6845,323.9348,323.8805,322.1703,318.5027,312.696,304.7546,294.9125,283.6381,271.555593883336,274.6461047378314,634.2555,30.31619999999998,97.64009999999996,-10.478999999999983
3429,3429,3429.0,3429.0,3429.0,3429.0,9.0,,,,,,,,,,,,,,,,,,,0.9,276.5052,281.3913,286.1506,290.7203,295.0368,299.034,302.6407,305.7787,308.3617,310.2962,311.4854,311.8354,311.264,309.711,307.1487,303.5905,299.0974,293.7799,287.7955,281.3419,249.9215469149268,373.2467810734207,664.5717,67.32389999999998,67.32389999999998,-13.966000000000008
3430,3430,3430.0,3430.0,3430.0,3430.0,0.0,,,,,,,,,,,,,,,,,,,0.0,273.0,273.0,273.0,273.0,273.0,273.0,273.0,273.0,273.0,273.0,273.0,273.0,273.0,273.0,273.0,273.0,273.0,273.0,273.0,273.0,374.09849975218896,373.6772565820586,0.0,368.352,711.643,-40.0
3431,3431,3431.0,3431.0,3431.0,3431.0,1.0,,,,,,,,,,,,,,,,,,,0.1,356.8696,340.4287,325.4572,312.4486,301.6686,293.1628,286.8034,282.3602,279.5777,278.2434,278.2376,279.5593,282.3261,286.7484,293.0801,301.5498,312.2846,325.2388,340.1478,356.5201,325.045879239912,370.5224080018568,368.352,145.09879999999998,343.29100000000005,-19.8372
3432,3432,3432.0,3432.0,3432.0,3432.0,2.0,,,,,,,,,,,,,,,,,,,0.2,321.351,317.5879,313.7248,309.7927,305.8962,302.2058,298.9383,296.3294,294.6079,293.9748,294.5907,296.5689,299.9738,304.8209,311.0772,318.6616,327.4455,337.2549,347.8746,359.0551,251.6834367405576,374.89970653393726,513.4508,54.46040000000005,198.19220000000007,-10.79419999999999
3433,3433,3433.0,3433.0,3433.0,3433.0,3.0,,,,,,,,,,,,,,,,,,,0.3,260.8121,269.4458,277.1713,283.7198,288.9991,293.0909,296.2182,298.697,300.883,303.1252,305.7317,308.9506,312.9616,317.8757,323.74,330.5431,338.2208,346.6622,355.716,365.1978,322.19996619248064,374.7090020833228,567.9112,26.205100000000016,143.73180000000002,-19.909100000000024
3434,3434,3434.0,3434.0,3434.0,3434.0,4.0,,,,,,,,,,,,,,,,,,,0.4,316.5951,311.4233,307.0564,303.759,301.6682,300.8006,301.0811,302.382,304.562,307.4953,311.0873,315.2774,320.0324,325.3342,331.1673,337.5071,344.3133,351.5253,359.0625,366.8272,282.1200901981959,372.8407230259776,594.1163,7.749500000000012,117.5267,-12.199400000000026
3435,3435,3435.0,3435.0,3435.0,3435.0,5.0,,,,,,,,,,,,,,,,,,,0.5,286.1396,290.0117,293.622,296.914,299.8991,302.6511,305.2893,307.9549,310.7871,313.9056,317.3992,321.3219,325.6947,330.5107,335.7412,341.3419,347.2582,353.4299,359.7936,366.2852,260.1852169714793,371.9591626736518,601.8658,5.869799999999941,109.7772,-10.348900000000016
3436,3436,3436.0,3436.0,3436.0,3436.0,6.0,,,,,,,,,,,,,,,,,,,0.6,267.337,274.3077,280.9433,287.1387,292.8483,298.0864,302.9171,307.4383,311.7643,316.0093,320.2752,324.6445,329.1762,333.9058,338.848,343.999,349.3412,354.846,360.4778,366.1965,285.5890528272312,371.63583350708393,607.7356,7.418599999999969,103.90740000000004,-14.913599999999974
3437,3437,3437.0,3437.0,3437.0,3437.0,7.0,,,,,,,,,,,,,,,,,,,0.7,287.3496,289.2567,291.4345,293.9688,296.8989,300.2211,303.8984,307.8753,312.0921,316.4955,321.0448,325.7133,330.4858,335.3554,340.3186,345.3718,350.5088,355.7195,360.9898,366.302,280.3067452590384,371.4222519662311,615.1542,5.981800000000021,96.48880000000008,-12.77890000000002
3438,3438,3438.0,3438.0,3438.0,3438.0,8.0,,,,,,,,,,,,,,,,,,,0.8,283.8702,287.4426,291.035,294.6622,298.3426,302.097,305.9464,309.9088,313.9979,318.221,322.5795,327.0693,331.682,336.4062,341.2284,346.1345,351.11,356.1405,361.2119,366.3104,288.8976536825996,203.7351775597956,621.136,8.951999999999998,90.50700000000006,-10.90300000000002
3439,3439,3439.0,3439.0,3439.0,3439.0,9.0,,,,,,,,,,,,,,,,,,,0.9,291.1348,293.4493,295.9077,298.5555,301.4098,304.4531,307.6269,310.8228,313.8714,316.5261,318.4489,319.2019,318.2552,315.0192,308.9089,299.4369,286.3235,269.6,249.6773,227.3516,275.6547698618319,271.36019266183683,630.088,81.55500000000006,81.55500000000006,-8.546899999999994
3440,3440,3440.0,3440.0,3440.0,3440.0,0.0,,,,,,,,,,,,,,,,,,,0.0,273.0,273.0,273.0,273.0,273.0,273.0,273.0,273.0,273.0,273.0,273.0,273.0,273.0,273.0,273.0,273.0,273.0,273.0,273.0,273.0,372.8455108221137,371.2243252776805,0.0,369.485,737.262,-40.0
3441,3441,3441.0,3441.0,3441.0,3441.0,1.0,,,,,,,,,,,,,,,,,,,0.1,355.8301,339.5929,324.8069,311.9593,301.3124,292.9111,286.6287,282.2372,279.4833,278.1554,278.1331,279.4125,282.1059,286.4171,292.5927,300.8551,311.3278,323.9662,338.5118,354.4853,326.88757552149144,375.66211810258585,369.485,147.51099999999997,367.77699999999993,-20.088900000000024
3442,3442,3442.0,3442.0,3442.0,3442.0,2.0,,,,,,,,,,,,,,,,,,,0.2,322.8129,318.6899,314.5036,310.2967,306.1788,302.3196,298.9308,296.2411,294.4733,293.8261,294.463,296.5071,300.0392,305.096,311.6679,319.6949,329.0618,339.5958,351.067,363.1952,253.36629753377665,373.05624442916746,516.996,51.969100000000026,220.266,-10.68040000000002
3443,3443,3443.0,3443.0,3443.0,3443.0,3.0,,,,,,,,,,,,,,,,,,,0.3,262.2673,270.6796,278.1962,284.5542,289.6667,293.6197,296.6396,299.044,301.1881,303.417,306.0316,309.2678,313.2884,318.184,323.9792,330.6416,338.0915,346.2121,354.8584,363.8656,317.0550570347409,373.0241488459902,568.9651,25.1644,168.29689999999994,-19.380299999999977
3444,3444,3444.0,3444.0,3444.0,3444.0,4.0,,,,,,,,,,,,,,,,,,,0.4,312.4417,308.2121,304.6955,302.1264,300.6268,300.2122,300.8182,302.3348,304.6409,307.6296,311.2218,315.3681,320.0417,325.2284,330.9139,337.0751,343.6731,350.6502,357.9307,365.423,281.9248228718008,375.12518199833727,594.1295,8.166500000000042,143.13249999999994,-12.787800000000004
3445,3445,3445.0,3445.0,3445.0,3445.0,5.0,,,,,,,,,,,,,,,,,,,0.5,285.7794,289.5074,293.0113,296.2443,299.2192,302.0039,304.7066,307.455,310.3765,313.5827,317.1596,321.1648,325.6287,330.5576,335.9382,341.7408,347.9213,354.4229,361.1774,368.1066,264.6528551911476,372.9448159666889,602.296,5.8822999999999865,134.9659999999999,-10.996100000000013
3446,3446,3446.0,3446.0,3446.0,3446.0,6.0,,,,,,,,,,,,,,,,,,,0.6,270.9525,277.1122,283.0138,288.5783,293.7745,298.6196,303.1711,307.5138,311.7452,315.9627,320.2522,324.6826,329.3013,334.135,339.1904,344.4579,349.915,355.5303,361.267,367.0854,289.803348053214,373.3244953983768,608.1783,7.007599999999911,129.0836999999999,-14.380400000000009
3447,3447,3447.0,3447.0,3447.0,3447.0,7.0,,,,,,,,,,,,,,,,,,,0.7,291.0235,292.4036,294.0807,296.1518,298.6656,301.6253,304.9981,308.7303,312.7616,317.0362,321.5096,326.1508,330.9402,335.8665,340.9223,346.1005,351.3911,356.78,362.2481,367.7719,277.9736385541003,372.1687927814127,615.1859,6.212100000000078,122.0761,-11.374700000000018
3448,3448,3448.0,3448.0,3448.0,3448.0,8.0,,,,,,,,,,,,,,,,,,,0.8,282.2256,286.4436,290.6025,294.6929,298.7229,302.7166,306.7092,310.7398,314.8449,319.0538,323.3854,327.848,332.4404,337.1535,341.9732,346.8822,351.8624,356.8961,361.9675,367.0625,301.907940139146,179.2036386767941,621.398,13.65459999999996,115.86399999999992,-10.283399999999972
3449,3449,3449.0,3449.0,3449.0,3449.0,9.0,,,,,,,,,,,,,,,,,,,0.9,301.9649,302.2054,302.7862,303.8158,305.3405,307.3378,309.7153,312.309,314.8786,317.097,318.5382,318.6697,316.8616,312.4227,304.6729,293.048,277.2252,257.2413,233.5704,207.1306,275.57248390279284,273.90271248498067,635.0526,102.20939999999996,102.20939999999996,-5.662199999999984
3450,3450,3450.0,3450.0,3450.0,3450.0,0.0,,,,,,,,,,,,,,,,,,,0.0,273.0,273.0,273.0,273.0,273.0,273.0,273.0,273.0,273.0,273.0,273.0,273.0,273.0,273.0,273.0,273.0,273.0,273.0,273.0,273.0,375.8560786018106,371.9401702110078,0.0,368.7242,643.5503,-40.0
3451,3451,3451.0,3451.0,3451.0,3451.0,1.0,,,,,,,,,,,,,,,,,,,0.1,358.3275,341.6007,326.3686,313.1332,302.1645,293.508,287.0328,282.5027,279.6547,278.2679,278.2142,279.4837,282.1855,286.5218,292.7389,301.0598,311.608,324.338,338.9894,355.0792,325.6169456760845,371.3755230004327,368.7242,146.65740000000005,274.8261,-19.49200000000002
3452,3452,3452.0,3452.0,3452.0,3452.0,2.0,,,,,,,,,,,,,,,,,,,0.2,321.9091,318.1281,314.2382,310.2682,306.3218,302.5708,299.2342,296.551,294.7535,294.0469,294.5961,296.5196,299.8878,304.7233,311.0001,318.6435,327.5291,337.4832,348.2862,359.6795,243.7547426451013,375.8221281566064,515.3816,55.26339999999993,128.16869999999994,-10.42919999999998
3453,3453,3453.0,3453.0,3453.0,3453.0,3.0,,,,,,,,,,,,,,,,,,,0.3,254.2944,264.2722,273.2169,280.8187,286.9642,291.7334,295.3642,298.1984,300.6231,303.0188,305.7231,309.0079,313.0718,318.0395,323.9672,330.8486,338.622,347.1761,356.3571,365.9768,330.1707054593209,373.2492297085968,570.645,28.22090000000003,72.90530000000001,-21.266599999999983
3454,3454,3454.0,3454.0,3454.0,3454.0,4.0,,,,,,,,,,,,,,,,,,,0.4,322.8442,316.0512,310.2486,305.7594,302.7465,301.2213,301.0788,302.1459,304.2305,307.1575,310.7898,315.033,319.8282,325.1391,330.9373,337.1907,343.8556,350.8732,358.17,365.6602,253.1041360292469,372.4621177412511,598.8659,8.733899999999949,44.68439999999998,-11.778700000000017
3455,3455,3455.0,3455.0,3455.0,3455.0,5.0,,,,,,,,,,,,,,,,,,,0.5,262.3094,271.1108,279.1745,286.2895,292.3913,297.5547,301.9608,305.8518,309.4838,313.0903,316.8579,320.9176,325.3461,330.1737,335.3953,340.9806,346.883,353.0459,359.4069,365.9011,291.1595389482486,374.3121089610689,607.5998,8.645600000000059,35.950500000000034,-15.445299999999976
3456,3456,3456.0,3456.0,3456.0,3456.0,6.0,,,,,,,,,,,,,,,,,,,0.6,291.6758,292.3903,293.4711,295.0332,297.1301,299.7572,302.8681,306.3941,310.2642,314.419,318.8181,323.4407,328.2814,333.3431,338.6303,344.1424,349.8696,355.79,361.8691,368.0612,280.7917265037822,372.0199902635271,616.2454,5.52679999999998,27.30489999999997,-13.242799999999988
3457,3457,3457.0,3457.0,3457.0,3457.0,7.0,,,,,,,,,,,,,,,,,,,0.7,284.3056,287.8086,291.2965,294.7766,298.2694,301.806,305.4243,309.1626,313.0548,317.1257,321.3899,325.8506,330.5009,335.3258,340.3043,345.4115,350.6216,355.9093,361.2514,366.6275,262.469146715754,372.9192261246259,621.7722,6.596900000000005,21.778099999999995,-11.194000000000017
3458,3458,3458.0,3458.0,3458.0,3458.0,8.0,,,,,,,,,,,,,,,,,,,0.8,269.1692,275.7396,282.0704,288.0868,293.7567,299.0901,304.1309,308.9452,313.6084,318.1939,322.7661,327.3756,332.0587,336.8384,341.7255,346.7217,351.8205,357.0093,362.2703,367.5818,282.0820527433156,370.1970803366317,628.3691,7.785600000000045,15.18119999999999,-13.909899999999991
3459,3459,3459.0,3459.0,3459.0,3459.0,9.0,,,,,,,,,,,,,,,,,,,0.9,284.6752,287.3831,290.303,293.5013,297.0078,300.8174,304.898,309.2018,313.6759,318.2713,322.947,327.6722,332.4242,337.1872,341.9492,346.7012,351.4367,356.1522,360.8476,365.5269,281.6641784046536,375.079497486894,636.1547,7.395599999999945,7.395599999999945,-12.18259999999998
3460,3460,3460.0,3460.0,3460.0,3460.0,0.0,,,,,,,,,,,,,,,,,,,0.0,273.0,273.0,273.0,273.0,273.0,273.0,273.0,273.0,273.0,273.0,273.0,273.0,273.0,273.0,273.0,273.0,273.0,273.0,273.0,273.0,371.1777136389825,375.35225219794313,0.0,368.2161,835.277,-40.0
3461,3461,3461.0,3461.0,3461.0,3461.0,1.0,,,,,,,,,,,,,,,,,,,0.1,354.4467,338.4809,323.9424,311.3106,300.8438,292.5873,286.4185,282.1164,279.4368,278.1795,278.2368,279.6191,282.4546,286.9632,293.4071,302.0214,312.9366,326.1072,341.2646,357.9096,322.5852441451362,370.7481153952359,368.2161,143.76840000000004,467.06090000000006,-20.412699999999973
3462,3462,3462.0,3462.0,3462.0,3462.0,2.0,,,,,,,,,,,,,,,,,,,0.2,319.1677,315.6779,312.0802,308.402,304.7447,301.2764,298.2123,295.7874,294.2308,293.7445,294.4901,296.5817,300.0838,305.0112,311.3296,318.9561,327.7611,337.5708,348.1723,359.3206,258.13282947724053,370.25465229659017,511.9845,54.19169999999997,323.2925,-11.723599999999976
3463,3463,3463.0,3463.0,3463.0,3463.0,3.0,,,,,,,,,,,,,,,,,,,0.3,265.9847,273.4082,280.0471,285.6732,290.2141,293.7508,296.4892,298.7162,300.7518,302.9074,305.4547,308.6073,312.5133,317.2559,322.8585,329.2919,336.4829,344.3222,352.672,361.3736,320.55410895134486,375.4511810833393,566.1762,26.674499999999966,269.10080000000005,-19.249199999999973
3464,3464,3464.0,3464.0,3464.0,3464.0,4.0,,,,,,,,,,,,,,,,,,,0.4,315.4616,310.7605,306.7877,303.785,301.8806,301.0958,301.3699,302.5958,304.6542,307.4405,310.8788,314.9254,319.5626,324.7875,330.5987,336.9844,343.9123,351.3234,359.13,367.2176,276.78635525919907,374.1582946104049,592.8507,8.198300000000017,242.42630000000008,-11.904200000000005
3465,3465,3465.0,3465.0,3465.0,3465.0,5.0,,,,,,,,,,,,,,,,,,,0.5,281.7066,286.4392,290.8345,294.8096,298.3608,301.5587,304.5294,307.4283,310.4145,313.6292,317.183,321.1504,325.5702,330.4504,335.7737,341.5032,347.5877,353.9659,360.5695,367.3255,276.21988460820864,370.8530445397535,601.049,5.430600000000027,234.2280000000001,-11.441300000000012
3466,3466,3466.0,3466.0,3466.0,3466.0,6.0,,,,,,,,,,,,,,,,,,,0.6,280.3672,284.4849,288.5488,292.5451,296.4736,300.3482,304.1965,308.056,311.9706,315.985,320.1396,324.4668,328.9871,333.7078,338.6233,343.7168,348.9627,354.331,359.7896,365.3069,285.80404138747355,372.8405732601416,606.4796,5.7789000000000215,228.79740000000004,-12.65179999999998
3467,3467,3467.0,3467.0,3467.0,3467.0,7.0,,,,,,,,,,,,,,,,,,,0.7,288.1993,290.6693,293.2797,296.0801,299.1011,302.3547,305.8381,309.5396,313.4438,317.536,321.8051,326.2439,330.849,335.6185,340.5501,345.6385,350.8735,356.2385,361.7093,367.2554,287.44025473417275,202.072289152536,612.2585,9.509799999999927,223.0185,-10.64530000000002
3468,3468,3468.0,3468.0,3468.0,3468.0,8.0,,,,,,,,,,,,,,,,,,,0.8,290.0735,292.7497,295.5069,298.3726,301.3584,304.4529,307.6124,310.7484,313.7111,316.271,318.1019,318.7711,317.748,314.4374,308.2452,298.6741,285.4358,268.5567,248.4482,225.9123,275.952412196297,271.1746152533729,621.7683,84.75060000000008,213.5087000000001,-8.5471
3469,3469,3469.0,3469.0,3469.0,3469.0,9.0,,,,,,,,,,,,,,,,,,,0.9,280.6456,285.2219,289.5707,293.5908,297.1912,300.2879,302.7997,304.6457,305.7465,306.0321,305.4549,304.0054,301.7268,298.7223,295.1498,291.2031,287.0804,282.9489,278.9135,275.0026,254.2269766800078,316.0029484426068,706.5189,128.7581,128.7581,-12.71210000000002
3470,3470,3470.0,3470.0,3470.0,3470.0,0.0,,,,,,,,,,,,,,,,,,,0.0,273.0,273.0,273.0,273.0,273.0,273.0,273.0,273.0,273.0,273.0,273.0,273.0,273.0,273.0,273.0,273.0,273.0,273.0,273.0,273.0,372.34904638843454,375.1014881358436,0.0,368.1098,718.3781,-40.0
3471,3471,3471.0,3471.0,3471.0,3471.0,1.0,,,,,,,,,,,,,,,,,,,0.1,355.4183,339.2621,324.55,311.7671,301.1749,292.8187,286.5741,282.2166,279.4978,278.2132,278.251,279.618,282.4396,286.9333,293.3593,301.9513,312.8392,325.9773,341.0975,357.7016,323.54058741013074,372.3867433237807,368.1098,143.4217,350.2683,-20.18130000000002
3472,3472,3472.0,3472.0,3472.0,3472.0,2.0,,,,,,,,,,,,,,,,,,,0.2,320.0179,316.4245,312.7262,308.9522,305.2051,301.6547,298.5175,296.0302,294.4233,293.9009,294.6271,296.7197,300.2475,305.2305,311.6396,319.3963,328.3732,338.3956,349.2457,360.6694,257.01761595655404,374.7564829112785,511.5315,52.45300000000003,206.8466,-11.345300000000009
3473,3473,3473.0,3473.0,3473.0,3473.0,3.0,,,,,,,,,,,,,,,,,,,0.3,265.1342,272.808,279.6707,285.486,290.1782,293.8302,296.654,298.946,301.0381,303.2546,305.8808,309.1445,313.2079,318.1678,324.0593,330.8619,338.5061,346.8794,355.8335,365.1915,319.6302874232986,370.9983629411353,563.9845,24.25879999999995,154.3936,-19.16980000000001
3474,3474,3474.0,3474.0,3474.0,3474.0,4.0,,,,,,,,,,,,,,,,,,,0.4,314.6905,310.1404,306.3154,303.4561,301.69,301.038,301.4389,302.7844,304.9522,307.8315,311.3359,315.4058,320.0017,325.0945,330.6552,336.6474,343.0229,349.721,356.6701,363.7908,276.6999883967989,375.1730043571112,588.2433,8.280899999999974,130.13480000000004,-11.961999999999987
3475,3475,3475.0,3475.0,3475.0,3475.0,5.0,,,,,,,,,,,,,,,,,,,0.5,281.6135,286.3436,290.7442,294.7341,298.3088,301.5362,304.5378,307.4637,310.4677,313.6876,317.2331,321.1818,325.5801,330.4471,335.7798,341.5557,347.7357,354.2643,361.0711,368.0721,277.6974318304319,373.8385895043572,596.5242,5.688000000000102,121.85390000000008,-11.463799999999992
3476,3476,3476.0,3476.0,3476.0,3476.0,6.0,,,,,,,,,,,,,,,,,,,0.6,281.5881,285.4616,289.3045,293.111,296.8848,300.641,304.4052,308.2122,312.103,316.1208,320.307,324.6971,329.3172,334.1822,339.2936,344.6409,350.2014,355.9433,361.8272,367.8082,277.2969988933186,371.5106449255781,602.2122,5.862299999999891,116.16589999999997,-12.35899999999998
3477,3477,3477.0,3477.0,3477.0,3477.0,7.0,,,,,,,,,,,,,,,,,,,0.7,281.2207,285.1468,289.0788,293.0228,296.9879,300.9864,305.0332,309.1451,313.3391,317.6311,322.034,326.5563,331.2007,335.9644,340.8382,345.8088,350.8592,355.9715,361.128,366.3126,279.6683875366737,370.9658037172104,608.0745,6.270000000000096,110.30360000000007,-12.013599999999997
3478,3478,3478.0,3478.0,3478.0,3478.0,8.0,,,,,,,,,,,,,,,,,,,0.8,283.2571,286.8724,290.5388,294.2765,298.1002,302.0196,306.0395,310.1612,314.3838,318.7048,323.1207,327.627,332.2181,336.887,341.6257,346.4248,351.2741,356.1632,361.0814,366.0189,289.0249300222393,190.9767658719624,614.3445,10.996499999999967,104.03359999999998,-10.980399999999976
3479,3479,3479.0,3479.0,3479.0,3479.0,9.0,,,,,,,,,,,,,,,,,,,0.9,291.2223,293.5037,295.9407,298.5817,301.4434,304.5039,307.6967,310.9012,313.9308,316.5168,318.293,318.7871,317.429,313.5859,306.6313,296.0439,281.5265,263.1165,241.2589,216.8128,271.3651980258888,271.5360059319582,625.341,93.0371,93.0371,-8.496100000000013
3480,3480,3480.0,3480.0,3480.0,0.0,,,,,,,,,,,,,,,,,,,,0.0,273.0,273.0,273.0,273.0,273.0,273.0,273.0,273.0,273.0,273.0,273.0,273.0,273.0,273.0,273.0,273.0,273.0,273.0,273.0,273.0,375.9660743787217,373.3811738805324,0.0,368.1636,831.9067,-40.0
3481,3481,3481.0,3481.0,3481.0,1.0,,,,,,,,,,,,,,,,,,,,0.1,358.4188,341.6741,326.4259,313.1766,302.1966,293.532,287.0518,282.5206,279.6761,278.2991,278.2636,279.5632,282.3112,286.7145,293.0243,301.4675,312.1698,325.0855,339.9504,356.2746,299.3647392353599,371.0260194384187,368.1636,145.30259999999998,463.7431,-19.468000000000018
3482,3482,3482.0,3482.0,3482.0,2.0,,,,,,,,,,,,,,,,,,,,0.2,300.1388,300.6357,300.6435,300.0644,298.936,297.4239,295.7897,294.3472,293.4186,293.2984,294.2301,296.3948,299.9083,304.8226,311.1296,318.7638,327.6056,337.4851,348.1874,359.4605,186.83856642216665,369.63150737598886,513.4662,81.91740000000004,318.44050000000004,-15.576099999999997
3483,3483,3483.0,3483.0,3483.0,3.0,,,,,,,,,,,,,,,,,,,,0.3,205.7869,223.8622,240.3196,254.6427,266.5941,276.2137,283.7705,289.6886,294.4647,298.597,302.532,306.6338,311.1713,316.32,322.1706,328.7419,335.994,343.8409,352.1622,360.8126,370.2941177028635,372.0039609900359,595.3836,78.90009999999995,236.5231,-36.78629999999998
3484,3484,3484.0,3484.0,3484.0,4.0,,,,,,,,,,,,,,,,,,,,0.4,352.7274,336.3218,322.0665,310.6476,302.3877,297.2614,294.9708,295.0545,296.9977,300.3206,304.6324,309.6518,315.1999,321.1782,327.5391,334.2594,341.3182,348.683,356.3025,364.1052,179.71163101021153,371.52737810446905,674.2837,28.63630000000001,157.62300000000005,-15.73860000000002
3485,3485,3485.0,3485.0,3485.0,5.0,,,,,,,,,,,,,,,,,,,,0.5,201.7855,222.7675,241.7413,258.0985,271.5994,282.356,290.7528,297.3344,302.6914,307.3689,311.81,316.3331,321.1371,326.3215,331.9132,337.891,344.2062,350.796,357.5923,364.5257,372.57260310189343,372.4661194140186,702.92,42.50639999999999,128.98670000000004,-30.644000000000005
3486,3486,3486.0,3486.0,3486.0,6.0,,,,,,,,,,,,,,,,,,,,0.6,355.4315,339.475,325.7091,314.8264,307.1436,302.617,300.9219,301.5649,303.9974,307.7074,312.2745,317.392,322.86,328.5642,334.4482,340.4877,346.671,352.9854,359.4108,365.9171,187.2987021561152,371.3511902858213,745.4264,13.649600000000078,86.48030000000006,-10.38299999999998
3487,3487,3487.0,3487.0,3487.0,7.0,,,,,,,,,,,,,,,,,,,,0.7,208.9574,229.5624,248.2289,264.3681,277.746,288.4658,296.8907,303.536,308.9585,313.6692,318.0795,322.4812,327.0521,331.8777,336.9777,342.3313,347.8971,353.6271,359.4739,365.3947,345.9727574199189,373.81348470552814,759.076,24.85419999999999,72.83069999999998,-24.5342
3488,3488,3488.0,3488.0,3488.0,8.0,,,,,,,,,,,,,,,,,,,,0.8,334.4388,323.8302,314.9291,308.2666,304.0732,302.2935,302.6514,304.7415,308.1216,312.3855,317.2074,322.357,327.6936,333.146,338.6896,344.3238,350.0548,355.8843,361.803,367.7898,175.47922377205762,370.6657009812892,783.9302,16.137200000000007,47.97649999999999,-10.706500000000004
3489,3489,3489.0,3489.0,3489.0,9.0,,,,,,,,,,,,,,,,,,,,0.9,198.5594,220.606,240.7448,258.3818,273.2594,285.4422,295.2469,303.1412,309.6417,315.2304,320.303,325.148,329.9498,334.8073,339.7576,344.7997,349.914,355.0757,360.2635,365.4627,355.08596237186885,373.78416852459816,800.0674,31.83929999999998,31.83929999999998,-27.557799999999983
3490,3490,3490.0,3490.0,3490.0,0.0,,,,,,,,,,,,,,,,,,,,0.0,273.0,273.0,273.0,273.0,273.0,273.0,273.0,273.0,273.0,273.0,273.0,273.0,273.0,273.0,273.0,273.0,273.0,273.0,273.0,273.0,373.0110024821914,374.8274572930913,0.0,368.101,796.1996,-40.0
3491,3491,3491.0,3491.0,3491.0,1.0,,,,,,,,,,,,,,,,,,,,0.1,355.9675,339.7035,324.8933,312.0251,301.3619,292.9493,286.6617,282.2725,279.5309,278.2297,278.2546,279.6102,282.4196,286.8987,293.3061,301.8743,312.7326,325.8353,340.9148,357.4743,305.03102009065327,370.72214532490295,368.101,144.2432,428.0986,-20.05070000000001
3492,3492,3492.0,3492.0,3492.0,2.0,,,,,,,,,,,,,,,,,,,,0.2,304.6954,304.1418,303.2088,301.8344,300.0736,298.0914,296.1346,294.493,293.4606,293.3042,294.2428,296.4371,299.9865,304.9305,311.2513,318.8764,327.6822,337.4978,348.1108,359.2755,199.3152099591385,372.2960534483785,512.3442,74.39940000000001,283.85540000000003,-14.90859999999998
3493,3493,3493.0,3493.0,3493.0,3.0,,,,,,,,,,,,,,,,,,,,0.3,216.3597,232.6039,247.367,260.181,270.8377,279.3866,286.0899,291.3522,295.6448,299.4388,303.1557,307.1396,311.6455,316.8404,322.8109,329.5739,337.0871,345.2598,353.962,363.034,372.22956387434857,372.0356128830485,586.7436,63.87689999999998,209.456,-33.61340000000001
3494,3494,3494.0,3494.0,3494.0,4.0,,,,,,,,,,,,,,,,,,,,0.4,355.05,338.9796,324.9646,313.6651,305.3973,300.1476,297.6441,297.4584,299.1092,302.1454,306.1967,310.9929,316.3568,322.1842,328.4168,335.0187,341.957,349.1903,356.6632,364.3055,193.7877954062867,374.0320506835976,650.6205,20.42100000000005,145.57910000000004,-12.852399999999989
3495,3495,3495.0,3495.0,3495.0,5.0,,,,,,,,,,,,,,,,,,,,0.5,213.9034,233.0098,250.2615,265.1004,277.3123,287.011,294.5637,300.4857,305.3344,309.6236,313.7705,318.0761,322.7288,327.8242,333.3891,339.4036,345.819,352.569,359.577,366.7602,355.4492539601451,374.65443631437313,671.0415,28.7423,125.1581,-25.988999999999976
3496,3496,3496.0,3496.0,3496.0,6.0,,,,,,,,,,,,,,,,,,,,0.6,342.1916,329.9056,319.4157,311.2882,305.7801,302.8534,302.241,303.5403,306.3069,310.1297,314.6751,319.7036,325.0631,330.6691,336.4814,342.4823,348.6599,354.9975,361.4687,368.0363,173.60165249109957,370.1852599648507,699.7838,16.262200000000007,96.4158,-10.146599999999978
3497,3497,3497.0,3497.0,3497.0,7.0,,,,,,,,,,,,,,,,,,,,0.7,197.256,219.8139,240.3492,258.2355,273.206,285.3387,294.9804,302.6393,308.8742,314.2059,319.0601,323.7456,328.4565,333.2926,338.2854,343.4238,348.6761,354.0057,359.3808,364.7786,358.92986382365086,371.9904558523653,716.046,32.19839999999999,80.15359999999998,-27.661299999999983
3498,3498,3498.0,3498.0,3498.0,8.0,,,,,,,,,,,,,,,,,,,,0.8,344.4771,331.1299,319.8232,311.1925,305.5144,302.7225,302.4843,304.3091,307.6576,312.0301,317.0199,322.3339,327.7869,333.2801,338.7747,344.2666,349.7666,355.287,360.8339,366.405,171.65097485229745,370.2113789872024,748.2444,16.026299999999992,47.95519999999999,-10.277499999999977
3499,3499,3499.0,3499.0,3499.0,9.0,,,,,,,,,,,,,,,,,,,,0.9,195.7488,218.7372,239.6799,257.9434,273.258,285.7014,295.6208,303.5238,309.9662,315.4636,320.4352,325.1835,329.8991,334.6818,339.5673,344.5527,349.6168,354.7336,359.881,365.0434,351.502472622342,371.9740067249384,764.2707,31.9289,31.9289,-27.29860000000002
3500,3500,3500.0,3500.0,3500.0,0.0,,,,,,,,,,,,,,,,,,,,0.0,273.0,273.0,273.0,273.0,273.0,273.0,273.0,273.0,273.0,273.0,273.0,273.0,273.0,273.0,273.0,273.0,273.0,273.0,273.0,273.0,374.9636392263379,375.8588407668428,0.0,367.3976,789.2521,-40.0
3501,3501,3501.0,3501.0,3501.0,1.0,,,,,,,,,,,,,,,,,,,,0.1,357.5873,341.0058,325.9063,312.7867,301.9149,293.3374,286.9255,282.448,279.6481,278.3135,278.3258,279.6872,282.5205,287.0423,293.5132,302.1675,313.1354,326.3706,341.6027,358.3299,303.0088327530528,374.7530624088571,367.3976,141.63959999999997,421.8545,-19.6626
3502,3502,3502.0,3502.0,3502.0,2.0,,,,,,,,,,,,,,,,,,,,0.2,303.1164,302.9808,302.4197,301.3566,299.8409,298.04,296.2097,294.654,293.6832,293.5814,294.5845,296.8693,300.5507,305.682,312.2574,320.2133,329.4299,339.7339,350.9029,362.6736,192.07702687262267,371.14755298657246,509.0372,73.6979,280.21490000000006,-14.95999999999998
3503,3503,3503.0,3503.0,3503.0,3.0,,,,,,,,,,,,,,,,,,,,0.3,210.31,227.6954,243.5117,257.2611,268.7193,277.9331,285.1733,290.8608,295.4861,299.5382,303.4532,307.5831,312.1841,317.4185,323.3639,330.0273,337.3594,345.2686,353.6329,362.3105,373.0196191739647,372.5035990162354,582.7351,68.62540000000001,206.51700000000005,-35.066899999999976
3504,3504,3504.0,3504.0,3504.0,4.0,,,,,,,,,,,,,,,,,,,,0.4,355.3539,338.8418,324.4669,312.9133,304.5056,299.2236,296.7771,296.7127,298.5224,301.731,305.949,310.8934,316.3806,322.3054,328.6128,335.2723,342.2574,349.5325,357.0462,364.7305,187.5976524311264,372.5305823913695,651.3605,22.30499999999995,137.89160000000004,-13.776400000000024
3505,3505,3505.0,3505.0,3505.0,5.0,,,,,,,,,,,,,,,,,,,,0.5,208.6673,228.6851,246.7694,262.337,275.1617,285.3579,293.303,299.5283,304.6081,309.0712,313.3459,317.739,322.4402,327.5429,333.0698,338.9974,345.2749,351.8378,358.6159,365.5375,373.93882555995424,375.6736991768976,673.6655,33.11360000000002,115.58660000000008,-27.642100000000028
3506,3506,3506.0,3506.0,3506.0,6.0,,,,,,,,,,,,,,,,,,,,0.6,357.1639,341.5377,328.0365,317.3337,309.7391,305.2144,303.4498,303.9724,306.2563,309.811,314.2353,319.2383,324.6331,330.3154,336.2363,342.3763,348.7243,355.2642,361.967,368.7889,186.6600613353665,369.8092229642016,706.7791,12.49980000000005,82.47300000000007,-7.785599999999988
3507,3507,3507.0,3507.0,3507.0,7.0,,,,,,,,,,,,,,,,,,,,0.7,208.8272,229.916,249.02,265.5345,279.2161,290.1653,298.7492,305.4902,310.9542,315.6606,320.0265,324.3449,328.7906,333.4415,338.307,343.3562,348.5405,353.8108,359.1277,364.4651,349.932388145806,370.8390286016747,719.2789,21.26659999999993,69.97320000000002,-22.8347
3508,3508,3508.0,3508.0,3508.0,8.0,,,,,,,,,,,,,,,,,,,,0.8,337.9578,326.9343,317.6652,310.6952,306.2589,304.2961,304.5184,306.5035,309.7905,313.9542,318.6516,323.6374,328.7582,333.933,339.1299,344.3449,349.5846,354.8559,360.1603,365.492,170.54348274527533,375.15509639099673,740.5455,16.79090000000008,48.706600000000094,-8.703899999999976
3509,3509,3509.0,3509.0,3509.0,9.0,,,,,,,,,,,,,,,,,,,,0.9,194.8367,218.0329,239.2029,257.7136,273.2872,285.9866,296.1423,304.2467,310.8465,316.4569,321.5071,326.3187,331.1094,336.0101,341.0884,346.3686,351.8471,357.5027,363.302,369.2024,347.0289076809163,370.49677833757727,757.3364,31.91570000000001,31.91570000000001,-27.01339999999999
3510,3510,3510.0,3510.0,3510.0,0.0,,,,,,,,,,,,,,,,,,,,0.0,273.0,273.0,273.0,273.0,273.0,273.0,273.0,273.0,273.0,273.0,273.0,273.0,273.0,273.0,273.0,273.0,273.0,273.0,273.0,273.0,374.0284745568872,373.7710744001613,0.0,368.3283,819.1251,-40.0
3511,3511,3511.0,3511.0,3511.0,1.0,,,,,,,,,,,,,,,,,,,,0.1,356.8115,340.382,325.4209,312.4214,301.6489,293.1491,286.7943,282.3547,279.5749,278.2429,278.2394,279.5637,282.3338,286.7607,293.0985,301.5763,312.3211,325.2874,340.2103,356.598,302.0929828019293,373.043748220303,368.3283,144.9062,450.7968,-19.850900000000024
3512,3512,3512.0,3512.0,3512.0,2.0,,,,,,,,,,,,,,,,,,,,0.2,302.3068,302.2744,301.8104,300.8355,299.3962,297.6576,295.8735,294.3459,293.3837,293.2696,294.2386,296.4669,300.0695,305.1004,311.5551,319.3721,328.4342,338.5709,349.5631,361.1506,189.92694011858487,373.4302775383432,513.2345,77.90750000000003,305.89059999999995,-15.342399999999998
3513,3513,3513.0,3513.0,3513.0,3.0,,,,,,,,,,,,,,,,,,,,0.3,208.4467,226.107,242.1757,256.1466,267.7909,277.1536,284.5071,290.2765,294.9587,299.0515,303.0016,307.1739,311.8394,317.1764,323.2781,330.165,337.7963,346.0817,354.8914,364.067,372.81994764034863,371.8311179944292,591.142,71.96669999999995,227.98309999999992,-35.84640000000002
3514,3514,3514.0,3514.0,3514.0,4.0,,,,,,,,,,,,,,,,,,,,0.4,355.0297,338.4043,323.9363,312.3163,303.8717,298.582,296.1538,296.1294,297.9955,301.2713,305.5619,310.5783,316.1304,322.1055,328.4408,335.0986,342.0471,349.2489,356.6553,364.2059,178.29867594138403,375.0450541623061,663.1087,25.9271,156.01639999999998,-14.418000000000006
3515,3515,3515.0,3515.0,3515.0,5.0,,,,,,,,,,,,,,,,,,,,0.5,200.8611,222.3043,241.6888,258.3899,272.1607,283.1143,291.6436,298.3059,303.7073,308.409,312.8699,317.4234,322.283,327.5617,333.2989,339.4833,346.0719,353.0019,360.1976,367.5752,370.62907835696905,370.7405530640536,689.0358,39.39570000000003,130.08929999999998,-29.885699999999986
3516,3516,3516.0,3516.0,3516.0,6.0,,,,,,,,,,,,,,,,,,,,0.6,353.9033,338.3498,324.9635,314.4285,307.0555,302.7981,301.3317,302.1645,304.7504,308.5785,313.228,318.3879,323.8508,329.4914,335.2407,341.0628,346.9383,352.8543,358.8002,364.7655,178.48436618891515,374.8834567677465,728.4315,15.37639999999999,90.69359999999996,-10.201900000000023
3517,3517,3517.0,3517.0,3517.0,7.0,,,,,,,,,,,,,,,,,,,,0.7,201.6395,223.6813,243.6731,260.9876,275.3686,286.9138,295.995,303.1456,308.9469,313.9371,318.5552,323.1204,327.8373,332.8173,338.1042,343.6976,349.5704,355.6802,361.9751,368.397,354.63339830334786,373.5445453312352,743.8079,28.669199999999933,75.31719999999996,-26.08620000000002
3518,3518,3518.0,3518.0,3518.0,8.0,,,,,,,,,,,,,,,,,,,,0.8,341.2252,328.8558,318.4037,310.4661,305.3038,302.8562,302.8144,304.7227,308.0819,312.4303,317.3938,322.7029,328.1864,333.7503,339.3534,344.9837,350.642,356.3308,362.049,367.7904,174.2375252932767,372.09889470047136,772.4771,15.841600000000083,46.648000000000025,-10.1438
3519,3519,3519.0,3519.0,3519.0,9.0,,,,,,,,,,,,,,,,,,,,0.9,197.8163,220.3202,240.8414,258.7656,273.8305,286.1104,295.9414,303.8157,310.2736,315.8171,320.8561,325.6873,330.4993,335.3919,340.4021,345.5282,350.7493,356.0387,361.3721,366.7301,352.1102031629827,372.97165991244736,788.3187,30.80639999999994,30.80639999999994,-26.889599999999973
3520,3520,3520.0,3520.0,3520.0,0.0,,,,,,,,,,,,,,,,,,,,0.0,273.0,273.0,273.0,273.0,273.0,273.0,273.0,273.0,273.0,273.0,273.0,273.0,273.0,273.0,273.0,273.0,273.0,273.0,273.0,273.0,374.3161276230034,373.267201213705,0.0,368.4706,790.1338,-40.0
3521,3521,3521.0,3521.0,3521.0,1.0,,,,,,,,,,,,,,,,,,,,0.1,357.0501,340.5738,325.5701,312.5333,301.7299,293.2052,286.8312,282.3767,279.5852,278.2427,278.2283,279.5393,282.2917,286.6943,292.9992,301.434,312.1248,325.0261,339.8743,356.18,305.77400057921227,372.0972534525162,368.4706,145.45460000000003,421.6632,-19.79480000000001
3522,3522,3522.0,3522.0,3522.0,2.0,,,,,,,,,,,,,,,,,,,,0.2,305.374,304.7547,303.754,302.3094,300.4764,298.4208,296.3908,294.6779,293.5783,293.3618,294.2512,296.4124,299.9517,304.9164,311.297,319.0285,327.992,338.017,348.8857,360.341,196.1820450061225,372.4029657795791,513.9252,74.42279999999994,276.20859999999993,-14.579200000000014
3523,3523,3523.0,3523.0,3523.0,3.0,,,,,,,,,,,,,,,,,,,,0.3,213.8203,230.6285,245.9005,259.1501,270.1604,278.9807,285.8808,291.2778,295.6576,299.5055,303.2555,307.2609,311.7828,316.991,322.9723,329.7423,337.2567,345.4234,354.1121,363.1643,371.1750227236258,373.7231859936175,588.348,65.45230000000004,201.7858,-34.01929999999999
3524,3524,3524.0,3524.0,3524.0,4.0,,,,,,,,,,,,,,,,,,,,0.4,354.0504,338.041,324.098,312.8837,304.7136,299.5713,297.1802,297.1071,298.8671,302.0071,306.1576,311.0512,316.5159,322.4541,328.8146,335.5675,342.6845,350.1252,357.8319,365.7281,186.24048755197137,370.5439739702781,653.8003,22.06000000000006,136.33349999999996,-13.428699999999992
3525,3525,3525.0,3525.0,3525.0,5.0,,,,,,,,,,,,,,,,,,,,0.5,207.5449,227.7904,246.0888,261.8512,274.8469,285.1874,293.2489,299.5627,304.7039,309.2023,313.4862,317.8608,322.512,327.5276,332.923,338.668,344.7075,350.9768,357.4116,363.9522,371.5315430849535,372.2782543724621,675.8603,33.529399999999896,114.2734999999999,-27.81259999999997
3526,3526,3526.0,3526.0,3526.0,6.0,,,,,,,,,,,,,,,,,,,,0.6,355.1133,339.8315,326.6512,316.2369,308.892,304.5746,302.973,303.6141,305.9719,309.5554,313.9625,318.8996,324.1764,329.6849,335.3724,341.2174,347.2096,353.3372,359.5798,365.9067,190.7791508549044,375.9678715038701,709.3897,12.616800000000012,80.7441,-8.425400000000025
3527,3527,3527.0,3527.0,3527.0,7.0,,,,,,,,,,,,,,,,,,,,0.7,212.0964,232.3794,250.7593,266.6574,279.8417,290.4117,298.7227,305.2801,310.6331,315.289,319.661,324.0489,328.6439,333.5487,338.8012,344.3968,350.3042,356.4759,362.8545,369.3751,348.9223004219603,375.3275325772207,722.0065,21.05860000000007,68.12729999999999,-22.588300000000004
3528,3528,3528.0,3528.0,3528.0,8.0,,,,,,,,,,,,,,,,,,,,0.8,337.2467,326.4983,317.461,310.6684,306.3536,304.4646,304.7281,306.7416,310.0649,314.2926,319.0976,324.2466,329.5932,335.0586,340.6092,346.2352,351.9354,357.707,363.5411,369.4219,171.98590958240268,370.4572860571741,743.0651,16.267799999999966,47.06869999999992,-8.535399999999981
3529,3529,3529.0,3529.0,3529.0,9.0,,,,,,,,,,,,,,,,,,,,0.9,196.0456,219.0236,240.0043,258.3644,273.8313,286.4689,296.6043,304.7229,311.3613,317.0204,322.1111,326.9315,331.6708,336.428,341.238,346.0966,350.9825,355.872,360.7492,365.6091,346.55691850135366,372.8353631066586,759.3329,30.80089999999996,30.80089999999996,-26.53109999999998
3530,3530,3530.0,3530.0,3530.0,0.0,,,,,,,,,,,,,,,,,,,,0.0,273.0,273.0,273.0,273.0,273.0,273.0,273.0,273.0,273.0,273.0,273.0,273.0,273.0,273.0,273.0,273.0,273.0,273.0,273.0,273.0,372.8928972717484,373.0564210259194,0.0,368.7845,799.7537,-40.0
3531,3531,3531.0,3531.0,3531.0,1.0,,,,,,,,,,,,,,,,,,,,0.1,355.8694,339.6246,324.8318,311.9784,301.3272,292.9232,286.6405,282.2519,279.5055,278.192,278.1942,279.5126,282.2652,286.6619,292.9554,301.3733,312.0421,324.9166,339.7337,356.0051,303.8529407473223,374.3830271194186,368.7845,145.82529999999997,430.9692,-20.07679999999999
3532,3532,3532.0,3532.0,3532.0,2.0,,,,,,,,,,,,,,,,,,,,0.2,303.7095,303.339,302.5722,301.3411,299.6976,297.8061,295.9154,294.3194,293.3189,293.1893,294.1609,296.4086,300.0487,305.1392,311.6811,319.618,328.8364,339.1664,350.3851,362.2244,192.0978582658198,375.3918129227805,514.6098,75.88780000000008,285.14390000000003,-15.193899999999983
3533,3533,3533.0,3533.0,3533.0,3.0,,,,,,,,,,,,,,,,,,,,0.3,210.3083,227.669,243.4567,257.1729,268.5939,277.7684,284.9703,290.6251,295.2291,299.2792,303.2215,307.4205,312.1476,317.5812,323.8152,330.8699,338.703,347.221,356.2892,365.7418,371.8415284833488,373.5286106518032,590.4976,68.3392,209.25609999999995,-35.231600000000014
3534,3534,3534.0,3534.0,3534.0,4.0,,,,,,,,,,,,,,,,,,,,0.4,354.3549,338.0139,323.7953,312.3792,304.0894,298.908,296.5499,296.5683,298.4622,301.7622,306.0832,311.143,316.7563,322.8122,329.2482,336.025,343.1084,350.458,358.0219,365.7364,183.1372745537469,374.198775261823,658.8368,23.087499999999977,140.91689999999994,-14.091999999999985
3535,3535,3535.0,3535.0,3535.0,5.0,,,,,,,,,,,,,,,,,,,,0.5,204.9047,225.5934,244.2981,260.4188,273.7208,284.3174,292.5919,299.0856,304.3853,309.0324,313.4666,318.0043,322.8432,328.0825,333.7493,339.8229,346.2544,352.9799,359.9283,367.0262,374.08407691903386,374.7104046428232,681.9243,35.493799999999965,117.82939999999996,-28.68259999999998
3536,3536,3536.0,3536.0,3536.0,6.0,,,,,,,,,,,,,,,,,,,,0.6,357.0501,341.1912,327.5057,316.6813,309.0336,304.5212,302.8244,303.4561,305.8746,309.5734,314.1367,319.2603,324.7454,330.4772,336.3975,342.4803,348.7113,355.076,361.5525,368.1101,187.72084498477324,371.13074645857046,717.4181,12.381500000000074,82.3356,-8.478799999999978
3537,3537,3537.0,3537.0,3537.0,7.0,,,,,,,,,,,,,,,,,,,,0.7,209.6226,230.4602,249.3394,265.665,279.199,290.0437,298.5638,305.2773,310.7438,315.4765,319.887,324.2649,328.7838,333.523,338.4952,343.6732,349.012,354.4638,359.9871,365.5503,348.33137913735465,371.86561772173377,729.7996,21.49039999999991,69.95409999999993,-22.9563
3538,3538,3538.0,3538.0,3538.0,8.0,,,,,,,,,,,,,,,,,,,,0.8,336.6394,325.8834,316.854,310.0877,305.816,303.9809,304.2999,306.3592,309.7064,313.9251,318.6788,323.7272,328.9196,334.1764,339.4657,344.7821,350.1311,355.5176,360.9414,366.3952,171.29866212793797,372.3606150414811,751.29,16.504999999999995,48.46370000000002,-9.01909999999998
3539,3539,3539.0,3539.0,3539.0,9.0,,,,,,,,,,,,,,,,,,,,0.9,195.3871,218.3926,239.3983,257.7792,273.2608,285.9053,296.0381,304.1438,310.7597,316.3902,321.4526,326.2558,331.0033,335.8121,340.7358,345.7873,350.9568,356.2235,361.5629,366.95,350.2996453695537,373.7393686772904,767.795,31.95870000000002,31.95870000000002,-27.09469999999999
3540,3540,3540.0,3540.0,0.0,,,,,,,,,,,,,,,,,,,,,0.0,273.0,273.0,273.0,273.0,273.0,273.0,273.0,273.0,273.0,273.0,273.0,273.0,273.0,273.0,273.0,273.0,273.0,273.0,273.0,273.0,372.2389961142005,374.1433512221069,0.0,368.4863,804.9534,14.084699999999998
3541,3541,3541.0,3541.0,1.0,,,,,,,,,,,,,,,,,,,,,0.1,355.327,339.1886,324.4928,311.7239,301.1431,292.7955,286.5565,282.2015,279.4816,278.1913,278.2174,279.5647,282.3558,286.805,293.1695,301.6803,312.4656,325.4803,340.4585,356.9067,370.3592927070623,374.1357783109666,368.4863,148.0435,436.4671,14.084699999999998
3542,3542,3542.0,3542.0,2.0,,,,,,,,,,,,,,,,,,,,,0.2,358.8498,347.6339,336.992,327.1791,318.4161,310.8849,304.7275,300.0483,296.9198,295.3881,295.4784,297.1976,300.5342,305.4547,311.8977,319.7666,328.9235,339.1855,350.3247,362.0738,261.7312209019256,372.9684442248714,516.5298,51.65570000000002,288.4236,14.084699999999998
3543,3543,3543.0,3543.0,3.0,,,,,,,,,,,,,,,,,,,,,0.3,271.3604,280.3498,288.1696,294.4848,299.1952,302.4277,304.489,305.7959,306.8018,307.9346,309.5542,311.9304,315.2379,319.5634,324.9172,331.2479,338.4557,346.404,354.9291,363.8487,372.66258873553056,375.5441110744552,568.1855,22.55719999999997,236.7679,14.084699999999998
3544,3544,3544.0,3544.0,4.0,,,,,,,,,,,,,,,,,,,,,0.4,359.9499,347.9567,337.3016,328.4263,321.5598,316.7284,313.8004,312.5486,312.7142,314.0562,316.3802,319.5482,323.4711,328.0943,333.3789,339.2853,345.7608,352.7318,360.1013,367.7506,275.4845744109058,374.85676271409096,590.7427,27.770399999999995,214.2107,14.084699999999998
3545,3545,3545.0,3545.0,5.0,,,,,,,,,,,,,,,,,,,,,0.5,283.9579,291.9435,299.0407,305.0014,309.7593,313.4198,316.2191,318.4661,320.4846,322.5665,324.9431,327.7739,331.149,335.1002,339.6138,344.6443,350.1254,355.977,362.1113,368.4362,374.27056726729273,372.51278858641433,618.5131,36.25459999999998,186.4403,14.084699999999998
3546,3546,3546.0,3546.0,6.0,,,,,,,,,,,,,,,,,,,,,0.6,363.3108,353.0091,343.931,336.4788,330.858,327.0847,325.025,324.4515,325.1007,326.7195,329.0929,332.055,335.486,339.302,343.4422,347.8582,352.5057,357.3409,362.3184,367.3916,273.90299585348305,272.99764846243687,654.7677,59.51599999999996,150.1857,14.084699999999998
3547,3547,3547.0,3547.0,7.0,,,,,,,,,,,,,,,,,,,,,0.7,284.2308,294.0131,302.7947,310.2779,316.3514,321.0767,324.6402,327.2857,329.2435,330.6708,331.6115,331.9789,331.5634,330.0636,327.1394,322.4814,315.888,307.3348,297.0197,285.3691,274.1298699514608,275.15955414511654,714.2837,27.86390000000005,90.66970000000003,14.084699999999998
3548,3548,3548.0,3548.0,8.0,,,,,,,,,,,,,,,,,,,,,0.8,281.2026,288.1008,294.6594,300.7314,306.193,310.9452,314.9122,318.0369,320.2753,321.5907,321.9511,321.3277,319.6983,317.0533,313.4031,308.787,303.2793,296.9939,290.0833,282.7344,262.1183722494636,352.4282684313067,742.1476,34.861099999999965,62.80579999999998,14.084699999999998
3549,3549,3549.0,3549.0,9.0,,,,,,,,,,,,,,,,,,,,,0.9,269.7106,277.0915,284.0661,290.4696,296.1764,301.1046,305.2166,308.5197,311.0666,312.9588,314.3511,315.4546,316.5338,317.8929,319.8482,322.6865,326.6152,331.7141,337.9027,344.9351,373.3020557701394,374.8255214789039,777.0087,27.94470000000001,27.94470000000001,14.084699999999998
3550,3550,3550.0,3550.0,0.0,,,,,,,,,,,,,,,,,,,,,0.0,273.0,273.0,273.0,273.0,273.0,273.0,273.0,273.0,273.0,273.0,273.0,273.0,273.0,273.0,273.0,273.0,273.0,273.0,273.0,273.0,371.4617017397155,372.77651158904695,0.0,369.1321,826.821,13.42270000000002
3551,3551,3551.0,3551.0,1.0,,,,,,,,,,,,,,,,,,,,,0.1,354.6822,338.6701,324.0893,311.4204,300.9222,292.6396,286.4486,282.1261,279.4246,278.1396,278.1577,279.4821,282.2326,286.6202,292.8978,301.2931,311.9325,324.7711,339.5469,355.7729,374.410269282602,373.5154302407488,369.1321,150.59160000000003,457.6889000000001,13.42270000000002
3552,3552,3552.0,3552.0,2.0,,,,,,,,,,,,,,,,,,,,,0.2,362.1695,350.2574,338.9842,328.6258,319.4135,311.5287,305.1044,300.2305,296.9627,295.3304,295.3447,297.0016,300.2824,305.1495,311.5401,319.3579,328.466,338.6825,349.7798,361.4903,261.9409215809863,370.5243454330852,519.7237,53.7835,307.0973,13.42270000000002
3553,3553,3553.0,3553.0,3.0,,,,,,,,,,,,,,,,,,,,,0.3,271.7099,280.8207,288.7287,295.0893,299.7995,302.9892,304.9728,306.1763,307.0623,308.0656,309.5494,311.7835,314.9391,319.0967,324.2599,330.3706,337.3244,344.9838,353.1882,361.7628,371.0999831731394,373.5687498668362,573.5072,23.20169999999996,253.3138,13.42270000000002
3554,3554,3554.0,3554.0,4.0,,,,,,,,,,,,,,,,,,,,,0.4,358.7267,347.0541,336.6841,328.0457,321.3604,316.652,313.7903,312.553,312.6879,313.9607,316.1842,319.2259,323.0022,327.4626,332.5719,338.2938,344.5781,351.3537,358.5252,365.9751,272.50916444489764,371.1175572709689,596.7089,26.42070000000001,230.11210000000003,13.42270000000002
3555,3555,3555.0,3555.0,5.0,,,,,,,,,,,,,,,,,,,,,0.5,281.4342,289.8527,297.3472,303.6562,308.7045,312.593,315.5571,317.908,319.9729,322.0478,324.3673,327.0928,330.3151,334.0649,338.327,343.0551,348.1831,353.6344,359.3281,365.1828,374.9392924827346,370.1050078635325,623.1296,32.82040000000006,203.69140000000004,13.42270000000002
3556,3556,3556.0,3556.0,6.0,,,,,,,,,,,,,,,,,,,,,0.6,363.6728,353.0839,343.7537,336.0942,330.3133,326.4227,324.2785,323.6405,324.2322,325.7887,328.0863,330.954,334.2707,337.9543,341.9482,346.2095,350.6995,355.3785,360.2039,365.1291,270.233634471433,271.30105130321056,655.95,54.77019999999993,170.87099999999998,13.42270000000002
3557,3557,3557.0,3557.0,7.0,,,,,,,,,,,,,,,,,,,,,0.7,281.0958,291.383,300.6147,308.4751,314.8439,319.7819,323.482,326.1987,328.1753,329.582,330.4742,330.7754,330.2842,328.7061,325.7063,320.9798,314.3279,305.7273,295.3754,283.6964,273.67838911795803,271.9639502557211,710.7202,27.63390000000004,116.10080000000004,13.42270000000002
3558,3558,3558.0,3558.0,8.0,,,,,,,,,,,,,,,,,,,,,0.8,280.5511,287.2639,293.6639,299.6113,304.984,309.6796,313.6146,316.7223,318.9486,320.2477,320.5791,319.9076,318.2057,315.4592,311.6751,306.8901,301.1781,294.6545,287.4767,279.839,357.9619397446755,371.7301389035988,738.3541,51.00879999999995,88.46690000000001,13.42270000000002
3559,3559,3559.0,3559.0,9.0,,,,,,,,,,,,,,,,,,,,,0.9,349.0183,340.6156,333.2085,327.0999,322.4108,319.0886,316.9487,315.736,315.1923,315.1161,315.4068,316.0888,317.3116,319.3266,322.4406,326.9505,333.0684,340.852,350.1569,360.6271,284.86610976525435,374.10903178758986,789.3629,37.45810000000006,37.45810000000006,13.42270000000002
3560,3560,3560.0,3560.0,0.0,,,,,,,,,,,,,,,,,,,,,0.0,273.0,273.0,273.0,273.0,273.0,273.0,273.0,273.0,273.0,273.0,273.0,273.0,273.0,273.0,273.0,273.0,273.0,273.0,273.0,273.0,372.0229337918239,375.4211701096754,0.0,368.0459,812.3286,14.610000000000014
3561,3561,3561.0,3561.0,1.0,,,,,,,,,,,,,,,,,,,,,0.1,355.1478,339.0446,324.3809,311.6401,301.0829,292.7547,286.5315,282.1901,279.4835,278.2086,278.2552,279.6319,282.4654,286.975,293.4221,302.0415,312.9637,326.1431,341.3106,357.9668,374.3091968278511,375.69529618540525,368.0459,146.8395,444.2827,14.610000000000014
3562,3562,3562.0,3562.0,2.0,,,,,,,,,,,,,,,,,,,,,0.2,362.1178,350.2523,339.0209,328.6987,319.5176,311.6613,305.2658,300.4255,297.2003,295.6241,295.7118,297.4624,300.8591,305.8651,312.4172,320.4175,329.7266,340.1592,351.4845,363.4306,264.0510530420555,372.5165742096759,514.8854,51.10919999999999,297.44320000000005,14.610000000000014
3563,3563,3563.0,3563.0,3.0,,,,,,,,,,,,,,,,,,,,,0.3,273.4851,282.2785,289.9022,296.0227,300.5438,303.5971,305.4949,306.6585,307.5445,308.5816,310.1274,312.447,315.7077,319.9868,325.285,331.5417,338.6502,346.4709,354.8412,363.5847,373.7141106910152,371.3655756353402,565.9946,22.70079999999996,246.3340000000001,14.610000000000014
3564,3564,3564.0,3564.0,4.0,,,,,,,,,,,,,,,,,,,,,0.4,361.0374,349.0723,338.4305,329.5489,322.6549,317.7749,314.7787,313.4412,313.5046,314.7261,316.907,319.901,323.6079,327.9594,332.9027,338.3866,344.3516,350.7249,357.4195,364.3359,279.1209576187227,375.54842356692825,588.6954,31.382600000000025,223.6332000000001,14.610000000000014
3565,3565,3565.0,3565.0,5.0,,,,,,,,,,,,,,,,,,,,,0.5,287.1378,294.6836,301.3716,306.963,311.3953,314.7722,317.3239,319.3513,321.1699,323.0655,325.2667,327.935,331.1673,335.0061,339.4509,344.4695,350.0048,355.9802,362.3022,368.864,372.1880843666299,372.01509840693785,620.078,39.04870000000005,192.25060000000008,14.610000000000014
3566,3566,3566.0,3566.0,6.0,,,,,,,,,,,,,,,,,,,,,0.6,361.8448,352.1206,343.5476,336.5046,331.1863,327.61,325.6526,325.1039,325.7204,327.268,329.5482,332.4078,335.7352,339.451,343.4957,347.8199,352.3777,357.1229,362.009,366.9887,270.48692909337973,273.4841893937638,659.1267,59.84759999999994,153.20190000000002,14.610000000000014
3567,3567,3567.0,3567.0,7.0,,,,,,,,,,,,,,,,,,,,,0.7,281.4197,291.784,301.104,309.0658,315.5474,320.6057,324.4277,327.2625,329.3487,330.8542,331.8343,332.2141,331.7954,330.2871,327.358,322.706,316.1342,307.6202,297.3611,285.7796,271.28637710626555,271.2057777485369,718.9743,26.23900000000004,93.35430000000008,14.610000000000014
3568,3568,3568.0,3568.0,8.0,,,,,,,,,,,,,,,,,,,,,0.8,278.7046,285.9427,292.8303,299.215,304.9673,309.9833,314.1824,317.5029,319.8966,321.3222,321.7419,321.1195,319.4238,316.6343,312.7511,307.8043,301.8646,295.0491,287.5226,279.4942,272.9156678493788,351.2198162162736,745.2133,36.78509999999994,67.11530000000005,14.610000000000014
3569,3569,3569.0,3569.0,9.0,,,,,,,,,,,,,,,,,,,,,0.9,278.4703,283.9145,289.1394,294.0411,298.5232,302.5025,305.9154,308.7264,310.9392,312.6069,313.8433,314.8284,315.8062,317.0709,318.9362,321.6914,325.5484,330.5909,336.7394,343.7453,371.6911141760334,374.689108939085,781.9984,30.330200000000104,30.330200000000104,14.610000000000014
3570,3570,3570.0,3570.0,0.0,,,,,,,,,,,,,,,,,,,,,0.0,273.0,273.0,273.0,273.0,273.0,273.0,273.0,273.0,273.0,273.0,273.0,273.0,273.0,273.0,273.0,273.0,273.0,273.0,273.0,273.0,374.75752782365873,370.0276683222993,0.0,369.6265,819.6601,13.914600000000007
3571,3571,3571.0,3571.0,1.0,,,,,,,,,,,,,,,,,,,,,0.1,357.4162,340.8679,325.7985,312.7043,301.8523,293.2877,286.8803,282.3963,279.5744,278.1953,278.1304,279.3679,282.0131,286.2631,292.3587,300.5181,310.862,323.3458,337.7139,353.4926,373.9727479081864,375.02950404697856,369.6265,153.22009999999997,450.0336,13.914600000000007
3572,3572,3572.0,3572.0,2.0,,,,,,,,,,,,,,,,,,,,,0.2,361.9655,350.2663,339.1677,328.9343,319.7924,311.9254,305.4733,300.5365,297.1824,295.4532,295.3722,296.948,300.175,305.0288,311.4596,319.3822,328.6667,339.1317,350.5424,362.6153,260.4441854668559,372.69955577476543,522.8466,53.81310000000008,296.8135000000001,13.914600000000007
3573,3573,3573.0,3573.0,3.0,,,,,,,,,,,,,,,,,,,,,0.3,270.5076,279.8989,288.0616,294.6421,299.5323,302.8616,304.9476,306.2229,307.1591,308.2012,309.7238,312.0076,315.2343,319.4935,324.7959,331.0878,338.2664,346.1915,354.6968,363.598,372.8839468566195,375.7053345286648,576.6597,22.760899999999992,243.0004,13.914600000000007
3574,3574,3574.0,3574.0,4.0,,,,,,,,,,,,,,,,,,,,,0.4,360.159,348.1559,337.4947,328.6172,321.7511,316.9204,313.9904,312.7318,312.8843,314.2067,316.506,319.6465,323.5426,328.1429,333.4122,339.3134,345.7954,352.785,360.1837,367.8702,274.3815081202084,370.21574366591375,599.4206,27.534999999999968,220.2395,13.914600000000007
3575,3575,3575.0,3575.0,5.0,,,,,,,,,,,,,,,,,,,,,0.5,283.0736,291.2675,298.5533,304.6762,309.5658,313.3262,316.1941,318.4794,320.5065,322.5658,324.8841,327.6131,330.8316,334.5572,338.7618,343.3876,348.3611,353.6036,359.039,364.5976,374.3568155597793,375.66292682814856,626.9556,35.64610000000005,192.70450000000005,13.914600000000007
3576,3576,3576.0,3576.0,6.0,,,,,,,,,,,,,,,,,,,,,0.6,363.3387,352.9829,343.8579,336.3671,330.7149,326.9146,324.8284,324.2252,324.8403,326.422,328.7623,331.7077,335.1565,339.0479,343.3458,348.0247,353.0562,358.4004,364.0009,369.7843,271.6058411767316,270.4136570130062,662.6017,57.92679999999996,157.0584,13.914600000000007
3577,3577,3577.0,3577.0,7.0,,,,,,,,,,,,,,,,,,,,,0.7,282.2989,292.4289,301.5255,309.2806,315.5778,320.4792,324.1758,326.9183,328.9449,330.4186,331.3859,331.7583,331.3193,329.7566,326.7161,321.8751,315.022,306.1295,295.4023,283.2836,275.000035589082,270.11196553289744,720.5285,28.05369999999993,99.13160000000003,13.914600000000007
3578,3578,3578.0,3578.0,8.0,,,,,,,,,,,,,,,,,,,,,0.8,281.7882,288.4199,294.7456,300.628,305.9461,310.5978,314.4983,317.5779,319.7776,321.0451,321.3323,320.595,318.7962,315.9128,311.944,306.9215,300.9175,294.05,286.4838,278.4252,269.4361991054431,351.0698140389314,748.5822,39.38020000000006,71.07790000000011,13.914600000000007
3579,3579,3579.0,3579.0,9.0,,,,,,,,,,,,,,,,,,,,,0.9,275.7415,281.8892,287.7306,293.1341,297.9909,302.2199,305.7714,308.6313,310.8272,312.4363,313.5929,314.4939,315.3964,316.6038,318.4363,321.1869,325.0687,330.1641,336.3898,343.4908,375.3533453190342,371.05325919698674,787.9624,31.69770000000005,31.69770000000005,13.914600000000007
3580,3580,3580.0,3580.0,0.0,,,,,,,,,,,,,,,,,,,,,0.0,273.0,273.0,273.0,273.0,273.0,273.0,273.0,273.0,273.0,273.0,273.0,273.0,273.0,273.0,273.0,273.0,273.0,273.0,273.0,273.0,374.6189241028411,371.11126632929273,0.0,369.2362,822.1811,13.646000000000017
3581,3581,3581.0,3581.0,1.0,,,,,,,,,,,,,,,,,,,,,0.1,357.3012,340.7756,325.7268,312.6506,301.8139,293.2619,286.8651,282.3905,279.5785,278.2115,278.1633,279.4253,282.1063,286.4074,292.573,300.8244,311.2844,323.9079,338.4366,354.3915,370.4372627394848,371.96776380864327,369.2362,151.9151,452.9449,13.646000000000017
3582,3582,3582.0,3582.0,2.0,,,,,,,,,,,,,,,,,,,,,0.2,359.0274,347.8991,337.322,327.5441,318.7833,311.2217,305.0041,300.2394,297.004,295.3477,295.2979,296.8628,300.0318,304.772,311.023,318.6898,327.6366,337.6825,348.6018,360.1288,265.0163499227368,371.43581045242615,521.1513,54.8347,301.0298,13.646000000000017
3583,3583,3583.0,3583.0,3.0,,,,,,,,,,,,,,,,,,,,,0.3,274.1229,282.6102,289.966,295.8673,300.2193,303.1478,304.9534,306.0436,306.8615,307.8254,309.2878,311.5133,314.6742,318.8564,324.0713,330.2691,337.3515,345.1827,353.5987,362.4155,370.4802471289861,373.72077316343126,575.986,23.549300000000017,246.1951,13.646000000000017
3584,3584,3584.0,3584.0,4.0,,,,,,,,,,,,,,,,,,,,,0.4,358.3011,346.8055,336.5815,328.0493,321.4282,316.7454,313.8788,312.6165,312.7167,313.9546,316.1498,319.1742,322.9459,327.4139,332.5411,338.2884,344.6029,351.4105,358.6143,366.0959,275.9232308326221,374.41996723757313,599.5353,27.49770000000001,222.6458,13.646000000000017
3585,3585,3585.0,3585.0,5.0,,,,,,,,,,,,,,,,,,,,,0.5,284.2632,292.1241,299.1118,304.9818,309.6674,313.2706,316.0217,318.2234,320.1942,322.2228,324.5399,327.3073,330.6195,334.5143,338.9849,343.9918,349.4728,355.3496,361.5323,367.9234,372.8839414035233,370.7125253806888,627.033,34.61289999999997,195.1481,13.646000000000017
3586,3586,3586.0,3586.0,6.0,,,,,,,,,,,,,,,,,,,,,0.6,362.1418,352.0451,343.1485,335.8464,330.3403,326.646,324.6321,324.0757,324.7184,326.3116,328.6437,331.5504,334.912,338.643,342.6803,346.9727,351.4745,356.1419,360.9317,365.8022,272.8420687739561,271.61754079851374,661.6459,56.44730000000004,160.53520000000003,13.646000000000017
3587,3587,3587.0,3587.0,7.0,,,,,,,,,,,,,,,,,,,,,0.7,283.2511,293.1124,301.9687,309.5199,315.6525,320.4258,324.0243,326.6901,328.6524,330.0684,330.982,331.3078,330.8377,329.2722,326.2736,321.535,314.857,306.2171,295.8145,284.0764,272.0794027057713,272.154369212405,718.0932,27.923299999999927,104.0879,13.646000000000017
3588,3588,3588.0,3588.0,8.0,,,,,,,,,,,,,,,,,,,,,0.8,279.3795,286.4953,293.2535,299.5004,305.108,309.9754,314.0268,317.206,319.4705,320.7847,321.1166,320.4362,318.719,315.9519,312.1418,307.3249,301.5746,295.0064,287.7782,280.0861,285.7269537132325,345.516740832344,746.0165,39.53550000000007,76.16460000000006,13.646000000000017
3589,3589,3589.0,3589.0,9.0,,,,,,,,,,,,,,,,,,,,,0.9,289.1039,292.4644,295.781,299.0085,302.082,304.9223,307.4472,309.5869,311.3017,312.5989,313.5468,314.2825,315.0103,315.9876,317.4959,319.7986,323.091,327.4525,332.8144,338.9531,374.609506893226,371.3545782470644,785.552,36.6291,36.6291,13.646000000000017
3590,3590,3590.0,3590.0,0.0,,,,,,,,,,,,,,,,,,,,,0.0,273.0,273.0,273.0,273.0,273.0,273.0,273.0,273.0,273.0,273.0,273.0,273.0,273.0,273.0,273.0,273.0,273.0,273.0,273.0,273.0,370.78662018504826,374.83115399732907,0.0,368.4779,809.0465,13.923699999999997
3591,3591,3591.0,3591.0,1.0,,,,,,,,,,,,,,,,,,,,,0.1,354.1222,338.2201,323.7395,311.1579,300.7328,292.5091,286.3647,282.0794,279.41,278.1567,278.2122,279.5866,282.407,286.8925,293.3034,301.8737,312.7333,325.8368,340.9171,357.4773,370.8420252609988,372.47055186697946,368.4779,147.80960000000005,440.56860000000006,13.923699999999997
3592,3592,3592.0,3592.0,2.0,,,,,,,,,,,,,,,,,,,,,0.2,359.1793,347.8214,337.0581,327.1507,318.3226,310.7546,304.5844,299.9103,296.7976,295.2847,295.3887,297.1086,300.4246,305.2949,311.6502,319.3877,328.3658,338.402,349.2738,360.7242,261.48863609303004,372.56989694744914,516.2875,52.56679999999994,292.759,13.923699999999997
3593,3593,3593.0,3593.0,3.0,,,,,,,,,,,,,,,,,,,,,0.3,271.152,280.1726,288.0185,294.353,299.075,302.3116,304.3698,305.6669,306.6566,307.7674,309.3596,311.7036,314.9758,319.2648,324.5836,330.8838,338.0684,346.0024,354.5223,363.444,371.5220592347703,373.935392076096,568.8543,22.648500000000013,240.19220000000007,13.923699999999997
3594,3594,3594.0,3594.0,4.0,,,,,,,,,,,,,,,,,,,,,0.4,358.9785,347.1465,336.6375,327.8878,321.1235,316.37,313.4962,312.277,312.4558,313.7934,316.0966,319.2274,323.0957,327.6445,332.8326,338.618,344.9468,351.746,358.9218,366.3608,276.7743629981363,374.5272892907349,591.5028,27.05330000000004,217.5437000000001,13.923699999999997
3595,3595,3595.0,3595.0,5.0,,,,,,,,,,,,,,,,,,,,,0.5,284.9479,292.6491,299.4904,305.2326,309.8131,313.336,316.0324,318.2038,320.166,322.2037,324.5429,327.3403,330.6856,334.6118,339.1084,344.1336,349.6234,355.4996,361.6734,368.0493,373.7655621220144,375.0935206353912,618.5561,35.98559999999998,190.4904,13.923699999999997
3596,3596,3596.0,3596.0,6.0,,,,,,,,,,,,,,,,,,,,,0.6,362.9036,352.6906,343.6847,336.2831,330.6901,326.9237,324.8546,324.262,324.8907,326.4962,328.8731,331.8659,335.3656,339.2993,343.6166,348.2773,353.2411,358.4626,363.8878,369.4544,275.32117895746865,273.82027667791004,654.5417,59.27909999999997,154.50480000000005,13.923699999999997
3597,3597,3597.0,3597.0,7.0,,,,,,,,,,,,,,,,,,,,,0.7,285.3723,294.8914,303.435,310.7141,316.6225,321.2233,324.7018,327.2987,329.2408,330.6812,331.66,332.0865,331.7467,330.3341,327.5031,322.9388,316.4346,307.9625,297.7193,286.1326,270.77911751580524,270.8720338757987,713.8208,27.880700000000047,95.22570000000007,13.923699999999997
3598,3598,3598.0,3598.0,8.0,,,,,,,,,,,,,,,,,,,,,0.8,278.4787,285.9721,293.0672,299.5984,305.4329,310.4724,314.6485,317.9154,320.2404,321.5951,321.9505,321.2746,319.5357,316.7101,312.7925,307.8078,301.8216,294.9481,287.3523,279.2448,268.3313366460073,350.9663555620531,741.7015,36.652900000000045,67.34500000000003,13.923699999999997
3599,3599,3599.0,3599.0,9.0,,,,,,,,,,,,,,,,,,,,,0.9,274.7213,280.9627,286.9137,292.4459,297.4497,301.839,305.5569,308.5808,310.9305,312.6761,313.9468,314.9354,315.8966,317.1314,318.959,321.6719,325.4839,330.48,336.5812,343.5396,375.94890877063057,371.1401984213966,778.3544,30.692099999999986,30.692099999999986,13.923699999999997
